,y_proba,y_test,Neg,Pos,TN,FP,FN,TP,FP/P,Prec
0,0.1071299881513591,33,666,33,666,604944,33,107923,5.603616288117381,0.15139289657116967
1,0.1071646893673425,17,408,17,1074,604536,50,107906,5.599836970617659,0.15145934686613086
2,0.1074139567433915,0,17,0,1091,604519,50,107906,5.599679499055171,0.15146296101344
3,0.1075916057758192,28,734,28,1825,603785,78,107878,5.592880432768906,0.1515857927136861
4,0.10764462945273,23,430,23,2255,603355,101,107855,5.5888973285412575,0.15165000492119066
5,0.1077934659971298,9,91,9,2346,603264,110,107846,5.58805439253029,0.15165867446667886
6,0.1078281672131132,3,54,3,2400,603210,113,107843,5.587554188743562,0.15166661275601115
7,0.1078456606392278,15,339,15,2739,602871,128,107828,5.584414020526881,0.1517210520909696
8,0.1079618673605477,16,342,16,3081,602529,144,107812,5.581246063210938,0.1517749925739891
9,0.1080293918411728,14,396,14,3477,602133,158,107798,5.577577902108266,0.15184292558009158
10,0.1081047350582747,1,10,1,3487,602123,159,107797,5.577485271777391,0.15184386973180078
11,0.1081958063692003,25,751,25,4238,601372,184,107772,5.570528733928637,0.15197477522195774
12,0.108234277205193,17,437,17,4675,600935,201,107755,5.566480788469376,0.15204814516925594
13,0.1082823840907024,4,318,4,4993,600617,205,107751,5.563535143947534,0.15211161430217063
14,0.1084557634992534,3,61,3,5054,600556,208,107748,5.562970098929194,0.15212112313356976
15,0.1085719702205733,4,51,4,5105,600505,212,107744,5.562497684241728,0.1521272885665917
16,0.108596368307541,4,189,4,5294,600316,216,107740,5.5607469709881805,0.15216310574304856
17,0.1086394947011983,2,64,2,5358,600252,218,107738,5.560154136870577,0.15217446574104154
18,0.1086590682850057,3,294,3,5652,599958,221,107735,5.557430805142836,0.15223409020578133
19,0.1087947267409465,2,147,2,5799,599811,223,107733,5.556069139278965,0.1522633221396832
20,0.108844619440537,7,327,7,6126,599484,230,107726,5.553040127459336,0.15232533476619392
21,0.1088830902765296,6,184,6,6310,599300,236,107720,5.5513357293712255,0.15235778337246472
22,0.1089109334622665,9,159,9,6469,599141,245,107711,5.549862907110304,0.1523812622727247
23,0.1089185757310746,5,140,5,6609,599001,250,107706,5.548566082478047,0.1524054523303151
24,0.1089267295755857,13,303,13,6912,598698,263,107693,5.545759383452518,0.15245522663793848
25,0.1089784579428915,4,145,4,7057,598553,267,107689,5.5444162436548226,0.1524817272266447
26,0.1090395920328989,12,349,12,7406,598204,279,107677,5.541183445107266,0.15254270904019232
27,0.1090842629862157,9,345,9,7751,597859,288,107668,5.53798769869206,0.1526064913178376
28,0.1091239942452622,5,128,5,7879,597731,293,107663,5.536802030456853,0.1526281765935066
29,0.1092368567025754,8,153,8,8032,597578,301,107655,5.535384786394457,0.1526516768217029
30,0.1093225461307765,3,44,3,8076,597534,304,107652,5.534977212938605,0.15265759671916346
31,0.1094048296009721,0,31,0,8107,597503,304,107652,5.53469005891289,0.15266430784721088
32,0.109521036322292,3,26,3,8133,597477,307,107649,5.534449220052614,0.1526663319747109
33,0.1095214508883416,5,148,5,8281,597329,312,107644,5.533078291155656,0.15269237261568883
34,0.1095658837515939,7,62,7,8343,597267,319,107637,5.5325039831042275,0.15269738858057266
35,0.1095820535768453,2,44,2,8387,597223,321,107635,5.532096409648375,0.15270451637067325
36,0.109588560802917,3,32,3,8419,597191,324,107632,5.5317999925895736,0.15270784296199189
37,0.1096787462089071,3,45,3,8464,597146,327,107629,5.531383156100634,0.15271398673335462
38,0.109723417162224,1,69,1,8533,597077,328,107628,5.530744006817592,0.15272773713823515
39,0.1097631484212705,1,28,1,8561,597049,329,107627,5.530484641891141,0.1527326033524627
40,0.1098760108785837,4,22,4,8583,597027,333,107623,5.530280855163214,0.15273256226495424
41,0.1101606050643499,1,31,1,8614,596996,334,107622,5.5299937011375,0.15273807935647402
42,0.1105007456370607,28,420,28,9034,596576,362,107594,5.5261032272407276,0.15279548972549242
43,0.1105033189904481,23,481,23,9515,596095,385,107571,5.521647708325614,0.15287224336546032
44,0.110535446853044,13,195,13,9710,595900,398,107558,5.5198414168735415,0.15289896482803522
45,0.1106125448274997,5,82,5,9792,595818,403,107553,5.519081848160361,0.15291076828586905
46,0.1106190459393734,0,16,0,9808,595802,403,107553,5.518933639630961,0.1529142467175182
47,0.110647246043483,2,27,2,9835,595775,405,107551,5.518683537737597,0.15291770814672
48,0.1106508467825209,7,215,7,10050,595560,412,107544,5.516691985623773,0.1529560349535773
49,0.1106855479985043,18,351,18,10401,595209,430,107526,5.5134406610100415,0.15301073662191295
50,0.1107249561797448,10,160,10,10561,595049,440,107516,5.511958575716032,0.15303352714695437
51,0.1107596573957281,1,85,1,10646,594964,441,107515,5.51117121790359,0.15305083853040446
52,0.110766847868029,0,22,0,10668,594942,441,107515,5.510967431175664,0.15305563187497598
53,0.1107966949718011,26,532,26,11200,594410,467,107489,5.506039497573085,0.15314026661955638
54,0.1108654884925523,1,16,1,11216,594394,468,107488,5.505891289043684,0.15314255102709573
55,0.1109170657328,0,14,0,11230,594380,468,107488,5.505761606580458,0.1531456057264329
56,0.1109444969004567,23,522,23,11752,593858,491,107465,5.500926303308756,0.15323182043081432
57,0.1109937253881877,48,1166,48,12918,592692,539,107417,5.490125606728667,0.15342896606099907
58,0.1109963111957742,16,353,16,13271,592339,555,107401,5.486855756048761,0.15348700946065683
59,0.1109975205773675,16,242,16,13513,592097,571,107385,5.484614102041572,0.15352074821081887
60,0.1110284266041711,28,620,28,14133,591477,599,107357,5.478871021527289,0.15362303494105897
61,0.1110431375249799,11,208,11,14341,591269,610,107346,5.476944310645077,0.1536554468484072
62,0.1110947147652277,16,253,16,14594,591016,626,107330,5.474600763273926,0.1536917230140933
63,0.1110961612018908,11,106,11,14700,590910,637,107319,5.473618881766646,0.15370172250078412
64,0.1111021928877675,8,220,8,14920,590690,645,107311,5.471581014487383,0.1537404674205338
65,0.1111477384421386,5,114,5,15034,590576,650,107306,5.470525028715403,0.1537595180847192
66,0.1111702082252624,1,74,1,15108,590502,651,107305,5.469839564266923,0.15377461103141699
67,0.1112183996090874,13,265,13,15373,590237,664,107292,5.467384860498722,0.1538172606443603
68,0.1112321949073966,69,1367,69,16740,588870,733,107223,5.454722294268035,0.15403545215940972
69,0.1112584859190014,2,53,2,16793,588817,735,107221,5.454231353514395,0.1540447504302926
70,0.1112852185843075,42,774,42,17567,588043,777,107179,5.447061765904627,0.1541651443711505
71,0.1112864149465823,2,93,2,17660,587950,779,107177,5.446200303827485,0.15418333628243472
72,0.1113098242542566,1,17,1,17677,587933,780,107176,5.446042832264997,0.1541858902704468
73,0.1113539394272074,4,96,4,17773,587837,784,107172,5.445153581088592,0.15420231968219117
74,0.1113746926403213,0,75,0,17848,587762,784,107172,5.444458853607025,0.15421896180068898
75,0.1113884340255155,1,25,1,17873,587737,785,107171,5.444227277779836,0.15422329286754505
76,0.1113928734451739,25,332,25,18205,587405,810,107146,5.441151950794768,0.15426656933760083
77,0.1113977495909874,5,49,5,18254,587356,815,107141,5.440698062173478,0.15427136474311623
78,0.1114127275079544,14,270,14,18524,587086,829,107127,5.438197043239838,0.15431430987319453
79,0.1114130554554363,7,217,7,18741,586869,836,107120,5.436186965059839,0.15435403154805047
80,0.1114231352414989,4,18,4,18759,586851,840,107116,5.436020230464263,0.1543531608851718
81,0.1114576261829122,1,10,1,18769,586841,841,107115,5.435927600133388,0.1543541665465822
82,0.1114622677414486,26,531,26,19300,586310,867,107089,5.431008929563896,0.15444066114892002
83,0.1114849425402606,3,86,3,19386,586224,870,107086,5.4302123087183665,0.15445615958229364
84,0.1114874732866843,10,257,10,19643,585967,880,107076,5.427831709214865,0.15450123585405234
85,0.1115090801664938,20,326,20,19969,585641,900,107056,5.424811960428323,0.1545495360886506
86,0.1115121548857341,3,57,3,20026,585584,903,107053,5.424283967542332,0.15455859274049755
87,0.1115139563123073,3,40,3,20066,585544,906,107050,5.42391344621883,0.15456385703601244
88,0.1115147282391215,3,83,3,20149,585461,909,107047,5.423144614472563,0.15457871966822043
89,0.1115259179127495,8,265,8,20414,585196,917,107039,5.420689910704361,0.1546281248419973
90,0.1115468561017174,4,26,4,20440,585170,921,107035,5.420449071844085,0.1546290477531945
91,0.1115766046471189,21,348,21,20788,584822,942,107014,5.417225536329616,0.15468116721303893
92,0.1115784744627685,29,567,29,21355,584255,971,106985,5.411973396568973,0.15477258260517332
93,0.1115814807929324,4,43,4,21398,584212,975,106981,5.4115750861462075,0.15477731979345855
94,0.1115978049975738,7,125,7,21523,584087,982,106974,5.410417207010264,0.15479675455567599
95,0.1116078440476832,1,2,1,21525,584085,983,106973,5.4103986809440885,0.15479597949810292
96,0.1116085379428215,13,224,13,21749,583861,996,106960,5.408323761532476,0.15483026717485426
97,0.1116103201251129,2,137,2,21886,583724,998,106958,5.4070547259994814,0.15485853113299608
98,0.1116239540761731,0,7,0,21893,583717,998,106958,5.406989884767868,0.154860100626199
99,0.1116352752153399,11,193,11,22086,583524,1009,106947,5.40520211938197,0.1548899229656278
100,0.1116424759508906,6,91,6,22177,583433,1015,106941,5.404359183371003,0.15490299460871934
101,0.1116459989433935,32,611,32,22788,582822,1047,106909,5.398699470154507,0.15500100763921007
102,0.1116470087788141,4,118,4,22906,582704,1051,106905,5.397606432250176,0.1550226287649958
103,0.1116514406070292,3,43,3,22949,582661,1054,106902,5.397208121827411,0.1550286195750062
104,0.1116572032339585,15,238,15,23187,582423,1069,106887,5.395003519952573,0.1550637594115855
105,0.1116586552921564,0,8,0,23195,582415,1069,106887,5.394929415687873,0.15506555907280117
106,0.1116622560311943,2,39,2,23234,582376,1071,106885,5.394568157397458,0.1550718813337763
107,0.1116635555896653,2,85,2,23319,582291,1073,106883,5.393780799585016,0.15508855528502236
108,0.1116919044499419,6,149,6,23468,582142,1079,106877,5.39240060765497,0.155114735587843
109,0.1116969572471777,11,82,11,23550,582060,1090,106866,5.391641038941791,0.1551197080673396
110,0.1116993955239513,17,288,17,23838,581772,1107,106849,5.388973285412575,0.15516372576497087
111,0.1117160056899468,18,359,18,24197,581413,1125,106831,5.385647856534144,0.1552225664153992
112,0.1117231825824261,6,150,6,24347,581263,1131,106825,5.38425840157101,0.15524903791375522
113,0.1117643030643424,4,28,4,24375,581235,1135,106821,5.383999036644559,0.1552504447312428
114,0.111780311085288,0,19,0,24394,581216,1135,106821,5.383823039015895,0.1552547319402881
115,0.1117805580782046,23,530,23,24924,580686,1158,106798,5.378913631479492,0.15534616078337823
116,0.1117854930801109,11,102,11,25026,580584,1169,106787,5.3779688021045615,0.15535569583238165
117,0.1118089740176593,1,26,1,25052,580558,1170,106786,5.3777279632442845,0.15536034358341674
118,0.11182886814726,11,344,11,25396,580214,1181,106775,5.374541479862166,0.1554246137856647
119,0.1118487052767058,0,12,0,25408,580202,1181,106775,5.374430323465115,0.15542732871697307
120,0.1118685887790269,0,11,0,25419,580191,1181,106775,5.374328430101152,0.15542981748732834
121,0.1118735391005768,12,334,12,25753,579857,1193,106763,5.3712345770499095,0.1554906644140864
122,0.1118934205355178,30,581,30,26334,579276,1223,106733,5.36585275482604,0.1555854223486864
123,0.1118965178066079,1,10,1,26344,579266,1224,106732,5.365760124495164,0.1555864594357418
124,0.1118969007888971,0,7,0,26351,579259,1224,106732,5.365695283263552,0.15558804707350388
125,0.1118973472290011,59,1289,59,27640,577970,1283,106673,5.353755233613694,0.15580820953401991
126,0.1119132703596233,4,128,4,27768,577842,1287,106669,5.352569565378488,0.15583241175087034
127,0.1119358180649937,42,758,42,28526,577084,1329,106627,5.345548186298122,0.1559533194580751
128,0.1119380914888346,37,642,37,29168,576442,1366,106590,5.3396013190559115,0.15605418194169526
129,0.1119480500505851,6,169,6,29337,576273,1372,106584,5.338035866464115,0.1560853883023825
130,0.1119492594321784,3,109,3,29446,576164,1375,106581,5.337026195857572,0.1561065990962951
131,0.111961567734019,4,15,4,29461,576149,1379,106577,5.336887250361258,0.15610508461666905
132,0.1119637003353797,34,571,34,30032,575578,1413,106543,5.3315980584682645,0.15619369583988765
133,0.1119640422872329,1,23,1,30055,575555,1414,106542,5.331385008707251,0.15619772554343445
134,0.1119847955003468,0,15,0,30070,575540,1414,106542,5.331246063210938,0.15620116056427233
135,0.1120261328169366,5,142,5,30212,575398,1419,106537,5.329930712512505,0.15622749968838673
136,0.1120298257707073,10,186,10,30398,575212,1429,106527,5.32820778835822,0.15625774673298726
137,0.1120323991240948,9,241,9,30639,574971,1438,106518,5.325975397384119,0.15630186253923395
138,0.1120512589894862,6,135,6,30774,574836,1444,106512,5.3247248879172995,0.15632540199721728
139,0.1120723706014741,10,110,10,30884,574726,1454,106502,5.323705954277669,0.15633825973095644
140,0.1120745498213248,7,85,7,30969,574641,1461,106495,5.322918596465226,0.15634909915200487
141,0.1120834795645637,3,36,3,31005,574605,1464,106492,5.322585127274075,0.1563536471310254
142,0.1120994772969495,1,65,1,31070,574540,1465,106491,5.321983030123383,0.15636733129622588
143,0.1121240967162688,0,13,0,31083,574527,1465,106491,5.321862610693246,0.15637031620309597
144,0.1121275734982356,1,36,1,31119,574491,1466,106490,5.3215291415020936,0.15637734386128246
145,0.1121288284002225,27,526,27,31645,573965,1493,106463,5.31665678609804,0.15646475453685033
146,0.1121365834260772,6,139,6,31784,573826,1499,106457,5.31536922449887,0.15648928460655345
147,0.1121416249611463,3,20,3,31804,573806,1502,106454,5.315183963837119,0.15649016552494635
148,0.112155125955977,12,319,12,32123,573487,1514,106442,5.312229056282189,0.15654869846704583
149,0.1121631390148309,9,138,9,32261,573349,1523,106433,5.310950757716107,0.15656931192647056
150,0.1121672992362151,10,231,10,32492,573118,1533,106423,5.308810997072881,0.15661012359813462
151,0.1121674657108061,4,140,4,32632,572978,1537,106419,5.307514172440624,0.15663742995627006
152,0.1121799269161676,2,107,2,32739,572871,1539,106417,5.306523027900256,0.15665962007278209
153,0.112188577322794,4,99,4,32838,572772,1543,106413,5.305605987624588,0.1566774884604342
154,0.1121996862858836,2,53,2,32891,572719,1545,106411,5.305115046870948,0.15668723219413072
155,0.1122016098508235,5,98,5,32989,572621,1550,106406,5.3042072696283675,0.15670363623243258
156,0.1122075520207201,1,29,1,33018,572592,1551,106405,5.303938641668828,0.15670908707991346
157,0.112236959173582,0,16,0,33034,572576,1551,106405,5.303790433139427,0.15671277988632967
158,0.1122461619197851,1,21,1,33055,572555,1552,106404,5.303595909444589,0.1567163849363511
159,0.1122506969807954,0,5,0,33060,572550,1552,106404,5.303549594279151,0.1567175390379908
160,0.112256101803419,8,142,8,33202,572408,1560,106396,5.302234243580718,0.15674038455872388
161,0.1122736584496908,1,15,1,33217,572393,1561,106395,5.302095298084405,0.15674260593882036
162,0.1122816301268989,1,24,1,33241,572369,1562,106394,5.301872985290303,0.15674690576828731
163,0.1122893332167762,2,96,2,33337,572273,1564,106392,5.300983734113898,0.15676659323819558
164,0.1122946502215146,18,223,18,33560,572050,1582,106374,5.298918077735373,0.15679575015034847
165,0.1123107270027027,6,143,6,33703,571907,1588,106368,5.297593464003853,0.15682134827319302
166,0.11232375874204,0,36,0,33739,571871,1588,106368,5.297259994812701,0.15682967213622337
167,0.1123331210575073,8,112,8,33851,571759,1596,106360,5.296222535106895,0.1568456273898829
168,0.1123419395468926,8,109,8,33960,571650,1604,106352,5.295212864500352,0.15686089421565128
169,0.1123468156927061,2,8,2,33968,571642,1606,106350,5.295138760235652,0.15686025793814676
170,0.1123538464990615,3,122,3,34090,571520,1609,106347,5.29400867019897,0.15688475762944648
171,0.1123617936096731,5,135,5,34225,571385,1614,106342,5.29275816073215,0.15690978815953915
172,0.1123741601219701,2,59,2,34284,571326,1616,106340,5.292211641779985,0.15692096106341472
173,0.1123790362677836,0,7,0,34291,571319,1616,106340,5.292146800548371,0.15692258200658443
174,0.1123807850182305,0,36,0,34327,571283,1616,106340,5.291813331357219,0.15693091881473917
175,0.1123885477150449,2,98,2,34425,571185,1618,106338,5.290905554114639,0.1569511293343547
176,0.1123940141847506,5,50,5,34475,571135,1623,106333,5.290442402460261,0.15695649093388914
177,0.1124011324072151,2,15,2,34490,571120,1625,106331,5.290303456963948,0.1569574773673668
178,0.1124197122542128,9,110,9,34600,571010,1634,106322,5.2892845233243175,0.15697176569245216
179,0.1124283460132231,6,164,6,34764,570846,1640,106316,5.287765385897958,0.15700231259285075
180,0.1124394343622364,4,213,4,34977,570633,1644,106312,5.285792359850309,0.15704673200924743
181,0.1124581462682125,1,145,1,35122,570488,1645,106311,5.284449220052614,0.1570791328001371
182,0.1124630224140261,0,22,0,35144,570466,1645,106311,5.2842454333246875,0.1570842389738422
183,0.1124813696901339,1,85,1,35229,570381,1646,106310,5.283458075512246,0.15710272487738125
184,0.11249036684329,2,43,2,35272,570338,1648,106308,5.283059765089481,0.15711021715934181
185,0.1124936474755437,4,57,4,35329,570281,1652,106304,5.28253177220349,0.15711846996312362
186,0.1124952429891035,0,6,0,35335,570275,1652,106304,5.282476194004965,0.15711986331234046
187,0.1125256707488376,8,167,8,35502,570108,1660,106296,5.280929267479343,0.15714868628807635
188,0.1125305468946511,1,21,1,35523,570087,1661,106295,5.280734743784505,0.1571523192515472
189,0.1125325747115261,4,107,4,35630,569980,1665,106291,5.279743599244137,0.15717219871915253
190,0.112557891323915,3,41,3,35671,569939,1668,106288,5.279363814887547,0.15717798904805635
191,0.1125627674697285,0,10,0,35681,569929,1668,106288,5.279271184556671,0.15718031342010036
192,0.1125772456648429,2,129,2,35810,569800,1670,106286,5.2780762532883765,0.1572078108406327
193,0.112578049687907,4,29,4,35839,569771,1674,106282,5.277807625328838,0.1572095678889081
194,0.1125876791037803,0,1,0,35840,569770,1674,106282,5.2777983622957505,0.15720980042955277
195,0.1126125134067164,12,338,12,36178,569432,1686,106270,5.274667457112157,0.1572734726255065
196,0.112612621691384,5,40,5,36218,569392,1691,106265,5.274296935788654,0.1572765471237625
197,0.1126191701698234,2,6,2,36224,569386,1693,106263,5.274241357590129,0.1572754492347358
198,0.1126671250867455,2,57,2,36281,569329,1695,106261,5.273713364704139,0.15728622389318966
199,0.1126837352527409,8,46,8,36327,569283,1703,106253,5.273287265182112,0.15728695435920514
200,0.1126909121452202,1,30,1,36357,569253,1704,106252,5.273009374189485,0.15729269213403305
201,0.1127320326271366,0,4,0,36361,569249,1704,106252,5.272972322057134,0.15729362354755952
202,0.112765328136208,4,33,4,36394,569216,1708,106248,5.2726666419652455,0.1572963177904374
203,0.1127767035804534,0,7,0,36401,569209,1708,106248,5.272601800733632,0.1572979479078609
204,0.1127776414715591,7,176,7,36577,569033,1715,106241,5.2709715069102225,0.15733020966304048
205,0.1127965977100541,4,32,4,36609,569001,1719,106237,5.270675089851421,0.15733267381278898
206,0.1128039390273136,3,168,3,36777,568833,1722,106234,5.269118900292712,0.157368083464308
207,0.1128119520861676,5,76,5,36853,568757,1727,106229,5.268414909778058,0.1573795604649578
208,0.1128161123075518,1,117,1,36970,568640,1728,106228,5.267331134906814,0.1574055963536573
209,0.1128164348394999,0,3,0,36973,568637,1728,106228,5.2673033458075516,0.15740629607402962
210,0.1128176548807456,0,1,0,36974,568636,1728,106228,5.267294082774463,0.15740652931553617
211,0.112841268663371,3,52,3,37026,568584,1731,106225,5.266812405053911,0.15741491296055624
212,0.1128504229221602,7,59,7,37085,568525,1738,106218,5.2662658861017455,0.1574199361831097
213,0.1128574746043107,0,1,0,37086,568524,1738,106218,5.266256623068657,0.1574201694870039
214,0.1128809999224175,1,29,1,37115,568495,1739,106217,5.265987995109119,0.1574256868115581
215,0.1129292972968131,0,2,0,37117,568493,1739,106217,5.265969469042943,0.15742615345852293
216,0.1129338616020655,0,6,0,37123,568487,1739,106217,5.265913890844418,0.1574275534160165
217,0.1129414752956786,0,4,0,37127,568483,1739,106217,5.265876838712068,0.1574284867348451
218,0.1129434632928513,4,120,4,37247,568363,1743,106213,5.264765274741562,0.1574514954578876
219,0.1129556656042931,0,5,0,37252,568358,1743,106213,5.264718959576124,0.15745266250698592
220,0.1129819341288439,3,87,3,37339,568271,1746,106210,5.2639130756975065,0.15746922448519676
221,0.1129938623797307,0,34,0,37373,568237,1746,106210,5.26359813257253,0.15747716277187088
222,0.1129941364402857,0,2,0,37375,568235,1746,106210,5.2635796065063545,0.15747762975483545
223,0.1130173243448322,0,27,0,37402,568208,1746,106210,5.26332950461299,0.1574839342959411
224,0.1130325456662824,0,27,0,37429,568181,1746,106210,5.263079402719627,0.15749023934186548
225,0.1130351236367384,5,85,5,37514,568096,1751,106205,5.262292044907184,0.15750384472216414
226,0.1130412350193807,0,29,0,37543,568067,1751,106205,5.262023416947645,0.1575106188600446
227,0.1130438083727681,4,51,4,37594,568016,1755,106201,5.26155100226018,0.1575175351555953
228,0.1130520255608156,1,20,1,37614,567996,1756,106200,5.261365741598429,0.15752095829699375
229,0.1130793123530465,3,33,3,37647,567963,1759,106197,5.26106006150654,0.1575249199003204
230,0.1131043129888713,0,28,0,37675,567935,1759,106197,5.260800696580088,0.1575314626808993
231,0.1131191243281063,2,76,2,37751,567859,1761,106195,5.2600967060654344,0.15754672474312148
232,0.1131232700612536,9,73,9,37824,567786,1770,106186,5.259420504650042,0.15755253927462862
233,0.1131487523876023,2,20,2,37844,567766,1772,106184,5.259235243988291,0.15755471474144966
234,0.1131530342098197,2,4,2,37848,567762,1774,106182,5.259198191855941,0.15755314981660198
235,0.113191336164841,1,28,1,37876,567734,1775,106181,5.25893882692949,0.15755844579806058
236,0.1132138914825793,0,5,0,37881,567729,1775,106181,5.258892511764052,0.1575596147853571
237,0.1132227245514095,1,17,1,37898,567712,1776,106180,5.258735040201564,0.15756233936595182
238,0.1132412924503144,1,52,1,37950,567660,1777,106179,5.25825336248101,0.15757324820914195
239,0.1132784565654969,2,37,2,37987,567623,1779,106177,5.257910630256771,0.15757940041555357
240,0.113281655580254,2,25,2,38012,567598,1781,106175,5.257679054429582,0.15758274671142952
241,0.1133007424654495,2,13,2,38025,567585,1783,106173,5.2575586349994445,0.15758328658064172
242,0.1133232262236888,1,24,1,38049,567561,1784,106172,5.257336322205343,0.15758764970693137
243,0.1133281023695023,0,3,0,38052,567558,1784,106172,5.25730853310608,0.15758835141673963
244,0.113332915997648,2,98,2,38150,567460,1786,106170,5.2564007558635,0.1576087763312204
245,0.1133430802864693,2,42,2,38192,567418,1788,106168,5.256011708473823,0.15761610247243857
246,0.1133541549076276,1,57,1,38249,567361,1789,106167,5.2554837155878324,0.1576281906617097
247,0.1133713868336407,2,42,2,38291,567319,1791,106165,5.255094668198155,0.15763551918085655
248,0.1134125416558885,0,5,0,38296,567314,1791,106165,5.255048353032717,0.15763668948846216
249,0.1134331085449448,3,55,3,38351,567259,1794,106162,5.254538886212901,0.15764581146118103
250,0.1134385571199909,1,41,1,38392,567218,1795,106161,5.254159101856311,0.1576541590991106
251,0.1134394329450087,2,27,2,38419,567191,1797,106159,5.253908999962948,0.1576579787629019
252,0.1134443090908222,0,5,0,38424,567186,1797,106159,5.25386268479751,0.15765914947018245
253,0.1134508436109098,2,49,2,38473,567137,1799,106157,5.25340879617622,0.1576681212070804
254,0.1135069574256338,1,41,1,38514,567096,1800,106156,5.25302901181963,0.15767647181144653
255,0.1135118335714473,1,7,1,38521,567089,1801,106155,5.252964170588017,0.15767686009827048
256,0.1135514195773041,1,38,1,38559,567051,1802,106154,5.2526121753306905,0.1576845091762539
257,0.1135622176207507,3,61,3,38620,566990,1805,106151,5.2520471303123495,0.15769504457461364
258,0.1136009693806875,2,78,2,38698,566912,1807,106149,5.25132461373152,0.15771081670160655
259,0.1136044786756298,1,1,1,38699,566911,1808,106148,5.251315350698433,0.15770979958666329
260,0.1136548263671811,6,43,6,38742,566868,1814,106142,5.2509170402756675,0.1577123668296162
261,0.1136961657774717,12,41,12,38783,566827,1826,106130,5.250537255919078,0.15770695601650625
262,0.1137867479070243,0,15,0,38798,566812,1826,106130,5.2503983104227645,0.15771047133333926
263,0.1138667835716606,1,9,1,38807,566803,1827,106129,5.250314943124977,0.1577113289307092
264,0.1138804466263226,0,9,0,38816,566794,1827,106129,5.250231575827189,0.15771343823884754
265,0.1138829266327082,2,54,2,38870,566740,1829,106127,5.249731372040461,0.157723591735068
266,0.1139817290689847,3,26,3,38896,566714,1832,106124,5.249490533180184,0.15772593105621263
267,0.1139933090836358,0,8,0,38904,566706,1832,106124,5.249416428915484,0.15772780642955872
268,0.1140201999049774,2,20,2,38924,566686,1834,106122,5.249231168253733,0.15772999131996052
269,0.1140381572828134,3,47,3,38971,566639,1837,106119,5.248795805698618,0.15773725470377165
270,0.1140382866556952,8,180,8,39151,566459,1845,106111,5.247128459742858,0.15776945150690636
271,0.1140408600090826,8,129,8,39280,566330,1853,106103,5.245933528474564,0.1577896980070877
272,0.1140521184180145,1,12,1,39292,566318,1854,106102,5.245822372077513,0.1577912614139972
273,0.1140729878716786,1,64,1,39356,566254,1855,106101,5.24522953795991,0.15780502859352574
274,0.1140777112959992,0,5,0,39361,566249,1855,106101,5.245183222794472,0.15780620212686844
275,0.1141070717571487,2,38,2,39399,566211,1857,106099,5.244831227537145,0.15781261620383455
276,0.1141355816368698,1,3,1,39402,566208,1858,106098,5.244803438437882,0.1578120677191636
277,0.114142434078777,0,49,0,39451,566159,1858,106098,5.244349549816592,0.1578235704499916
278,0.1141473456121573,2,29,2,39480,566130,1860,106096,5.244080921857053,0.15782787336401746
279,0.1141500858461342,1,27,1,39507,566103,1861,106095,5.243830819963689,0.15783295993144877
280,0.1141725028088276,3,38,3,39545,566065,1864,106092,5.2434788247063615,0.15783812412873777
281,0.1141847870621176,1,16,1,39561,566049,1865,106091,5.243330616176961,0.15784062844050348
282,0.1141883878011555,0,58,0,39619,565991,1865,106091,5.242793360257883,0.1578542499278362
283,0.1141905737533124,1,4,1,39623,565987,1866,106090,5.242756308125533,0.1578539363793137
284,0.11419992034667,0,15,0,39638,565972,1866,106090,5.242617362629219,0.1578574595796221
285,0.1142156333633058,4,83,4,39721,565889,1870,106086,5.241848530882952,0.15787194464079765
286,0.1142230890171389,2,100,2,39821,565789,1872,106084,5.240922227574197,0.15789293512315572
287,0.1142232784784686,2,55,2,39876,565734,1874,106082,5.240412760754381,0.15790335448991985
288,0.1142297674504422,10,146,10,40022,565588,1884,106072,5.239060357923599,0.15792514069618557
289,0.1142401235566958,1,16,1,40038,565572,1885,106071,5.2389121493941975,0.15792764906356502
290,0.1142402184236931,2,61,2,40099,565511,1887,106069,5.2383471043758565,0.1579394859882665
291,0.1142411758004312,0,7,0,40106,565504,1887,106069,5.238282263144244,0.15794113223729958
292,0.1142853652661408,2,38,2,40144,565466,1889,106067,5.237930267886917,0.15794756177283917
293,0.1143070558641382,68,911,68,41055,564555,1957,105999,5.229491644744155,0.15807675444483218
294,0.1143096292175256,68,1005,68,42060,563550,2025,105931,5.2201822964911635,0.15822853822587946
295,0.1143132306692975,7,137,7,42197,563413,2032,105924,5.2189132609581685,0.1582521211288185
296,0.1143318400846257,6,85,6,42282,563328,2038,105918,5.218125903145726,0.15826467397638536
297,0.1143417570801215,22,404,22,42686,562924,2060,105896,5.214383637778354,0.15833258574803385
298,0.1143501382114411,0,1,0,42687,562923,2060,105896,5.214374374745266,0.15833282248261488
299,0.1143530808810063,3,63,3,42750,562860,2063,105893,5.213790803660751,0.15834396256913988
300,0.1143596436232425,0,2,0,42752,562858,2063,105893,5.213772277594575,0.15834443612046936
301,0.1143775693790977,8,133,8,42885,562725,2071,105885,5.212540294193931,0.15836586350787454
302,0.1143792535998291,3,62,3,42947,562663,2074,105882,5.211965986142502,0.15837677344083045
303,0.1143889777290867,0,1,0,42948,562662,2074,105882,5.211956723109415,0.1583770103388857
304,0.11439542148554,0,4,0,42952,562658,2074,105882,5.211919670977065,0.15837795793819368
305,0.1144188248328589,81,1214,81,44166,561444,2155,105801,5.200674348808774,0.15856394577703842
306,0.1144188550545771,19,212,19,44378,561232,2174,105782,5.198710585794212,0.15859037441492982
307,0.1144293836744153,6,93,6,44471,561139,2180,105776,5.19784912371707,0.15860491966742388
308,0.1144305930560086,3,80,3,44551,561059,2183,105773,5.197108081070065,0.15862016219977446
309,0.1144535562705605,12,89,12,44640,560970,2195,105761,5.196283671125273,0.15862619257241675
310,0.1144571570095984,35,607,35,45247,560363,2230,105726,5.1906610100411275,0.1587265365439153
311,0.114478603575286,0,10,0,45257,560353,2230,105726,5.190568379710252,0.15872891954257679
312,0.1144918582255818,44,800,44,46057,559553,2274,105682,5.183157953240209,0.1588641607852864
313,0.114495460321149,6,66,6,46123,559487,2280,105676,5.18254659305643,0.15887233655510002
314,0.1144988447304463,3,47,3,46170,559440,2283,105673,5.182111230501316,0.15887976930235914
315,0.1145063139207122,5,65,5,46235,559375,2288,105668,5.181509133350624,0.1588889740964118
316,0.1145265584922081,5,68,5,46303,559307,2293,105663,5.180879247100671,0.15889889769463283
317,0.1145277872438688,6,60,6,46363,559247,2299,105657,5.180323465115418,0.1589056465294238
318,0.1145358339616371,26,488,26,46851,558759,2325,105631,5.175803104968691,0.1589894489682265
319,0.1145431686582036,4,107,4,46958,558652,2329,105627,5.174811960428323,0.159009994294566
320,0.1145464044784789,0,7,0,46965,558645,2329,105627,5.174747119196709,0.1590116699183467
321,0.1145666267615144,60,1112,60,48077,557533,2389,105567,5.1644466264033495,0.15920223194088373
322,0.1145769716316859,6,86,6,48163,557447,2395,105561,5.16365000555782,0.15921527342053188
323,0.1145808109207796,4,35,4,48198,557412,2399,105557,5.163325799399756,0.15921860599816884
324,0.114583033505036,1,25,1,48223,557387,2400,105556,5.163094223572567,0.15922334197661037
325,0.1145914660325992,1,13,1,48236,557374,2401,105555,5.162973804142428,0.15922519606172003
326,0.1146150514517662,5,58,5,48294,557316,2406,105550,5.16243654822335,0.15923278611363384
327,0.114618441056832,54,652,54,48946,556664,2460,105496,5.1563970506502645,0.15932101002778784
328,0.1146196504384253,48,476,48,49422,556188,2508,105448,5.151987846900589,0.15937464104129764
329,0.1146225206420322,9,87,9,49509,556101,2517,105439,5.151181963021972,0.1593841642228739
330,0.1146361369859161,1,9,1,49518,556092,2518,105438,5.151098595724184,0.15938506190195456
331,0.1146486964189504,38,456,38,49974,555636,2556,105400,5.146874652636259,0.15944668671600337
332,0.1146560311155168,6,98,6,50072,555538,2562,105394,5.145966875393679,0.1594626981293083
333,0.1146699341572355,2,104,2,50176,555434,2564,105392,5.145003519952573,0.1594852502776828
334,0.1146713131160152,34,522,34,50698,554912,2598,105358,5.14016821668087,0.15956805549245007
335,0.114674810303049,2,10,2,50708,554902,2600,105356,5.140075586349995,0.15956792647722556
336,0.1146773114588217,1,15,1,50723,554887,2601,105355,5.139936640853681,0.1595702787765698
337,0.114689788220016,5,76,5,50799,554811,2606,105350,5.139232650339027,0.15958228371563907
338,0.1146992402263559,2,19,2,50818,554792,2608,105348,5.139056652710363,0.15958433059654012
339,0.1147007020688336,2,90,2,50908,554702,2610,105346,5.138222979732483,0.1596035439846799
340,0.1147168446262855,29,724,29,51632,553978,2639,105317,5.131516543777094,0.15974184545613118
341,0.1147171746171742,0,9,0,51641,553969,2639,105317,5.131433176479306,0.1597440261130981
342,0.1147475064522117,5,120,5,51761,553849,2644,105312,5.1303216125088,0.159766733772174
343,0.1147678391270557,3,49,3,51810,553800,2647,105309,5.12986772388751,0.15977478687136726
344,0.1147689596014516,5,31,5,51841,553769,2652,105304,5.129580569861796,0.15977592770451832
345,0.1147698683031963,28,285,28,52126,553484,2680,105276,5.126940605431843,0.15980933875766593
346,0.1147742191132301,9,86,9,52212,553398,2689,105267,5.126143984586313,0.15981872423766255
347,0.1147861408785554,12,108,12,52320,553290,2701,105255,5.1251435770128575,0.15982962439924378
348,0.1147875198373352,35,521,35,52841,552769,2736,105220,5.120317536774241,0.15991148788201626
349,0.114791017024369,1,17,1,52858,552752,2737,105219,5.120160065211753,0.1599143427293908
350,0.1148059119245477,3,7,3,52865,552745,2740,105216,5.12009522398014,0.159912213641842
351,0.1148116569848358,0,1,0,52866,552744,2740,105216,5.120085960947052,0.1599124566842969
352,0.1148221740301522,40,489,40,53355,552255,2780,105176,5.115556337767239,0.15998028690463334
353,0.114826359951753,0,3,0,53358,552252,2780,105176,5.115528548667976,0.1599810169326527
354,0.1148333813384941,1,0,1,53358,552252,2781,105175,5.115528548667976,0.15997973919537833
355,0.1148387841961476,42,778,42,54136,551474,2823,105133,5.108321908925858,0.16011556379995948
356,0.1148503083993505,6,80,6,54216,551394,2829,105127,5.107580866278854,0.16012739881892582
357,0.1148525006722308,4,44,4,54260,551350,2833,105123,5.107173292823002,0.1601330138482466
358,0.1148536653591805,4,83,4,54343,551267,2837,105119,5.106404461076735,0.1601481445369036
359,0.114858541504994,1,11,1,54354,551256,2838,105118,5.106302567712772,0.16014954888523922
360,0.1148750930212221,6,166,6,54520,551090,2844,105112,5.104764904220238,0.16018238286381328
361,0.1148807015843689,3,61,3,54581,551029,2847,105109,5.104199859201897,0.16019343491765453
362,0.1148870815705433,15,101,15,54682,550928,2862,105094,5.103264292860054,0.16019889576873947
363,0.1149113835913761,4,67,4,54749,550861,2866,105090,5.102643669643188,0.1602101376474767
364,0.114924519442149,0,4,0,54753,550857,2866,105090,5.102606617510838,0.16021111461749196
365,0.1149317525238601,10,84,10,54837,550773,2876,105080,5.101828522731483,0.1602188295242989
366,0.1149400746513434,7,149,7,54986,550624,2883,105073,5.100448330801438,0.16024627228735225
367,0.1149516466534608,45,790,45,55776,549834,2928,105028,5.0931305346622695,0.16038188198429593
368,0.1149521037248207,14,180,14,55956,549654,2942,105014,5.09146318870651,0.1604080236089132
369,0.1149619936734216,34,778,34,56734,548876,2976,104980,5.084256548964393,0.160555229285959
370,0.1149651037967322,1,23,1,56757,548853,2977,104979,5.084043499203379,0.16055959329001945
371,0.1149668698192352,6,91,6,56848,548762,2983,104973,5.0832005631924115,0.1605742387970661
372,0.1149747758673268,6,60,6,56908,548702,2989,104967,5.082644781207159,0.16058127278484982
373,0.1149818477362022,32,518,32,57426,548184,3021,104935,5.077846530067806,0.16066750469669386
374,0.1149881031756999,1,10,1,57436,548174,3022,104934,5.07775389973693,0.16066867960582323
375,0.114991299742542,9,173,9,57609,548001,3031,104925,5.076151395012783,0.1606996811277235
376,0.1149963176067777,37,684,37,58293,547317,3068,104888,5.069815480380896,0.16082060088469116
377,0.1150040089841807,8,47,8,58340,547270,3076,104880,5.069380117825781,0.16082189680288278
378,0.115028543411023,0,5,0,58345,547265,3076,104880,5.069333802660343,0.16082312982542227
379,0.1150496959043685,3,19,3,58364,547246,3079,104877,5.069157805031679,0.16082395499008623
380,0.115052269257756,6,32,6,58396,547214,3085,104871,5.068861387972878,0.16082412568913562
381,0.1150645981452725,4,68,4,58464,547146,3089,104867,5.0682315017229245,0.1608357502074345
382,0.1150735996506875,3,77,3,58541,547069,3092,104864,5.067518248175182,0.1608508849835796
383,0.1150779662540455,3,33,3,58574,547036,3095,104861,5.067212568083293,0.16085516577005263
384,0.1150782003947416,50,779,50,59353,546257,3145,104811,5.059996665308089,0.16098318455215124
385,0.1150830765405551,7,103,7,59456,546154,3152,104804,5.05904257290007,0.16099963438501408
386,0.1150843971203519,1,8,1,59464,546146,3153,104803,5.05896846863537,0.1610003241421371
387,0.1150888982729529,1,11,1,59475,546135,3154,104802,5.058866575271407,0.1610017559302974
388,0.115134332732877,7,117,7,59592,546018,3161,104795,5.057782800400163,0.16102167596529265
389,0.1151457248753666,37,714,37,60306,545304,3198,104758,5.051168994775649,0.16115078254074228
390,0.1151506010211801,4,89,4,60395,545215,3202,104754,5.050344584830857,0.16116768645889265
391,0.1151614950948075,0,1,0,60396,545214,3202,104754,5.050335321797769,0.1611679344213869
392,0.1151646994650246,4,52,4,60448,545162,3206,104750,5.049853644077217,0.1611756668595133
393,0.1151864621080007,4,103,4,60551,545059,3210,104746,5.048899551669199,0.1611960511230292
394,0.1151931363650615,0,7,0,60558,545052,3210,104746,5.0488347104375855,0.16119778762015272
395,0.1151961963107909,0,4,0,60562,545048,3210,104746,5.048797658305236,0.16119877992102113
396,0.115196920040102,2,11,2,60573,545037,3212,104744,5.0486957649412725,0.1611989270231047
397,0.1151997970498288,0,9,0,60582,545028,3212,104744,5.048612397643485,0.16120115979143454
398,0.1152051049942728,1,1,1,60583,545027,3213,104743,5.048603134610397,0.16120011696446435
399,0.1152061924434507,15,234,15,60817,544793,3228,104728,5.046435584867909,0.16123882060780176
400,0.1152079479864873,0,12,0,60829,544781,3228,104728,5.046324428470858,0.1612417995747557
401,0.1152344982658122,4,36,4,60865,544745,3232,104724,5.045990959279707,0.1612455713821599
402,0.1152708643203641,1,30,1,60895,544715,3233,104723,5.04571306828708,0.16125172841749327
403,0.115280162691886,14,166,14,61061,544549,3247,104709,5.0441754047945455,0.16127487069855126
404,0.1152809061863445,0,49,0,61110,544500,3247,104709,5.043721516173256,0.16128704315559397
405,0.1153093430863814,1,5,1,61115,544495,3248,104708,5.043675201007818,0.1612869934365676
406,0.1153131267614219,0,9,0,61124,544486,3248,104708,5.04359183371003,0.16128922941370377
407,0.1153184651128115,18,142,18,61266,544344,3266,104690,5.042276483011597,0.16130125694493663
408,0.1153208104438005,1,21,1,61287,544323,3267,104689,5.042081959316759,0.16130518387949683
409,0.1153210384661989,11,178,11,61465,544145,3278,104678,5.040433139427174,0.16133521777125656
410,0.1153299732675381,0,8,0,61473,544137,3278,104678,5.040359035162473,0.16133720706210553
411,0.1153531663287949,9,65,9,61538,544072,3287,104669,5.039756938011783,0.16134173730348475
412,0.1153605402766253,3,10,3,61548,544062,3290,104666,5.039664307680907,0.1613403460310022
413,0.1153616860302869,16,170,16,61718,543892,3306,104650,5.038089592056023,0.16136194726016204
414,0.1153790624614772,0,4,0,61722,543888,3306,104650,5.038052539923672,0.161362942495274
415,0.1153837267776773,0,47,0,61769,543841,3306,104650,5.037617177368557,0.16137463742750477
416,0.1154058086674238,11,144,11,61913,543697,3317,104639,5.03628330060395,0.1613962513264727
417,0.1154302643032505,4,27,4,61940,543670,3321,104635,5.0360331987105855,0.16139779887552927
418,0.1154463331380802,1,3,1,61943,543667,3322,104634,5.036005409611323,0.16139725220229492
419,0.115447910832165,1,33,1,61976,543634,3323,104633,5.0356997295194335,0.1614041745145133
420,0.115455380022431,1,44,1,62020,543590,3324,104632,5.035292156063582,0.16141383661770195
421,0.115462776540998,12,218,12,62238,543372,3336,104620,5.033272814850495,0.1614526105260559
422,0.1154649655192339,2,9,2,62247,543363,3338,104618,5.033189447552707,0.1614522648040606
423,0.1154685662582718,8,109,8,62356,543254,3346,104610,5.032179776946164,0.16146907375622044
424,0.1154767469979452,2,23,2,62379,543231,3348,104608,5.031966727185149,0.16147221763431963
425,0.1154801314072425,1,9,1,62388,543222,3349,104607,5.031883359887361,0.16147316653005656
426,0.1154851958812476,2,43,2,62431,543179,3351,104605,5.031485049464597,0.16148129623454732
427,0.1154876005975084,1,9,1,62440,543170,3352,104604,5.031401682166809,0.16148224535100206
428,0.115491654848239,1,4,1,62444,543166,3353,104603,5.031364630034458,0.16148194804011923
429,0.1154939679436168,0,4,0,62448,543162,3353,104603,5.0313275779021085,0.1614829452038934
430,0.1154942880550023,2,30,2,62478,543132,3355,104601,5.031049686909482,0.1614878352654566
431,0.1155017860473984,6,48,6,62526,543084,3361,104595,5.030605061321279,0.16149203540642817
432,0.1155032674742552,13,185,13,62711,542899,3374,104582,5.028891400200082,0.16152134193899126
433,0.1155035635244313,6,100,6,62811,542799,3380,104576,5.027965096891326,0.16153852094999036
434,0.1155076222999658,0,24,0,62835,542775,3380,104576,5.027742784097224,0.16154450985632215
435,0.1155108982209977,0,20,0,62855,542755,3380,104576,5.0275575234354735,0.16154950095082732
436,0.1155190306499548,0,1,0,62856,542754,3380,104576,5.027548260402386,0.16154975051364837
437,0.1155268140951296,7,161,7,63017,542593,3387,104569,5.02605691207529,0.16158087155920775
438,0.1155287104864968,5,52,5,63069,542541,3392,104564,5.025575234354737,0.1615873776280511
439,0.1155531116508841,7,111,7,63180,542430,3399,104557,5.0245470376820185,0.1616060291783297
440,0.1155591955953934,0,2,0,63182,542428,3399,104557,5.024528511615843,0.16160652874487044
441,0.1155606459768767,2,12,2,63194,542416,3401,104555,5.024417355218793,0.16160693446846922
442,0.1155614802824232,1,4,1,63198,542412,3402,104554,5.024380303086443,0.16160663775221573
443,0.1155620832389457,8,120,8,63318,542292,3410,104546,5.023268739115936,0.16162624954007032
444,0.115564117553485,2,34,2,63352,542258,3412,104544,5.02295379599096,0.1616321532710165
445,0.1155652849311222,2,80,2,63432,542178,3414,104542,5.022212753343955,0.16164955467590303
446,0.1155715867437509,1,34,1,63466,542144,3415,104541,5.021897810218978,0.16165675715379202
447,0.115575870588452,5,43,5,63509,542101,3420,104536,5.021499499796214,0.1616610246552548
448,0.1155963381285624,0,16,0,63525,542085,3420,104536,5.021351291266813,0.16166502479814296
449,0.1155982060357254,2,3,2,63528,542082,3422,104534,5.02132350216755,0.1616631818575476
450,0.1156014026025676,2,31,2,63559,542051,3424,104532,5.021036348141836,0.16166833956352084
451,0.1156038073188284,4,15,4,63574,542036,3428,104528,5.020897402645522,0.1616669038177195
452,0.1156038665487103,1,1,1,63575,542035,3429,104527,5.020888139612435,0.16166585725730867
453,0.1156143414244447,4,23,4,63598,542012,3433,104523,5.020675089851421,0.16166642177144316
454,0.1156164259817445,5,108,5,63706,541904,3438,104518,5.019674682277965,0.16168694753582025
455,0.115623760678311,0,11,0,63717,541893,3438,104518,5.019572788914002,0.16168969896861285
456,0.1156342334079284,0,5,0,63722,541888,3438,104518,5.019526473748564,0.16169094965083863
457,0.1156504953164666,72,1177,72,64899,540711,3510,104446,5.008623883804513,0.16189237658430428
458,0.1156512208340317,1,22,1,64921,540689,3511,104445,5.008420097076587,0.16189659822610497
459,0.1156525997928114,4,94,4,65015,540595,3515,104441,5.007549371966356,0.1619149938918138
460,0.1156542021615952,1,123,1,65138,540472,3516,104440,5.006410018896587,0.16194457538392834
461,0.1156560969798452,0,1,0,65139,540471,3516,104440,5.0064007558635,0.1619448264954389
462,0.1156684316316278,3,18,3,65157,540453,3519,104437,5.006234021267924,0.1619454480609096
463,0.1156710748968122,0,19,0,65176,540434,3519,104437,5.006058023639261,0.1619502195012646
464,0.1156926359164218,5,67,5,65243,540367,3524,104432,5.0054374004223945,0.16196054894626077
465,0.1156965725539304,5,55,5,65298,540312,3529,104427,5.004927933602579,0.16196786606673397
466,0.1156966796823825,24,236,24,65534,540076,3553,104403,5.002741857793916,0.1619959688368434
467,0.1157022287299561,1,11,1,65545,540065,3554,104402,5.002639964429953,0.16199743353810203
468,0.1157047552686455,9,80,9,65625,539985,3563,104393,5.001898921782948,0.1620058412919125
469,0.1157116981471943,0,5,0,65630,539980,3563,104393,5.00185260661751,0.16200709837314722
470,0.1157193217259063,0,5,0,65635,539975,3563,104393,5.001806291452073,0.1620083554738907
471,0.1157287931290079,0,20,0,65655,539955,3563,104393,5.001621030790322,0.16201338407196111
472,0.1157311067524144,4,35,4,65690,539920,3567,104389,5.0012968246322576,0.16201698253477756
473,0.1157355686898498,1,17,1,65707,539903,3568,104388,5.001139353069769,0.16201995682075335
474,0.1157391293148509,4,87,4,65794,539816,3572,104384,5.000333469191152,0.16203663458553244
475,0.1157394564846289,0,42,0,65836,539774,3572,104384,4.999944421801475,0.1620471996000981
476,0.1157419486760242,1,12,1,65848,539762,3573,104383,4.999833265404424,0.16204891755738227
477,0.1157497033592934,8,90,8,65938,539672,3581,104375,4.998999592426544,0.16206115392199638
478,0.1157637242099666,2,82,2,66020,539590,3583,104373,4.998240023713365,0.1620791877794221
479,0.1157674275553516,1,6,1,66026,539584,3584,104372,4.998184445514839,0.16207939672896907
480,0.1157688065141313,9,114,9,66140,539470,3593,104363,4.997128459742858,0.16209638213636146
481,0.1157723037011651,0,1,0,66141,539469,3593,104363,4.997119196709771,0.16209663390449683
482,0.1157820353365839,0,1,0,66142,539468,3593,104363,4.997109933676683,0.1620968856734143
483,0.1157899035929463,5,137,5,66279,539331,3598,104358,4.995840898143689,0.16212487707573067
484,0.1157921529917618,5,41,5,66320,539290,3603,104353,4.995461113787099,0.16212869556570955
485,0.1157993745010693,3,56,3,66376,539234,3606,104350,4.9949423839341955,0.16213889717581542
486,0.1157995054149893,0,22,0,66398,539212,3606,104350,4.994738597206269,0.16214443985194898
487,0.1158065137589418,12,153,12,66551,539059,3618,104338,4.993321353143873,0.16216737100110817
488,0.1158118824403561,8,53,8,66604,539006,3626,104330,4.992830412390233,0.16217031224741038
489,0.1158156233813093,64,1111,64,67715,537895,3690,104266,4.98253918262996,0.16236738138877946
490,0.1158315950761467,0,9,0,67724,537886,3690,104266,4.982455815332172,0.16236965702824255
491,0.1158349520359766,1,17,1,67741,537869,3691,104265,4.982298343769684,0.1623726511911844
492,0.1158398281817902,0,6,0,67747,537863,3691,104265,4.982242765571159,0.1623741683901029
493,0.1158419209370638,45,651,45,68398,537212,3736,104220,4.976212531031161,0.16248020055126655
494,0.115848431147163,0,20,0,68418,537192,3736,104220,4.97602727036941,0.1624852668799461
495,0.1158540942173019,34,490,34,68908,536702,3770,104186,4.971488384156508,0.1625650659709653
496,0.1158548111333375,2,10,2,68918,536692,3772,104184,4.971395753825632,0.1625649891710721
497,0.1158548564141058,2,76,2,68994,536616,3774,104182,4.970691763310978,0.1625816559976779
498,0.1158596585138022,12,143,12,69137,536473,3786,104170,4.969367149579458,0.16260226054136234
499,0.1158604496930949,0,46,0,69183,536427,3786,104170,4.968941050057431,0.162613936687184
500,0.1158646798746317,19,418,19,69601,536009,3805,104151,4.965069102226833,0.16269526368407897
501,0.1158765866672798,9,105,9,69706,535904,3814,104142,4.96409648375264,0.16271018020579772
502,0.1158798777623838,6,57,6,69763,535847,3820,104136,4.963568490866649,0.16271682216558878
503,0.115889347179622,7,82,7,69845,535765,3827,104129,4.96280892215347,0.1627285144101992
504,0.1158895576300892,4,28,4,69873,535737,3831,104125,4.962549557227018,0.16273040124276797
505,0.1158902655519115,3,38,3,69911,535699,3834,104122,4.962197561969691,0.16273614026423014
506,0.1158912861123728,0,1,0,69912,535698,3834,104122,4.962188298936604,0.16273639461098435
507,0.1158926702681723,2,16,2,69928,535682,3836,104120,4.962040090407203,0.16273784702142224
508,0.115896970758334,1,96,1,70024,535586,3837,104119,4.961150839230798,0.16276096013005995
509,0.1158994820866543,0,9,0,70033,535577,3837,104119,4.96106747193301,0.1627632500437708
510,0.1159031507106243,11,224,11,70257,535353,3848,104108,4.958992552521398,0.1628058630627982
511,0.1159123678723025,2,21,2,70278,535332,3850,104106,4.958798028826559,0.16280859129423025
512,0.115919376216255,7,123,7,70401,535209,3857,104099,4.9576586757567895,0.16283074824654156
513,0.1159328333595264,0,5,0,70406,535204,3857,104099,4.9576123605913525,0.1628320217486857
514,0.1159329014392946,3,18,3,70424,535186,3860,104096,4.957445625995776,0.16283267791053088
515,0.1159423708565328,5,36,5,70460,535150,3865,104091,4.957112156804624,0.1628352999885802
516,0.1159432803502178,14,138,14,70598,535012,3879,104077,4.955833858238542,0.16285212231786184
517,0.1159481564960313,2,16,2,70614,534996,3881,104075,4.955685649709141,0.16285357964920955
518,0.1159488145274472,6,42,6,70656,534954,3887,104069,4.955296602319463,0.16285642300824854
519,0.1159514839000168,1,23,1,70679,534931,3888,104068,4.95508355255845,0.16286097474330946
520,0.1159596843690116,6,71,6,70750,534860,3894,104062,4.954425877209234,0.16287121119635886
521,0.1159609888796431,0,24,0,70774,534836,3894,104062,4.954203564415132,0.16287732940156333
522,0.1159631344129984,3,100,3,70874,534736,3897,104059,4.9532772611063765,0.16289889557682824
523,0.1159635129734941,3,44,3,70918,534692,3900,104056,4.952869687650525,0.1629061852248461
524,0.1159640471695719,8,129,8,71047,534563,3908,104048,4.951674756382229,0.16292860599018807
525,0.1159814452026015,56,698,56,71745,533865,3964,103992,4.945209159287117,0.16303340717433532
526,0.1159835157434306,1,17,1,71762,533848,3965,103991,4.945051687724629,0.16303644023021482
527,0.1159861851160002,0,8,0,71770,533840,3965,103991,4.944977583459928,0.16303848511596333
528,0.1159992711410715,5,54,5,71824,533786,3970,103986,4.9444773796732004,0.1630457279403925
529,0.1160134846465072,2,44,2,71868,533742,3972,103984,4.944069806217348,0.1630543524962131
530,0.1160160579998947,1,54,1,71922,533688,3973,103983,4.94356960243062,0.16306684795137305
531,0.1160199160385941,22,305,22,72227,533383,3995,103961,4.940744377338916,0.1631159938745795
532,0.1160323277080667,0,12,0,72239,533371,3995,103961,4.940633220941865,0.16311906510264665
533,0.1160379643746716,0,3,0,72242,533368,3995,103961,4.940605431842602,0.16311983292773435
534,0.1160413292134817,1,14,1,72256,533354,3996,103960,4.9404757493793765,0.16312210307634856
535,0.116044836797034,4,115,4,72371,533239,4000,103956,4.939410500574308,0.163146289597376
536,0.1160456958168396,4,7,4,72378,533232,4004,103952,4.939345659342695,0.1631428284451587
537,0.1160578739852371,0,5,0,72383,533227,4004,103952,4.9392993441772575,0.1631441086413708
538,0.1160594870715378,7,110,7,72493,533117,4011,103945,4.938280410537627,0.16316308302802554
539,0.1160643632173513,5,19,5,72512,533098,4016,103940,4.938104412908963,0.16316138126767948
540,0.1160689351448005,41,402,41,72914,532696,4057,103899,4.934380673607766,0.16321051846150222
541,0.1160701849497491,0,1,0,72915,532695,4057,103899,4.934371410574679,0.1632107748423642
542,0.1160738513369563,1,28,1,72943,532667,4058,103898,4.934112045648227,0.16321663930627667
543,0.1160833076330266,7,44,7,72987,532623,4065,103891,4.933704472192375,0.16321871946257271
544,0.1160951209529333,10,175,10,73162,532448,4075,103881,4.932083441402053,0.16325045691772652
545,0.1161043484526927,5,90,5,73252,532358,4080,103876,4.9312497684241725,0.16326697410072394
546,0.1161099022337827,4,29,4,73281,532329,4084,103872,4.930981140464634,0.16326915550274207
547,0.1161115896123347,5,111,5,73392,532218,4089,103867,4.929952943791915,0.1632910695897561
548,0.1161219588217113,11,209,11,73601,532009,4100,103856,4.928016969876617,0.16333026664464942
549,0.1161234011403397,8,78,8,73679,531931,4108,103848,4.927294453295787,0.16333977687215212
550,0.1161252838369462,0,3,0,73682,531928,4108,103848,4.927266664196525,0.16334054761425407
551,0.1161270115521628,10,114,10,73796,531814,4118,103838,4.926210678424543,0.16335667944095197
552,0.1161318876979763,1,7,1,73803,531807,4119,103837,4.92614583719293,0.1633571621851225
553,0.1161457419815503,0,24,0,73827,531783,4119,103837,4.925923524398829,0.1633633302916837
554,0.1161459861418207,1,3,1,73830,531780,4120,103836,4.925895735299567,0.16336278507778282
555,0.1161541710959915,0,7,0,73837,531773,4120,103836,4.925830894067953,0.16336458420192287
556,0.1161541916707949,1,21,1,73858,531752,4121,103835,4.925636370373115,0.16336866550133972
557,0.1161591823453624,2,17,2,73875,531735,4123,103833,4.925478898810627,0.16337040253757268
558,0.1161635857919675,4,36,4,73911,531699,4127,103829,4.925145429619475,0.1633743910575144
559,0.116179898489807,0,1,0,73912,531698,4127,103829,4.925136166586387,0.16337464812667282
560,0.1162079834102465,16,182,16,74094,531516,4143,103813,4.923450294564452,0.16340037996061882
561,0.1162106586183262,8,94,8,74188,531422,4151,103805,4.922579569454222,0.16341402364823912
562,0.1162175837358902,23,337,23,74525,531085,4174,103782,4.919457927303716,0.16347045916703815
563,0.1162385938831583,0,2,0,74527,531083,4174,103782,4.9194394012375415,0.16347097414410938
564,0.1162491294543188,5,37,5,74564,531046,4179,103777,4.919096669013301,0.1634739132010025
565,0.1162522585973064,0,3,0,74567,531043,4179,103777,4.919068879914039,0.16347468573768942
566,0.1162522849518735,8,171,8,74738,530872,4187,103769,4.917484901256067,0.16350818809374118
567,0.1162621928631406,3,7,3,74745,530865,4190,103766,4.917420060024455,0.16350603736659572
568,0.1162631882132972,1,5,1,74750,530860,4191,103765,4.917373744859017,0.16350600748473507
569,0.1163030152329319,4,63,4,74813,530797,4195,103761,4.9167901737745,0.16351696771611104
570,0.1163514563404715,0,14,0,74827,530783,4195,103761,4.916660491311275,0.16352057540533044
571,0.1163536512992002,0,3,0,74830,530780,4195,103761,4.916632702212012,0.16352134850230324
572,0.1163575475222347,4,60,4,74890,530720,4199,103757,4.916076920226759,0.1635315385742903
573,0.1163760506706105,1,4,1,74894,530716,4200,103756,4.916039868094408,0.16353125118208525
574,0.1163921221351928,1,0,1,74894,530716,4201,103755,4.916039868094408,0.16352993281016784
575,0.1164024764620775,0,3,0,74897,530713,4201,103755,4.916012078995146,0.16353070604033615
576,0.1164291975089612,0,5,0,74902,530708,4201,103755,4.915965763829709,0.1635319947735329
577,0.1164299076297341,4,36,4,74938,530672,4205,103751,4.915632294638557,0.16353600042873603
578,0.1164366666992272,1,14,1,74952,530658,4206,103750,4.915502612175331,0.16353829081600485
579,0.1164386595909975,0,4,0,74956,530654,4206,103750,4.91546556004298,0.1635393219462677
580,0.1164430340453355,0,3,0,74959,530651,4206,103750,4.915437770943718,0.16354009530249794
581,0.1164547978833065,9,167,9,75126,530484,4215,103741,4.913890844418097,0.16357128779218733
582,0.1164604528829738,0,5,0,75131,530479,4215,103741,4.913844529252659,0.1635725773390937
583,0.1164695156101926,3,11,3,75142,530468,4218,103738,4.9137426358886955,0.163571457854388
584,0.116475254620413,0,1,0,75143,530467,4218,103738,4.913733372855607,0.1635717157701374
585,0.1164811838584674,3,101,3,75244,530366,4221,103735,4.9127978065137645,0.16359381234219786
586,0.1164854539886069,2,26,2,75270,530340,4223,103733,4.912556967653488,0.16359788226276786
587,0.1164956829712233,2,6,2,75276,530334,4225,103731,4.912501389454963,0.16359679212699013
588,0.1165084715851389,11,77,11,75353,530257,4236,103720,4.911788135907221,0.16360214960479638
589,0.1165298128017398,4,16,4,75369,530241,4240,103716,4.911639927377821,0.16360100132974317
590,0.1165303841872067,0,7,0,75376,530234,4240,103716,4.9115750861462075,0.16360280779241265
591,0.1165454042302812,2,12,2,75388,530222,4242,103714,4.911463929749157,0.16360326594482724
592,0.1165515220483107,0,5,0,75393,530217,4242,103714,4.911417614583719,0.16360455633184054
593,0.1165528734205471,1,10,1,75403,530207,4243,103713,4.911324984252844,0.16360581776880365
594,0.1165605890424656,3,51,3,75454,530156,4246,103710,4.910852569565378,0.1636150227335115
595,0.116573315340287,0,3,0,75457,530153,4246,103710,4.910824780466116,0.16361579710442162
596,0.1165772271796126,2,12,2,75469,530141,4248,103708,4.910713624069065,0.16361625560661924
597,0.116578177717861,4,28,4,75497,530113,4252,103704,4.910454259142614,0.16361820525482906
598,0.1165793870994543,1,27,1,75524,530086,4253,103703,4.910204157249249,0.16362385588894726
599,0.1165801254945052,1,41,1,75565,530045,4254,103702,4.90982437289266,0.16363312173469854
600,0.1165863803627253,3,18,3,75583,530027,4257,103699,4.909657638297084,0.1636338101955735
601,0.1165983164459202,1,30,1,75613,529997,4258,103698,4.909379747304458,0.16364023702254238
602,0.1166025271510406,4,76,4,75689,529921,4262,103694,4.908675756789803,0.1636545851976358
603,0.116612292373218,1,10,1,75699,529911,4263,103693,4.908583126458928,0.16365584813227188
604,0.1166228651436704,1,2,1,75701,529909,4264,103692,4.9085646003927526,0.16365504473635617
605,0.1166424605853799,2,39,2,75740,529870,4266,103690,4.908203342102338,0.16366247869183662
606,0.1166469935892013,0,6,0,75746,529864,4266,103690,4.908147763903813,0.16366402863844282
607,0.1166778592307266,3,14,3,75760,529850,4269,103687,4.908018081440587,0.16366368499393089
608,0.1166809314213725,0,3,0,75763,529847,4269,103687,4.907990292341324,0.16366445999741136
609,0.1166936498683707,2,42,2,75805,529805,4271,103685,4.907601244951647,0.16367267044467948
610,0.1166981795531643,2,2,2,75807,529803,4273,103683,4.907582718885472,0.16367054678398577
611,0.1167161645173189,1,8,1,75815,529795,4274,103682,4.907508614620771,0.1636712935118402
612,0.1167238391401999,0,3,0,75818,529792,4274,103682,4.9074808255215085,0.16367206862475808
613,0.1167296049642253,4,7,4,75825,529785,4278,103678,4.907415984289896,0.16366859627160543
614,0.1167309016925552,0,25,0,75850,529760,4278,103678,4.907184408462707,0.16367505580656672
615,0.1167314537727607,2,8,2,75858,529752,4280,103676,4.907110304198007,0.16367448234053436
616,0.1167321207043633,4,29,4,75887,529723,4284,103672,4.906841676238468,0.16367669463762738
617,0.1167342751289415,5,35,5,75922,529688,4289,103667,4.906517470080403,0.16367913729267156
618,0.1167364815081856,1,47,1,75969,529641,4290,103666,4.906082107525288,0.1636899639511327
619,0.1167423552444553,1,8,1,75977,529633,4291,103665,4.906008003260587,0.16369071116599138
620,0.1167438918465727,2,28,2,76005,529605,4293,103663,4.905748638334136,0.16369530751593322
621,0.1167508657333023,2,8,2,76013,529597,4295,103661,4.905674534069436,0.1636947342157541
622,0.1167531615240294,2,58,2,76071,529539,4297,103659,4.905137278150358,0.163707086882776
623,0.1167693725285478,4,15,4,76086,529524,4301,103655,4.904998332654044,0.16370568196355217
624,0.1167806611778655,0,12,0,76098,529512,4301,103655,4.904887176256993,0.16370878457026344
625,0.1167884042231174,3,40,3,76138,529472,4304,103652,4.9045166549334915,0.16371516480183976
626,0.1167983365213707,0,3,0,76141,529469,4304,103652,4.904488865834229,0.16371594055480707
627,0.1168367015975131,0,3,0,76144,529466,4304,103652,4.904461076734966,0.1637167163151261
628,0.116841736369891,1,6,1,76150,529460,4305,103651,4.904405498536441,0.16371694694927114
629,0.1168443162300739,3,13,3,76163,529447,4308,103648,4.904285079106303,0.16371634588805786
630,0.1168471375862548,2,34,2,76197,529413,4310,103646,4.903970135981326,0.16372249663933378
631,0.1168577892201093,6,42,6,76239,529371,4316,103640,4.903581088591649,0.16372543289137156
632,0.1168594716896629,2,45,2,76284,529326,4318,103638,4.903164252102709,0.16373443039414565
633,0.1168616770246014,3,27,3,76311,529299,4321,103635,4.9029141502093445,0.16373745129823963
634,0.1168620345971094,5,38,5,76349,529261,4326,103630,4.902562154952017,0.16374067572457185
635,0.1168662656627792,4,12,4,76361,529249,4330,103626,4.902450998554967,0.1637384949634604
636,0.1168810615816609,2,65,2,76426,529184,4332,103624,4.901848901404276,0.16375267063627513
637,0.1168882190966091,6,55,6,76481,529129,4338,103618,4.90133943458446,0.16375897475610315
638,0.1168941097113437,1,34,1,76515,529095,4339,103617,4.901024491459483,0.16376645298334788
639,0.1168979425256555,1,30,1,76545,529065,4340,103616,4.9007466004668565,0.16377289660982391
640,0.1169009668787626,0,10,0,76555,529055,4340,103616,4.9006539701359815,0.1637754852047905
641,0.1169012666804306,3,40,3,76595,529015,4343,103613,4.90028344881248,0.16378187497233762
642,0.1169081770657475,0,10,0,76605,529005,4343,103613,4.900190818481604,0.16378446392609758
643,0.1169157627976443,7,42,7,76647,528963,4350,103606,4.899801771091926,0.16378608499626127
644,0.1169287184424373,1,12,1,76659,528951,4351,103605,4.899690614694876,0.16378787016485497
645,0.1169670007038657,1,10,1,76669,528941,4352,103604,4.899597984364,0.16378913753171712
646,0.1169778837459213,3,16,3,76685,528925,4355,103601,4.899449775834599,0.1637893145894398
647,0.1170192510514678,0,1,0,76686,528924,4355,103601,4.899440512801512,0.1637895735346429
648,0.1170197109787349,16,202,16,76888,528722,4371,103585,4.897569380117826,0.1638207389764782
649,0.117022917284952,5,42,5,76930,528680,4376,103580,4.897180332728149,0.16382500869895297
650,0.1170248938951806,0,7,0,76937,528673,4376,103580,4.897115491496535,0.16382682249036382
651,0.117027467248568,1,2,1,76939,528671,4377,103579,4.897096965430361,0.16382601818900752
652,0.1170415808997505,0,9,0,76948,528662,4377,103579,4.897013598132572,0.16382835026516787
653,0.1170581818147275,15,90,15,77038,528572,4392,103564,4.8961799251546925,0.1638318336560487
654,0.1170600530457963,0,4,0,77042,528568,4392,103564,4.896142873022343,0.16383287034986363
655,0.1170692832339105,1,1,1,77043,528567,4393,103563,4.8961336099892545,0.16383180674861184
656,0.1170911307031339,1,24,1,77067,528543,4394,103562,4.895911297195154,0.16383670434500597
657,0.1170939520593147,3,46,3,77113,528497,4397,103559,4.895485197673126,0.16384465933398307
658,0.1171354577727877,0,1,0,77114,528496,4397,103559,4.8954759346400385,0.16384491855930258
659,0.1171523575820078,4,46,4,77160,528450,4401,103555,4.895049835118011,0.1638515518073433
660,0.1171572337278213,0,3,0,77163,528447,4401,103555,4.895022046018749,0.1638523295812355
661,0.1171749950406409,1,1,1,77164,528446,4402,103554,4.895012782985661,0.1638512658227848
662,0.1171887391062442,5,23,5,77187,528423,4407,103549,4.894799733224647,0.1638506136347813
663,0.1172338354022922,1,39,1,77226,528384,4408,103548,4.8944384749342325,0.16385940259395
664,0.1172489882258846,0,4,0,77230,528380,4408,103548,4.894401422801883,0.1638604397969389
665,0.1172685643033277,4,41,4,77271,528339,4412,103544,4.894021638445293,0.163865778949584
666,0.1172734404491412,0,2,0,77273,528337,4412,103544,4.894003112379117,0.16386629760983476
667,0.1172942585098951,2,30,2,77303,528307,4414,103542,4.89372522138649,0.16387143130716358
668,0.1173153099556239,0,9,0,77312,528298,4414,103542,4.893641854088703,0.16387376551025576
669,0.117327483235862,0,5,0,77317,528293,4414,103542,4.893595538923265,0.16387506231848506
670,0.1173437802334046,0,1,0,77318,528292,4414,103542,4.893586275890177,0.16387532168259383
671,0.1173839365477525,2,29,2,77347,528263,4416,103540,4.893317647930639,0.16388019683350666
672,0.1174038370036031,0,5,0,77352,528258,4416,103540,4.893271332765201,0.16388149376857794
673,0.1174243207221317,0,1,0,77353,528257,4416,103540,4.893262069732113,0.1638817531580555
674,0.1174531835514011,0,9,0,77362,528248,4416,103540,4.893178702434325,0.16388408770030452
675,0.1174681289415327,0,6,0,77368,528242,4416,103540,4.8931231242357995,0.16388564409875558
676,0.1174684020865206,5,32,5,77400,528210,4421,103535,4.892826707176998,0.1638873279566914
677,0.1174890775866502,7,10,7,77410,528200,4428,103528,4.892734076846122,0.16388065749816377
678,0.1174925931071408,1,16,1,77426,528184,4429,103527,4.892585868316722,0.16388348469474173
679,0.1174926940753674,2,35,2,77461,528149,4431,103525,4.892261662158657,0.16388991790068927
680,0.1174933050571542,0,5,0,77466,528144,4431,103525,4.892215346993219,0.16389121517756927
681,0.117493342848361,0,22,0,77488,528122,4431,103525,4.892011560265293,0.1638969234398327
682,0.1175070922198966,0,1,0,77489,528121,4431,103525,4.892002297232206,0.16389718291574712
683,0.1175283186052598,1,10,1,77499,528111,4432,103524,4.89190966690133,0.16389845401220643
684,0.1175295502663812,0,4,0,77503,528107,4432,103524,4.89187261476898,0.16389949195020512
685,0.1175301470529768,16,188,16,77691,527919,4448,103508,4.89013116454852,0.16392710479596218
686,0.1175410449030812,0,2,0,77693,527917,4448,103508,4.890112638482345,0.16392762402502276
687,0.11754179343588,0,1,0,77694,527916,4448,103508,4.890103375449257,0.16392788364078653
688,0.1175421012635611,0,15,0,77709,527901,4448,103508,4.8899644299529434,0.16393177797592368
689,0.1175648482689601,8,100,8,77809,527801,4456,103500,4.889038126644189,0.16394715040844224
690,0.1175660460087143,1,1,1,77810,527800,4457,103499,4.889028863611101,0.16394608576918385
691,0.1175686541155109,0,4,0,77814,527796,4457,103499,4.888991811478751,0.1639471245614174
692,0.1175950020953125,3,18,3,77832,527778,4460,103496,4.888825076883174,0.16394782614205558
693,0.1175958719961206,0,23,0,77855,527755,4460,103496,4.888612027122161,0.16395379967714901
694,0.1175977896113987,0,4,0,77859,527751,4460,103496,4.888574974989811,0.16395483859725274
695,0.1176080452763587,4,18,4,77877,527733,4464,103492,4.888408240394234,0.16395421600855478
696,0.1176089007966874,4,39,4,77916,527694,4468,103488,4.88804698210382,0.16395904826183255
697,0.1176122852059847,0,25,0,77941,527669,4468,103488,4.887815406276631,0.16396554264628294
698,0.1176139363997139,3,24,3,77965,527645,4471,103485,4.88759309348253,0.16396780378052064
699,0.1176434439938213,0,25,0,77990,527620,4471,103485,4.887361517655341,0.16397429904690977
700,0.1176503682871463,3,24,3,78014,527596,4474,103482,4.887139204861239,0.16397656074209527
701,0.1177078645526257,3,8,3,78022,527588,4477,103479,4.88706510059654,0.16397466513064382
702,0.1177095888018377,0,1,0,78023,527587,4477,103479,4.887055837563452,0.16397492496822835
703,0.1177284919273046,0,37,0,78060,527550,4477,103479,4.886713105339212,0.16398453953780254
704,0.1177463031479385,3,35,3,78095,527515,4480,103476,4.8863888991811475,0.1639896607083144
705,0.117747890756859,3,4,3,78099,527511,4483,103473,4.886351847048798,0.16398672549541668
706,0.1177561337859116,2,4,2,78103,527507,4485,103471,4.886314794916448,0.163985115170418
707,0.1177700878005927,0,2,0,78105,527505,4485,103471,4.8862962688502725,0.16398563495283497
708,0.1177738670976509,1,7,1,78112,527498,4486,103470,4.886231427618659,0.1639861292490269
709,0.1177759054425079,1,21,1,78133,527477,4487,103469,4.886036903923821,0.16399026224114266
710,0.1177833746327739,3,20,3,78153,527457,4490,103466,4.88585164326207,0.16399148549030548
711,0.1177847535915536,17,233,17,78386,527224,4507,103449,4.883693356552669,0.1640295367012699
712,0.1177912752007596,19,93,19,78479,527131,4526,103430,4.882831894475527,0.16402853966547248
713,0.1178073702147831,0,1,0,78480,527130,4526,103430,4.88282263144244,0.16402879979700583
714,0.1178142454263107,2,30,2,78510,527100,4528,103428,4.882544740449813,0.16403395249695493
715,0.1178191215721243,0,1,0,78511,527099,4528,103428,4.8825354774167256,0.16403421265068743
716,0.1178335727121452,6,99,6,78610,527000,4534,103422,4.881618437141057,0.16405201595122
717,0.1178341162172912,0,1,0,78611,526999,4534,103422,4.88160917410797,0.16405227617734816
718,0.1178429637013976,1,7,1,78618,526992,4535,103421,4.8815443328763575,0.1640527717543896
719,0.1178497544890227,0,3,0,78621,526989,4535,103421,4.881516543777094,0.16405355244999287
720,0.1178689962432248,0,5,0,78626,526984,4535,103421,4.881470228611657,0.1640548536258437
721,0.1178718638741423,0,15,0,78641,526969,4535,103421,4.881331283115343,0.16405875727724106
722,0.1178734438457828,1,13,1,78654,526956,4536,103420,4.881210863685205,0.16406081449801388
723,0.1178862945219126,1,7,1,78661,526949,4537,103419,4.881146022453592,0.16406131021879283
724,0.1178906176332565,15,185,15,78846,526764,4552,103404,4.879432361332395,0.1640895761130365
725,0.1178917611135294,0,12,0,78858,526752,4552,103404,4.879321204935344,0.16409270085502636
726,0.1178921121638279,1,20,1,78878,526732,4553,103403,4.879135944273593,0.16409658247835782
727,0.1178995813540938,1,30,1,78908,526702,4554,103402,4.8788580532809664,0.1641030686997702
728,0.1178996283452824,0,13,0,78921,526689,4554,103402,4.878737633850828,0.16410645446451386
729,0.1179007626189444,0,31,0,78952,526658,4554,103402,4.878450479825114,0.1641145287750373
730,0.1179009603128735,19,265,19,79217,526393,4573,103383,4.875995776056912,0.16415836741952694
731,0.1179065789489695,3,10,3,79227,526383,4576,103380,4.875903145726037,0.1641569923923762
732,0.1179329625041745,0,5,0,79232,526378,4576,103380,4.875856830560599,0.16415829572629487
733,0.1179353605303552,49,503,49,79735,525875,4625,103331,4.871197524917559,0.16422443524060482
734,0.1179591704227175,0,2,0,79737,525873,4625,103331,4.871178998851384,0.16422495724756994
735,0.1179750064027045,3,102,3,79839,525771,4628,103328,4.870234169476453,0.16424759854967183
736,0.1180022068691057,1,0,1,79839,525771,4629,103327,4.870234169476453,0.1642462700564936
737,0.1180034800905697,21,212,21,80051,525559,4650,103306,4.868270406461892,0.16427373124597489
738,0.1180092767032239,22,226,22,80277,525333,4672,103284,4.866176960984105,0.1643035425386205
739,0.118010044110327,2,20,2,80297,525313,4674,103282,4.865991700322353,0.16430611124810093
740,0.1180136250762576,2,22,2,80319,525291,4676,103280,4.865787913594428,0.16430920293809292
741,0.1180245671642733,1,14,1,80333,525277,4677,103279,4.865658231131202,0.16431153310126703
742,0.1180247631048699,0,5,0,80338,525272,4677,103279,4.865611915965764,0.16431284016730544
743,0.1180277826085905,1,0,1,80338,525272,4678,103278,4.865611915965764,0.16431151061968022
744,0.1180623003801347,8,107,8,80445,525165,4686,103270,4.864620771425396,0.1643288486478315
745,0.1180679649586941,12,153,12,80598,525012,4698,103258,4.863203527363,0.1643529055979117
746,0.11807543414896,18,181,18,80779,524831,4716,103240,4.861526918374152,0.16437632051153453
747,0.1180878316719753,1,3,1,80782,524828,4717,103239,4.86149912927489,0.1643757751959584
748,0.1181146782577879,0,4,0,80786,524824,4717,103239,4.86146207714254,0.1643768220703974
749,0.1181273691114122,0,20,0,80806,524804,4717,103239,4.861276816480789,0.16438205664261843
750,0.118133644258804,0,3,0,80809,524801,4717,103239,4.861249027381525,0.16438284185720656
751,0.1181461497721454,3,11,3,80820,524790,4720,103236,4.861147134017563,0.1643817294188457
752,0.1181543204399326,0,1,0,80821,524789,4720,103236,4.861137870984475,0.1643819911627722
753,0.1181798559015334,1,9,1,80830,524780,4721,103235,4.861054503686687,0.1643830163292278
754,0.118184171680014,12,231,12,81061,524549,4733,103223,4.858914743043462,0.16442753101444474
755,0.1181846206081381,1,8,1,81069,524541,4734,103222,4.858840638778762,0.16442829539173223
756,0.1181850873436078,0,28,0,81097,524513,4734,103222,4.85858127385231,0.16443562968450062
757,0.1181873766514734,22,193,22,81290,524320,4756,103200,4.856793508466413,0.1644569097399286
758,0.1181884443034378,2,27,2,81317,524293,4758,103198,4.856543406573048,0.16446132295124552
759,0.1181916408702799,19,177,19,81494,524116,4777,103179,4.8549038497165515,0.16448242055173404
760,0.1181936248987475,2,43,2,81537,524073,4779,103177,4.854505539293786,0.1644910322837784
761,0.1181963781568884,18,214,18,81751,523859,4797,103159,4.85252325021305,0.16452318753209635
762,0.1181991014927437,26,217,26,81968,523642,4823,103133,4.85051317203305,0.16454549080611064
763,0.1182017317126174,0,2,0,81970,523640,4823,103133,4.850494645966875,0.1645460158622021
764,0.1182270048823776,0,3,0,81973,523637,4823,103133,4.850466856867612,0.16454680345262218
765,0.1182283261147309,0,10,0,81983,523627,4823,103133,4.850374226536737,0.16454942880847534
766,0.1182452446509655,0,8,0,81991,523619,4823,103133,4.850300122272037,0.16455152915347698
767,0.1182498509801239,1,4,1,81995,523615,4824,103132,4.850263070139687,0.1645512463561852
768,0.1182619880726893,0,3,0,81998,523612,4824,103132,4.8502352810404235,0.16455203400431437
769,0.1182639750710323,12,210,12,82208,523402,4836,103120,4.848290044092037,0.16459118754010235
770,0.1182842705509387,0,7,0,82215,523395,4836,103120,4.848225202860425,0.1645930265037549
771,0.1183024459070249,7,101,7,82316,523294,4843,103113,4.847289636518582,0.16461022945145887
772,0.1183092406142016,12,257,12,82573,523037,4855,103101,4.84490903701508,0.16466178382401322
773,0.1183166266804595,17,236,17,82809,522801,4872,103084,4.842722961206418,0.16470118312469542
774,0.1183633098529022,0,18,0,82827,522783,4872,103084,4.842556226610841,0.16470591994784833
775,0.1183659589850145,1,2,1,82829,522781,4873,103083,4.842537700544666,0.16470511165364998
776,0.1183715665663973,0,2,0,82831,522779,4873,103083,4.8425191744784915,0.16470563798409235
777,0.1183832300231538,0,3,0,82834,522776,4873,103083,4.842491385379229,0.16470642748606315
778,0.1183892462072025,1,12,1,82846,522764,4874,103082,4.842380228982178,0.1647082509115661
779,0.1183953457964258,1,8,1,82854,522756,4875,103081,4.842306124717478,0.1647090216781686
780,0.1184013780607851,0,16,0,82870,522740,4875,103081,4.842157916188077,0.16471323269752852
781,0.1184194286275983,34,197,34,83067,522543,4909,103047,4.840333098669828,0.16471970459885868
782,0.1184255275345394,0,1,0,83068,522542,4909,103047,4.840323835636741,0.1647199679022489
783,0.1184361316493148,0,2,0,83070,522540,4909,103047,4.8403053095705655,0.16472049451155474
784,0.1184436755721708,1,8,1,83078,522532,4910,103046,4.840231205305865,0.16472126577341276
785,0.1184616158896641,1,6,1,83084,522526,4911,103045,4.84017562710734,0.16472151042807293
786,0.1184739807521636,0,3,0,83087,522523,4911,103045,4.840147838008077,0.16472230037342064
787,0.1184776156699779,2,27,2,83114,522496,4913,103043,4.839897736114714,0.16472673965971746
788,0.1184794746651876,4,8,4,83122,522488,4917,103039,4.839823631850013,0.16472350514046555
789,0.1184805038196239,21,181,21,83303,522307,4938,103018,4.838147022861166,0.16474313357054332
790,0.1184821657063344,0,1,0,83304,522306,4938,103018,4.838137759828078,0.1647433970229833
791,0.1184870656835563,0,1,0,83305,522305,4938,103018,4.83812849679499,0.16474366047626587
792,0.1184896447434552,3,58,3,83363,522247,4941,103015,4.837591240875913,0.1647549347313606
793,0.1184915666045849,0,4,0,83367,522243,4941,103015,4.837554188743562,0.16475598872785313
794,0.118493840118372,1,10,1,83377,522233,4942,103014,4.837461558412687,0.1647572879198141
795,0.1185047520970344,0,7,0,83384,522226,4942,103014,4.837396717181074,0.16475913249312263
796,0.1185123168859613,2,23,2,83407,522203,4944,103012,4.83718366742006,0.16476252169253777
797,0.1185315708332876,0,1,0,83408,522202,4944,103012,4.837174404386973,0.16476278522233986
798,0.1185372650762205,1,9,1,83417,522193,4945,103011,4.837091037089184,0.1647638210887966
799,0.1185613513077034,0,20,0,83437,522173,4945,103011,4.836905776427433,0.1647690919793213
800,0.1185627316581067,1,4,1,83441,522169,4946,103010,4.836868724295083,0.16476881021275508
801,0.1185669612250987,0,10,0,83451,522159,4946,103010,4.8367760939642075,0.1647714458010554
802,0.1185757359122131,0,6,0,83457,522153,4946,103010,4.836720515765682,0.16477302719450768
803,0.1185851092627301,1,7,1,83464,522146,4947,103009,4.83665567453407,0.16477353616303156
804,0.1185901874734835,0,3,0,83467,522143,4947,103009,4.836627885434806,0.1647743268837019
805,0.1185908871782234,0,25,0,83492,522118,4947,103009,4.836396309607618,0.16478091651776358
806,0.1185935718827809,1,1,1,83493,522117,4948,103008,4.83638704657453,0.16477984403119375
807,0.1185999281408695,0,4,0,83497,522113,4948,103008,4.83634999444218,0.16478089841806626
808,0.1186316549639425,1,2,1,83499,522111,4949,103007,4.836331468376005,0.16478008951909878
809,0.1186392649220918,3,61,3,83560,522050,4952,103004,4.835766423357664,0.1647921619572069
810,0.1186506732720808,0,3,0,83563,522047,4952,103004,4.8357386342584014,0.16479295289504375
811,0.1186533141136146,0,8,0,83571,522039,4952,103004,4.835664529993701,0.16479506209972755
812,0.1186548532424947,1,4,1,83575,522035,4953,103003,4.835627477861351,0.16479478047734697
813,0.1186580185012006,2,16,2,83591,522019,4955,103001,4.83547926933195,0.16479632651755144
814,0.1186718737515115,0,21,0,83612,521998,4955,103001,4.835284745637112,0.1648018636829819
815,0.1186755941154199,1,2,1,83614,521996,4956,103000,4.835266219570936,0.16480105472675025
816,0.1186772940697407,1,13,1,83627,521983,4957,102999,4.835145800140798,0.16480314633061433
817,0.1186775580290233,0,11,0,83638,521972,4957,102999,4.835043906776835,0.16480604700058082
818,0.1186848617451466,18,231,18,83869,521741,4975,102981,4.83290414613361,0.1648429221317642
819,0.1186989774187378,0,10,0,83879,521731,4975,102981,4.832811515802734,0.1648455608344325
820,0.1187037496355366,2,25,2,83904,521706,4977,102979,4.832579939975545,0.16484948414000655
821,0.1187097786041008,0,5,0,83909,521701,4977,102979,4.832533624810107,0.16485080361144905
822,0.1187463848784209,41,432,41,84341,521269,5018,102938,4.828531994516284,0.16491003785603173
823,0.1187571921193041,2,2,2,84343,521267,5020,102936,4.828513468450109,0.16490789054201918
824,0.1187584139518982,35,490,35,84833,520777,5055,102901,4.8239745822372075,0.16499058809193207
825,0.11876466130957,0,1,0,84834,520776,5055,102901,4.82396531920412,0.1649908526368617
826,0.1187660402683497,3,44,3,84878,520732,5058,102898,4.823557745748268,0.16499847666084055
827,0.1187710286556784,0,1,0,84879,520731,5058,102898,4.82354848271518,0.1649987412387814
828,0.1187742252225206,3,9,3,84888,520722,5061,102895,4.823465115417393,0.1649971055952612
829,0.1187810860944043,20,202,20,85090,520520,5081,102875,4.821593982733706,0.1650237810697872
830,0.1187949628434821,1,11,1,85101,520509,5082,102874,4.821492089369743,0.1650253535948205
831,0.1187955321031069,1,5,1,85106,520504,5083,102873,4.821445774204306,0.16502533779719175
832,0.1188004082489204,0,1,0,85107,520503,5083,102873,4.821436511171218,0.16502560252560253
833,0.1188121328737843,1,3,1,85110,520500,5084,102872,4.821408722071955,0.16502505726917474
834,0.1188155576470755,2,24,2,85134,520476,5086,102870,4.821186409277854,0.1650287320364613
835,0.1188283223045085,46,601,46,85735,519875,5132,102824,4.815619326392234,0.1651263290931895
836,0.1188334336794748,1,4,1,85739,519871,5133,102823,4.815582274259883,0.16512604907065107
837,0.1188388811460649,2,21,2,85760,519850,5135,102821,4.815387750565045,0.16512893646885754
838,0.1188583471960507,5,49,5,85809,519801,5140,102816,4.8149338619437545,0.16513522759577717
839,0.1188594906763235,0,3,0,85812,519798,5140,102816,4.814906072844492,0.1651360232824832
840,0.1188607622359052,9,75,9,85887,519723,5149,102807,4.814211345362926,0.16514384848922944
841,0.1188684921817385,0,3,0,85890,519720,5149,102807,4.814183556263663,0.16514464432867973
842,0.118873398840624,3,3,3,85893,519717,5152,102804,4.8141557671644,0.16514141691605586
843,0.11888086803089,1,2,1,85895,519715,5153,102803,4.8141372410982255,0.16514060637604053
844,0.1188822469896697,3,37,3,85932,519678,5156,102800,4.813794508873985,0.16514639874822884
845,0.1188865027161674,19,181,19,86113,519497,5175,102781,4.812117899885139,0.16516894378396793
846,0.1189284201043887,1,23,1,86136,519474,5176,102780,4.811904850124125,0.16517370719995372
847,0.118930214051264,0,2,0,86138,519472,5176,102780,4.81188632405795,0.16517423809003426
848,0.1189406429599544,14,223,14,86361,519249,5190,102766,4.809820667679425,0.16521466524119194
849,0.1189505641085966,0,29,0,86390,519220,5190,102766,4.809552039719886,0.16522236834912682
850,0.1189584848648067,1,10,1,86400,519210,5191,102765,4.80945940938901,0.16522368262389966
851,0.1189712096533639,4,29,4,86429,519181,5195,102761,4.809190781429471,0.1652260178601863
852,0.1189813546390518,0,6,0,86435,519175,5195,102761,4.809135203230946,0.1652276118443055
853,0.1189945527610643,0,6,0,86441,519169,5195,102761,4.809079625032421,0.1652292058591803
854,0.1189993651734806,16,186,16,86627,518983,5211,102745,4.8073567008781355,0.16525715425395027
855,0.1190058538410695,1,4,1,86631,518979,5212,102744,4.807319648745786,0.16525687484619356
856,0.119012822316752,1,16,1,86647,518963,5213,102743,4.8071714402163845,0.16525978517176929
857,0.1190279385284816,22,313,22,86960,518650,5235,102721,4.80427211085998,0.165313476168022
858,0.1190361723535433,1,4,1,86964,518646,5236,102720,4.80423505872763,0.16531319705294464
859,0.1190492516354903,1,39,1,87003,518607,5237,102719,4.8038738004372155,0.1653222301979959
860,0.1190521878565024,6,27,6,87030,518580,5243,102713,4.803623698543851,0.16532135401493336
861,0.1190567208257562,7,31,7,87061,518549,5250,102706,4.803336544518137,0.16532019863019212
862,0.1190630881718645,3,18,3,87079,518531,5253,102703,4.8031698099225615,0.16532095796430973
863,0.1190903511815541,1,1,1,87080,518530,5254,102702,4.803160546889473,0.16531988049553145
864,0.1191078630836917,5,38,5,87118,518492,5259,102697,4.802808551632147,0.16532327520287707
865,0.1191086557882083,0,3,0,87121,518489,5259,102697,4.802780762532883,0.1653240736269008
866,0.1191256847740653,2,15,2,87136,518474,5261,102695,4.80264181703657,0.1653253784396839
867,0.1191341534453266,2,39,2,87175,518435,5263,102693,4.802280558746156,0.16533307144421117
868,0.1191447706258353,0,3,0,87178,518432,5263,102693,4.802252769646893,0.16533386999396257
869,0.1191495715220848,36,546,36,87724,517886,5299,102657,4.797195153581089,0.1654309209837191
870,0.1191551062142676,7,48,7,87772,517838,5306,102650,4.796750527992886,0.16543430332254613
871,0.1191641077196826,4,43,4,87815,517795,5310,102646,4.796352217570121,0.16544038836891825
872,0.1191654583568102,6,30,6,87845,517765,5316,102640,4.796074326577495,0.16544031721214367
873,0.119166374020404,2,3,2,87848,517762,5318,102638,4.796046537478232,0.16543842682140555
874,0.1191697309802339,0,6,0,87854,517756,5318,102638,4.795990959279707,0.16544002682166495
875,0.119172201793492,2,35,2,87889,517721,5320,102636,4.795666753121642,0.16544667022375825
876,0.1191729275470761,5,34,5,87923,517687,5325,102631,4.795351809996665,0.16544901163596737
877,0.1191745172093468,0,1,0,87924,517686,5325,102631,4.795342546963577,0.16544927835284218
878,0.119183610143481,0,2,0,87926,517684,5325,102631,4.795324020897403,0.16544981178917162
879,0.1191838413476932,0,3,0,87929,517681,5325,102631,4.79529623179814,0.16545061195011543
880,0.1192032136388673,0,1,0,87930,517680,5325,102631,4.795286968765052,0.16545087867214994
881,0.1192252254704028,3,18,3,87948,517662,5328,102628,4.7951202341694765,0.1654516435860646
882,0.1192355321821953,1,15,1,87963,517647,5329,102627,4.7949812886731635,0.1654542992290504
883,0.11924229628728,1,24,1,87987,517623,5330,102626,4.794758975879062,0.1654593558393484
884,0.1192461796465406,14,187,14,88174,517436,5344,102612,4.793026788691689,0.16549041364539518
885,0.1192576442087094,0,40,0,88214,517396,5344,102612,4.792656267368187,0.16550109030851215
886,0.1192769701769958,7,51,7,88265,517345,5351,102605,4.792183852680722,0.16550528268408743
887,0.1192769975032634,0,12,0,88277,517333,5351,102605,4.792072696283671,0.16550848633250423
888,0.11928737966666,1,7,1,88284,517326,5352,102604,4.792007855052058,0.16550900908167052
889,0.1192956797996121,0,1,0,88285,517325,5352,102604,4.79199859201897,0.16550927606225874
890,0.1192979133572556,4,51,4,88336,517274,5356,102600,4.791526177331505,0.16551750839686774
891,0.1193144601850355,8,34,8,88370,517240,5364,102592,4.7912112342065285,0.16551581718917385
892,0.119322419658263,2,22,2,88392,517218,5366,102590,4.791007447478602,0.1655189994320822
893,0.1193284181378524,2,19,2,88411,517199,5368,102588,4.7908314498499385,0.1655213807324129
894,0.1193352008017798,5,80,5,88491,517119,5373,102583,4.790090407202935,0.1655360156978677
895,0.1193409971426821,18,290,18,88781,516829,5391,102565,4.787404127607544,0.16558926951181316
896,0.1193483946395085,0,3,0,88784,516826,5391,102565,4.787376338508281,0.16559007153801072
897,0.1193569757699967,1,4,1,88788,516822,5392,102564,4.787339286375931,0.16558979376350128
898,0.1193612591759087,15,184,15,88972,516638,5407,102549,4.785634888287821,0.16561878721613987
899,0.1193692070667026,2,6,2,88978,516632,5409,102547,4.785579310089296,0.1656176969826173
900,0.1193716040460801,2,44,2,89022,516588,5411,102545,4.785171736633443,0.16562677163065126
901,0.1193754433351739,0,15,0,89037,516573,5411,102545,4.78503279113713,0.16563078443850768
902,0.1193859667194981,3,12,3,89049,516561,5414,102542,4.784921634740079,0.165629951720473
903,0.1193868516851629,0,1,0,89050,516560,5414,102542,4.784912371706992,0.16563021925304716
904,0.1193923974327403,0,24,0,89074,516536,5414,102542,4.78469005891289,0.1656366402941148
905,0.1193930655928253,0,5,0,89079,516531,5414,102542,4.784643743747453,0.1656379780736682
906,0.1194007153043945,8,43,8,89122,516488,5422,102534,4.7842454333246875,0.16563870104778183
907,0.1194142828528195,10,102,10,89224,516386,5432,102524,4.783300603949757,0.16565251813672424
908,0.1194270986487237,0,13,0,89237,516373,5432,102524,4.783180184519619,0.16565599768620626
909,0.1194428224919411,1,16,1,89253,516357,5433,102523,4.783031975990219,0.1656589322647363
910,0.119448063259093,8,112,8,89365,516245,5441,102515,4.781994516284412,0.1656781304544573
911,0.1194500281119273,0,2,0,89367,516243,5441,102515,4.781975990218237,0.1656786659728036
912,0.1194617904964201,3,45,3,89412,516198,5444,102512,4.781559153729297,0.16568667065345638
913,0.1194634523831306,0,2,0,89414,516196,5444,102512,4.781540627663122,0.16568720624268637
914,0.1194812933279337,0,9,0,89423,516187,5444,102512,4.781457260365334,0.16568961643707197
915,0.1194890249186513,1,3,1,89426,516184,5445,102511,4.781429471266072,0.16568907135179692
916,0.1194927342124098,8,90,8,89516,516094,5453,102503,4.780595798288192,0.16570238782276667
917,0.1194988291768113,3,11,3,89527,516083,5456,102500,4.780493904924229,0.16570128826689384
918,0.1195010539921286,0,7,0,89534,516076,5456,102500,4.780429063692615,0.16570316339463542
919,0.1195023341475998,3,15,3,89549,516061,5459,102497,4.7802901181963025,0.16570313535674908
920,0.119511065495723,15,159,15,89708,515902,5474,102482,4.778817295935381,0.16572550389402055
921,0.1195114770406797,21,258,21,89966,515644,5495,102461,4.776427433398792,0.16576633419888206
922,0.1195237261346347,0,3,0,89969,515641,5495,102461,4.77639964429953,0.16576713875703364
923,0.1195426379844996,0,3,0,89972,515638,5495,102461,4.776371855200267,0.1657679433229952
924,0.1195457667117064,8,66,8,90038,515572,5503,102453,4.775760495016488,0.16577484729582137
925,0.1195464534948891,45,505,45,90543,515067,5548,102408,4.771082663307273,0.16584962953965748
926,0.1195586167410176,0,2,0,90545,515065,5548,102408,4.7710641372410985,0.1658501667279379
927,0.1195645007175905,9,113,9,90658,514952,5557,102399,4.770017414502204,0.16586836337836985
928,0.1195719738524261,3,12,3,90670,514940,5560,102396,4.769906258105154,0.16586753404952895
929,0.1196086443132333,5,25,5,90695,514915,5565,102391,4.769674682277965,0.16586749521307098
930,0.1196209923661472,1,1,1,90696,514914,5566,102390,4.769665419244878,0.16586641265891683
931,0.1196393051779968,0,4,0,90700,514910,5566,102390,4.769628367112527,0.16586748744532642
932,0.1196471151492259,0,18,0,90718,514892,5566,102390,4.769461632516951,0.16587232415654435
933,0.1196525913079407,4,58,4,90776,514834,5570,102386,4.768924376597873,0.1658825054275623
934,0.1196588447058195,0,7,0,90783,514827,5570,102386,4.768859535366261,0.1658843867514132
935,0.1196611666411833,17,216,17,90999,514611,5587,102369,4.766858720219348,0.16591947875133717
936,0.1196714791983308,0,1,0,91000,514610,5587,102369,4.766849457186261,0.1659197476737458
937,0.1196832830001848,4,9,4,91009,514601,5591,102365,4.766766089888473,0.16591676040494938
938,0.1196958678571667,6,99,6,91108,514502,5597,102359,4.765849049612806,0.1659352755320891
939,0.1197316317781208,11,164,11,91272,514338,5608,102348,4.764329912186446,0.165964526517547
940,0.1197456436498713,5,20,5,91292,514318,5613,102343,4.7641446515246955,0.16596314668837497
941,0.1197516480871613,0,22,0,91314,514296,5613,102343,4.763940864796769,0.1659690678014203
942,0.1197555118993167,0,1,0,91315,514295,5613,102343,4.763931601763682,0.16596933695296107
943,0.1197577941270943,7,70,7,91385,514225,5620,102336,4.763283189447553,0.16597871094668654
944,0.1197698232005716,8,82,8,91467,514143,5628,102328,4.762523620734373,0.16598996546471773
945,0.1197701026141134,4,106,4,91573,514037,5632,102324,4.761541739227092,0.16601309946605966
946,0.1197756669106138,9,64,9,91637,513973,5641,102315,4.760948905109489,0.16601816034061997
947,0.1197832872098696,1,4,1,91641,513969,5642,102314,4.760911852977139,0.16601788464066022
948,0.1197911434337795,35,258,35,91899,513711,5677,102279,4.75852199044055,0.16604003311742074
949,0.1197924953430776,6,54,6,91953,513657,5683,102273,4.758021786653822,0.1660464663192246
950,0.1197986413985749,3,41,3,91994,513616,5686,102270,4.757642002297232,0.1660534579451392
951,0.1198402376602263,0,13,0,92007,513603,5686,102270,4.757521582867094,0.16605696304270523
952,0.1198542322789616,4,44,4,92051,513559,5690,102266,4.757114009411241,0.166063410871595
953,0.1198746863582035,0,2,0,92053,513557,5690,102266,4.757095483345067,0.1660639501934809
954,0.1198961496671828,0,4,0,92057,513553,5690,102266,4.757058431212716,0.1660650288477621
955,0.119897453599413,32,258,32,92315,513295,5722,102234,4.754668568676127,0.1660912808332345
956,0.1199182936713907,0,5,0,92320,513290,5722,102234,4.754622253510689,0.16609263001930064
957,0.1199359244354056,14,122,14,92442,513168,5736,102220,4.753492163474008,0.16610658641377474
958,0.1199520522086278,2,43,2,92485,513125,5738,102218,4.753093853051243,0.16611548355957573
959,0.1199531001175395,3,3,3,92488,513122,5741,102215,4.75306606395198,0.16611222793363636
960,0.1199670947362748,0,35,0,92523,513087,5741,102215,4.752741857793916,0.1661216768351151
961,0.119974354977788,1,8,1,92531,513079,5742,102214,4.752667753529216,0.16612248148443098
962,0.1199805518795462,1,2,1,92533,513077,5743,102213,4.75264922746304,0.1661216662061792
963,0.1200083612427109,0,2,0,92535,513075,5743,102213,4.752630701396866,0.16612220618637127
964,0.1200203568495042,6,50,6,92585,513025,5749,102207,4.752167549742488,0.16612757463851036
965,0.1200242932742808,2,26,2,92611,512999,5751,102205,4.751926710882211,0.16613188470816184
966,0.1200322197688336,1,0,1,92611,512999,5752,102204,4.751926710882211,0.16613052927245153
967,0.1200332239898578,0,1,0,92612,512998,5752,102204,4.751917447849124,0.16613079931469663
968,0.1200443748486607,0,3,0,92615,512995,5752,102204,4.751889658749861,0.16613160944669936
969,0.1200679252058411,1,1,1,92616,512994,5753,102203,4.751880395716774,0.16613052404351777
970,0.1200763033852309,0,7,0,92623,512987,5753,102203,4.751815554485161,0.16613241437604642
971,0.1200872174351013,1,15,1,92638,512972,5754,102202,4.751676608988848,0.16613510974130896
972,0.1200934143368594,0,4,0,92642,512968,5754,102202,4.751639556856497,0.1661361899962612
973,0.1201154401221227,2,9,2,92651,512959,5756,102200,4.751556189558709,0.166135909577849
974,0.1201318883884181,0,14,0,92665,512945,5756,102200,4.751426507095483,0.16613969064204376
975,0.1201380427985677,6,82,6,92747,512863,5762,102194,4.750666938382304,0.16615370607927396
976,0.1201440842829283,3,45,3,92792,512818,5765,102191,4.750250101893364,0.16616179600623732
977,0.1201459981838582,0,17,0,92809,512801,5765,102191,4.750092630330876,0.1661663891562817
978,0.1201588381537727,2,16,2,92825,512785,5767,102189,4.749944421801475,0.16616800059839928
979,0.1201611229615332,15,146,15,92971,512639,5782,102174,4.748592018970692,0.1661871170583576
980,0.1201636963149206,9,133,9,93104,512506,5791,102165,4.747360035570047,0.16621086727696605
981,0.1201709432016615,0,1,0,93105,512505,5791,102165,4.74735077253696,0.16621113768363513
982,0.1201787854989117,2,26,2,93131,512479,5793,102163,4.747109933676683,0.16621545550092573
983,0.1201803403099534,4,89,4,93220,512390,5797,102159,4.746285523731891,0.1662341001287123
984,0.1201958241775166,7,81,7,93301,512309,5804,102152,4.745535218051799,0.16624651523855868
985,0.1202139092093348,6,35,6,93336,512274,5810,102146,4.745211011893734,0.16624784349467792
986,0.1202213799120057,0,30,0,93366,512244,5810,102146,4.744933120901107,0.1662559611972851
987,0.1202253082638102,0,10,0,93376,512234,5810,102146,4.744840490570232,0.16625866727432534
988,0.1202583288672802,1,13,1,93389,512221,5811,102145,4.744720071140094,0.16626082823593755
989,0.1202588606411714,1,6,1,93395,512215,5812,102144,4.744664492941569,0.1662610948972832
990,0.1202821897478296,0,9,0,93404,512206,5812,102144,4.744581125643781,0.16626353056075527
991,0.1202884067519368,1,3,1,93407,512203,5813,102143,4.744553336544518,0.16626298535353043
992,0.1202936451657508,16,193,16,93600,512010,5829,102127,4.74276557115862,0.1662935143135815
993,0.1203019931983007,11,26,11,93626,511984,5840,102116,4.742524732298344,0.16628562123432666
994,0.1203112241069935,6,76,6,93702,511908,5846,102110,4.741820741783689,0.16629805640876977
995,0.120323342900891,4,30,4,93732,511878,5850,102106,4.741542850791063,0.16630075050815657
996,0.1203366944142841,2,12,2,93744,511866,5852,102104,4.741431694394012,0.16630128507907552
997,0.1203415149851301,0,14,0,93758,511852,5852,102104,4.741302011930786,0.16630507723680524
998,0.1203459253229769,4,113,4,93871,511739,5856,102100,4.740255289191893,0.16633025923735703
999,0.1203536962822923,0,5,0,93876,511734,5856,102100,4.740208974026455,0.16633161408458966
1000,0.1203568654257276,2,24,2,93900,511710,5858,102098,4.739986661232354,0.1663354012981258
1001,0.1203745355886001,2,11,2,93911,511699,5860,102096,4.739884767868391,0.16633566581676293
1002,0.1204038066814137,0,1,0,93912,511698,5860,102096,4.739875504835303,0.16633593681267655
1003,0.1204177576747214,0,1,0,93913,511697,5860,102096,4.739866241802216,0.16633620780947322
1004,0.1204244799819505,2,43,2,93956,511654,5862,102094,4.739467931379451,0.16634514491289584
1005,0.1204287233559742,11,101,11,94057,511553,5873,102083,4.738532365037608,0.16635758006375115
1006,0.1204385078973971,1,2,1,94059,511551,5874,102082,4.738513838971433,0.16635676373337158
1007,0.1204414470944064,18,152,18,94211,511399,5892,102064,4.737105857942124,0.16637352211950843
1008,0.1204485774187547,4,65,4,94276,511334,5896,102060,4.736503760791433,0.16638571619546327
1009,0.12045281366079,6,27,6,94303,511307,5902,102054,4.73625365889807,0.16638488589916867
1010,0.1204665587396055,0,2,0,94305,511305,5902,102054,4.736235132831895,0.16638542843587523
1011,0.1204710208673598,7,133,7,94438,511172,5909,102047,4.7350031494312494,0.16641199962819156
1012,0.1204731853580351,0,2,0,94440,511170,5909,102047,4.734984623365075,0.1664125423789621
1013,0.1204932613897239,12,111,12,94551,511059,5921,102035,4.733956426692356,0.16642635550176646
1014,0.1204944707713172,7,77,7,94628,510982,5928,102028,4.733243173144614,0.16643774163553612
1015,0.1205094921470854,5,28,5,94656,510954,5933,102023,4.732983808218163,0.16643854500250418
1016,0.1205159888212166,0,5,0,94661,510949,5933,102023,4.7329374930527255,0.16643990263829342
1017,0.1205224747443964,1,32,1,94693,510917,5934,102022,4.732641075993923,0.16644723210629442
1018,0.1205441933630688,3,15,3,94708,510902,5937,102019,4.73250213049761,0.16644722566203474
1019,0.1205571759603797,2,16,2,94724,510886,5939,102017,4.732353921968209,0.16644885079694502
1020,0.1205916649591774,8,102,8,94826,510784,5947,102009,4.731409092593279,0.1664656743794397
1021,0.1206124545579191,9,104,9,94930,510680,5956,102000,4.7304457371521735,0.16648168701442842
1022,0.1206321955425365,0,3,0,94933,510677,5956,102000,4.73041794805291,0.16648250219936442
1023,0.1206446886360883,5,32,5,94965,510645,5961,101995,4.730121530994109,0.1664843954034996
1024,0.1206459868904886,0,1,0,94966,510644,5961,101995,4.7301122679610215,0.16648466715308688
1025,0.1206476783154292,0,11,0,94977,510633,5961,101995,4.730010374597058,0.16648765645709956
1026,0.1206583636412669,0,4,0,94981,510629,5961,101995,4.729973322464708,0.16648874350335605
1027,0.1206594611312164,2,12,2,94993,510617,5963,101993,4.729862166067657,0.1664892835572387
1028,0.1206691699208409,0,41,0,95034,510576,5963,101993,4.729482381711067,0.16650042689068498
1029,0.1206725758898566,7,52,7,95086,510524,5970,101986,4.729000703990515,0.16650503665246283
1030,0.12070727710584,4,26,4,95112,510498,5974,101982,4.728759865130238,0.16650666144200627
1031,0.1207133732126655,1,3,1,95115,510495,5975,101981,4.728732076030975,0.16650611615802088
1032,0.1207193776499555,0,10,0,95125,510485,5975,101981,4.7286394457001,0.1665088347761345
1033,0.1207299976209619,1,4,1,95129,510481,5976,101980,4.7286023935677495,0.1665085613614581
1034,0.1207447167825717,1,12,1,95141,510469,5977,101979,4.728491237170699,0.16651046292909766
1035,0.1207537473985318,2,12,2,95153,510457,5979,101977,4.728380080773649,0.16651100363467736
1036,0.1207543167834059,0,6,0,95159,510451,5979,101977,4.7283245025751235,0.16651263495463955
1037,0.1207722951323475,0,5,0,95164,510446,5979,101977,4.7282781874096855,0.16651399441235878
1038,0.1207769448181056,0,3,0,95167,510443,5979,101977,4.728250398310423,0.1665148100976454
1039,0.12079190768078,0,2,0,95169,510441,5979,101977,4.728231872244248,0.1665153538922762
1040,0.1207954802440847,0,7,0,95176,510434,5979,101977,4.728167031012635,0.16651725720145458
1041,0.1208143861612422,1,3,1,95179,510431,5980,101976,4.7281392419133725,0.16651671192523926
1042,0.1208241854625591,0,4,0,95183,510427,5980,101976,4.728102189781022,0.16651779955356194
1043,0.1208361227431372,0,12,0,95195,510415,5980,101976,4.727991033383971,0.16652106252377974
1044,0.1208714776849349,0,3,0,95198,510412,5980,101976,4.727963244284709,0.1665218782863152
1045,0.1208882611720906,2,13,2,95211,510399,5982,101974,4.72784282485457,0.16652269123557048
1046,0.1208893459180463,0,7,0,95218,510392,5982,101974,4.727777983622958,0.16652459476848813
1047,0.1208915763003645,0,3,0,95221,510389,5982,101974,4.727750194523695,0.16652541058163214
1048,0.1209045346481769,1,5,1,95226,510384,5983,101973,4.727703879358257,0.1665254091975759
1049,0.1209047701380932,2,0,2,95226,510384,5985,101971,4.727703879358257,0.16652268700345388
1050,0.1209201226336513,16,209,16,95435,510175,6001,101955,4.725767905442958,0.1665577573391273
1051,0.1209221500652913,1,1,1,95436,510174,6002,101954,4.725758642409871,0.16655666788645512
1052,0.1209270459635658,3,7,3,95443,510167,6005,101951,4.725693801178258,0.16655448786018381
1053,0.1209305586834762,2,17,2,95460,510150,6007,101949,4.725536329615769,0.1665563903878294
1054,0.1209389256817635,0,9,0,95469,510141,6007,101949,4.7254529623179815,0.16655883938636476
1055,0.1209456981088557,1,3,1,95472,510138,6008,101948,4.725425173218719,0.1665582940959277
1056,0.1209489852004504,1,7,1,95479,510131,6009,101947,4.725360331987106,0.16655883727237378
1057,0.120952591273213,1,7,1,95486,510124,6010,101946,4.725295490755493,0.16655938046301894
1058,0.1209548238496347,4,124,4,95610,510000,6014,101942,4.724146874652636,0.16658768314644198
1059,0.1209571495995552,5,16,5,95626,509984,6019,101937,4.723998666123236,0.16658522913905552
1060,0.1209751737422021,0,1,0,95627,509983,6019,101937,4.7239894030901475,0.16658550137272846
1061,0.1209876751895106,2,21,2,95648,509962,6021,101935,4.723794879395309,0.16658849446884033
1062,0.1209994471109408,5,19,5,95667,509943,6026,101930,4.723618881766646,0.1665868570765502
1063,0.1210044387576777,0,2,0,95669,509941,6026,101930,4.72360035570047,0.1665874015928194
1064,0.1210055526393662,0,7,0,95676,509934,6026,101930,4.723535514468858,0.1665893074277944
1065,0.1210206781783683,0,4,0,95680,509930,6026,101930,4.723498462336507,0.16659039649593044
1066,0.1210257093770081,3,8,3,95688,509922,6029,101927,4.723424358071807,0.16658848833617446
1067,0.1210357025229542,0,1,0,95689,509921,6029,101927,4.723415095038719,0.16658876060720965
1068,0.1210405322411488,1,2,1,95691,509919,6030,101926,4.723396568972545,0.1665879430247857
1069,0.1210522598927976,3,73,3,95764,509846,6033,101923,4.7227203675571525,0.16660373441609497
1070,0.121062975689754,0,6,0,95770,509840,6033,101923,4.722664789358627,0.1666053684188158
1071,0.1210654537305263,1,2,1,95772,509838,6034,101922,4.722646263292453,0.16660455080423694
1072,0.1210719923740355,2,12,2,95784,509826,6036,101920,4.722535106895402,0.16660509427115175
1073,0.1210879491785424,1,4,1,95788,509822,6037,101919,4.722498054763052,0.16660482132144158
1074,0.1210949482017389,1,15,1,95803,509807,6038,101918,4.722359109266739,0.16660754423965016
1075,0.1211032792411359,20,303,20,96106,509504,6058,101898,4.719552410241209,0.16666285030143832
1076,0.1211047475030557,0,8,0,96114,509496,6058,101898,4.719478305976509,0.16666503106016742
1077,0.1211082550793299,0,7,0,96121,509489,6058,101898,4.719413464744896,0.16666693927087098
1078,0.1211094644609233,0,6,0,96127,509483,6058,101898,4.719357886546371,0.16666857491482398
1079,0.121111207447708,10,29,10,96156,509454,6068,101888,4.719089258586831,0.16666284992688218
1080,0.1211137277466523,0,1,0,96157,509453,6068,101888,4.719079995553744,0.1666631225453552
1081,0.1211158227867942,7,115,7,96272,509338,6075,101881,4.7180147467486755,0.16668493616854188
1082,0.1211173059662927,22,163,22,96435,509175,6097,101859,4.716504872355404,0.16669939806950185
1083,0.1211193294753639,2,9,2,96444,509166,6099,101857,4.716421505057616,0.16669912589215136
1084,0.1211379804571193,7,150,7,96594,509016,6106,101850,4.715032050094483,0.1667305104556482
1085,0.1211554935316017,1,5,1,96599,509011,6107,101849,4.714985734929045,0.16673051108273582
1086,0.1211569462248895,3,19,3,96618,508992,6110,101846,4.714809737300381,0.1667316047790085
1087,0.1211581202981798,4,84,4,96702,508908,6114,101842,4.714031642521027,0.166749079001228
1088,0.1211616269867496,6,17,6,96719,508891,6120,101836,4.713874170958539,0.166745534420453
1089,0.1211642311246188,5,18,5,96737,508873,6125,101831,4.713707436362963,0.16674362702716863
1090,0.1211651223501108,9,93,9,96830,508780,6134,101822,4.71284597428582,0.1667567417073642
1091,0.1211725322102066,2,23,2,96853,508757,6136,101820,4.712632924524806,0.16676029395145903
1092,0.121175105563594,2,33,2,96886,508724,6138,101818,4.712327244432917,0.16676657789308516
1093,0.1211814054342324,10,96,10,96982,508628,6148,101808,4.711437993256512,0.16677915457148662
1094,0.121190194747585,1,9,1,96991,508619,6149,101807,4.711354625958724,0.16678024854773552
1095,0.121194526534875,1,8,1,96999,508611,6150,101806,4.7112805216940234,0.16678106933456965
1096,0.1212044093803133,0,5,0,97004,508606,6150,101806,4.7112342065285855,0.16678243546981383
1097,0.12120723342619,0,4,0,97008,508602,6150,101806,4.711197154396236,0.16678352839412328
1098,0.1212255108346133,0,1,0,97009,508601,6150,101806,4.7111878913631475,0.16678380162743875
1099,0.1212265902039655,0,3,0,97012,508598,6150,101806,4.711160102263885,0.16678462133275668
1100,0.121235337995074,4,23,4,97035,508575,6154,101802,4.710947052502871,0.16678544571633597
1101,0.121238931341728,0,2,0,97037,508573,6154,101802,4.710928526436696,0.16678599221789883
1102,0.1212434916326735,2,2,2,97039,508571,6156,101800,4.7109100003705215,0.16678380853611985
1103,0.1212555415077235,0,5,0,97044,508566,6156,101800,4.710863685205084,0.16678517479676128
1104,0.1212596823256943,1,0,1,97044,508566,6157,101799,4.710863685205084,0.16678380968764592
1105,0.121261883616822,0,2,0,97046,508564,6157,101799,4.710845159138908,0.1667843561945924
1106,0.1212645324523396,1,4,1,97050,508560,6158,101798,4.710808107006558,0.16678408409490825
1107,0.1212824340311354,18,185,18,97235,508375,6176,101780,4.709094445885361,0.1668100728503413
1108,0.1212976121555523,10,94,10,97329,508281,6186,101770,4.7082237207751305,0.16682211815077755
1109,0.1212995539887391,4,119,4,97448,508162,6190,101766,4.707121419837712,0.16684920187300797
1110,0.1213073889921882,0,6,0,97454,508156,6190,101766,4.707065841639186,0.166850843222576
1111,0.1213087315868899,8,106,8,97560,508050,6198,101758,4.706083960131906,0.16686891611786006
1112,0.1213134024469741,2,6,2,97566,508044,6200,101756,4.70602838193338,0.16686782551656282
1113,0.1213141366054844,19,134,19,97700,507910,6219,101737,4.704787135499648,0.1668785379080025
1114,0.121320904867128,8,94,8,97794,507816,6227,101729,4.703916410389418,0.16689333847377963
1115,0.1213226333556669,2,17,2,97811,507799,6229,101727,4.70375893882693,0.16689525959516083
1116,0.1213228016619263,0,1,0,97812,507798,6229,101727,4.7037496757938415,0.16689553340716132
1117,0.1213299533272943,0,5,0,97817,507793,6229,101727,4.703703360628404,0.1668969024806405
1118,0.1213325266806817,0,7,0,97824,507786,6229,101727,4.703638519396791,0.16689881922124714
1119,0.1213362067356023,9,81,9,97905,507705,6238,101718,4.702888213716699,0.16690869888402637
1120,0.1213385999613126,9,59,9,97964,507646,6247,101709,4.702341694764534,0.1669125550787308
1121,0.1213481036629575,0,1,0,97965,507645,6247,101709,4.702332431731446,0.16691282899595308
1122,0.1213498405343237,0,1,0,97966,507644,6247,101709,4.702323168698358,0.16691310291407443
1123,0.121355210127308,6,105,6,98071,507539,6253,101703,4.7013505502241655,0.166933665111729
1124,0.1213564341168701,10,126,10,98197,507413,6263,101693,4.700183408055134,0.1669545202312898
1125,0.1213573345716502,2,22,2,98219,507391,6265,101691,4.699979621327207,0.16695781520386418
1126,0.1213622192702191,1,18,1,98237,507373,6266,101690,4.699812886731632,0.16696138166330904
1127,0.1213684039650367,0,6,0,98243,507367,6266,101690,4.699757308533106,0.1669630264490844
1128,0.1213740195138485,0,4,0,98247,507363,6266,101690,4.699720256400756,0.16696412299093838
1129,0.121374677571595,1,33,1,98280,507330,6267,101689,4.699414576308866,0.16697180219336344
1130,0.1213905959714809,2,12,2,98292,507318,6269,101687,4.699303419911816,0.1669723565487968
1131,0.1213992151342385,2,5,2,98297,507313,6271,101685,4.699257104746378,0.166970991694554
1132,0.1214100100327703,0,16,0,98313,507297,6271,101685,4.699108896216977,0.1669753785826182
1133,0.1214130749183536,1,15,1,98328,507282,6272,101684,4.698969950720664,0.16697812357340147
1134,0.1214178396013288,3,8,3,98336,507274,6275,101681,4.698895846455963,0.16697621334909804
1135,0.1214298640955508,1,18,1,98354,507256,6276,101680,4.698729111860388,0.16697978112642378
1136,0.121452307544156,1,24,1,98378,507232,6277,101679,4.698506799066286,0.1669849945230091
1137,0.1214556943598773,1,1,1,98379,507231,6278,101678,4.698497536033199,0.16698390071422822
1138,0.1214608084523846,16,242,16,98621,506989,6294,101662,4.69625588202601,0.16702839558301885
1139,0.1214621480556695,0,6,0,98627,506983,6294,101662,4.696200303827485,0.1670300421427926
1140,0.1214642229094633,0,4,0,98631,506979,6294,101662,4.696163251695135,0.1670311398673438
1141,0.1214669202344097,1,1,1,98632,506978,6295,101661,4.696153988662047,0.16703004572496996
1142,0.1214680725846212,7,116,7,98748,506862,6302,101654,4.695079476823891,0.16705230429438175
1143,0.1214800544727545,1,2,1,98750,506860,6303,101653,4.695060950757716,0.16705148452046217
1144,0.1214802159944847,2,1,2,98751,506859,6305,101651,4.695051687724629,0.16704902138009237
1145,0.1214941651958699,0,1,0,98752,506858,6305,101651,4.695042424691541,0.1670492959019505
1146,0.1214978678074294,13,139,13,98891,506719,6318,101638,4.693754863092371,0.16706966468701764
1147,0.1215127435379381,6,88,6,98979,506631,6324,101632,4.692939716180666,0.16708561921405707
1148,0.1215138321292954,12,133,12,99112,506498,6336,101620,4.691707732780022,0.1671057261912984
1149,0.1215209013957588,1,8,1,99120,506490,6337,101619,4.691633628515321,0.16710655491038612
1150,0.1215225135058704,0,1,0,99121,506489,6337,101619,4.691624365482234,0.16710682970788085
1151,0.1215240536731702,0,5,0,99126,506484,6337,101619,4.691578050316796,0.16710820370891116
1152,0.1215242373786196,0,1,0,99127,506483,6337,101619,4.691568787283708,0.1671084785118286
1153,0.1215279352072582,0,3,0,99130,506480,6337,101619,4.691540998184445,0.16710930292600382
1154,0.1215441354670526,1,7,1,99137,506473,6338,101618,4.691476156952833,0.16710985691286337
1155,0.1215450944928363,1,6,1,99143,506467,6339,101617,4.6914205787543075,0.1671101360996178
1156,0.1215491044219493,0,3,0,99146,506464,6339,101617,4.691392789655045,0.1671109605463746
1157,0.1215556026117422,1,0,1,99146,506464,6340,101616,4.691392789655045,0.1671095908433101
1158,0.1215557240363236,1,9,1,99155,506455,6341,101615,4.691309422357256,0.16711069449241042
1159,0.1215672524595807,0,4,0,99159,506451,6341,101615,4.691272370224906,0.16711179378554303
1160,0.1215797826917229,0,2,0,99161,506449,6341,101615,4.691253844158731,0.1671123434375329
1161,0.1215820215920781,2,2,2,99163,506447,6343,101613,4.691235318092557,0.16711015360326284
1162,0.121583600479422,6,18,6,99181,506429,6349,101607,4.69106858349698,0.16710688182936537
1163,0.1215894607733631,1,7,1,99188,506422,6350,101606,4.691003742265368,0.16710743584177046
1164,0.1215919831779543,0,2,0,99190,506420,6350,101606,4.690985216199192,0.16710798551377737
1165,0.1215937412347153,1,19,1,99209,506401,6351,101605,4.690809218570529,0.16711183771212784
1166,0.1215941948723162,0,1,0,99210,506400,6351,101605,4.690799955537441,0.16711211256486377
1167,0.1216010365407193,1,16,1,99226,506384,6352,101604,4.69065174700804,0.16711514043040324
1168,0.1216094967407905,1,3,1,99229,506381,6353,101603,4.690623957908778,0.16711459512092425
1169,0.1216095499709663,3,10,3,99239,506371,6356,101600,4.690531327577902,0.1671132340193858
1170,0.1216134822193327,0,1,0,99240,506370,6356,101600,4.6905220645448145,0.1671135088902413
1171,0.1216183016954054,1,16,1,99256,506354,6357,101599,4.690373856015413,0.1671165369691407
1172,0.1216271906940105,0,4,0,99260,506350,6357,101599,4.6903368038830635,0.16711763651227324
1173,0.1216276038268427,2,13,2,99273,506337,6359,101597,4.690216384452925,0.16711847009708292
1174,0.1216407976645714,0,1,0,99274,506336,6359,101597,4.690207121419838,0.1671187449932805
1175,0.1216427206153323,0,12,0,99286,506324,6359,101597,4.690095965022787,0.16712204381819348
1176,0.1216498658348013,23,335,23,99621,505989,6382,101574,4.6869928489384565,0.16718266253869968
1177,0.1216639471964297,1,3,1,99624,505986,6383,101573,4.686965059839194,0.16718211729231236
1178,0.1216767066446534,21,228,21,99852,505758,6404,101552,4.684853088295231,0.16721608404274588
1179,0.1216783225128465,1,3,1,99855,505755,6405,101551,4.6848252991959685,0.16721553878934178
1180,0.1216898754944624,0,3,0,99858,505752,6405,101551,4.684797510096706,0.16721636481295168
1181,0.1217007051603038,5,81,5,99939,505671,6410,101546,4.684047204416614,0.16723181333855935
1182,0.1217028895117121,12,204,12,100143,505467,6422,101534,4.682157545666753,0.1672715530946407
1183,0.1217138989980325,1,9,1,100152,505458,6423,101533,4.682074178368965,0.16727266137389188
1184,0.121715177480646,18,123,18,100275,505335,6441,101515,4.680934825299196,0.1672818653703551
1185,0.1217182641262836,1,7,1,100282,505328,6442,101514,4.680869984067583,0.16728242277231964
1186,0.1217259256468197,0,21,0,100303,505307,6442,101514,4.680675460372744,0.16728821184500867
1187,0.1217395619188234,1,5,1,100308,505302,6443,101513,4.680629145207306,0.16728821799065613
1188,0.121740466284156,0,16,0,100324,505286,6443,101513,4.680480936677906,0.16729262902542688
1189,0.1217542075718556,11,117,11,100441,505169,6454,101502,4.679397161806662,0.1673097939410323
1190,0.1217555830726455,0,9,0,100450,505160,6454,101502,4.679313794508874,0.1673122760284969
1191,0.1217561260312451,0,3,0,100453,505157,6454,101502,4.679286005409612,0.16731310340735076
1192,0.1217585699513494,1,8,1,100461,505149,6455,101501,4.679211901144911,0.16731393719607682
1193,0.1217667570869066,3,45,3,100506,505104,6458,101498,4.678795064655971,0.16732223105100213
1194,0.1217682231582054,2,7,2,100513,505097,6460,101496,4.678730223424358,0.1673214165016741
1195,0.1217851372374728,1,14,1,100527,505083,6461,101495,4.678600540961132,0.16732390558180482
1196,0.1217964602953677,1,15,1,100542,505068,6462,101494,4.678461595464819,0.16732667064537507
1197,0.12180145830289,3,33,3,100575,505035,6465,101491,4.67815591537293,0.1673316560213412
1198,0.1218038523059314,0,2,0,100577,505033,6465,101491,4.678137389306754,0.16733220779392077
1199,0.1218065367826254,0,30,0,100607,505003,6465,101491,4.677859498314128,0.16734048481930572
1200,0.1218135676176171,7,100,7,100707,504903,6472,101484,4.676933195005373,0.1673584690964681
1201,0.1218329447532323,8,40,8,100747,504863,6480,101476,4.67656267368187,0.16735852386206396
1202,0.1218582385709339,7,112,7,100859,504751,6487,101469,4.675525213976064,0.1673798291049454
1203,0.1218643768774891,1,4,1,100863,504747,6488,101468,4.675488161843714,0.16737956005707547
1204,0.1218695478488867,1,4,1,100867,504743,6489,101467,4.675451109711364,0.1673792910047673
1205,0.1218714155892249,0,23,0,100890,504720,6489,101467,4.67523805995035,0.16738564172441836
1206,0.1218740321476848,4,41,4,100931,504679,6493,101463,4.674858275593761,0.16739146932566956
1207,0.1218769162711246,24,368,24,101299,504311,6517,101439,4.67144947941754,0.16746017333883614
1208,0.1218908390429131,0,2,0,101301,504309,6517,101439,4.671430953351365,0.16746072624259592
1209,0.1218961289149522,8,111,8,101412,504198,6525,101431,4.670402756678647,0.16748042118194473
1210,0.1219093227526809,0,27,0,101439,504171,6525,101431,4.670152654785283,0.16748788808491386
1211,0.1219096568487647,0,14,0,101453,504157,6525,101431,4.670022972322057,0.1674917600745061
1212,0.1219118453602724,1,2,1,101455,504155,6526,101430,4.670004446255882,0.16749093851399885
1213,0.1219153871071172,22,200,22,101655,503955,6548,101408,4.668151839638371,0.16751601931403143
1214,0.1219167147632446,0,2,0,101657,503953,6548,101408,4.668133313572196,0.16751657275576062
1215,0.1219203208360072,0,3,0,101660,503950,6548,101408,4.668105524472933,0.1675174029252112
1216,0.12192423946551,3,33,3,101693,503917,6551,101405,4.667799844381044,0.1675224095605314
1217,0.1219270558245956,1,13,1,101706,503904,6552,101404,4.667679424950906,0.16752463208812704
1218,0.1219378299589153,1,3,1,101709,503901,6553,101403,4.6676516358516436,0.16752408707029856
1219,0.1219383361532763,13,81,13,101790,503820,6566,101390,4.666901330171552,0.16752862642719057
1220,0.1219384552122392,0,1,0,101791,503819,6566,101390,4.6668920671384635,0.16752890323838543
1221,0.1219539937059977,1,23,1,101814,503796,6567,101389,4.66667901737745,0.167533894594215
1222,0.1219541740926132,0,2,0,101816,503794,6567,101389,4.666660491311275,0.1675344482577997
1223,0.1219665369768956,7,34,7,101850,503760,6574,101382,4.666345548186298,0.167534231634889
1224,0.1219723221302446,2,6,2,101856,503754,6576,101380,4.666289969987773,0.1675331414199169
1225,0.1219817994864791,0,1,0,101857,503753,6576,101380,4.666280706954685,0.16753341827333826
1226,0.1220089913722654,11,138,11,101995,503615,6587,101369,4.665002408388602,0.1675564973619137
1227,0.1220199894555917,0,8,0,102003,503607,6587,101369,4.664928304123903,0.16755871307291528
1228,0.1220371186256815,0,4,0,102007,503603,6587,101369,4.664891251991552,0.1675598209503911
1229,0.1220511986105895,14,88,14,102095,503515,6601,101355,4.664076105079848,0.16756493130755368
1230,0.1220532790508317,0,4,0,102099,503511,6601,101355,4.664039052947497,0.16756603942030135
1231,0.1220536623255822,15,118,15,102217,503393,6616,101340,4.662946015043166,0.16757808818106504
1232,0.1220660442286942,2,30,2,102247,503363,6618,101338,4.662668124050539,0.16758364877848722
1233,0.1220692358553386,0,1,0,102248,503362,6618,101338,4.6626588610174515,0.1675839259136762
1234,0.1221079706674549,3,39,3,102287,503323,6621,101335,4.662297602727037,0.1675906049370057
1235,0.1221097912750005,2,23,2,102310,503300,6623,101333,4.662084552966023,0.1675942265804215
1236,0.1221246757876837,0,1,0,102311,503299,6623,101333,4.662075289932936,0.16759450376427315
1237,0.1221328519129049,0,13,0,102324,503286,6623,101333,4.6619548705027976,0.16759810723778115
1238,0.1221416231532923,1,6,1,102330,503280,6624,101332,4.661899292304272,0.1675983936805753
1239,0.1221444924909839,3,18,3,102348,503262,6627,101329,4.661732557708696,0.16759925304875528
1240,0.1221626921110286,2,12,2,102360,503250,6629,101327,4.6616214013116455,0.1675998259940421
1241,0.1222166246718702,0,1,0,102361,503249,6629,101327,4.661612138278558,0.16760010321283014
1242,0.1222177281296142,1,0,1,102361,503249,6630,101326,4.661612138278558,0.16759872637803416
1243,0.1222280652973631,1,1,1,102362,503248,6631,101325,4.66160287524547,0.16759762675475087
1244,0.1222401907167276,0,1,0,102363,503247,6631,101325,4.661593612212383,0.16759790397173538
1245,0.122257141794216,5,52,5,102415,503195,6636,101320,4.66111193449183,0.16760543576255346
1246,0.1222788988323485,3,17,3,102432,503178,6639,101317,4.660954462929341,0.16760601824663562
1247,0.1223063295241067,3,13,3,102445,503165,6642,101314,4.660834043499204,0.16760549167134012
1248,0.1223101654711268,4,29,4,102474,503136,6646,101310,4.660565415539664,0.16760802453817214
1249,0.1223229396901022,1,29,1,102503,503107,6647,101309,4.660296787580125,0.16761468922066922
1250,0.1223398593363121,1,9,1,102512,503098,6648,101308,4.6602134202823375,0.16761580791719474
1251,0.1223612497829971,0,2,0,102514,503096,6648,101308,4.660194894216162,0.16761636256543636
1252,0.1223632865299051,0,1,0,102515,503095,6648,101308,4.660185631183075,0.1676166398909337
1253,0.1223805018110347,0,3,0,102518,503092,6648,101308,4.660157842083812,0.16761747187293183
1254,0.1223874988130955,4,39,4,102557,503053,6652,101304,4.659796583793398,0.16762277925133653
1255,0.1224259696490881,1,28,1,102585,503025,6653,101303,4.659537218866946,0.16762916826623953
1256,0.1224335284393479,0,1,0,102586,503024,6653,101303,4.659527955833858,0.16762944564780327
1257,0.1224356144713759,0,5,0,102591,503019,6653,101303,4.65948164066842,0.16763083256939182
1258,0.1224358021474154,4,20,4,102611,502999,6657,101299,4.659296380006669,0.16763087086172715
1259,0.1224372386912363,7,108,7,102719,502891,6664,101292,4.658295972433214,0.16765119177467755
1260,0.1224527217936253,1,8,1,102727,502883,6665,101291,4.658221868168513,0.16765203401669054
1261,0.1224804731007322,4,12,4,102739,502871,6669,101287,4.658110711771463,0.16764985318410086
1262,0.1224973927469422,0,16,0,102755,502855,6669,101287,4.657962503242062,0.16765429319597047
1263,0.1225352830909604,1,27,1,102782,502828,6670,101286,4.6577124013486975,0.1676604084659518
1264,0.1225409355623328,0,14,0,102796,502814,6670,101286,4.657582718885472,0.1676642939910611
1265,0.1225420495142017,0,5,0,102801,502809,6670,101286,4.657536403720034,0.16766568172224566
1266,0.1225484769286891,1,2,1,102803,502807,6671,101285,4.657517877653859,0.1676648589949875
1267,0.122593147882006,1,9,1,102812,502798,6672,101284,4.657434510356071,0.16766597912203973
1268,0.1225953333896369,1,3,1,102815,502795,6673,101283,4.657406721256808,0.16766543393402839
1269,0.1226104501781265,0,1,0,102816,502794,6673,101283,4.657397458223721,0.1676657114904226
1270,0.1226111749438943,2,0,2,102816,502794,6675,101281,4.657397458223721,0.16766295575880477
1271,0.1226481455482736,3,24,3,102840,502770,6678,101278,4.657175145429619,0.1676654835377321
1272,0.1226607888182837,0,4,0,102844,502766,6678,101278,4.657138093297269,0.16766659382429094
1273,0.1226859936890777,1,4,1,102848,502762,6679,101277,4.657101041164919,0.1676663261809254
1274,0.1226928165015905,2,35,2,102883,502727,6681,101275,4.656776835006855,0.16767328585004684
1275,0.1226992596542763,0,1,0,102884,502726,6681,101275,4.656767571973767,0.16767356345436515
1276,0.1227081958469501,1,4,1,102888,502722,6682,101274,4.656730519841417,0.16767329584964139
1277,0.1227233126354397,0,1,0,102889,502721,6682,101274,4.656721256808329,0.16767357345673392
1278,0.1227299929447495,24,204,24,103093,502517,6706,101250,4.654831598058468,0.16769714144694892
1279,0.1227354942486518,1,19,1,103112,502498,6707,101249,4.6546556004298045,0.16770104033643232
1280,0.122752866800267,1,6,1,103118,502492,6708,101248,4.654600022231279,0.16770132838639148
1281,0.1227732691207712,2,14,2,103132,502478,6710,101246,4.654470339768054,0.1677024600645328
1282,0.1228046765247212,1,7,1,103139,502471,6711,101245,4.654405498536441,0.1677030259260977
1283,0.1228079703367546,0,4,0,103143,502467,6711,101245,4.65436844640409,0.16770413707198134
1284,0.1228107788327029,7,33,7,103176,502434,6718,101238,4.654062766312201,0.1677036536397249
1285,0.1228179460312988,3,9,3,103185,502425,6721,101235,4.653979399014413,0.16770201769207832
1286,0.1228492496686955,3,10,3,103195,502415,6724,101232,4.653886768683538,0.16770065949139148
1287,0.1229060657160705,3,14,3,103209,502401,6727,101229,4.653757086220312,0.1677004125043487
1288,0.1229251591607328,0,2,0,103211,502399,6727,101229,4.653738560154137,0.16770096814594418
1289,0.1229296053117779,0,1,0,103212,502398,6727,101229,4.653729297121049,0.1677012459681227
1290,0.1229906202846264,0,1,0,103213,502397,6727,101229,4.653720034087962,0.16770152379122172
1291,0.1229937339071379,18,137,18,103350,502260,6745,101211,4.652450998554967,0.1677147700552305
1292,0.1230045323931281,1,24,1,103374,502236,6746,101210,4.652228685760866,0.16772006111565907
1293,0.1230189281733837,4,17,4,103391,502219,6750,101206,4.6520712141983775,0.1677192691718109
1294,0.1230468299045137,1,17,1,103408,502202,6751,101205,4.651913742635888,0.1677226150840146
1295,0.1230774534773676,0,7,0,103415,502195,6751,101205,4.651848901404276,0.16772456082200862
1296,0.1230840688378911,0,4,0,103419,502191,6751,101205,4.651811849271926,0.1677256726925601
1297,0.1230902889042109,1,17,1,103436,502174,6752,101204,4.651654377709437,0.16772901895660763
1298,0.1231093527160864,1,2,1,103438,502172,6753,101203,4.651635851643262,0.1677281955666045
1299,0.1231225396738837,1,4,1,103442,502168,6754,101202,4.651598799510912,0.16772792813696405
1300,0.1231369721357593,0,2,0,103444,502166,6754,101202,4.651580273444737,0.16772848410920035
1301,0.1231736526055209,2,11,2,103455,502155,6756,101200,4.651478380080774,0.1677287832204921
1302,0.1232031513615241,4,20,4,103475,502135,6760,101196,4.651293119419022,0.16772882547059575
1303,0.1232786216407616,1,1,1,103476,502134,6761,101195,4.651283856385935,0.16772772401127742
1304,0.1232952129505345,5,24,5,103500,502110,6766,101190,4.651061543591834,0.1677274987568374
1305,0.1233375104619201,3,29,3,103529,502081,6769,101187,4.6507929156322945,0.1677314228502092
1306,0.1233502972149995,0,1,0,103530,502080,6769,101187,4.650783652599207,0.16773170088866124
1307,0.1234049682540305,2,17,2,103547,502063,6771,101185,4.650626181036719,0.16773366840834947
1308,0.1234151035106293,4,62,4,103609,502001,6775,101181,4.650051872985291,0.16774539028021393
1309,0.1234183425444114,1,12,1,103621,501989,6776,101180,4.649940716588239,0.1677473477582568
1310,0.1234499658345841,2,27,2,103648,501962,6778,101178,4.649690614694876,0.16775209735716418
1311,0.123457401022015,8,55,8,103703,501907,6786,101170,4.64918114787506,0.167756356153526
1312,0.1234624618917006,15,232,15,103935,501675,6801,101155,4.647032124198748,0.16780020901414994
1313,0.1234936715324565,13,133,13,104068,501542,6814,101142,4.645800140798103,0.1678192883832987
1314,0.123496244885844,13,105,13,104173,501437,6827,101129,4.64482752232391,0.16783057789520153
1315,0.1235023594373008,0,1,0,104174,501436,6827,101129,4.6448182592908225,0.16783085642212872
1316,0.1235283727484399,8,58,8,104232,501378,6835,101121,4.644281003371744,0.16783596321321695
1317,0.1235292054746003,0,3,0,104235,501375,6835,101121,4.6442532142724815,0.16783679891650732
1318,0.123536405482034,6,29,6,104264,501346,6841,101115,4.643984586312943,0.1678365902523151
1319,0.123587045635319,0,5,0,104269,501341,6841,101115,4.643938271147505,0.1678379831888138
1320,0.1236134173293196,13,135,13,104404,501206,6854,101102,4.642687761680684,0.1678576409411796
1321,0.1236387847269079,0,5,0,104409,501201,6854,101102,4.642641446515247,0.1678590344062706
1322,0.1236437726779168,7,59,7,104468,501142,6861,101095,4.642094927563082,0.1678658069829652
1323,0.1236557148407052,15,144,15,104612,500998,6876,101080,4.640761050798473,0.16788522417361207
1324,0.1236768281399411,21,216,21,104828,500782,6897,101059,4.638760235651562,0.16791644304725
1325,0.1236784738939002,15,117,15,104945,500665,6912,101044,4.637676460780318,0.16792835074762053
1326,0.1236794014933286,25,247,25,105192,500418,6937,101019,4.635388491607692,0.16796272926341413
1327,0.1236816253015628,0,15,0,105207,500403,6937,101019,4.635249546111378,0.16796691840338399
1328,0.1236867142549035,6,45,6,105252,500358,6943,101013,4.634832709622438,0.16797118584035478
1329,0.1236999080926322,1,6,1,105258,500352,6944,101012,4.634777131423913,0.1679714781729535
1330,0.1237002826211984,2,15,2,105273,500337,6946,101010,4.6346381859276,0.16797290083761954
1331,0.1237057840680357,13,117,13,105390,500220,6959,100997,4.633554411056356,0.16798759848773404
1332,0.123707151830591,12,120,12,105510,500100,6971,100985,4.63244284708585,0.1680045251503531
1333,0.1237115293559245,13,116,13,105626,499984,6984,100972,4.631368335247694,0.16801895646270276
1334,0.1237163265175462,0,11,0,105637,499973,6984,100972,4.631266441883731,0.1680220319663197
1335,0.1237256381308162,6,61,6,105698,499912,6990,100966,4.63070139686539,0.16803078162289184
1336,0.1237267176443919,10,131,10,105829,499781,7000,100956,4.62948793953092,0.16805357419303288
1337,0.1237294430802192,0,2,0,105831,499779,7000,100956,4.6294694134647445,0.16805413368623437
1338,0.1237381668278089,0,3,0,105834,499776,7000,100956,4.629441624365482,0.1680549729330217
1339,0.1237426369179479,0,1,0,105835,499775,7000,100956,4.629432361332395,0.16805525268381355
1340,0.1237480815794214,11,107,11,105942,499668,7011,100945,4.628441216792027,0.16806995519577497
1341,0.1237824693899673,1,22,1,105964,499646,7012,100944,4.6282374300641,0.16807472651892305
1342,0.1237995767122167,7,64,7,106028,499582,7019,100937,4.627644595946497,0.16808294158885898
1343,0.1238269292854014,13,101,13,106129,499481,7032,100924,4.626709029604654,0.16809320375413261
1344,0.1238420407180088,4,40,4,106169,499441,7036,100920,4.626338508281152,0.16809886051892112
1345,0.1238423055375324,0,6,0,106175,499435,7036,100920,4.626282930082627,0.1681005405135295
1346,0.1238616305013848,22,198,22,106373,499237,7058,100898,4.624448849531291,0.16812550509468702
1347,0.123873385703834,0,10,0,106383,499227,7058,100898,4.624356219200415,0.16812830660279107
1348,0.1238745195730474,16,136,16,106519,499091,7074,100882,4.623096446700508,0.16814423315715873
1349,0.1238767419339921,2,19,2,106538,499072,7076,100880,4.622920449071844,0.16814678507613942
1350,0.1238821380095519,9,103,9,106641,498969,7085,100871,4.621966356663826,0.16816317684715923
1351,0.1238871677729287,0,2,0,106643,498967,7085,100871,4.621947830597651,0.1681637375424698
1352,0.1238879561802461,0,1,0,106644,498966,7085,100871,4.6219385675645634,0.16816401789152718
1353,0.1238895152699807,9,107,9,106751,498859,7094,100862,4.620947423024195,0.16818153774838634
1354,0.1238899958698295,1,12,1,106763,498847,7095,100861,4.620836266627144,0.16818351597777584
1355,0.1238929771037337,0,1,0,106764,498846,7095,100861,4.620827003594057,0.1681837964205854
1356,0.1238953318472806,2,27,2,106791,498819,7097,100859,4.620576901700693,0.16818859454573953
1357,0.123904097886726,15,148,15,106939,498671,7112,100844,4.6192059728037345,0.1682093025195366
1358,0.1239098026683625,4,15,4,106954,498656,7116,100840,4.6190670273074215,0.1682079613542042
1359,0.1239157750268086,32,317,32,107271,498339,7148,100808,4.616130645818667,0.1682525323501578
1360,0.1239239519495065,20,115,20,107386,498224,7168,100788,4.615065397013598,0.16825706329756332
1361,0.123926333868365,8,73,8,107459,498151,7176,100780,4.614389195598207,0.16826646141208254
1362,0.1239275432499583,7,61,7,107520,498090,7183,100773,4.613824150579866,0.16827387900070634
1363,0.1239294652843143,0,4,0,107524,498086,7183,100773,4.613787098447515,0.16827500296396983
1364,0.1239463953981116,20,198,20,107722,497888,7203,100753,4.61195301789618,0.16830287267327163
1365,0.1239503945100057,18,213,18,107935,497675,7221,100735,4.6099799918485305,0.16833776173526513
1366,0.1239521001797482,5,23,5,107958,497652,7226,100730,4.609766942087517,0.1683372828728137
1367,0.1239682669236146,2,43,2,108001,497609,7228,100728,4.609368631664752,0.16834660066150012
1368,0.1239730543234186,11,61,11,108062,497548,7239,100717,4.608803586646411,0.1683484743382949
1369,0.1239850957259891,11,108,11,108170,497440,7250,100706,4.607803179072955,0.16836357678560085
1370,0.1239858190699243,0,3,0,108173,497437,7250,100706,4.607775389973693,0.16836442121699996
1371,0.1239894513910078,0,1,0,108174,497436,7250,100706,4.607766126940605,0.16836470269601533
1372,0.123989664489414,8,98,8,108272,497338,7258,100698,4.606858349698025,0.16838116768890168
1373,0.1239950004668651,17,102,17,108374,497236,7275,100681,4.605913520323095,0.16838624758954837
1374,0.1240008186375593,0,6,0,108380,497230,7275,100681,4.605857942124569,0.16838793733515522
1375,0.1240028583271427,0,6,0,108386,497224,7275,100681,4.605802363926044,0.16838962711467542
1376,0.1240247374378185,7,64,7,108450,497160,7282,100674,4.60520952980844,0.16839791647848734
1377,0.1240251973254934,3,40,3,108490,497120,7285,100671,4.604839008484938,0.16840501111592512
1378,0.1240281165813099,0,7,0,108497,497113,7285,100671,4.604774167253326,0.16840698312433922
1379,0.1240475292804595,0,7,0,108504,497106,7285,100671,4.6047093260217125,0.16840895517893797
1380,0.1240536606961667,0,3,0,108507,497103,7285,100671,4.60468153692245,0.16840980035933312
1381,0.1240598985414768,1,15,1,108522,497088,7286,100670,4.604542591426137,0.1684126352135814
1382,0.1240635769554641,19,270,19,108792,496818,7305,100651,4.602041572492497,0.16846229678862
1383,0.1240688094584824,2,18,2,108810,496800,7307,100649,4.601874837896921,0.16846458860923694
1384,0.1240777611147293,3,44,3,108854,496756,7310,100646,4.601467264441069,0.1684728206467337
1385,0.1240854196244778,3,19,3,108873,496737,7313,100643,4.601291266812405,0.16847400314707556
1386,0.1240878290886709,21,171,21,109044,496566,7334,100622,4.599707288154433,0.16849300387817573
1387,0.1240891200105923,3,6,3,109050,496560,7337,100619,4.599651709955908,0.16849051959295286
1388,0.1241025269467272,13,93,13,109143,496467,7350,100606,4.598790247878766,0.16849865929291727
1389,0.1241055081806314,0,2,0,109145,496465,7350,100606,4.59877172181259,0.168499223710413
1390,0.1241142674909887,4,42,4,109187,496423,7354,100602,4.598382674422913,0.16850550646957832
1391,0.1241153912507817,15,152,15,109339,496271,7369,100587,4.596974693393605,0.16852752245927843
1392,0.124116600632375,13,128,13,109467,496143,7382,100574,4.595789025158398,0.16854555844730418
1393,0.1241230505522467,0,12,0,109479,496131,7382,100574,4.5956778687613475,0.1685489479726163
1394,0.1241286366068722,0,4,0,109483,496127,7382,100574,4.595640816628997,0.16855007784468268
1395,0.1241471979000441,7,91,7,109574,496036,7389,100567,4.59479788061803,0.16856603134747897
1396,0.1241504959316708,9,23,9,109597,496013,7398,100558,4.594584830857015,0.16855998699232783
1397,0.1241533293157512,1,22,1,109619,495991,7399,100557,4.59438104412909,0.1685648095375393
1398,0.1241567482349204,0,1,0,109620,495990,7399,100557,4.594371781096002,0.16856509210506465
1399,0.1241616920688965,1,2,1,109622,495988,7400,100556,4.594353255029827,0.16856426349104173
1400,0.1241623895693642,0,4,0,109626,495984,7400,100556,4.594316202897477,0.16856539377074461
1401,0.124164265422284,0,1,0,109627,495983,7400,100556,4.594306939864389,0.16856567634303876
1402,0.1241653218841522,1,15,1,109642,495968,7401,100555,4.5941679943680755,0.16856852124729474
1403,0.1241684780780669,19,116,19,109758,495852,7420,100536,4.59309348252992,0.1685748204189219
1404,0.1241850882440623,14,136,14,109894,495716,7434,100522,4.591833710030012,0.16859374947588043
1405,0.124198282081791,3,18,3,109912,495698,7437,100519,4.591666975434436,0.16859465597257375
1406,0.1242076193955378,1,18,1,109930,495680,7438,100518,4.59150024083886,0.1685983515543494
1407,0.1242137948202352,13,140,13,110070,495540,7451,100505,4.590203416206602,0.16861981897339967
1408,0.1242429530351079,1,12,1,110082,495528,7452,100504,4.590092259809552,0.16862181896274026
1409,0.1242612663372668,4,29,4,110111,495499,7456,100500,4.589823631850013,0.16862444400074497
1410,0.1242620581889487,0,20,0,110131,495479,7456,100500,4.589638371188262,0.1686301027385193
1411,0.1242661917730644,3,19,3,110150,495460,7459,100497,4.5894623735595985,0.16863129386851736
1412,0.124266818497146,5,72,5,110222,495388,7464,100492,4.588795435177294,0.16864469356246223
1413,0.1242764996273307,1,7,1,110229,495381,7465,100491,4.588730593945682,0.16864527952311906
1414,0.1242805881938233,9,47,9,110276,495334,7474,100482,4.588295231390567,0.16864602494729916
1415,0.1242816971855898,2,11,2,110287,495323,7476,100480,4.588193338026604,0.16864634787001745
1416,0.1242922374435926,0,1,0,110288,495322,7476,100480,4.588184074993515,0.1686466309277243
1417,0.1242979507013756,12,186,12,110474,495136,7488,100468,4.586461150839231,0.16868254746442268
1418,0.124304550163576,2,5,2,110479,495131,7490,100466,4.586414835673793,0.16868117200053057
1419,0.1243117932143568,0,1,0,110480,495130,7490,100466,4.586405572640706,0.16868145521460856
1420,0.1243138837149618,8,27,8,110507,495103,7498,100458,4.586155470747341,0.16867793559349925
1421,0.1243187971387163,2,4,2,110511,495099,7500,100456,4.5861184186149915,0.16867627675025818
1422,0.1243199229799943,0,4,0,110515,495095,7500,100456,4.586081366482641,0.16867740965929032
1423,0.1243239946969754,1,18,1,110533,495077,7501,100455,4.585914631887065,0.1686811120141319
1424,0.1243324589730781,1,2,1,110535,495075,7502,100454,4.58589610582089,0.16868028257230128
1425,0.1243426216546924,14,144,14,110679,494931,7516,100440,4.584562229056282,0.16870153232186316
1426,0.1243458056173371,0,2,0,110681,494929,7516,100440,4.584543702990107,0.16870209903438035
1427,0.1243490530860971,2,17,2,110698,494912,7518,100438,4.584386231427619,0.16870412362475853
1428,0.1243578133240125,1,4,1,110702,494908,7519,100437,4.584349179295269,0.16870386078660274
1429,0.1243636357028424,1,21,1,110723,494887,7520,100436,4.58415465560043,0.16870841543162282
1430,0.1243747564844637,2,1,2,110724,494886,7522,100434,4.5841453925673425,0.16870590606732513
1431,0.1243749206462619,5,17,5,110741,494869,7527,100429,4.583987921004854,0.1687037416554398
1432,0.1243891937548467,0,1,0,110742,494868,7527,100429,4.583978657971766,0.16870402504968107
1433,0.1243963901874255,1,5,1,110747,494863,7528,100428,4.583932342806328,0.16870404558442845
1434,0.124405933214228,3,30,3,110777,494833,7531,100425,4.583654451813702,0.16870835839249534
1435,0.1244195915995788,2,10,2,110787,494823,7533,100423,4.583561821482826,0.16870839955245395
1436,0.1244386876988111,1,4,1,110791,494819,7534,100422,4.583524769350476,0.16870813670429288
1437,0.124457481943597,2,16,2,110807,494803,7536,100420,4.583376560821075,0.1687098784825183
1438,0.124468300640667,0,7,0,110814,494796,7536,100420,4.583311719589462,0.16871186258433912
1439,0.1244706757813258,0,1,0,110815,494795,7536,100420,4.583302456556375,0.16871214603126602
1440,0.12448001100428,6,30,6,110845,494765,7542,100414,4.583024565563748,0.1687122697541412
1441,0.1244936075459927,0,2,0,110847,494763,7542,100414,4.583006039497573,0.1687128366855574
1442,0.1245017574907567,1,1,1,110848,494762,7543,100413,4.582996776464485,0.16871172344268492
1443,0.1245050807811299,1,17,1,110865,494745,7544,100412,4.582839304901997,0.16871514575145719
1444,0.1245076541345173,0,16,0,110881,494729,7544,100412,4.582691096372597,0.16871968155445516
1445,0.1245100612544488,1,3,1,110884,494726,7545,100411,4.582663307273333,0.1687191352579322
1446,0.1245152916611999,15,128,15,111012,494598,7560,100396,4.581477639038127,0.16873447463335764
1447,0.1245153467346426,1,3,1,111015,494595,7561,100395,4.581449849938864,0.16873392830131598
1448,0.1245176921588301,1,3,1,111018,494592,7562,100394,4.581422060839602,0.16873338196192852
1449,0.1245223085156656,8,54,8,111072,494538,7570,100386,4.580921857052873,0.1687375194142445
1450,0.1245397819971133,1,5,1,111077,494533,7571,100385,4.580875541887436,0.16873754029967156
1451,0.1245421442844248,0,1,0,111078,494532,7571,100385,4.580866278854348,0.16873782393174175
1452,0.1245443291562117,5,36,5,111114,494496,7576,100380,4.580532809663196,0.16874104855465677
1453,0.1245473669047873,0,14,0,111128,494482,7576,100380,4.58040312719997,0.16874501985334414
1454,0.1245703444009103,3,17,3,111145,494465,7579,100377,4.580245655637482,0.16874565010540615
1455,0.1245784764635408,10,60,10,111205,494405,7589,100367,4.579689873652229,0.16874869697968298
1456,0.1245947040061157,4,18,4,111223,494387,7593,100363,4.579523139056652,0.16874821353509878
1457,0.1246150153542271,1,21,1,111244,494366,7594,100362,4.579328615361814,0.16875277437753056
1458,0.1246346213435017,0,1,0,111245,494365,7594,100362,4.579319352328726,0.16875305812582916
1459,0.1246370015175014,2,31,2,111276,494334,7596,100360,4.579032198303012,0.16875905928090748
1460,0.1246418129040093,4,21,4,111297,494313,7600,100356,4.578837674608174,0.16875942751345707
1461,0.1246472043623889,8,30,8,111327,494283,7608,100348,4.578559783615547,0.1687567583930202
1462,0.1246544438176977,3,6,3,111333,494277,7611,100345,4.578504205417022,0.16875426741694724
1463,0.1246551819265902,0,13,0,111346,494264,7611,100345,4.578383785986883,0.16875795690949852
1464,0.1246676376554264,0,1,0,111347,494263,7611,100345,4.578374522953796,0.16875824072330006
1465,0.1246697557953433,0,2,0,111349,494261,7611,100345,4.578355996887621,0.16875880835376703
1466,0.1246729188864702,0,3,0,111352,494258,7611,100345,4.578328207788358,0.16875965980662727
1467,0.1246804197260426,15,153,15,111505,494105,7626,100330,4.576910963725963,0.16878212083743385
1468,0.1246815692979946,0,8,0,111513,494097,7626,100330,4.576836859461262,0.16878439236441145
1469,0.1246867668562537,1,11,1,111524,494086,7627,100329,4.576734966097299,0.16878611744320046
1470,0.1246870707448319,1,19,1,111543,494067,7628,100328,4.576558968468635,0.1687901143179199
1471,0.1246882373886145,8,29,8,111572,494038,7636,100320,4.576290340509097,0.16878716194616714
1472,0.1246898831425736,2,17,2,111589,494021,7638,100318,4.576132868946608,0.16878919269978918
1473,0.124690810742002,7,45,7,111634,493976,7645,100311,4.575716032457668,0.16879218290152737
1474,0.1246982736335569,9,86,9,111720,493890,7654,100302,4.5749194116121386,0.16880402294207933
1475,0.1247002280392997,3,16,3,111736,493874,7657,100299,4.574771203082737,0.16880437179070742
1476,0.1247067172817971,11,67,11,111803,493807,7668,100288,4.574150579865871,0.16880801891953306
1477,0.1247069248076124,1,12,1,111815,493795,7669,100287,4.574039423468821,0.16881002959187452
1478,0.124715501287671,28,319,28,112134,493476,7697,100259,4.571084515913891,0.16886152913336758
1479,0.1247188905620352,7,71,7,112205,493405,7704,100252,4.570426840564674,0.16887192436036297
1480,0.1247194535046051,0,1,0,112206,493404,7704,100252,4.570417577531587,0.16887220882127024
1481,0.1247209184674394,6,24,6,112230,493380,7710,100246,4.570195264737485,0.16887063572013356
1482,0.1247210525440256,1,1,1,112231,493379,7711,100245,4.570186001704398,0.16886952010026549
1483,0.1247229386045979,0,17,0,112248,493362,7711,100245,4.57002853014191,0.16887435626601438
1484,0.1247277357662196,1,1,1,112249,493361,7712,100244,4.5700192671088224,0.16887324062297318
1485,0.1247293682562175,2,4,2,112253,493357,7714,100242,4.569982214976472,0.16887157828769928
1486,0.1247299849737154,0,17,0,112270,493340,7714,100242,4.569824743413983,0.16887641471607967
1487,0.1247341924305095,7,69,7,112339,493271,7721,100235,4.569185594130942,0.16888624546339887
1488,0.1247375286437419,1,6,1,112345,493265,7722,100234,4.569130015932417,0.16888655246259893
1489,0.1247437852554457,0,1,0,112346,493264,7722,100234,4.569120752899329,0.16888683702388213
1490,0.1247455250567847,7,31,7,112377,493233,7729,100227,4.568833598873615,0.168885855828531
1491,0.1247456689986613,1,18,1,112395,493215,7730,100226,4.568666864278039,0.1688895779024368
1492,0.1247501989527615,1,4,1,112399,493211,7731,100225,4.568629812145689,0.16888931578131425
1493,0.1247556196834228,2,14,2,112413,493197,7733,100223,4.568500129682463,0.16889049914057497
1494,0.1247673062750109,2,6,2,112419,493191,7735,100221,4.568444551483938,0.16888940567430386
1495,0.1247725732683436,3,59,3,112478,493132,7738,100218,4.567898032531772,0.16890199713491194
1496,0.1247726632665021,3,30,3,112508,493102,7741,100215,4.5676201415391455,0.16890633506203262
1497,0.1247841398346539,1,19,1,112527,493083,7742,100214,4.567444143910482,0.16891034338619612
1498,0.1247878225681703,7,37,7,112564,493046,7749,100207,4.5671014116862425,0.16891107166756847
1499,0.124789006231667,3,33,3,112597,493013,7752,100204,4.566795731594353,0.16891626504297752
1500,0.1247956327399104,1,2,1,112599,493011,7753,100203,4.566777205528179,0.16891543355348998
1501,0.1247974222271599,6,26,6,112625,492985,7759,100197,4.5665363666679015,0.16891443098408246
1502,0.1248030861168386,1,17,1,112642,492968,7760,100196,4.566378895105413,0.16891787094294328
1503,0.1248274770676596,1,22,1,112664,492946,7761,100195,4.566175108377487,0.168922735066367
1504,0.1248383385340748,0,18,0,112682,492928,7761,100195,4.566008373781911,0.1689278615059608
1505,0.1248411152666282,1,4,1,112686,492924,7762,100194,4.5659713216495605,0.16892759956703388
1506,0.1248434538750302,1,19,1,112705,492905,7763,100193,4.565795324020898,0.1689316099531612
1507,0.124849867572346,0,15,0,112720,492890,7763,100193,4.565656378524584,0.16893588249873964
1508,0.1248504459040707,1,17,1,112737,492873,7764,100192,4.5654989069620955,0.16893932368290154
1509,0.1248532211596609,0,2,0,112739,492871,7764,100192,4.56548038089592,0.16893989340086973
1510,0.1248534499666822,2,3,2,112742,492868,7766,100190,4.5654525917966575,0.16893794536116197
1511,0.1248566477127589,0,3,0,112745,492865,7766,100190,4.565424802697395,0.16893879994266975
1512,0.1248708019467769,1,12,1,112757,492853,7767,100189,4.5653136463003445,0.16894081700790164
1513,0.1248710196128997,1,22,1,112779,492831,7768,100188,4.565109859572418,0.1689456830219605
1514,0.1248730397500582,5,23,5,112802,492808,7773,100183,4.564896809811405,0.16894522851105667
1515,0.1248733649564121,7,24,7,112826,492784,7780,100176,4.564674497017303,0.16894225580140312
1516,0.12487673205606,0,12,0,112838,492772,7780,100176,4.564563340620253,0.1689456748315198
1517,0.1248806293525137,14,275,14,113113,492497,7794,100162,4.5620160065211754,0.16900443594039744
1518,0.1248850806749439,5,46,5,113159,492451,7799,100157,4.5615899069991475,0.16901054322587614
1519,0.1248853845635221,1,28,1,113187,492423,7800,100156,4.561330542072696,0.16901712683034667
1520,0.1248881511826655,0,5,0,113192,492418,7800,100156,4.561284226907259,0.16901855295709903
1521,0.1248910893451587,1,4,1,113196,492414,7801,100155,4.561247174774908,0.16901829154073197
1522,0.1248918000456153,1,5,1,113201,492409,7802,100154,4.56120085960947,0.1690183153521229
1523,0.1249052386263026,2,19,2,113220,492390,7804,100152,4.561024861980807,0.16902093016191258
1524,0.1249057208288831,1,10,1,113230,492380,7805,100151,4.5609322316499314,0.16902238026364866
1525,0.1249069269082683,15,150,15,113380,492230,7820,100136,4.559542776686798,0.16904413825236425
1526,0.1249093231709793,1,5,1,113385,492225,7821,100135,4.559496461521361,0.169044162333716
1527,0.1249159485741518,0,7,0,113392,492218,7821,100135,4.559431620289748,0.1690461599755551
1528,0.1249191001885064,17,123,17,113515,492095,7838,100118,4.558292267219978,0.16905741684157558
1529,0.1249276820749078,3,31,3,113546,492064,7841,100115,4.558005113194264,0.16906205724958162
1530,0.1249288774045678,0,1,0,113547,492063,7841,100115,4.557995850161177,0.16906234274154056
1531,0.1249333868565443,0,7,0,113554,492056,7841,100115,4.557931008929564,0.1690643412122512
1532,0.1249340975570009,0,2,0,113556,492054,7841,100115,4.557912482863388,0.16906491221256095
1533,0.1249344020569807,10,142,10,113698,491912,7851,100105,4.556597132164956,0.16909142811777364
1534,0.1249407838862127,0,9,0,113707,491903,7851,100105,4.5565137648671685,0.1690939987297469
1535,0.1249534705681669,0,2,0,113709,491901,7851,100105,4.556495238800993,0.16909456998746633
1536,0.1249563163323435,5,20,5,113729,491881,7856,100100,4.556309978139242,0.16909326481762083
1537,0.1249573940522082,3,8,3,113737,491873,7859,100097,4.556235873874542,0.16909133908812946
1538,0.1249618037586791,5,20,5,113757,491853,7864,100092,4.556050613212791,0.16909003370245546
1539,0.1249627300296593,3,23,3,113780,491830,7867,100089,4.555837563451776,0.16909239270913756
1540,0.1249639988889408,2,33,2,113813,491797,7869,100087,4.555531883359888,0.1690990126443695
1541,0.1249667113068578,1,0,1,113813,491797,7870,100086,4.555531883359888,0.16909760881795896
1542,0.1249685482003535,0,1,0,113814,491796,7870,100086,4.5555226203267996,0.1690978945127576
1543,0.1249705878899369,0,1,0,113815,491795,7870,100086,4.555513357293712,0.16909818020852166
1544,0.1249728728929733,11,78,11,113893,491717,7881,100075,4.554790840712883,0.16910502338659528
1545,0.124979676172288,1,11,1,113904,491706,7882,100074,4.55468894734892,0.16910676264828145
1546,0.1249862274137253,4,24,4,113928,491682,7886,100070,4.554466634554819,0.16910800470467358
1547,0.1249895945133732,3,20,3,113948,491662,7889,100067,4.554281373893067,0.16910950789973112
1548,0.1249899447100853,0,1,0,113949,491661,7889,100067,4.55427211085998,0.16910979368899223
1549,0.1249965049746625,3,21,3,113970,491640,7892,100064,4.554077587165142,0.16911158281843625
1550,0.1250012375120672,0,3,0,113973,491637,7892,100064,4.554049798065878,0.16911244023586236
1551,0.1250105470142121,10,51,10,114024,491586,7902,100054,4.553577383378413,0.1691129741058752
1552,0.1250119680193258,8,43,8,114067,491543,7910,100046,4.553179072955649,0.16911403017973628
1553,0.1250365390212766,1,3,1,114070,491540,7911,100045,4.553151283856386,0.16911348326952172
1554,0.1250366065741668,0,7,0,114077,491533,7911,100045,4.553086442624773,0.1691154843486404
1555,0.1250458632735318,0,8,0,114085,491525,7911,100045,4.553012338360072,0.1691177713541931
1556,0.1250466692353092,4,22,4,114107,491503,7915,100041,4.552808551632147,0.16911844258415265
1557,0.125053149187272,1,5,1,114112,491498,7916,100040,4.552762236466709,0.1691184674526404
1558,0.1250633403924962,0,1,0,114113,491497,7916,100040,4.552752973433621,0.16911875334932558
1559,0.1250691157654671,3,27,3,114140,491470,7919,100037,4.552502871540257,0.1691222589081786
1560,0.1250702565095214,1,9,1,114149,491461,7920,100036,4.5524195042424696,0.16912342750681744
1561,0.1250704553550444,1,2,1,114151,491459,7921,100035,4.552400978176294,0.16912259465015705
1562,0.1250713077901502,0,3,0,114154,491456,7921,100035,4.552373189077032,0.1691234524278476
1563,0.1250901138643055,1,1,1,114155,491455,7922,100034,4.5523639260439435,0.1691223336359594
1564,0.1251034621858189,0,1,0,114156,491454,7922,100034,4.552354663010856,0.16912261956286517
1565,0.1251149274628382,1,9,1,114165,491445,7923,100033,4.552271295713068,0.16912378820514035
1566,0.1251210588785454,0,3,0,114168,491442,7923,100033,4.552243506613806,0.16912464601208843
1567,0.1251283042240854,1,1,1,114169,491441,7924,100032,4.552234243580718,0.16912352719397167
1568,0.1251324113756912,1,8,1,114177,491433,7925,100031,4.552160139316018,0.16912440993872832
1569,0.1251362076408611,1,19,1,114196,491414,7926,100030,4.551984141687354,0.1691284381953321
1570,0.1251370972893757,1,6,1,114202,491408,7927,100029,4.551928563488829,0.16912874913135295
1571,0.1251513721797589,3,47,3,114249,491361,7930,100026,4.551493200933714,0.16913797564031674
1572,0.1251514553768382,0,3,0,114252,491358,7930,100026,4.551465411834451,0.1691388336512317
1573,0.1251528178068565,4,27,4,114279,491331,7934,100022,4.551215309941087,0.1691409361244468
1574,0.1251619051803442,2,4,2,114283,491327,7936,100020,4.551178257808737,0.16913927017470284
1575,0.1251660116445852,1,2,1,114285,491325,7937,100019,4.551159731742562,0.16913843718715332
1576,0.1251701239746289,4,18,4,114303,491307,7941,100015,4.550992997146986,0.16913796544014936
1577,0.1251805408491511,0,1,0,114304,491306,7941,100015,4.550983734113898,0.16913825147424158
1578,0.125188906072334,3,2,3,114306,491304,7944,100012,4.550965208047723,0.169134608229779
1579,0.1252031308054034,3,29,3,114335,491275,7947,100009,4.550696580088184,0.16913868800779322
1580,0.1252106825979021,2,3,2,114338,491272,7949,100007,4.550668790988921,0.16913673578801208
1581,0.1252162738323884,0,7,0,114345,491265,7949,100007,4.550603949757309,0.16913873817802974
1582,0.1252297877517429,0,4,0,114349,491261,7949,100007,4.550566897624958,0.1691398824221842
1583,0.1252339213358586,0,5,0,114354,491256,7949,100007,4.55052058245952,0.16914131274914884
1584,0.1252419543093115,1,9,1,114363,491247,7950,100006,4.5504372151617325,0.16914248215231042
1585,0.1252425530140629,0,4,0,114367,491243,7950,100006,4.550400163029383,0.16914362645856484
1586,0.1252656802641698,1,19,1,114386,491224,7951,100005,4.550224165400719,0.1691476568300946
1587,0.1252823704454197,1,1,1,114387,491223,7952,100004,4.550214902367631,0.1691465376242966
1588,0.1252968697162792,1,1,1,114388,491222,7953,100003,4.550205639334544,0.16914541841092648
1589,0.1253071046263258,1,45,1,114433,491177,7954,100002,4.549788802845604,0.1691568881844585
1590,0.1253103512174866,3,30,3,114463,491147,7957,99999,4.549510911852977,0.1691612562717163
1591,0.125315112965122,2,12,2,114475,491135,7959,99997,4.5493997554559265,0.16916187924186138
1592,0.1253152217289058,2,1,2,114476,491134,7961,99995,4.549390492422839,0.16915935438795932
1593,0.1253178407364157,2,19,2,114495,491115,7963,99993,4.5492144947941755,0.16916198055177734
1594,0.1253179763639995,3,37,3,114532,491078,7966,99990,4.548871762569936,0.1691683528798717
1595,0.1253232024630302,0,1,0,114533,491077,7966,99990,4.548862499536848,0.16916863908829285
1596,0.1253255428868067,1,1,1,114534,491076,7967,99989,4.548853236503761,0.16916751964673937
1597,0.1253303397628933,1,2,1,114536,491074,7968,99988,4.5488347104375855,0.1691666864051487
1598,0.1253426502090561,0,1,0,114537,491073,7968,99988,4.548825447404498,0.1691669726136558
1599,0.1253449223796386,1,4,1,114541,491069,7969,99987,4.5487883952721475,0.16916671178365503
1600,0.1253546335243796,4,33,4,114574,491036,7973,99983,4.548482715180259,0.1691705342806238
1601,0.1253556279168102,2,3,2,114577,491033,7975,99981,4.548454926080996,0.16916858145492322
1602,0.1253561246431504,4,1,4,114578,491032,7979,99977,4.548445663047908,0.16916324455295942
1603,0.1253579036790136,0,1,0,114579,491031,7979,99977,4.548436400014821,0.16916353078130922
1604,0.1253601283032367,4,24,4,114603,491007,7983,99973,4.548214087220719,0.16916477714981895
1605,0.1253677930536841,2,5,2,114608,491002,7985,99971,4.548167772055282,0.1691633966357177
1606,0.1253872198910242,1,5,1,114613,490997,7986,99970,4.548121456889844,0.1691634219846455
1607,0.1253931043603721,3,12,3,114625,490985,7989,99967,4.548010300492793,0.16916263926681016
1608,0.1254072513732872,9,51,9,114676,490934,7998,99958,4.547537885805328,0.1691645850679989
1609,0.1254074129010876,9,50,9,114726,490884,8007,99949,4.54707473415095,0.16916624494569532
1610,0.1254084062288465,2,24,2,114750,490860,8009,99947,4.546852421356849,0.16917030434642785
1611,0.1254252115063912,0,2,0,114752,490858,8009,99947,4.546833895290674,0.16917087702372188
1612,0.1254340474577356,2,39,2,114791,490819,8011,99945,4.546472637000259,0.16917923231611948
1613,0.1254384053441199,0,2,0,114793,490817,8011,99945,4.546454110934084,0.1691798050653224
1614,0.1254414389929054,3,32,3,114825,490785,8014,99942,4.546157693875283,0.1691847503161359
1615,0.1254468770648391,0,14,0,114839,490771,8014,99942,4.546028011412057,0.16918876002390332
1616,0.1254557932627349,0,11,0,114850,490760,8014,99942,4.545926118048094,0.1691919106419142
1617,0.1254611028896478,0,2,0,114852,490758,8014,99942,4.545907591981918,0.16919248349415947
1618,0.1254654395936768,0,2,0,114854,490756,8014,99942,4.545889065915744,0.1691930563502839
1619,0.1254689871004636,1,6,1,114860,490750,8015,99941,4.545833487717218,0.1691933684447537
1620,0.1254951228603065,4,48,4,114908,490702,8019,99937,4.545388862129015,0.1692014919434714
1621,0.1254951835349694,2,7,2,114915,490695,8021,99935,4.545324020897403,0.16920068401537341
1622,0.1254961620087425,6,42,6,114957,490653,8027,99929,4.544934973507726,0.16920427645949251
1623,0.125499766855675,5,39,5,114996,490614,8032,99924,4.544573715217311,0.16920841673186146
1624,0.1255191930683802,1,1,1,114997,490613,8033,99923,4.544564452184223,0.16920729642223337
1625,0.1255286535815835,1,3,1,115000,490610,8034,99922,4.54453666308496,0.16920674916854633
1626,0.1255344680716584,2,9,2,115009,490601,8036,99920,4.544453295787172,0.16920651424758815
1627,0.1255380739637044,0,5,0,115014,490596,8036,99920,4.544406980621734,0.16920794694809285
1628,0.1255441325275174,1,3,1,115017,490593,8037,99919,4.544379191522472,0.16920739968027745
1629,0.1255491856856534,3,18,3,115035,490575,8040,99916,4.544212456926896,0.1692083367909079
1630,0.1255515483977988,0,8,0,115043,490567,8040,99916,4.544138352662196,0.16921062926451735
1631,0.1255686557200482,2,17,2,115060,490550,8042,99914,4.543980881099707,0.169212686971602
1632,0.1255827449170213,1,2,1,115062,490548,8043,99913,4.543962355033532,0.16921185311138245
1633,0.1255827883177748,5,33,5,115095,490515,8048,99908,4.5436566749416425,0.16921427518914406
1634,0.1255956750056187,4,37,4,115132,490478,8052,99904,4.543313942717403,0.16921925126443557
1635,0.1256013648257149,0,13,0,115145,490465,8052,99904,4.543193523287266,0.16922297749373696
1636,0.1256095424668035,0,5,0,115150,490460,8052,99904,4.543147208121828,0.16922441070254962
1637,0.1256279235295677,0,5,0,115155,490455,8052,99904,4.54310089295639,0.16922584393563916
1638,0.1256512170173833,2,36,2,115191,490419,8054,99902,4.542767423765238,0.1692333493133397
1639,0.1256519413121776,5,27,5,115218,490392,8059,99897,4.542517321871873,0.16923405315023657
1640,0.125659732759318,2,31,2,115249,490361,8061,99895,4.542230167846159,0.16924012631807217
1641,0.125664410855112,0,6,0,115255,490355,8061,99895,4.542174589647634,0.16924184667513764
1642,0.1256663943655604,1,1,1,115256,490354,8062,99894,4.542165326614547,0.16924072593215056
1643,0.1256798766608132,2,0,2,115256,490354,8064,99892,4.542165326614547,0.16923791097271307
1644,0.1256805413784754,0,1,0,115257,490353,8064,99892,4.5421560635814595,0.16923819769756626
1645,0.1256816962340347,0,3,0,115260,490350,8064,99892,4.542128274482196,0.16923905787795515
1646,0.1256829234631596,14,83,14,115343,490267,8078,99878,4.54135944273593,0.16924315210668564
1647,0.125695650775088,2,39,2,115382,490228,8080,99876,4.540998184445515,0.16925152176565486
1648,0.1257086735433767,5,43,5,115425,490185,8085,99871,4.5405998740227504,0.16925681630218148
1649,0.1257115148182399,0,1,0,115426,490184,8085,99871,4.540590610989662,0.16925710315140113
1650,0.1257175715470348,0,7,0,115433,490177,8085,99871,4.54052576975805,0.16925911112316286
1651,0.125717624679143,1,46,1,115479,490131,8086,99870,4.540099670236022,0.16927089954084823
1652,0.1257323277161128,2,5,2,115484,490126,8088,99868,4.540053355070584,0.16926951799509826
1653,0.1257371352168544,0,1,0,115485,490125,8088,99868,4.540044092037497,0.16926980489599028
1654,0.1257484161651304,1,4,1,115489,490121,8089,99867,4.540007039905147,0.16926954446531117
1655,0.1257616972202875,3,18,3,115507,490103,8092,99864,4.53984030530957,0.16927048462032623
1656,0.1257640794746965,6,45,6,115552,490058,8098,99858,4.5394234688206305,0.1692749476196611
1657,0.1257670289320961,2,6,2,115558,490052,8100,99856,4.539367890622105,0.16927385287197325
1658,0.1257831173811138,0,11,0,115569,490041,8100,99856,4.539265997258142,0.16927700937621312
1659,0.1257891695486065,2,3,2,115572,490038,8102,99854,4.53923820815888,0.16927505373865046
1660,0.1257901588937652,1,0,1,115572,490038,8103,99853,4.53923820815888,0.16927364547009532
1661,0.1257927391181264,2,4,2,115576,490034,8105,99851,4.53920115602653,0.16927197674122924
1662,0.1258002303867166,5,47,5,115623,489987,8110,99846,4.5387657934714145,0.1692784228756275
1663,0.1258111834378244,1,9,1,115632,489978,8111,99845,4.538682426173627,0.1692795974385536
1664,0.1258148500255297,0,2,0,115634,489976,8111,99845,4.538663900107451,0.1692801714418442
1665,0.1258154701931081,0,19,0,115653,489957,8111,99845,4.538487902478788,0.16928562466726121
1666,0.1258315141342551,0,2,0,115655,489955,8111,99845,4.538469376412612,0.1692861987114276
1667,0.1258387012227092,2,20,2,115675,489935,8113,99843,4.538284115750861,0.16928912234773083
1668,0.1258410945192062,2,2,2,115677,489933,8115,99841,4.538265589684686,0.1692868793809154
1669,0.1258699849702477,2,1,2,115678,489932,8117,99839,4.538256326651599,0.16928434934915415
1670,0.1258809684998577,9,101,9,115779,489831,8126,99830,4.537320760309756,0.1693006659758743
1671,0.125882428861573,0,4,0,115783,489827,8126,99830,4.537283708177406,0.16930181444466869
1672,0.1258897488332005,0,3,0,115786,489824,8126,99830,4.5372559190781425,0.16930267580648992
1673,0.125893424341901,0,13,0,115799,489811,8126,99830,4.537135499648005,0.1693064084756657
1674,0.1258936885349358,3,55,3,115854,489756,8129,99827,4.536626032828189,0.1693179755861346
1675,0.1258977309257934,6,113,6,115967,489643,8135,99821,4.535579310089296,0.16934197847536067
1676,0.1259112253281719,0,7,0,115974,489636,8135,99821,4.5355144688576825,0.16934398946827334
1677,0.1259171300775564,0,2,0,115976,489634,8135,99821,4.535495942791508,0.16934456404644968
1678,0.12591927923047,2,37,2,116013,489597,8137,99819,4.535153210567268,0.1693523759110713
1679,0.1259240458951376,0,3,0,116016,489594,8137,99819,4.535125421468005,0.1693532378824356
1680,0.1259252313173658,0,1,0,116017,489593,8137,99819,4.535116158434918,0.16935352520817357
1681,0.1259261925992711,0,2,0,116019,489591,8137,99819,4.535097632368743,0.16935409986257444
1682,0.1259321593709284,0,32,0,116051,489559,8137,99819,4.534801215309941,0.16936329486339835
1683,0.1259370257679415,26,178,26,116229,489381,8163,99793,4.533152395420356,0.16937780689575574
1684,0.1259432568486173,0,7,0,116236,489374,8163,99793,4.533087554188744,0.16937981930420407
1685,0.1259507546027042,4,60,4,116296,489314,8167,99789,4.53253177220349,0.16939143070057358
1686,0.1259539569765195,0,3,0,116299,489311,8167,99789,4.5325039831042275,0.16939229332880665
1687,0.1259710182019657,2,22,2,116321,489289,8169,99787,4.532300196376301,0.16939579952332126
1688,0.1259754966039341,7,84,7,116405,489205,8176,99780,4.531522101596947,0.1694100868443169
1689,0.1259846307846304,0,1,0,116406,489204,8176,99780,4.5315128385638594,0.16941037447536775
1690,0.125985312063959,0,6,0,116412,489198,8176,99780,4.531457260365334,0.1694121002821837
1691,0.1259971752211777,16,124,16,116536,489074,8192,99764,4.530308644262477,0.16942520693297647
1692,0.1260004400131878,10,118,10,116654,488956,8202,99754,4.529215606358146,0.16944505783832448
1693,0.126009631063221,1,31,1,116685,488925,8203,99753,4.528928452332432,0.16945256999582115
1694,0.1260108939477565,1,37,1,116722,488888,8204,99752,4.528585720108192,0.1694618102745311
1695,0.1260175157611132,0,1,0,116723,488887,8204,99752,4.528576457075105,0.1694620981620314
1696,0.1260233772679991,0,10,0,116733,488877,8204,99752,4.528483826744229,0.1694649770908331
1697,0.1260317237607262,0,6,0,116739,488871,8204,99752,4.528428248545704,0.1694667044950673
1698,0.1260389108491804,7,48,7,116787,488823,8211,99745,4.5279836229575015,0.16947064740182952
1699,0.1260395535911864,1,1,1,116788,488822,8212,99744,4.527974359924413,0.16946952423347594
1700,0.1260398499786607,0,2,0,116790,488820,8212,99744,4.527955833858239,0.16947010010805963
1701,0.1260580784839825,0,5,0,116795,488815,8212,99744,4.527909518692801,0.16947153981164165
1702,0.1260589580031803,0,8,0,116803,488807,8212,99744,4.5278354144281,0.16947384338825353
1703,0.1260625422299523,2,8,2,116811,488799,8214,99742,4.5277613101634,0.16947332471314658
1704,0.1260701945967189,0,1,0,116812,488798,8214,99742,4.5277520471303125,0.16947361266863764
1705,0.1260949474387432,0,1,0,116813,488797,8214,99742,4.527742784097224,0.16947390062510725
1706,0.1260981745212722,0,2,0,116815,488795,8214,99742,4.52772425803105,0.16947447654098213
1707,0.1261081412764719,0,2,0,116817,488793,8214,99742,4.527705731964875,0.16947505246077124
1708,0.1261222738741985,1,0,1,116817,488793,8215,99741,4.527705731964875,0.1694736412849555
1709,0.1261321191956806,0,1,0,116818,488792,8215,99741,4.527696468931787,0.1694739292444094
1710,0.1261378535374231,2,2,2,116820,488790,8217,99739,4.527677942865612,0.16947168278878355
1711,0.1261395294959777,0,4,0,116824,488786,8217,99739,4.527640890733261,0.16947283462894525
1712,0.1261492562792693,0,1,0,116825,488785,8217,99739,4.527631627700174,0.16947312259143213
1713,0.1261631175615935,0,3,0,116828,488782,8217,99739,4.527603838600911,0.16947398648476436
1714,0.1261632447014458,1,4,1,116832,488778,8218,99738,4.527566786468562,0.16947372713741002
1715,0.1261703683420438,3,12,3,116844,488766,8221,99735,4.52745563007151,0.1694729490689056
1716,0.1261708603681976,3,6,3,116850,488760,8224,99732,4.527400051872985,0.16947044309863177
1717,0.1261718204604935,1,5,1,116855,488755,8225,99731,4.527353736707547,0.16947047168496787
1718,0.1261730280160439,2,133,2,116988,488622,8227,99729,4.526121753306903,0.16950595817802638
1719,0.1261787489512722,0,3,0,116991,488619,8227,99729,4.52609396420764,0.16950682249281038
1720,0.1261824978211154,0,48,0,117039,488571,8227,99729,4.525649338619438,0.1695206527281999
1721,0.1261894029468255,18,225,18,117264,488346,8245,99711,4.523565156174738,0.16956009366438968
1722,0.1261979459174292,0,1,0,117265,488345,8245,99711,4.52355589314165,0.16956038200443496
1723,0.126205765134902,0,7,0,117272,488338,8245,99711,4.523491051910037,0.16956240041221055
1724,0.1262078098960564,0,2,0,117274,488336,8245,99711,4.523472525843863,0.16956297710897258
1725,0.1262087645276101,2,32,2,117306,488304,8247,99709,4.52317610878506,0.16956938026880358
1726,0.126220968657108,0,32,0,117338,488272,8247,99709,4.522879691726259,0.16957860883259834
1727,0.126221942493783,2,2,2,117340,488270,8249,99707,4.522861165660084,0.16957636098010637
1728,0.1262228605227601,8,113,8,117453,488157,8257,99699,4.52181444292119,0.16959765656895567
1729,0.1262258350541212,16,233,16,117686,487924,8273,99683,4.51965615621179,0.16964229493522032
1730,0.1262353163648034,0,22,0,117708,487902,8273,99683,4.519452369483864,0.16964864657879286
1731,0.1262397874104086,3,33,3,117741,487869,8276,99680,4.519146689391975,0.1696539352462518
1732,0.1262449816529938,0,2,0,117743,487867,8276,99680,4.519128163325799,0.16965451274536336
1733,0.1262460581268315,2,25,2,117768,487842,8278,99678,4.5188965874986105,0.16965890522875818
1734,0.1262472353636027,2,15,2,117783,487827,8280,99676,4.5187576420022975,0.16966041024471365
1735,0.126262786181178,11,61,11,117844,487766,8291,99665,4.5181925969839565,0.1696624795082316
1736,0.1262643058901137,6,118,6,117962,487648,8297,99659,4.517099559079625,0.16968808476657013
1737,0.1262787896975374,0,5,0,117967,487643,8297,99659,4.517053243914187,0.1696895294073577
1738,0.126280927601903,0,6,0,117973,487637,8297,99659,4.516997665715662,0.1696912630087724
1739,0.1262815931051897,4,21,4,117994,487616,8301,99655,4.516803142020823,0.16969167556375167
1740,0.1262892347373638,5,129,5,118123,487487,8306,99650,4.515608210752529,0.169721887736593
1741,0.1262903711933915,1,4,1,118127,487483,8307,99649,4.515571158620179,0.16972162988901984
1742,0.1262993574247296,0,1,0,118128,487482,8307,99649,4.515561895587091,0.16972191895846073
1743,0.1263100957683551,0,1,0,118129,487481,8307,99649,4.515552632554003,0.16972220802888627
1744,0.1263141707511373,0,1,0,118130,487480,8307,99649,4.515543369520916,0.16972249710029652
1745,0.1263171785284054,3,47,3,118177,487433,8310,99646,4.515108006965801,0.16973184188158663
1746,0.1263186275922152,2,6,2,118183,487427,8312,99644,4.515052428767276,0.16973074806965427
1747,0.1263197040660529,7,68,7,118251,487359,8319,99637,4.5144225425173214,0.16974050930500378
1748,0.1263221269305431,11,188,11,118439,487171,8330,99626,4.512681092296861,0.16977932743350768
1749,0.1263238906165753,6,31,6,118470,487140,8336,99620,4.512393938271147,0.1697798077578567
1750,0.1263421459040951,3,75,3,118545,487065,8339,99617,4.511699210789581,0.1697972666623486
1751,0.1263464013089304,5,6,5,118551,487059,8344,99612,4.511643632591055,0.1697919276732615
1752,0.1263545735411243,1,7,1,118558,487052,8345,99611,4.511578791359443,0.16979253847609274
1753,0.1263546017461384,0,1,0,118559,487051,8345,99611,4.511569528326355,0.16979282789749464
1754,0.1263589205841447,2,23,2,118582,487028,8347,99609,4.511356478565341,0.16979665448991454
1755,0.1263605977665357,6,90,6,118672,486938,8353,99603,4.5105228055874615,0.1698142158860165
1756,0.1263811025249138,1,14,1,118686,486924,8354,99602,4.510393123124236,0.16981685381381217
1757,0.1263837417075765,1,14,1,118700,486910,8355,99601,4.51026344066101,0.1698194918765377
1758,0.1263887530869036,7,98,7,118798,486812,8362,99594,4.50935566341843,0.16983796209452154
1759,0.1263928652585532,1,26,1,118824,486786,8363,99593,4.509114824558154,0.16984407695364262
1760,0.1263937900592162,0,4,0,118828,486782,8363,99593,4.509077772425803,0.16984523555745043
1761,0.1264032336507048,1,11,1,118839,486771,8364,99592,4.50897587906184,0.16984700603551042
1762,0.1264044342528546,0,7,0,118846,486764,8364,99592,4.508911037830227,0.16984903369284188
1763,0.1264089741540812,6,47,6,118893,486717,8370,99586,4.508475675275112,0.16985415391017955
1764,0.1264325665233661,7,84,7,118977,486633,8377,99579,4.5076975804957575,0.16986857996765675
1765,0.1264391375504867,0,25,0,119002,486608,8377,99579,4.507466004668569,0.16987582460887055
1766,0.1264474449900738,4,17,4,119019,486591,8381,99575,4.50730853310608,0.16987508657956962
1767,0.1264546243691164,1,2,1,119021,486589,8382,99574,4.507290007039905,0.16987424999530848
1768,0.1264550053624815,4,46,4,119067,486543,8386,99570,4.506863907517878,0.16988191696822968
1769,0.1264581721552685,9,278,9,119345,486265,8395,99561,4.504288784319537,0.1699497803101945
1770,0.1264583526254151,6,88,6,119433,486177,8401,99555,4.503473637407833,0.1699668107598697
1771,0.1264665111977745,4,34,4,119467,486143,8405,99551,4.503158694282856,0.16997100875201043
1772,0.1264674359984376,1,19,1,119486,486124,8406,99550,4.502982696654192,0.16997510560482454
1773,0.1264708084674583,0,1,0,119487,486123,8406,99550,4.502973433621105,0.16997539582668145
1774,0.1264799069238799,4,37,4,119524,486086,8410,99546,4.502630701396866,0.16998046554833068
1775,0.1264897065784649,4,34,4,119558,486052,8414,99542,4.502315758271888,0.16998466514342703
1776,0.1265057277158664,2,39,2,119597,486013,8416,99540,4.501954499981474,0.16999315177276864
1777,0.1265149200389462,1,136,1,119733,485877,8417,99539,4.500694727481567,0.17003122565833526
1778,0.1265222044352656,5,65,5,119798,485812,8422,99534,4.500092630330876,0.1700430172923365
1779,0.1265416736647756,4,50,4,119848,485762,8426,99530,4.499629478676498,0.17005187154445986
1780,0.1265503795041802,0,4,0,119852,485758,8426,99530,4.499592426544147,0.17005303372015146
1781,0.1265543117037196,9,57,9,119909,485701,8435,99521,4.499064433658157,0.1700568331334092
1782,0.1265675989837171,0,7,0,119916,485694,8435,99521,4.498999592426544,0.17005886725391522
1783,0.1265708418312277,2,35,2,119951,485659,8437,99519,4.49867538626848,0.17006620207868375
1784,0.1265722736625961,1,21,1,119972,485638,8438,99518,4.498480862573641,0.17007088707968473
1785,0.1265736781972061,0,2,0,119974,485636,8438,99518,4.498462336507466,0.17007146836559264
1786,0.1265793736550877,2,55,2,120029,485581,8440,99516,4.4979528696876505,0.17008461844788128
1787,0.1265870959981611,6,23,6,120052,485558,8446,99510,4.497739819926637,0.17008279379490931
1788,0.1265903656735058,5,33,5,120085,485525,8451,99505,4.4974341398347475,0.17008529477120832
1789,0.1266057113062991,1,3,1,120088,485522,8452,99504,4.497406350735485,0.1700847483701579
1790,0.1266109362167228,0,7,0,120095,485515,8452,99504,4.497341509503872,0.17008678350617673
1791,0.1266145711739817,1,17,1,120112,485498,8453,99503,4.497184037941383,0.17009030753793583
1792,0.1266153196039969,1,71,1,120183,485427,8454,99502,4.496526362592167,0.17010953466147175
1793,0.1266326631848915,5,39,5,120222,485388,8459,99497,4.4961651043017525,0.17011378305136907
1794,0.1266342054202813,1,9,1,120231,485379,8460,99496,4.496081737003965,0.17011498183372514
1795,0.1266444877704491,10,81,10,120312,485298,8470,99486,4.495331431323873,0.17012435360748585
1796,0.1266476062236073,1,0,1,120312,485298,8471,99485,4.495331431323873,0.17012293449022972
1797,0.1266494070527154,0,2,0,120314,485296,8471,99485,4.4953129052576974,0.1701235163249148
1798,0.1266500481237647,1,9,1,120323,485287,8472,99484,4.49522953795991,0.1701247154869171
1799,0.1266545361220888,3,41,3,120364,485246,8475,99481,4.49484975360332,0.17013238656672258
1800,0.1266575222953466,6,127,6,120491,485119,8481,99475,4.493673348401201,0.1701608295671868
1801,0.1266793572455205,1,8,1,120499,485111,8482,99474,4.4935992441365,0.17016173866931242
1802,0.1266840379269975,7,55,7,120554,485056,8489,99467,4.493089777316684,0.170167812045035
1803,0.1266881150582727,0,1,0,120555,485055,8489,99467,4.493080514283597,0.1701681031680587
1804,0.1266884807964972,0,2,0,120557,485053,8489,99467,4.493061988217422,0.17016868541709437
1805,0.1266968261325261,0,3,0,120560,485050,8489,99467,4.493034199118159,0.1701695587981188
1806,0.1266996847665985,2,8,2,120568,485042,8491,99465,4.4929600948534585,0.17016904844595532
1807,0.1267021136323751,6,58,6,120626,484984,8497,99459,4.492422838934381,0.17017741678829243
1808,0.1267281820613101,6,95,6,120721,484889,8503,99453,4.491542850791063,0.1701965629716844
1809,0.1267289094716493,8,69,8,120790,484820,8511,99445,4.490903701508022,0.17020530067691886
1810,0.1267314828250368,7,69,7,120859,484751,8518,99438,4.49026455222498,0.17021546109221503
1811,0.1267504121416012,0,5,0,120864,484746,8518,99438,4.490218237059543,0.1702169179573559
1812,0.1267527084435093,0,3,0,120867,484743,8518,99438,4.4901904479602806,0.17021779208841095
1813,0.126760247701207,3,37,3,120904,484706,8521,99435,4.48984771573604,0.17022431228076784
1814,0.1267621267357186,0,3,0,120907,484703,8521,99435,4.489819926636778,0.17022518651414564
1815,0.126765041451703,11,148,11,121055,484555,8532,99424,4.48844899773982,0.1702526974428875
1816,0.1267668446677115,1,21,1,121076,484534,8533,99423,4.4882544740449815,0.1702573990893165
1817,0.1267704720717475,1,13,1,121089,484521,8534,99422,4.488134054614843,0.1702597685048027
1818,0.1267705874812863,6,56,6,121145,484465,8540,99416,4.48761532476194,0.17026757164559217
1819,0.1267762922629229,1,3,1,121148,484462,8541,99415,4.487587535662677,0.1702670254180247
1820,0.1267877836778572,0,23,0,121171,484439,8541,99415,4.487374485901664,0.17027373281676583
1821,0.1267997426676864,12,74,12,121245,484365,8553,99403,4.486689021453184,0.1702782612270628
1822,0.1268009775155859,0,3,0,121248,484362,8553,99403,4.486661232353922,0.1702791362962836
1823,0.1268013432538104,0,1,0,121249,484361,8553,99403,4.486651969320834,0.17027942798802256
1824,0.1268054807430209,7,166,7,121415,484195,8560,99396,4.485114305828301,0.17031791100273994
1825,0.1268090363567281,0,8,0,121423,484187,8560,99396,4.4850402015636,0.1703202457919439
1826,0.126812884992672,4,55,4,121478,484132,8564,99392,4.484530734743784,0.17033061193712684
1827,0.1268132713781178,4,26,4,121504,484106,8568,99388,4.484289895883508,0.1703325141303938
1828,0.1268134661940956,0,33,0,121537,484073,8568,99388,4.483984215791619,0.17034214797561448
1829,0.1268169506123396,4,32,4,121569,484041,8572,99384,4.483687798732817,0.17034580280241676
1830,0.1268185897743085,0,7,0,121576,484034,8572,99384,4.483622957501204,0.17034784665539973
1831,0.1268523314971462,7,28,7,121604,484006,8579,99377,4.483363592574753,0.1703460676776663
1832,0.126855865206604,0,2,0,121606,484004,8579,99377,4.483345066508577,0.1703466516736061
1833,0.1268664573691717,1,32,1,121638,483972,8580,99376,4.483048649449776,0.17035457394214087
1834,0.1268749891930318,1,10,1,121648,483962,8581,99375,4.4829560191189,0.17035607204754713
1835,0.1268790106171096,1,23,1,121671,483939,8582,99374,4.482742969357886,0.17036136688193132
1836,0.1268810462309123,8,45,8,121716,483894,8590,99366,4.4823261328689465,0.1703631313650859
1837,0.1268826822959494,0,13,0,121729,483881,8590,99366,4.482205713438808,0.17036692859114577
1838,0.1268830513890315,3,20,3,121749,483861,8593,99363,4.482020452777057,0.17036850335377146
1839,0.126883538812921,1,12,1,121761,483849,8594,99362,4.481909296380007,0.17037058628866739
1840,0.1269006461351704,2,28,2,121789,483821,8596,99360,4.481649931453555,0.1703759210262337
1841,0.1269019403571863,0,2,0,121791,483819,8596,99360,4.48163140538738,0.1703765053268379
1842,0.1269218988140413,1,10,1,121801,483809,8597,99359,4.481538775056505,0.17037800428007024
1843,0.1269233437422979,3,42,3,121843,483767,8600,99356,4.4811497276668275,0.17038600775479615
1844,0.1269401033083931,4,83,4,121926,483684,8604,99352,4.48038089592056,0.17040457193037822
1845,0.1269481980591876,4,26,4,121952,483658,8608,99348,4.480140057060284,0.17040647952165158
1846,0.1269505758696565,3,34,3,121986,483624,8611,99345,4.479825113935307,0.1704121488449643
1847,0.1269575721953987,1,6,1,121992,483618,8612,99344,4.479769535736781,0.170412479715659
1848,0.1269760974431836,0,1,0,121993,483617,8612,99344,4.479760272703694,0.17041277203792363
1849,0.12697734333326,2,26,2,122019,483591,8614,99342,4.479519433843418,0.17041752654250145
1850,0.126982899275171,1,23,1,122042,483568,8615,99341,4.479306384082404,0.1704228275768602
1851,0.1269832074325055,4,40,4,122082,483528,8619,99337,4.4789358627589015,0.1704288300035171
1852,0.1269955447532627,2,19,2,122101,483509,8621,99335,4.478759865130238,0.1704315391425493
1853,0.1269964012702342,1,14,1,122115,483495,8622,99334,4.478630182667012,0.17043420969100714
1854,0.1270112523683246,1,16,1,122131,483479,8623,99333,4.478481974137612,0.17043746525466189
1855,0.1270117800127858,7,48,7,122179,483431,8630,99326,4.478037348549409,0.17044153909777146
1856,0.12703121813462,2,76,2,122255,483355,8632,99324,4.4773333580347545,0.17046092273790545
1857,0.1270537179162768,0,1,0,122256,483354,8632,99324,4.477324095001667,0.1704612152852862
1858,0.1270539863928995,24,198,24,122454,483156,8656,99300,4.475490014450331,0.1704849808397544
1859,0.1270541957527526,0,13,0,122467,483143,8656,99300,4.475369595020194,0.17048878602713055
1860,0.1270742499514639,0,10,0,122477,483133,8656,99300,4.475276964689318,0.17049171320993145
1861,0.1270772786572015,0,8,0,122485,483125,8656,99300,4.475202860424617,0.17049405502854445
1862,0.1270960698898187,3,52,3,122537,483073,8659,99297,4.474721182704065,0.17050500540893246
1863,0.1271070100698103,20,96,20,122633,482977,8679,99277,4.473831931527659,0.17050462512923914
1864,0.127110993502155,2,16,2,122649,482961,8681,99275,4.473683722998259,0.17050646129748076
1865,0.1271119865912386,1,11,1,122660,482950,8682,99274,4.473581829634296,0.17050825799005193
1866,0.1271238583153257,12,63,12,122723,482887,8694,99262,4.472998258549779,0.17050961180041535
1867,0.1271264727087213,6,25,6,122748,482862,8700,99256,4.4727666827225905,0.1705083848979073
1868,0.12713966654645,0,3,0,122751,482859,8700,99256,4.472738893623328,0.1705092636334745
1869,0.1271670582100658,4,29,4,122780,482830,8704,99252,4.472470265663789,0.17051205843850178
1870,0.1271756571519502,5,51,5,122831,482779,8709,99247,4.471997850976324,0.17051987368261898
1871,0.1271765986465308,0,3,0,122834,482776,8709,99247,4.471970061877061,0.17052075261630553
1872,0.1271825103094234,1,10,1,122844,482766,8710,99246,4.4718774315461856,0.17052225727304593
1873,0.1271856325304599,0,14,0,122858,482752,8710,99246,4.47174774908296,0.17052635919711065
1874,0.1271868633804241,3,19,3,122877,482733,8713,99243,4.471571751454296,0.17052765062476802
1875,0.1272117291633827,1,29,1,122906,482704,8714,99242,4.471303123494757,0.17053472315300733
1876,0.1272248490485518,1,5,1,122911,482699,8715,99241,4.471256808329319,0.17053476303398976
1877,0.1272291608918098,3,19,3,122930,482680,8718,99238,4.471080810700656,0.17053605490807983
1878,0.1272296371131845,5,78,5,123008,482602,8723,99233,4.470358294119826,0.17055178873735682
1879,0.1272393351660345,2,34,2,123042,482568,8725,99231,4.47004335099485,0.17055890436387824
1880,0.1272400650366456,8,110,8,123152,482458,8733,99223,4.469024417355219,0.17057975075685813
1881,0.1272430437753162,2,39,2,123191,482419,8735,99221,4.468663159064804,0.1705883364280311
1882,0.1272531877333427,0,1,0,123192,482418,8735,99221,4.468653896031717,0.17058862971705818
1883,0.1272628797819859,1,6,1,123198,482412,8736,99220,4.468598317833191,0.17058896346830985
1884,0.1272761215669978,3,11,3,123209,482401,8739,99217,4.468496424469228,0.17058791165335324
1885,0.1272762672661153,5,29,5,123238,482372,8744,99212,4.468227796509689,0.1705892871880932
1886,0.127296067452227,6,28,6,123266,482344,8750,99206,4.4679684315832375,0.17058894334107128
1887,0.1272984949877731,1,15,1,123281,482329,8751,99205,4.4678294860869245,0.1705919172395767
1888,0.1273008154945379,5,57,5,123338,482272,8756,99200,4.467301493200933,0.17060150789719883
1889,0.1273014513178114,10,74,10,123412,482198,8766,99190,4.466616028752455,0.1706089564972101
1890,0.1273018051878675,4,25,4,123437,482173,8770,99186,4.466384452925266,0.1706105865738726
1891,0.1273051772933715,0,1,0,123438,482172,8770,99186,4.466375189892179,0.17061088004293395
1892,0.1273075895172707,6,75,6,123513,482097,8776,99180,4.465680462410612,0.17062433228908078
1893,0.1273206069812245,4,47,4,123560,482050,8780,99176,4.465245099855497,0.17063242181182534
1894,0.1273218163628178,4,24,4,123584,482026,8784,99172,4.465022787061395,0.1706337599234684
1895,0.1273221721340159,2,8,2,123592,482018,8786,99170,4.464948682796695,0.17063325464393622
1896,0.1273238229493194,8,33,8,123625,481985,8794,99162,4.464643002704806,0.17063152696305753
1897,0.1273268336725641,0,7,0,123632,481978,8794,99162,4.4645781614731925,0.1706335822693327
1898,0.1273298942714647,0,5,0,123637,481973,8794,99162,4.464531846307755,0.17063505037555818
1899,0.1273405840470287,0,7,0,123644,481966,8794,99162,4.464467005076142,0.17063710576671576
1900,0.1273490944005461,1,14,1,123658,481952,8795,99161,4.464337322612916,0.17063978950737635
1901,0.1273601593418511,16,235,16,123893,481717,8811,99145,4.462160509837341,0.1706859804910633
1902,0.127362293785312,7,34,7,123927,481683,8818,99138,4.461845566712364,0.1706859772632188
1903,0.1273677021331153,0,1,0,123928,481682,8818,99138,4.461836303679276,0.17068627113391413
1904,0.1273720224011792,1,7,1,123935,481675,8819,99137,4.461771462447664,0.17068690040839377
1905,0.1273782396175517,0,4,0,123939,481671,8819,99137,4.461734410315314,0.17068807592181925
1906,0.1273790569360507,2,33,2,123972,481638,8821,99135,4.461428730223425,0.17069491866873976
1907,0.1273828815584143,0,4,0,123976,481634,8821,99135,4.461391678091074,0.17069609431632887
1908,0.1273851771991144,5,37,5,124013,481597,8826,99130,4.4610489458668345,0.1706998296962256
1909,0.1273915555426517,16,53,16,124066,481544,8842,99114,4.460558005113194,0.17069255913119255
1910,0.1274081506989335,0,1,0,124067,481543,8842,99114,4.460548742080107,0.17069285309571744
1911,0.1274105445967027,0,1,0,124068,481542,8842,99114,4.460539479047019,0.17069314706125485
1912,0.1274143137751246,10,83,10,124151,481459,8852,99104,4.459770647300752,0.1707032656231968
1913,0.1274274747105,6,59,6,124210,481400,8858,99098,4.459224128348587,0.17071204379687785
1914,0.1274285192974737,6,34,6,124244,481366,8864,99092,4.45890918522361,0.1707134710866247
1915,0.1274294229432318,6,33,6,124277,481333,8870,99086,4.4586035051317205,0.1707146044495442
1916,0.1274383788553358,3,17,3,124294,481316,8873,99083,4.458446033569232,0.1707153182552003
1917,0.1274519063333277,8,54,8,124348,481262,8881,99075,4.457945829782504,0.17071977144314424
1918,0.1274589847284415,10,74,10,124422,481188,8891,99065,4.457260365334025,0.17072725173329564
1919,0.1274611936006761,3,9,3,124431,481179,8894,99062,4.457176998036237,0.17072561228868693
1920,0.1274632205134571,1,14,1,124445,481165,8895,99061,4.4570473155730115,0.1707283024200915
1921,0.1274688131101259,2,16,2,124461,481149,8897,99059,4.45689910704361,0.1707301519455092
1922,0.1274716910207637,2,33,2,124494,481116,8899,99057,4.456593426951721,0.1707370043073359
1923,0.1274720342275888,2,10,2,124504,481106,8901,99055,4.456500796620846,0.17073708849784802
1924,0.1274779082371362,3,14,3,124518,481092,8904,99052,4.45637111415762,0.17073692048870626
1925,0.1274830445025942,3,26,3,124544,481066,8907,99049,4.456130275297343,0.17074028425398413
1926,0.1274839721020225,9,125,9,124669,480941,8916,99040,4.454972396161399,0.17076421468979155
1927,0.1274911020748649,0,5,0,124674,480936,8916,99040,4.454926080995961,0.17076568685600785
1928,0.1274968750724598,0,5,0,124679,480931,8916,99040,4.4548797658305235,0.17076715904760756
1929,0.1274984063216274,0,4,0,124683,480927,8916,99040,4.454842713698174,0.17076833681916384
1930,0.1275025499514585,1,2,1,124685,480925,8917,99039,4.454824187631998,0.17076749591353946
1931,0.1275034911120617,5,9,5,124694,480916,8922,99034,4.4547408203342105,0.17076299681006984
1932,0.1275059033359609,2,17,2,124711,480899,8924,99032,4.454583348771722,0.17076514274974092
1933,0.1275078193185181,4,26,4,124737,480873,8928,99028,4.454342509911445,0.17076707920834763
1934,0.1275121503431316,1,25,1,124762,480848,8929,99027,4.454110934084256,0.17077301142487605
1935,0.1275210131562468,0,2,0,124764,480846,8929,99027,4.454092408018082,0.17077360042630024
1936,0.1275383270493284,3,19,3,124783,480827,8932,99024,4.453916410389418,0.1707749059672226
1937,0.127542285400545,4,35,4,124818,480792,8936,99020,4.453592204231353,0.17077949404289666
1938,0.1275429340752152,4,41,4,124859,480751,8940,99016,4.453212419874764,0.1707858501777438
1939,0.1275473399696298,3,59,3,124918,480692,8943,99013,4.452665900922598,0.17079894084059996
1940,0.1275492167242677,13,297,13,125215,480395,8956,99000,4.449914780095595,0.17086788805564426
1941,0.1275535603393923,0,4,0,125219,480391,8956,99000,4.449877727963244,0.17086906769349197
1942,0.1275566836074944,3,35,3,125254,480356,8959,98997,4.44955352180518,0.17087509687530744
1943,0.127571652350302,0,1,0,125255,480355,8959,98997,4.449544258772092,0.17087539181706457
1944,0.1275736633722001,1,13,1,125268,480342,8960,98996,4.4494238393419545,0.17087779500050057
1945,0.1275761958906799,2,15,2,125283,480327,8962,98994,4.449284893845641,0.1708793570403973
1946,0.1275907706944494,1,11,1,125294,480316,8963,98993,4.4491830004816775,0.17088117049795531
1947,0.1275958578507779,0,4,0,125298,480312,8963,98993,4.449145948349328,0.17088235040263763
1948,0.1275989708858575,1,111,1,125409,480201,8964,98992,4.448117751676609,0.1709136678102118
1949,0.1276035744535819,1,1,1,125410,480200,8965,98991,4.448108488643522,0.17091253144472204
1950,0.1276095196851397,1,3,1,125413,480197,8966,98990,4.448080699544259,0.17091198524828768
1951,0.127609737529773,3,13,3,125426,480184,8969,98987,4.4479602801141205,0.17091152699289155
1952,0.1276104563119614,6,24,6,125450,480160,8975,98981,4.44773796732002,0.1709100201850672
1953,0.1276116759049583,0,4,0,125454,480156,8975,98981,4.447700915187669,0.17091120063128412
1954,0.1276139498616876,0,4,0,125458,480152,8975,98981,4.447663863055319,0.17091238109380746
1955,0.1276206817758313,4,21,4,125479,480131,8979,98977,4.44746933936048,0.1709128521795589
1956,0.1276231476872227,25,172,25,125651,479959,9004,98952,4.445876097669421,0.17092782828448588
1957,0.1276463771209417,0,3,0,125654,479956,9004,98952,4.445848308570159,0.1709287140616471
1958,0.1276501743734197,1,4,1,125658,479952,9005,98951,4.445811256437808,0.1709284629722078
1959,0.1276518171965253,0,1,0,125659,479951,9005,98951,4.445801993404721,0.1709287582354181
1960,0.1276544084830898,4,23,4,125682,479928,9009,98947,4.445588943643707,0.1709298207730512
1961,0.1276558446210668,0,3,0,125685,479925,9009,98947,4.4455611545444444,0.17093070661562487
1962,0.1276602387307232,1,20,1,125705,479905,9010,98946,4.445375893882693,0.1709351802104514
1963,0.1276616185232153,15,84,15,125789,479821,9025,98931,4.444597799103338,0.17093850215636403
1964,0.1276662011100788,4,31,4,125820,479790,9029,98927,4.444310645077624,0.1709419284382522
1965,0.1276733319917846,9,32,9,125852,479758,9038,98918,4.444014228018823,0.17093848716725768
1966,0.127676693528084,0,9,0,125861,479749,9038,98918,4.443930860721035,0.1709411457712294
1967,0.1276865258295133,0,6,0,125867,479743,9038,98918,4.443875282522509,0.17094291821982127
1968,0.1277018166427665,1,8,1,125875,479735,9039,98917,4.443801178257809,0.17094384880722782
1969,0.1277032430731664,5,29,5,125904,479706,9044,98912,4.443532550298269,0.17094525230808583
1970,0.1277035759637289,1,17,1,125921,479689,9045,98911,4.443375078735781,0.17094884203249222
1971,0.1277049097171504,0,1,0,125922,479688,9045,98911,4.443365815702694,0.170949137485547
1972,0.1277136606724644,7,48,7,125970,479640,9052,98904,4.442921190114491,0.17095328963743467
1973,0.1277164369108951,1,4,1,125974,479636,9053,98903,4.442884137982141,0.17095303860241057
1974,0.1277246401805627,0,5,0,125979,479631,9053,98903,4.442837822816703,0.17095451606992848
1975,0.1277339611753512,3,10,3,125989,479621,9056,98900,4.442745192485828,0.1709531719678283
1976,0.1277363973520464,16,137,16,126126,479484,9072,98884,4.441476156952833,0.17097073143742392
1977,0.1277366408680186,5,48,5,126174,479436,9077,98879,4.44103153136463,0.17097775433803378
1978,0.1277403187203227,0,4,0,126178,479432,9077,98879,4.4409944792322795,0.17097893693877517
1979,0.1277428920737101,0,4,0,126182,479428,9077,98879,4.44095742709993,0.17098011955587603
1980,0.1277469561936028,4,32,4,126214,479396,9081,98875,4.4406610100411275,0.1709838466739643
1981,0.1277503394673054,3,27,3,126241,479369,9084,98872,4.440410908147764,0.17098752942112372
1982,0.1277518741580825,1,2,1,126243,479367,9085,98871,4.440392382081589,0.17098668714266443
1983,0.1277555132406514,0,2,0,126245,479365,9085,98871,4.440373856015413,0.1709872785506264
1984,0.1277575789397191,0,1,0,126246,479364,9085,98871,4.440364592982326,0.17098757425614153
1985,0.1277687070783801,0,1,0,126247,479363,9085,98871,4.440355329949239,0.17098786996267948
1986,0.1277802037036329,0,5,0,126252,479358,9085,98871,4.440309014783801,0.17098934851071115
1987,0.1277861944490978,4,41,4,126293,479317,9089,98867,4.439929230427211,0.17099573838086146
1988,0.1277880282682742,8,144,8,126437,479173,9097,98859,4.4385953536626035,0.17102686356464694
1989,0.1277941716694682,2,6,2,126443,479167,9099,98857,4.438539775464078,0.17102577055623988
1990,0.1277947528708917,0,7,0,126450,479160,9099,98857,4.438474934232465,0.17102784174167887
1991,0.1277998634244457,0,1,0,126451,479159,9099,98857,4.438465671199378,0.1710281376294082
1992,0.1277998764511047,0,10,0,126461,479149,9099,98857,4.438373040868502,0.17103109656301146
1993,0.1278039357520295,0,9,0,126470,479140,9099,98857,4.438289673570714,0.17103375969079423
1994,0.1278045783367349,4,19,4,126489,479121,9103,98853,4.43811367594205,0.17103364511206387
1995,0.1278078335038299,2,7,2,126496,479114,9105,98851,4.438048834710438,0.1710328480098276
1996,0.1278146791000797,0,9,0,126505,479105,9105,98851,4.437965467412649,0.17103551135380549
1997,0.1278161055304796,4,67,4,126572,479038,9109,98847,4.437344844195784,0.17104960329477317
1998,0.1278186745396255,0,2,0,126574,479036,9109,98847,4.4373263181296085,0.1710501952817439
1999,0.1278233573136939,4,28,4,126602,479008,9113,98843,4.437066953203157,0.1710527454309156
2000,0.127835608610425,0,1,0,126603,479007,9113,98843,4.437057690170069,0.17105304144674224
2001,0.1278375851675094,7,14,7,126617,478993,9120,98836,4.436928007706843,0.1710471437051446
2002,0.1278424065880222,2,13,2,126630,478980,9122,98834,4.4368075882767055,0.17104812275230438
2003,0.1278467515242544,0,30,0,126660,478950,9122,98834,4.436529697284079,0.17105700400149537
2004,0.1278472729850353,1,10,1,126670,478940,9123,98833,4.436437066953203,0.17105852990707424
2005,0.1278490762781663,2,5,2,126675,478935,9125,98831,4.436390751787766,0.17105714078017745
2006,0.1278493248776419,2,34,2,126709,478901,9127,98829,4.436075808662789,0.17106433801256643
2007,0.1278501310152155,1,5,1,126714,478896,9128,98828,4.436029493497351,0.17106438368494298
2008,0.1278501678966711,1,15,1,126729,478881,9129,98827,4.435890548001037,0.17106739044638467
2009,0.1278512683757152,1,1,1,126730,478880,9130,98826,4.43588128496795,0.17106625169203712
2010,0.1278612495584044,0,6,0,126736,478874,9130,98826,4.435825706769425,0.1710680283884369
2011,0.1278618281496865,3,19,3,126755,478855,9133,98823,4.435649709140761,0.1710693500531438
2012,0.1278623329077084,0,4,0,126759,478851,9133,98823,4.435612657008411,0.17107053459217483
2013,0.1278857438210279,1,4,1,126763,478847,9134,98822,4.43557560487606,0.1710702841938896
2014,0.1278904198657829,0,1,0,126764,478846,9134,98822,4.435566341842973,0.17107058033334024
2015,0.1279003334717988,1,2,1,126766,478844,9135,98821,4.435547815776798,0.1710697376507145
2016,0.1279022892129904,12,163,12,126929,478681,9147,98809,4.434037941383527,0.17110079828222133
2017,0.1279027180548811,20,95,20,127024,478586,9167,98789,4.433157953240209,0.17110023814678502
2018,0.127904630419094,2,1,2,127025,478585,9169,98787,4.433148690207122,0.17109766320500475
2019,0.1279150222628713,0,2,0,127027,478583,9169,98787,4.433130164140946,0.17109825588444152
2020,0.1279176923772962,4,23,4,127050,478560,9173,98783,4.432917114379933,0.17109932916827605
2021,0.1279322749940414,0,2,0,127052,478558,9173,98783,4.4328985883137575,0.17109992188325443
2022,0.1279333403025732,1,7,1,127059,478551,9174,98782,4.432833747082144,0.17110056068161703
2023,0.1279352772300095,3,45,3,127104,478506,9177,98779,4.432416910593204,0.17110959058350728
2024,0.1279360135760195,4,55,4,127159,478451,9181,98775,4.431907443773389,0.17112015051297066
2025,0.1279406054938197,3,13,3,127172,478438,9184,98772,4.431787024343251,0.17111969647095512
2026,0.1279410492229402,0,1,0,127173,478437,9184,98772,4.431777761310164,0.17111999293150315
2027,0.1279509369952997,4,8,4,127181,478429,9188,98768,4.431703657045463,0.17111662049525553
2028,0.1279586300100562,0,2,0,127183,478427,9188,98768,4.431685130979288,0.17111721342007466
2029,0.1279641308330284,1,2,1,127185,478425,9189,98767,4.431666604913112,0.1711163702892625
2030,0.1279697575733217,0,2,0,127187,478423,9189,98767,4.431648078846938,0.171116963218351
2031,0.1279774016348528,3,21,3,127208,478402,9192,98764,4.431453555152099,0.1711188808765589
2032,0.127993066689582,1,16,1,127224,478386,9193,98763,4.431305346622698,0.17112218855096345
2033,0.1279952445679756,0,11,0,127235,478375,9193,98763,4.431203453258735,0.17112545006566887
2034,0.1279968526697147,2,18,2,127253,478357,9195,98761,4.431036718663159,0.17112791491514734
2035,0.1280000020913833,2,39,2,127292,478318,9197,98759,4.430675460372744,0.17113660741980707
2036,0.1280024718913316,2,8,2,127300,478310,9199,98757,4.430601356108044,0.17113610724577907
2037,0.1280082284093144,0,5,0,127305,478305,9199,98757,4.430555040942607,0.17113759006831156
2038,0.1280085121520854,2,0,2,127305,478305,9201,98755,4.430555040942607,0.17113471736041314
2039,0.1280097521870505,1,3,1,127308,478302,9202,98754,4.430527251843343,0.1711341706870737
2040,0.1280130948063274,1,17,1,127325,478285,9203,98753,4.430369780280855,0.17113777602168315
2041,0.1280145893558036,0,3,0,127328,478282,9203,98753,4.430341991181592,0.17113866576550815
2042,0.1280326076697245,2,21,2,127349,478261,9205,98751,4.430147467486754,0.17114202130978212
2043,0.1280330089221578,4,40,4,127389,478221,9209,98747,4.429776946163252,0.171148139931504
2044,0.1280484817153614,2,2,2,127391,478219,9211,98745,4.429758420097077,0.1711458600536602
2045,0.1280515656423201,0,9,0,127400,478210,9211,98745,4.429675052799289,0.1711485297813521
2046,0.1280534670383627,5,20,5,127420,478190,9216,98740,4.429489792137537,0.17114727956597856
2047,0.1280534679511329,1,26,1,127446,478164,9217,98739,4.429248953277261,0.1711535561437538
2048,0.1280637994526129,0,11,0,127457,478153,9217,98739,4.429147059913298,0.17115681964735166
2049,0.1280748715527128,0,6,0,127463,478147,9217,98739,4.429091481714773,0.17115859979268
2050,0.1280802768410299,4,20,4,127483,478127,9221,98735,4.428906221053022,0.17115878667688286
2051,0.1280881682543461,1,5,1,127488,478122,9222,98734,4.428859905887584,0.17115883340036334
2052,0.1280886879058749,0,3,0,127491,478119,9222,98734,4.428832116788321,0.17115972353441863
2053,0.1280913465954071,0,15,0,127506,478104,9222,98734,4.428693171292008,0.17116417434357653
2054,0.1280919645448137,0,1,0,127507,478103,9222,98734,4.42868390825892,0.17116447107241733
2055,0.1280942022715155,0,2,0,127509,478101,9222,98734,4.4286653821927455,0.1711650645331854
2056,0.1280981389044497,4,19,4,127528,478082,9226,98730,4.428489384564082,0.17116495495932818
2057,0.1281012564921168,1,0,1,127528,478082,9227,98729,4.428489384564082,0.17116351803276983
2058,0.128109420806635,3,35,3,127563,478047,9230,98726,4.428165178406017,0.1711695935836109
2059,0.1281160061959864,0,4,0,127567,478043,9230,98726,4.428128126273667,0.17117078067649266
2060,0.128129638318663,5,23,5,127590,478020,9235,98721,4.427915076512654,0.1711704213849891
2061,0.1281333005179408,1,13,1,127603,478007,9236,98720,4.427794657082515,0.17117284261010843
2062,0.1281350383023751,0,1,0,127604,478006,9236,98720,4.427785394049428,0.1711731394110895
2063,0.128136029248468,0,4,0,127608,478002,9236,98720,4.427748341917077,0.17117432662530646
2064,0.128136135604421,0,3,0,127611,477999,9236,98720,4.4277205528178145,0.17117521704677668
2065,0.1281418115989011,8,18,8,127629,477981,9244,98712,4.427553818222239,0.17116906222201414
2066,0.1281488143910444,3,20,3,127649,477961,9247,98709,4.427368557560488,0.17117068687464235
2067,0.1281569438287464,2,7,2,127656,477954,9249,98707,4.427303716328875,0.17116989010874673
2068,0.1281615902192507,2,10,2,127666,477944,9251,98705,4.427211085998,0.17116998382031356
2069,0.1281664590172695,3,58,3,127724,477886,9254,98702,4.426673830078921,0.17118288968899803
2070,0.1281681500572203,0,1,0,127725,477885,9254,98702,4.426664567045833,0.17118318657895512
2071,0.1281705589632508,8,69,8,127794,477816,9262,98694,4.4260254177627925,0.17119217359629496
2072,0.128195584303368,1,7,1,127801,477809,9263,98693,4.425960576531179,0.17119281459561286
2073,0.128203568183823,2,6,2,127807,477803,9265,98691,4.425904998332654,0.17119172098929045
2074,0.1282038877306363,1,4,1,127811,477799,9266,98690,4.425867946200304,0.17119147112954453
2075,0.1282097815436423,0,5,0,127816,477794,9266,98690,4.425821631034866,0.17119295591898473
2076,0.1282104475686059,1,4,1,127820,477790,9267,98689,4.425784578902515,0.17119270606561557
2077,0.1282129031744938,1,2,1,127822,477788,9268,98688,4.425766052836341,0.17119186228047656
2078,0.1282146624033346,0,1,0,127823,477787,9268,98688,4.425756789803253,0.17119215924367925
2079,0.128230494705801,4,21,4,127844,477766,9272,98684,4.425562266108415,0.1711926446352676
2080,0.1282324693754666,1,9,1,127853,477757,9273,98683,4.425478898810627,0.17119387967524807
2081,0.1282351268900241,0,1,0,127854,477756,9273,98683,4.425469635777539,0.1711941766604966
2082,0.1282366236458473,2,47,2,127901,477709,9275,98681,4.425034273222424,0.171205260327209
2083,0.1282380401662841,8,52,8,127953,477657,9283,98673,4.424552595501871,0.17120920306074644
2084,0.1282382693998064,0,14,0,127967,477643,9283,98673,4.424422913038645,0.17121336211384033
2085,0.1282439968289095,0,7,0,127974,477636,9283,98673,4.424358071807032,0.17121544171616268
2086,0.1282488917057812,0,1,0,127975,477635,9283,98673,4.424348808773945,0.17121573880633273
2087,0.1282489980617342,0,3,0,127978,477632,9283,98673,4.424321019674682,0.17121663008302895
2088,0.1282525205851405,4,47,4,128025,477585,9287,98669,4.423885657119567,0.17122484182322378
2089,0.1282693342234466,2,42,2,128067,477543,9289,98667,4.42349660972989,0.17123444577497787
2090,0.128270907894418,3,18,3,128085,477525,9292,98664,4.423329875134314,0.17123548002478353
2091,0.1282713248618307,4,26,4,128111,477499,9296,98660,4.423089036274037,0.1712374535501485
2092,0.1282727413822675,9,27,9,128138,477472,9305,98651,4.422838934380674,0.17123253194196378
2093,0.1282758066084723,0,16,0,128154,477456,9305,98651,4.422690725851273,0.17123728751777015
2094,0.1282835183827118,1,7,1,128161,477449,9306,98650,4.42262588461966,0.1712379295919625
2095,0.1282935626590981,2,4,2,128165,477445,9308,98648,4.4225888324873095,0.1712362413707509
2096,0.1283093645563621,0,4,0,128169,477441,9308,98648,4.42255178035496,0.17123743032760563
2097,0.1283122247432113,1,3,1,128172,477438,9309,98647,4.422523991255697,0.17123688344601926
2098,0.1283218707238249,0,4,0,128176,477434,9309,98647,4.422486939123346,0.17123807242384317
2099,0.1283223579003575,1,30,1,128206,477404,9310,98646,4.42220904813072,0.1712455516014235
2100,0.1283226440009556,0,3,0,128209,477401,9310,98646,4.422181259031457,0.17124644343256715
2101,0.128323288227131,0,17,0,128226,477384,9310,98646,4.4220237874689685,0.17125149731784803
2102,0.1283303810773422,0,5,0,128231,477379,9310,98646,4.421977472303531,0.1712529838114665
2103,0.1283397519639733,0,3,0,128234,477376,9310,98646,4.421949683204269,0.1712538757200246
2104,0.1283445165902491,4,28,4,128262,477348,9314,98642,4.4216903182778164,0.17125644542439972
2105,0.1283603436128469,0,2,0,128264,477346,9314,98642,4.421671792211642,0.17125704007722384
2106,0.1283616087041343,2,7,2,128271,477339,9316,98640,4.421606950980029,0.17125624371721887
2107,0.128361984583848,3,36,3,128307,477303,9319,98637,4.421273481788877,0.1712626315241171
2108,0.1283664638759105,1,8,1,128315,477295,9320,98636,4.421199377524177,0.17126357150422533
2109,0.1283707685897219,11,132,11,128447,477163,9331,98625,4.419976657156619,0.17128700146581727
2110,0.1283792178062325,6,23,6,128470,477140,9337,98619,4.4197636073956055,0.17128520787343315
2111,0.1283818145061697,1,3,1,128473,477137,9338,98618,4.419735818296343,0.17128466101032558
2112,0.1283830104955835,1,3,1,128476,477134,9339,98617,4.41970802919708,0.1712841141396194
2113,0.1283867247913076,5,48,5,128524,477086,9344,98612,4.419263403608878,0.17129119781552132
2114,0.1283971525060259,1,3,1,128527,477083,9345,98611,4.419235614509615,0.17129065093608759
2115,0.1284020612969245,5,95,5,128622,476988,9350,98606,4.4183556263662975,0.17131172319377894
2116,0.1284024013443762,10,90,10,128712,476898,9360,98596,4.417521953388418,0.1713241145867724
2117,0.1284087613872962,4,10,4,128722,476888,9364,98592,4.417429323057542,0.17132133175783693
2118,0.1284195520882177,8,64,8,128786,476824,9372,98584,4.416836488939938,0.171328865778717
2119,0.1284210090398783,2,44,2,128830,476780,9374,98582,4.416428915484086,0.1713390873919376
2120,0.128421426007291,1,13,1,128843,476767,9375,98581,4.416308496053948,0.17134151852444085
2121,0.1284222270136753,1,4,1,128847,476763,9376,98580,4.416271443921597,0.1713412694688212
2122,0.1284271934802324,0,1,0,128848,476762,9376,98580,4.41626218088851,0.17134156727650685
2123,0.1284394205835578,1,15,1,128863,476747,9377,98579,4.416123235392197,0.17134459419529102
2124,0.1284394949484509,1,25,1,128888,476722,9378,98578,4.415891659565008,0.17135059968711977
2125,0.1284408721803688,5,54,5,128942,476668,9383,98573,4.41539145577828,0.17135948237347476
2126,0.1284456377999304,1,5,1,128947,476663,9384,98572,4.415345140612843,0.17135953132198145
2127,0.1284633155820011,0,2,0,128949,476661,9384,98572,4.415326614546667,0.1713601271137087
2128,0.1284725757651285,4,13,4,128962,476648,9388,98568,4.415206195116529,0.17135823760117938
2129,0.1284744711614475,1,7,1,128969,476641,9389,98567,4.415141353884916,0.17135888235212307
2130,0.1284755488813122,0,4,0,128973,476637,9389,98567,4.4151043017525655,0.17136007399114053
2131,0.128476616560232,5,48,5,129021,476589,9394,98562,4.414659676164363,0.17136717140368354
2132,0.1284836046010223,12,159,12,129180,476430,9406,98550,4.413186853903442,0.1713972659918606
2133,0.1284861779544097,11,157,11,129337,476273,9417,98539,4.411732557708696,0.17142822348872327
2134,0.1284863454618058,2,27,2,129364,476246,9419,98537,4.4114824558153325,0.17143339312401376
2135,0.1284920965545699,0,2,0,129366,476244,9419,98537,4.411463929749157,0.17143398964127207
2136,0.1284944537512675,0,5,0,129371,476239,9419,98537,4.411417614583719,0.1714354809525798
2137,0.1284953813506959,5,13,5,129384,476226,9424,98532,4.411297195153581,0.17143215057467664
2138,0.1284958729528967,0,2,0,129386,476224,9424,98532,4.411278669087406,0.17143274711355774
2139,0.1285013031108689,3,21,3,129407,476203,9427,98529,4.411084145392567,0.17143468607977283
2140,0.1285097547775675,2,3,2,129410,476200,9429,98527,4.4110563562933045,0.17143269761121366
2141,0.1285100149633392,0,2,0,129412,476198,9429,98527,4.411037830227129,0.17143329418417505
2142,0.1285130903373065,3,14,3,129426,476184,9432,98524,4.410908147763903,0.17143314517981306
2143,0.128520958370303,0,28,0,129454,476156,9432,98524,4.410648782837452,0.1714414978770794
2144,0.1285276731977337,7,63,7,129517,476093,9439,98517,4.410065211752936,0.17145020100589967
2145,0.1285281091635692,15,120,15,129637,475973,9454,98502,4.40895364778243,0.17146438052134558
2146,0.1285482485591936,5,56,5,129693,475917,9459,98497,4.408434917929527,0.17147388468944003
2147,0.1285585002572436,0,2,0,129695,475915,9459,98497,4.408416391863351,0.17147448173088306
2148,0.1285621942103192,2,63,2,129758,475852,9461,98495,4.407832820778836,0.1714904056258673
2149,0.1285623744137171,6,45,6,129803,475807,9467,98489,4.407415984289896,0.1714951871508769
2150,0.128566504801979,2,32,2,129835,475775,9469,98487,4.407119567231094,0.17150185803692392
2151,0.1285749957717578,0,1,0,129836,475774,9469,98487,4.407110304198007,0.17150215668485236
2152,0.1285803725593823,0,6,0,129842,475768,9469,98487,4.4070547259994814,0.17150394859426563
2153,0.1285884113386254,0,1,0,129843,475767,9469,98487,4.407045462966393,0.17150424724947497
2154,0.1285911186793412,0,7,0,129850,475760,9469,98487,4.406980621734781,0.17150633786506503
2155,0.1285946043095243,3,49,3,129899,475711,9472,98484,4.40652673311349,0.1715166450421895
2156,0.1286020867676865,4,52,4,129951,475659,9476,98480,4.406045055392938,0.17152640736825053
2157,0.128613151259065,2,16,2,129967,475643,9478,98478,4.405896846863537,0.17152830152528822
2158,0.1286157246124525,1,15,1,129982,475628,9479,98477,4.405757901367224,0.17153134008587279
2159,0.1286226172348807,2,2,2,129984,475626,9481,98475,4.4057393753010485,0.1715290515083583
2160,0.1286337057464825,8,80,8,130064,475546,9489,98467,4.404998332654044,0.17154141108302426
2161,0.1286338208276162,3,26,3,130090,475520,9492,98464,4.404757493793768,0.17154485142442996
2162,0.1286398287018214,0,2,0,130092,475518,9492,98464,4.404738967727592,0.17154544916042663
2163,0.1286410615545787,1,5,1,130097,475513,9493,98463,4.404692652562155,0.17154550016028544
2164,0.1286454240006922,14,125,14,130222,475388,9507,98449,4.403534773426211,0.17156265629438325
2165,0.128655181690893,0,5,0,130227,475383,9507,98449,4.403488458260773,0.17156415118013635
2166,0.1286624336334377,0,5,0,130232,475378,9507,98449,4.403442143095335,0.1715656460919406
2167,0.1286644552805135,6,103,6,130335,475275,9513,98443,4.402488050687317,0.17158778354522605
2168,0.1286651802500333,1,38,1,130373,475237,9514,98442,4.40213605542999,0.17159770533695673
2169,0.1286677655020246,1,21,1,130394,475216,9515,98441,4.401941531735152,0.17160254298300204
2170,0.1286695462055606,1,2,1,130396,475214,9516,98440,4.401923005668976,0.17160169719029242
2171,0.1286709726359606,2,7,2,130403,475207,9518,98438,4.401858164437363,0.17160090299749844
2172,0.1286740079532923,0,4,0,130407,475203,9518,98438,4.401821112305013,0.17160209957098604
2173,0.1286776103587521,1,13,1,130420,475190,9519,98437,4.401700692874875,0.17160454441649364
2174,0.1286829547411004,6,81,6,130501,475109,9525,98431,4.400950387194783,0.17162011367995259
2175,0.1286912024930776,0,4,0,130505,475105,9525,98431,4.400913335062433,0.17162131060648328
2176,0.1286912106305559,5,43,5,130548,475062,9530,98426,4.400515024639668,0.17162695644895795
2177,0.1287016501515295,0,1,0,130549,475061,9530,98426,4.40050576160658,0.1716272557180895
2178,0.1287074667668375,5,47,5,130596,475014,9535,98421,4.400070399051465,0.17163409976719243
2179,0.1287077780157069,0,1,0,130597,475013,9535,98421,4.400061136018378,0.17163439907644124
2180,0.1287104812994297,3,23,3,130620,474990,9538,98418,4.399848086257364,0.17163694960656287
2181,0.1287175712255781,1,14,1,130634,474976,9539,98417,4.399718403794139,0.17163969563632622
2182,0.1287179275448148,1,4,1,130638,474972,9540,98416,4.399681351661788,0.1716394483316707
2183,0.1287214875748027,0,2,0,130640,474970,9540,98416,4.399662825595613,0.17164004701893662
2184,0.1287274593036473,6,37,6,130677,474933,9546,98410,4.399320093371373,0.17164245486558657
2185,0.1287296814665485,1,19,1,130696,474914,9547,98409,4.39914409574271,0.1716466982835156
2186,0.128735594825938,0,1,0,130697,474913,9547,98409,4.399134832709622,0.17164699767320982
2187,0.1287361240063008,0,21,0,130718,474892,9547,98409,4.398940309014784,0.17165328509805494
2188,0.128741411441246,0,29,0,130747,474863,9547,98409,4.398671681055244,0.17166196848965237
2189,0.1287491713912071,2,42,2,130789,474821,9549,98407,4.398282633665567,0.17167165595539646
2190,0.1287500864241943,4,29,4,130818,474792,9553,98403,4.398014005706028,0.17167456101326772
2191,0.1287523738094652,11,172,11,130990,474620,9564,98392,4.396420764014969,0.17171019106057114
2192,0.1287526192192867,2,14,2,131004,474606,9566,98390,4.396291081551743,0.171711495368205
2193,0.1287539240118919,2,7,2,131011,474599,9568,98388,4.39622624032013,0.17171070198800323
2194,0.1287549471628526,17,193,17,131204,474406,9585,98371,4.3944384749342325,0.17174397714992048
2195,0.1287551975885227,0,4,0,131208,474402,9585,98371,4.394401422801883,0.17174517653590515
2196,0.1287560354231413,1,12,1,131220,474390,9586,98370,4.394290266404831,0.17174732872407292
2197,0.1287632524045253,0,13,0,131233,474377,9586,98370,4.394169846974694,0.17175122698154682
2198,0.1287716930792762,1,0,1,131233,474377,9587,98369,4.394169846974694,0.17174978088018075
2199,0.1287752960907509,0,8,0,131241,474369,9587,98369,4.394095742709993,0.17175217987980543
2200,0.1287806279593378,2,16,2,131257,474353,9589,98367,4.393947534180592,0.17175408576616846
2201,0.1287838350932738,1,8,1,131265,474345,9590,98366,4.3938734299158915,0.17175503875427572
2202,0.1287850446922948,1,42,1,131307,474303,9591,98365,4.393484382526214,0.17176618913576452
2203,0.1287910900552793,3,14,3,131321,474289,9594,98362,4.3933547000629884,0.1717660494786528
2204,0.1287935123882837,4,28,4,131349,474261,9598,98358,4.393095335136537,0.17176866293294493
2205,0.1287968783720122,4,38,4,131387,474223,9602,98354,4.39274333987921,0.17177427664750766
2206,0.1288044663685652,0,1,0,131388,474222,9602,98354,4.392734076846122,0.17177457665008664
2207,0.1288052370681943,6,35,6,131423,474187,9608,98348,4.392409870688058,0.17177639794947033
2208,0.1288053147303036,0,6,0,131429,474181,9608,98348,4.392354292489533,0.17177819813494163
2209,0.1288063919237536,1,17,1,131446,474164,9609,98347,4.392196820927045,0.17178185222642012
2210,0.1288092407651593,0,7,0,131453,474157,9609,98347,4.3921319796954315,0.17178395260120452
2211,0.1288125013991432,0,5,0,131458,474152,9609,98347,4.3920856645299935,0.1717854529003544
2212,0.1288155596067755,0,2,0,131460,474150,9609,98347,4.392067138463819,0.17178605302735211
2213,0.128816573908247,2,31,2,131491,474119,9611,98345,4.391779984438104,0.17179246205874954
2214,0.1288175973668733,0,5,0,131496,474114,9611,98345,4.391733669272667,0.17179396253705506
2215,0.1288239086048134,3,32,3,131528,474082,9614,98342,4.391437252213865,0.17179922574874568
2216,0.1288314176920117,0,2,0,131530,474080,9614,98342,4.39141872614769,0.17179982600249466
2217,0.1288328307233207,10,61,10,131591,474019,9624,98332,4.390853681129349,0.17180366593226884
2218,0.1288330558865607,6,137,6,131728,473882,9630,98326,4.389584645596354,0.1718361155384056
2219,0.1288368496212894,2,69,2,131797,473813,9632,98324,4.388945496313313,0.1718539440728357
2220,0.1288389291166,8,118,8,131915,473695,9640,98316,4.3878524584089815,0.17187781353855083
2221,0.1288400681488533,0,1,0,131916,473694,9640,98316,4.387843195375894,0.17187811401898567
2222,0.1288403080753798,7,69,7,131985,473625,9647,98309,4.387204046092853,0.1718887144320848
2223,0.1288448627597463,2,10,2,131995,473615,9649,98307,4.387111415761977,0.1718888240004756
2224,0.1288484572832512,2,2,2,131997,473613,9651,98305,4.387092889695802,0.1718865291877507
2225,0.1288495826787462,0,1,0,131998,473612,9651,98305,4.387083626662714,0.17188682973228633
2226,0.1288534493665871,4,60,4,132058,473552,9655,98301,4.386527844677461,0.17189907196429852
2227,0.1288535087157786,3,0,3,132058,473552,9658,98298,4.386527844677461,0.17189472763836672
2228,0.1288542738985592,2,41,2,132099,473511,9660,98296,4.386148060320871,0.17190415647237617
2229,0.1288545994459006,1,15,1,132114,473496,9661,98295,4.386009114824558,0.1719072178470805
2230,0.1288547761248673,0,2,0,132116,473494,9661,98295,4.385990588758383,0.1719078191430755
2231,0.1288566496296111,0,1,0,132117,473493,9661,98295,4.385981325725296,0.17190811979265042
2232,0.1288605112420943,2,18,2,132135,473475,9663,98293,4.385814591129719,0.17191063508276083
2233,0.128860934599879,0,8,0,132143,473467,9663,98293,4.385740486865019,0.17191304043654682
2234,0.1288694317079407,1,3,1,132146,473464,9664,98292,4.385712697765756,0.1719124941408573
2235,0.128881920467508,3,31,3,132177,473433,9667,98289,4.385425543740042,0.1719174703789604
2236,0.1288844032321603,0,12,0,132189,473421,9667,98289,4.385314387342992,0.17192107886865718
2237,0.1288844938208955,1,38,1,132227,473383,9668,98288,4.384962392085664,0.17193105824853805
2238,0.1288858544002315,8,40,8,132267,473343,9676,98280,4.384591870762162,0.17193150030702053
2239,0.1288902198474683,3,51,3,132318,473292,9679,98277,4.384119456074697,0.17194249513182136
2240,0.1288908960538662,2,43,2,132361,473249,9681,98275,4.383721145651932,0.1719525339268342
2241,0.1288917379287268,0,4,0,132365,473245,9681,98275,4.383684093519582,0.17195373740201567
2242,0.1288975545440348,3,66,3,132431,473179,9684,98272,4.383072733335803,0.17196925020692938
2243,0.1288999868626168,0,1,0,132432,473178,9684,98272,4.383063470302716,0.17196955114183218
2244,0.1289024749549255,4,106,4,132538,473072,9688,98268,4.382081588795435,0.1719956593271957
2245,0.1289030067928037,0,3,0,132541,473069,9688,98268,4.382053799696172,0.17199656244913247
2246,0.1289054154532937,0,1,0,132542,473068,9688,98268,4.382044536663085,0.1719968634918857
2247,0.1289137140880746,2,11,2,132553,473057,9690,98266,4.381942643299122,0.1719972764968328
2248,0.1289221032224725,0,3,0,132556,473054,9690,98266,4.381914854199859,0.17199817965413428
2249,0.1289226845221781,2,52,2,132608,473002,9692,98264,4.381433176479306,0.17201093711160825
2250,0.1289294363655602,0,24,0,132632,472978,9692,98264,4.381210863685205,0.17201816393052333
2251,0.1289305092592278,0,13,0,132645,472965,9692,98264,4.381090444255067,0.17202207871098982
2252,0.1289318882180076,2,11,2,132656,472954,9694,98262,4.380988550891104,0.17202249236716058
2253,0.1289328466209504,2,24,2,132680,472930,9696,98260,4.380766238097002,0.1720268211978501
2254,0.1289342332868719,6,195,6,132875,472735,9702,98254,4.37895994664493,0.17207687013234932
2255,0.1289349068482445,0,4,0,132879,472731,9702,98254,4.378922894512579,0.17207807560618932
2256,0.1289367710621266,3,31,3,132910,472700,9705,98251,4.378635740486865,0.17208306842443571
2257,0.1289372094095901,2,46,2,132956,472654,9707,98249,4.378209640964838,0.17209403348729996
2258,0.1289397508821106,1,3,1,132959,472651,9708,98248,4.378181851865575,0.17209348763967006
2259,0.128946138724549,1,26,1,132985,472625,9709,98247,4.377941013005298,0.17209987527852127
2260,0.1289517239495433,4,67,4,133052,472558,9713,98243,4.377320389788433,0.17211427450197178
2261,0.1289528288457579,4,57,4,133109,472501,9717,98239,4.376792396902442,0.17212566142201352
2262,0.1289551358379199,14,101,14,133210,472400,9731,98225,4.375856830560599,0.17213581599123767
2263,0.1289565147966997,6,138,6,133348,472262,9737,98219,4.3745785319945165,0.1721687488277436
2264,0.1289580491713817,0,9,0,133357,472253,9737,98219,4.374495164696729,0.17217146503246433
2265,0.1289626025446034,4,21,4,133378,472232,9741,98215,4.37430064100189,0.17217199845033807
2266,0.1289633810399686,0,2,0,133380,472230,9741,98215,4.374282114935714,0.17217260209134974
2267,0.1289653838679481,0,12,0,133392,472218,9741,98215,4.374170958538664,0.17217622402630983
2268,0.1289663118239004,9,45,9,133437,472173,9750,98206,4.373754122049724,0.17217674563754978
2269,0.1289677316541775,1,3,1,133440,472170,9751,98205,4.373726332950461,0.17217619986850757
2270,0.1289707157365351,2,20,2,133460,472150,9753,98203,4.3735410722887105,0.17217933455246137
2271,0.1289708061672205,0,9,0,133469,472141,9753,98203,4.373457704990922,0.17218205153381116
2272,0.1289745487325841,0,19,0,133488,472122,9753,98203,4.373281707362259,0.1721877876649279
2273,0.1289756802455827,2,21,2,133509,472101,9755,98201,4.37308718366742,0.17219122500008768
2274,0.1289805466425958,12,102,12,133611,471999,9767,98189,4.37214235429249,0.17220460620006034
2275,0.1289871879302881,0,2,0,133613,471997,9767,98189,4.372123828226314,0.17220521022964436
2276,0.1289912996817505,5,28,5,133641,471969,9772,98184,4.371864463299863,0.1722064077537082
2277,0.1289958760325997,0,1,0,133642,471968,9772,98184,4.371855200266776,0.17220670978967012
2278,0.1289962285120903,2,15,2,133657,471953,9774,98182,4.371716254770462,0.1722083366220281
2279,0.1289972656894735,0,4,0,133661,471949,9774,98182,4.371679202638112,0.17220954482390888
2280,0.1290007384849519,2,4,2,133665,471945,9776,98180,4.371642150505761,0.17220784915588686
2281,0.1290030823047816,6,92,6,133757,471853,9782,98174,4.370789951461707,0.1722269296015803
2282,0.12900460038604,0,3,0,133760,471850,9782,98174,4.3707621623624435,0.17222783602093947
2283,0.1290054466946655,17,134,17,133894,471716,9799,98157,4.369520915928712,0.17224364024966965
2284,0.1290066015502248,3,70,3,133964,471646,9802,98154,4.368872503612583,0.17226044226044226
2285,0.129009425963431,2,54,2,134018,471592,9804,98152,4.368372299825855,0.17227386334915332
2286,0.129010417001348,9,89,9,134107,471503,9813,98143,4.367547889881062,0.17228770148478179
2287,0.1290125371266891,0,3,0,134110,471500,9813,98143,4.3675201007818,0.17228860883044292
2288,0.129016944000338,7,98,7,134208,471402,9820,98136,4.366612323539219,0.17230808128693784
2289,0.1290190174785884,7,70,7,134278,471332,9827,98129,4.365963911223091,0.17231908769871862
2290,0.1290305251632938,7,127,7,134405,471205,9834,98122,4.3647875060209715,0.17234735046818436
2291,0.1290320216129683,2,14,2,134419,471191,9836,98120,4.364657823557746,0.17234868112507926
2292,0.12903702697919,0,2,0,134421,471189,9836,98120,4.36463929749157,0.17234928659128873
2293,0.1290385450604484,0,2,0,134423,471187,9836,98120,4.364620771425396,0.17234989206175227
2294,0.1290388912434981,5,53,5,134476,471134,9841,98115,4.3641298306717555,0.17235866905343708
2295,0.1290443616757565,0,34,0,134510,471100,9841,98115,4.363814887546778,0.1723689642753617
2296,0.1290448165322726,1,11,1,134521,471089,9842,98114,4.363712994182816,0.1723708413342867
2297,0.1290450723862174,6,35,6,134556,471054,9848,98108,4.363388788024751,0.17237271637951937
2298,0.1290467159805478,1,8,1,134564,471046,9849,98107,4.36331468376005,0.1723736851075194
2299,0.1290480949393274,0,16,0,134580,471030,9849,98107,4.363166475230649,0.1723785310039586
2300,0.1290481946718054,7,100,7,134680,470930,9856,98100,4.362240171921894,0.17239864330527388
2301,0.1290499270070848,6,17,6,134697,470913,9862,98094,4.362082700359406,0.1723950671960099
2302,0.1290618115754119,0,1,0,134698,470912,9862,98094,4.362073437326318,0.17239537017184353
2303,0.1290648762870361,0,3,0,134701,470909,9862,98094,4.362045648227055,0.17239627910573407
2304,0.1290709116286949,1,11,1,134712,470898,9863,98093,4.361943754863092,0.17239815744010012
2305,0.1290762434972819,0,1,0,134713,470897,9863,98093,4.361934491830005,0.17239846042988452
2306,0.1290771503694292,0,3,0,134716,470894,9863,98093,4.361906702730742,0.1723993694056279
2307,0.129077992589374,6,36,6,134752,470858,9869,98087,4.36157323353959,0.1724015502377207
2308,0.1290782463252613,1,9,1,134761,470849,9870,98086,4.3614898662418025,0.17240282281807237
2309,0.1290809647360537,4,3,4,134764,470846,9874,98082,4.36146207714254,0.1723979132684628
2310,0.1290812706075861,1,14,1,134778,470832,9875,98081,4.361332394679314,0.17240070098591526
2311,0.1290823216744634,2,20,2,134798,470812,9877,98079,4.361147134017563,0.17240385240757897
2312,0.1290830644857214,1,10,1,134808,470802,9878,98078,4.361054503686687,0.17240542820981578
2313,0.1290832157008702,7,24,7,134832,470778,9885,98071,4.360832190892586,0.1724025180671848
2314,0.1290835781938483,0,20,0,134852,470758,9885,98071,4.360646930230835,0.1724085797313428
2315,0.1290850284090619,1,7,1,134859,470751,9886,98070,4.360582088999222,0.17240924649406403
2316,0.1290870122954403,8,45,8,134904,470706,9894,98062,4.360165252510282,0.17241124676493755
2317,0.1290995775030195,0,2,0,134906,470704,9894,98062,4.360146726444107,0.17241185302918952
2318,0.1290996823972176,5,78,5,134984,470626,9899,98057,4.359424209863278,0.1724282245117227
2319,0.1291010061060588,0,7,0,134991,470619,9899,98057,4.359359368631665,0.17243034698140944
2320,0.1291018250950036,9,176,9,135167,470443,9908,98048,4.3577290748082556,0.17247062838285918
2321,0.1291022557506051,6,100,6,135267,470343,9914,98042,4.3568027714995,0.17249223677612885
2322,0.1291030312308823,0,11,0,135278,470332,9914,98042,4.356700878135537,0.1724955750966793
2323,0.1291048563031033,0,1,0,135279,470331,9914,98042,4.3566916151024495,0.17249587858677312
2324,0.1291085241429657,2,7,2,135286,470324,9916,98040,4.356626773870836,0.17249509117396597
2325,0.1291121909996698,0,1,0,135287,470323,9916,98040,4.356617510837749,0.1724953946685481
2326,0.1291160239957188,3,13,3,135300,470310,9919,98037,4.35649709140761,0.17249497226166408
2327,0.1291195241427574,2,50,2,135350,470260,9921,98035,4.356033939753233,0.17250723655847755
2328,0.129125632684751,3,68,3,135418,470192,9924,98032,4.355404053503279,0.17252351185447992
2329,0.1291256589074691,11,114,11,135532,470078,9935,98021,4.354348067731298,0.1725421097379154
2330,0.1291309886327862,4,115,4,135647,469963,9939,98017,4.353282818926229,0.17257121729638367
2331,0.1291327930677491,0,7,0,135654,469956,9939,98017,4.353217977694617,0.172573344155444
2332,0.1291340707562752,1,14,1,135668,469942,9940,98016,4.353088295231391,0.17257614119353895
2333,0.1291415020668749,0,7,0,135675,469935,9940,98016,4.353023453999778,0.17257826819567182
2334,0.129146368463888,6,80,6,135755,469855,9946,98010,4.352282411352773,0.1725938383242496
2335,0.1291486923092096,1,16,1,135771,469839,9947,98009,4.352134202823373,0.1725972443329905
2336,0.1291490649045312,4,23,4,135794,469816,9951,98005,4.351921153062359,0.1725984068923129
2337,0.1291498894365032,0,12,0,135806,469804,9951,98005,4.351809996665308,0.17260205456412278
2338,0.1291514075177616,0,6,0,135812,469798,9951,98005,4.351754418466783,0.17260387845784542
2339,0.1291572241330697,2,45,2,135857,469753,9953,98003,4.351337581977843,0.17261464431903847
2340,0.1291782330709833,2,51,2,135908,469702,9955,98001,4.350865167290378,0.1726272364246798
2341,0.1291786135508854,0,1,0,135909,469701,9955,98001,4.35085590425729,0.17262754050540602
2342,0.1291808211395024,11,118,11,136027,469583,9966,97990,4.349762866352958,0.17264739513683702
2343,0.1291848392998806,1,38,1,136065,469545,9967,97989,4.349410871095632,0.1726574971719756
2344,0.1291873534666708,1,12,1,136077,469533,9968,97988,4.349299714698581,0.17265969012600416
2345,0.1291931700819788,4,96,4,136173,469437,9972,97984,4.348410463522176,0.1726830695374334
2346,0.12919418985129,0,1,0,136174,469436,9972,97984,4.348401200489088,0.1726833738676818
2347,0.1291954291869734,0,3,0,136177,469433,9972,97984,4.348373411389826,0.17268428686486306
2348,0.1292147440383643,2,35,2,136212,469398,9974,97982,4.348049205231761,0.17269202298283337
2349,0.1292149774324964,0,3,0,136215,469395,9974,97982,4.348021416132498,0.17269293609011294
2350,0.1292165216331229,0,1,0,136216,469394,9974,97982,4.348012153099411,0.1726932404613519
2351,0.1292172128273787,1,8,1,136224,469386,9975,97981,4.347938048834711,0.17269421732317883
2352,0.1292177187604165,0,4,0,136228,469382,9975,97981,4.34790099670236,0.17269543484506392
2353,0.1292219507838911,4,98,4,136326,469284,9979,97977,4.34699321945978,0.17271943602680248
2354,0.129222338248431,10,79,10,136405,469205,9989,97967,4.346261439845863,0.1727289076329579
2355,0.129222568775414,1,24,1,136429,469181,9990,97966,4.346039127051762,0.1727347583607072
2356,0.129225053456983,1,4,1,136433,469177,9991,97965,4.3460020749194115,0.17273451798667705
2357,0.1292260186957697,1,27,1,136460,469150,9992,97964,4.345751973026047,0.17274128305772737
2358,0.1292292290552605,0,12,0,136472,469138,9992,97964,4.345640816628997,0.17274493830034104
2359,0.1292293461150991,0,5,0,136477,469133,9992,97964,4.345594501463559,0.17274646136375257
2360,0.1292313717530464,2,31,2,136508,469102,9994,97962,4.345307347437845,0.17275298731712824
2361,0.1292318024086479,1,20,1,136528,469082,9995,97961,4.345122086776094,0.1727576215560372
2362,0.1292323866000707,0,35,0,136563,469047,9995,97961,4.34479788061803,0.17276828545628986
2363,0.1292339000229661,0,1,0,136564,469046,9995,97961,4.344788617584942,0.17276859015849894
2364,0.1292356925118083,0,4,0,136568,469042,9995,97961,4.344751565452592,0.172769808978083
2365,0.1292380259308068,0,2,0,136570,469040,9995,97961,4.3447330393864165,0.17277041839432383
2366,0.1292387664199791,0,3,0,136573,469037,9995,97961,4.344705250287154,0.17277133252674612
2367,0.1292471953541061,7,129,7,136702,468908,10002,97954,4.3435103190188595,0.17280043467369482
2368,0.1292480328945207,0,9,0,136711,468899,10002,97954,4.343426951721072,0.17280317824903457
2369,0.1292494494149575,1,8,1,136719,468891,10003,97953,4.343352847456371,0.17280415775768995
2370,0.1292497835426779,4,44,4,136763,468847,10007,97949,4.3429452740005186,0.17281173473348435
2371,0.1292501366335559,7,49,7,136812,468798,10014,97942,4.342491385379229,0.17281645904647633
2372,0.1292609994058921,0,8,0,136820,468790,10014,97942,4.342417281114528,0.17281889852699336
2373,0.1292619273618444,3,29,3,136849,468761,10017,97939,4.342148653154989,0.17282336333156872
2374,0.1292641213435383,4,8,4,136857,468753,10021,97935,4.342074548890289,0.17281996442486872
2375,0.1292644895317624,0,7,0,136864,468746,10021,97935,4.342009707658676,0.17282209920572597
2376,0.1292645765450805,2,55,2,136919,468691,10023,97933,4.34150024083886,0.17283595470717794
2377,0.1292678169510917,0,3,0,136922,468688,10023,97933,4.341472451739597,0.17283686979480112
2378,0.1292693559287754,8,140,8,137062,468548,10031,97925,4.34017562710734,0.17286790367766866
2379,0.1292701642705281,3,25,3,137087,468523,10034,97922,4.339944051280151,0.17287115253908147
2380,0.1292724012821302,2,11,2,137098,468512,10036,97920,4.339842157916188,0.1728715891757528
2381,0.1292759972164678,0,1,0,137099,468511,10036,97920,4.3398328948831,0.17287189437018807
2382,0.1292772372559718,0,1,0,137100,468510,10036,97920,4.339823631850013,0.17287219956570096
2383,0.1292816963028272,0,2,0,137102,468508,10036,97920,4.339805105783838,0.1728728099599596
2384,0.1292827341105041,0,3,0,137105,468505,10036,97920,4.339777316684575,0.17287372555942976
2385,0.1292841506309409,1,2,1,137107,468503,10037,97919,4.3397587906184,0.17287287570044949
2386,0.1292901675723443,0,7,0,137114,468496,10037,97919,4.339693949386787,0.17287501213774353
2387,0.1292904669417962,2,9,2,137123,468487,10039,97917,4.339610582089,0.1728748384545307
2388,0.1292988225595217,1,6,1,137129,468481,10040,97916,4.3395550038904736,0.1728752094379031
2389,0.1293001065208375,7,53,7,137182,468428,10047,97909,4.339064063136833,0.172881164395051
2390,0.129300215923984,0,5,0,137187,468423,10047,97909,4.339017747971396,0.17288269071851847
2391,0.1293014854796172,0,2,0,137189,468421,10047,97909,4.338999221905221,0.17288330125545176
2392,0.129306032539292,2,96,2,137285,468325,10049,97907,4.338109970728816,0.17290969072747567
2393,0.1293078267647681,5,57,5,137342,468268,10054,97902,4.337581977842825,0.17291979440803998
2394,0.1293090035165241,2,108,2,137450,468160,10056,97900,4.336581570269369,0.1729498639720171
2395,0.1293193344494735,0,9,0,137459,468151,10056,97900,4.336498202971581,0.17295261381041638
2396,0.1293293382669285,0,2,0,137461,468149,10056,97900,4.336479676905406,0.1729532248974912
2397,0.1293309507596842,0,42,0,137503,468107,10056,97900,4.336090629515729,0.17296605872365536
2398,0.1293378764202059,2,10,2,137513,468097,10058,97898,4.335997999184853,0.17296619228085053
2399,0.1293379935944414,1,11,1,137524,468086,10059,97897,4.33589610582089,0.17296809268122895
2400,0.1293387754967339,2,27,2,137551,468059,10061,97895,4.335646003927526,0.17297342186820838
2401,0.1293399772137005,0,6,0,137557,468053,10061,97895,4.335590425729,0.1729752556772
2402,0.1293438102097495,10,65,10,137622,467988,10071,97885,4.3349883285783095,0.1729805097610241
2403,0.129344758342408,0,6,0,137628,467982,10071,97885,4.334932750379784,0.17298234390766734
2404,0.129359063218408,2,2,2,137630,467980,10073,97883,4.334914224313609,0.17298003226929487
2405,0.1293607814081843,0,1,0,137631,467979,10073,97883,4.334904961280522,0.17298033796225934
2406,0.129361279096755,3,13,3,137644,467966,10076,97880,4.334784541850383,0.17297992740074156
2407,0.1293650801138003,0,1,0,137645,467965,10076,97880,4.334775278817296,0.1729802331027048
2408,0.1293656478051974,5,97,5,137742,467868,10081,97875,4.333876764607803,0.17300258244467895
2409,0.1293684516056606,0,3,0,137745,467865,10081,97875,4.33384897550854,0.1730034998409163
2410,0.1293710249590481,0,11,0,137756,467854,10081,97875,4.333747082144577,0.17300686371036308
2411,0.1293738618632054,1,11,1,137767,467843,10082,97874,4.333645188780614,0.17300876586703245
2412,0.1293793302007208,1,8,1,137775,467835,10083,97873,4.333571084515914,0.17300975061339066
2413,0.1293810490713488,0,3,0,137778,467832,10083,97873,4.333543295416651,0.17301066810440072
2414,0.1293859095363662,0,4,0,137782,467828,10083,97873,4.333506243284301,0.17301189144088486
2415,0.1293895943599719,0,1,0,137783,467827,10083,97873,4.333496980251214,0.17301219727770903
2416,0.1293916866634652,0,11,0,137794,467816,10083,97873,4.333395086887251,0.17301556155414016
2417,0.1293918405170619,0,20,0,137814,467796,10083,97873,4.3332098262255,0.17302167875559735
2418,0.1293949230430265,0,2,0,137816,467794,10083,97873,4.333191300159324,0.1730222904995342
2419,0.1293950444370181,0,1,0,137817,467793,10083,97873,4.333182037126236,0.17302259637312478
2420,0.1293965359459808,0,4,0,137821,467789,10083,97873,4.333144984993886,0.17302381987830187
2421,0.1293979030241471,0,3,0,137824,467786,10083,97873,4.333117195894624,0.17302473751854033
2422,0.129398134039981,1,4,1,137828,467782,10084,97872,4.333080143762274,0.1730244990754065
2423,0.1294005836591519,5,20,5,137848,467762,10089,97867,4.332894883100522,0.17302330679650443
2424,0.12940411864119,4,38,4,137886,467724,10093,97863,4.3325428878431955,0.17302908305883977
2425,0.1294078065376138,0,4,0,137890,467720,10093,97863,4.332505835710845,0.1730303067807908
2426,0.1294116395336628,0,12,0,137902,467708,10093,97863,4.332394679313794,0.17303397805050116
2427,0.129413341544236,0,27,0,137929,467681,10093,97863,4.33214457742043,0.17304223897698498
2428,0.1294163132421574,3,77,3,138006,467604,10096,97860,4.331431323872689,0.173061415050295
2429,0.1294164389638329,0,4,0,138010,467600,10096,97860,4.331394271740339,0.17306263926714532
2430,0.1294176922009371,0,11,0,138021,467589,10096,97860,4.331292378376376,0.1730660059527915
2431,0.1294207790114376,0,4,0,138025,467585,10096,97860,4.331255326244025,0.173067230234594
2432,0.1294273509449264,4,13,4,138038,467572,10100,97856,4.331134906813888,0.17306535933841266
2433,0.1294291084206684,0,2,0,138040,467570,10100,97856,4.331116380747712,0.1730659714975965
2434,0.1294303113530546,1,13,1,138053,467557,10101,97855,4.330995961317574,0.17306848811132414
2435,0.1294314093232912,4,32,4,138085,467525,10105,97851,4.330699544258772,0.17307243321258772
2436,0.1294326187048845,0,16,0,138101,467509,10105,97851,4.330551335729371,0.17307733125795954
2437,0.1294328352559644,0,9,0,138110,467500,10105,97851,4.330467968431583,0.1730800865303148
2438,0.1294349250359764,3,57,3,138167,467443,10108,97848,4.329939975545592,0.1730931502535862
2439,0.1294351777500677,5,101,5,138268,467342,10113,97843,4.329004409203749,0.17311676707626705
2440,0.1294386367071852,1,1,1,138269,467341,10114,97842,4.328995146170662,0.17311561034213696
2441,0.1294399497060903,0,1,0,138270,467340,10114,97842,4.328985883137575,0.17311591664278056
2442,0.1294422007242417,0,6,0,138276,467334,10114,97842,4.328930304939049,0.17311775446940422
2443,0.1294443078471536,5,29,5,138305,467305,10119,97837,4.32866167697951,0.17311932222344117
2444,0.1294507388775191,0,7,0,138312,467298,10119,97837,4.328596835747898,0.17312146655223973
2445,0.1294528396710137,0,8,0,138320,467290,10119,97837,4.328522731483197,0.17312391727877097
2446,0.1294597761968386,2,7,2,138327,467283,10121,97835,4.328457890251584,0.17312313534518456
2447,0.1294609650637279,1,0,1,138327,467283,10122,97834,4.328457890251584,0.17312167214930713
2448,0.129467422837065,0,1,0,138328,467282,10122,97834,4.3284486272184965,0.17312197849645028
2449,0.1294701818852021,0,12,0,138340,467270,10122,97834,4.328337470821446,0.17312565474673688
2450,0.1294728806556885,6,129,6,138469,467141,10128,97828,4.327142539553151,0.17315640327168394
2451,0.1294736485860603,1,57,1,138526,467084,10129,97827,4.326614546667161,0.17317241122937949
2452,0.1294738486089273,1,20,1,138546,467064,10130,97826,4.32642928600541,0.17317707872329127
2453,0.1294781214045754,5,84,5,138630,466980,10135,97821,4.325651191226055,0.1731955148804623
2454,0.1294794508665313,1,19,1,138649,466961,10136,97820,4.325475193597391,0.17319987747463175
2455,0.1294853747224293,3,23,3,138672,466938,10139,97817,4.325262143836378,0.1732025391541465
2456,0.1294880258089054,1,8,1,138680,466930,10140,97816,4.325188039571677,0.17320352866598435
2457,0.1294881323934839,0,1,0,138681,466929,10140,97816,4.32517877653859,0.17320383535932146
2458,0.1294987719936794,0,3,0,138684,466926,10140,97816,4.3251509874393275,0.17320475544584962
2459,0.1295011368470234,0,1,0,138685,466925,10140,97816,4.325141724406239,0.1732050621435313
2460,0.1295027543598897,0,4,0,138689,466921,10140,97816,4.3251046722738895,0.17320628894511958
2461,0.1295044133466365,1,27,1,138716,466894,10141,97815,4.324854570380525,0.1732131062193094
2462,0.1295069867000239,3,35,3,138751,466859,10144,97812,4.324530364222461,0.17321944990977048
2463,0.1295078933847852,0,7,0,138758,466852,10144,97812,4.324465522990848,0.1732215972684641
2464,0.1295088707817532,0,9,0,138767,466843,10144,97812,4.32438215569306,0.17322435823644527
2465,0.1295101184852462,5,37,5,138804,466806,10149,97807,4.324039423468821,0.173228388294283
2466,0.1295107600700707,1,2,1,138806,466804,10150,97806,4.3240208974026455,0.17322753759232037
2467,0.129512137171067,1,12,1,138818,466792,10151,97805,4.323909741005595,0.17322975502880816
2468,0.1295154623270847,3,60,3,138878,466732,10154,97802,4.323353959020341,0.1732437727399944
2469,0.129517953786375,7,95,7,138973,466637,10161,97795,4.322473970877024,0.17326267823227598
2470,0.1295181554012787,1,22,1,138995,466615,10162,97794,4.322270184149097,0.1732679670239135
2471,0.1295185527511209,0,4,0,138999,466611,10162,97794,4.3222331320167475,0.17326919499295718
2472,0.1295206689949271,0,1,0,139000,466610,10162,97794,4.32222386898366,0.17326950198793772
2473,0.1295238387673812,2,27,2,139027,466583,10164,97792,4.321973767090296,0.173274861572536
2474,0.1295266032294765,0,1,0,139028,466582,10164,97792,4.321964504057209,0.1732751685938757
2475,0.1295314696264896,1,46,1,139074,466536,10165,97791,4.321538404535181,0.1732878278019659
2476,0.1295336414687508,0,1,0,139075,466535,10165,97791,4.3215291415020936,0.17328813487239644
2477,0.1295354226733805,2,13,2,139088,466522,10167,97789,4.321408722071955,0.17328919691446737
2478,0.1295354983811974,6,19,6,139107,466503,10173,97783,4.321232724443291,0.173286241374055
2479,0.1295390824464071,2,16,2,139123,466487,10175,97781,4.321084515913891,0.17328822474427044
2480,0.1295391145626199,3,24,3,139147,466463,10178,97778,4.320862203119789,0.17329120003686369
2481,0.1295394355662036,0,21,0,139168,466442,10178,97778,4.320667679424951,0.17329764985289425
2482,0.1295435576662464,3,20,3,139188,466422,10181,97775,4.320482418763199,0.17329939719636936
2483,0.1295491318966707,1,23,1,139211,466399,10182,97774,4.320269369002186,0.173304996871527
2484,0.1295539331630773,2,35,2,139246,466364,10184,97772,4.319945162844122,0.17331281818568572
2485,0.1295566262372713,1,13,1,139259,466351,10185,97771,4.319824743413983,0.17331534668032803
2486,0.1295566360612667,3,21,3,139280,466330,10188,97768,4.319630219719145,0.17331740229534584
2487,0.1295592552453363,0,1,0,139281,466329,10188,97768,4.319620956686057,0.1733177095428623
2488,0.1295644607983163,1,15,1,139296,466314,10189,97767,4.319482011189744,0.17332085285623874
2489,0.1295658414549916,0,8,0,139304,466306,10189,97767,4.3194079069250435,0.1733233109898896
2490,0.1295697015472031,0,10,0,139314,466296,10189,97767,4.319315276594168,0.17332638375500609
2491,0.1295699404624822,0,29,0,139343,466267,10189,97767,4.319046648634629,0.17333529538999423
2492,0.1295717599250123,4,36,4,139379,466231,10193,97763,4.318713179443477,0.17334049653010494
2493,0.129571763525232,3,12,3,139391,466219,10196,97760,4.318602023046426,0.17333978747435633
2494,0.1295737836623905,3,7,3,139398,466212,10199,97757,4.318537181814813,0.17333754160246395
2495,0.1295828365696555,1,14,1,139412,466198,10200,97756,4.318407499351587,0.17334037882522332
2496,0.1295857831102883,0,9,0,139421,466189,10200,97756,4.3183241320537995,0.17334314516486538
2497,0.1295921660370236,0,8,0,139429,466181,10200,97756,4.318250027789099,0.1733456042075622
2498,0.1296064647412154,2,14,2,139443,466167,10202,97754,4.318120345325873,0.17334697590619963
2499,0.1296090686126019,0,47,0,139490,466120,10202,97754,4.317684982770759,0.1733614247154506
2500,0.1296162125370755,0,2,0,139492,466118,10202,97754,4.3176664567045835,0.1733620396118268
2501,0.1296235883257296,1,2,1,139494,466116,10203,97753,4.317647930638408,0.17336118850300336
2502,0.1296319172027931,0,5,0,139499,466111,10203,97753,4.31760161547297,0.17336272576365933
2503,0.1296419985437398,2,63,2,139562,466048,10205,97751,4.317018044388455,0.17337916526989228
2504,0.1296509137530589,1,2,1,139564,466046,10206,97750,4.316999518322279,0.17337831414199462
2505,0.1296522980235168,4,18,4,139582,466028,10210,97746,4.316832783726704,0.1733779847953258
2506,0.129653385425424,0,3,0,139585,466025,10210,97746,4.316804994627441,0.1733789073932501
2507,0.1296544570913771,0,3,0,139588,466022,10210,97746,4.316777205528179,0.17337983000099333
2508,0.1296545144920967,0,16,0,139604,466006,10210,97746,4.3166289969987774,0.17338475074146079
2509,0.1296568946346991,0,1,0,139605,466005,10210,97746,4.316619733965689,0.17338505829701412
2510,0.1296579204139017,3,23,3,139628,465982,10213,97743,4.316406684204676,0.17338773338063773
2511,0.1296611289027234,1,5,1,139633,465977,10214,97742,4.316360369039238,0.1733878049169888
2512,0.1296645337998463,0,3,0,139636,465974,10214,97742,4.316332579939975,0.17338872765718907
2513,0.1296653386179906,5,27,5,139663,465947,10219,97737,4.316082478046612,0.17338970061239986
2514,0.1296701564004685,1,1,1,139664,465946,10220,97736,4.316073215013524,0.17338854176645696
2515,0.129672832169828,5,11,5,139675,465935,10225,97731,4.3159713216495605,0.1733845930036582
2516,0.1296739399128415,6,93,6,139768,465842,10231,97725,4.315109859572418,0.17340440444525673
2517,0.1296746481111609,1,26,1,139794,465816,10232,97724,4.314869020712142,0.17341093799907725
2518,0.1296768979365153,1,7,1,139801,465809,10233,97723,4.314804179480529,0.17341162524932036
2519,0.1296769896418896,0,3,0,139804,465806,10233,97723,4.314776390381266,0.17341254842253015
2520,0.1296815250743102,1,10,1,139814,465796,10234,97722,4.314683760050391,0.17341415890885473
2521,0.1296837461796514,0,2,0,139816,465794,10234,97722,4.314665233984216,0.17341477438085165
2522,0.1296892157080801,7,23,7,139839,465771,10241,97715,4.314452184223202,0.17341158431620307
2523,0.1297013065830551,1,3,1,139842,465768,10242,97714,4.31442439512394,0.17341104063661306
2524,0.1297044661357291,2,2,2,139844,465766,10244,97712,4.314405869057764,0.1734087222571245
2525,0.1297070460317366,3,8,3,139852,465758,10247,97709,4.314331764793064,0.17340678336087118
2526,0.1297083727583435,1,5,1,139857,465753,10248,97708,4.314285449627626,0.17340685513283086
2527,0.1297097347092193,1,23,1,139880,465730,10249,97707,4.314072399866612,0.17341246669991497
2528,0.1297109440908126,1,13,1,139893,465717,10250,97706,4.3139519804364745,0.17341500080756378
2529,0.1297146424070569,0,1,0,139894,465716,10250,97706,4.313942717403386,0.17341530859639845
2530,0.1297191987476819,1,7,1,139901,465709,10251,97705,4.313877876171774,0.17341599605263625
2531,0.1297204341656603,1,4,1,139905,465705,10252,97704,4.313840824039423,0.1734157601316273
2532,0.1297241408054217,4,29,4,139934,465676,10256,97700,4.3135721960798845,0.17341881798301667
2533,0.1297293091323271,0,1,0,139935,465675,10256,97700,4.313562933046797,0.1734191258043044
2534,0.1297305405739204,0,10,0,139945,465665,10256,97700,4.313470302715921,0.1734222040772856
2535,0.1297335786863676,3,1,3,139946,465664,10259,97697,4.313461039682834,0.1734181102348228
2536,0.129735825366777,0,1,0,139947,465663,10259,97697,4.313451776649746,0.17341841806305028
2537,0.1297414704351447,0,8,0,139955,465655,10259,97697,4.313377672385045,0.17342088072821255
2538,0.1297475332549742,0,13,0,139968,465642,10259,97697,4.313257252954908,0.17342488270828044
2539,0.1297489852724937,0,1,0,139969,465641,10259,97697,4.31324798992182,0.17342519056055156
2540,0.1297493435431223,2,21,2,139990,465620,10261,97695,4.3130534662269815,0.17342872105305202
2541,0.1297527408717195,0,1,0,139991,465619,10261,97695,4.313044203193893,0.17342902892525305
2542,0.1297701809207615,1,9,1,140000,465610,10262,97694,4.312960835896106,0.17343033246701603
2543,0.1297711100650904,1,11,1,140011,465599,10263,97693,4.312858942532142,0.17343225183386238
2544,0.1297769416796636,0,1,0,140012,465598,10263,97693,4.312849679499055,0.1734325597249024
2545,0.1297776399901961,1,13,1,140025,465585,10264,97692,4.312729260068917,0.1734350949887888
2546,0.1297778207177965,0,2,0,140027,465583,10264,97692,4.312710734002742,0.17343571079845546
2547,0.1297797191314486,1,9,1,140036,465574,10265,97691,4.3126273667049535,0.1734370145491021
2548,0.1297807405211662,0,5,0,140041,465569,10265,97691,4.312581051539516,0.17343855413130704
2549,0.1297866911312624,8,45,8,140086,465524,10273,97683,4.312164215050577,0.17344067101438726
2550,0.1297882634895736,0,2,0,140088,465522,10273,97683,4.312145688984401,0.1734412869203931
2551,0.1297926079758242,0,1,0,140089,465521,10273,97683,4.312136425951313,0.1734415948750364
2552,0.1297940801048817,1,18,1,140107,465503,10274,97682,4.3119696913557375,0.17344567060557367
2553,0.1297943875316234,1,9,1,140116,465494,10275,97681,4.31188632405795,0.1734469747414214
2554,0.1297973371922963,0,19,0,140135,465475,10275,97681,4.311710326429286,0.17345282657025762
2555,0.1297983698978338,1,0,1,140135,465475,10276,97680,4.311710326429286,0.17345135886212498
2556,0.1297999529009713,0,1,0,140136,465474,10276,97680,4.311701063396199,0.17345166686199512
2557,0.1298034865708843,0,19,0,140155,465455,10276,97680,4.311525065767535,0.17345751906736395
2558,0.1298038571769387,22,133,22,140288,465322,10298,97658,4.31029308236689,0.17346619773348965
2559,0.1298081382786728,3,14,3,140302,465308,10301,97655,4.310163399903664,0.17346610700880874
2560,0.1298095662352208,20,143,20,140445,465165,10321,97635,4.308838786172144,0.17348081023454157
2561,0.129814449435858,16,99,16,140544,465066,10337,97619,4.3079217458964765,0.1734878306690244
2562,0.1298170227892454,19,115,19,140659,464951,10356,97600,4.306856497091408,0.17349538086324617
2563,0.1298202789126693,0,8,0,140667,464943,10356,97600,4.306782392826707,0.17349784816449587
2564,0.1298257756347186,3,26,3,140693,464917,10359,97597,4.306541553966431,0.17350145951922974
2565,0.1298282408048885,0,5,0,140698,464912,10359,97597,4.306495238800993,0.1735030017297501
2566,0.1298310382113246,0,1,0,140699,464911,10359,97597,4.306485975767905,0.17350331017514417
2567,0.1298332966229735,0,2,0,140701,464909,10359,97597,4.306467449701731,0.17350392706922238
2568,0.1298398124540771,1,16,1,140717,464893,10360,97596,4.3063192411723294,0.17350739303346377
2569,0.1298405291334552,4,25,4,140742,464868,10364,97592,4.3060876653451405,0.17350922732283183
2570,0.129842385800714,2,26,2,140768,464842,10366,97590,4.305846826484864,0.17351430928538916
2571,0.1298446885998906,0,2,0,140770,464840,10366,97590,4.305828300418689,0.1735149263019398
2572,0.1298480576179959,0,11,0,140781,464829,10366,97590,4.305726407054726,0.1735183199714092
2573,0.1298491506518413,13,52,13,140833,464777,10379,97577,4.305244729334174,0.17351525907168794
2574,0.1298496426467139,0,6,0,140839,464771,10379,97577,4.3051891511356475,0.17351711040138845
2575,0.1298543828322697,2,8,2,140847,464763,10381,97575,4.305115046870948,0.1735166394588308
2576,0.1298587497486619,0,1,0,140848,464762,10381,97575,4.30510578383786,0.17351694802227136
2577,0.1298596665168576,1,29,1,140877,464733,10382,97574,4.304837155878321,0.1735244270478582
2578,0.1298603992318771,3,21,3,140898,464712,10385,97571,4.304642632183482,0.17352649822242536
2579,0.1298611619555836,3,5,3,140903,464707,10388,97568,4.304596317018045,0.17352363167489218
2580,0.129861909428795,0,2,0,140905,464705,10388,97568,4.304577790951869,0.17352424889688817
2581,0.129867241297382,0,1,0,140906,464704,10388,97568,4.304568527918781,0.17352455750953275
2582,0.129888917334924,0,2,0,140908,464702,10388,97568,4.304550001852607,0.17352517473811513
2583,0.1298995535885756,6,50,6,140958,464652,10394,97562,4.304086850198229,0.17353178682850304
2584,0.1299006567231332,0,7,0,140965,464645,10394,97562,4.304022008966616,0.17353394746063283
2585,0.1299027309963941,0,2,0,140967,464643,10394,97562,4.304003482900441,0.17353456479398086
2586,0.1299046841505459,0,4,0,140971,464639,10394,97562,4.3039664307680905,0.17353579947385367
2587,0.1299061455442848,4,58,4,141029,464581,10398,97558,4.303429174849013,0.17354782358100043
2588,0.1299069425621949,0,15,0,141044,464566,10398,97558,4.303290229352699,0.17355245461855393
2589,0.1299135439136162,1,19,1,141063,464547,10399,97557,4.303114231724035,0.17355685068955212
2590,0.1299158869419092,1,0,1,141063,464547,10400,97556,4.303114231724035,0.1735553804196028
2591,0.1299217035572172,1,14,1,141077,464533,10401,97555,4.30298454926081,0.17355823287456768
2592,0.1299262486262969,7,23,7,141100,464510,10408,97548,4.302771499499796,0.17355504236217614
2593,0.1299299369962197,0,5,0,141105,464505,10408,97548,4.302725184334358,0.17355658630058018
2594,0.1299330271519167,0,7,0,141112,464498,10408,97548,4.302660343102746,0.1735587478604954
2595,0.1299340580599259,0,5,0,141117,464493,10408,97548,4.302614027937308,0.17356029186482835
2596,0.1299350706212953,0,2,0,141119,464491,10408,97548,4.302595501871132,0.17356090947425357
2597,0.1299353541284266,0,3,0,141122,464488,10408,97548,4.30256771277187,0.17356183589663296
2598,0.1299408872366033,0,5,0,141127,464483,10408,97548,4.302521397606432,0.1735633799559099
2599,0.1299427091212844,0,7,0,141134,464476,10408,97548,4.302456556374819,0.1735655416850526
2600,0.1299506164732116,0,8,0,141142,464468,10408,97548,4.302382452110119,0.17356801229858224
2601,0.129951452451179,1,0,1,141142,464468,10409,97547,4.302382452110119,0.17356654181827888
2602,0.1299516591055942,13,116,13,141258,464352,10422,97534,4.301307940271963,0.17358325354253354
2603,0.1299519793745049,0,5,0,141263,464347,10422,97534,4.301261625106525,0.17358479820460204
2604,0.1299552482580273,3,20,3,141283,464327,10425,97531,4.301076364444774,0.1735865645768148
2605,0.129956019175397,1,26,1,141309,464301,10426,97530,4.300835525584497,0.1735931267587584
2606,0.1299565933160325,0,5,0,141314,464296,10426,97530,4.30078921041906,0.17359467165990894
2607,0.1299573681638763,10,168,10,141482,464128,10436,97520,4.299233020860351,0.1736318833148164
2608,0.1299591103363597,0,13,0,141495,464115,10436,97520,4.299112601430212,0.17363590232090237
2609,0.1299594953314769,0,18,0,141513,464097,10436,97520,4.298945866834637,0.17364146740572312
2610,0.1299609200753091,0,6,0,141519,464091,10436,97520,4.298890288636111,0.17364332251326986
2611,0.1299609498422803,3,9,3,141528,464082,10439,97517,4.298806921338323,0.17364169095742693
2612,0.1299645505813182,5,71,5,141599,464011,10444,97512,4.298149245989107,0.1736562883443777
2613,0.1299687765138654,0,3,0,141602,464008,10444,97512,4.298121456889844,0.1736572161276535
2614,0.1299700757914981,0,6,0,141608,464002,10444,97512,4.298065878691319,0.17365907172394632
2615,0.1299725134744593,0,1,0,141609,464001,10444,97512,4.298056615658231,0.17365938099385053
2616,0.1299747718861082,0,2,0,141611,463999,10444,97512,4.2980380895920565,0.17365999953696365
2617,0.129976605953197,4,23,4,141634,463976,10448,97508,4.297825039831042,0.17366122632167613
2618,0.1299801037546952,0,5,0,141639,463971,10448,97508,4.297778724665604,0.1736627727840222
2619,0.1299821148859107,3,6,3,141645,463965,10451,97505,4.297723146467079,0.17366021336847917
2620,0.1299834116154998,0,2,0,141647,463963,10451,97505,4.297704620400904,0.17366083196192839
2621,0.1299895328811306,0,3,0,141650,463960,10451,97505,4.297676831301642,0.1736617598603653
2622,0.1299899232871716,0,2,0,141652,463958,10451,97505,4.297658305235466,0.17366237846483207
2623,0.1299929145593553,5,29,5,141681,463929,10456,97500,4.297389677275927,0.1736639895694736
2624,0.1299947896841847,0,5,0,141686,463924,10456,97500,4.29734336211049,0.1736655362079284
2625,0.1299948647497175,0,5,0,141691,463919,10456,97500,4.297297046945052,0.17366708287393195
2626,0.1299974308106099,0,1,0,141692,463918,10456,97500,4.2972877839119645,0.17366739221043856
2627,0.1299976060433426,3,27,3,141719,463891,10459,97497,4.2970376820186,0.17367132892046142
2628,0.129997726589143,0,11,0,141730,463880,10459,97497,4.296935788654637,0.17367473195374944
2629,0.1299986236176375,16,227,16,141957,463653,10475,97481,4.294833080143762,0.17372142839321802
2630,0.1299992517973016,26,108,26,142065,463545,10501,97455,4.293832672570306,0.17371657754010694
2631,0.1299999192113441,0,31,0,142096,463514,10501,97455,4.293545518544592,0.17372617738235088
2632,0.13000017939673,1,25,1,142121,463489,10502,97454,4.293313942717403,0.1737324469687651
2633,0.1300034734009117,17,82,17,142203,463407,10519,97437,4.292554374004224,0.17373280270449537
2634,0.1300046827825051,7,50,7,142253,463357,10526,97430,4.292091222349846,0.1737379789474435
2635,0.130005124056244,0,2,0,142255,463355,10526,97430,4.292072696283671,0.17373859857164511
2636,0.1300064258227487,0,3,0,142258,463352,10526,97430,4.292044907184408,0.17373952801623446
2637,0.1300160497036043,0,2,0,142260,463350,10526,97430,4.292026381118234,0.17374014765148543
2638,0.130018881664792,0,1,0,142261,463349,10526,97430,4.292017118085146,0.17374045747076833
2639,0.1300202539879359,0,1,0,142262,463348,10526,97430,4.292007855052058,0.17374076729115623
2640,0.1300223522656047,16,51,16,142313,463297,10542,97414,4.291535440364593,0.1737329925754979
2641,0.1300235436560221,2,18,2,142331,463279,10544,97412,4.291368705769017,0.17373562265133558
2642,0.1300250762828553,0,13,0,142344,463266,10544,97412,4.291248286338879,0.17373965092263297
2643,0.1300272916791416,7,99,7,142443,463167,10551,97405,4.290331246063211,0.1737600165545193
2644,0.1300284198018356,1,0,1,142443,463167,10552,97404,4.290331246063211,0.17375854262885523
2645,0.130032307259326,1,7,1,142450,463160,10553,97403,4.290266404831598,0.1737592384798854
2646,0.1300332605201773,0,4,0,142454,463156,10553,97403,4.290229352699248,0.1737604783796175
2647,0.1300345660145304,2,24,2,142478,463132,10555,97401,4.290007039905147,0.17376497012664732
2648,0.1300349545556811,0,2,0,142480,463130,10555,97401,4.2899885138389715,0.17376559012793227
2649,0.130037453804952,1,4,1,142484,463126,10556,97400,4.289951461706621,0.17376535611193772
2650,0.1300387000291306,0,1,0,142485,463125,10556,97400,4.2899421986735335,0.17376566611658714
2651,0.1300398792735334,0,6,0,142491,463119,10556,97400,4.289886620475008,0.17376752616771243
2652,0.1300400241005287,1,8,1,142499,463111,10557,97399,4.289812516210308,0.17376853222957664
2653,0.1300452178700565,0,3,0,142502,463108,10557,97399,4.289784727111045,0.17376946229039067
2654,0.1300533529749845,1,11,1,142513,463097,10558,97398,4.289682833747082,0.1737713984959723
2655,0.130056305165581,0,3,0,142516,463094,10558,97398,4.289655044647819,0.17377232859701833
2656,0.1300624829405837,1,16,1,142532,463078,10559,97397,4.289506836118418,0.17377581515678667
2657,0.1300681860958248,0,1,0,142533,463077,10559,97397,4.289497573085331,0.17377612520830582
2658,0.1300685106889389,0,9,0,142542,463068,10559,97397,4.289414205787543,0.17377891572176674
2659,0.1300719727936729,2,18,2,142560,463050,10561,97395,4.289247471191967,0.1737815485908519
2660,0.1300722557793273,0,2,0,142562,463048,10561,97395,4.289228945125792,0.17378216874865063
2661,0.1300723577887901,2,29,2,142591,463019,10563,97393,4.288960317166253,0.17378821295760977
2662,0.1300728000373524,0,10,0,142601,463009,10563,97393,4.288867686835378,0.1737913140923837
2663,0.1300730311997774,13,58,13,142659,462951,10576,97380,4.288330430916299,0.17379013475963315
2664,0.1300755189818087,0,8,0,142667,462943,10576,97380,4.288256326651599,0.17379261604467422
2665,0.1300775859901399,4,5,4,142672,462938,10580,97376,4.288210011486161,0.173788268720753
2666,0.1300838790275177,0,2,0,142674,462936,10580,97376,4.288191485419986,0.17378888904753065
2667,0.1300893967084824,2,2,2,142676,462934,10582,97374,4.288172959353811,0.1737865602490059
2668,0.1300896413657729,6,84,6,142760,462850,10588,97368,4.287394864574456,0.17380376924697172
2669,0.1300896956428257,0,3,0,142763,462847,10588,97368,4.287367075475194,0.1738046999812572
2670,0.1300923739847271,0,1,0,142764,462846,10588,97368,4.287357812442106,0.17380501022823422
2671,0.130094977343224,1,15,1,142779,462831,10589,97367,4.287218866945793,0.17380818924737326
2672,0.1300955039737442,3,26,3,142805,462805,10592,97364,4.2869780280855165,0.17381183178647872
2673,0.1300956504863701,0,5,0,142810,462800,10592,97364,4.286931712920079,0.17381338322348455
2674,0.1301018769703653,12,60,12,142870,462740,10604,97352,4.286375930934826,0.1738143019361105
2675,0.1301023953384438,0,4,0,142874,462736,10604,97352,4.286338878802475,0.17381554327177157
2676,0.1301044593629751,1,11,1,142885,462725,10605,97351,4.286236985438512,0.17381748191316893
2677,0.1301075860286474,11,81,11,142966,462644,10616,97340,4.28548667975842,0.17382639503985828
2678,0.1301077272070307,0,5,0,142971,462639,10616,97340,4.285440364592982,0.17382794711944555
2679,0.1301094052337816,0,5,0,142976,462634,10616,97340,4.285394049427545,0.1738294992267498
2680,0.1301188638092778,1,11,1,142987,462623,10617,97339,4.285292156063582,0.17383143856190242
2681,0.1301203491837677,0,2,0,142989,462621,10617,97339,4.285273629997406,0.17383205943281663
2682,0.1301264879681803,0,6,0,142995,462615,10617,97339,4.285218051798881,0.17383392207217022
2683,0.1301278735120904,0,4,0,142999,462611,10617,97339,4.28518099966653,0.17383516385391554
2684,0.1301289121609176,1,9,1,143008,462602,10618,97338,4.285097632368743,0.17383648248026573
2685,0.1301327572452395,0,1,0,143009,462601,10618,97338,4.285088369335655,0.1738367929363734
2686,0.130134187793766,0,2,0,143011,462599,10618,97338,4.28506984326948,0.17383741385191548
2687,0.1301363400128522,0,2,0,143013,462597,10618,97338,4.285051317203305,0.17383803477189316
2688,0.1301379387401685,2,15,2,143028,462582,10620,97336,4.284912371706992,0.17383974081919137
2689,0.1301392292151987,2,18,2,143046,462564,10622,97334,4.284745637111416,0.17384237843321462
2690,0.1301407164880109,4,32,4,143078,462532,10626,97330,4.284449220052614,0.17384641215156593
2691,0.1301419400961804,1,1,1,143079,462531,10627,97329,4.284439957019527,0.17384524702604223
2692,0.1301436731559399,0,10,0,143089,462521,10627,97329,4.284347326688651,0.1738483522372064
2693,0.130146425546293,13,175,13,143264,462346,10640,97316,4.282726295898329,0.17388352255468478
2694,0.1301477071888028,6,6,6,143270,462340,10646,97310,4.282670717699804,0.17387652997409095
2695,0.1301524587480632,2,19,2,143289,462321,10648,97308,4.28249472007114,0.17387948087036234
2696,0.1301536605262719,0,5,0,143294,462316,10648,97308,4.282448404905702,0.17388103440881736
2697,0.1301549006472761,7,49,7,143343,462267,10655,97301,4.281994516284412,0.17388592628599206
2698,0.1301694259315762,0,2,0,143345,462265,10655,97301,4.281975990218237,0.17388654778882204
2699,0.1301740470739324,0,9,0,143354,462256,10655,97301,4.2818926229204495,0.17388934460653696
2700,0.1301813731462521,1,7,1,143361,462249,10656,97300,4.281827781688836,0.17389004358867588
2701,0.1301824084047862,1,22,1,143383,462227,10657,97299,4.28162399496091,0.17389540432437456
2702,0.1301826096934854,2,3,2,143386,462224,10659,97297,4.281596205861647,0.17389338380507613
2703,0.1301857809221504,2,4,2,143390,462220,10661,97295,4.281559153729297,0.17389167403912317
2704,0.1301866931331912,1,1,1,143391,462219,10662,97294,4.281549890696209,0.17389050835279968
2705,0.1301878377212077,0,15,0,143406,462204,10662,97294,4.281410945199896,0.17389517031338808
2706,0.1301925307833285,1,10,1,143416,462194,10663,97293,4.28131831486902,0.17389680189173295
2707,0.1301937401649218,1,18,1,143434,462176,10664,97292,4.281151580273445,0.17390092015986616
2708,0.1301937927114598,0,2,0,143436,462174,10664,97292,4.281133054207269,0.1739015418273854
2709,0.1301949703262895,5,118,5,143554,462056,10669,97287,4.280040016302938,0.17393084386503452
2710,0.1301961797078828,7,83,7,143637,461973,10676,97280,4.279271184556671,0.1739463176773303
2711,0.1301967414848309,1,0,1,143637,461973,10677,97279,4.279271184556671,0.1739448406085271
2712,0.1301968261016912,6,69,6,143706,461904,10683,97273,4.27863203527363,0.17395744102493485
2713,0.1301979030203636,1,1,1,143707,461903,10684,97272,4.278622772240542,0.173956274869227
2714,0.1301989762269681,1,8,1,143715,461895,10685,97271,4.278548667975842,0.17395728638722668
2715,0.130200422580319,7,65,7,143780,461830,10692,97264,4.277946570825151,0.17396716831158981
2716,0.1302017022475048,4,13,4,143793,461817,10696,97260,4.277826151395013,0.17396530352706335
2717,0.1302017963603597,0,12,0,143805,461805,10696,97260,4.277714994997962,0.17396903758954682
2718,0.1302025038230861,8,68,8,143873,461737,10704,97252,4.277085108748008,0.1739783788231969
2719,0.1302025581001389,1,6,1,143879,461731,10705,97251,4.277029530549483,0.17397876854710886
2720,0.1302056034298023,0,24,0,143903,461707,10705,97251,4.2768072177553815,0.17398623867982926
2721,0.1302115024798532,0,1,0,143904,461706,10705,97251,4.276797954722294,0.17398654994928053
2722,0.1302155860354018,1,10,1,143914,461696,10706,97250,4.276705324391418,0.1739881849051608
2723,0.1302163490615583,9,54,9,143968,461642,10715,97241,4.276205120604691,0.1739916941470755
2724,0.1302166801644718,23,55,23,144023,461587,10738,97218,4.275695653784875,0.1739748212703895
2725,0.1302173190951613,0,14,0,144037,461573,10738,97218,4.275565971321649,0.1739791800512177
2726,0.1302200178033522,0,5,0,144042,461568,10738,97218,4.275519656156212,0.173980736811588
2727,0.1302205000375037,2,3,2,144045,461565,10740,97216,4.2754918670569495,0.1739787143800523
2728,0.130220666084295,4,17,4,144062,461548,10744,97212,4.275334395494461,0.17397809435177894
2729,0.1302275421316749,1,14,1,144076,461534,10745,97211,4.2752047130312345,0.17398097522125477
2730,0.1302308093578264,0,6,0,144082,461528,10745,97211,4.275149134832709,0.1739828435101183
2731,0.1302327898430445,0,1,0,144083,461527,10745,97211,4.275139871799622,0.17398315489549665
2732,0.1302339541980087,0,18,0,144101,461509,10745,97211,4.2749731372040465,0.1739887600229095
2733,0.1302388934163116,5,31,5,144132,461478,10750,97206,4.2746859831783315,0.1739910217582748
2734,0.1302402617373587,0,1,0,144133,461477,10750,97206,4.274676720145244,0.17399133318894613
2735,0.1302407359694037,0,1,0,144134,461476,10750,97206,4.274667457112157,0.17399164462073236
2736,0.130244038890691,0,2,0,144136,461474,10750,97206,4.274648931045982,0.17399226748764945
2737,0.1302460663126196,1,6,1,144142,461468,10751,97205,4.2745933528474565,0.17399265760113697
2738,0.1302462320111556,0,8,0,144150,461460,10751,97205,4.274519248582756,0.1739951491502063
2739,0.1302471747764029,11,78,11,144228,461382,10762,97194,4.273796732001927,0.17400317951362035
2740,0.1302516667936747,2,21,2,144249,461361,10764,97192,4.273602208307088,0.17400676390602146
2741,0.1302548025534936,0,5,0,144254,461356,10764,97192,4.27355589314165,0.1740083215766595
2742,0.1302565356132531,0,4,0,144258,461352,10764,97192,4.2735188410093,0.1740095677332493
2743,0.1302585145965337,0,9,0,144267,461343,10764,97192,4.273435473711512,0.17401237165083655
2744,0.130266103223148,7,51,7,144318,461292,10771,97185,4.272963059024047,0.17401790942151601
2745,0.1302684549544258,3,18,3,144336,461274,10774,97182,4.272796324428471,0.1740190811809704
2746,0.1302686654693831,5,22,5,144358,461252,10779,97177,4.272592537700545,0.1740185413006846
2747,0.1302703874240523,0,1,0,144359,461251,10779,97177,4.272583274667457,0.17401885292284772
2748,0.1302739622981306,2,10,2,144369,461241,10781,97175,4.272490644336582,0.17401901091659264
2749,0.1302835989703644,0,6,0,144375,461235,10781,97175,4.272435066138057,0.17402088071488692
2750,0.1302850651204212,2,22,2,144397,461213,10783,97173,4.27223127941013,0.17402477855820167
2751,0.130290934352782,4,8,4,144405,461205,10787,97169,4.27215717514543,0.1740213548625115
2752,0.1302939643050603,0,34,0,144439,461171,10787,97169,4.271842232020453,0.17403195185729126
2753,0.1302966434110641,8,142,8,144581,461029,10795,97161,4.27052688132202,0.17406438667837115
2754,0.1302971835724301,0,4,0,144585,461025,10795,97161,4.27048982918967,0.1740656340359665
2755,0.1302984853389348,2,14,2,144599,461011,10797,97159,4.2703601467264445,0.17406704050737232
2756,0.1303079284980061,0,18,0,144617,460993,10797,97159,4.270193412130868,0.1740726540440597
2757,0.1303120669299788,1,5,1,144622,460988,10798,97158,4.27014709696543,0.1740727336575018
2758,0.1303130328230112,11,81,11,144703,460907,10809,97147,4.269396791285338,0.1740817196902092
2759,0.1303173843792505,0,1,0,144704,460906,10809,97147,4.269387528252251,0.1740820316349881
2760,0.1303179089688247,1,15,1,144719,460891,10810,97146,4.269248582755938,0.17408523090762798
2761,0.1303215766361145,0,16,0,144735,460875,10810,97146,4.269100374226537,0.17409022241098454
2762,0.1303218146276562,3,12,3,144747,460863,10813,97143,4.268989217829486,0.17408952591907614
2763,0.130321849002588,0,4,0,144751,460859,10813,97143,4.268952165697136,0.17409077386819402
2764,0.1303243649371664,0,1,0,144752,460858,10813,97143,4.268942902664048,0.17409108585826907
2765,0.130328448492715,1,9,1,144761,460849,10814,97142,4.268859535366261,0.1740924136769231
2766,0.130328702844534,0,6,0,144767,460843,10814,97142,4.268803957167735,0.17409428568868338
2767,0.13032931309124,0,1,0,144768,460842,10814,97142,4.268794694134647,0.17409459769455754
2768,0.1303301815524745,0,18,0,144786,460824,10814,97142,4.268627959539072,0.17410021399153353
2769,0.1303333624948169,0,2,0,144788,460822,10814,97142,4.268609433472896,0.17410083804689908
2770,0.1303365536137806,0,1,0,144789,460821,10814,97142,4.268600170439809,0.17410115007625954
2771,0.1303404045889882,2,11,2,144800,460810,10816,97140,4.268498277075846,0.17410162200914062
2772,0.1303439580296928,0,6,0,144806,460804,10816,97140,4.268442698877321,0.1741034942574882
2773,0.1303463975726538,3,38,3,144844,460766,10819,97137,4.268090703619993,0.17411091175347687
2774,0.1303516961063601,5,130,5,144974,460636,10824,97132,4.266886509318612,0.1741440885816325
2775,0.1303560810223054,0,26,0,145000,460610,10824,97132,4.266645670458335,0.17415220657580027
2776,0.1303602456120109,0,7,0,145007,460603,10824,97132,4.266580829226722,0.17415439231893282
2777,0.1303611100794391,0,4,0,145011,460599,10824,97132,4.2665437770943715,0.17415564133964223
2778,0.1303621255433006,1,10,1,145021,460589,10825,97131,4.2664511467634965,0.17415728322455712
2779,0.1303641262268829,0,3,0,145024,460586,10825,97131,4.266423357664234,0.17415822002915457
2780,0.1303671736805266,0,4,0,145028,460582,10825,97131,4.266386305531883,0.1741594691176286
2781,0.1303672948944746,0,20,0,145048,460562,10825,97131,4.266201044870132,0.1741657148287678
2782,0.1303700237217387,5,34,5,145082,460528,10830,97126,4.2658861017451555,0.17416892912092444
2783,0.1303720400775397,2,33,2,145115,460495,10832,97124,4.265580421653266,0.17417627448132147
2784,0.1303747213178536,0,3,0,145118,460492,10832,97124,4.265552632554003,0.17417721155777452
2785,0.1303748383045671,0,4,0,145122,460488,10832,97124,4.265515580421654,0.17417846100873008
2786,0.1303749340289574,5,27,5,145149,460461,10837,97119,4.265265478528289,0.1741794899386635
2787,0.1303780334481337,1,0,1,145149,460461,10838,97118,4.265265478528289,0.17417800885614415
2788,0.1303798908467863,0,4,0,145153,460457,10838,97118,4.2652284263959395,0.1741792583957315
2789,0.1303805573036362,11,67,11,145220,460390,10849,97107,4.264607803179073,0.1741838969537056
2790,0.1303840277087062,9,137,9,145357,460253,10858,97098,4.263338767646078,0.17421337720754068
2791,0.1303852370902995,4,79,4,145436,460174,10862,97094,4.262606988032161,0.17423214683060934
2792,0.1303854334494497,1,8,1,145444,460166,10863,97093,4.262532883767461,0.17423316626559643
2793,0.1303857128692002,3,35,3,145479,460131,10866,97090,4.262208677609396,0.17423966433425875
2794,0.1303951399203815,0,13,0,145492,460118,10866,97090,4.262088258179258,0.1742437294511206
2795,0.1303979275777344,1,15,1,145507,460103,10867,97089,4.261949312682945,0.17424693821878276
2796,0.1303980108763878,0,8,0,145515,460095,10867,97089,4.261875208418244,0.1742494400413508
2797,0.130400016066195,0,2,0,145517,460093,10867,97089,4.261856682352069,0.17425006550821814
2798,0.1304044230546863,3,8,3,145525,460085,10870,97086,4.261782578087369,0.1742481213128465
2799,0.1304061967128591,0,1,0,145526,460084,10870,97086,4.261773315054281,0.17424843405064883
2800,0.1304105109135323,0,9,0,145535,460075,10870,97086,4.261689947756493,0.17425124874138714
2801,0.1304131567787423,0,2,0,145537,460073,10870,97086,4.261671421690318,0.17425187424056687
2802,0.1304144793472219,0,4,0,145541,460069,10870,97086,4.261634369557968,0.17425312525239833
2803,0.130414993983162,2,15,2,145556,460054,10872,97084,4.261495424061655,0.1742548524782011
2804,0.1304153509175243,2,11,2,145567,460043,10874,97082,4.261393530697692,0.17425532869643257
2805,0.130424135219326,0,15,0,145582,460028,10874,97082,4.261254585201378,0.17426002046274525
2806,0.1304312887313848,2,7,2,145589,460021,10876,97080,4.261189743969766,0.17425924563050507
2807,0.1304319482342274,0,2,0,145591,460019,10876,97080,4.26117121790359,0.1742598712257606
2808,0.1304377833574345,0,8,0,145599,460011,10876,97080,4.26109711363889,0.17426237365170144
2809,0.1304425985310513,1,21,1,145620,459990,10877,97079,4.260902589944052,0.1742674605838774
2810,0.1304448903306909,0,9,0,145629,459981,10877,97079,4.260819222646263,0.17427027609234194
2811,0.1304535421931136,0,2,0,145631,459979,10877,97079,4.260800696580088,0.17427090177324445
2812,0.1304551606055647,3,21,3,145652,459958,10880,97076,4.260606172885249,0.174273024626863
2813,0.1304566069296507,1,2,1,145654,459956,10881,97075,4.260587646819075,0.17427216797628858
2814,0.1304616038643665,1,4,1,145658,459952,10882,97074,4.260550594686724,0.17427193703705032
2815,0.130472066867359,0,1,0,145659,459951,10882,97074,4.260541331653637,0.1742722498990171
2816,0.130479792681702,2,21,2,145680,459930,10884,97072,4.260346807958798,0.174275855382925
2817,0.1304832911201105,0,16,0,145696,459914,10884,97072,4.260198599429398,0.17428086163745588
2818,0.1304835016157945,1,13,1,145709,459901,10885,97071,4.260078179999259,0.17428344692372327
2819,0.1304994980350157,4,96,4,145805,459805,10889,97067,4.259188928822854,0.17430756080391904
2820,0.1305055941734488,1,2,1,145807,459803,10890,97066,4.259170402756679,0.17430670409018997
2821,0.1305113466417014,5,25,5,145832,459778,10895,97061,4.25893882692949,0.17430711570130683
2822,0.1305162227875149,1,1,1,145833,459777,10896,97060,4.258929563896403,0.17430594590517512
2823,0.1305185362699122,0,5,0,145838,459772,10896,97060,4.258883248730965,0.1743075110625826
2824,0.1305211529975935,3,33,3,145871,459739,10899,97057,4.258577568639075,0.1743133930559846
2825,0.1305228688740126,0,1,0,145872,459738,10899,97057,4.258568305605988,0.17431370612164263
2826,0.1305266283531162,0,21,0,145893,459717,10899,97057,4.258373781911149,0.17432028076023665
2827,0.1305293635000622,0,3,0,145896,459714,10899,97057,4.258345992811886,0.17432122003480785
2828,0.1305305326985813,2,25,2,145921,459689,10901,97055,4.258114416984697,0.17432608164614258
2829,0.1305354549550705,5,52,5,145973,459637,10906,97050,4.257632739264145,0.17433494944196648
2830,0.1305407534887768,1,11,1,145984,459626,10907,97049,4.257530845900182,0.17433691112408498
2831,0.1305412547317921,5,13,5,145997,459613,10912,97044,4.257410426470043,0.17433356627151012
2832,0.1305497126213935,1,18,1,146015,459595,10913,97043,4.257243691874467,0.1743377203856007
2833,0.1305577527880041,1,2,1,146017,459593,10914,97042,4.2572251658082925,0.1743368634742695
2834,0.1305629533563049,0,23,0,146040,459570,10914,97042,4.257012116047279,0.17434406732158128
2835,0.1305656087131648,1,4,1,146044,459566,10915,97041,4.256975063914928,0.1743438368543694
2836,0.1305734234973621,1,2,1,146046,459564,10916,97040,4.256956537848753,0.17434297992827935
2837,0.1305744892073724,0,4,0,146050,459560,10916,97040,4.256919485716403,0.17434423284225656
2838,0.1305788711223264,4,12,4,146062,459548,10920,97036,4.256808329319353,0.17434205798226324
2839,0.1305811889545232,0,4,0,146066,459544,10920,97036,4.256771277187002,0.17434331093463654
2840,0.1305815670629297,3,13,3,146079,459531,10923,97033,4.256650857756864,0.17434293270854745
2841,0.1305831727739053,0,4,0,146083,459527,10923,97033,4.2566138056245135,0.17434418571223229
2842,0.1305837472681399,1,1,1,146084,459526,10924,97032,4.256604542591426,0.17434301546289874
2843,0.1305838457452868,1,24,1,146108,459502,10925,97031,4.256382229797325,0.17434905028093572
2844,0.1305841404163172,2,29,2,146137,459473,10927,97029,4.256113601837786,0.17435516853488398
2845,0.1305930498543992,4,24,4,146161,459449,10931,97025,4.255891289043684,0.1743567534152539
2846,0.1305982645123679,1,0,1,146161,459449,10932,97024,4.255891289043684,0.17435526970760487
2847,0.130600406619436,1,3,1,146164,459446,10933,97023,4.255863499944422,0.17435472595957727
2848,0.1306070727230206,0,1,0,146165,459445,10933,97023,4.255854236911334,0.1743550392834808
2849,0.1306076824679229,0,14,0,146179,459431,10933,97023,4.255724554448109,0.17435942593637568
2850,0.1306119940913713,0,2,0,146181,459429,10933,97023,4.255706028381933,0.17436005261909382
2851,0.1306136361523007,0,3,0,146184,459426,10933,97023,4.255678239282671,0.17436099265161767
2852,0.1306175121307136,0,2,0,146186,459424,10933,97023,4.255659713216495,0.17436161934559805
2853,0.1306178739898887,0,3,0,146189,459421,10933,97023,4.255631924117233,0.1743625593950155
2854,0.1306212490291276,5,21,5,146210,459400,10938,97018,4.2554374004223945,0.1743617208645299
2855,0.1306261551126077,2,3,2,146213,459397,10940,97016,4.255409611323132,0.1743596932494388
2856,0.1306313987272254,1,12,1,146225,459385,10941,97015,4.255298454926081,0.17436196980589505
2857,0.130640713753582,0,21,0,146246,459364,10941,97015,4.255103931231242,0.1743685509338059
2858,0.1306408164817612,0,5,0,146251,459359,10941,97015,4.2550576160658045,0.1743701179422475
2859,0.1306481351465937,0,1,0,146252,459358,10941,97015,4.255048353032717,0.17437043134731556
2860,0.1306497158997867,1,49,1,146301,459309,10942,97014,4.254594464411427,0.1743843055203542
2861,0.1306507641050273,2,13,2,146314,459296,10944,97012,4.254474044981289,0.1743854123974489
2862,0.130650993861883,5,40,5,146354,459256,10949,97007,4.254103523657786,0.1743905310977002
2863,0.1306531695956253,0,5,0,146359,459251,10949,97007,4.254057208492349,0.1743920986304916
2864,0.1306559829667063,0,1,0,146360,459250,10949,97007,4.254047945459261,0.1743924121404315
2865,0.1306568222944659,0,1,0,146361,459249,10949,97007,4.254038682426174,0.1743927256514986
2866,0.1306606469732154,0,4,0,146365,459245,10949,97007,4.254001630293823,0.17439397970703926
2867,0.1306608493637193,3,11,3,146376,459234,10952,97004,4.25389973692986,0.17439297566868858
2868,0.1306620832379249,0,36,0,146412,459198,10952,97004,4.253566267738709,0.17440426319934124
2869,0.1306725858006093,0,1,0,146413,459197,10952,97004,4.253557004705621,0.17440457676271706
2870,0.1306755117918362,0,2,0,146415,459195,10952,97004,4.253538478639446,0.1744052038928513
2871,0.1306791600776248,7,17,7,146432,459178,10959,96997,4.253381007076957,0.17440014383961883
2872,0.1306813284071442,1,36,1,146468,459142,10960,96996,4.253047537885806,0.1744099486098774
2873,0.1306818154344847,1,2,1,146470,459140,10961,96995,4.25302901181963,0.1744090913177556
2874,0.1306873516646856,1,3,1,146473,459137,10962,96994,4.253001222720368,0.17440854762636862
2875,0.1306883327085328,0,2,0,146475,459135,10962,96994,4.252982696654192,0.17440917484972013
2876,0.1306885554174324,1,4,1,146479,459131,10963,96993,4.2529456445218425,0.17440894476771368
2877,0.1306919867620638,1,1,1,146480,459130,10964,96992,4.252936381488754,0.17440777383379905
2878,0.1306976751042977,0,4,0,146484,459126,10964,96992,4.252899329356405,0.17440902829974933
2879,0.1306981186682941,1,14,1,146498,459112,10965,96991,4.252769646893179,0.17441193447976364
2880,0.1306987972941498,0,2,0,146500,459110,10965,96991,4.2527511208270035,0.17441256174687692
2881,0.130699320199712,1,4,1,146504,459106,10966,96990,4.252714068694654,0.17441233168373807
2882,0.1307080383002182,1,5,1,146509,459101,10967,96989,4.252667753529216,0.17441241525652323
2883,0.1307111269696812,0,4,0,146513,459097,10967,96989,4.252630701396866,0.17441366982804818
2884,0.13071299816867,0,24,0,146537,459073,10967,96989,4.252408388602764,0.17442119763623481
2885,0.13071368707436,0,1,0,146538,459072,10967,96989,4.252399125569677,0.17442151130901107
2886,0.1307170757630005,1,9,1,146547,459063,10968,96988,4.252315758271888,0.1744228497026352
2887,0.1307298428736206,0,3,0,146550,459060,10968,96988,4.252287969172626,0.17442379075187753
2888,0.1307304682336872,0,3,0,146553,459057,10968,96988,4.252260180073363,0.17442473181127427
2889,0.1307306302199184,0,1,0,146554,459056,10968,96988,4.252250917040276,0.1744250454999964
2890,0.13073166820839,0,6,0,146560,459050,10968,96988,4.252195338841751,0.17442692765602352
2891,0.1307374557504475,7,21,7,146581,459029,10975,96981,4.2520008151469115,0.17442312188629702
2892,0.1307415407494141,0,1,0,146582,459028,10975,96981,4.251991552113824,0.1744234355918699
2893,0.1307466845582498,1,25,1,146607,459003,10976,96980,4.251759976286635,0.17442979371671435
2894,0.1307470107758154,0,1,0,146608,459002,10976,96980,4.251750713253548,0.17443010744952175
2895,0.1307491577310576,1,3,1,146611,458999,10977,96979,4.251722924154285,0.1744295637597171
2896,0.1307518452181848,0,1,0,146612,458998,10977,96979,4.251713661121197,0.17442987749493236
2897,0.1307536633805527,0,2,0,146614,458996,10977,96979,4.251695135055022,0.1744305049687486
2898,0.1307544206940566,1,5,1,146619,458991,10978,96978,4.251648819889585,0.1744305887558479
2899,0.1307569204749019,2,24,2,146643,458967,10980,96976,4.251426507095483,0.1744351489271382
2900,0.1307571412401413,0,8,0,146651,458959,10980,96976,4.251352402830783,0.17443765907884914
2901,0.1307609976039069,0,2,0,146653,458957,10980,96976,4.251333876764607,0.1744382866280649
2902,0.1307636265623405,3,10,3,146663,458947,10983,96973,4.251241246433732,0.17443696934810765
2903,0.1307662608042059,0,2,0,146665,458945,10983,96973,4.251222720367557,0.17443759691177477
2904,0.1307693763169452,3,5,3,146670,458940,10986,96970,4.251176405202119,0.17443471065460237
2905,0.1307723645651385,1,10,1,146680,458930,10987,96969,4.251083774871244,0.1744363634401213
2906,0.1307724432333712,5,9,5,146689,458921,10992,96964,4.251000407573456,0.17443176196515467
2907,0.1307774430088479,10,39,10,146728,458882,11002,96954,4.2506391492830415,0.1744291481660058
2908,0.1307944025602839,0,9,0,146737,458873,11002,96954,4.250555781985253,0.17443197253821782
2909,0.1307956120761339,2,4,2,146741,458869,11004,96952,4.250518729852903,0.1744302572230988
2910,0.1308092086940889,0,2,0,146743,458867,11004,96952,4.250500203786728,0.17443088487439257
2911,0.1308159274820352,3,19,3,146762,458848,11007,96949,4.250324206158065,0.17443239168257477
2912,0.1308161219267258,1,24,1,146786,458824,11008,96948,4.250101893363963,0.17443843878424967
2913,0.1308179980713695,2,0,2,146786,458824,11010,96946,4.250101893363963,0.17443546790938697
2914,0.1308184137620141,0,3,0,146789,458821,11010,96946,4.250074104264701,0.17443640950254333
2915,0.1308222874836765,1,2,1,146791,458819,11011,96945,4.250055578198525,0.17443555178097178
2916,0.130822310817766,2,66,2,146857,458753,11013,96943,4.249444218014747,0.17445329820621347
2917,0.1308244689312979,9,19,9,146876,458734,11022,96934,4.249268220386083,0.17444589215142856
2918,0.1308248841711534,8,99,8,146975,458635,11030,96926,4.248351180110415,0.17446509024211562
2919,0.1308258586845313,3,14,3,146989,458621,11033,96923,4.248221497647189,0.17446502887260054
2920,0.1308284320379188,3,20,3,147009,458601,11036,96920,4.248036236985438,0.17446685183818433
2921,0.1308312011259761,1,14,1,147023,458587,11037,96919,4.2479065545222126,0.1744697627028331
2922,0.1308377397932896,2,24,2,147047,458563,11039,96917,4.247684241728112,0.17447432850867717
2923,0.1308385219075731,3,11,3,147058,458552,11042,96914,4.247582348364149,0.17447332510000613
2924,0.1308387732822034,0,5,0,147063,458547,11042,96914,4.247536033198711,0.17447489562723575
2925,0.1308402725572845,0,2,0,147065,458545,11042,96914,4.247517507132535,0.17447552384604445
2926,0.1308409970116807,0,3,0,147068,458542,11042,96914,4.247489718033273,0.17447646618273996
2927,0.1308424194824803,4,22,4,147090,458520,11046,96910,4.247285931305346,0.17447743189960932
2928,0.1308433306910005,2,0,2,147090,458520,11048,96908,4.247285931305346,0.1744744593358635
2929,0.1308476795300815,1,6,1,147096,458514,11049,96907,4.247230353106821,0.1744748578105617
2930,0.130848155517569,1,11,1,147107,458503,11050,96906,4.247128459742858,0.17447682698695915
2931,0.1308525459270946,3,4,3,147111,458499,11053,96903,4.247091407610508,0.17447362450981452
2932,0.1308545927627184,2,17,2,147128,458482,11055,96901,4.24693393604802,0.17447599224319074
2933,0.1308605599005147,3,7,3,147135,458475,11058,96898,4.2468690948164065,0.17447373206835767
2934,0.1308617509950198,1,12,1,147147,458463,11059,96897,4.246757938419356,0.17447601555747624
2935,0.1308672831513698,0,9,0,147156,458454,11059,96897,4.246674571121568,0.17447884311003312
2936,0.1308739662570435,0,1,0,147157,458453,11059,96897,4.24666530808848,0.17447915728819663
2937,0.1308762738874264,5,20,5,147177,458433,11064,96892,4.246480047426729,0.174478008373475
2938,0.1308774394418828,0,2,0,147179,458431,11064,96892,4.246461521360554,0.17447863675734662
2939,0.1308809529021649,4,16,4,147195,458415,11068,96888,4.246313312831154,0.1744777175704075
2940,0.1308818591405788,2,43,2,147238,458372,11070,96886,4.245915002408388,0.17448825590986533
2941,0.130887432221081,2,5,2,147243,458367,11072,96884,4.245868687242951,0.1744868536931946
2942,0.1308910167630873,1,2,1,147245,458365,11073,96883,4.245850161176776,0.1744859954470795
2943,0.1308963944466558,0,2,0,147247,458363,11073,96883,4.2458316351106005,0.17448662394686318
2944,0.1308978299621254,2,22,2,147269,458341,11075,96881,4.245627848382674,0.17449056413470648
2945,0.130904286557616,0,5,0,147274,458336,11075,96881,4.245581533217237,0.1744921355073782
2946,0.1309069896668908,0,5,0,147279,458331,11075,96881,4.245535218051799,0.17449370690835211
2947,0.1309078709003576,4,13,4,147292,458318,11079,96877,4.245414798621661,0.1744918452075397
2948,0.1309126322325043,3,51,3,147343,458267,11082,96874,4.2449423839341955,0.174503414447861
2949,0.130917666690954,0,12,0,147355,458255,11082,96874,4.244831227537145,0.17450718661788522
2950,0.130922781268604,0,3,0,147358,458252,11082,96874,4.244803438437882,0.17450812968587312
2951,0.1309243405710604,0,3,0,147361,458249,11082,96874,4.244775649338619,0.17450907276405409
2952,0.130926423045078,2,29,2,147390,458220,11084,96872,4.24450702137908,0.1745152154958097
2953,0.1309308605286827,0,1,0,147391,458219,11084,96872,4.244497758345993,0.17451552988609076
2954,0.1309327732697681,3,25,3,147416,458194,11087,96869,4.244266182518804,0.17451892848199213
2955,0.1309376578749703,1,4,1,147420,458190,11088,96868,4.244229130386453,0.17451869894677674
2956,0.1309384942049965,1,3,1,147423,458187,11089,96867,4.244201341287191,0.17451815499032527
2957,0.1309412090137121,1,15,1,147438,458172,11090,96866,4.244062395790878,0.17452138412144755
2958,0.1309444435674205,0,11,0,147449,458161,11090,96866,4.243960502426915,0.1745248429355689
2959,0.1309475777723358,3,6,3,147455,458155,11093,96863,4.2439049242283895,0.1745222677462713
2960,0.1309503185997864,16,122,16,147577,458033,11109,96847,4.2427748341917075,0.17453683679354096
2961,0.1309510853811042,1,1,1,147578,458032,11110,96846,4.24276557115862,0.17453566369544296
2962,0.1309511030684969,4,30,4,147608,458002,11114,96842,4.242487680165993,0.1745391497429908
2963,0.1309607716100645,0,1,0,147609,458001,11114,96842,4.242478417132906,0.1745394643169329
2964,0.1309677206007072,0,1,0,147610,458000,11114,96842,4.242469154099818,0.1745397788920089
2965,0.1309706783838287,0,1,0,147611,457999,11114,96842,4.242459891066731,0.17454009346821883
2966,0.1309723590909537,0,1,0,147612,457998,11114,96842,4.242450628033644,0.17454040804556267
2967,0.1309724119632263,5,28,5,147640,457970,11119,96837,4.242191263107192,0.1745417775911263
2968,0.1309759598299916,3,6,3,147646,457964,11122,96834,4.242135684908667,0.17453920165537729
2969,0.1309767931489261,3,38,3,147684,457926,11125,96831,4.2417836896513395,0.17454669341711776
2970,0.1309773977545001,0,4,0,147688,457922,11125,96831,4.24174663751899,0.1745479519714179
2971,0.1309781510170008,1,28,1,147716,457894,11126,96830,4.241487272592538,0.17455527433462406
2972,0.1309790132659392,0,1,0,147717,457893,11126,96830,4.24147800955945,0.1745555890056839
2973,0.130981943748018,3,11,3,147728,457882,11129,96827,4.241376116195487,0.1745545862785713
2974,0.1309822400052903,0,6,0,147734,457876,11129,96827,4.241320537996962,0.1745564743655614
2975,0.1309841490886308,0,12,0,147746,457864,11129,96827,4.241209381599911,0.17456025066208034
2976,0.1309842355833063,0,2,0,147748,457862,11129,96827,4.241190855533736,0.1745608800607187
2977,0.1309865068510393,0,5,0,147753,457857,11129,96827,4.241144540368298,0.17456245357717187
2978,0.130990301899196,0,1,0,147754,457856,11129,96827,4.241135277335211,0.17456276828386663
2979,0.1309924806087463,3,29,3,147783,457827,11132,96824,4.240866649375672,0.1745674306906505
2980,0.1309928058456495,0,1,0,147784,457826,11132,96824,4.240857386342584,0.17456774542504283
2981,0.1309960630662403,0,7,0,147791,457819,11132,96824,4.240792545110971,0.17456994859756636
2982,0.1309980607373565,3,86,3,147877,457733,11135,96821,4.2399959242654415,0.17459255545898145
2983,0.1309982566630293,1,11,1,147888,457722,11136,96820,4.239894030901478,0.17459453026100819
2984,0.1309992701189498,1,33,1,147921,457689,11137,96819,4.239588350809589,0.17460343223181632
2985,0.1310011486316562,0,1,0,147922,457688,11137,96819,4.239579087776502,0.17460374711229976
2986,0.1310036389424009,2,9,2,147931,457679,11139,96817,4.239495720478714,0.17460360399353647
2987,0.1310090152920159,1,3,1,147934,457676,11140,96816,4.239467931379451,0.1746030600982521
2988,0.131009256903969,1,0,1,147934,457676,11141,96815,4.239467931379451,0.1746015715313684
2989,0.131010661045975,4,28,4,147962,457648,11145,96811,4.239208566453,0.1746044342322877
2990,0.1310115490423025,0,1,0,147963,457647,11145,96811,4.239199303419912,0.17460474914240573
2991,0.1310115886454034,0,4,0,147967,457643,11145,96811,4.239162251287562,0.1746060087942372
2992,0.1310204145840106,2,8,2,147975,457635,11147,96809,4.239088147022861,0.17460555078601264
2993,0.1310213107773249,0,1,0,147976,457634,11147,96809,4.239078883989774,0.17460586570666417
2994,0.1310216609578441,1,24,1,148000,457610,11148,96808,4.238856571195672,0.17461193539892284
2995,0.1310263186997915,2,31,2,148031,457579,11150,96806,4.238569417169958,0.17461872164650918
2996,0.131027572816312,0,6,0,148037,457573,11150,96806,4.238513838971433,0.17462061153110056
2997,0.1310305291482672,3,7,3,148044,457566,11153,96803,4.23844899773982,0.1746183498716559
2998,0.1310346396517807,0,1,0,148045,457565,11153,96803,4.238439734706732,0.17461866485800046
2999,0.1310349726116866,0,2,0,148047,457563,11153,96803,4.238421208640557,0.17461929483409877
3000,0.1310351013636384,0,1,0,148048,457562,11153,96803,4.23841194560747,0.17461960982385252
3001,0.1310396194676489,0,1,0,148049,457561,11153,96803,4.238402682574383,0.17461992481474267
3002,0.1310407607625716,0,12,0,148061,457549,11153,96803,4.238291526177331,0.17462370479406586
3003,0.1310437165079993,0,3,0,148064,457546,11153,96803,4.238263737078069,0.17462464981446707
3004,0.1310447755308619,0,3,0,148067,457543,11153,96803,4.238235947978806,0.17462559484509674
3005,0.1310462122172909,4,71,4,148138,457472,11157,96799,4.23757827262959,0.1746420072491615
3006,0.1310468228447026,4,21,4,148159,457451,11161,96795,4.237383748934751,0.1746426676962937
3007,0.131048979991088,2,31,2,148190,457420,11163,96793,4.237096594909037,0.1746494578799126
3008,0.1310573709285671,5,18,5,148208,457402,11168,96788,4.236929860313461,0.17464768400728992
3009,0.1310580887651287,1,13,1,148221,457389,11169,96787,4.236809440883323,0.17465029160411133
3010,0.1310600050893713,5,32,5,148253,457357,11174,96782,4.236513023824521,0.1746529300410186
3011,0.131060440229649,3,4,3,148257,457353,11177,96779,4.236475971692171,0.1746497224488028
3012,0.1310627069060181,0,1,0,148258,457352,11177,96779,4.2364667086590835,0.17465003762648182
3013,0.1310639478384174,1,3,1,148261,457349,11178,96778,4.236438919559821,0.17464949370812105
3014,0.1310651736579739,7,41,7,148302,457308,11185,96771,4.236059135203231,0.17465199005917928
3015,0.1310674393981225,1,17,1,148319,457291,11186,96770,4.2359016636407425,0.1746558591923994
3016,0.1310680587713152,0,1,0,148320,457290,11186,96770,4.235892400607655,0.1746561744215428
3017,0.1310769371631663,0,2,0,148322,457288,11186,96770,4.23587387454148,0.17465680488324328
3018,0.1310774384466222,1,18,1,148340,457270,11187,96769,4.235707139945904,0.17466098956932635
3019,0.1310781112700989,0,4,0,148344,457266,11187,96769,4.235670087813554,0.174662250579837
3020,0.131080826708507,0,1,0,148345,457265,11187,96769,4.235660824780466,0.17466256583530976
3021,0.1310817120264623,4,28,4,148373,457237,11191,96765,4.235401459854015,0.17466543442081436
3022,0.1310832118464636,0,6,0,148379,457231,11191,96765,4.23534588165549,0.1746673261178781
3023,0.1310857460397712,0,3,0,148382,457228,11191,96765,4.235318092556227,0.17466827198177595
3024,0.1310910800262089,1,36,1,148418,457192,11192,96764,4.234984623365075,0.17467813328134366
3025,0.1310918182013041,3,1,3,148419,457191,11195,96761,4.234975360331987,0.1746739789729074
3026,0.1310933439400327,1,9,1,148428,457182,11196,96760,4.234891993034199,0.1746753270197963
3027,0.13109360447582,3,5,3,148433,457177,11199,96757,4.234845677868761,0.1746724339000675
3028,0.1310936533795964,6,42,6,148475,457135,11205,96751,4.234456630479084,0.17467673853464433
3029,0.1310998748739573,2,33,2,148508,457102,11207,96749,4.234150950387194,0.1746841659579923
3030,0.1311018911578194,0,19,0,148527,457083,11207,96749,4.2339749527585315,0.17469015874850136
3031,0.1311056683029627,0,2,0,148529,457081,11207,96749,4.233956426692356,0.17469078959247422
3032,0.1311063398069689,0,1,0,148530,457080,11207,96749,4.233947163659269,0.17469110501616925
3033,0.1311089255235535,1,2,1,148532,457078,11208,96748,4.233928637593094,0.17469024567282865
3034,0.1311154466646291,15,107,15,148639,456971,11223,96733,4.2329374930527255,0.17470164564460433
3035,0.1311159092826148,1,2,1,148641,456969,11224,96732,4.23291896698655,0.1747007861643739
3036,0.1311232606421623,0,4,0,148645,456965,11224,96732,4.2328819148542,0.17470204823215585
3037,0.1311265490794693,7,35,7,148680,456930,11231,96725,4.2325577086961355,0.17470265779230748
3038,0.1311283496100586,3,51,3,148731,456879,11234,96722,4.23208529400867,0.1747142797791189
3039,0.1311334737031123,1,1,1,148732,456878,11235,96721,4.232076030975582,0.1747131046118219
3040,0.1311347357033731,0,10,0,148742,456868,11235,96721,4.231983400644707,0.17471626061934034
3041,0.1311388215531218,0,3,0,148745,456865,11235,96721,4.231955611545445,0.17471720744382988
3042,0.1311412293064623,0,17,0,148762,456848,11235,96721,4.231798139982956,0.1747225729764492
3043,0.1311417442203836,13,89,13,148851,456759,11248,96708,4.230973730038164,0.17473128479204722
3044,0.1311494879837209,1,30,1,148881,456729,11249,96707,4.230695839045537,0.17473926524476183
3045,0.1311503392562795,0,1,0,148882,456728,11249,96707,4.23068657601245,0.17473958098060297
3046,0.1311505282262575,6,22,6,148904,456706,11255,96701,4.230482789284523,0.17473758011734583
3047,0.1311539175006217,8,43,8,148947,456663,11263,96693,4.230084478861759,0.17473922754971483
3048,0.1311555156984383,0,1,0,148948,456662,11263,96693,4.230075215828671,0.17473954333113462
3049,0.1311590195407502,0,1,0,148949,456661,11263,96693,4.2300659527955835,0.17473985911369574
3050,0.1311591164374762,1,2,1,148951,456659,11264,96692,4.230047426729408,0.1747389992970104
3051,0.131164155883467,8,42,8,148993,456617,11272,96684,4.229658379339731,0.17474033121212504
3052,0.1311663169459298,1,1,1,148994,456616,11273,96683,4.229649116306644,0.1747391555018173
3053,0.1311696868745896,2,5,2,148999,456611,11275,96681,4.229602801141206,0.17473775149468995
3054,0.1311702333858803,0,12,0,149011,456599,11275,96681,4.229491644744155,0.17474154135338346
3055,0.1311717621033044,6,59,6,149070,456540,11281,96675,4.22894512579199,0.1747512269190098
3056,0.1311757588753337,0,9,0,149079,456531,11281,96675,4.228861758494201,0.17475406991247383
3057,0.1311781127784874,2,12,2,149091,456519,11283,96673,4.228750602097151,0.17475487714934418
3058,0.1311781893985401,1,2,1,149093,456517,11284,96672,4.228732076030975,0.174754017162308
3059,0.1311829889243009,0,1,0,149094,456516,11284,96672,4.228722812997888,0.1747543330657932
3060,0.1311836461194424,1,18,1,149112,456498,11285,96671,4.228556078402312,0.1747585276832216
3061,0.1311871181197732,0,8,0,149120,456490,11285,96671,4.228481974137612,0.1747610550996907
3062,0.1311914868208886,3,19,3,149139,456471,11288,96668,4.228305976508948,0.1747625822804033
3063,0.1311917458545629,1,12,1,149151,456459,11289,96667,4.228194820111898,0.1747648817810047
3064,0.1311938176534596,0,5,0,149156,456454,11289,96667,4.22814850494646,0.1747664615879708
3065,0.1311952716944691,0,4,0,149160,456450,11289,96667,4.228111452814109,0.17476772545410826
3066,0.1311979668412679,4,12,4,149172,456438,11293,96663,4.228000296417059,0.17476554914925121
3067,0.1311979804779738,4,97,4,149269,456341,11297,96659,4.227101782207566,0.1747902350813743
3068,0.1312019527610911,1,1,1,149270,456340,11298,96658,4.227092519174478,0.17478905891160545
3069,0.1312039442452033,1,22,1,149292,456318,11299,96657,4.226888732446552,0.1747945205479452
3070,0.1312149043391971,3,12,3,149304,456306,11302,96654,4.226777576049502,0.17479383680555555
3071,0.1312164000872466,1,9,1,149313,456297,11303,96653,4.226694208751714,0.17479518943846642
3072,0.1312166602345327,0,2,0,149315,456295,11303,96653,4.2266756826855385,0.17479582166858365
3073,0.1312171795603778,2,28,2,149343,456267,11305,96651,4.226416317759087,0.17480168849630506
3074,0.131217440416104,0,3,0,149346,456264,11305,96651,4.226388528659824,0.1748026369333442
3075,0.1312180978791393,2,11,2,149357,456253,11307,96649,4.226286635295861,0.17480312966854886
3076,0.1312213738961218,0,5,0,149362,456248,11307,96649,4.226240320130423,0.1748047104614422
3077,0.1312224245632896,4,38,4,149400,456210,11311,96645,4.225888324873097,0.17481075508044605
3078,0.1312228409558913,2,7,2,149407,456203,11313,96643,4.225823483641483,0.17480998325030842
3079,0.1312236230701748,0,1,0,149408,456202,11313,96643,4.225814220608396,0.17481029945102153
3080,0.1312259948756583,1,21,1,149429,456181,11314,96642,4.225619696913557,0.17481544725888756
3081,0.1312265984646725,0,2,0,149431,456179,11314,96642,4.225601170847383,0.17481607970753643
3082,0.1312329534704709,1,3,1,149434,456176,11315,96641,4.22557338174812,0.1748155357016879
3083,0.1312361845172199,0,5,0,149439,456171,11315,96641,4.225527066582682,0.1748171168498513
3084,0.1312384901727063,0,24,0,149463,456147,11315,96641,4.22530475378858,0.1748247067591916
3085,0.1312411811716692,1,26,1,149489,456121,11316,96640,4.225063914928304,0.17483143709487464
3086,0.1312412120673718,3,48,3,149537,456073,11319,96637,4.224619289340102,0.17484214144849922
3087,0.131245562357369,3,36,3,149573,456037,11322,96634,4.22428582014895,0.1748490512438684
3088,0.1312527946832154,1,5,1,149578,456032,11323,96633,4.224239504983512,0.17484914007581445
3089,0.1312584757409347,7,52,7,149630,455980,11330,96626,4.223757827262959,0.17485514091414137
3090,0.1312647111291275,0,4,0,149634,455976,11330,96626,4.223720775130609,0.1748564066000485
3091,0.1312669603031805,0,2,0,149636,455974,11330,96626,4.223702249064433,0.17485703944987332
3092,0.131270769408879,2,3,2,149639,455971,11332,96624,4.223674459965171,0.1748550023072956
3093,0.1312752282833335,0,4,0,149643,455967,11332,96624,4.223637407832821,0.17485626801739443
3094,0.1312752509818565,2,6,2,149649,455961,11334,96622,4.223581829634296,0.17485518012678639
3095,0.1312812684859213,4,68,4,149717,455893,11338,96618,4.222951943384341,0.17487072655567037
3096,0.1312892151748023,0,2,0,149719,455891,11338,96618,4.222933417318167,0.17487135956156372
3097,0.1312893847449295,0,1,0,149720,455890,11338,96618,4.222924154285079,0.17487167606622891
3098,0.131290430166287,0,8,0,149728,455882,11338,96618,4.222850050020378,0.17487420814479637
3099,0.1312919182945102,0,3,0,149731,455879,11338,96618,4.222822260921116,0.17487515769316395
3100,0.1312943194998073,2,10,2,149741,455869,11340,96616,4.222729630590241,0.17487533598197236
3101,0.1312991956456209,0,1,0,149742,455868,11340,96616,4.2227203675571525,0.17487565250758394
3102,0.1313037500519218,4,28,4,149770,455840,11344,96612,4.222461002630701,0.17487854148414703
3103,0.1313043492782019,5,34,5,149804,455806,11349,96607,4.222146059505724,0.174881836596894
3104,0.1313156562911002,2,16,2,149820,455790,11351,96605,4.221997850976324,0.1748839145901031
3105,0.1313157590417263,6,43,6,149863,455747,11357,96599,4.221599540553559,0.17488856622479387
3106,0.1313197393219139,10,46,10,149909,455701,11367,96589,4.221173441031532,0.1748881927972623
3107,0.1313237930857899,1,0,1,149909,455701,11368,96588,4.221173441031532,0.17488669881167287
3108,0.1313303028734172,0,11,0,149920,455690,11368,96588,4.221071547667568,0.17489018211842586
3109,0.131332138767222,1,0,1,149920,455690,11369,96587,4.221071547667568,0.1748886881039768
3110,0.1313385453661376,0,2,0,149922,455688,11369,96587,4.221053021601393,0.17488932144312164
3111,0.1313388573329715,1,10,1,149932,455678,11370,96586,4.220960391270518,0.17489099416221227
3112,0.1313394609219857,0,2,0,149934,455676,11370,96586,4.220941865204343,0.17489162752461693
3113,0.1313414158915377,1,0,1,149934,455676,11371,96585,4.220941865204343,0.17489013346950083
3114,0.1313419538468548,0,20,0,149954,455656,11371,96585,4.220756604542592,0.1748964673032245
3115,0.1313457630109279,1,1,1,149955,455655,11372,96584,4.220747341509504,0.1748952899016549
3116,0.1313483210602419,0,1,0,149956,455654,11372,96584,4.220738078476416,0.17489560660439882
3117,0.1313541271270929,0,15,0,149971,455639,11372,96584,4.220599132980103,0.174900357283199
3118,0.131357918143684,0,2,0,149973,455637,11372,96584,4.220580606913928,0.17490099072653884
3119,0.1313581199555289,4,16,4,149989,455621,11376,96580,4.220432398384527,0.17490008167315887
3120,0.1313618439804323,6,16,6,150005,455605,11382,96574,4.220284189855126,0.17489618402728102
3121,0.1313656571405286,0,2,0,150007,455603,11382,96574,4.220265663788951,0.17489681750598088
3122,0.1313667201262459,0,4,0,150011,455599,11382,96574,4.220228611656601,0.17489808447714755
3123,0.1313716747477123,3,18,3,150029,455581,11385,96571,4.220061877061025,0.17489930309045335
3124,0.1313751090154118,1,6,1,150035,455575,11386,96570,4.2200062988625,0.1748997093154878
3125,0.1313764265971777,1,3,1,150038,455572,11387,96569,4.219978509763237,0.1748991652494562
3126,0.1313767631845256,7,37,7,150075,455535,11394,96562,4.219635777538997,0.17490042510645773
3127,0.1313783990250112,1,4,1,150079,455531,11395,96561,4.219598725406647,0.17490019779312144
3128,0.131382467425164,0,9,0,150088,455522,11395,96561,4.219515358108859,0.17490304899806733
3129,0.1313855179752979,0,4,0,150092,455518,11395,96561,4.219478305976509,0.17490431623010474
3130,0.131389406098571,3,61,3,150153,455457,11398,96558,4.2189132609581685,0.17491915980544007
3131,0.1313952969846157,0,1,0,150154,455456,11398,96558,4.21890399792508,0.1749194766799393
3132,0.1313962806599582,0,4,0,150158,455452,11398,96558,4.218866945792731,0.17492074418941686
3133,0.1314009389091495,1,4,1,150162,455448,11399,96557,4.21882989366038,0.1749205170243023
3134,0.1314035417534208,1,6,1,150168,455442,11400,96556,4.218774315461855,0.17492092362653489
3135,0.1314040586415502,0,9,0,150177,455433,11400,96556,4.218690948164067,0.17492377565494965
3136,0.1314054218961222,0,3,0,150180,455430,11400,96556,4.218663159064804,0.1749247263517553
3137,0.1314103280938454,0,2,0,150182,455428,11400,96556,4.218644632998629,0.17492536015536683
3138,0.1314114819457063,6,37,6,150219,455391,11406,96550,4.21830190077439,0.17492811731688712
3139,0.131414565290887,6,20,6,150239,455371,11412,96544,4.218116640112639,0.17492548671443972
3140,0.1314152340205182,5,12,5,150251,455359,11417,96539,4.218005483715588,0.17492181526296527
3141,0.1314168698610038,1,5,1,150256,455354,11418,96538,4.21795916855015,0.17492190501040059
3142,0.1314210512337871,0,6,0,150262,455348,11418,96538,4.217903590351625,0.17492380672820113
3143,0.1314230302119891,1,1,1,150263,455347,11419,96537,4.217894327318537,0.17492262866834335
3144,0.1314239651480026,0,20,0,150283,455327,11419,96537,4.217709066656786,0.1749289680066103
3145,0.131431299844569,5,42,5,150325,455285,11424,96532,4.217320019267109,0.17493480628541708
3146,0.1314315640829054,0,16,0,150341,455269,11424,96532,4.217171810737708,0.17493987868815025
3147,0.1314319657630462,7,40,7,150381,455229,11431,96525,4.216801289414206,0.17494209375917527
3148,0.1314405313117473,3,26,3,150407,455203,11434,96522,4.21656045055393,0.1749458516471068
3149,0.131445582940531,0,4,0,150411,455199,11434,96522,4.216523398421579,0.17494712001174506
3150,0.1314468789864265,2,2,2,150413,455197,11436,96520,4.216504872355404,0.17494476334787581
3151,0.1314475331233514,5,60,5,150473,455137,11441,96515,4.215949090370151,0.17495631303792972
3152,0.1314528773157612,2,32,2,150505,455105,11443,96513,4.215652673311349,0.17496347109775243
3153,0.1314541939701539,1,8,1,150513,455097,11444,96512,4.215578569046649,0.17496451290678725
3154,0.131461236107296,0,20,0,150533,455077,11444,96512,4.215393308384898,0.1749708569242679
3155,0.1314646959811628,0,11,0,150544,455066,11444,96512,4.215291415020935,0.17497434632998415
3156,0.1314691896877208,0,9,0,150553,455057,11444,96512,4.215208047723147,0.17497720140181916
3157,0.1314743266768488,1,19,1,150572,455038,11445,96511,4.215032050094483,0.17498173326395297
3158,0.1314814781123924,5,9,5,150581,455029,11450,96506,4.214948682796695,0.17497710934029573
3159,0.1314867897641534,4,60,4,150641,454969,11454,96502,4.214392900811442,0.17499016267401188
3160,0.1314888951861373,2,7,2,150648,454962,11456,96500,4.214328059579829,0.1749893918347955
3161,0.1314926333184976,1,1,1,150649,454961,11457,96499,4.214318796546741,0.17498821310702498
3162,0.1314949656042003,1,2,1,150651,454959,11458,96498,4.2143002704805665,0.1749873516883456
3163,0.1314960037613894,1,26,1,150677,454933,11459,96497,4.2140594316202895,0.17499410623288542
3164,0.1314973186902759,0,4,0,150681,454929,11459,96497,4.21402237948794,0.17499537562610396
3165,0.1315043435802172,1,2,1,150683,454927,11460,96496,4.214003853421764,0.1749945141932781
3166,0.1315116502420709,0,3,0,150686,454924,11460,96496,4.213976064322502,0.17499546625077073
3167,0.1315199489483851,0,10,0,150696,454914,11460,96496,4.213883433991626,0.1749986398505649
3168,0.1315222133646317,0,8,0,150704,454906,11460,96496,4.213809329726926,0.1750011788132796
3169,0.1315268931710938,2,18,2,150722,454888,11462,96494,4.21364259513135,0.1750038992930491
3170,0.1315275736308002,1,6,1,150728,454882,11463,96493,4.2135870169328244,0.17500430741328496
3171,0.1315279242880723,0,1,0,150729,454881,11463,96493,4.213577753899737,0.17500462481002005
3172,0.1315320617203095,1,1,1,150730,454880,11464,96492,4.213568490866649,0.1750034459493772
3173,0.1315331031198774,6,75,6,150805,454805,11470,96486,4.212873763385083,0.17501827528474073
3174,0.1315368276053158,3,9,3,150814,454796,11473,96483,4.2127903960872946,0.17501664311537352
3175,0.1315426852830947,0,1,0,150815,454795,11473,96483,4.212781133054207,0.17501696058975688
3176,0.1315439179333281,1,12,1,150827,454783,11474,96482,4.212669976657157,0.17501927385195867
3177,0.1315441623018823,2,52,2,150879,454731,11476,96480,4.212188298936604,0.17503279143558456
3178,0.1315442400331011,3,7,3,150886,454724,11479,96477,4.212123457704991,0.17503052425521726
3179,0.1315601577991226,0,7,0,150893,454717,11479,96477,4.212058616473378,0.17503274709086092
3180,0.1315632574979906,3,18,3,150911,454699,11482,96474,4.211891881877802,0.1750339729994031
3181,0.1315711523792474,2,11,2,150922,454688,11484,96472,4.211789988513839,0.1750344727483852
3182,0.13157157395587,4,31,4,150953,454657,11488,96468,4.211502834488125,0.17503833068723065
3183,0.1315769728109967,1,11,1,150964,454646,11489,96467,4.211400941124162,0.17504032748274856
3184,0.1315771173464772,1,8,1,150972,454638,11490,96466,4.211326836859461,0.17504137150156776
3185,0.131577558438476,2,10,2,150982,454628,11492,96464,4.2112342065285855,0.17504155386033549
3186,0.1315797545294419,3,22,3,151004,454606,11495,96461,4.211030419800659,0.1750440509048809
3187,0.1315799443799216,0,4,0,151008,454602,11495,96461,4.210993367668309,0.17504532149681615
3188,0.1315819018011865,0,2,0,151010,454600,11495,96461,4.210974841602134,0.17504595679970095
3189,0.1315819399723397,3,57,3,151067,454543,11498,96458,4.210446848716144,0.17505957339460365
3190,0.1315907207392641,0,1,0,151068,454542,11498,96458,4.2104375856830565,0.17505989110707804
3191,0.1315931160239669,1,14,1,151082,454528,11499,96457,4.210307903219831,0.17506284200114341
3192,0.1315975924857387,7,45,7,151127,454483,11506,96450,4.20989106673089,0.1750666596482694
3193,0.1316006792444168,2,14,2,151141,454469,11508,96448,4.209761384267664,0.17506811370859857
3194,0.1316025357059238,1,0,1,151141,454469,11509,96447,4.209761384267664,0.17506661632626389
3195,0.1316057076595309,0,14,0,151155,454455,11509,96447,4.2096317018044385,0.17507106527113717
3196,0.1316064395991326,4,34,4,151189,454421,11513,96443,4.209316758679462,0.17507588079816433
3197,0.1316068747767154,0,1,0,151190,454420,11513,96443,4.2093074956463745,0.1750761986192574
3198,0.1316078185579124,4,35,4,151225,454385,11517,96439,4.20898328948831,0.17508133269429074
3199,0.1316127008077187,0,4,0,151229,454381,11517,96439,4.20894623735596,0.17508260411749754
3200,0.1316154436469893,0,4,0,151233,454377,11517,96439,4.20890918522361,0.1750838755591704
3201,0.1316229565796463,0,7,0,151240,454370,11517,96439,4.208844343991997,0.17508610062653296
3202,0.1316288831007386,1,11,1,151251,454359,11518,96438,4.2087424506280335,0.17508809960838567
3203,0.1316360633217313,3,36,3,151287,454323,11521,96435,4.2084089814368815,0.17509505082086868
3204,0.1316502934897127,2,6,2,151293,454317,11523,96433,4.208353403238356,0.17509396277802997
3205,0.1316555477404079,0,1,0,151294,454316,11523,96433,4.208344140205269,0.17509428069774072
3206,0.1316564398291367,0,6,0,151300,454310,11523,96433,4.208288562006744,0.17509618824025
3207,0.1316585439868502,0,2,0,151302,454308,11523,96433,4.2082700359405685,0.17509682409698932
3208,0.1316601197358111,0,5,0,151307,454303,11523,96433,4.2082237207751305,0.17509841375904245
3209,0.131660446754421,0,6,0,151313,454297,11523,96433,4.208168142576605,0.1751003213916075
3210,0.1316608097798376,0,1,0,151314,454296,11523,96433,4.208158879543518,0.17510063933440947
3211,0.1316639676853908,2,14,2,151328,454282,11525,96431,4.208029197080292,0.17510209492058476
3212,0.1316651216494407,1,18,1,151346,454264,11526,96430,4.207862462484716,0.1751063203884553
3213,0.1316697223869198,1,5,1,151351,454259,11527,96429,4.207816147319278,0.17510641234237898
3214,0.1316777914955713,1,9,1,151360,454250,11528,96428,4.20773278002149,0.1751077762322083
3215,0.1316782153847507,3,22,3,151382,454228,11531,96425,4.207528993293564,0.17511027816065652
3216,0.1316815009496462,1,14,1,151396,454214,11532,96424,4.207399310830338,0.1751132322869108
3217,0.1316826558052055,2,8,2,151404,454206,11534,96422,4.2073252065656375,0.1751127803162934
3218,0.1316903893588486,7,21,7,151425,454185,11541,96415,4.207130682870799,0.17510897203051218
3219,0.1316940190787884,0,21,0,151446,454164,11541,96415,4.20693615917596,0.17511565097833373
3220,0.1316942848454662,0,4,0,151450,454160,11541,96415,4.20689910704361,0.17511692321663716
3221,0.1316961511012415,0,6,0,151456,454154,11541,96415,4.206843528845085,0.17511883160875386
3222,0.1316989249411696,7,32,7,151488,454122,11548,96408,4.206547111786283,0.1751185221513814
3223,0.1317080045704187,3,39,3,151527,454083,11551,96405,4.206185853495868,0.17512643327374983
3224,0.1317187424272437,0,6,0,151533,454077,11551,96405,4.206130275297343,0.1751283420711304
3225,0.1317226463204526,4,45,4,151578,454032,11555,96401,4.205713438808403,0.17513666513453954
3226,0.1317240252792323,3,13,3,151591,454019,11558,96398,4.205593019378266,0.17513630574637049
3227,0.1317269153825131,3,16,3,151607,454003,11561,96395,4.2054448108488645,0.1751369009335063
3228,0.131727971235046,0,11,0,151618,453992,11561,96395,4.205342917484901,0.17514040120860414
3229,0.1317373957771622,2,11,2,151629,453981,11563,96393,4.205241024120938,0.1751409041851541
3230,0.1317508971091878,1,9,1,151638,453972,11564,96392,4.20515765682315,0.17514226947983516
3231,0.1317540894767369,0,2,0,151640,453970,11564,96392,4.205139130756975,0.17514290594190732
3232,0.1317560835489652,1,30,1,151670,453940,11565,96391,4.204861239764348,0.17515095460731814
3233,0.1317629283794133,5,31,5,151701,453909,11570,96386,4.204574085738634,0.17515332685196122
3234,0.1317642300593754,6,30,6,151731,453879,11576,96380,4.204296194746008,0.17515388208098367
3235,0.1317645544344289,0,10,0,151741,453869,11576,96380,4.204203564415132,0.1751570652559114
3236,0.1317668012433259,2,13,2,151754,453856,11578,96378,4.204083144984994,0.1751582054180585
3237,0.1317714064441635,0,4,0,151758,453852,11578,96378,4.204046092852644,0.1751594787634262
3238,0.1317729821931244,1,5,1,151763,453847,11579,96377,4.203999777687206,0.17515957137456745
3239,0.1317736722371508,1,4,1,151767,453843,11580,96376,4.203962725554856,0.17515934564237148
3240,0.1317755811849186,1,13,1,151780,453830,11581,96375,4.203842306124717,0.175161985078289
3241,0.1317844544828706,3,53,3,151833,453777,11584,96372,4.203351365371077,0.17517436185469754
3242,0.1317849056207139,3,12,3,151845,453765,11587,96369,4.203240208974027,0.175173684956756
3243,0.1317857276341636,0,1,0,151846,453764,11587,96369,4.2032309459409385,0.1751740033773651
3244,0.131788256130789,0,8,0,151854,453756,11587,96369,4.203156841676239,0.17517655078391275
3245,0.1317956623795368,0,4,0,151858,453752,11587,96369,4.203119789543888,0.17517782451497035
3246,0.1317989312753588,7,18,7,151876,453734,11594,96362,4.2029530549483125,0.17517306070213198
3247,0.1317998080741003,1,14,1,151890,453720,11595,96361,4.202823372485087,0.17517601953166897
3248,0.131800605612074,2,25,2,151915,453695,11597,96359,4.202591796657898,0.17518098223083553
3249,0.1318030724359499,0,3,0,151918,453692,11597,96359,4.202564007558635,0.17518193767487014
3250,0.1318056457893374,0,1,0,151919,453691,11597,96359,4.202554744525547,0.17518225615853103
3251,0.1318057556080941,2,9,2,151928,453682,11599,96357,4.202471377227759,0.17518212344942813
3252,0.131810282400902,2,8,2,151936,453674,11601,96355,4.202397272963059,0.1751816722391001
3253,0.1318124969699551,0,4,0,151940,453670,11601,96355,4.202360220830709,0.17518294622971683
3254,0.1318159520563241,3,8,3,151948,453662,11604,96352,4.202286116566008,0.17518099539284454
3255,0.131821912406057,2,28,2,151976,453634,11606,96350,4.202026751639557,0.17518691452842264
3256,0.131824372911536,6,10,6,151986,453624,11612,96344,4.201934121308681,0.17518110144590232
3257,0.1318397778398263,1,44,1,152030,453580,11613,96343,4.201526547852829,0.1751936180156131
3258,0.1318416287584723,0,4,0,152034,453576,11613,96343,4.2014894957204785,0.17519489233868987
3259,0.1318575605642226,4,3,4,152037,453573,11617,96339,4.201461706621216,0.1751898485575874
3260,0.1318595480540644,0,16,0,152053,453557,11617,96339,4.201313498091815,0.17519494595341664
3261,0.1318595647662424,0,2,0,152055,453555,11617,96339,4.20129497202564,0.1751955831487523
3262,0.1318603832420496,1,27,1,152082,453528,11618,96338,4.201044870132276,0.1752026857452543
3263,0.1318641131940973,0,5,0,152087,453523,11618,96338,4.200998554966838,0.17520427889957643
3264,0.1318669519340501,0,2,0,152089,453521,11618,96338,4.200980028900664,0.17520491616941797
3265,0.13187565321526,0,1,0,152090,453520,11618,96338,4.2009707658675755,0.1752052348060772
3266,0.1318775555102837,0,16,0,152106,453504,11618,96338,4.200822557338175,0.17521033315025045
3267,0.1318970619528355,3,43,3,152149,453461,11621,96335,4.20042424691541,0.17521953597334283
3268,0.1318984991153188,1,24,1,152173,453437,11622,96334,4.200201934121309,0.17522568487606657
3269,0.131910466141756,2,7,2,152180,453430,11624,96332,4.200137092889696,0.17522491550889294
3270,0.1319126941808076,0,2,0,152182,453428,11624,96332,4.20011856682352,0.1752255529685681
3271,0.1319178672382229,0,2,0,152184,453426,11624,96332,4.200100040757346,0.17522619043288137
3272,0.1319194179404469,2,17,2,152201,453409,11626,96330,4.1999425691948575,0.17522860848511748
3273,0.1319252090375796,0,1,0,152202,453408,11626,96330,4.199933306161769,0.17522892723442804
3274,0.1319326190939927,0,1,0,152203,453407,11626,96330,4.199924043128682,0.17522924598489822
3275,0.1319334490516485,0,1,0,152204,453406,11626,96330,4.199914780095595,0.17522956473652807
3276,0.1319422838686997,1,4,1,152208,453402,11627,96329,4.199877727963244,0.17522933944056274
3277,0.13194738666686,1,5,1,152213,453397,11628,96328,4.199831412797806,0.1752294328982673
3278,0.131948331622035,0,34,0,152247,453363,11628,96328,4.1995164696728295,0.17524027135245074
3279,0.1319510495412574,1,17,1,152264,453346,11629,96327,4.199358998110341,0.17524419063697871
3280,0.13195198576183,2,6,2,152270,453340,11631,96325,4.199303419911816,0.17524310261704856
3281,0.1319531735814102,0,1,0,152271,453339,11631,96325,4.199294156878729,0.17524342143564067
3282,0.1319564253177816,1,6,1,152277,453333,11632,96324,4.199238578680203,0.17524383388185724
3283,0.1319571811656268,0,1,0,152278,453332,11632,96324,4.199229315647115,0.17524415270642002
3284,0.1319572282303634,1,22,1,152300,453310,11633,96323,4.199025528919189,0.17524966659571023
3285,0.131963760014348,0,5,0,152305,453305,11633,96323,4.198979213753751,0.175251260852795
3286,0.131964120329641,1,40,1,152345,453265,11634,96322,4.198608692430249,0.17526251530694867
3287,0.1319646108315015,0,2,0,152347,453263,11634,96322,4.198590166364074,0.17526315310643487
3288,0.1319677456473498,7,41,7,152388,453222,11641,96315,4.198210382007485,0.17526572369103446
3289,0.131972682389467,0,1,0,152389,453221,11641,96315,4.198201118974397,0.17526604262505094
3290,0.1319737672855425,2,5,2,152394,453216,11643,96313,4.19815480380896,0.17526463571531256
3291,0.1319752343942866,0,1,0,152395,453215,11643,96313,4.198145540775871,0.17526495465199227
3292,0.1319757547753843,2,12,2,152407,453203,11645,96311,4.198034384378821,0.17526578030769008
3293,0.1319820878828434,0,9,0,152416,453194,11645,96311,4.197951017081033,0.17526865087669813
3294,0.1319872217561155,0,5,0,152421,453189,11645,96311,4.197904701915595,0.175270245677889
3295,0.1319877342273492,0,16,0,152437,453173,11645,96311,4.197756493386194,0.17527534923673846
3296,0.1319896629944907,0,5,0,152442,453168,11645,96311,4.197710178220756,0.17527694415983142
3297,0.131995699066356,0,6,0,152448,453162,11645,96311,4.197654600022231,0.1752788581058578
3298,0.1320005654633691,1,45,1,152493,453117,11646,96310,4.197237763533291,0.1752917130028193
3299,0.1320050094387409,0,2,0,152495,453115,11646,96310,4.197219237467117,0.1752923510943259
3300,0.1320076053765877,0,4,0,152499,453111,11646,96310,4.197182185334766,0.17529362729127573
3301,0.1320087538548779,0,5,0,152504,453106,11646,96310,4.197135870169328,0.1752952225635948
3302,0.1320142914816248,1,20,1,152524,453086,11647,96309,4.196950609507577,0.17530010284039715
3303,0.1320147058366387,2,25,2,152549,453061,11649,96307,4.196719033680388,0.1753050778348939
3304,0.1320192777909,3,33,3,152582,453028,11652,96304,4.196413353588499,0.17531110512404155
3305,0.1320197966661843,0,5,0,152587,453023,11652,96304,4.196367038423062,0.17531270081390501
3306,0.1320202095241514,0,1,0,152588,453022,11652,96304,4.1963577753899735,0.17531301995536347
3307,0.1320242546416949,0,3,0,152591,453019,11652,96304,4.196329986290711,0.17531397738671056
3308,0.1320249252486966,0,4,0,152595,453015,11652,96304,4.196292934158361,0.17531525397810743
3309,0.1320255566381208,0,2,0,152597,453013,11652,96304,4.196274408092186,0.17531589228077776
3310,0.1320262050633419,1,7,1,152604,453006,11653,96303,4.196209566860573,0.17531662506895027
3311,0.1320307296955361,1,3,1,152607,453003,11654,96302,4.19618177776131,0.1753160812299178
3312,0.1320315893382614,0,1,0,152608,453002,11654,96302,4.1961725147282225,0.1753164003903121
3313,0.1320382567707229,0,5,0,152613,452997,11654,96302,4.1961261995627845,0.17531799620971456
3314,0.1320390362993617,4,24,4,152637,452973,11658,96298,4.195903886768684,0.17531965095553925
3315,0.1320412917661675,0,7,0,152644,452966,11658,96298,4.19583904553707,0.17532188528649248
3316,0.1320443503933616,34,138,34,152782,452828,11692,96264,4.194560746970988,0.17531488348036395
3317,0.1320516990869092,2,22,2,152804,452806,11694,96262,4.194356960243062,0.17531890403374445
3318,0.1320576083193944,0,2,0,152806,452804,11694,96262,4.194338434176887,0.17531954264150393
3319,0.132058680360144,0,1,0,152807,452803,11694,96262,4.194329171143799,0.1753198619471283
3320,0.1320595013125293,0,3,0,152810,452800,11694,96262,4.194301382044537,0.17532081987097997
3321,0.1320680403828056,2,8,2,152818,452792,11696,96260,4.194227277779836,0.17532037038386164
3322,0.1320692877750948,1,9,1,152827,452783,11697,96259,4.194143910482048,0.175321742234656
3323,0.1320718416443929,1,11,1,152838,452772,11698,96258,4.194042017118085,0.17532375280039342
3324,0.1320732430328276,1,8,1,152846,452764,11699,96257,4.193967912853385,0.17532480542638623
3325,0.1320744149977803,4,19,4,152865,452745,11703,96253,4.193791915224721,0.17532486457145563
3326,0.1320765139990567,0,18,0,152883,452727,11703,96253,4.193625180629145,0.1753306131370906
3327,0.1320765829066473,1,9,1,152892,452718,11704,96252,4.193541813331358,0.17533198535439096
3328,0.1320766224716613,0,2,0,152894,452716,11704,96252,4.193523287265182,0.17533262412381048
3329,0.1320766550863477,1,5,1,152899,452711,11705,96251,4.193476972099744,0.17533271884028404
3330,0.132079051609345,22,90,22,152989,452621,11727,96229,4.1926432991218645,0.1753284139564544
3331,0.1320805961993002,0,1,0,152990,452620,11727,96229,4.192634036088777,0.17532873340390526
3332,0.1320823997940993,0,1,0,152991,452619,11727,96229,4.192624773055689,0.17532905285252018
3333,0.132088254169534,0,2,0,152993,452617,11727,96229,4.192606246989515,0.17532969175324226
3334,0.1320997943044588,0,9,0,153002,452608,11727,96229,4.192522879691726,0.17533256686411447
3335,0.1321038501571711,0,6,0,153008,452602,11727,96229,4.192467301493201,0.17533448365708204
3336,0.1321084753228636,20,74,20,153082,452528,11747,96209,4.191781837044722,0.17532807155340355
3337,0.1321098162818341,0,1,0,153083,452527,11747,96209,4.191772574011634,0.17532839106601353
3338,0.1321112841226307,0,6,0,153089,452521,11747,96209,4.191716995813109,0.17533030816612907
3339,0.132114338194412,8,21,8,153110,452500,11755,96201,4.191522472118271,0.17532499485147648
3340,0.1321216163121911,0,4,0,153114,452496,11755,96201,4.19148541998592,0.17532627297032788
3341,0.1321295162900158,3,31,3,153145,452465,11758,96198,4.191198265960206,0.17533166989572835
3342,0.1321371170990081,0,2,0,153147,452463,11758,96198,4.1911797398940305,0.1753323090214176
3343,0.1321444517955746,0,1,0,153148,452462,11758,96198,4.191170476860943,0.17533262858600954
3344,0.13215265024566,2,10,2,153158,452452,11760,96196,4.191077846530068,0.1753328181274697
3345,0.1321592163836828,3,5,3,153163,452447,11763,96193,4.19103153136463,0.17532990667833187
3346,0.1321723637698425,0,1,0,153164,452446,11763,96193,4.191022268331542,0.17533022625077693
3347,0.1321734402436802,1,15,1,153179,452431,11764,96192,4.190883322835229,0.17533351682302784
3348,0.1321738150407143,0,1,0,153180,452430,11764,96192,4.190874059802142,0.17533383641195577
3349,0.1321781686207892,3,21,3,153201,452409,11767,96189,4.190679536107303,0.1753360384106395
3350,0.132179235350199,5,7,5,153208,452402,11772,96184,4.19061469487569,0.17533075944336896
3351,0.1321831589028353,2,5,2,153213,452397,11774,96182,4.190568379710252,0.17532935092302113
3352,0.1321848275832801,5,22,5,153235,452375,11779,96177,4.190364592982326,0.1753288658139976
3353,0.1321874009366676,5,36,5,153271,452339,11784,96172,4.190031123791174,0.1753328556765498
3354,0.132192286003454,1,5,1,153276,452334,11785,96171,4.189984808625736,0.1753329504744715
3355,0.1322013883024357,0,1,0,153277,452333,11785,96171,4.189975545592649,0.1753332701311203
3356,0.1322039616558231,0,5,0,153282,452328,11785,96171,4.189929230427211,0.17533486843184765
3357,0.1322083097187517,0,4,0,153286,452324,11785,96171,4.189892178294861,0.17533614709341014
3358,0.132212656761772,0,8,0,153294,452316,11785,96171,4.1898180740301605,0.17533870447248523
3359,0.1322140110921452,0,7,0,153301,452309,11785,96171,4.189753232798547,0.1753409422403734
3360,0.1322163508692939,0,3,0,153304,452306,11785,96171,4.189725443699285,0.1753419013012396
3361,0.1322167126144843,2,2,2,153306,452304,11787,96169,4.18970691763311,0.17533953357776955
3362,0.1322198187497003,0,4,0,153310,452300,11787,96169,4.189669865500759,0.17534081233396964
3363,0.1322219427898531,0,5,0,153315,452295,11787,96169,4.189623550335321,0.1753424108054494
3364,0.1322272288061134,0,2,0,153317,452293,11787,96169,4.189605024269147,0.17534305020220178
3365,0.1322403911382212,0,20,0,153337,452273,11787,96169,4.189419763607396,0.17534944442621098
3366,0.132242378747329,4,27,4,153364,452246,11791,96165,4.189169661714032,0.1753520625953892
3367,0.1322460375165431,1,15,1,153379,452231,11792,96164,4.189030716217719,0.1753553551728225
3368,0.1322466014361805,0,8,0,153387,452223,11792,96164,4.188956611953018,0.1753579132984553
3369,0.1322475262368435,1,0,1,153387,452223,11793,96163,4.188956611953018,0.17535640953634848
3370,0.1322532444299637,0,1,0,153388,452222,11793,96163,4.18894734891993,0.17535672930514146
3371,0.1322593755522921,0,12,0,153400,452210,11793,96163,4.18883619252288,0.17536056662162433
3372,0.1322643265183631,1,8,1,153408,452202,11794,96162,4.188762088258179,0.17536162111298334
3373,0.1322659032019617,2,15,2,153423,452187,11796,96160,4.188623142761866,0.17536341039524242
3374,0.1322677837966121,1,3,1,153426,452184,11797,96159,4.1885953536626035,0.17536286594339676
3375,0.132272078840996,0,11,0,153437,452173,11797,96159,4.18849346029864,0.17536638386962644
3376,0.1322845083525357,1,10,1,153447,452163,11798,96158,4.188400829967764,0.17536807818777686
3377,0.1322863027009934,0,16,0,153463,452147,11798,96158,4.188252621438364,0.17537319557545528
3378,0.1322893747495488,4,52,4,153515,452095,11802,96154,4.187770943717811,0.17538381282957197
3379,0.1322966267737191,1,5,1,153520,452090,11803,96153,4.187724628552373,0.17538390823047445
3380,0.1322981646393041,3,10,3,153530,452080,11806,96150,4.187631998221498,0.17538259489630265
3381,0.1322990495400836,0,6,0,153536,452074,11806,96150,4.187576420022972,0.17538451435909408
3382,0.1322992739118194,0,1,0,153537,452073,11806,96150,4.187567156989885,0.17538483427364412
3383,0.1323137345348763,6,33,6,153570,452040,11812,96144,4.187261476897995,0.17538636662142637
3384,0.1323151593005952,0,13,0,153583,452027,11812,96144,4.187141057467858,0.17539052594901955
3385,0.1323165280312251,0,7,0,153590,452020,11812,96144,4.187076216236244,0.1753927656686685
3386,0.1323189268788725,3,12,3,153602,452008,11815,96141,4.186965059839194,0.17539209229607278
3387,0.1323195342620547,4,29,4,153631,451979,11819,96137,4.186696431879654,0.17539535426807465
3388,0.1323202473754019,1,20,1,153651,451959,11820,96136,4.186511171217903,0.1754002499566681
3389,0.1323211721760649,0,5,0,153656,451954,11820,96136,4.186464856052466,0.17540185006112136
3390,0.1323272048762054,1,5,1,153661,451949,11821,96135,4.186418540887028,0.17540194568715745
3391,0.1323278254054159,0,5,0,153666,451944,11821,96135,4.18637222572159,0.1754035458391947
3392,0.1323278455855414,2,29,2,153695,451915,11823,96133,4.1861035977620515,0.17540981811812104
3393,0.1323349287287404,2,16,2,153711,451899,11825,96131,4.18595538923265,0.1754119300038319
3394,0.132342329392965,0,2,0,153713,451897,11825,96131,4.185936863166475,0.17541257016064873
3395,0.1323482888768008,0,8,0,153721,451889,11825,96131,4.1858627589017745,0.17541513083464108
3396,0.1323496678355805,0,3,0,153724,451886,11825,96131,4.185834969802512,0.17541609110666276
3397,0.132351489447896,1,1,1,153725,451885,11826,96130,4.185825706769425,0.17541490652628122
3398,0.132354323374568,0,5,0,153730,451880,11826,96130,4.185779391603987,0.17541650699804748
3399,0.1323567754641563,0,1,0,153731,451879,11826,96130,4.1857701285708995,0.17541682709590536
3400,0.1323580050980473,5,7,5,153738,451872,11831,96125,4.185705287339286,0.17541154422378225
3401,0.1323594638934937,0,3,0,153741,451869,11831,96125,4.1856774982400236,0.1754125045164728
3402,0.1323596589303518,0,6,0,153747,451863,11831,96125,4.185621920041498,0.17541442513339708
3403,0.1323600478906002,0,8,0,153755,451855,11831,96125,4.185547815776798,0.17541698602138764
3404,0.132372216285252,4,35,4,153790,451820,11835,96121,4.185223609618734,0.17542217136516522
3405,0.1323722380096053,1,7,1,153797,451813,11836,96120,4.1851587683871205,0.17542290754526557
3406,0.1323773299515737,2,6,2,153803,451807,11838,96118,4.185103190188595,0.1754218186795638
3407,0.1323785854902771,0,1,0,153804,451806,11838,96118,4.185093927155508,0.175422138836773
3408,0.132379590070806,0,4,0,153808,451802,11838,96118,4.185056875023157,0.17542341947729595
3409,0.1323808002289577,0,1,0,153809,451801,11838,96118,4.18504761199007,0.1754237396403483
3410,0.1323856666259708,2,21,2,153830,451780,11840,96116,4.184853088295231,0.17542745338531401
3411,0.1323943601463352,1,0,1,153830,451780,11841,96115,4.184853088295231,0.17542594840252237
3412,0.1323954098424029,0,14,0,153844,451766,11841,96115,4.184723405832005,0.17543043106075953
3413,0.1323985187265928,0,2,0,153846,451764,11841,96115,4.184704879765831,0.17543107145920905
3414,0.1323999930451819,0,3,0,153849,451761,11841,96115,4.184677090666568,0.1754320320656499
3415,0.1324121363691326,0,1,0,153850,451760,11841,96115,4.18466782763348,0.17543235227013462
3416,0.1324135216272995,0,7,0,153857,451753,11841,96115,4.184602986401868,0.17543459373425715
3417,0.1324241374619634,2,16,2,153873,451737,11843,96113,4.184454777872467,0.17543670712786347
3418,0.1324277079051462,2,7,2,153880,451730,11845,96111,4.184389936640854,0.17543593852960987
3419,0.1324331098327151,0,13,0,153893,451717,11845,96111,4.184269517210716,0.17544010163774032
3420,0.1324400673335186,0,2,0,153895,451715,11845,96111,4.18425099114454,0.17544074213345112
3421,0.1324406878627291,0,8,0,153903,451707,11845,96111,4.18417688687984,0.17544330416306145
3422,0.1324412479782083,0,4,0,153907,451703,11845,96111,4.18413983474749,0.17544458520592757
3423,0.1324468514687392,0,6,0,153913,451697,11845,96111,4.184084256548965,0.17544650680530405
3424,0.1324483825040751,5,28,5,153941,451669,11850,96106,4.183824891622513,0.17544794851900872
3425,0.1324485489314781,0,2,0,153943,451667,11850,96106,4.183806365556338,0.17544858910534109
3426,0.1324512507236831,6,23,6,153966,451644,11856,96100,4.183593315795324,0.1754469241105334
3427,0.1324549605843784,31,152,31,154118,451492,11887,96069,4.182185334766015,0.17544894541430087
3428,0.1324554488577515,1,11,1,154129,451481,11888,96068,4.182083441402053,0.17545096420594322
3429,0.1324624091211296,0,10,0,154139,451471,11888,96068,4.181990811071177,0.17545416856150886
3430,0.1324635270875442,0,9,0,154148,451462,11888,96068,4.181907443773389,0.1754570525815937
3431,0.1324641246710025,0,1,0,154149,451461,11888,96068,4.181898180740301,0.1754573730341224
3432,0.1324644955981208,0,4,0,154153,451457,11888,96068,4.1818611286079514,0.17545865485594264
3433,0.1324658745569005,1,18,1,154171,451439,11889,96067,4.181694394012375,0.1754629173013629
3434,0.1324690557816243,1,17,1,154188,451422,11890,96066,4.181536922449887,0.17546685954760652
3435,0.1324728480439506,1,11,1,154199,451411,11891,96065,4.1814350290859235,0.17546887900108862
3436,0.1324742542068233,0,2,0,154201,451409,11891,96065,4.181416503019749,0.1754695200137358
3437,0.1324766985725113,9,71,9,154272,451338,11900,96056,4.180758827670532,0.175478722821222
3438,0.1324921967529691,1,5,1,154277,451333,11901,96055,4.180712512505095,0.1754788194114595
3439,0.1324929681192136,0,3,0,154280,451330,11901,96055,4.180684723405832,0.17547978114124427
3440,0.1324931836715843,1,10,1,154290,451320,11902,96054,4.1805920930749565,0.17548148066952393
3441,0.1324957967921259,0,2,0,154292,451318,11902,96054,4.180573567008781,0.17548212184766485
3442,0.1324959980145564,1,5,1,154297,451313,11903,96053,4.180527251843343,0.17548221847904327
3443,0.1325022332203778,0,1,0,154298,451312,11903,96053,4.180517988810256,0.1754825390735615
3444,0.1325042017562232,1,5,1,154303,451307,11904,96052,4.180471673644818,0.17548263571074926
3445,0.1325051601554735,0,11,0,154314,451296,11904,96052,4.180369780280855,0.17548616236836528
3446,0.1325057921440196,0,3,0,154317,451293,11904,96052,4.180341991181592,0.1754871242086801
3447,0.1325079842612892,25,113,25,154430,451180,11929,96027,4.179295268442699,0.17548569371371345
3448,0.1325082722997161,1,10,1,154440,451170,11930,96026,4.179202638111823,0.1754873939136982
3449,0.1325110949814858,2,18,2,154458,451152,11932,96024,4.179035903516247,0.17549015307688934
3450,0.1325197438885259,0,4,0,154462,451148,11932,96024,4.178998851383897,0.17549143596529063
3451,0.1325258697118924,0,4,0,154466,451144,11932,96024,4.178961799251547,0.1754927188724487
3452,0.1325263037605388,0,3,0,154469,451141,11932,96024,4.178934010152284,0.1754936810651266
3453,0.1325284669511935,0,2,0,154471,451139,11932,96024,4.178915484086109,0.1754943225327736
3454,0.1325422169741245,0,2,0,154473,451137,11932,96024,4.178896958019934,0.17549496400511003
3455,0.1325439357244648,0,3,0,154476,451134,11932,96024,4.178869168920671,0.17549592622240742
3456,0.1325473461614663,0,1,0,154477,451133,11932,96024,4.178859905887584,0.17549624696385133
3457,0.1325560757407486,0,1,0,154478,451132,11932,96024,4.1788506428544965,0.17549656770646763
3458,0.1325574546995283,0,1,0,154479,451131,11932,96024,4.178841379821408,0.17549688845025632
3459,0.1325584503020583,1,1,1,154480,451130,11933,96023,4.178832116788321,0.17549570229899134
3460,0.1325648476748289,2,4,2,154484,451126,11935,96021,4.178795064655971,0.1754939714555686
3461,0.1325683113150647,3,14,3,154498,451112,11938,96018,4.1786653821927455,0.17549394111088773
3462,0.1325714960597882,0,2,0,154500,451110,11938,96018,4.17864685612657,0.17549458262052026
3463,0.132574666746664,0,6,0,154506,451104,11938,96018,4.178591277928045,0.17549650717755821
3464,0.1325819182389375,1,22,1,154528,451082,11939,96017,4.178387491200119,0.1755020572145078
3465,0.1325911637781152,0,1,0,154529,451081,11939,96017,4.178378228167031,0.1755023780017474
3466,0.1325970693335102,0,5,0,154534,451076,11939,96017,4.1783319130015935,0.1755039819555359
3467,0.1326091748405335,0,4,0,154538,451072,11939,96017,4.178294860869243,0.17550526513967563
3468,0.1326093903929043,0,12,0,154550,451060,11939,96017,4.178183704472192,0.17550911480468015
3469,0.1326108645126308,0,1,0,154551,451059,11939,96017,4.178174441439105,0.1755094356177204
3470,0.1326234409433599,2,8,2,154559,451051,11941,96015,4.1781003371744045,0.17550898794660974
3471,0.1326245005011669,6,46,6,154605,451005,11947,96009,4.1776742376523766,0.17551470346279985
3472,0.1326267215285981,1,4,1,154609,451001,11948,96008,4.177637185520027,0.17551447965207154
3473,0.1326279097144097,2,3,2,154612,450998,11950,96006,4.177609396420764,0.17551242769705525
3474,0.1326320732573181,0,2,0,154614,450996,11950,96006,4.177590870354589,0.17551306942204964
3475,0.1326362308598833,0,1,0,154615,450995,11950,96006,4.1775816073215015,0.1755133902863066
3476,0.132640348392987,1,12,1,154627,450983,11951,96005,4.177470450924451,0.17551573343473714
3477,0.1326423333751035,1,9,1,154636,450974,11952,96004,4.1773870836266624,0.17551711403383682
3478,0.1326460991600167,1,16,1,154652,450958,11953,96003,4.177238875097262,0.17552074096690623
3479,0.1326488571767799,1,12,1,154664,450946,11954,96002,4.177127718700211,0.17552308446141132
3480,0.132649938912512,0,9,0,154673,450937,11954,96002,4.177044351402423,0.17552597273187687
3481,0.1326526091098121,0,5,0,154678,450932,11954,96002,4.176998036236985,0.17552757736765315
3482,0.1326548986445242,0,1,0,154679,450931,11954,96002,4.176988773203898,0.17552789829832904
3483,0.1326569499278127,1,13,1,154692,450918,11955,96001,4.176868353773759,0.17553056302670048
3484,0.1326581189216428,5,5,5,154697,450913,11960,95996,4.176822038608322,0.17552463024013135
3485,0.1326615910036696,0,1,0,154698,450912,11960,95996,4.176812775575234,0.1755249511800888
3486,0.132665755954928,2,44,2,154742,450868,11962,95994,4.176405202119382,0.17553605845716103
3487,0.1326659210002894,0,28,0,154770,450840,11962,95994,4.17614583719293,0.17554504657720624
3488,0.1326671303818827,1,7,1,154777,450833,11963,95993,4.176080995961318,0.1755457860452868
3489,0.1326744759121504,0,2,0,154779,450831,11963,95993,4.176062469895142,0.17554642810118062
3490,0.1326795967193247,1,22,1,154801,450809,11964,95992,4.175858683167216,0.17555198326264948
3491,0.1326810543961488,0,3,0,154804,450806,11964,95992,4.175830894067953,0.17555294642628538
3492,0.1326816684240826,0,4,0,154808,450802,11964,95992,4.1757938419356035,0.17555423066090703
3493,0.1326873280127725,0,7,0,154815,450795,11964,95992,4.17572900070399,0.17555647811670724
3494,0.1326901808997032,0,1,0,154816,450794,11964,95992,4.175719737670903,0.17555679918651904
3495,0.1326940836677962,3,31,3,154847,450763,11967,95989,4.175432583645189,0.17556222931054666
3496,0.132698878414157,0,2,0,154849,450761,11967,95989,4.1754140575790135,0.1755628715134888
3497,0.1327001523639025,0,3,0,154852,450758,11967,95989,4.175386268479751,0.17556383482671145
3498,0.1327003674678195,0,21,0,154873,450737,11967,95989,4.175191744784913,0.17557057831528042
3499,0.132712946748143,0,3,0,154876,450734,11967,95989,4.17516395568565,0.17557154171307957
3500,0.1327177682364254,0,2,0,154878,450732,11967,95989,4.175145429619475,0.1755721839841528
3501,0.1327211915027801,0,5,0,154883,450727,11967,95989,4.175099114454037,0.1755737896823945
3502,0.1327218190395311,0,1,0,154884,450726,11967,95989,4.17508985142095,0.17557411082556726
3503,0.1327287253706591,0,1,0,154885,450725,11967,95989,4.1750805883878614,0.1755744319699148
3504,0.1327319285356148,0,4,0,154889,450721,11967,95989,4.175043536255512,0.17557571655905324
3505,0.132735236942891,0,1,0,154890,450720,11967,95989,4.175034273222424,0.17557603770927496
3506,0.1327363034006732,0,2,0,154892,450718,11967,95989,4.175015747156249,0.17557668001324292
3507,0.1327432858645429,0,2,0,154894,450716,11967,95989,4.174997221090074,0.17557732232191037
3508,0.1327441164357296,2,10,2,154904,450706,11969,95987,4.174904590759199,0.1755775179122469
3509,0.1327443877867919,3,18,3,154922,450688,11972,95984,4.174737856163622,0.17557877484122106
3510,0.1327486442692031,0,3,0,154925,450685,11972,95984,4.1747100670643595,0.17557973837916546
3511,0.1327510643956955,1,9,1,154934,450676,11973,95983,4.174626699766572,0.1755811209547451
3512,0.1327541325655425,0,2,0,154936,450674,11973,95983,4.174608173700396,0.175581763336059
3513,0.1327565551143069,0,11,0,154947,450663,11973,95983,4.174506280336433,0.17558529651730737
3514,0.1327623204693246,1,52,1,154999,450611,11974,95982,4.174024602615881,0.1756004925053925
3515,0.1327698123851259,3,17,3,155016,450594,11977,95979,4.173867131053392,0.17560142926928332
3516,0.1327725243533783,0,1,0,155017,450593,11977,95979,4.1738578680203045,0.17560175054704596
3517,0.1327747183659379,3,41,3,155058,450552,11980,95976,4.173478083663714,0.17561039873528894
3518,0.1327756458180595,0,3,0,155061,450549,11980,95976,4.173450294564452,0.17561136270069988
3519,0.13278364867662,0,4,0,155065,450545,11980,95976,4.173413242432102,0.1756126480043768
3520,0.1327838642289908,0,3,0,155068,450542,11980,95976,4.173385453332839,0.17561361199448142
3521,0.1327857565856976,5,27,5,155095,450515,11985,95971,4.173135351439475,0.175614745848933
3522,0.132786990433592,0,2,0,155097,450513,11985,95971,4.173116825373301,0.17561538855666406
3523,0.1327924345205638,4,25,4,155122,450488,11989,95967,4.172885249546112,0.17561738844003624
3524,0.132797508808578,3,44,3,155166,450444,11992,95964,4.172477676090259,0.17562700399701323
3525,0.1328000821619654,2,36,2,155202,450408,11994,95962,4.172144206899107,0.1756355583212841
3526,0.1328051165092952,1,1,1,155203,450407,11995,95961,4.17213494386602,0.17563437097340986
3527,0.1328127049329077,1,7,1,155210,450400,11996,95960,4.1720701026344065,0.17563511238011567
3528,0.1328135578835836,3,41,3,155251,450359,11999,95957,4.1716903182778164,0.17564376661126527
3529,0.1328146789980721,1,7,1,155258,450352,12000,95956,4.171625477046204,0.17564450822612884
3530,0.1328173482466538,0,3,0,155261,450349,12000,95956,4.171597687946941,0.17564547276704406
3531,0.1328183632767249,1,8,1,155269,450341,12001,95955,4.171523583682241,0.1756465359438839
3532,0.1328207850635663,3,25,3,155294,450316,12004,95952,4.171292007855052,0.17565004722956498
3533,0.1328216916495754,2,2,2,155296,450314,12006,95950,4.171273481788877,0.17564767218780664
3534,0.1328240824891375,0,7,0,155303,450307,12006,95950,4.171208640557264,0.17564992302158142
3535,0.1328247683884383,1,26,1,155329,450281,12007,95949,4.170967801696988,0.17565677461875034
3536,0.1328263517691179,2,0,2,155329,450281,12009,95947,4.170967801696988,0.17565375630689017
3537,0.1328340539600933,0,3,0,155332,450278,12009,95947,4.170940012597725,0.17565472103986451
3538,0.1328481352569347,1,5,1,155337,450273,12010,95946,4.170893697432287,0.1756548197700922
3539,0.1328501973191985,2,23,2,155360,450250,12012,95944,4.170680647671274,0.1756591980138925
3540,0.1328531498340647,1,5,1,155365,450245,12013,95943,4.170634332505836,0.1756592967989044
3541,0.132856907191015,1,2,1,155367,450243,12014,95942,4.170615806439661,0.1756584307514853
3542,0.1328605945081118,3,13,3,155380,450230,12017,95939,4.170495387009522,0.17565808385316634
3543,0.13286210266358,6,42,6,155422,450188,12023,95933,4.170106339619845,0.17566253632436768
3544,0.1328633120451733,3,24,3,155446,450164,12026,95930,4.169884026825744,0.1756657278783506
3545,0.1328711912050339,11,20,11,155466,450144,12037,95919,4.169698766163993,0.17565555622702875
3546,0.1328746262836386,0,1,0,155467,450143,12037,95919,4.169689503130905,0.17565587790397427
3547,0.1328760673508474,0,1,0,155468,450142,12037,95919,4.169680240097818,0.17565619958209797
3548,0.1328774365614385,0,12,0,155480,450130,12037,95919,4.169569083700767,0.1756600598114821
3549,0.1328853868106916,0,2,0,155482,450128,12037,95919,4.169550557634592,0.17566070319954144
3550,0.1328870624639334,0,1,0,155483,450127,12037,95919,4.169541294601505,0.1756610248953385
3551,0.13289122775994,0,2,0,155485,450125,12037,95919,4.169522768535329,0.17566166829046745
3552,0.1328919118130508,0,2,0,155487,450123,12037,95919,4.169504242469154,0.17566231169030955
3553,0.1328986190430108,7,23,7,155510,450100,12044,95912,4.16929119270814,0.17565914302249766
3554,0.1328998553979399,1,0,1,155510,450100,12045,95911,4.16929119270814,0.17565763327112457
3555,0.1329000709503107,3,10,3,155520,450090,12048,95908,4.1691985623772645,0.17565632108542523
3556,0.1329017868214751,0,2,0,155522,450088,12048,95908,4.16918003631109,0.1756569645198866
3557,0.1329043120961553,2,7,2,155529,450081,12050,95906,4.169115195079477,0.17565619694241805
3558,0.1329067396977312,0,5,0,155534,450076,12050,95906,4.169068879914039,0.17565780556868174
3559,0.1329099434193527,0,1,0,155535,450075,12050,95906,4.1690596168809515,0.17565812729747005
3560,0.1329144660904953,0,3,0,155538,450072,12050,95906,4.169031827781689,0.17565909249090622
3561,0.1329194581697344,2,6,2,155544,450066,12052,95904,4.168976249583164,0.1756580031869883
3562,0.1329199692305959,2,6,2,155550,450060,12054,95902,4.1689206713846385,0.17565691385114715
3563,0.1329217832649107,2,31,2,155581,450029,12056,95900,4.168633517358924,0.17566386837848877
3564,0.1329223370665422,0,1,0,155582,450028,12056,95900,4.168624254325836,0.1756641901496168
3565,0.1329245965548212,2,7,2,155589,450021,12058,95898,4.168559413094224,0.17566342259565979
3566,0.1329270554666208,0,2,0,155591,450019,12058,95898,4.1685408870280485,0.1756640661492498
3567,0.1329296288200082,1,4,1,155595,450015,12059,95897,4.168503834895699,0.17566384325678863
3568,0.1329336475208794,3,11,3,155606,450004,12062,95894,4.1684019415317355,0.1756628527673668
3569,0.1329346503015983,8,42,8,155648,449962,12070,95886,4.168012894142058,0.17566428749395435
3570,0.1329390133121387,2,3,2,155651,449959,12072,95884,4.167985105042796,0.1756622325467213
3571,0.1329476099540383,1,12,1,155663,449947,12073,95883,4.167873948645744,0.1756645842112013
3572,0.1329482246477561,0,7,0,155670,449940,12073,95883,4.167809107414132,0.17566683705157166
3573,0.1329616706094027,1,25,1,155695,449915,12074,95882,4.167577531586943,0.17567337306727593
3574,0.1329630673908139,0,6,0,155701,449909,12074,95882,4.167521953388418,0.17567530428314135
3575,0.1329637757483546,1,19,1,155720,449890,12075,95881,4.167345955759754,0.17567990970571906
3576,0.1329664040405184,2,19,2,155739,449871,12077,95879,4.16716995813109,0.17568300503893725
3577,0.132973113912335,0,2,0,155741,449869,12077,95879,4.167151432064915,0.17568364886357807
3578,0.1329780569085729,1,9,1,155750,449860,12078,95878,4.167068064767127,0.17568503567646013
3579,0.1329822404158893,2,5,2,155755,449855,12080,95876,4.167021749601689,0.17568362434972543
3580,0.1329830212553742,0,1,0,155756,449854,12080,95876,4.167012486568602,0.1756839462737984
3581,0.1329873979263538,3,18,3,155774,449836,12083,95873,4.166845751973026,0.17568520951642724
3582,0.1329879090275305,0,1,0,155775,449835,12083,95873,4.166836488939938,0.17568553145638327
3583,0.1329922740721673,1,3,1,155778,449832,12084,95872,4.166808699840676,0.17568498673273422
3584,0.1329959830057635,1,22,1,155800,449810,12085,95871,4.166604913112749,0.17569055913619863
3585,0.1330039738401574,1,9,1,155809,449801,12086,95870,4.166521545814962,0.17569194624599804
3586,0.1330086090086827,2,25,2,155834,449776,12088,95868,4.166289969987773,0.17569697458416111
3587,0.1330087778368059,0,4,0,155838,449772,12088,95868,4.166252917855423,0.17569826259071916
3588,0.1330120550729858,0,2,0,155840,449770,12088,95868,4.1662343917892475,0.17569890660107984
3589,0.1330134518927691,0,4,0,155844,449766,12088,95868,4.166197339656898,0.17570019463596476
3590,0.1330135299099444,1,14,1,155858,449752,12089,95867,4.166067657193672,0.17570319215423216
3591,0.1330250567604902,6,15,6,155873,449737,12095,95861,4.165928711697358,0.17569895784075454
3592,0.1330292063096998,3,29,3,155902,449708,12098,95858,4.165660083737819,0.17570376453078088
3593,0.1330310896777675,3,61,3,155963,449647,12101,95855,4.165095038719478,0.17571887912418285
3594,0.1330313186297699,0,1,0,155964,449646,12101,95855,4.165085775686391,0.17571920124802703
3595,0.1330361759519158,1,1,1,155965,449645,12102,95854,4.165076512653303,0.17571801231532963
3596,0.1330485111378887,0,3,0,155968,449642,12102,95854,4.16504872355404,0.17571897869095282
3597,0.1330486615500775,0,6,0,155974,449636,12102,95854,4.164993145355515,0.17572091147408753
3598,0.1330511600459967,3,28,3,156002,449608,12105,95851,4.164733780429064,0.17572539824258102
3599,0.13305236942759,1,19,1,156021,449589,12106,95850,4.1645577828004,0.1757300083052367
3600,0.1330557596420349,7,38,7,156059,449551,12113,95843,4.164205787543073,0.1757316728823566
3601,0.1330585704154765,0,14,0,156073,449537,12113,95843,4.164076105079848,0.17573618394513918
3602,0.1330640963655413,0,4,0,156077,449533,12113,95843,4.164039052947497,0.1757374728627589
3603,0.1330738205585171,0,5,0,156082,449528,12113,95843,4.163992737782059,0.17573908403637156
3604,0.1330771566120811,0,2,0,156084,449526,12113,95843,4.163974211715884,0.17573972851408862
3605,0.1330776461879096,14,71,14,156155,449455,12127,95829,4.1633165363666675,0.17574144849289544
3606,0.1330870978319905,3,12,3,156167,449443,12130,95826,4.163205379969617,0.17574078115572314
3607,0.1330874687036399,7,58,7,156225,449385,12137,95819,4.162668124050539,0.17574889399197366
3608,0.1330876050862029,6,32,6,156257,449353,12143,95813,4.162371706991737,0.17575013848992785
3609,0.1330904608580183,4,18,4,156275,449335,12147,95809,4.162204972396162,0.17574989360609308
3610,0.1330941732505091,1,8,1,156283,449327,12148,95808,4.162130868131461,0.17575096077118513
3611,0.1330958837126874,1,2,1,156285,449325,12149,95807,4.162112342065286,0.17575009355532237
3612,0.1331001891513105,0,2,0,156287,449323,12149,95807,4.1620938159991105,0.17575073835598848
3613,0.133107433598547,0,8,0,156295,449315,12149,95807,4.16201971173441,0.1757533176059671
3614,0.1331161492255917,0,12,0,156307,449303,12149,95807,4.16190855533736,0.17575718662288345
3615,0.1331219673070619,0,1,0,156308,449302,12149,95807,4.161899292304272,0.17575750904864898
3616,0.1331221265003289,1,3,1,156311,449299,12150,95806,4.16187150320501,0.17575696425459314
3617,0.1331221699196233,2,20,2,156331,449279,12152,95804,4.161686242543259,0.17576038878482728
3618,0.1331248157300026,2,20,2,156351,449259,12154,95802,4.161500981881507,0.17576381359150628
3619,0.1331263997393899,0,2,0,156353,449257,12154,95802,4.1614824558153325,0.17576445852650813
3620,0.1331375342042714,1,7,1,156360,449250,12155,95801,4.161417614583719,0.17576520362314718
3621,0.1331408778766049,4,13,4,156373,449237,12159,95797,4.161297195153581,0.175763346873773
3622,0.1331456063316808,1,11,1,156384,449226,12160,95796,4.161195301789618,0.17576538194788469
3623,0.1331516044033108,0,1,0,156385,449225,12160,95796,4.16118603875653,0.17576570444074632
3624,0.1331600135206602,0,2,0,156387,449223,12160,95796,4.161167512690355,0.17576634943001987
3625,0.1331615240073907,3,10,3,156397,449213,12163,95793,4.16107488235948,0.175765037449129
3626,0.1331647178592087,0,9,0,156406,449204,12163,95793,4.160991515061692,0.1757679400070092
3627,0.1331714328727898,0,12,0,156418,449192,12163,95793,4.160880358664641,0.17577181023330918
3628,0.1331760444185581,0,1,0,156419,449191,12163,95793,4.1608710956315536,0.17577213275986084
3629,0.1331830020290769,1,6,1,156425,449185,12164,95792,4.160815517433028,0.1757725555390411
3630,0.1331889338996547,1,7,1,156432,449178,12165,95791,4.160750676201415,0.1757733008666548
3631,0.133195028130992,2,13,2,156445,449165,12167,95789,4.160630256771277,0.17577446903775365
3632,0.1331962368319535,1,1,1,156446,449164,12168,95788,4.160620993738189,0.1757732791144908
3633,0.1331987992139174,0,4,0,156450,449160,12168,95788,4.160583941605839,0.17577456931670546
3634,0.133198810185341,6,7,6,156457,449153,12174,95782,4.160519100374226,0.17576775211722498
3635,0.1332025872923611,1,5,1,156462,449148,12175,95781,4.160472785208789,0.17576785232571582
3636,0.1332134058410009,1,6,1,156468,449142,12176,95780,4.160417207010264,0.17576827509258205
3637,0.1332150737076785,3,3,3,156471,449139,12179,95777,4.160389417911,0.17576470501875519
3638,0.1332163958726304,0,6,0,156477,449133,12179,95777,4.160333839712475,0.17576664036262868
3639,0.133222264068122,0,1,0,156478,449132,12179,95777,4.160324576679388,0.17576696292408459
3640,0.1332304398178457,3,32,3,156510,449100,12182,95774,4.160028159620587,0.17577274746088087
3641,0.1332392621967031,0,2,0,156512,449098,12182,95774,4.160009633554411,0.17577339265001687
3642,0.133244127295483,0,1,0,156513,449097,12182,95774,4.160000370521323,0.17577371524636107
3643,0.1332518766769935,0,2,0,156515,449095,12182,95774,4.159981844455149,0.1757743604426018
3644,0.1332555219861385,0,1,0,156516,449094,12182,95774,4.1599725814220605,0.17577468304249835
3645,0.1332570845979248,4,24,4,156540,449070,12186,95770,4.15975026862796,0.1757763747155128
3646,0.1332656013011277,0,3,0,156543,449067,12186,95770,4.159722479528697,0.17577734258135919
3647,0.1332835245654745,0,2,0,156545,449065,12186,95770,4.159703953462522,0.17577798783117823
3648,0.1332895436264257,0,1,0,156546,449064,12186,95770,4.1596946904294345,0.17577831045786424
3649,0.1332926138650017,0,2,0,156548,449062,12186,95770,4.159676164363259,0.17577895571478916
3650,0.1332959171151364,3,18,3,156566,449044,12189,95767,4.159509429767684,0.17578022470177732
3651,0.1332988592191442,0,8,0,156574,449036,12189,95767,4.159435325502983,0.1757828058949749
3652,0.1332992895660891,1,23,1,156597,449013,12190,95766,4.159222275741969,0.17578871432268864
3653,0.1333006685248688,2,27,2,156624,448986,12192,95764,4.158972173848605,0.17579440110142266
3654,0.133306696952497,0,1,0,156625,448985,12192,95764,4.158962910815517,0.17579472380857974
3655,0.1333154993656698,0,9,0,156634,448976,12192,95764,4.158879543517729,0.1757976282263098
3656,0.1333201456918997,3,15,3,156649,448961,12195,95761,4.158740598021416,0.17579792995326057
3657,0.1333208917664655,2,3,2,156652,448958,12197,95759,4.158712808922154,0.17579587198490226
3658,0.1333223361268001,7,39,7,156691,448919,12204,95752,4.158351550631739,0.17579786696923463
3659,0.1333238463472136,0,1,0,156692,448918,12204,95752,4.158342287598651,0.17579818972956102
3660,0.1333337722606098,0,1,0,156693,448917,12204,95752,4.158333024565564,0.17579851249107256
3661,0.1333387429562202,0,4,0,156697,448913,12204,95752,4.158295972433214,0.17579980354897046
3662,0.1333391916952951,1,1,1,156698,448912,12205,95751,4.158286709400126,0.1757986130873586
3663,0.1333446630169766,1,30,1,156728,448882,12206,95750,4.1580088184075,0.17580678329587685
3664,0.1333463379774138,0,2,0,156730,448880,12206,95750,4.157990292341324,0.17580742889668216
3665,0.1333468791682413,1,12,1,156742,448868,12207,95749,4.157879135944274,0.17580978926474936
3666,0.1333536934509858,0,1,0,156743,448867,12207,95749,4.157869872911186,0.1758101120789694
3667,0.1333571789479193,6,39,6,156782,448828,12213,95743,4.157508614620771,0.17581362209886314
3668,0.1333605406298181,3,6,3,156788,448822,12216,95740,4.157453036422246,0.17581101876370367
3669,0.133361520649987,0,18,0,156806,448804,12216,95740,4.15728630182667,0.17581683022859493
3670,0.1333673712030256,0,3,0,156809,448801,12216,95740,4.157258512727408,0.1758177988434296
3671,0.13337839826552,1,33,1,156842,448768,12217,95739,4.156952832635518,0.17582694070048685
3672,0.1333820704081044,1,19,1,156861,448749,12218,95738,4.156776835006855,0.17583156255337593
3673,0.1333849184340346,0,8,0,156869,448741,12218,95738,4.156702730742154,0.17583414603685357
3674,0.1333902962705712,2,9,2,156878,448732,12220,95736,4.156619363444366,0.1758340251401368
3675,0.1333908697087169,0,9,0,156887,448723,12220,95736,4.156535996146578,0.17583693170651968
3676,0.1333922486674966,0,4,0,156891,448719,12220,95736,4.156498944014228,0.17583822354464557
3677,0.1333963870227877,1,3,1,156894,448716,12221,95735,4.156471154914965,0.17583767868917496
3678,0.1333966194232114,2,3,2,156897,448713,12223,95733,4.1564433658157025,0.1758356200614937
3679,0.1334087795724496,3,21,3,156918,448692,12226,95730,4.156248842120864,0.1758378610710074
3680,0.133415496287409,2,16,2,156934,448676,12228,95728,4.156100633591463,0.17584000117559753
3681,0.1334168752461887,1,47,1,156981,448629,12229,95727,4.155665271036348,0.17585366928994997
3682,0.133422903673817,0,1,0,156982,448628,12229,95727,4.155656008003261,0.1758539923395578
3683,0.1334249925120404,0,1,0,156983,448627,12229,95727,4.155646744970173,0.1758543153903526
3684,0.1334282175601721,0,3,0,156986,448624,12229,95727,4.15561895587091,0.17585528454985846
3685,0.1334293499739003,0,4,0,156990,448620,12229,95727,4.15558190373856,0.17585657677915006
3686,0.1334295937204575,0,6,0,156996,448614,12229,95727,4.155526325540035,0.17585851515869647
3687,0.1334321664438075,3,19,3,157015,448595,12232,95724,4.155350327911371,0.17586011144200367
3688,0.1334344156178604,0,5,0,157020,448590,12232,95724,4.155304012745933,0.17586172687088703
3689,0.1334370984877854,1,6,1,157026,448584,12233,95723,4.155248434547408,0.17586215132269106
3690,0.1334553984166151,1,1,1,157027,448583,12234,95722,4.155239171514321,0.1758609603071807
3691,0.1334697864129201,2,29,2,157056,448554,12236,95720,4.154970543554781,0.175867302130912
3692,0.1334734030871313,1,1,1,157057,448553,12237,95719,4.154961280521694,0.175866111062116
3693,0.1334743831073002,3,21,3,157078,448532,12240,95716,4.154766756826856,0.17586835413267482
3694,0.1334788059015314,2,5,2,157083,448527,12242,95714,4.154720441661418,0.17586694129990207
3695,0.1334797258931636,3,6,3,157089,448521,12245,95711,4.154664863462893,0.17586433726792985
3696,0.1334859657133978,0,2,0,157091,448519,12245,95711,4.154646337396717,0.17586498355474708
3697,0.1334859675131919,5,23,5,157114,448496,12250,95706,4.154433287635704,0.17586484430413707
3698,0.1334911195266685,1,5,1,157119,448491,12251,95705,4.154386972470266,0.17586494571808686
3699,0.1334913408697847,2,4,2,157123,448487,12253,95703,4.154349920337915,0.17586320954078538
3700,0.1334970615133187,2,7,2,157130,448480,12255,95701,4.154285079106303,0.17586244282692706
3701,0.133499594081902,0,2,0,157132,448478,12255,95701,4.154266553040127,0.1758630891673512
3702,0.1335014953796413,0,4,0,157136,448474,12255,95701,4.154229500907777,0.17586438186245235
3703,0.1335063232006912,7,40,7,157176,448434,12262,95694,4.153858979584275,0.17586670783345096
3704,0.1335070764300368,0,1,0,157177,448433,12262,95694,4.153849716551187,0.17586703104238532
3705,0.1335084553888165,0,3,0,157180,448430,12262,95694,4.153821927451925,0.17586800067631642
3706,0.1335094818805246,0,5,0,157185,448425,12262,95694,4.153775612286487,0.1758696167566286
3707,0.1335111993465047,0,3,0,157188,448422,12262,95694,4.153747823187224,0.1758705864190724
3708,0.1335211034129171,2,2,2,157190,448420,12264,95692,4.153729297121049,0.1758682036051401
3709,0.1335350534488908,1,13,1,157203,448407,12265,95691,4.153608877690911,0.17587089090568242
3710,0.1335371451383357,1,7,1,157210,448400,12266,95690,4.153544036459298,0.17587163888327298
3711,0.1335393748099669,0,6,0,157216,448394,12266,95690,4.153488458260773,0.17587357834452033
3712,0.1335422124312135,0,1,0,157217,448393,12266,95690,4.1534791952276855,0.1758739015922203
3713,0.1335427508334025,2,33,2,157250,448360,12268,95688,4.153173515135796,0.17588153986412963
3714,0.1335459475472688,4,13,4,157263,448347,12272,95684,4.1530530957056575,0.17587968332686924
3715,0.1335471825696688,2,43,2,157306,448304,12274,95682,4.152654785282893,0.17589055600695605
3716,0.1335585909196579,0,2,0,157308,448302,12274,95682,4.152636259216718,0.17589120268243183
3717,0.1335613665555479,0,8,0,157316,448294,12274,95682,4.152562154952017,0.1758937894318867
3718,0.1335705963362474,0,1,0,157317,448293,12274,95682,4.15255289191893,0.17589411278091824
3719,0.1335723326325953,0,1,0,157318,448292,12274,95682,4.152543628885843,0.17589443613113862
3720,0.1335803842267946,2,3,2,157321,448289,12276,95680,4.15251583978658,0.17589237621996842
3721,0.133583463372935,0,1,0,157322,448288,12276,95680,4.152506576753492,0.17589269957056297
3722,0.1335841698908237,2,1,2,157323,448287,12278,95678,4.152497313720405,0.17588999292233876
3723,0.1335842685741127,3,2,3,157325,448285,12281,95675,4.152478787654229,0.1758860945657769
3724,0.13358599313424,0,17,0,157342,448268,12281,95675,4.152321316091741,0.1758915915822062
3725,0.1335913490822752,0,21,0,157363,448247,12281,95675,4.152126792396903,0.17589838248866566
3726,0.1335984082752262,2,18,2,157381,448229,12283,95673,4.151960057801326,0.17590117337314443
3727,0.1336039819839817,0,6,0,157387,448223,12283,95673,4.151904479602801,0.17590311383058527
3728,0.1336042033270979,1,5,1,157392,448218,12284,95672,4.151858164437363,0.1759032157237677
3729,0.1336077961948769,2,13,2,157405,448205,12286,95670,4.1517377450072255,0.1759043897954493
3730,0.1336143343011064,1,18,1,157423,448187,12287,95669,4.151571010411649,0.1759086964196405
3731,0.1336246794906068,1,4,1,157427,448183,12288,95668,4.151533958279299,0.17590847493155296
3732,0.1336368791112188,4,13,4,157440,448170,12292,95664,4.151413538849161,0.17590661856375292
3733,0.1336471674739629,0,2,0,157442,448168,12292,95664,4.151395012782985,0.175907265479045
3734,0.1336471687868111,0,13,0,157455,448155,12292,95664,4.151274593352848,0.17591147054442746
3735,0.1336517132444124,0,2,0,157457,448153,12292,95664,4.151256067286672,0.17591211749540747
3736,0.1336537426237769,1,2,1,157459,448151,12293,95663,4.151237541220497,0.17591124906677652
3737,0.133657299648035,1,10,1,157469,448141,12294,95662,4.151144910889622,0.175912968483072
3738,0.1336646001069337,0,3,0,157472,448138,12294,95662,4.151117121790359,0.1759139389481427
3739,0.1336723554353697,3,7,3,157479,448131,12297,95659,4.151052280558746,0.17591165707350265
3740,0.1336775732768678,0,5,0,157484,448126,12297,95659,4.151005965393308,0.1759132745478452
3741,0.1336779054140796,1,10,1,157494,448116,12298,95658,4.150913335062433,0.17591499409681227
3742,0.1336791055567509,4,8,4,157502,448108,12302,95654,4.150839230797732,0.1759115201135791
3743,0.1336824297759024,0,13,0,157515,448095,12302,95654,4.150718811367594,0.1759157258220245
3744,0.133682929224903,1,2,1,157517,448093,12303,95653,4.150700285301419,0.17591485730469741
3745,0.1336851545943511,2,17,2,157534,448076,12305,95651,4.150542813738931,0.17591732615816394
3746,0.1336889210655742,1,2,1,157536,448074,12306,95650,4.150524287672756,0.175916457614525
3747,0.133690552762058,1,17,1,157553,448057,12307,95649,4.150366816110267,0.1759204422978595
3748,0.1336916007137217,2,11,2,157564,448046,12309,95647,4.150264922746304,0.1759209701062916
3749,0.1336934538885106,0,2,0,157566,448044,12309,95647,4.150246396680129,0.17592161724214672
3750,0.133698642918546,2,21,2,157587,448023,12311,95645,4.150051872985291,0.17592538093100937
3751,0.1337075558035951,6,29,6,157616,447994,12317,95639,4.149783245025751,0.17592567044311144
3752,0.1337119078681524,0,1,0,157617,447993,12317,95639,4.149773981992664,0.17592599405480178
3753,0.1337139077169268,0,1,0,157618,447992,12317,95639,4.1497647189595765,0.17592631766768269
3754,0.1337164810703142,0,1,0,157619,447991,12317,95639,4.149755455926488,0.17592664128175414
3755,0.1337183538568787,0,8,0,157627,447983,12317,95639,4.149681351661788,0.17592923023718687
3756,0.1337206586521901,3,21,3,157648,447962,12320,95636,4.14948682796695,0.17593147877659593
3757,0.1337206758684528,0,12,0,157660,447950,12320,95636,4.149375671569899,0.1759353625737234
3758,0.133722701132636,2,7,2,157667,447943,12322,95634,4.149310830338286,0.1759345962025619
3759,0.1337230274273394,0,1,0,157668,447942,12322,95634,4.149301567305199,0.17593491986401166
3760,0.1337234622288456,0,5,0,157673,447937,12322,95634,4.149255252139761,0.17593653818912341
3761,0.1337256744635881,0,5,0,157678,447932,12322,95634,4.149208936974323,0.17593815654400755
3762,0.1337310319309098,1,2,1,157680,447930,12323,95633,4.149190410908147,0.17593728785807716
3763,0.1337311016943666,2,7,2,157687,447923,12325,95631,4.149125569676535,0.17593652148636565
3764,0.1337362399520855,3,73,3,157760,447850,12328,95628,4.148449368261144,0.17595560445869013
3765,0.1337364181575396,2,0,2,157760,447850,12330,95626,4.148449368261144,0.17595257196269937
3766,0.1337375419479201,4,0,4,157760,447850,12334,95622,4.148449368261144,0.17594650690375954
3767,0.1337387861093566,1,9,1,157769,447841,12335,95621,4.148366000963356,0.17594790436129848
3768,0.1337442613659591,2,0,2,157769,447841,12337,95619,4.148366000963356,0.17594487174769072
3769,0.1337486204689813,1,0,1,157769,447841,12338,95618,4.148366000963356,0.17594335543251652
3770,0.1337534861484918,1,4,1,157773,447837,12339,95617,4.148328948831005,0.1759431341015063
3771,0.1337604669703265,0,14,0,157787,447823,12339,95617,4.148199266367779,0.17594766671573678
3772,0.1337608024757071,0,6,0,157793,447817,12339,95617,4.148143688169254,0.17594960933618434
3773,0.1337780252295839,1,2,1,157795,447815,12340,95616,4.148125162103079,0.17594874050247408
3774,0.1337801561223986,0,4,0,157799,447811,12340,95616,4.148088109970729,0.17595003560735847
3775,0.1337844007033945,2,31,2,157830,447780,12342,95614,4.147800955945015,0.17595704037954044
3776,0.1337849515653922,1,1,1,157831,447779,12343,95613,4.147791692911927,0.17595584771214887
3777,0.1337859941136753,1,26,1,157857,447753,12344,95612,4.147550854051651,0.1759627506372328
3778,0.1337885051923661,0,2,0,157859,447751,12344,95612,4.147532327985475,0.17596339831751517
3779,0.1337902230611737,1,1,1,157860,447750,12345,95611,4.147523064952388,0.17596220560548143
3780,0.1337908002050112,8,47,8,157907,447703,12353,95603,4.147087702397273,0.17596529395957342
3781,0.1337918177060058,3,18,3,157925,447685,12356,95600,4.146920967801697,0.17596657371361257
3782,0.133794069761179,0,8,0,157933,447677,12356,95600,4.146846863536997,0.1759691649011462
3783,0.1337941121353996,2,22,2,157955,447655,12358,95598,4.14664307680907,0.1759732573957254
3784,0.1337943218076742,1,10,1,157965,447645,12359,95597,4.146550446478195,0.17597497984323746
3785,0.1337966733665608,1,0,1,157965,447645,12360,95596,4.146550446478195,0.17597346297499636
3786,0.1337981824664985,2,17,2,157982,447628,12362,95594,4.146392974915706,0.1759759361734245
3787,0.1337986364972223,4,16,4,157998,447612,12366,95590,4.146244766386306,0.17597505163824875
3788,0.1337991359462229,0,6,0,158004,447606,12366,95590,4.146189188187781,0.17597699541233736
3789,0.1338025546356835,2,20,2,158024,447586,12368,95588,4.146003927526029,0.17598044089002787
3790,0.1338032199495253,0,6,0,158030,447580,12368,95588,4.145948349327504,0.17598238482384823
3791,0.1338038437692372,0,4,0,158034,447576,12368,95588,4.145911297195154,0.17598368080358787
3792,0.1338051187918971,0,4,0,158038,447572,12368,95588,4.145874245062803,0.17598497680241548
3793,0.1338106052386256,0,1,0,158039,447571,12368,95588,4.145864982029716,0.17598530080510494
3794,0.133814701252394,0,8,0,158047,447563,12368,95588,4.145790877765015,0.17598789286957034
3795,0.1338161511986381,0,2,0,158049,447561,12368,95588,4.14577235169884,0.17598854089761742
3796,0.1338314839959947,0,4,0,158053,447557,12368,95588,4.14573529956649,0.1759898369680288
3797,0.133833538325766,1,13,1,158066,447544,12369,95587,4.1456148801363515,0.17599253218836708
3798,0.1338396689501655,0,1,0,158067,447543,12369,95587,4.145605617103264,0.17599285622226724
3799,0.1338407706268291,0,11,0,158078,447532,12369,95587,4.145503723739301,0.1759964206739223
3800,0.133841881184908,1,5,1,158083,447527,12370,95586,4.145457408573863,0.17599652374367766
3801,0.1338472386522297,4,5,4,158088,447522,12374,95582,4.145411093408426,0.17599207518265378
3802,0.1338516485666698,2,6,2,158094,447516,12376,95580,4.1453555152099,0.1759909850192231
3803,0.1338520471129543,0,3,0,158097,447513,12376,95580,4.145327726110637,0.17599195717860477
3804,0.13385247788183,0,1,0,158098,447512,12376,95580,4.14531846307755,0.17599228123411872
3805,0.1338546220346308,0,3,0,158101,447509,12376,95580,4.1452906739782875,0.17599325340782082
3806,0.1338573540276436,0,2,0,158103,447507,12376,95580,4.145272147912112,0.1759939015295892
3807,0.1338594884316438,1,2,1,158105,447505,12377,95579,4.145253621845937,0.17599303238541367
3808,0.1338621511315875,0,1,0,158106,447504,12377,95579,4.14524435881285,0.1759933564482777
3809,0.1338625200577104,4,30,4,158136,447474,12381,95575,4.144966467820223,0.17599700947796607
3810,0.133864008862387,3,0,3,158136,447474,12384,95572,4.144966467820223,0.17599245736088656
3811,0.1338645354632953,0,3,0,158139,447471,12384,95572,4.14493867872096,0.1759934296179124
3812,0.133866348605805,2,3,2,158142,447468,12386,95570,4.1449108896216975,0.17599136708664956
3813,0.1338674830001745,2,10,2,158152,447458,12388,95568,4.1448182592908225,0.17599157314751043
3814,0.1338696053722118,0,1,0,158153,447457,12388,95568,4.144808996257734,0.17599189724230008
3815,0.1338762192327699,1,4,1,158157,447453,12389,95567,4.1447719441253845,0.1759916761813561
3816,0.1338766736916464,0,12,0,158169,447441,12389,95567,4.144660787728334,0.1759955654428664
3817,0.1338780526504261,0,3,0,158172,447438,12389,95567,4.1446329986290715,0.17599653778510327
3818,0.1338793834819395,0,3,0,158175,447435,12389,95567,4.144605209529808,0.1759975101380842
3819,0.1338811645299975,0,4,0,158179,447431,12389,95567,4.144568157397458,0.17599880662543876
3820,0.133885664132568,1,9,1,158188,447422,12390,95566,4.14448479009967,0.1760002062660685
3821,0.1338861857352508,0,1,0,158189,447421,12390,95566,4.144475527066582,0.17600053039943866
3822,0.1338872175614058,37,183,37,158372,447238,12427,95529,4.14278039201156,0.17600369956169037
3823,0.1338895569005801,1,8,1,158380,447230,12428,95528,4.14270628774686,0.17600477560901912
3824,0.1338897626091263,0,3,0,158383,447227,12428,95528,4.142678498647597,0.1760057484500373
3825,0.1338983097411892,0,3,0,158386,447224,12428,95528,4.1426507095483345,0.17600672130181003
3826,0.1339045552130938,2,22,2,158408,447202,12430,95526,4.142446922820408,0.17601081941598737
3827,0.1339069322184922,0,5,0,158413,447197,12430,95526,4.14240060765497,0.17601244096896576
3828,0.1339071842649874,4,21,4,158434,447176,12434,95522,4.142206083960132,0.1760131786002528
3829,0.133909535823874,0,2,0,158436,447174,12434,95522,4.142187557893957,0.1760138272624084
3830,0.1339116634083805,0,2,0,158438,447172,12434,95522,4.142169031827781,0.17601447592934508
3831,0.1339133307024228,0,12,0,158450,447160,12434,95522,4.142057875430731,0.1760183680313701
3832,0.1339143891878184,1,17,1,158467,447143,12435,95521,4.1419004038682425,0.1760223637462592
3833,0.1339157213448287,0,1,0,158468,447142,12435,95521,4.141891140835155,0.17602268811398603
3834,0.1339160824068385,1,5,1,158473,447137,12436,95520,4.141844825669717,0.17602279156078332
3835,0.1339256080782252,0,20,0,158493,447117,12436,95520,4.141659565007966,0.17602927924192416
3836,0.1339256883973985,26,93,26,158586,447024,12462,95494,4.140798102930824,0.1760199661578049
3837,0.1339353123240878,0,4,0,158590,447020,12462,95494,4.140761050798473,0.1760212639673815
3838,0.1339363529191736,0,24,0,158614,446996,12462,95494,4.1405387380043726,0.17602905122675072
3839,0.1339411289393958,0,13,0,158627,446983,12462,95494,4.140418318574234,0.17603326961327392
3840,0.1339476907173146,0,6,0,158633,446977,12462,95494,4.140362740375709,0.1760352166290917
3841,0.1339504225608121,0,2,0,158635,446975,12462,95494,4.1403442143095335,0.17603586564393542
3842,0.1339541002003382,0,2,0,158637,446973,12462,95494,4.140325688243358,0.1760365146635648
3843,0.1339584456866628,0,1,0,158638,446972,12462,95494,4.140316425210271,0.17603683917517413
3844,0.1339682538342742,0,4,0,158642,446968,12462,95494,4.140279373077921,0.1760381372335758
3845,0.13396868460315,1,9,1,158651,446959,12463,95493,4.140196005780132,0.17603953898225097
3846,0.1339711287072042,0,1,0,158652,446958,12463,95493,4.140186742747045,0.17603986350840906
3847,0.1339744892920885,0,6,0,158658,446952,12463,95493,4.14013116454852,0.17604181069048475
3848,0.1339750135889007,0,5,0,158663,446947,12463,95493,4.140084849383082,0.17604343337511982
3849,0.133975051496092,3,26,3,158689,446921,12466,95490,4.139844010522806,0.17604731467466553
3850,0.1339798244580428,2,3,2,158692,446918,12468,95488,4.139816221423543,0.1760452502369074
3851,0.1339798575874279,3,18,3,158710,446900,12471,95485,4.139649486827967,0.1760465352102289
3852,0.1339803454574877,0,4,0,158714,446896,12471,95485,4.139612434695617,0.17604783353399178
3853,0.1339807421846152,0,1,0,158715,446895,12471,95485,4.139603171662529,0.1760481581179247
3854,0.1339819730199303,0,1,0,158716,446894,12471,95485,4.1395939086294415,0.1760484827030545
3855,0.1339860416744154,7,11,7,158727,446883,12478,95478,4.139492015265478,0.17604141890733294
3856,0.1339874571099068,1,2,1,158729,446881,12479,95477,4.139473489199303,0.1760405488625594
3857,0.1339907024347321,1,40,1,158769,446841,12480,95476,4.139102967875801,0.17605201385905292
3858,0.1339914339299789,5,7,5,158776,446834,12485,95471,4.139038126644189,0.17604668959349443
3859,0.1339924259540898,0,6,0,158782,446828,12485,95471,4.1389825484456635,0.17604863737532248
3860,0.1340000580819822,0,6,0,158788,446822,12485,95471,4.138926970247137,0.17605058520025152
3861,0.1340012674635755,0,1,0,158789,446821,12485,95471,4.13891770721405,0.17605090984193017
3862,0.1340059693304462,0,3,0,158792,446818,12485,95471,4.138889918114788,0.17605188377414996
3863,0.1340089582633092,0,4,0,158796,446814,12485,95471,4.138852865982437,0.17605318236720544
3864,0.1340145164625091,1,3,1,158799,446811,12486,95470,4.138825076883174,0.17605263691702272
3865,0.1340162914063968,1,14,1,158813,446797,12487,95469,4.1386953944199485,0.17605566271903458
3866,0.134020443855923,0,3,0,158816,446794,12487,95469,4.138667605320686,0.17605663672424635
3867,0.134025310252936,0,2,0,158818,446792,12487,95469,4.138649079254511,0.17605728606704152
3868,0.1340289664586531,0,3,0,158821,446789,12487,95469,4.138621290155249,0.17605826009021536
3869,0.1340293690829839,3,21,3,158842,446768,12490,95466,4.13842676646041,0.1760605199969017
3870,0.1340297978146849,1,0,1,158842,446768,12491,95465,4.13842676646041,0.1760590004665891
3871,0.1340346252305308,2,13,2,158855,446755,12493,95463,4.138306347030271,0.17606018243584684
3872,0.134038568757615,1,17,1,158872,446738,12494,95462,4.138148875467783,0.17606418295831797
3873,0.1340403506117237,1,0,1,158872,446738,12495,95461,4.138148875467783,0.17606266333947498
3874,0.1340411377835881,5,34,5,158906,446704,12500,95456,4.137833932342806,0.17606610594658403
3875,0.134048174781401,0,1,0,158907,446703,12500,95456,4.137824669309719,0.17606643069653
3876,0.1340525264865126,0,1,0,158908,446702,12500,95456,4.137815406276631,0.17606675544767392
3877,0.134053991396709,0,13,0,158921,446689,12500,95456,4.137694986846493,0.17607097732156526
3878,0.1340544532799919,2,1,2,158922,446688,12502,95454,4.137685723813405,0.17606826255851787
3879,0.1340545411673996,12,35,12,158957,446653,12514,95442,4.137361517655341,0.1760613914535275
3880,0.1340552864338201,0,4,0,158961,446649,12514,95442,4.137324465522991,0.17606269058147064
3881,0.1340588135624252,5,36,5,158997,446613,12519,95437,4.136990996331839,0.17606678350705654
3882,0.1340637810889287,0,2,0,158999,446611,12519,95437,4.136972470265664,0.17606743314245232
3883,0.1340786142829968,0,9,0,159008,446602,12519,95437,4.136889102967876,0.17607035656105927
3884,0.1340822825773599,2,17,2,159025,446585,12521,95435,4.136731631405388,0.17607283864064058
3885,0.1340841207303102,0,1,0,159026,446584,12521,95435,4.1367223683723,0.17607316348688884
3886,0.1340855563976983,4,47,4,159073,446537,12525,95431,4.136287005817184,0.17608235172556314
3887,0.1340878881967618,0,3,0,159076,446534,12525,95431,4.136259216717922,0.17608332641406732
3888,0.1340888630239049,1,21,1,159097,446513,12526,95430,4.1360646930230835,0.17608862924698723
3889,0.1340893124408082,3,26,3,159123,446487,12529,95427,4.135823854162807,0.17609251652476224
3890,0.1340899373456182,0,19,0,159142,446468,12529,95427,4.135647856534144,0.17609869070576403
3891,0.1340899631407107,0,5,0,159147,446463,12529,95427,4.135601541368706,0.17610031556219896
3892,0.1340906960134084,1,6,1,159153,446457,12530,95426,4.1355459631701805,0.17610074499476824
3893,0.1340984630397297,1,4,1,159157,446453,12531,95425,4.13550891103783,0.17610052447229818
3894,0.1340988779523133,0,11,0,159168,446442,12531,95425,4.1354070176738675,0.17610409934541132
3895,0.1340989041317286,4,22,4,159190,446420,12535,95421,4.135203230945941,0.1761051673830515
3896,0.1340994286236063,0,3,0,159193,446417,12535,95421,4.135175441846679,0.17610614242633407
3897,0.1340999789677421,2,4,2,159197,446413,12537,95419,4.135138389714328,0.1761044013642605
3898,0.1341024545544442,0,2,0,159199,446411,12537,95419,4.1351198636481525,0.17610505139988558
3899,0.1341146654606419,2,14,2,159213,446397,12539,95417,4.134990181184927,0.17610656055399085
3900,0.1341206413278471,0,4,0,159217,446393,12539,95417,4.134953129052577,0.17610786068917147
3901,0.1341218207206224,0,3,0,159220,446390,12539,95417,4.134925339953314,0.176108835803155
3902,0.1341221645534011,0,5,0,159225,446385,12539,95417,4.134879024787876,0.17611046101712433
3903,0.1341258708623363,1,4,1,159229,446381,12540,95416,4.1348419726555266,0.1761102405513504
3904,0.1341277785397709,1,10,1,159239,446371,12541,95415,4.134749342324651,0.17611197040898066
3905,0.1341283684445866,0,1,0,159240,446370,12541,95415,4.134740079291563,0.17611229546775936
3906,0.1341285318995095,0,4,0,159244,446366,12541,95415,4.134703027159213,0.17611359571487373
3907,0.1341291538637101,1,14,1,159258,446352,12542,95414,4.134573344695987,0.17611662599720174
3908,0.1341335791682966,2,12,2,159270,446340,12544,95412,4.1344621882989365,0.1761174854915164
3909,0.1341347805845286,0,1,0,159271,446339,12544,95412,4.134452925265849,0.17611781058087572
3910,0.134153334599488,0,3,0,159274,446336,12544,95412,4.134425136166587,0.1761187858561545
3911,0.1341545795738965,1,28,1,159302,446308,12545,95411,4.134165771240135,0.17612636809858986
3912,0.1341577666695315,0,4,0,159306,446304,12545,95411,4.1341287191077845,0.1761276686080319
3913,0.1341598203227833,0,14,0,159320,446290,12545,95411,4.133999036644559,0.1761322205423287
3914,0.1341687332078326,0,1,0,159321,446289,12545,95411,4.1339897736114715,0.17613254568949602
3915,0.1341714429981257,0,5,0,159326,446284,12545,95411,4.1339434584460335,0.1761341714433399
3916,0.1341789552444187,0,2,0,159328,446282,12545,95411,4.133924932379858,0.1761348217532809
3917,0.1341791843234241,0,2,0,159330,446280,12545,95411,4.133906406313684,0.17613547206802402
3918,0.1341804431665327,0,4,0,159334,446276,12545,95411,4.133869354181333,0.17613677271191666
3919,0.1341814654290637,0,2,0,159336,446274,12545,95411,4.1338508281151585,0.1761374230410663
3920,0.1341891154643989,0,10,0,159346,446264,12545,95411,4.1337581977842826,0.17614067475884987
3921,0.1341903248459922,0,7,0,159353,446257,12545,95411,4.133693356552669,0.17614295103273592
3922,0.1341903692573753,13,70,13,159423,446187,12558,95398,4.1330449442365405,0.17614594200356362
3923,0.1341969831876234,0,1,0,159424,446186,12558,95398,4.133035681203453,0.1761462672457089
3924,0.1341973700231018,1,14,1,159438,446172,12559,95397,4.1329059987402275,0.17614929953523928
3925,0.134200750654075,1,3,1,159441,446169,12560,95396,4.132878209640965,0.17614875407384156
3926,0.1342027998029314,0,38,0,159479,446131,12560,95396,4.132526214383637,0.17616111477359392
3927,0.1342050697452248,3,20,3,159499,446111,12563,95393,4.1323409537218865,0.17616305696726156
3928,0.1342066154910808,1,34,1,159533,446077,12564,95392,4.13202601059691,0.176172597138525
3929,0.1342087688071563,1,20,1,159553,446057,12565,95391,4.131840749935159,0.17617758307353615
3930,0.1342172410412941,0,2,0,159555,446055,12565,95391,4.1318222238689835,0.17617823384049378
3931,0.1342188529490476,2,10,2,159565,446045,12567,95389,4.131729593538108,0.17617844464883994
3932,0.1342233667916443,2,17,2,159582,446028,12569,95387,4.13157212197562,0.17618093329516174
3933,0.1342242943910727,3,11,3,159593,446017,12572,95384,4.131470228611657,0.17617994794985603
3934,0.1342276829016741,0,2,0,159595,446015,12572,95384,4.1314517025454816,0.17618059878204428
3935,0.134235677657077,7,58,7,159653,445957,12579,95377,4.130914446626403,0.1761888224275586
3936,0.1342367466732108,0,2,0,159655,445955,12579,95377,4.130895920560228,0.17618947337308713
3937,0.1342379188976931,0,5,0,159660,445950,12579,95377,4.130849605394791,0.17619110075795222
3938,0.134238371274721,3,4,3,159664,445946,12582,95374,4.13081255326244,0.17618783713884578
3939,0.1342407072561075,5,52,5,159716,445894,12587,95369,4.130330875541888,0.17619715369422997
3940,0.1342435985498163,0,6,0,159722,445888,12587,95369,4.1302752973433625,0.17619910689376767
3941,0.1342456602675237,4,12,4,159734,445876,12591,95365,4.130164140946311,0.17619692521446084
3942,0.1342461597165243,1,4,1,159738,445872,12592,95364,4.130127088813961,0.17619670531893666
3943,0.1342514004654111,0,3,0,159741,445869,12592,95364,4.130099299714699,0.17619768195952576
3944,0.1342569535024748,8,94,8,159835,445775,12600,95356,4.129228574604468,0.17621611033187898
3945,0.1342580462108339,0,1,0,159836,445774,12600,95356,4.129219311571381,0.17621643597656755
3946,0.1342603434277959,1,0,1,159836,445774,12601,95355,4.129219311571381,0.17621491363427205
3947,0.1342613603885833,0,6,0,159842,445768,12601,95355,4.129163733372856,0.17621686751440985
3948,0.1342630231407535,0,3,0,159845,445765,12601,95355,4.129135944273593,0.17621784447072739
3949,0.1342636466779305,0,4,0,159849,445761,12601,95355,4.129098892141243,0.1762191470960016
3950,0.1342695413208079,2,6,2,159855,445755,12603,95353,4.129043313942717,0.1762180562845125
3951,0.1342706291268448,0,5,0,159860,445750,12603,95353,4.128996998777279,0.176219684607182
3952,0.134274613780115,3,18,3,159878,445732,12606,95350,4.128830264181704,0.17622097944489004
3953,0.1342765981310697,0,3,0,159881,445729,12606,95350,4.128802475082441,0.1762219564980345
3954,0.1342783698232249,0,1,0,159882,445728,12606,95350,4.128793212049353,0.17622228218482364
3955,0.134284021863579,6,59,6,159941,445669,12612,95344,4.1282466930971875,0.1762323641021565
3956,0.1342851726216714,1,30,1,159971,445639,12613,95343,4.1279688021045615,0.1762406142903091
3957,0.134294327886377,1,2,1,159973,445637,12614,95342,4.127950276038386,0.17623974313235818
3958,0.1342955968488542,0,4,0,159977,445633,12614,95342,4.127913223906035,0.17624104625906928
3959,0.1342966498878526,1,1,1,159978,445632,12615,95341,4.127903960872948,0.17623984930856068
3960,0.1343033794118531,2,3,2,159981,445629,12617,95339,4.127876171773686,0.17623778116265656
3961,0.1343065759786953,17,84,17,160065,445545,12634,95322,4.127098076994331,0.17623926029874257
3962,0.1343174258270033,0,8,0,160073,445537,12634,95322,4.1270239727296305,0.17624186710399567
3963,0.1343207596813662,0,11,0,160084,445526,12634,95322,4.126922079365667,0.17624545158713723
3964,0.1343236974619478,2,15,2,160099,445511,12636,95320,4.126783133869354,0.17624729351682875
3965,0.134324754577406,1,12,1,160111,445499,12637,95319,4.126671977472304,0.17624968103872282
3966,0.1343249085107134,1,5,1,160116,445494,12638,95318,4.126625662306866,0.17624978735678942
3967,0.1343370658014329,0,8,0,160124,445486,12638,95318,4.1265515580421654,0.1762523945828803
3968,0.1343393463039,0,2,0,160126,445484,12638,95318,4.12653303197599,0.17625304640145562
3969,0.1343405427107632,0,4,0,160130,445480,12638,95318,4.12649597984364,0.17625435005306972
3970,0.1343411347909353,0,1,0,160131,445479,12638,95318,4.126486716810552,0.1762546759689865
3971,0.1343457186047886,1,17,1,160148,445462,12639,95317,4.126329245248064,0.17625869347737247
3972,0.1343480153021987,0,1,0,160149,445461,12639,95317,4.1263199822149765,0.17625901941277197
3973,0.1343496069346531,0,5,0,160154,445456,12639,95317,4.126273667049539,0.17626064910785116
3974,0.134349609130524,0,1,0,160155,445455,12639,95317,4.126264404016451,0.17626097505048338
3975,0.134355258404429,0,14,0,160169,445441,12639,95317,4.126134721553226,0.17626553837391218
3976,0.1343568333558518,3,11,3,160180,445430,12642,95314,4.126032828189262,0.17626455402186617
3977,0.1343600391905175,2,41,2,160221,445389,12644,95312,4.125653043832672,0.17627487280400814
3978,0.1343611474810065,0,1,0,160222,445388,12644,95312,4.125643780799585,0.17627519881634918
3979,0.1343633570849006,1,7,1,160229,445381,12645,95311,4.125578939567972,0.176275957476715
3980,0.1343671761219307,0,3,0,160232,445378,12645,95311,4.125551150468709,0.17627693553965404
3981,0.1343709086681471,0,3,0,160235,445375,12645,95311,4.125523361369447,0.17627791361344664
3982,0.1343751369077093,2,7,2,160242,445368,12647,95309,4.125458520137834,0.1762771488337769
3983,0.134376409750477,0,6,0,160248,445362,12647,95309,4.125402941939309,0.17627910503799907
3984,0.1343765091352437,2,9,2,160257,445353,12649,95307,4.12531957464152,0.17627899234269226
3985,0.1343777782543168,0,3,0,160260,445350,12649,95307,4.125291785542258,0.17627997048036
3986,0.1343856696631694,0,7,0,160267,445343,12649,95307,4.125226944310645,0.17628225284379914
3987,0.1343887956436991,0,3,0,160270,445340,12649,95307,4.125199155211383,0.1762832310176511
3988,0.1343899596204124,0,5,0,160275,445335,12649,95307,4.125152840045945,0.17628486133152807
3989,0.1343998203306359,0,3,0,160278,445332,12649,95307,4.125125050946682,0.17628583953432883
3990,0.1344065233991289,0,7,0,160285,445325,12649,95307,4.125060209715069,0.1762881220497492
3991,0.1344108004277319,1,10,1,160295,445315,12650,95306,4.124967579384194,0.17628985925444998
3992,0.1344135685216218,0,10,0,160305,445305,12650,95306,4.124874949053318,0.176293120191783
3993,0.1344152776045756,0,3,0,160308,445302,12650,95306,4.124847159954055,0.17629409849650762
3994,0.1344195793296804,0,1,0,160309,445301,12650,95306,4.124837896920968,0.17629442460049538
3995,0.1344206997446437,0,7,0,160316,445294,12650,95306,4.124773055689355,0.17629670736219016
3996,0.1344271032776742,5,26,5,160342,445268,12655,95301,4.124532216829079,0.17629756793304832
3997,0.1344321328767048,2,19,2,160361,445249,12657,95299,4.124356219200415,0.17630071705010472
3998,0.1344358872835481,2,14,2,160375,445235,12659,95297,4.124226536737189,0.1763022355753221
3999,0.1344366850934112,0,3,0,160378,445232,12659,95297,4.1241987476379265,0.17630321407362048
4000,0.1344369664026861,0,4,0,160382,445228,12659,95297,4.124161695505577,0.1763045187549142
4001,0.1344415869338478,3,61,3,160443,445167,12662,95294,4.123596650487236,0.17631984546526022
4002,0.1344453941156741,8,60,8,160503,445107,12670,95286,4.123040868501982,0.17632722851702373
4003,0.1344500556896984,3,17,3,160520,445090,12673,95283,4.122883396939494,0.17632820292649706
4004,0.1344518798389695,1,0,1,160520,445090,12674,95282,4.122883396939494,0.17632667865840568
4005,0.1344563036425529,3,50,3,160570,445040,12677,95279,4.122420245285116,0.17633842230238064
4006,0.1344573415122552,0,1,0,160571,445039,12677,95279,4.1224109822520285,0.17633874866282448
4007,0.1344590704325789,1,2,1,160573,445037,12678,95278,4.122392456185853,0.17633787697916956
4008,0.1344659410398039,0,21,0,160594,445016,12678,95278,4.122197932491015,0.17634473083173235
4009,0.1344671743417228,0,2,0,160596,445014,12678,95278,4.12217940642484,0.17634538360738267
4010,0.1344742300040881,0,6,0,160602,445008,12678,95278,4.122123828226314,0.17634734196333055
4011,0.134474972442177,3,10,3,160612,444998,12681,95275,4.1220311978954385,0.17634603246877043
4012,0.1344786297516452,0,3,0,160615,444995,12681,95275,4.122003408796176,0.17634701167934552
4013,0.1344800577698404,4,35,4,160650,444960,12685,95271,4.121679202638112,0.17635233816645102
4014,0.1344837532381914,0,7,0,160657,444953,12685,95271,4.121614361406499,0.17635462326738538
4015,0.1344844463669532,2,11,2,160668,444942,12687,95269,4.1215124680425355,0.17635516492629733
4016,0.1344855056777461,0,1,0,160669,444941,12687,95269,4.121503205009448,0.1763554913829807
4017,0.1344861793092815,2,17,2,160686,444924,12689,95267,4.12134573344696,0.1763579918954592
4018,0.1344876098774873,0,3,0,160689,444921,12689,95267,4.121317944347697,0.17635897132109563
4019,0.1344924860233008,0,1,0,160690,444920,12689,95267,4.12130868131461,0.17635929779872525
4020,0.1344985321204826,0,3,0,160693,444917,12689,95267,4.121280892215347,0.17636027723886677
4021,0.134499052418269,1,1,1,160694,444916,12690,95266,4.121271629182259,0.1763590789770855
4022,0.1345044118757965,2,15,2,160709,444901,12692,95264,4.121132683685946,0.17636092675386225
4023,0.1345060503274737,0,8,0,160717,444893,12692,95264,4.121058579421246,0.1763635387489193
4024,0.1345178850136117,0,3,0,160720,444890,12692,95264,4.121030790321983,0.17636451826701274
4025,0.1345184131752096,2,6,2,160726,444884,12694,95262,4.120975212123458,0.1763634276658533
4026,0.1345184544541747,5,5,5,160731,444879,12699,95257,4.12092889695802,0.17635743590503133
4027,0.134518885717867,4,5,4,160736,444874,12703,95253,4.120882581792582,0.17635296883881013
4028,0.134523662885045,1,4,1,160740,444870,12704,95252,4.120845529660232,0.1763527499342741
4029,0.1345242332893253,0,2,0,160742,444868,12704,95252,4.120827003594057,0.17635340294749316
4030,0.1345270766000871,0,9,0,160751,444859,12704,95252,4.120743636296269,0.17635634156682609
4031,0.134527234224065,1,13,1,160764,444846,12705,95251,4.1206232168661305,0.17635906142785462
4032,0.1345279961190879,0,2,0,160766,444844,12705,95251,4.120604690799955,0.17635971449467222
4033,0.1345285465453139,0,1,0,160767,444843,12705,95251,4.120595427766868,0.1763600410298948
4034,0.1345295165422872,1,63,1,160830,444780,12706,95250,4.1200118566823525,0.17637909005055274
4035,0.1345297646815126,0,2,0,160832,444778,12706,95250,4.119993330616177,0.17637974327257105
4036,0.1345360817504777,0,2,0,160834,444776,12706,95250,4.119974804550002,0.1763803964994278
4037,0.1345377197837099,1,7,1,160841,444769,12707,95249,4.119909963318389,0.17638115766511486
4038,0.1345411423594369,2,0,2,160841,444769,12709,95247,4.119909963318389,0.17637810731533882
4039,0.1345448251543584,0,14,0,160855,444755,12709,95247,4.119780280855164,0.17638268006414792
4040,0.1345486839773713,0,6,0,160861,444749,12709,95247,4.1197247026566375,0.17638463988622138
4041,0.1345522756908665,0,1,0,160862,444748,12709,95247,4.11971543962355,0.17638496652746785
4042,0.1345527910720219,2,81,2,160943,444667,12711,95245,4.118965133943458,0.17640837766154485
4043,0.1345568840112022,0,1,0,160944,444666,12711,95245,4.118955870910371,0.17640870439757664
4044,0.1345576075594535,1,4,1,160948,444662,12712,95244,4.11891881877802,0.1764084859216234
4045,0.134561600836994,10,91,10,161039,444571,12722,95234,4.118075882767053,0.1764229675530979
4046,0.1345616709035908,0,1,0,161040,444570,12722,95234,4.118066619733965,0.17642329438092344
4047,0.134564194290126,0,7,0,161047,444563,12722,95234,4.118001778502353,0.17642558220960844
4048,0.134566361444396,0,1,0,161048,444562,12722,95234,4.117992515469266,0.1764259090471215
4049,0.1345755257576711,0,6,0,161054,444556,12722,95234,4.1179369372707395,0.17642787009763056
4050,0.134587502395286,2,1,2,161055,444555,12724,95232,4.117927674237652,0.17642514547404808
4051,0.1345890845247424,3,19,3,161074,444536,12727,95229,4.1177516766089886,0.1764267783201949
4052,0.1345914922089584,0,1,0,161075,444535,12727,95229,4.117742413575901,0.17642710517930058
4053,0.1345954389280392,14,83,14,161158,444452,12741,95215,4.116973581829634,0.1764328743465878
4054,0.134597228362108,1,13,1,161171,444439,12742,95214,4.116853162399496,0.17643559843084353
4055,0.1345973088242664,3,14,3,161185,444425,12745,95211,4.116723479936271,0.17643559732856962
4056,0.1345983681350593,0,1,0,161186,444424,12745,95211,4.1167142169031825,0.17643592428215368
4057,0.1346027146766084,0,13,0,161199,444411,12745,95211,4.116593797473045,0.17644017478901897
4058,0.1346086243434174,0,15,0,161214,444396,12745,95211,4.116454851976731,0.17644507947450644
4059,0.1346117661501722,0,5,0,161219,444391,12745,95211,4.116408536811294,0.17644671443026527
4060,0.1346128191975523,2,9,2,161228,444382,12747,95209,4.116325169513505,0.17644660492854775
4061,0.1346157569781339,0,1,0,161229,444381,12747,95209,4.116315906480418,0.17644693192979855
4062,0.1346184932690985,7,27,7,161256,444354,12754,95202,4.116065804587054,0.1764450770633632
4063,0.1346232087728809,0,3,0,161259,444351,12754,95202,4.116038015487791,0.1764460581258931
4064,0.1346254368833668,1,0,1,161259,444351,12755,95201,4.116038015487791,0.1764445317596821
4065,0.1346258084187092,2,42,2,161301,444309,12757,95199,4.115648968098114,0.17645521475121778
4066,0.1346273129041454,0,3,0,161304,444306,12757,95199,4.115621178998851,0.1764561959574054
4067,0.1346291034915148,1,1,1,161305,444305,12758,95198,4.115611915965764,0.1764549965431147
4068,0.1346291253176191,21,99,21,161404,444206,12779,95177,4.114694875690096,0.1764553202455398
4069,0.1346308997957299,1,25,1,161429,444181,12780,95176,4.114463299862907,0.1764619723114746
4070,0.1346312534986749,0,7,0,161436,444174,12780,95176,4.114398458631294,0.17646426253824046
4071,0.1346338543836517,3,2,3,161438,444172,12783,95173,4.114379932565119,0.1764603361484764
4072,0.1346374158925918,1,7,1,161445,444165,12784,95172,4.1143150913335065,0.1764610994610049
4073,0.1346413179183483,0,3,0,161448,444162,12784,95172,4.114287302234244,0.1764620810110247
4074,0.1346417095215032,0,10,0,161458,444152,12784,95172,4.114194671903368,0.17646535292328916
4075,0.1346439122548099,0,1,0,161459,444151,12784,95172,4.114185408870281,0.17646568012118896
4076,0.13464709517941,0,8,0,161467,444143,12784,95172,4.11411130460558,0.1764682977480693
4077,0.1346502520390189,3,3,3,161470,444140,12787,95169,4.114083515506318,0.1764646983454754
4078,0.1346544395799896,0,2,0,161472,444138,12787,95169,4.114064989440142,0.176465352758262
4079,0.1346591920908758,0,7,0,161479,444131,12787,95169,4.11400014820853,0.17646764324123865
4080,0.1346651381481798,0,3,0,161482,444128,12787,95169,4.113972359109267,0.1764686248950022
4081,0.1346652944936505,6,25,6,161507,444103,12793,95163,4.113740783282078,0.1764676430555607
4082,0.1346685555996351,1,0,1,161507,444103,12794,95162,4.113740783282078,0.17646611591703523
4083,0.1346715169460093,8,11,8,161518,444092,12802,95154,4.113638889918115,0.17645749806210895
4084,0.1346720252884211,1,14,1,161532,444078,12803,95153,4.113509207454889,0.17646055215668238
4085,0.1346776049298788,0,10,0,161542,444068,12803,95153,4.113416577124013,0.17646382466558239
4086,0.1346809294323944,0,1,0,161543,444067,12803,95153,4.113407314090926,0.17646415192314824
4087,0.1346823377300648,0,19,0,161562,444048,12803,95153,4.1132313164622625,0.1764703700475333
4088,0.1346842349965018,3,1,3,161563,444047,12806,95150,4.113222053429175,0.17646611535301568
4089,0.1346883882149843,2,5,2,161568,444042,12808,95148,4.113175738263737,0.17646469704556836
4090,0.1346905953220259,0,1,0,161569,444041,12808,95148,4.113166475230649,0.17646502432356742
4091,0.1346990828225882,0,2,0,161571,444039,12808,95148,4.113147949164475,0.1764656788832075
4092,0.1346999957096339,6,18,6,161589,444021,12814,95142,4.112981214568898,0.17646240561759616
4093,0.1347027494307362,0,3,0,161592,444018,12814,95142,4.112953425469636,0.1764633874916537
4094,0.1347047489056417,0,1,0,161593,444017,12814,95142,4.112944162436548,0.17646371478543435
4095,0.1347064159656759,0,12,0,161605,444005,12814,95142,4.112833006039498,0.1764676424055035
4096,0.1347071855442144,2,10,2,161615,443995,12816,95140,4.112740375708622,0.1764678605544066
4097,0.1347209421628845,0,32,0,161647,443963,12816,95140,4.112443958649821,0.17647833530883708
4098,0.1347227058324944,1,2,1,161649,443961,12817,95139,4.112425432583645,0.17647746243739565
4099,0.1347255480427552,1,0,1,161649,443961,12818,95138,4.112425432583645,0.17647593484684632
4100,0.1347290259188722,1,6,1,161655,443955,12819,95137,4.11236985438512,0.1764763713800242
4101,0.1347341103813094,2,0,2,161655,443955,12821,95135,4.11236985438512,0.17647331614387207
4102,0.1347382993406801,0,1,0,161656,443954,12821,95135,4.112360591352032,0.1764736434985689
4103,0.1347398546123344,0,1,0,161657,443953,12821,95135,4.112351328318945,0.17647397085448016
4104,0.1347441159559881,1,6,1,161663,443947,12822,95134,4.11229575012042,0.17647440737106299
4105,0.1347450345500008,2,14,2,161677,443933,12824,95132,4.112166067657194,0.1764759351840687
4106,0.1347456712276425,3,21,3,161698,443912,12827,95129,4.111971543962355,0.17647822707363633
4107,0.1347470119997746,1,10,1,161708,443902,12828,95128,4.11187891363148,0.1764799732853459
4108,0.1347521302661887,1,9,1,161717,443893,12829,95127,4.111795546333692,0.1764813921561352
4109,0.1347547503259835,2,9,2,161726,443884,12831,95125,4.111712179035903,0.17648128324387904
4110,0.1347604464537727,0,2,0,161728,443882,12831,95125,4.111693652969729,0.17648193808243678
4111,0.134763140114648,0,6,0,161734,443876,12831,95125,4.111638074771203,0.17648390262726785
4112,0.1347687111338695,6,17,6,161751,443859,12837,95119,4.111480603208714,0.17648030160785783
4113,0.1347742452895892,0,1,0,161752,443858,12837,95119,4.111471340175627,0.1764806290435399
4114,0.1347753988121957,3,2,3,161754,443856,12840,95116,4.111452814109452,0.17647670008831629
4115,0.1347781419071591,0,2,0,161756,443854,12840,95116,4.111434288043277,0.17647735495482123
4116,0.1347800619048973,1,19,1,161775,443835,12841,95115,4.1112582904146135,0.1764820484274979
4117,0.1347809353455806,3,5,3,161780,443830,12844,95112,4.111211975249176,0.17647910164730157
4118,0.1347819370856036,0,10,0,161790,443820,12844,95112,4.1111193449183,0.1764823762552604
4119,0.1347862857445247,32,140,32,161930,443680,12876,95080,4.109822520286042,0.17647932288959833
4120,0.1347932211619761,1,4,1,161934,443676,12877,95079,4.109785468153692,0.17647910460227748
4121,0.1347937893274128,5,24,5,161958,443652,12882,95074,4.109563155359591,0.17647932344085862
4122,0.1347937918897076,0,1,0,161959,443651,12882,95074,4.109553892326503,0.17647965102788993
4123,0.1348015439835488,0,2,0,161961,443649,12882,95074,4.109535366260328,0.176480306205601
4124,0.1348026029566997,0,3,0,161964,443646,12882,95074,4.109507577161065,0.17648128898128898
4125,0.1348064201293622,0,1,0,161965,443645,12882,95074,4.109498314127978,0.17648161657561734
4126,0.1348075506515152,0,5,0,161970,443640,12882,95074,4.10945199896254,0.1764832545655023
4127,0.1348119452799014,0,1,0,161971,443639,12882,95074,4.109442735929453,0.17648358216712795
4128,0.1348135005515558,0,13,0,161984,443626,12882,95074,4.1093223164993145,0.1764878410989419
4129,0.1348172340393064,2,21,2,162005,443605,12884,95072,4.109127792804476,0.17649166383565662
4130,0.1348177379131129,5,37,5,162042,443568,12889,95067,4.108785060580236,0.1764961430282102
4131,0.1348182187743614,0,2,0,162044,443566,12889,95067,4.108766534514062,0.1764967983766312
4132,0.1348192784229891,0,9,0,162053,443557,12889,95067,4.108683167216273,0.17649974750475286
4133,0.1348200480015277,0,6,0,162059,443551,12889,95067,4.108627589017748,0.1765017136449209
4134,0.1348206060615,1,3,1,162062,443548,12890,95066,4.108599799918485,0.17650116781219946
4135,0.1348209556269616,0,2,0,162064,443546,12890,95066,4.10858127385231,0.17650182320483018
4136,0.1348217348107803,1,8,1,162072,443538,12891,95065,4.10850716958761,0.17650291587681466
4137,0.1348239767007995,1,9,1,162081,443529,12892,95064,4.108423802289821,0.17650433629846657
4138,0.1348284905433962,1,11,1,162092,443518,12893,95063,4.108321908925858,0.17650641222026028
4139,0.1348332034746317,1,4,1,162096,443514,12894,95062,4.108284856793508,0.1765061941118802
4140,0.1348354058482125,0,3,0,162099,443511,12894,95062,4.108257067694246,0.1765071773000132
4141,0.1348366146926286,0,3,0,162102,443508,12894,95062,4.108229278594983,0.17650816049909945
4142,0.1348367860538694,3,22,3,162124,443486,12897,95059,4.108025491867057,0.17651078368567158
4143,0.1348393094214356,20,102,20,162226,443384,12917,95039,4.107080662492127,0.17651363333289996
4144,0.1348428493619423,1,2,1,162228,443382,12918,95038,4.107062136425951,0.17651275955573717
4145,0.1348451826081192,1,4,1,162232,443378,12919,95037,4.107025084293601,0.1765125414410817
4146,0.1348478912288106,1,3,1,162235,443375,12920,95036,4.106997295194338,0.1765119954830046
4147,0.1348484511011351,5,11,5,162246,443364,12925,95031,4.106895401830375,0.17650795419719723
4148,0.1348529300275301,0,3,0,162249,443361,12925,95031,4.106867612731112,0.176508937725672
4149,0.1348562087491055,2,11,2,162260,443350,12927,95029,4.106765719367149,0.17650948495390795
4150,0.1348714838850514,25,125,25,162385,443225,12952,95004,4.1056078402312055,0.17651222806649214
4151,0.134872284775888,2,7,2,162392,443218,12954,95002,4.105542998999592,0.176511463713723
4152,0.1348735172282313,0,2,0,162394,443216,12954,95002,4.105524472933418,0.17651211962439012
4153,0.1348795964179854,0,2,0,162396,443214,12954,95002,4.105505946867242,0.17651277553993192
4154,0.1348831523171185,1,2,1,162398,443212,12955,95001,4.105487420801067,0.17651190142192774
4155,0.1348838119696327,0,2,0,162400,443210,12955,95001,4.105468894734892,0.1765125573427522
4156,0.1348929243622105,0,21,0,162421,443189,12955,95001,4.105274371040053,0.17651944480573775
4157,0.1348981438069235,1,5,1,162426,443184,12956,95000,4.1052280558746155,0.17651955465045413
4158,0.1348996690041729,1,55,1,162481,443129,12957,94999,4.1047185890548,0.17653606576873904
4159,0.1349000996597744,4,38,4,162519,443091,12961,94995,4.104366593797473,0.17654241143609015
4160,0.1349001129933309,0,1,0,162520,443090,12961,94995,4.104357330764386,0.1765427395299999
4161,0.134903062724332,0,1,0,162521,443089,12961,94995,4.104348067731298,0.17654306762512917
4162,0.1349046153777827,0,3,0,162524,443086,12961,94995,4.104320278632035,0.17654405191783393
4163,0.1349059225972746,1,4,1,162528,443082,12962,94994,4.104283226499685,0.17654383395654147
4164,0.1349061851010348,21,67,21,162595,443015,12983,94973,4.103662603282819,0.17653367733109288
4165,0.1349089116891652,1,28,1,162623,442987,12984,94972,4.103403238356368,0.17654133493444668
4166,0.1349146177048888,0,2,0,162625,442985,12984,94972,4.103384712290192,0.17654199127439554
4167,0.1349232087884326,0,5,0,162630,442980,12984,94972,4.103338397124754,0.17654363214561894
4168,0.1349244742953066,0,2,0,162632,442978,12984,94972,4.103319871058579,0.17654428850264894
4169,0.1349269859908402,0,2,0,162634,442976,12984,94972,4.1033013449924045,0.1765449448645594
4170,0.1349377276518711,1,5,1,162639,442971,12985,94971,4.1032550298269665,0.17654505504310875
4171,0.1349409392688775,0,14,0,162653,442957,12985,94971,4.103125347363741,0.1765496497672551
4172,0.1349438904728731,5,15,5,162668,442942,12990,94966,4.102986401867428,0.17654691880395904
4173,0.1349494248561987,0,4,0,162672,442938,12990,94966,4.102949349735077,0.17654823165471906
4174,0.1349516125695324,1,1,1,162673,442937,12991,94965,4.10294008670199,0.1765470290127198
4175,0.1349537712372096,0,7,0,162680,442930,12991,94965,4.1028752454703765,0.17654932654142538
4176,0.1349556091614713,0,1,0,162681,442929,12991,94965,4.102865982437289,0.17654965476469342
4177,0.1349566792582726,1,5,1,162686,442924,12992,94964,4.102819667271851,0.17654976500684158
4178,0.1349577685162862,2,5,2,162691,442919,12994,94962,4.102773352106413,0.17654834433638666
4179,0.1349607536861238,0,3,0,162694,442916,12994,94962,4.102745563007151,0.1765493290300031
4180,0.134973712630886,1,1,1,162695,442915,12995,94961,4.1027362999740635,0.1765481263339506
4181,0.1349740778462598,0,1,0,162696,442914,12995,94961,4.102727036940976,0.17654845456658144
4182,0.1349769459348974,2,4,2,162700,442910,12997,94959,4.102689984808626,0.17654670561047392
4183,0.1349785916888565,0,5,0,162705,442905,12997,94959,4.102643669643188,0.1765483467939851
4184,0.1349835597344051,6,21,6,162726,442884,13003,94953,4.102449145948349,0.1765460539159634
4185,0.1349878956921913,1,1,1,162727,442883,13004,94952,4.102439882915262,0.1765448511160486
4186,0.1349897239495513,0,1,0,162728,442882,13004,94952,4.102430619882174,0.17654517936761158
4187,0.1349916603391164,0,5,0,162733,442877,13004,94952,4.102384304716736,0.1765468206437362
4188,0.1349927620892044,2,20,2,162753,442857,13006,94950,4.102199044054985,0.1765503238150489
4189,0.1349955781806459,6,10,6,162763,442847,13012,94944,4.10210641372411,0.17654441967232623
4190,0.1349958031393053,0,1,0,162764,442846,13012,94944,4.102097150691022,0.1765447479499433
4191,0.1349999653872352,0,1,0,162765,442845,13012,94944,4.102087887657935,0.17654507622878118
4192,0.135000491831793,0,6,0,162771,442839,13012,94944,4.1020323094594096,0.17654704592744658
4193,0.1350028010821585,0,4,0,162775,442835,13012,94944,4.101995257327059,0.17654835908430785
4194,0.1350055569757844,0,2,0,162777,442833,13012,94944,4.101976731260884,0.17654901567006398
4195,0.1350058277360503,0,1,0,162778,442832,13012,94944,4.101967468227796,0.17654934396477343
4196,0.13501065575978,4,8,4,162786,442824,13016,94940,4.101893363963096,0.17654584538942733
4197,0.1350107921931971,1,0,1,162786,442824,13017,94939,4.101893363963096,0.17654431413094615
4198,0.1350108967070257,3,14,3,162800,442810,13020,94936,4.10176368149987,0.1765443164616752
4199,0.1350113735910925,5,20,5,162820,442790,13025,94931,4.101578420838119,0.17654322594802882
4200,0.1350116471508808,0,3,0,162823,442787,13025,94931,4.101550631738856,0.17654421090608832
4201,0.135012106088619,1,17,1,162840,442770,13026,94930,4.101393160176368,0.1765482611121443
4202,0.1350179475395841,0,2,0,162842,442768,13026,94930,4.101374634110193,0.17654891779400333
4203,0.1350220305703977,1,12,1,162854,442756,13027,94929,4.101263477713142,0.17655132652017444
4204,0.1350246776388256,0,4,0,162858,442752,13027,94929,4.101226425580792,0.1765526399482221
4205,0.1350292156622157,1,12,1,162870,442740,13028,94928,4.101115269183741,0.17655504884054846
4206,0.1350296463178172,0,12,0,162882,442728,13028,94928,4.101004112786691,0.17655898939098605
4207,0.135031232925197,0,11,0,162893,442717,13028,94928,4.100902219422728,0.17656260171674618
4208,0.1350340490166384,2,8,2,162901,442709,13030,94926,4.100828115158027,0.17656216578161765
4209,0.1350366734074038,3,30,3,162931,442679,13033,94923,4.100550224165401,0.17656742348428764
4210,0.1350397314939321,0,4,0,162935,442675,13033,94923,4.10051317203305,0.17656873723488556
4211,0.1350472710996011,0,3,0,162938,442672,13033,94923,4.100485382933788,0.1765697225606637
4212,0.1350483511773277,2,5,2,162943,442667,13035,94921,4.10043906776835,0.17656830137577476
4213,0.1350503308581019,0,1,0,162944,442666,13035,94921,4.1004298047352625,0.17656862982177768
4214,0.1350517226399467,1,9,1,162953,442657,13036,94920,4.100346437437475,0.17657005415038218
4215,0.1350525470322614,0,10,0,162963,442647,13036,94920,4.100253807106599,0.1765733387652144
4216,0.1350527554464754,0,3,0,162966,442644,13036,94920,4.100226018007336,0.17657432417349375
4217,0.1350564183755767,1,4,1,162970,442640,13037,94919,4.100188965874986,0.1765741062841474
4218,0.1350666336945228,1,4,1,162974,442636,13038,94918,4.100151913742636,0.17657388839074772
4219,0.1350677085305363,0,1,0,162975,442635,13038,94918,4.100142650709548,0.17657421686791813
4220,0.1350695417155858,0,6,0,162981,442629,13038,94918,4.100087072511023,0.17657618775660547
4221,0.1350739966017897,0,2,0,162983,442627,13038,94918,4.100068546444848,0.17657684472927848
4222,0.1350777620257586,0,2,0,162985,442625,13038,94918,4.1000500203786725,0.1765775017068402
4223,0.1350792029150058,0,5,0,162990,442620,13038,94918,4.100003705213235,0.17657914417213294
4224,0.1350817389098056,2,4,2,162994,442616,13040,94916,4.099966653080885,0.17657739446209714
4225,0.1350913472164037,0,7,0,163001,442609,13040,94916,4.099901811849272,0.17657969396772244
4226,0.1350939495375043,1,34,1,163035,442575,13041,94915,4.099586868724295,0.17658933189454687
4227,0.1351006266146638,0,5,0,163040,442570,13041,94915,4.099540553558858,0.1765909746318502
4228,0.1351010266860683,7,31,7,163071,442539,13048,94908,4.0992533995331435,0.17659043589414397
4229,0.1351060433254861,1,0,1,163071,442539,13049,94907,4.0992533995331435,0.17658890381545309
4230,0.1351098185763056,0,1,0,163072,442538,13049,94907,4.099244136500055,0.1765892323865698
4231,0.135110333139182,0,7,0,163079,442531,13049,94907,4.099179295268443,0.17659153241862316
4232,0.1351152466774909,1,3,1,163082,442528,13050,94906,4.09915150616918,0.1765909860559622
4233,0.1351156635394717,4,7,4,163089,442521,13054,94902,4.099086664937567,0.1765871576021123
4234,0.1351270470803577,2,5,2,163094,442516,13056,94900,4.099040349772129,0.1765857361894696
4235,0.1351274653643986,0,3,0,163097,442513,13056,94900,4.0990125606728665,0.1765867219438309
4236,0.1351346212762841,0,3,0,163100,442510,13056,94900,4.098984771573604,0.17658770770919782
4237,0.1351378345107282,1,3,1,163103,442507,13057,94899,4.098956982474341,0.17658716128960228
4238,0.1351433027825745,0,3,0,163106,442504,13057,94899,4.098929193375079,0.176588147070262
4239,0.1351537175134835,1,5,1,163111,442499,13058,94898,4.098882878209641,0.17658825784289828
4240,0.1351582752808457,1,2,1,163113,442497,13059,94897,4.098864352143466,0.17658738281409916
4241,0.1351585839104966,1,16,1,163129,442481,13060,94896,4.098716143614065,0.17659110829082747
4242,0.1351617482963411,0,4,0,163133,442477,13060,94896,4.098679091481714,0.17659242276779816
4243,0.1351623239533901,0,6,0,163139,442471,13060,94896,4.098623513283189,0.17659439451994632
4244,0.1351662200654466,0,2,0,163141,442469,13060,94896,4.098604987217015,0.17659505178044718
4245,0.1351716559341715,4,12,4,163153,442457,13064,94892,4.098493830819963,0.17659286608889194
4246,0.1351750087802012,0,2,0,163155,442455,13064,94892,4.098475304753789,0.17659352336572084
4247,0.1351763053467209,1,2,1,163157,442453,13065,94891,4.098456778687614,0.17659264828489757
4248,0.1351770425903032,1,0,1,163157,442453,13066,94890,4.098456778687614,0.17659111591664914
4249,0.1351811717437339,16,121,16,163278,442332,13082,94874,4.09733595168402,0.17660636701749421
4250,0.1351837693608763,2,5,2,163283,442327,13084,94872,4.097289636518582,0.17660494528098525
4251,0.1351856292077679,4,6,4,163289,442321,13088,94868,4.097234058320057,0.17660078668773932
4252,0.1351867745528641,5,26,5,163315,442295,13093,94863,4.09699321945978,0.17660167027206147
4253,0.1351911897853548,1,9,1,163324,442286,13094,94862,4.096909852161992,0.1766030963533328
4254,0.1351946013671188,1,5,1,163329,442281,13095,94861,4.096863536996554,0.17660320734554363
4255,0.1351970547464892,3,13,3,163342,442268,13098,94858,4.096743117566416,0.17660288275004374
4256,0.1352168333359837,1,8,1,163350,442260,13099,94857,4.096669013301716,0.1766039801384056
4257,0.1352196425797266,9,76,9,163426,442184,13108,94848,4.095965022787062,0.1766151737699057
4258,0.1352222401968689,1,2,1,163428,442182,13109,94847,4.095946496720886,0.17661429829674002
4259,0.1352265398605019,0,2,0,163430,442180,13109,94847,4.095927970654711,0.17661495604504057
4260,0.1352279798905296,0,1,0,163431,442179,13109,94847,4.095918707621624,0.17661528492102804
4261,0.1352333431898152,1,4,1,163435,442175,13110,94846,4.095881655489273,0.1766150671947652
4262,0.1352341127683537,1,18,1,163453,442157,13111,94845,4.095714920893697,0.17661945393127026
4263,0.1352347760403177,1,5,1,163458,442152,13112,94844,4.095668605728259,0.1766195651364256
4264,0.1352360235474819,2,18,2,163476,442134,13114,94842,4.095501871132684,0.17662241887905605
4265,0.1352382341423784,1,10,1,163486,442124,13115,94841,4.095409240801808,0.17662417475999367
4266,0.1352402640067808,8,53,8,163539,442071,13123,94833,4.0949183000481675,0.1766293415582674
4267,0.1352508279976041,1,0,1,163539,442071,13124,94832,4.0949183000481675,0.17662780800256284
4268,0.1352522947962167,15,70,15,163609,442001,13139,94817,4.094269887732039,0.17662783289681047
4269,0.1352602724244106,0,2,0,163611,441999,13139,94817,4.094251361665864,0.17662849095406993
4270,0.1352696479075373,0,1,0,163612,441998,13139,94817,4.094242098632776,0.17662881998453844
4271,0.1352744820021656,0,4,0,163616,441994,13139,94817,4.094205046500426,0.17663013611867118
4272,0.1352746773997857,1,2,1,163618,441992,13140,94816,4.094186520434251,0.17662926036869794
4273,0.1352746809407691,0,1,0,163619,441991,13140,94816,4.094177257401164,0.17662958940550327
4274,0.135276704978371,0,3,0,163622,441988,13140,94816,4.094149468301901,0.1766305765232748
4275,0.1352784136919399,1,11,1,163633,441977,13141,94815,4.094047574937938,0.17663266218572557
4276,0.1352815713753841,1,29,1,163662,441948,13142,94814,4.093778946978398,0.1766406712844799
4277,0.1352843874668255,34,163,34,163825,441785,13176,94780,4.092269072585127,0.1766421589183044
4278,0.1352846660886493,0,1,0,163826,441784,13176,94780,4.09225980955204,0.17664248812816366
4279,0.1352878626554914,4,12,4,163838,441772,13180,94776,4.092148653154989,0.1766403005882046
4280,0.1352878712375144,0,4,0,163842,441768,13180,94776,4.092111601022639,0.1766416174628735
4281,0.1352928858105267,0,1,0,163843,441767,13180,94776,4.092102337989552,0.1766419466846087
4282,0.1352965832524498,0,2,0,163845,441765,13180,94776,4.092083811923376,0.17664260513176067
4283,0.1353003768261464,3,12,3,163857,441753,13183,94773,4.091972655526326,0.17664195211415662
4284,0.1353054426158467,2,23,2,163880,441730,13185,94771,4.091759605765311,0.17664645545861052
4285,0.1353069891290366,3,32,3,163912,441698,13188,94768,4.09146318870651,0.17665238803577488
4286,0.1353070060975275,0,1,0,163913,441697,13188,94768,4.091453925673423,0.1766527173254546
4287,0.1353090972402002,7,46,7,163959,441651,13195,94761,4.091027826151395,0.17665712176461376
4288,0.1353093821567525,0,1,0,163960,441650,13195,94761,4.091018563118308,0.1766574510962676
4289,0.1353134481675827,3,7,3,163967,441643,13198,94758,4.090953721886694,0.17665515164960544
4290,0.1353163212109069,0,2,0,163969,441641,13198,94758,4.09093519582052,0.17665581032030261
4291,0.1353181200031297,0,3,0,163972,441638,13198,94758,4.090907406721257,0.17665679833555806
4292,0.1353183524782291,2,3,2,163975,441635,13200,94756,4.090879617621994,0.1766547164288737
4293,0.1353200422113767,1,8,1,163983,441627,13201,94755,4.090805513357294,0.17665581619069992
4294,0.1353228583028181,26,87,26,164070,441540,13227,94729,4.089999629478677,0.17664455711592503
4295,0.1353287336432899,17,117,17,164187,441423,13244,94712,4.088915854607433,0.1766569987036847
4296,0.1353416575943302,0,2,0,164189,441421,13244,94712,4.0888973285412575,0.1766576577080687
4297,0.1353437821561329,0,11,0,164200,441410,13244,94712,4.088795435177294,0.17666128232006895
4298,0.135348323339007,0,10,0,164210,441400,13244,94712,4.088702804846419,0.1766645775509595
4299,0.1353525081713066,0,1,0,164211,441399,13244,94712,4.088693541813331,0.17666490708080976
4300,0.135360523600129,2,5,2,164216,441394,13246,94710,4.088647226647893,0.1766634832047513
4301,0.1353651572535299,17,97,17,164313,441297,13263,94693,4.087748712438401,0.1766693408459113
4302,0.1353655702055247,0,5,0,164318,441292,13263,94693,4.087702397272963,0.17667098892692892
4303,0.1353660633369872,0,2,0,164320,441290,13263,94693,4.087683871206788,0.17667164816794562
4304,0.1353697958945112,1,4,1,164324,441286,13264,94692,4.087646819074438,0.17667143054379097
4305,0.1353717308859312,1,21,1,164345,441265,13265,94691,4.087452295379599,0.1766768167536141
4306,0.1353721434279256,0,2,0,164347,441263,13265,94691,4.087433769313424,0.17667747605204925
4307,0.1353748184529499,0,6,0,164353,441257,13265,94691,4.087378191114898,0.17667945397687834
4308,0.135377863251806,1,6,1,164359,441251,13266,94690,4.087322612916373,0.1766798957347917
4309,0.1353802302888067,2,18,2,164377,441233,13268,94688,4.0871558783207975,0.1766827573466985
4310,0.1353861246929422,3,8,3,164385,441225,13271,94685,4.087081774056097,0.1766807859528652
4311,0.1353875398570989,0,1,0,164386,441224,13271,94685,4.08707251102301,0.17668111563716973
4312,0.1353916976648567,0,1,0,164387,441223,13271,94685,4.087063247989922,0.17668144532270463
4313,0.1353981039552635,1,22,1,164409,441201,13272,94684,4.086859461261995,0.17668716235759538
4314,0.1353986363398337,0,4,0,164413,441197,13272,94684,4.0868224091296455,0.1766884812113137
4315,0.1354040559636705,0,8,0,164421,441189,13272,94684,4.086748304864945,0.1766911189778175
4316,0.1354127899737698,0,2,0,164423,441187,13272,94684,4.0867297787987695,0.17669177843174944
4317,0.1354140283973168,3,19,3,164442,441168,13275,94681,4.086553781170107,0.17669343415775712
4318,0.1354153035335516,0,1,0,164443,441167,13275,94681,4.086544518137019,0.17669376390319644
4319,0.1354163340877986,0,7,0,164450,441160,13275,94681,4.086479676905406,0.17669607215573277
4320,0.1354266807924703,2,15,2,164465,441145,13277,94679,4.086340731409092,0.17669794559407567
4321,0.1354286544104415,0,1,0,164466,441144,13277,94679,4.086331468376005,0.1766982753633196
4322,0.1354330566158076,2,0,2,164466,441144,13279,94677,4.086331468376005,0.1766952023156987
4323,0.1354349494409143,0,1,0,164467,441143,13279,94677,4.086322205342918,0.17669553208166922
4324,0.1354349892738895,2,3,2,164470,441140,13281,94675,4.086294416243655,0.17669344829838657
4325,0.1354353622987607,0,2,0,164472,441138,13281,94675,4.08627589017748,0.17669410783239675
4326,0.1354357548430737,1,12,1,164484,441126,13282,94674,4.086164733780429,0.17669652855543114
4327,0.135440473633252,1,7,1,164491,441119,13283,94673,4.086099892548816,0.17669730044494877
4328,0.1354425186375661,0,8,0,164499,441111,13283,94673,4.086025788284116,0.17669993878129991
4329,0.1354425267996632,0,3,0,164502,441108,13283,94673,4.085997999184853,0.17670092817774427
4330,0.1354473931966762,4,33,4,164535,441075,13287,94669,4.0856923190929635,0.17670566539242624
4331,0.1354532352405403,0,1,0,164536,441074,13287,94669,4.085683056059876,0.1767059952253226
4332,0.1354545200516435,0,1,0,164537,441073,13287,94669,4.085673793026789,0.17670632505945025
4333,0.135455543761307,4,24,4,164561,441049,13291,94665,4.085451480232687,0.17670809424431694
4334,0.1354571885107912,0,5,0,164566,441044,13291,94665,4.085405165067249,0.17670974353613622
4335,0.1354611857963203,1,13,1,164579,441031,13292,94664,4.085284745637112,0.17671249498315272
4336,0.1354659332791768,0,1,0,164580,441030,13292,94664,4.085275482604024,0.176712824858968
4337,0.1354717838220108,2,24,2,164604,441006,13294,94662,4.085053169809923,0.17671766840655032
4338,0.1354719916434472,0,2,0,164606,441004,13294,94662,4.0850346437437475,0.17671832821198283
4339,0.1354731384023936,0,3,0,164609,441001,13294,94662,4.085006854644485,0.17671931792936976
4340,0.1354733860574422,2,3,2,164612,440998,13296,94660,4.084979065545222,0.17671723375736012
4341,0.135482183430649,0,4,0,164616,440994,13296,94660,4.0849420134128716,0.176718553394542
4342,0.1354849539456713,9,26,9,164642,440968,13305,94651,4.084701174552595,0.1767132980719504
4343,0.1354858640326689,1,15,1,164657,440953,13306,94650,4.084562229056282,0.17671670995121386
4344,0.1354964370101266,4,56,4,164713,440897,13310,94646,4.084043499203379,0.1767290394982289
4345,0.1355043701163975,0,2,0,164715,440895,13310,94646,4.084024973137204,0.17672969950013165
4346,0.1355047927559249,2,17,2,164732,440878,13312,94644,4.083867501574716,0.17673223509024838
4347,0.1355077230681391,1,4,1,164736,440874,13313,94643,4.083830449442366,0.17673201784443818
4348,0.1355085953801357,0,3,0,164739,440871,13313,94643,4.083802660343102,0.17673300791389207
4349,0.1355088719222311,3,1,3,164740,440870,13316,94640,4.083793397310015,0.17672872588747177
4350,0.1355129000441841,0,10,0,164750,440860,13316,94640,4.08370076697914,0.17673202614379085
4351,0.1355130923261114,0,3,0,164753,440857,13316,94640,4.083672977879877,0.17673301624472218
4352,0.135515671350985,0,1,0,164754,440856,13316,94640,4.083663714846789,0.17673334628083123
4353,0.1355210184872832,0,46,0,164800,440810,13316,94640,4.083237615324762,0.17674852927444207
4354,0.1355260615825725,0,1,0,164801,440809,13316,94640,4.083228352291674,0.1767488593684926
4355,0.1355281659908648,0,2,0,164803,440807,13316,94640,4.0832098262255,0.1767495195602926
4356,0.1355297283062977,0,7,0,164810,440800,13316,94640,4.083144984993886,0.1767518302704318
4357,0.1355354234626583,2,17,2,164827,440783,13318,94638,4.082987513431398,0.17675436712418827
4358,0.1355378434791952,0,1,0,164828,440782,13318,94638,4.082978250398311,0.17675469724702103
4359,0.1355428875137902,4,20,4,164848,440762,13322,94634,4.082792989736559,0.17675514945946552
4360,0.1355436850730982,1,22,1,164870,440740,13323,94633,4.0825892030086335,0.17676087512818167
4361,0.1355478118982275,0,2,0,164872,440738,13323,94633,4.082570676942458,0.17676153545858853
4362,0.1355486173003869,2,14,2,164886,440724,13325,94631,4.082440994479232,0.1767630824406235
4363,0.1355691460345893,0,9,0,164895,440715,13325,94631,4.082357627181445,0.17676605410332757
4364,0.1355693466972844,5,61,5,164956,440654,13330,94626,4.081792582163104,0.17677850844417875
4365,0.1355740292298839,14,116,14,165072,440538,13344,94612,4.080718070324947,0.17679529103989536
4366,0.1355767256048354,1,14,1,165086,440524,13345,94611,4.080588387861721,0.17679837797938838
4367,0.1355774320156948,0,4,0,165090,440520,13345,94611,4.080551335729371,0.17679969951282956
4368,0.1355775341096927,0,7,0,165097,440513,13345,94611,4.080486494497758,0.17680201224389114
4369,0.1355816950967064,1,2,1,165099,440511,13346,94610,4.080467968431583,0.17680113469663872
4370,0.135581756572636,0,3,0,165102,440508,13346,94610,4.080440179332321,0.17680212588625313
4371,0.1355821559090908,2,10,2,165112,440498,13348,94608,4.080347549001445,0.17680235317862256
4372,0.1355847170299906,0,4,0,165116,440494,13348,94608,4.080310496869095,0.17680367481340006
4373,0.1355850904193498,0,7,0,165123,440487,13348,94608,4.080245655637482,0.17680598772180642
4374,0.1356003647720539,0,1,0,165124,440486,13348,94608,4.0802363926043945,0.17680631814223297
4375,0.1356013304800536,1,3,1,165127,440483,13349,94607,4.080208603505132,0.17680577099179579
4376,0.1356044801868119,0,1,0,165128,440482,13349,94607,4.080199340472044,0.1768061014149048
4377,0.1356090694018796,0,30,0,165158,440452,13349,94607,4.079921449479418,0.17681601468249297
4378,0.1356104119944153,7,13,7,165171,440439,13356,94600,4.079801030049279,0.1768095409867318
4379,0.135619418245974,1,4,1,165175,440435,13357,94599,4.0797639779169295,0.17680932426724283
4380,0.135620165932699,0,2,0,165177,440433,13357,94599,4.079745451850754,0.17680998519714708
4381,0.1356214578374489,1,8,1,165185,440425,13358,94598,4.0796713475860535,0.17681109036433948
4382,0.1356343394139677,0,1,0,165186,440424,13358,94598,4.079662084552966,0.17681142083876925
4383,0.1356479480318231,0,5,0,165191,440419,13358,94598,4.079615769387528,0.17681307322944878
4384,0.1356481237092507,0,2,0,165193,440417,13358,94598,4.079597243321353,0.17681373419436838
4385,0.1356482859199715,0,2,0,165195,440415,13358,94598,4.079578717255178,0.17681439516422964
4386,0.1356488251412652,1,0,1,165195,440415,13359,94597,4.079578717255178,0.17681285653405904
4387,0.135651334560074,1,37,1,165232,440378,13360,94596,4.079235985030938,0.17682354656487978
4388,0.1356527512035992,0,11,0,165243,440367,13360,94596,4.079134091666975,0.17682718244065476
4389,0.1356548939013851,3,13,3,165256,440354,13363,94593,4.0790136722368375,0.17682686322196403
4390,0.1356554025118573,0,3,0,165259,440351,13363,94593,4.078985883137575,0.17682785487826763
4391,0.1356724145097192,0,1,0,165260,440350,13363,94593,4.078976620104487,0.1768281854328405
4392,0.135673344349332,0,1,0,165261,440349,13363,94593,4.0789673570714,0.17682851598864924
4393,0.1356767037423239,1,8,1,165269,440341,13364,94592,4.078893252806699,0.17682962165355287
4394,0.1356851635721424,0,4,0,165273,440337,13364,94592,4.078856200674349,0.17683094391966037
4395,0.1356865478759996,2,96,2,165369,440241,13366,94590,4.077966949497943,0.1768596061185683
4396,0.1356881554845964,1,4,1,165373,440237,13367,94589,4.0779298973655935,0.17685938978284527
4397,0.1356892871613622,0,5,0,165378,440232,13367,94589,4.077883582200156,0.17686104322754717
4398,0.1356906958560199,1,2,1,165380,440230,13368,94588,4.07786505613398,0.1768601655142497
4399,0.1356936320714597,3,58,3,165438,440172,13371,94585,4.077327800214903,0.17687473001755938
4400,0.1356946190299492,0,1,0,165439,440171,13371,94585,4.077318537181815,0.17687506077538168
4401,0.1356990005753616,0,11,0,165450,440160,13371,94585,4.077216643817851,0.17687869919307334
4402,0.1357021497085281,0,5,0,165455,440155,13371,94585,4.077170328652414,0.17688035306878108
4403,0.1357048494899559,0,1,0,165456,440154,13371,94585,4.077161065619326,0.17688068384763408
4404,0.1357114049583073,2,6,2,165462,440148,13373,94583,4.077105487420801,0.1768795899246537
4405,0.1357136229088335,2,32,2,165494,440116,13375,94581,4.076809070362,0.17688709680435835
4406,0.1357166815823377,1,4,1,165498,440112,13376,94580,4.076772018229649,0.1768868806714894
4407,0.1357219318591928,0,32,0,165530,440080,13376,94580,4.076475601170848,0.1768974675494707
4408,0.135722122311709,4,51,4,165581,440029,13380,94576,4.076003186483383,0.17690818454746962
4409,0.1357232318357707,0,3,0,165584,440026,13380,94576,4.075975397384119,0.1769091772945107
4410,0.1357277519744638,0,4,0,165588,440022,13380,94576,4.075938345251769,0.17691050097456407
4411,0.1357305649788583,0,4,0,165592,440018,13380,94576,4.075901293119419,0.17691182467442582
4412,0.1357397157170466,0,6,0,165598,440012,13380,94576,4.075845714920893,0.17691381026136016
4413,0.1357405530304538,0,3,0,165601,440009,13380,94576,4.075817925821631,0.17691480307154148
4414,0.1357537004428903,1,3,1,165604,440006,13381,94575,4.075790136722368,0.17691425621187434
4415,0.1357584040797011,4,63,4,165667,439943,13385,94571,4.075206565637853,0.1769289485401692
4416,0.1357587642338185,0,2,0,165669,439941,13385,94571,4.075188039571677,0.17692961056066095
4417,0.1357608104891363,3,3,3,165672,439938,13388,94568,4.075160250472415,0.17692598399269607
4418,0.1357682649691705,0,3,0,165675,439935,13388,94568,4.075132461373152,0.1769269770235153
4419,0.1357761194912153,2,19,2,165694,439916,13390,94566,4.074956463744488,0.17693018661058746
4420,0.135777990611282,1,0,1,165694,439916,13391,94565,4.074956463744488,0.17692864666845032
4421,0.135782297861642,0,2,0,165696,439914,13391,94565,4.074937937678313,0.1769293087286872
4422,0.1357844405594279,1,4,1,165700,439910,13392,94564,4.074900885545963,0.17692909290255465
4423,0.1358025748534586,0,1,0,165701,439909,13392,94564,4.074891622512876,0.17692942393722413
4424,0.1358028523490595,1,10,1,165711,439899,13393,94563,4.074798992182,0.1769311943599358
4425,0.1358042109180797,2,5,2,165716,439894,13395,94561,4.074752677016562,0.17692976957835552
4426,0.1358049595603703,0,1,0,165717,439893,13395,94561,4.074743413983475,0.1769301006260595
4427,0.1358051985760862,1,3,1,165720,439890,13396,94560,4.074715624884212,0.17692955374684255
4428,0.1358052002323406,0,3,0,165723,439887,13396,94560,4.07468783578495,0.17693054690175078
4429,0.1358110510533099,2,6,2,165729,439881,13398,94558,4.0746322575864244,0.1769294531274851
4430,0.1358201631251487,0,2,0,165731,439879,13398,94558,4.074613731520249,0.1769301152427695
4431,0.1358285057272241,10,81,10,165812,439798,13408,94548,4.073863425840157,0.17694153226561068
4432,0.1358288918567165,1,1,1,165813,439797,13409,94547,4.07385416280707,0.1769403230877487
4433,0.135833755543127,0,1,0,165814,439796,13409,94547,4.073844899773982,0.17694065422397223
4434,0.1358393843366311,1,0,1,165814,439796,13410,94546,4.073844899773982,0.17693911390083505
4435,0.1358398997920696,2,7,2,165821,439789,13412,94544,4.073780058542369,0.1769383511780107
4436,0.1358413495680349,0,1,0,165822,439788,13412,94544,4.073770795509281,0.17693868231736073
4437,0.1358434274361715,0,1,0,165823,439787,13412,94544,4.073761532476194,0.1769390134579502
4438,0.1358450235118479,0,1,0,165824,439786,13412,94544,4.073752269443107,0.17693934459977917
4439,0.135850063542147,0,8,0,165832,439778,13412,94544,4.073678165178406,0.1769419937790321
4440,0.1358553047917703,0,3,0,165835,439775,13412,94544,4.073650376079144,0.17694298724170393
4441,0.1358598137440711,0,2,0,165837,439773,13412,94544,4.073631850012968,0.1769436495563495
4442,0.1358598603498085,1,2,1,165839,439771,13413,94543,4.073613323946793,0.1769427714789431
4443,0.1358673197648615,0,1,0,165840,439770,13413,94543,4.073604060913706,0.1769431026383412
4444,0.1358709651952705,0,1,0,165841,439769,13413,94543,4.073594797880618,0.17694343379897887
4445,0.1358828931337247,8,24,8,165865,439745,13421,94535,4.073372485086517,0.17693905817174516
4446,0.1358834943478405,0,2,0,165867,439743,13421,94535,4.073353959020341,0.1769397205200289
4447,0.1358923262125352,4,23,4,165890,439720,13425,94531,4.073140909259328,0.1769411755897509
4448,0.1358941973326018,0,1,0,165891,439719,13425,94531,4.073131646226241,0.17694150678521292
4449,0.1358945615657919,0,1,0,165892,439718,13425,94531,4.0731223831931525,0.1769418379819148
4450,0.1358965397029981,0,1,0,165893,439717,13425,94531,4.073113120160065,0.17694216917985656
4451,0.1359112567600849,0,5,0,165898,439712,13425,94531,4.073066804994627,0.17694382518816343
4452,0.1359130302758525,1,28,1,165926,439684,13426,94530,4.072807440068176,0.17695155873863283
4453,0.1359170733753929,2,3,2,165929,439681,13428,94528,4.072779650968913,0.17694947108715878
4454,0.1359175943497081,4,12,4,165941,439669,13432,94524,4.072668494571863,0.17694728309805632
4455,0.1359215204120421,0,2,0,165943,439667,13432,94524,4.072649968505687,0.17694794558500612
4456,0.135925359420006,1,37,1,165980,439630,13433,94523,4.072307236281448,0.1769586616568661
4457,0.1359323990071023,0,3,0,165983,439627,13433,94523,4.0722794471821855,0.17695965552747356
4458,0.135933827535996,0,6,0,165989,439621,13433,94523,4.07222386898366,0.1769616433021807
4459,0.1359414348655,0,13,0,166002,439608,13433,94523,4.072103449553522,0.17696595030058168
4460,0.1359435635697671,16,70,16,166072,439538,13449,94507,4.071455037237393,0.1769644880113099
4461,0.1359443281183724,3,35,3,166107,439503,13452,94504,4.071130831079329,0.17697146292089805
4462,0.1359450010140483,0,1,0,166108,439502,13452,94504,4.071121568046241,0.17697179432440835
4463,0.1359547507883531,0,25,0,166133,439477,13452,94504,4.070889992219052,0.17698007981557395
4464,0.1359552997215465,0,3,0,166136,439474,13452,94504,4.070862203119789,0.1769810741266494
4465,0.1359586106937645,0,2,0,166138,439472,13452,94504,4.070843677053614,0.17698173700690667
4466,0.1359607151020568,1,1,1,166139,439471,13453,94503,4.070834414020527,0.17698052714177095
4467,0.1359664916648076,0,2,0,166141,439469,13453,94503,4.0708158879543515,0.17698119002494514
4468,0.1359900009375299,1,2,1,166143,439467,13454,94502,4.070797361888177,0.17698031159112232
4469,0.1359932265829764,12,57,12,166200,439410,13466,94490,4.070269369002186,0.1769807079977524
4470,0.1360004617799192,0,7,0,166207,439403,13466,94490,4.070204527770573,0.1769830284345365
4471,0.136006496170582,0,2,0,166209,439401,13466,94490,4.070186001704398,0.17698369142765097
4472,0.1360181622065486,0,1,0,166210,439400,13466,94490,4.070176738671311,0.1769840229260709
4473,0.1360366658745317,0,1,0,166211,439399,13466,94490,4.070167475638223,0.17698435442573268
4474,0.1360366674992393,0,1,0,166212,439398,13466,94490,4.070158212605135,0.1769846859266363
4475,0.1360517923736794,0,2,0,166214,439396,13466,94490,4.07013968653896,0.17698534893216905
4476,0.1360564260270803,13,82,13,166296,439314,13479,94477,4.069380117825781,0.17699249331667263
4477,0.1360668000486217,1,8,1,166304,439306,13480,94476,4.06930601356108,0.1769936041305252
4478,0.1360681790074014,0,8,0,166312,439298,13480,94476,4.06923190929638,0.17699625684278364
4479,0.1360686711686884,0,2,0,166314,439296,13480,94476,4.069213383230205,0.17699692003327264
4480,0.1360716215575024,0,6,0,166320,439290,13480,94476,4.069157805031679,0.17699890963455897
4481,0.1360747028492053,0,2,0,166322,439288,13480,94476,4.069139278965505,0.17699957284492773
4482,0.1360748524010279,0,2,0,166324,439286,13480,94476,4.069120752899329,0.17700023606026655
4483,0.1360769075737627,0,11,0,166335,439275,13480,94476,4.069018859535366,0.1770038838334729
4484,0.1360785743755259,0,1,0,166336,439274,13480,94476,4.069009596502279,0.17700421545667447
4485,0.1360817883042522,0,1,0,166337,439273,13480,94476,4.069000333469191,0.17700454708111865
4486,0.13609180814577,0,2,0,166339,439271,13480,94476,4.068981807403016,0.1770052103337349
4487,0.1360981142714016,1,5,1,166344,439266,13481,94475,4.068935492237578,0.17700532655351567
4488,0.1361001303995037,2,4,2,166348,439262,13483,94473,4.068898440105228,0.17700356918695606
4489,0.1361022835686846,4,22,4,166370,439240,13487,94469,4.068694653377302,0.1770046973163278
4490,0.1361054280928307,0,2,0,166372,439238,13487,94469,4.068676127311127,0.17700536061921615
4491,0.1361092851643393,0,3,0,166375,439235,13487,94469,4.068648338211864,0.1770063555828699
4492,0.1361114765684237,2,42,2,166417,439193,13489,94467,4.068259290822187,0.17701720196379717
4493,0.1361136919186736,0,1,0,166418,439192,13489,94467,4.068250027789099,0.17701753366850367
4494,0.1361219116085316,0,5,0,166423,439187,13489,94467,4.068203712623662,0.17701919221068332
4495,0.1361277265261161,0,1,0,166424,439186,13489,94467,4.068194449590574,0.17701952392284875
4496,0.1361310246638618,0,1,0,166425,439185,13489,94467,4.0681851865574865,0.17701985563625733
4497,0.1361390586772363,0,1,0,166426,439184,13489,94467,4.068175923524398,0.1770201873509091
4498,0.1361433408472605,1,1,1,166427,439183,13490,94466,4.068166660491311,0.17701897689305143
4499,0.1361438081707698,3,49,3,166476,439134,13493,94463,4.0677127718700214,0.1770306054944087
4500,0.1361446446109225,0,2,0,166478,439132,13493,94463,4.067694245803846,0.17703126903363037
4501,0.1361627128632322,12,96,12,166574,439036,13505,94451,4.066804994627441,0.17704461402058533
4502,0.1361646548309926,1,2,1,166576,439034,13506,94450,4.066786468561266,0.17704373514482158
4503,0.1361718259852335,0,2,0,166578,439032,13506,94450,4.06676794249509,0.17704439887381393
4504,0.1361731575450145,1,0,1,166578,439032,13507,94449,4.06676794249509,0.17704285625917324
4505,0.1361737763387251,2,50,2,166628,438982,13509,94447,4.066304790840713,0.17705636551443585
4506,0.1361747482118618,1,10,1,166638,438972,13510,94446,4.066212160509838,0.17705814201995435
4507,0.1361781052510003,0,4,0,166642,438968,13510,94446,4.066175108377487,0.17705946975519954
4508,0.1361790068500533,0,1,0,166643,438967,13510,94446,4.0661658453444,0.17705980169212224
4509,0.1361830067699416,1,14,1,166657,438953,13511,94445,4.066036162881174,0.17706290612263262
4510,0.136183864504317,1,0,1,166657,438953,13512,94444,4.066036162881174,0.17706136329975608
4511,0.1361843857287213,0,9,0,166666,438944,13512,94444,4.065952795583386,0.17706435090403233
4512,0.1361848778900083,0,3,0,166669,438941,13512,94444,4.0659250064841235,0.1770653467945293
4513,0.1362012205703892,0,3,0,166672,438938,13512,94444,4.065897217384861,0.17706634269622898
4514,0.1362046706030832,0,1,0,166673,438937,13512,94444,4.065887954351773,0.17706667466595172
4515,0.1362047224865694,2,5,2,166678,438932,13514,94442,4.065841639186335,0.17706524877478091
4516,0.1362143149069594,4,33,4,166711,438899,13518,94438,4.065535959094446,0.17707003264352558
4517,0.1362182905501439,0,4,0,166715,438895,13518,94438,4.0654989069620955,0.1770713606696004
4518,0.1362237823914682,0,2,0,166717,438893,13518,94438,4.06548038089592,0.17707202469010802
4519,0.136227008719223,2,5,2,166722,438888,13520,94436,4.065434065730483,0.17707059873547787
4520,0.1362406165519924,0,3,0,166725,438885,13520,94436,4.0654062766312205,0.1770715947806293
4521,0.1362420942283069,4,13,4,166738,438872,13524,94432,4.065285857201082,0.17706973883563595
4522,0.1362425775357751,0,1,0,166739,438871,13524,94432,4.065276594167995,0.17707007086028018
4523,0.1362525014334556,3,7,3,166746,438864,13527,94429,4.065211752936381,0.17706776574978483
4524,0.1362649435413792,0,2,0,166748,438862,13527,94429,4.065193226870206,0.1770684298066159
4525,0.1362705881033978,3,59,3,166807,438803,13530,94426,4.06464670791804,0.17708339193854797
4526,0.1362718962915797,0,2,0,166809,438801,13530,94426,4.064628181851866,0.17708405613369166
4527,0.1362731614567852,3,78,3,166887,438723,13533,94423,4.063905665271037,0.17710533324830346
4528,0.1362913409511013,4,34,4,166921,438689,13537,94419,4.06359072214606,0.1771104541668855
4529,0.1362919699286978,1,10,1,166931,438679,13538,94418,4.063498091815184,0.17711223285818528
4530,0.1363005339508404,0,4,0,166935,438675,13538,94418,4.063461039682834,0.17711356179878557
4531,0.1363280671082084,2,30,2,166965,438645,13540,94416,4.063183148690207,0.17712044212576047
4532,0.1363342674400835,1,5,1,166970,438640,13541,94415,4.063136833524769,0.17712055979214153
4533,0.1363366448487814,0,1,0,166971,438639,13541,94415,4.063127570491682,0.1771208920672202
4534,0.136341095112691,2,16,2,166987,438623,13543,94413,4.062979361962281,0.17712312114003556
4535,0.1363505575126952,0,2,0,166989,438621,13543,94413,4.062960835896106,0.177123785724738
4536,0.1363565553772658,1,0,1,166989,438621,13544,94412,4.062960835896106,0.17712224196250514
4537,0.1363588595648078,0,4,0,166993,438617,13544,94412,4.062923783763756,0.1771235711377805
4538,0.1363684415408977,0,4,0,166997,438613,13544,94412,4.062886731631405,0.17712490033300501
4539,0.1363684844885359,4,24,4,167021,438589,13548,94408,4.062664418837304,0.1771267005255189
4540,0.1363788696028169,0,2,0,167023,438587,13548,94408,4.062645892771129,0.17712736517228117
4541,0.1363811502626991,0,1,0,167024,438586,13548,94408,4.062636629738042,0.1771276974975328
4542,0.1363960360536107,1,1,1,167025,438585,13549,94407,4.0626273667049535,0.17712648595100863
4543,0.1363967178105844,0,2,0,167027,438583,13549,94407,4.062608840638779,0.1771271506032008
4544,0.1363982822989662,0,1,0,167028,438582,13549,94407,4.062599577605691,0.17712748293116742
4545,0.1364001347614406,0,10,0,167038,438572,13549,94407,4.062506947274816,0.1771308062794219
4546,0.1364027081148281,2,7,2,167045,438565,13551,94405,4.0624421060432025,0.17713004484304934
4547,0.1364033722893761,1,9,1,167054,438556,13552,94404,4.062358738745415,0.1771314920444311
4548,0.1364046921516358,0,5,0,167059,438551,13552,94404,4.062312423579977,0.17713315383099887
4549,0.136419620717733,1,7,1,167066,438544,13553,94403,4.062247582348364,0.17713393639517624
4550,0.1364206892488581,3,26,3,167092,438518,13556,94400,4.062006743488087,0.17713794617558423
4551,0.1364214652178086,0,3,0,167095,438515,13556,94400,4.061978954388825,0.17713894335869698
4552,0.1364307537837526,1,2,1,167097,438513,13557,94399,4.06196042832265,0.17713806407061577
4553,0.1364383335649963,0,2,0,167099,438511,13557,94399,4.061941902256475,0.1771387288660374
4554,0.1364409295655216,3,12,3,167111,438499,13560,94396,4.0618307458594245,0.17713808536390846
4555,0.1364415588158723,4,37,4,167148,438462,13564,94392,4.061488013635184,0.17714420835726108
4556,0.1364531264509658,2,18,2,167166,438444,13566,94390,4.061321279039609,0.17714710397609762
4557,0.1364661534010786,3,20,3,167186,438424,13569,94387,4.061136018377858,0.17714912041981115
4558,0.1364667644073962,0,4,0,167190,438420,13569,94387,4.061098966245507,0.17715045035068983
4559,0.1364674415231775,14,59,14,167249,438361,13583,94373,4.060552447293341,0.17714844556570447
4560,0.1364699382434759,0,29,0,167278,438332,13583,94373,4.060283819333803,0.1771580893740438
4561,0.1364703637498058,0,9,0,167287,438323,13583,94373,4.060200452036015,0.17716108249357984
4562,0.1364719282381876,0,4,0,167291,438319,13583,94373,4.060163399903664,0.17716241280139366
4563,0.1364750662861277,0,2,0,167293,438317,13583,94373,4.06014487383749,0.17716307796279263
4564,0.1364826712019102,0,2,0,167295,438315,13583,94373,4.060126347771314,0.1771637431291863
4565,0.1364878326368113,0,3,0,167298,438312,13583,94373,4.060098558672052,0.17716474088814216
4566,0.1364902837473881,2,27,2,167325,438285,13585,94371,4.059848456778687,0.17717063170226188
4567,0.1364913129774621,4,12,4,167337,438273,13589,94367,4.059737300381637,0.17716844397717033
4568,0.136495777927666,0,1,0,167338,438272,13589,94367,4.05972803734855,0.17716877660103747
4569,0.1365179687688835,0,1,0,167339,438271,13589,94367,4.059718774315462,0.1771691092261536
4570,0.1365193979294122,2,21,2,167360,438250,13591,94365,4.0595242506206235,0.17717300489096252
4571,0.136523930951155,1,3,1,167363,438247,13592,94364,4.059496461521361,0.17717245794773295
4572,0.1365301524951077,0,12,0,167375,438235,13592,94364,4.05938530512431,0.1771764498243519
4573,0.1365325812587737,3,22,3,167397,438213,13595,94361,4.059181518396383,0.17717913379173597
4574,0.1365381930737191,0,2,0,167399,438211,13595,94361,4.059162992330209,0.17717979916330562
4575,0.136539757562101,0,1,0,167400,438210,13595,94361,4.059153729297121,0.17718013185096448
4576,0.1365450475371948,0,1,0,167401,438209,13595,94361,4.0591444662640335,0.17718046453987268
4577,0.1365455168251355,1,3,1,167404,438206,13596,94360,4.059116677164771,0.1771799176064563
4578,0.1365502359069009,2,6,2,167410,438200,13598,94358,4.059061098966246,0.17717882371497565
4579,0.1365537577724723,0,1,0,167411,438199,13598,94358,4.0590518359331575,0.17717915640954865
4580,0.1365563291379989,0,1,0,167412,438198,13598,94358,4.05904257290007,0.17717948910537107
4581,0.1365574989233145,0,1,0,167413,438197,13598,94358,4.059033309866983,0.17717982180244293
4582,0.1365614785760327,0,2,0,167415,438195,13598,94358,4.059014783800808,0.177180487200335
4583,0.1365619280680021,2,2,2,167417,438193,13600,94356,4.058996257734632,0.17717806248814663
4584,0.1365715736028407,7,86,7,167503,438107,13607,94349,4.058199636889103,0.177195862193308
4585,0.1365868692333957,6,45,6,167548,438062,13613,94343,4.057782800400163,0.17720156647664842
4586,0.1365934044011318,0,1,0,167549,438061,13613,94343,4.057773537367075,0.17720189930954688
4587,0.1365943498723009,3,51,3,167600,438010,13616,94340,4.05730112267961,0.1772142387527003
4588,0.136596126278664,1,3,1,167603,438007,13617,94339,4.057273333580348,0.1772136918470318
4589,0.1365992318969452,0,1,0,167604,438006,13617,94339,4.05726407054726,0.17721402473959555
4590,0.1365994849015187,1,3,1,167607,438003,13618,94338,4.057236281447997,0.1772134778271822
4591,0.1366052653010078,2,13,2,167620,437990,13620,94336,4.057115862017859,0.17721471429161828
4592,0.1366138711142263,14,111,14,167731,437879,13634,94322,4.0560876653451405,0.17723003151065106
4593,0.1366169822721673,0,3,0,167734,437876,13634,94322,4.056059876245878,0.17723103055629671
4594,0.1366197261503211,0,1,0,167735,437875,13634,94322,4.056050613212791,0.1772313635740149
4595,0.1366200393889362,3,39,3,167774,437836,13637,94319,4.055689354922376,0.1772397139931035
4596,0.1366219571889933,0,4,0,167778,437832,13637,94319,4.055652302790025,0.17724104624439305
4597,0.1366227280803227,1,31,1,167809,437801,13638,94318,4.055365148764311,0.17724982569688358
4598,0.1366236826461525,0,5,0,167814,437796,13638,94318,4.055318833598873,0.17725149122180586
4599,0.1366276267333246,1,0,1,167814,437796,13639,94317,4.055318833598873,0.17724994503047284
4600,0.136630030540243,2,8,2,167822,437788,13641,94315,4.055244729334174,0.17724951748063814
4601,0.1366308274946474,1,1,1,167823,437787,13642,94314,4.0552354663010854,0.17724830436326938
4602,0.1366322603867255,2,18,2,167841,437769,13644,94312,4.05506873170551,0.17725120799276803
4603,0.1366338619516002,0,15,0,167856,437754,13644,94312,4.054929786209196,0.17725620505726733
4604,0.1366341754902034,1,1,1,167857,437753,13645,94311,4.054920523176109,0.177254991880676
4605,0.1366366473836865,10,47,10,167904,437706,13655,94301,4.0544851606209935,0.17725518649190705
4606,0.1366421838333825,0,3,0,167907,437703,13655,94301,4.054457371521731,0.17725618604371396
4607,0.1366444134398239,0,7,0,167914,437696,13655,94301,4.0543925302901185,0.17725851837510362
4608,0.1366475767921876,0,1,0,167915,437695,13655,94301,4.05438326725703,0.17725885157031257
4609,0.1366508396613358,0,1,0,167916,437694,13655,94301,4.054374004223943,0.17725918476677413
4610,0.1366555541396852,0,1,0,167917,437693,13655,94301,4.054364741190856,0.17725951796448833
4611,0.1366613771131513,5,46,5,167963,437647,13660,94296,4.053938641668828,0.1772671132057382
4612,0.1366668159095198,0,4,0,167967,437643,13660,94296,4.053901589536478,0.1772684461940185
4613,0.1366709552096044,1,6,1,167973,437637,13661,94295,4.053846011337953,0.17726889903220713
4614,0.1366724382941304,1,5,1,167978,437632,13662,94294,4.053799696172515,0.17726901862289116
4615,0.1366756397277535,1,29,1,168007,437603,13663,94293,4.053531068212975,0.17727713688390212
4616,0.1366803703598788,1,15,1,168022,437588,13664,94292,4.053392122716662,0.1772805896066782
4617,0.1366821808805575,1,4,1,168026,437584,13665,94291,4.053355070584312,0.17728037602820212
4618,0.1366938978369103,0,1,0,168027,437583,13665,94291,4.053345807551224,0.17728070934093412
4619,0.1366940864093248,0,8,0,168035,437575,13665,94291,4.053271703286524,0.17728337588791163
4620,0.1366998479491439,4,29,4,168064,437546,13669,94287,4.053003075326985,0.17728685508420877
4621,0.136704714346157,20,172,20,168236,437374,13689,94267,4.051409833635926,0.17731326214494367
4622,0.1367060871186362,0,1,0,168237,437373,13689,94267,4.051400570602838,0.1773135956662403
4623,0.1367084596219404,21,214,21,168451,437159,13710,94246,4.049418281522102,0.177352490097007
4624,0.136709426045597,1,6,1,168457,437153,13711,94245,4.049362703323577,0.17735294449734473
4625,0.1367142924426101,5,49,5,168506,437104,13716,94240,4.048908814702286,0.17736155861362884
4626,0.1367179372391392,1,25,1,168531,437079,13717,94239,4.048677238875097,0.17736835567400314
4627,0.136724186668643,0,3,0,168534,437076,13717,94239,4.0486494497758345,0.17736935716100619
4628,0.1367251950905048,3,5,3,168539,437071,13720,94236,4.048603134610397,0.17736638139531383
4629,0.1367365451034657,0,6,0,168545,437065,13720,94236,4.048547556411871,0.1773683843998035
4630,0.136737928076513,0,3,0,168548,437062,13720,94236,4.048519767312609,0.17736938591901344
4631,0.1367381639103133,5,9,5,168557,437053,13725,94231,4.048436400014821,0.1773646486624856
4632,0.1367402676180437,0,2,0,168559,437051,13725,94231,4.048417873948646,0.1773653163480035
4633,0.1367420101213406,0,1,0,168560,437050,13725,94231,4.048408610915558,0.17736565019264758
4634,0.1367431851821496,9,83,9,168643,436967,13734,94222,4.047639779169291,0.1773794261552856
4635,0.1367453938745708,1,1,1,168644,436966,13735,94221,4.047630516136204,0.17737821143966248
4636,0.1367469055486109,3,1,3,168645,436965,13738,94218,4.047621253103116,0.1773738993906055
4637,0.13674868396854,1,3,1,168648,436962,13739,94217,4.047593464003853,0.1773733524856969
4638,0.136749586046979,1,14,1,168662,436948,13740,94216,4.047463781540627,0.17737647882763138
4639,0.1367527632786027,2,29,2,168691,436919,13742,94214,4.047195153581089,0.17738306601171458
4640,0.1367578411994201,1,25,1,168716,436894,13743,94213,4.0469635777539,0.17738986682532898
4641,0.1367582129172647,0,2,0,168718,436892,13743,94213,4.046945051687724,0.17739053482832962
4642,0.136759226222424,0,1,0,168719,436891,13743,94213,4.046935788654637,0.17739086883171656
4643,0.1367675030704132,1,2,1,168721,436889,13744,94212,4.046917262588462,0.1773899879683902
4644,0.1367675437761317,0,1,0,168722,436888,13744,94212,4.0469079995553745,0.17739032197326304
4645,0.1367698874215309,23,180,23,168902,436708,13767,94189,4.045240653599615,0.17741482811166762
4646,0.1367721069137149,1,6,1,168908,436702,13768,94188,4.045185075401089,0.17741528376876567
4647,0.1367747138828587,1,0,1,168908,436702,13769,94187,4.045185075401089,0.17741373432111043
4648,0.1367792828861486,0,1,0,168909,436701,13769,94187,4.045175812368002,0.17741406850409125
4649,0.1367850126631372,0,1,0,168910,436700,13769,94187,4.0451665493349145,0.17741440268833103
4650,0.1367853007514436,2,9,2,168919,436691,13771,94185,4.045083182037126,0.17741431143995962
4651,0.136785858649426,0,2,0,168921,436689,13771,94185,4.045064655970951,0.17741497982572135
4652,0.1367868558234476,1,7,1,168928,436682,13772,94184,4.044999814739338,0.17741576970459588
4653,0.1367932637333891,3,41,3,168969,436641,13775,94181,4.044620030382749,0.1774248241406724
4654,0.1367938655250658,1,16,1,168985,436625,13776,94180,4.044471821853348,0.1774286225638417
4655,0.136794631304595,0,15,0,169000,436610,13776,94180,4.044332876357035,0.17743363665479756
4656,0.1367985820370233,1,2,1,169002,436608,13777,94179,4.044314350290859,0.17743275551209808
4657,0.1368039572435326,0,4,0,169006,436604,13777,94179,4.044277298158509,0.17743409265179932
4658,0.1368066180068925,1,2,1,169008,436602,13778,94178,4.044258772092334,0.17743321150005653
4659,0.1368086493262899,0,1,0,169009,436601,13778,94178,4.044249509059246,0.17743354578836013
4660,0.1368100282850696,0,3,0,169012,436598,13778,94178,4.0442217199599835,0.17743454866082867
4661,0.1368121849329165,20,226,20,169238,436372,13798,94158,4.042128274482196,0.17747912464893598
4662,0.1368202710076836,3,3,3,169241,436369,13801,94155,4.042100485382933,0.17747547707549516
4663,0.136823054776333,3,22,3,169263,436347,13804,94152,4.041896698655008,0.17747818563277215
4664,0.1368270311045121,1,1,1,169264,436346,13805,94151,4.04188743562192,0.17747696970953653
4665,0.1368306292086227,0,3,0,169267,436343,13805,94151,4.041859646522657,0.17747797336067891
4666,0.1368321757702904,1,12,1,169279,436331,13806,94150,4.041748490125607,0.17748043756515314
4667,0.1368328253786374,0,2,0,169281,436329,13806,94150,4.0417299640594315,0.17748110669790887
4668,0.1368334251007984,1,7,1,169288,436322,13807,94149,4.041665122827819,0.17748189816219925
4669,0.136835373100045,0,1,0,169289,436321,13807,94149,4.041655859794731,0.1774822327370068
4670,0.1368377456790024,1,4,1,169293,436317,13808,94148,4.041618807662381,0.17748202049145562
4671,0.136838057547818,0,5,0,169298,436312,13808,94148,4.041572492496943,0.1774836933981827
4672,0.1368399362376283,1,6,1,169304,436306,13809,94147,4.041516914298418,0.17748415033942685
4673,0.1368411323630795,2,22,2,169326,436284,13811,94145,4.041313127570492,0.1774884103244732
4674,0.1368457528529363,4,13,4,169339,436271,13815,94141,4.041192708140353,0.17748655761936005
4675,0.1368499552398982,2,6,2,169345,436265,13817,94139,4.041137129941828,0.17748546391052858
4676,0.1368507373541818,0,5,0,169350,436260,13817,94139,4.04109081477639,0.17748713704211358
4677,0.1368531300753569,0,5,0,169355,436255,13817,94139,4.041044499610953,0.17748881020524365
4678,0.136858256331884,0,3,0,169358,436252,13817,94139,4.04101671051169,0.1774898141182637
4679,0.1368586586023586,0,1,0,169359,436251,13817,94139,4.041007447478602,0.17749014875846075
4680,0.1368599943845429,0,6,0,169365,436245,13817,94139,4.040951869280077,0.17749215662614257
4681,0.1368615867396224,6,70,6,169435,436175,13823,94133,4.040303456963948,0.17750627936972477
4682,0.1368631122699308,2,9,2,169444,436166,13825,94131,4.04022008966616,0.17750618992753117
4683,0.1368648906898599,1,6,1,169450,436160,13826,94130,4.040164511467635,0.17750664730619095
4684,0.1368655421118195,3,36,3,169486,436124,13829,94127,4.039831042276483,0.17751404523518108
4685,0.1368671716899977,0,3,0,169489,436121,13829,94127,4.0398032531772206,0.17751504956171452
4686,0.1368694840714591,0,3,0,169492,436118,13829,94127,4.039775464077958,0.17751605389961245
4687,0.1368711648360756,15,100,15,169592,436018,13844,94112,4.038849160769202,0.17752626714202177
4688,0.1368739535464438,27,198,27,169790,435820,13871,94085,4.037015080217866,0.177550693048754
4689,0.1368739664416284,0,4,0,169794,435816,13871,94085,4.0369780280855165,0.1775520333043342
4690,0.136875487386782,0,4,0,169798,435812,13871,94085,4.036940975953166,0.17755337358014858
4691,0.1368758790737244,13,115,13,169913,435697,13884,94072,4.035875727148097,0.1775717340954265
4692,0.1368803655277264,0,6,0,169919,435691,13884,94072,4.035820148949572,0.17757374524079636
4693,0.1368828890657374,0,2,0,169921,435689,13884,94072,4.035801622883397,0.17757441563270984
4694,0.1368849693710281,0,4,0,169925,435685,13884,94072,4.035764570751047,0.17757575643172246
4695,0.1368908841002463,0,8,0,169933,435677,13884,94072,4.035690466486346,0.17757843809049192
4696,0.1368914972887656,1,31,1,169964,435646,13885,94071,4.035403312460632,0.1775872777350925
4697,0.1368940745871875,1,22,1,169986,435624,13886,94070,4.035199525732706,0.17759310092241937
4698,0.1368975170043572,50,452,50,170438,435172,13936,94020,4.031012634777132,0.17766708491436
4699,0.136900057575615,5,40,5,170478,435132,13941,94015,4.030642113453629,0.17767274500280641
4700,0.1369002294689177,0,1,0,170479,435131,13941,94015,4.030632850420542,0.17767308077543817
4701,0.1369049239726281,38,344,38,170823,434787,13979,93977,4.027446367038423,0.17772957311768578
4702,0.1369096356720682,5,36,5,170859,434751,13984,93972,4.027112897847271,0.1777338984685743
4703,0.136913465625743,8,94,8,170953,434657,13992,93964,4.026242172737041,0.17775305937524238
4704,0.1369135821768496,1,8,1,170961,434649,13993,93963,4.026168068472341,0.1777541940024063
4705,0.1369138443278749,5,54,5,171015,434595,13998,93958,4.025667864685612,0.17776457611630242
4706,0.1369145020690813,40,425,40,171440,434170,14038,93918,4.021731075623402,0.17784535910681554
4707,0.1369150511650186,2,2,2,171442,434168,14040,93916,4.021712549557227,0.17784291892956425
4708,0.1369162510578294,22,249,22,171691,433919,14062,93894,4.019406054318426,0.17789254906567287
4709,0.1369190508882244,1,2,1,171693,433917,14063,93893,4.019387528252251,0.17789166556147099
4710,0.1369220900564292,0,1,0,171694,433916,14063,93893,4.019378265219164,0.17789200259942517
4711,0.1369262350063895,0,3,0,171697,433913,14063,93893,4.019350476119901,0.1778930137209505
4712,0.1369318474477262,0,3,0,171700,433910,14063,93893,4.019322687020638,0.17789402485397013
4713,0.136932493998222,0,4,0,171704,433906,14063,93893,4.019285634888288,0.17789537304921002
4714,0.1369335039015754,0,2,0,171706,433904,14063,93893,4.019267108822112,0.17789604715449311
4715,0.1369362418952033,3,41,3,171747,433863,14066,93890,4.018887324465523,0.17790519428596333
4716,0.1369364777290035,0,2,0,171749,433861,14066,93890,4.018868798399348,0.1779058684872222
4717,0.1369408176292191,2,22,2,171771,433839,14068,93888,4.0186650116714215,0.17791016946261987
4718,0.1369433948086207,12,150,12,171921,433689,14080,93876,4.017275556708289,0.1779420545335646
4719,0.1369461811635033,1,7,1,171928,433682,14081,93875,4.017210715476676,0.17794285735948911
4720,0.1369464155512739,0,6,0,171934,433676,14081,93875,4.01715513727815,0.17794488115840934
4721,0.1369468985818368,1,0,1,171934,433676,14082,93874,4.01715513727815,0.17794332290778125
4722,0.1369470898551497,1,35,1,171969,433641,14083,93873,4.016830931120086,0.17795357090048794
4723,0.1369472711659469,5,101,5,172070,433540,14088,93868,4.015895364778243,0.17797985620240875
4724,0.1369529729050739,19,219,19,172289,433321,14107,93849,4.013866760532069,0.17802416677732041
4725,0.1369565350049587,0,6,0,172295,433315,14107,93849,4.013811182333543,0.17802619298738154
4726,0.136957521724217,0,4,0,172299,433311,14107,93849,4.013774130201193,0.17802754381971317
4727,0.1369586153102495,6,18,6,172317,433293,14113,93843,4.013607395605617,0.17802426698233473
4728,0.1369696060124736,0,13,0,172330,433280,14113,93843,4.013486976175479,0.1780286574480719
4729,0.1369733897353006,0,1,0,172331,433279,14113,93843,4.013477713142391,0.17802899518517534
4730,0.1369753885286409,1,6,1,172337,433273,14114,93842,4.013422134943866,0.17802946226155583
4731,0.1369770221325504,7,37,7,172374,433236,14121,93835,4.013079402719627,0.17803104325603192
4732,0.1369786442008012,0,6,0,172380,433230,14121,93835,4.013023824521102,0.17803306992496182
4733,0.136980034147311,0,8,0,172388,433222,14121,93835,4.012949720256401,0.17803577222197978
4734,0.1369836886870116,0,1,0,172389,433221,14121,93835,4.012940457223313,0.17803611001487507
4735,0.1369838009902327,2,23,2,172412,433198,14123,93833,4.012727407462299,0.17804076041067793
4736,0.1369846893539864,1,14,1,172426,433184,14124,93832,4.012597724999074,0.17804393035505564
4737,0.136985690792779,1,2,1,172428,433182,14125,93831,4.012579198932898,0.1780430463764651
4738,0.1369897527842797,9,103,9,172531,433079,14134,93822,4.011625106524881,0.1780638108487173
4739,0.1369903664636094,3,9,3,172540,433070,14137,93819,4.011541739227092,0.17806217248794337
4740,0.1369916941081019,2,4,2,172544,433066,14139,93817,4.011504687094742,0.17806040430228343
4741,0.1369932156651439,2,12,2,172556,433054,14141,93815,4.011393530697692,0.1780613397258142
4742,0.1370033073836107,1,0,1,172556,433054,14142,93814,4.011393530697692,0.17805977967916062
4743,0.1370047487091397,0,4,0,172560,433050,14142,93814,4.011356478565341,0.17806113152540315
4744,0.1370061399374433,0,14,0,172574,433036,14142,93814,4.0112267961021155,0.17806586314890385
4745,0.1370122502699256,14,215,14,172789,432821,14156,93800,4.009235243988291,0.1781167101198015
4746,0.1370175317506559,5,22,5,172811,432799,14161,93795,4.009031457260365,0.17811634769860651
4747,0.1370179541760355,0,1,0,172812,432798,14161,93795,4.009022194227278,0.1781166859415146
4748,0.1370181916674875,0,9,0,172821,432789,14161,93795,4.00893882692949,0.17811973018549748
4749,0.1370236810023799,12,96,12,172917,432693,14173,93783,4.008049575753085,0.1781334761698539
4750,0.1370264446341628,1,19,1,172936,432674,14174,93782,4.007873578124421,0.178138343945173
4751,0.1370282491332858,3,29,3,172965,432645,14177,93779,4.007604950164882,0.17814347370180691
4752,0.1370325795213891,2,6,2,172971,432639,14179,93777,4.007549371966356,0.17814238169052612
4753,0.1370350087453971,0,1,0,172972,432638,14179,93777,4.007540108933269,0.17814272009726168
4754,0.137037761306131,0,2,0,172974,432636,14179,93777,4.007521582867094,0.17814339691458989
4755,0.1370382024790289,1,33,1,173007,432603,14180,93776,4.007215902775204,0.1781530038242407
4756,0.1370432178525542,0,8,0,173015,432595,14180,93776,4.007141798510505,0.17815571146586723
4757,0.1370439665090254,2,19,2,173034,432576,14182,93774,4.006965800881841,0.17815901966372186
4758,0.1370453564555352,0,1,0,173035,432575,14182,93774,4.006956537848753,0.1781593581445011
4759,0.1370496935533756,0,9,0,173044,432566,14182,93774,4.006873170550965,0.17816240452939164
4760,0.1370513135279711,2,6,2,173050,432560,14184,93772,4.00681759235244,0.17816131263157095
4761,0.1370536800865323,1,23,1,173073,432537,14185,93771,4.006604542591426,0.1781675368795458
4762,0.1370587911075906,1,4,1,173077,432533,14186,93770,4.006567490459076,0.17816732946610603
4763,0.1370693974622719,1,7,1,173084,432526,14187,93769,4.006502649227463,0.17816813764143682
4764,0.1370709822798674,2,9,2,173093,432517,14189,93767,4.006419281929675,0.1781680613509056
4765,0.1370727264519755,1,0,1,173093,432517,14190,93766,4.006419281929675,0.17816649977293586
4766,0.1370750571482254,6,17,6,173110,432500,14196,93760,4.006261810367187,0.17816288526583818
4767,0.1370797310532856,0,2,0,173112,432498,14196,93760,4.006243284301012,0.17816356235914704
4768,0.1370820730195688,0,16,0,173128,432482,14196,93760,4.0060950757716105,0.1781689792908966
4769,0.1370882509859541,1,15,1,173143,432467,14197,93759,4.0059561302752975,0.17817249622785647
4770,0.1370882701638988,0,4,0,173147,432463,14197,93759,4.005919078142947,0.17817385058017338
4771,0.1370893589722287,0,2,0,173149,432461,14197,93759,4.005900552076772,0.17817452776405307
4772,0.1370954272930722,0,3,0,173152,432458,14197,93759,4.00587276297751,0.17817554354952425
4773,0.137098134779863,2,0,2,173152,432458,14199,93757,4.00587276297751,0.17817242001843353
4774,0.137100708842476,0,2,0,173154,432456,14199,93757,4.005854236911334,0.1781730972058843
4775,0.1371029017102916,44,516,44,173670,431940,14243,93713,4.001074511838156,0.17827920700538188
4776,0.1371060318029422,0,1,0,173671,431939,14243,93713,4.001065248805069,0.17827954616362157
4777,0.1371100583026677,0,4,0,173675,431935,14243,93713,4.001028196672719,0.17828090280948466
4778,0.1371117794444333,15,191,15,173866,431744,14258,93698,3.9992589573529957,0.17832225060044687
4779,0.1371141272647193,0,14,0,173880,431730,14258,93698,3.99912927488977,0.1783270019869516
4780,0.1371190023947565,1,23,1,173903,431707,14259,93697,3.998916225128756,0.17833324451279398
4781,0.1371192605146955,0,1,0,173904,431706,14259,93697,3.9989069620956688,0.17833358393461782
4782,0.1371255598217811,3,7,3,173911,431699,14262,93694,3.998842120864056,0.17833126821255707
4783,0.1371260050108435,1,24,1,173935,431675,14263,93693,3.998619808069954,0.17833785080172374
4784,0.1371279177528703,3,40,3,173975,431635,14266,93690,3.9982492867464523,0.17834673773378384
4785,0.1371310541248007,2,17,2,173992,431618,14268,93688,3.998091815183964,0.17834938112262186
4786,0.1371363285483636,21,227,21,174219,431391,14289,93667,3.995989106673089,0.17839362508522869
4787,0.1371378411718712,0,10,0,174229,431381,14289,93667,3.9958964763422133,0.17839702274839633
4788,0.137138490212469,0,1,0,174230,431380,14289,93667,3.995887213309126,0.1783973625218314
4789,0.1371385154757469,2,36,2,174266,431344,14291,93665,3.995553744117974,0.17840646541297386
4790,0.1371387645260779,1,15,1,174281,431329,14292,93664,3.9954147986216606,0.17840999784759035
4791,0.137141111590599,5,26,5,174307,431303,14297,93659,3.9951739597613845,0.1784110087968272
4792,0.1371428864721387,0,6,0,174313,431297,14297,93659,3.995118381562859,0.17841304795068538
4793,0.1371436351286099,1,7,1,174320,431290,14298,93658,3.995053540331246,0.17841386194442116
4794,0.1371441855237581,2,14,2,174334,431276,14300,93656,3.99492385786802,0.17841549000632462
4795,0.1371487030874467,0,22,0,174356,431254,14300,93656,3.9947200711400943,0.17842296774685185
4796,0.1371519587596071,2,12,2,174368,431242,14302,93654,3.9946089147430435,0.178423916356764
4797,0.1371560803098674,0,3,0,174371,431239,14302,93654,3.994581125643781,0.17842493612983978
4798,0.1371561428159315,0,2,0,174373,431237,14302,93654,3.9945625995776055,0.1784256159850331
4799,0.1371568289663386,0,13,0,174386,431224,14302,93654,3.9944421801474674,0.1784300351700776
4800,0.1371577313506882,0,1,0,174387,431223,14302,93654,3.9944329171143798,0.17843037511645585
4801,0.137173898867151,13,50,13,174437,431173,14315,93641,3.9939697654600024,0.1784270236693381
4802,0.1371763722726285,0,18,0,174455,431155,14315,93641,3.9938030308644263,0.1784331435453014
4803,0.1371811784048769,13,88,13,174543,431067,14328,93628,3.9929878839527215,0.17844271433880635
4804,0.1371879196055386,1,3,1,174546,431064,14329,93627,3.992960094853459,0.17844216881936226
4805,0.1371911752776989,0,1,0,174547,431063,14329,93627,3.9929508318203712,0.17844250891002306
4806,0.1371925935105988,0,3,0,174550,431060,14329,93627,3.9929230427211087,0.17844352918978362
4807,0.1371938343347568,1,6,1,174556,431054,14330,93626,3.9928674645225835,0.1784440039643211
4808,0.1371947593266165,2,10,2,174566,431044,14332,93624,3.9927748341917075,0.1784442733309445
4809,0.1371954068774102,37,422,37,174988,430622,14369,93587,3.98886583422876,0.17852993748676577
4810,0.137200664753723,6,32,6,175020,430590,14375,93581,3.988569417169958,0.1785314334444294
4811,0.1372015636920917,14,156,14,175176,430434,14389,93567,3.9871243840082995,0.1785626363308467
4812,0.1372044768852187,1,5,1,175181,430429,14390,93566,3.987078068842862,0.17856277254553957
4813,0.1372106667029627,2,12,2,175193,430417,14392,93564,3.986966912445811,0.17856372654733663
4814,0.1372116004100037,13,91,13,175284,430326,14405,93551,3.9861239764348437,0.17857436001198754
4815,0.1372126577778248,0,12,0,175296,430314,14405,93551,3.9860128200377933,0.1785784505550094
4816,0.1372158455693461,15,182,15,175478,430132,14420,93536,3.9843269480158585,0.17861698633485337
4817,0.1372165324113601,4,14,4,175492,430118,14424,93532,3.9841972655526328,0.17861548744390338
4818,0.1372169155637959,0,2,0,175494,430116,14424,93532,3.9841787394864574,0.17861616964067464
4819,0.137217235618243,0,1,0,175495,430115,14424,93532,3.9841694764533697,0.17861651074101445
4820,0.1372172810678313,9,54,9,175549,430061,14433,93523,3.983669272666642,0.17862081347023592
4821,0.1372328501608602,3,74,3,175623,429987,14436,93520,3.982983808218163,0.17864135532094128
4822,0.1372350564024999,3,11,3,175634,429976,14439,93517,3.9828819148542,0.17864040206841353
4823,0.1372383752209166,0,4,0,175638,429972,14439,93517,3.9828448627218496,0.17864176706673876
4824,0.1372384222790943,2,4,2,175642,429968,14441,93515,3.9828078105894993,0.17863999403992106
4825,0.1372393902636738,2,23,2,175665,429945,14443,93513,3.9825947608284857,0.17864470501931387
4826,0.1372407802101835,3,16,3,175681,429929,14446,93510,3.9824465522990846,0.1786454582100302
4827,0.1372511874746756,0,12,0,175693,429917,14446,93510,3.9823353959020342,0.17864955380597486
4828,0.1372557489294519,1,3,1,175696,429914,14447,93509,3.9823076068027716,0.17864900854566956
4829,0.1372564975859231,4,20,4,175716,429894,14451,93505,3.9821223461410202,0.17864955798539928
4830,0.1372569409384606,1,4,1,175720,429890,14452,93504,3.9820852940086704,0.17864935402392843
4831,0.13726156554476,3,33,3,175753,429857,14455,93501,3.981779613916781,0.1786559104857478
4832,0.1372648212169203,2,23,2,175776,429834,14457,93499,3.9815665641557674,0.1786606233507155
4833,0.1372659742119903,0,1,0,175777,429833,14457,93499,3.9815573011226797,0.17866096474131143
4834,0.1372680782982354,6,47,6,175824,429786,14463,93493,3.9811219385675645,0.17866759415149472
4835,0.1372690052732447,0,5,0,175829,429781,14463,93493,3.981075623402127,0.1786693013602816
4836,0.1372720765920536,1,1,1,175830,429780,14464,93492,3.9810663603690393,0.17866807320093564
4837,0.137273498640166,0,6,0,175836,429774,14464,93492,3.981010782170514,0.1786701218882939
4838,0.1372791757497891,0,1,0,175837,429773,14464,93492,3.9810015191374264,0.17867046334075468
4839,0.1372794165281767,1,2,1,175839,429771,14465,93491,3.980982993071251,0.17866957661744975
4840,0.1372803671678505,1,5,1,175844,429766,14466,93490,3.9809366779058135,0.17866971425076827
4841,0.1372813187093549,0,19,0,175863,429747,14466,93490,3.98076068027715,0.17867620217989172
4842,0.1372814809018341,1,4,1,175867,429743,14467,93489,3.9807236281447995,0.17867599840988319
4843,0.1372815381931775,0,3,0,175870,429740,14467,93489,3.980695839045537,0.1786770228714387
4844,0.1372822124970533,1,22,1,175892,429718,14468,93488,3.980492052317611,0.1786829661739353
4845,0.1372893316710808,0,1,0,175893,429717,14468,93488,3.9804827892845234,0.17868330769010235
4846,0.1372944033885291,1,12,1,175905,429705,14469,93487,3.9803716328874725,0.17868583617486505
4847,0.1373055528853166,1,8,1,175913,429697,14470,93486,3.9802975286227724,0.17868699862189713
4848,0.1373059096642529,0,1,0,175914,429696,14470,93486,3.9802882655896847,0.17868734016078536
4849,0.1373101008114162,0,3,0,175917,429693,14470,93486,3.980260476490422,0.17868836478528383
4850,0.1373102172082554,4,14,4,175931,429679,14474,93482,3.9801307940271964,0.17868686694918007
4851,0.1373138072054315,0,1,0,175932,429678,14474,93482,3.9801215309941087,0.17868720850217906
4852,0.1373144261494049,20,166,20,176098,429512,14494,93462,3.9785838675015746,0.17871251725707205
4853,0.1373199517378268,0,2,0,176100,429510,14494,93462,3.9785653414353996,0.17871320070673
4854,0.1373200090291702,0,8,0,176108,429502,14494,93462,3.978491237170699,0.17871593455763685
4855,0.1373206833330459,1,22,1,176130,429480,14495,93461,3.9782874504427728,0.17872188258331245
4856,0.1373210970629711,1,0,1,176130,429480,14496,93460,3.9782874504427728,0.17872031208169198
4857,0.1373235291602759,8,9,8,176139,429471,14504,93452,3.978204083144985,0.178710823582057
4858,0.1373248754261832,6,113,6,176252,429358,14510,93446,3.9771573604060912,0.17874002494242583
4859,0.1373278025070734,0,1,0,176253,429357,14510,93446,3.977148097373004,0.1787403668303357
4860,0.1373293948686733,0,14,0,176267,429343,14510,93446,3.9770184149097783,0.17874515339840738
4861,0.1373301435251445,5,90,5,176357,429253,14515,93441,3.976184741931898,0.17876807462875027
4862,0.1373305118152295,4,9,4,176366,429244,14519,93437,3.9761013746341103,0.17876486805527655
4863,0.1373322100072587,1,4,1,176370,429240,14520,93436,3.97606432250176,0.17876466491669793
4864,0.1373353108976445,0,2,0,176372,429238,14520,93436,3.976045796435585,0.17876534895556312
4865,0.1373390588832583,3,18,3,176390,429220,14523,93433,3.975879061840009,0.17876679173371243
4866,0.1373411527135394,4,50,4,176440,429170,14527,93429,3.9754159101856312,0.17877760960124303
4867,0.137352252720987,3,27,3,176467,429143,14530,93426,3.9751658082922674,0.17878213212035157
4868,0.1373587434273878,0,2,0,176469,429141,14530,93426,3.975147282226092,0.17878281636613105
4869,0.1373590123727894,1,6,1,176475,429135,14531,93425,3.975091704027567,0.1787832976117575
4870,0.1373633462621759,6,53,6,176528,429082,14537,93419,3.9746007632739264,0.1787920023119573
4871,0.1373659518888608,1,8,1,176536,429074,14538,93418,3.974526659009226,0.1787931681250622
4872,0.1373664865750153,2,16,2,176552,429058,14540,93416,3.974378450479825,0.17879549987176396
4873,0.1373677021632927,0,2,0,176554,429056,14540,93416,3.97435992441365,0.17879618429312957
4874,0.1373687502134215,1,16,1,176570,429040,14541,93415,3.974211715884249,0.17880008804586042
4875,0.1373698033957738,1,3,1,176573,429037,14542,93414,3.9741839267849866,0.1787995429236426
4876,0.1373737817336371,0,1,0,176574,429036,14542,93414,3.974174663751899,0.1787998851564743
4877,0.1373753796241475,1,11,1,176585,429025,14543,93413,3.9740727703879357,0.17880207794991942
4878,0.1373786481306502,6,64,6,176649,428961,14549,93407,3.973479936270332,0.17881455219308992
4879,0.1373789303839968,2,26,2,176675,428935,14551,93405,3.973239097410056,0.17882030861124937
4880,0.1373803296800849,0,3,0,176678,428932,14551,93405,3.9732113083107934,0.1788213356511218
4881,0.1373930731453067,0,1,0,176679,428931,14551,93405,3.9732020452777057,0.17882167800036758
4882,0.1373947430021924,1,4,1,176683,428927,14552,93404,3.9731649931453554,0.1788214752714275
4883,0.1373947570174883,29,212,29,176895,428715,14581,93375,3.971201230130794,0.17884847440096535
4884,0.1374016232500965,0,1,0,176896,428714,14581,93375,3.9711919670977065,0.17884881696415744
4885,0.1374030965247818,0,1,0,176897,428713,14581,93375,3.971182704064619,0.17884915952866184
4886,0.137403391145743,6,16,6,176913,428697,14587,93369,3.971034495535218,0.17884520348001975
4887,0.1374089820374527,1,9,1,176922,428688,14588,93368,3.97095112823743,0.17884671376250824
4888,0.1374127048224797,20,141,20,177063,428547,14608,93348,3.969645040572085,0.1788635645101026
4889,0.1374136164118091,2,29,2,177092,428518,14610,93346,3.969376412612546,0.17887035702788465
4890,0.1374171189666428,8,20,8,177112,428498,14618,93338,3.969191151950795,0.17886462413478565
4891,0.137420035039728,0,9,0,177121,428489,14618,93338,3.9691077846530067,0.1788677090300042
4892,0.1374266696627447,0,6,0,177127,428483,14618,93338,3.9690522064544815,0.17886976568593446
4893,0.1374318786268432,0,3,0,177130,428480,14618,93338,3.969024417355219,0.17887079403163555
4894,0.1374337812127742,1,3,1,177133,428477,14619,93337,3.9689966282559563,0.17887024878596589
4895,0.1374358430603133,1,2,1,177135,428475,14620,93336,3.968978102189781,0.1788693607455573
4896,0.137438929118429,0,1,0,177136,428474,14620,93336,3.9689688391566933,0.1788697035319369
4897,0.1374467597079102,4,4,4,177140,428470,14624,93332,3.9689317870243435,0.17886478012732798
4898,0.1374480343183455,3,21,3,177161,428449,14627,93329,3.968737263329505,0.178867257722633
4899,0.1374492499066229,1,2,1,177163,428447,14628,93328,3.9687187372633295,0.1788663696037564
4900,0.13745123490572,39,463,39,177626,427984,14667,93289,3.964429952943792,0.17896380591359998
4901,0.1374519213405715,3,19,3,177645,427965,14670,93286,3.9642539553151286,0.17896560390291819
4902,0.1374537115929085,0,3,0,177648,427962,14670,93286,3.9642261662158655,0.17896663392473447
4903,0.1374563368426514,4,28,4,177676,427934,14674,93282,3.963966801289414,0.17896994720039291
4904,0.1374590944330351,0,2,0,177678,427932,14674,93282,3.963948275223239,0.1789706339430637
4905,0.1374600584732723,0,3,0,177681,427929,14674,93282,3.9639204861239765,0.17897166406695178
4906,0.1374624858600372,0,1,0,177682,427928,14674,93282,3.963911223090889,0.17897200744421635
4907,0.1374656205084453,1,4,1,177686,427924,14675,93281,3.9638741709585386,0.1789718057194386
4908,0.1374684188330061,0,7,0,177693,427917,14675,93281,3.9638093297269257,0.17897420941753422
4909,0.137471825619765,0,1,0,177694,427916,14675,93281,3.9638000666938384,0.17897455280824717
4910,0.1374738499235391,0,6,0,177700,427910,14675,93281,3.963744488495313,0.1789766131801969
4911,0.137475047434373,1,7,1,177707,427903,14676,93280,3.9636796472637,0.17897744170473712
4912,0.1374767424640032,2,12,2,177719,427891,14678,93278,3.9635684908666495,0.17897841199303874
4913,0.1374829826308146,2,11,2,177730,427880,14680,93276,3.9634665975026864,0.17897903890581707
4914,0.1374863508067934,1,26,1,177756,427854,14681,93275,3.96322575864241,0.17898639300441926
4915,0.1374865051543381,0,14,0,177770,427840,14681,93275,3.963096076179184,0.17899120155819734
4916,0.1374877207426156,0,5,0,177775,427835,14681,93275,3.9630497610137465,0.17899291896144767
4917,0.1374965364014048,0,4,0,177779,427831,14681,93275,3.9630127088813962,0.1789942929077769
4918,0.1374972009350674,0,3,0,177782,427828,14681,93275,3.9629849197821336,0.17899532338136606
4919,0.137498634354037,5,40,5,177822,427788,14686,93270,3.9626143984586313,0.17900118604838616
4920,0.1375013898650806,2,15,2,177837,427773,14688,93268,3.962475452962318,0.17900318784894087
4921,0.1375041965035194,1,6,1,177843,427767,14689,93267,3.9624198747637926,0.1790036734646875
4922,0.1375055245660646,0,39,0,177882,427728,14689,93267,3.962058616473378,0.1790170731005096
4923,0.1375222437047208,6,82,6,177964,427646,14695,93261,3.961299047760199,0.1790357971768473
4924,0.1375234530863141,2,57,2,178021,427589,14697,93259,3.960771054874208,0.17905223788898106
4925,0.1375238656886795,0,1,0,178022,427588,14697,93259,3.9607617918411204,0.17905258166025723
4926,0.1375254807696077,1,8,1,178030,427580,14698,93258,3.96068768757642,0.17905375567834914
4927,0.1375255672797928,16,169,16,178199,427411,14714,93242,3.9591222349846236,0.17908664696064366
4928,0.1375298619553076,2,6,2,178205,427405,14716,93240,3.959066656786098,0.17908555733753326
4929,0.1375335239845849,0,3,0,178208,427402,14716,93240,3.9590388676868353,0.17908658924942666
4930,0.1375392664476667,5,52,5,178260,427350,14721,93235,3.9585571899662826,0.1790965932556643
4931,0.1375400954654863,1,9,1,178269,427341,14722,93234,3.958473822668495,0.1790981126638813
4932,0.1375420647722274,12,60,12,178329,427281,14734,93222,3.9579180406832415,0.17909983227762377
4933,0.1375451188916267,2,9,2,178338,427272,14736,93220,3.9578346733854533,0.17909977482843156
4934,0.137545318566486,0,10,0,178348,427262,14736,93220,3.9577420430545778,0.1791032158652941
4935,0.1375479169852792,1,17,1,178365,427245,14737,93219,3.9575845714920894,0.17910748870238863
4936,0.1375495816977708,0,1,0,178366,427244,14737,93219,3.9575753084590017,0.1791078328334579
4937,0.1375497700112275,2,3,2,178369,427241,14739,93217,3.957547519359739,0.17910571073938722
4938,0.1375506518372665,0,3,0,178372,427238,14739,93217,3.9575197302604765,0.1791067431382156
4939,0.1375530739606223,3,44,3,178416,427194,14742,93214,3.957112156804624,0.1791171542328327
4940,0.1375580935674659,0,1,0,178417,427193,14742,93214,3.9571028937715367,0.17911749841950628
4941,0.1375641739680699,0,33,0,178450,427160,14742,93214,3.956797213679647,0.17912885732184927
4942,0.1375654237910007,0,1,0,178451,427159,14742,93214,3.9567879506465595,0.17912920155350104
4943,0.1375702901880138,1,2,1,178453,427157,14743,93213,3.9567694245803846,0.17912831254684167
4944,0.1375708468742888,2,19,2,178472,427138,14745,93211,3.956593426951721,0.17913169814874247
4945,0.1375742784603425,0,1,0,178473,427137,14745,93211,3.9565841639186337,0.17913204240239225
4946,0.1375747297642256,0,3,0,178476,427134,14745,93211,3.956556374819371,0.1791330751712806
4947,0.1375779309494212,1,5,1,178481,427129,14746,93210,3.956510059653933,0.17913321892074205
4948,0.1375837894024786,0,3,0,178484,427126,14746,93210,3.9564822705546705,0.17913425171427694
4949,0.1375902144966648,1,9,1,178493,427117,14747,93209,3.9563989032568823,0.17913577257334826
4950,0.137591081869368,0,3,0,178496,427114,14747,93209,3.9563711141576197,0.1791368054074104
4951,0.1375916423375607,0,2,0,178498,427112,14747,93209,3.9563525880914447,0.17913749397006848
4952,0.1375924485281597,1,21,1,178519,427091,14748,93208,3.956158064396606,0.17914314653689514
4953,0.1375929560701313,1,36,1,178555,427055,14749,93207,3.955824595205454,0.17915396473315368
4954,0.1375992810236724,1,13,1,178568,427042,14750,93206,3.955704175775316,0.179156863649644
4955,0.1376025575281133,2,36,2,178604,427006,14752,93204,3.955370706584164,0.1791661059956556
4956,0.1376026737942258,25,225,25,178829,426781,14777,93179,3.953286524139464,0.17920416955150395
4957,0.1376032438657895,3,2,3,178831,426779,14780,93176,3.953267998073289,0.17920012308757488
4958,0.1376034896985066,0,2,0,178833,426777,14780,93176,3.953249472007114,0.17920081238111907
4959,0.1376039294576795,1,0,1,178833,426777,14781,93175,3.953249472007114,0.17919923377542543
4960,0.1376051992580176,0,1,0,178834,426776,14781,93175,3.9532402089740266,0.17919957842181283
4961,0.13760709577158,2,26,2,178860,426750,14783,93173,3.95299937011375,0.1792053823354612
4962,0.1376079247893996,2,1,2,178861,426749,14785,93171,3.9529901070806623,0.17920256962609632
4963,0.1376150717279151,0,5,0,178866,426744,14785,93171,3.952943791915225,0.17920429300943425
4964,0.1376170589608326,3,8,3,178874,426736,14788,93168,3.9528696876505243,0.17920231427340433
4965,0.1376184811611798,1,0,1,178874,426736,14789,93167,3.9528696876505243,0.1792007355218185
4966,0.137620208504112,0,3,0,178877,426733,14789,93167,3.9528418985512617,0.17920176957107137
4967,0.1376209032845357,0,5,0,178882,426728,14789,93167,3.9527955833858237,0.17920349301301225
4968,0.137622299491461,1,4,1,178886,426724,14790,93166,3.9527585312534734,0.17920329300428936
4969,0.1376249162543273,1,1,1,178887,426723,14791,93165,3.952749268220386,0.1792020589049949
4970,0.1376251426217908,0,1,0,178888,426722,14791,93165,3.9527400051872985,0.1792024035992437
4971,0.1376408692556652,3,3,3,178891,426719,14794,93162,3.952712216088036,0.1791987012412456
4972,0.1376415408044346,0,5,0,178896,426714,14794,93162,3.952665900922598,0.1792004247166632
4973,0.1376441488325904,1,2,1,178898,426712,14795,93161,3.952647374856423,0.1791995352711143
4974,0.1376535425639077,0,2,0,178900,426710,14795,93161,3.9526288487902477,0.17920022467112035
4975,0.1376564372797231,0,4,0,178904,426706,14795,93161,3.952591796657898,0.17920160348704572
4976,0.1376570065310238,1,44,1,178948,426662,14796,93160,3.952184223202045,0.17921519289295182
4977,0.1376594086133504,0,3,0,178951,426659,14796,93160,3.9521564341027826,0.17921622718677077
4978,0.1376635142945797,1,1,1,178952,426658,14797,93159,3.952147171069695,0.17921499296867935
4979,0.1376638425876544,3,17,3,178969,426641,14800,93156,3.9519896995072066,0.17921611706108345
4980,0.1376665820644358,0,2,0,178971,426639,14800,93156,3.9519711734410317,0.17921680662568898
4981,0.1376736709510851,3,24,3,178995,426615,14803,93153,3.9517488606469304,0.17922034446137508
4982,0.1376917268332913,0,2,0,178997,426613,14803,93153,3.951730334580755,0.17922103408072093
4983,0.137692234668399,3,16,3,179013,426597,14806,93150,3.9515821260513544,0.1792218136901223
4984,0.1376926246897158,1,15,1,179028,426582,14807,93149,3.951443180555041,0.17922540698938488
4985,0.1376941376707411,1,2,1,179030,426580,14808,93148,3.951424654488866,0.17922451743989162
4986,0.1376996202581678,2,4,2,179034,426576,14810,93146,3.9513876023565158,0.17922273831009655
4987,0.1377050529004284,0,2,0,179036,426574,14810,93146,3.9513690762903404,0.17922342799969215
4988,0.1377075934089842,0,4,0,179040,426570,14810,93146,3.95133202415799,0.17922480739480792
4989,0.1377111403877781,3,12,3,179052,426558,14813,93143,3.9512208677609397,0.17922420776561906
4990,0.1377134100242922,10,54,10,179106,426504,14823,93133,3.9507206639742116,0.17922703733567857
4991,0.1377248309096858,1,4,1,179110,426500,14824,93132,3.9506836118418613,0.17922683745419835
4992,0.1377288276817152,0,4,0,179114,426496,14824,93132,3.950646559709511,0.1792282171091627
4993,0.1377319578511582,2,10,2,179124,426486,14826,93130,3.9505539293786356,0.17922850720532085
4994,0.137734544656373,1,8,1,179132,426478,14827,93129,3.9504798251139355,0.17922968705194503
4995,0.1377374885268758,21,166,21,179298,426312,14848,93108,3.9489421616214013,0.17925378306572715
4996,0.137745594649225,1,6,1,179304,426306,14849,93107,3.948886583422876,0.1792542735742078
4997,0.1377470174000578,8,52,8,179356,426254,14857,93099,3.9484049057023234,0.17925957874509246
4998,0.1377496112237708,1,3,1,179359,426251,14858,93098,3.9483771166030603,0.17925903390590914
4999,0.1377544032617478,3,2,3,179361,426249,14861,93095,3.9483585905368854,0.1792549832095875
5000,0.1377555194767251,0,1,0,179362,426248,14861,93095,3.9483493275037977,0.1792553283668019
5001,0.1377558434764206,0,2,0,179364,426246,14861,93095,3.948330801437623,0.17925601868521837
5002,0.1377662706289371,18,143,18,179507,426103,14879,93077,3.9470061877061027,0.1792769367078855
5003,0.1377678719844546,0,3,0,179510,426100,14879,93077,3.9469783986068396,0.17927797263746276
5004,0.1377745599500349,8,71,8,179581,426029,14887,93069,3.9463207232576236,0.17928984507742277
5005,0.1377770313641998,1,42,1,179623,425987,14888,93068,3.9459316758679464,0.17930277138260878
5006,0.1377771333034224,6,72,6,179695,425915,14894,93062,3.945264737485642,0.17931815860818495
5007,0.1377801392517847,1,2,1,179697,425913,14895,93061,3.9452462114194673,0.1793172683024583
5008,0.1377812393482055,0,14,0,179711,425899,14895,93061,3.9451165289562415,0.17932210574996146
5009,0.1377893149114434,7,41,7,179752,425858,14902,93054,3.9447367445996515,0.17932520350271336
5010,0.1377908540649808,2,8,2,179760,425850,14904,93052,3.9446626403349514,0.1793248050691653
5011,0.1377942499780507,1,1,1,179761,425849,14905,93051,3.9446533773018637,0.17932356908845634
5012,0.1377963357479034,0,2,0,179763,425847,14905,93051,3.944634851235689,0.1793242602592417
5013,0.1377986311637505,0,15,0,179778,425832,14905,93051,3.9444959057393754,0.1793294442099664
5014,0.1378065384251834,1,2,1,179780,425830,14906,93050,3.9444773796732,0.17932855380820228
5015,0.137812482715481,1,5,1,179785,425825,14907,93049,3.9444310645077625,0.17932870022394648
5016,0.1378192331224794,1,2,1,179787,425823,14908,93048,3.944412538441587,0.17932780980243646
5017,0.1378281464740444,0,3,0,179790,425820,14908,93048,3.9443847493423245,0.17932884664307686
5018,0.1378341278526656,0,3,0,179793,425817,14908,93048,3.944356960243062,0.17932988349570697
5019,0.1378385975426856,1,29,1,179822,425788,14909,93047,3.9440883322835227,0.1793383252864591
5020,0.1378407344295708,2,5,2,179827,425783,14911,93045,3.944042017118085,0.17933689006761394
5021,0.1378419446980623,1,10,1,179837,425773,14912,93044,3.9439493867872097,0.17933876492096443
5022,0.1378434989726685,0,1,0,179838,425772,14912,93044,3.943940123754122,0.17933911059026708
5023,0.137844398946727,0,1,0,179839,425771,14912,93044,3.9439308607210344,0.17933945626090225
5024,0.1378462673752105,0,3,0,179842,425768,14912,93044,3.943903071621772,0.17934049328080306
5025,0.137852919975227,0,6,0,179848,425762,14912,93044,3.9438474934232466,0.17934256735658416
5026,0.1378564381178982,0,4,0,179852,425758,14912,93044,3.9438104412908963,0.17934395010042367
5027,0.1378579935778165,6,78,6,179930,425680,14918,93038,3.943087924710067,0.17936142566866775
5028,0.1378686115068276,2,14,2,179944,425666,14920,93036,3.942958242246841,0.17936310251358198
5029,0.1378722589069496,0,3,0,179947,425663,14920,93036,3.9429304531475786,0.1793641398961633
5030,0.1378725986886582,0,2,0,179949,425661,14920,93036,3.9429119270814037,0.1793648314912174
5031,0.137873409861362,1,0,1,179949,425661,14921,93035,3.9429119270814037,0.1793632493792125
5032,0.1378753912758836,19,205,19,180154,425456,14940,93016,3.941013005298455,0.17940409511024705
5033,0.1378808950540712,2,27,2,180181,425429,14942,93014,3.940762903405091,0.17941027268185702
5034,0.1378932380855197,4,45,4,180226,425384,14946,93010,3.940346066916151,0.17941951488636057
5035,0.1378949758469312,0,1,0,180227,425383,14946,93010,3.9403368038830635,0.17941986099349336
5036,0.137895812513996,0,4,0,180231,425379,14946,93010,3.9402997517507132,0.17942124543537769
5037,0.1379041066080778,1,30,1,180261,425349,14947,93009,3.940021860758087,0.17943004641579757
5038,0.1379066799614652,1,34,1,180295,425315,14948,93008,3.9397069176331097,0.1794402332136525
5039,0.1379090177902916,0,3,0,180298,425312,14948,93008,3.939679128533847,0.1794412718012039
5040,0.1379108712054384,0,2,0,180300,425310,14948,93008,3.939660602467672,0.17944196419958403
5041,0.1379177644057997,0,1,0,180301,425309,14948,93008,3.9396513394345845,0.1794423104007779
5042,0.1379246610954952,8,43,8,180344,425266,14956,93000,3.9392530290118195,0.17944453234439459
5043,0.1379250322837957,7,57,7,180401,425209,14963,92993,3.9387250361258292,0.17945318620923886
5044,0.1379281778217933,0,1,0,180402,425208,14963,92993,3.9387157730927416,0.17945353250958604
5045,0.1379404884226381,0,7,0,180409,425201,14963,92993,3.9386509318611287,0.17945595664944017
5046,0.1379455210168823,2,17,2,180426,425184,14965,92991,3.9384934602986403,0.17945867708785643
5047,0.1379550462479377,0,32,0,180458,425152,14965,92991,3.9381970432398385,0.17946976027853315
5048,0.1379591298325237,0,2,0,180460,425150,14965,92991,3.938178517173663,0.17947045302340484
5049,0.1379640459566857,0,5,0,180465,425145,14965,92991,3.9381322020082257,0.17947218490898142
5050,0.137972980784898,0,1,0,180466,425144,14965,92991,3.938122938975138,0.1794725312901078
5051,0.1379848182281475,3,9,3,180475,425135,14968,92988,3.93803957167735,0.1794708978370001
5052,0.137987235319029,1,2,1,180477,425133,14969,92987,3.938021045611175,0.17947000694819734
5053,0.1379936001181288,0,1,0,180478,425132,14969,92987,3.938011782578087,0.17947035333581668
5054,0.1379999496739578,0,1,0,180479,425131,14969,92987,3.938002519545,0.17947069972477311
5055,0.1380030990414794,0,9,0,180488,425122,14969,92987,3.9379191522472117,0.1794738172855519
5056,0.138005795506472,5,50,5,180538,425072,14974,92982,3.9374560005928343,0.1794832198959954
5057,0.1380088048827148,0,5,0,180543,425067,14974,92982,3.9374096854273963,0.17948495219564173
5058,0.1380111825682511,0,1,0,180544,425066,14974,92982,3.9374004223943087,0.17948529865958368
5059,0.1380166124264235,7,29,7,180573,425037,14981,92975,3.93713179443477,0.17948425905191384
5060,0.1380225305716903,0,3,0,180576,425034,14981,92975,3.937104005335507,0.17948529851797942
5061,0.1380257711429544,1,2,1,180578,425032,14982,92974,3.937085479269332,0.17948440751651526
5062,0.1380279323616308,0,3,0,180581,425029,14982,92974,3.9370576901700693,0.17948544699548072
5063,0.1380384205099504,0,3,0,180584,425026,14982,92974,3.9370299010708067,0.1794864864864865
5064,0.1380392316826542,0,5,0,180589,425021,14982,92974,3.936983585905369,0.17948821899825287
5065,0.1380419773576437,2,12,2,180601,425009,14984,92972,3.9368724295083184,0.17948920906365293
5066,0.1380423406806699,0,3,0,180604,425006,14984,92972,3.9368446404090554,0.1794902486205978
5067,0.1380466263905655,2,10,2,180614,424996,14986,92970,3.93675201007818,0.1794905457114946
5068,0.138051799930405,0,3,0,180617,424993,14986,92970,3.9367242209789173,0.17949158530628637
5069,0.1380542077535381,1,20,1,180637,424973,14987,92969,3.9365389603171663,0.17949693208892115
5070,0.1380588300021472,0,2,0,180639,424971,14987,92969,3.936520434250991,0.179497625207553
5071,0.1380744673506288,0,2,0,180641,424969,14987,92969,3.936501908184816,0.17949831833153776
5072,0.1380799619774753,3,15,3,180656,424954,14990,92966,3.9363629626885026,0.17949876428792091
5073,0.1380889094229602,11,55,11,180711,424899,15001,92955,3.9358534958686873,0.17950039972656387
5074,0.1380932893845753,0,2,0,180713,424897,15001,92955,3.9358349698025124,0.17950109297637162
5075,0.1381004434108889,0,3,0,180716,424894,15001,92955,3.9358071807032493,0.1795021328611236
5076,0.1381059713949674,2,5,2,180721,424889,15003,92953,3.935760865537812,0.17950069712383313
5077,0.1381112926386655,0,3,0,180724,424886,15003,92953,3.935733076438549,0.17950173702637306
5078,0.1381116639166142,2,7,2,180731,424879,15005,92951,3.9356682352069363,0.17950099453488597
5079,0.1381189233871022,1,43,1,180774,424836,15006,92950,3.9352699247841714,0.17951431672544255
5080,0.1381196292543183,0,2,0,180776,424834,15006,92950,3.935251398717996,0.17951501012005006
5081,0.1381291227301981,0,5,0,180781,424829,15006,92950,3.9352050835525585,0.1795167436300043
5082,0.1381370001583949,0,17,0,180798,424812,15006,92950,3.93504761199007,0.17952263781428532
5083,0.1381501540240259,0,7,0,180805,424805,15006,92950,3.9349827707584573,0.1795250649438441
5084,0.1381552031379831,1,6,1,180811,424799,15007,92949,3.9349271925599316,0.17952556069748218
5085,0.1381560133712431,5,25,5,180836,424774,15012,92944,3.934695616732743,0.17952630582672421
5086,0.1381573766111482,1,10,1,180846,424764,15013,92943,3.9346029864018672,0.1795281887245102
5087,0.138163895676823,3,2,3,180848,424762,15016,92940,3.9345844603356923,0.17952412778007426
5088,0.138175173860743,0,1,0,180849,424761,15016,92940,3.9345751973026046,0.17952447455191317
5089,0.1381759890077254,0,3,0,180852,424758,15016,92940,3.934547408203342,0.17952551487546795
5090,0.1381760460034127,1,4,1,180856,424754,15017,92939,3.9345103560709918,0.17952531712810488
5091,0.1381762927014457,1,2,1,180858,424752,15018,92938,3.934491830004817,0.17952442581467673
5092,0.1381804895655879,2,38,2,180896,424714,15020,92936,3.93413983474749,0.17953443446344056
5093,0.1381987163201985,5,27,5,180923,424687,15025,92931,3.9338897328541256,0.17953587394565104
5094,0.1382061518418885,0,2,0,180925,424685,15025,92931,3.9338712067879507,0.17953656764860437
5095,0.1382063010187179,1,5,1,180930,424680,15026,92930,3.9338248916225127,0.1795367168331369
5096,0.13820887287194,0,2,0,180932,424678,15026,92930,3.933806365556338,0.17953741055006878
5097,0.1382095086355181,0,1,0,180933,424677,15026,92930,3.93379710252325,0.17953775741054506
5098,0.1382105035297299,1,9,1,180942,424668,15027,92929,3.9337137352254623,0.17953929408400746
5099,0.1382179833479392,0,3,0,180945,424665,15027,92929,3.9336859461261997,0.1795403347024888
5100,0.1382260468630355,1,4,1,180949,424661,15028,92928,3.9336488939938494,0.17954013705855418
5101,0.1382364790345749,4,49,4,180998,424612,15032,92924,3.9331950053725593,0.17955079453410006
5102,0.1382371457818552,23,170,23,181168,424442,15055,92901,3.931620289747675,0.17957331982843103
5103,0.1382376782743863,0,2,0,181170,424440,15055,92901,3.9316017636815,0.17957401404489495
5104,0.138238385679073,0,1,0,181171,424439,15055,92901,3.9315925006484123,0.17957436115513975
5105,0.1382433976688852,3,53,3,181224,424386,15058,92898,3.931101559894772,0.17958800194863944
5106,0.1382446070504785,3,37,3,181261,424349,15061,92895,3.9307588276705325,0.17959609004647709
5107,0.1382582879136264,0,8,0,181269,424341,15061,92895,3.930684723405832,0.1795988678282254
5108,0.1382594238789903,0,3,0,181272,424338,15061,92895,3.9306569343065694,0.1795999095185342
5109,0.1382617650620745,1,4,1,181276,424334,15062,92894,3.930619882174219,0.17959971231255847
5110,0.1382619972323778,0,1,0,181277,424333,15062,92894,3.9306106191411314,0.17960005954832212
5111,0.138286923269191,0,1,0,181278,424332,15062,92894,3.930601356108044,0.1796004067854284
5112,0.1382893669232115,0,22,0,181300,424310,15062,92894,3.930397569380118,0.17960804634148228
5113,0.138299260884904,0,1,0,181301,424309,15062,92894,3.93038830634703,0.17960839360947248
5114,0.1383085414915245,0,4,0,181305,424305,15062,92894,3.93035125421468,0.17960978269486214
5115,0.1383175022938551,0,2,0,181307,424303,15062,92894,3.930332728148505,0.17961047724561435
5116,0.1383217353292532,1,3,1,181310,424300,15063,92893,3.9303049390492424,0.1796099328490525
5117,0.1383261172375397,0,1,0,181311,424299,15063,92893,3.9302956760161547,0.17961028012807623
5118,0.1383282629782413,2,9,2,181320,424290,15065,92891,3.930212308718367,0.17961023316788513
5119,0.138329089011445,12,53,12,181373,424237,15077,92879,3.9297213679647265,0.17960960403468468
5120,0.138338458833276,0,2,0,181375,424235,15077,92879,3.929702841898551,0.17961029869622558
5121,0.1383487311859183,0,2,0,181377,424233,15077,92879,3.929684315832376,0.1796109933631399
5122,0.1383488174656588,12,95,12,181472,424138,15089,92867,3.9288043276890585,0.17962495527122563
5123,0.1383561412423314,0,1,0,181473,424137,15089,92867,3.928795064655971,0.17962530270558835
5124,0.1383652379130585,0,1,0,181474,424136,15089,92867,3.9287858016228836,0.1796256501412951
5125,0.1383653017267218,4,10,4,181484,424126,15093,92863,3.9286931712920077,0.1796227772737911
5126,0.1383704216214628,0,1,0,181485,424125,15093,92863,3.9286839082589204,0.17962312471469358
5127,0.1383711503709396,0,7,0,181492,424118,15093,92863,3.9286190670273076,0.1796255568386459
5128,0.1383713865228307,14,75,14,181567,424043,15107,92849,3.927924339545741,0.17962940033894895
5129,0.1383722633372088,0,1,0,181568,424042,15107,92849,3.927915076512653,0.1796297478578656
5130,0.1383763708154378,1,4,1,181572,424038,15108,92848,3.927878024380303,0.17962955081004323
5131,0.1383821874307459,0,2,0,181574,424036,15108,92848,3.927859498314128,0.1796302458578714
5132,0.1383849477105108,23,139,23,181713,423897,15131,92825,3.926571936714958,0.1796420512383835
5133,0.1383895646531665,0,3,0,181716,423894,15131,92825,3.9265441476156955,0.17964309421561817
5134,0.1383908410275318,0,1,0,181717,423893,15131,92825,3.926534884582608,0.17964344187738768
5135,0.1383948249152495,3,12,3,181729,423881,15134,92822,3.926423728185557,0.17964285092209645
5136,0.1384035726231074,1,2,1,181731,423879,15135,92821,3.926405202119382,0.17964195858331722
5137,0.1384095250244507,1,0,1,181731,423879,15136,92820,3.926405202119382,0.17964037089291832
5138,0.1384151042454522,0,2,0,181733,423877,15136,92820,3.9263866760532067,0.17964106623417592
5139,0.1384151066863994,1,7,1,181740,423870,15137,92819,3.926321834821594,0.1796419122528252
5140,0.1384206691540728,2,8,2,181748,423862,15139,92817,3.9262477305568937,0.17964151823472602
5141,0.1384255364169916,0,14,0,181762,423848,15139,92817,3.926118048093668,0.17964638595608373
5142,0.138425701462353,1,7,1,181769,423841,15140,92816,3.926053206862055,0.17964723210950398
5143,0.1384262031642719,41,366,41,182135,423475,15181,92775,3.92266293675201,0.1797094430992736
5144,0.1384276366392114,1,1,1,182136,423474,15182,92774,3.9226536737189224,0.17970820225937922
5145,0.1384331310506352,0,1,0,182137,423473,15182,92774,3.922644410685835,0.17970855036445732
5146,0.1384331551363579,2,31,2,182168,423442,15184,92772,3.9223572566601206,0.17971616422646422
5147,0.1384381274528606,0,2,0,182170,423440,15184,92772,3.9223387305939457,0.17971686051467226
5148,0.1384415661093049,0,4,0,182174,423436,15184,92772,3.9223016784615954,0.1797182531072746
5149,0.1384425304877897,5,36,5,182210,423400,15189,92767,3.9219682092704433,0.17972284163846197
5150,0.138443943069186,0,1,0,182211,423399,15189,92767,3.921958946237356,0.17972318982652868
5151,0.1384500167546592,0,1,0,182212,423398,15189,92767,3.9219496832042684,0.1797235380159445
5152,0.1384508186759271,0,6,0,182218,423392,15189,92767,3.921894105005743,0.1797256271807718
5153,0.1384513212905893,0,1,0,182219,423391,15189,92767,3.9218848419726555,0.1797259753796318
5154,0.138455212274983,6,35,6,182254,423356,15195,92761,3.921560635814591,0.1797286274236268
5155,0.1384576343685155,3,25,3,182279,423331,15198,92758,3.921329059987402,0.17973256550711214
5156,0.1384582063385525,0,1,0,182280,423330,15198,92758,3.9213197969543145,0.17973291376664444
5157,0.1384629666654584,1,10,1,182290,423320,15199,92757,3.921227166623439,0.17973480701523223
5158,0.1384647903714361,0,10,0,182300,423310,15199,92757,3.9211345362925636,0.17973828979570483
5159,0.1384658589338184,0,5,0,182305,423305,15199,92757,3.921088221127126,0.17974003123655685
5160,0.1384719260663136,1,1,1,182306,423304,15200,92756,3.9210789580940384,0.17973879006317095
5161,0.1384754526477435,1,20,1,182326,423284,15201,92755,3.9208936974322874,0.1797441666230653
5162,0.1384783641237016,5,37,5,182363,423247,15206,92750,3.9205509652080477,0.17974910706845196
5163,0.1384856879003742,1,1,1,182364,423246,15207,92749,3.92054170217496,0.17974786577389315
5164,0.1384892332727511,0,1,0,182365,423245,15207,92749,3.9205324391418728,0.17974821412652084
5165,0.138494391879488,1,0,1,182365,423245,15208,92748,3.9205324391418728,0.1797466244697118
5166,0.1384950498880591,0,5,0,182370,423240,15208,92748,3.920486123976435,0.17974836624107537
5167,0.1384985495079887,12,151,12,182521,423089,15220,92736,3.919087405980214,0.17978190277710465
5168,0.1385041183476389,0,6,0,182527,423083,15220,92736,3.919031827781689,0.1797839939978946
5169,0.1385062423877917,1,1,1,182528,423082,15221,92735,3.9190225647486012,0.17978275241025402
5170,0.1385081276044418,3,45,3,182573,423037,15224,92732,3.9186057282596614,0.17979366732005994
5171,0.138508733679658,2,5,2,182578,423032,15226,92730,3.9185594130942234,0.17979222974938053
5172,0.1385117733920819,0,12,0,182590,423020,15226,92730,3.918448256697173,0.1797964129907901
5173,0.1385235702845525,0,4,0,182594,423016,15226,92730,3.9184112045648227,0.17979780744785223
5174,0.1385247352789857,0,1,0,182595,423015,15226,92730,3.918401941531735,0.17979815606549748
5175,0.1385274028301353,14,161,14,182756,422854,15240,92716,3.916910593204639,0.1798320305681091
5176,0.1385293651901683,0,5,0,182761,422849,15240,92716,3.9168642780392013,0.17983377459680155
5177,0.1385327230129455,0,2,0,182763,422847,15240,92716,3.916845751973026,0.1798344722177503
5178,0.1385336882577317,0,3,0,182766,422844,15240,92716,3.9168179628737634,0.1798355186593219
5179,0.1385338825879244,1,17,1,182783,422827,15241,92715,3.916660491311275,0.17983985785833162
5180,0.1385351655752819,19,73,19,182856,422754,15260,92696,3.9159842898958837,0.1798350955475798
5181,0.138538085158501,0,1,0,182857,422753,15260,92696,3.915975026862796,0.17983544443776203
5182,0.138549599963664,2,16,2,182873,422737,15262,92694,3.9158268183333953,0.17983784444474624
5183,0.1385509899101738,1,2,1,182875,422735,15263,92693,3.91580829226722,0.1798369510387484
5184,0.1385628792119724,0,2,0,182877,422733,15263,92693,3.915789766201045,0.17983764885744996
5185,0.1385644265112235,0,9,0,182886,422724,15263,92693,3.915706398903257,0.17984078910862467
5186,0.1385655275534029,1,3,1,182889,422721,15264,92692,3.915678609803994,0.1798402446193635
5187,0.1385666703469772,13,118,13,183007,422603,15277,92679,3.914585571899663,0.17986073645110834
5188,0.1385670327903713,0,3,0,183010,422600,15277,92679,3.9145577828004003,0.1798617836162545
5189,0.1385691697084376,0,2,0,183012,422598,15277,92679,3.914539256734225,0.17986248173312608
5190,0.1385692437003646,17,141,17,183153,422457,15294,92662,3.9132331690688797,0.17988464801337167
5191,0.1385697003415209,19,157,19,183310,422300,15313,92643,3.911778872874134,0.17990923267235404
5192,0.1385740050929275,48,334,48,183644,421966,15361,92595,3.9086850198228906,0.179949510359316
5193,0.1385787213911316,0,2,0,183646,421964,15361,92595,3.9086664937567157,0.179950209791297
5194,0.1385847885236268,0,2,0,183648,421962,15361,92595,3.908647967690541,0.17995090922871518
5195,0.1385903324164453,8,28,8,183676,421934,15369,92587,3.9083886027640893,0.17994795158992538
5196,0.1385912695342035,1,19,1,183695,421915,15370,92586,3.9082126051354256,0.17995300300679687
5197,0.1385916087718958,0,1,0,183696,421914,15370,92586,3.908203342102338,0.1799533527696793
5198,0.138592158188667,0,2,0,183698,421912,15370,92586,3.908184816036163,0.17995405229952302
5199,0.1386017119118378,1,8,1,183706,421904,15371,92585,3.9081107117714624,0.1799552565749705
5200,0.1386174292875773,0,4,0,183710,421900,15371,92585,3.908073659639112,0.17995665568481103
5201,0.138618982972763,2,25,2,183735,421875,15373,92583,3.907842083811923,0.1799622126587593
5202,0.1386197695688515,12,87,12,183822,421788,15385,92571,3.907036199933306,0.17997352044000398
5203,0.1386218831256436,1,21,1,183843,421767,15386,92570,3.9068416762384675,0.17997927428903618
5204,0.138622549872924,19,108,19,183951,421659,15405,92551,3.9058412686650117,0.1799867758308862
5205,0.1386237592545173,11,62,11,184013,421597,15416,92540,3.9052669606135835,0.1799909362679597
5206,0.1386246358493951,0,11,0,184024,421586,15416,92540,3.9051650672496203,0.17999478727004664
5207,0.1386249104507743,0,2,0,184026,421584,15416,92540,3.905146541183445,0.1799954874699489
5208,0.1386249404009779,0,10,0,184036,421574,15416,92540,3.9050539108525695,0.17999898855117735
5209,0.1386314689550481,14,151,14,184187,421423,15430,92526,3.9036551928563488,0.1800295360045452
5210,0.1386315878702064,37,399,37,184586,421024,15467,92489,3.8999592426544147,0.18011033800507484
5211,0.1386333568773163,0,1,0,184587,421023,15467,92489,3.899949979621327,0.18011068874729316
5212,0.1386335512075089,4,16,4,184603,421007,15471,92485,3.8998017710919264,0.1801099140785056
5213,0.1386391734926243,0,2,0,184605,421005,15471,92485,3.899783245025751,0.1801106155913455
5214,0.1386401335164483,10,90,10,184695,420915,15481,92475,3.8989495720478713,0.18012621983287558
5215,0.1386414090677865,1,2,1,184697,420913,15482,92474,3.8989310459816964,0.18012532456022454
5216,0.1386432305173613,0,7,0,184704,420906,15482,92474,3.8988662047500835,0.1801277805913748
5217,0.138646174584791,1,0,1,184704,420906,15483,92473,3.8988662047500835,0.18012618357977245
5218,0.1386466378955802,0,30,0,184734,420876,15483,92473,3.8985883137574566,0.18013671011339263
5219,0.1386466917509321,0,2,0,184736,420874,15483,92473,3.8985697876912817,0.18013741192604613
5220,0.1386467450452376,1,18,1,184754,420856,15484,92472,3.8984030530957057,0.1801421313468192
5221,0.1386492685832485,1,10,1,184764,420846,15485,92471,3.89831042276483,0.18014404354424265
5222,0.1386554219014541,5,89,5,184853,420757,15490,92466,3.8974860128200377,0.18016729569797144
5223,0.138656010386294,0,6,0,184859,420751,15490,92466,3.8974304346215125,0.18016940202682297
5224,0.1386562159920333,0,4,0,184863,420747,15490,92466,3.8973933824891622,0.18017080627341864
5225,0.1386610726233884,0,1,0,184864,420746,15490,92466,3.8973841194560745,0.1801711573384878
5226,0.1386612804841487,0,10,0,184874,420736,15490,92466,3.897291489125199,0.18017466806442686
5227,0.1386620670802371,18,121,18,184995,420615,15508,92448,3.8961706621216052,0.1801883979160454
5228,0.1386624624209772,3,12,3,185007,420603,15511,92445,3.8960595057245544,0.18018781868363193
5229,0.138663375671914,0,2,0,185009,420601,15511,92445,3.8960409796583795,0.18018852110726913
5230,0.1386649999979073,9,74,9,185083,420527,15520,92436,3.8953555152099004,0.1802001313934923
5231,0.1386671763723838,0,2,0,185085,420525,15520,92436,3.895336989143725,0.18020083398153075
5232,0.1386737664664337,11,157,11,185242,420368,15531,92425,3.893882692948979,0.1802384197912218
5233,0.1386786043524409,5,49,5,185291,420319,15536,92420,3.893428804327689,0.18024765036402537
5234,0.1386809471557124,0,1,0,185292,420318,15536,92420,3.8934195412946013,0.18024800190350626
5235,0.1386833828886211,0,1,0,185293,420317,15536,92420,3.893410278261514,0.1802483534443584
5236,0.1386899751285859,6,91,6,185384,420226,15542,92414,3.8925673422505467,0.18027075530586767
5237,0.1386924651733085,0,5,0,185389,420221,15542,92414,3.8925210270851087,0.18027251358178822
5238,0.1386939731692663,1,2,1,185391,420219,15543,92413,3.892502501018934,0.18027161784672047
5239,0.13869621700502,1,8,1,185399,420211,15544,92412,3.8924283967542332,0.1802728320812761
5240,0.1386987591344598,30,296,30,185695,419915,15574,92382,3.889686538960317,0.18032898884826576
5241,0.1386987903584075,0,24,0,185719,419891,15574,92382,3.889464226166216,0.18033743726489587
5242,0.1386995532250391,5,12,5,185731,419879,15579,92377,3.8893530697691654,0.18033366129435283
5243,0.1387013805314222,0,3,0,185734,419876,15579,92377,3.8893252806699024,0.18033471741502735
5244,0.1387070028165376,2,2,2,185736,419874,15581,92375,3.8893067546037274,0.18033222124396533
5245,0.1387071971467303,18,109,18,185845,419765,15599,92357,3.888297083997184,0.180341793557004
5246,0.138708337230913,30,332,30,186177,419433,15629,92327,3.885221757012116,0.18041073940909802
5247,0.138708493512396,0,2,0,186179,419431,15629,92327,3.8852032309459408,0.18041144447180113
5248,0.1387113497114792,0,6,0,186185,419425,15629,92327,3.8851476527474156,0.1804135596929763
5249,0.1387121767679898,0,1,0,186186,419424,15629,92327,3.885138389714328,0.180413912234661
5250,0.1387132445279544,1,3,1,186189,419421,15630,92326,3.8851106006150653,0.18041336832458227
5251,0.1387164485813916,1,14,1,186203,419407,15631,92325,3.8849809181518395,0.18041670249271102
5252,0.1387165205436057,1,0,1,186203,419407,15632,92324,3.8849809181518395,0.18041510090262267
5253,0.1387167714924375,7,66,7,186269,419341,15639,92317,3.884369557968061,0.1804271603297515
5254,0.1387192708538979,1,1,1,186270,419340,15640,92316,3.8843602949349734,0.18042591115905998
5255,0.1387213753309039,2,15,2,186285,419325,15642,92314,3.8842213494386604,0.1804279970838814
5256,0.1387221281498016,1,6,1,186291,419319,15643,92313,3.8841657712401347,0.1804285111173656
5257,0.1387229145224699,1,47,1,186338,419272,15644,92312,3.88373040868502,0.1804434853318321
5258,0.1387230490976759,5,37,5,186375,419235,15649,92307,3.88338767646078,0.18044852622072088
5259,0.1387238356937643,4,15,4,186390,419220,15653,92303,3.883248730964467,0.18044740901191147
5260,0.1387242229576985,31,222,31,186612,418998,15684,92272,3.88119233761903,0.18047606939581826
5261,0.1387302917448905,0,1,0,186613,418997,15684,92272,3.8811830745859424,0.18047642239212625
5262,0.138735439439896,0,1,0,186614,418996,15684,92272,3.8811738115528547,0.18047677538981513
5263,0.1387405502812163,2,30,2,186644,418966,15686,92270,3.8808959205602283,0.1804841599574365
5264,0.138741077687371,0,5,0,186649,418961,15686,92270,3.8808496053947903,0.1804859251492965
5265,0.1387419847383184,0,2,0,186651,418959,15686,92270,3.8808310793286154,0.18048663123570846
5266,0.1387425929197917,0,1,0,186652,418958,15686,92270,3.8808218162955277,0.18048698428098617
5267,0.1387450237183123,0,20,0,186672,418938,15686,92270,3.8806365556337767,0.18049404547659662
5268,0.1387464136648221,1,14,1,186686,418924,15687,92269,3.880506873170551,0.1804973855275796
5269,0.1387468876587261,0,2,0,186688,418922,15687,92269,3.880488347104376,0.1804980917113173
5270,0.1387498269544618,36,350,36,187038,418572,15723,92233,3.8772462855237317,0.18056401170701147
5271,0.1387520359499375,4,4,4,187042,418568,15727,92229,3.8772092333913815,0.18055900876473432
5272,0.1387524003078492,24,318,24,187360,418250,15751,92205,3.8742635888695394,0.18063296470795662
5273,0.1387536472228649,0,9,0,187369,418241,15751,92205,3.8741802215717516,0.18063614956332305
5274,0.1387542715250997,1,1,1,187370,418240,15752,92204,3.874170958538664,0.18063489824544907
5275,0.1387608597158117,1,2,1,187372,418238,15753,92203,3.874152432472489,0.18063400079539066
5276,0.1387621310405617,1,7,1,187379,418231,15754,92202,3.874087591240876,0.18063487274529663
5277,0.1387637766513016,0,21,0,187400,418210,15754,92202,3.8738930675460375,0.18064230464800984
5278,0.1387653466090616,1,48,1,187448,418162,15755,92201,3.8734484419578346,0.1806576887431103
5279,0.1387660204870553,5,47,5,187495,418115,15760,92196,3.8730130794027198,0.18066629957026206
5280,0.1387661332051499,2,32,2,187527,418083,15762,92194,3.872716662343918,0.1806744180121777
5281,0.1387694159059751,1,6,1,187533,418077,15763,92193,3.872661084145393,0.18067493679816568
5282,0.1387728875560819,0,1,0,187534,418076,15763,92193,3.872651821112305,0.18067529087598894
5283,0.1387739771192883,8,38,8,187572,418038,15771,92185,3.872299825854978,0.18067590053760807
5284,0.1387750115962346,0,1,0,187573,418037,15771,92185,3.8722905628218904,0.1806762546499367
5285,0.1387750264706436,1,22,1,187595,418015,15772,92184,3.872086776093964,0.1806824395970984
5286,0.138779389798862,23,251,23,187846,417764,15795,92161,3.869761754788988,0.1807344217286856
5287,0.1387842779053049,0,1,0,187847,417763,15795,92161,3.8697524917559005,0.1807347761627223
5288,0.138784316347425,1,20,1,187867,417743,15796,92160,3.8695672310941496,0.1807402584413114
5289,0.1387899451301805,0,1,0,187868,417742,15796,92160,3.869557968061062,0.18074061290208707
5290,0.1387903349168866,3,48,3,187916,417694,15799,92157,3.8691133424728594,0.1807528081733683
5291,0.1387907438463832,0,6,0,187922,417688,15799,92157,3.869057764274334,0.18075493532348066
5292,0.1387951959100145,5,26,5,187948,417662,15804,92152,3.8688169254140576,0.18075611889826484
5293,0.1387977844525894,10,87,10,188035,417575,15814,92142,3.8680110415354405,0.18077089836124752
5294,0.1387985014794769,0,3,0,188038,417572,15814,92142,3.867983252436178,0.1807719623161224
5295,0.1387994142370644,0,10,0,188048,417562,15814,92142,3.867890622105302,0.1807755089228258
5296,0.1387999130133397,0,4,0,188052,417558,15814,92142,3.867853569972952,0.18077692760447323
5297,0.1388036994821316,0,1,0,188053,417557,15814,92142,3.8678443069398645,0.1807772822783643
5298,0.1388109405080603,0,1,0,188054,417556,15814,92142,3.867835043906777,0.18077763695364707
5299,0.1388116072553407,24,163,24,188217,417393,15838,92118,3.8663251695135057,0.18079688171599828
5300,0.1388120457866909,0,1,0,188218,417392,15838,92118,3.866315906480418,0.18079723656061705
5301,0.138812816636934,19,157,19,188375,417235,15857,92099,3.864861610285672,0.180822407300514
5302,0.1388128530422257,0,2,0,188377,417233,15857,92099,3.8648430842194967,0.1808231173380035
5303,0.1388131679655265,3,7,3,188384,417226,15860,92096,3.864778242987884,0.1808207774256757
5304,0.1388142429887355,1,3,1,188387,417223,15861,92095,3.8647504538886213,0.18082023411699566
5305,0.1388147236265924,0,16,0,188403,417207,15861,92095,3.8646022453592206,0.18082591468323314
5306,0.1388149783010394,0,3,0,188406,417204,15861,92095,3.8645744562599575,0.1808269798291377
5307,0.1388180833875417,24,232,24,188638,416972,15885,92071,3.8624254325836453,0.18087077123150697
5308,0.1388198652738508,0,5,0,188643,416967,15885,92071,3.8623791174182074,0.18087254782550616
5309,0.1388200596040435,14,173,14,188816,416794,15899,92057,3.8607766126940604,0.18091150454651755
5310,0.138822498375287,10,31,10,188847,416763,15909,92047,3.8604894586683463,0.18090642872585053
5311,0.1388250717286745,3,40,3,188887,416723,15912,92044,3.8601189373448443,0.18091582197744743
5312,0.1388268944446807,0,3,0,188890,416720,15912,92044,3.8600911482455817,0.18091688877357676
5313,0.1388288057528792,1,12,1,188902,416708,15913,92043,3.859979991848531,0.18091954610408628
5314,0.1388299603644751,0,1,0,188903,416707,15913,92043,3.8599707288154432,0.18091990171990172
5315,0.1388336721498923,12,93,12,188996,416614,15925,92031,3.859109266738301,0.18093365706927228
5316,0.1388357769797831,6,69,6,189065,416545,15931,92025,3.8584701174552594,0.18094854199028648
5317,0.1388368328224349,3,40,3,189105,416505,15934,92022,3.8580995961317575,0.18095794323605235
5318,0.1388383838493324,0,5,0,189110,416500,15934,92022,3.8580532809663195,0.18095972248988246
5319,0.1388403431429195,8,109,8,189219,416391,15942,92014,3.857043610359776,0.1809856315339149
5320,0.1388407433415668,0,2,0,189221,416389,15942,92014,3.857025084293601,0.18098634351095488
5321,0.1388432502463454,2,34,2,189255,416355,15944,92012,3.8567101411686244,0.18099522588995745
5322,0.1388441076213535,2,17,2,189272,416338,15946,92010,3.8565526696061356,0.18099805644951883
5323,0.1388446923378969,0,18,0,189290,416320,15946,92010,3.85638593501056,0.18100446560305314
5324,0.1388450677687107,0,2,0,189292,416318,15946,92010,3.8563674089443847,0.18100517775924208
5325,0.1388463181504803,0,8,0,189300,416310,15946,92010,3.856293304679684,0.18100802644003777
5326,0.1388468475220514,6,35,6,189335,416275,15952,92004,3.8559690985216197,0.1810108227961415
5327,0.1388484221466929,5,117,5,189452,416158,15957,91999,3.854885323650376,0.18104444098969413
5328,0.1388506859897573,0,1,0,189453,416157,15957,91999,3.8548760606172885,0.181044797266981
5329,0.1388516461612159,0,1,0,189454,416156,15957,91999,3.854866797584201,0.1810451535456701
5330,0.1388525501981744,1,9,1,189463,416147,15958,91998,3.854783430286413,0.181046748467465
5331,0.1388536857178066,0,2,0,189465,416145,15958,91998,3.8547649042202377,0.1810474610493503
5332,0.1388539401446842,0,2,0,189467,416143,15958,91998,3.8547463781540627,0.1810481736368449
5333,0.1388564256185045,7,36,7,189503,416107,15965,91991,3.8544129089629107,0.18104971875504333
5334,0.1388577133477777,0,1,0,189504,416106,15965,91991,3.8544036459298234,0.18105007508408827
5335,0.1388578861756255,1,16,1,189520,416090,15966,91990,3.8542554374004223,0.18105416469847269
5336,0.1388603808989273,27,314,27,189834,415776,15993,91963,3.8513468450109305,0.18112258463501918
5337,0.1388607303059418,2,9,2,189843,415767,15995,91961,3.8512634777131423,0.18112256956480635
5338,0.1388653652806733,0,2,0,189845,415765,15995,91961,3.8512449516469673,0.181123283030611
5339,0.1388721429858849,9,66,9,189911,415699,16004,91952,3.850633591463189,0.18113231334125215
5340,0.13887324842837,0,1,0,189912,415698,16004,91952,3.850624328430101,0.18113267014675466
5341,0.1388788139789121,5,54,5,189966,415644,16009,91947,3.850124124643373,0.18114387370934473
5342,0.1388792141775594,0,2,0,189968,415642,16009,91947,3.850105598577198,0.18114458745165873
5343,0.1388793736125046,3,22,3,189990,415620,16012,91944,3.849901811849272,0.181147599120505
5344,0.1388817210823381,1,10,1,190000,415610,16013,91943,3.8498091815183964,0.18114955482481632
5345,0.1388819469658921,2,30,2,190030,415580,16015,91941,3.84953129052577,0.18115703586649617
5346,0.1388825784573461,0,12,0,190042,415568,16015,91941,3.849420134128719,0.1811613193066527
5347,0.1388874448543592,8,51,8,190093,415517,16023,91933,3.848947719441254,0.18116661740072915
5348,0.1388878889279568,2,21,2,190114,415496,16025,91931,3.8487531957464154,0.1811708876350687
5349,0.1388879204562517,0,2,0,190116,415494,16025,91931,3.84873466968024,0.18117160171453908
5350,0.1388884636602147,1,0,1,190116,415494,16026,91930,3.84873466968024,0.18116998801791007
5351,0.1388893645952171,0,13,0,190129,415481,16026,91930,3.848614250250102,0.18117462963948358
5352,0.1388900816221046,0,1,0,190130,415480,16026,91930,3.8486049872170143,0.18117498669714827
5353,0.1388901847550571,19,139,19,190269,415341,16045,91911,3.8473174256178444,0.18119396276406993
5354,0.1388921565537993,1,0,1,190269,415341,16046,91910,3.8473174256178444,0.18119234856116598
5355,0.1388933233093444,1,3,1,190272,415338,16047,91909,3.847289636518582,0.18119180596435266
5356,0.1388947157088567,0,5,0,190277,415333,16047,91909,3.847243321353144,0.18119359201327967
5357,0.1388955671450981,0,3,0,190280,415330,16047,91909,3.8472155322538812,0.1811946636595372
5358,0.1388970229508123,1,18,1,190298,415312,16048,91908,3.847048797658305,0.18119947951579196
5359,0.1388997628515102,19,155,19,190453,415157,16067,91889,3.845613027529734,0.18122418873238325
5360,0.1388999280999221,24,223,24,190676,414934,16091,91865,3.84354737115121,0.1812651564032289
5361,0.1389018505775022,3,16,3,190692,414918,16094,91862,3.8433991626218087,0.1812660325979715
5362,0.1389024342141246,0,1,0,190693,414917,16094,91862,3.8433898995887215,0.18126639028057595
5363,0.1389036063036964,2,13,2,190706,414904,16096,91860,3.843269480158583,0.18126780907878223
5364,0.1389046621463482,2,11,2,190717,414893,16098,91858,3.8431675867946202,0.18126851254363582
5365,0.1389096635301695,3,40,3,190757,414853,16101,91855,3.842797065471118,0.18127797469153833
5366,0.138910028154973,1,4,1,190761,414849,16102,91854,3.8427600133387676,0.18127778994795768
5367,0.1389104327133206,3,0,3,190761,414849,16105,91851,3.8427600133387676,0.1812729425695678
5368,0.1389125216618102,1,2,1,190763,414847,16106,91850,3.8427414872725927,0.18127204226589066
5369,0.1389147082007968,1,9,1,190772,414838,16107,91849,3.8426581199748044,0.18127364625498582
5370,0.1389156209583843,0,1,0,190773,414837,16107,91849,3.842648856941717,0.18127400401826774
5371,0.1389161216325156,18,134,18,190907,414703,16125,91831,3.841407610507985,0.18129286484224158
5372,0.1389183382771182,12,106,12,191013,414597,16137,91819,3.840425729000704,0.18131141196170736
5373,0.1389196337707461,1,10,1,191023,414587,16138,91818,3.8403330986698285,0.1813133756578233
5374,0.1389221495124545,24,170,24,191193,414417,16162,91794,3.838758383044944,0.1813354510273384
5375,0.1389257154995389,0,3,0,191196,414414,16162,91794,3.8387305939456815,0.18133652569694672
5376,0.1389259156903518,6,48,6,191244,414366,16168,91788,3.838285968357479,0.18134401782856602
5377,0.1389275860839056,1,30,1,191274,414336,16169,91787,3.838008077364852,0.18135314933326485
5378,0.138929607663633,20,164,20,191438,414172,16189,91767,3.8364889399384934,0.18137957342683605
5379,0.138935493786805,0,9,0,191447,414163,16189,91767,3.8364055726407056,0.18138279999209378
5380,0.1389365014420194,5,28,5,191475,414135,16194,91762,3.836146207714254,0.18138474827879983
5381,0.1389425552552646,8,13,8,191488,414122,16202,91754,3.8360257882841156,0.18137646379745234
5382,0.1389468943675914,3,4,3,191492,414118,16205,91751,3.8359887361517657,0.1813730432186989
5383,0.1389484124729054,0,2,0,191494,414116,16205,91751,3.8359702100855904,0.18137376029667876
5384,0.1389491770945399,21,116,21,191610,414000,16226,91730,3.834895698247434,0.18138136950546735
5385,0.1389496952797481,3,16,3,191626,413984,16229,91727,3.8347474897180334,0.18138225191858592
5386,0.1389518976713114,2,3,2,191629,413981,16231,91725,3.8347197006187708,0.18138009040826092
5387,0.1389519610415551,2,15,2,191644,413966,16233,91723,3.8345807551224573,0.18138223295345557
5388,0.1389520450333298,0,1,0,191645,413965,16233,91723,3.8345714920893696,0.18138259163753145
5389,0.138952218817759,1,9,1,191654,413956,16234,91722,3.834488124791582,0.18138420101329306
5390,0.1389546183867173,0,1,0,191655,413955,16234,91722,3.834478861758494,0.1813845597090633
5391,0.138956292984128,0,1,0,191656,413954,16234,91722,3.8344695987254065,0.18138491840625223
5392,0.1389575547952101,1,11,1,191667,413943,16235,91721,3.8343677053614433,0.18138724528540692
5393,0.1389584732883918,0,1,0,191668,413942,16235,91721,3.834358442328356,0.18138760399712853
5394,0.1389616615917538,15,89,15,191757,413853,16250,91706,3.8335340323835636,0.18139524763677434
5395,0.138962263651462,0,4,0,191761,413849,16250,91706,3.8334969802512133,0.18139668285349764
5396,0.138963034501705,11,101,11,191862,413748,16261,91695,3.8325614139093704,0.18141511505748423
5397,0.1389639449291178,2,21,2,191883,413727,16263,91693,3.832366890214532,0.18141941355704166
5398,0.1389644470238401,19,215,19,192098,413512,16282,91674,3.8303753381007075,0.18146583634542524
5399,0.1389654126554877,4,17,4,192115,413495,16286,91670,3.830217866538219,0.1814654617798145
5400,0.1389708286042736,0,1,0,192116,413494,16286,91670,3.830208603505132,0.1814658210007047
5401,0.1389725995207473,1,22,1,192138,413472,16287,91669,3.8300048167772056,0.181472103828436
5402,0.1389754552053591,1,1,1,192139,413471,16288,91668,3.829995553744118,0.18147084267894578
5403,0.1389802053750961,0,1,0,192140,413470,16288,91668,3.8299862907110303,0.18147120192897784
5404,0.1389861676010316,1,10,1,192150,413460,16289,91667,3.8298936603801548,0.18147317407305488
5405,0.1389905445433577,13,84,13,192234,413376,16302,91654,3.8291155656008002,0.18148228818090015
5406,0.13899343072013,0,4,0,192238,413372,16302,91654,3.82907851346845,0.18148372559036566
5407,0.1389954154078189,1,0,1,192238,413372,16303,91653,3.82907851346845,0.18148210484629473
5408,0.138995661924425,0,1,0,192239,413371,16303,91653,3.8290692504353627,0.1814824641997212
5409,0.1389960982712796,21,171,21,192410,413200,16324,91632,3.8274852717773906,0.18150988843813387
5410,0.1389972888322632,0,1,0,192411,413199,16324,91632,3.8274760087443034,0.1815102479839788
5411,0.1390001226398109,8,54,8,192465,413145,16332,91624,3.8269758049575753,0.1815166937747762
5412,0.1390031903259451,1,9,1,192474,413136,16333,91623,3.8268924376597875,0.18151830873743707
5413,0.139004035683456,1,2,1,192476,413134,16334,91622,3.826873911593612,0.18151740643003747
5414,0.13900410905034,0,4,0,192480,413130,16334,91622,3.826836859461262,0.18151884489808856
5415,0.1390043307659327,1,9,1,192489,413121,16335,91621,3.826753492163474,0.1815204599577606
5416,0.1390056549827716,22,205,22,192694,412916,16357,91599,3.8248545703805252,0.18155852650565393
5417,0.1390062883434246,0,2,0,192696,412914,16357,91599,3.8248360443143503,0.181559246243407
5418,0.1390082274499815,0,8,0,192704,412906,16357,91599,3.8247619400496498,0.18156212525148413
5419,0.1390082283361591,36,327,36,193031,412579,16393,91563,3.8217329282300194,0.1816214479253861
5420,0.1390101473812408,17,112,17,193143,412467,16410,91546,3.8206954685242134,0.18163420387966184
5421,0.1390117916162561,0,2,0,193145,412465,16410,91546,3.8206769424580385,0.1816349246345814
5422,0.1390137296550823,8,39,8,193184,412426,16418,91538,3.820315684167624,0.18163598987229246
5423,0.1390147236915047,0,4,0,193188,412422,16418,91538,3.8202786320352735,0.1816374315421859
5424,0.1390175246036614,0,4,0,193192,412418,16418,91538,3.8202415799029232,0.18163887323496497
5425,0.1390200481416723,0,1,0,193193,412417,16418,91538,3.820232316869836,0.18163923366173568
5426,0.1390203630069738,0,1,0,193194,412416,16418,91538,3.8202230538367483,0.18163959408993677
5427,0.139021300124732,1,1,1,193195,412415,16419,91537,3.8202137908036606,0.18163833063466361
5428,0.1390253841191234,2,3,2,193198,412412,16421,91535,3.820186001704398,0.1816361641204333
5429,0.1390258647569803,5,68,5,193266,412344,16426,91530,3.8195561154544446,0.18165255599614188
5430,0.1390274496992228,1,6,1,193272,412338,16427,91529,3.819500537255919,0.1816530949635519
5431,0.1390290153793504,7,34,7,193306,412304,16434,91522,3.8191855941309423,0.18165398371660058
5432,0.1390291372741025,0,2,0,193308,412302,16434,91522,3.819167068064767,0.18165470481755533
5433,0.1390294747579649,1,13,1,193321,412289,16435,91521,3.819046648634629,0.18165776780929319
5434,0.1390312007344314,18,114,18,193435,412175,16453,91503,3.817990662862648,0.1816696381418287
5435,0.1390319724280065,0,1,0,193436,412174,16453,91503,3.81798139982956,0.18166999882861437
5436,0.1390338817763634,27,266,27,193702,411908,16480,91476,3.815517433028271,0.18172210479474915
5437,0.1390374795291096,9,106,9,193808,411802,16489,91467,3.81453555152099,0.18174574631062115
5438,0.1390381148894797,0,3,0,193811,411799,16489,91467,3.8145077624217274,0.1817468297083451
5439,0.1390385934758035,0,21,0,193832,411778,16489,91467,3.8143132387268888,0.18175441385408697
5440,0.1390406260652689,0,20,0,193852,411758,16489,91467,3.814127978065138,0.18176163743852153
5441,0.1390414217563084,0,8,0,193860,411750,16489,91467,3.8140538738004373,0.18176452703306922
5442,0.1390424490435339,1,7,1,193867,411743,16490,91466,3.8139890325688244,0.1817654294736382
5443,0.1390434598728166,27,206,27,194073,411537,16517,91439,3.8120808477527883,0.18179595050260847
5444,0.1390443172478247,4,64,4,194137,411473,16521,91435,3.8114880136351847,0.18181257804608397
5445,0.1390456682905584,1,22,1,194159,411451,16522,91434,3.8112842269072584,0.18181890491861957
5446,0.1390467022262833,0,2,0,194161,411449,16522,91434,3.8112657008410835,0.18181962802480894
5447,0.1390479739528228,0,19,0,194180,411430,16522,91434,3.81108970321242,0.18182649782048427
5448,0.1390493638993326,1,15,1,194195,411415,16523,91433,3.8109507577161064,0.18183029464172076
5449,0.1390511081696195,0,1,0,194196,411414,16523,91433,3.810941494683019,0.18183065624335037
5450,0.1390532417343816,1,13,1,194209,411401,16524,91432,3.8108210752528806,0.1818337300853365
5451,0.1390538953442778,3,35,3,194244,411366,16527,91429,3.810496869094816,0.18184150598156307
5452,0.13905410762932,0,1,0,194245,411365,16527,91429,3.810487606061729,0.18184186764360752
5453,0.1390560271664679,2,34,2,194279,411331,16529,91427,3.810172662936752,0.181850910378353
5454,0.1390601293004333,0,1,0,194280,411330,16529,91427,3.8101633999036646,0.18185127208571936
5455,0.1390612749302187,0,1,0,194281,411329,16529,91427,3.810154136870577,0.18185163379452457
5456,0.1390617531184263,0,2,0,194283,411327,16529,91427,3.810135610804402,0.1818523572164518
5457,0.1390650812750722,2,16,2,194299,411311,16531,91425,3.809987402275001,0.18185489004169186
5458,0.1390657277166666,7,18,7,194317,411293,16538,91418,3.809820667679425,0.18185000924984732
5459,0.1390723526123561,17,117,17,194434,411176,16555,91401,3.8087368928081813,0.18186466949343086
5460,0.1390773314627984,0,2,0,194436,411174,16555,91401,3.808718366742006,0.1818653932248918
5461,0.1390779767051541,5,19,5,194455,411155,16560,91396,3.8085423691133427,0.18186412921275652
5462,0.1390783365927466,0,3,0,194458,411152,16560,91396,3.8085145800140796,0.18186521486504773
5463,0.1390787237525827,0,10,0,194468,411142,16560,91396,3.808421949683204,0.18186883379963306
5464,0.1390790969012616,4,4,4,194472,411138,16564,91392,3.808384897550854,0.18186376932720436
5465,0.1390819307088092,11,101,11,194573,411037,16575,91381,3.807449331209011,0.18188241663316204
5466,0.1390827880838173,3,26,3,194599,411011,16578,91378,3.807208492348735,0.18188694418070459
5467,0.1390872336906994,5,54,5,194653,410957,16583,91373,3.8067082885620067,0.181898353671889
5468,0.1390876544808304,11,218,11,194871,410739,16594,91362,3.80468894734892,0.18195940657357781
5469,0.1390876784139074,1,14,1,194885,410725,16595,91361,3.804559264885694,0.1819628509856877
5470,0.1390888951187862,2,14,2,194899,410711,16597,91359,3.8044295824224683,0.1819646662815942
5471,0.1390901045003794,4,16,4,194915,410695,16601,91355,3.8042813738930676,0.18196394781396275
5472,0.1390910416181376,0,16,0,194931,410679,16601,91355,3.8041331653636665,0.18196974706892363
5473,0.1390915552210227,6,50,6,194981,410629,16607,91349,3.803670013709289,0.18197809465753478
5474,0.1390923661802704,2,10,2,194991,410619,16609,91347,3.8035773833784132,0.18197846069255685
5475,0.1390936940808937,1,2,1,194993,410617,16610,91346,3.8035588573122383,0.1819775561146937
5476,0.1390972325772835,16,143,16,195136,410474,16626,91330,3.802234243580718,0.18200333197822258
5477,0.1390990300583448,4,12,4,195148,410462,16630,91326,3.8021230871836673,0.1820011638381149
5478,0.1390992782400002,38,261,38,195409,410201,16668,91288,3.799705435547816,0.18203390303675654
5479,0.1390992852691382,2,10,2,195419,410191,16670,91286,3.7996128052169404,0.18203427076416268
5480,0.1390999812194019,0,1,0,195420,410190,16670,91286,3.7996035421838528,0.18203463376113713
5481,0.1391001643961925,13,165,13,195585,410025,16683,91273,3.7980751417244063,0.18207333761555003
5482,0.1391028589455296,3,7,3,195592,410018,16686,91270,3.7980103004927934,0.18207098514227352
5483,0.1391086911531628,0,2,0,195594,410016,16686,91270,3.797991774426618,0.18207171155787316
5484,0.1391134739130494,0,6,0,195600,410010,16686,91270,3.797936196228093,0.182073890839451
5485,0.1391158032767361,0,2,0,195602,410008,16686,91270,3.797917670161918,0.18207461727823682
5486,0.1391171932232459,0,2,0,195604,410006,16686,91270,3.7978991440957426,0.18207534372281936
5487,0.1391212971832009,0,4,0,195608,410002,16686,91270,3.7978620919633923,0.18207679662937487
5488,0.139123009838554,18,174,18,195782,409828,16704,91252,3.796250324206158,0.18211064101540672
5489,0.1391243490446829,0,12,0,195794,409816,16704,91252,3.796139167809107,0.18211500235496977
5490,0.1391245648661697,0,2,0,195796,409814,16704,91252,3.7961206417429323,0.18211572926520658
5491,0.139126125316823,11,70,11,195866,409744,16715,91241,3.7954722294268035,0.18212321726199387
5492,0.1391300260570153,3,22,3,195888,409722,16718,91238,3.795268442698877,0.1821263174704567
5493,0.139131641047591,0,3,0,195891,409719,16718,91238,3.7952406535996146,0.1821274081408185
5494,0.1391352016408144,2,39,2,195930,409680,16720,91236,3.7948793953092,0.1821383225930096
5495,0.1391357034132761,3,60,3,195990,409620,16723,91233,3.7943236133239466,0.18215524315517725
5496,0.1391377749942019,7,58,7,196048,409562,16730,91226,3.7937863574048687,0.1821649081048268
5497,0.1391377835090643,0,5,0,196053,409557,16730,91226,3.7937400422394307,0.18216672690566574
5498,0.1391387272142935,9,73,9,196126,409484,16739,91217,3.7930638408240394,0.1821785856229566
5499,0.1391394056477471,1,10,1,196136,409474,16740,91216,3.792971210493164,0.1821805907847171
5500,0.1391426634602763,1,0,1,196136,409474,16741,91215,3.792971210493164,0.18217895739670734
5501,0.1391427648817358,0,8,0,196144,409466,16741,91215,3.7928971062284633,0.1821818682953817
5502,0.1391435955424509,1,21,1,196165,409445,16742,91214,3.7927025825336247,0.18218787637893258
5503,0.1391476425724073,2,35,2,196200,409410,16744,91212,3.7923783763755603,0.18219734650095282
5504,0.1391557561282319,16,140,16,196340,409270,16760,91196,3.7910815517433027,0.18222216893854928
5505,0.1391573078592944,0,5,0,196345,409265,16760,91196,3.7910352365778652,0.18222398948169788
5506,0.1391578217782894,0,8,0,196353,409257,16760,91196,3.7909611323131647,0.1822269024264017
5507,0.1391584453147526,0,4,0,196357,409253,16760,91196,3.7909240801808144,0.18222835893367756
5508,0.139159975410444,24,234,24,196591,409019,16784,91172,3.788756530438327,0.18227437119020534
5509,0.139160087146057,1,7,1,196598,409012,16785,91171,3.788691689206714,0.18227528724486838
5510,0.139160836410136,1,38,1,196636,408974,16786,91170,3.788339693949387,0.1822875011996545
5511,0.1391689116054262,0,1,0,196637,408973,16786,91170,3.7883304309162993,0.18228786567041827
5512,0.1391697914782507,1,3,1,196640,408970,16787,91169,3.7883026418170367,0.18228732412389356
5513,0.1391719957015767,0,4,0,196644,408966,16787,91169,3.7882655896846864,0.1822887820288522
5514,0.1391747676180276,7,119,7,196763,408847,16794,91162,3.7871632887472675,0.1823207182270719
5515,0.139176504884751,3,76,3,196839,408771,16797,91159,3.786459298232613,0.18234352809393314
5516,0.1391773339025706,0,1,0,196840,408770,16797,91159,3.786450035199526,0.18234389283278227
5517,0.1391858930538365,3,17,3,196857,408753,16800,91156,3.7862925636370375,0.18234518682400197
5518,0.1391872451941551,2,16,2,196873,408737,16802,91154,3.7861443551076364,0.18234775180989457
5519,0.1391896759584761,0,1,0,196874,408736,16802,91154,3.7861350920745487,0.18234811658564884
5520,0.1391908391624673,1,25,1,196899,408711,16803,91153,3.78590351624736,0.18235560072339677
5521,0.1391917445388202,3,28,3,196927,408683,16806,91150,3.7856441513209087,0.18236090854345352
5522,0.1391972848323982,0,3,0,196930,408680,16806,91150,3.7856163622216457,0.18236200308104755
5523,0.1391986140805935,2,19,2,196949,408661,16808,91148,3.7854403645929824,0.1823656636835271
5524,0.1392023846574426,1,5,1,196954,408656,16809,91147,3.7853940494275444,0.1823658521457454
5525,0.1392052869868124,4,16,4,196970,408640,16813,91143,3.7852458408981438,0.18236514647356952
5526,0.1392065565382069,0,11,0,196981,408629,16813,91143,3.7851439475341806,0.18236916033711373
5527,0.1392072435776006,1,3,1,196984,408626,16814,91142,3.785116158434918,0.1823686190392342
5528,0.1392154718963207,0,1,0,196985,408625,16814,91142,3.7851068954018303,0.18236898394651907
5529,0.139216865458617,0,3,0,196988,408622,16814,91142,3.7850791063025677,0.18237007867713562
5530,0.1392212885116287,21,221,21,197209,408401,16835,91121,3.7830319759902182,0.18241639006890586
5531,0.1392240176642674,2,33,2,197242,408368,16837,91119,3.7827262958983288,0.18242516822259638
5532,0.1392273961826548,3,24,3,197266,408344,16840,91116,3.7825039831042275,0.18242902334521283
5533,0.1392286657340493,0,1,0,197267,408343,16840,91116,3.7824947200711403,0.18242938859846353
5534,0.139228824898043,1,22,1,197289,408321,16841,91115,3.782290933343214,0.18243578756837714
5535,0.1392288319271811,2,3,2,197292,408318,16843,91113,3.7822631442439514,0.18243360944755133
5536,0.1392334334152292,0,1,0,197293,408317,16843,91113,3.7822538812108637,0.18243397473119355
5537,0.1392335386441281,2,0,2,197293,408317,16845,91111,3.7822538812108637,0.18243070072162554
5538,0.1392346908834172,0,1,0,197294,408316,16845,91111,3.782244618177776,0.1824310660016379
5539,0.1392351756850787,1,5,1,197299,408311,16846,91110,3.7821983030123385,0.18243125539374597
5540,0.1392372115019961,1,12,1,197311,408299,16847,91109,3.7820871466152877,0.1824340018582001
5541,0.1392403223651505,0,9,0,197320,408290,16847,91109,3.7820037793175,0.1824372896221258
5542,0.1392443342086643,1,14,1,197334,408276,16848,91108,3.781874096854274,0.18244076702497478
5543,0.1392451632264839,0,1,0,197335,408275,16848,91108,3.7818648338211864,0.18244113235732895
5544,0.1392466547454506,4,12,4,197347,408263,16852,91104,3.7817536774241356,0.18243896773315016
5545,0.1392506459663775,2,8,2,197355,408255,16854,91102,3.7816795731594355,0.1824386160602535
5546,0.1392515555530718,1,14,1,197369,408241,16855,91101,3.7815498906962097,0.1824420937954348
5547,0.1392516672886848,0,4,0,197373,408237,16855,91101,3.7815128385638594,0.18244355526717373
5548,0.1392605050297205,3,30,3,197403,408207,16858,91098,3.7812349475712326,0.18244960495088172
5549,0.1392640415353569,17,160,17,197563,408047,16875,91081,3.779752862277224,0.18248024554823614
5550,0.1392685108800277,0,1,0,197564,408046,16875,91081,3.7797435992441364,0.18248061114706277
5551,0.1392708519058853,0,6,0,197570,408040,16875,91081,3.779688021045611,0.18248280477078704
5552,0.1392731163107257,0,1,0,197571,408039,16875,91081,3.7796787580125235,0.18248317037986858
5553,0.1392762910731161,3,40,3,197611,407999,16878,91078,3.7793082366890216,0.18249288185991341
5554,0.1392770025221551,0,8,0,197619,407991,16878,91078,3.779234132424321,0.18249580719299335
5555,0.1392774731964643,1,1,1,197620,407990,16879,91077,3.7792248693912334,0.18249453480194042
5556,0.1392779525012029,22,204,22,197824,407786,16901,91055,3.7773352106413722,0.18253311175304354
5557,0.1392791618827961,13,121,13,197945,407665,16914,91042,3.7762143836377784,0.18255609004886636
5558,0.1392853027862747,9,29,9,197974,407636,16923,91033,3.775945755678239,0.18255195329968377
5559,0.139289117835542,2,26,2,198000,407610,16925,91031,3.775704916817963,0.18255819316903343
5560,0.1392917648474938,18,239,18,198239,407371,16943,91013,3.7734910519100375,0.1826162156088478
5561,0.1392932794171338,0,3,0,198242,407368,16943,91013,3.773463262810775,0.1826173148655346
5562,0.1392939648000704,0,3,0,198245,407365,16943,91013,3.773435473711512,0.1826184141354554
5563,0.1392952255065681,1,2,1,198247,407363,16944,91012,3.773416947645337,0.1826175068974166
5564,0.139298282700178,0,8,0,198255,407355,16944,91012,3.7733428433806364,0.1826204383516565
5565,0.1392988609523523,0,8,0,198263,407347,16944,91012,3.7732687391159363,0.18262336990001185
5566,0.1393025312954661,2,3,2,198266,407344,16946,91010,3.7732409500166733,0.1826211889540367
5567,0.1393057846242165,0,1,0,198267,407343,16946,91010,3.773231686983586,0.18262155540349911
5568,0.1393064430573168,1,6,1,198273,407337,16947,91009,3.7731761087850604,0.18262211395295638
5569,0.1393069030835304,1,13,1,198286,407324,16948,91008,3.7730556893549223,0.18262523779327838
5570,0.1393081259693385,0,11,0,198297,407313,16948,91008,3.772953795990959,0.1826292690855894
5571,0.1393197727993313,1,2,1,198299,407311,16949,91007,3.7729352699247842,0.1826283618091259
5572,0.1393270648022393,0,11,0,198310,407300,16949,91007,3.772833376560821,0.18263239328365846
5573,0.1393283343536339,0,1,0,198311,407299,16949,91007,3.7728241135277334,0.1826327597901691
5574,0.1393302356834865,19,148,19,198459,407151,16968,90988,3.7714531846307753,0.1826558450552958
5575,0.1393313658665586,8,34,8,198493,407117,16976,90980,3.7711382415057986,0.18265518563653263
5576,0.1393332072637126,0,6,0,198499,407111,16976,90980,3.7710826633072734,0.18265738589936378
5577,0.1393341509689419,26,249,26,198748,406862,17002,90954,3.7687761680684724,0.18270606007038745
5578,0.1393345982959839,2,4,2,198752,406858,17004,90952,3.768739115936122,0.18270424459130993
5579,0.1393368801215807,6,53,6,198805,406805,17010,90946,3.7682481751824817,0.182713846883281
5580,0.1393372894217485,0,1,0,198806,406804,17010,90946,3.768238912149394,0.18271421396283274
5581,0.1393431060370566,2,17,2,198823,406787,17012,90944,3.7680814405869056,0.18271717051981895
5582,0.1393448318460685,1,3,1,198826,406784,17013,90943,3.768053651487643,0.18271662979906655
5583,0.1393506484613765,12,90,12,198916,406694,17025,90931,3.7672199785097633,0.18272996734488822
5584,0.1393556216779846,2,52,2,198968,406642,17027,90929,3.7667383007892106,0.18274577899435457
5585,0.1393579242255122,7,96,7,199064,406546,17034,90922,3.765849049612805,0.18276954497575723
5586,0.1393579402668895,0,17,0,199081,406529,17034,90922,3.765691578050317,0.1827757909824284
5587,0.1393610980216817,0,1,0,199082,406528,17034,90922,3.765682315017229,0.1827761584078802
5588,0.139362415159721,4,45,4,199127,406483,17038,90918,3.7652654785282893,0.1827861222635258
5589,0.1393661120240913,0,1,0,199128,406482,17038,90918,3.7652562154952016,0.18278648974668274
5590,0.1393692995119673,1,6,1,199134,406476,17039,90917,3.7652006372966764,0.18278705168749862
5591,0.1393719286393993,21,120,21,199254,406356,17060,90896,3.76408907332617,0.18279665039054643
5592,0.139372757657219,6,23,6,199277,406333,17066,90890,3.7638760235651563,0.18279524478956122
5593,0.1393741177581057,7,59,7,199336,406274,17073,90883,3.7633295046129907,0.1828054316845584
5594,0.1393762014034934,0,2,0,199338,406272,17073,90883,3.7633109785468153,0.18280616709074635
5595,0.1393794305634378,5,21,5,199359,406251,17078,90878,3.7631164548519767,0.1828056701580475
5596,0.1393809615840974,0,4,0,199363,406247,17078,90878,3.7630794027196264,0.18280714106110132
5597,0.1393874548206262,0,1,0,199364,406246,17078,90878,3.763070139686539,0.18280750879056332
5598,0.1393886718599626,5,64,5,199428,406182,17083,90873,3.7624773055689356,0.18282282644777742
5599,0.1393948941261527,0,7,0,199435,406175,17083,90873,3.7624124643373227,0.18282540116849882
5600,0.1393967558909108,7,17,7,199452,406158,17090,90866,3.7622549927748343,0.18282014550605202
5601,0.1393985295719368,4,12,4,199464,406146,17094,90862,3.7621438363777835,0.18281798280912984
5602,0.1393997061119663,1,1,1,199465,406145,17095,90861,3.762134573344696,0.18281670643815165
5603,0.1394007107414607,15,128,15,199593,406017,17110,90846,3.760948905109489,0.18283913271867697
5604,0.1394015397592803,2,18,2,199611,405999,17112,90844,3.760782170513913,0.18284246733877704
5605,0.1394019802928552,0,14,0,199625,405985,17112,90844,3.7606524880506873,0.18284761960352555
5606,0.1394025117171798,1,2,1,199627,405983,17113,90843,3.7606339619845124,0.18284671092092603
5607,0.1394047126711066,6,50,6,199677,405933,17119,90837,3.7601708103301346,0.18285524488193733
5608,0.1394109353609699,3,6,3,199683,405927,17122,90834,3.7601152321316094,0.1828525186155918
5609,0.1394117234096655,0,2,0,199685,405925,17122,90834,3.760096706065434,0.18285325479759804
5610,0.1394184777852898,2,10,2,199695,405915,17124,90832,3.7600040757345585,0.18285364581970298
5611,0.1394194414189158,9,39,9,199734,405876,17133,90823,3.759642817444144,0.18285319680530865
5612,0.1394237211158518,2,1,2,199735,405875,17135,90821,3.759633554411056,0.18285027461465364
5613,0.1394293797475672,7,72,7,199807,405803,17142,90814,3.7589666160287525,0.18286526639241105
5614,0.1394298113529352,8,127,8,199934,405676,17150,90806,3.757790210826633,0.18289887649501896
5615,0.1394326352566445,0,4,0,199938,405672,17150,90806,3.7577531586942827,0.18290035006586394
5616,0.1394358207810351,0,1,0,199939,405671,17150,90806,3.7577438956611955,0.18290071846228526
5617,0.1394364862484238,0,4,0,199943,405667,17150,90806,3.757706843528845,0.18290219206281108
5618,0.1394397579633127,1,10,1,199953,405657,17151,90805,3.7576142131979697,0.18290423033384226
5619,0.1394405869811323,0,3,0,199956,405654,17151,90805,3.7575864240987067,0.18290533558662447
5620,0.1394416751050906,0,2,0,199958,405652,17151,90805,3.7575678980325318,0.18290607242923354
5621,0.1394460697210258,0,4,0,199962,405648,17151,90805,3.7575308459001815,0.18290754613226226
5622,0.139446631064469,1,3,1,199965,405645,17152,90804,3.757503056800919,0.18290700555344053
5623,0.1394472598873512,0,2,0,199967,405643,17152,90804,3.757484530734744,0.18290774241761962
5624,0.1394491327490791,0,5,0,199972,405638,17152,90804,3.757438215569306,0.18290958460404236
5625,0.1394675494839218,2,8,2,199980,405630,17154,90802,3.7573641113046055,0.18290924033905953
5626,0.1394680172361869,0,21,0,200001,405609,17154,90802,3.757169587609767,0.18291697806857624
5627,0.139468540065374,5,22,5,200023,405587,17159,90797,3.756965800881841,0.18291685469314078
5628,0.1394693690831936,1,6,1,200029,405581,17160,90796,3.7569102226833153,0.18291741962258526
5629,0.1394724262768035,0,13,0,200042,405568,17160,90796,3.7567898032531772,0.18292221031339903
5630,0.1394942847070007,4,50,4,200092,405518,17164,90792,3.7563266515987994,0.18293405331345328
5631,0.1395012083788648,0,21,0,200113,405497,17164,90792,3.756132127903961,0.18294179399503113
5632,0.1395019791689593,2,6,2,200119,405491,17166,90790,3.7560765497054356,0.18294071302346857
5633,0.1395043155723372,0,1,0,200120,405490,17166,90790,3.756067286672348,0.1829410816474571
5634,0.1395056852794262,5,26,5,200146,405464,17171,90785,3.7558264478120718,0.18294243414092523
5635,0.1395098469953074,2,8,2,200154,405456,17173,90783,3.755752343547371,0.18294209040401904
5636,0.1395113920292501,2,12,2,200166,405444,17175,90781,3.7556411871503204,0.18294322132097335
5637,0.1395187020472812,1,15,1,200181,405429,17176,90780,3.7555022416540074,0.18294710494972885
5638,0.1395234416393018,2,5,2,200186,405424,17178,90778,3.7554559264885694,0.18294565519687547
5639,0.1395263025489537,0,7,0,200193,405417,17178,90778,3.7553910852569565,0.18294823607654248
5640,0.139532303876229,1,35,1,200228,405382,17179,90777,3.755066879098892,0.18295949483935592
5641,0.1395327185724433,1,3,1,200231,405379,17180,90776,3.7550390899996295,0.18295895435902088
5642,0.1395402556007168,0,2,0,200233,405377,17180,90776,3.755020563933454,0.18295969186924194
5643,0.1395460722160248,25,192,25,200425,405185,17205,90751,3.753242061580644,0.18298933733384953
5644,0.1395488013686636,5,39,5,200464,405146,17210,90746,3.752880803290229,0.1829954909536754
5645,0.1395490729205244,0,1,0,200465,405145,17210,90746,3.752871540257142,0.1829958599772934
5646,0.1395572743655903,5,42,5,200507,405103,17215,90741,3.7524824928674647,0.18300312194964546
5647,0.139559358010978,2,27,2,200534,405076,17217,90739,3.7522323909741004,0.18300979195869427
5648,0.1395607289784112,7,59,7,200593,405017,17224,90732,3.751685872021935,0.18302003634903954
5649,0.1395690377027782,0,9,0,200602,405008,17224,90732,3.751602504724147,0.1830233590188405
5650,0.1395742931753747,0,1,0,200603,405007,17224,90732,3.7515932416910593,0.18302372821182114
5651,0.1395748543180862,12,129,12,200732,404878,17236,90720,3.750398310422765,0.18305158616459308
5652,0.139576055805449,4,23,4,200755,404855,17240,90716,3.750185260661751,0.18305348779488712
5653,0.1395768947234661,1,11,1,200766,404844,17241,90715,3.750083367297788,0.18305590252623805
5654,0.1395777292423792,30,207,30,200973,404637,17271,90685,3.748165919448664,0.18308292383540403
5655,0.1395799124983955,26,207,26,201180,404430,17297,90659,3.7462484715995408,0.1831165709599688
5656,0.1395841491980937,0,2,0,201182,404428,17297,90659,3.7462299455333654,0.18311731069488796
5657,0.1395882012077037,6,96,6,201278,404332,17303,90653,3.74534069435696,0.18314292352293504
5658,0.1395935593115871,0,7,0,201285,404325,17303,90653,3.745275853125347,0.18314551353797542
5659,0.1395939533265852,4,56,4,201341,404269,17307,90649,3.744757123272444,0.1831596345253153
5660,0.1396013283335203,0,2,0,201343,404267,17307,90649,3.7447385972062692,0.18316037468984636
5661,0.1396030264897969,7,46,7,201389,404221,17314,90642,3.7443124976842417,0.18316584590078466
5662,0.1396071471643139,3,35,3,201424,404186,17317,90639,3.7439882915261773,0.183173849340676
5663,0.1396139015399382,0,16,0,201440,404170,17317,90639,3.7438400829967766,0.18317977239702593
5664,0.139626549747715,0,2,0,201442,404168,17317,90639,3.7438215569306013,0.18318051280600314
5665,0.1396426836419995,3,21,3,201463,404147,17320,90636,3.7436270332357626,0.18318333491651895
5666,0.139643625844906,0,1,0,201464,404146,17320,90636,3.743617770202675,0.18318370514691318
5667,0.1396445565037274,0,9,0,201473,404137,17320,90636,3.743534402904887,0.18318703728780672
5668,0.1396446343852054,2,17,2,201490,404120,17322,90634,3.743376931342399,0.18319002979258378
5669,0.1396464107844496,0,5,0,201495,404115,17322,90634,3.743330616176961,0.183191881135687
5670,0.1396529882973446,1,3,1,201498,404112,17323,90633,3.7433028270776982,0.18319134099384532
5671,0.1396532200323125,2,20,2,201518,404092,17325,90631,3.7431175664159473,0.18319544472361302
5672,0.139665863302612,1,14,1,201532,404078,17326,90630,3.7429878839527215,0.18319897798297177
5673,0.1396692180319731,1,10,1,201542,404068,17327,90629,3.742895253621846,0.18320103012551117
5674,0.1396703757285344,4,43,4,201585,404025,17331,90625,3.742496943199081,0.18321035075305772
5675,0.1396750822385203,0,3,0,201588,404022,17331,90625,3.7424691540998185,0.18321146191122153
5676,0.1396769242318792,0,1,0,201589,404021,17331,90625,3.742459891066731,0.1832118323002713
5677,0.1396793356011888,4,20,4,201609,404001,17335,90621,3.74227463040498,0.18321263510316968
5678,0.1396913210033595,1,1,1,201610,404000,17336,90620,3.742265367371892,0.18321135417087867
5679,0.1397024904459097,1,0,1,201610,404000,17337,90619,3.742265367371892,0.18320970282176788
5680,0.1397043071826234,5,55,5,201665,403945,17342,90614,3.741755900552077,0.1832218198435374
5681,0.1397068157838984,14,69,14,201734,403876,17356,90600,3.7411167512690353,0.18322426164262776
5682,0.1397081608139977,0,10,0,201744,403866,17356,90600,3.74102412093816,0.18322796714030895
5683,0.1397094591564383,7,59,7,201803,403807,17363,90593,3.740477601985994,0.18323826860841425
5684,0.1397265013384415,0,1,0,201804,403806,17363,90593,3.7404683389529065,0.18323863923672984
5685,0.1397419797070994,1,3,1,201807,403803,17364,90592,3.740440549853644,0.18323809909080796
5686,0.1397442251233119,4,60,4,201867,403743,17368,90588,3.7398847678683906,0.18325373079980822
5687,0.1397448001749403,0,5,0,201872,403738,17368,90588,3.739838452702953,0.18325558437144718
5688,0.1397471531580646,0,21,0,201893,403717,17368,90588,3.7396439290081145,0.18326336978181487
5689,0.1397564319130144,4,11,4,201904,403706,17372,90584,3.7395420356441513,0.18326083877885452
5690,0.1397598385440458,0,1,0,201905,403705,17372,90584,3.7395327726110636,0.18326120953531233
5691,0.1397600513309508,5,19,5,201924,403686,17377,90579,3.7393567749824004,0.18325999210949592
5692,0.139767570771672,0,2,0,201926,403684,17377,90579,3.739338248916225,0.1832607336579918
5693,0.139780868465969,1,0,1,201926,403684,17378,90578,3.739338248916225,0.1832590812160352
5694,0.1397827701220623,0,1,0,201927,403683,17378,90578,3.739328985883138,0.18325945198994054
5695,0.1397894506694503,1,16,1,201943,403667,17379,90577,3.7391807773537367,0.1832637320837481
5696,0.1397923715690072,0,4,0,201947,403663,17379,90577,3.7391437252213864,0.1832652152800259
5697,0.139795279468326,5,41,5,201988,403622,17384,90572,3.738763940864797,0.18327215627870835
5698,0.1397966286492206,0,2,0,201990,403620,17384,90572,3.738745414798622,0.1832728979829702
5699,0.1397976739407461,0,1,0,201991,403619,17384,90572,3.738736151765534,0.18327326883735237
5700,0.1397982455809735,2,7,2,201998,403612,17386,90570,3.7386713105339213,0.18327255950236956
5701,0.1398094415068241,0,3,0,202001,403609,17386,90570,3.7386435214346587,0.18327367209047735
5702,0.1398185940244888,0,21,0,202022,403588,17386,90570,3.73844899773982,0.18328146058548075
5703,0.1398208843523415,0,1,0,202023,403587,17386,90570,3.7384397347067324,0.1832818314827069
5704,0.1398270127517102,6,61,6,202084,403526,17392,90564,3.7378746896883914,0.1832945414802971
5705,0.13982779099269,3,8,3,202092,403518,17395,90561,3.7378005854236913,0.18329255038161912
5706,0.1398340373791157,0,3,0,202095,403515,17395,90561,3.7377727963244283,0.18329366332305153
5707,0.1398350392382473,0,5,0,202100,403510,17395,90561,3.7377264811589908,0.1832955182554734
5708,0.1398354681668663,0,1,0,202101,403509,17395,90561,3.737717218125903,0.18329588924646306
5709,0.1398408013710437,0,1,0,202102,403508,17395,90561,3.7377079550928154,0.18329626023895448
5710,0.139860014056359,1,52,1,202154,403456,17396,90560,3.7372262773722627,0.18331390076434773
5711,0.1398635678891978,0,4,0,202158,403452,17396,90560,3.7371892252399124,0.18331538505137526
5712,0.1398636530810371,3,16,3,202174,403436,17399,90557,3.7370410167105117,0.18331636278246857
5713,0.1398685681720513,0,6,0,202180,403430,17399,90557,3.7369854385119865,0.18331858935559034
5714,0.1398725082151083,0,1,0,202181,403429,17399,90557,3.736976175478899,0.1833189604563692
5715,0.1398748350029397,0,2,0,202183,403427,17399,90557,3.736957649412724,0.18331970266243441
5716,0.1398748934110857,0,1,0,202184,403426,17399,90557,3.7369483863796362,0.18332007376772075
5717,0.1398798896434873,0,2,0,202186,403424,17399,90557,3.736929860313461,0.18332081598280095
5718,0.1398809320076632,2,16,2,202202,403408,17401,90555,3.73678165178406,0.1833234473027332
5719,0.1398845252586775,0,3,0,202205,403405,17401,90555,3.7367538626847976,0.18332456069317354
5720,0.1398884439438967,4,25,4,202230,403380,17405,90551,3.7365222868576087,0.18332722586758068
5721,0.1398913956660805,1,30,1,202260,403350,17406,90550,3.7362443958649822,0.18333670783559425
5722,0.1398928744506058,0,1,0,202261,403349,17406,90550,3.7362351328318946,0.1833370790384269
5723,0.139897914200558,0,10,0,202271,403339,17406,90550,3.736142502501019,0.1833407911494283
5724,0.1398983542970204,3,11,3,202282,403328,17409,90547,3.736040609137056,0.18333991394583649
5725,0.1399026210013136,2,38,2,202320,403290,17411,90545,3.735688613879729,0.18335071430741037
5726,0.1399232295190488,0,15,0,202335,403275,17411,90545,3.7355496683834155,0.18335628366611315
5727,0.1399268227700631,0,4,0,202339,403271,17411,90545,3.7355126162510652,0.1833577688855768
5728,0.1399272205987889,0,3,0,202342,403268,17411,90545,3.7354848271518026,0.18335888281596474
5729,0.1399323815136715,0,1,0,202343,403267,17411,90545,3.735475564118715,0.18335925412910176
5730,0.1399370910736614,0,3,0,202346,403264,17411,90545,3.7354477750194524,0.18336036807753606
5731,0.1399379872404161,0,1,0,202347,403263,17411,90545,3.7354385119863647,0.1833607393966886
5732,0.1399415617996892,4,59,4,202406,403204,17415,90541,3.734891993034199,0.18337603418768797
5733,0.1399438475653504,0,1,0,202407,403203,17415,90541,3.7348827300011114,0.1833764055867008
5734,0.1399454669767549,14,110,14,202517,403093,17429,90527,3.7338637963614807,0.18339410882865362
5735,0.1399488959264625,0,4,0,202521,403089,17429,90527,3.7338267442291304,0.18339559495640337
5736,0.1399512511584731,0,3,0,202524,403086,17429,90527,3.733798955129868,0.1833967095680219
5737,0.1399521866400239,0,1,0,202525,403085,17429,90527,3.73378969209678,0.18339708110823885
5738,0.1399525362423344,4,23,4,202548,403062,17433,90523,3.7335766423357666,0.18339900928918018
5739,0.1399554655292709,3,18,3,202566,403044,17436,90520,3.7334099077401905,0.1834007342512825
5740,0.1399632365087823,2,16,2,202582,403028,17438,90518,3.7332616992107894,0.18340337070911322
5741,0.139968924216755,0,1,0,202583,403027,17438,90518,3.733252436177702,0.18340374231326423
5742,0.1399745620306702,0,2,0,202585,403025,17438,90518,3.733233910111527,0.18340448552608385
5743,0.1399784360758106,18,224,18,202809,402801,17456,90500,3.7311589906999147,0.18345796988045837
5744,0.1399800326356819,4,65,4,202874,402736,17460,90496,3.730556893549224,0.1834755247023713
5745,0.1399847665490122,0,1,0,202875,402735,17460,90496,3.7305476305161362,0.18347589668938083
5746,0.1399856860316373,0,6,0,202881,402729,17460,90496,3.730492052317611,0.1834781286431142
5747,0.1399877558683989,0,1,0,202882,402728,17460,90496,3.7304827892845234,0.18347850064068252
5748,0.1399877644881405,6,105,6,202987,402623,17466,90490,3.72951017081033,0.18350763415282095
5749,0.1399978041498179,1,2,1,202989,402621,17467,90489,3.729491644744155,0.18350672263795095
5750,0.1400010510936297,1,5,1,202994,402616,17468,90488,3.7294453295787173,0.18350692754469644
5751,0.1400014871531682,0,1,0,202995,402615,17468,90488,3.7294360665456296,0.18350729969195076
5752,0.140004795579163,4,11,4,203006,402604,17472,90484,3.7293341731816665,0.18350476993964565
5753,0.1400073950527476,1,0,1,203006,402604,17473,90483,3.7293341731816665,0.18350311405492337
5754,0.1400077553255144,2,8,2,203014,402596,17475,90481,3.7292600689169664,0.1835027794847458
5755,0.1400077598329078,0,1,0,203015,402595,17475,90481,3.7292508058838787,0.18350315164396563
5756,0.1400163477112445,3,24,3,203039,402571,17478,90478,3.7290284930897775,0.18350711592559765
5757,0.1400209423241233,1,1,1,203040,402570,17479,90477,3.72901923005669,0.18350583210119928
5758,0.1400270514659286,0,5,0,203045,402565,17479,90477,3.728972914891252,0.1835076930565753
5759,0.1400286712162892,0,3,0,203048,402562,17479,90477,3.7289451257919892,0.18350880964791833
5760,0.1400328393148506,2,12,2,203060,402550,17481,90475,3.728833969394939,0.18350996399776887
5761,0.1400423913545835,0,2,0,203062,402548,17481,90475,3.7288154433287635,0.18351070842536757
5762,0.1400428945800536,1,5,1,203067,402543,17482,90474,3.728769128163326,0.18351091341677872
5763,0.1400435161849348,1,1,1,203068,402542,17483,90473,3.7287598651302383,0.18350962952445665
5764,0.1400481328121687,2,30,2,203098,402512,17485,90471,3.7284819741376114,0.18351748437572898
5765,0.1400482079698916,0,2,0,203100,402510,17485,90471,3.7284634480714365,0.18351822889725974
5766,0.1400567100226635,0,3,0,203103,402507,17485,90471,3.728435658972174,0.18351934569088277
5767,0.1400579429160846,1,1,1,203104,402506,17486,90470,3.728426395939086,0.1835180617311999
5768,0.1400586452226301,7,17,7,203121,402489,17493,90463,3.728268924376598,0.18351279637774062
5769,0.1400589916438461,5,54,5,203175,402435,17498,90458,3.7277687205898697,0.18352461893352107
5770,0.1400617822108299,0,6,0,203181,402429,17498,90458,3.7277131423913445,0.18352685301093355
5771,0.14006352702472,0,2,0,203183,402427,17498,90458,3.7276946163251696,0.18352759771549143
5772,0.1400686336016175,0,6,0,203189,402421,17498,90458,3.727639038126644,0.18352983186542743
5773,0.140070317165734,0,5,0,203194,402416,17498,90458,3.7275927229612065,0.18353169369859235
5774,0.1400705234830334,0,11,0,203205,402405,17498,90458,3.7274908295972433,0.18353578986452626
5775,0.1400745522735651,6,19,6,203224,402386,17504,90452,3.7273148319685796,0.1835329256266765
5776,0.1400751368262363,1,10,1,203234,402376,17505,90451,3.727222201637704,0.1835349930097174
5777,0.1400775013263134,16,127,16,203361,402249,17521,90435,3.726045796435585,0.18355578829432254
5778,0.1400836480535993,0,3,0,203364,402246,17521,90435,3.726018007336322,0.18355690598987986
5779,0.1400854239434011,0,1,0,203365,402245,17521,90435,3.726008744303235,0.18355727855809045
5780,0.1400860345414736,0,1,0,203366,402244,17521,90435,3.725999481270147,0.18355765112781344
5781,0.1400874244879834,1,0,1,203366,402244,17522,90434,3.725999481270147,0.18355599397578135
5782,0.140089045180967,3,21,3,203387,402223,17525,90431,3.7258049575753085,0.1835588465738632
5783,0.1400907458061586,2,10,2,203397,402213,17527,90429,3.725712327244433,0.1835592580413363
5784,0.1400997895445576,1,13,1,203410,402200,17528,90428,3.7255919078142945,0.1835624446844272
5785,0.1401079278538723,1,8,1,203418,402192,17529,90427,3.7255178035495944,0.18356376834835847
5786,0.1401085992092589,3,7,3,203425,402185,17532,90424,3.7254529623179815,0.18356140468403948
5787,0.1401171621241562,0,6,0,203431,402179,17532,90424,3.725397384119456,0.1835636404975203
5788,0.1401204138361574,0,7,0,203438,402172,17532,90424,3.725332542887843,0.18356624901542035
5789,0.1401228466652954,0,1,0,203439,402171,17532,90424,3.7253232798547558,0.1835666216668866
5790,0.1401277463981199,1,0,1,203439,402171,17533,90423,3.7253232798547558,0.18356496425047808
5791,0.1401369054397634,1,6,1,203445,402165,17534,90422,3.72526770165623,0.18356554273661302
5792,0.1401373373804942,0,2,0,203447,402163,17534,90422,3.725249175590055,0.18356628805180833
5793,0.1401381464896473,0,1,0,203448,402162,17534,90422,3.7252399125569675,0.18356666071167557
5794,0.1401415936247511,4,20,4,203468,402142,17538,90418,3.7250546518952166,0.18356748416436577
5795,0.1401470700452515,1,17,1,203485,402125,17539,90417,3.724897180332728,0.18357216237397014
5796,0.1401472236943903,5,12,5,203497,402113,17544,90412,3.7247860239356774,0.18356834678442718
5797,0.1401502253652579,0,3,0,203500,402110,17544,90412,3.7247582348364148,0.1835694649173032
5798,0.1401532532673144,0,1,0,203501,402109,17544,90412,3.724748971803327,0.1835698376312888
5799,0.1401563786422481,0,5,0,203506,402104,17544,90412,3.7247026566378896,0.18357170122391964
5800,0.1401564626181453,7,53,7,203559,402051,17551,90405,3.724211715884249,0.18357985281933817
5801,0.1401579209482688,0,11,0,203570,402040,17551,90405,3.724109822520286,0.18358395353795856
5802,0.1401586602634306,8,75,8,203645,401965,17559,90397,3.7234150950387193,0.18359865302358833
5803,0.1401610704272047,2,9,2,203654,401956,17561,90395,3.7233317277409315,0.18359869280249252
5804,0.140162711347543,1,11,1,203665,401945,17562,90394,3.7232298343769683,0.18360113661521837
5805,0.1401641289328203,0,14,0,203679,401931,17562,90394,3.7231001519137426,0.18360635758899102
5806,0.140166716968864,1,0,1,203679,401931,17563,90393,3.7231001519137426,0.1836046993443342
5807,0.14016730599861,0,2,0,203681,401929,17563,90393,3.7230816258475676,0.18360544521674838
5808,0.1401699857853185,0,4,0,203685,401925,17563,90393,3.7230445737152174,0.183606936979757
5809,0.140172172395623,0,4,0,203689,401921,17563,90393,3.723007521582867,0.18360842876700642
5810,0.1401738818634613,0,2,0,203691,401919,17563,90393,3.722988995516692,0.18360917466972165
5811,0.1401792029511491,1,14,1,203705,401905,17564,90392,3.7228593130534664,0.18361273783914994
5812,0.14018288436391,0,4,0,203709,401901,17564,90392,3.722822260921116,0.1836142297371687
5813,0.1401831796230472,0,7,0,203716,401894,17564,90392,3.7227574196895032,0.1836168406170397
5814,0.1401842077011143,2,14,2,203730,401880,17566,90390,3.7226277372262775,0.1836187458102261
5815,0.1401857031610581,0,2,0,203732,401878,17566,90390,3.722609211160102,0.18361949182152812
5816,0.1401872681856943,2,11,2,203743,401867,17568,90388,3.722507317796139,0.18362027810789122
5817,0.1401913477863408,0,12,0,203755,401855,17568,90388,3.7223961613990886,0.18362475444038817
5818,0.1402039720233417,0,9,0,203764,401846,17568,90388,3.7223127941013003,0.18362811183299
5819,0.1402040989316079,0,5,0,203769,401841,17568,90388,3.722266478935863,0.18362997710415274
5820,0.1402055618764998,0,13,0,203782,401828,17568,90388,3.7221460595057247,0.18363482698652625
5821,0.1402064264442059,0,5,0,203787,401823,17568,90388,3.722099744340287,0.18363669239411554
5822,0.1402106432316157,0,2,0,203789,401821,17568,90388,3.722081218274112,0.18363743856776288
5823,0.1402119939787852,0,1,0,203790,401820,17568,90388,3.722071955241024,0.18363781165686052
5824,0.1402146615299347,11,46,11,203836,401774,17579,90377,3.7216458557189966,0.18363672937777226
5825,0.1402147340581652,0,3,0,203839,401771,17579,90377,3.721618066619734,0.1836378487771971
5826,0.1402194358384895,2,21,2,203860,401750,17581,90375,3.7214235429248954,0.18364236728473457
5827,0.1402202924642014,0,2,0,203862,401748,17581,90375,3.72140501685872,0.18364311361184094
5828,0.1402213551999026,0,3,0,203865,401745,17581,90375,3.7213772277594575,0.18364423311387468
5829,0.1402300245814694,1,12,1,203877,401733,17582,90374,3.721266071362407,0.18364705236869217
5830,0.1402311531335408,4,20,4,203897,401713,17586,90370,3.7210808107006557,0.18364788054047793
5831,0.1402315480925486,0,1,0,203898,401712,17586,90370,3.7210715476675684,0.18364825374632684
5832,0.1402378151092319,0,1,0,203899,401711,17586,90370,3.7210622846344807,0.18364862695369258
5833,0.1402411760571477,1,18,1,203917,401693,17587,90369,3.7208955500389047,0.18365368591762826
5834,0.1402436317245399,1,14,1,203931,401679,17588,90368,3.720765867575679,0.1836572522543578
5835,0.1402447419302773,0,1,0,203932,401678,17588,90368,3.7207566045425913,0.18365762550655834
5836,0.1402535324849714,0,1,0,203933,401677,17588,90368,3.720747341509504,0.183657998760276
5837,0.1402569590413204,9,69,9,204002,401608,17597,90359,3.7201081922264625,0.18366882331538498
5838,0.1402572930561627,0,2,0,204004,401606,17597,90359,3.7200896661602876,0.18366956998973505
5839,0.1402580422827496,2,14,2,204018,401592,17599,90357,3.719959983697062,0.1836714781410268
5840,0.1402593491002795,1,8,1,204026,401584,17600,90356,3.7198858794323613,0.18367280562670243
5841,0.1402595808654501,0,3,0,204029,401581,17600,90356,3.7198580903330987,0.1836739257262617
5842,0.1402734506449265,4,19,4,204048,401562,17604,90352,3.719682092704435,0.18367438210744155
5843,0.1402735758351919,1,1,1,204049,401561,17605,90351,3.7196728296713477,0.18367309600091072
5844,0.1402739024136432,5,6,5,204055,401555,17610,90346,3.719617251472822,0.1836670386927451
5845,0.1402781533250668,6,19,6,204074,401536,17616,90340,3.719441253844159,0.18366417552391254
5846,0.1402814582961219,0,4,0,204078,401532,17616,90340,3.7194042017118085,0.1836656691171687
5847,0.1402828482426317,0,1,0,204079,401531,17616,90340,3.719394938678721,0.18366604251927843
5848,0.1402873589996572,24,132,24,204211,401399,17640,90316,3.718172218311164,0.18367550308613728
5849,0.1402985656183713,0,4,0,204215,401395,17640,90316,3.7181351661788136,0.183676997260586
5850,0.1402993774164619,0,1,0,204216,401394,17640,90316,3.718125903145726,0.1836773708079966
5851,0.1403036406429262,1,36,1,204252,401358,17641,90315,3.7177924339545743,0.18368915925828752
5852,0.14030519403177,0,8,0,204260,401350,17641,90315,3.7177183296898737,0.18369214810897663
5853,0.1403062416725626,3,2,3,204262,401348,17644,90312,3.7176998036236983,0.18368791441239882
5854,0.1403114610484532,0,1,0,204263,401347,17644,90312,3.717690540590611,0.18368828802076237
5855,0.1403187276548476,5,42,5,204305,401305,17649,90307,3.717301493200934,0.18369567870597137
5856,0.1403227332761686,0,2,0,204307,401303,17649,90307,3.7172829671347585,0.18369642602876263
5857,0.1403238706492269,0,1,0,204308,401302,17649,90307,3.7172737041016712,0.1836967996924385
5858,0.1403240997282323,0,3,0,204311,401299,17649,90307,3.717245915002408,0.18369792069258714
5859,0.1403273032276124,0,5,0,204316,401294,17649,90307,3.7171995998369707,0.1836997890565723
5860,0.1403290447890885,0,3,0,204319,401291,17649,90307,3.717171810737708,0.18370091009320624
5861,0.1403303803018749,11,40,11,204359,401251,17660,90296,3.7168012894142057,0.18369759148158774
5862,0.1403311770019776,2,8,2,204367,401243,17662,90294,3.716727185149505,0.1836972598197084
5863,0.1403352192584537,2,15,2,204382,401228,17664,90292,3.716588239653192,0.18369954427083332
5864,0.1403386228855416,0,1,0,204383,401227,17664,90292,3.7165789766201045,0.1836999180092733
5865,0.140343020603352,0,2,0,204385,401225,17664,90292,3.7165604505539296,0.18370066549071548
5866,0.1403444105498618,1,2,1,204387,401223,17665,90291,3.7165419244877542,0.18369975219424065
5867,0.140345520000562,17,116,17,204503,401107,17682,90274,3.715467412649598,0.18371487705059822
5868,0.1403469783306855,11,56,11,204559,401051,17693,90263,3.714948682796695,0.1837175411244133
5869,0.1403485391839481,2,5,2,204564,401046,17695,90261,3.7149023676312574,0.18371608790430424
5870,0.140351530895889,1,7,1,204571,401039,17696,90260,3.7148375263996445,0.18371704399968247
5871,0.1403526987630787,2,6,2,204577,401033,17698,90258,3.714781948201119,0.18371596467266854
5872,0.1403564941818531,2,9,2,204586,401024,17700,90256,3.714698580903331,0.18371600716495684
5873,0.1403610251662332,9,47,9,204633,400977,17709,90247,3.714263218348216,0.18371862938292918
5874,0.1403618473240798,1,22,1,204655,400955,17710,90246,3.71405943162029,0.18372519599919382
5875,0.1403650307875543,0,1,0,204656,400954,17710,90246,3.7140501685872023,0.18372557003257328
5876,0.1403722115575927,5,13,5,204669,400941,17715,90241,3.713929749157064,0.183722123367713
5877,0.1403723820220942,1,3,1,204672,400938,17716,90240,3.713901960057801,0.18372158362141627
5878,0.140374731337753,0,9,0,204681,400929,17716,90240,3.7138185927600134,0.18372495006810283
5879,0.1403771083066077,7,79,7,204760,400850,17723,90233,3.7130868131460963,0.18374287034981868
5880,0.1403775167698393,6,26,6,204786,400824,17729,90227,3.71284597428582,0.18374262551140308
5881,0.1403804051687575,2,11,2,204797,400813,17731,90225,3.712744080921857,0.18374341700642313
5882,0.1403811269157065,1,1,1,204798,400812,17732,90224,3.7127348178887694,0.1837421288866804
5883,0.1403819601185473,1,8,1,204806,400804,17733,90223,3.7126607136240692,0.18374346013559337
5884,0.1403866183257724,3,12,3,204818,400792,17736,90220,3.7125495572270184,0.1837429635120934
5885,0.1403943207534352,0,3,0,204821,400789,17736,90220,3.712521768127756,0.18374408615728022
5886,0.1403951325515257,1,0,1,204821,400789,17737,90219,3.712521768127756,0.18374242374869657
5887,0.1404025924459741,12,142,12,204963,400647,17749,90207,3.711206417429323,0.1837756237088829
5888,0.140403449071686,0,2,0,204965,400645,17749,90207,3.711187891363148,0.18377637251146986
5889,0.1404056529305541,7,84,7,205049,400561,17756,90200,3.7104097965837934,0.18379618592349434
5890,0.1404103077974754,0,5,0,205054,400556,17756,90200,3.7103634814183555,0.1837980585056525
5891,0.1404180564890832,0,15,0,205069,400541,17756,90200,3.7102245359220425,0.18380367648107657
5892,0.1404191197260376,0,7,0,205076,400534,17756,90200,3.7101596946904296,0.18380629832047504
5893,0.14042043095454,0,1,0,205077,400533,17756,90200,3.710150431657342,0.1838066728750665
5894,0.1404213769987807,1,7,1,205084,400526,17757,90199,3.710085590425729,0.18380763156554078
5895,0.1404243235057664,0,2,0,205086,400524,17757,90199,3.7100670643595537,0.18380838069542288
5896,0.1404267994010815,1,2,1,205088,400522,17758,90198,3.7100485382933788,0.1838074665797196
5897,0.1404269718471969,0,4,0,205092,400518,17758,90198,3.7100114861610285,0.1838089648595114
5898,0.140433118803025,2,31,2,205123,400487,17760,90196,3.7097243321353144,0.18381725064858576
5899,0.1404396003479311,0,2,0,205125,400485,17760,90196,3.7097058060691395,0.18381799988179692
5900,0.1404401656849256,1,13,1,205138,400472,17761,90195,3.709585386639001,0.183821206643202
5901,0.1404426892229365,1,4,1,205142,400468,17762,90194,3.7095483345066507,0.18382104177621256
5902,0.1404477557502988,1,4,1,205146,400464,17763,90193,3.709511282374301,0.18382087690586296
5903,0.140452605308861,0,8,0,205154,400456,17763,90193,3.7094371781096003,0.18382387409329276
5904,0.1404547728549278,3,8,3,205162,400448,17766,90190,3.7093630738448997,0.1838218808979329
5905,0.1404595881226816,2,7,2,205169,400441,17768,90188,3.709298232613287,0.18382117648977128
5906,0.1404599269599177,1,8,1,205177,400433,17769,90187,3.7092241283485863,0.18382251029309854
5907,0.140463300004766,0,1,0,205178,400432,17769,90187,3.709214865315499,0.18382288496776522
5908,0.1404663114803807,0,3,0,205181,400429,17769,90187,3.7091870762162364,0.18382400900092943
5909,0.1404690969124671,1,1,1,205182,400428,17770,90186,3.7091778131831488,0.18382272010175005
5910,0.1404699635298325,1,10,1,205192,400418,17771,90185,3.7090851828522733,0.1838248033542396
5911,0.1404787974626658,0,3,0,205195,400415,17771,90185,3.7090573937530107,0.1838259274357929
5912,0.1404854581155714,0,1,0,205196,400414,17771,90185,3.709048130719923,0.18382630213269902
5913,0.1404892591338555,0,1,0,205197,400413,17771,90185,3.7090388676868353,0.18382667683113263
5914,0.1404939893730197,0,1,0,205198,400412,17771,90185,3.7090296046537476,0.18382705153109374
5915,0.1404948011711103,0,2,0,205200,400410,17771,90185,3.7090110785875727,0.1838278009355986
5916,0.1405006177864183,2,39,2,205239,400371,17773,90183,3.708649820297158,0.18383908805146834
5917,0.14050174876066,1,3,1,205242,400368,17774,90182,3.7086220311978955,0.18383854856793394
5918,0.1405060855559723,1,2,1,205244,400366,17775,90181,3.7086035051317205,0.18383763431434705
5919,0.1405079950088389,0,3,0,205247,400363,17775,90181,3.7085757160324575,0.18383875860269416
5920,0.1405104868654543,0,1,0,205248,400362,17775,90181,3.7085664529993703,0.18383913336853241
5921,0.1405156636524255,0,1,0,205249,400361,17775,90181,3.7085571899662826,0.18383950813589867
5922,0.1405163351621579,1,18,1,205267,400343,17776,90180,3.7083904553707066,0.18384459036579326
5923,0.1405182657740823,0,1,0,205268,400342,17776,90180,3.708381192337619,0.18384496515956472
5924,0.1405187883456221,3,32,3,205300,400310,17779,90177,3.708084775278817,0.18385196753430774
5925,0.1405200523125175,1,10,1,205310,400300,17780,90176,3.7079921449479416,0.1838540519821561
5926,0.1405211495791269,5,63,5,205373,400237,17785,90171,3.7074085738634257,0.18386934960277973
5927,0.1405240278143552,0,1,0,205374,400236,17785,90171,3.7073993108303385,0.18386972453492711
5928,0.1405249102352633,8,66,8,205440,400170,17793,90163,3.7067879506465595,0.1838811583148595
5929,0.1405259722011062,5,19,5,205459,400151,17798,90158,3.7066119530178963,0.18387996141208912
5930,0.1405384443580004,1,2,1,205461,400149,17799,90157,3.706593426951721,0.18387904696250912
5931,0.1405398343045101,1,7,1,205468,400142,17800,90156,3.706528585720108,0.1838800076688055
5932,0.1405445563919649,0,2,0,205470,400140,17800,90156,3.706510059653933,0.183880757746341
5933,0.140549422788978,3,17,3,205487,400123,17803,90153,3.7063525880914447,0.1838821398559179
5934,0.1405497112353482,1,4,1,205491,400119,17804,90152,3.7063155359590945,0.1838819754788678
5935,0.1405509047064965,17,113,17,205604,400006,17821,90135,3.7052688132202007,0.1838960625615894
5936,0.1405555144606082,1,2,1,205606,400004,17822,90134,3.705250287154026,0.18389514789712286
5937,0.1405555516802498,0,6,0,205612,399998,17822,90134,3.7051947089555,0.18389739906800617
5938,0.1405590008854312,3,14,3,205626,399984,17825,90131,3.7050650264922744,0.18389765667241362
5939,0.140561818696933,1,0,1,205626,399984,17826,90130,3.7050650264922744,0.18389599154482428
5940,0.1405661656890244,8,83,8,205709,399901,17834,90122,3.7042961947460076,0.18391381629025577
5941,0.1405676353122411,3,10,3,205719,399891,17837,90119,3.704203564415132,0.18391257321279159
5942,0.1405684471103316,0,8,0,205727,399883,17837,90119,3.7041294601504315,0.18391557585479243
5943,0.1405689388051154,1,1,1,205728,399882,17838,90118,3.7041201971173443,0.18391428571428572
5944,0.1405713800645538,0,2,0,205730,399880,17838,90118,3.704101671051169,0.18391503638790363
5945,0.1405730451564432,5,4,5,205734,399876,17843,90113,3.7040646189188187,0.18390821018431025
5946,0.140575609735114,0,1,0,205735,399875,17843,90113,3.7040553558857314,0.18390858551637998
5947,0.1405783161893676,0,2,0,205737,399873,17843,90113,3.704036829819556,0.18390933618511549
5948,0.1405821326428441,0,4,0,205741,399869,17843,90113,3.703999777687206,0.1839108375409709
5949,0.1405841328046756,2,4,2,205745,399865,17845,90111,3.7039627255548555,0.18390900778813657
5950,0.1405841644860712,1,0,1,205745,399865,17846,90110,3.7039627255548555,0.1839073422113373
5951,0.1405864932086739,0,2,0,205747,399863,17846,90110,3.7039441994886806,0.1839080928949146
5952,0.1405878936249706,2,5,2,205752,399858,17848,90108,3.7038978843232426,0.18390663841980873
5953,0.1405879515387973,0,3,0,205755,399855,17848,90108,3.70387009522398,0.18390776446384727
5954,0.14058892775344,0,2,0,205757,399853,17848,90108,3.703851569157805,0.18390851516753373
5955,0.1405899235705696,0,6,0,205763,399847,17848,90108,3.70379599095928,0.1839107673153657
5956,0.1405974717214238,0,2,0,205765,399845,17848,90108,3.7037774648931046,0.18391151804356745
5957,0.1405978119719939,0,1,0,205766,399844,17848,90108,3.703768201860017,0.1839118934099667
5958,0.1406050030706322,4,53,4,205819,399791,17852,90104,3.7032772611063765,0.18392512681288847
5959,0.1406059914476294,7,35,7,205854,399756,17859,90097,3.702953054948312,0.1839266065533946
5960,0.1406062420005181,1,4,1,205858,399752,17860,90096,3.7029160028159622,0.18392644248828208
5961,0.140612914906737,0,1,0,205859,399751,17860,90096,3.7029067397828745,0.18392681796560967
5962,0.1406132867674209,1,19,1,205878,399732,17861,90095,3.702730742154211,0.18393228629699873
5963,0.1406134802437315,4,27,4,205905,399705,17865,90091,3.702480640260847,0.1839357610107065
5964,0.1406175523437339,1,6,1,205911,399699,17866,90090,3.702425062062322,0.1839363481009169
5965,0.1406233810041631,0,1,0,205912,399698,17866,90090,3.702415799029234,0.1839367236436989
5966,0.1406291976194711,6,16,6,205928,399682,17872,90084,3.7022675904998334,0.18393273522457662
5967,0.1406299824993215,2,9,2,205937,399673,17874,90082,3.702184223202045,0.18393278271788957
5968,0.140630038326019,0,8,0,205945,399665,17874,90082,3.7021101189373447,0.1839357872534186
5969,0.1406310409731206,0,4,0,205949,399661,17874,90082,3.702073066804995,0.18393728955799266
5970,0.1406332608035753,3,12,3,205961,399649,17877,90079,3.701961910407944,0.18393679756926293
5971,0.1406350241025795,0,1,0,205962,399648,17877,90079,3.7019526473748563,0.18393717315974
5972,0.1406372371551093,0,5,0,205967,399643,17877,90079,3.701906332209419,0.1839390511351338
5973,0.1406381129775849,2,0,2,205967,399643,17879,90077,3.701906332209419,0.18393571836968065
5974,0.1406425847443368,1,3,1,205970,399640,17880,90076,3.701878543110156,0.18393517875666712
5975,0.1406513068153136,0,9,0,205979,399631,17880,90076,3.701795175812368,0.18393855917926433
5976,0.1406539249681118,0,3,0,205982,399628,17880,90076,3.7017673867131053,0.18393968601440872
5977,0.1406560436338788,2,4,2,205986,399624,17882,90074,3.701730334580755,0.18393785557629397
5978,0.140657693032203,0,1,0,205987,399623,17882,90074,3.7017210715476674,0.18393823119194114
5979,0.1406592133969952,0,1,0,205988,399622,17882,90074,3.70171180851458,0.18393860680912238
5980,0.1406625736926614,2,8,2,205996,399614,17884,90072,3.7016377042498796,0.18393827881540414
5981,0.1406751281000343,3,35,3,206031,399579,17887,90069,3.701313498091815,0.1839464268208999
5982,0.140677111281356,2,10,2,206041,399569,17889,90067,3.7012208677609397,0.18394685031329397
5983,0.1406813095676448,2,2,2,206043,399567,17891,90065,3.7012023416947644,0.18394426834847397
5984,0.140685648884119,1,2,1,206045,399565,17892,90064,3.7011838156285894,0.1839433530285175
5985,0.1406907448498622,0,3,0,206048,399562,17892,90064,3.701156026529327,0.18394448007254516
5986,0.1407009806729236,2,15,2,206063,399547,17894,90062,3.7010170810330134,0.18394678202402326
5987,0.1407062951824434,1,4,1,206067,399543,17895,90061,3.700980028900663,0.1839466180831856
5988,0.1407091096949342,0,3,0,206070,399540,17895,90061,3.7009522398014005,0.18394774520476878
5989,0.1407117589168063,7,40,7,206110,399500,17902,90054,3.700581718477898,0.1839511065173607
5990,0.1407125751997242,6,47,6,206157,399453,17908,90048,3.7001463559227834,0.18395876617208137
5991,0.14071396761768,13,72,13,206229,399381,17921,90035,3.6994794175404793,0.18396415319482812
5992,0.1407158732788966,1,8,1,206237,399373,17922,90034,3.699405313275779,0.18396549293328457
5993,0.1407213592055981,11,81,11,206318,399292,17933,90023,3.698655007595687,0.1839776013406497
5994,0.1407242860197964,10,44,10,206362,399248,17943,90013,3.6982474341398346,0.18397746805897058
5995,0.1407273594244416,0,5,0,206367,399243,17943,90013,3.698201118974397,0.18397934823487092
5996,0.1407273716325092,1,2,1,206369,399241,17944,90012,3.6981825929082217,0.18397843242657685
5997,0.1407291876950792,3,70,3,206439,399171,17947,90009,3.697534180592093,0.1839997546915246
5998,0.140729651118906,1,20,1,206459,399151,17948,90008,3.697348919930342,0.1840056096279533
5999,0.1407300162484034,0,3,0,206462,399148,17948,90008,3.6973211308310794,0.18400673813670895
6000,0.1407307095927051,4,59,4,206521,399089,17952,90004,3.6967746118789138,0.1840222616148667
6001,0.1407317610484666,5,62,5,206583,399027,17957,89999,3.696200303827485,0.18403724955319348
6002,0.140734692722164,0,1,0,206584,399026,17957,89999,3.696191040794398,0.18403762588824701
6003,0.1407368268660004,3,29,3,206613,398997,17960,89996,3.6959224128348587,0.18404353436552262
6004,0.1407428334254638,1,7,1,206620,398990,17961,89995,3.695857571603246,0.1840445003425463
6005,0.1407428449566347,2,9,2,206629,398981,17963,89993,3.695774204305458,0.18404455042599402
6006,0.1407447660184361,0,1,0,206630,398980,17963,89993,3.6957649412723703,0.18404492681600007
6007,0.1407496324154492,5,21,5,206651,398959,17968,89988,3.6955704175775317,0.1840444874393339
6008,0.1407509754348981,1,6,1,206657,398953,17969,89987,3.695514839379006,0.18404507710557533
6009,0.140751201730359,2,1,2,206658,398952,17971,89985,3.695505576345919,0.18404211585541697
6010,0.1407543441148892,1,1,1,206659,398951,17972,89984,3.695496313312831,0.1840408234223363
6011,0.1407545366720385,4,9,4,206668,398942,17976,89980,3.6954129460150433,0.18403753563963168
6012,0.14075544720165,0,2,0,206670,398940,17976,89980,3.695394419948868,0.18403828847255174
6013,0.1407592105119023,7,27,7,206697,398913,17983,89973,3.695144318055504,0.18403676930818227
6014,0.1407625123976764,5,34,5,206731,398879,17988,89968,3.6948293749305274,0.1840412235321072
6015,0.1407637217792697,4,31,4,206762,398848,17992,89964,3.694542220904813,0.1840462181779498
6016,0.1407686914239838,0,5,0,206767,398843,17992,89964,3.6944959057393754,0.18404810078415407
6017,0.1407706771690893,1,4,1,206771,398839,17993,89963,3.694458853607025,0.1840479376107299
6018,0.1407725256544589,0,6,0,206777,398833,17993,89963,3.6944032754085,0.1840501968101212
6019,0.1407737399440159,0,1,0,206778,398832,17993,89963,3.694394012375412,0.1840505733487454
6020,0.1407770089212141,0,2,0,206780,398830,17993,89963,3.6943754863092373,0.18405132643061584
6021,0.140779556559324,1,7,1,206787,398823,17994,89962,3.6943106450776244,0.18405229293042955
6022,0.1407795882407196,3,5,3,206792,398818,17997,89959,3.6942643299121865,0.18404916761631582
6023,0.1407881032514418,1,6,1,206798,398812,17998,89958,3.6942087517136613,0.18404975755467806
6024,0.1407891907666046,6,42,6,206840,398770,18004,89952,3.693819704323984,0.18405555714700791
6025,0.1407950488300461,14,55,14,206895,398715,18018,89938,3.693310237504168,0.18405289643161918
6026,0.1407968253572619,2,10,2,206905,398705,18020,89936,3.6932176071732927,0.18405332340102448
6027,0.1407976813478949,0,12,0,206917,398693,18020,89936,3.6931064507762423,0.1840578434763389
6028,0.1407988570655845,2,7,2,206924,398686,18022,89934,3.6930416095446295,0.1840571405181941
6029,0.140803631488498,0,3,0,206927,398683,18022,89934,3.6930138204453664,0.18405827058821123
6030,0.1408044944069909,1,12,1,206939,398671,18023,89933,3.692902664048316,0.18406112107146072
6031,0.1408047643014441,0,1,0,206940,398670,18023,89933,3.6928934010152283,0.1840614977804066
6032,0.1408064034537151,0,1,0,206941,398669,18023,89933,3.6928841379821407,0.18406187449089442
6033,0.1408071388971363,0,1,0,206942,398668,18023,89933,3.6928748749490534,0.18406225120292427
6034,0.1408083386613854,4,12,4,206954,398656,18027,89929,3.6927637185520026,0.18406009189803207
6035,0.1408152442308303,0,1,0,206955,398655,18027,89929,3.692754455518915,0.1840604686195209
6036,0.1408158661624242,1,4,1,206959,398651,18028,89928,3.692717403386565,0.18406030549818964
6037,0.1408188047588114,2,1,2,206960,398650,18030,89926,3.6927081403534774,0.1840573421535237
6038,0.1408246213741195,7,52,7,207012,398598,18037,89919,3.6922264626329246,0.18406524235594668
6039,0.1408254062539699,0,8,0,207020,398590,18037,89919,3.692152358368224,0.18406825667490262
6040,0.1408283521447092,8,32,8,207052,398558,18045,89911,3.6918559413094223,0.18406695204813406
6041,0.140829684867988,1,2,1,207054,398556,18046,89910,3.6918374152432474,0.1840660353023547
6042,0.1408401625902676,10,38,10,207092,398518,18056,89900,3.6914854199859204,0.184063650397815
6043,0.1408425135762192,3,25,3,207117,398493,18059,89897,3.6912538441587315,0.18406806036159626
6044,0.1408434250387362,0,1,0,207118,398492,18059,89897,3.691244581125644,0.1840684372498152
6045,0.1408457250285376,2,37,2,207155,398455,18061,89895,3.6909018489014045,0.18407904167093272
6046,0.1408467504146197,4,18,4,207173,398437,18065,89891,3.6907351143058285,0.1840791435264822
6047,0.1408470618128297,1,3,1,207176,398434,18066,89890,3.690707325206566,0.18407860355010197
6048,0.1408473858832373,0,1,0,207177,398433,18066,89890,3.690698062173478,0.1840789805108504
6049,0.140849045836942,2,9,2,207186,398424,18068,89888,3.69061469487569,0.1840790314389161
6050,0.1408497406867208,4,14,4,207200,398410,18072,89884,3.690485012412464,0.18407762536504646
6051,0.1408562722210305,5,64,5,207264,398346,18077,89879,3.689892178294861,0.18409339955962928
6052,0.1408573854465853,15,111,15,207375,398235,18092,89864,3.6888639816221422,0.18411019076048096
6053,0.140864185482451,5,46,5,207421,398189,18097,89859,3.6884378821001147,0.1841191849981969
6054,0.1408699415116809,2,0,2,207421,398189,18099,89857,3.6884378821001147,0.184115841539527
6055,0.1408723237309042,1,0,1,207421,398189,18100,89856,3.6884378821001147,0.184114169799916
6056,0.1408739014573468,1,0,1,207421,398189,18101,89855,3.6884378821001147,0.1841124980534542
6057,0.1408750623297104,1,3,1,207424,398186,18102,89854,3.688410093000852,0.18411195803622654
6058,0.1408792888405395,3,25,3,207449,398161,18105,89851,3.688178517173663,0.18411637418751997
6059,0.1408804048089147,0,5,0,207454,398156,18105,89851,3.6881322020082257,0.1841182605987209
6060,0.1408840833300813,0,1,0,207455,398155,18105,89851,3.688122938975138,0.18411863788559976
6061,0.1408880225399232,3,37,3,207492,398118,18108,89848,3.6877802067508987,0.1841275826594476
6062,0.1408924506980328,2,4,2,207496,398114,18110,89846,3.6877431546185484,0.18412574801213213
6063,0.1408947430570231,1,22,1,207518,398092,18111,89845,3.687539367890622,0.18413237774548763
6064,0.1408948604697556,0,3,0,207521,398089,18111,89845,3.6875115787913595,0.18413350985994006
6065,0.1409033308072093,0,3,0,207524,398086,18111,89845,3.687483789692097,0.18413464198831392
6066,0.1409041630265754,0,11,0,207535,398075,18111,89845,3.6873818963281337,0.18413879324479424
6067,0.1409066985349195,1,1,1,207536,398074,18112,89844,3.687372633295046,0.18413749851409458
6068,0.1409097635456938,1,0,1,207536,398074,18113,89843,3.687372633295046,0.18413582638030648
6069,0.1409100449254975,1,25,1,207561,398049,18114,89842,3.687141057467857,0.18414358944928272
6070,0.1409123443025638,13,63,13,207624,397986,18127,89829,3.6865574863833412,0.1841456289781987
6071,0.1409127848261953,1,32,1,207656,397954,18128,89828,3.6862610693245395,0.18415603691813145
6072,0.1409139396440408,3,12,3,207668,397942,18131,89825,3.686149912927489,0.18415554967843253
6073,0.1409149176559513,9,75,9,207743,397867,18140,89816,3.6854551854459223,0.1841688145783224
6074,0.1409173568643041,0,4,0,207747,397863,18140,89816,3.685418133313572,0.18417032515240558
6075,0.1409173580198773,2,28,2,207775,397835,18142,89814,3.6851587683871205,0.18417755393736068
6076,0.1409178163996692,0,7,0,207782,397828,18142,89814,3.6850939271555077,0.18418019776803474
6077,0.1409179827319804,0,1,0,207783,397827,18142,89814,3.6850846641224204,0.18418057546432723
6078,0.1409188756449073,2,9,2,207792,397818,18144,89812,3.685001296824632,0.1841806287554088
6079,0.140919932287337,0,19,0,207811,397799,18144,89812,3.684825299195969,0.18418780544327343
6080,0.1409250748735544,9,32,9,207843,397767,18153,89803,3.684528882137167,0.18418483499805155
6081,0.140926881724696,1,33,1,207876,397734,18154,89802,3.6842232020452776,0.18419562863050112
6082,0.1409285378351573,2,31,2,207907,397703,18156,89800,3.6839360480195635,0.18420399464208426
6083,0.140932932733832,4,9,4,207916,397694,18160,89796,3.6838526807217757,0.18420070155285237
6084,0.1409354806369809,0,1,0,207917,397693,18160,89796,3.683843417688688,0.1842010794089713
6085,0.1409369926952602,4,23,4,207940,397670,18164,89792,3.683630367927674,0.18420307634236105
6086,0.1409382687112831,0,7,0,207947,397663,18164,89792,3.683565526696061,0.18420572155378445
6087,0.1409425473253012,0,2,0,207949,397661,18164,89792,3.6835470006298863,0.18420647734243095
6088,0.1409435874509023,0,4,0,207953,397657,18164,89792,3.683509948497536,0.18420798893832996
6089,0.1409475183615079,0,1,0,207954,397656,18164,89792,3.6835006854644483,0.184208366841181
6090,0.1409479718317921,0,1,0,207955,397655,18164,89792,3.683491422431361,0.1842087447455826
6091,0.1409485157614901,1,20,1,207975,397635,18165,89791,3.6833061617696097,0.18421462950273476
6092,0.1409515697800931,3,34,3,208009,397601,18168,89788,3.682991218644633,0.1842224588572988
6093,0.1409527791616864,7,27,7,208036,397574,18175,89781,3.682741116751269,0.18422094776908005
6094,0.1409574993657757,1,11,1,208047,397563,18176,89780,3.682639223387306,0.18422343195654806
6095,0.1409605841312721,0,4,0,208051,397559,18176,89780,3.6826021712549557,0.18422494403279852
6096,0.1409626897936689,0,1,0,208052,397558,18176,89780,3.682592908221868,0.18422532205573955
6097,0.1409652525582619,0,5,0,208057,397553,18176,89780,3.6825465930564305,0.1842272121937156
6098,0.1409658944751541,0,3,0,208060,397550,18176,89780,3.682518803957168,0.1842283462951183
6099,0.1409725712837013,6,41,6,208101,397509,18182,89774,3.682139019600578,0.1842338025336406
6100,0.1409745278588328,0,2,0,208103,397507,18182,89774,3.682120493534403,0.1842345587043205
6101,0.1409803444741409,2,25,2,208128,397482,18184,89772,3.681888917707214,0.1842406629807041
6102,0.1409945290893401,3,34,3,208162,397448,18187,89769,3.6815739745822373,0.18424849707625143
6103,0.1409970349837331,1,22,1,208184,397426,18188,89768,3.681370187854311,0.18425514271522228
6104,0.1409997968771614,2,13,2,208197,397413,18190,89766,3.681249768424173,0.18425671057250004
6105,0.1409999181616393,2,34,2,208231,397379,18192,89764,3.680934825299196,0.1842662216228089
6106,0.1410024536699833,2,5,2,208236,397374,18194,89762,3.6808885101337583,0.18426476384418314
6107,0.1410030781201343,1,6,1,208242,397368,18195,89761,3.680832931935233,0.18426535886797954
6108,0.1410051873752409,12,122,12,208364,397246,18207,89749,3.679702841898551,0.18429141982977237
6109,0.1410066130801862,5,11,5,208375,397235,18212,89744,3.679600948534588,0.18428720745658436
6110,0.1410071563163357,1,4,1,208379,397231,18213,89743,3.679563896402238,0.18428704612566585
6111,0.1410091265762022,1,6,1,208385,397225,18214,89742,3.6795083182037125,0.18428764166771056
6112,0.1410161932645225,1,4,1,208389,397221,18215,89741,3.679471266071362,0.18428748033727477
6113,0.1410170254838886,4,9,4,208398,397212,18219,89737,3.6793878987735744,0.18428418581822736
6114,0.141031018954969,0,2,0,208400,397210,18219,89737,3.6793693727073995,0.18428494271450485
6115,0.1410312357720447,0,3,0,208403,397207,18219,89737,3.6793415836081365,0.18428607807057895
6116,0.1410326013534165,3,24,3,208427,397183,18222,89734,3.6791192708140352,0.18429013569047703
6117,0.1410374431375845,2,19,2,208446,397164,18224,89732,3.678943273185372,0.1842939765370839
6118,0.1410379373308676,5,20,5,208466,397144,18229,89727,3.6787580125236206,0.18429317005942025
6119,0.1410403722167388,21,81,21,208547,397063,18250,89706,3.6780077068435286,0.18428864615454146
6120,0.1410415152961524,2,3,2,208550,397060,18252,89704,3.677979917744266,0.18428643038515585
6121,0.1410440388472278,4,44,4,208594,397016,18256,89700,3.677572344288414,0.18429638639370804
6122,0.14104537563152,0,8,0,208602,397008,18256,89700,3.6774982400237133,0.18429941566606672
6123,0.1410457951911452,1,18,1,208620,396990,18257,89699,3.6773315054281372,0.1843045558868189
6124,0.1410466666546859,0,6,0,208626,396984,18257,89699,3.677275927229612,0.18430682805851037
6125,0.1410481737980542,5,5,5,208631,396979,18262,89694,3.677229612064174,0.18430034129692832
6126,0.1410499503131919,14,92,14,208723,396887,18276,89680,3.6763774130201194,0.1843117186327885
6127,0.1410510933926055,0,2,0,208725,396885,18276,89680,3.676358886953944,0.18431247623647407
6128,0.1410530876949556,0,14,0,208739,396871,18276,89680,3.6762292044907183,0.18431777963666707
6129,0.1410564818475017,8,53,8,208792,396818,18284,89672,3.675738263737078,0.18432444654566385
6130,0.141057490199885,0,1,0,208793,396817,18284,89672,3.6757290007039907,0.18432482543284637
6131,0.1410623584132534,1,13,1,208806,396804,18285,89671,3.675608581273852,0.18432807441286808
6132,0.1410624454480241,5,54,5,208860,396750,18290,89666,3.6751083774871245,0.18434015328443143
6133,0.1410651599485329,3,32,3,208892,396718,18293,89663,3.6748119604283227,0.18434725040657426
6134,0.1410676530719437,0,1,0,208893,396717,18293,89663,3.674802697395235,0.18434762942555205
6135,0.1410677474855526,1,3,1,208896,396714,18294,89662,3.6747749082959724,0.18434708949454742
6136,0.1410702829938967,0,1,0,208897,396713,18294,89662,3.6747656452628847,0.18434746851709072
6137,0.1410723366934916,0,14,0,208911,396699,18294,89662,3.674635962799659,0.18435277499635044
6138,0.1410749856402491,0,2,0,208913,396697,18294,89662,3.674617436733484,0.1843535330897547
6139,0.1410753891886883,0,2,0,208915,396695,18294,89662,3.6745989106673087,0.1843542911893938
6140,0.1410769559001156,0,1,0,208916,396694,18294,89662,3.6745896476342215,0.18435467024155144
6141,0.1410786389806176,5,52,5,208968,396642,18299,89657,3.6741079699136687,0.18436599705119688
6142,0.1410822365827427,1,0,1,208968,396642,18300,89656,3.6741079699136687,0.18436431982035706
6143,0.1410835728616026,1,19,1,208987,396623,18301,89655,3.673931972285005,0.18436984605513718
6144,0.141084367975587,3,28,3,209015,396595,18304,89652,3.6736726073585535,0.18437543059391626
6145,0.1410848525291581,6,28,6,209043,396567,18310,89646,3.673413242432102,0.1843759833653152
6146,0.141084854807802,0,2,0,209045,396565,18310,89646,3.673394716365927,0.18437674178494523
6147,0.1410859130544769,1,2,1,209047,396563,18311,89645,3.6733761902997517,0.18437582269316835
6148,0.1410863363586134,4,31,4,209078,396532,18315,89641,3.6730890362740376,0.1843808685385655
6149,0.1410872105600312,0,14,0,209092,396518,18315,89641,3.672959353810812,0.18438617818450342
6150,0.1410877236227315,0,2,0,209094,396516,18315,89641,3.6729408277446365,0.1843869367303155
6151,0.1410944306256112,0,10,0,209104,396506,18315,89641,3.672848197413761,0.1843907295529953
6152,0.1410949526834943,10,20,10,209124,396486,18325,89631,3.67266293675201,0.18438153777794233
6153,0.141099065095958,1,2,1,209126,396484,18326,89630,3.672644410685835,0.18438061853803842
6154,0.1410995867812238,11,69,11,209195,396415,18337,89619,3.6720052614027936,0.1843883349724505
6155,0.1410997877112706,0,2,0,209197,396413,18337,89619,3.6719867353366187,0.18438909372222406
6156,0.1411021222895679,0,9,0,209206,396404,18337,89619,3.6719033680388304,0.1843925081734815
6157,0.1411029970264575,4,19,4,209225,396385,18341,89615,3.671727370410167,0.18439300411522633
6158,0.1411035480354163,0,3,0,209228,396382,18341,89615,3.6716995813109046,0.18439414235067295
6159,0.141103829445397,1,11,1,209239,396371,18342,89614,3.6715976879469414,0.18439663775630935
6160,0.141106415402294,25,220,25,209459,396151,18367,89589,3.6695598206676796,0.18443817680240457
6161,0.1411068249359203,1,5,1,209464,396146,18368,89588,3.6695135055022416,0.1844383963239139
6162,0.1411071442450472,0,10,0,209474,396136,18368,89588,3.669420875171366,0.18444219350907098
6163,0.1411074446415014,2,4,2,209478,396132,18370,89586,3.669383823039016,0.18444035427964375
6164,0.1411100081724516,0,5,0,209483,396127,18370,89586,3.669337507873578,0.18444225293537542
6165,0.1411102545519686,6,44,6,209527,396083,18376,89580,3.6689299344177257,0.18444888739722812
6166,0.1411116944426419,8,21,8,209548,396062,18384,89572,3.668735410722887,0.18444342859025523
6167,0.1411127806189525,3,30,3,209578,396032,18387,89569,3.6684575197302607,0.1844497849057148
6168,0.14111415105426,0,1,0,209579,396031,18387,89569,3.668448256697173,0.1844501647446458
6169,0.1411165720268695,0,2,0,209581,396029,18387,89569,3.6684297306309976,0.1844509244272011
6170,0.1411266654869725,2,36,2,209617,395993,18389,89567,3.668096261439846,0.18446124062937638
6171,0.1411283564884803,1,8,1,209625,395985,18390,89566,3.6680221571751455,0.184462600221192
6172,0.1411309043916292,0,7,0,209632,395978,18390,89566,3.6679573159435326,0.18446525958512514
6173,0.1411326726544204,0,3,0,209635,395975,18390,89566,3.66792952684427,0.1844663993359984
6174,0.1411364055859439,6,69,6,209704,395906,18396,89560,3.6672903775612284,0.1844825384269959
6175,0.1411365757439246,0,1,0,209705,395905,18396,89560,3.667281114528141,0.18448291843902237
6176,0.1411374547311587,0,1,0,209706,395904,18396,89560,3.6672718514950535,0.1844832984526144
6177,0.1411454638107297,7,45,7,209751,395859,18403,89553,3.6668550150061137,0.18448864057748882
6178,0.1411487253879612,2,18,2,209769,395841,18405,89551,3.6666882804105376,0.18449212183142696
6179,0.1411494417564328,2,10,2,209779,395831,18407,89549,3.666595650079662,0.18449256252832832
6180,0.1411514717719166,36,333,36,210112,395498,18443,89513,3.6635110600615066,0.1845587007304989
6181,0.1411554052400119,11,77,11,210189,395421,18454,89502,3.662797806513765,0.18456950897358962
6182,0.1411570214934273,0,1,0,210190,395420,18454,89502,3.6627885434806773,0.18456988959049084
6183,0.1411611787705871,0,1,0,210191,395419,18454,89502,3.6627792804475896,0.18457027020896188
6184,0.1411620726820644,2,11,2,210202,395408,18456,89500,3.6626773870836264,0.184571093898224
6185,0.1411639969042985,4,28,4,210230,395380,18460,89496,3.662418022157175,0.1845750253673104
6186,0.1411669897956273,2,4,2,210234,395376,18462,89494,3.662380970024825,0.18457318456493493
6187,0.1411673216915282,0,1,0,210235,395375,18462,89494,3.6623717069917374,0.18457356523102117
6188,0.1411674161051371,0,4,0,210239,395371,18462,89494,3.662334654859387,0.18457508791106803
6189,0.1411685373408078,18,136,18,210375,395235,18480,89476,3.66107488235948,0.18459659467187664
6190,0.1411727809101724,16,233,16,210608,395002,18496,89460,3.6589165956500795,0.18465844586365907
6191,0.1411746542598336,0,4,0,210612,394998,18496,89460,3.6588795435177293,0.18465997052376057
6192,0.1411752739654147,0,2,0,210614,394996,18496,89460,3.6588610174515543,0.1846607328632528
6193,0.1411757682287892,11,43,11,210657,394953,18507,89449,3.6584627070287894,0.18465860999748143
6194,0.1411770849285635,1,0,1,210657,394953,18508,89448,3.6584627070287894,0.18465692680238066
6195,0.1411787030973296,5,49,5,210706,394904,18513,89443,3.6580088184074993,0.18466719108407814
6196,0.1411804708751416,0,3,0,210709,394901,18513,89443,3.6579810293082367,0.184668334902466
6197,0.1411806099428658,0,2,0,210711,394899,18513,89443,3.6579625032420617,0.1846690974559299
6198,0.1411816678826933,1,1,1,210712,394898,18514,89442,3.657953240208974,0.1846677953503737
6199,0.1411832414811872,4,28,4,210740,394870,18518,89438,3.6576938752825225,0.18467173781973456
6200,0.1411840073091536,2,16,2,210756,394854,18520,89436,3.6575456667531214,0.18467447190732825
6201,0.1411862532354678,0,1,0,210757,394853,18520,89436,3.657536403720034,0.18467485323845886
6202,0.1411884341004998,0,5,0,210762,394848,18520,89436,3.6574900885545962,0.18467675991773422
6203,0.141197810704266,2,14,2,210776,394834,18522,89434,3.6573604060913705,0.1846787316114218
6204,0.1412038665627987,1,5,1,210781,394829,18523,89433,3.657314090925933,0.18467895478067659
6205,0.1412043335137749,2,12,2,210793,394817,18525,89431,3.657202934528882,0.18468016388296907
6206,0.1412045503308506,3,35,3,210828,394782,18528,89428,3.6568787283708177,0.18468846161789307
6207,0.1412071132610859,3,19,3,210847,394763,18531,89425,3.656702730742154,0.18469065734797227
6208,0.1412096767920361,5,47,5,210894,394716,18536,89420,3.6562673681870392,0.18470016689525257
6209,0.141212449238537,6,77,6,210971,394639,18542,89414,3.6555541146392976,0.18471944187929834
6210,0.1412153778133039,4,42,4,211013,394597,18546,89410,3.6551650672496203,0.18472873326212225
6211,0.1412196873932335,0,2,0,211015,394595,18546,89410,3.655146541183445,0.18472949659610954
6212,0.1412203070988146,2,4,2,211019,394591,18548,89408,3.6551094890510947,0.18472765439598016
6213,0.1412214126696862,0,6,0,211025,394585,18548,89408,3.6550539108525695,0.18472994444134522
6214,0.1412259462710542,1,8,1,211033,394577,18549,89407,3.654979806587869,0.18473131343184898
6215,0.1412263048205392,0,13,0,211046,394564,18549,89407,3.654859387157731,0.1847362755206407
6216,0.1412280251080648,5,53,5,211099,394511,18554,89402,3.6543684464040904,0.1847480848830265
6217,0.1412304630268812,2,17,2,211116,394494,18556,89400,3.654210974841602,0.18475120584260188
6218,0.1412307316118854,0,2,0,211118,394492,18556,89400,3.654192448775427,0.184751969447728
6219,0.1412371030399186,2,52,2,211170,394440,18558,89398,3.6537107710548744,0.18476845555743865
6220,0.1412412189457935,2,12,2,211182,394428,18560,89396,3.6535996146578236,0.1847696683091372
6221,0.1412412214018299,0,5,0,211187,394423,18560,89396,3.6535532994923856,0.18477157780078915
6222,0.1412417249226235,3,17,3,211204,394406,18563,89393,3.6533958279298973,0.1847730152398
6223,0.141242789537654,3,71,3,211275,394335,18566,89390,3.652738152580681,0.1847950798490878
6224,0.1412433676832928,6,15,6,211290,394320,18572,89384,3.652599207084368,0.1847906984436763
6225,0.1412435975527025,2,2,2,211292,394318,18574,89382,3.6525806810181924,0.18478809179243333
6226,0.1412439989192473,7,50,7,211342,394268,18581,89375,3.652117529363815,0.18479539660452027
6227,0.1412500850841381,21,172,21,211514,394096,18602,89354,3.6505242876727557,0.18482573171992966
6228,0.1412513030190766,0,2,0,211516,394094,18602,89354,3.6505057616065804,0.18482649633466267
6229,0.1412542173309496,22,114,22,211630,393980,18624,89332,3.6494497758345994,0.18483298573178403
6230,0.1412577164382281,2,7,2,211637,393973,18626,89330,3.6493849346029865,0.18483228947471875
6231,0.1412598835056788,2,16,2,211653,393957,18628,89328,3.6492367260735854,0.1848350352276607
6232,0.1412613940759083,5,49,5,211702,393908,18633,89323,3.6487828374522953,0.18484534311747383
6233,0.1412617955881022,8,46,8,211748,393862,18641,89315,3.6483567379302677,0.18484944440650114
6234,0.1412647499026919,3,20,3,211768,393842,18644,89312,3.6481714772685168,0.18485203475496426
6235,0.1412656400281794,0,5,0,211773,393837,18644,89312,3.6481251621030792,0.18485394774696834
6236,0.1412682437824399,1,6,1,211779,393831,18645,89311,3.6480695839045536,0.18485455621742677
6237,0.1412720247983127,10,45,10,211824,393786,18655,89301,3.6476527474156137,0.18485490191207796
6238,0.1412723796547639,1,9,1,211833,393777,18656,89300,3.647569380117826,0.18485665846231553
6239,0.1412727605382668,2,20,2,211853,393757,18658,89298,3.6473841194560745,0.18486093716036475
6240,0.1412749425849992,0,3,0,211856,393754,18658,89298,3.647356330356812,0.18486208524134048
6241,0.1412755874517813,0,9,0,211865,393745,18658,89298,3.647272963059024,0.18486552956983127
6242,0.1412775061159494,3,8,3,211873,393737,18661,89295,3.6471988587943236,0.1848635287103132
6243,0.141278996616251,2,6,2,211879,393731,18663,89293,3.6471432805957984,0.18486244989896983
6244,0.1412794005513042,6,50,6,211929,393681,18669,89287,3.6466801289414206,0.18487146146328534
6245,0.1412802785624503,0,1,0,211930,393680,18669,89287,3.646670865908333,0.1848718442460872
6246,0.1412818385192855,3,7,3,211937,393673,18672,89284,3.64660602467672,0.18486946042815405
6247,0.1412826817942772,10,51,10,211988,393622,18682,89274,3.646133609989255,0.1848721049667009
6248,0.1412850621556292,11,48,11,212036,393574,18693,89263,3.6456889844010525,0.18487191329579133
6249,0.1412881364227279,0,1,0,212037,393573,18693,89263,3.645679721367965,0.1848722961833832
6250,0.1412885559201307,20,146,20,212183,393427,18713,89243,3.6443273185371816,0.1848944413367311
6251,0.1412888989002805,2,8,2,212191,393419,18715,89241,3.6442532142724815,0.18489412837193883
6252,0.1412933333324549,2,10,2,212201,393409,18717,89239,3.644160583941606,0.1848945815584028
6253,0.1412946402520823,5,49,5,212250,393360,18722,89234,3.643706695320316,0.18490490971707066
6254,0.1412974793238506,1,54,1,212304,393306,18723,89233,3.6432064915335878,0.18492391288579782
6255,0.1412991156927811,0,1,0,212305,393305,18723,89233,3.6431972285005,0.18492429611761146
6256,0.1412993913886781,3,12,3,212317,393293,18726,89230,3.6430860721034497,0.18492382746521926
6257,0.1412997286343541,0,1,0,212318,393292,18726,89230,3.643076809070362,0.1849242107095635
6258,0.1413028683961497,8,40,8,212358,393252,18734,89222,3.6427062877468597,0.18492602710197856
6259,0.1413032207386845,0,12,0,212370,393240,18734,89222,3.6425951313498093,0.18493062666075255
6260,0.1413072393581983,1,1,1,212371,393239,18735,89221,3.6425858683167216,0.18492932056543548
6261,0.1413076939256049,7,41,7,212412,393198,18742,89214,3.642206083960132,0.18493321061665133
6262,0.1413101065508462,0,2,0,212414,393196,18742,89214,3.6421875578939567,0.18493397732219483
6263,0.1413126810199826,1,6,1,212420,393190,18743,89213,3.6421319796954315,0.18493458788606207
6264,0.1413144204696819,3,48,3,212468,393142,18746,89210,3.641687354107229,0.1849479218496036
6265,0.141317884963167,1,1,1,212469,393141,18747,89209,3.6416780910741413,0.18494661552814345
6266,0.1413199757183991,1,31,1,212500,393110,18748,89208,3.641390937048427,0.1849568127252145
6267,0.141322043169509,1,2,1,212502,393108,18749,89207,3.641372410982252,0.18495588982304095
6268,0.1413249793056628,6,51,6,212553,393057,18755,89201,3.6408999962947868,0.1849653090254594
6269,0.1413279569100564,1,20,1,212573,393037,18756,89200,3.640714735633036,0.18497129005032795
6270,0.1413334132208415,0,1,0,212574,393036,18756,89200,3.640705472599948,0.18497167362038505
6271,0.1413347194046342,2,56,2,212630,392980,18758,89198,3.640186742747045,0.18498977556006288
6272,0.1413355747503774,1,14,1,212644,392966,18759,89197,3.6400570602838194,0.1849934565696663
6273,0.141335789261704,1,0,1,212644,392966,18760,89196,3.6400570602838194,0.18499176625283617
6274,0.141340887565378,9,57,9,212701,392909,18769,89187,3.6395290673978287,0.18499842355049617
6275,0.1413410542528879,1,6,1,212707,392903,18770,89186,3.6394734891993035,0.18499903544781152
6276,0.141342481619897,1,0,1,212707,392903,18771,89185,3.6394734891993035,0.18499734488309189
6277,0.1413461647615975,3,26,3,212733,392877,18774,89182,3.639232650339027,0.1850022507618362
6278,0.1413496995453776,4,35,4,212768,392842,18778,89178,3.6389084441809625,0.1850089207916684
6279,0.141352272898765,4,33,4,212801,392809,18782,89174,3.6386027640890735,0.1850148241742966
6280,0.1413573850578127,3,32,3,212833,392777,18785,89171,3.6383063470302717,0.1850220355723024
6281,0.1413575653025885,0,1,0,212834,392776,18785,89171,3.638297083997184,0.1850224194776604
6282,0.1413614228221425,3,9,3,212843,392767,18788,89168,3.638213716699396,0.1850208015603764
6283,0.1413614666300718,3,37,3,212880,392730,18791,89165,3.6378709844751564,0.18502993390676392
6284,0.1413625448395019,0,5,0,212885,392725,18791,89165,3.637824669309719,0.18503185374255535
6285,0.1413642065307697,11,117,11,213002,392608,18802,89154,3.636740894438475,0.1850581822559687
6286,0.1413643406808946,0,3,0,213005,392605,18802,89154,3.6367131053392123,0.1850593346465764
6287,0.1413653086477639,2,7,2,213012,392598,18804,89152,3.6366482641075994,0.18505864037363778
6288,0.1413679947930654,1,5,1,213017,392593,18805,89151,3.6366019489421615,0.18505886944103092
6289,0.1413706977200631,0,2,0,213019,392591,18805,89151,3.6365834228759866,0.1850596377313998
6290,0.1413770169160198,10,56,10,213075,392535,18815,89141,3.6360646930230835,0.18506423404944403
6291,0.1413786652358355,4,33,4,213108,392502,18819,89137,3.635759012931194,0.18507014589765364
6292,0.141380510343896,0,1,0,213109,392501,18819,89137,3.635749749898107,0.1850705301491992
6293,0.1413843914858936,4,23,4,213132,392478,18823,89133,3.635536700137093,0.1850726000859615
6294,0.14138674791919,3,39,3,213171,392439,18826,89130,3.635175441846678,0.1850825115404023
6295,0.1413878050423124,1,11,1,213182,392428,18827,89129,3.635073548482715,0.18508504704531342
6296,0.1413880799800735,0,10,0,213192,392418,18827,89129,3.6349809181518395,0.18508889059634884
6297,0.141390283315923,11,148,11,213340,392270,18838,89118,3.6336099892548814,0.18512717392207534
6298,0.1413942167840184,2,23,2,213363,392247,18840,89116,3.633396939493868,0.18513263379196157
6299,0.1413954696734233,3,11,3,213374,392236,18843,89113,3.6332950461299047,0.18513178587677548
6300,0.1413960361385811,0,3,0,213377,392233,18843,89113,3.633267257030642,0.18513293971488284
6301,0.1413999374660644,4,12,4,213389,392221,18847,89109,3.6331561006335913,0.18513078345417905
6302,0.1414009025355942,6,21,6,213410,392200,18853,89103,3.6329615769387527,0.18512870270910425
6303,0.1414015714563555,1,7,1,213417,392193,18854,89102,3.63289673570714,0.18512970215772032
6304,0.1414017613575937,0,6,0,213423,392187,18854,89102,3.6328411575086146,0.18513201008126096
6305,0.1414025370157342,12,57,12,213480,392130,18866,89090,3.632313164622624,0.18513361871908898
6306,0.1414041069848759,1,8,1,213488,392122,18867,89089,3.6322390603579238,0.18513500314830708
6307,0.1414044351957206,8,97,8,213585,392025,18875,89081,3.6313405461484307,0.18515877997780114
6308,0.1414094352009254,0,2,0,213587,392023,18875,89081,3.631322020082256,0.18515954970235127
6309,0.1414097751704307,0,3,0,213590,392020,18875,89081,3.631294230982993,0.18516070430117584
6310,0.1414121708476866,1,1,1,213591,392019,18876,89080,3.6312849679499055,0.18515939546746096
6311,0.1414122763285633,0,7,0,213598,392012,18876,89080,3.6312201267182926,0.1851620895795399
6312,0.1414123496395672,1,3,1,213601,392009,18877,89079,3.63119233761903,0.18516155048556604
6313,0.141412958406962,0,12,0,213613,391997,18877,89079,3.631081181221979,0.18516616917077552
6314,0.1414157308534629,4,29,4,213642,391968,18881,89075,3.6308125532624405,0.18517055647831898
6315,0.1414171224937077,4,9,4,213651,391959,18885,89071,3.630729185964652,0.1851672452861568
6316,0.1414175322522549,0,2,0,213653,391957,18885,89071,3.6307106598984773,0.18516801516751624
6317,0.1414255434772959,1,3,1,213656,391954,18886,89070,3.6306828707992147,0.18516747605109102
6318,0.1414266538086302,1,8,1,213664,391946,18887,89069,3.630608766534514,0.18516886167791025
6319,0.1414287768455714,3,103,3,213767,391843,18890,89066,3.629654674126496,0.18520343765660446
6320,0.1414290454305757,6,36,6,213803,391807,18896,89060,3.629321204935344,0.18520713627676674
6321,0.1414389520873006,0,4,0,213807,391803,18896,89060,3.629284152802994,0.1852086768996575
6322,0.1414393733715868,2,16,2,213823,391787,18898,89058,3.629135944273593,0.18521145067537356
6323,0.1414452720624162,0,1,0,213824,391786,18898,89058,3.629126681240505,0.18521183585528778
6324,0.1414531401928765,0,5,0,213829,391781,18898,89058,3.6290803660750677,0.18521376177889065
6325,0.1414551814057973,17,108,17,213937,391673,18915,89041,3.628079958501612,0.18522655882707806
6326,0.1414555933297003,7,14,7,213951,391659,18922,89034,3.627950276038386,0.18522008849723212
6327,0.141458358796913,0,1,0,213952,391658,18922,89034,3.6279410130052985,0.18522047381691395
6328,0.1414656997854559,5,42,5,213994,391616,18927,89029,3.627551965615621,0.1852281829624775
6329,0.1414703663396476,2,8,2,214002,391608,18929,89027,3.6274778613509207,0.1852278756228739
6330,0.141471074356957,13,113,13,214115,391495,18942,89014,3.626431138612027,0.18524939179078853
6331,0.1414713749383908,2,22,2,214137,391473,18944,89012,3.626227351884101,0.18525448245002446
6332,0.1414719363087893,0,1,0,214138,391472,18944,89012,3.6262180888510134,0.18525486800809185
6333,0.1414720609179782,0,1,0,214139,391471,18944,89012,3.6262088258179257,0.1852552535677641
6334,0.1414733277535344,0,1,0,214140,391470,18944,89012,3.6261995627848385,0.18525563912904125
6335,0.14147468786656,2,14,2,214154,391456,18946,89010,3.6260698803216127,0.18525764570229736
6336,0.1414749894405196,0,1,0,214155,391455,18946,89010,3.626060617288525,0.18525803128219537
6337,0.1414754072968151,0,18,0,214173,391437,18946,89010,3.625893882692949,0.1852649719948298
6338,0.1414762775948141,0,3,0,214176,391434,18946,89010,3.6258660935936864,0.1852661288308315
6339,0.1414776044943441,0,1,0,214177,391433,18946,89010,3.6258568305605987,0.1852665144460425
6340,0.1414782976088463,5,47,5,214224,391386,18951,89005,3.625421468005484,0.18527616046095785
6341,0.1414792462034204,0,7,0,214231,391379,18951,89005,3.625356626773871,0.18527886024513723
6342,0.1414801789634805,0,1,0,214232,391378,18951,89005,3.6253473637407834,0.18527924593501435
6343,0.1414805209433927,1,3,1,214235,391375,18952,89004,3.6253195746415208,0.18527870702091473
6344,0.1414807877308753,0,1,0,214236,391374,18952,89004,3.625310311608433,0.18527909271448734
6345,0.1414818195568078,0,3,0,214239,391371,18952,89004,3.6252825225091705,0.18528024980483998
6346,0.1414834211096521,3,6,3,214245,391365,18955,89001,3.6252269443106453,0.1852774759246075
6347,0.1414835601773763,0,3,0,214248,391362,18955,89001,3.6251991552113823,0.1852786330337682
6348,0.1414859955787885,0,5,0,214253,391357,18955,89001,3.6251528400459447,0.18528056158115405
6349,0.1414927247917675,1,1,1,214254,391356,18956,89000,3.625143577012857,0.18527925122201033
6350,0.1414933728012092,0,1,0,214255,391355,18956,89000,3.6251343139797694,0.18527963693518334
6351,0.1414951905390614,0,2,0,214257,391353,18956,89000,3.6251157879135945,0.18528040836634724
6352,0.141496866704992,1,0,1,214257,391353,18957,88999,3.6251157879135945,0.18527871227766304
6353,0.1414980080017213,0,3,0,214260,391350,18957,88999,3.625087998814332,0.18527986942826985
6354,0.1414998006908378,1,38,1,214298,391312,18958,88998,3.624736003557005,0.18529283171285213
6355,0.141507903552076,12,129,12,214427,391183,18970,88986,3.62354107228871,0.1853222511240834
6356,0.1415080164559846,0,2,0,214429,391181,18970,88986,3.623522546222535,0.18532302303157028
6357,0.1415106084304701,0,2,0,214431,391179,18970,88986,3.62350402015636,0.18532379494548748
6358,0.1415126270265465,7,82,7,214513,391097,18977,88979,3.6227444514431806,0.18534357060132145
6359,0.1415127342883721,2,40,2,214553,391057,18979,88977,3.6223739301196782,0.18535562064353775
6360,0.1415153994730474,7,70,7,214623,390987,18986,88970,3.6217255178035495,0.18537077279839653
6361,0.1415169853779457,2,11,2,214634,390976,18988,88968,3.6216236244395863,0.18537162668978047
6362,0.1415172411505597,0,1,0,214635,390975,18988,88968,3.621614361406499,0.18537201292653502
6363,0.1415203569881992,1,6,1,214641,390969,18989,88967,3.6215587832079734,0.1853726330177357
6364,0.1415211435842876,3,35,3,214676,390934,18992,88964,3.621234577049909,0.18538106014194683
6365,0.1415226376277439,0,1,0,214677,390933,18992,88964,3.621225314016822,0.18538144643538093
6366,0.1415252120968804,0,1,0,214678,390932,18992,88964,3.621216050983734,0.18538183273042494
6367,0.1415273070501345,0,13,0,214691,390919,18992,88964,3.621095631553596,0.18538685471250285
6368,0.1415328561528621,18,97,18,214788,390822,19010,88946,3.620197117344103,0.18539377365726767
6369,0.1415354295062496,28,206,28,214994,390616,19038,88918,3.618288932528067,0.18542585093027814
6370,0.1415380181669898,0,2,0,214996,390614,19038,88918,3.618270406461892,0.18542662429201806
6371,0.1415463416549162,30,313,30,215309,390301,19068,88888,3.6153710771054874,0.18549674554299034
6372,0.1415463743880687,5,54,5,215363,390247,19073,88883,3.6148708733187593,0.18550915200467513
6373,0.1415472475287862,1,44,1,215407,390203,19074,88882,3.614463299862907,0.18552448939123536
6374,0.141548350267306,0,3,0,215410,390200,19074,88882,3.6144355107636446,0.18552565114114075
6375,0.141550404697004,6,73,6,215483,390127,19080,88876,3.613759309348253,0.185543723108206
6376,0.1415512504335654,1,3,1,215486,390124,19081,88875,3.61373152024899,0.18554318485007276
6377,0.1415525678848409,1,0,1,215486,390124,19082,88874,3.61373152024899,0.18554148451559296
6378,0.141552808812461,7,39,7,215525,390085,19089,88867,3.613370261958576,0.18554468923817
6379,0.1415538249027019,2,3,2,215528,390082,19091,88865,3.613342472859313,0.18554245041726955
6380,0.141561676256543,13,97,13,215625,389985,19104,88852,3.6124439586498203,0.1855579247217738
6381,0.1415626544995848,1,5,1,215630,389980,19105,88851,3.6123976434843827,0.18555816143900458
6382,0.1415634410956732,6,33,6,215663,389947,19111,88845,3.6120919633924933,0.18556074454042673
6383,0.1415637226508738,2,35,2,215698,389912,19113,88843,3.611767757234429,0.18557090787563577
6384,0.1415644229893798,2,20,2,215718,389892,19115,88841,3.611582496572678,0.18557525802482805
6385,0.1415649320324671,3,20,3,215738,389872,19118,88838,3.6113972359109265,0.1855779072925153
6386,0.1415658373256346,0,1,0,215739,389871,19118,88838,3.6113879728778393,0.18557829495580822
6387,0.1415662680091877,0,7,0,215746,389864,19118,88838,3.6113231316462264,0.1855810086442087
6388,0.1415663086117556,0,2,0,215748,389862,19118,88838,3.611304605580051,0.1855817839983288
6389,0.1415669963427673,0,42,0,215790,389820,19118,88838,3.610915558190374,0.1855980679315921
6390,0.1415789950628209,5,65,5,215855,389755,19123,88833,3.610313461039683,0.18561476677225505
6391,0.1415804563504599,2,3,2,215858,389752,19125,88831,3.6102856719404204,0.18561252698069092
6392,0.1415809793092418,2,4,2,215862,389748,19127,88829,3.61024861980807,0.18561067498020173
6393,0.1415832287969608,0,9,0,215871,389739,19127,88829,3.610165252510282,0.18561416559402216
6394,0.1415847280638401,1,7,1,215878,389732,19128,88828,3.610100411278669,0.18561517886994316
6395,0.1415904669516573,0,2,0,215880,389730,19128,88828,3.610081885212494,0.18561595459693495
6396,0.1415930414207937,0,1,0,215881,389729,19128,88828,3.6100726221794064,0.18561634246286232
6397,0.1415962835669653,1,6,1,215887,389723,19129,88827,3.610017043980881,0.1856169679239369
6398,0.1415976766213058,2,21,2,215908,389702,19131,88825,3.6098225202860426,0.18562170995576008
6399,0.1415988580361018,2,13,2,215921,389689,19133,88823,3.609702100855904,0.1856233490487177
6400,0.1416001470925356,3,41,3,215962,389648,19136,88820,3.6093223164993145,0.1856341489922001
6401,0.1416009215964336,1,5,1,215967,389643,19137,88819,3.609276001333877,0.18563438684785835
6402,0.1416032276827695,0,5,0,215972,389638,19137,88819,3.609229686168439,0.1856363267754469
6403,0.1416085655205734,0,2,0,215974,389636,19137,88819,3.609211160102264,0.18563710275783513
6404,0.1416127237269154,0,4,0,215978,389632,19137,88819,3.609174107969914,0.1856386547420739
6405,0.1416130199863336,0,4,0,215982,389628,19137,88819,3.6091370558375635,0.18564020675226306
6406,0.1416182340209173,3,6,3,215988,389622,19140,88816,3.6090814776390383,0.1856374284651303
6407,0.1416199590453822,12,123,12,216111,389499,19152,88804,3.607942124569269,0.18566473553375162
6408,0.141624879654045,0,6,0,216117,389493,19152,88804,3.6078865463707435,0.1856670646063011
6409,0.1416278877461491,0,1,0,216118,389492,19152,88804,3.6078772833376562,0.18566745279074046
6410,0.1416293473488807,0,6,0,216124,389486,19152,88804,3.6078217051391306,0.18566978193146416
6411,0.1416310159417181,2,11,2,216135,389475,19154,88802,3.607719811775168,0.18567064692636276
6412,0.1416327371950255,0,5,0,216140,389470,19154,88802,3.60767349660973,0.18567258798340694
6413,0.1416368826249668,1,3,1,216143,389467,19155,88801,3.6076457075104673,0.18567204998034575
6414,0.1416454084038325,0,1,0,216144,389466,19155,88801,3.6076364444773796,0.18567243819874674
6415,0.1416475984672082,1,37,1,216181,389429,19156,88800,3.6072937122531403,0.1856851006526162
6416,0.1416526384729473,0,3,0,216184,389426,19156,88800,3.6072659231538773,0.18568626548953843
6417,0.1416545315458754,13,43,13,216227,389383,19169,88787,3.606867612731113,0.18568082481125958
6418,0.141655021238301,2,7,2,216234,389376,19171,88785,3.6068027714995,0.18568013702497693
6419,0.141661225192673,1,21,1,216255,389355,19172,88784,3.6066082478046613,0.18568658904628152
6420,0.141662402810905,2,8,2,216263,389347,19174,88782,3.6065341435399607,0.18568628968332815
6421,0.1416641128908786,0,1,0,216264,389346,19174,88782,3.606524880506873,0.18568667804437305
6422,0.1416649761642924,1,13,1,216277,389333,19175,88781,3.606404461076735,0.18569002371819274
6423,0.1416655059452192,1,3,1,216280,389330,19176,88780,3.6063766719774724,0.18568948568321098
6424,0.1416666873600151,2,0,2,216280,389330,19178,88778,3.6063766719774724,0.18568607929589132
6425,0.1416697464111624,0,12,0,216292,389318,19178,88778,3.6062655155804215,0.1856907399350758
6426,0.1416701812637979,4,9,4,216301,389309,19182,88774,3.6061821482826337,0.18568742247685024
6427,0.1416703747366685,0,8,0,216309,389301,19182,88774,3.606108044017933,0.18569052972859906
6428,0.1416721515783468,1,1,1,216310,389300,19183,88773,3.6060987809848455,0.18568921482702433
6429,0.1416761768947916,1,7,1,216317,389293,19184,88772,3.6060339397532326,0.18569023040799892
6430,0.1416766114275366,12,51,12,216368,389242,19196,88760,3.6055615250657675,0.18568959962510617
6431,0.1416829572983224,10,92,10,216460,389150,19206,88750,3.6047093260217125,0.18570830717723374
6432,0.1416842479214781,0,6,0,216466,389144,19206,88750,3.6046537478231873,0.18571063876089677
6433,0.141690951340082,2,11,2,216477,389133,19208,88748,3.604551854459224,0.18571150558402616
6434,0.1416934317563697,1,19,1,216496,389114,19209,88747,3.6043758568305604,0.1857171855414022
6435,0.1416939696474226,1,4,1,216500,389110,19210,88746,3.6043388046982106,0.18571703609455567
6436,0.1416965430008101,0,2,0,216502,389108,19210,88746,3.604320278632035,0.18571781339070093
6437,0.1416991584680255,7,20,7,216522,389088,19217,88739,3.6041350179702842,0.18571365787199132
6438,0.1417006120874033,4,34,4,216556,389054,19221,88735,3.6038200748453075,0.18572005634286265
6439,0.1417015067887124,20,128,20,216684,388926,19241,88715,3.6026344066101004,0.18573573039165397
6440,0.1417036882925753,1,2,1,216686,388924,19242,88714,3.6026158805439255,0.1857348033447925
6441,0.1417070572193864,1,8,1,216694,388916,19243,88713,3.602541776279225,0.18573620948476746
6442,0.1417120439225481,0,10,0,216704,388906,19243,88713,3.6024491459483494,0.18574009827917232
6443,0.1417142849383558,2,11,2,216715,388895,19245,88711,3.6023472525843863,0.18574096640326965
6444,0.1417145241348401,2,13,2,216728,388882,19247,88709,3.602226833154248,0.18574261240266252
6445,0.1417151498972381,9,16,9,216744,388866,19256,88700,3.602078624624847,0.18573349024009247
6446,0.1417194574029778,9,103,9,216847,388763,19265,88691,3.6011245322168293,0.18575820916779417
6447,0.1417195141277973,7,14,7,216861,388749,19272,88684,3.6009948497536035,0.1857517180421127
6448,0.1417245482736295,10,76,10,216937,388673,19282,88674,3.600290859238949,0.18576423440390324
6449,0.1417258824436468,0,2,0,216939,388671,19282,88674,3.600272333172774,0.18576501272664425
6450,0.1417275563657337,1,4,1,216943,388667,19283,88673,3.600235281040424,0.1857648636192232
6451,0.141727922010331,0,9,0,216952,388658,19283,88673,3.600151913742636,0.18576836618614756
6452,0.1417299495992585,0,1,0,216953,388657,19283,88673,3.6001426507095484,0.1857687553684034
6453,0.1417324884071552,0,2,0,216955,388655,19283,88673,3.600124124643373,0.18576953373780714
6454,0.1417362453657622,2,3,2,216958,388652,19285,88671,3.6000963355441105,0.1857672896550135
6455,0.1417369329640831,13,107,13,217065,388545,19298,88658,3.5991051910037424,0.18578676160879123
6456,0.1417386731493834,11,53,11,217118,388492,19309,88647,3.598614250250102,0.18578862763261858
6457,0.1417395063174705,6,92,6,217210,388400,19315,88641,3.597762051206047,0.18581421722661154
6458,0.141739977624705,16,125,16,217335,388275,19331,88625,3.5966041720701027,0.18583560494862655
6459,0.1417456917949943,26,135,26,217470,388140,19357,88599,3.5953536626032827,0.18584382649625897
6460,0.1417516645921211,1,6,1,217476,388134,19358,88598,3.5952980844047575,0.1858444576827232
6461,0.1417527800332905,12,110,12,217586,388024,19370,88586,3.5942791507651264,0.18586685130400118
6462,0.1417539894148838,7,56,7,217642,387968,19377,88579,3.5937604209122234,0.18587673408918742
6463,0.141756546386723,0,3,0,217645,387965,19377,88579,3.5937326318129608,0.18587790424388934
6464,0.141761261080283,3,9,3,217654,387956,19380,88576,3.593649264515173,0.18587628952515256
6465,0.1417613265537902,1,4,1,217658,387952,19381,88575,3.5936122123828227,0.18587614133092145
6466,0.1417617549143635,17,104,17,217762,387848,19398,88558,3.592648856941717,0.18588766724180636
6467,0.1417702195217166,6,11,6,217773,387837,19404,88552,3.592546963577754,0.18588170591680328
6468,0.1417718201979314,1,20,1,217793,387817,19405,88551,3.5923617029160027,0.18588780102777686
6469,0.1417732868322642,1,1,1,217794,387816,19406,88550,3.5923524398829154,0.18588648224264537
6470,0.1417738559155411,3,16,3,217810,387800,19409,88547,3.5922042313535143,0.1858875987462921
6471,0.1417747162017549,0,1,0,217811,387799,19409,88547,3.592194968320427,0.1858879889827982
6472,0.1417748865432997,0,3,0,217814,387796,19409,88547,3.592167179221164,0.1858891597021474
6473,0.1417754046616945,0,1,0,217815,387795,19409,88547,3.592157916188077,0.18588954994520743
6474,0.1417834711779032,0,13,0,217828,387782,19409,88547,3.5920374967579383,0.1858946232540954
6475,0.1417840782039182,1,5,1,217833,387777,19410,88546,3.5919911815925007,0.18589486545894277
6476,0.1417869964549518,0,13,0,217846,387764,19410,88546,3.5918707621623622,0.18589993911528208
6477,0.1417885784964813,0,13,0,217859,387751,19410,88546,3.591750342732224,0.18590501304858104
6478,0.1417907386106533,3,2,3,217861,387749,19413,88543,3.5917318166660492,0.1859006659780135
6479,0.1417907718507158,0,1,0,217862,387748,19413,88543,3.5917225536329616,0.1859010562870178
6480,0.1417911704709668,0,6,0,217868,387742,19413,88543,3.5916669754344364,0.18590339817546217
6481,0.1417923775975428,1,23,1,217891,387719,19414,88542,3.5914539256734224,0.18591066663027206
6482,0.1417931003759542,3,84,3,217975,387635,19417,88539,3.590675830894068,0.18593833346633792
6483,0.1418008224273595,2,63,2,218038,387572,19419,88537,3.590092259809552,0.18595951767347393
6484,0.1418023996538185,0,2,0,218040,387570,19419,88537,3.590073733743377,0.18596029884038673
6485,0.1418036240651759,1,4,1,218044,387566,19420,88536,3.5900366816110267,0.1859601513961294
6486,0.1418071580614019,1,18,1,218062,387548,19421,88535,3.5898699470154507,0.1859654724071223
6487,0.1418110375456056,2,12,2,218074,387536,19423,88533,3.5897587906184003,0.18596674011540343
6488,0.1418125039563653,1,9,1,218083,387527,19424,88532,3.589675423320612,0.18596854591552728
6489,0.1418247281364891,26,267,26,218350,387260,19450,88506,3.587202193486235,0.18602842573870348
6490,0.1418344657862492,0,1,0,218351,387259,19450,88506,3.587192930453148,0.18602881674776411
6491,0.1418396495218447,2,9,2,218360,387250,19452,88504,3.5871095631553596,0.1860289141026665
6492,0.1418419122214083,1,3,1,218363,387247,19453,88503,3.587081774056097,0.18602837624802943
6493,0.1418423242816227,1,0,1,218363,387247,19454,88502,3.587081774056097,0.18602666532141948
6494,0.1418430354488451,0,3,0,218366,387244,19454,88502,3.5870539849568344,0.18602783838434794
6495,0.1418440707928829,0,1,0,218367,387243,19454,88502,3.5870447219237467,0.18602822940861174
6496,0.1418443818001576,16,77,16,218444,387166,19470,88486,3.586331468376005,0.18603096381388073
6497,0.1418459122858985,8,53,8,218497,387113,19478,88478,3.5858405276223646,0.1860380032422817
6498,0.1418470651133364,0,2,0,218499,387111,19478,88478,3.5858220015561897,0.18603878559007883
6499,0.1418513005018165,0,3,0,218502,387108,19478,88478,3.585794212456927,0.18603995912411214
6500,0.1418533350569913,2,15,2,218517,387093,19480,88476,3.5856552669606137,0.1860424039413839
6501,0.141853605837126,0,4,0,218521,387089,19480,88476,3.5856182148282634,0.186043968752957
6502,0.1418545951318265,4,23,4,218544,387066,19484,88472,3.58540516506725,0.18604612039416407
6503,0.1418555181193514,0,1,0,218545,387065,19484,88472,3.585395902034162,0.18604651162790697
6504,0.1418609296998675,0,5,0,218550,387060,19484,88472,3.585349586868724,0.1860484678213033
6505,0.1418630356071899,4,29,4,218579,387031,19488,88468,3.5850809589091854,0.18605296751412725
6506,0.1418664796221259,3,10,3,218589,387021,19491,88465,3.5849883285783095,0.18605174495148122
6507,0.1418675753329952,4,28,4,218617,386993,19495,88461,3.584728963651858,0.1860558539837713
6508,0.141868544198282,1,12,1,218629,386981,19496,88460,3.5846178072548076,0.18605883800513628
6509,0.1418690529755133,2,17,2,218646,386964,19498,88458,3.5844603356923193,0.18606206696366595
6510,0.1418730315151928,2,12,2,218658,386952,19500,88456,3.5843491792952684,0.18606333927910343
6511,0.1418800324656784,1,7,1,218665,386945,19501,88455,3.5842843380636555,0.1860643668489693
6512,0.1418823701706898,4,55,4,218720,386890,19505,88451,3.58377487124384,0.1860790464108924
6513,0.1418870341095433,6,65,6,218785,386825,19511,88445,3.583172774093149,0.18609422012750648
6514,0.1418886338090217,1,14,1,218799,386811,19512,88444,3.583043091629923,0.18609798950037348
6515,0.1418974722867158,9,106,9,218905,386705,19521,88435,3.5820612101226423,0.18612408974197078
6516,0.1419020682734031,0,10,0,218915,386695,19521,88435,3.581968579791767,0.18612800707174879
6517,0.1419034025735839,0,1,0,218916,386694,19521,88435,3.5819593167586796,0.18612839881379584
6518,0.1419042072796548,12,46,12,218962,386648,19533,88423,3.581533217236652,0.1861258632920132
6519,0.141905710558953,0,10,0,218972,386638,19533,88423,3.5814405869057766,0.18612978122809493
6520,0.1419070150342746,0,12,0,218984,386626,19533,88423,3.5813294305087258,0.1861344829691253
6521,0.141911653212276,0,10,0,218994,386616,19533,88423,3.5812368001778503,0.1861384012681064
6522,0.1419130700545847,0,4,0,218998,386612,19533,88423,3.5811997480455,0.18613996863389012
6523,0.1419159702208441,0,2,0,219000,386610,19533,88423,3.581181221979325,0.18614075232668045
6524,0.1419208410066824,6,45,6,219045,386565,19539,88417,3.580764385490385,0.18614810666509468
6525,0.1419239570610014,3,24,3,219069,386541,19542,88414,3.5805420726962836,0.18615237233001022
6526,0.1419248990731105,2,2,2,219071,386539,19544,88412,3.5805235466301086,0.18614972912995234
6527,0.1419272517763473,5,25,5,219096,386514,19549,88407,3.5802919708029197,0.18615095984384772
6528,0.1419354046569085,0,2,0,219098,386512,19549,88407,3.580273444736745,0.18615174377104307
6529,0.1419361428751567,1,39,1,219137,386473,19550,88406,3.57991218644633,0.186165317902034
6530,0.1419362831041612,10,56,10,219193,386417,19560,88396,3.579393456593427,0.1861701343476274
6531,0.1419427040684296,2,7,2,219200,386410,19562,88394,3.5793286153618142,0.1861694509734543
6532,0.1419499784108113,6,40,6,219240,386370,19568,88388,3.578958094038312,0.18617485118734176
6533,0.1419500544213275,0,1,0,219241,386369,19568,88388,3.578948831005224,0.1861752433350114
6534,0.1419546157498177,1,7,1,219248,386362,19569,88387,3.5788839897736113,0.1861762741996297
6535,0.1419551867389359,0,2,0,219250,386360,19569,88387,3.5788654637074364,0.18617705851748406
6536,0.1419570125230257,9,73,9,219323,386287,19578,88378,3.578189262292045,0.18619026049951018
6537,0.1419604269685689,1,10,1,219333,386277,19579,88377,3.5780966319611696,0.18619246861924685
6538,0.1419672439525797,13,64,13,219397,386213,19592,88364,3.577503797843566,0.18619528548581157
6539,0.1419678598369291,0,4,0,219401,386209,19592,88364,3.5774667457112157,0.1861968548568924
6540,0.1419697007319572,1,3,1,219404,386206,19593,88363,3.577438956611953,0.1861963170792867
6541,0.1419739284582004,2,8,2,219412,386198,19595,88361,3.5773648523472525,0.18619602620538225
6542,0.1419746137111493,8,24,8,219436,386174,19603,88353,3.5771425395531513,0.18619172354786978
6543,0.1419846646197932,0,1,0,219437,386173,19603,88353,3.5771332765200636,0.18619211592199375
6544,0.1419883024286062,10,115,10,219552,386058,19613,88343,3.576068027714995,0.18622009650063975
6545,0.1419890524293436,2,9,2,219561,386049,19615,88341,3.575984660417207,0.1862201985707962
6546,0.1420020945495444,0,1,0,219562,386048,19615,88341,3.5759753973841195,0.18622059111825948
6547,0.1420022344511328,4,24,4,219586,386024,19619,88337,3.5757530845900183,0.18622315072276177
6548,0.1420027244799545,2,11,2,219597,386013,19621,88335,3.575651191226055,0.18622403804801538
6549,0.1420028055792617,0,1,0,219598,386012,19621,88335,3.5756419281929674,0.18622443063833016
6550,0.1420034438327261,0,14,0,219612,385998,19621,88335,3.5755122457297417,0.18622992707654748
6551,0.1420165807675862,1,11,1,219623,385987,19622,88334,3.5754103523657785,0.18623253029066814
6552,0.1420172924495956,0,6,0,219629,385981,19622,88334,3.5753547741672533,0.18623488609890052
6553,0.1420175473565145,0,3,0,219632,385978,19622,88334,3.5753269850679907,0.18623606402536727
6554,0.1420177200818176,3,4,3,219636,385974,19625,88331,3.5752899329356405,0.18623248753439242
6555,0.142020293435205,0,1,0,219637,385973,19625,88331,3.5752806699025528,0.18623288017811362
6556,0.1420206033388013,1,16,1,219653,385957,19626,88330,3.575132461373152,0.18623744694667996
6557,0.1420216325413961,0,4,0,219657,385953,19626,88330,3.575095409240802,0.18623901763293224
6558,0.1420240800787072,0,1,0,219658,385952,19626,88330,3.575086146207714,0.18623941030863495
6559,0.1420288326781573,0,1,0,219659,385951,19626,88330,3.575076883174627,0.18623980298599355
6560,0.1420328433629844,3,30,3,219689,385921,19629,88327,3.574798992182,0.1862464364636224
6561,0.1420350732764931,1,7,1,219696,385914,19630,88326,3.574734150950387,0.18624746963562752
6562,0.1420465724470482,3,17,3,219713,385897,19633,88323,3.574576679387899,0.1862489983551938
6563,0.1420467843893762,10,42,10,219755,385855,19643,88313,3.5741876319982215,0.18624833392384135
6564,0.1420494075802594,0,9,0,219764,385846,19643,88313,3.5741042647004333,0.18625186909876223
6565,0.1420520071111966,0,3,0,219767,385843,19643,88313,3.5740764756011707,0.18625304752022542
6566,0.1420535037190442,1,9,1,219776,385834,19644,88312,3.573993108303383,0.1862548666444513
6567,0.1420539130141825,3,9,3,219785,385825,19647,88309,3.5739097410055947,0.18625325329970008
6568,0.1420546540345429,0,3,0,219788,385822,19647,88309,3.573881951906332,0.18625443179205747
6569,0.1420613494258802,8,90,8,219878,385732,19655,88301,3.5730482789284523,0.18627606094934318
6570,0.1420617644757429,0,3,0,219881,385729,19655,88301,3.5730204898291897,0.18627723983714112
6571,0.1420631457166911,0,28,0,219909,385701,19655,88301,3.5727611249027382,0.18628824350952106
6572,0.142065829762204,0,7,0,219916,385694,19655,88301,3.5726962836711254,0.18629099463074505
6573,0.142070634903175,1,2,1,219918,385692,19656,88300,3.57267775760495,0.18629006396732434
6574,0.1420736270157122,4,11,4,219929,385681,19660,88296,3.5725758642409873,0.18628752028051995
6575,0.1420791370288992,1,2,1,219931,385679,19661,88295,3.572557338174812,0.18628658955976488
6576,0.1420812736630316,3,5,3,219936,385674,19664,88292,3.5725110230093744,0.18628340429482285
6577,0.1420820573107687,1,18,1,219954,385656,19665,88291,3.5723442884137984,0.18628876224556754
6578,0.1420853815628365,0,9,0,219963,385647,19665,88291,3.57226092111601,0.1862922998366875
6579,0.1420863842496215,10,87,10,220050,385560,19675,88281,3.571455037237393,0.18630933161123667
6580,0.1420865591810685,0,5,0,220055,385555,19675,88281,3.571408722071955,0.18631129757975334
6581,0.142087878416252,1,11,1,220066,385544,19676,88280,3.5713068287079923,0.1863139055851962
6582,0.1420914162600526,1,12,1,220078,385532,19677,88279,3.5711956723109415,0.1863169069523502
6583,0.1420924987670868,1,2,1,220080,385530,19678,88278,3.5711771462447666,0.1863159760915814
6584,0.1420931444473913,0,2,0,220082,385528,19678,88278,3.571158620178591,0.18631676255682705
6585,0.1420943046225823,2,7,2,220089,385521,19680,88276,3.5710937789469783,0.18631608051549503
6586,0.1421015975948844,0,6,0,220095,385515,19680,88276,3.571038200748453,0.18631843998725175
6587,0.1421024741988462,0,3,0,220098,385512,19680,88276,3.5710104116491905,0.1863196197455402
6588,0.1421031802847263,1,9,1,220107,385503,19681,88275,3.5709270443514023,0.18632144168787915
6589,0.1421037815117177,3,31,3,220138,385472,19684,88272,3.570639890325688,0.186328481205039
6590,0.142107113668486,18,153,18,220291,385319,19702,88254,3.5692226462632926,0.18635775265904095
6591,0.1421128272167842,0,5,0,220296,385314,19702,88254,3.5691763310978546,0.18635972025136835
6592,0.1421156680365749,0,3,0,220299,385311,19702,88254,3.569148541998592,0.18636090082670806
6593,0.142117215976099,2,10,2,220309,385301,19704,88252,3.5690559116677165,0.18636139988554606
6594,0.1421224742619049,1,20,1,220329,385281,19705,88251,3.5688706510059656,0.1863675527736246
6595,0.1421308593926559,4,23,4,220352,385258,19709,88247,3.5686576012449516,0.18636973210420166
6596,0.1421396063305784,0,3,0,220355,385255,19709,88247,3.568629812145689,0.18637091290005112
6597,0.1421416511207189,0,3,0,220358,385252,19709,88247,3.5686020230464264,0.18637209371086316
6598,0.14214389510627,2,13,2,220371,385239,19711,88245,3.5684816036162883,0.18637377398180296
6599,0.1421472667398604,0,1,0,220372,385238,19711,88245,3.5684723405832006,0.18637416760475034
6600,0.142152929568508,2,5,2,220377,385233,19713,88243,3.5684260254177627,0.18637269893299765
6601,0.1421536616974971,1,9,1,220386,385224,19714,88242,3.568342658119975,0.18637452319701941
6602,0.1421546253155126,1,8,1,220394,385216,19715,88241,3.5682685538552743,0.18637595388810388
6603,0.1421614330953274,0,2,0,220396,385214,19715,88241,3.5682500277890994,0.1863767411897646
6604,0.1421628143362756,7,96,7,220492,385118,19722,88234,3.567360776612694,0.18640250807010428
6605,0.1421664170771311,0,2,0,220494,385116,19722,88234,3.567342250546519,0.18640329565860356
6606,0.1421678212272779,0,1,0,220495,385115,19722,88234,3.5673329875134314,0.18640368945534902
6607,0.1421691109047627,0,8,0,220503,385107,19722,88234,3.567258883248731,0.18640683988921306
6608,0.1421727892480715,5,79,5,220582,385028,19727,88229,3.5665271036348143,0.18642936079128253
6609,0.1421745024535878,5,31,5,220613,384997,19732,88224,3.5662399496091,0.1864329774037923
6610,0.1421746269330562,0,2,0,220615,384995,19732,88224,3.566221423542925,0.18643376533909248
6611,0.1421761201380676,1,7,1,220622,384988,19733,88223,3.566156582311312,0.18643480392467632
6612,0.1421834973604882,0,2,0,220624,384986,19733,88223,3.566138056245137,0.18643559188434708
6613,0.1421844065191793,0,2,0,220626,384984,19733,88223,3.5661195301789617,0.18643637985067846
6614,0.1421947724667613,0,2,0,220628,384982,19733,88223,3.5661010041127867,0.1864371678236705
6615,0.1422003841713375,4,32,4,220660,384950,19737,88219,3.565804587053985,0.18644289883741327
6616,0.1422034501313022,15,150,15,220810,384800,19752,88204,3.564415132090852,0.1864762243025429
6617,0.142204407359412,0,3,0,220813,384797,19752,88204,3.5643873429915893,0.18647740702450946
6618,0.1422153366561594,0,2,0,220815,384795,19752,88204,3.564368816925414,0.18647819551415543
6619,0.1422159309076643,2,11,2,220826,384784,19754,88202,3.564266923561451,0.18647909240442634
6620,0.1422160202890952,0,8,0,220834,384776,19754,88202,3.5641928192967507,0.18648224653155115
6621,0.1422224395352837,0,1,0,220835,384775,19754,88202,3.564183556263663,0.186482640804944
6622,0.1422231343638393,1,0,1,220835,384775,19755,88201,3.564183556263663,0.1864809208078211
6623,0.1422350790345488,1,5,1,220840,384770,19756,88200,3.564137241098225,0.1864811721673679
6624,0.1422366603265288,3,14,3,220854,384756,19759,88197,3.5640075586349993,0.18648153199155096
6625,0.1422370696216671,2,17,2,220871,384739,19761,88195,3.563850087072511,0.18648479491852984
6626,0.1422439494619809,0,1,0,220872,384738,19761,88195,3.5638408240394233,0.186485189233993
6627,0.142249530459236,0,4,0,220876,384734,19761,88195,3.5638037719070734,0.1864867665125209
6628,0.1422507964102884,0,1,0,220877,384733,19761,88195,3.5637945088739857,0.1864871608363218
6629,0.1422532631542606,0,2,0,220879,384731,19761,88195,3.5637759828078104,0.18648794948892639
6630,0.1422540791035241,18,144,18,221023,384587,19779,88177,3.562442106043203,0.18651377854489767
6631,0.1422613048861982,0,4,0,221027,384583,19779,88177,3.5624050539108527,0.18651535662915644
6632,0.1422660856967157,2,3,2,221030,384580,19781,88175,3.56237726481159,0.18651309875093866
6633,0.1422663371166152,3,11,3,221041,384569,19784,88172,3.562275371447627,0.18651227627813116
6634,0.142267299342617,0,2,0,221043,384567,19784,88172,3.5622568453814516,0.18651306534895576
6635,0.1422685381703211,5,48,5,221091,384519,19789,88167,3.561812219793249,0.18652340031225803
6636,0.1422729056061309,0,1,0,221092,384518,19789,88167,3.5618029567601615,0.18652379491627616
6637,0.1422742955526407,0,1,0,221093,384517,19789,88167,3.5617936937270738,0.18652418952196392
6638,0.1422761674583695,2,2,2,221095,384515,19791,88165,3.561775167660899,0.18652153676906152
6639,0.1422782934193871,3,32,3,221127,384483,19794,88162,3.561478750602097,0.1865290016820235
6640,0.1422792795344444,1,2,1,221129,384481,19795,88161,3.561460224535922,0.1865280698710652
6641,0.1422815561495035,1,10,1,221139,384471,19796,88160,3.5613675942050467,0.18653029530437065
6642,0.1422889825953808,2,6,2,221145,384465,19798,88158,3.561312016006521,0.18652922096470126
6643,0.1422889959693914,5,48,5,221193,384417,19803,88153,3.5608673904183186,0.1865395602767844
6644,0.1422947365318203,0,16,0,221209,384401,19803,88153,3.560719181888918,0.1865458762384828
6645,0.1422964251428978,1,20,1,221229,384381,19804,88152,3.5605339212271665,0.1865520503329926
6646,0.1422971878853563,1,2,1,221231,384379,19805,88151,3.5605153951609916,0.18655111844750596
6647,0.1422986575628055,0,3,0,221234,384376,19805,88151,3.560487606061729,0.18655230283137259
6648,0.142300401342773,0,2,0,221236,384374,19805,88151,3.5604690799955536,0.186553092428972
6649,0.1423004420556285,17,258,17,221494,384116,19822,88134,3.558079217458965,0.1866257278983589
6650,0.1423046421192039,1,11,1,221505,384105,19823,88133,3.5579773240950017,0.18662835265268785
6651,0.1423066077033465,5,72,5,221577,384033,19828,88128,3.557310385712698,0.18664819838995597
6652,0.1423157027588006,3,31,3,221608,384002,19831,88125,3.5570232316869834,0.18665528554816818
6653,0.1423166386968356,3,12,3,221620,383990,19834,88122,3.556912075289933,0.18665486155827432
6654,0.1423225105386155,0,6,0,221626,383984,19834,88122,3.556856497091408,0.1866572337568258
6655,0.1423228029834239,1,3,1,221629,383981,19835,88121,3.556828707992145,0.18665669706970103
6656,0.1423245002204233,11,132,11,221761,383849,19846,88110,3.555605987624588,0.18668994552492907
6657,0.1423313103110933,0,2,0,221763,383847,19846,88110,3.555587461558413,0.18669073665609368
6658,0.142337553201193,0,1,0,221764,383846,19846,88110,3.555578198525325,0.1866911322241904
6659,0.1423382279143551,0,5,0,221769,383841,19846,88110,3.5555318833598872,0.18669311008981865
6660,0.1423409289848005,0,1,0,221770,383840,19846,88110,3.5555226203268,0.1866935056679733
6661,0.142347941491862,1,10,1,221780,383830,19847,88109,3.555429989995924,0.1866957382204056
6662,0.1423568119192941,0,4,0,221784,383826,19847,88109,3.5553929378635742,0.18669732060559188
6663,0.1423584148236708,0,4,0,221788,383822,19847,88109,3.555355885731224,0.18669890301760214
6664,0.1423597803210257,1,23,1,221811,383799,19848,88108,3.55514283597021,0.18670627899141146
6665,0.1423618408317795,0,1,0,221812,383798,19848,88108,3.5551335729371227,0.18670667463435514
6666,0.1423636588676016,0,2,0,221814,383796,19848,88108,3.5551150468709474,0.18670746592527293
6667,0.1423694322059607,9,98,9,221912,383698,19857,88099,3.554207269628367,0.18673073376897267
6668,0.142370285824844,25,209,25,222121,383489,19882,88074,3.5522712957130684,0.18677037850721961
6669,0.142373706487888,0,3,0,222124,383486,19882,88074,3.552243506613806,0.18677156671473408
6670,0.142375836077954,0,1,0,222125,383485,19882,88074,3.552234243580718,0.1867719627872652
6671,0.1423779620389716,9,102,9,222227,383383,19891,88065,3.5512894142057876,0.18679684716023826
6672,0.1423789481540288,2,1,2,222228,383382,19893,88063,3.5512801511727,0.18679379354961873
6673,0.1423812012690272,8,123,8,222351,383259,19901,88055,3.5501407981029307,0.18682873837823616
6674,0.1423816526932621,4,20,4,222371,383239,19905,88051,3.5499555374411798,0.18682976511277558
6675,0.1423863166744481,1,1,1,222372,383238,19906,88050,3.549946274408092,0.18682843611549627
6676,0.1423949820932324,2,3,2,222375,383235,19908,88048,3.5499184853088295,0.1868261745066128
6677,0.1423964489226452,1,12,1,222387,383223,19909,88047,3.549807328911779,0.18682920618753582
6678,0.1423972779404649,0,2,0,222389,383221,19909,88047,3.5497888028456037,0.18682999906634867
6679,0.142398084828364,1,7,1,222396,383214,19910,88046,3.549723961613991,0.18683104867801215
6680,0.1424021967402785,33,249,33,222645,382965,19943,88013,3.54741746637519,0.1868728475640051
6681,0.142403207023045,0,24,0,222669,382941,19943,88013,3.5471951535810886,0.186882370677391
6682,0.1424035077741906,0,8,0,222677,382933,19943,88013,3.547121049316388,0.1868855452642129
6683,0.1424079030419533,11,48,11,222725,382885,19954,88002,3.5466764237281856,0.18688560100406254
6684,0.1424097630020659,0,1,0,222726,382884,19954,88002,3.546667160695098,0.18688599788483837
6685,0.1424127694389664,21,198,21,222924,382686,19975,87981,3.5448330801437624,0.1869283378694491
6686,0.1424132638000863,1,6,1,222930,382680,19976,87980,3.5447775019452368,0.1869289933285174
6687,0.1424153713783851,17,125,17,223055,382555,19993,87963,3.5436196228092927,0.18694927717961907
6688,0.1424221791582,0,4,0,223059,382551,19993,87963,3.5435825706769424,0.18695086649919024
6689,0.1424234031390095,0,4,0,223063,382547,19993,87963,3.543545518544592,0.18695245584578435
6690,0.1424234987804129,19,174,19,223237,382373,20012,87944,3.541933750787358,0.18698877565556848
6691,0.1424252233729716,1,1,1,223238,382372,20013,87943,3.54192448775427,0.18698744458501218
6692,0.1424312950475652,2,5,2,223243,382367,20015,87941,3.5418781725888326,0.18698597514820076
6693,0.1424334529292251,0,2,0,223245,382365,20015,87941,3.5418596465226573,0.1869867703154967
6694,0.1424334744232547,0,1,0,223246,382364,20015,87941,3.54185038348957,0.18698716790168082
6695,0.1424353729959287,0,3,0,223249,382361,20015,87941,3.541822594390307,0.18698836067037775
6696,0.1424356528336187,0,1,0,223250,382360,20015,87941,3.5418133313572198,0.18698875826332498
6697,0.1424364197617452,2,14,2,223264,382346,20017,87939,3.541683648893994,0.18699086724007782
6698,0.1424378965339396,2,12,2,223276,382334,20019,87937,3.541572492496943,0.1869921811040868
6699,0.142440597604385,0,8,0,223284,382326,20019,87937,3.5414983882322426,0.18699536216967952
6700,0.1424414429192425,0,5,0,223289,382321,20019,87937,3.541452073066805,0.18699735039063664
6701,0.1424434896177867,0,13,0,223302,382308,20019,87937,3.5413316536366666,0.18700251996299802
6702,0.1424461853548784,0,1,0,223303,382307,20019,87937,3.5413223906035793,0.18700291763424945
6703,0.1424462201649368,1,7,1,223310,382300,20020,87936,3.5412575493719665,0.18700397247339634
6704,0.1424494820171754,1,4,1,223314,382296,20021,87935,3.541220497239616,0.18700383428570214
6705,0.1424510903716683,1,6,1,223320,382290,20022,87934,3.541164919041091,0.18700449147640275
6706,0.142451240274959,21,129,21,223449,382161,20043,87913,3.539969987772796,0.18701949054829664
6707,0.1424513604636535,2,11,2,223460,382150,20045,87911,3.5398680944088334,0.18702040798960134
6708,0.1424523929222143,36,255,36,223715,381895,20081,87875,3.537506020971507,0.18705962492283457
6709,0.1424537914421137,0,1,0,223716,381894,20081,87875,3.5374967579384196,0.1870600231177451
6710,0.142461509451364,2,8,2,223724,381886,20083,87873,3.537422653673719,0.18705974765784159
6711,0.1424631665394248,0,11,0,223735,381875,20083,87873,3.537320760309756,0.18706412800054498
6712,0.1424642782465586,0,1,0,223736,381874,20083,87873,3.537311497276668,0.18706452622369063
6713,0.1424693918360468,0,3,0,223739,381871,20083,87873,3.5372837081774056,0.1870657209033005
6714,0.1424738399958983,3,16,3,223755,381855,20086,87870,3.537135499648005,0.1870669008462398
6715,0.1424809457811468,7,32,7,223787,381823,20093,87863,3.536839082589203,0.18706753022231873
6716,0.1424854366830286,0,1,0,223788,381822,20093,87863,3.5368298195561154,0.18706792850527482
6717,0.1424854825253145,4,11,4,223799,381811,20097,87859,3.5367279261921523,0.18706538633508635
6718,0.1424912007815273,0,2,0,223801,381809,20097,87859,3.5367094001259773,0.18706618292070143
6719,0.1424937707987934,0,3,0,223804,381806,20097,87859,3.5366816110267147,0.18706737781184463
6720,0.1424950879168184,0,2,0,223806,381804,20097,87859,3.5366630849605394,0.18706817441442056
6721,0.1424956650857632,15,103,15,223909,381701,20112,87844,3.5357089925525216,0.18708324015802533
6722,0.1424958250974214,1,21,1,223930,381680,20113,87843,3.535514468857683,0.18708987632128776
6723,0.1424969465600494,0,1,0,223931,381679,20113,87843,3.5355052058245953,0.18709027479010568
6724,0.142498869312193,0,2,0,223933,381677,20113,87843,3.53548667975842,0.18709107173283354
6725,0.1424991243714785,0,1,0,223934,381676,20113,87843,3.5354774167253327,0.1870914702067435
6726,0.1425051486606217,0,8,0,223942,381668,20113,87843,3.535403312460632,0.18709465805912961
6727,0.1425062136809323,1,18,1,223960,381650,20114,87842,3.535236577865056,0.1871000996822097
6728,0.1425084269282984,0,1,0,223961,381649,20114,87842,3.5352273148319684,0.1871004981991135
6729,0.1425092722431559,0,2,0,223963,381647,20114,87842,3.5352087887657935,0.1871012952380141
6730,0.142511542473161,1,24,1,223987,381623,20115,87841,3.5349864759716922,0.18710912870848456
6731,0.142511992409281,1,14,1,224001,381609,20116,87840,3.5348567935084665,0.18711297712850597
6732,0.1425144623270979,0,2,0,224003,381607,20116,87840,3.534838267442291,0.1871137742918796
6733,0.1425146812709739,10,81,10,224084,381526,20126,87830,3.534087961762199,0.18712874662303242
6734,0.1425155726302161,1,4,1,224088,381522,20127,87829,3.5340509096298494,0.18712860950546606
6735,0.14252036769351,2,17,2,224105,381505,20129,87827,3.5338934380673606,0.1871319236702377
6736,0.1425230717585941,0,5,0,224110,381500,20129,87827,3.533847122901923,0.18713391729007706
6737,0.1425232432925324,4,47,4,224157,381453,20133,87823,3.533411760346808,0.1871457308705325
6738,0.1425236574601902,7,12,7,224169,381441,20140,87816,3.5333006039497574,0.18713839111616876
6739,0.1425267738597782,1,15,1,224184,381426,20141,87815,3.533161658453444,0.18714264098831943
6740,0.1425309636671497,1,12,1,224196,381414,20142,87814,3.533050502056393,0.18714569463032896
6741,0.1425309958633381,0,2,0,224198,381412,20142,87814,3.5330319759902182,0.18714649230861036
6742,0.1425327536810878,0,5,0,224203,381407,20142,87814,3.5329856608247803,0.1871484865340639
6743,0.1425329837283371,4,7,4,224210,381400,20146,87810,3.5329208195931674,0.1871443490121694
6744,0.1425336516690035,0,7,0,224217,381393,20146,87810,3.5328559783615545,0.18714714100293475
6745,0.1425350416155132,1,4,1,224221,381389,20147,87809,3.5328189262292047,0.18714700403667534
6746,0.1425362655963228,2,1,2,224222,381388,20149,87807,3.532809663196117,0.18714393802150492
6747,0.1425363527394489,1,0,1,224222,381388,20150,87806,3.532809663196117,0.1871422055695512
6748,0.1425380858302848,0,1,0,224223,381387,20150,87806,3.5328004001630293,0.18714260442930733
6749,0.1425387769431379,0,1,0,224224,381386,20150,87806,3.5327911371299416,0.1871430032907637
6750,0.1425391623041226,3,69,3,224293,381317,20153,87803,3.5321519878469005,0.18716533083219644
6751,0.142542498579956,7,23,7,224316,381294,20160,87796,3.531938938085887,0.18716237822166323
6752,0.142545419247353,5,32,5,224348,381262,20165,87791,3.531642521027085,0.18716648225253862
6753,0.1425474859351197,9,57,9,224405,381205,20174,87782,3.5311145281410945,0.18717363167849002
6754,0.1425494753319431,2,4,2,224409,381201,20176,87780,3.531077476008744,0.18717176175580674
6755,0.1425499986689341,38,199,38,224608,381002,20214,87742,3.529234132424321,0.18718532930554843
6756,0.1425507589912528,0,1,0,224609,381001,20214,87742,3.5292248693912334,0.18718572864021435
6757,0.1425518595549386,0,1,0,224610,381000,20214,87742,3.529215606358146,0.18718612797658413
6758,0.1425534600616982,0,4,0,224614,380996,20214,87742,3.529178554225796,0.18718772533910202
6759,0.14255908262225,1,6,1,224620,380990,20215,87741,3.52912297602727,0.18718838736930138
6760,0.1425685996435343,33,293,33,224913,380697,20248,87708,3.526408907332617,0.1872482146860089
6761,0.1425690604556313,2,10,2,224923,380687,20250,87706,3.5263162770017416,0.18724874197522165
6762,0.1425696418324318,9,98,9,225021,380589,20259,87697,3.5254084997591613,0.18727230794856134
6763,0.1425705924992708,2,11,2,225032,380578,20261,87695,3.525306606395198,0.18727323591153025
6764,0.1425720228601162,2,9,2,225041,380569,20263,87693,3.52522323909741,0.18727336405687414
6765,0.1425725259237746,0,8,0,225049,380561,20263,87693,3.5251491348327098,0.18727656357447026
6766,0.1425727759070644,9,28,9,225077,380533,20272,87684,3.5248897699062582,0.18727214090902294
6767,0.1425743719086772,2,10,2,225087,380523,20274,87682,3.5247971395753828,0.1872726690231843
6768,0.1425752812397227,2,9,2,225096,380514,20276,87680,3.5247137722775945,0.18727279717382112
6769,0.1425797212607764,0,12,0,225108,380502,20276,87680,3.524602615880544,0.18727759717374867
6770,0.1425847960913417,5,25,5,225133,380477,20281,87675,3.524371040053355,0.18727891795826995
6771,0.1425867024532116,2,23,2,225156,380454,20283,87673,3.5241579902923412,0.1872846471149923
6772,0.1425917728433287,0,5,0,225161,380449,20283,87673,3.5241116751269037,0.1872866474978745
6773,0.1425959711264265,21,176,21,225337,380273,20304,87652,3.522481381303494,0.18732061762034513
6774,0.1425979150466789,0,1,0,225338,380272,20304,87652,3.5224721182704064,0.18732101794308478
6775,0.1425986588237514,1,28,1,225366,380244,20305,87651,3.522212753343955,0.187330490815247
6776,0.142598792991063,0,5,0,225371,380239,20305,87651,3.5221664381785174,0.1873324926799034
6777,0.1426035827802333,1,1,1,225372,380238,20306,87650,3.5221571751454297,0.18733115617412713
6778,0.1426081126684245,7,61,7,225433,380177,20313,87643,3.5215921301270887,0.18734342268393828
6779,0.1426086875547346,6,34,6,225467,380143,20319,87637,3.521277187002112,0.18734661593056565
6780,0.1426104936961089,0,5,0,225472,380138,20319,87637,3.521230871836674,0.18734861845972958
6781,0.1426117317695062,1,4,1,225476,380134,20320,87636,3.5211938197043238,0.1873484832289373
6782,0.1426123026185143,1,2,1,225478,380132,20321,87635,3.521175293638149,0.18734754696248346
6783,0.1426128082433439,14,77,14,225555,380055,20335,87621,3.520462040090407,0.18735406563518334
6784,0.1426129790654375,70,581,70,226136,379474,20405,87551,3.5150802178665383,0.18746533911460841
6785,0.1426148234351602,0,4,0,226140,379470,20405,87551,3.515043165734188,0.1874669447412429
6786,0.1426152376028179,3,13,3,226153,379457,20408,87548,3.51492274630405,0.1874669436087408
6787,0.1426155232672042,2,19,2,226172,379438,20410,87546,3.5147467486753863,0.1874710910866325
6788,0.1426181152416896,0,2,0,226174,379436,20410,87546,3.5147282226092114,0.18747189399163136
6789,0.1426212893856116,0,2,0,226176,379434,20410,87546,3.514709696543036,0.18747269690350765
6790,0.1426244049304742,2,33,2,226209,379401,20412,87544,3.514404016451147,0.18748246581503175
6791,0.1426285619550205,20,114,20,226323,379287,20432,87524,3.5133480306791656,0.18749343952905995
6792,0.1426327484803564,1,9,1,226332,379278,20433,87523,3.5132646633813778,0.18749531384894205
6793,0.142633320288588,0,10,0,226342,379268,20433,87523,3.513172033050502,0.18749933053550732
6794,0.1426359342159073,1,8,1,226350,379260,20434,87522,3.5130979287858017,0.1875008033728807
6795,0.1426360213590334,1,6,1,226356,379254,20435,87521,3.513042350587276,0.1875014728723689
6796,0.1426384218231841,0,1,0,226357,379253,20435,87521,3.513033087554189,0.18750187456884918
6797,0.1426432595137299,1,0,1,226357,379253,20436,87520,3.513033087554189,0.1875001338980618
6798,0.1426464427502612,0,5,0,226362,379248,20436,87520,3.512986772388751,0.18750214239193774
6799,0.1426465141263167,1,5,1,226367,379243,20437,87519,3.5129404572233134,0.1875024102219118
6800,0.1426465647048689,0,9,0,226376,379234,20437,87519,3.512857089925525,0.18750602567096517
6801,0.1426479484727008,0,18,0,226394,379216,20437,87519,3.512690355329949,0.1875132569873697
6802,0.1426514499014302,34,241,34,226635,378975,20471,87485,3.5104579643558487,0.18755091540539381
6803,0.1426514658574964,0,2,0,226637,378973,20471,87485,3.5104394382896738,0.18755171955460084
6804,0.1426520247614358,6,73,6,226710,378900,20477,87479,3.509763236874282,0.18757062389172754
6805,0.1426557815506935,0,12,0,226722,378888,20477,87479,3.5096520804772315,0.18757545023554412
6806,0.1426565591978467,3,9,3,226731,378879,20480,87476,3.5095687131794433,0.18757384396007334
6807,0.1426592355644297,0,2,0,226733,378877,20480,87476,3.5095501871132684,0.18757464838866694
6808,0.1426603483924329,3,48,3,226781,378829,20483,87473,3.509105561525066,0.1875887300504823
6809,0.1426637900923957,40,329,40,227110,378500,20523,87433,3.5060580236392602,0.1876514434478777
6810,0.1426744248644808,0,12,0,227122,378488,20523,87433,3.50594686724221,0.18765627649322525
6811,0.1426763762339695,1,9,1,227131,378479,20524,87432,3.5058634999444216,0.18765815788852377
6812,0.1426768750052384,3,28,3,227159,378451,20527,87429,3.50560413501797,0.18766420537477463
6813,0.1426783142421208,0,12,0,227171,378439,20527,87429,3.5054929786209197,0.18766903929868547
6814,0.1426859694358442,0,3,0,227174,378436,20527,87429,3.505465189521657,0.18767024781857405
6815,0.1426888622162546,1,1,1,227175,378435,20528,87428,3.5054559264885694,0.18766890695333177
6816,0.1426902459840864,0,8,0,227183,378427,20528,87428,3.505381822223869,0.18767212973994055
6817,0.1426931490203727,5,37,5,227220,378390,20533,87423,3.5050390899996295,0.18767831726465342
6818,0.1426975836662635,0,7,0,227227,378383,20533,87423,3.5049742487680167,0.18768113764099217
6819,0.142699848453809,0,2,0,227229,378381,20533,87423,3.5049557227018413,0.1876819434783729
6820,0.1427002165337051,11,112,11,227341,378269,20544,87412,3.5039182629960353,0.18770789445994146
6821,0.1427010497916977,13,98,13,227439,378171,20557,87399,3.503010485753455,0.1877247245312198
6822,0.1427069662278094,6,37,6,227476,378134,20563,87393,3.5026677535292157,0.18772917575135276
6823,0.1427085076028947,0,8,0,227484,378126,20563,87393,3.502593649264515,0.18773240189981505
6824,0.1427107775039922,0,2,0,227486,378124,20563,87393,3.50257512319834,0.18773320845425623
6825,0.1427142720741745,0,1,0,227487,378123,20563,87393,3.5025658601652525,0.18773361173407574
6826,0.1427152565077615,0,17,0,227504,378106,20563,87393,3.502408388602764,0.1877404677561069
6827,0.1427184955132424,3,8,3,227512,378098,20566,87390,3.5023342843380636,0.18773845942322895
6828,0.1427225689218862,0,2,0,227514,378096,20566,87390,3.5023157582718887,0.18773926605741095
6829,0.1427230932919296,17,146,17,227660,377950,20583,87373,3.5009633554411055,0.1877684962918231
6830,0.1427245984257921,12,112,12,227772,377838,20595,87361,3.4999258957352994,0.1877927510592241
6831,0.1427256707006571,7,107,7,227879,377731,20602,87354,3.4989347511949314,0.18782373114591958
6832,0.1427299391255475,5,23,5,227902,377708,20607,87349,3.4987217014339174,0.1878242882055318
6833,0.1427301378989193,1,20,1,227922,377688,20608,87348,3.4985364407721664,0.1878306195649369
6834,0.1427312062325688,0,3,0,227925,377685,20608,87348,3.498508651672904,0.18783183128939238
6835,0.1427312975470273,4,9,4,227934,377676,20612,87344,3.4984252843751156,0.18782848049546255
6836,0.1427316893509711,0,1,0,227935,377675,20612,87344,3.4984160213420283,0.1878288844111746
6837,0.1427336880696363,0,1,0,227936,377674,20612,87344,3.4984067583089407,0.18782928832862383
6838,0.1427344766297697,6,50,6,227986,377624,20618,87338,3.497943606654563,0.187839006198356
6839,0.1427345860587709,2,60,2,228046,377564,20620,87336,3.4973878246693095,0.18785975478597547
6840,0.1427366382938751,0,1,0,228047,377563,20620,87336,3.4973785616362223,0.18786015887321764
6841,0.1427408123986463,4,45,4,228092,377518,20624,87332,3.4969617251472824,0.18787135635151125
6842,0.1427412271361276,1,31,1,228123,377487,20625,87331,3.496674571121568,0.18788213881562246
6843,0.142743592900849,29,342,29,228465,377145,20654,87302,3.4935066138056245,0.1879697791136556
6844,0.1427459539723819,1,6,1,228471,377139,20655,87301,3.4934510356070994,0.187970459047455
6845,0.1427461113698457,1,9,1,228480,377130,20656,87300,3.493367668309311,0.18797235320715716
6846,0.1427461435660341,0,2,0,228482,377128,20656,87300,3.493349142243136,0.18797316268614295
6847,0.1427461827459012,0,2,0,228484,377126,20656,87300,3.493330616176961,0.1879739721721006
6848,0.1427473616933213,0,2,0,228486,377124,20656,87300,3.493312090110786,0.18797478166503023
6849,0.1427477891506333,1,6,1,228492,377118,20657,87299,3.4932565119122607,0.18797546170790475
6850,0.1427488838163466,1,1,1,228493,377117,20658,87298,3.493247248879173,0.1879741179763789
6851,0.1427500849551959,0,15,0,228508,377102,20658,87298,3.4931083033828596,0.1879801894918174
6852,0.1427515061985128,0,2,0,228510,377100,20658,87298,3.4930897773166847,0.18798099905684348
6853,0.1427545333685623,1,8,1,228518,377092,20659,87297,3.493015673051984,0.18798248881864127
6854,0.1427561219710431,0,1,0,228519,377091,20659,87297,3.4930064100188964,0.1879828936148221
6855,0.1427577801102086,1,1,1,228520,377090,20660,87296,3.492997146985809,0.18798154983139026
6856,0.1427594771911907,14,128,14,228648,376962,20674,87282,3.491811478750602,0.18800889187582392
6857,0.1427596153750656,1,13,1,228661,376949,20675,87281,3.491691059320464,0.18801240764276328
6858,0.1427696560358503,1,2,1,228663,376947,20676,87280,3.4916725332542886,0.18801146852725067
6859,0.1427716263385532,6,66,6,228729,376881,20682,87274,3.49106117307051,0.1880277062619168
6860,0.1427719882720134,0,8,0,228737,376873,20682,87274,3.4909870688058096,0.18803094709219279
6861,0.1427722324865874,2,18,2,228755,376855,20684,87272,3.490820334210234,0.18803474049128793
6862,0.1427735950584129,1,16,1,228771,376839,20685,87271,3.490672125680833,0.18803947340070243
6863,0.1427767022828754,6,35,6,228806,376804,20691,87265,3.4903479195227685,0.1880431573753041
6864,0.142777544856521,1,3,1,228809,376801,20692,87264,3.490320130423506,0.1880426233394029
6865,0.1427777236344277,1,9,1,228818,376792,20693,87263,3.490236763125718,0.18804452058484447
6866,0.1427831099100319,9,50,9,228868,376742,20702,87254,3.4897736114713402,0.1880490349054733
6867,0.1427861058558895,0,3,0,228871,376739,20702,87254,3.4897458223720776,0.18805025075809334
6868,0.1427862931557601,1,9,1,228880,376730,20703,87253,3.4896624550742894,0.1880521484623359
6869,0.1427876008313472,23,143,23,229023,376587,20726,87230,3.4883378413427693,0.18806986376092294
6870,0.1427879497290281,0,12,0,229035,376575,20726,87230,3.4882266849457184,0.188074729681655
6871,0.1427888102129405,15,92,15,229127,376483,20741,87215,3.4873744859016638,0.18808577996885903
6872,0.142790086662019,1,11,1,229138,376472,20742,87214,3.4872725925377006,0.18808849091842325
6873,0.1427930042045549,1,7,1,229145,376465,20743,87213,3.4872077513060877,0.1880895794063984
6874,0.1427933388013273,1,8,1,229153,376457,20744,87212,3.487133647041387,0.18809107358913363
6875,0.1427942849451167,38,283,38,229436,376174,20782,87174,3.4845122086776095,0.18813936825021366
6876,0.1427967286851451,4,23,4,229459,376151,20786,87170,3.4842991589165955,0.18814169873586564
6877,0.142797870601568,2,26,2,229485,376125,20788,87168,3.4840583200563193,0.18814875251730545
6878,0.1427986237002945,2,22,2,229507,376103,20790,87166,3.483854533328393,0.18815418255916108
6879,0.1427988318931574,1,2,1,229509,376101,20791,87165,3.483836007262218,0.18815324241364573
6880,0.1427990355564822,0,1,0,229510,376100,20791,87165,3.4838267442291304,0.18815364855967967
6881,0.1427998328302701,0,1,0,229511,376099,20791,87165,3.4838174811960427,0.18815405470746702
6882,0.1428039715225237,0,2,0,229513,376097,20791,87165,3.483798955129868,0.188154867008302
6883,0.1428040869899196,2,12,2,229525,376085,20793,87163,3.483687798732817,0.18815623596863884
6884,0.1428064216632812,0,2,0,229527,376083,20793,87163,3.483669272666642,0.18815704830694707
6885,0.1428076201910856,2,7,2,229534,376076,20795,87161,3.483604431435029,0.18815638647171967
6886,0.1428082319979923,19,175,19,229709,375901,20814,87142,3.4819834006447072,0.18819418498929905
6887,0.1428104461235767,1,10,1,229719,375891,20815,87141,3.4818907703138318,0.18819649613849582
6888,0.14281070332258,1,3,1,229722,375888,20816,87140,3.4818629812145687,0.18819596223122576
6889,0.1428115874510709,4,15,4,229737,375873,20820,87136,3.4817240357182557,0.18819504588463723
6890,0.1428139238499389,7,100,7,229837,375773,20827,87129,3.4807977324095,0.18822342526063832
6891,0.1428198286851225,6,29,6,229866,375744,20833,87123,3.480529104449961,0.18822469521482413
6892,0.142820194678694,37,198,37,230064,375546,20870,87086,3.4786950238986254,0.1882403292465718
6893,0.1428218058627731,0,13,0,230077,375533,20870,87086,3.4785746044684873,0.18824561896506628
6894,0.1428227680320814,22,253,22,230330,375280,20892,87064,3.476231057097336,0.18831000294153272
6895,0.1428279120950986,13,75,13,230405,375205,20905,87051,3.4755363296157693,0.18831772870444083
6896,0.1428286149323315,0,1,0,230406,375204,20905,87051,3.4755270665826816,0.1883181360937145
6897,0.1428289980338372,3,5,3,230411,375199,20908,87048,3.475480751417244,0.18831490523464728
6898,0.1428297679102645,0,1,0,230412,375198,20908,87048,3.4754714883841564,0.18831531262574475
6899,0.1428298065185038,14,85,14,230497,375113,20922,87034,3.474684130571714,0.1883253596799287
6900,0.1428313579705556,2,5,2,230502,375108,20924,87032,3.4746378154062767,0.18832388453715324
6901,0.1428314632290814,2,10,2,230512,375098,20926,87030,3.474545185075401,0.18832444690648478
6902,0.1428323925412741,0,10,0,230522,375088,20926,87030,3.4744525547445257,0.18832852215235069
6903,0.1428331791373625,4,23,4,230545,375065,20930,87026,3.4742395049835118,0.18833086989359238
6904,0.1428351995211377,3,17,3,230562,375048,20933,87023,3.4740820334210234,0.18833252898364103
6905,0.1428361035468741,0,14,0,230576,375034,20933,87023,3.4739523509577976,0.18833823532594463
6906,0.1428363414375607,3,10,3,230586,375024,20936,87020,3.473859720626922,0.1883370414938837
6907,0.1428366748561674,1,14,1,230600,375010,20937,87019,3.4737300381636964,0.18834099158277945
6908,0.142841024934521,16,118,16,230718,374892,20953,87003,3.4726370002593647,0.1883609911343487
6909,0.1428448785235592,7,44,7,230762,374848,20960,86996,3.4722294268035125,0.18836663462121409
6910,0.1428464037978068,0,1,0,230763,374847,20960,86996,3.472220163770425,0.18836704247980374
6911,0.1428469466998803,74,547,74,231310,374300,21034,86922,3.4671532846715327,0.18846022089145792
6912,0.1428474485160841,3,53,3,231363,374247,21037,86919,3.4666623439178923,0.1884766006166977
6913,0.1428484722590176,5,23,5,231386,374224,21042,86914,3.4664492941568787,0.18847720205231405
6914,0.1428546764944524,2,12,2,231398,374212,21044,86912,3.466338137759828,0.18847858710455323
6915,0.1428557790529415,1,0,1,231398,374212,21045,86911,3.466338137759828,0.18847682722397277
6916,0.1428575814719655,1,12,1,231410,374200,21046,86910,3.4662269813627775,0.18847997224089696
6917,0.1428583639973441,2,3,2,231413,374197,21048,86908,3.466199192263515,0.18847767861983714
6918,0.1428627626614059,3,25,3,231438,374172,21051,86905,3.465967616436326,0.18848261787076778
6919,0.1428631402324738,24,188,24,231626,373984,21075,86881,3.4642261662158655,0.1885172447462923
6920,0.142863206481181,0,10,0,231636,373974,21075,86881,3.46413353588499,0.18852133534408871
6921,0.1428639460085187,3,74,3,231710,373900,21078,86878,3.463448071436511,0.18854632816670935
6922,0.1428651551384944,0,4,0,231714,373896,21078,86878,3.463411019304161,0.18854796494593878
6923,0.1428693246554348,0,2,0,231716,373894,21078,86878,3.463392493237986,0.18854878334621028
6924,0.142871266008953,2,1,2,231717,373893,21080,86876,3.463383230204898,0.1885456703901521
6925,0.1428722696395158,10,51,10,231768,373842,21090,86866,3.462910815517433,0.188548929039652
6926,0.1428724778323788,1,3,1,231771,373839,21091,86865,3.4628830264181705,0.1885483954990623
6927,0.1428746900526597,1,5,1,231776,373834,21092,86864,3.4628367112527325,0.1885486804804883
6928,0.142875449514999,0,4,0,231780,373830,21092,86864,3.4627996591203822,0.18855031756437027
6929,0.1428754766487481,3,17,3,231797,373813,21095,86861,3.462642187557894,0.18855199121287505
6930,0.14287827544749,0,2,0,231799,373811,21095,86861,3.462623661491719,0.18855280980828007
6931,0.1428811079050115,3,25,3,231824,373786,21098,86858,3.46239208566453,0.18855775826885837
6932,0.1428829728787367,0,3,0,231827,373783,21098,86858,3.4623642965652675,0.188558986282159
6933,0.1428871760349448,7,54,7,231881,373729,21105,86851,3.4618640927785393,0.1885687611272743
6934,0.1428877576125591,0,2,0,231883,373727,21105,86851,3.4618455667123644,0.18856957996256876
6935,0.1428891483084831,0,4,0,231887,373723,21105,86851,3.461808514580014,0.188571217654492
6936,0.1428893155237191,1,3,1,231890,373720,21106,86850,3.4617807254807516,0.18857068415224612
6937,0.1428898889806112,1,0,1,231890,373720,21107,86849,3.4617807254807516,0.18856892235473946
6938,0.1428906860014646,0,2,0,231892,373718,21107,86849,3.461762199414576,0.1885697412102908
6939,0.1428913673548455,0,4,0,231896,373714,21107,86849,3.461725147282226,0.1885713789427288
6940,0.1428929398890721,1,1,1,231897,373713,21108,86848,3.4617158842491387,0.1885700265545715
6941,0.1428930074209118,1,8,1,231905,373705,21109,86847,3.461641779984438,0.18857154023867012
6942,0.1428995014498547,0,1,0,231906,373704,21109,86847,3.4616325169513504,0.18857194968635396
6943,0.1429002455756083,0,1,0,231907,373703,21109,86847,3.461623253918263,0.18857235913581588
6944,0.1429034288121396,0,3,0,231910,373700,21109,86847,3.461595464819,0.18857358749487024
6945,0.1429055039925666,1,7,1,231917,373693,21110,86846,3.4615306235873873,0.18857469182848793
6946,0.142905635921646,0,1,0,231918,373692,21110,86846,3.4615213605543,0.18857510129457286
6947,0.1429057255293708,0,8,0,231926,373684,21110,86846,3.4614472562895995,0.18857837708726902
6948,0.1429062012586405,2,12,2,231938,373672,21112,86844,3.4613360998925486,0.18857976704392465
6949,0.1429135635203387,1,0,1,231938,373672,21113,86843,3.4613360998925486,0.18857800505955288
6950,0.1429135703264517,0,1,0,231939,373671,21113,86843,3.4613268368594614,0.18857841455417207
6951,0.1429136918799934,0,1,0,231940,373670,21113,86843,3.4613175738263737,0.1885788240505697
6952,0.1429163015829309,0,1,0,231941,373669,21113,86843,3.461308310793286,0.18857923354874576
6953,0.1429176512902044,0,4,0,231945,373665,21113,86843,3.4612712586609358,0.1885808715592346
6954,0.1429177217266807,0,9,0,231954,373656,21113,86843,3.461187891363148,0.18858455718687772
6955,0.1429195787410041,2,7,2,231961,373649,21115,86841,3.461123050131535,0.18858389975895243
6956,0.1429210944553055,26,245,26,232206,373404,21141,86815,3.4588536070250844,0.18863845256280162
6957,0.1429219190619643,1,7,1,232213,373397,21142,86814,3.4587887657934715,0.1886395588110671
6958,0.1429244451380172,3,41,3,232254,373356,21145,86811,3.458408981436882,0.18865107667433778
6959,0.1429247592799903,0,4,0,232258,373352,21145,86811,3.4583719293045316,0.18865271653740087
6960,0.1429265146007604,0,6,0,232264,373346,21145,86811,3.458316351106006,0.18865517638545104
6961,0.1429275521468436,12,122,12,232386,373224,21157,86799,3.4571862610693245,0.18868404405866662
6962,0.1429300551239448,0,3,0,232389,373221,21157,86799,3.457158471970062,0.1886852745532803
6963,0.142930763086913,2,25,2,232414,373196,21159,86797,3.456926896142873,0.18869200183481052
6964,0.1429310899534439,0,1,0,232415,373195,21159,86797,3.4569176331097853,0.18869241204194856
6965,0.1429326502832657,86,680,86,233095,372515,21245,86711,3.4506187706102485,0.18881988389159152
6966,0.1429326527567248,7,33,7,233128,372482,21252,86704,3.4503130905183594,0.18882108775093318
6967,0.1429336336479624,0,3,0,233131,372479,21252,86704,3.450285301419097,0.18882232138384913
6968,0.1429340232344703,1,14,1,233145,372465,21253,86703,3.450155618955871,0.18882631193811417
6969,0.1429342133302867,0,6,0,233151,372459,21253,86703,3.4501000407573454,0.18882877938505363
6970,0.1429350113547986,4,16,4,233167,372443,21257,86699,3.4499518322279448,0.1888282927721707
6971,0.1429364586661869,0,9,0,233176,372434,21257,86699,3.4498684649301565,0.18883199421518385
6972,0.1429371539793481,1,1,1,233177,372433,21258,86698,3.4498592018970693,0.18883063875016062
6973,0.1429372452622753,0,5,0,233182,372428,21258,86698,3.4498128867316313,0.1888326951642904
6974,0.1429375919477401,20,140,20,233322,372288,21278,86678,3.448516062099374,0.1888549478610616
6975,0.1429390280777116,10,53,10,233375,372235,21288,86668,3.4480251213457334,0.1888590835100228
6976,0.142940953666746,10,53,10,233428,372182,21298,86658,3.447534180592093,0.18886322029465608
6977,0.1429429705946562,6,9,6,233437,372173,21304,86652,3.447450813294305,0.1888563177682123
6978,0.1429434725789666,0,9,0,233446,372164,21304,86652,3.447367445996517,0.18886002231831497
6979,0.1429462566370802,0,2,0,233448,372162,21304,86652,3.447348919930342,0.18886084557140803
6980,0.1429464621080999,0,3,0,233451,372159,21304,86652,3.4473211308310794,0.188862080464505
6981,0.1429481408786021,22,95,22,233546,372064,21326,86630,3.4464411426877617,0.18886229163669024
6982,0.1429496412222911,5,69,5,233615,371995,21331,86625,3.4458019934047206,0.1888818629802451
6983,0.1429497413367368,2,9,2,233624,371986,21333,86623,3.4457186261069324,0.18888203240669066
6984,0.1429523146901242,2,20,2,233644,371966,21335,86621,3.4455333654451814,0.1888867325065909
6985,0.1429550391297139,0,1,0,233645,371965,21335,86621,3.4455241024120937,0.18888714439603477
6986,0.1429580326169287,1,10,1,233655,371955,21336,86620,3.4454314720812182,0.18888949463010413
6987,0.1429600192380663,4,17,4,233672,371938,21340,86616,3.44527400051873,0.18888942196557004
6988,0.1429608367448251,2,2,2,233674,371936,21342,86614,3.4452554744525545,0.1888867081016247
6989,0.1429629159740098,5,26,5,233700,371910,21347,86609,3.4450146355922784,0.18888857386498706
6990,0.1429648237580789,0,1,0,233701,371909,21347,86609,3.4450053725591907,0.18888898581953162
6991,0.1429698496582293,15,126,15,233827,371783,21362,86594,3.443838230390159,0.1889143652495653
6992,0.1429702958241542,12,101,12,233928,371682,21374,86582,3.442902664048316,0.18893476249498106
6993,0.1429724940704629,2,8,2,233936,371674,21376,86580,3.4428285597836155,0.1889345210298219
6994,0.142973147389076,1,7,1,233943,371667,21377,86579,3.4427637185520026,0.18893563719050466
6995,0.1429738915148297,0,2,0,233945,371665,21377,86579,3.4427451924858277,0.18893646179764492
6996,0.1429740305825538,0,1,0,233946,371664,21377,86579,3.44273592945274,0.1889368741039143
6997,0.1429758586752113,0,1,0,233947,371663,21377,86579,3.4427266664196523,0.18893728641198318
6998,0.1429765108416724,0,4,0,233951,371659,21377,86579,3.442689614287302,0.18893893566225411
6999,0.1429787561775726,1,8,1,233959,371651,21378,86578,3.442615510022602,0.18894046426568376
7000,0.142979542773661,0,13,0,233972,371638,21378,86578,3.4424950905924634,0.18894582467657176
7001,0.1429800292594626,0,5,0,233977,371633,21378,86578,3.442448775427026,0.1889478864540572
7002,0.1429824044448555,24,184,24,234161,371449,21402,86554,3.4407443773389157,0.18898129488234794
7003,0.1429870810705771,4,10,4,234171,371439,21406,86550,3.44065174700804,0.188978337907679
7004,0.1429871281300083,0,2,0,234173,371437,21406,86550,3.4406332209418653,0.18897916316401994
7005,0.1429898404956031,0,13,0,234186,371424,21406,86550,3.440512801511727,0.18898452750592828
7006,0.1429899303098171,1,2,1,234188,371422,21407,86549,3.440494275445552,0.1889835819298602
7007,0.1429980802280392,1,1,1,234189,371421,21408,86548,3.440485012412464,0.1889822236876295
7008,0.1430019294911374,0,8,0,234197,371413,21408,86548,3.440410908147764,0.18898552496828333
7009,0.1430030974317241,2,14,2,234211,371399,21410,86546,3.4402812256845383,0.18898776053892935
7010,0.1430031409564437,0,6,0,234217,371393,21410,86546,3.4402256474860127,0.18899023669091297
7011,0.1430031416104627,0,5,0,234222,371388,21410,86546,3.440179332320575,0.18899230020046556
7012,0.1430053045412305,0,6,0,234228,371382,21410,86546,3.4401237541220495,0.18899477647141036
7013,0.143005869878225,2,26,2,234254,371356,21412,86544,3.4398829152617734,0.18900196549464948
7014,0.1430080623440906,2,9,2,234263,371347,21414,86542,3.439799547963985,0.18900213807276436
7015,0.1430093018693085,0,1,0,234264,371346,21414,86542,3.439790284930898,0.18900255084212733
7016,0.1430107999185695,1,6,1,234270,371340,21415,86541,3.4397347067323722,0.1890032563045857
7017,0.1430117644932152,0,7,0,234277,371333,21415,86541,3.4396698655007594,0.1890061457955682
7018,0.1430131080329215,0,2,0,234279,371331,21415,86541,3.4396513394345845,0.18900697138064787
7019,0.143014250110133,1,2,1,234281,371329,21416,86540,3.4396328133684095,0.18900602574098704
7020,0.1430159702025154,0,11,0,234292,371318,21416,86540,3.4395309200044464,0.18901056659488313
7021,0.1430195448187721,11,92,11,234384,371226,21427,86529,3.4386787209603913,0.18902906576662187
7022,0.143022984166687,2,35,2,234419,371191,21429,86527,3.438354514802327,0.18903997657946595
7023,0.1430234445646906,2,12,2,234431,371179,21431,86525,3.438243358405276,0.18904138919476343
7024,0.1430248130701884,3,3,3,234434,371176,21434,86522,3.4382155693060135,0.1890373128132524
7025,0.1430257322385841,7,56,7,234490,371120,21441,86515,3.4376968394531104,0.18904804046893267
7026,0.1430257934729145,0,2,0,234492,371118,21441,86515,3.4376783133869355,0.18904886666826912
7027,0.143025861940842,1,0,1,234492,371118,21442,86514,3.4376783133869355,0.18904709460876862
7028,0.1430288254049031,0,1,0,234493,371117,21442,86514,3.437669050353848,0.18904750770817536
7029,0.1430297770477717,0,2,0,234495,371115,21442,86514,3.437650524287673,0.18904833391240503
7030,0.1430314929560527,9,61,9,234556,371054,21451,86505,3.437085479269332,0.1890575860162296
7031,0.1430324505551182,24,126,24,234682,370928,21475,86481,3.4359183371003,0.18906711498899234
7032,0.1430350527215944,0,2,0,234684,370926,21475,86481,3.4358998110341252,0.18906794167994806
7033,0.1430365510640318,0,2,0,234686,370924,21475,86481,3.43588128496795,0.18906876837813316
7034,0.1430384696973003,0,21,0,234707,370903,21475,86481,3.4356867612731112,0.1890774491455757
7035,0.1430412213649189,0,3,0,234710,370900,21475,86481,3.4356589721738486,0.1890786893202822
7036,0.143041720838743,1,1,1,234711,370899,21476,86480,3.435649709140761,0.18907732974185523
7037,0.1430426082181987,2,12,2,234723,370887,21478,86478,3.4355385527437106,0.18907874454757143
7038,0.1430462968399584,36,284,36,235007,370603,21514,86442,3.432907851346845,0.18913236114605783
7039,0.1430515993806941,0,1,0,235008,370602,21514,86442,3.4328985883137575,0.18913277496258565
7040,0.1430541833371484,0,15,0,235023,370587,21514,86442,3.432759642817444,0.18913898242781094
7041,0.1430571485306639,3,6,3,235029,370581,21517,86439,3.432704064618919,0.1891361428383878
7042,0.1430579816957216,3,3,3,235032,370578,21520,86436,3.4326762755196563,0.18913206159986345
7043,0.143059369763167,12,89,12,235121,370489,21532,86424,3.4318518655748638,0.18914760578053152
7044,0.1430603097449558,4,6,4,235127,370483,21536,86420,3.4317962873763386,0.18914299096307094
7045,0.1430605788931427,3,6,3,235133,370477,21539,86417,3.4317407091778134,0.18914015066952072
7046,0.1430614831437313,0,6,0,235139,370471,21539,86417,3.4316851309792877,0.1891426345187442
7047,0.1430616582831864,3,20,3,235159,370451,21542,86414,3.431499870317537,0.18914559005395468
7048,0.1430619154006832,1,4,1,235163,370447,21543,86413,3.4314628181851865,0.18914547126034234
7049,0.1430626688294198,0,11,0,235174,370436,21543,86413,3.4313609248212233,0.1891500255007672
7050,0.143062972287877,9,21,9,235195,370415,21552,86404,3.4311664011263847,0.1891427458139876
7051,0.1430635762490385,0,3,0,235198,370412,21552,86404,3.431138612027122,0.18914398795138523
7052,0.1430636199617135,3,13,3,235211,370399,21555,86401,3.431018192596984,0.18914404553415062
7053,0.1430672517993616,2,2,2,235213,370397,21557,86399,3.4309996665308087,0.18914132347918983
7054,0.1430679015870271,0,1,0,235214,370396,21557,86399,3.4309904034977214,0.18914173754091004
7055,0.1430680909843002,0,1,0,235215,370395,21557,86399,3.4309811404646338,0.18914215160444314
7056,0.1430709267556374,2,7,2,235222,370388,21559,86397,3.430916299233021,0.18914149983033593
7057,0.1430731338651438,1,2,1,235224,370386,21560,86396,3.430897773166846,0.18914055282388537
7058,0.1430736992021384,1,6,1,235230,370380,21561,86395,3.4308421949683203,0.18914126210935361
7059,0.1430737904674384,9,65,9,235295,370315,21570,86386,3.4302400978176295,0.18915220242565706
7060,0.1430754531048511,29,210,29,235505,370105,21599,86357,3.428294860869243,0.1891877089440085
7061,0.1430758086249218,0,1,0,235506,370104,21599,86357,3.4282855978361555,0.1891881234103242
7062,0.1430783701787128,1,1,1,235507,370103,21600,86356,3.428276334803068,0.1891867615711378
7063,0.1430794933447106,1,9,1,235516,370094,21601,86355,3.42819296750528,0.18918871549724064
7064,0.1430809373568349,0,1,0,235517,370093,21601,86355,3.4281837044721923,0.1891891299775659
7065,0.1430813175314826,3,19,3,235536,370074,21604,86352,3.4280077068435286,0.18919167619723679
7066,0.1430828362056409,0,2,0,235538,370072,21604,86352,3.4279891807773537,0.18919250521444972
7067,0.143084688699774,0,2,0,235540,370070,21604,86352,3.427970654711179,0.189193334238928
7068,0.1430867539721429,1,1,1,235541,370069,21605,86351,3.427961391678091,0.18919197230620918
7069,0.1430893609952041,0,8,0,235549,370061,21605,86351,3.4278872874133905,0.18919528846743733
7070,0.1430896811735357,0,8,0,235557,370053,21605,86351,3.42781318314869,0.18919860474491898
7071,0.1430908134906003,0,2,0,235559,370051,21605,86351,3.427794657082515,0.18919943383245472
7072,0.1430908956279358,2,15,2,235574,370036,21607,86349,3.4276557115862016,0.1892020991049224
7073,0.1430913409124211,0,10,0,235584,370026,21607,86349,3.427563081255326,0.1892062448644207
7074,0.1430915640164415,0,3,0,235587,370023,21607,86349,3.4275352921560636,0.18920748862769846
7075,0.1430926829117049,1,1,1,235588,370022,21608,86348,3.427526029122976,0.18920612660779632
7076,0.1430945998330944,17,100,17,235688,369922,21625,86331,3.4265997258142207,0.18921738596787308
7077,0.1430984590094098,1,4,1,235692,369918,21626,86330,3.4265626736818704,0.18921726780172188
7078,0.1430985812346444,0,4,0,235696,369914,21626,86330,3.42652562154952,0.18921892671465268
7079,0.1430998424821971,0,8,0,235704,369906,21626,86330,3.4264515172848196,0.18922224462778037
7080,0.1431010596762943,0,1,0,235705,369905,21626,86330,3.4264422542517323,0.18922265937510274
7081,0.1431050756694489,1,10,1,235715,369895,21627,86329,3.426349623920857,0.18922502980991793
7082,0.143107349718131,0,7,0,235722,369888,21627,86329,3.426284782689244,0.189227933198456
7083,0.1431074526002963,0,12,0,235734,369876,21627,86329,3.426173626292193,0.18923291064324152
7084,0.1431090769108016,2,12,2,235746,369864,21629,86327,3.4260624698951423,0.18923433386454358
7085,0.143112545849942,0,1,0,235747,369863,21629,86327,3.426053206862055,0.18923474867927836
7086,0.1431135183614556,9,55,9,235802,369808,21638,86318,3.4255437400422393,0.1892415692155238
7087,0.1431160355453709,6,25,6,235827,369783,21644,86312,3.4253121642150504,0.18924127648845088
7088,0.1431197883674753,2,5,2,235832,369778,21646,86310,3.425265849049613,0.18923979582887512
7089,0.1431226527862715,12,75,12,235907,369703,21658,86298,3.424571121568046,0.1892495849789803
7090,0.1431230730986805,0,3,0,235910,369700,21658,86298,3.4245433324687835,0.1892508300475002
7091,0.1431241102742306,28,116,28,236026,369584,21686,86270,3.423468820630627,0.18924918943345895
7092,0.1431246547644883,14,105,14,236131,369479,21700,86256,3.422496202156434,0.1892678859424885
7093,0.1431293664639284,0,8,0,236139,369471,21700,86256,3.4224220978917335,0.1892712084208309
7094,0.1431302471242336,0,3,0,236142,369468,21700,86256,3.422394308792471,0.1892724543802828
7095,0.1431314492856269,1,1,1,236143,369467,21701,86255,3.4223850457593836,0.18927109070880932
7096,0.1431325205642906,0,9,0,236152,369458,21701,86255,3.4223016784615954,0.18927482867506523
7097,0.143132527148977,1,5,1,236157,369453,21702,86254,3.422255363296158,0.18927512634214527
7098,0.1431330157023884,27,171,27,236328,369282,21729,86227,3.4206713846381858,0.18929812583285952
7099,0.1431342328609415,12,95,12,236423,369187,21741,86215,3.419791396494868,0.18931625245387593
7100,0.1431355590809656,4,38,4,236461,369149,21745,86211,3.419439401237541,0.18932492972593112
7101,0.1431376755275016,0,1,0,236462,369148,21745,86211,3.419430138204454,0.18932534549663013
7102,0.1431393226730903,0,2,0,236464,369146,21745,86211,3.4194116121382785,0.18932617704350652
7103,0.1431403038068241,4,35,4,236499,369111,21749,86207,3.419087405980214,0.18933360859882545
7104,0.1431453570518588,0,16,0,236515,369095,21749,86207,3.4189391974508134,0.18934026206781432
7105,0.1431483725375613,6,61,6,236576,369034,21755,86201,3.4183741524324724,0.18935494854306018
7106,0.1431490914768149,0,2,0,236578,369032,21755,86201,3.4183556263662975,0.18935578044649662
7107,0.143151422493528,4,27,4,236605,369005,21759,86197,3.4181055244729333,0.18935988857693947
7108,0.1431520161179342,0,6,0,236611,368999,21759,86197,3.418049946274408,0.18936238455522456
7109,0.1431532910987038,0,9,0,236620,368990,21759,86197,3.4179665789766203,0.189366128646029
7110,0.1431542489720476,0,2,0,236622,368988,21759,86197,3.417948052910445,0.18936696068631437
7111,0.1431547027263863,0,1,0,236623,368987,21759,86197,3.4179387898773577,0.18936737670919893
7112,0.1431558585668698,0,6,0,236629,368981,21759,86197,3.417883211678832,0.18936987288489338
7113,0.1431583330567566,7,33,7,236662,368948,21766,86190,3.417577531586943,0.18937113578738757
7114,0.1431602475127272,1,4,1,236666,368944,21767,86189,3.4175404794545927,0.18937101902081369
7115,0.1431615535576806,2,35,2,236701,368909,21769,86187,3.4172162732965283,0.1893820204967743
7116,0.143163125600481,12,51,12,236752,368858,21781,86175,3.416743858609063,0.18938186900730278
7117,0.1431632885812981,17,97,17,236849,368761,21798,86158,3.41584534439957,0.18939195768917103
7118,0.1431653706100661,1,7,1,236856,368754,21799,86157,3.4157805031679573,0.18939309007696012
7119,0.1431696459642324,21,179,21,237035,368575,21820,86136,3.414122420245285,0.18943020951769365
7120,0.1431714618272722,32,310,32,237345,368265,21852,86104,3.411250879988143,0.18950236481802235
7121,0.1431727036969341,6,34,6,237379,368231,21858,86098,3.4109359368631664,0.1895058426822853
7122,0.1431741253137767,2,12,2,237391,368219,21860,86096,3.410824780466116,0.18950728019105686
7123,0.1431748246603626,0,4,0,237395,368215,21860,86096,3.4107877283337658,0.18950894871574758
7124,0.1431761475764246,11,95,11,237490,368120,21871,86085,3.409907740190448,0.1895289571889345
7125,0.1431778565923512,7,60,7,237550,368060,21878,86078,3.4093519582051948,0.18954150500508657
7126,0.1431825048252254,2,11,2,237561,368049,21880,86076,3.4092500648412316,0.18954252683732453
7127,0.1431837299951913,0,2,0,237563,368047,21880,86076,3.4092315387750567,0.1895433616002713
7128,0.1431890296147886,0,4,0,237567,368043,21880,86076,3.4091944866427064,0.18954503114822327
7129,0.1431898426895163,0,11,0,237578,368032,21880,86076,3.4090925932787433,0.18954962255674862
7130,0.1431904821101848,0,4,0,237582,368028,21880,86076,3.409055541146393,0.1895512922149992
7131,0.1431912049412292,0,4,0,237586,368024,21880,86076,3.4090184890140427,0.1895529619026646
7132,0.1431962016519604,1,16,1,237602,368008,21881,86075,3.408870280484642,0.18955785616286008
7133,0.1431967816950558,0,10,0,237612,367998,21881,86075,3.4087776501537665,0.1895620307747873
7134,0.143198409644753,0,1,0,237613,367997,21881,86075,3.408768387120679,0.18956244824609314
7135,0.1431989298607588,0,1,0,237614,367996,21881,86075,3.408759124087591,0.18956286571923775
7136,0.1431994879646878,0,7,0,237621,367989,21881,86075,3.4086942828559783,0.18956578808273725
7137,0.1432006512586108,1,1,1,237622,367988,21882,86074,3.4086850198228906,0.18956442071787552
7138,0.1432007282958789,0,4,0,237626,367984,21882,86074,3.408647967690541,0.18956609067564056
7139,0.1432008218756318,11,47,11,237673,367937,21893,86063,3.4082126051354256,0.18956607929515418
7140,0.1432050985040833,0,15,0,237688,367922,21893,86063,3.408073659639112,0.1895723426985473
7141,0.1432108988957651,16,87,16,237775,367835,21909,86047,3.407267775760495,0.18958011113020565
7142,0.143211321466723,1,11,1,237786,367824,21910,86046,3.407165882396532,0.1895829202194461
7143,0.1432117116734199,0,2,0,237788,367822,21910,86046,3.407147356330357,0.18958375562939003
7144,0.1432146184124172,16,93,16,237881,367729,21926,86030,3.406285894253214,0.1895940356003958
7145,0.1432192518174414,0,1,0,237882,367728,21926,86030,3.406276631220127,0.18959445343112408
7146,0.1432211204226172,0,2,0,237884,367726,21926,86030,3.4062581051539516,0.18959528909810558
7147,0.1432211856668318,0,14,0,237898,367712,21926,86030,3.406128422690726,0.18960113897324912
7148,0.1432232550335066,22,145,22,238043,367567,21948,86008,3.4047852828930303,0.18962244391776442
7149,0.1432236541911618,1,6,1,238049,367561,21949,86007,3.404729704694505,0.18962316565542542
7150,0.1432262311123595,5,25,5,238074,367536,21954,86002,3.404498128867316,0.18962468414994996
7151,0.1432271392235933,0,7,0,238081,367529,21954,86002,3.4044332876357033,0.1896276109020111
7152,0.1432297112094816,4,17,4,238098,367512,21958,85998,3.404275816073215,0.1896275716081233
7153,0.1432299202808915,6,60,6,238158,367452,21964,85992,3.4037200340879616,0.18964194034985576
7154,0.1432309028679438,0,8,0,238166,367444,21964,85992,3.4036459298232615,0.1896452862145926
7155,0.1432311179052114,0,5,0,238171,367439,21964,85992,3.4035996146578236,0.1896473774400074
7156,0.1432325324898194,4,26,4,238197,367413,21968,85988,3.403358775797547,0.18965110354851444
7157,0.1432338934519486,5,47,5,238244,367366,21973,85983,3.402923413242432,0.1896618278633018
7158,0.1432352598869925,0,3,0,238247,367363,21973,85983,3.4028956241431696,0.1896630829432707
7159,0.1432369371944866,0,5,0,238252,367358,21973,85983,3.4028493089777316,0.1896651747801324
7160,0.1432381318693829,3,12,3,238264,367346,21976,85980,3.402738152580681,0.189664832813472
7161,0.1432401693022776,0,2,0,238266,367344,21976,85980,3.402719626514506,0.18966566958731504
7162,0.1432409220368889,1,17,1,238283,367327,21977,85979,3.4025621549520175,0.18967099486880826
7163,0.14324195463769,0,2,0,238285,367325,21977,85979,3.402543628885842,0.1896718317067575
7164,0.1432499131993844,0,3,0,238288,367322,21977,85979,3.4025158397865796,0.18967308697752708
7165,0.1432506763726897,0,1,0,238289,367321,21977,85979,3.4025065767534923,0.18967350540480918
7166,0.1432510911131126,18,140,18,238429,367181,21995,85961,3.4012097521212348,0.18969991746516546
7167,0.1432545756668093,0,2,0,238431,367179,21995,85961,3.4011912260550594,0.1897007547336364
7168,0.1432546928753653,1,0,1,238431,367179,21996,85960,3.4011912260550594,0.1896989665422751
7169,0.1432554623493541,0,1,0,238432,367178,21996,85960,3.4011819630219717,0.18969938517625978
7170,0.1432610084232645,1,14,1,238446,367164,21997,85959,3.401052280558746,0.1897034580014698
7171,0.143261637242664,0,5,0,238451,367159,21997,85959,3.4010059653933085,0.18970555131334443
7172,0.1432621250271544,0,4,0,238455,367155,21997,85959,3.400968913260958,0.18970722599610693
7173,0.14326267555401,1,22,1,238477,367133,21998,85958,3.400765126533032,0.18971464893365791
7174,0.1432648785752474,0,1,0,238478,367132,21998,85958,3.4007558634999446,0.18971506764660442
7175,0.1432683911168842,4,39,4,238517,367093,22002,85954,3.40039460520953,0.1897242449458886
7176,0.143269436734979,4,7,4,238524,367086,22006,85950,3.400329763977917,0.18972002224988743
7177,0.143269444169746,13,120,13,238644,366966,22019,85937,3.3992182000074105,0.18974703192515838
7178,0.1432737939333612,2,9,2,238653,366957,22021,85935,3.3991348327096222,0.18974722450385523
7179,0.1432761053531891,0,3,0,238656,366954,22021,85935,3.3991070436103596,0.1897484814159761
7180,0.1432761143203712,0,3,0,238659,366951,22021,85935,3.399079254511097,0.189749738344749
7181,0.1432798678885911,2,27,2,238686,366924,22023,85933,3.398829152617733,0.18975747310961297
7182,0.143281737842129,0,5,0,238691,366919,22023,85933,3.3987828374522953,0.18975956824746273
7183,0.1432854052249126,0,1,0,238692,366918,22023,85933,3.398773574419208,0.18975998728058457
7184,0.1432857227719883,5,30,5,238722,366888,22028,85928,3.398495683426581,0.18976361259319457
7185,0.1432869877710899,1,9,1,238731,366879,22029,85927,3.3984123161287934,0.1897655949788651
7186,0.1432890149907451,0,3,0,238734,366876,22029,85927,3.3983845270295308,0.1897668522514206
7187,0.1432895113091008,2,4,2,238738,366872,22031,85925,3.3983474748971805,0.18976494985611653
7188,0.1432924466390953,11,98,11,238836,366774,22042,85914,3.3974396976546,0.18978634291167426
7189,0.1432991926222752,0,17,0,238853,366757,22042,85914,3.3972822260921114,0.18979347031287624
7190,0.1433018475911112,0,1,0,238854,366756,22042,85914,3.397272963059024,0.1897938895884419
7191,0.1433027051468295,1,2,1,238856,366754,22043,85913,3.397254436992849,0.18979293829680538
7192,0.1433050586076494,0,2,0,238858,366752,22043,85913,3.397235910926674,0.1897937768548485
7193,0.1433059597123301,2,13,2,238871,366739,22045,85911,3.397115491496536,0.18979564785154093
7194,0.1433059611932963,1,0,1,238871,366739,22046,85910,3.397115491496536,0.18979385793407252
7195,0.1433063600826599,0,1,0,238872,366738,22046,85910,3.397106228463448,0.18979427723087255
7196,0.1433076319610368,0,2,0,238874,366736,22046,85910,3.3970877023972728,0.18979511583003053
7197,0.1433076622267675,2,18,2,238892,366718,22048,85908,3.396920967801697,0.1897990835700998
7198,0.143309752977955,1,4,1,238896,366714,22049,85907,3.396883915669347,0.18979897088292413
7199,0.1433141843659802,2,20,2,238916,366694,22051,85905,3.3966986550075955,0.1898037777370255
7200,0.1433154099471309,0,6,0,238922,366688,22051,85905,3.3966430768090703,0.18980629395505455
7201,0.143318816061043,1,0,1,238922,366688,22052,85904,3.3966430768090703,0.18980450383568423
7202,0.1433189204370259,0,7,0,238929,366681,22052,85904,3.3965782355774574,0.1898074394865053
7203,0.1433215779467073,0,5,0,238934,366676,22052,85904,3.39653192041202,0.1898095364355473
7204,0.1433226715901687,0,1,0,238935,366675,22052,85904,3.396522657378932,0.1898099558309157
7205,0.1433234604143087,14,50,14,238985,366625,22066,85890,3.3960595057245544,0.18980586278907882
7206,0.1433241126324471,0,3,0,238988,366622,22066,85890,3.396031716625292,0.189807121137119
7207,0.143324322311911,1,7,1,238995,366615,22067,85889,3.395966875393679,0.1898082668882485
7208,0.1433259344011975,5,21,5,239016,366594,22072,85884,3.3957723516988403,0.18980812326787158
7209,0.1433277633046989,5,10,5,239026,366584,22077,85879,3.395679721367965,0.18980336513703883
7210,0.1433365986147322,2,9,2,239035,366575,22079,85877,3.3955963540701766,0.18980355927258583
7211,0.1433378004889675,10,77,10,239112,366498,22089,85867,3.394883100522435,0.18981795673847446
7212,0.1433431849859942,0,8,0,239120,366490,22089,85867,3.394808996257735,0.1898213136969252
7213,0.1433458154605568,0,15,0,239135,366475,22089,85867,3.3946700507614214,0.18982760831406326
7214,0.143345988524529,0,1,0,239136,366474,22089,85867,3.3946607877283337,0.18982802797004913
7215,0.1433474398725825,0,23,0,239159,366451,22089,85867,3.39444773796732,0.18983768056986455
7216,0.1433542442863939,2,21,2,239180,366430,22091,85865,3.3942532142724815,0.1898429122585923
7217,0.1433548170950032,1,2,1,239182,366428,22092,85864,3.394234688206306,0.1898419605033916
7218,0.1433552087069479,0,6,0,239188,366422,22092,85864,3.394179110007781,0.18984447893589454
7219,0.1433570051109619,0,12,0,239200,366410,22092,85864,3.39406795361073,0.18984951600136202
7220,0.1433573406330141,0,2,0,239202,366408,22092,85864,3.394049427544555,0.18985035553826016
7221,0.1433619158498868,0,2,0,239204,366406,22092,85864,3.3940309014783803,0.1898511950825834
7222,0.1433631572483222,3,18,3,239222,366388,22095,85861,3.3938641668828042,0.1898533772324538
7223,0.143366570196224,4,24,4,239246,366364,22099,85857,3.393641854088703,0.18985628708087418
7224,0.1433676854958169,0,2,0,239248,366362,22099,85857,3.3936233280225276,0.18985712674611194
7225,0.1433684388013998,1,15,1,239263,366347,22100,85856,3.393484382526214,0.1898616329391888
7226,0.1433705344707428,0,4,0,239267,366343,22100,85856,3.3934473303938644,0.18986331239122597
7227,0.1433734728982777,16,113,16,239380,366230,22116,85840,3.3924006076549706,0.18988209790519167
7228,0.1433779363053347,1,7,1,239387,366223,22117,85839,3.3923357664233578,0.1898832461034106
7229,0.143379358259445,15,61,15,239448,366162,22132,85824,3.391770721405017,0.1898819874951879
7230,0.1433799383025404,10,67,10,239515,366095,22142,85814,3.3911500981881506,0.18989221281275656
7231,0.1433816558219868,2,10,2,239525,366085,22144,85812,3.391057467857275,0.18989282956071848
7232,0.1433852664441646,1,2,1,239527,366083,22145,85811,3.3910389417911,0.18989187729865853
7233,0.1433893607058476,1,17,1,239544,366066,22146,85810,3.390881470228612,0.18989722844320123
7234,0.1433905550813073,0,4,0,239548,366062,22146,85810,3.3908444180962616,0.18989890942567808
7235,0.1433909605417131,2,2,2,239550,366060,22148,85808,3.390825892030086,0.18989616436658494
7236,0.1433919275338773,0,2,0,239552,366058,22148,85808,3.3908073659639113,0.1898970048642739
7237,0.1433937637251108,2,6,2,239558,366052,22150,85806,3.390751787765386,0.18989594076015032
7238,0.1433964096289838,6,27,6,239585,366025,22156,85800,3.390501685872022,0.1898965307364577
7239,0.1433969576904611,0,3,0,239588,366022,22156,85800,3.3904738967727592,0.1898977916081997
7240,0.1433993026223476,1,8,1,239596,366014,22157,85799,3.3903997925080587,0.1898993610188286
7241,0.1434014092439203,1,8,1,239604,366006,22158,85798,3.3903256882433586,0.18990093049198326
7242,0.1434015162106957,1,10,1,239614,365996,22159,85797,3.390233057912483,0.18990334068920944
7243,0.143402373766414,0,2,0,239616,365994,22159,85797,3.3902145318463077,0.1899041813581944
7244,0.1434043478666815,3,18,3,239634,365976,22162,85794,3.3900477972507317,0.18990636828474666
7245,0.1434056298128808,2,6,2,239640,365970,22164,85792,3.3899922190522065,0.18990530412031115
7246,0.1434064406260216,0,1,0,239641,365969,22164,85792,3.389982956019119,0.18990572448706286
7247,0.1434080510975071,9,62,9,239703,365907,22173,85783,3.3894086479676906,0.18991565011401626
7248,0.1434098189641487,1,2,1,239705,365905,22174,85782,3.3893901219015152,0.1899146975671206
7249,0.1434140594754284,12,28,12,239733,365877,22186,85770,3.3891307569750637,0.18990494789071996
7250,0.1434152691964959,2,9,2,239742,365868,22188,85768,3.389047389677276,0.18990514485116333
7251,0.1434203648954247,0,1,0,239743,365867,22188,85768,3.3890381266441882,0.18990556533483896
7252,0.1434249778894677,0,3,0,239746,365864,22188,85768,3.3890103375449256,0.1899068267970383
7253,0.143425603020782,23,95,23,239841,365769,22211,85745,3.388130349401608,0.18990551787984425
7254,0.1434273462165423,2,15,2,239856,365754,22213,85743,3.387991403905295,0.18990823859294745
7255,0.1434308463085096,9,56,9,239912,365698,22222,85734,3.3874726740523915,0.18991564621028195
7256,0.1434309865722355,0,3,0,239915,365695,22222,85734,3.387444884953129,0.1899169083067326
7257,0.1434343995201374,0,2,0,239917,365693,22222,85734,3.387426358886954,0.18991774971368572
7258,0.1434345421464147,5,19,5,239936,365674,22227,85729,3.3872503612582903,0.18991677060187903
7259,0.143435264766883,0,3,0,239939,365671,22227,85729,3.3872225721590277,0.18991803278688524
7260,0.1434354285264538,1,3,1,239942,365668,22228,85728,3.387194783059765,0.18991750037660945
7261,0.1434355063703729,0,2,0,239944,365666,22228,85728,3.38717625699359,0.18991834184769846
7262,0.1434362681253131,0,2,0,239946,365664,22228,85728,3.387157730927415,0.18991918332624416
7263,0.1434373956031846,1,3,1,239949,365661,22229,85727,3.387129941828152,0.18991865091672797
7264,0.1434406257620121,0,7,0,239956,365654,22229,85727,3.3870651005965393,0.1899215961682038
7265,0.1434454425276759,0,2,0,239958,365652,22229,85727,3.3870465745303644,0.18992243768540407
7266,0.1434485852535897,0,3,0,239961,365649,22229,85727,3.3870187854311014,0.189923699975187
7267,0.1434544857145877,1,1,1,239962,365648,22230,85726,3.387009522398014,0.18992232605333936
7268,0.1434583771882372,0,1,0,239963,365647,22230,85726,3.3870002593649264,0.18992274681914958
7269,0.143459484048665,1,10,1,239973,365637,22231,85725,3.386907629034051,0.1899251598495221
7270,0.1434603023298958,2,31,2,240004,365606,22233,85723,3.386620475008337,0.1899346153249625
7271,0.1434630244960757,0,5,0,240009,365601,22233,85723,3.386574159842899,0.18993671951857202
7272,0.1434639444875009,0,1,0,240010,365600,22233,85723,3.386564896809811,0.18993714036288867
7273,0.1434662388158085,15,147,15,240157,365453,22248,85708,3.3852032309459408,0.18997209421913686
7274,0.1434693455346091,1,3,1,240160,365450,22249,85707,3.385175441846678,0.1899715620061309
7275,0.1434702030903273,0,2,0,240162,365448,22249,85707,3.3851569157805033,0.1899724041626492
7276,0.1434721771905948,0,1,0,240163,365447,22249,85707,3.3851476527474156,0.18997282524370834
7277,0.1434744191718793,0,6,0,240169,365441,22249,85707,3.3850920745488904,0.1899753517692642
7278,0.143474780154405,0,4,0,240173,365437,22249,85707,3.38505502241654,0.18997703615696984
7279,0.1434760197056354,1,17,1,240190,365420,22250,85706,3.3848975508540518,0.18998239959567836
7280,0.1434838722596926,18,104,18,240294,365316,22268,85688,3.383934195412946,0.18999388032035192
7281,0.1434847553649907,0,2,0,240296,365314,22268,85688,3.383915669346771,0.18999472286153943
7282,0.1434849350637491,1,2,1,240298,365312,22269,85687,3.383897143280596,0.18999376938751528
7283,0.1434856395138948,1,1,1,240299,365311,22270,85686,3.3838878802475083,0.18999239462790218
7284,0.1434874020103827,1,9,1,240308,365302,22271,85685,3.38380451294972,0.18999439008219748
7285,0.1434884155722113,0,2,0,240310,365300,22271,85685,3.383785986883545,0.18999523265740545
7286,0.1434908827649753,0,2,0,240312,365298,22271,85685,3.3837674608173702,0.18999607524008666
7287,0.1434932759844392,0,4,0,240316,365294,22271,85685,3.38373040868502,0.18999776042786914
7288,0.1434932819692244,0,11,0,240327,365283,22271,85685,3.383628515321057,0.19000239484841497
7289,0.1434934323446953,0,7,0,240334,365276,22271,85685,3.383563674089444,0.19000534414284162
7290,0.1434972713457596,0,8,0,240342,365268,22271,85685,3.3834895698247434,0.19000871487716015
7291,0.1434981289014778,1,9,1,240351,365259,22272,85684,3.3834062025269556,0.19001071088807234
7292,0.1435004757538966,1,10,1,240361,365249,22273,85683,3.38331357219608,0.19001312836525242
7293,0.1435024472491494,4,25,4,240386,365224,22277,85679,3.383081996368891,0.19001647804516714
7294,0.1435037174406856,0,3,0,240389,365221,22277,85679,3.3830542072696286,0.1900177422931914
7295,0.143504016486266,16,118,16,240507,365103,22293,85663,3.381961169365297,0.19003873406601207
7296,0.1435053098524082,0,3,0,240510,365100,22293,85663,3.3819333802660343,0.19003999884640044
7297,0.1435096925997212,0,10,0,240520,365090,22293,85663,3.381840749935159,0.1900442149026185
7298,0.1435142717012335,1,17,1,240537,365073,22294,85662,3.3816832783726705,0.190049585676728
7299,0.1435143939924514,6,53,6,240590,365020,22300,85656,3.38119233761903,0.19006115257968031
7300,0.1435165580320955,0,1,0,240591,365019,22300,85656,3.3811830745859424,0.19006157430520884
7301,0.1435165730664453,1,13,1,240604,365006,22301,85655,3.3810626551558043,0.19006525969631274
7302,0.1435185796062491,0,3,0,240607,365003,22301,85655,3.3810348660565417,0.19006652494796497
7303,0.1435189263591701,1,7,1,240614,364996,22302,85654,3.380970024824929,0.19006768001775212
7304,0.1435197460665594,0,1,0,240615,364995,22302,85654,3.380960761791841,0.1900681017820965
7305,0.1435224264511374,4,5,4,240620,364990,22306,85650,3.380914446626403,0.19006302148056098
7306,0.1435281316538091,0,9,0,240629,364981,22306,85650,3.3808310793286154,0.1900668174182424
7307,0.143531752805217,2,8,2,240637,364973,22308,85648,3.380756975063915,0.19006659698504952
7308,0.1435340681397219,0,4,0,240641,364969,22308,85648,3.3807199229315645,0.19006828415261742
7309,0.1435349124334224,6,57,6,240698,364912,22314,85642,3.3801919300455743,0.19008154405465272
7310,0.1435410821038934,1,24,1,240722,364888,22315,85641,3.3799696172514726,0.1900898721280983
7311,0.1435421882766782,0,1,0,240723,364887,22315,85641,3.3799603542183854,0.1900902940549755
7312,0.1435438490295487,1,8,1,240731,364879,22316,85640,3.379886249953685,0.1900918718189466
7313,0.1435460215376687,8,72,8,240803,364807,22324,85632,3.379219311571381,0.19010787254212003
7314,0.1435470546736914,1,15,1,240818,364792,22325,85631,3.3790803660750677,0.19011240544998811
7315,0.1435471642255792,4,14,4,240832,364778,22329,85627,3.378950683611842,0.19011112221223123
7316,0.1435585810029705,5,29,5,240861,364749,22334,85622,3.3786820556523027,0.19011437237299916
7317,0.1435588743048707,3,22,3,240883,364727,22337,85619,3.3784782689243764,0.19011826462320083
7318,0.1435606328403592,0,1,0,240884,364726,22337,85619,3.378469005891289,0.19011868678457627
7319,0.1435619168392548,5,14,5,240898,364712,22342,85614,3.3783393234280634,0.1901156051393879
7320,0.1435625511548192,0,1,0,240899,364711,22342,85614,3.3783300603949757,0.19011602731360683
7321,0.1435718458101793,4,10,4,240909,364701,22346,85610,3.3782374300641003,0.1901130551996287
7322,0.1435742950794063,15,140,15,241049,364561,22361,85595,3.3769406054318427,0.19014519411048614
7323,0.1435768684327938,22,215,22,241264,364346,22383,85573,3.3749490533180184,0.19019645758458745
7324,0.1435775571362824,7,112,7,241376,364234,22390,85566,3.3739115936122124,0.19023121387283237
7325,0.143578491443307,3,24,3,241400,364210,22393,85563,3.373689280818111,0.19023596347490845
7326,0.1435824284548635,1,6,1,241406,364204,22394,85562,3.373633702619586,0.19023670086222613
7327,0.1435855255096839,1,15,1,241421,364189,22395,85561,3.3734947571232725,0.19024124513618676
7328,0.1435857099278442,2,8,2,241429,364181,22397,85559,3.373420652858572,0.19024102814959754
7329,0.1435881583799709,0,7,0,241436,364174,22397,85559,3.373355811626959,0.19024398921137653
7330,0.1435929446040238,0,1,0,241437,364173,22397,85559,3.3733465485938714,0.19024441222772673
7331,0.143594723447674,6,41,6,241478,364132,22403,85553,3.372966764237282,0.1902509534451894
7332,0.1435969399653441,3,20,3,241498,364112,22406,85550,3.372781503575531,0.19025401301421957
7333,0.1435971084799238,12,102,12,241600,364010,22418,85538,3.3718366742006003,0.19027556567930454
7334,0.1435977975210623,0,4,0,241604,364006,22418,85538,3.37179962206825,0.19027725873329418
7335,0.1435981208097755,2,8,2,241612,363998,22420,85536,3.3717255178035495,0.19027704244840213
7336,0.1435993781015397,0,1,0,241613,363997,22420,85536,3.371716254770462,0.19027746572554183
7337,0.1435997942421356,5,53,5,241666,363944,22425,85531,3.371225314016822,0.19029089493297735
7338,0.143601272742349,0,1,0,241667,363943,22425,85531,3.371216050983734,0.19029131829649767
7339,0.1436048175400118,0,1,0,241668,363942,22425,85531,3.3712067879506464,0.19029174166190183
7340,0.1436061384417525,0,2,0,241670,363940,22425,85531,3.3711882618844715,0.19029258839836163
7341,0.1436077727713816,2,6,2,241676,363934,22427,85529,3.3711326836859463,0.19029152566507143
7342,0.1436089114278068,0,3,0,241679,363931,22427,85529,3.3711048945866833,0.19029279579940372
7343,0.1436134358034416,1,9,1,241688,363922,22428,85528,3.3710215272888955,0.190294804761375
7344,0.1436176987538993,0,16,0,241704,363906,22428,85528,3.370873318759495,0.19030157931976663
7345,0.1436198546476681,13,119,13,241823,363787,22441,85515,3.3697710178220754,0.1903285540683104
7346,0.1436209380652194,1,7,1,241830,363780,22442,85514,3.3697061765904626,0.19032971728979242
7347,0.1436256600352325,3,44,3,241874,363736,22445,85511,3.3692986031346104,0.1903429516502058
7348,0.1436264103268838,1,9,1,241883,363727,22446,85510,3.3692152358368226,0.1903449626811683
7349,0.1436264925760502,3,5,3,241888,363722,22449,85507,3.3691689206713846,0.19034167429084053
7350,0.143627569280999,7,68,7,241956,363654,22456,85500,3.3685390344214308,0.19035787280086564
7351,0.1436319939071922,0,11,0,241967,363643,22456,85500,3.368437141057468,0.19036253487196728
7352,0.1436338922864928,0,11,0,241978,363632,22456,85500,3.368335247693505,0.19036719717143288
7353,0.1436365916457681,0,16,0,241994,363616,22456,85500,3.368187039164104,0.19037397910562082
7354,0.1436407507234779,5,78,5,242072,363538,22461,85495,3.367464522583275,0.19039803310669817
7355,0.1436437731969601,1,3,1,242075,363535,22462,85494,3.367436733484012,0.19039750216578438
7356,0.1436509096692622,0,5,0,242080,363530,22462,85494,3.3673904183185743,0.1903996222919042
7357,0.1436543056710555,0,1,0,242081,363529,22462,85494,3.3673811552854866,0.19040004632279414
7358,0.1436647692892574,0,4,0,242085,363525,22462,85494,3.3673441031531364,0.1904017424652409
7359,0.1436656268449757,0,1,0,242086,363524,22462,85494,3.3673348401200487,0.1904021665055744
7360,0.1436660401169916,5,73,5,242159,363451,22467,85489,3.3666586387046573,0.19042411012607474
7361,0.1436665905432451,3,2,3,242161,363449,22470,85486,3.3666401126384824,0.19041954848697473
7362,0.1436688261184073,1,0,1,242161,363449,22471,85485,3.3666401126384824,0.1904177451473936
7363,0.1436691372789102,0,6,0,242167,363443,22471,85485,3.366584534439957,0.19042029011333667
7364,0.1436697061233012,1,7,1,242174,363436,22472,85484,3.3665196932083443,0.19042145593869733
7365,0.1436714434602837,4,42,4,242216,363394,22476,85480,3.366130645818667,0.19043205888512144
7366,0.1436739677656658,0,3,0,242219,363391,22476,85480,3.366102856719404,0.19043333162534448
7367,0.1436781600628915,23,128,23,242347,363263,22499,85457,3.3649171884841973,0.19044615796042075
7368,0.1436813419854659,4,41,4,242388,363222,22503,85453,3.3645374041276077,0.19045634367860922
7369,0.1436826673351669,0,1,0,242389,363221,22503,85453,3.36452814109452,0.19045676816575063
7370,0.1436834146307378,1,11,1,242400,363210,22504,85452,3.364426247730557,0.19045963330970753
7371,0.1436863035903018,0,5,0,242405,363205,22504,85452,3.364379932565119,0.1904617558624963
7372,0.1436952909121768,2,16,2,242421,363189,22506,85450,3.3642317240357182,0.19046493951707275
7373,0.1436987895725869,7,32,7,242453,363157,22513,85443,3.3639353069769165,0.19046589389210877
7374,0.1437038417374491,1,11,1,242464,363146,22514,85442,3.3638334136129533,0.19046875975282443
7375,0.1437040242587546,2,11,2,242475,363135,22516,85440,3.36373152024899,0.19046982110015048
7376,0.143705807061337,0,1,0,242476,363134,22516,85440,3.363722257215903,0.19047024571196725
7377,0.1437064150908366,2,17,2,242493,363117,22518,85438,3.3635647856534145,0.19047385493417754
7378,0.1437078062778195,0,1,0,242494,363116,22518,85438,3.363555522620327,0.19047427957391974
7379,0.1437081769592938,1,4,1,242498,363112,22519,85437,3.3635184704879766,0.19047417339019818
7380,0.1437085800473913,1,12,1,242510,363100,22520,85436,3.3634073140909257,0.19047746446216135
7381,0.1437100052268464,1,13,1,242523,363087,22521,85435,3.3632868946607877,0.19048118041032547
7382,0.1437112258037078,3,6,3,242529,363081,22524,85432,3.3632313164622625,0.19047831389502645
7383,0.1437114347902958,0,11,0,242540,363070,22524,85432,3.3631294230982993,0.1904829855831189
7384,0.1437130589472383,0,4,0,242544,363066,22524,85432,3.363092370965949,0.19048468443560507
7385,0.1437142224561164,2,11,2,242555,363055,22526,85430,3.362990477601986,0.1904857464575181
7386,0.1437172401778603,0,6,0,242561,363049,22526,85430,3.3629348994034607,0.19048829488114272
7387,0.1437183266649189,1,7,1,242568,363042,22527,85429,3.362870058171848,0.19048946308679937
7388,0.1437198128214585,5,42,5,242610,363000,22532,85424,3.3624810107821705,0.19049827841507144
7389,0.1437218177358475,21,127,21,242737,362873,22553,85403,3.361304605580051,0.190514325995592
7390,0.1437228734838552,11,64,11,242801,362809,22564,85392,3.3607117714624475,0.19052166327161252
7391,0.1437230271174408,8,65,8,242866,362744,22572,85384,3.3601096743117567,0.19053484718651814
7392,0.1437243962248666,7,91,7,242957,362653,22579,85377,3.3592667383007893,0.19056089993973618
7393,0.1437260045681726,0,5,0,242962,362648,22579,85377,3.3592204231353513,0.19056302661681826
7394,0.1437274162938451,2,0,2,242962,362648,22581,85375,3.3592204231353513,0.19055941324440934
7395,0.1437317191098697,6,22,6,242984,362626,22587,85369,3.3590166364074254,0.19055793033404392
7396,0.1437344198671585,0,1,0,242985,362625,22587,85369,3.3590073733743377,0.19055835569226373
7397,0.1437362216079959,8,36,8,243021,362589,22595,85361,3.3586739041831857,0.19055921419801317
7398,0.143739272784197,0,5,0,243026,362584,22595,85361,3.358627589017748,0.19056134123608925
7399,0.143741281069464,0,1,0,243027,362583,22595,85361,3.3586183259846605,0.1905617666494026
7400,0.1437459893868048,1,8,1,243035,362575,22596,85360,3.35854422171996,0.19056336298793353
7401,0.1437490577456436,0,1,0,243036,362574,22596,85360,3.3585349586868722,0.19056378841525762
7402,0.1437533424598521,3,12,3,243048,362562,22599,85357,3.358423802289822,0.19056347241353905
7403,0.1437539802012631,0,5,0,243053,362557,22599,85357,3.358377487124384,0.1905655996463607
7404,0.1437590839313418,9,35,9,243088,362522,22608,85348,3.3580532809663195,0.19056422622636032
7405,0.1437642494806187,2,14,2,243102,362508,22610,85346,3.3579235985030937,0.19056656856922122
7406,0.1437651582193451,1,3,1,243105,362505,22611,85345,3.357895809403831,0.19056603773584907
7407,0.1437664378603179,0,1,0,243106,362504,22611,85345,3.3578865463707435,0.19056646324989002
7408,0.1437668316517052,1,5,1,243111,362499,22612,85344,3.357840231205306,0.19056678344866393
7409,0.1437684947379919,0,1,0,243112,362498,22612,85344,3.3578309681722183,0.19056720897102103
7410,0.1437736363852503,0,1,0,243113,362497,22612,85344,3.3578217051391306,0.19056763449527847
7411,0.1437769019992626,0,2,0,243115,362495,22612,85344,3.3578031790729557,0.19056848554949435
7412,0.1437794530005584,0,7,0,243122,362488,22612,85344,3.357738337841343,0.19057146429911218
7413,0.1437816426172187,1,0,1,243122,362488,22613,85343,3.357738337841343,0.19056965685716262
7414,0.1437825035682259,1,5,1,243127,362483,22614,85342,3.357692022675905,0.19056997711159493
7415,0.1437854218038093,1,12,1,243139,362471,22615,85341,3.3575808662788544,0.19057327628558413
7416,0.1437854948559225,4,17,4,243156,362454,22619,85337,3.357423394716366,0.1905732808386055
7417,0.1437903697152147,0,4,0,243160,362450,22619,85337,3.357386342584016,0.1905749831951352
7418,0.1437919726041402,4,16,4,243176,362434,22623,85333,3.3572381340546147,0.19057456221650992
7419,0.1437934551885758,2,47,2,243223,362387,22625,85331,3.3568027714995,0.19059095234053577
7420,0.1437946066905686,0,6,0,243229,362381,22625,85331,3.3567471933009743,0.19059350653991852
7421,0.1438003190088091,0,1,0,243230,362380,22625,85331,3.356737930267887,0.1905939322464715
7422,0.1438024931858583,9,106,9,243336,362274,22634,85322,3.355756048760606,0.19062279376938132
7423,0.1438040768425699,0,1,0,243337,362273,22634,85322,3.3557467857275185,0.19062321965169404
7424,0.143804094672704,12,30,12,243367,362243,22646,85310,3.355468894734892,0.19061429596047844
7425,0.1438073128677349,3,12,3,243379,362231,22649,85307,3.3553577383378412,0.1906139813825865
7426,0.1438129612887806,1,2,1,243381,362229,22650,85306,3.3553392122716663,0.190613024679634
7427,0.1438170488939774,0,15,0,243396,362214,22650,85306,3.355200266775353,0.19061941365749016
7428,0.1438187830068002,3,27,3,243423,362187,22653,85303,3.354950164881989,0.1906254888377394
7429,0.1438270849134296,1,13,1,243436,362174,22654,85302,3.354829745451851,0.19062921810331726
7430,0.1438330775265612,0,6,0,243442,362168,22654,85302,3.3547741672533253,0.19063177419715288
7431,0.1438335157761981,3,11,3,243453,362157,22657,85299,3.354672273889362,0.19063103411285132
7432,0.1438355279445934,1,6,1,243459,362151,22658,85298,3.354616695690837,0.19063178149912058
7433,0.1438380816880356,0,2,0,243461,362149,22658,85298,3.354598169624662,0.19063263358565372
7434,0.1438421406772132,0,6,0,243467,362143,22658,85298,3.3545425914261364,0.19063518989095768
7435,0.1438455765715405,0,2,0,243469,362141,22658,85298,3.3545240653599615,0.19063604200796086
7436,0.1438472823244717,1,3,1,243472,362138,22659,85297,3.354496276260699,0.1906355113033178
7437,0.1438483793950355,0,9,0,243481,362129,22659,85297,3.3544129089629107,0.1906393459477098
7438,0.1438491989957993,0,1,0,243482,362128,22659,85297,3.3544036459298234,0.19063977202883164
7439,0.1438514991788815,0,2,0,243484,362126,22659,85297,3.354385119863648,0.19064062419678918
7440,0.143852420141898,3,12,3,243496,362114,22662,85294,3.3542739634665977,0.1906403104101849
7441,0.1438537022481527,1,4,1,243500,362110,22663,85293,3.3542369113342474,0.19064020580997446
7442,0.1438539428829094,1,9,1,243509,362101,22664,85292,3.354153544036459,0.1906422317738543
7443,0.1438584966409623,0,3,0,243512,362098,22664,85292,3.3541257549371966,0.19064351013656988
7444,0.1438590471411727,1,4,1,243516,362094,22665,85291,3.3540887028048463,0.19064340556791132
7445,0.1438642221884004,0,1,0,243517,362093,22665,85291,3.354079439771759,0.19064383169715501
7446,0.1438642498730557,1,5,1,243522,362088,22666,85290,3.354033124606321,0.19064415326636536
7447,0.1438648022314958,0,1,0,243523,362087,22666,85290,3.3540238615732334,0.1906445794039479
7448,0.1438673247559722,0,2,0,243525,362085,22666,85290,3.3540053355070585,0.19064543168482817
7449,0.1438682376936889,21,154,21,243679,361931,22687,85269,3.352578828411575,0.19067307692307692
7450,0.1438732449822118,6,46,6,243725,361885,22693,85263,3.3521527288895476,0.19068183241342912
7451,0.143873998780586,0,5,0,243730,361880,22693,85263,3.3521064137241097,0.19068396463771098
7452,0.1438743586736018,1,1,1,243731,361879,22694,85262,3.3520971506910224,0.1906825811097618
7453,0.1438752095324673,0,14,0,243745,361865,22694,85262,3.3519674682277967,0.1906885515748322
7454,0.1438795210385252,6,27,6,243772,361838,22700,85256,3.3517173663344324,0.19068920629666244
7455,0.1438799672487953,0,2,0,243774,361836,22700,85256,3.3516988402682575,0.1906900593166507
7456,0.1438866123307135,0,5,0,243779,361831,22700,85256,3.3516525251028195,0.19069219190001052
7457,0.1438888606110651,2,17,2,243796,361814,22702,85254,3.351495053540331,0.19069582255943168
7458,0.1438921730841453,2,0,2,243796,361814,22704,85252,3.351495053540331,0.1906922020462303
7459,0.1438924702415444,1,4,1,243800,361810,22705,85251,3.351458001407981,0.19069209794636527
7460,0.1438959845183607,1,3,1,243803,361807,22706,85250,3.3514302123087183,0.1906915672945508
7461,0.143896685356635,0,1,0,243804,361806,22706,85250,3.3514209492756306,0.19069199384417165
7462,0.1438970394811584,6,9,6,243813,361797,22712,85244,3.351337581977843,0.1906849707297541
7463,0.1439002831861245,12,76,12,243889,361721,22724,85232,3.350633591463189,0.19069566598725146
7464,0.1439041628885308,1,12,1,243901,361709,22725,85231,3.350522435066138,0.19069897525394908
7465,0.1439046768120529,0,3,0,243904,361706,22725,85231,3.3504946459668754,0.19070025529325163
7466,0.1439060300913398,11,96,11,244000,361610,22736,85220,3.34960539479047,0.19072130340397914
7467,0.1439099700011266,0,2,0,244002,361608,22736,85220,3.349586868724295,0.19072215707162488
7468,0.1439105352050745,26,154,26,244156,361454,22762,85194,3.348160361628812,0.19074080707850477
7469,0.1439175070438529,1,8,1,244164,361446,22763,85193,3.3480862573641113,0.19074241165684144
7470,0.1439184516263847,9,91,9,244255,361355,22772,85184,3.347243321353144,0.19076497237643297
7471,0.1439194060753701,0,1,0,244256,361354,22772,85184,3.347234058320056,0.19076539958525365
7472,0.1439300722419972,1,2,1,244258,361352,22773,85183,3.3472155322538812,0.19076444175708512
7473,0.143935510317151,1,10,1,244268,361342,22774,85182,3.3471229019230058,0.19076690166709964
7474,0.1439386750106601,1,2,1,244270,361340,22775,85181,3.3471043758568304,0.19076594381899173
7475,0.143940779138427,0,4,0,244274,361336,22775,85181,3.34706732372448,0.1907676527433446
7476,0.1439409879689073,2,24,2,244298,361312,22777,85179,3.346845010930379,0.1907742821243877
7477,0.143945245191125,0,4,0,244302,361308,22777,85179,3.3468079587980286,0.19077599123826675
7478,0.1439494240162026,0,2,0,244304,361306,22777,85179,3.3467894327318537,0.19077684580669002
7479,0.1439512049209951,0,1,0,244305,361305,22777,85179,3.346780169698766,0.19077727309377268
7480,0.1439533068630354,11,40,11,244345,361265,22788,85168,3.346409648375264,0.19077442751767903
7481,0.1439550031345264,0,6,0,244351,361259,22788,85168,3.3463540701767385,0.1907769915350102
7482,0.1439598178363167,2,10,2,244361,361249,22790,85166,3.346261439845863,0.19077763964024505
7483,0.1439630624342409,2,3,2,244364,361246,22792,85164,3.3462336507466004,0.1907752962523241
7484,0.1439639184926402,1,9,1,244373,361237,22793,85163,3.3461502834488126,0.19077732974910394
7485,0.1439661161807658,2,19,2,244392,361218,22795,85161,3.345974285820149,0.1907818244137829
7486,0.143967932223377,0,1,0,244393,361217,22795,85161,3.345965022787061,0.19078225181348543
7487,0.1439743502773045,1,3,1,244396,361214,22796,85160,3.3459372336877986,0.19078172115759431
7488,0.1439745522383392,0,4,0,244400,361210,22796,85160,3.3459001815554483,0.19078343078611915
7489,0.1439760885331198,0,2,0,244402,361208,22796,85160,3.3458816554892734,0.19078428561187183
7490,0.1439771123303689,0,3,0,244405,361205,22796,85160,3.345853866390011,0.19078556786486395
7491,0.1439787015121651,1,7,1,244412,361198,22797,85159,3.345789025158398,0.19078674693126801
7492,0.1439789601277834,1,9,1,244421,361189,22798,85158,3.3457056578606097,0.1907887809260508
7493,0.1439796358683798,2,4,2,244425,361185,22800,85156,3.34566860572826,0.19078686475138965
7494,0.143980343856668,0,1,0,244426,361184,22800,85156,3.345659342695172,0.19078729219877225
7495,0.1439825125709925,8,71,8,244497,361113,22808,85148,3.3450016673459557,0.19080313986658032
7496,0.1439856760258382,0,2,0,244499,361111,22808,85148,3.344983141279781,0.1908039949894568
7497,0.143986280950298,6,10,6,244509,361101,22814,85142,3.3448905109489053,0.19079739065934928
7498,0.1439922375156782,0,1,0,244510,361100,22814,85142,3.3448812479158176,0.19079781822419226
7499,0.1439928297061085,0,2,0,244512,361098,22814,85142,3.3448627218496423,0.1907986733596271
7500,0.1439929265834257,3,19,3,244531,361079,22817,85139,3.344686724220979,0.1908013571841566
7501,0.1439984514495699,10,73,10,244604,361006,22827,85129,3.3440105228055876,0.19081443957546482
7502,0.1440021153477023,1,8,1,244612,360998,22828,85128,3.343936418540887,0.190816047484343
7503,0.144002565354163,0,3,0,244615,360995,22828,85128,3.3439086294416245,0.1908173306464809
7504,0.1440105400526779,1,29,1,244644,360966,22829,85127,3.3436400014820853,0.19082792153205722
7505,0.1440128500857068,0,1,0,244645,360965,22829,85127,3.3436307384489976,0.19082834930911113
7506,0.1440188911303464,4,36,4,244681,360929,22833,85123,3.343297269257846,0.19083649439975608
7507,0.1440191373585351,1,0,1,244681,360929,22834,85122,3.343297269257846,0.19083468033924372
7508,0.1440195240694449,0,8,0,244689,360921,22834,85122,3.3432231649931454,0.19083810305284468
7509,0.1440203927582896,1,2,1,244691,360919,22835,85121,3.34320463892697,0.19083714465070398
7510,0.1440216060433986,0,5,0,244696,360914,22835,85121,3.3431583237615325,0.19083928391269744
7511,0.1440226413680537,0,3,0,244699,360911,22835,85121,3.34313053466227,0.1908405674929153
7512,0.144026606981297,0,2,0,244701,360909,22835,85121,3.3431120085960946,0.19084142322265318
7513,0.1440297389032963,0,11,0,244712,360898,22835,85121,3.3430101152321314,0.19084612987339106
7514,0.144033920159051,8,33,8,244745,360865,22843,85113,3.3427044351402424,0.1908457367852226
7515,0.1440355767493827,3,17,3,244762,360848,22846,85110,3.342546963577754,0.1908475686051153
7516,0.1440375644318616,4,26,4,244788,360822,22850,85106,3.3423061247174775,0.19085143790028883
7517,0.1440410003261888,2,4,2,244792,360818,22852,85104,3.342269072585127,0.1908495207682061
7518,0.1440410361901556,0,4,0,244796,360814,22852,85104,3.342232020452777,0.19085123273785765
7519,0.1440434240570216,0,5,0,244801,360809,22852,85104,3.3421857052873394,0.19085337274311356
7520,0.1440449416542822,1,0,1,244801,360809,22853,85103,3.3421857052873394,0.1908515581549723
7521,0.1440462525774268,21,135,21,244936,360674,22874,85082,3.3409351958205193,0.19087123897378835
7522,0.1440474651922931,1,0,1,244936,360674,22875,85081,3.3409351958205193,0.19086942378660923
7523,0.1440476732324077,1,3,1,244939,360671,22876,85080,3.3409074067212567,0.19086889317129968
7524,0.1440532818076012,1,20,1,244959,360651,22877,85079,3.340722146059506,0.19087564220492226
7525,0.1440558980206347,0,3,0,244962,360648,22877,85079,3.340694356960243,0.19087692690817473
7526,0.1440579949054375,2,9,2,244971,360639,22879,85077,3.340610989662455,0.19087715047249817
7527,0.1440595123660047,0,1,0,244972,360638,22879,85077,3.3406017266293677,0.19087757872182898
7528,0.144060755907339,0,1,0,244973,360637,22879,85077,3.34059246359628,0.19087800697308138
7529,0.1440617323617492,0,3,0,244976,360634,22879,85077,3.3405646744970174,0.1908792917383686
7530,0.1440622046577154,0,13,0,244989,360621,22879,85077,3.340444255066879,0.19088485925447277
7531,0.1440628613024506,0,9,0,244998,360612,22879,85077,3.340360887769091,0.19088871387896045
7532,0.1440657577938273,0,1,0,244999,360611,22879,85077,3.3403516247360034,0.19088914218017985
7533,0.1440697514160062,2,31,2,245030,360580,22881,85075,3.3400644707102893,0.19089878942231098
7534,0.1440735233511575,1,15,1,245045,360565,22882,85074,3.339925525213976,0.19090339938829412
7535,0.1440753910034437,1,18,1,245063,360547,22883,85073,3.3397587906184003,0.19090929491494996
7536,0.1440767809499534,2,3,2,245066,360544,22885,85071,3.3397310015191373,0.190906948823536
7537,0.1440806794096201,2,1,2,245067,360543,22887,85069,3.33972173848605,0.19090374585962677
7538,0.1440841389446969,0,5,0,245072,360538,22887,85069,3.339675423320612,0.19090588792366367
7539,0.1440850825750085,0,3,0,245075,360535,22887,85069,3.3396476342213495,0.19090717318515993
7540,0.1440864960249282,0,1,0,245076,360534,22887,85069,3.339638371188262,0.19090760160950443
7541,0.1440867204542597,0,3,0,245079,360531,22887,85069,3.339610582088999,0.1909088868940754
7542,0.1440879680695425,1,6,1,245085,360525,22888,85068,3.339555003890474,0.19090964175828615
7543,0.1440890089164087,0,2,0,245087,360523,22888,85068,3.3395364778242986,0.19091049864113055
7544,0.1440912058336783,3,23,3,245110,360500,22891,85065,3.339323428063285,0.19091490579376746
7545,0.144092498325693,1,2,1,245112,360498,22892,85064,3.3393049019971097,0.1909139468805688
7546,0.1440925952030102,19,101,19,245213,360397,22911,85045,3.338369335655267,0.19092272394610296
7547,0.1440951668491033,1,6,1,245219,360391,22912,85044,3.3383137574567416,0.19092347929552012
7548,0.1441013321384432,0,4,0,245223,360387,22912,85044,3.3382767053243914,0.1909251938010601
7549,0.1441031537867289,2,3,2,245226,360384,22914,85042,3.3382489162251288,0.1909228468926376
7550,0.144103765127555,0,1,0,245227,360383,22914,85042,3.338239653192041,0.19092327552337654
7551,0.1441053937557749,0,5,0,245232,360378,22914,85042,3.3381933380266036,0.19092541870594046
7552,0.1441075710009013,0,4,0,245236,360374,22914,85042,3.3381562858942533,0.1909271332866354
7553,0.1441082481702079,0,5,0,245241,360369,22914,85042,3.3381099707288153,0.19092927655581024
7554,0.1441088296501022,0,2,0,245243,360367,22914,85042,3.3380914446626404,0.19093013387695354
7555,0.1441158208625432,1,7,1,245250,360360,22915,85041,3.3380266034310275,0.19093131807068237
7556,0.1441175872007576,11,48,11,245298,360312,22926,85030,3.337581977842825,0.19093191300169307
7557,0.1441211111315145,0,4,0,245302,360308,22926,85030,3.337544925710475,0.19093362794102456
7558,0.1441237845194084,0,1,0,245303,360307,22926,85030,3.337535662677387,0.19093405668067104
7559,0.1441239080140988,9,97,9,245400,360210,22935,85021,3.3366371484678945,0.19095929977921575
7560,0.1441266425728138,0,1,0,245401,360209,22935,85021,3.336627885434807,0.19095972867955888
7561,0.1441279981076127,2,5,2,245406,360204,22937,85019,3.336581570269369,0.19095823890499816
7562,0.144130045351324,14,50,14,245456,360154,22951,85005,3.3361184186149915,0.1909542433153098
7563,0.1441335505499555,4,20,4,245476,360134,22955,85001,3.33593315795324,0.19095555280982174
7564,0.1441378327200546,2,22,2,245498,360112,22957,84999,3.335729371225314,0.19096135570677875
7565,0.1441406689457733,0,2,0,245500,360110,22957,84999,3.335710845159139,0.19096221374989047
7566,0.1441412563942364,1,0,1,245500,360110,22958,84998,3.335710845159139,0.19096039612858004
7567,0.144143220327357,0,1,0,245501,360109,22958,84998,3.335701582126051,0.19096082514990778
7568,0.1441449199977973,6,34,6,245535,360075,22964,84992,3.3353866390010745,0.19096450646756555
7569,0.1441463726748418,2,6,2,245541,360069,22966,84990,3.3353310608025493,0.19096344529601694
7570,0.1441485525950302,12,143,12,245684,359926,22978,84978,3.334006447071029,0.19100300289500657
7571,0.1441504268891748,5,36,5,245720,359890,22983,84973,3.333672977879877,0.1910093669286949
7572,0.1441530577079693,1,0,1,245720,359890,22984,84972,3.333672977879877,0.19100754840827042
7573,0.1441603276496063,0,1,0,245721,359889,22984,84972,3.3336637148467894,0.1910079777728324
7574,0.1441604245269235,2,8,2,245729,359881,22986,84970,3.333589610582089,0.19100777563723584
7575,0.1441618581196497,7,91,7,245820,359790,22993,84963,3.3327466745711214,0.1910341245590249
7576,0.1441635379619246,1,17,1,245837,359773,22994,84962,3.332589203008633,0.1910396078563639
7577,0.1441654228749255,0,5,0,245842,359768,22994,84962,3.3325428878431955,0.19104175567198076
7578,0.1441661442649144,2,27,2,245869,359741,22996,84960,3.3322927859498312,0.19104971655112085
7579,0.1441662055254844,14,95,14,245964,359646,23010,84946,3.3314127978065136,0.19106506639795587
7580,0.1441668271671358,0,6,0,245970,359640,23010,84946,3.3313572196079884,0.1910676449550818
7581,0.1441682044809463,3,22,3,245992,359618,23013,84943,3.331153432880062,0.19107164146202657
7582,0.1441694510478347,0,8,0,246000,359610,23013,84943,3.331079328615362,0.19107507991173156
7583,0.1441750596230281,3,14,3,246014,359596,23016,84940,3.330949646152136,0.1910756384184858
7584,0.1441774401118863,1,0,1,246014,359596,23017,84939,3.330949646152136,0.19107381870943796
7585,0.1441786576753583,0,1,0,246015,359595,23017,84939,3.3309403831190485,0.1910742485389194
7586,0.1441795482121703,5,7,5,246022,359588,23022,84934,3.3308755418874356,0.1910681586063232
7587,0.1441797995129138,4,12,4,246034,359576,23026,84930,3.330764385490385,0.1910660373538265
7588,0.1441846960845524,6,11,6,246045,359565,23032,84924,3.330662492126422,0.1910598462504134
7589,0.1441848980931576,1,2,1,246047,359563,23033,84923,3.3306439660602467,0.19105888599415954
7590,0.1441882534607568,1,3,1,246050,359560,23034,84922,3.330616176960984,0.19105835556895442
7591,0.1441884263627635,5,21,5,246071,359539,23039,84917,3.3304216532661455,0.1910582824846554
7592,0.1441948513033859,0,7,0,246078,359532,23039,84917,3.3303568120345326,0.1910612916217609
7593,0.144199298074049,1,1,1,246079,359531,23040,84916,3.330347549001445,0.19105990140556692
7594,0.1441994210735327,0,1,0,246080,359530,23040,84916,3.3303382859683577,0.19106033128884048
7595,0.1442002885120351,1,3,1,246083,359527,23041,84915,3.3303104968690946,0.19105980082890456
7596,0.1442020087979172,2,23,2,246106,359504,23043,84913,3.330097447108081,0.19106604832848428
7597,0.1442066866268309,1,13,1,246119,359491,23044,84912,3.329977027677943,0.19106981726045955
7598,0.1442076109006338,0,2,0,246121,359489,23044,84912,3.3299585016117677,0.19107067715869228
7599,0.1442077374128106,0,1,0,246122,359488,23044,84912,3.3299492385786804,0.19107110711071107
7600,0.1442101297165912,26,130,26,246252,359358,23070,84886,3.3287450442772983,0.19107967693429737
7601,0.1442105019923319,2,12,2,246264,359346,23072,84884,3.3286338878802475,0.19108119667739684
7602,0.1442105629791324,0,2,0,246266,359344,23072,84884,3.3286153618140726,0.19108205696174035
7603,0.1442143148849947,4,53,4,246319,359291,23076,84880,3.328124421060432,0.1910975727816539
7604,0.1442154881567266,1,2,1,246321,359289,23077,84879,3.328105894994257,0.19109661209272166
7605,0.144217905312436,1,5,1,246326,359284,23078,84878,3.3280595798288193,0.1910969421067088
7606,0.1442182562130881,0,6,0,246332,359278,23078,84878,3.3280040016302936,0.19109952359081045
7607,0.144220955186744,1,1,1,246333,359277,23079,84877,3.3279947385972064,0.19109813262967348
7608,0.1442242888655458,0,5,0,246338,359272,23079,84877,3.3279484234317684,0.19110028391373166
7609,0.144226993595938,1,16,1,246354,359256,23080,84876,3.3278002149023678,0.19110534705898247
7610,0.1442297572797556,1,10,1,246364,359246,23081,84875,3.3277075845714923,0.19110782872235269
7611,0.1442339735888277,0,1,0,246365,359245,23081,84875,3.3276983215384046,0.19110825902909123
7612,0.1442367896219804,0,1,0,246366,359244,23081,84875,3.327689058505317,0.1911086893377676
7613,0.1442371176589442,3,1,3,246367,359243,23084,84872,3.3276797954722293,0.19110365558470216
7614,0.1442381004095267,2,7,2,246374,359236,23086,84870,3.3276149542406164,0.1911030249535021
7615,0.1442428889469415,1,0,1,246374,359236,23087,84869,3.3276149542406164,0.1911012035442069
7616,0.1442430969870561,6,41,6,246415,359195,23093,84863,3.327235169884027,0.19110791833499227
7617,0.1442452694357996,0,3,0,246418,359192,23093,84863,3.327207380784764,0.191109209444776
7618,0.1442487055622495,4,37,4,246455,359155,23097,84859,3.3268646485605244,0.1911178476354349
7619,0.1442500238598366,1,59,1,246514,359096,23098,84858,3.326318129608359,0.19114142456200417
7620,0.1442529080234908,4,59,4,246573,359037,23102,84854,3.325771610656193,0.19115954141895194
7621,0.1442576721463616,5,9,5,246582,359028,23107,84849,3.3256882433584054,0.1911543062605181
7622,0.1442577856681122,0,2,0,246584,359026,23107,84849,3.32566971729223,0.19115516755843423
7623,0.1442596019562897,0,14,0,246598,359012,23107,84849,3.3255400348290043,0.19116119686117952
7624,0.1442597846235741,3,1,3,246599,359011,23110,84846,3.325530771795917,0.1911561606553462
7625,0.144259800434438,0,3,0,246602,359008,23110,84846,3.325502982696654,0.1911574526758799
7626,0.1442599475308109,1,5,1,246607,359003,23111,84845,3.3254566675312165,0.19115778374578685
7627,0.1442622086257403,4,19,4,246626,358984,23115,84841,3.3252806699025528,0.1911586774066355
7628,0.1442647819791278,5,27,5,246653,358957,23120,84836,3.325030568009189,0.19116119452086897
7629,0.1442681178359485,0,1,0,246654,358956,23120,84836,3.3250213049761013,0.19116162526589034
7630,0.1442696406851898,2,14,2,246668,358942,23122,84834,3.3248916225128755,0.19116401067205077
7631,0.1442720547911412,4,12,4,246680,358930,23126,84830,3.324780466115825,0.19116188930953668
7632,0.1442744666558401,0,2,0,246682,358928,23126,84830,3.3247619400496498,0.19116275086871673
7633,0.144278099253073,5,13,5,246695,358915,23131,84825,3.3246415206195117,0.19115923739126517
7634,0.144280263216095,11,86,11,246781,358829,23142,84814,3.323844899773982,0.1911762385521692
7635,0.1442821442089081,3,1,3,246782,358828,23145,84811,3.3238356367408946,0.19117120000721308
7636,0.1442879220803413,2,1,2,246783,358827,23147,84809,3.323826373707807,0.19116798456392178
7637,0.1442914047776925,5,10,5,246793,358817,23152,84804,3.3237337433769314,0.19116317757725626
7638,0.1442965905396128,0,12,0,246805,358805,23152,84804,3.3236225869798806,0.19116834870347535
7639,0.1442979348047672,0,4,0,246809,358801,23152,84804,3.3235855348475303,0.191170072474386
7640,0.1443005879595252,0,1,0,246810,358800,23152,84804,3.323576271814443,0.19117050342197095
7641,0.144301709859219,1,9,1,246819,358791,23153,84803,3.323492904516655,0.19117255869105534
7642,0.1443020821349597,0,4,0,246823,358787,23153,84803,3.3234558523843045,0.19117428255821817
7643,0.1443021680838953,0,3,0,246826,358784,23153,84803,3.323428063285042,0.19117557547899286
7644,0.1443022450421965,3,3,3,246829,358781,23156,84800,3.3234002741857793,0.19117139823391893
7645,0.1443109263109694,1,8,1,246837,358773,23157,84799,3.3233261699210788,0.1911730226434491
7646,0.1443165348861629,0,1,0,246838,358772,23157,84799,3.3233169068879915,0.19117345362974586
7647,0.1443179730208063,0,1,0,246839,358771,23157,84799,3.323307643854904,0.1911738846179859
7648,0.1443185737385658,1,2,1,246841,358769,23158,84798,3.323289117788729,0.19117292314351608
7649,0.1443213374223833,1,1,1,246842,358768,23159,84797,3.3232798547556412,0.19117153066630596
7650,0.1443215135765686,8,73,8,246915,358695,23167,84789,3.32260365334025,0.19118840815001217
7651,0.1443300173776848,4,17,4,246932,358678,23171,84785,3.3224461817777615,0.1911884418767744
7652,0.1443338234046684,2,2,2,246934,358676,23173,84783,3.322427655711586,0.19118565639664548
7653,0.1443354300572585,8,47,8,246981,358629,23181,84775,3.3219922931564714,0.19119132890095714
7654,0.1443388540232031,0,1,0,246982,358628,23181,84775,3.3219830301233837,0.1911917600918352
7655,0.1443442701378754,1,12,1,246994,358616,23182,84774,3.321871873726333,0.19119511039942264
7656,0.144351236168411,2,15,2,247009,358601,23184,84772,3.3217329282300194,0.19119793041073768
7657,0.1443557514042547,0,1,0,247010,358600,23184,84772,3.321723665196932,0.19119836164665338
7658,0.1443563987447641,6,19,6,247029,358581,23190,84766,3.3215476675682685,0.1911956097593984
7659,0.1443615680195627,5,45,5,247074,358536,23195,84761,3.3211308310793286,0.19120589582153724
7660,0.144363634933769,2,8,2,247082,358528,23197,84759,3.321056726814628,0.19120569743755175
7661,0.1443688568953304,2,22,2,247104,358506,23199,84757,3.320852940086702,0.19121153807107744
7662,0.1443704282947714,0,1,0,247105,358505,23199,84757,3.3208436770536145,0.19121196944470764
7663,0.1443710185594358,0,2,0,247107,358503,23199,84757,3.320825150987439,0.19121283219780716
7664,0.1443715829702481,12,54,12,247161,358449,23211,84745,3.3203249472007115,0.19121423123959258
7665,0.144376120916054,1,4,1,247165,358445,23212,84744,3.320287895068361,0.19121413211970514
7666,0.1443780837408661,1,15,1,247180,358430,23213,84743,3.3201489495720478,0.19121877912237434
7667,0.1443792931224594,6,18,6,247198,358412,23219,84737,3.3199822149764717,0.19121559565744253
7668,0.1443824546815336,2,1,2,247199,358411,23221,84735,3.3199729519433845,0.19121237695928656
7669,0.1443837158272255,3,13,3,247212,358398,23224,84732,3.319852532513246,0.1912125110012863
7670,0.1443858474065097,1,12,1,247224,358386,23225,84731,3.3197413761161956,0.19121586398174747
7671,0.1443872188044045,0,5,0,247229,358381,23225,84731,3.3196950609507576,0.19121802162884327
7672,0.1443881324429952,0,1,0,247230,358380,23225,84731,3.3196857979176704,0.1912184531641056
7673,0.1443907675081183,2,8,2,247238,358372,23227,84729,3.31961169365297,0.19121825498024153
7674,0.1443923178455226,0,5,0,247243,358367,23227,84729,3.319565378487532,0.1912204127322296
7675,0.1443925878145822,0,4,0,247247,358363,23227,84729,3.3195283263551816,0.19122213896888232
7676,0.1443959441437466,2,18,2,247265,358345,23229,84727,3.3193615917596055,0.19122625668062979
7677,0.1443968193402406,2,1,2,247266,358344,23231,84725,3.3193523287265183,0.19122303749528854
7678,0.1443981122474282,1,8,1,247274,358336,23232,84724,3.3192782244618178,0.1912246648309484
7679,0.1443993520486146,1,2,1,247276,358334,23233,84723,3.319259698395643,0.1912237025935715
7680,0.1444031498067658,0,4,0,247280,358330,23233,84723,3.3192226462632926,0.19122542901187894
7681,0.1444068962533021,8,35,8,247315,358295,23241,84715,3.318898440105228,0.19122593169454413
7682,0.1444107972620804,0,6,0,247321,358289,23241,84715,3.3188428619067025,0.1912285216386308
7683,0.1444123097712006,0,12,0,247333,358277,23241,84715,3.318731705509652,0.1912337017372774
7684,0.1444145885715052,14,110,14,247443,358167,23255,84701,3.317712771870021,0.19125563373285043
7685,0.1444164743497552,1,12,1,247455,358155,23256,84700,3.3176016154729706,0.19125898996285465
7686,0.1444186104500126,1,5,1,247460,358150,23257,84699,3.3175553003075327,0.19125932315529673
7687,0.1444212282128221,0,2,0,247462,358148,23257,84699,3.3175367742413577,0.19126018692686186
7688,0.1444254687241017,2,11,2,247473,358137,23259,84697,3.3174348808773946,0.19126128526716557
7689,0.1444263228722625,0,1,0,247474,358136,23259,84697,3.317425617844307,0.19126171717103288
7690,0.1444280710984458,1,17,1,247491,358119,23260,84696,3.3172681462818185,0.19126723349480032
7691,0.1444293973434761,2,4,2,247495,358115,23262,84694,3.3172310941494683,0.19126530851902288
7692,0.1444331000788251,0,6,0,247501,358109,23262,84694,3.317175515950943,0.19126790017231138
7693,0.1444384400240886,1,9,1,247510,358100,23263,84693,3.317092148653155,0.1912699613589194
7694,0.1444414494804339,5,30,5,247540,358070,23268,84688,3.3168142576605284,0.19127378839004602
7695,0.1444422874154186,7,31,7,247571,358039,23275,84681,3.3165271036348143,0.19127439465124685
7696,0.1444452387521227,0,2,0,247573,358037,23275,84681,3.316508577568639,0.19127525874258558
7697,0.1444456441560302,1,14,1,247587,358023,23276,84680,3.316378895105413,0.19127948082574547
7698,0.144446570228099,3,25,3,247612,357998,23279,84677,3.3161473192782243,0.1912848026204326
7699,0.1444476555689277,1,14,1,247626,357984,23280,84676,3.3160176368149985,0.19128902543713008
7700,0.1444479263631963,1,0,1,247626,357984,23281,84675,3.3160176368149985,0.19128719849816675
7701,0.1444488578168547,8,59,8,247685,357925,23289,84667,3.315471117862833,0.19129808039910345
7702,0.1444502334863078,13,97,13,247782,357828,23302,84654,3.3145726036533403,0.19131625693248538
7703,0.144451027576887,1,4,1,247786,357824,23303,84653,3.31453555152099,0.19131615880599442
7704,0.1444568860828908,10,112,10,247898,357712,23313,84643,3.313498091815184,0.19134631687219542
7705,0.1444582613495011,3,29,3,247927,357683,23316,84640,3.3132294638556448,0.19135337750919576
7706,0.1444598115827609,10,90,10,248017,357593,23326,84630,3.312395790877765,0.19137403527179725
7707,0.144460375959201,1,2,1,248019,357591,23327,84629,3.31237726481159,0.1913730722264936
7708,0.1444692054934649,0,2,0,248021,357589,23327,84629,3.3123587387454148,0.1913739377411141
7709,0.1444697269475687,2,1,2,248022,357588,23329,84627,3.312349475712327,0.19137071334079578
7710,0.1444703686098314,2,19,2,248041,357569,23331,84625,3.312173478083664,0.19137527872381804
7711,0.1444738167959182,0,1,0,248042,357568,23331,84625,3.312164215050576,0.19137571151058475
7712,0.14447552502768,3,26,3,248068,357542,23334,84622,3.3119233761903,0.19138147836549335
7713,0.1444845754564117,5,13,5,248081,357529,23339,84617,3.3118029567601615,0.19137796112596292
7714,0.1444856479220295,7,53,7,248134,357476,23346,84610,3.311312016006521,0.1913881009577322
7715,0.1444946010172525,13,86,13,248220,357390,23359,84597,3.3105153951609916,0.19140155705937054
7716,0.1445000438369457,0,1,0,248221,357389,23359,84597,3.310506132127904,0.19140199010828396
7717,0.1445005588608868,6,27,6,248248,357362,23365,84591,3.31025603023454,0.1914027057175763
7718,0.1445011296282909,1,2,1,248250,357360,23366,84590,3.3102375041683647,0.1914017422785383
7719,0.1445030069831158,1,7,1,248257,357353,23367,84589,3.310172662936752,0.1914029442777559
7720,0.144506168714133,0,13,0,248270,357340,23367,84589,3.3100522435066138,0.19140857468054823
7721,0.1445065630925191,0,5,0,248275,357335,23367,84589,3.3100059283411762,0.1914107403082883
7722,0.1445074964513858,0,10,0,248285,357325,23367,84589,3.3099132980103003,0.19141507171078537
7723,0.144514523614384,0,2,0,248287,357323,23367,84589,3.3098947719441254,0.19141593801480838
7724,0.1445146478221554,0,2,0,248289,357321,23367,84589,3.3098762458779505,0.19141680432667285
7725,0.1445173516624771,0,5,0,248294,357316,23367,84589,3.3098299307125125,0.19141897014064108
7726,0.1445182790695972,1,9,1,248303,357307,23368,84588,3.3097465634147247,0.19142103893458853
7727,0.1445190747601015,8,29,8,248332,357278,23376,84580,3.3094779354551855,0.19141896265316005
7728,0.1445196512410736,2,0,2,248332,357278,23378,84578,3.3094779354551855,0.1914153027230591
7729,0.1445265881074547,0,13,0,248345,357265,23378,84578,3.3093575160250475,0.19142093458536177
7730,0.1445274872887596,0,2,0,248347,357263,23378,84578,3.309338989958872,0.19142180105513068
7731,0.1445278000494578,0,1,0,248348,357262,23378,84578,3.3093297269257844,0.19142223429295674
7732,0.1445295109872305,5,14,5,248362,357248,23383,84573,3.3092000444625587,0.19141914938402657
7733,0.1445314729073258,0,1,0,248363,357247,23383,84573,3.3091907814294714,0.1914195826354624
7734,0.1445321372233586,4,18,4,248381,357229,23387,84569,3.3090240468338954,0.19142006075174628
7735,0.144536543452532,0,2,0,248383,357227,23387,84569,3.30900552076772,0.19142092730581536
7736,0.1445402504181349,0,2,0,248385,357225,23387,84569,3.308986994701545,0.1914217938677302
7737,0.1445434769240781,2,11,2,248396,357214,23389,84567,3.308885101337582,0.19142289958146683
7738,0.1445435743482893,1,0,1,248396,357214,23390,84566,3.308885101337582,0.19142106931051656
7739,0.1445440264776124,4,51,4,248447,357163,23394,84562,3.308412686650117,0.19143584809553454
7740,0.1445449073717072,1,1,1,248448,357162,23395,84561,3.308403423617029,0.1914344510020986
7741,0.1445453044945015,0,6,0,248454,357156,23395,84561,3.308347845418504,0.19143705132471694
7742,0.1445484662255186,0,16,0,248470,357140,23395,84561,3.308199636889103,0.1914439858637404
7743,0.1445503856744014,2,9,2,248479,357131,23397,84559,3.308116269591315,0.19144422558808213
7744,0.1445507532367951,0,1,0,248480,357130,23397,84559,3.3081070065582274,0.19144465902478894
7745,0.144552404780325,0,2,0,248482,357128,23397,84559,3.3080884804920525,0.19144552590409045
7746,0.144553118658148,0,1,0,248483,357127,23397,84559,3.308079217458965,0.1914459593466852
7747,0.1445594187444966,0,3,0,248486,357124,23397,84559,3.3080514283597022,0.19144725968624557
7748,0.1445619487524592,0,3,0,248489,357121,23397,84559,3.3080236392604396,0.19144856004347038
7749,0.1445668499921125,0,1,0,248490,357120,23397,84559,3.308014376227352,0.19144899349980415
7750,0.1445671694653977,0,1,0,248491,357119,23397,84559,3.3080051131942643,0.1914494269581007
7751,0.1445718340734613,1,10,1,248501,357109,23398,84558,3.307912482863389,0.19145193097967472
7752,0.1445726666074205,0,7,0,248508,357102,23398,84558,3.307847641631776,0.19145496535796766
7753,0.1445744347347443,4,27,4,248535,357075,23402,84554,3.307597539738412,0.19145934709903561
7754,0.1445756489805138,0,1,0,248536,357074,23402,84554,3.3075882767053244,0.19145978062985136
7755,0.1445802090317404,3,13,3,248549,357061,23405,84551,3.3074678572751863,0.1914599240962655
7756,0.14458140566132,3,8,3,248557,357053,23408,84548,3.3073937530104858,0.19145789977830666
7757,0.1445926034552431,16,119,16,248676,356934,23424,84532,3.306291452073067,0.19148020459106704
7758,0.144593122357682,2,0,2,248676,356934,23426,84530,3.306291452073067,0.1914765416885635
7759,0.1445983218738993,0,11,0,248687,356923,23426,84530,3.3061895587091037,0.19148131284644118
7760,0.1446000545395232,0,4,0,248691,356919,23426,84530,3.3061525065767534,0.1914830478718946
7761,0.1446023182275829,1,6,1,248697,356913,23427,84529,3.306096928378228,0.19148381893884134
7762,0.1446050716857229,1,1,1,248698,356912,23428,84528,3.3060876653451405,0.19148242116708952
7763,0.1446078999703525,1,9,1,248707,356903,23429,84527,3.3060042980473527,0.19148449357769068
7764,0.1446089911338018,0,3,0,248710,356900,23429,84527,3.30597650894809,0.19148579493325057
7765,0.1446108077385724,18,109,18,248819,356791,23447,84509,3.3049668383415467,0.19150011330160888
7766,0.1446115327080921,2,24,2,248843,356767,23449,84507,3.3047445255474455,0.191506864215884
7767,0.1446125827329271,1,12,1,248855,356755,23450,84506,3.3046333691503946,0.19151023997135483
7768,0.144613845745799,0,1,0,248856,356754,23450,84506,3.304624106117307,0.19151067397905996
7769,0.144614034204661,0,2,0,248858,356752,23450,84506,3.304605580051132,0.19151154200037165
7770,0.1446176724168338,2,31,2,248889,356721,23452,84504,3.304318426025418,0.19152133265340812
7771,0.1446181682500825,1,1,1,248890,356720,23453,84503,3.3043091629923302,0.1915199343642557
7772,0.1446237173659864,0,2,0,248892,356718,23453,84503,3.304290636926155,0.1915208025003343
7773,0.1446256261731403,4,21,4,248913,356697,23457,84499,3.3040961132313162,0.19152258860007798
7774,0.1446272480684099,0,1,0,248914,356696,23457,84499,3.304086850198229,0.19152302269971327
7775,0.1446311003296443,1,6,1,248920,356690,23458,84498,3.3040312719997034,0.19152379484482807
7776,0.1446311415269104,1,12,1,248932,356678,23459,84497,3.303920115602653,0.19152717175723918
7777,0.1446328376232271,1,0,1,248932,356678,23460,84496,3.303920115602653,0.19152533920856624
7778,0.1446340044215155,0,3,0,248935,356675,23460,84496,3.3038923265033904,0.19152664159702246
7779,0.1446356276105157,2,27,2,248962,356648,23462,84494,3.303642224610026,0.19153469857778221
7780,0.1446367538427788,4,18,4,248980,356630,23466,84490,3.3034754900144505,0.19153518317011245
7781,0.1446404959313339,2,5,2,248985,356625,23468,84488,3.3034291748490126,0.1915336886466733
7782,0.1446413533782,6,20,6,249005,356605,23474,84482,3.3032439141872616,0.19153137589636512
7783,0.1446416375554967,3,27,3,249032,356578,23477,84479,3.3029938122938973,0.191537601715878
7784,0.144641659106905,7,50,7,249082,356528,23484,84472,3.30253066063952,0.19154648526077098
7785,0.1446418928987056,0,2,0,249084,356526,23484,84472,3.3025121345733446,0.19154735395625377
7786,0.1446439171440799,0,2,0,249086,356524,23484,84472,3.3024936085071697,0.19154822265961596
7787,0.1446461447587759,2,3,2,249089,356521,23486,84470,3.302465819407907,0.1915458592125463
7788,0.1446505116496224,3,13,3,249102,356508,23489,84467,3.3023453999777685,0.19154600600941096
7789,0.1446512372033582,3,50,3,249152,356458,23492,84464,3.301882248323391,0.19156222642553558
7790,0.1446512655530649,0,2,0,249154,356456,23492,84464,3.301863722257216,0.19156309534609453
7791,0.1446518532638097,4,55,4,249209,356401,23496,84460,3.3013542554374005,0.19157965889475367
7792,0.1446568889349256,7,41,7,249250,356360,23503,84453,3.300974471080811,0.1915846401989052
7793,0.1446575654031131,1,13,1,249263,356347,23504,84452,3.3008540516506724,0.1915884564166434
7794,0.1446586816351646,9,53,9,249316,356294,23513,84443,3.300363110897032,0.1915949874868686
7795,0.1446590873640811,1,2,1,249318,356292,23514,84442,3.300344584830857,0.1915940226984984
7796,0.1446660148773721,1,6,1,249324,356286,23515,84441,3.300289006632332,0.1915947967789584
7797,0.1446701475514962,1,0,1,249324,356286,23516,84440,3.300289006632332,0.19159296252093136
7798,0.1446719215196654,0,2,0,249326,356284,23516,84440,3.3002704805661565,0.1915938319673991
7799,0.1446748751677581,1,13,1,249339,356271,23517,84439,3.3001500611360184,0.19159764924780467
7800,0.144676526603352,0,1,0,249340,356270,23517,84439,3.3001407981029307,0.19159808399646933
7801,0.1446778289708079,3,34,3,249374,356236,23520,84436,3.299825854977954,0.19160736329968775
7802,0.1446798242141926,4,5,4,249379,356231,23524,84432,3.299779539812516,0.19160219941315698
7803,0.1446841835978709,0,11,0,249390,356220,23524,84432,3.2996776464485533,0.19160698238065413
7804,0.1446853817721055,1,8,1,249398,356212,23525,84431,3.2996035421838528,0.19160862648447838
7805,0.1446863649959039,2,9,2,249407,356203,23527,84429,3.2995201748860645,0.1916088708945333
7806,0.1446882817781355,0,4,0,249411,356199,23527,84429,3.2994831227537147,0.1916106103107383
7807,0.1446908336093341,2,0,2,249411,356199,23529,84427,3.2994831227537147,0.1916069410338927
7808,0.1446929148359427,32,253,32,249664,355946,23561,84395,3.2971395753825634,0.1916582830124835
7809,0.1446936947888492,1,15,1,249679,355931,23562,84394,3.29700062988625,0.19166297621075343
7810,0.144694069254797,21,240,21,249919,355691,23583,84373,3.2947775019452368,0.19172893033740546
7811,0.1446951904968154,16,157,16,250076,355534,23599,84357,3.293323205750491,0.19176796069935506
7812,0.1446966426081844,26,212,26,250288,355322,23625,84331,3.2913594427359296,0.19181263405458396
7813,0.1446988951819575,2,4,2,250292,355318,23627,84329,3.2913223906035793,0.19181070267737527
7814,0.1446989296535576,0,2,0,250294,355316,23627,84329,3.291303864537404,0.19181157524821163
7815,0.1446997231591077,3,21,3,250315,355295,23630,84326,3.2911093408425653,0.19181522265769835
7816,0.1447004456949109,0,2,0,250317,355293,23630,84326,3.2910908147763904,0.19181609530070357
7817,0.1447013208018061,6,24,6,250341,355269,23636,84320,3.290868501982289,0.19181553678549737
7818,0.1447019868471674,0,1,0,250342,355268,23636,84320,3.2908592389492015,0.19181597313848422
7819,0.1447044920388477,0,1,0,250343,355267,23636,84320,3.290849975916114,0.19181640949345635
7820,0.1447059848149952,0,1,0,250344,355266,23636,84320,3.2908407128830266,0.1918168458504138
7821,0.1447137028242455,0,12,0,250356,355254,23636,84320,3.2907295564859758,0.19182208228876138
7822,0.1447184285818055,0,2,0,250358,355252,23636,84320,3.290711030419801,0.19182295505628202
7823,0.1447242331957209,0,3,0,250361,355249,23636,84320,3.290683241320538,0.19182426422245427
7824,0.1447268966619742,0,1,0,250362,355248,23636,84320,3.2906739782874506,0.19182470061514942
7825,0.144730534874147,12,60,12,250422,355188,23648,84308,3.2901181963021973,0.19182882210532065
7826,0.1447307689492288,1,1,1,250423,355187,23649,84307,3.2901089332691096,0.19182741971448986
7827,0.1447313530559899,0,4,0,250427,355183,23649,84307,3.2900718811367593,0.1918291656237912
7828,0.1447335422818861,5,37,5,250464,355146,23654,84302,3.28972914891252,0.19183612167992573
7829,0.1447394502322607,8,68,8,250532,355078,23662,84294,3.289099262662566,0.19185109656509747
7830,0.1447403311263555,0,1,0,250533,355077,23662,84294,3.2890899996294785,0.19185153321452714
7831,0.1447415615182901,2,26,2,250559,355051,23664,84292,3.2888491607692023,0.1918592079536945
7832,0.1447418881669796,0,1,0,250560,355050,23664,84292,3.2888398977361146,0.19185964465040903
7833,0.1447421293909699,0,4,0,250564,355046,23664,84292,3.2888028456037643,0.1918613914571469
7834,0.1447436183131917,2,32,2,250596,355014,23666,84290,3.2885064285449626,0.1918716879427458
7835,0.1447501401841746,0,1,0,250597,355013,23666,84290,3.2884971655118753,0.19187212470663756
7836,0.1447551728311831,0,3,0,250600,355010,23666,84290,3.2884693764126127,0.19187343501024356
7837,0.1447562406527957,36,196,36,250796,354814,23702,84254,3.286653821927452,0.19189282753468712
7838,0.1447564805944075,8,124,8,250920,354690,23710,84246,3.2855052058245953,0.1919323090382197
7839,0.1447586624836689,1,1,1,250921,354689,23711,84245,3.2854959427915076,0.19193090532973067
7840,0.1447586629332474,0,1,0,250922,354688,23711,84245,3.28548667975842,0.1919313425967061
7841,0.1447644795485555,1,13,1,250935,354675,23712,84244,3.285366260328282,0.19193518621886954
7842,0.1447672051435312,1,1,1,250936,354674,23713,84243,3.285356997295194,0.19193378246912288
7843,0.1447694091134357,1,3,1,250939,354671,23714,84242,3.2853292081959315,0.1919332532870979
7844,0.1447710424060527,5,42,5,250981,354629,23719,84237,3.2849401608062543,0.19194241522469274
7845,0.1447711842135395,1,1,1,250982,354628,23720,84236,3.284930897773167,0.1919410113383645
7846,0.1447756327863888,4,41,4,251023,354587,23724,84232,3.284551113416577,0.19195157912487837
7847,0.1447822884680846,0,6,0,251029,354581,23724,84232,3.284495535218052,0.19195420372687227
7848,0.1447841115642796,6,35,6,251064,354546,23730,84226,3.2841713290599874,0.19195846590028534
7849,0.1447844949785705,8,55,8,251119,354491,23738,84218,3.283661862240172,0.19196779642086212
7850,0.1447852815746589,33,187,33,251306,354304,23771,84185,3.2819296750527993,0.19198885262800208
7851,0.1447882282932074,2,1,2,251307,354303,23773,84183,3.2819204120197116,0.19198560501361503
7852,0.1447885461123304,0,8,0,251315,354295,23773,84183,3.2818463077550115,0.19198910777735714
7853,0.1447889958023913,0,1,0,251316,354294,23773,84183,3.281837044721924,0.19198954563181192
7854,0.1447908435653302,1,10,1,251326,354284,23774,84182,3.2817444143910484,0.19199208148408314
7855,0.1447957393404117,6,32,6,251358,354252,23780,84176,3.2814479973322466,0.1919950368133422
7856,0.144796362623547,0,5,0,251363,354247,23780,84176,3.2814016821668086,0.19199722642288383
7857,0.1447990918586543,0,1,0,251364,354246,23780,84176,3.281392419133721,0.19199766435078533
7858,0.1448030333038426,1,0,1,251364,354246,23781,84175,3.281392419133721,0.19199582136804577
7859,0.1448036960666473,2,9,2,251373,354237,23783,84173,3.281309051835933,0.19199607673182637
7860,0.1448039582556674,0,4,0,251377,354233,23783,84173,3.281271999703583,0.19199782849687277
7861,0.1448044148884502,3,31,3,251408,354202,23786,84170,3.2809848456778687,0.19200587628771912
7862,0.1448056534345798,0,1,0,251409,354201,23786,84170,3.280975582644781,0.19200631428630088
7863,0.1448070909629025,1,15,1,251424,354186,23787,84169,3.280836637148468,0.1920110412793284
7864,0.1448072795561741,5,14,5,251438,354172,23792,84164,3.2807069546852423,0.19200795736603885
7865,0.1448087827806249,10,62,10,251500,354110,23802,84154,3.2801326466338137,0.19201668400781263
7866,0.1448091215572626,35,239,35,251739,353871,23837,84119,3.277918781725888,0.1920568962761707
7867,0.1448093908422034,0,4,0,251743,353867,23837,84119,3.2778817295935383,0.19205865027649285
7868,0.1448103504721801,3,18,3,251761,353849,23840,84116,3.2777149949979623,0.19206100944139373
7869,0.1448119757866061,0,1,0,251762,353848,23840,84116,3.2777057319648746,0.19206144797289276
7870,0.1448128168325757,0,1,0,251763,353847,23840,84116,3.277696468931787,0.19206188650639439
7871,0.1448130961714821,27,170,27,251933,353677,23867,84089,3.276121753306903,0.1920866398943728
7872,0.144816404806375,0,1,0,251934,353676,23867,84089,3.2761124902738152,0.19208707868376868
7873,0.1448182337098765,0,2,0,251936,353674,23867,84089,3.2760939642076403,0.19208795626857456
7874,0.1448231780224322,0,9,0,251945,353665,23867,84089,3.276010596909852,0.19209190549943575
7875,0.1448239018153054,2,12,2,251957,353653,23869,84087,3.2758994405128017,0.19209348014803307
7876,0.1448239570897888,0,1,0,251958,353652,23869,84087,3.275890177479714,0.1920939189791177
7877,0.1448249763132184,3,3,3,251961,353649,23872,84084,3.2758623883804514,0.19208969851484808
7878,0.1448265652815587,0,8,0,251969,353641,23872,84084,3.275788284115751,0.1920932092066937
7879,0.1448352021411926,2,15,2,251984,353626,23874,84082,3.2756493386194374,0.19209610059674487
7880,0.1448364661413642,4,38,4,252022,353588,23878,84078,3.2752973433621104,0.19210539543853075
7881,0.1448394107565892,0,39,0,252061,353549,23878,84078,3.2749360850716958,0.1921225152927036
7882,0.1448415630046712,23,67,23,252128,353482,23901,84055,3.2743154618548296,0.19210946731362147
7883,0.14484242909166,0,2,0,252130,353480,23901,84055,3.2742969357886547,0.19211034545807765
7884,0.1448432788844069,6,41,6,252171,353439,23907,84049,3.273917151432065,0.1921172695022492
7885,0.1448434621103021,1,4,1,252175,353435,23908,84048,3.273880099299715,0.19211717941039994
7886,0.1448441704002573,17,119,17,252294,353316,23925,84031,3.272777798362296,0.19213805056396865
7887,0.1448469767121229,8,87,8,252381,353229,23933,84023,3.2719719144836787,0.19216149954717188
7888,0.1448480607370353,1,7,1,252388,353222,23934,84022,3.271907073252066,0.19216272836219594
7889,0.1448518729412753,0,4,0,252392,353218,23934,84022,3.2718700211197156,0.19216448632330071
7890,0.1448520628902808,11,82,11,252474,353136,23945,84011,3.271110452406536,0.19218020482812417
7891,0.144852312689574,11,50,11,252524,353086,23956,84000,3.270647300752158,0.19218185894766704
7892,0.1448523891663753,3,17,3,252541,353069,23959,83997,3.27048982918967,0.19218378917600545
7893,0.1448547006605364,2,6,2,252547,353063,23961,83995,3.2704342509911446,0.1921827308961282
7894,0.1448552526546566,0,1,0,252548,353062,23961,83995,3.270424987958057,0.19218317061618964
7895,0.1448580317752427,3,30,3,252578,353032,23964,83992,3.2701470969654305,0.19219081789558468
7896,0.1448598643083086,3,30,3,252608,353002,23967,83989,3.2698692059728036,0.19219846632997017
7897,0.1448626417416126,2,4,2,252612,352998,23969,83987,3.2698321538404533,0.19219652848495944
7898,0.1448630889399289,2,8,2,252620,352990,23971,83985,3.2697580495757532,0.192196349905601
7899,0.1448662546011744,0,2,0,252622,352988,23971,83985,3.269739523509578,0.19219722957711347
7900,0.1448679452897416,0,1,0,252623,352987,23971,83985,3.2697302604764906,0.19219766941588934
7901,0.1448722442123635,0,6,0,252629,352981,23971,83985,3.269674682277965,0.1922003084908208
7902,0.1448742350667771,0,6,0,252635,352975,23971,83985,3.26961910407944,0.19220294763822776
7903,0.1448744391545221,2,10,2,252645,352965,23973,83983,3.2695264737485643,0.19220364894678543
7904,0.1448747740055683,2,23,2,252668,352942,23975,83981,3.2693134239875503,0.1922100690510685
7905,0.1448772258622816,54,472,54,253140,352470,24029,83927,3.264941272370225,0.19231800401927604
7906,0.1448773420058687,1,9,1,253149,352461,24030,83926,3.264857905072437,0.19232011952693367
7907,0.1448781450154011,31,274,31,253423,352187,24061,83895,3.262319834006447,0.19238354254475076
7908,0.144879799215669,71,457,71,253880,351730,24132,83824,3.258086627885435,0.19245374855930608
7909,0.1448798051105194,0,2,0,253882,351728,24132,83824,3.25806810181926,0.1924546322827125
7910,0.1448800338406638,9,28,9,253910,351700,24141,83815,3.2578087368928084,0.19245031744027186
7911,0.1448809254953955,6,38,6,253948,351662,24147,83809,3.257456741635481,0.19245598443983641
7912,0.1448814542014501,0,8,0,253956,351654,24147,83809,3.257382637370781,0.1924595200970002
7913,0.1448825908921428,0,2,0,253958,351652,24147,83809,3.2573641113046055,0.1924604040315895
7914,0.1448845217833995,1,4,1,253962,351648,24148,83808,3.257327059172255,0.19246031746031747
7915,0.1448858074810056,4,29,4,253991,351619,24152,83804,3.2570584312127164,0.19246571724506975
7916,0.1448866161174126,15,122,15,254113,351497,24167,83789,3.2559283411760345,0.19249183295580377
7917,0.1448882147319149,1,13,1,254126,351484,24168,83788,3.2558079217458964,0.19249572680990276
7918,0.1448893231936289,0,13,0,254139,351471,24168,83788,3.2556875023157583,0.19250147613260152
7919,0.1448918982155103,2,25,2,254164,351446,24170,83786,3.2554559264885694,0.19250882288067053
7920,0.1448934193948751,15,128,15,254292,351318,24185,83771,3.2542702582533627,0.19253761874007386
7921,0.1448938833177323,0,2,0,254294,351316,24185,83771,3.2542517321871873,0.1925385037934942
7922,0.1448954001232865,86,543,86,254837,350773,24271,83685,3.2492219052206455,0.19261930957652984
7923,0.1448983351443012,0,8,0,254845,350765,24271,83685,3.249147800955945,0.19262285648521119
7924,0.1448990203985096,2,12,2,254857,350753,24273,83683,3.2490366445588945,0.19262446021968713
7925,0.1449007016998904,10,59,10,254916,350694,24283,83673,3.2484901256067285,0.19263203696413403
7926,0.1449014085696436,2,7,2,254923,350687,24285,83671,3.2484252843751156,0.19263142384853046
7927,0.1449014882959788,19,175,19,255098,350512,24304,83652,3.2468042535847936,0.19267373619185377
7928,0.1449040425814513,24,236,24,255334,350276,24328,83628,3.244618177776131,0.1927338766178694
7929,0.1449080766537797,0,2,0,255336,350274,24328,83628,3.244599651709956,0.19273476499301687
7930,0.1449116444061906,2,10,2,255346,350264,24330,83626,3.2445070213790803,0.19273548595266082
7931,0.1449124854521602,0,1,0,255347,350263,24330,83626,3.2444977583459926,0.1927359301572522
7932,0.1449145096634745,8,49,8,255396,350214,24338,83618,3.2440438697247025,0.19274281288609416
7933,0.1449160734259595,1,10,1,255406,350204,24339,83617,3.243951239393827,0.1927453949900996
7934,0.1449166158513938,19,138,19,255544,350066,24358,83598,3.242672940827745,0.1927713621605667
7935,0.1449201420134873,0,16,0,255560,350050,24358,83598,3.2425247322983437,0.19277847470759696
7936,0.1449206226513443,9,88,9,255648,349962,24367,83589,3.241709585386639,0.19280084695918126
7937,0.1449231424029986,0,2,0,255650,349960,24367,83589,3.241691059320464,0.19280173636659292
7938,0.1449252859984545,1,3,1,255653,349957,24368,83588,3.2416632702212014,0.19280120864039488
7939,0.1449259586287953,33,161,33,255814,349796,24401,83555,3.240171921894105,0.1928113699979924
7940,0.1449280232147016,0,1,0,255815,349795,24401,83555,3.2401626588610175,0.192811814930195
7941,0.1449286098704707,1,4,1,255819,349791,24402,83554,3.2401256067286672,0.192811731991831
7942,0.144930369051503,2,14,2,255833,349777,24404,83552,3.2399959242654415,0.19281423583466603
7943,0.1449310961671897,0,1,0,255834,349776,24404,83552,3.239986661232354,0.19281468079607134
7944,0.1449325063328556,0,7,0,255841,349769,24404,83552,3.239921820000741,0.19281779558341275
7945,0.1449363115160966,0,6,0,255847,349763,24404,83552,3.2398662418022157,0.1928204654812319
7946,0.1449383294386677,1,6,1,255853,349757,24405,83551,3.2398106636036905,0.19282127262824597
7947,0.1449452980352124,110,607,110,256460,349150,24515,83441,3.234188002519545,0.19288658340094916
7948,0.1449458781889951,1,6,1,256466,349144,24516,83440,3.23413242432102,0.19288739296876445
7949,0.1449532566351168,13,112,13,256578,349032,24529,83427,3.2330949646152134,0.19291308540231558
7950,0.1449545229712612,0,1,0,256579,349031,24529,83427,3.233085701582126,0.1929135314874508
7951,0.1449557784214899,2,20,2,256599,349011,24531,83425,3.2329004409203748,0.1929187209205524
7952,0.1449567092209861,4,33,4,256632,348978,24535,83421,3.2325947608284857,0.19292597808968107
7953,0.1449587414599278,1,5,1,256637,348973,24536,83420,3.2325484456630478,0.19292634247085405
7954,0.1449598391694361,15,72,15,256709,348901,24551,83405,3.231881507280744,0.19293047054632598
7955,0.1449599033032038,0,1,0,256710,348900,24551,83405,3.2318722442476564,0.1929309168295532
7956,0.1449607202383361,5,9,5,256719,348891,24556,83400,3.2317888769498686,0.19292559872863418
7957,0.1449623940453723,0,2,0,256721,348889,24556,83400,3.2317703508836932,0.19292649130558492
7958,0.1449632964583968,26,148,26,256869,348741,24582,83374,3.230399421986735,0.19294400796084377
7959,0.1449660695267297,1,1,1,256870,348740,24583,83373,3.230390158953648,0.19294258677706988
7960,0.1449672681717642,15,160,15,257030,348580,24598,83358,3.228908073659639,0.19298603040251147
7961,0.1449683195563809,0,1,0,257031,348579,24598,83358,3.2288988106265517,0.1929864771945909
7962,0.1449688438186322,1,26,1,257057,348553,24599,83357,3.228657971766275,0.19299622606561553
7963,0.144980895964226,1,0,1,257057,348553,24600,83356,3.228657971766275,0.1929943576077368
7964,0.1449813255893119,0,1,0,257058,348552,24600,83356,3.2286487087331874,0.19299480444909564
7965,0.1449834617043577,7,29,7,257087,348523,24607,83349,3.2283800807736487,0.1929946836099585
7966,0.1449835953933491,51,354,51,257441,348169,24658,83298,3.2251009670606545,0.19305763824348096
7967,0.1449839027498728,0,1,0,257442,348168,24658,83298,3.225091704027567,0.19305808568925478
7968,0.1449849792585934,4,16,4,257458,348152,24662,83294,3.2249434954981657,0.19305776389165735
7969,0.1449854200059637,8,18,8,257476,348134,24670,83286,3.22477676090259,0.19305085531500626
7970,0.1449868199413686,2,13,2,257489,348121,24672,83284,3.2246563414724516,0.19305293169991075
7971,0.1449869759057133,5,46,5,257535,348075,24677,83279,3.224230241950424,0.19306416539547563
7972,0.1449917274711094,5,49,5,257584,348026,24682,83274,3.223776353329134,0.19307674472524924
7973,0.1449937838438446,0,4,0,257588,348022,24682,83274,3.223739301196784,0.19307853539100756
7974,0.1449937879527087,3,27,3,257615,347995,24685,83271,3.22348919930342,0.19308501017933247
7975,0.1449947699411412,4,43,4,257658,347952,24689,83267,3.223090888880655,0.19309677913078968
7976,0.1449972122959204,0,4,0,257662,347948,24689,83267,3.223053836748305,0.1930985703187505
7977,0.1449976168398936,13,52,13,257714,347896,24702,83254,3.222572159027752,0.193097529861997
7978,0.1449986699383188,2,15,2,257729,347881,24704,83252,3.222433213531439,0.19310050494858896
7979,0.1449991198212956,0,1,0,257730,347880,24704,83252,3.222423950498351,0.19310095284042939
7980,0.1450010771892281,5,20,5,257750,347860,24709,83247,3.2222386898366002,0.19310055276300314
7981,0.1450020786929335,2,19,2,257769,347841,24711,83245,3.2220626922079365,0.19310532005214737
7982,0.1450024963091394,29,220,29,257989,347621,24740,83216,3.2200248249286747,0.19314961342688766
7983,0.1450047421064111,0,3,0,257992,347618,24740,83216,3.219997035829412,0.1931509583737588
7984,0.1450049827223926,2,8,2,258000,347610,24742,83214,3.2199229315647115,0.19315079939836222
7985,0.1450067725203244,11,84,11,258084,347526,24753,83203,3.219144836785357,0.19316786192710497
7986,0.1450067903923735,0,1,0,258085,347525,24753,83203,3.2191355737522693,0.19316831039542356
7987,0.145008132920703,2,24,2,258109,347501,24755,83201,3.218913260958168,0.1931753277207907
7988,0.1450093458737119,7,100,7,258209,347401,24762,83194,3.217986957649413,0.19320707393258166
7989,0.1450116567893866,0,9,0,258218,347392,24762,83194,3.2179035903516247,0.19321111229812396
7990,0.1450125141643947,1,10,1,258228,347382,24763,83193,3.217810960020749,0.19321372583173663
7991,0.1450137075129084,0,1,0,258229,347381,24763,83193,3.2178016969876615,0.1932141745669734
7992,0.1450142956983182,0,1,0,258230,347380,24763,83193,3.2177924339545743,0.1932146233042945
7993,0.1450161914517017,3,28,3,258258,347352,24766,83190,3.2175330690281227,0.19322156723385872
7994,0.1450214918411224,4,34,4,258292,347318,24770,83186,3.2172181259031456,0.19322933120249755
7995,0.145022270908479,1,2,1,258294,347316,24771,83185,3.2171995998369707,0.19322835487025583
7996,0.1450225759342239,7,35,7,258329,347281,24778,83178,3.2168753936789063,0.1932309465012928
7997,0.1450245385448994,1,1,1,258330,347280,24779,83177,3.2168661306458186,0.19322952118330053
7998,0.1450254467417059,3,35,3,258365,347245,24782,83174,3.2165419244877542,0.19323961070491777
7999,0.145025538136008,0,2,0,258367,347243,24782,83174,3.2165233984215793,0.19324050862303302
8000,0.1450273270077419,39,276,39,258643,346967,24821,83135,3.213966801289414,0.1932913587939605
8001,0.1450279645352716,0,1,0,258644,346966,24821,83135,3.213957538256327,0.19329180820318947
8002,0.1450285670565524,0,1,0,258645,346965,24821,83135,3.213948275223239,0.19329225761450824
8003,0.145030313138719,21,184,21,258829,346781,24842,83114,3.212243877135129,0.1933355819444283
8004,0.145031552509071,0,2,0,258831,346779,24842,83114,3.212225351068954,0.19333648140351203
8005,0.1450334851086575,12,99,12,258930,346680,24854,83102,3.211308310793286,0.1933584933757114
8006,0.1450369544264113,1,10,1,258940,346670,24855,83101,3.2112156804624106,0.19336111557085053
8007,0.1450405495289261,0,11,0,258951,346659,24855,83101,3.2111137870984474,0.19336606478034252
8008,0.1450424004667712,11,79,11,259030,346580,24866,83090,3.210382007484531,0.19338096678846556
8009,0.1450434885108781,10,42,10,259072,346538,24876,83080,3.2099929600948536,0.19338109669520365
8010,0.1450435205403354,39,188,39,259260,346350,24915,83041,3.208251509874393,0.19339250240456832
8011,0.1450440563215173,1,5,1,259265,346345,24916,83040,3.2082051947089556,0.19339287585733084
8012,0.1450452062937364,0,5,0,259270,346340,24916,83040,3.2081588795435176,0.1933951278587731
8013,0.1450472802337783,1,8,1,259278,346332,24917,83039,3.208084775278817,0.19339685260532266
8014,0.1450473585641176,0,1,0,259279,346331,24917,83039,3.20807551224573,0.19339730302536273
8015,0.1450501276253792,0,3,0,259282,346328,24917,83039,3.2080477231464672,0.19339865429807135
8016,0.1450509850003873,3,1,3,259283,346327,24920,83036,3.2080384601133796,0.19339346892955378
8017,0.1450515591929691,0,1,0,259284,346326,24920,83036,3.208029197080292,0.1933939193501055
8018,0.1450523003809639,1,5,1,259289,346321,24921,83035,3.2079828819148544,0.1933942928478931
8019,0.1450542604462223,10,124,10,259413,346197,24931,83025,3.2068342658119975,0.19343137117855097
8020,0.1450558513974004,3,23,3,259436,346174,24934,83022,3.206621216050984,0.19343609912487536
8021,0.1450591345970486,1,22,1,259458,346152,24935,83021,3.2064174293230576,0.1934441355816885
8022,0.1450600739347797,3,24,3,259482,346128,24938,83018,3.2061951165289564,0.19344931561752876
8023,0.1450605630968405,0,1,0,259483,346127,24938,83018,3.2061858534958687,0.1934497663959734
8024,0.1450616131677579,1,4,1,259487,346123,24939,83017,3.2061488013635184,0.19344969007783008
8025,0.1450617255378227,5,14,5,259501,346109,24944,83012,3.2060191189002927,0.19344660363860078
8026,0.1450645684198646,2,2,2,259503,346107,24946,83010,3.2060005928341178,0.19344374611120044
8027,0.1450646108089348,9,41,9,259544,346066,24955,83001,3.2056208084775277,0.19344531273670545
8028,0.145064786363249,0,5,0,259549,346061,24955,83001,3.20557449331209,0.19344756701828641
8029,0.1450654294938535,2,12,2,259561,346049,24957,82999,3.2054633369150394,0.19344921780313626
8030,0.1450674297830659,1,12,1,259573,346037,24958,82998,3.205352180517989,0.19345274861025324
8031,0.1450687839747116,11,72,11,259645,345965,24969,82987,3.204685242135685,0.19346453682463305
8032,0.1450712627791149,21,102,21,259747,345863,24990,82966,3.2037404127607543,0.19347105722793934
8033,0.1450719851428098,2,12,2,259759,345851,24992,82964,3.203629256363704,0.1934727096766671
8034,0.145072765760517,1,0,1,259759,345851,24993,82963,3.203629256363704,0.19347082884420752
8035,0.1450735628954482,0,1,0,259760,345850,24993,82963,3.203619993330616,0.1934712800218277
8036,0.1450751755359769,18,91,18,259851,345759,25011,82945,3.202777057319649,0.19347848398895276
8037,0.1450765760023597,24,230,24,260081,345529,25035,82921,3.200646559709511,0.1935371688645116
8038,0.1450783546418723,162,982,162,261063,344547,25197,82759,3.1915502612175333,0.19367619457718824
8039,0.145080291659417,7,21,7,261084,344526,25204,82752,3.1913557375226946,0.19367250361591282
8040,0.1450811966183355,2,8,2,261092,344518,25206,82750,3.191281633257994,0.19367235552393344
8041,0.1450812312356539,11,67,11,261159,344451,25217,82739,3.190661010041128,0.19368196821086636
8042,0.1450846478781779,9,87,9,261246,344364,25226,82730,3.1898551261625108,0.19370443040642107
8043,0.1450868257438838,41,255,41,261501,344109,25267,82689,3.187493052725184,0.19374270732290216
8044,0.145093099963868,74,516,74,262017,343593,25341,82615,3.1827133276520065,0.19383728132742697
8045,0.1450941880466252,0,1,0,262018,343592,25341,82615,3.182704064618919,0.19383773612352684
8046,0.145094322233393,4,6,4,262024,343586,25345,82611,3.1826484864203937,0.19383289887071004
8047,0.1450977986599627,0,2,0,262026,343584,25345,82611,3.1826299603542183,0.1938338084679548
8048,0.1450985447707724,2,14,2,262040,343570,25347,82609,3.1825002778909925,0.19383639268945677
8049,0.145099802114669,61,373,61,262413,343197,25408,82548,3.179045166549335,0.1938907092273544
8050,0.1451010902734697,5,29,5,262442,343168,25413,82543,3.178776538589796,0.1938944495209191
8051,0.1451014321084342,1,17,1,262459,343151,25414,82542,3.1786190670273076,0.19390029904179773
8052,0.145103471014848,4,22,4,262481,343129,25418,82538,3.1784152802993813,0.19390274557341772
8053,0.1451039003298462,0,1,0,262482,343128,25418,82538,3.1784060172662936,0.19390320110133297
8054,0.14510639047247,2,14,2,262496,343114,25420,82536,3.178276334803068,0.19390579114295783
8055,0.1451066463011578,1,6,1,262502,343108,25421,82535,3.1782207566045426,0.19390663067406252
8056,0.1451102297906846,1,11,1,262513,343097,25422,82534,3.1781188632405795,0.19390974811515138
8057,0.1451160464059926,44,279,44,262792,342818,25466,82490,3.175534477009152,0.1939535583624103
8058,0.1451168254778649,60,493,60,263285,342325,25526,82430,3.1709678016969876,0.19406481383385715
8059,0.1451271735975612,24,173,24,263458,342152,25550,82406,3.169365296972841,0.19409833285440387
8060,0.1451276331548562,0,4,0,263462,342148,25550,82406,3.1693282448404907,0.19410016158133006
8061,0.1451312211286555,8,16,8,263478,342132,25558,82398,3.1691800363110896,0.19409229029750547
8062,0.1451323981730216,3,20,3,263498,342112,25561,82395,3.1689947756493386,0.19409573929287385
8063,0.1451343043346793,7,62,7,263560,342050,25568,82388,3.1684204675979104,0.1941108006351929
8064,0.1451352591069793,0,2,0,263562,342048,25568,82388,3.168401941531735,0.19411171531161353
8065,0.1451358812282018,1,9,1,263571,342039,25569,82387,3.1683185742339472,0.19411393269969324
8066,0.1451376795787458,1,1,1,263572,342038,25570,82386,3.1683093112008596,0.1941124912823026
8067,0.1451409614288002,0,1,0,263573,342037,25570,82386,3.168300048167772,0.1941129486385045
8068,0.1451416447438644,21,142,21,263715,341895,25591,82365,3.1669846974693394,0.19413802856738793
8069,0.1451428541254577,21,131,21,263846,341764,25612,82344,3.1657712401348697,0.19415809180680393
8070,0.1451445774379385,3,7,3,263853,341757,25615,82341,3.165706398903257,0.19415559611221936
8071,0.1451465535438781,11,128,11,263981,341629,25626,82330,3.16452073066805,0.19419330642821594
8072,0.1451506774666134,0,1,0,263982,341628,25626,82330,3.1645114676349624,0.19419376447666986
8073,0.1451527977270055,5,22,5,264004,341606,25631,82325,3.164307680907036,0.19419433822957038
8074,0.1451542951720531,2,15,2,264019,341591,25633,82323,3.164168735410723,0.19419740796482304
8075,0.1451549694056748,1,1,1,264020,341590,25634,82322,3.1641594723776354,0.1941959652003246
8076,0.1451552629240844,16,83,16,264103,341507,25650,82306,3.1633906406313685,0.1942035756335931
8077,0.1451555094261534,1,3,1,264106,341504,25651,82305,3.1633628515321055,0.1942030490150044
8078,0.1451561485624924,0,1,0,264107,341503,25651,82305,3.1633535884990183,0.1942035072485654
8079,0.1451568736657847,7,58,7,264165,341445,25658,82298,3.16281633257994,0.1942167776222852
8080,0.1451589510863989,2,7,2,264172,341438,25660,82296,3.162751491348327,0.1942161827939226
8081,0.1451590340570264,9,23,9,264195,341415,25669,82287,3.1625384415873135,0.19420960958409447
8082,0.145161610277087,25,212,25,264407,341203,25694,82262,3.1605746785727518,0.19425926581889885
8083,0.1451635652854376,0,1,0,264408,341202,25694,82262,3.1605654155396645,0.19425972455745943
8084,0.1451666183118423,10,116,10,264524,341086,25704,82252,3.159490903701508,0.19429392116937294
8085,0.145168529182852,0,5,0,264529,341081,25704,82252,3.1594445885360702,0.19429621598127242
8086,0.1451686345447775,2,2,2,264531,341079,25706,82250,3.1594260624698953,0.19429332741201288
8087,0.1451712660217264,1,0,1,264531,341079,25707,82249,3.1594260624698953,0.19429142414392622
8088,0.1451715603512542,0,1,0,264532,341078,25707,82249,3.1594167994368076,0.19429188310691262
8089,0.1451717604165191,8,41,8,264573,341037,25715,82241,3.159037015080218,0.19429547484159346
8090,0.1451727937989949,4,21,4,264594,341016,25719,82237,3.1588424913853794,0.19429750054931683
8091,0.1451732315150327,0,3,0,264597,341013,25719,82237,3.1588147022861164,0.194298877731837
8092,0.1451744756250711,1,1,1,264598,341012,25720,82236,3.158805439253029,0.19429743318338186
8093,0.1451758773237853,5,43,5,264641,340969,25725,82231,3.158407128830264,0.19430765595463137
8094,0.1451760776752531,0,2,0,264643,340967,25725,82231,3.1583886027640893,0.19430857423711834
8095,0.1451802922403791,3,13,3,264656,340954,25728,82228,3.1582681833339508,0.19430883166108198
8096,0.1451820715143401,0,4,0,264660,340950,25728,82228,3.1582311312016005,0.1943106683239677
8097,0.1451826380168,2,32,2,264692,340918,25730,82226,3.157934714142799,0.19432155483712402
8098,0.145183875729906,17,65,17,264757,340853,25747,82209,3.157332616992108,0.19431903598054187
8099,0.145185652916624,127,815,127,265572,340038,25874,82082,3.149783245025751,0.1944518146498626
8100,0.1451871855321844,10,64,10,265636,339974,25884,82072,3.149190410908148,0.19446221501921593
8101,0.1451887139243376,1,6,1,265642,339968,25885,82071,3.1491348327096222,0.19446307094841947
8102,0.1451912685629981,2,24,2,265666,339944,25887,82069,3.148912519915521,0.19447031252591745
8103,0.1451913822572968,5,56,5,265722,339888,25892,82064,3.148393790062618,0.19448657667222813
8104,0.1451930405945419,12,67,12,265789,339821,25904,82052,3.147773166845752,0.19449455167787463
8105,0.1451940936929671,12,84,12,265873,339737,25916,82040,3.1469950720663973,0.19451036922354703
8106,0.1451941574669776,1,6,1,265879,339731,25917,82039,3.146939493867872,0.19451122649785427
8107,0.1451961349600112,8,100,8,265979,339631,25925,82031,3.146013190559117,0.1945420739834275
8108,0.1451974219223916,1,6,1,265985,339625,25926,82030,3.1459576123605912,0.19454293201788192
8109,0.1451979205995139,0,1,0,265986,339624,25926,82030,3.145948349327504,0.19454339339837876
8110,0.1451990504525688,0,3,0,265989,339621,25926,82030,3.145920560228241,0.19454477755299998
8111,0.1452006615917744,1,5,1,265994,339616,25927,82029,3.1458742450628034,0.19454517425796583
8112,0.1452018464492175,20,115,20,266109,339501,25947,82009,3.144808996257735,0.19456003416289055
8113,0.1452022883194046,8,36,8,266145,339465,25955,82001,3.1444755270665827,0.19456136438051944
8114,0.1452032965410828,7,25,7,266170,339440,25962,81994,3.144243951239394,0.19455952770777868
8115,0.1452061226604025,8,33,8,266203,339407,25970,81986,3.1439382711475043,0.1945594729860249
8116,0.1452070000188447,0,6,0,266209,339401,25970,81986,3.143882692948979,0.1945622432585723
8117,0.1452081874560713,0,5,0,266214,339396,25970,81986,3.1438363777835416,0.19456455187929242
8118,0.1452082135446135,8,52,8,266266,339344,25978,81978,3.1433547000629884,0.1945732717493983
8119,0.1452105911854017,10,27,10,266293,339317,25988,81968,3.1431045981696246,0.1945666235446313
8120,0.1452118664158578,9,36,9,266329,339281,25997,81959,3.1427711289784726,0.19456604311081568
8121,0.1452127237908659,1,9,1,266338,339272,25998,81958,3.1426877616806848,0.19456828810863425
8122,0.1452145052703919,20,83,20,266421,339189,26018,81938,3.141918929934418,0.19456838435911258
8123,0.1452170733188645,0,2,0,266423,339187,26018,81938,3.1419004038682425,0.19456930840011874
8124,0.1452208741558587,0,2,0,266425,339185,26018,81938,3.1418818778020676,0.19457023244990182
8125,0.145222301887319,0,8,0,266433,339177,26018,81938,3.141807773537367,0.19457392873680587
8126,0.1452230922479978,2,13,2,266446,339164,26020,81936,3.141687354107229,0.1945761101876039
8127,0.1452256563681771,9,34,9,266480,339130,26029,81927,3.141372410982252,0.19457460628845977
8128,0.1452264109267248,0,3,0,266483,339127,26029,81927,3.1413446218829892,0.19457599262802397
8129,0.14522667714782,54,332,54,266815,338795,26083,81873,3.1382692948979214,0.1946261660026434
8130,0.145228048760886,0,11,0,266826,338784,26083,81873,3.1381674015339582,0.19463125539334897
8131,0.1452283800470085,1,6,1,266832,338778,26084,81872,3.138111823335433,0.19463211696184476
8132,0.1452289088633058,35,253,35,267085,338525,26119,81837,3.1357682759642818,0.1946822024826221
8133,0.1452305227651901,66,465,66,267550,338060,26185,81771,3.1314609655785692,0.1947712293756297
8134,0.1452346057960038,6,41,6,267591,338019,26191,81765,3.131081181221979,0.19477874335372478
8135,0.145236517149005,1,0,1,267591,338019,26192,81764,3.131081181221979,0.19477682516919456
8136,0.1452381089706801,0,1,0,267592,338018,26192,81764,3.131071918188892,0.19477728916437578
8137,0.1452406300483848,2,16,2,267608,338002,26194,81762,3.130923709659491,0.19478087687367188
8138,0.1452407591553973,1,9,1,267617,337993,26195,81761,3.130840342361703,0.19478313488376525
8139,0.145243317828639,45,328,45,267945,337665,26240,81716,3.127802067508985,0.19484907518461733
8140,0.1452451956830966,0,4,0,267949,337661,26240,81716,3.1277650153766348,0.1948509336468142
8141,0.1452454063557404,15,138,15,268087,337523,26255,81701,3.1264867168105526,0.19488626605347023
8142,0.1452455940524685,6,46,6,268133,337477,26261,81695,3.126060617288525,0.19489612855820523
8143,0.1452464589788963,3,14,3,268147,337463,26264,81692,3.1259309348252993,0.19489687585737972
8144,0.1452481215642925,0,2,0,268149,337461,26264,81692,3.125912408759124,0.19489780581315175
8145,0.1452503372518504,1,16,1,268165,337445,26265,81691,3.1257642002297232,0.1949033249351046
8146,0.1452506141996542,0,3,0,268168,337442,26265,81691,3.1257364111304606,0.1949047199814856
8147,0.1452511946268585,4,7,4,268175,337435,26269,81687,3.1256715698988478,0.19490029156188413
8148,0.1452531904197148,16,56,16,268231,337379,26285,81671,3.1251528400459447,0.1948955971841069
8149,0.1452557174535615,0,2,0,268233,337377,26285,81671,3.1251343139797694,0.1948965273667933
8150,0.1452560610238716,4,71,4,268304,337306,26289,81667,3.1244766386305534,0.1949218684736248
8151,0.1452574484157388,0,5,0,268309,337301,26289,81667,3.1244303234651154,0.1949241946878998
8152,0.1452594160011913,16,114,16,268423,337187,26305,81651,3.1233743376931344,0.19494649482616191
8153,0.1452607727233116,0,2,0,268425,337185,26305,81651,3.123355811626959,0.19494742572271725
8154,0.1452608699184552,1,19,1,268444,337166,26306,81650,3.123179813998296,0.19495434749388754
8155,0.1452617721767544,0,13,0,268457,337153,26306,81650,3.1230593945681573,0.1949603990420317
8156,0.1452631001819392,7,25,7,268482,337128,26313,81643,3.1228278187409684,0.19495858118160045
8157,0.1452635399239266,0,1,0,268483,337127,26313,81643,3.122818555707881,0.19495904673209638
8158,0.1452648158360819,5,16,5,268499,337111,26318,81638,3.12267034717848,0.19495688347912474
8159,0.1452656391203247,4,37,4,268536,337074,26322,81634,3.1223276149542407,0.19496642051262456
8160,0.1452666865337633,19,167,19,268703,336907,26341,81615,3.120780688428619,0.19500766984770215
8161,0.1452669772274653,0,1,0,268704,336906,26341,81615,3.1207714253955317,0.1950081357924692
8162,0.1452681276830393,0,2,0,268706,336904,26341,81615,3.1207528993293563,0.1950090676886832
8163,0.1452685238099405,0,7,0,268713,336897,26341,81615,3.1206880580977434,0.1950123293955729
8164,0.1452689936011828,32,226,32,268939,336671,26373,81583,3.1185946126199564,0.1950561142272399
8165,0.1452702252251738,0,4,0,268943,336667,26373,81583,3.118557560487606,0.19505797967722655
8166,0.1452702989615,0,2,0,268945,336665,26373,81583,3.1185390344214308,0.1950589124156003
8167,0.1452717172800142,5,12,5,268957,336653,26378,81578,3.1184278780243804,0.19505488593624098
8168,0.1452757462948376,0,9,0,268966,336644,26378,81578,3.118344510726592,0.19505908345328557
8169,0.1452805012858882,4,9,4,268975,336635,26382,81574,3.1182611434288043,0.19505558225671854
8170,0.145281307439688,1,15,1,268990,336620,26383,81573,3.118122197932491,0.1950606538129524
8171,0.1452822093351046,0,1,0,268991,336619,26383,81573,3.1181129348994037,0.19506112025098518
8172,0.1452836665190892,1,0,1,268991,336619,26384,81572,3.1181129348994037,0.19505919543940448
8173,0.1452866276223326,9,17,9,269008,336602,26393,81563,3.117955463336915,0.1950498009159064
8174,0.1452885329161023,1,4,1,269012,336598,26394,81562,3.117918411204565,0.19504974172565526
8175,0.1452887105981442,0,3,0,269015,336595,26394,81562,3.117890622105302,0.1950511410785901
8176,0.1452906156492643,0,13,0,269028,336582,26394,81562,3.117770202675164,0.1950572051733374
8177,0.1452930719902288,12,65,12,269093,336517,26406,81550,3.117168105524473,0.19506442747215158
8178,0.1452945318598642,4,20,4,269113,336497,26410,81546,3.1169828448627217,0.19506605779788203
8179,0.1452946505060464,0,1,0,269114,336496,26410,81546,3.1169735818296345,0.19506652441620698
8180,0.1452949339716533,0,1,0,269115,336495,26410,81546,3.116964318796547,0.19506699103676434
8181,0.1452957951258445,12,110,12,269225,336385,26422,81534,3.1159453851569157,0.19509522180135386
8182,0.1452967381872192,5,40,5,269265,336345,26427,81529,3.1155748638334138,0.19510426587918847
8183,0.145298370523935,4,39,4,269304,336306,26431,81525,3.115213605542999,0.19511477128312643
8184,0.1452997459271245,1,22,1,269326,336284,26432,81524,3.1150098188150728,0.19512311875311147
8185,0.1453020700558061,0,3,0,269329,336281,26432,81524,3.11498202971581,0.19512451981187395
8186,0.1453028211549261,1,7,1,269336,336274,26433,81523,3.1149171884841973,0.1951258625600471
8187,0.1453041099563173,3,29,3,269365,336245,26436,81520,3.114648560524658,0.19513362775723195
8188,0.1453056105716137,0,4,0,269369,336241,26436,81520,3.114611508392308,0.19513549613295642
8189,0.1453071133474676,3,41,3,269410,336200,26439,81517,3.1142317240357182,0.19514886873170112
8190,0.1453078560756558,3,32,3,269442,336168,26442,81514,3.1139353069769165,0.19515803889083083
8191,0.1453101470509924,4,19,4,269461,336149,26446,81510,3.113759309348253,0.19515920882825463
8192,0.1453112860128829,0,5,0,269466,336144,26446,81510,3.113712994182815,0.19516154520248818
8193,0.1453127204043798,2,24,2,269490,336120,26448,81508,3.113490681388714,0.19516890629938605
8194,0.1453162107254967,0,1,0,269491,336119,26448,81508,3.1134814183556263,0.19516937362766296
8195,0.145321889747134,0,3,0,269494,336116,26448,81508,3.1134536292563637,0.1951707756259219
8196,0.1453231767686732,2,9,2,269503,336107,26450,81506,3.113370261958576,0.19517112733559538
8197,0.1453236049510736,2,22,2,269525,336085,26452,81504,3.1131664752306496,0.19517755496433095
8198,0.1453254874162514,43,319,43,269844,335766,26495,81461,3.11021156767572,0.1952438360892272
8199,0.1453260795463093,4,9,4,269853,335757,26499,81457,3.1101282003779316,0.1952403322994914
8200,0.1453270037520949,4,0,4,269853,335757,26503,81453,3.1101282003779316,0.1952326166678651
8201,0.1453274672575567,0,2,0,269855,335755,26503,81453,3.1101096743117567,0.195233552568503
8202,0.1453307021262811,37,273,37,270128,335482,26540,81416,3.1075808662788544,0.19528997500587675
8203,0.1453307119917118,9,86,9,270214,335396,26549,81407,3.1067842454333245,0.19531289362120713
8204,0.1453319115078744,36,243,36,270457,335153,26585,81371,3.104533328393049,0.19535729033621113
8205,0.1453326110823908,0,5,0,270462,335148,26585,81371,3.1044870132276112,0.19535963545480517
8206,0.1453345158576766,9,39,9,270501,335109,26594,81362,3.1041257549371966,0.19536054131019928
8207,0.1453380391215241,0,9,0,270510,335100,26594,81362,3.1040423876394088,0.19536476317166993
8208,0.145338666033638,2,21,2,270531,335079,26596,81360,3.10384786394457,0.19537075057811587
8209,0.1453418753269741,0,3,0,270534,335076,26596,81360,3.1038200748453075,0.19537215802668356
8210,0.1453419772985265,56,406,56,270940,334670,26652,81304,3.10005928341176,0.19545452360003268
8211,0.1453433199200847,3,8,3,270948,334662,26655,81301,3.09998517914706,0.19545248014847474
8212,0.1453442554822059,2,3,2,270951,334659,26657,81299,3.0999573900477975,0.19545002139639098
8213,0.1453496754263696,1,7,1,270958,334652,26658,81298,3.0998925488161846,0.19545137636735185
8214,0.1453497568488755,1,6,1,270964,334646,26659,81297,3.099836970617659,0.19545226148775194
8215,0.145349815154455,1,14,1,270978,334632,26660,81296,3.099707288154433,0.19545690600296206
8216,0.1453503639497304,6,11,6,270989,334621,26666,81290,3.09960539479047,0.19545046897052495
8217,0.1453509714279932,0,2,0,270991,334619,26666,81290,3.099586868724295,0.195451408841838
8218,0.1453530073534766,7,58,7,271049,334561,26673,81283,3.0990496128052167,0.19546512634545646
8219,0.145354680324567,0,7,0,271056,334554,26673,81283,3.098984771573604,0.19546841671135565
8220,0.1453547202782333,1,8,1,271064,334546,26674,81282,3.0989106673089037,0.19547024250411227
8221,0.1453562238058628,8,96,8,271160,334450,26682,81274,3.0980214161324984,0.19549989897143297
8222,0.1453563959787097,0,5,0,271165,334445,26682,81274,3.097975100967061,0.19550225031812354
8223,0.145358083474604,8,32,8,271197,334413,26690,81266,3.097678683908259,0.1955018175082215
8224,0.1453599728142706,0,2,0,271199,334411,26690,81266,3.0976601578420837,0.19550275815116064
8225,0.1453618791041278,0,1,0,271200,334410,26690,81266,3.0976508948089965,0.1955032284760246
8226,0.1453626657002162,2,22,2,271222,334388,26692,81264,3.09744710808107,0.1955097052341863
8227,0.1453641872585196,0,5,0,271227,334383,26692,81264,3.097400792915632,0.19551205710615016
8228,0.1453655006771641,1,4,1,271231,334379,26693,81263,3.097363740783282,0.19551200311806796
8229,0.1453671841711674,4,72,4,271303,334307,26697,81259,3.096696802400978,0.1955381335335422
8230,0.1453685799108747,1,3,1,271306,334304,26698,81258,3.0966690133017156,0.19553760930980216
8231,0.1453698938447583,1,20,1,271326,334284,26699,81257,3.0964837526399642,0.19554508460055686
8232,0.1453704376539728,0,1,0,271327,334283,26699,81257,3.096474489606877,0.19554555518121
8233,0.1453715490618284,1,2,1,271329,334281,26700,81256,3.0964559635407016,0.19554456041218954
8234,0.1453718276004826,0,2,0,271331,334279,26700,81256,3.0964374374745267,0.19554550158229753
8235,0.1453720770683149,0,1,0,271332,334278,26700,81256,3.096428174441439,0.19554597217074896
8236,0.1453728875823158,0,1,0,271333,334277,26700,81256,3.0964189114083513,0.1955464427614654
8237,0.1453756853995692,0,2,0,271335,334275,26700,81256,3.0964003853421764,0.1955473839496933
8238,0.1453791210179715,1,9,1,271344,334266,26701,81255,3.0963170180443886,0.19554968340950277
8239,0.1453817907560773,1,5,1,271349,334261,26702,81254,3.0962707028789507,0.19555010047772042
8240,0.145383087682487,0,3,0,271352,334258,26702,81254,3.096242913779688,0.19555151235102716
8241,0.145383884327465,0,3,0,271355,334255,26702,81254,3.0962151246804255,0.19555292424472154
8242,0.1453843472040645,0,1,0,271356,334254,26702,81254,3.096205861647338,0.19555339488048365
8243,0.1453850030567021,53,460,53,271816,333794,26755,81201,3.091944866427063,0.1956674176797311
8244,0.1453870277430278,6,27,6,271843,333767,26761,81195,3.091694764533699,0.1956685190451174
8245,0.1453883792177287,0,6,0,271849,333761,26761,81195,3.0916391863351738,0.19567134828752927
8246,0.1453914781894693,5,21,5,271870,333740,26766,81190,3.091444662640335,0.1956715590581544
8247,0.1453921126658407,2,14,2,271884,333726,26768,81188,3.0913149801771094,0.19567428430951955
8248,0.1453939088702227,0,1,0,271885,333725,26768,81188,3.0913057171440217,0.19567475591268532
8249,0.1453963445864823,37,266,37,272151,333459,26805,81151,3.0888417503427323,0.19572851595475266
8250,0.1454060149400501,16,88,16,272239,333371,26821,81135,3.0880266034310275,0.19573902428432882
8251,0.1454105479043075,0,1,0,272240,333370,26821,81135,3.08801734039794,0.1957394965078829
8252,0.1454107252381395,25,261,25,272501,333109,26846,81110,3.0855996887620885,0.1958142914738339
8253,0.1454114235294859,0,1,0,272502,333108,26846,81110,3.0855904257290008,0.19581476420628752
8254,0.1454120018471645,10,118,10,272620,332990,26856,81100,3.084497387824669,0.19585114347122606
8255,0.1454138222339549,0,2,0,272622,332988,26856,81100,3.084478861758494,0.19585208941094648
8256,0.1454154143013206,6,11,6,272633,332977,26862,81094,3.084376968394531,0.1958456399989374
8257,0.1454170675588793,9,78,9,272711,332899,26871,81085,3.0836544518137017,0.19586505758676664
8258,0.1454244738626342,2,20,2,272731,332879,26873,81083,3.0834691911519507,0.19587063546895608
8259,0.1454248005316697,0,1,0,272732,332878,26873,81083,3.083459928118863,0.1958711086310063
8260,0.1454273279556904,3,38,3,272770,332840,26876,81080,3.083107932861536,0.19588326246617704
8261,0.145433898846196,8,39,8,272809,332801,26884,81072,3.0827466745711214,0.1958861776438666
8262,0.145434815422475,21,126,21,272935,332675,26905,81051,3.0815795324020896,0.19590501926395731
8263,0.1454350134950807,2,17,2,272952,332658,26907,81049,3.0814220608396012,0.19590918210230912
8264,0.1454354580637243,2,17,2,272969,332641,26909,81047,3.081264589277113,0.19591334532304538
8265,0.1454355314461714,1,3,1,272972,332638,26910,81046,3.0812368001778503,0.1959128223474923
8266,0.1454368237381257,1,4,1,272976,332634,26911,81045,3.0811997480455,0.19591277294714018
8267,0.1454396937090352,1,11,1,272987,332623,26912,81044,3.081097854681537,0.19591603874614122
8268,0.1454408301103888,45,273,45,273260,332350,26957,80999,3.0785690466486346,0.19595789514429696
8269,0.1454422670624227,3,4,3,273264,332346,26960,80996,3.0785319945162843,0.19595395580415248
8270,0.1454435453189408,0,2,0,273266,332344,26960,80996,3.0785134684501094,0.19595490395316204
8271,0.1454438725953922,1,7,1,273273,332337,26961,80995,3.0784486272184965,0.1959562772783138
8272,0.145445473539704,2,6,2,273279,332331,26963,80993,3.078393049019971,0.1959552312471572
8273,0.1454461724525906,8,23,8,273302,332308,26971,80985,3.0781799992589574,0.1959505725961969
8274,0.1454492467446742,1,1,1,273303,332307,26972,80984,3.0781707362258697,0.1959491012385946
8275,0.1454496969746955,1,2,1,273305,332305,26973,80983,3.0781522101596948,0.19594810398559842
8276,0.145452723426716,0,1,0,273306,332304,26973,80983,3.078142947126607,0.19594857810673938
8277,0.1454536758174424,4,8,4,273314,332296,26977,80979,3.0780688428619065,0.19594458895408626
8278,0.1454538851373132,1,9,1,273323,332287,26978,80978,3.0779854755641187,0.19594691057795846
8279,0.145454245842844,0,4,0,273327,332283,26978,80978,3.0779484234317684,0.19594880717028706
8280,0.1454543888978178,1,6,1,273333,332277,26979,80977,3.0778928452332432,0.1959497064759204
8281,0.1454548397558397,61,457,61,273790,331820,27040,80916,3.073659639112231,0.19604783687393396
8282,0.1454564351765941,0,2,0,273792,331818,27040,80916,3.073641113046056,0.19604878686999375
8283,0.1454579931432859,3,11,3,273803,331807,27043,80913,3.0735392196820928,0.1960481682496608
8284,0.1454596414338551,3,2,3,273805,331805,27046,80910,3.0735206936159174,0.19604327441454758
8285,0.1454602481964527,2,20,2,273825,331785,27048,80908,3.0733354329541664,0.19604887894875853
8286,0.1454656489798221,0,3,0,273828,331782,27048,80908,3.073307643854904,0.19605030410235286
8287,0.1454659735916274,1,0,1,273828,331782,27049,80907,3.073307643854904,0.1960483560259663
8288,0.1454675827355464,1,2,1,273830,331780,27050,80906,3.073289117788729,0.19604735803976872
8289,0.1454682126916808,0,4,0,273834,331776,27050,80906,3.0732520656563787,0.19604925826665567
8290,0.1454701062735574,0,7,0,273841,331769,27050,80906,3.0731872244247658,0.1960525837523475
8291,0.1454713372482743,19,120,19,273961,331649,27069,80887,3.072075660454259,0.19607258518044485
8292,0.1454719269064854,1,2,1,273963,331647,27070,80886,3.0720571343880843,0.1960715870003127
8293,0.1454821293726455,20,163,20,274126,331484,27090,80866,3.0705472599948127,0.19611010064265794
8294,0.1454827563020715,2,13,2,274139,331471,27092,80864,3.0704268405646746,0.19611238434767847
8295,0.145484293659912,1,0,1,274139,331471,27093,80863,3.0704268405646746,0.19611043474464876
8296,0.1454859777624107,2,7,2,274146,331464,27095,80861,3.0703619993330618,0.1961098647911235
8297,0.1454861701067779,0,8,0,274154,331456,27095,80861,3.070287895068361,0.19611366982200587
8298,0.1454865920253027,1,8,1,274162,331448,27096,80860,3.0702137908036606,0.19611552528692142
8299,0.1454874279063517,0,5,0,274167,331443,27096,80860,3.070167475638223,0.19611790358061912
8300,0.1454887671790983,4,22,4,274189,331421,27100,80856,3.069963688910297,0.19612056942298503
8301,0.1454900920475784,2,3,2,274192,331418,27102,80854,3.069935899811034,0.19611809679046843
8302,0.1454912537063229,0,2,0,274194,331416,27102,80854,3.069917373744859,0.19611904819657022
8303,0.145493303658477,0,3,0,274197,331413,27102,80854,3.0698895846455962,0.19612047532303095
8304,0.1454938597579244,0,3,0,274200,331410,27102,80854,3.0698617955463336,0.19612190247026176
8305,0.1454941089445348,60,414,60,274614,330996,27162,80794,3.066026899848086,0.19620194759464776
8306,0.1454950473352069,0,1,0,274615,330995,27162,80794,3.0660176368149985,0.19620242405698063
8307,0.1454958770118644,0,3,0,274618,330992,27162,80794,3.065989847715736,0.19620385345786404
8308,0.1454997724095998,5,11,5,274629,330981,27167,80789,3.0658879543517727,0.19619933457998398
8309,0.1455052035427223,1,4,1,274633,330977,27168,80788,3.065850902219423,0.1961992884290797
8310,0.1455055981202866,0,2,0,274635,330975,27168,80788,3.0658323761532476,0.1962002414010001
8311,0.1455066994943533,1,3,1,274638,330972,27169,80787,3.065804587053985,0.1961997187675315
8312,0.1455086594343021,7,51,7,274689,330921,27176,80780,3.06533217236652,0.19621035654516264
8313,0.1455114956393541,3,53,3,274742,330868,27179,80777,3.0648412316128795,0.19622976108054271
8314,0.1455134309855078,1,0,1,274742,330868,27180,80776,3.0648412316128795,0.19622780849471874
8315,0.145516054005262,0,2,0,274744,330866,27180,80776,3.064822705546704,0.19622876188532754
8316,0.1455170791895017,3,7,3,274751,330859,27183,80773,3.0647578643150912,0.19622624091421464
8317,0.1455206021400914,0,2,0,274753,330857,27183,80773,3.0647393382489163,0.1962271943250006
8318,0.1455221662543088,0,2,0,274755,330855,27183,80773,3.064720812182741,0.19622814774505135
8319,0.1455242859867991,0,1,0,274756,330854,27183,80773,3.0647115491496537,0.19622862445855108
8320,0.1455255491300295,8,58,8,274814,330796,27191,80765,3.0641742932305753,0.19624065448378247
8321,0.1455258224671992,1,3,1,274817,330793,27192,80764,3.0641465041313127,0.1962401319865778
8322,0.145526899273995,1,2,1,274819,330791,27193,80763,3.064127978065138,0.19623913265330917
8323,0.1455280348370391,3,18,3,274837,330773,27196,80760,3.063961243469562,0.19624185666763055
8324,0.1455354120594598,0,2,0,274839,330771,27196,80760,3.0639427174033864,0.1962428103836649
8325,0.14553545273802,0,2,0,274841,330769,27196,80760,3.0639241913372115,0.19624376410896924
8326,0.1455363529402143,0,1,0,274842,330768,27196,80760,3.063914928304124,0.19624424097509768
8327,0.1455364923577102,5,50,5,274892,330718,27201,80755,3.063451776649746,0.19625832071606156
8328,0.1455378988896071,0,4,0,274896,330714,27201,80755,3.063414724517396,0.19626022859559286
8329,0.1455435308913208,0,4,0,274900,330710,27201,80755,3.063377672385046,0.19626213651221855
8330,0.1455437522127787,1,3,1,274903,330707,27202,80754,3.0633498832857833,0.19626161410194404
8331,0.1455444057524277,0,8,0,274911,330699,27202,80754,3.0632757790210827,0.19626543007342273
8332,0.1455480136222596,3,43,3,274954,330656,27205,80751,3.0628774685983178,0.19628008274044925
8333,0.1455481289731452,1,4,1,274958,330652,27206,80750,3.0628404164659675,0.1962800375302016
8334,0.1455499664753467,4,25,4,274983,330627,27210,80746,3.0626088406387786,0.1962841508801015
8335,0.145552511978044,0,16,0,274999,330611,27210,80746,3.062460632109378,0.19629178548073814
8336,0.145555396568919,3,9,3,275008,330602,27213,80743,3.06237726481159,0.19629021867289015
8337,0.1455563972932943,11,121,11,275129,330481,27224,80732,3.061256437807996,0.19632647800531597
8338,0.1455564583011508,0,1,0,275130,330480,27224,80732,3.061247174774908,0.1963269554390436
8339,0.1455575995901564,0,2,0,275132,330478,27224,80732,3.0612286487087332,0.19632791031346514
8340,0.14555849078069,1,0,1,275132,330478,27225,80731,3.0612286487087332,0.19632595590077065
8341,0.1455609795189064,0,1,0,275133,330477,27225,80731,3.0612193856756456,0.1963264333378728
8342,0.1455622776254561,4,41,4,275174,330436,27229,80727,3.060839601319056,0.19633819190929144
8343,0.1455653175994067,3,7,3,275181,330429,27232,80724,3.060774760087443,0.196335670662746
8344,0.1455658614086212,0,1,0,275182,330428,27232,80724,3.0607654970543554,0.1963361481885045
8345,0.1455660081675392,0,1,0,275183,330427,27232,80724,3.0607562340212677,0.1963366257165859
8346,0.145567251355131,0,2,0,275185,330425,27232,80724,3.060737707955093,0.19633758077971733
8347,0.1455699407837884,6,4,6,275189,330421,27238,80718,3.0607006558227425,0.19632776263015672
8348,0.1455716397909086,0,1,0,275190,330420,27238,80718,3.060691392789655,0.19632824015294134
8349,0.1455763697255997,0,1,0,275191,330419,27238,80718,3.0606821297565676,0.19632871767804894
8350,0.1455777502494057,1,3,1,275194,330416,27239,80717,3.060654340657305,0.1963281954987802
8351,0.1455785114371353,0,2,0,275196,330414,27239,80717,3.0606358145911297,0.19632915056271602
8352,0.1455791153019076,3,64,3,275260,330350,27242,80714,3.060042980473526,0.19635385244146897
8353,0.1455792436327383,0,3,0,275263,330347,27242,80714,3.0600151913742635,0.19635528546858008
8354,0.1455812361226128,2,12,2,275275,330335,27244,80712,3.059904034977213,0.19635710758137148
8355,0.1455829687308706,3,1,3,275276,330334,27247,80709,3.0598947719441254,0.19635171989305256
8356,0.1455855014001003,0,1,0,275277,330333,27247,80709,3.0598855089110377,0.19635219758564817
8357,0.1455883510017986,3,3,3,275280,330330,27250,80706,3.059857719811775,0.19634776515925612
8358,0.1455897948544955,0,6,0,275286,330324,27250,80706,3.05980214161325,0.19635063134077804
8359,0.1455899338066882,2,24,2,275310,330300,27252,80704,3.0595798288191487,0.19635818629502388
8360,0.1455904264845309,2,1,2,275311,330299,27254,80702,3.059570565786061,0.1963547533947606
8361,0.1455910766417909,0,4,0,275315,330295,27254,80702,3.0595335136537107,0.19635666440387642
8362,0.14559436536526,1,4,1,275319,330291,27255,80701,3.0594964615213605,0.19635662008019622
8363,0.1455958121935301,2,1,2,275320,330290,27257,80699,3.059487198488273,0.19635318706826704
8364,0.1455958641609525,0,4,0,275324,330286,27257,80699,3.059450146355923,0.19635509811793617
8365,0.1455963903173616,4,21,4,275345,330265,27261,80695,3.0592556226610843,0.19635730971384077
8366,0.1455969788414395,2,25,2,275370,330240,27263,80693,3.0590240468338954,0.19636534422886456
8367,0.1455971019323248,0,2,0,275372,330238,27263,80693,3.05900552076772,0.1963662999384325
8368,0.1455997826205562,114,1068,114,276440,329170,27377,80579,3.0491126014302123,0.19665453728990187
8369,0.1456014934212769,1,8,1,276448,329162,27378,80578,3.049038497165512,0.19665641626397226
8370,0.145602568855741,1,0,1,276448,329162,27379,80577,3.049038497165512,0.19665445564127407
8371,0.1456042955016588,11,120,11,276568,329042,27390,80566,3.047926933195005,0.1966904943262827
8372,0.1456103156658547,50,404,50,276972,328638,27440,80516,3.0441846678276336,0.19678654003138182
8373,0.1456115815366921,0,1,0,276973,328637,27440,80516,3.044175404794546,0.1967870209921472
8374,0.145612235076341,0,2,0,276975,328635,27440,80516,3.0441568787283706,0.19678798292073096
8375,0.1456136914054329,1,23,1,276998,328612,27441,80515,3.043943828967357,0.1967970825684934
8376,0.1456156239277918,0,2,0,277000,328610,27441,80515,3.043925302901182,0.19679804460739383
8377,0.1456183138371411,0,4,0,277004,328606,27441,80515,3.043888250768832,0.1967999687134124
8378,0.1456197069586054,0,1,0,277005,328605,27441,80515,3.043878987735744,0.19680044974579586
8379,0.14562262259619,0,2,0,277007,328603,27441,80515,3.0438604616695693,0.1968014118176174
8380,0.1456228503165198,0,1,0,277008,328602,27441,80515,3.0438511986364816,0.19680189285705557
8381,0.1456231994625904,1,14,1,277022,328588,27442,80514,3.043721516173256,0.19680666435265534
8382,0.1456232095039289,0,2,0,277024,328586,27442,80514,3.0437029901070805,0.19680762649718894
8383,0.1456254124953755,0,5,0,277029,328581,27442,80514,3.043656674941643,0.196810031899681
8384,0.1456254289140697,0,1,0,277030,328580,27442,80514,3.0436474119085553,0.1968105129872352
8385,0.1456263201046033,0,1,0,277031,328579,27442,80514,3.0436381488754676,0.1968109940771414
8386,0.1456321367199114,0,9,0,277040,328570,27442,80514,3.04355478157768,0.19681532399213852
8387,0.1456340597213743,9,31,9,277071,328539,27451,80505,3.0432676275519657,0.19681256784111245
8388,0.1456348082038025,0,11,0,277082,328528,27451,80505,3.0431657341880025,0.19681786066160922
8389,0.1456352298350073,0,2,0,277084,328526,27451,80505,3.0431472081218276,0.19681882302319384
8390,0.1456376871487469,9,124,9,277208,328402,27460,80496,3.0419985920189707,0.19686083081844372
8391,0.1456396541067606,0,2,0,277210,328400,27460,80496,3.041980065952796,0.19686179370793552
8392,0.1456401608874915,1,8,1,277218,328392,27461,80495,3.0419059616880952,0.1968636811637445
8393,0.1456408972943523,1,12,1,277230,328380,27462,80494,3.0417948052910444,0.196867494631598
8394,0.1456421864140825,4,31,4,277261,328349,27466,80490,3.0415076512653303,0.1968745643150482
8395,0.1456427331998591,9,70,9,277331,328279,27475,80481,3.0408592389492015,0.19689059594872296
8396,0.1456437909326625,1,23,1,277354,328256,27476,80480,3.040646189188188,0.19689971032646988
8397,0.1456443495218727,3,7,3,277361,328249,27479,80477,3.040581347956575,0.19689718784711518
8398,0.145647399042188,0,2,0,277363,328247,27479,80477,3.0405628218903997,0.19689815131971697
8399,0.1456476076413351,1,4,1,277367,328243,27480,80476,3.0405257697580494,0.196898113373736
8400,0.1456490471147736,1,3,1,277370,328240,27481,80475,3.040497980658787,0.19689759367774612
8401,0.145649536782146,14,147,14,277517,328093,27495,80461,3.0391363147949164,0.19694091845875944
8402,0.1456510359461598,0,12,0,277529,328081,27495,80461,3.0390251583978656,0.19694670315414328
8403,0.1456525596615342,0,1,0,277530,328080,27495,80461,3.0390158953647783,0.19694718522743127
8404,0.1456534168979343,0,1,0,277531,328079,27495,80461,3.0390066323316907,0.19694766730307925
8405,0.1456540947637844,1,4,1,277535,328075,27496,80460,3.0389695801993404,0.19694762994602666
8406,0.1456550651885035,2,17,2,277552,328058,27498,80458,3.038812108636852,0.19695189417305564
8407,0.1456550957880723,0,7,0,277559,328051,27498,80458,3.038747267405239,0.1969552690393602
8408,0.1456566146700919,3,13,3,277572,328038,27501,80455,3.038626847975101,0.19695563938672145
8409,0.1456572682097409,1,2,1,277574,328036,27502,80454,3.0386083219089257,0.19695463781243114
8410,0.1456655300282057,2,2,2,277576,328034,27504,80452,3.038589795842751,0.19695167031428248
8411,0.1456662188275829,0,5,0,277581,328029,27504,80452,3.038543480677313,0.19695408109557117
8412,0.1456667610029226,45,404,45,277985,327625,27549,80407,3.0348012153099413,0.19706052466473217
8413,0.1456756494077195,7,29,7,278014,327596,27556,80400,3.034532587350402,0.1970607554976029
8414,0.1456781800567198,3,20,3,278034,327576,27559,80397,3.034347326688651,0.19706451162209263
8415,0.1456787238659344,0,1,0,278035,327575,27559,80397,3.0343380636555635,0.19706499465649605
8416,0.1456799311444264,2,3,2,278038,327572,27561,80395,3.034310274556301,0.19706250750673462
8417,0.1456826074786023,0,2,0,278040,327570,27561,80395,3.0342917484901255,0.1970634735822926
8418,0.1456841165990713,1,4,1,278044,327566,27562,80394,3.0342546963577752,0.19706343759192077
8419,0.1456844839254681,6,41,6,278085,327525,27568,80388,3.0338749120011856,0.19707143434997168
8420,0.1456853042780592,3,5,3,278090,327520,27571,80385,3.0338285968357477,0.1970679447420355
8421,0.1456880814896811,0,1,0,278091,327519,27571,80385,3.0338193338026604,0.1970684278653801
8422,0.1456887547277711,0,3,0,278094,327516,27571,80385,3.033791544703398,0.19706987724962674
8423,0.1456895675250132,1,0,1,278094,327516,27572,80384,3.033791544703398,0.19706790880117675
8424,0.1456899051527207,0,2,0,278096,327514,27572,80384,3.0337730186372225,0.19706887506190274
8425,0.1456907452613754,2,6,2,278102,327508,27574,80382,3.0337174404386973,0.19706783691681581
8426,0.1456939366835646,0,1,0,278103,327507,27574,80382,3.0337081774056096,0.19706832005766275
8427,0.1456957568767699,6,26,6,278129,327481,27580,80376,3.0334673385453335,0.19706907077725772
8428,0.1456999660438247,0,6,0,278135,327475,27580,80376,3.033411760346808,0.1970719699105801
8429,0.1457031262994564,8,35,8,278170,327440,27588,80368,3.0330875541887434,0.19707313245448838
8430,0.1457052593105529,6,17,6,278187,327423,27594,80362,3.032930082626255,0.19706953419081133
8431,0.1457056996528438,1,19,1,278206,327404,27595,80361,3.032754084997592,0.19707674763650632
8432,0.1457087266182657,0,1,0,278207,327403,27595,80361,3.032744821964504,0.19707723094731266
8433,0.1457125028765418,2,25,2,278232,327378,27597,80359,3.032513246137315,0.19708537611254315
8434,0.1457143678239522,0,1,0,278233,327377,27597,80359,3.0325039831042275,0.19708585947770127
8435,0.1457147796052181,0,2,0,278235,327375,27597,80359,3.0324854570380526,0.19708682621513046
8436,0.1457152283661013,0,2,0,278237,327373,27597,80359,3.0324669309718773,0.1970877929620437
8437,0.1457195493876137,0,2,0,278239,327371,27597,80359,3.0324484049057023,0.19708875971844111
8438,0.1457222912157746,5,21,5,278260,327350,27602,80354,3.0322538812108637,0.19708906461550538
8439,0.145722657820532,3,8,3,278268,327342,27605,80351,3.032179776946163,0.19708702381448787
8440,0.1457239828651464,1,7,1,278275,327335,27606,80350,3.0321149357145503,0.19708843837766904
8441,0.1457244439940053,1,1,1,278276,327334,27607,80349,3.032105672681463,0.19708695236249732
8442,0.1457248992701076,6,29,6,278305,327305,27613,80343,3.031837044721924,0.19708915534971347
8443,0.1457250975336542,0,2,0,278307,327303,27613,80343,3.0318185186557485,0.197090122312006
8444,0.1457265538627461,3,35,3,278342,327268,27616,80340,3.031494312497684,0.19710113638593943
8445,0.1457343034211559,0,5,0,278347,327263,27616,80340,3.0314479973322466,0.19710355419366393
8446,0.1457345531527986,0,7,0,278354,327256,27616,80340,3.0313831561006337,0.1971069392241337
8447,0.1457370710046762,1,26,1,278380,327230,27617,80339,3.031142317240357,0.19711754328714892
8448,0.1457389868849512,1,2,1,278382,327228,27618,80338,3.031123791174182,0.1971165406339096
8449,0.1457391759674271,3,15,3,278397,327213,27621,80335,3.0309848456778687,0.1971178855006036
8450,0.1457391877839628,0,1,0,278398,327212,27621,80335,3.030975582644781,0.19711836916969086
8451,0.145739829507076,1,22,1,278420,327190,27622,80334,3.030771795916855,0.19712704037062848
8452,0.1457435022729698,5,8,5,278428,327182,27627,80329,3.0306976916521546,0.19712105930882848
8453,0.1457436896503551,6,16,6,278444,327166,27633,80323,3.0305494831227535,0.19711697739080072
8454,0.1457444623484902,2,11,2,278455,327155,27635,80321,3.030447589758791,0.1971183578910169
8455,0.1457491685069119,2,23,2,278478,327132,27637,80319,3.030234539997777,0.1971255439304358
8456,0.1457530233448047,3,15,3,278493,327117,27640,80316,3.0300955945014634,0.19712688957448218
8457,0.1457539145353384,0,3,0,278496,327114,27640,80316,3.0300678054022008,0.19712834106472277
8458,0.1457602614995012,1,0,1,278496,327114,27641,80315,3.0300678054022008,0.19712637048418252
8459,0.1457614319221876,0,1,0,278497,327113,27641,80315,3.0300585423691135,0.1971268543153637
8460,0.145770654088075,0,15,0,278512,327098,27641,80315,3.0299195968728,0.19713411206809797
8461,0.1457744403259435,10,28,10,278540,327070,27651,80305,3.0296602319463486,0.19712795335992636
8462,0.1457745203198939,1,5,1,278545,327065,27652,80304,3.0296139167809106,0.19712840201389895
8463,0.1457746257599163,0,1,0,278546,327064,27652,80304,3.0296046537478234,0.19712888592132913
8464,0.1457760640680959,0,2,0,278548,327062,27652,80304,3.029586127681648,0.19712985374331682
8465,0.1457768506641843,2,11,2,278559,327051,27654,80302,3.029484234317685,0.19713123507130179
8466,0.1457771492979272,1,0,1,278559,327051,27655,80301,3.029484234317685,0.1971292641253756
8467,0.1457775502503253,1,3,1,278562,327048,27656,80300,3.0294564452184223,0.19712874495517346
8468,0.1457783924855189,0,9,0,278571,327039,27656,80300,3.0293730779206345,0.1971331004396829
8469,0.145781147667641,0,1,0,278572,327038,27656,80300,3.029363814887547,0.1971335843942868
8470,0.145782224578787,8,34,8,278606,327004,27664,80292,3.02904887176257,0.19713427089880578
8471,0.1457824255489028,2,0,2,278606,327004,27666,80290,3.02904887176257,0.19713032846052236
8472,0.1457854476997783,0,1,0,278607,327003,27666,80290,3.0290396087294824,0.1971308124617904
8473,0.1457866648204889,0,3,0,278610,327000,27666,80290,3.02901181963022,0.19713226447985466
8474,0.1457901205396879,0,5,0,278615,326995,27666,80290,3.028965504464782,0.19713468455749658
8475,0.1458008585363567,0,6,0,278621,326989,27666,80290,3.0289099262662567,0.19713758872910217
8476,0.1458010971309439,0,2,0,278623,326987,27666,80290,3.0288914002000813,0.19713855680531922
8477,0.1458062243444869,1,2,1,278625,326985,27667,80289,3.0288728741339064,0.19713755358800217
8478,0.1458070052913404,0,4,0,278629,326981,27667,80289,3.028835822001556,0.197139489773369
8479,0.1458076588309894,0,2,0,278631,326979,27667,80289,3.028817295935381,0.19714045788031467
8480,0.1458111667138983,0,9,0,278640,326970,27667,80289,3.028733928637593,0.19714481447923804
8481,0.1458168151200226,1,1,1,278641,326969,27668,80288,3.0287246656045057,0.19714332718651859
8482,0.1458171482121912,0,2,0,278643,326967,27668,80288,3.0287061395383303,0.19714429534321248
8483,0.145817926845914,1,24,1,278667,326943,27669,80287,3.028483826744229,0.19715394248950224
8484,0.1458199165850766,0,3,0,278670,326940,27669,80287,3.0284560376449665,0.19715539490259731
8485,0.1458207136009939,0,3,0,278673,326937,27669,80287,3.028428248545704,0.19715684733709213
8486,0.145824426792542,1,3,1,278676,326934,27670,80286,3.0284004594464413,0.1971563282746427
8487,0.1458261332954264,0,1,0,278677,326933,27670,80286,3.0283911964133536,0.19715681242771088
8488,0.1458268571501688,3,13,3,278690,326920,27673,80283,3.0282707769832156,0.19715719186744696
8489,0.1458275604745597,0,3,0,278693,326917,27673,80283,3.0282429878839525,0.19715864440078584
8490,0.1458276583175043,2,13,2,278706,326904,27675,80281,3.0281225684538144,0.19716099561624323
8491,0.1458280665317622,3,24,3,278730,326880,27678,80278,3.027900255659713,0.1971667018700357
8492,0.1458326729574992,1,2,1,278732,326878,27679,80277,3.0278817295935383,0.19716569856688484
8493,0.1458352463108866,0,1,0,278733,326877,27679,80277,3.0278724665604506,0.19716618282025966
8494,0.1458360009674371,45,431,45,279164,326446,27724,80232,3.023880099299715,0.1972863051357585
8495,0.1458385941645627,56,564,56,279728,325882,27780,80176,3.0186557486383343,0.19744962542296912
8496,0.1458387916382615,1,3,1,279731,325879,27781,80175,3.0186279595390713,0.19744910775414107
8497,0.1458422509346082,0,3,0,279734,325876,27781,80175,3.0186001704398087,0.1974505665544476
8498,0.1458424550838296,0,1,0,279735,325875,27781,80175,3.0185909074067214,0.19745105282600664
8499,0.1458445845011365,0,6,0,279741,325869,27781,80175,3.018535329208196,0.1974539705056595
8500,0.1458507952371485,1,0,1,279741,325869,27782,80174,3.018535329208196,0.1974519940006354
8501,0.1458520384247403,2,18,2,279759,325851,27784,80172,3.0183685946126197,0.1974567943195336
8502,0.1458522018314053,2,10,2,279769,325841,27786,80170,3.0182759642817443,0.19745770434791177
8503,0.1458526919643892,3,15,3,279784,325826,27789,80167,3.0181370187854313,0.19745906949134592
8504,0.1458532274449167,2,14,2,279798,325812,27791,80165,3.0180073363222055,0.19746192518295372
8505,0.1458534642252839,9,39,9,279837,325773,27800,80156,3.017646078031791,0.19746310315350715
8506,0.1458544459281504,0,2,0,279839,325771,27800,80156,3.0176275519656155,0.19746407605308344
8507,0.145856364730283,2,6,2,279845,325765,27802,80154,3.0175719737670903,0.1974630406558944
8508,0.145859896371675,3,14,3,279859,325751,27805,80151,3.0174422913038645,0.19746391986242984
8509,0.1458601926885281,0,1,0,279860,325750,27805,80151,3.017433028270777,0.19746440634538964
8510,0.1458620188547123,0,3,0,279863,325747,27805,80151,3.0174052391715143,0.19746586580865144
8511,0.1458638500791987,2,3,2,279866,325744,27807,80149,3.0173774500722517,0.19746337088838684
8512,0.1458660204685714,2,3,2,279869,325741,27809,80147,3.017349660972989,0.19746087590665407
8513,0.14586995582889,1,7,1,279876,325734,27810,80146,3.017284819741376,0.1974623041292993
8514,0.145872904432991,1,2,1,279878,325732,27811,80145,3.017266293675201,0.1974612998519256
8515,0.1458740536684002,0,1,0,279879,325731,27811,80145,3.0172570306421136,0.19746178635839517
8516,0.1458744374683055,6,43,6,279922,325688,27817,80139,3.0168587202193486,0.1974708434874959
8517,0.1458782449631167,2,3,2,279925,325685,27819,80137,3.016830931120086,0.1974683481920645
8518,0.1458787496602648,6,23,6,279948,325662,27825,80131,3.016617881359072,0.19746767440542345
8519,0.1458844045666162,5,12,5,279960,325650,27830,80126,3.0165067249620217,0.1974636252513702
8520,0.1458853908319572,3,37,3,279997,325613,27833,80123,3.016163992737782,0.19747569848374313
8521,0.1458940268763014,0,5,0,280002,325608,27833,80123,3.0161176775723444,0.19747813206286924
8522,0.1458953897984731,0,1,0,280003,325607,27833,80123,3.0161084145392567,0.1974786187858921
8523,0.1459015602589585,7,51,7,280054,325556,27840,80116,3.0156359998517916,0.19748959750734585
8524,0.1459032892575009,0,1,0,280055,325555,27840,80116,3.015626736818704,0.19749008432941964
8525,0.1459035299215338,1,4,1,280059,325551,27841,80115,3.0155896846863537,0.19749005339367853
8526,0.1459052994125951,23,171,23,280230,325380,27864,80092,3.014005706028382,0.19752781943019493
8527,0.1459058929640714,4,13,4,280243,325367,27868,80088,3.0138852865982435,0.1975262359571346
8528,0.1459059745358722,2,7,2,280250,325360,27870,80086,3.0138204453666306,0.1975256877611322
8529,0.145907139472631,4,58,4,280308,325302,27874,80082,3.0132831894475527,0.19754603043040672
8530,0.1459130456460763,3,9,3,280317,325293,27877,80079,3.013199822149765,0.19754447766495958
8531,0.1459174600286406,0,2,0,280319,325291,27877,80079,3.0131812960835895,0.19754545230283443
8532,0.1459178875824763,3,12,3,280331,325279,27880,80076,3.013070139686539,0.1975453614732765
8533,0.1459186245610619,0,2,0,280333,325277,27880,80076,3.0130516136203638,0.19754633615638714
8534,0.1459192384601321,1,1,1,280334,325276,27881,80075,3.013042350587276,0.1975448438513782
8535,0.1459198677486536,1,3,1,280337,325273,27882,80074,3.0130145614880135,0.197544326219264
8536,0.1459205212883026,1,0,1,280337,325273,27883,80073,3.0130145614880135,0.19754234653851277
8537,0.1459212727398589,0,6,0,280343,325267,27883,80073,3.0129589832894883,0.1975452706369961
8538,0.145925959107198,1,1,1,280344,325266,27884,80072,3.0129497202564006,0.1975437782788685
8539,0.1459297544904501,0,3,0,280347,325263,27884,80072,3.012921931157138,0.19754524035674195
8540,0.1459300106695044,3,8,3,280355,325255,27887,80069,3.0128478268924375,0.1975432000078949
8541,0.1459328669714889,0,23,0,280378,325232,27887,80069,3.012634777131424,0.19755441017910147
8542,0.1459334177133283,1,10,1,280388,325222,27888,80068,3.0125421468005484,0.19755730464605592
8543,0.1459335760583071,1,1,1,280389,325221,27889,80067,3.0125328837674608,0.19755581216320248
8544,0.1459376914976446,1,2,1,280391,325219,27890,80066,3.012514357701286,0.1975548071110453
8545,0.1459382881987415,2,6,2,280397,325213,27892,80064,3.01245877950276,0.19755377186467526
8546,0.1459386276936133,1,1,1,280398,325212,27893,80063,3.012449516469673,0.19755227931651348
8547,0.1459389260276181,4,11,4,280409,325201,27897,80059,3.01234762310571,0.19754972116665845
8548,0.1459420034690453,5,27,5,280436,325174,27902,80054,3.012097521212346,0.1975529825184834
8549,0.1459437702485878,17,133,17,280569,325041,27919,80037,3.010865537811701,0.1975841689748641
8550,0.1459447351549315,4,15,4,280584,325026,27923,80033,3.010726592315388,0.19758356190085888
8551,0.1459459445365248,2,17,2,280601,325009,27925,80031,3.0105691207528995,0.19758789255382184
8552,0.1459474823256022,1,12,1,280613,324997,27926,80030,3.0104579643558487,0.1975917654872391
8553,0.1459479403187222,1,1,1,280614,324996,27927,80029,3.010448701322761,0.19759027220541941
8554,0.1459480297899481,14,63,14,280677,324933,27941,80015,3.009865130238245,0.1975932712348252
8555,0.1459563545480601,8,21,8,280698,324912,27949,80007,3.0096706065434065,0.1975876656812844
8556,0.1459584249359309,0,2,0,280700,324910,27949,80007,3.0096520804772315,0.1975886416228511
8557,0.1459600960822565,0,12,0,280712,324898,27949,80007,3.0095409240801807,0.1975944974747163
8558,0.1459603497844528,3,4,3,280716,324894,27952,80004,3.0095038719478304,0.1975905042751508
8559,0.1459636576944618,1,0,1,280716,324894,27953,80003,3.0095038719478304,0.19758852251313297
8560,0.1459639553439128,0,2,0,280718,324892,27953,80003,3.0094853458816555,0.1975894985119599
8561,0.1459653811862716,13,79,13,280797,324813,27966,79990,3.0087535662677385,0.19760229049685896
8562,0.1459725730525755,0,1,0,280798,324812,27966,79990,3.0087443032346513,0.197602778642398
8563,0.1459737222879847,1,1,1,280799,324811,27967,79989,3.0087350402015636,0.19760128458498025
8564,0.1459745999250163,0,2,0,280801,324809,27967,79989,3.0087165141353887,0.19760226088073557
8565,0.1459751644828745,2,21,2,280822,324788,27969,79987,3.00852199044055,0.1976085479587425
8566,0.1459754974605498,1,0,1,280822,324788,27970,79986,3.00852199044055,0.19760656563909737
8567,0.1459782843965332,0,15,0,280837,324773,27970,79986,3.0083830449442366,0.1976138887584958
8568,0.1459805857101271,1,5,1,280842,324768,27971,79985,3.0083367297787986,0.19761434751564536
8569,0.1459815747188652,1,21,1,280863,324747,27972,79984,3.00814220608396,0.19762261847992865
8570,0.1459827741029594,0,3,0,280866,324744,27972,79984,3.0081144169846974,0.19762408333498052
8571,0.1459846254134442,0,5,0,280871,324739,27972,79984,3.00806810181926,0.19762652480832568
8572,0.1459872999256187,9,48,9,280919,324691,27981,79975,3.007623476231057,0.19763212130497743
8573,0.1459926979530212,2,4,2,280923,324687,27983,79973,3.0075864240987067,0.19763010922749963
8574,0.1459936954958859,1,21,1,280944,324666,27984,79972,3.007391900403868,0.19763838294969824
8575,0.1460014053822204,0,2,0,280946,324664,27984,79972,3.007373374337693,0.1976393598196898
8576,0.1460031718620046,0,1,0,280947,324663,27984,79972,3.0073641113046055,0.19763984825830688
8577,0.1460067553515315,0,3,0,280950,324660,27984,79972,3.007336322205343,0.1976413135886435
8578,0.1460104130589849,0,1,0,280951,324659,27984,79972,3.007327059172255,0.19764180203691759
8579,0.1460125719668395,9,28,9,280979,324631,27993,79963,3.0070676942458037,0.19763763179879087
8580,0.146013951224659,2,4,2,280983,324627,27995,79961,3.007030642113454,0.19763561944496624
8581,0.1460192392409749,0,4,0,280987,324623,27995,79961,3.0069935899811036,0.1976375734087359
8582,0.1460230962980003,0,9,0,280996,324614,27995,79961,3.0069102226833153,0.19764196996848546
8583,0.1460244471141167,0,1,0,280997,324613,27995,79961,3.006900959650228,0.19764245848719889
8584,0.1460256277267825,1,6,1,281003,324607,27996,79960,3.0068453814517024,0.19764340640734415
8585,0.1460285669105744,0,1,0,281004,324606,27996,79960,3.006836118418615,0.19764389493926826
8586,0.1460298683413692,0,2,0,281006,324604,27996,79960,3.00681759235244,0.19764487201036177
8587,0.146032862021507,0,3,0,281009,324601,27996,79960,3.0067898032531772,0.1976463376351156
8588,0.1460335836116731,2,5,2,281014,324596,27998,79958,3.0067434880877393,0.19764481379494456
8589,0.1460382963131979,3,15,3,281029,324581,28001,79955,3.0066045425914263,0.1976461921806712
8590,0.1460396897832948,0,1,0,281030,324580,28001,79955,3.0065952795583386,0.19764668075691844
8591,0.1460435474887338,0,2,0,281032,324578,28001,79955,3.0065767534921637,0.19764765791665945
8592,0.1460445561803079,0,2,0,281034,324576,28001,79955,3.0065582274259883,0.19764863508606262
8593,0.1460457870698344,0,1,0,281035,324575,28001,79955,3.0065489643929006,0.19764912367438756
8594,0.1460462189917969,1,3,1,281038,324572,28002,79954,3.006521175293638,0.19764860602285145
8595,0.1460470066866833,0,1,0,281039,324571,28002,79954,3.006511912260551,0.19764909461714356
8596,0.1460471415544115,0,1,0,281040,324570,28002,79954,3.006502649227463,0.19764958321385134
8597,0.1460517884849314,4,9,4,281049,324561,28006,79950,3.006419281929675,0.19764604670824773
8598,0.1460547808743821,0,1,0,281050,324560,28006,79950,3.0064100188965877,0.1976465353143309
8599,0.1460582101903653,9,37,9,281087,324523,28015,79941,3.006067286672348,0.1976467621345781
8600,0.1460600184040373,0,9,0,281096,324514,28015,79941,3.00598391937456,0.19765116020323645
8601,0.1460615248197992,0,1,0,281097,324513,28015,79941,3.0059746563414724,0.19765164888961415
8602,0.1460629207529903,0,1,0,281098,324512,28015,79941,3.0059653933083847,0.19765213757840838
8603,0.1460667446255023,0,1,0,281099,324511,28015,79941,3.0059561302752975,0.19765262626961913
8604,0.1460675611741008,2,1,2,281100,324510,28017,79939,3.00594686724221,0.19764914735850503
8605,0.1460682859773659,1,10,1,281110,324500,28018,79938,3.0058542369113344,0.19765205049970577
8606,0.1460685474394419,7,27,7,281137,324473,28025,79931,3.00560413501797,0.19765135854244764
8607,0.1460721658527549,0,1,0,281138,324472,28025,79931,3.005594871984883,0.19765184729094493
8608,0.1460725612693801,13,33,13,281171,324439,28038,79918,3.0052891918929934,0.19764218252682655
8609,0.1460727637903877,0,2,0,281173,324437,28038,79918,3.0052706658268185,0.19764316009447144
8610,0.146073212241766,0,4,0,281177,324433,28038,79918,3.005233613694468,0.1976451152587727
8611,0.1460751660801343,1,27,1,281204,324406,28039,79917,3.0049835118011043,0.19765632922193394
8612,0.146076817801226,0,6,0,281210,324400,28039,79917,3.0049279336025787,0.19765926241043538
8613,0.1460794757420992,0,5,0,281215,324395,28039,79917,3.004881618437141,0.19766170680068856
8614,0.1460804012907528,0,5,0,281220,324390,28039,79917,3.0048353032717032,0.19766415125140055
8615,0.1460809504936598,1,12,1,281232,324378,28040,79916,3.004724146874653,0.19766803365867414
8616,0.1460830270163005,0,2,0,281234,324376,28040,79916,3.0047056208084775,0.19766901150653488
8617,0.1460854355098887,0,2,0,281236,324374,28040,79916,3.0046870947423026,0.19766998936407035
8618,0.1460855816732575,8,14,8,281250,324360,28048,79908,3.004557412279077,0.19766095758259372
8619,0.1460876771492661,2,2,2,281252,324358,28050,79906,3.0045388862129014,0.19765796608157046
8620,0.1460882633355292,0,19,0,281271,324339,28050,79906,3.004362888584238,0.1976672562431199
8621,0.1460949278443145,0,22,0,281293,324317,28050,79906,3.004159101856312,0.19767801436335883
8622,0.1460961624012958,1,3,1,281296,324314,28051,79905,3.0041313127570493,0.19767749660456338
8623,0.1461030641791847,2,17,2,281313,324297,28053,79903,3.003973841194561,0.19768184067293418
8624,0.146104067585593,7,69,7,281382,324228,28060,79896,3.0033346919115194,0.19770169551919708
8625,0.1461048826274185,4,2,4,281384,324226,28064,79892,3.0033161658453444,0.19769473272657986
8626,0.146106257985996,1,5,1,281389,324221,28065,79891,3.0032698506799065,0.19769519341172745
8627,0.1461065079607283,1,6,1,281395,324215,28066,79890,3.0032142724813813,0.19769614332908525
8628,0.146106944964893,4,35,4,281430,324180,28070,79886,3.002890066323317,0.19770532536763796
8629,0.1461070349403631,0,1,0,281431,324179,28070,79886,3.002880803290229,0.19770581465853265
8630,0.1461091745789974,0,12,0,281443,324167,28070,79886,3.002769646893179,0.1977116863381784
8631,0.1461113594647666,1,12,1,281455,324155,28071,79885,3.002658490496128,0.19771557271557272
8632,0.1461114248321434,0,2,0,281457,324153,28071,79885,3.002639964429953,0.1977165514134809
8633,0.1461140483157103,0,1,0,281458,324152,28071,79885,3.0026307013968654,0.19771704076606844
8634,0.146117214197385,0,1,0,281459,324151,28071,79885,3.0026214383637777,0.19771753012107832
8635,0.1461196178088447,0,6,0,281465,324145,28071,79885,3.0025658601652525,0.19772046630200726
8636,0.1461213828618464,1,2,1,281467,324143,28072,79884,3.0025473340990776,0.1977194593430637
8637,0.146122475095745,2,17,2,281484,324126,28074,79882,3.002389862536589,0.19772380744935744
8638,0.1461227649175848,5,13,5,281497,324113,28079,79877,3.0022694431064507,0.19772024060001486
8639,0.1461228129751049,3,4,3,281501,324109,28082,79874,3.0022323909741004,0.197716240534874
8640,0.1461254344241527,9,27,9,281528,324082,28091,79865,3.0019822890807366,0.19771158097473182
8641,0.146128471851662,1,2,1,281530,324080,28092,79864,3.0019637630145617,0.19771057374289505
8642,0.1461337925373482,0,6,0,281536,324074,28092,79864,3.001908184816036,0.1977135104892335
8643,0.1461339065052555,7,14,7,281550,324060,28099,79857,3.0017785023528103,0.19770645949539137
8644,0.1461348616921222,1,1,1,281551,324059,28100,79856,3.001769239319723,0.1977049626777911
8645,0.1461350019189415,1,4,1,281555,324055,28101,79855,3.001732187187373,0.19770493426753485
8646,0.1461362591052835,1,5,1,281560,324050,28102,79854,3.001685872021935,0.19770539534146728
8647,0.1461419319165873,1,16,1,281576,324034,28103,79853,3.001537663492534,0.19771124101543253
8648,0.1461419384123944,1,2,1,281578,324032,28104,79852,3.001519137426359,0.19771023363143872
8649,0.1461425334670703,0,1,0,281579,324031,28104,79852,3.0015098743932715,0.1977107231549731
8650,0.1461429954040477,1,4,1,281583,324027,28105,79851,3.0014728222609213,0.1977106948137804
8651,0.1461446471251394,0,2,0,281585,324025,28105,79851,3.001454296194746,0.1977116738801018
8652,0.1461447288219886,1,1,1,281586,324024,28106,79850,3.0014450331616587,0.19771017693637125
8653,0.1461457244788202,0,2,0,281588,324022,28106,79850,3.0014265070954833,0.1977111560098249
8654,0.1461468141906955,2,9,2,281597,324013,28108,79848,3.0013431397976955,0.1977115888882561
8655,0.1461481392353099,3,11,3,281608,324002,28111,79845,3.0012412464337324,0.19771101431977953
8656,0.1461482198604242,1,6,1,281614,323996,28112,79844,3.0011856682352067,0.19771196513470682
8657,0.1461497903329931,2,9,2,281623,323987,28114,79842,3.001102300937419,0.1977123980694799
8658,0.1461537753963093,0,3,0,281626,323984,28114,79842,3.0010745118381563,0.19771386686345108
8659,0.1461567677823153,1,0,1,281626,323984,28115,79841,3.0010745118381563,0.1977118801461029
8660,0.1461570003439676,0,4,0,281630,323980,28115,79841,3.001037459705806,0.19771383855718253
8661,0.1461590814491101,1,6,1,281636,323974,28116,79840,3.000981881507281,0.1977147894822864
8662,0.1461620317060259,0,16,0,281652,323958,28116,79840,3.0008336729778797,0.19772262368808166
8663,0.1461647313263497,6,28,6,281680,323930,28122,79834,3.000574308051428,0.19772441327111878
8664,0.1461664145348079,17,113,17,281793,323817,28139,79817,2.999527585312535,0.19774597779176184
8665,0.1461690989808645,7,30,7,281823,323787,28146,79810,2.999249694319908,0.19774676224055185
8666,0.1461695503404067,1,7,1,281830,323780,28147,79809,2.999184853088295,0.1977482042374792
8667,0.1461700006011337,0,1,0,281831,323779,28147,79809,2.9991755900552075,0.1977486942129102
8668,0.1461705275643235,1,16,1,281847,323763,28148,79808,2.999027381525807,0.19775454628801376
8669,0.1461728808613505,4,8,4,281855,323755,28152,79804,2.9989532772611063,0.19775051479461492
8670,0.1461758433174445,5,5,5,281860,323750,28157,79799,2.9989069620956688,0.19774302501059352
8671,0.1461783983422784,9,52,9,281912,323698,28166,79790,2.9984252843751156,0.19775061464033628
8672,0.1461793640329331,0,4,0,281916,323694,28166,79790,2.9983882322427657,0.19775257507113045
8673,0.146181859717052,9,48,9,281964,323646,28175,79781,2.997943606654563,0.1977582065652522
8674,0.146184583217879,2,2,2,281966,323644,28177,79779,2.997925080588388,0.19775520979220323
8675,0.1461932637480661,2,6,2,281972,323638,28179,79777,2.9978695023898627,0.19775417374168042
8676,0.1461947143800523,3,13,3,281985,323625,28182,79774,2.997749082959724,0.197754580452604
8677,0.1462048670545925,0,6,0,281991,323619,28182,79774,2.997693504761199,0.19775752182115208
8678,0.1462088431985819,0,19,0,282010,323600,28182,79774,2.9975175071325353,0.1977668367321642
8679,0.1462099050445048,4,15,4,282025,323585,28186,79770,2.9973785616362223,0.19776623569808233
8680,0.1462134799390402,0,1,0,282026,323584,28186,79770,2.9973692986031346,0.1977667260024693
8681,0.1462168828169695,2,9,2,282035,323575,28188,79768,2.997285931305347,0.19776716095234081
8682,0.1462193704180416,4,4,4,282039,323571,28192,79764,2.9972488791729965,0.1977611662761724
8683,0.1462210514814309,2,15,2,282054,323556,28194,79762,2.997109933676683,0.19776454311486222
8684,0.1462216615443187,0,6,0,282060,323550,28194,79762,2.997054355478158,0.19776748522235887
8685,0.146223319622222,0,1,0,282061,323549,28194,79762,2.9970450924450702,0.197767975582119
8686,0.1462254866478833,0,1,0,282062,323548,28194,79762,2.9970358294119825,0.19776846594431083
8687,0.1462268807292647,2,5,2,282067,323543,28196,79760,2.996989514246545,0.19776693949710267
8688,0.1462300766546982,0,2,0,282069,323541,28196,79760,2.9969709881803697,0.19776792023823397
8689,0.1462311683584308,2,12,2,282081,323529,28198,79758,2.9968598317833193,0.19776982645113778
8690,0.1462320142403473,0,3,0,282084,323526,28198,79758,2.9968320426840567,0.19777129764632367
8691,0.1462322687641082,2,9,2,282093,323517,28200,79756,2.9967486753862684,0.1977717327963935
8692,0.1462331852160449,0,1,0,282094,323516,28200,79756,2.9967394123531808,0.1977722232141086
8693,0.1462345303117067,0,3,0,282097,323513,28200,79756,2.996711623253918,0.19777369448184712
8694,0.1462359582222029,3,67,3,282164,323446,28203,79753,2.996091000037052,0.19780058978320877
8695,0.1462386871465662,0,4,0,282168,323442,28203,79753,2.9960539479047017,0.19780255211498157
8696,0.1462387734556789,0,1,0,282169,323441,28203,79753,2.9960446848716145,0.1978030427040085
8697,0.1462409714901862,0,2,0,282171,323439,28203,79753,2.996026158805439,0.19780402388936288
8698,0.1462447658067791,2,7,2,282178,323432,28205,79751,2.995961317573826,0.19780347881731125
8699,0.1462477241494354,0,5,0,282183,323427,28205,79751,2.9959150024083887,0.19780593187128265
8700,0.1462534440158938,2,17,2,282200,323410,28207,79749,2.9957575308459004,0.19781029320937893
8701,0.146255161965513,1,5,1,282205,323405,28208,79748,2.9957112156804624,0.1978107567102316
8702,0.1462554421586857,4,12,4,282217,323393,28212,79744,2.9956000592834116,0.19780868538486918
8703,0.1462607963424086,0,3,0,282220,323390,28212,79744,2.995572270184149,0.19781015741664063
8704,0.1462611304830345,0,1,0,282221,323389,28212,79744,2.9955630071510617,0.19781064809876642
8705,0.1462637097320143,1,4,1,282225,323385,28213,79743,2.9955259550187114,0.19781062094421623
8706,0.146267863604029,0,5,0,282230,323380,28213,79743,2.9954796398532735,0.1978130744214545
8707,0.1462686359964143,1,0,1,282230,323380,28214,79742,2.9954796398532735,0.19781108448558998
8708,0.1462700078760764,0,3,0,282233,323377,28214,79742,2.995451850754011,0.19781255658998956
8709,0.1462726239309749,3,34,3,282267,323343,28217,79739,2.995136907629034,0.1978232716916161
8710,0.1462766725224952,0,2,0,282269,323341,28217,79739,2.995118381562859,0.19782425324997518
8711,0.1462773207179459,3,75,3,282344,323266,28220,79736,2.9944236540812925,0.19785509749331268
8712,0.1462777343684181,1,5,1,282349,323261,28221,79735,2.9943773389158546,0.1978555618418049
8713,0.1462789958428238,0,1,0,282350,323260,28221,79735,2.994368075882767,0.19785605280462537
8714,0.1462800766662714,0,11,0,282361,323249,28221,79735,2.994266182518804,0.19786145355646875
8715,0.1462813078931816,0,3,0,282364,323246,28221,79735,2.994238393419541,0.19786292653996093
8716,0.1462832366427717,1,1,1,282365,323245,28222,79734,2.994229130386454,0.1978614270222518
8717,0.1462838954919477,7,28,7,282393,323217,28229,79727,2.9939697654600024,0.1978612412642948
8718,0.1462903137828303,7,22,7,282415,323195,28236,79720,2.993765978732076,0.19785810903044065
8719,0.1462924792302777,0,1,0,282416,323194,28236,79720,2.9937567156989884,0.197858600098284
8720,0.1462941133306205,0,6,0,282422,323188,28236,79720,2.993701137500463,0.19786154655653398
8721,0.1462942779843926,0,4,0,282426,323184,28236,79720,2.993664085368113,0.1978635109107877
8722,0.1462964471972203,0,1,0,282427,323183,28236,79720,2.9936548223350252,0.1978640020054455
8723,0.14629778364442,0,6,0,282433,323177,28236,79720,2.9935992441365,0.19786694862458643
8724,0.1462980664383719,16,63,16,282496,323114,28252,79704,2.993015673051984,0.19786603379193582
8725,0.1462982465709625,7,52,7,282548,323062,28259,79697,2.9925339953314314,0.19787763898510027
8726,0.1463006306202908,0,4,0,282552,323058,28259,79697,2.992496943199081,0.19787960422589415
8727,0.14630235963562,0,1,0,282553,323057,28259,79697,2.9924876801659934,0.19788009554219202
8728,0.1463029924882718,2,20,2,282573,323037,28261,79695,2.9923024195042425,0.19788593903638152
8729,0.1463126379520333,0,2,0,282575,323035,28261,79695,2.9922838934380676,0.19788692175899486
8730,0.1463175292340787,2,9,2,282584,323026,28263,79693,2.9922005261402793,0.19788736066587373
8731,0.1463197620376662,3,5,3,282589,323021,28266,79690,2.992154210974842,0.19788384225908903
8732,0.1463207912037599,5,16,5,282605,323005,28271,79685,2.9920060024454407,0.19788174526310562
8733,0.1463210737759125,0,8,0,282613,322997,28271,79685,2.99193189818074,0.1978856765388073
8734,0.1463214489240445,8,93,8,282706,322904,28279,79677,2.991070436103598,0.19791545055529197
8735,0.1463223330758295,3,13,3,282719,322891,28282,79674,2.9909500166734597,0.19791586451877335
8736,0.1463265759874934,1,1,1,282720,322890,28283,79673,2.990940753640372,0.19791436371449936
8737,0.1463297452742827,2,10,2,282730,322880,28285,79671,2.9908481233094966,0.1979152952048312
8738,0.1463302854467706,0,6,0,282736,322874,28285,79671,2.990792545110971,0.1979182451651368
8739,0.1463312958427945,3,20,3,282756,322854,28288,79668,2.99060728444922,0.19792210115223516
8740,0.1463315390559276,0,1,0,282757,322853,28288,79668,2.9905980214161323,0.19792259285850924
8741,0.1463316828599318,2,6,2,282763,322847,28290,79666,2.990542443217607,0.19792155781303958
8742,0.1463322203239458,4,40,4,282803,322807,28294,79662,2.990171921894105,0.19793325697134437
8743,0.1463328586241278,0,1,0,282804,322806,28294,79662,2.9901626588610175,0.19793374877008854
8744,0.1463338565575965,0,1,0,282805,322805,28294,79662,2.99015339582793,0.19793424057127665
8745,0.1463349749474064,2,3,2,282808,322802,28296,79660,2.9901256067286672,0.19793173020061522
8746,0.1463373556712357,3,16,3,282824,322786,28299,79657,2.9899773981992666,0.1979336204133256
8747,0.1463374471173005,3,20,3,282844,322766,28302,79654,2.989792137537515,0.1979374782565479
8748,0.1463403942473167,1,5,1,282849,322761,28303,79653,2.9897458223720776,0.19793794450491284
8749,0.146343409181418,4,12,4,282861,322749,28307,79649,2.989634665975027,0.19793587443277552
8750,0.1463451031275704,0,1,0,282862,322748,28307,79649,2.989625402941939,0.19793636632479863
8751,0.1463473927690199,2,6,2,282868,322742,28309,79647,2.989569824743414,0.19793533123420373
8752,0.1463486768182223,0,5,0,282873,322737,28309,79647,2.9895235095779764,0.1979377907670285
8753,0.1463510890884426,4,27,4,282900,322710,28313,79643,2.989273407684612,0.19794309971592108
8754,0.1463521649435229,14,59,14,282959,322651,28327,79629,2.9887268887324465,0.19794421795764144
8755,0.1463581563632812,14,95,14,283054,322556,28341,79615,2.987846900589129,0.1979630555161859
8756,0.1463604649619931,0,2,0,283056,322554,28341,79615,2.987828374522954,0.19796403999313722
8757,0.1463608039118222,0,5,0,283061,322549,28341,79615,2.987782059357516,0.1979665012283546
8758,0.1463615253155716,0,8,0,283069,322541,28341,79615,2.9877079550928154,0.1979704393320005
8759,0.1463661251694991,0,1,0,283070,322540,28341,79615,2.987698692059728,0.19797093160597282
8760,0.1463672833956685,2,3,2,283073,322537,28343,79613,2.9876709029604656,0.19796841974387666
8761,0.1463683046159989,1,5,1,283078,322532,28344,79612,2.9876245877950276,0.19796888676692925
8762,0.146368314419824,2,7,2,283085,322525,28346,79610,2.9875597465634147,0.19796834396409166
8763,0.146369874085135,1,3,1,283088,322522,28347,79609,2.987531957464152,0.19796782640482827
8764,0.1463705321890974,0,1,0,283089,322521,28347,79609,2.9875226944310644,0.19796831870290701
8765,0.1463721861601117,8,43,8,283132,322478,28355,79601,2.9871243840082995,0.19797353256449604
8766,0.1463746785218584,5,3,5,283135,322475,28360,79596,2.987096594909037,0.1979650360259755
8767,0.1463754756345755,2,7,2,283142,322468,28362,79594,2.987031753677424,0.19796449303838712
8768,0.1463777224612878,0,4,0,283146,322464,28362,79594,2.9869947015450737,0.19796646255017933
8769,0.1463784693406571,0,11,0,283157,322453,28362,79594,2.986892808181111,0.1979718789096797
8770,0.1463801735357422,16,88,16,283245,322365,28378,79578,2.986077661269406,0.19798329613900478
8771,0.1463851743684876,0,3,0,283248,322362,28378,79578,2.986049872170143,0.19798477384684282
8772,0.1463855743876568,1,3,1,283251,322359,28379,79577,2.9860220830708806,0.19798425619999205
8773,0.1463857066928037,8,17,8,283268,322342,28387,79569,2.985864611508392,0.19797666647591133
8774,0.1463905302666449,0,2,0,283270,322340,28387,79569,2.9858460854422173,0.19797765165746475
8775,0.1463949240065234,8,71,8,283341,322269,28395,79561,2.985188410093001,0.19799666525645174
8776,0.1463970837640353,1,21,1,283362,322248,28396,79560,2.984993886398162,0.1980050173217059
8777,0.1463975146145015,1,1,1,283363,322247,28397,79559,2.9849846233650745,0.19800351413368641
8778,0.1463983023749824,1,9,1,283372,322238,28398,79558,2.9849012560672867,0.1980059532698185
8779,0.1463998316571303,0,2,0,283374,322236,28398,79558,2.9848827300011114,0.19800693887912713
8780,0.1464033615480585,0,8,0,283382,322228,28398,79558,2.9848086257364113,0.19801088141448434
8781,0.146405184995149,1,5,1,283387,322223,28399,79557,2.9847623105709733,0.19801134949474836
8782,0.1464053287991532,9,23,9,283410,322200,28408,79548,2.9845492608099597,0.19800471937632547
8783,0.1464065045633492,0,1,0,283411,322199,28408,79548,2.984539997776872,0.1980052122355612
8784,0.1464067627198473,0,1,0,283412,322198,28408,79548,2.9845307347437844,0.1980057050972505
8785,0.146407910524871,1,16,1,283428,322182,28409,79547,2.9843825262143837,0.19801159488112632
8786,0.1464096233243142,0,1,0,283429,322181,28409,79547,2.984373263181296,0.198012087780787
8787,0.1464110930565219,9,17,9,283446,322164,28418,79538,2.9842157916188077,0.19800249936520106
8788,0.1464123065716178,7,21,7,283467,322143,28425,79531,2.984021267923969,0.1979988747093414
8789,0.1464123713463877,0,2,0,283469,322141,28425,79531,2.984002741857794,0.19799986058276406
8790,0.1464130218967923,6,40,6,283509,322101,28431,79525,2.983632220534292,0.1980075991096194
8791,0.1464154253715928,0,23,0,283532,322078,28431,79525,2.983419170773278,0.19801893910155052
8792,0.1464155833991385,0,2,0,283534,322076,28431,79525,2.983400644707103,0.19801992524919013
8793,0.1464169401766498,1,2,1,283536,322074,28432,79524,2.983382118640928,0.19801891443682487
8794,0.1464202257408475,0,7,0,283543,322067,28432,79524,2.983317277409315,0.19802236603907955
8795,0.146421056775035,7,59,7,283602,322008,28439,79517,2.982770758457149,0.19803748209949568
8796,0.1464215420865372,1,23,1,283625,321985,28440,79516,2.9825577086961355,0.1980468292731525
8797,0.1464218065736628,6,22,6,283647,321963,28446,79510,2.982353921968209,0.1980456967218219
8798,0.1464221993750826,1,2,1,283649,321961,28447,79509,2.9823353959020342,0.1980446857797594
8799,0.1464238004665735,0,2,0,283651,321959,28447,79509,2.982316869835859,0.19804567238235676
8800,0.1464273789260149,0,2,0,283653,321957,28447,79509,2.982298343769684,0.1980466589947841
8801,0.1464299540663551,2,14,2,283667,321943,28449,79507,2.982168661306458,0.19804957030763481
8802,0.146433394842516,2,26,2,283693,321917,28451,79505,2.9819278224461816,0.19805840237954073
8803,0.1464341109012145,3,14,3,283707,321903,28454,79502,2.981798139982956,0.19805931665026594
8804,0.1464371922210516,1,1,1,283708,321902,28455,79501,2.9817888769498686,0.19805781222362565
8805,0.1464373298228119,6,14,6,283722,321888,28461,79495,2.981659194486643,0.19805273267677007
8806,0.146439144405151,7,60,7,283782,321828,28468,79488,2.9811034125013895,0.19806835511168255
8807,0.1464399923759751,0,2,0,283784,321826,28468,79488,2.981084886435214,0.1980693422108374
8808,0.1464400628669012,1,10,1,283794,321816,28469,79487,2.9809922561043387,0.19807227954936793
8809,0.1464406709397692,0,13,0,283807,321803,28469,79487,2.9808718366742006,0.19807869620473972
8810,0.1464431479040838,1,5,1,283812,321798,28470,79486,2.9808255215087627,0.19807916587753313
8811,0.1464444319532861,0,5,0,283817,321793,28470,79486,2.980779206343325,0.19808163397536377
8812,0.1464464346960575,0,1,0,283818,321792,28470,79486,2.9807699433102375,0.19808212760231061
8813,0.1464481732396052,0,7,0,283825,321785,28470,79486,2.9807051020786246,0.1980855830598274
8814,0.1464503095746137,3,15,3,283840,321770,28473,79483,2.980566156582311,0.19808699249600625
8815,0.1464509771662482,1,1,1,283841,321769,28474,79482,2.980556893549224,0.198085487637414
8816,0.1464550230278585,2,22,2,283863,321747,28476,79480,2.9803531068212976,0.19809235171112613
8817,0.1464589677070759,5,19,5,283882,321728,28481,79475,2.980177109192634,0.19809173909467276
8818,0.1464602774096555,1,11,1,283893,321717,28482,79474,2.9800752158286707,0.19809517162648216
8819,0.1464615392755355,0,4,0,283897,321713,28482,79474,2.980038163696321,0.19809714671711695
8820,0.1464640495515721,1,18,1,283915,321695,28483,79473,2.979871429100745,0.19810403621425438
8821,0.1464695427047195,1,13,1,283928,321682,28484,79472,2.9797510096706064,0.19810845710126285
8822,0.1464699799024372,2,2,2,283930,321680,28486,79470,2.9797324836044314,0.19810544684033404
8823,0.14647175367837,4,29,4,283959,321651,28490,79466,2.9794638556448922,0.19811177287424866
8824,0.146472833557446,3,25,3,283984,321626,28493,79463,2.9792322798177033,0.19811812340901894
8825,0.1464731581230665,0,6,0,283990,321620,28493,79463,2.979176701619178,0.1981210871565237
8826,0.1464767774990307,27,167,27,284157,321453,28520,79436,2.9776297750935568,0.19814961248624932
8827,0.1464793788589221,2,0,2,284157,321453,28522,79434,2.9776297750935568,0.19814561210515683
8828,0.1464872770085921,1,3,1,284160,321450,28523,79433,2.977601985994294,0.19814509470344216
8829,0.1464908852431783,2,3,2,284163,321447,28525,79431,2.977574196895031,0.19814257704338975
8830,0.1464911025272789,0,10,0,284173,321437,28525,79431,2.9774815665641556,0.19814751988185636
8831,0.1464930329536566,2,4,2,284177,321433,28527,79429,2.9774445144318054,0.19814549645513918
8832,0.1464932746776339,1,0,1,284177,321433,28528,79428,2.9774445144318054,0.1981434961245918
8833,0.1464960974631102,2,30,2,284207,321403,28530,79426,2.977166623439179,0.19815432516110362
8834,0.1464963802570621,16,83,16,284290,321320,28546,79410,2.976397791692912,0.19816335188281387
8835,0.146496443083105,0,2,0,284292,321318,28546,79410,2.9763792656267367,0.1981643408995628
8836,0.1464995002767148,0,1,0,284293,321317,28546,79410,2.9763700025936495,0.19816483541163935
8837,0.1465012652184616,4,30,4,284323,321287,28550,79406,2.9760921116010226,0.1981716675859074
8838,0.1465019402251278,0,3,0,284326,321284,28550,79406,2.97606432250176,0.1981731513139834
8839,0.1465059026822556,4,11,4,284337,321273,28554,79402,2.975962429137797,0.198170587134211
8840,0.1465088194200829,0,7,0,284344,321266,28554,79402,2.975897587906184,0.19817404933760618
8841,0.1465108381602729,0,3,0,284347,321263,28554,79402,2.9758697988069214,0.19817553317609474
8842,0.1465193875946027,0,1,0,284348,321262,28554,79402,2.9758605357738337,0.19817602779386218
8843,0.1465221414481238,4,14,4,284362,321248,28558,79398,2.975730853310608,0.19817494745985234
8844,0.1465229139400132,0,6,0,284368,321242,28558,79398,2.9756752751120827,0.19817791533546325
8845,0.1465239555138351,11,41,11,284409,321201,28569,79387,2.975295490755493,0.19817618101390955
8846,0.1465251690289311,5,28,5,284437,321173,28574,79382,2.9750361258290416,0.19818002521501416
8847,0.1465262698567324,0,2,0,284439,321171,28574,79382,2.9750175997628663,0.1981810147471121
8848,0.1465266304220781,0,2,0,284441,321169,28574,79382,2.9749990736966914,0.19818200428909177
8849,0.1465272205493482,1,14,1,284455,321155,28575,79381,2.9748693912334656,0.19818692951445063
8850,0.1465278490330253,0,1,0,284456,321154,28575,79381,2.974860128200378,0.19818742431997205
8851,0.1465328708719488,3,16,3,284472,321138,28578,79378,2.9747119196709773,0.19818933575687364
8852,0.146535818001965,0,5,0,284477,321133,28578,79378,2.9746656045055393,0.19819180996277255
8853,0.1465365707711888,1,26,1,284503,321107,28579,79377,2.9744247656452627,0.19820267476353612
8854,0.1465386172506368,4,4,4,284507,321103,28583,79373,2.974387713512913,0.19819664599127038
8855,0.1465390570719203,0,2,0,284509,321101,28583,79373,2.9743691874467375,0.19819763580157512
8856,0.1465425685548351,1,2,1,284511,321099,28584,79372,2.9743506613805626,0.19819662347585718
8857,0.1465428165236683,1,16,1,284527,321083,28585,79371,2.9742024528511615,0.19820254011696725
8858,0.1465441005728707,4,16,4,284543,321067,28589,79367,2.974054244321761,0.1982024503413796
8859,0.1465467590774949,0,4,0,284547,321063,28589,79367,2.9740171921894105,0.1982044302374947
8860,0.1465562822773228,0,5,0,284552,321058,28589,79367,2.9739708770239726,0.19820690516326403
8861,0.1465563407780852,1,2,1,284554,321056,28590,79366,2.9739523509577976,0.19820589278311382
8862,0.1465570702441526,0,1,0,284555,321055,28590,79366,2.97394308792471,0.19820638777686486
8863,0.1465572944105994,0,1,0,284556,321054,28590,79366,2.9739338248916227,0.19820688277308826
8864,0.1465579001882435,2,3,2,284559,321051,28592,79364,2.9739060357923597,0.1982043629734151
8865,0.1465603108953903,0,2,0,284561,321049,28592,79364,2.9738875097261848,0.19820535297305533
8866,0.1465619578096947,0,1,0,284562,321048,28592,79364,2.973878246693097,0.1982058479765841
8867,0.1465637439440909,2,0,2,284562,321048,28594,79362,2.973878246693097,0.19820184311081143
8868,0.1465678051290035,0,1,0,284563,321047,28594,79362,2.97386898366001,0.19820233810928325
8869,0.146570217597812,0,2,0,284565,321045,28594,79362,2.9738504575938345,0.19820332811364436
8870,0.1465729923405486,2,10,2,284575,321035,28596,79360,2.973757827262959,0.19820427328013587
8871,0.1465731462159362,2,4,2,284579,321031,28598,79358,2.9737207751306087,0.1982022483135151
8872,0.1465736868741295,3,5,3,284584,321026,28601,79355,2.973674459965171,0.19819871572327358
8873,0.1465750416071814,1,12,1,284596,321014,28602,79354,2.9735633035681204,0.19820265355872596
8874,0.1465768744142727,0,4,0,284600,321010,28602,79354,2.97352625143577,0.19820463378325723
8875,0.1465778502451053,8,70,8,284670,320940,28610,79346,2.9728778391196413,0.19822327036169138
8876,0.1465782735900122,0,1,0,284671,320939,28610,79346,2.9728685760865536,0.1982237655670335
8877,0.1465786789671283,2,10,2,284681,320929,28612,79344,2.972775945755678,0.19822471163430957
8878,0.1465869456281766,0,6,0,284687,320923,28612,79344,2.972720367557153,0.19822768302158308
8879,0.146587677605738,1,0,1,284687,320923,28613,79343,2.972720367557153,0.1982256799228513
8880,0.1465879603996899,10,16,10,284703,320907,28623,79333,2.972572159027752,0.19821357185688587
8881,0.1465905709049715,11,67,11,284770,320840,28634,79322,2.971951535810886,0.19822471898880953
8882,0.1465907720852295,1,20,1,284790,320820,28635,79321,2.9717662751491347,0.19823262300039235
8883,0.1465964339041134,1,7,1,284797,320813,28636,79320,2.971701433917522,0.1982340871660173
8884,0.1465969679072877,7,41,7,284838,320772,28643,79313,2.9713216495609323,0.1982403739205419
8885,0.1465971167063353,0,3,0,284841,320769,28643,79313,2.9712938604616697,0.1982418604186142
8886,0.1466007001958622,1,4,1,284845,320765,28644,79312,2.9712568083293194,0.19824183844609913
8887,0.1466019283179975,0,1,0,284846,320764,28644,79312,2.9712475452962317,0.19824233395654825
8888,0.1466033939979658,0,17,0,284863,320747,28644,79312,2.9710900737337433,0.19825075801319306
8889,0.1466036473258784,0,1,0,284864,320746,28644,79312,2.9710808107006557,0.19825125356823262
8890,0.1466043672323815,1,5,1,284869,320741,28645,79311,2.971034495535218,0.1982517272754542
8891,0.1466065168111702,19,72,19,284941,320669,28664,79292,2.970367557152914,0.19824932930960767
8892,0.1466083880901129,1,5,1,284946,320664,28665,79291,2.9703212419874765,0.19824980310284906
8893,0.1466089255169649,0,1,0,284947,320663,28665,79291,2.970311978954389,0.1982502987843602
8894,0.1466098316488804,1,13,1,284960,320650,28666,79290,2.9701915595242507,0.1982547382107316
8895,0.1466111423620092,1,1,1,284961,320649,28667,79289,2.970182296491163,0.19825322925053382
8896,0.146617149803121,0,2,0,284963,320647,28667,79289,2.970163770424988,0.19825422067530804
8897,0.1466182417417654,0,2,0,284965,320645,28667,79289,2.9701452443588128,0.19825521210999816
8898,0.1466212002069294,1,10,1,284975,320635,28668,79288,2.9700526140279373,0.19825816469670413
8899,0.146622016200134,12,74,12,285049,320561,28680,79276,2.9693671495794582,0.19827079534910477
8900,0.1466220604374281,1,8,1,285057,320553,28681,79275,2.9692930453147577,0.19827275728563282
8901,0.1466237006175861,0,4,0,285061,320549,28681,79275,2.969255993182408,0.19827474088598984
8902,0.1466270924996263,0,2,0,285063,320547,28681,79275,2.9692374671162325,0.19827573270105198
8903,0.146628376951888,0,3,0,285066,320544,28681,79275,2.96920967801697,0.19827722044225013
8904,0.1466340897388245,3,15,3,285081,320529,28684,79272,2.9690707325206565,0.19827864362520353
8905,0.1466343723857006,1,1,1,285082,320528,28685,79271,2.969061469487569,0.19827713425996563
8906,0.1466354493402984,0,1,0,285083,320527,28685,79271,2.9690522064544815,0.19827763020325265
8907,0.1466354866215496,4,34,4,285117,320493,28689,79267,2.968737263329505,0.19828647188312987
8908,0.1466362263132121,0,1,0,285118,320492,28689,79267,2.968728000296417,0.19828696789815864
8909,0.1466373847943869,4,10,4,285128,320482,28693,79263,2.9686353699655417,0.19828390599006868
8910,0.146638042375782,1,9,1,285137,320473,28694,79262,2.9685520026677534,0.19828636471662475
8911,0.1466383392201226,1,2,1,285139,320471,28695,79261,2.9685334766015785,0.19828535118529414
8912,0.1466430371212894,0,4,0,285143,320467,28695,79261,2.9684964244692282,0.1982873353880639
8913,0.1466432508184277,0,1,0,285144,320466,28695,79261,2.9684871614361406,0.19828783144496118
8914,0.1466444486370516,0,4,0,285148,320462,28695,79261,2.9684501093037903,0.19828981569737042
8915,0.146645733329262,1,13,1,285161,320449,28696,79260,2.968329689873652,0.19829425907347595
8916,0.1466475233796833,0,3,0,285164,320446,28696,79260,2.9683019007743896,0.19829574737432012
8917,0.1466496131980018,0,1,0,285165,320445,28696,79260,2.968292637741302,0.19829624347956618
8918,0.1466516881061666,0,3,0,285168,320442,28696,79260,2.9682648486420393,0.1982977318101986
8919,0.1466519195292336,0,1,0,285169,320441,28696,79260,2.9682555856089516,0.19829822792537422
8920,0.1466542821960013,3,28,3,285197,320413,28699,79257,2.9679962206825,0.19830610253459105
8921,0.1466569630301839,3,25,3,285222,320388,28702,79254,2.967764644855311,0.19831248967826204
8922,0.1466581399368485,0,7,0,285229,320381,28702,79254,2.9676998036236983,0.19831596331652632
8923,0.146659037284854,1,3,1,285232,320378,28703,79253,2.9676720145244357,0.19831544599893403
8924,0.1466604870361267,11,24,11,285256,320354,28714,79242,2.9674497017303345,0.19830528834122463
8925,0.1466625354664067,5,9,5,285265,320345,28719,79237,2.9673663344325467,0.19829972321075523
8926,0.1466642591780433,1,14,1,285279,320331,28720,79236,2.967236651969321,0.19830466479964562
8927,0.1466646037335058,0,4,0,285283,320327,28720,79236,2.9671995998369707,0.19830665001514156
8928,0.1466649460302487,0,1,0,285284,320326,28720,79236,2.967190336803883,0.1983071463252261
8929,0.1466652388653974,0,1,0,285285,320325,28720,79236,2.9671810737707953,0.198307642637795
8930,0.1466656220198289,0,1,0,285286,320324,28720,79236,2.967171810737708,0.19830813895284813
8931,0.1466657364089843,2,5,2,285291,320319,28722,79234,2.96712549557227,0.19830660763403102
8932,0.1466658529724783,2,17,2,285308,320302,28724,79232,2.9669680240097818,0.19831103235269087
8933,0.146666557984465,4,49,4,285357,320253,28728,79228,2.9665141353884916,0.19832732971029912
8934,0.1466675087827199,1,21,1,285378,320232,28729,79227,2.966319611693653,0.19833574910065865
8935,0.146669416702228,1,1,1,285379,320231,28730,79226,2.9663103486605653,0.1983342387290747
8936,0.1466697576419109,0,1,0,285380,320230,28730,79226,2.966301085627478,0.1983347352399263
8937,0.1466707626455567,0,3,0,285383,320227,28730,79226,2.966273296528215,0.19833622478739676
8938,0.1466728243196454,0,1,0,285384,320226,28730,79226,2.966264033495128,0.19833672130819222
8939,0.1466732769654725,0,5,0,285389,320221,28730,79226,2.96621771832969,0.19833920394946014
8940,0.146673584030735,0,1,0,285390,320220,28730,79226,2.966208455296602,0.19833970048517197
8941,0.1466743461350835,5,23,5,285413,320197,28735,79221,2.9659954055355886,0.19834108628053818
8942,0.1466755574890858,22,101,22,285514,320096,28757,79199,2.9650598391937457,0.19834708674037993
8943,0.1466762549450632,0,2,0,285516,320094,28757,79199,2.9650413131275704,0.19834808023180972
8944,0.1466763872502101,1,24,1,285540,320070,28758,79198,2.964819000333469,0.1983579951310899
8945,0.146677304908905,1,3,1,285543,320067,28759,79197,2.9647912112342065,0.1983574777590767
8946,0.1466787289990002,0,1,0,285544,320066,28759,79197,2.964781948201119,0.1983579745681418
8947,0.1466800289577091,1,14,1,285558,320052,28760,79196,2.964652265737893,0.19836292229391256
8948,0.1466827007632404,0,6,0,285564,320046,28760,79196,2.964596687539368,0.1983659033869182
8949,0.1466890592897402,8,62,8,285626,319984,28768,79188,2.9640223794879397,0.19838064794123836
8950,0.1466891990618686,2,25,2,285651,319959,28770,79186,2.9637908036607508,0.19838905660850067
8951,0.1466914842069136,16,57,16,285708,319902,28786,79170,2.96326281077476,0.19838525378879
8952,0.1467007384388477,1,2,1,285710,319900,28787,79169,2.963244284708585,0.19838423931701035
8953,0.1467027621418546,0,8,0,285718,319892,28787,79169,2.9631701804438846,0.1983882163378531
8954,0.1467033159454629,0,1,0,285719,319891,28787,79169,2.963160917410797,0.19838871347667017
8955,0.1467036081807584,1,5,1,285724,319886,28788,79168,2.9631146022453594,0.19838919043537967
8956,0.1467079409665115,1,8,1,285732,319878,28789,79167,2.963040497980659,0.1983911588918543
8957,0.1467112288520038,1,12,1,285744,319866,28790,79166,2.962929341583608,0.1983951161811584
8958,0.1467135626531754,3,5,3,285749,319861,28793,79163,2.9628830264181705,0.19839157544408356
8959,0.1467193792684834,18,52,18,285801,319809,28811,79145,2.9624013486976177,0.19838126701323963
8960,0.1467203187432723,1,6,1,285807,319803,28812,79144,2.962345770499092,0.19838224125009085
8961,0.1467240456355492,4,16,4,285823,319787,28816,79140,2.9621975619696914,0.19838216014458784
8962,0.1467256698814523,0,7,0,285830,319780,28816,79140,2.9621327207380785,0.19838564123132457
8963,0.1467260383702003,1,12,1,285842,319768,28817,79139,2.9620215643410277,0.1983895995808547
8964,0.1467340410052851,9,25,9,285867,319743,28826,79130,2.961789988513839,0.19838394677002455
8965,0.1467346279665256,4,21,4,285888,319722,28830,79126,2.961595464819,0.1983863526957638
8966,0.1467352068872319,0,5,0,285893,319717,28830,79126,2.9615491496535626,0.19838883971888688
8967,0.1467372460261413,0,2,0,285895,319715,28830,79126,2.9615306235873873,0.19838983454559586
8968,0.1467385919694701,0,1,0,285896,319714,28830,79126,2.9615213605543,0.19839033196269182
8969,0.146742079016751,0,3,0,285899,319711,28830,79126,2.9614935714550374,0.19839182422894566
8970,0.1467425945245544,0,3,0,285902,319708,28830,79126,2.9614657823557744,0.19839331651764894
8971,0.1467449054336612,0,5,0,285907,319703,28830,79126,2.961419467190337,0.19839580371537677
8972,0.1467450596532402,0,3,0,285910,319700,28830,79126,2.9613916780910743,0.19839729606394768
8973,0.1467456052942081,4,41,4,285951,319659,28834,79122,2.9610118937344843,0.19840965341879377
8974,0.1467462016887235,3,25,3,285976,319634,28837,79119,2.9607803179072953,0.19841606207351417
8975,0.1467463932968481,0,7,0,285983,319627,28837,79119,2.9607154766756825,0.19841954527443537
8976,0.1467509508481264,0,4,0,285987,319623,28837,79119,2.9606784245433326,0.19842153572987045
8977,0.1467533239428918,0,1,0,285988,319622,28837,79119,2.960669161510245,0.19842203334996902
8978,0.1467592438426093,2,10,2,285998,319612,28839,79117,2.9605765311793695,0.19842298904769906
8979,0.146763145801171,2,21,2,286019,319591,28841,79115,2.960382007484531,0.19842941917101825
8980,0.1467652906394134,1,29,1,286048,319562,28842,79114,2.9601133795249917,0.1984418424986706
8981,0.146767835087691,0,1,0,286049,319561,28842,79114,2.960104116491904,0.19844234025208504
8982,0.1467679673928379,0,3,0,286052,319558,28842,79114,2.9600763273926414,0.19844383352731068
8983,0.1467690853218125,2,6,2,286058,319552,28844,79112,2.960020749194116,0.19844279894848796
8984,0.1467704889173212,5,32,5,286090,319520,28849,79107,2.9597243321353144,0.19844867507720249
8985,0.1467714180717004,3,16,3,286106,319504,28852,79104,2.9595761236059137,0.19845060811624454
8986,0.14677249293923,2,23,2,286129,319481,28854,79102,2.9593630738448997,0.19845803759819158
8987,0.1467823693828249,1,8,1,286137,319473,28855,79101,2.959288969580199,0.19846000993541976
8988,0.1467864464880481,0,1,0,286138,319472,28855,79101,2.959279706547112,0.19846050786179695
8989,0.1467865506054504,2,18,2,286156,319454,28857,79099,2.959112971951536,0.19846544876089253
8990,0.1467872085923967,5,9,5,286165,319445,28862,79094,2.9590296046537476,0.1984598746923137
8991,0.1467881435212423,4,14,4,286179,319431,28866,79090,2.958899922190522,0.19845880141824396
8992,0.1467886908082337,0,6,0,286185,319425,28866,79090,2.9588443439919967,0.19846178939312198
8993,0.1467895389217292,4,67,4,286252,319358,28870,79086,2.9582237207751305,0.19848711487687104
8994,0.1467901673662182,0,1,0,286253,319357,28870,79086,2.958214457742043,0.1984876130337338
8995,0.1467902302947662,2,4,2,286257,319353,28872,79084,2.958177405609693,0.1984855824132799
8996,0.1467920821244495,0,2,0,286259,319351,28872,79084,2.9581588795435176,0.19848657873931758
8997,0.1467925404609837,0,1,0,286260,319350,28872,79084,2.95814961651043,0.19848707690608733
8998,0.1467940908418584,2,9,2,286269,319341,28874,79082,2.958066249212642,0.1984875371150762
8999,0.1467953996305211,0,2,0,286271,319339,28874,79082,2.9580477231464672,0.19848853348593573
9000,0.1468014564292835,3,14,3,286285,319325,28877,79079,2.9579180406832415,0.19848947299725905
9001,0.1468020413392514,0,1,0,286286,319324,28877,79079,2.957908777650154,0.19848997121005615
9002,0.1468063128529999,0,2,0,286288,319322,28877,79079,2.9578902515839784,0.1984909676431535
9003,0.1468064608661037,4,35,4,286323,319287,28881,79075,2.957566045425914,0.19850035896998208
9004,0.1468069077362645,0,8,0,286331,319279,28881,79075,2.957491941161214,0.1985043453812438
9005,0.146808275657043,0,1,0,286332,319278,28881,79075,2.9574826781281263,0.19850484369390967
9006,0.1468096543624299,1,1,1,286333,319277,28882,79074,2.9574734150950386,0.19850332997783363
9007,0.1468102575893461,4,14,4,286347,319263,28886,79070,2.957343732631813,0.1985022581608855
9008,0.1468102706096874,0,4,0,286351,319259,28886,79070,2.9573066804994625,0.1985042515106859
9009,0.1468157981935563,0,9,0,286360,319250,28886,79070,2.9572233132016748,0.19850873669411528
9010,0.1468174343343047,2,20,2,286380,319230,28888,79068,2.957038052539924,0.1985146799632436
9011,0.146818605947783,1,4,1,286384,319226,28889,79067,2.9570010004075735,0.19851466131717102
9012,0.1468211989832666,1,3,1,286387,319223,28890,79066,2.956973211308311,0.1985141442520381
9013,0.146821319392178,0,6,0,286393,319217,28890,79066,2.9569176331097853,0.19851713480113387
9014,0.1468217787428256,21,66,21,286459,319151,28911,79045,2.956306272926007,0.19850777004289344
9015,0.146822458745146,0,3,0,286462,319148,28911,79045,2.956278483826744,0.19850926560738136
9016,0.1468241120406266,1,2,1,286464,319146,28912,79044,2.9562599577605693,0.19850824983048293
9017,0.1468288104149842,1,4,1,286468,319142,28913,79043,2.956222905628219,0.19850823109860993
9018,0.1468331199633267,1,2,1,286470,319140,28914,79042,2.9562043795620436,0.198507215293509
9019,0.1468331852075413,3,30,3,286500,319110,28917,79039,2.955926488569417,0.19851613340734248
9020,0.1468336286415307,0,1,0,286501,319109,28917,79039,2.9559172255363295,0.19851663200618866
9021,0.1468358559260958,1,18,1,286519,319091,28918,79038,2.9557504909407535,0.19852359411145634
9022,0.1468369146457258,0,4,0,286523,319087,28918,79038,2.955713438808403,0.19852558869701728
9023,0.1468371782669558,3,17,3,286540,319070,28921,79035,2.955555967245915,0.19852802652566534
9024,0.1468373925158602,1,3,1,286543,319067,28922,79034,2.9555281781466523,0.19852750935064217
9025,0.1468403222631433,1,2,1,286545,319065,28923,79033,2.9555096520804773,0.19852649347648066
9026,0.1468413509399796,0,1,0,286546,319064,28923,79033,2.9555003890473897,0.19852699216522607
9027,0.1468435602788535,0,7,0,286553,319057,28923,79033,2.9554355478157768,0.19853048305659524
9028,0.1468444356566237,9,29,9,286582,319028,28932,79024,2.9551669198562376,0.19852682564087104
9029,0.1468445383848029,2,7,2,286589,319021,28934,79022,2.9551020786246247,0.19852628987320464
9030,0.1468453785722571,0,3,0,286592,319018,28934,79022,2.955074289525362,0.1985277861521455
9031,0.1468508239852371,0,3,0,286595,319015,28934,79022,2.9550465004260995,0.19852928245364124
9032,0.1468525960146915,15,57,15,286652,318958,28949,79007,2.954518507540109,0.19852750870051386
9033,0.1468529915954356,1,1,1,286653,318957,28950,79006,2.9545092445070216,0.19852599362252268
9034,0.146854545731636,0,6,0,286659,318951,28950,79006,2.954453666308496,0.1985289868000814
9035,0.146854770540329,0,3,0,286662,318948,28950,79006,2.9544258772092333,0.19853048342270715
9036,0.1468553037972449,0,2,0,286664,318946,28950,79006,2.9544073511430584,0.19853148118366035
9037,0.1468600924272695,0,1,0,286665,318945,28950,79006,2.9543980881099707,0.1985319800678978
9038,0.1468618856064848,2,2,2,286667,318943,28952,79004,2.954379562043796,0.19852894983502828
9039,0.1468638133054396,4,6,4,286673,318937,28956,79000,2.95432398384527,0.1985238869469288
9040,0.1468646148715025,57,204,57,286877,318733,29013,78943,2.952434325095409,0.19851084802703708
9041,0.1468652031125564,1,14,1,286891,318719,29014,78942,2.9523046426321833,0.19851582126484618
9042,0.1468659081245431,2,16,2,286907,318703,29016,78940,2.9521564341027826,0.1985197777906313
9043,0.1468697413322435,1,0,1,286907,318703,29017,78939,2.9521564341027826,0.19851776220821743
9044,0.1468727286635534,1,4,1,286911,318699,29018,78938,2.9521193819704323,0.1985177435701406
9045,0.1468751023685048,4,47,4,286958,318652,29022,78934,2.9516840194153176,0.19853314754543672
9046,0.1468780999336007,0,1,0,286959,318651,29022,78934,2.95167475638223,0.1985336468931172
9047,0.146879352522491,2,20,2,286979,318631,29024,78932,2.951489495720479,0.1985396025284043
9048,0.1468807697225248,1,0,1,286979,318631,29025,78931,2.951489495720479,0.19853758659026768
9049,0.1468836236102572,4,7,4,286986,318624,29029,78927,2.951424654488866,0.19853301840518575
9050,0.1468847455667284,0,1,0,286987,318623,29029,78927,2.9514153914557784,0.19853351779650358
9051,0.1468891487160913,0,1,0,286988,318622,29029,78927,2.9514061284226907,0.19853401719033378
9052,0.1468897980256038,12,71,12,287059,318551,29041,78915,2.950748453073474,0.1985452843765253
9053,0.146897757979848,2,10,2,287069,318541,29043,78913,2.9506558227425987,0.198546246861272
9054,0.1468989622670549,0,1,0,287070,318540,29043,78913,2.950646559709511,0.19854674640775136
9055,0.1469010145314547,0,10,0,287080,318530,29043,78913,2.9505539293786356,0.19855174201080406
9056,0.1469113896027668,0,1,0,287081,318529,29043,78913,2.9505446663455484,0.19855224158493567
9057,0.1469154712561464,3,17,3,287098,318512,29046,78910,2.9503871947830596,0.1985546849444671
9058,0.1469183634947165,1,5,1,287103,318507,29047,78909,2.950340879617622,0.19855516637478107
9059,0.1469234790996872,0,1,0,287104,318506,29047,78909,2.9503316165845344,0.19855566599146987
9060,0.1469236853489423,7,42,7,287146,318464,29054,78902,2.949942569194857,0.19856253428828838
9061,0.1469242552620204,16,82,16,287228,318382,29070,78886,2.949183000481678,0.19857124157999134
9062,0.1469284549415702,0,1,0,287229,318381,29070,78886,2.9491737374485902,0.19857174142327452
9063,0.1469329332874744,0,2,0,287231,318379,29070,78886,2.949155211382415,0.19857274111739015
9064,0.1469369744979398,1,7,1,287238,318372,29071,78885,2.949090370150802,0.19857422273238734
9065,0.1469380509717776,0,8,0,287246,318364,29071,78885,2.949016265886102,0.19857822171987846
9066,0.146943228898438,6,24,6,287270,318340,29077,78879,2.9487939530920007,0.19857811433994849
9067,0.1469433872714649,0,2,0,287272,318338,29077,78879,2.9487754270258253,0.19857911418695576
9068,0.1469447071155384,0,7,0,287279,318331,29077,78879,2.9487105857942124,0.19858261373077213
9069,0.1469461258742638,1,1,1,287280,318330,29078,78878,2.9487013227611247,0.198581096050432
9070,0.1469462978182873,3,1,3,287281,318329,29081,78875,2.9486920597280375,0.19857554304589078
9071,0.1469463746027747,1,7,1,287288,318322,29082,78874,2.9486272184964246,0.19857702494486348
9072,0.1469464113151946,3,24,3,287312,318298,29085,78871,2.9484049057023234,0.19858297097709035
9073,0.1469496666736679,1,0,1,287312,318298,29086,78870,2.9484049057023234,0.19858095314828988
9074,0.1469520054031888,1,0,1,287312,318298,29087,78869,2.9484049057023234,0.19857893530932832
9075,0.1469520626474157,3,24,3,287336,318274,29090,78866,2.9481825929082217,0.19858488190562523
9076,0.1469539936464352,2,18,2,287354,318256,29092,78864,2.9480158583126457,0.19858984689766318
9077,0.1469604754541171,3,29,3,287383,318227,29095,78861,2.947747230353107,0.19859829559190909
9078,0.1469606423779436,10,36,10,287419,318191,29105,78851,2.947413761161955,0.19859611829478996
9079,0.1469652319003031,2,4,2,287423,318187,29107,78849,2.9473767090296046,0.19859408214872204
9080,0.1469667249249987,2,0,2,287423,318187,29109,78847,2.9473767090296046,0.19859004518504714
9081,0.1469685561177004,2,6,2,287429,318181,29111,78845,2.9473211308310794,0.19858900928402673
9082,0.1469688027360114,15,45,15,287474,318136,29126,78830,2.9469042943421395,0.1985812386955054
9083,0.1469713001287269,0,14,0,287488,318122,29126,78830,2.9467746118789138,0.19858824240714243
9084,0.1469748099967562,0,3,0,287491,318119,29126,78830,2.946746822779651,0.19858974326676726
9085,0.1469762572642767,2,2,2,287493,318117,29128,78828,2.946728296713476,0.1985867059668216
9086,0.1469765495829649,16,120,16,287613,317997,29144,78812,2.945616732742969,0.19861444674893966
9087,0.1469796753327208,1,5,1,287618,317992,29145,78811,2.9455704175775317,0.19861492982663942
9088,0.1469804383421093,1,16,1,287634,317976,29146,78810,2.9454222090481306,0.19862091908484675
9089,0.1469813781682316,5,18,5,287652,317958,29151,78805,2.9452554744525545,0.19861983098222363
9090,0.1469844141863129,1,7,1,287659,317951,29152,78804,2.9451906332209417,0.19862131542135575
9091,0.1469855911208666,0,7,0,287666,317944,29152,78804,2.945125791989329,0.19862481978485083
9092,0.146987004626924,4,5,4,287671,317939,29156,78800,2.9450794768238913,0.19861924338166906
9093,0.1469874936613204,1,2,1,287673,317937,29157,78799,2.945060950757716,0.1986182247136635
9094,0.1469880582813972,3,2,3,287675,317935,29160,78796,2.945042424691541,0.19861316609995186
9095,0.1469897485482003,27,110,27,287785,317825,29187,78769,2.94402349105191,0.19861369561818887
9096,0.1469912146309805,0,3,0,287788,317822,29187,78769,2.9439957019526473,0.1986151980251695
9097,0.1469913168665305,1,5,1,287793,317817,29188,78768,2.9439493867872097,0.19861568137977986
9098,0.1469934663460886,9,20,9,287813,317797,29197,78759,2.9437641261254583,0.1986075106668415
9099,0.1469947497705992,0,3,0,287816,317794,29197,78759,2.9437363370261957,0.1986090131710011
9100,0.1469968801839318,3,22,3,287838,317772,29200,78756,2.94353255029827,0.19861396925311706
9101,0.1470013807682953,1,3,1,287841,317769,29201,78755,2.943504761199007,0.1986134508882186
9102,0.1470049353503102,21,105,21,287946,317664,29222,78734,2.9425321427248137,0.1986236055681411
9103,0.1470082861638051,3,9,3,287955,317655,29225,78731,2.942448775427026,0.19862205022377177
9104,0.1470085691333088,4,28,4,287983,317627,29229,78727,2.9421894105005744,0.19862799416683066
9105,0.1470106204371612,2,13,2,287996,317614,29231,78725,2.9420689910704363,0.19863046533396916
9106,0.1470110582223513,1,8,1,288004,317606,29232,78724,2.9419948868057357,0.1986324527540181
9107,0.1470116969109989,8,22,8,288026,317584,29240,78716,2.9417911000778094,0.1986273025485743
9108,0.1470181472297619,0,6,0,288032,317578,29240,78716,2.941735521879284,0.19863030982048682
9109,0.1470200350841981,0,1,0,288033,317577,29240,78716,2.9417262588461965,0.1986308110413255
9110,0.1470205491233447,0,6,0,288039,317571,29240,78716,2.9416706806476713,0.1986338184194788
9111,0.1470221981986973,2,20,2,288059,317551,29242,78714,2.9414854199859204,0.19863979912432336
9112,0.1470226860239473,1,2,1,288061,317549,29243,78713,2.941466893919745,0.1986387793934316
9113,0.1470227594973805,2,1,2,288062,317548,29245,78711,2.9414576308866573,0.1986352360451119
9114,0.1470246787640717,1,9,1,288071,317539,29246,78710,2.9413742635888696,0.1986377252687073
9115,0.1470254267075724,1,0,1,288071,317539,29247,78709,2.9413742635888696,0.19863570289313764
9116,0.1470278516185597,1,2,1,288073,317537,29248,78708,2.9413557375226946,0.19863468308748375
9117,0.1470327282100962,3,9,3,288082,317528,29251,78705,2.9412723702249064,0.1986331274780243
9118,0.1470327754715407,23,112,23,288194,317416,29274,78682,2.9402349105191004,0.19864276012501958
9119,0.1470353488249281,18,153,18,288347,317263,29292,78664,2.9388176664567047,0.19868309056972625
9120,0.1470368035790943,18,93,18,288440,317170,29310,78646,2.937956204379562,0.1986933322553914
9121,0.1470408006596366,0,1,0,288441,317169,29310,78646,2.9379469413464743,0.19869383424074377
9122,0.1470420727763533,0,3,0,288444,317166,29310,78646,2.9379191522472117,0.19869534021201984
9123,0.1470427494753139,13,59,13,288503,317107,29323,78633,2.937372633295046,0.19869864052155456
9124,0.1470455881987283,1,0,1,288503,317107,29324,78632,2.937372633295046,0.19869661569873073
9125,0.1470482676660227,0,2,0,288505,317105,29324,78632,2.937354107228871,0.1986976198839128
9126,0.1470509134290908,0,6,0,288511,317099,29324,78632,2.9372985290303455,0.1987006325003601
9127,0.1470512307974579,0,2,0,288513,317097,29324,78632,2.9372800029641706,0.19870163672614338
9128,0.1470522435102262,0,3,0,288516,317094,29324,78632,2.937252213864908,0.19870314308385095
9129,0.1470592370600879,3,14,3,288530,317080,29327,78629,2.9371225314016822,0.19870409821358626
9130,0.1470597530332526,0,3,0,288533,317077,29327,78629,2.9370947423024196,0.19870560466609047
9131,0.1470631496000643,2,6,2,288539,317071,29329,78627,2.937039164103894,0.19870456762480476
9132,0.1470647095078451,1,6,1,288545,317065,29330,78626,2.936983585905369,0.19870555559767597
9133,0.1470649628057519,0,3,0,288548,317062,29330,78626,2.936955796806106,0.1987070621297588
9134,0.1470655206094347,0,1,0,288549,317061,29330,78626,2.9369465337730185,0.19870756431219624
9135,0.147067978526281,3,19,3,288568,317042,29333,78623,2.9367705361443552,0.1987110307962544
9136,0.1470692100922086,0,2,0,288570,317040,29333,78623,2.93675201007818,0.19871203524211262
9137,0.1470705261231532,12,87,12,288657,316953,29345,78611,2.9359461261995627,0.19873143157617984
9138,0.1470712352167861,1,2,1,288659,316951,29346,78610,2.935927600133388,0.1987304107331107
9139,0.1470712554753486,0,2,0,288661,316949,29346,78610,2.9359090740672125,0.19873141554104445
9140,0.1470758444763301,4,9,4,288670,316940,29350,78606,2.9358257067694247,0.19872783443644987
9141,0.147077586844492,3,16,3,288686,316924,29353,78603,2.9356774982400236,0.19872979594313409
9142,0.1470784514685386,2,14,2,288700,316910,29355,78601,2.935547815776798,0.19873277860792746
9143,0.1470848581034992,0,13,0,288713,316897,29355,78601,2.9354273963466597,0.1987393109446824
9144,0.1470925286047359,0,3,0,288716,316894,29355,78601,2.935399607247397,0.1987408184679958
9145,0.1470971359033591,2,6,2,288722,316888,29357,78599,2.935344029048872,0.19873978158574113
9146,0.1471009354431263,2,10,2,288732,316878,29359,78597,2.935251398717996,0.19874075478854542
9147,0.1471042115112062,6,26,6,288758,316852,29365,78591,2.93501055985772,0.19874166441181157
9148,0.1471060229906232,1,1,1,288759,316851,29366,78590,2.935001296824632,0.19874014075424654
9149,0.1471061331419269,0,1,0,288760,316850,29366,78590,2.9349920337915445,0.19874064333400768
9150,0.1471097060527787,0,1,0,288761,316849,29366,78590,2.9349827707584573,0.19874114591631073
9151,0.147114446598858,0,1,0,288762,316848,29366,78590,2.9349735077253696,0.1987416485011557
9152,0.1471145724497918,1,7,1,288769,316841,29367,78589,2.9349086664937567,0.19874314037882812
9153,0.1471154596002387,1,28,1,288797,316813,29368,78588,2.934649301567305,0.1987551877714017
9154,0.1471156808826176,5,50,5,288847,316763,29373,78583,2.9341861499129274,0.19877019117431313
9155,0.1471169223045313,1,4,1,288851,316759,29374,78582,2.934149097780577,0.19877017562054025
9156,0.1471201167518664,0,3,0,288854,316756,29374,78582,2.9341213086813145,0.19877168397674902
9157,0.1471209722908635,0,3,0,288857,316753,29374,78582,2.934093519582052,0.19877319235585011
9158,0.1471245593683122,1,28,1,288885,316725,29375,78581,2.9338341546556004,0.19878524484829474
9159,0.1471250863185699,5,63,5,288948,316662,29380,78576,2.9332505835710845,0.19880679489320358
9160,0.1471274236653249,0,2,0,288950,316660,29380,78576,2.9332320575049096,0.1988078009088241
9161,0.1471311312951917,1,6,1,288956,316654,29381,78575,2.933176479306384,0.19880879186496941
9162,0.1471332875500396,1,2,1,288958,316652,29382,78574,2.933157953240209,0.19880777074382758
9163,0.1471334747264259,8,17,8,288975,316635,29390,78566,2.9330004816777206,0.19880010425074834
9164,0.1471358658377416,2,3,2,288978,316632,29392,78564,2.932972692578458,0.19879755867974372
9165,0.1471383554470665,4,20,4,288998,316612,29396,78560,2.9327874319167067,0.19879951008674704
9166,0.1471423858661205,9,79,9,289077,316533,29405,78551,2.93205565230279,0.1988210102155491
9167,0.1471445641157124,3,9,3,289086,316524,29408,78548,2.931972285005002,0.19881945569415196
9168,0.1471452262890424,1,10,1,289096,316514,29409,78547,2.9318796546741264,0.19882246032891124
9169,0.147151417717368,14,61,14,289157,316453,29423,78533,2.931314609655786,0.19882476847280664
9170,0.147152661611151,0,3,0,289160,316450,29423,78533,2.9312868205565232,0.19882627859933213
9171,0.1471530432857844,1,4,1,289164,316446,29424,78532,2.931249768424173,0.19882626374127166
9172,0.1471536631169498,0,2,0,289166,316444,29424,78532,2.9312312423579976,0.19882727051770235
9173,0.1471573982766025,1,0,1,289166,316444,29425,78531,2.9312312423579976,0.19882524210393063
9174,0.1471585040427206,4,16,4,289182,316428,29429,78527,2.931083033828597,0.19882518261574103
9175,0.1471589561966338,12,69,12,289251,316359,29441,78515,2.9304438845455554,0.19883557793118817
9176,0.1471593632573954,0,4,0,289255,316355,29441,78515,2.9304068324132055,0.1988375921189252
9177,0.147162274868139,1,1,1,289256,316354,29442,78514,2.930397569380118,0.19883606673622578
9178,0.1471623221295835,2,30,2,289286,316324,29444,78512,2.930119678387491,0.1988471162710594
9179,0.147164895482971,6,30,6,289316,316294,29450,78506,2.9298417873948646,0.1988500506585613
9180,0.1471654415267743,0,12,0,289328,316282,29450,78506,2.9297306309978137,0.19885609491676545
9181,0.1471679713384731,1,2,1,289330,316280,29451,78505,2.929712104931639,0.19885507301442557
9182,0.1471703179219933,1,3,1,289333,316277,29452,78504,2.929684315832376,0.19885455480380262
9183,0.147170650268805,0,10,0,289343,316267,29452,78504,2.9295916855015007,0.1988595920166375
9184,0.1471731397667847,3,13,3,289356,316254,29455,78501,2.929471266071362,0.19886005243758786
9185,0.1471734288065774,1,6,1,289362,316248,29456,78500,2.929415687872837,0.19886104552777975
9186,0.1471739232186956,0,3,0,289365,316245,29456,78500,2.9293878987735744,0.19886255684049195
9187,0.1471746400843308,12,90,12,289455,316155,29468,78488,2.9285542257956947,0.19888354791545776
9188,0.1471750196232274,1,2,1,289457,316153,29469,78487,2.9285356997295193,0.19888252584634097
9189,0.1471764644431494,0,4,0,289461,316149,29469,78487,2.928498647597169,0.19888454170425404
9190,0.1471797790811483,0,1,0,289462,316148,29469,78487,2.928489384564082,0.1988850456751175
9191,0.1471808794790155,4,17,4,289479,316131,29473,78483,2.9283319130015935,0.1988854931654731
9192,0.1471828293555565,0,1,0,289480,316130,29473,78483,2.9283226499685058,0.1988859971668445
9193,0.147182876617001,12,77,12,289557,316053,29485,78471,2.927609396420764,0.1989004471210877
9194,0.1471879013487181,8,37,8,289594,316016,29493,78463,2.9272666641965244,0.19890285667931626
9195,0.1471898609179943,0,2,0,289596,316014,29493,78463,2.9272481381303495,0.1989038651176114
9196,0.1471928051904416,0,12,0,289608,316002,29493,78463,2.9271369817332986,0.19890991596212593
9197,0.1471936759725598,5,30,5,289638,315972,29498,78458,2.926859090740672,0.19891488984103642
9198,0.147193679350347,1,8,1,289646,315964,29499,78457,2.9267849864759716,0.198916893370282
9199,0.1471968045229436,2,18,2,289664,315946,29501,78455,2.9266182518803956,0.19892190942720733
9200,0.1471977205608124,1,8,1,289672,315938,29502,78454,2.9265441476156955,0.19892391326396072
9201,0.1472040411401839,1,8,1,289680,315930,29503,78453,2.926470043350995,0.19892591719217106
9202,0.1472058426866641,0,1,0,289681,315929,29503,78453,2.9264607803179072,0.1989264215912491
9203,0.1472071206656473,5,28,5,289709,315901,29508,78448,2.9262014153914557,0.19893038907160915
9204,0.1472074644501461,10,70,10,289779,315831,29518,78438,2.925553003075327,0.19894539007631845
9205,0.14720877875978,5,37,5,289816,315794,29523,78433,2.9252102708510876,0.19895390219340633
9206,0.1472159320790252,98,617,98,290433,315177,29621,78335,2.9194949794360667,0.19906635629917258
9207,0.1472176873602251,1,9,1,290442,315168,29622,78334,2.9194116121382785,0.19906887385578725
9208,0.1472183568562331,7,42,7,290484,315126,29629,78327,2.9190225647486012,0.19907587437381338
9209,0.1472185054324127,113,680,113,291164,314446,29742,78214,2.9127237022490644,0.1991901390515968
9210,0.1472190038079527,0,3,0,291167,314443,29742,78214,2.912695913149802,0.19919166091525173
9211,0.1472191354989767,1,12,1,291179,314431,29743,78213,2.912584756752751,0.1991957090901682
9212,0.1472192470412813,1,17,1,291196,314414,29744,78212,2.9124272851902626,0.19920229429533448
9213,0.1472194717941612,7,35,7,291231,314379,29751,78205,2.9121030790321982,0.19920577506979398
9214,0.1472200708161873,1,0,1,291231,314379,29752,78204,2.9121030790321982,0.19920373526107854
9215,0.1472202608852947,0,1,0,291232,314378,29752,78204,2.9120938159991105,0.19920424268051007
9216,0.1472227114378195,0,1,0,291233,314377,29752,78204,2.9120845529660233,0.1992047501025266
9217,0.1472242981056873,0,1,0,291234,314376,29752,78204,2.9120752899329356,0.19920525752712823
9218,0.1472248883905429,1,7,1,291241,314369,29753,78203,2.9120104487013228,0.1992067697135812
9219,0.1472253377580516,12,63,12,291304,314306,29765,78191,2.911426877616807,0.19921426151027907
9220,0.1472255487138839,2,3,2,291307,314303,29767,78189,2.9113990885175443,0.19921170367803676
9221,0.1472271798391851,0,2,0,291309,314301,29767,78189,2.911380562451369,0.19921271879538333
9222,0.1472273090561712,1,6,1,291315,314295,29768,78188,2.9113249842528437,0.19921372390651315
9223,0.1472276680047932,0,3,0,291318,314292,29768,78188,2.911297195153581,0.1992152466367713
9224,0.1472316663215586,2,20,2,291338,314272,29770,78186,2.91111193449183,0.19922131794994624
9225,0.1472321256116188,7,50,7,291388,314222,29777,78179,2.9106487828374523,0.19923241785826235
9226,0.1472370132055655,33,167,33,291555,314055,29810,78146,2.909101856311831,0.19924987442663328
9227,0.1472381562849791,2,13,2,291568,314042,29812,78144,2.9089814368816924,0.19925239554701085
9228,0.1472388351682406,1,3,1,291571,314039,29813,78143,2.90895364778243,0.1992518779546231
9229,0.1472442417537788,1,2,1,291573,314037,29814,78142,2.908935121716255,0.19925085228938827
9230,0.1472463371837391,5,22,5,291595,314015,29819,78137,2.9087313349883286,0.19925182072257697
9231,0.1472477469740969,20,168,20,291763,313847,29839,78117,2.9071751454296195,0.19929636395179148
9232,0.1472532590721992,0,13,0,291776,313834,29839,78117,2.9070547259994814,0.19930297409625183
9233,0.1472585542260804,0,8,0,291784,313826,29839,78117,2.906980621734781,0.19930704209540673
9234,0.1472607434519766,6,58,6,291842,313768,29845,78111,2.9064433658157025,0.19932428121945805
9235,0.1472608264790875,0,10,0,291852,313758,29845,78111,2.906350735484827,0.1993293677223766
9236,0.1472618327326758,1,6,1,291858,313752,29846,78110,2.906295157286302,0.19933037651009794
9237,0.1472621114997851,17,66,17,291924,313686,29863,78093,2.9056837971025233,0.19932921366382578
9238,0.1472628371686524,1,4,1,291928,313682,29864,78092,2.905646744970173,0.199329205102942
9239,0.1472633592265355,1,4,1,291932,313678,29865,78091,2.9056096928378228,0.1993291965418397
9240,0.1472642801746812,9,66,9,291998,313612,29874,78082,2.9049983326540443,0.19934438617900707
9241,0.147264633846857,1,3,1,292001,313609,29875,78081,2.9049705435547817,0.19934386887589675
9242,0.1472650089492052,0,3,0,292004,313606,29875,78081,2.904942754455519,0.199345395685841
9243,0.1472661388407859,1,5,1,292009,313601,29876,78080,2.904896439290081,0.19934589627783833
9244,0.1472710052377989,1,12,1,292021,313589,29877,78079,2.9047852828930303,0.1993499596597118
9245,0.1472711901556346,1,5,1,292026,313584,29878,78078,2.9047389677275928,0.1993504603459105
9246,0.1472713665000338,5,20,5,292046,313564,29883,78073,2.904553707065842,0.19935041888279198
9247,0.1472778278108646,1,22,1,292068,313542,29884,78072,2.9043499203379155,0.19935957345753727
9248,0.1472786610950098,0,8,0,292076,313534,29884,78072,2.904275816073215,0.19936364611369592
9249,0.1472809436613947,1,5,1,292081,313529,29885,78071,2.9042295009077774,0.19936414708886618
9250,0.1472814935179848,7,50,7,292131,313479,29892,78064,2.9037663492533996,0.19937529211350988
9251,0.1472858532487959,0,1,0,292132,313478,29892,78064,2.903757086220312,0.19937580131888788
9252,0.1472873904299944,1,2,1,292134,313476,29893,78063,2.903738560154137,0.19937477492663566
9253,0.1472902612649204,3,16,3,292150,313460,29896,78060,2.903590351624736,0.19937678790355537
9254,0.1472948344893509,0,1,0,292151,313459,29896,78060,2.9035810885916487,0.19937729714266741
9255,0.1472957805818905,0,1,0,292152,313458,29896,78060,2.903571825558561,0.1993778063843808
9256,0.1472980943706186,7,17,7,292169,313441,29903,78053,2.9034143539960726,0.19937214874302034
9257,0.1472992973150801,1,4,1,292173,313437,29904,78052,2.9033773018637223,0.19937214072426046
9258,0.1473017347314165,5,4,5,292177,313433,29909,78047,2.903340249731372,0.19936395218146521
9259,0.1473056130608611,0,3,0,292180,313430,29909,78047,2.9033124606321095,0.19936547996434018
9260,0.1473063059572317,2,15,2,292195,313415,29911,78045,2.903173515135796,0.19936902876411383
9261,0.1473094760737916,1,9,1,292204,313406,29912,78044,2.9030901478380082,0.19937156724996807
9262,0.1473100296732802,1,17,1,292221,313389,29913,78043,2.90293267627552,0.19937818062907478
9263,0.1473104261370584,0,2,0,292223,313387,29913,78043,2.9029141502093445,0.1993791993459878
9264,0.1473107156416045,0,1,0,292224,313386,29913,78043,2.902904887176257,0.19937970870834812
9265,0.1473124232750438,0,6,0,292230,313380,29913,78043,2.9028493089777316,0.19938276493716517
9266,0.1473141437009866,25,110,25,292340,313270,29938,78018,2.9018303753381005,0.1993876633068226
9267,0.1473171319310024,1,5,1,292345,313265,29939,78017,2.901784060172663,0.19938816505742663
9268,0.1473199831229605,7,28,7,292373,313237,29946,78010,2.9015246952462115,0.19938811032416862
9269,0.1473234622620418,0,1,0,292374,313236,29946,78010,2.901515432213124,0.1993886199475522
9270,0.1473263762927924,0,20,0,292394,313216,29946,78010,2.901330171551373,0.19939881296232867
9271,0.147329445113882,1,8,1,292402,313208,29947,78009,2.9012560672866723,0.19940084403285133
9272,0.1473296620565891,0,1,0,292403,313207,29947,78009,2.9012468042535846,0.19940135372786388
9273,0.1473321094985945,2,10,2,292413,313197,29949,78007,2.901154173922709,0.19940235784910174
9274,0.147332795586602,5,13,5,292426,313184,29954,78002,2.901033754492571,0.19939875148906147
9275,0.1473342034792702,0,2,0,292428,313182,29954,78002,2.901015228426396,0.19939977095177716
9276,0.1473405931068813,1,3,1,292431,313179,29955,78001,2.900987439327133,0.19939925354056956
9277,0.1473425198648801,1,1,1,292432,313178,29956,78000,2.900978176294046,0.19939771664050637
9278,0.1473430230552127,3,8,3,292440,313170,29959,77997,2.9009040720293453,0.1993956545414107
9279,0.1473447737421836,4,10,4,292450,313160,29963,77993,2.90081144169847,0.19939256505766287
9280,0.1473454787370681,22,129,22,292579,313031,29985,77971,2.8996165104301754,0.19941330223374817
9281,0.147345657134778,0,1,0,292580,313030,29985,77971,2.8996072473970878,0.19941381224088942
9282,0.1473468414720163,60,334,60,292914,312696,30045,77911,2.8965133943458445,0.19946135117906233
9283,0.1473480520904555,22,165,22,293079,312531,30067,77889,2.894984993886398,0.19950053788228062
9284,0.1473536916424129,0,12,0,293091,312519,30067,77889,2.8948738374893477,0.199506669945288
9285,0.1473547584083273,0,1,0,293092,312518,30067,77889,2.89486457445626,0.19950718096755438
9286,0.1473548844160944,1,4,1,293096,312514,30068,77888,2.8948275223239097,0.19950717465586754
9287,0.1473616722696616,4,6,4,293102,312508,30072,77884,2.8947719441253845,0.19950203897620852
9288,0.1473640360865001,8,32,8,293134,312476,30080,77876,2.8944755270665827,0.19950198794933804
9289,0.1473646499861575,2,9,2,293143,312467,30082,77874,2.8943921597687945,0.19950248628763056
9290,0.1473657597734274,0,3,0,293146,312464,30082,77874,2.894364370669532,0.19950401959327557
9291,0.1473660332244856,57,366,57,293512,312098,30139,77817,2.8909741005594873,0.19957426618622007
9292,0.1473662851571634,3,10,3,293522,312088,30142,77814,2.890881470228612,0.19957322609271047
9293,0.147367509950422,0,18,0,293540,312070,30142,77814,2.890714735633036,0.19958243990520258
9294,0.1473694436257378,3,11,3,293551,312059,30145,77811,2.8906128422690727,0.19958191191935773
9295,0.1473717426252676,2,16,2,293567,312043,30147,77809,2.8904646337396716,0.19958599673722335
9296,0.1473725238040225,0,3,0,293570,312040,30147,77809,2.890436844640409,0.1995875326087793
9297,0.1473728755959127,2,17,2,293587,312023,30149,77807,2.8902793730779206,0.19959212990277814
9298,0.1473760646034266,0,1,0,293588,312022,30149,77807,2.890270110044833,0.19959264190196213
9299,0.1473771638525202,0,1,0,293589,312021,30149,77807,2.8902608470117457,0.19959315390377294
9300,0.1473774964304492,11,67,11,293656,311954,30160,77796,2.8896402237948795,0.1996048749198204
9301,0.147378318221105,12,64,12,293720,311890,30172,77784,2.889047389677276,0.19961300984925862
9302,0.1473785675086903,0,1,0,293721,311889,30172,77784,2.8890381266441882,0.1996135221069974
9303,0.1473802296190937,1,8,1,293729,311881,30173,77783,2.888964022379488,0.19961556623141988
9304,0.1473811974101269,11,30,11,293759,311851,30184,77772,2.8886861313868613,0.1996083393434166
9305,0.1473818414075482,0,1,0,293760,311850,30184,77772,2.8886768683537736,0.19960885165622064
9306,0.1473822267570791,21,126,21,293886,311724,30205,77751,2.8875097261847418,0.19963027151935298
9307,0.1473828906182669,0,2,0,293888,311722,30205,77751,2.887491200118567,0.19963129664957519
9308,0.1473881109751893,12,30,12,293918,311692,30217,77739,2.88721330912594,0.19962201262868134
9309,0.1473899553287425,2,10,2,293928,311682,30219,77737,2.8871206787950645,0.19962302815219596
9310,0.1473902901100194,0,3,0,293931,311679,30219,77737,2.887092889695802,0.19962456601680464
9311,0.1473936902548738,1,6,1,293937,311673,30220,77736,2.8870373114972767,0.1996255864656441
9312,0.1473945031089354,2,24,2,293961,311649,30222,77734,2.8868149987031755,0.19963377959489756
9313,0.1473965218325628,20,119,20,294080,311530,30242,77714,2.8857126977657566,0.19965368766120994
9314,0.1473994237061325,21,92,21,294172,311438,30263,77693,2.8848604987217015,0.1996576988212196
9315,0.1474000583183547,0,1,0,294173,311437,30263,77693,2.884851235688614,0.19965821190861666
9316,0.1474034256440689,3,18,3,294191,311419,30266,77690,2.8846845010930378,0.1996612774312596
9317,0.1474067447426418,1,0,1,294191,311419,30267,77689,2.8846845010930378,0.19965922057629246
9318,0.147407666148245,4,34,4,294225,311385,30271,77685,2.884369557968061,0.1996684401264554
9319,0.1474080035539514,0,2,0,294227,311383,30271,77685,2.884351031901886,0.19966946651999137
9320,0.1474086553715407,1,18,1,294245,311365,30272,77684,2.88418429730631,0.199676647414593
9321,0.1474087053213685,5,17,5,294262,311348,30277,77679,2.8840268257438217,0.1996750868191668
9322,0.1474101314656647,0,6,0,294268,311342,30277,77679,2.883971247545296,0.19967816647430345
9323,0.1474113464319054,0,7,0,294275,311335,30277,77679,2.8839064063136832,0.19968175952536413
9324,0.1474123575888652,18,104,18,294379,311231,30295,77661,2.8829430508725777,0.1996981167007807
9325,0.1474125135907892,0,2,0,294381,311229,30295,77661,2.882924524806403,0.19969914371673222
9326,0.1474146707959297,12,87,12,294468,311142,30307,77649,2.8821186409277852,0.19971912930083258
9327,0.1474147707967319,0,2,0,294470,311140,30307,77649,2.8821001148616103,0.19972015669167595
9328,0.1474152822191034,59,279,59,294749,310861,30366,77590,2.8795157286301825,0.19974205240815443
9329,0.1474181042227314,0,8,0,294757,310853,30366,77590,2.8794416243654823,0.19974616610416457
9330,0.1474197095621178,1,5,1,294762,310848,30367,77589,2.8793953092000444,0.19974667706732366
9331,0.147421819782181,1,5,1,294767,310843,30368,77588,2.879348994034607,0.1997471880462682
9332,0.147421904741696,1,3,1,294770,310840,30369,77587,2.879321204935344,0.1997466705455594
9333,0.1474233729900863,30,188,30,294958,310652,30399,77557,2.877579754714884,0.19978156096329555
9334,0.1474264464837623,0,1,0,294959,310651,30399,77557,2.877570491681796,0.1997820755883444
9335,0.1474298803141407,2,5,2,294964,310646,30401,77555,2.8775241765163586,0.19978052606768143
9336,0.1474338667409565,3,59,3,295023,310587,30404,77552,2.876977657564193,0.19980470913770582
9337,0.1474375582185581,0,1,0,295024,310586,30404,77552,2.8769683945311053,0.19980522391520542
9338,0.147437856539021,7,49,7,295073,310537,30411,77545,2.876514505909815,0.19981601826418127
9339,0.1474380139428213,0,1,0,295074,310536,30411,77545,2.8765052428767275,0.19981653314643077
9340,0.1474383659114502,2,14,2,295088,310522,30413,77543,2.8763755604135017,0.19981961784752555
9341,0.1474391725946942,7,94,7,295182,310428,30420,77536,2.8755048353032717,0.19985359466342237
9342,0.147441710833565,2,27,2,295209,310401,30422,77534,2.875254733409908,0.1998633791743462
9343,0.147442327541881,0,1,0,295210,310400,30422,77534,2.87524547037682,0.19986389437378524
9344,0.1474439334587438,6,38,6,295248,310362,30428,77528,2.8748934751194932,0.19987109747608858
9345,0.1474448208005591,2,21,2,295269,310341,30430,77526,2.8746989514246546,0.19987779316105778
9346,0.1474453257543625,0,17,0,295286,310324,30430,77526,2.8745414798621662,0.19988655408018563
9347,0.1474457231554546,2,39,2,295325,310285,30432,77524,2.8741802215717516,0.1999025293378957
9348,0.147447575012616,10,34,10,295359,310251,30442,77514,2.8738652784467744,0.199899423619976
9349,0.1474479566005681,126,879,126,296238,309372,30568,77388,2.8657230723628144,0.200093080980453
9350,0.1474534686986704,6,15,6,296253,309357,30574,77382,2.865584126866501,0.20008843173302926
9351,0.1474541384040849,3,20,3,296273,309337,30577,77379,2.86539886620475,0.20009257439568054
9352,0.1474543679518785,15,108,15,296381,309229,30592,77364,2.8643984586312943,0.20011743616671798
9353,0.1474597039293296,54,376,54,296757,308853,30646,77310,2.860915558190374,0.2002004334957
9354,0.1474602475380513,3,16,3,296773,308837,30649,77307,2.860767349660973,0.20020251512389162
9355,0.1474604253184753,50,370,50,297143,308467,30699,77257,2.857340027418578,0.20029088156298286
9356,0.1474611211932321,0,3,0,297146,308464,30699,77257,2.8573122383193152,0.20029243935383348
9357,0.1474615229131783,0,1,0,297147,308463,30699,77257,2.8573029752862276,0.20029295862283522
9358,0.1474622120360053,0,1,0,297148,308462,30699,77257,2.8572937122531403,0.20029347789452945
9359,0.1474623324328487,0,1,0,297149,308461,30699,77257,2.8572844492200526,0.20029399716891616
9360,0.1474630467951235,2,26,2,297175,308435,30701,77255,2.857043610359776,0.20030335243330136
9361,0.1474698983637328,4,16,4,297191,308419,30705,77251,2.8568954018303754,0.20030336816449296
9362,0.1474720665229228,0,4,0,297195,308415,30705,77251,2.856858349698025,0.200305445644677
9363,0.1474761004686461,0,6,0,297201,308409,30705,77251,2.8568027714995,0.20030856194575533
9364,0.1474773562554287,0,3,0,297204,308406,30705,77251,2.8567749824002373,0.20031012013265673
9365,0.1474812509781032,0,2,0,297206,308404,30705,77251,2.856756456334062,0.20031115893739224
9366,0.1474816494931727,0,1,0,297207,308403,30705,77251,2.8567471933009743,0.2003116783438004
9367,0.1474817031444559,17,89,17,297296,308314,30722,77234,2.855922783356182,0.2003226576198035
9368,0.1474839859501651,0,1,0,297297,308313,30722,77234,2.8559135203230945,0.20032317720018572
9369,0.1474841659010635,1,3,1,297300,308310,30723,77233,2.855885731223832,0.20032266180426048
9370,0.1474861595300105,0,1,0,297301,308309,30723,77233,2.8558764681907443,0.20032318139139185
9371,0.1474864047271608,0,1,0,297302,308308,30723,77233,2.855867205157657,0.2003237009812186
9372,0.1474896235041141,0,6,0,297308,308302,30723,77233,2.8558116269591314,0.20032681857678292
9373,0.147493582744543,3,10,3,297318,308292,30726,77230,2.855718996628256,0.20032579204299625
9374,0.1474950057866967,0,2,0,297320,308290,30726,77230,2.855700470562081,0.20032683129279932
9375,0.1474955798825284,14,89,14,297409,308201,30740,77216,2.8548760606172885,0.20034404294569258
9376,0.1474965824879537,0,1,0,297410,308200,30740,77216,2.854866797584201,0.20034456275816262
9377,0.147504860146184,0,2,0,297412,308198,30740,77216,2.854848271518026,0.20034560239119492
9378,0.1475077759508908,8,32,8,297444,308166,30748,77208,2.854551854459224,0.20034563826308988
9379,0.1475086070910939,1,1,1,297445,308165,30749,77207,2.8545425914261364,0.20034408311968696
9380,0.1475097762771365,0,1,0,297446,308164,30749,77207,2.854533328393049,0.20034460299296003
9381,0.1475101568657943,1,1,1,297447,308163,30750,77206,2.8545240653599615,0.20034304783207782
9382,0.1475117734151219,8,26,8,297473,308137,30758,77198,2.854283226499685,0.20033996392749168
9383,0.1475145713046387,0,4,0,297477,308133,30758,77198,2.8542461743673346,0.2003420435936896
9384,0.1475159521940866,1,0,1,297477,308133,30759,77197,2.8542461743673346,0.20033996833882647
9385,0.1475164772909729,1,4,1,297481,308129,30760,77196,2.854209122234985,0.20033997275027574
9386,0.1475207207494819,0,2,0,297483,308127,30760,77196,2.8541905961688094,0.2003410126050093
9387,0.1475221972757918,0,28,0,297511,308099,30760,77196,2.853931231242358,0.20035557170479762
9388,0.1475229245941152,0,2,0,297513,308097,30760,77196,2.853912705176183,0.20035661172146912
9389,0.1475250858112375,0,1,0,297514,308096,30760,77196,2.8539034421430953,0.2003571317338538
9390,0.1475250918132898,2,4,2,297518,308092,30762,77194,2.853866390010745,0.20035506091578723
9391,0.1475254468835843,0,18,0,297536,308074,30762,77194,2.853699655415169,0.2003644216493454
9392,0.1475275332532429,9,59,9,297595,308015,30771,77185,2.8531531364630034,0.20037642782969886
9393,0.147529873173113,2,12,2,297607,308003,30773,77183,2.853041980065953,0.20037851843005716
9394,0.1475338885378591,0,6,0,297613,307997,30773,77183,2.8529864018674274,0.20038163975284282
9395,0.1475364009431869,0,1,0,297614,307996,30773,77183,2.85297713883434,0.20038215998276127
9396,0.1475373032980823,0,5,0,297619,307991,30773,77183,2.852930823668902,0.20038476117287252
9397,0.1475382020295835,0,3,0,297622,307988,30773,77183,2.8529030345696396,0.2003863219193553
9398,0.1475389069255716,1,1,1,297623,307987,30774,77182,2.852893771536552,0.2003847661675784
9399,0.1475448288771462,8,67,8,297690,307920,30782,77174,2.8522731483196857,0.20040301848379877
9400,0.1475451175012382,2,10,2,297700,307910,30784,77172,2.8521805179888102,0.20040406978253983
9401,0.1475457185467126,1,5,1,297705,307905,30785,77171,2.8521342028233723,0.20040459545648132
9402,0.1475472013263367,1,10,1,297715,307895,30786,77170,2.852041572492497,0.20040772337137885
9403,0.1475504888092149,1,5,1,297720,307890,30787,77169,2.8519952573270593,0.2004082491254587
9404,0.1475519952249768,0,1,0,297721,307889,30787,77169,2.8519859942939716,0.20040876958795817
9405,0.1475520054611031,9,86,9,297807,307803,30796,77160,2.851189373448442,0.20043484698529468
9406,0.1475525825223176,1,0,1,297807,307803,30797,77159,2.851189373448442,0.2004327699876871
9407,0.1475526658630583,0,1,0,297808,307802,30797,77159,2.8511801104153545,0.20043329064502638
9408,0.1475527920571915,20,106,20,297914,307696,30817,77139,2.8501982289080736,0.20044694479452232
9409,0.1475549481269655,0,2,0,297916,307694,30817,77139,2.8501797028418987,0.20044798652922177
9410,0.1475551132596044,0,3,0,297919,307691,30817,77139,2.850151913742636,0.20044954915157343
9411,0.1475565673328387,0,3,0,297922,307688,30817,77139,2.850124124643373,0.2004511117982886
9412,0.1475594840911226,0,8,0,297930,307680,30817,77139,2.850050020378673,0.20045527897531046
9413,0.1475598145239786,2,24,2,297954,307656,30819,77137,2.8498277075845717,0.2004636258975605
9414,0.1475633862265782,12,32,12,297986,307624,30831,77125,2.84953129052577,0.20045536180730814
9415,0.1475653833645637,79,511,79,298497,307113,30910,77046,2.8447978806180294,0.20055758162635784
9416,0.1475672304091917,19,113,19,298610,307000,30929,77027,2.843751157879136,0.20057704276001426
9417,0.1475683440091056,0,7,0,298617,306993,30929,77027,2.8436863166475232,0.20058069892193114
9418,0.1475700798733758,1,7,1,298624,306986,30930,77026,2.8436214754159104,0.20058227347062071
9419,0.1475711749187418,21,175,21,298799,306811,30951,77005,2.842000444625588,0.20062998936990642
9420,0.1475722156902026,2,20,2,298819,306791,30953,77003,2.841815183963837,0.2006362788370845
9421,0.1475730025113198,13,42,13,298861,306749,30966,76990,2.8414261365741598,0.2006311581569765
9422,0.1475766320397953,46,376,46,299237,306373,31012,76944,2.8379432361332393,0.20073203119089422
9423,0.1475797410852289,2,0,2,299237,306373,31014,76942,2.8379432361332393,0.20072786089769512
9424,0.1475807780453751,2,22,2,299259,306351,31016,76940,2.8377394494053134,0.20073521162771887
9425,0.1475812044369572,1,3,1,299262,306348,31017,76939,2.837711660306051,0.20073469749821934
9426,0.1475825803136171,36,148,36,299410,306200,31053,76903,2.8363407314090927,0.20073713857630976
9427,0.1475828696160006,26,151,26,299561,306049,31079,76877,2.834942013412872,0.20076202712795685
9428,0.1475888619639673,0,9,0,299570,306040,31079,76877,2.8348586461150838,0.20076674579608636
9429,0.1475892398783396,0,4,0,299574,306036,31079,76877,2.834821593982734,0.20076884305312173
9430,0.1475918119790253,2,40,2,299614,305996,31081,76875,2.8344510726592316,0.20078564320619738
9431,0.1475924523169432,6,23,6,299637,305973,31087,76869,2.8342380228982176,0.20078518030937045
9432,0.1475933865732562,0,1,0,299638,305972,31087,76869,2.8342287598651303,0.2007857047703877
9433,0.1475954014913437,0,1,0,299639,305971,31087,76869,2.8342194968320427,0.20078622923414483
9434,0.147595473423109,4,21,4,299660,305950,31091,76865,2.834024973137204,0.20078889280723064
9435,0.1475982853599712,2,14,2,299674,305936,31093,76863,2.8338952906739783,0.20079206058532023
9436,0.1475987738462106,6,67,6,299741,305869,31099,76857,2.833274667457112,0.2008146820440733
9437,0.1475993560935186,2,6,2,299747,305863,31101,76855,2.833219089258587,0.20081365391750583
9438,0.1475996449841749,0,2,0,299749,305861,31101,76855,2.8332005631924115,0.20081470333092946
9439,0.1476014353577226,0,4,0,299753,305857,31101,76855,2.8331635110600617,0.20081680219068124
9440,0.1476030659361846,8,20,8,299773,305837,31109,76847,2.8329782503983103,0.20081059046105926
9441,0.1476037832094625,12,66,12,299839,305771,31121,76835,2.832366890214532,0.2008201648693434
9442,0.1476050080796491,18,77,18,299916,305694,31139,76817,2.83165363666679,0.20082298286846653
9443,0.1476059799669352,12,78,12,299994,305616,31151,76805,2.830931120085961,0.20083886606645557
9444,0.1476073586303418,0,2,0,299996,305614,31151,76805,2.830912594019786,0.2008399164267466
9445,0.1476114013195411,5,6,5,300002,305608,31156,76800,2.8308570158212607,0.2008326185644652
9446,0.1476124303725029,137,827,137,300829,304781,31293,76663,2.823196487457853,0.20098100900787533
9447,0.1476150547097051,0,1,0,300830,304780,31293,76663,2.8231872244247658,0.20098153590444706
9448,0.1476213404519932,16,62,16,300892,304718,31309,76647,2.822612916373337,0.20098068779253472
9449,0.1476221143681671,1,0,1,300892,304718,31310,76646,2.822612916373337,0.20097859263066256
9450,0.1476232574475807,0,2,0,300894,304716,31310,76646,2.822594390307162,0.20097964663495577
9451,0.1476232894792934,0,1,0,300895,304715,31310,76646,2.8225851272740745,0.20098017364124807
9452,0.1476246328061582,0,3,0,300898,304712,31310,76646,2.822557338174812,0.20098175467670798
9453,0.1476254686804869,0,1,0,300899,304711,31310,76646,2.8225480751417242,0.20098228169405571
9454,0.147626228461539,2,6,2,300905,304705,31312,76644,2.822492496943199,0.20098125339256168
9455,0.1476268385108288,0,1,0,300906,304704,31312,76644,2.8224832339101114,0.20098178042103276
9456,0.1476270900662283,11,47,11,300953,304657,31323,76633,2.8220478713549966,0.2009835033701382
9457,0.1476291487427105,11,21,11,300974,304636,31334,76622,2.821853347660158,0.20097152059760057
9458,0.147635059733105,6,22,6,300996,304614,31340,76616,2.8216495609322316,0.200970542716995
9459,0.1476367239436747,2,5,2,301001,304609,31342,76614,2.8216032457667937,0.20096898665610416
9460,0.1476393822211653,79,409,79,301410,304200,31421,76535,2.817814665233984,0.20101908151338857
9461,0.1476423798281074,2,12,2,301422,304188,31423,76533,2.8177035088369338,0.20102122026365765
9462,0.1476443721998193,2,25,2,301447,304163,31425,76531,2.817471933009745,0.20103022374925794
9463,0.1476453634475703,6,41,6,301488,304122,31431,76525,2.817092148653155,0.20103928311532732
9464,0.1476458888313062,10,51,10,301539,304071,31441,76515,2.8166197339656898,0.20104523025019314
9465,0.1476484971000198,7,15,7,301554,304056,31448,76508,2.8164807884693763,0.20103845870865347
9466,0.1476486073692884,0,1,0,301555,304055,31448,76508,2.8164715254362886,0.20103898697456138
9467,0.1476489653598045,1,2,1,301557,304053,31449,76507,2.8164529993701137,0.20103794408240488
9468,0.1476497917065268,80,456,80,302013,303597,31529,76427,2.812229056282189,0.20111098246426543
9469,0.147650095259179,1,1,1,302014,303596,31530,76426,2.8122197932491013,0.20110940945524206
9470,0.1476535255456977,0,4,0,302018,303592,31530,76426,2.8121827411167515,0.2011115262961228
9471,0.1476631036421508,0,1,0,302019,303591,31530,76426,2.812173478083664,0.201112055513306
9472,0.1476633512665281,1,5,1,302024,303586,31531,76425,2.812127162918226,0.20111259937212345
9473,0.1476665946805864,1,6,1,302030,303580,31532,76424,2.8120715847197006,0.20111367248765802
9474,0.1476670955043504,0,1,0,302031,303579,31532,76424,2.812062321686613,0.20111420172998634
9475,0.147668212182423,11,63,11,302094,303516,31543,76413,2.811478750602097,0.2011244206154308
9476,0.1476689987785114,17,105,17,302199,303411,31560,76396,2.810506132127904,0.2011442653768888
9477,0.1476690474305651,1,2,1,302201,303409,31561,76395,2.810487606061729,0.20114322124042927
9478,0.1476713842794326,0,2,0,302203,303407,31561,76395,2.8104690799955536,0.2011442804408613
9479,0.1476728374035625,5,22,5,302225,303385,31566,76390,2.8102652932676278,0.2011454150483839
9480,0.1476740000602734,2,30,2,302255,303355,31568,76388,2.809987402275001,0.20115709835336004
9481,0.1476756700741189,3,7,3,302262,303348,31571,76385,2.809922561043388,0.2011544953954489
9482,0.1476763100951172,2,19,2,302281,303329,31573,76383,2.8097465634147247,0.20116035310972527
9483,0.1476767236277653,2,4,2,302285,303325,31575,76381,2.8097095112823745,0.20115826455204816
9484,0.1476794097048134,1,2,1,302287,303323,31576,76380,2.809690985216199,0.20115722024845734
9485,0.1476804466649596,12,93,12,302380,303230,31588,76368,2.8088295231390568,0.2011812496377747
9486,0.147682710596244,0,2,0,302382,303228,31588,76368,2.8088109970728814,0.20118230961337843
9487,0.1476840488186508,1,1,1,302383,303227,31589,76367,2.808801734039794,0.2011807352065628
9488,0.1476850472587624,2,9,2,302392,303218,31591,76365,2.808718366742006,0.2011812963172745
9489,0.1476929328846211,1,6,1,302398,303212,31592,76364,2.8086627885434807,0.20118237190970978
9490,0.1476930155003504,0,1,0,302399,303211,31592,76364,2.808653525510393,0.2011829019297899
9491,0.1476941062014753,2,18,2,302417,303193,31594,76362,2.808486790914817,0.20118823358933488
9492,0.1476949300226065,19,135,19,302552,303058,31613,76343,2.8072362814479974,0.20121981755451357
9493,0.1476977250603403,0,2,0,302554,303056,31613,76343,2.807217755381822,0.20122087828381202
9494,0.1476993136037594,0,1,0,302555,303055,31613,76343,2.807208492348735,0.201221408652655
9495,0.1477017623482454,0,5,0,302560,303050,31613,76343,2.807162177183297,0.20122406053880804
9496,0.1477082639486569,1,3,1,302563,303047,31614,76342,2.8071343880840343,0.20122354628099393
9497,0.1477097019558936,0,1,0,302564,303046,31614,76342,2.8071251250509466,0.20122407667084885
9498,0.1477121269716599,8,34,8,302598,303012,31622,76334,2.80681018192597,0.20122526664311738
9499,0.1477147809311098,6,12,6,302610,303000,31628,76328,2.806699025528919,0.20121899780664754
9500,0.1477176210304401,20,111,20,302721,302889,31648,76308,2.8056708288562007,0.2012357692703265
9501,0.1477213927835128,16,89,16,302810,302800,31664,76292,2.804846418911408,0.20124930096124424
9502,0.1477229580988779,9,35,9,302845,302765,31673,76283,2.804522212753344,0.20124891834279562
9503,0.1477245472983629,7,54,7,302899,302711,31680,76276,2.804022008966616,0.20126284015018986
9504,0.1477250007168843,1,4,1,302903,302707,31681,76275,2.803984956834266,0.20126285681114142
9505,0.1477272966269048,6,31,6,302934,302676,31687,76269,2.8036978028085517,0.20126667458338282
9506,0.1477300827995842,2,27,2,302961,302649,31689,76267,2.8034477009151875,0.2012768001351223
9507,0.1477308069409294,11,80,11,303041,302569,31700,76256,2.802706658268183,0.20129611298092787
9508,0.1477349898800606,0,2,0,303043,302567,31700,76256,2.8026881322020083,0.2012971757258667
9509,0.147736403712861,4,20,4,303063,302547,31704,76252,2.8025028715402573,0.2012993698505012
9510,0.1477381945546129,0,1,0,303064,302546,31704,76252,2.8024936085071697,0.20129990126663816
9511,0.1477434181550358,0,1,0,303065,302545,31704,76252,2.802484345474082,0.20130043268558093
9512,0.1477459125638632,2,2,2,303067,302543,31706,76250,2.802465819407907,0.2012972784607952
9513,0.147748275988873,2,12,2,303079,302531,31708,76248,2.8023546630108562,0.20129943845883747
9514,0.1477486914372927,14,97,14,303176,302434,31722,76234,2.8014561488013636,0.2013214742201612
9515,0.1477492639771738,0,2,0,303178,302432,31722,76234,2.8014376227351883,0.20132253753967877
9516,0.1477495943212854,12,105,12,303283,302327,31734,76222,2.800465004260995,0.2013530612945748
9517,0.1477503695669867,5,27,5,303310,302300,31739,76217,2.8002149023676313,0.20135687432796942
9518,0.1477511058758817,88,512,88,303822,301788,31827,76129,2.7954722294268035,0.20144370324700928
9519,0.1477532364808604,9,36,9,303858,301752,31836,76120,2.7951387602356514,0.2014438751746623
9520,0.1477543272995227,1,1,1,303859,301751,31837,76119,2.795129497202564,0.2014422949691693
9521,0.1477578632140002,1,0,1,303859,301751,31838,76118,2.795129497202564,0.20144018165025446
9522,0.1477581673231191,0,1,0,303860,301750,31838,76118,2.7951202341694765,0.20144071474694866
9523,0.1477591064015919,0,3,0,303863,301747,31838,76118,2.795092445070214,0.20144231405396107
9524,0.1477594897265128,1,6,1,303869,301741,31839,76117,2.7950368668716883,0.20144339937225095
9525,0.1477598370643311,4,11,4,303880,301730,31843,76113,2.7949349735077256,0.20144081007190817
9526,0.1477602323011585,118,695,118,304575,301035,31961,75995,2.7884971655118753,0.2015622099037212
9527,0.1477605789211392,4,20,4,304595,301015,31965,75991,2.788311904850124,0.20156443133531032
9528,0.14776265416384,84,547,84,305142,300468,32049,75907,2.783245025751232,0.201679176353371
9529,0.1477635463123073,3,41,3,305183,300427,32052,75904,2.782865241394642,0.2016947846443689
9530,0.1477651720811244,0,1,0,305184,300426,32052,75904,2.7828559783615545,0.20169532059628517
9531,0.1477653962588725,2,2,2,305186,300424,32054,75902,2.7828374522953796,0.20169214989131765
9532,0.1477671429276728,0,1,0,305187,300423,32054,75902,2.782828189262292,0.20169268584335348
9533,0.1477676286166106,0,3,0,305190,300420,32054,75902,2.7828004001630293,0.20169429371655126
9534,0.1477685536355767,3,15,3,305205,300405,32057,75899,2.782661454666716,0.20169596921637825
9535,0.1477690544468436,0,2,0,305207,300403,32057,75899,2.782642928600541,0.2016970412062652
9536,0.1477697086195193,1,1,1,305208,300402,32058,75898,2.7826336655674533,0.20169545575338826
9537,0.1477719271031705,0,3,0,305211,300399,32058,75898,2.7826058764681907,0.201697063755491
9538,0.1477740467152387,1,4,1,305215,300395,32059,75897,2.7825688243358404,0.20169708630531608
9539,0.1477771445284504,0,2,0,305217,300393,32059,75897,2.7825502982696655,0.20169815833532648
9540,0.1477791516562746,13,79,13,305296,300314,32072,75884,2.7818185186557485,0.2017129277667611
9541,0.1477815051996237,0,1,0,305297,300313,32072,75884,2.7818092556226612,0.20171346395638456
9542,0.1477819098878783,1,5,1,305302,300308,32073,75883,2.7817629404572233,0.2017140229298415
9543,0.1477819304536952,11,80,11,305382,300228,32084,75872,2.781021897810219,0.20173358149428344
9544,0.1477830792424717,112,707,112,306089,299521,32196,75760,2.7744729334173184,0.20187539470423496
9545,0.1477845308055257,1,1,1,306090,299520,32197,75759,2.7744636703842307,0.20187380588841902
9546,0.1477856863441031,0,2,0,306092,299518,32197,75759,2.7744451443180553,0.20187488175401103
9547,0.1477871622732854,12,46,12,306138,299472,32209,75747,2.7740190447960282,0.20187410552237492
9548,0.1477882121040454,0,2,0,306140,299470,32209,75747,2.774000518729853,0.20187518156160303
9549,0.1477891691315905,1,7,1,306147,299463,32210,75746,2.77393567749824,0.20187682065195664
9550,0.1477922721621266,1,2,1,306149,299461,32211,75745,2.773917151432065,0.20187576957724557
9551,0.1477928300407976,0,1,0,306150,299460,32211,75745,2.7739078883989774,0.2018763076185019
9552,0.1477972976735655,2,2,2,306152,299458,32213,75743,2.773889362332802,0.20187312933600923
9553,0.1477978013869628,1,2,1,306154,299456,32214,75742,2.773870836266627,0.2018720782093721
9554,0.1477984565082971,4,52,4,306206,299404,32218,75738,2.7733891585460744,0.20189155039958204
9555,0.1478001530696347,1,2,1,306208,299402,32219,75737,2.773370632479899,0.20189049925494285
9556,0.1478004318342975,54,308,54,306516,299094,32273,75683,2.7705176182889324,0.2019414211651195
9557,0.1478027079290637,0,7,0,306523,299087,32273,75683,2.7704527770573195,0.2019451930517384
9558,0.1478057203838323,0,1,0,306524,299086,32273,75683,2.7704435140242323,0.2019457319041863
9559,0.1478060238785263,0,1,0,306525,299085,32273,75683,2.7704342509911446,0.20194627075950988
9560,0.1478072467088271,10,78,10,306603,299007,32283,75673,2.7697117344103153,0.2019670118501121
9561,0.147808777081155,31,97,31,306700,298910,32314,75642,2.7688132202008227,0.20195326683611353
9562,0.1478099864627483,14,66,14,306766,298844,32328,75628,2.768201860017044,0.2019590249738298
9563,0.1478102987248743,4,5,4,306771,298839,32332,75624,2.768155544851606,0.2019531969780726
9564,0.1478112037060662,1,3,1,306774,298836,32333,75623,2.7681277557523436,0.2019526837384066
9565,0.1478122572542868,0,1,0,306775,298835,32333,75623,2.768118492719256,0.20195322305839372
9566,0.1478152500477298,0,6,0,306781,298829,32333,75623,2.7680629145207307,0.2019564590388087
9567,0.1478152643361762,0,6,0,306787,298823,32333,75623,2.7680073363222055,0.20195969512292827
9568,0.147815642230693,6,40,6,306827,298783,32339,75617,2.767636814998703,0.2019684829059829
9569,0.1478161274409907,0,11,0,306838,298772,32339,75617,2.76753492163474,0.20197441698340496
9570,0.1478170463926709,1,0,1,306838,298772,32340,75616,2.76753492163474,0.20197228543649903
9571,0.1478181594017033,0,7,0,306845,298765,32340,75616,2.767470080403127,0.20197606181937652
9572,0.1478207558519481,0,2,0,306847,298763,32340,75616,2.7674515543369522,0.20197714081185109
9573,0.1478215500784643,53,345,53,307192,298418,32393,75563,2.764255807921746,0.20205037154293934
9574,0.1478223870835572,4,14,4,307206,298404,32397,75559,2.76412612545852,0.20204940060915116
9575,0.1478248424326294,1,6,1,307212,298398,32398,75558,2.764070547259995,0.20205050861598692
9576,0.1478259480540452,0,1,0,307213,298397,32398,75558,2.7640612842269072,0.20205104892299874
9577,0.1478279838554888,1,1,1,307214,298396,32399,75557,2.7640520211938195,0.202049455412846
9578,0.1478279940066446,1,0,1,307214,298396,32400,75556,2.7640520211938195,0.20204732158137942
9579,0.1478304834877534,14,83,14,307297,298313,32414,75542,2.7632831894475527,0.20206229687980634
9580,0.1478306113807471,0,1,0,307298,298312,32414,75542,2.763273926414465,0.20206283736431868
9581,0.1478318132623405,1,3,1,307301,298309,32415,75541,2.7632461373152024,0.20206232446168249
9582,0.1478328117417043,1,3,1,307304,298306,32416,75540,2.76321834821594,0.2020618115480706
9583,0.1478356753001011,3,14,3,307318,298292,32419,75537,2.763088665752714,0.20206297531759174
9584,0.1478375544824365,3,5,3,307323,298287,32422,75534,2.763042350587276,0.2020592743585834
9585,0.1478378631741975,1,4,1,307327,298283,32423,75533,2.7630052984549263,0.2020593019025403
9586,0.1478384371819893,1,5,1,307332,298278,32424,75532,2.7629589832894883,0.20205986998742675
9587,0.147841037469843,0,5,0,307337,298273,32424,75532,2.7629126681240503,0.20206257273177192
9588,0.1478426860185095,12,105,12,307442,298168,32436,75520,2.761940049649857,0.2020937252467299
9589,0.1478433545587407,0,6,0,307448,298162,32436,75520,2.761884471451332,0.20209697015109104
9590,0.1478445834378327,1,1,1,307449,298161,32437,75519,2.7618752084182443,0.20209537572254335
9591,0.1478450940556376,8,40,8,307489,298121,32445,75511,2.7615046870947424,0.20209992720109626
9592,0.1478454684053604,0,2,0,307491,298119,32445,75511,2.761486161028567,0.20210100901961833
9593,0.147846980980188,1,19,1,307510,298100,32446,75510,2.7613101633999038,0.20210915125398143
9594,0.1478518716463707,1,2,1,307512,298098,32447,75509,2.7612916373337284,0.20210809754635217
9595,0.1478524654012943,1,12,1,307524,298086,32448,75508,2.761180480936678,0.2021124536261289
9596,0.1478537351721688,0,2,0,307526,298084,32448,75508,2.7611619548705026,0.20211353562174778
9597,0.1478575318335847,1,0,1,307526,298084,32449,75507,2.7611619548705026,0.20211139989989052
9598,0.1478584789482818,0,8,0,307534,298076,32449,75507,2.7610878506058025,0.20211572796406688
9599,0.1478586922717806,1,2,1,307536,298074,32450,75506,2.761069324539627,0.20211467423309598
9600,0.1478587750211764,0,4,0,307540,298070,32450,75506,2.761032272407277,0.20211683834079278
9601,0.1478602646707152,11,42,11,307582,298028,32461,75495,2.7606432250175996,0.2021160678191169
9602,0.1478620942537723,0,3,0,307585,298025,32461,75495,2.760615435918337,0.2021176911544228
9603,0.147863313268622,1,0,1,307585,298025,32462,75494,2.760615435918337,0.2021155550320064
9604,0.1478654256808707,3,22,3,307607,298003,32465,75491,2.7604116491904107,0.2021210514760612
9605,0.1478658672037286,1,11,1,307618,297992,32466,75490,2.760309755826448,0.2021248681328685
9606,0.1478672820343561,0,8,0,307626,297984,32466,75490,2.7602356515617474,0.20212919774870539
9607,0.1478673125972017,65,538,65,308164,297446,32531,75425,2.755252139760643,0.20228175427963022
9608,0.1478682611582108,14,71,14,308235,297375,32545,75411,2.754594464411427,0.2022903220614508
9609,0.1478688435524824,0,1,0,308236,297374,32545,75411,2.7545852013783394,0.2022908647075392
9610,0.1478698131398581,3,10,3,308246,297364,32548,75408,2.754492571047464,0.20228987155687658
9611,0.1478721473824136,9,26,9,308272,297338,32557,75399,2.7542517321871873,0.20228472086216287
9612,0.147872518421401,0,2,0,308274,297336,32557,75399,2.7542332061210124,0.20228580626987003
9613,0.1478739486137529,0,11,0,308285,297325,32557,75399,2.7541313127570493,0.20229177622047412
9614,0.147874876653073,0,1,0,308286,297324,32557,75399,2.7541220497239616,0.20229231896072955
9615,0.1478757805607614,1,7,1,308293,297317,32558,75398,2.7540572084923487,0.20229397797244544
9616,0.1478763538682851,3,17,3,308310,297300,32561,75395,2.7538997369298603,0.20229678423375683
9617,0.147877313055603,0,15,0,308325,297285,32561,75395,2.753760791433547,0.2023049264784802
9618,0.1478793016417954,5,47,5,308372,297238,32566,75390,2.753325428878432,0.20231973979411103
9619,0.1478827831389033,3,8,3,308380,297230,32569,75387,2.7532513246137316,0.20231766129833045
9620,0.1478835648916302,9,39,9,308419,297191,32578,75378,2.752890066323317,0.20231957033462258
9621,0.1478838739575655,1,2,1,308421,297189,32579,75377,2.752871540257142,0.20231851537714124
9622,0.1478866927536631,1,4,1,308425,297185,32580,75376,2.7528344881247917,0.2023185464930575
9623,0.1478879206708384,0,4,0,308429,297181,32580,75376,2.7527974359924414,0.20232071870881502
9624,0.1478900366509249,3,7,3,308436,297174,32583,75373,2.7527325947608285,0.20231809677705095
9625,0.1478946840800939,9,73,9,308509,297101,32592,75364,2.752056393345437,0.20233847475601735
9626,0.1478949429169153,0,1,0,308510,297100,32592,75364,2.7520471303123495,0.20233901799905493
9627,0.1478974700065473,2,11,2,308521,297089,32594,75362,2.7519452369483863,0.2023407105901179
9628,0.1478983517258542,0,4,0,308525,297085,32594,75362,2.751908184816036,0.20234288368546396
9629,0.1479014755188961,0,2,0,308527,297083,32594,75362,2.751889658749861,0.20234397025064105
9630,0.1479038235985026,0,1,0,308528,297082,32594,75362,2.7518803957167735,0.20234451353760566
9631,0.1479043203118414,0,1,0,308529,297081,32594,75362,2.7518711326836858,0.20234505682748768
9632,0.1479056924981108,0,2,0,308531,297079,32594,75362,2.751852606617511,0.20234614341600415
9633,0.147905769118374,2,8,2,308539,297071,32596,75360,2.7517785023528103,0.20234620641138895
9634,0.1479063086629446,0,1,0,308540,297070,32596,75360,2.751769239319723,0.2023467497247805
9635,0.1479087524168534,5,25,5,308565,297045,32601,75355,2.751537663492534,0.20234962406015036
9636,0.1479104501659295,79,476,79,309041,296569,32680,75276,2.747128459742858,0.20243918837149888
9637,0.147911477111738,5,29,5,309070,296540,32685,75271,2.7468598317833193,0.20244425259069795
9638,0.1479121106512437,0,2,0,309072,296538,32685,75271,2.746841305717144,0.20244534155977936
9639,0.1479129775780581,1,9,1,309081,296529,32686,75270,2.746757938419356,0.2024480969556131
9640,0.1479132977292737,0,1,0,309082,296528,32686,75270,2.7467486753862684,0.20244864146660282
9641,0.1479163540093215,16,62,16,309144,296466,32702,75254,2.74617436733484,0.2024480791993974
9642,0.1479167818474435,0,2,0,309146,296464,32702,75254,2.746155841268665,0.20244916845565725
9643,0.1479188194999183,0,6,0,309152,296458,32702,75254,2.7461002630701397,0.20245243629476584
9644,0.1479204244715326,1,12,1,309164,296446,32703,75253,2.745989106673089,0.2024568266258451
9645,0.1479225253484413,2,4,2,309168,296442,32705,75251,2.745952054540739,0.2024547139709384
9646,0.1479227498286834,0,1,0,309169,296441,32705,75251,2.7459427915076513,0.20245525865501543
9647,0.1479236449239152,0,2,0,309171,296439,32705,75251,2.745924265441476,0.2024563480319621
9648,0.1479240661633794,0,5,0,309176,296434,32705,75251,2.7458779502760384,0.20245907152561982
9649,0.1479265747625204,0,1,0,309177,296433,32705,75251,2.7458686872429507,0.2024596162331443
9650,0.147928112505043,0,6,0,309183,296427,32705,75251,2.7458131090444255,0.20246288453984362
9651,0.1479281767296369,0,7,0,309190,296420,32705,75251,2.7457482678128127,0.20246669769769501
9652,0.1479290661511677,0,1,0,309191,296419,32705,75251,2.745739004779725,0.20246724244625608
9653,0.1479291092498118,0,10,0,309201,296409,32705,75251,2.7456463744488495,0.20247269009309585
9654,0.1479291207596197,43,349,43,309550,296060,32748,75208,2.7424135759012933,0.20257064977320965
9655,0.147930583721877,0,2,0,309552,296058,32748,75208,2.742395049835118,0.2025717410158754
9656,0.1479336183092613,0,9,0,309561,296049,32748,75208,2.74231168253733,0.20257665175336761
9657,0.1479381058015739,6,30,6,309591,296019,32754,75202,2.7420337915447033,0.20258013420576962
9658,0.1479416933753054,0,6,0,309597,296013,32754,75202,2.741978213346178,0.20258340853683177
9659,0.1479421547753651,0,4,0,309601,296009,32754,75202,2.741941161213828,0.202585591483011
9660,0.1479436107453219,16,113,16,309714,295896,32770,75186,2.740894438474934,0.20261289957475706
9661,0.14794418193802,0,2,0,309716,295894,32770,75186,2.740875912408759,0.20261399159210952
9662,0.147945793321635,2,30,2,309746,295864,32772,75184,2.7405980214161323,0.20262607533257151
9663,0.1479470440489826,1,2,1,309748,295862,32773,75183,2.7405794953499574,0.2026250185287499
9664,0.1479471309657087,6,21,6,309769,295841,32779,75177,2.7403849716551187,0.20262359238635322
9665,0.1479476575448471,2,10,2,309779,295831,32781,75175,2.7402923413242433,0.20262475539479147
9666,0.1479489010637639,66,491,66,310270,295340,32847,75109,2.735744192078254,0.20275125590837065
9667,0.147951844813343,1,11,1,310281,295329,32848,75108,2.735642298714291,0.20275512435312887
9668,0.1479536743964001,1,0,1,310281,295329,32849,75107,2.735642298714291,0.20275297217333088
9669,0.1479581475678664,3,33,3,310314,295296,32852,75104,2.7353366186224015,0.2027645788336933
9670,0.1479588927398294,14,96,14,310410,295200,32866,75090,2.7344473674459966,0.20278700478003728
9671,0.1479602043275193,7,38,7,310448,295162,32873,75083,2.7340953721886696,0.20279274534429906
9672,0.147962358399747,0,2,0,310450,295160,32873,75083,2.7340768461224942,0.20279384080185175
9673,0.1479658680687282,7,122,7,310572,295038,32880,75076,2.7329467560858127,0.20284560973105584
9674,0.1479661810497675,0,2,0,310574,295036,32880,75076,2.732928230019638,0.20284670586200934
9675,0.1479673607033892,0,2,0,310576,295034,32880,75076,2.7329097039534624,0.20284780200480937
9676,0.1479713636625534,0,1,0,310577,295033,32880,75076,2.7329004409203748,0.2028483500806519
9677,0.1479719976650755,0,3,0,310580,295030,32880,75076,2.732872651821112,0.20284999432594986
9678,0.1479741379868579,1,0,1,310580,295030,32881,75075,2.732872651821112,0.20284784047770227
9679,0.147974575410923,55,483,55,311063,294547,32936,75020,2.7283986068398236,0.20299431496859838
9680,0.1479779893018764,0,16,0,311079,294531,32936,75020,2.728250398310423,0.20300310376646255
9681,0.1479862642227216,7,26,7,311105,294505,32943,75013,2.7280095594501463,0.2030022894689839
9682,0.1479873718997565,33,193,33,311298,294312,32976,74980,2.7262217940642484,0.20303716300380187
9683,0.1479921640991086,5,49,5,311347,294263,32981,74975,2.725767905442958,0.20305331520591055
9684,0.1479942362435394,2,8,2,311355,294255,32983,74973,2.7256938011782577,0.20305339790048427
9685,0.1479950790804945,0,1,0,311356,294254,32983,74973,2.7256845381451704,0.20305394784238423
9686,0.1479977718442265,1,0,1,311356,294254,32984,74972,2.7256845381451704,0.20305178941894667
9687,0.1479978344635717,67,435,67,311791,293819,33051,74905,2.7216551187520843,0.20314652694156063
9688,0.1479986023826122,0,1,0,311792,293818,33051,74905,2.7216458557189966,0.20314707788773687
9689,0.147999043845165,54,359,54,312151,293459,33105,74851,2.7183204268405645,0.2032282588037251
9690,0.1480011441384807,4,11,4,312162,293448,33109,74847,2.7182185334766014,0.20322567507025618
9691,0.1480065968489052,2,38,2,312200,293410,33111,74845,2.7178665382192744,0.20324231850212487
9692,0.1480068597136458,0,2,0,312202,293408,33111,74845,2.7178480121530995,0.20324342232106732
9693,0.1480112141831674,2,1,2,312203,293407,33113,74843,2.7178387491200118,0.20323964697895452
9694,0.1480121314652072,1,4,1,312207,293403,33114,74842,2.7178016969876615,0.2032396909666119
9695,0.1480129490896588,2,2,2,312209,293401,33116,74840,2.7177831709214866,0.20323646742215018
9696,0.1480159683491889,3,12,3,312221,293389,33119,74837,2.7176720145244357,0.2032365992624095
9697,0.1480207009022475,17,79,17,312300,293310,33136,74820,2.716940234910519,0.2032434194442181
9698,0.1480241418098796,8,43,8,312343,293267,33144,74812,2.7165419244877542,0.20324984582114167
9699,0.1480248408476758,8,20,8,312363,293247,33152,74804,2.7163566638260033,0.2032435722223279
9700,0.1480257296813502,1,0,1,312363,293247,33153,74803,2.7163566638260033,0.20324140741747046
9701,0.1480259768917797,1,12,1,312375,293235,33154,74802,2.7162455074289524,0.20324586930118438
9702,0.1480287778693963,0,29,0,312404,293206,33154,74802,2.7159768794694137,0.20326188561118236
9703,0.1480306678812176,0,2,0,312406,293204,33154,74802,2.7159583534032383,0.20326299027733244
9704,0.1480324630904403,0,1,0,312407,293203,33154,74802,2.7159490903701506,0.20326354261491011
9705,0.1480326225249074,2,12,2,312419,293191,33156,74800,2.7158379339731002,0.20326584074067028
9706,0.1480332869288458,1,11,1,312430,293180,33157,74799,2.715736040609137,0.20326975180648896
9707,0.1480357992735657,3,54,3,312484,293126,33160,74796,2.715235836822409,0.2032930892961008
9708,0.148041522783711,2,10,2,312494,293116,33162,74794,2.7151432064915335,0.2032942839281346
9709,0.1480424047348363,17,106,17,312600,293010,33179,74777,2.7141613249842527,0.20331604977881218
9710,0.1480452375789828,0,1,0,312601,293009,33179,74777,2.7141520619511654,0.20331660258954937
9711,0.1480471594848237,1,7,1,312608,293002,33180,74776,2.7140872207195526,0.20331830615208088
9712,0.1480506023011998,0,3,0,312611,292999,33180,74776,2.71405943162029,0.203319964652301
9713,0.1480529555882331,1,1,1,312612,292998,33181,74775,2.7140501685872023,0.20331835126559045
9714,0.1480535710470295,3,9,3,312621,292989,33184,74772,2.713966801289414,0.20331682804865117
9715,0.1480563394167728,0,1,0,312622,292988,33184,74772,2.713957538256327,0.20331738090058735
9716,0.1480599065062958,0,2,0,312624,292986,33184,74772,2.7139390121901514,0.2033184866134795
9717,0.1480599934230219,4,29,4,312653,292957,33188,74768,2.7136703842306127,0.20332585491875724
9718,0.1480604080724626,1,15,1,312668,292942,33189,74767,2.7135314387342993,0.2033319826275669
9719,0.1480634539919363,1,3,1,312671,292939,33190,74766,2.7135036496350367,0.20333147495954637
9720,0.1480656011681398,0,1,0,312672,292938,33190,74766,2.713494386601949,0.20333202793551336
9721,0.1480664327401648,4,18,4,312690,292920,33194,74762,2.713327652006373,0.20333331520172324
9722,0.1480671573711726,1,0,1,312690,292920,33195,74761,2.713327652006373,0.2033311484683734
9723,0.1480691378893638,0,1,0,312691,292919,33195,74761,2.7133183889732853,0.20333170147954743
9724,0.1480729653926032,1,5,1,312696,292914,33196,74760,2.7132720738078477,0.20333229980907
9725,0.148073212356961,0,1,0,312697,292913,33196,74760,2.71326281077476,0.20333285283390404
9726,0.1480742701095584,2,16,2,312713,292897,33198,74758,2.7131146022453594,0.2033373679128531
9727,0.1480848601223887,0,3,0,312716,292894,33198,74758,2.7130868131460963,0.20333902712347546
9728,0.1480894569962093,0,5,0,312721,292889,33198,74758,2.713040497980659,0.20334179253468682
9729,0.1480914245055274,0,3,0,312724,292886,33198,74758,2.7130127088813962,0.20334345181751912
9730,0.1480929978987841,55,461,55,313185,292425,33253,74703,2.7087424506280335,0.2034794404131529
9731,0.1480934595539322,6,17,6,313202,292408,33259,74697,2.708584979065545,0.2034758447855518
9732,0.148096468532346,0,28,0,313230,292380,33259,74697,2.7083256141390937,0.203491365571801
9733,0.1480966071933097,0,5,0,313235,292375,33259,74697,2.7082792989736557,0.20349413738993985
9734,0.1480996649321833,1,4,1,313239,292371,33260,74696,2.708242246841306,0.20349418498530242
9735,0.1481003988611111,0,4,0,313243,292367,33260,74696,2.7082051947089556,0.20349640252490717
9736,0.1481021374171929,1,2,1,313245,292365,33261,74695,2.7081866686427802,0.20349534136108538
9737,0.1481036211574812,0,1,0,313246,292364,33261,74695,2.708177405609693,0.20349589575517832
9738,0.1481075359599192,0,2,0,313248,292362,33261,74695,2.7081588795435176,0.20349700455242647
9739,0.1481126177092433,3,23,3,313271,292339,33264,74692,2.707945829782504,0.20350324631979316
9740,0.1481141710227637,0,1,0,313272,292338,33264,74692,2.7079365667494164,0.20350380077922786
9741,0.148114419229136,0,3,0,313275,292335,33264,74692,2.707908777650154,0.2035054641756601
9742,0.1481157219525074,0,11,0,313286,292324,33264,74692,2.7078068842861907,0.2035115635285655
9743,0.1481167896860266,1,3,1,313289,292321,33265,74691,2.707779095186928,0.20351105685917625
9744,0.1481169730213564,0,1,0,313290,292320,33265,74691,2.7077698321538404,0.20351161136859658
9745,0.1481172341120536,1,0,1,313290,292320,33266,74690,2.7077698321538404,0.20350944115964142
9746,0.1481209307955307,3,23,3,313313,292297,33269,74687,2.707556782392827,0.20351568460750333
9747,0.1481222480238453,0,2,0,313315,292295,33269,74687,2.7075382563266515,0.20351679373920248
9748,0.1481246257385373,0,1,0,313316,292294,33269,74687,2.7075289932935642,0.2035173483095855
9749,0.1481280904473367,3,22,3,313338,292272,33272,74684,2.707325206565638,0.20352303818441447
9750,0.1481322911444919,3,38,3,313376,292234,33275,74681,2.706973211308311,0.2035376040772386
9751,0.1481370999311576,3,10,3,313386,292224,33278,74678,2.7068805809774354,0.2035366392115606
9752,0.1481388153135477,0,1,0,313387,292223,33278,74678,2.7068713179443478,0.20353719395695297
9753,0.1481389700966847,0,1,0,313388,292222,33278,74678,2.70686205491126,0.2035377487053693
9754,0.1481396579048283,0,1,0,313389,292221,33278,74678,2.7068527918781724,0.20353830345680965
9755,0.148140241251011,1,4,1,313393,292217,33279,74677,2.7068157397458226,0.20353835167650602
9756,0.1481442569525078,3,4,3,313397,292213,33282,74674,2.7067786876134723,0.20353405817049935
9757,0.1481449061985673,0,1,0,313398,292212,33282,74674,2.7067694245803846,0.20353461293153732
9758,0.1481455150072317,0,1,0,313399,292211,33282,74674,2.706760161547297,0.20353516769559943
9759,0.1481457314540831,2,7,2,313406,292204,33284,74672,2.706695320315684,0.20353470927506842
9760,0.1481468582961824,0,2,0,313408,292202,33284,74672,2.706676794249509,0.2035358188369849
9761,0.148147848390391,7,70,7,313478,292132,33291,74665,2.7060283819333804,0.20355946204576372
9762,0.1481488738683783,1,8,1,313486,292124,33292,74664,2.70595427766868,0.20356173048191326
9763,0.148149261709936,27,170,27,313656,291954,33319,74637,2.704379562043796,0.20359746965964795
9764,0.1481494168140009,1,15,1,313671,291939,33320,74636,2.7042406165474824,0.2036036281797722
9765,0.1481526894463021,0,2,0,313673,291937,33320,74636,2.704222090481307,0.20360473902878826
9766,0.1481543875057186,1,1,1,313674,291936,33321,74635,2.70421282744822,0.2036031219054426
9767,0.148163294724823,1,1,1,313675,291935,33322,74634,2.704203564415132,0.2036015047644509
9768,0.1481658180455463,1,2,1,313677,291933,33323,74633,2.704185038348957,0.20360044303072297
9769,0.1481662964278059,7,34,7,313711,291899,33330,74626,2.70387009522398,0.20360411977354886
9770,0.1481678400769475,0,1,0,313712,291898,33330,74626,2.703860832190893,0.20360467527365192
9771,0.1481735741421175,1,0,1,313712,291898,33331,74625,2.703860832190893,0.203602502435045
9772,0.1481762579621483,0,2,0,313714,291896,33331,74625,2.7038423061247174,0.2036036134355194
9773,0.1481773394419545,1,11,1,313725,291885,33332,74624,2.7037404127607543,0.20360755124703622
9774,0.148177392851024,3,20,3,313745,291865,33335,74621,2.7035551520990033,0.2036121434379485
9775,0.1481794074962263,0,2,0,313747,291863,33335,74621,2.7035366260328284,0.20361325460320231
9776,0.1481808418768299,0,1,0,313748,291862,33335,74621,2.7035273629997407,0.2036138101903772
9777,0.1481822518763058,11,48,11,313796,291814,33346,74610,2.703082737411538,0.20361657533349345
9778,0.1481845780414119,11,94,11,313890,291720,33357,74599,2.702212012301308,0.20364491058339862
9779,0.14818503969656,0,6,0,313896,291714,33357,74599,2.7021564341027826,0.20364824617198954
9780,0.1481860748142742,1,2,1,313898,291712,33358,74598,2.7021379080366077,0.2036471840790587
9781,0.1481863192263836,7,30,7,313928,291682,33365,74591,2.701860017043981,0.20364864459023735
9782,0.1481917143253866,3,21,3,313949,291661,33368,74588,2.701665493349142,0.20365379837214573
9783,0.1481966936972092,10,63,10,314012,291598,33378,74578,2.7010819222646263,0.20366708905007427
9784,0.1481992670505967,14,95,14,314107,291503,33392,74564,2.7002019341213086,0.20368948853625157
9785,0.1482001204684052,1,11,1,314118,291492,33393,74563,2.7001000407573454,0.20369343404679624
9786,0.1482022745961435,5,45,5,314163,291447,33398,74558,2.6996832042684056,0.20370759962295598
9787,0.148203087388938,2,33,2,314196,291414,33400,74556,2.6993775241765166,0.20372161652594475
9788,0.1482032897770657,4,36,4,314232,291378,33404,74552,2.6990440549853645,0.2037329543901839
9789,0.1482037889118005,3,1,3,314233,291377,33407,74549,2.699034791952277,0.203726983051218
9790,0.1482038754856531,0,5,0,314238,291372,33407,74549,2.6989884767868393,0.2037297668075896
9791,0.1482105574530554,0,1,0,314239,291371,33407,74549,2.6989792137537516,0.203730323567993
9792,0.1482120862764211,0,1,0,314240,291370,33407,74549,2.698969950720664,0.20373088033143946
9793,0.1482127355224806,0,1,0,314241,291369,33407,74549,2.6989606876875762,0.20373143709792904
9794,0.1482144589990702,0,1,0,314242,291368,33407,74549,2.698951424654489,0.20373199386746174
9795,0.1482149680168817,4,19,4,314261,291349,33411,74545,2.6987754270258253,0.2037338682787911
9796,0.1482164583056111,1,3,1,314264,291346,33412,74544,2.6987476379265627,0.20373336248599305
9797,0.148216641640941,0,4,0,314268,291342,33412,74544,2.6987105857942124,0.203735589773864
9798,0.1482178985296121,0,3,0,314271,291339,33412,74544,2.69868279669495,0.2037372602717262
9799,0.1482192547530606,2,28,2,314299,291311,33414,74542,2.6984234317684983,0.20374850008063347
9800,0.1482216736986265,0,11,0,314310,291300,33414,74542,2.698321538404535,0.20375462631409189
9801,0.1482241909877539,3,24,3,314334,291276,33417,74539,2.698099225610434,0.20376146412804286
9802,0.1482274674959025,1,2,1,314336,291274,33418,74538,2.6980806995442586,0.20376040151771949
9803,0.1482306259504559,0,2,0,314338,291272,33418,74538,2.6980621734780836,0.20376151554085453
9804,0.1482406613336311,0,1,0,314339,291271,33418,74538,2.698052910444996,0.20376207255699014
9805,0.1482415802703726,2,22,2,314361,291249,33420,74536,2.69784912371707,0.20376997416515166
9806,0.1482416305387485,12,147,12,314508,291102,33432,74524,2.6964874578531997,0.20382576731414068
9807,0.1482439255720923,7,43,7,314551,291059,33439,74517,2.6960891474304347,0.20383449679410026
9808,0.1482445425656505,0,2,0,314553,291057,33439,74517,2.6960706213642593,0.20383561194176827
9809,0.1482462593262153,0,2,0,314555,291055,33439,74517,2.6960520952980844,0.20383672710163797
9810,0.1482499039013697,0,14,0,314569,291041,33439,74517,2.6959224128348587,0.20384453356238955
9811,0.1482500812002192,1,23,1,314592,291018,33440,74516,2.695709363073845,0.20385518173412048
9812,0.1482504774535735,1,5,1,314597,291013,33441,74515,2.695663047908407,0.20385579216913616
9813,0.1482525019488154,1,2,1,314599,291011,33442,74514,2.695644521842232,0.20385472949866631
9814,0.1482539979778784,1,1,1,314600,291010,33443,74513,2.6956352588091446,0.20385310910667728
9815,0.1482557610445909,3,2,3,314602,291008,33446,74510,2.695616732742969,0.2038476901274356
9816,0.1482573366930966,7,21,7,314623,290987,33453,74503,2.6954222090481306,0.20384415442282963
9817,0.1482576371053795,0,5,0,314628,290982,33453,74503,2.695375893882693,0.2038469431030001
9818,0.1482577255890532,1,13,1,314641,290969,33454,74502,2.6952554744525545,0.20385201561820226
9819,0.1482596091482653,2,4,2,314645,290965,33456,74500,2.6952184223202047,0.20384988986633468
9820,0.1482597207534955,0,1,0,314646,290964,33456,74500,2.695209159287117,0.20385044765011054
9821,0.1482625919860663,4,71,4,314717,290893,33460,74496,2.6945514839379006,0.20388134289756943
9822,0.1482629633444075,1,1,1,314718,290892,33461,74495,2.694542220904813,0.2038797220481298
9823,0.1482645478612912,1,4,1,314722,290888,33462,74494,2.694505168772463,0.2038797751394431
9824,0.1482684343764145,1,2,1,314724,290886,33463,74493,2.6944866427062877,0.2038787122412618
9825,0.1482699318766477,0,8,0,314732,290878,33463,74493,2.694412538441587,0.20388317627835817
9826,0.1482709876388541,1,0,1,314732,290878,33464,74492,2.694412538441587,0.20388099734515697
9827,0.1482711191009791,1,4,1,314736,290874,33465,74491,2.6943754863092373,0.20388105045639293
9828,0.1482747268839976,0,1,0,314737,290873,33465,74491,2.6943662232761496,0.20388160847812045
9829,0.148274901371291,22,166,22,314903,290707,33487,74469,2.6928285597836155,0.20392632593598703
9830,0.1482784205264212,0,2,0,314905,290705,33487,74469,2.6928100337174405,0.203927442808086
9831,0.1482791364809414,0,3,0,314908,290702,33487,74469,2.692782244618178,0.20392911813917317
9832,0.1482827801867507,0,3,0,314911,290699,33487,74469,2.692754455518915,0.2039307934977873
9833,0.1482848174850246,4,32,4,314943,290667,33491,74465,2.6924580384601136,0.20393994500618953
9834,0.1482855259147627,1,20,1,314963,290647,33492,74464,2.692272777798362,0.20394893607697384
9835,0.1482871922294137,0,13,0,314976,290634,33492,74464,2.692152358368224,0.20395619806189022
9836,0.1482885615968463,0,1,0,314977,290633,33492,74464,2.6921430953351364,0.20395675669753519
9837,0.1482891204194615,2,2,2,314979,290631,33494,74462,2.6921245692689615,0.20395351321444125
9838,0.1482897655828011,0,10,0,314989,290621,33494,74462,2.692031938938086,0.20395909971157244
9839,0.148292468813871,0,2,0,314991,290619,33494,74462,2.6920134128719106,0.20396021704772366
9840,0.1482938547387713,1,20,1,315011,290599,33495,74461,2.6918281522101597,0.20396921054073303
9841,0.148295114333619,10,76,10,315087,290523,33505,74451,2.6911241616955057,0.2039898732512453
9842,0.1482965157602119,5,26,5,315113,290497,33510,74446,2.690883322835229,0.20399350035484995
9843,0.1482973352108841,0,2,0,315115,290495,33510,74446,2.690864796769054,0.20399461830816487
9844,0.148301062822059,4,24,4,315139,290471,33514,74442,2.6906424839749525,0.20399930942443814
9845,0.1483015109695615,1,28,1,315167,290443,33515,74441,2.690383119048501,0.20401278214446236
9846,0.1483019942307784,0,6,0,315173,290437,33515,74441,2.690327540849976,0.20401613690055306
9847,0.1483040874030153,26,143,26,315316,290294,33541,74415,2.6890029271184557,0.2040393848246136
9848,0.1483068860999973,0,1,0,315317,290293,33541,74415,2.688993664085368,0.20403994428419447
9849,0.1483069395090668,1,4,1,315321,290289,33542,74414,2.6889566119530177,0.20403999967096514
9850,0.1483085994726625,13,101,13,315422,290188,33555,74401,2.688021045611175,0.20406814248372826
9851,0.148309503619292,0,7,0,315429,290181,33555,74401,2.687956204379562,0.20407206060639307
9852,0.1483117548960056,0,1,0,315430,290180,33555,74401,2.6879469413464743,0.20407262035048454
9853,0.1483123967760048,0,1,0,315431,290179,33555,74401,2.687937678313387,0.2040731800976466
9854,0.1483152262095939,7,26,7,315457,290153,33562,74394,2.6876968394531104,0.2040724515631729
9855,0.1483154143146272,6,31,6,315488,290122,33568,74388,2.6874096854273963,0.20407670571452086
9856,0.1483184813174634,9,59,9,315547,290063,33577,74379,2.6868631664752307,0.20409008840912957
9857,0.1483187688601772,1,9,1,315556,290054,33578,74378,2.6867797991774425,0.20409294463713396
9858,0.1483202809356088,2,11,2,315567,290043,33580,74376,2.6866779058134798,0.20409473710207207
9859,0.148326240355252,4,34,4,315601,290009,33584,74372,2.6863629626885026,0.20410504389636122
9860,0.1483274405874148,3,14,3,315615,289995,33587,74369,2.686233280225277,0.20410633322721236
9861,0.1483283696689027,0,3,0,315618,289992,33587,74369,2.6862054911260143,0.20410801375558854
9862,0.1483288137086395,7,55,7,315673,289937,33594,74362,2.685696024306199,0.2041235358867304
9863,0.1483309008370461,0,1,0,315674,289936,33594,74362,2.6856867612731112,0.20412409620695146
9864,0.148332030475863,0,1,0,315675,289935,33594,74362,2.6856774982400236,0.20412465653024867
9865,0.1483349865962046,5,15,5,315690,289920,33599,74357,2.6855385527437106,0.20412213782368913
9866,0.1483350816594766,0,5,0,315695,289915,33599,74357,2.6854922375782726,0.20412493960556946
9867,0.1483350977664619,1,4,1,315699,289911,33600,74356,2.6854551854459223,0.20412499622529628
9868,0.1483352800763525,1,14,1,315713,289897,33601,74355,2.6853255029826966,0.2041306567980409
9869,0.1483358060468767,0,1,0,315714,289896,33601,74355,2.685316239949609,0.2041312172101106
9870,0.1483403299532157,0,1,0,315715,289895,33601,74355,2.6853069769165216,0.2041317776252574
9871,0.1483429623646796,3,6,3,315721,289889,33604,74352,2.685251398717996,0.20412858519496707
9872,0.1483432846353908,0,1,0,315722,289888,33604,74352,2.6852421356849088,0.20412914561827367
9873,0.1483435650704149,0,1,0,315723,289887,33604,74352,2.685232872651821,0.2041297060446575
9874,0.1483442048352754,1,4,1,315727,289883,33605,74351,2.685195820519471,0.20412976273494512
9875,0.14834450715004,0,8,0,315735,289875,33605,74351,2.6851217162547703,0.2041342463195928
9876,0.1483467948426695,9,56,9,315791,289819,33614,74342,2.6846029864018672,0.204145968404085
9877,0.1483489168357245,0,1,0,315792,289818,33614,74342,2.68459372336878,0.20414652899824254
9878,0.1483508935127254,3,18,3,315810,289800,33617,74339,2.684426988773204,0.20415006357462398
9879,0.1483512721597969,6,40,6,315850,289760,33623,74333,2.6840564674497016,0.2041593768625049
9880,0.1483521705683999,4,26,4,315876,289734,33627,74329,2.6838156285894255,0.20416521316365574
9881,0.1483537376457967,0,1,0,315877,289733,33627,74329,2.683806365556338,0.20416577396157798
9882,0.1483544427276858,2,12,2,315889,289721,33629,74327,2.683695209159287,0.20416813167494396
9883,0.1483627663586829,2,18,2,315907,289703,33631,74325,2.6835284745637114,0.20417385475842517
9884,0.1483629436575324,4,32,4,315939,289671,33635,74321,2.6832320575049096,0.20418305896832897
9885,0.1483741770882941,2,5,2,315944,289666,33637,74319,2.6831857423394716,0.20418149099550806
9886,0.1483767923176366,0,1,0,315945,289665,33637,74319,2.683176479306384,0.20418205195832784
9887,0.1483775357488991,0,10,0,315955,289655,33637,74319,2.6830838489755084,0.20418766175605949
9888,0.1483792686063261,1,11,1,315966,289644,33638,74318,2.6829819556115453,0.20419164638066611
9889,0.148384459057724,0,1,0,315967,289643,33638,74318,2.682972692578458,0.20419220740683755
9890,0.1483861385979677,1,1,1,315968,289642,33639,74317,2.6829634295453704,0.20419058190620373
9891,0.1483883874020942,0,3,0,315971,289639,33639,74317,2.6829356404461078,0.20419226499906581
9892,0.1483927151145639,1,14,1,315985,289625,33640,74316,2.682805957982882,0.20419793318147722
9893,0.1483959134554947,1,1,1,315986,289624,33641,74315,2.6827966949497943,0.20419630762298077
9894,0.1483967110330914,0,1,0,315987,289623,33641,74315,2.6827874319167067,0.2041968686974155
9895,0.1483982798545069,2,13,2,316000,289610,33643,74313,2.6826670124865686,0.20419978951591408
9896,0.14840328739311,1,2,1,316002,289608,33644,74312,2.6826484864203937,0.20419872499450428
9897,0.1484045467762675,0,1,0,316003,289607,33644,74312,2.682639223387306,0.20419928610487498
9898,0.1484051782803617,0,1,0,316004,289606,33644,74312,2.6826299603542183,0.2041998472183294
9899,0.1484052647750372,0,2,0,316006,289604,33644,74312,2.6826114342880434,0.20420096945448948
9900,0.1484061910260616,0,1,0,316007,289603,33644,74312,2.6826021712549557,0.20420153057719523
9901,0.1484084807507919,2,11,2,316018,289592,33646,74310,2.6825002778909925,0.20420332946782374
9902,0.1484100614600912,2,27,2,316045,289565,33648,74308,2.6822501759976287,0.20421410766943413
9903,0.1484120653955893,0,6,0,316051,289559,33648,74308,2.6821945977991035,0.2042174750664391
9904,0.1484167388874565,0,1,0,316052,289558,33648,74308,2.682185334766016,0.20421803631007018
9905,0.1484172110096363,2,2,2,316054,289556,33650,74306,2.6821668086998405,0.20421478472607746
9906,0.1484184374797617,0,38,0,316092,289518,33650,74306,2.6818148134425135,0.20423611416509083
9907,0.1484187228366387,1,3,1,316095,289515,33651,74305,2.681787024343251,0.2042356110164367
9908,0.1484194643795318,5,21,5,316116,289494,33656,74300,2.6815925006484123,0.20423646349307575
9909,0.1484208032915077,0,6,0,316122,289488,33656,74300,2.681536922449887,0.20423983199006016
9910,0.1484210238387047,1,3,1,316125,289485,33657,74299,2.6815091333506245,0.20423932883249402
9911,0.148422287551187,0,1,0,316126,289484,33657,74299,2.681499870317537,0.20423989026425093
9912,0.1484260548933703,3,4,3,316130,289480,33660,74296,2.6814628181851865,0.20423557353976074
9913,0.1484266779090897,0,2,0,316132,289478,33660,74296,2.6814442921190116,0.20423669641040865
9914,0.1484280886669071,1,24,1,316156,289454,33661,74295,2.6812219793249104,0.2042479841868981
9915,0.1484311514938041,0,2,0,316158,289452,33661,74295,2.681203453258735,0.20424910720913161
9916,0.1484325270517781,0,1,0,316159,289451,33661,74295,2.6811941902256473,0.20424966872487946
9917,0.1484330436314794,0,4,0,316163,289447,33661,74295,2.6811571380932975,0.20425191481874516
9918,0.1484336340610581,3,30,3,316193,289417,33664,74292,2.6808792471006706,0.20426219862582448
9919,0.1484348647780186,0,1,0,316194,289416,33664,74292,2.680869984067583,0.20426276023623346
9920,0.1484370040250209,1,11,1,316205,289405,33665,74291,2.68076809070362,0.2042667502529585
9921,0.148437293374874,1,8,1,316213,289397,33666,74290,2.6806939864389197,0.2042690555340169
9922,0.1484378960214917,0,1,0,316214,289396,33666,74290,2.680684723405832,0.20426961719725256
9923,0.1484381461307053,0,3,0,316217,289393,33666,74290,2.6806569343065694,0.20427130220549214
9924,0.1484395743380084,0,2,0,316219,289391,33666,74290,2.6806384082403945,0.20427242555976255
9925,0.1484400584434864,4,16,4,316235,289375,33670,74286,2.6804901997109933,0.20427266052724927
9926,0.1484486020080429,1,5,1,316240,289370,33671,74285,2.6804438845455554,0.20427328099434905
9927,0.1484498275936517,1,4,1,316244,289366,33672,74284,2.6804068324132055,0.2042733397497594
9928,0.1484513044877818,1,9,1,316253,289357,33673,74283,2.6803234651154173,0.2042762072379276
9929,0.148452265455535,7,23,7,316276,289334,33680,74276,2.6801104153544038,0.2042738098512142
9930,0.1484531778162604,0,6,0,316282,289328,33680,74276,2.680054837155878,0.20427718066907954
9931,0.1484557248316243,1,23,1,316305,289305,33681,74275,2.6798417873948646,0.20428791462676715
9932,0.1484574917588312,0,3,0,316308,289302,33681,74275,2.679813998295602,0.20428960027724527
9933,0.1484579352155244,2,15,2,316323,289287,33683,74273,2.6796750527992885,0.20429365166685004
9934,0.1484620333413156,0,2,0,316325,289285,33683,74273,2.6796565267331136,0.20429477552412545
9935,0.1484628016125375,18,141,18,316466,289144,33701,74255,2.6783504390677684,0.20433462942936
9936,0.1484631354493762,0,1,0,316467,289143,33701,74255,2.6783411760346807,0.20433519171817127
9937,0.1484637559700386,0,9,0,316476,289134,33701,74255,2.678257808736893,0.2043402524567337
9938,0.1484645257293629,0,10,0,316486,289124,33701,74255,2.6781651784060174,0.20434587579359292
9939,0.1484663269918882,13,117,13,316603,289007,33714,74242,2.6770814035347734,0.20438321922427866
9940,0.1484709087472869,0,1,0,316604,289006,33714,74242,2.6770721405016857,0.20438378187904682
9941,0.1484728038940824,0,4,0,316608,289002,33714,74242,2.6770350883693355,0.2043860325290989
9942,0.1484730486622451,0,4,0,316612,288998,33714,74242,2.6769980362369856,0.2043882832287193
9943,0.1484732562916179,0,1,0,316613,288997,33714,74242,2.676988773203898,0.20438884591136966
9944,0.1484763415007123,2,28,2,316641,288969,33716,74240,2.6767294082774464,0.2044002213601535
9945,0.1484768401015394,1,1,1,316642,288968,33717,74239,2.6767201452443588,0.20439859363943977
9946,0.1484772043684837,1,5,1,316647,288963,33718,74238,2.6766738300789212,0.20439921696250837
9947,0.1484798275978372,3,10,3,316657,288953,33721,74235,2.6765811997480453,0.20439827307069616
9948,0.1484802141927878,0,1,0,316658,288952,33721,74235,2.676571936714958,0.20439883586141575
9949,0.148486266803675,0,3,0,316661,288949,33721,74235,2.6765441476156955,0.2044005242521697
9950,0.1484868754155365,0,1,0,316662,288948,33721,74235,2.676534884582608,0.20440108705528617
9951,0.1484894252509774,29,151,29,316813,288797,33750,74206,2.675136166586387,0.2044225529816558
9952,0.148491051613195,2,4,2,316817,288793,33752,74204,2.675099114454037,0.20442042220734608
9953,0.1484926602267766,0,2,0,316819,288791,33752,74204,2.675080588387862,0.20442154850617777
9954,0.14849295515355,11,37,11,316856,288754,33763,74193,2.674737856163622,0.20441827594662582
9955,0.1484941956676169,2,13,2,316869,288741,33765,74191,2.674617436733484,0.20442121389130746
9956,0.1484942841836373,0,3,0,316872,288738,33765,74191,2.6745896476342215,0.20442290365333166
9957,0.1484988049401284,2,26,2,316898,288712,33767,74189,2.674348808773945,0.20443316496785624
9958,0.1485000369992046,3,40,3,316938,288672,33770,74186,2.673978287450443,0.20444912334852752
9959,0.1485012498594074,0,1,0,316939,288671,33770,74186,2.6739690244173553,0.20444968679121528
9960,0.1485012724485301,6,88,6,317027,288583,33776,74180,2.6731538775056505,0.20448612454963708
9961,0.1485020240057742,0,1,0,317028,288582,33776,74180,2.673144614472563,0.2044866882418776
9962,0.1485034375430934,15,55,15,317083,288527,33791,74165,2.6726351476527475,0.20448479701785538
9963,0.1485058596456461,0,2,0,317085,288525,33791,74165,2.672616621586572,0.20448592461882048
9964,0.1485076533398479,0,5,0,317090,288520,33791,74165,2.6725703064211346,0.2044887436756414
9965,0.148509552196735,0,2,0,317092,288518,33791,74165,2.672551780354959,0.20448987132013355
9966,0.1485106499642423,4,50,4,317142,288468,33795,74161,2.672088628700582,0.2045092918657912
9967,0.1485112001328877,4,10,4,317152,288458,33799,74157,2.6719959983697064,0.20450615666753996
9968,0.1485121201768147,1,8,1,317160,288450,33800,74156,2.671921894105006,0.20450847476324163
9969,0.1485174092335807,1,1,1,317161,288449,33801,74155,2.671912631071918,0.2045068449327641
9970,0.1485182984338298,5,11,5,317172,288438,33806,74150,2.671810737707955,0.20450207949518462
9971,0.148522750236057,3,8,3,317180,288430,33809,74147,2.671736633443255,0.20450000965312196
9972,0.1485243374587692,0,8,0,317188,288422,33809,74147,2.6716625291785543,0.2045045218979008
9973,0.1485303870379718,10,64,10,317252,288358,33819,74137,2.6710696950609507,0.20451868301631745
9974,0.1485311544806362,0,2,0,317254,288356,33819,74137,2.671051168994776,0.20451981141704806
9975,0.1485315852939519,0,4,0,317258,288352,33819,74137,2.6710141168624255,0.2045220682558643
9976,0.1485326803085008,1,1,1,317259,288351,33820,74136,2.671004853829338,0.20452043797432737
9977,0.1485380274088347,0,1,0,317260,288350,33820,74136,2.67099559079625,0.20452100219042943
9978,0.1485387380712002,1,0,1,317260,288350,33821,74135,2.67099559079625,0.20451880767480032
9979,0.1485398825438139,1,3,1,317263,288347,33822,74134,2.6709678016969876,0.20451830578706195
9980,0.1485412144978637,1,3,1,317266,288344,33823,74133,2.670940012597725,0.2045178038882467
9981,0.1485418044314355,1,1,1,317267,288343,33824,74132,2.6709307495646373,0.20451617352920892
9982,0.1485423345105902,8,53,8,317320,288290,33832,74124,2.670439808810997,0.20452852262881677
9983,0.1485428846304096,0,4,0,317324,288286,33832,74124,2.670402756678647,0.20453078005573797
9984,0.1485439859420732,0,1,0,317325,288285,33832,74124,2.6703934936455593,0.20453134442025447
9985,0.1485463172673737,16,67,16,317392,288218,33848,74108,2.669772870428693,0.20453403840740106
9986,0.1485498664823341,0,12,0,317404,288206,33848,74108,2.6696617140316423,0.2045408126652572
9987,0.1485606124340542,2,16,2,317420,288190,33850,74106,2.6695135055022416,0.20454545454545456
9988,0.1485613471095395,7,33,7,317453,288157,33857,74099,2.669207825410352,0.20454871692946425
9989,0.1485653172640765,1,2,1,317455,288155,33858,74098,2.6691892993441773,0.2045476503990305
9990,0.1485668400329167,0,1,0,317456,288154,33858,74098,2.6691800363110896,0.2045482150547133
9991,0.1485728152365258,8,69,8,317525,288085,33866,74090,2.6685408870280485,0.20456961413681232
9992,0.1485729249112024,0,2,0,317527,288083,33866,74090,2.6685223609618736,0.20457074381580073
9993,0.1485730302385419,1,10,1,317537,288073,33867,74089,2.6684297306309976,0.20457419607799823
9994,0.1485748957986288,1,6,1,317543,288067,33868,74088,2.6683741524324724,0.2045753889909017
9995,0.1485796187945194,0,2,0,317545,288065,33868,74088,2.6683556263662975,0.20457651876416874
9996,0.1485798828123723,1,2,1,317547,288063,33869,74087,2.668337100300122,0.20457545216070688
9997,0.1485817724969806,2,30,2,317577,288033,33871,74085,2.6680592093074957,0.2045880072241645
9998,0.1485845352961777,4,22,4,317599,288011,33875,74081,2.6678554225795694,0.20459165074069574
9999,0.1485873461376607,0,1,0,317600,288010,33875,74081,2.6678461595464817,0.20459221576896416
10000,0.1485899753763183,8,58,8,317658,287952,33883,74073,2.667308903627404,0.20460741661487467
10001,0.1485916171418324,0,1,0,317659,287951,33883,74073,2.667299640594316,0.20460798179126247
10002,0.1485930923029399,0,1,0,317660,287950,33883,74073,2.6672903775612284,0.20460854697077258
10003,0.1485971126575895,0,1,0,317661,287949,33883,74073,2.667281114528141,0.20460911215340505
10004,0.1485999365836147,0,14,0,317675,287935,33883,74073,2.6671514320649155,0.2046170250381207
10005,0.1486027802755155,0,6,0,317681,287929,33883,74073,2.66709585386639,0.2046204164617875
10006,0.1486091618748698,9,53,9,317734,287876,33892,74064,2.66660491311275,0.20463060175719733
10007,0.1486100240131946,17,95,17,317829,287781,33909,74047,2.665724924969432,0.20464695932874183
10008,0.1486141101990773,0,1,0,317830,287780,33909,74047,2.6657156619363445,0.20464752492213129
10009,0.148614146591287,6,6,6,317836,287774,33915,74041,2.6656600837378193,0.20463772922626203
10010,0.1486157136413698,1,0,1,317836,287774,33916,74040,2.6656600837378193,0.20463553096342318
10011,0.1486192338090909,0,6,0,317842,287768,33916,74040,2.6656045055392936,0.20463892451244858
10012,0.1486208500673728,4,40,4,317882,287728,33920,74036,2.6652339842157917,0.20465275704603
10013,0.1486227622411939,0,2,0,317884,287726,33920,74036,2.6652154581496164,0.20465388846810886
10014,0.1486235124215555,13,55,13,317939,287671,33933,74023,2.664705991329801,0.2046564222796065
10015,0.148625783653511,2,4,2,317943,287667,33935,74021,2.6646689391974507,0.20465428767335384
10016,0.148627157282648,1,8,1,317951,287659,33936,74020,2.66459483493275,0.20465661539652566
10017,0.1486274068542076,2,6,2,317957,287653,33938,74018,2.664539256734225,0.20465561242123367
10018,0.1486310767810597,0,5,0,317962,287648,33938,74018,2.6644929415687875,0.20465844176671294
10019,0.1486322052449758,0,1,0,317963,287647,33938,74018,2.6644836785357,0.2046590076451965
10020,0.1486329842011363,3,9,3,317972,287638,33941,74015,2.6644003112379115,0.20465750318675638
10021,0.148633914653218,0,3,0,317975,287635,33941,74015,2.664372522138649,0.20465920088483341
10022,0.1486355660847009,3,0,3,317975,287635,33944,74012,2.664372522138649,0.2046526032291157
10023,0.1486355834935821,0,1,0,317976,287634,33944,74012,2.6643632591055617,0.2046531691211848
10024,0.148637227179633,13,76,13,318052,287558,33957,73999,2.6636592685909073,0.20466759044908547
10025,0.1486391244333008,10,85,10,318137,287473,33967,73989,2.662871910778465,0.2046937160752721
10026,0.1486394085835645,2,16,2,318153,287457,33969,73987,2.6627237022490644,0.2046983765119908
10027,0.1486406445604391,4,41,4,318194,287416,33973,73983,2.662343917892475,0.20471279665964764
10028,0.1486407542351157,1,6,1,318200,287410,33974,73982,2.662288339693949,0.20471399477575597
10029,0.1486418962070241,0,2,0,318202,287408,33974,73982,2.6622698136277743,0.20471512770137523
10030,0.1486424030878526,0,3,0,318205,287405,33974,73982,2.6622420245285117,0.2047168271133162
10031,0.1486459196140552,1,6,1,318211,287399,33975,73981,2.6621864463299865,0.20471802534727987
10032,0.1486468650074068,3,3,3,318214,287396,33978,73978,2.6621586572307234,0.20471312269283345
10033,0.148647693148668,1,7,1,318221,287389,33979,73977,2.6620938159991105,0.20471488739947866
10034,0.1486484948491872,5,67,5,318288,287322,33984,73972,2.661473192782245,0.20474184459193898
10035,0.1486490228048994,5,31,5,318319,287291,33989,73967,2.6611860387565303,0.2047484069556937
10036,0.1486500393660851,0,1,0,318320,287290,33989,73967,2.661176775723443,0.2047489737223085
10037,0.1486554774048135,6,36,6,318356,287254,33995,73961,2.660843306532291,0.20475617014797282
10038,0.1486563959917794,0,5,0,318361,287249,33995,73961,2.660796991366853,0.20475900445724093
10039,0.1486574570959639,0,1,0,318362,287248,33995,73961,2.6607877283337658,0.20475957132851064
10040,0.1486591797246869,10,71,10,318433,287177,34005,73951,2.6601300529845493,0.2047778073148579
10041,0.1486594489341702,0,7,0,318440,287170,34005,73951,2.6600652117529364,0.20478177674519066
10042,0.1486612330771865,0,5,0,318445,287165,34005,73951,2.6600188965874985,0.2047846121467894
10043,0.1486669370889341,2,4,2,318449,287161,34007,73949,2.659981844455148,0.20478247625377308
10044,0.1486709700372878,16,63,16,318512,287098,34023,73933,2.6593982733706323,0.2047829687755345
10045,0.1486756772171215,3,6,3,318518,287092,34026,73930,2.659342695172107,0.20477976411409832
10046,0.1486768191553741,0,4,0,318522,287088,34026,73930,2.659305643039757,0.20478203302882406
10047,0.1486769897893642,1,15,1,318537,287073,34027,73929,2.659166697543444,0.20478833912277494
10048,0.1486775859584975,1,1,1,318538,287072,34028,73928,2.659157434510356,0.20478670360110804
10049,0.1486782831520722,1,1,1,318539,287071,34029,73927,2.6591481714772685,0.2047850680613189
10050,0.1486853358433994,0,2,0,318541,287069,34029,73927,2.6591296454110935,0.2047862026172035
10051,0.1486857403208583,1,5,1,318546,287064,34030,73926,2.6590833302456556,0.20478683620044877
10052,0.1486861639846606,0,1,0,318547,287063,34030,73926,2.659074067212568,0.2047874034942893
10053,0.1486865940129012,1,0,1,318547,287063,34031,73925,2.659074067212568,0.20478520061608696
10054,0.1486871283772188,0,3,0,318550,287060,34031,73925,2.6590462781133053,0.20478690250287407
10055,0.1486887462779305,0,2,0,318552,287058,34031,73925,2.6590277520471304,0.2047880371097808
10056,0.1486910769995415,1,17,1,318569,287041,34032,73924,2.658870280484642,0.20479547878603188
10057,0.1486958255158393,0,3,0,318572,287038,34032,73924,2.6588424913853794,0.20479718086668403
10058,0.1486963033028377,0,2,0,318574,287036,34032,73924,2.658823965319204,0.20479831560283687
10059,0.148698906104973,0,1,0,318575,287035,34032,73924,2.6588147022861164,0.20479888297562882
10060,0.1487007420174976,2,32,2,318607,287003,34034,73922,2.658518285227315,0.20481263420378196
10061,0.1487025768965847,0,1,0,318608,287002,34034,73922,2.6585090221942274,0.20481320167126596
10062,0.1487031851862876,0,5,0,318613,286997,34034,73922,2.6584627070287894,0.20481603905585463
10063,0.1487058769061719,12,93,12,318706,286904,34046,73910,2.657601244951647,0.20484238416469427
10064,0.1487062054307203,1,11,1,318717,286893,34047,73909,2.657499351587684,0.20484642546327347
10065,0.1487072937839975,0,1,0,318718,286892,34047,73909,2.6574900885545962,0.20484699321786803
10066,0.148709513951578,16,67,16,318785,286825,34063,73893,2.65686946533773,0.2048497718439335
10067,0.1487126473056222,3,24,3,318809,286801,34066,73890,2.656647152543629,0.20485678877487934
10068,0.1487142363163099,5,7,5,318816,286794,34071,73885,2.656582311312016,0.2048497417371125
10069,0.1487173637961388,0,2,0,318818,286792,34071,73885,2.656563785245841,0.20485087765507642
10070,0.1487186271703013,2,5,2,318823,286787,34073,73883,2.656517470080403,0.20484930823190173
10071,0.1487187374252758,0,1,0,318824,286786,34073,73883,2.6565082070473154,0.20484987620227965
10072,0.1487189024286754,1,24,1,318848,286762,34074,73882,2.656285894253214,0.20486130366788302
10073,0.1487189869968354,0,6,0,318854,286756,34074,73882,2.656230316054689,0.20486471198265296
10074,0.1487236766242842,1,0,1,318854,286756,34075,73881,2.656230316054689,0.2048625071748046
10075,0.1487237853876036,0,2,0,318856,286754,34075,73881,2.656211789988514,0.20486364329585316
10076,0.1487255085540697,3,22,3,318878,286732,34078,73878,2.6560080032605877,0.20486952663542332
10077,0.1487268319161235,2,4,2,318882,286728,34080,73876,2.6559709511282374,0.20486738915819014
10078,0.1487270090486002,5,15,5,318897,286713,34085,73871,2.655832005631924,0.20486488585184034
10079,0.1487376164841349,4,15,4,318912,286698,34089,73867,2.655693060135611,0.20486458752236075
10080,0.1487414026226826,4,57,4,318969,286641,34093,73863,2.6551650672496203,0.2048881565807869
10081,0.1487419903748309,0,5,0,318974,286636,34093,73863,2.6551187520841824,0.20489099831067492
10082,0.1487433640039679,2,8,2,318982,286628,34095,73861,2.655044647819482,0.20489113398744482
10083,0.1487435065410348,2,3,2,318985,286625,34097,73859,2.655016858720219,0.20488842778042854
10084,0.1487469588131513,9,64,9,319049,286561,34106,73850,2.654424024602616,0.20490495573109588
10085,0.1487503967254156,4,23,4,319072,286538,34110,73846,2.654210974841602,0.2049092079559581
10086,0.1487527071523025,2,3,2,319075,286535,34112,73844,2.6541831857423395,0.20490650121122486
10087,0.1487549577011321,1,0,1,319075,286535,34113,73843,2.6541831857423395,0.20490429493476295
10088,0.1487550302465099,5,10,5,319085,286525,34118,73838,2.654090555411464,0.20489894911519774
10089,0.1487574021420361,0,4,0,319089,286521,34118,73838,2.6540535032791137,0.20490122350211873
10090,0.1487625501799156,7,46,7,319135,286475,34125,73831,2.653627403757086,0.20491193596554041
10091,0.14876333691624,2,8,2,319143,286467,34127,73829,2.6535532994923856,0.20491207229611208
10092,0.1487666057085186,1,19,1,319162,286448,34128,73828,2.6533773018637223,0.20492067192929864
10093,0.1487671187348432,0,4,0,319166,286444,34128,73828,2.653340249731372,0.20492294710663056
10094,0.1487685074945118,4,10,4,319176,286434,34132,73824,2.6532476194004966,0.20491980747131222
10095,0.148768569931992,0,1,0,319177,286433,34132,73824,2.653238356367409,0.2049203762869285
10096,0.1487709512128331,10,98,10,319275,286335,34142,73814,2.6523305791248286,0.2049540606804406
10097,0.1487758458344867,13,82,13,319357,286253,34155,73801,2.651571010411649,0.20497203197298183
10098,0.148776831125509,5,15,5,319372,286238,34160,73796,2.651432064915336,0.2049695306554381
10099,0.1487779517716567,0,2,0,319374,286236,34160,73796,2.6514135388491606,0.20497066927384233
10100,0.148778174155529,0,3,0,319377,286233,34160,73796,2.651385749749898,0.20497237722516798
10101,0.1487822710707873,0,1,0,319378,286232,34160,73796,2.6513764867168104,0.20497294654860176
10102,0.1487850240628563,0,6,0,319384,286226,34160,73796,2.651320908518285,0.2049763625556216
10103,0.1487855727661168,2,43,2,319427,286183,34162,73794,2.65092259809552,0.20499643032749315
10104,0.1487867317525887,0,1,0,319428,286182,34162,73794,2.650913335062433,0.20499699979998667
10105,0.1487867969968033,5,30,5,319458,286152,34167,73789,2.650635444069806,0.20500304216524376
10106,0.148787445044404,14,81,14,319539,286071,34181,73775,2.649885138389714,0.20501825781028551
10107,0.1487882153803446,5,12,5,319551,286059,34186,73770,2.649773981992664,0.205014048339628
10108,0.148790717556611,3,45,3,319596,286014,34189,73767,2.649357145503724,0.20503306177924904
10109,0.1487937457167602,1,4,1,319600,286010,34190,73766,2.6493200933713736,0.20503313172640755
10110,0.1487946612400368,0,1,0,319601,286009,34190,73766,2.649310830338286,0.20503370161906748
10111,0.1487973222840606,2,17,2,319618,285992,34192,73764,2.6491533587757976,0.205038970858026
10112,0.1487987436613141,0,2,0,319620,285990,34192,73764,2.6491348327096222,0.2050401107423406
10113,0.1487988941978427,0,1,0,319621,285989,34192,73764,2.649125569676535,0.2050406806892507
10114,0.1488010940942058,5,16,5,319637,285973,34197,73759,2.648977361147134,0.2050387510702412
10115,0.1488016087352438,0,2,0,319639,285971,34197,73759,2.648958835080959,0.20503989102938314
10116,0.1488028007342211,2,8,2,319647,285963,34199,73757,2.6488847308162584,0.20504003113532748
10117,0.1488028178777768,7,67,7,319714,285896,34206,73750,2.6482641075993922,0.20506275615466318
10118,0.1488086840896841,0,3,0,319717,285893,34206,73750,2.6482363185001296,0.20506446670726247
10119,0.1488113795388473,0,1,0,319718,285892,34206,73750,2.648227055467042,0.20506503689780392
10120,0.1488142623886743,1,1,1,319719,285891,34207,73749,2.6482177924339547,0.2050633967300634
10121,0.1488143166704794,8,31,8,319750,285860,34215,73741,2.6479306384082406,0.20506338970136345
10122,0.1488147881370646,5,43,5,319793,285817,34220,73736,2.6475323279854757,0.2050768593225477
10123,0.1488170767756547,0,1,0,319794,285816,34220,73736,2.647523064952388,0.20507742969028123
10124,0.1488227457050924,0,1,0,319795,285815,34220,73736,2.6475138019193003,0.20507800006118743
10125,0.1488245709451516,0,4,0,319799,285811,34220,73736,2.64747674978695,0.20508028157653937
10126,0.1488250528145087,1,9,1,319808,285802,34221,73735,2.6473933824891622,0.20508320423210963
10127,0.1488257206728979,9,51,9,319859,285751,34230,73726,2.646920967801697,0.20509239812282845
10128,0.148826500535708,1,13,1,319872,285738,34231,73725,2.6468005483715586,0.20509760392585608
10129,0.1488330150679966,5,38,5,319910,285700,34236,73720,2.6464485531142317,0.20510822992599187
10130,0.1488335705174587,0,2,0,319912,285698,34236,73720,2.6464300270480567,0.2051093712613169
10131,0.1488343815117868,0,3,0,319915,285695,34236,73720,2.646402237948794,0.20511108328812097
10132,0.1488348471764523,10,73,10,319988,285622,34246,73710,2.6457260365334023,0.20513063128249084
10133,0.1488349441465957,0,4,0,319992,285618,34246,73710,2.6456889844010525,0.20513291477424525
10134,0.1488354235642147,2,20,2,320012,285598,34248,73708,2.645503723739301,0.20513990860158193
10135,0.1488357931200532,2,0,2,320012,285598,34250,73706,2.645503723739301,0.20513548415826152
10136,0.148836231318155,5,19,5,320031,285579,34255,73701,2.645327726110638,0.20513527054108216
10137,0.1488369828554614,0,4,0,320035,285575,34255,73701,2.6452906739782875,0.20513755441499015
10138,0.1488412463471022,0,1,0,320036,285574,34255,73701,2.6452814109452,0.20513812539141327
10139,0.1488421534337332,2,29,2,320065,285545,34257,73699,2.6450127829856607,0.20515025999042433
10140,0.1488448092740297,0,1,0,320066,285544,34257,73699,2.6450035199525734,0.2051508310530755
10141,0.1488511753858827,0,1,0,320067,285543,34257,73699,2.6449942569194858,0.20515140211890592
10142,0.1488520579052269,9,43,9,320110,285500,34266,73690,2.644595946496721,0.20515604554692501
10143,0.1488530921557901,2,6,2,320116,285494,34268,73688,2.6445403682981956,0.20515504674510415
10144,0.1488534046982448,12,112,12,320228,285382,34280,73676,2.6435029085923896,0.2051924758674086
10145,0.1488546263207167,1,4,1,320232,285378,34281,73675,2.6434658564600393,0.20519254817533902
10146,0.1488546312586144,14,48,14,320280,285330,34295,73661,2.643021230871837,0.20518898802476943
10147,0.1488578905465583,0,2,0,320282,285328,34295,73661,2.6430027048056615,0.2051901311739357
10148,0.148867208150084,2,1,2,320283,285327,34297,73659,2.6429934417725742,0.20518627467366415
10149,0.1488679081781573,0,4,0,320287,285323,34297,73659,2.642956389640224,0.20518856098634472
10150,0.1488685232259224,0,1,0,320288,285322,34297,73659,2.6429471266071363,0.20518913257247598
10151,0.1488711009717699,13,54,13,320342,285268,34310,73646,2.642446922820408,0.20519121572298657
10152,0.1488761993735532,0,6,0,320348,285262,34310,73646,2.642391344621883,0.20519464598170004
10153,0.148877416086058,0,4,0,320352,285258,34310,73646,2.6423542924895327,0.20519693288455965
10154,0.1488820917125876,0,1,0,320353,285257,34310,73646,2.642345029456445,0.20519750461823946
10155,0.1488822976992388,2,0,2,320353,285257,34312,73644,2.642345029456445,0.20519307552779179
10156,0.1488850254780687,0,5,0,320358,285252,34312,73644,2.6422987142910075,0.20519593419820784
10157,0.148886229722678,3,43,3,320401,285209,34315,73641,2.6419004038682425,0.20521387766476243
10158,0.1488875223493597,1,1,1,320402,285208,34316,73640,2.641891140835155,0.20521223470661673
10159,0.1488878343489059,1,20,1,320422,285188,34317,73639,2.641705880173404,0.20522145769409772
10160,0.1488934143363448,3,23,3,320445,285165,34320,73636,2.6414928304123904,0.20522796759206358
10161,0.1488959707033573,1,24,1,320469,285141,34321,73635,2.641270517618289,0.20523948090173255
10162,0.1489001457133368,1,2,1,320471,285139,34322,73634,2.6412519915521138,0.20523840980229838
10163,0.1489004978708759,6,62,6,320533,285077,34328,73628,2.6406776835006855,0.205260590178559
10164,0.1489017794874367,9,48,9,320581,285029,34337,73619,2.640233057912483,0.20526811804331824
10165,0.1489022108357001,0,2,0,320583,285027,34337,73619,2.6402145318463077,0.20526926272703447
10166,0.1489077397440143,0,1,0,320584,285026,34337,73619,2.64020526881322,0.2052698350736801
10167,0.1489089287349358,3,38,3,320622,284988,34340,73616,2.639853273555893,0.20528493826058827
10168,0.1489097534796756,0,3,0,320625,284985,34340,73616,2.6398254844566305,0.20528665564234344
10169,0.1489139310082588,1,8,1,320633,284977,34341,73615,2.63975138019193,0.20528901927538817
10170,0.1489173008155257,1,10,1,320643,284967,34342,73614,2.6396587498610544,0.2052925280480561
10171,0.1489178431696971,0,2,0,320645,284965,34342,73614,2.6396402237948795,0.20529367308180346
10172,0.1489182591060257,0,4,0,320649,284961,34342,73614,2.6396031716625292,0.20529596318761764
10173,0.1489228044137063,1,2,1,320651,284959,34343,73613,2.639584645596354,0.20529489196033154
10174,0.1489245952106244,0,5,0,320656,284954,34343,73613,2.6395383304309163,0.2052977546734641
10175,0.1489264273190801,3,34,3,320690,284920,34346,73610,2.6392233873059396,0.20531057373162637
10176,0.1489276030000952,3,8,3,320698,284912,34349,73607,2.639149283041239,0.20530850526750324
10177,0.1489296909909958,3,5,3,320703,284907,34352,73604,2.639102967875801,0.20530471868366662
10178,0.1489340501313713,3,28,3,320731,284879,34355,73601,2.6388436029493496,0.20531410399464406
10179,0.1489344678943963,0,4,0,320735,284875,34355,73601,2.6388065508169993,0.20531639496089
10180,0.1489366324421335,0,11,0,320746,284864,34355,73601,2.6387046574530366,0.20532269538169695
10181,0.1489389302956832,2,15,2,320761,284849,34357,73599,2.638565711956723,0.20532685354640004
10182,0.1489421002147095,17,97,17,320858,284752,34374,73582,2.6376671977472306,0.2053447342423549
10183,0.1489434829463425,4,4,4,320862,284748,34378,73578,2.6376301456148803,0.2053381557576062
10184,0.1489446388702187,0,1,0,320863,284747,34378,73578,2.6376208825817926,0.2053387288076467
10185,0.1489446722984179,1,7,1,320870,284740,34379,73577,2.6375560413501797,0.2053405224982348
10186,0.148944838357056,6,34,6,320904,284706,34385,73571,2.637241098225203,0.2053467010162528
10187,0.1489466916097064,1,2,1,320906,284704,34386,73570,2.6372225721590277,0.2053456293228088
10188,0.1489469066062205,3,6,3,320912,284698,34389,73567,2.6371669939605025,0.2053424141347885
10189,0.1489493701995846,3,26,3,320938,284672,34392,73564,2.636926155100226,0.20535066269163346
10190,0.1489494923408031,1,5,1,320943,284667,34393,73563,2.6368798399347884,0.20535131061050163
10191,0.1489498453127746,0,3,0,320946,284664,34393,73563,2.6368520508355258,0.20535303034109656
10192,0.1489508440054672,0,1,0,320947,284663,34393,73563,2.636842787802438,0.20535360359102914
10193,0.148959965786511,3,6,3,320953,284657,34396,73560,2.636787209603913,0.2053503881725323
10194,0.1489612752496989,0,2,0,320955,284655,34396,73560,2.6367686835377375,0.20535153469285206
10195,0.1489624881682907,0,1,0,320956,284654,34396,73560,2.63675942050465,0.20535210795781292
10196,0.1489639312491602,3,26,3,320982,284628,34399,73557,2.6365185816443737,0.20536035847397294
10197,0.1489669514935928,3,22,3,321004,284606,34402,73554,2.6363147949164474,0.2053663167299531
10198,0.1489677774660082,7,58,7,321062,284548,34409,73547,2.6357775389973694,0.2053840461330094
10199,0.1489681377350316,0,1,0,321063,284547,34409,73547,2.6357682759642818,0.2053846196808659
10200,0.1489688694714345,1,0,1,321063,284547,34410,73546,2.6357682759642818,0.20538240066128072
10201,0.1489690493055503,0,5,0,321068,284542,34410,73546,2.635721960798844,0.2053852684256384
10202,0.1489704532851471,1,0,1,321068,284542,34411,73545,2.635721960798844,0.20538304937068366
10203,0.1489743630509444,3,31,3,321099,284511,34414,73542,2.6354348067731297,0.20539417348828246
10204,0.1489768097374896,4,33,4,321132,284478,34418,73538,2.6351291266812407,0.20540422774401143
10205,0.1489776720464053,0,2,0,321134,284476,34418,73538,2.6351106006150653,0.2054053752087907
10206,0.1489816045632697,0,5,0,321139,284471,34418,73538,2.635064285449628,0.20540824392682866
10207,0.1489817603321721,0,1,0,321140,284470,34418,73538,2.63505502241654,0.20540881768005184
10208,0.1489829513562876,1,16,1,321156,284454,34419,73537,2.634906813887139,0.20541577860895943
10209,0.1489838865848071,17,116,17,321272,284338,34436,73520,2.633832302048983,0.20544461769752248
10210,0.1489841779166572,2,5,2,321277,284333,34438,73518,2.633785986883545,0.2054430475253667
10211,0.1489846884651832,0,2,0,321279,284331,34438,73518,2.6337674608173702,0.2054441957361904
10212,0.148985503479703,5,23,5,321302,284308,34443,73513,2.6335544110563562,0.20544629856827856
10213,0.1489855231154728,0,2,0,321304,284306,34443,73513,2.6335358849901813,0.20544744689354114
10214,0.1489903927664438,0,1,0,321305,284305,34443,73513,2.6335266219570936,0.2054480210609863
10215,0.1489918752601935,30,181,30,321486,284124,34473,73483,2.6318500129682465,0.2054853512375317
10216,0.1489933864551662,2,6,2,321492,284118,34475,73481,2.631794434769721,0.205484355381307
10217,0.1489977414721008,0,5,0,321497,284113,34475,73481,2.6317481196042833,0.20548722853291723
10218,0.1490018794552846,0,3,0,321500,284110,34475,73481,2.6317203305050207,0.2054889524624501
10219,0.1490021590506872,8,22,8,321522,284088,34483,73473,2.6315165437770944,0.2054838195440778
10220,0.14900360020093,1,2,1,321524,284086,34484,73472,2.631498017710919,0.2054827468550557
10221,0.1490040323534428,1,4,1,321528,284082,34485,73471,2.6314609655785692,0.20548282352546335
10222,0.1490088934194562,1,0,1,321528,284082,34486,73470,2.6314609655785692,0.2054806014230098
10223,0.1490120378748648,13,75,13,321603,284007,34499,73457,2.6307662380970025,0.20549481905870243
10224,0.1490126676809694,1,6,1,321609,284001,34500,73456,2.6307106598984773,0.20549604567822144
10225,0.1490128338869371,5,8,5,321617,283993,34505,73451,2.6306365556337767,0.20548953122726918
10226,0.1490135610542132,10,27,10,321644,283966,34515,73441,2.630386453740413,0.20548282490270195
10227,0.1490168885644972,1,0,1,321644,283966,34516,73440,2.630386453740413,0.2054806018925256
10228,0.1490184490134372,1,2,1,321646,283964,34517,73439,2.6303679276742375,0.2054795287112867
10229,0.1490241991216998,1,3,1,321649,283961,34518,73438,2.630340138574975,0.20547903043936888
10230,0.1490244029545868,0,1,0,321650,283960,34518,73438,2.6303308755418873,0.20547960536992374
10231,0.1490252887005717,32,121,32,321771,283839,34550,73406,2.6292100485382934,0.2054780332824812
10232,0.1490311692044471,0,3,0,321774,283836,34550,73406,2.629182259439031,0.20547975881895186
10233,0.1490337299994495,1,1,1,321775,283835,34551,73405,2.629172996405943,0.2054781099540925
10234,0.149034049891017,0,2,0,321777,283833,34551,73405,2.6291544703397682,0.2054792603250494
10235,0.1490352145127115,18,92,18,321869,283741,34569,73387,2.628302271295713,0.2054921484733765
10236,0.1490365820413382,0,1,0,321870,283740,34569,73387,2.6282930082626255,0.20549272387694015
10237,0.1490375771883815,9,50,9,321920,283690,34578,73378,2.6278298566082476,0.2055014731087636
10238,0.149037787866099,20,85,20,322005,283605,34598,73358,2.627042498795806,0.20550589276759776
10239,0.1490409503422124,1,7,1,322012,283598,34599,73357,2.626977657564193,0.20550769704864758
10240,0.1490416294217833,9,37,9,322049,283561,34608,73348,2.6266349253399532,0.20550896727176957
10241,0.1490425154106559,2,4,2,322053,283557,34610,73346,2.626597873207603,0.2055068183792235
10242,0.1490463878770209,6,39,6,322092,283518,34616,73340,2.6262366149171883,0.20551591949739112
10243,0.1490514059744803,12,55,12,322147,283463,34628,73328,2.625727148097373,0.20552087917015843
10244,0.1490520318902058,1,18,1,322165,283445,34629,73327,2.625560413501797,0.20552902133575504
10245,0.1490528391634534,5,9,5,322174,283436,34634,73322,2.625477046204009,0.205523071662023
10246,0.1490532671322476,2,4,2,322178,283432,34636,73320,2.625439994071659,0.20552092209714312
10247,0.1490577008143693,8,34,8,322212,283398,34644,73312,2.625125050946682,0.20552269350452748
10248,0.1490589084880643,0,2,0,322214,283396,34644,73312,2.6251065248805068,0.20552384583468833
10249,0.1490591690546942,0,6,0,322220,283390,34644,73312,2.6250509466819816,0.2055273029027031
10250,0.1490606294481782,0,1,0,322221,283389,34644,73312,2.625041683648894,0.20552787909201264
10251,0.1490612510164873,2,32,2,322253,283357,34646,73310,2.624745266590092,0.20554186397956636
10252,0.1490619680929461,0,2,0,322255,283355,34646,73310,2.624726740523917,0.20554301655615212
10253,0.1490623547981164,1,13,1,322268,283342,34647,73309,2.624606321093779,0.20554828109272089
10254,0.1490626998733749,12,79,12,322347,283263,34659,73297,2.623874541479862,0.20556708548350908
10255,0.1490655769209045,4,32,4,322379,283231,34663,73293,2.6235781244210603,0.20557662317263353
10256,0.1490700759842188,1,0,1,322379,283231,34664,73292,2.6235781244210603,0.20557439491982285
10257,0.1490712484505527,1,3,1,322382,283228,34665,73291,2.6235503353217977,0.20557389648237542
10258,0.1490750428621615,7,16,7,322398,283212,34672,73284,2.623402126792397,0.2055675238992864
10259,0.1490754667274348,4,19,4,322417,283193,34676,73280,2.6232261291637333,0.20556956627851197
10260,0.1490762533235232,12,34,12,322451,283159,34688,73268,2.6229111860387566,0.20556242933335578
10261,0.1490767227433695,0,1,0,322452,283158,34688,73268,2.622901923005669,0.2055630060657752
10262,0.1490787774371527,2,4,2,322456,283154,34690,73266,2.6228648708733187,0.20556085517086584
10263,0.1490823531809254,0,1,0,322457,283153,34690,73266,2.6228556078402314,0.20556143191019557
10264,0.1490886853884065,9,40,9,322497,283113,34699,73257,2.622485086516729,0.20556444145130062
10265,0.1490905345037185,0,1,0,322498,283112,34699,73257,2.6224758234836414,0.2055650182816126
10266,0.1490906843438684,0,14,0,322512,283098,34699,73257,2.6223461410204156,0.20557309424590647
10267,0.149091571333934,0,5,0,322517,283093,34699,73257,2.622299825854978,0.2055759786726533
10268,0.1490920284456131,1,2,1,322519,283091,34700,73256,2.6222812997888028,0.20557490311409946
10269,0.149100093306127,23,124,23,322643,282967,34723,73233,2.6211326836859463,0.20559517125210555
10270,0.1491015635173375,2,5,2,322648,282962,34725,73231,2.6210863685205084,0.20559359672986274
10271,0.1491032044839756,2,7,2,322655,282955,34727,73229,2.6210215272888955,0.20559317656042944
10272,0.1491034197620808,0,3,0,322658,282952,34727,73229,2.620993738189633,0.2055949082067825
10273,0.1491070015670998,1,13,1,322671,282939,34728,73228,2.620873318759495,0.205600181937125
10274,0.1491085620390407,3,32,3,322703,282907,34731,73225,2.620576901700693,0.20561196410319768
10275,0.149110029156065,1,4,1,322707,282903,34732,73224,2.6205398495683427,0.20561204289481
10276,0.1491119214487553,0,10,0,322717,282893,34732,73224,2.6204472192374673,0.2056178166164491
10277,0.1491188128029022,0,5,0,322722,282888,34732,73224,2.6204009040720293,0.20562070359886778
10278,0.1491200221844955,0,9,0,322731,282879,34732,73224,2.6203175367742415,0.20562590037152173
10279,0.1491202390747627,0,3,0,322734,282876,34732,73224,2.620289747674979,0.20562763268744735
10280,0.149121125440756,2,11,2,322745,282865,34734,73222,2.6201878543110158,0.20562952312215835
10281,0.1491238429256755,3,8,3,322753,282857,34737,73219,2.620113750046315,0.2056274503195947
10282,0.1491252568221941,22,117,22,322870,282740,34759,73197,2.619029975175071,0.20564594296181626
10283,0.1491255301382826,1,3,1,322873,282737,34760,73196,2.6190021860758086,0.20564544450781466
10284,0.1491256300336448,0,1,0,322874,282736,34760,73196,2.618992923042721,0.20564602227391748
10285,0.1491267601359795,1,0,1,322874,282736,34761,73195,2.618992923042721,0.2056437905099584
10286,0.1491298255319717,0,4,0,322878,282732,34761,73195,2.618955870910371,0.20564610158824703
10287,0.14913170570873,0,4,0,322882,282728,34761,73195,2.618918818778021,0.20564841271848125
10288,0.1491329818552541,0,7,0,322889,282721,34761,73195,2.618853977546408,0.20565245732139045
10289,0.1491348148755779,1,4,1,322893,282717,34762,73194,2.6188169254140576,0.20565253672968803
10290,0.1491349085669397,1,3,1,322896,282714,34763,73193,2.618789136314795,0.2056520383133796
10291,0.1491349462608237,1,1,1,322897,282713,34764,73192,2.6187798732817074,0.20565038423174722
10292,0.1491357898819738,21,122,21,323019,282591,34785,73171,2.617649783245026,0.20567401802328522
10293,0.1491369992635671,7,59,7,323078,282532,34792,73164,2.61710326429286,0.20569250146192253
10294,0.149137617044362,1,5,1,323083,282527,34793,73163,2.6170569491274223,0.20569315977396047
10295,0.1491379680196487,1,7,1,323090,282520,34794,73162,2.6169921078958094,0.20569497472461357
10296,0.1491402621117044,17,117,17,323207,282403,34811,73145,2.6159083330245654,0.20572468414953818
10297,0.1491409061587758,0,6,0,323213,282397,34811,73145,2.61585275482604,0.20572815588594315
10298,0.1491414775291899,1,6,1,323219,282391,34812,73144,2.615797176627515,0.20572939373057506
10299,0.1491429861171081,6,12,6,323231,282379,34818,73138,2.615686020230464,0.20572293308055592
10300,0.1491460253911047,0,3,0,323234,282376,34818,73138,2.6156582311312015,0.20572466907069764
10301,0.1491466067610661,1,3,1,323237,282373,34819,73137,2.615630442031939,0.20572417090939776
10302,0.1491476840182748,15,92,15,323329,282281,34834,73122,2.614778242987884,0.20574390199294884
10303,0.1491570197602009,0,8,0,323337,282273,34834,73122,2.6147041387231833,0.20574853332207826
10304,0.1491570706500321,0,5,0,323342,282268,34834,73122,2.614657823557746,0.20575142800866653
10305,0.1491571570635323,2,8,2,323350,282260,34836,73120,2.6145837192930452,0.2057515898474872
10306,0.1491592030866055,5,40,5,323390,282220,34841,73115,2.6142131979695433,0.20576357521775226
10307,0.1491604849595693,31,201,31,323591,282019,34872,73084,2.612351328318945,0.20581070844233926
10308,0.1491647611707543,1,11,1,323602,282008,34873,73083,2.6122494349549816,0.20581484746163659
10309,0.149166849998577,1,1,1,323603,282007,34874,73082,2.612240171921894,0.20581319049590385
10310,0.1491673345241418,3,18,3,323621,281989,34877,73079,2.612073437326318,0.20581691394324467
10311,0.1491709170701372,5,22,5,323643,281967,34882,73074,2.611869650598392,0.20581848293577362
10312,0.1491720613047009,11,29,11,323672,281938,34893,73063,2.611601022638853,0.20581068785721732
10313,0.1491745726774156,20,127,20,323799,281811,34913,73043,2.6104246174367334,0.2058395847306216
10314,0.1491750373835537,0,11,0,323810,281800,34913,73043,2.61032272407277,0.20584596568059677
10315,0.1491761598775677,4,20,4,323830,281780,34917,73039,2.6101374634110193,0.20584861577311248
10316,0.1491763913629541,0,2,0,323832,281778,34917,73039,2.6101189373448443,0.2058497760817548
10317,0.1491802655310344,0,5,0,323837,281773,34917,73039,2.6100726221794064,0.20585267691058928
10318,0.1491822644864962,0,1,0,323838,281772,34917,73039,2.6100633591463187,0.205853257086167
10319,0.1491853156581718,10,47,10,323885,281725,34927,73029,2.609627996591204,0.20585814395327467
10320,0.1491877635553878,0,1,0,323886,281724,34927,73029,2.6096187335581162,0.2058587242391185
10321,0.1491890141451323,2,3,2,323889,281721,34929,73027,2.6095909444588536,0.20585598791254636
10322,0.1491900709090679,10,58,10,323947,281663,34939,73017,2.6090536885397753,0.20586726062929964
10323,0.1491907408351273,0,2,0,323949,281661,34939,73017,2.6090351624736003,0.2058684214978093
10324,0.1491907976745301,0,2,0,323951,281659,34939,73017,2.6090166364074254,0.20586958237941108
10325,0.1491908619527163,1,3,1,323954,281656,34940,73016,2.6089888473081624,0.20586908467541842
10326,0.1491916398944659,3,9,3,323963,281647,34943,73013,2.6089054800103746,0.20586759149608075
10327,0.1491916734487547,3,27,3,323990,281620,34946,73010,2.6086553781170108,0.20587654738741787
10328,0.1491920165384828,2,0,2,323990,281620,34948,73008,2.6086553781170108,0.20587206875937603
10329,0.1491922465314177,0,4,0,323994,281616,34948,73008,2.6086183259846605,0.20587439090416892
10330,0.1491924600448432,9,34,9,324028,281582,34957,72999,2.6083033828596838,0.20587397519889672
10331,0.1491934767570727,2,7,2,324035,281575,34959,72997,2.608238541628071,0.20587356023600284
10332,0.1491950346506902,1,17,1,324052,281558,34960,72996,2.608081070065582,0.20588119158153623
10333,0.1491951944823494,23,131,23,324183,281427,34983,72973,2.606867612731113,0.20590575620767496
10334,0.1491994650213188,0,1,0,324184,281426,34983,72973,2.606858349698025,0.20590633720749776
10335,0.149201232136922,2,21,2,324205,281405,34985,72971,2.6066638260031865,0.205914057385376
10336,0.1492034902956181,0,1,0,324206,281404,34985,72971,2.606654562970099,0.20591463844797178
10337,0.1492065171835075,1,1,1,324207,281403,34986,72970,2.6066452999370116,0.205912978697587
10338,0.1492080914356177,3,22,3,324229,281381,34989,72967,2.6064415132090852,0.20591904003973496
10339,0.1492092946651386,4,13,4,324242,281368,34993,72963,2.606321093778947,0.2059176306899481
10340,0.1492113521619476,5,28,5,324270,281340,34998,72958,2.6060617288524957,0.20592269784192968
10341,0.1492113880149429,10,42,10,324312,281298,35008,72948,2.6056726814628184,0.20592469639741875
10342,0.1492115262542963,1,9,1,324321,281289,35009,72947,2.60558931416503,0.20592768662699443
10343,0.1492115900683398,1,5,1,324326,281284,35010,72946,2.6055429989995926,0.20592835163594275
10344,0.1492127055833838,1,0,1,324326,281284,35011,72945,2.6055429989995926,0.205926109945826
10345,0.1492130435134082,14,85,14,324411,281199,35025,72931,2.6047556411871504,0.20594414480557988
10346,0.1492135442149959,0,4,0,324415,281195,35025,72931,2.6047185890548,0.20594647103008534
10347,0.1492137706806844,2,5,2,324420,281190,35027,72929,2.604672273889362,0.20594489423047055
10348,0.1492213306537851,0,2,0,324422,281188,35027,72929,2.6046537478231873,0.2059460573765168
10349,0.1492245619978819,0,1,0,324423,281187,35027,72929,2.6046444847900996,0.2059466389544669
10350,0.1492288837979042,1,1,1,324424,281186,35028,72928,2.604635221757012,0.20594497817087154
10351,0.1492291971869898,0,2,0,324426,281184,35028,72928,2.604616695690837,0.20594614133381528
10352,0.1492292431157962,0,1,0,324427,281183,35028,72928,2.6046074326577493,0.2059467229202143
10353,0.1492306868042,16,105,16,324532,281078,35044,72912,2.603634814183556,0.2059719201107376
10354,0.1492313788309182,4,10,4,324542,281068,35048,72908,2.6035421838526807,0.20596876624403915
10355,0.1492387463940505,0,1,0,324543,281067,35048,72908,2.603532920819593,0.20596934811780493
10356,0.1492392641609026,5,33,5,324576,281034,35053,72903,2.603227240727704,0.20597733494944015
10357,0.1492439286500393,0,1,0,324577,281033,35053,72903,2.6032179776946163,0.20597791691153203
10358,0.1492467501703542,1,6,1,324583,281027,35054,72902,2.603162399496091,0.205979165312817
10359,0.1492484462786129,0,5,0,324588,281022,35054,72902,2.603116084330653,0.2059820752477933
10360,0.149249543099812,1,9,1,324597,281013,35055,72901,2.6030327170328653,0.20598506981922163
10361,0.1492511529821437,0,2,0,324599,281011,35055,72901,2.60301419096669,0.2059862338660458
10362,0.149252241516677,3,3,3,324602,281008,35058,72898,2.6029864018674274,0.20598124925827763
10363,0.1492531245690176,26,117,26,324719,280891,35084,72872,2.601902626996184,0.20599101658454955
10364,0.1492549144981639,39,283,39,325002,280608,35123,72833,2.5992811886324056,0.20606833955313617
10365,0.1492606011565654,3,12,3,325014,280596,35126,72830,2.5991700322353553,0.20606859710377845
10366,0.1492612791561305,0,2,0,325016,280594,35126,72830,2.59915150616918,0.20606976323056725
10367,0.1492624080573224,0,1,0,325017,280593,35126,72830,2.5991422431360927,0.20607034629891094
10368,0.1492638907395947,23,106,23,325123,280487,35149,72807,2.598160361628812,0.2060804882052908
10369,0.1492641002445782,10,92,10,325215,280395,35159,72797,2.5973081625847567,0.20611168995900248
10370,0.1492661068682065,1,2,1,325217,280393,35160,72796,2.597289636518582,0.20611060933381278
10371,0.1492690614608353,0,2,0,325219,280391,35160,72796,2.5972711104524064,0.2061117764810143
10372,0.1492702400492665,0,1,0,325220,280390,35160,72796,2.597261847419319,0.206112360059572
10373,0.1492712427360857,0,2,0,325222,280388,35160,72796,2.597243321353144,0.20611352722660142
10374,0.1492745671422135,18,65,18,325287,280323,35178,72778,2.596641224202453,0.20611099940243727
10375,0.1492758591433375,2,0,2,325287,280323,35180,72776,2.596641224202453,0.206106502708872
10376,0.1492775610684083,13,113,13,325400,280210,35193,72763,2.5955945014635593,0.2061432460839781
10377,0.1492816510516957,1,7,1,325407,280203,35194,72762,2.5955296602319464,0.20614508520674854
10378,0.1492832038750729,2,15,2,325422,280188,35196,72760,2.595390714735633,0.20614934777927627
10379,0.1492846961486606,4,35,4,325457,280153,35200,72756,2.5950665085775686,0.2061607949924768
10380,0.1492848490211993,2,9,2,325466,280144,35202,72754,2.594983141279781,0.2061615537634104
10381,0.1492854890642972,0,39,0,325505,280105,35202,72754,2.594621882989366,0.20618433992047816
10382,0.149286614793318,0,1,0,325506,280104,35202,72754,2.5946126199562785,0.20618492424714757
10383,0.1492872171283382,5,37,5,325543,280067,35207,72749,2.594269887732039,0.20619529726543015
10384,0.1492922618663923,1,12,1,325555,280055,35208,72748,2.5941587313349883,0.20620006065708057
10385,0.1493068368363858,0,2,0,325557,280053,35208,72748,2.5941402052688134,0.20620122958835152
10386,0.1493084561736183,1,1,1,325558,280052,35209,72747,2.5941309422357257,0.20619956405772125
10387,0.1493132146008323,0,1,0,325559,280051,35209,72747,2.594121679202638,0.2062001485269191
10388,0.1493148623162146,1,7,1,325566,280044,35210,72746,2.594056837971025,0.20620198985232008
10389,0.1493162756025262,0,2,0,325568,280042,35210,72746,2.5940383119048502,0.20620315883760218
10390,0.1493175745892607,0,4,0,325572,280038,35210,72746,2.5940012597725,0.2062054968479296
10391,0.1493205268148296,0,1,0,325573,280037,35210,72746,2.5939919967394123,0.20620608135879565
10392,0.1493209538929309,5,32,5,325605,280005,35215,72741,2.5936955796806105,0.20621353608545526
10393,0.149322279169472,6,41,6,325646,279964,35221,72735,2.593315795324021,0.20622400403743701
10394,0.1493227239048274,0,4,0,325650,279960,35221,72735,2.5932787431916706,0.20622634287415473
10395,0.1493230234151155,1,2,1,325652,279958,35222,72734,2.5932602171254957,0.20622526170142788
10396,0.1493262404961751,2,4,2,325656,279954,35224,72732,2.5932231649931454,0.20622309930079447
10397,0.1493330369536609,0,1,0,325657,279953,35224,72732,2.5932139019600577,0.2062236840239874
10398,0.1493349250953518,1,3,1,325660,279950,35225,72731,2.593186112860795,0.2062231875264049
10399,0.1493370684344273,4,20,4,325680,279930,35229,72727,2.593000852199044,0.2062258795373408
10400,0.1493376514272524,5,39,5,325719,279891,35234,72722,2.5926395939086295,0.20623743310655024
10401,0.1493382686272002,0,4,0,325723,279887,35234,72722,2.5926025417762792,0.20623977266604085
10402,0.149338330312982,0,1,0,325724,279886,35234,72722,2.5925932787431916,0.20624035756420728
10403,0.1493408988199904,0,2,0,325726,279884,35234,72722,2.5925747526770166,0.20624152737049284
10404,0.1493417021127974,1,10,1,325736,279874,35235,72721,2.592482122346141,0.20624512542718984
10405,0.1493425301334428,2,5,2,325741,279869,35237,72719,2.592435807180703,0.20624354771007522
10406,0.1493426898263763,15,74,15,325815,279795,35252,72704,2.591750342732224,0.20625306738458832
10407,0.1493427655389971,0,14,0,325829,279781,35252,72704,2.5916206602689984,0.20626125934436926
10408,0.1493433968271175,0,13,0,325842,279768,35252,72704,2.5915002408388603,0.20626886674686215
10409,0.1493436415670539,59,432,59,326274,279336,35311,72645,2.587498610545037,0.2063889812234183
10410,0.149344888675307,1,8,1,326282,279328,35312,72644,2.5874245062803363,0.20639141749911924
10411,0.1493449477489161,2,3,2,326285,279325,35314,72642,2.5873967171810737,0.20638866711936063
10412,0.1493481148981974,6,24,6,326309,279301,35320,72636,2.5871744043869724,0.20638921170550412
10413,0.1493539480482323,6,29,6,326338,279272,35326,72630,2.5869057764274332,0.20639268887360684
10414,0.1493554708822225,5,30,5,326368,279242,35331,72625,2.586627885434807,0.20639900871636158
10415,0.1493562031431777,0,1,0,326369,279241,35331,72625,2.586618622401719,0.2063995953004837
10416,0.1493592909036356,2,21,2,326390,279220,35333,72623,2.5864240987068805,0.20640740330204096
10417,0.1493610460010569,1,6,1,326396,279214,35334,72622,2.5863685205083553,0.20640866767471208
10418,0.1493623624229887,2,66,2,326462,279148,35336,72620,2.585757160324577,0.2064428828091242
10419,0.1493629568916741,0,3,0,326465,279145,35336,72620,2.585729371225314,0.20644464344093358
10420,0.1493637013210433,3,6,3,326471,279139,35339,72617,2.5856737930267886,0.20644139687738092
10421,0.149365775487791,0,1,0,326472,279138,35339,72617,2.5856645299937013,0.20644198376711062
10422,0.1493661472848413,9,27,9,326499,279111,35348,72608,2.585414428100337,0.20643752541091043
10423,0.1493741416134437,1,0,1,326499,279111,35349,72607,2.585414428100337,0.2064352691645011
10424,0.1493753475534037,0,5,0,326504,279106,35349,72607,2.5853681129348995,0.2064382038764561
10425,0.1493766333645573,0,1,0,326505,279105,35349,72607,2.585358849901812,0.20643879082885996
10426,0.1493771318295793,1,1,1,326506,279104,35350,72606,2.585349586868724,0.20643712149213841
10427,0.1493790897578548,0,3,0,326509,279101,35350,72606,2.5853217977694616,0.20643888236515054
10428,0.149379365945813,5,32,5,326541,279069,35355,72601,2.58502538071066,0.20644638439446072
10429,0.1493820414519951,0,5,0,326546,279064,35355,72601,2.5849790655452223,0.2064493196650221
10430,0.1493820668486629,6,25,6,326571,279039,35361,72595,2.5847474897180334,0.2064504570092767
10431,0.1493841051933989,0,3,0,326574,279036,35361,72595,2.5847197006187708,0.2064522183766505
10432,0.1493901478146083,1,1,1,326575,279035,35362,72594,2.584710437585683,0.2064505487317599
10433,0.1493907738635334,15,70,15,326645,278965,35377,72579,2.5840620252695543,0.20645779760143823
10434,0.1493945446224275,14,75,14,326720,278890,35391,72565,2.5833672977879876,0.20647024512384232
10435,0.1493975586059738,3,35,3,326755,278855,35394,72562,2.583043091629923,0.20648403463691284
10436,0.1493988151613969,1,4,1,326759,278851,35395,72561,2.583006039497573,0.20648412689378848
10437,0.1493996442452723,2,13,2,326772,278838,35397,72559,2.582885620067435,0.20648724946428115
10438,0.1494071077264511,3,27,3,326799,278811,35400,72556,2.582635518174071,0.20649634143217774
10439,0.149408847669039,2,25,2,326824,278786,35402,72554,2.582403942346882,0.2065065179028861
10440,0.1494097309262004,0,2,0,326826,278784,35402,72554,2.582385416280707,0.2065076934461971
10441,0.1494107023020257,0,18,0,326844,278766,35402,72554,2.582218681685131,0.20651827393828986
10442,0.1494143956792421,0,3,0,326847,278763,35402,72554,2.5821908925858685,0.20652003745904696
10443,0.1494151305988104,1,3,1,326850,278760,35403,72553,2.5821631034866055,0.20651954240235915
10444,0.1494159442221107,0,5,0,326855,278755,35403,72553,2.582116788321168,0.20652248169697246
10445,0.1494163945441789,5,41,5,326896,278714,35408,72548,2.581737003964578,0.20653529274444715
10446,0.1494191991705826,6,28,6,326924,278686,35414,72542,2.5814776390381264,0.20653820310453608
10447,0.1494244649268513,2,5,2,326929,278681,35416,72540,2.581431323872689,0.20653662508790763
10448,0.1494269928821138,2,7,2,326936,278674,35418,72538,2.581366482641076,0.20653622313588374
10449,0.1494286485770551,1,6,1,326942,278668,35419,72537,2.581310904442551,0.2065374923477741
10450,0.149436235198266,0,1,0,326943,278667,35419,72537,2.581301641409463,0.20653808043188573
10451,0.1494372115558787,0,4,0,326947,278663,35419,72537,2.581264589277113,0.20654043280182233
10452,0.1494455281908601,1,4,1,326951,278659,35420,72536,2.5812275371447626,0.2065405259186492
10453,0.149445564664807,0,4,0,326955,278655,35420,72536,2.5811904850124123,0.20654287837672378
10454,0.149447787552665,2,5,2,326960,278650,35422,72534,2.581144169846975,0.20654130028702902
10455,0.1494506239712314,2,6,2,326966,278644,35424,72532,2.581088591648449,0.20654031027177255
10456,0.1494513632292462,1,2,1,326968,278642,35425,72531,2.5810700655822743,0.20653922710458947
10457,0.1494513833042213,0,1,0,326969,278641,35425,72531,2.5810608025491866,0.20653981524722928
10458,0.1494545370343019,0,1,0,326970,278640,35425,72531,2.5810515395160993,0.2065404033932187
10459,0.149455124124635,83,569,83,327539,278071,35508,72448,2.575780873689281,0.20668779723781022
10460,0.1494577511326202,0,3,0,327542,278068,35508,72448,2.5757530845900183,0.20668956623948692
10461,0.1494582341538863,0,2,0,327544,278066,35508,72448,2.575734558523843,0.206690745590761
10462,0.1494589946894462,7,31,7,327575,278035,35515,72441,2.575447404498129,0.20669318298542552
10463,0.1494606140139595,0,3,0,327578,278032,35515,72441,2.575419615398866,0.20669495225024467
10464,0.1494681357014223,1,35,1,327613,277997,35516,72440,2.575095409240802,0.20671333221092522
10465,0.1494707090548098,4,24,4,327637,277973,35520,72436,2.5748730964467006,0.20671843474339985
10466,0.1494709460884408,0,3,0,327640,277970,35520,72436,2.574845307347438,0.20672020456270726
10467,0.1494735909612811,1,6,1,327646,277964,35521,72435,2.5747897291489124,0.2067214803695216
10468,0.1494736469912907,1,0,1,327646,277964,35522,72434,2.5747897291489124,0.20671921643388375
10469,0.149474212621145,3,28,3,327674,277936,35525,72431,2.574530364222461,0.20672894422134505
10470,0.1494756066759801,9,50,9,327724,277886,35534,72422,2.5740672125680835,0.2067380704979618
10471,0.1494760687698086,0,7,0,327731,277879,35534,72422,2.5740023713364706,0.20674220170653237
10472,0.1494766769929524,2,10,2,327741,277869,35536,72420,2.5739097410055947,0.20674357459126608
10473,0.1494772527223769,2,13,2,327754,277856,35538,72418,2.5737893215754566,0.206746718283401
10474,0.1494801199033089,11,69,11,327823,277787,35549,72407,2.5731501722924155,0.2067625373364478
10475,0.1494823540061612,2,28,2,327851,277759,35551,72405,2.572890807365964,0.20677453992986145
10476,0.1494824666869169,2,3,2,327854,277756,35553,72403,2.5728630182667014,0.20677178081957054
10477,0.1494825909090214,4,6,4,327860,277750,35557,72399,2.5728074400681757,0.2067662623625942
10478,0.1494861208576504,2,2,2,327862,277748,35559,72397,2.572788914002001,0.2067629125076754
10479,0.1494917181658862,0,1,0,327863,277747,35559,72397,2.572779650968913,0.20676350301590202
10480,0.1494922942507647,0,1,0,327864,277746,35559,72397,2.572770387935826,0.2067640935275016
10481,0.1494949039093083,1,1,1,327865,277745,35560,72396,2.5727611249027382,0.20676241856851954
10482,0.149497513556035,0,1,0,327866,277744,35560,72396,2.5727518618696505,0.20676300908208145
10483,0.1494981108660727,2,16,2,327882,277728,35562,72394,2.57260365334025,0.20676792660843935
10484,0.1494982735699829,5,21,5,327903,277707,35567,72389,2.5724091296454112,0.20676900050271926
10485,0.149504688836822,0,2,0,327905,277705,35567,72389,2.572390603579236,0.20677018172262307
10486,0.1495052616406728,1,7,1,327912,277698,35568,72388,2.572325762347623,0.20677205029621293
10487,0.1495066426781615,3,9,3,327921,277689,35571,72385,2.572242395049835,0.20677056850837253
10488,0.1495088702669049,6,37,6,327958,277652,35577,72379,2.5718996628255955,0.20677882816093432
10489,0.1495265534346022,2,11,2,327969,277641,35579,72377,2.5717977694616323,0.20678079413058756
10490,0.1495302973941664,0,1,0,327970,277640,35579,72377,2.571788506428545,0.20678138490416179
10491,0.149531747208793,71,316,71,328286,277324,35650,72306,2.568861387972878,0.2068071961788176
10492,0.1495324872176271,0,1,0,328287,277323,35650,72306,2.56885212493979,0.20680778768351596
10493,0.1495326012654988,7,56,7,328343,277267,35657,72299,2.568333395086887,0.20682503447131587
10494,0.1495340051313329,0,1,0,328344,277266,35657,72299,2.5683241320537995,0.20682562613533964
10495,0.1495343439614527,4,9,4,328353,277257,35661,72295,2.5682407647560117,0.20682187485695977
10496,0.1495359944350999,2,2,2,328355,277255,35663,72293,2.568222238689837,0.20681851991715014
10497,0.1495373273841646,1,7,1,328362,277248,35664,72292,2.568157397458224,0.206820392515878
10498,0.1495374307277606,0,3,0,328365,277245,35664,72292,2.568129608358961,0.2068221676102959
10499,0.1495400159314876,0,3,0,328368,277242,35664,72292,2.5681018192596983,0.20682394273518456
10500,0.1495402489600685,0,2,0,328370,277240,35664,72292,2.5680832931935234,0.20682512616870558
10501,0.1495417162842347,1,0,1,328370,277240,35665,72291,2.5680832931935234,0.20682285691397903
10502,0.1495427469671957,0,4,0,328374,277236,35665,72291,2.568046241061173,0.20682522380245302
10503,0.1495429433718739,0,3,0,328377,277233,35665,72291,2.5680184519619105,0.20682699900436022
10504,0.1495431996034337,0,8,0,328385,277225,35665,72291,2.56794434769721,0.20683173302509755
10505,0.1495447772030019,2,16,2,328401,277209,35667,72289,2.5677961391678092,0.20683666287074604
10506,0.1495454422115331,18,75,18,328476,277134,35685,72271,2.5671014116862425,0.20684019976817733
10507,0.1495484092064098,1,7,1,328483,277127,35686,72270,2.5670365704546296,0.2068420736297106
10508,0.149550574832074,3,17,3,328500,277110,35689,72267,2.5668790988921413,0.20684532754016435
10509,0.1495526278776629,0,3,0,328503,277107,35689,72267,2.5668513097928787,0.20684710367686204
10510,0.1495532715847363,2,10,2,328513,277097,35691,72265,2.566758679462003,0.20684848380762647
10511,0.149556637725246,0,3,0,328516,277094,35691,72265,2.56673089036274,0.20685026004768733
10512,0.1495568946940745,0,3,0,328519,277091,35691,72265,2.5667031012634776,0.20685203631825416
10513,0.1495593598197472,0,1,0,328520,277090,35691,72265,2.5666938382303903,0.20685262841522234
10514,0.1495617125630668,2,41,2,328561,277049,35693,72263,2.5663140538738003,0.20687236625137412
10515,0.1495642549306276,13,65,13,328626,276984,35706,72250,2.5657119567231095,0.20688134603160058
10516,0.1495659401899861,1,2,1,328628,276982,35707,72249,2.565693430656934,0.20688025977075344
10517,0.1495675699505661,0,5,0,328633,276977,35707,72249,2.5656471154914966,0.2068832217532486
10518,0.1495691196119914,1,12,1,328645,276965,35708,72248,2.5655359590944458,0.20688805972286256
10519,0.149571272058573,1,6,1,328651,276959,35709,72247,2.5654803808959206,0.2068893432529796
10520,0.1495727118297783,0,1,0,328652,276958,35709,72247,2.565471117862833,0.20688993571111525
10521,0.1495736894416754,0,3,0,328655,276955,35709,72247,2.5654433287635703,0.20689171310588142
10522,0.1495753305275663,1,0,1,328655,276955,35710,72246,2.5654433287635703,0.20688944189735997
10523,0.1495776811944584,5,44,5,328699,276911,35715,72241,2.565035755307718,0.20690415635597104
10524,0.1495803806673532,8,42,8,328741,276869,35723,72233,2.564646707918041,0.20691087418576806
10525,0.1495807471678485,46,364,46,329105,276505,35769,72187,2.5612749638741708,0.20702224312573847
10526,0.1495862365801522,0,3,0,329108,276502,35769,72187,2.561247174774908,0.20702402427377978
10527,0.149588452419232,8,21,8,329129,276481,35777,72179,2.5610526510800695,0.2070182986290369
10528,0.1495893600563759,16,64,16,329193,276417,35793,72163,2.5604598169624664,0.20701990934649148
10529,0.1495898537126107,0,4,0,329197,276413,35793,72163,2.560422764830116,0.20702228495363995
10530,0.149590522033057,0,4,0,329201,276409,35793,72163,2.560385712697766,0.20702466061531047
10531,0.149592425764385,2,10,2,329211,276399,35795,72161,2.5602930823668903,0.20702605003442737
10532,0.1495929823606221,12,51,12,329262,276348,35807,72149,2.559820667679425,0.2070290418568883
10533,0.1495976823594651,7,18,7,329280,276330,35814,72142,2.559653933083849,0.2070238067907895
10534,0.1495982228207893,0,1,0,329281,276329,35814,72142,2.5596446700507616,0.20702440088271334
10535,0.1496002557128526,3,37,3,329318,276292,35817,72139,2.559301937826522,0.2070395573298587
10536,0.1496004504095327,3,3,3,329321,276289,35820,72136,2.5592741487272592,0.20703451244887708
10537,0.1496023275789703,1,14,1,329335,276275,35821,72135,2.5591444662640335,0.20704055566717372
10538,0.1496037592791879,1,2,1,329337,276273,35822,72134,2.5591259401978586,0.20703946820815886
10539,0.14960383331205,0,11,0,329348,276262,35822,72134,2.5590240468338954,0.2070460051206099
10540,0.1496042714236874,28,130,28,329478,276132,35850,72106,2.5578198525325133,0.20705953974006283
10541,0.1496065480048013,0,6,0,329484,276126,35850,72106,2.557764274333988,0.20706310735371822
10542,0.1496094867661526,1,1,1,329485,276125,35851,72105,2.5577550113009004,0.2070614249203113
10543,0.1496106247911798,5,32,5,329517,276093,35856,72100,2.5574585942420986,0.2070690680168757
10544,0.1496109733233859,1,24,1,329541,276069,35857,72099,2.5572362814479974,0.20708106431377957
10545,0.149612160277668,0,1,0,329542,276068,35857,72099,2.5572270184149097,0.2070816590888855
10546,0.1496138490707171,0,1,0,329543,276067,35857,72099,2.557217755381822,0.20708225386740808
10547,0.1496147083628691,11,73,11,329616,275994,35868,72088,2.5565415539664307,0.20710062571463045
10548,0.1496147802570442,0,9,0,329625,275985,35868,72088,2.556458186668643,0.20710598064199176
10549,0.1496182368468826,2,21,2,329646,275964,35870,72086,2.5562636629738043,0.20711392041373367
10550,0.1496198886814997,2,17,2,329663,275947,35872,72084,2.556106191411316,0.20711948073591147
10551,0.1496211009086497,0,2,0,329665,275945,35872,72084,2.5560876653451405,0.20712067097856787
10552,0.1496242670547835,0,2,0,329667,275943,35872,72084,2.5560691392789656,0.2071218612349042
10553,0.1496243137666053,13,43,13,329710,275900,35885,72071,2.5556708288562007,0.20711783453218802
10554,0.1496250769882249,8,41,8,329751,275859,35893,72063,2.555291044499611,0.20712401055408972
10555,0.1496252232490403,0,1,0,329752,275858,35893,72063,2.5552817814665234,0.20712460587317236
10556,0.1496259311982958,0,9,0,329761,275849,35893,72063,2.5551984141687356,0.20712996389891697
10557,0.1496269175239577,7,45,7,329806,275804,35900,72056,2.5547815776797953,0.20714080377163227
10558,0.1496281156710602,3,12,3,329818,275792,35903,72053,2.554670421282745,0.2071411117020512
10559,0.1496305406332959,0,4,0,329822,275788,35903,72053,2.5546333691503946,0.20714349372270663
10560,0.1496335153436702,0,18,0,329840,275770,35903,72053,2.5544666345548186,0.20715421349364477
10561,0.1496343840356113,2,22,2,329862,275748,35905,72051,2.5542628478268923,0.20716275779976365
10562,0.1496376547808433,3,2,3,329864,275746,35908,72048,2.5542443217607174,0.20715711024341996
10563,0.1496382845557748,0,15,0,329879,275731,35908,72048,2.554105376264404,0.20716604510335587
10564,0.1496391013824863,1,2,1,329881,275729,35909,72047,2.554086850198229,0.20716495675377256
10565,0.1496394838151445,11,37,11,329918,275692,35920,72036,2.5537441179739893,0.2071619196613445
10566,0.1496434843739982,2,6,2,329924,275686,35922,72034,2.553688539775464,0.2071609340848959
10567,0.1496441391795317,0,1,0,329925,275685,35922,72034,2.5536792767423764,0.20716152985600442
10568,0.1496449179977944,4,12,4,329937,275673,35926,72030,2.553568120345326,0.20715955858879562
10569,0.1496450020885974,0,2,0,329939,275671,35926,72030,2.5535495942791506,0.2071607501847852
10570,0.1496522005464336,0,4,0,329943,275667,35926,72030,2.5535125421468003,0.20716313341788972
10571,0.1496532769251529,36,148,36,330091,275519,35962,71994,2.5521416132498427,0.2071692282015349
10572,0.1496536374490806,0,1,0,330092,275518,35962,71994,2.552132350216755,0.2071698243513893
10573,0.1496573085081365,20,122,20,330214,275396,35982,71974,2.5510022601800735,0.20719693698361977
10574,0.1496573692286297,6,28,6,330242,275368,35988,71968,2.550742895253622,0.20719994472211345
10575,0.1496583046688464,18,99,18,330341,275269,36006,71950,2.549825854977954,0.20721792298232528
10576,0.149659001205801,5,11,5,330352,275258,36011,71945,2.549723961613991,0.20721307131562802
10577,0.1496623185376717,0,1,0,330353,275257,36011,71945,2.549714698580903,0.20721366812403155
10578,0.1496628814187316,0,4,0,330357,275253,36011,71945,2.5496776464485533,0.20721605539202415
10579,0.1496660717036063,2,24,2,330381,275229,36013,71943,2.5494553336544516,0.2072258131416128
10580,0.1496661340420495,1,8,1,330389,275221,36014,71942,2.5493812293897515,0.20722830485967686
10581,0.1496663877210807,0,1,0,330390,275220,36014,71942,2.549371966356664,0.20722890178072484
10582,0.1496667310859678,9,57,9,330447,275163,36023,71933,2.548843973470673,0.20724237674879573
10583,0.1496697571513877,1,3,1,330450,275160,36024,71932,2.5488161843714106,0.20724188399617394
10584,0.1496703564036766,13,51,13,330501,275109,36037,71919,2.5483437696839455,0.20724264324492547
10585,0.1496718333886351,1,15,1,330516,275094,36038,71918,2.548204824187632,0.2072493170265005
10586,0.149671960809981,1,9,1,330525,275085,36039,71917,2.548121456889844,0.20725240776710221
10587,0.1496721007476007,7,25,7,330550,275060,36046,71910,2.5478898810626553,0.2072513473787359
10588,0.1496727222814834,2,12,2,330562,275048,36048,71908,2.5477787246656045,0.20725394574528183
10589,0.1496739204946704,16,95,16,330657,274953,36064,71892,2.546898736522287,0.20727414262855165
10590,0.1496755665410671,0,1,0,330658,274952,36064,71892,2.546889473489199,0.2072747402290367
10591,0.1496761256168359,0,1,0,330659,274951,36064,71892,2.546880210456112,0.20727533783296764
10592,0.1496788026472993,1,0,1,330659,274951,36065,71891,2.546880210456112,0.20727305228317217
10593,0.1496827003727429,24,144,24,330803,274807,36089,71867,2.545546333691504,0.2073042685635496
10594,0.1496828005354926,1,22,1,330825,274785,36090,71866,2.5453425469635778,0.20731513828028766
10595,0.1496841345158862,0,10,0,330835,274775,36090,71866,2.5452499166327023,0.20732111896746203
10596,0.1496848841539016,0,4,0,330839,274771,36090,71866,2.545212864500352,0.20732351133895113
10597,0.149687718005413,1,7,1,330846,274764,36091,71865,2.545148023268739,0.20732541131872984
10598,0.1496906713824262,0,1,0,330847,274763,36091,71865,2.5451387602356514,0.2073260094395144
10599,0.149691471501826,3,11,3,330858,274752,36094,71862,2.5450368668716883,0.20732572833180427
10600,0.1496920572602418,1,11,1,330869,274741,36095,71861,2.5449349735077256,0.20733002117702726
10601,0.1496935346207211,3,11,3,330880,274730,36098,71858,2.5448330801437624,0.20732974021027847
10602,0.149694746847871,0,6,0,330886,274724,36098,71858,2.5447775019452368,0.20733332948623992
10603,0.1496955377794393,1,3,1,330889,274721,36099,71857,2.544749712845974,0.20733283705255381
10604,0.1496959982183217,17,81,17,330970,274640,36116,71840,2.5439994071658822,0.20734241514661741
10605,0.1496965873886731,10,33,10,331003,274607,36126,71830,2.543693727073993,0.20733928535346974
10606,0.1496970190980957,1,1,1,331004,274606,36127,71829,2.5436844640409055,0.20733759579719138
10607,0.1496977772081845,3,13,3,331017,274593,36130,71826,2.5435640446107675,0.20733851203311596
10608,0.149700078716458,1,10,1,331027,274583,36131,71825,2.543471414279892,0.2073422091868548
10609,0.1497021279896666,0,5,0,331032,274578,36131,71825,2.543425099114454,0.20734520197573347
10610,0.1497050044067089,0,3,0,331035,274575,36131,71825,2.5433973100151914,0.20734699769053117
10611,0.1497052882216982,3,9,3,331044,274566,36134,71822,2.543313942717403,0.20734552005265772
10612,0.1497071840855952,11,51,11,331095,274515,36145,71811,2.542841528029938,0.20735087749692485
10613,0.1497090053913628,1,6,1,331101,274509,36146,71810,2.542785949831413,0.20735218108160394
10614,0.1497113136979115,0,3,0,331104,274506,36146,71810,2.5427581607321503,0.20735397729241503
10615,0.1497127473217077,2,10,2,331114,274496,36148,71808,2.5426655304012744,0.20735538717427462
10616,0.1497144193324741,2,11,2,331125,274485,36150,71806,2.5425636370373117,0.2073573959473391
10617,0.1497166571308526,0,4,0,331129,274481,36150,71806,2.5425265849049614,0.20735979115589093
10618,0.1497190523982999,1,7,1,331136,274474,36151,71805,2.5424617436733485,0.2073616938942298
10619,0.1497198322991051,0,11,0,331147,274463,36151,71805,2.5423598503093854,0.20736828121570575
10620,0.1497227547261212,0,3,0,331150,274460,36151,71805,2.542332061210123,0.2073700778305633
10621,0.1497259035746803,1,7,1,331157,274453,36152,71804,2.54226721997851,0.2073719809274614
10622,0.1497271816652872,0,6,0,331163,274447,36152,71804,2.5422116417799843,0.20737557436657222
10623,0.1497272808479118,0,3,0,331166,274444,36152,71804,2.5421838526807217,0.20737737113282964
10624,0.1497300017090791,3,5,3,331171,274439,36155,71801,2.542137537515284,0.20737349815157116
10625,0.1497301970552795,1,4,1,331175,274435,36156,71800,2.542100485382934,0.20737360463269167
10626,0.1497302276453743,4,24,4,331199,274411,36160,71796,2.5418781725888326,0.20737882249636777
10627,0.1497307107426449,0,1,0,331200,274410,36160,71796,2.541868909555745,0.20737942150049393
10628,0.149730915084189,13,63,13,331263,274347,36173,71783,2.541285338471229,0.207387397798515
10629,0.1497309869783642,1,22,1,331285,274325,36174,71782,2.5410815517433027,0.20739829012415237
10630,0.1497327511388129,2,16,2,331301,274309,36176,71780,2.540933343213902,0.20740329799560228
10631,0.1497345535879239,4,27,4,331328,274282,36180,71776,2.540683241320538,0.20741031850152286
10632,0.1497348087348317,7,33,7,331361,274249,36187,71769,2.5403775612286488,0.20741406516424002
10633,0.1497357445464509,0,1,0,331362,274248,36187,71769,2.540368298195561,0.20741466459740418
10634,0.1497362480441771,1,4,1,331366,274244,36188,71768,2.540331246063211,0.2074147717420205
10635,0.1497364217868842,4,23,4,331389,274221,36192,71764,2.5401181963021973,0.20741939679465873
10636,0.1497381299228762,11,38,11,331427,274183,36203,71753,2.5397662010448703,0.2074169788631423
10637,0.1497392328961066,0,1,0,331428,274182,36203,71753,2.5397569380117826,0.20741757844681805
10638,0.1497397799812709,5,27,5,331455,274155,36208,71748,2.5395068361184188,0.20742231203545503
10639,0.1497405516053967,3,7,3,331462,274148,36211,71745,2.539441994886806,0.20741963555203488
10640,0.1497408659661815,34,207,34,331669,273941,36245,71711,2.537524547037682,0.20746589054887574
10641,0.1497430910216921,0,2,0,331671,273939,36245,71711,2.537506020971507,0.20746709098799362
10642,0.1497434030906091,0,9,0,331680,273930,36245,71711,2.537422653673719,0.20747249313594163
10643,0.1497459773197808,1,7,1,331687,273923,36246,71710,2.537357812442106,0.20747440203915715
10644,0.1497461169085475,0,2,0,331689,273921,36246,71710,2.5373392863759308,0.20747560259351736
10645,0.1497474115381122,15,79,15,331768,273842,36261,71695,2.536607506762014,0.20748863363402473
10646,0.1497477835049254,5,15,5,331783,273827,36266,71690,2.5364685612657007,0.20748617289453197
10647,0.1497486953393847,5,22,5,331805,273805,36271,71685,2.5362647745377744,0.20748791571391356
10648,0.1497488886507642,7,27,7,331832,273778,36278,71678,2.5360146726444106,0.20748807373442638
10649,0.149750826295902,0,2,0,331834,273776,36278,71678,2.5359961465782357,0.20748927498306577
10650,0.1497519638397996,1,2,1,331836,273774,36279,71677,2.5359776205120603,0.20748818211555328
10651,0.1497533666705643,0,6,0,331842,273768,36279,71677,2.535922042313535,0.20749178595724355
10652,0.1497538604246482,0,11,0,331853,273757,36279,71677,2.535820148949572,0.20749839332549777
10653,0.1497577804551076,2,13,2,331866,273744,36281,71675,2.535699729519434,0.2075016139818597
10654,0.1497583031350977,4,21,4,331887,273723,36285,71671,2.5355052058245953,0.20750505220125423
10655,0.1497612088099173,0,2,0,331889,273721,36285,71671,2.53548667975842,0.20750625376383935
10656,0.1497613639446344,1,5,1,331894,273716,36286,71670,2.5354403645929824,0.20750696322375545
10657,0.1497619871572562,4,13,4,331907,273703,36290,71666,2.5353199451628443,0.2075055954645611
10658,0.1497625500383161,1,16,1,331923,273687,36291,71665,2.535171736633443,0.20751291435984157
10659,0.1497639306936541,0,8,0,331931,273679,36291,71665,2.5350976323687426,0.207517721460341
10660,0.1497642481160731,15,178,15,332109,273501,36306,71650,2.533448812479158,0.20759030105663898
10661,0.1497655006372981,4,25,4,332134,273476,36310,71646,2.533217236651969,0.2075961544033704
10662,0.1497679080403713,2,2,2,332136,273474,36312,71644,2.5331987105857943,0.20759276537300286
10663,0.1497723727980405,0,2,0,332138,273472,36312,71644,2.533180184519619,0.2075939684048262
10664,0.149773605003572,2,21,2,332159,273451,36314,71642,2.5329856608247803,0.20760200873387755
10665,0.1497737246556794,4,16,4,332175,273435,36318,71638,2.5328374522953796,0.207602449336807
10666,0.1497776622007494,0,5,0,332180,273430,36318,71638,2.5327911371299416,0.20760545747504838
10667,0.1497778908209296,17,89,17,332269,273341,36335,71621,2.5319667271851496,0.207619969735797
10668,0.1497789341609195,9,29,9,332298,273312,36344,71612,2.5316980992256104,0.2076167503566003
10669,0.1497800973079266,21,157,21,332455,273155,36365,71591,2.5302438030308645,0.20766303307362521
10670,0.1497826396754874,27,95,27,332550,273060,36392,71564,2.529363814887547,0.2076582014021078
10671,0.1497855847387966,3,17,3,332567,273043,36395,71561,2.5292063433250584,0.20766154774755952
10672,0.1497869158866725,4,3,4,332570,273040,36399,71557,2.529178554225796,0.20765415833567907
10673,0.1497878495190333,1,27,1,332597,273013,36400,71556,2.5289284523324316,0.20766813033093517
10674,0.1497881675313009,4,14,4,332611,272999,36404,71552,2.528798769869206,0.20766736999747498
10675,0.1497895696828471,62,258,62,332869,272741,36466,71490,2.526408907332617,0.20768030770035237
10676,0.1497922186558604,7,34,7,332903,272707,36473,71483,2.5260939642076403,0.2076847090269909
10677,0.1497932552521485,3,4,3,332907,272703,36476,71480,2.52605691207529,0.20768021662894448
10678,0.1497967404979725,0,11,0,332918,272692,36476,71480,2.525955018711327,0.20768685424729497
10679,0.1497978310329925,0,1,0,332919,272691,36476,71480,2.525945755678239,0.20768745768818409
10680,0.149798764228223,1,7,1,332926,272684,36477,71479,2.5258809144466263,0.20768937974157595
10681,0.1497990003323653,5,23,5,332949,272661,36482,71474,2.5256678646856128,0.2076917488776207
10682,0.1498005804627263,1,3,1,332952,272658,36483,71473,2.52564007558635,0.20769125710848485
10683,0.1498027189520657,24,183,24,333135,272475,36507,71449,2.5239449405313277,0.20774647887323944
10684,0.1498048618234915,2,28,2,333163,272447,36509,71447,2.523685575604876,0.2077587861375889
10685,0.1498063970780343,7,30,7,333193,272417,36516,71440,2.5234076846122493,0.20776078427951153
10686,0.1498074703740899,14,48,14,333241,272369,36530,71426,2.522963059024047,0.2077575299233555
10687,0.1498076093051842,0,4,0,333245,272365,36530,71426,2.5229260068916965,0.20775994717720941
10688,0.1498106325409277,0,1,0,333246,272364,36530,71426,2.522916743858609,0.20776055149946188
10689,0.1498112722785448,0,2,0,333248,272362,36530,71426,2.522898217792434,0.20776176015451384
10690,0.1498120758395646,1,16,1,333264,272346,36531,71425,2.5227500092630333,0.20776912537706788
10691,0.1498122049396417,18,91,18,333355,272255,36549,71407,2.521907073252066,0.20778264690306172
10692,0.149812878835328,0,1,0,333356,272254,36549,71407,2.521897810218978,0.20778325151821125
10693,0.1498129411737712,0,4,0,333360,272250,36549,71407,2.521860758086628,0.2077856700139965
10694,0.1498149904469798,0,1,0,333361,272249,36549,71407,2.5218514950535402,0.20778627464673977
10695,0.1498153514171997,5,24,5,333385,272225,36554,71402,2.521629182259439,0.20778925986607572
10696,0.1498157100310463,2,15,2,333400,272210,36556,71400,2.5214902367631256,0.20779371962399232
10697,0.149816524663298,2,6,2,333406,272204,36558,71398,2.5214346585646004,0.20779273694565223
10698,0.1498169489507388,14,35,14,333441,272169,36572,71384,2.521110452406536,0.2077816232138855
10699,0.1498171563184396,0,1,0,333442,272168,36572,71384,2.5211011893734483,0.20778222801788376
10700,0.1498180223677258,0,3,0,333445,272165,36572,71384,2.5210734002741857,0.20778404245100407
10701,0.1498187618079151,0,1,0,333446,272164,36572,71384,2.521064137241098,0.20778464726908613
10702,0.149821647302449,0,2,0,333448,272162,36572,71384,2.521045611174923,0.2077858569158133
10703,0.1498220512534061,1,12,1,333460,272150,36573,71383,2.5209344547778723,0.20779080903435768
10704,0.149822341278606,9,24,9,333484,272126,36582,71374,2.520712141983771,0.20778457059679767
10705,0.1498233908069151,19,52,19,333536,272074,36601,71355,2.5202304642632183,0.20777220327928042
10706,0.1498239098227852,2,8,2,333544,272066,36603,71353,2.5201563599985177,0.20777242959766348
10707,0.149825085954664,1,5,1,333549,272061,36604,71352,2.52011004483308,0.20777314778415493
10708,0.1498256097790209,8,10,8,333559,272051,36612,71344,2.5200174145022047,0.20776074200265002
10709,0.149828001929512,0,3,0,333562,272048,36612,71344,2.519989625402942,0.20776255707762556
10710,0.1498280128805527,1,13,1,333575,272035,36613,71343,2.5198692059728036,0.2077681156043777
10711,0.1498298164811696,0,3,0,333578,272032,36613,71343,2.519841416873541,0.2077699308336367
10712,0.149829865674864,8,20,8,333598,272012,36621,71335,2.51965615621179,0.20776357445965743
10713,0.1498338872963639,1,2,1,333600,272010,36622,71334,2.5196376301456147,0.2077624772822592
10714,0.1498340499952663,8,41,8,333641,271969,36630,71326,2.519257845789025,0.20776882855852838
10715,0.1498345508190303,0,7,0,333648,271962,36630,71326,2.5191930045574122,0.20777306518142202
10716,0.1498352591196198,3,12,3,333660,271950,36633,71323,2.519081848160362,0.2077734048410449
10717,0.1498371997657427,2,16,2,333676,271934,36635,71321,2.5189336396309607,0.20777847372944314
10718,0.1498377976338348,10,62,10,333738,271872,36645,71311,2.5183593315795325,0.207792926805815
10719,0.1498378644073145,4,2,4,333740,271870,36649,71307,2.518340805513357,0.20778490399997668
10720,0.1498379561482671,3,4,3,333744,271866,36652,71304,2.518303753381007,0.207780400384649
10721,0.1498385520494057,1,3,1,333747,271863,36653,71303,2.5182759642817443,0.2077799082659704
10722,0.1498403881615117,0,1,0,333748,271862,36653,71303,2.518266701248657,0.2077805137470313
10723,0.1498415539795927,2,9,2,333757,271853,36655,71301,2.518183333950869,0.20778134598460166
10724,0.1498432442529003,1,24,1,333781,271829,36656,71300,2.5179610211567676,0.20779357034817808
10725,0.1498447198328503,1,1,1,333782,271828,36657,71299,2.51795175812368,0.20779186715122971
10726,0.1498497377823125,5,22,5,333804,271806,36662,71294,2.517747971395754,0.20779364616729817
10727,0.1498519512677708,0,1,0,333805,271805,36662,71294,2.5177387083626663,0.20779425180487265
10728,0.1498520240092762,1,13,1,333818,271792,36663,71293,2.5176182889325283,0.2077998163720361
10729,0.1498520953534198,0,1,0,333819,271791,36663,71293,2.5176090258994406,0.20780042205407423
10730,0.1498534140627099,1,4,1,333823,271787,36664,71292,2.5175719737670903,0.20780053573666707
10731,0.149853486551624,55,304,55,334127,271483,36719,71237,2.514756011708474,0.2078577264239029
10732,0.1498537284234947,32,230,32,334357,271253,36751,71205,2.5126255140983362,0.20792330738367917
10733,0.1498541808670389,1,7,1,334364,271246,36752,71204,2.5125606728667234,0.2079252445612498
10734,0.1498556788429466,0,4,0,334368,271242,36752,71204,2.512523620734373,0.2079276732681941
10735,0.1498557884683845,17,75,17,334443,271167,36769,71187,2.511828893252807,0.20793389298795983
10736,0.1498564932037184,1,9,1,334452,271158,36770,71186,2.5117455259550185,0.20793704577851518
10737,0.1498572933231182,0,1,0,334453,271157,36770,71186,2.5117362629219313,0.20793765317240312
10738,0.1498594137860933,18,104,18,334557,271053,36788,71168,2.5107729074808254,0.20795918426981394
10739,0.1498603915684295,0,1,0,334558,271052,36788,71168,2.510763644447738,0.20795979194670094
10740,0.1498613596007315,0,2,0,334560,271050,36788,71168,2.510745118381563,0.20796100731112915
10741,0.1498614954582547,9,64,9,334624,270986,36797,71159,2.510152284263959,0.2079790731999591
10742,0.1498615577966979,3,26,3,334650,270960,36800,71156,2.509911445403683,0.2079879339171509
10743,0.149862927581612,2,36,2,334686,270924,36802,71154,2.509577976212531,0.20800519179836177
10744,0.149867676580919,2,13,2,334699,270911,36804,71152,2.509457556782393,0.20800846627668002
10745,0.1498714550274821,0,4,0,334703,270907,36804,71152,2.5094205046500426,0.20801089870460943
10746,0.1498720429580621,6,28,6,334731,270879,36810,71146,2.509161139723591,0.20801403406183758
10747,0.1498742264019476,2,3,2,334734,270876,36812,71144,2.5091333506243285,0.20801122741360153
10748,0.1498745967874366,35,257,35,334991,270619,36847,71109,2.506752751120827,0.20808654836595186
10749,0.1498763352433071,0,1,0,334992,270618,36847,71109,2.5067434880877393,0.2080871572922245
10750,0.1498784507990887,0,2,0,334994,270616,36847,71109,2.5067249620215644,0.20808837515546127
10751,0.1498807081592413,0,1,0,334995,270615,36847,71109,2.5067156989884767,0.20808898409242546
10752,0.1498807704976845,1,4,1,334999,270611,36848,71108,2.5066786468561264,0.20808910244967357
10753,0.1498848353947763,0,2,0,335001,270609,36848,71108,2.5066601207899515,0.20809032035280656
10754,0.1498861516789441,7,24,7,335025,270585,36855,71101,2.5064378079958503,0.2080887130289213
10755,0.1498865871129926,1,20,1,335045,270565,36856,71100,2.506252547334099,0.20809857609061508
10756,0.1498868697086747,0,3,0,335048,270562,36856,71100,2.5062247582348363,0.20810040332258198
10757,0.149889533295943,3,14,3,335062,270548,36859,71097,2.5060950757716105,0.20810197719855406
10758,0.1498901706025194,0,4,0,335066,270544,36859,71097,2.5060580236392602,0.20810441369741922
10759,0.1498916811282972,3,15,3,335081,270529,36862,71094,2.5059190781429472,0.20810659703825563
10760,0.1498943120370119,36,205,36,335286,270324,36898,71058,2.5040201563599984,0.20814805701530836
10761,0.1498944111112138,0,2,0,335288,270322,36898,71058,2.5040016302938235,0.20814927646610815
10762,0.1498966381924435,1,10,1,335298,270312,36899,71057,2.503908999962948,0.20815305431951936
10763,0.1498976890734018,0,6,0,335304,270306,36899,71057,2.5038534217644224,0.20815671294194157
10764,0.1498988504870184,0,9,0,335313,270297,36899,71057,2.5037700544666346,0.20816220111672926
10765,0.1498998304367241,1,2,1,335315,270295,36900,71056,2.5037515284004592,0.20816110103676275
10766,0.1499002989260486,7,20,7,335335,270275,36907,71049,2.5035662677387083,0.20815705898208153
10767,0.1499005581222784,4,16,4,335351,270259,36911,71045,2.5034180592093076,0.20815753697583386
10768,0.1499006305561239,3,27,3,335378,270232,36914,71042,2.5031679573159433,0.2081670446620604
10769,0.1499007119763465,3,25,3,335403,270207,36917,71039,2.502936381488755,0.20817533392332804
10770,0.1499022835790462,4,13,4,335416,270194,36921,71035,2.5028159620586163,0.2081739828678102
10771,0.1499120357185338,0,2,0,335418,270192,36921,71035,2.5027974359924414,0.2081752030173462
10772,0.1499132274450768,0,5,0,335423,270187,36921,71035,2.5027511208270035,0.20817825345376323
10773,0.1499149709495429,2,9,2,335432,270178,36923,71033,2.5026677535292157,0.20817910325282596
10774,0.1499179191189296,1,2,1,335434,270176,36924,71032,2.5026492274630403,0.20817800286042532
10775,0.1499210685448115,3,18,3,335452,270158,36927,71029,2.5024824928674647,0.20818202334790012
10776,0.1499212865303608,55,206,55,335658,269952,36982,70974,2.500574308051428,0.20818007426831628
10777,0.1499228618328935,1,2,1,335660,269950,36983,70973,2.5005557819852533,0.20817897296456972
10778,0.1499257412926412,0,3,0,335663,269947,36983,70973,2.5005279928859907,0.20818080488091048
10779,0.149927490474383,2,18,2,335681,269929,36985,70971,2.5003612582904147,0.20818715165737753
10780,0.149929324782168,2,21,2,335702,269908,36987,70969,2.500166734595576,0.2081953314538675
10781,0.1499293777764626,2,17,2,335719,269891,36989,70967,2.5000092630330877,0.20820106906688415
10782,0.1499293871206112,0,4,0,335723,269887,36989,70967,2.4999722109007374,0.20820351235426313
10783,0.1499300187757528,2,0,2,335723,269887,36991,70965,2.4999722109007374,0.20819886637015478
10784,0.1499312855256427,8,49,8,335772,269838,36999,70957,2.4995183222794473,0.2082102143517364
10785,0.1499348243955282,2,12,2,335784,269826,37001,70955,2.4994071658823964,0.20821289919332356
10786,0.1499350183613029,14,51,14,335835,269775,37015,70941,2.4989347511949314,0.2082115310111647
10787,0.1499352037359193,4,29,4,335864,269746,37019,70937,2.498666123235392,0.20821995814290703
10788,0.1499352593382618,2,8,2,335872,269738,37021,70935,2.4985920189706916,0.20822019942877773
10789,0.1499361599093945,0,1,0,335873,269737,37021,70935,2.4985827559376044,0.20822081063310163
10790,0.1499367840802175,3,7,3,335880,269730,37024,70932,2.4985179147059915,0.20821811649083255
10791,0.1499370170321328,1,19,1,335899,269711,37025,70931,2.498341917077328,0.20822740589827443
10792,0.1499374800629543,11,25,11,335924,269686,37036,70920,2.498110341250139,0.20821711889984323
10793,0.149940213229217,2,14,2,335938,269672,37038,70918,2.497980658786913,0.20822102821574326
10794,0.1499406424131416,1,1,1,335939,269671,37039,70917,2.4979713957538254,0.20821931483199643
10795,0.1499410563930409,1,0,1,335939,269671,37040,70916,2.4979713957538254,0.20821699007889322
10796,0.1499435310758157,1,5,1,335944,269666,37041,70915,2.497925080588388,0.2082177220690526
10797,0.1499448980752425,1,1,1,335945,269665,37042,70914,2.4979158175553002,0.2082160086206137
10798,0.1499451494117751,1,10,1,335955,269655,37043,70913,2.4978231872244248,0.20821979751474007
10799,0.1499453274598589,0,2,0,335957,269653,37043,70913,2.49780466115825,0.20822102030149808
10800,0.1499538576127954,0,1,0,335958,269652,37043,70913,2.497795398125162,0.2082216317002628
10801,0.1499544164369059,0,12,0,335970,269640,37043,70913,2.4976842417281113,0.20822896876550787
10802,0.1499556946155411,0,1,0,335971,269639,37043,70913,2.497674978695024,0.20822958021095164
10803,0.1499571905764473,1,5,1,335976,269634,37044,70912,2.497628663529586,0.2082303124981647
10804,0.1499594509742203,6,14,6,335990,269620,37050,70906,2.4974989810663604,0.20822492261971184
10805,0.1499627823570601,9,65,9,336055,269555,37059,70897,2.4968968839156696,0.20824374654870584
10806,0.1499637982666214,11,44,11,336099,269511,37070,70886,2.496489310459817,0.2082450785406452
10807,0.1499654525626599,4,30,4,336129,269481,37074,70882,2.4962114194671905,0.20825412868026197
10808,0.149965796282972,30,202,30,336331,269279,37104,70852,2.4943402867835043,0.20830797545651528
10809,0.1499685085123002,2,4,2,336335,269275,37106,70850,2.494303234651154,0.20830576993752298
10810,0.1499685413002598,1,8,1,336343,269267,37107,70849,2.494229130386454,0.20830834185983604
10811,0.1499697563616353,9,43,9,336386,269224,37116,70840,2.493830819963689,0.20831372918038957
10812,0.1499700476711424,5,31,5,336417,269193,37121,70835,2.493543665937975,0.20832107944051667
10813,0.1499743579155679,17,89,17,336506,269104,37138,70818,2.4927192559931823,0.20833603003041876
10814,0.1499776721427387,1,0,1,336506,269104,37139,70817,2.4927192559931823,0.20833370106583587
10815,0.1499791132491342,0,1,0,336507,269103,37139,70817,2.4927099929600947,0.20833431395622498
10816,0.1499811134385708,1,4,1,336511,269099,37140,70816,2.492672940827745,0.20833443655031406
10817,0.1499812760382771,26,148,26,336659,268951,37166,70790,2.4913020119307867,0.20836460715662813
10818,0.1499818431331184,2,4,2,336663,268947,37168,70788,2.4912649597984364,0.20836240010596493
10819,0.1499822387708511,0,2,0,336665,268945,37168,70788,2.4912464337322615,0.20836362673040298
10820,0.149988057714782,0,4,0,336669,268941,37168,70788,2.4912093815999112,0.20836608002260626
10821,0.1499885170094742,4,28,4,336697,268913,37172,70784,2.4909500166734597,0.20837393324050552
10822,0.1499902233737351,0,10,0,336707,268903,37172,70784,2.490857386342584,0.2083800675327581
10823,0.1499918790686764,0,3,0,336710,268900,37172,70784,2.490829597243321,0.20838190789086328
10824,0.1499935706165545,0,1,0,336711,268899,37172,70784,2.490820334210234,0.20838252135078883
10825,0.1499977435276106,0,1,0,336712,268898,37172,70784,2.4908110711771463,0.20838313481432635
10826,0.1499989329117365,0,1,0,336713,268897,37172,70784,2.4908018081440586,0.20838374828147585
10827,0.150001001685525,0,1,0,336714,268896,37172,70784,2.490792545110971,0.2083843617522374
10828,0.1500015174481384,4,6,4,336720,268890,37176,70780,2.4907369669124457,0.2083787205228604
10829,0.1500023584002641,8,25,8,336745,268865,37184,70772,2.490505391085257,0.20837541257283512
10830,0.1500030330598326,1,4,1,336749,268861,37185,70771,2.4904683389529065,0.20837553587412258
10831,0.1500057400172629,2,16,2,336765,268845,37187,70769,2.490320130423506,0.20838069101980483
10832,0.1500060063331555,6,49,6,336814,268796,37193,70763,2.4898662418022157,0.2083967734620493
10833,0.1500087085866294,0,1,0,336815,268795,37193,70763,2.489856978769128,0.20839738719158435
10834,0.1500100659520397,0,8,0,336823,268787,37193,70763,2.489782874504428,0.20840229715800324
10835,0.1500105187583319,37,248,37,337071,268539,37230,70726,2.487485642298714,0.2084683064860802
10836,0.1500129787356885,3,2,3,337073,268537,37233,70723,2.4874671162325392,0.20846253610799975
10837,0.1500147465282237,1,4,1,337077,268533,37234,70722,2.487430064100189,0.20846266083034884
10838,0.1500155360197479,48,389,48,337466,268144,37282,70674,2.4838267442291304,0.2085898624040045
10839,0.1500233688046483,9,60,9,337526,268084,37291,70665,2.483270962243877,0.20860578186208667
10840,0.1500248342532548,1,11,1,337537,268073,37292,70664,2.483169068879914,0.20861021972798957
10841,0.1500280288718878,3,17,3,337554,268056,37295,70661,2.4830115973174256,0.2086136804470989
10842,0.1500283642228453,0,2,0,337556,268054,37295,70661,2.4829930712512507,0.20861491224185524
10843,0.1500283971450612,0,2,0,337558,268052,37295,70661,2.4829745451850753,0.20861614405115836
10844,0.1500329519435896,0,14,0,337572,268038,37295,70661,2.4828448627218496,0.20862476712361122
10845,0.1500334193708973,3,37,3,337609,268001,37298,70658,2.4825021304976103,0.20864054993370912
10846,0.1500341258402496,4,1,4,337610,268000,37302,70654,2.4824928674645226,0.20863181890661264
10847,0.1500342596217375,33,165,33,337775,267835,37335,70621,2.480964467005076,0.20865636892240055
10848,0.1500369600457025,0,1,0,337776,267834,37335,70621,2.4809552039719884,0.20865698541903652
10849,0.1500399882841311,2,6,2,337782,267828,37337,70619,2.4808996257734632,0.20865600817853314
10850,0.1500410813916929,0,1,0,337783,267827,37337,70619,2.4808903627403756,0.20865662469049714
10851,0.1500421872394812,2,14,2,337797,267813,37339,70617,2.48076068027715,0.208660579735839
10852,0.1500458794215079,0,4,0,337801,267809,37339,70617,2.4807236281447995,0.20866304598346463
10853,0.1500468560572145,0,3,0,337804,267806,37339,70617,2.480695839045537,0.20866489570744307
10854,0.1500508331884036,9,47,9,337851,267759,37348,70608,2.480260476490422,0.20867283157045458
10855,0.1500510311168481,4,14,4,337865,267745,37352,70604,2.4801307940271964,0.2086721107495515
10856,0.1500522720412237,0,4,0,337869,267741,37352,70604,2.480093741894846,0.20867457772392084
10857,0.1500575029495894,2,14,2,337883,267727,37354,70602,2.4799640594316203,0.20867853479896786
10858,0.1500616278137701,1,19,1,337902,267708,37355,70601,2.4797880618029566,0.20868791548554724
10859,0.1500636541698533,90,560,90,338462,267148,37445,70511,2.4746007632739264,0.20882310259759107
10860,0.1500670267209971,2,13,2,338475,267135,37447,70509,2.4744803438437883,0.20882645626754806
10861,0.1500733972977672,0,3,0,338478,267132,37447,70509,2.4744525547445257,0.20882831172754493
10862,0.150076756603903,14,77,14,338555,267055,37461,70495,2.473739301196784,0.20884313435046659
10863,0.1500779023813122,0,1,0,338556,267054,37461,70495,2.4737300381636964,0.208843753055112
10864,0.1500813709696134,1,9,1,338565,267045,37462,70494,2.473646670865908,0.2088469776825789
10865,0.1500818592688867,2,5,2,338570,267040,37464,70492,2.4736003557004707,0.20884538354881907
10866,0.1500831721552943,1,4,1,338574,267036,37465,70491,2.4735633035681204,0.20884551458105574
10867,0.1500837147297631,0,5,0,338579,267031,37465,70491,2.4735169884026824,0.20884860838700886
10868,0.1500844654976344,20,102,20,338681,266929,37485,70471,2.472572159027752,0.20886484884410195
10869,0.1500856611730463,0,7,0,338688,266922,37485,70471,2.472507317796139,0.2088691822296254
10870,0.1500862543924623,4,29,4,338717,266893,37489,70467,2.4722386898366002,0.20887775669907518
10871,0.1500890764854177,0,3,0,338720,266890,37489,70467,2.4722109007373376,0.20887961417726622
10872,0.1500897062603492,2,10,2,338730,266880,37491,70465,2.4721182704064617,0.20888111577168775
10873,0.150089833928815,3,9,3,338739,266871,37494,70462,2.472034903108674,0.2088796530431354
10874,0.1500949992207028,0,1,0,338740,266870,37494,70462,2.4720256400755862,0.20888027225404052
10875,0.1500967287161775,0,1,0,338741,266869,37494,70462,2.472016377042499,0.20888089146861688
10876,0.1500968355439485,0,11,0,338752,266858,37494,70462,2.471914483678536,0.20888770307126764
10877,0.1500972810434664,0,4,0,338756,266854,37494,70462,2.4718774315461856,0.20889018012783264
10878,0.1500973201598907,1,2,1,338758,266852,37495,70461,2.47185890548001,0.20888907335323573
10879,0.150100661219382,3,9,3,338767,266843,37498,70458,2.4717755381822224,0.2088876107690164
10880,0.1501007812675029,1,2,1,338769,266841,37499,70457,2.4717570121160475,0.2088865039223476
10881,0.1501008401825951,17,39,17,338808,266802,37516,70440,2.471395753825633,0.20887078121942107
10882,0.1501045193172259,0,2,0,338810,266800,37516,70440,2.4713772277594575,0.20887201992646187
10883,0.1501097042142684,0,1,0,338811,266799,37516,70440,2.47136796472637,0.20887263928549188
10884,0.1501106059849238,0,4,0,338815,266795,37516,70440,2.47133091259402,0.20887511675834358
10885,0.150115112859527,3,23,3,338838,266772,37519,70437,2.471117862833006,0.2088823252048433
10886,0.1501162329376199,0,1,0,338839,266771,37519,70437,2.4711085997999187,0.20888294465137244
10887,0.1501195253607292,0,3,0,338842,266768,37519,70437,2.4710808107006557,0.20888480301300397
10888,0.1501199098974334,6,65,6,338907,266703,37525,70431,2.470478713549965,0.2089109968143231
10889,0.1501202501656882,0,3,0,338910,266700,37525,70431,2.4704509244507022,0.20891285583348906
10890,0.1501206366704389,20,124,20,339034,266576,37545,70411,2.4693023083478454,0.20894277820806142
10891,0.1501233698367016,4,9,4,339043,266567,37549,70407,2.4692189410500576,0.2089389685851134
10892,0.1501234389916823,0,1,0,339044,266566,37549,70407,2.46920967801697,0.20893958863173015
10893,0.1501275473214103,1,0,1,339044,266566,37550,70406,2.46920967801697,0.2089372410764099
10894,0.150128998406052,5,20,5,339064,266546,37555,70401,2.469024417355219,0.2089379041807762
10895,0.1501291607768725,0,3,0,339067,266543,37555,70401,2.4689966282559563,0.20893976447124746
10896,0.1501331711618207,9,16,9,339083,266527,37564,70392,2.468848419726555,0.20892855552818332
10897,0.1501350978989078,0,2,0,339085,266525,37564,70392,2.4688298936603803,0.2089297957657227
10898,0.1501412465777533,1,7,1,339092,266518,37565,70391,2.4687650524287674,0.20893178870258736
10899,0.1501434789648161,2,19,2,339111,266499,37567,70389,2.4685890548001037,0.20893887582816842
10900,0.1501552252481618,1,3,1,339114,266496,37568,70388,2.468561265700841,0.2089383882879567
10901,0.1501575755299306,0,1,0,339115,266495,37568,70388,2.4685520026677534,0.20893900849849947
10902,0.1501582438218471,0,3,0,339118,266492,37568,70388,2.468524213568491,0.20894086915222038
10903,0.1501587732897351,0,9,0,339127,266483,37568,70388,2.468440846270703,0.20894645131222336
10904,0.1501676196954614,0,4,0,339131,266479,37568,70388,2.4684037941383528,0.2089489323679672
10905,0.150169673460934,0,10,0,339141,266469,37568,70388,2.4683111638074773,0.2089551352651125
10906,0.1501697784964226,4,14,4,339155,266455,37572,70384,2.4681814813442515,0.20895442629861743
10907,0.1501712540036794,2,17,2,339172,266438,37574,70382,2.4680240097817627,0.20896027551808088
10908,0.15017783453509,2,24,2,339196,266414,37576,70380,2.4678016969876615,0.20897046859504623
10909,0.1501789459693174,5,31,5,339227,266383,37581,70375,2.4675145429619474,0.20897796043449599
10910,0.1501800794099466,0,2,0,339229,266381,37581,70375,2.4674960168957725,0.20897920155839836
10911,0.1501811932731965,0,1,0,339230,266380,37581,70375,2.467486753862685,0.20897982212587787
10912,0.1501865632627265,1,18,1,339248,266362,37582,70374,2.4673200192671088,0.2089886439228357
10913,0.1501872956990041,3,7,3,339255,266355,37585,70371,2.467255178035496,0.20898594109157
10914,0.1501907648386254,0,5,0,339260,266350,37585,70371,2.4672088628700584,0.20898904434234872
10915,0.1501922413620098,0,2,0,339262,266348,37585,70371,2.467190336803883,0.2089902856684654
10916,0.150194106590645,0,2,0,339264,266346,37585,70371,2.467171810737708,0.2089915270093283
10917,0.1501970138113051,5,18,5,339282,266328,37590,70366,2.467005076142132,0.2089909532097394
10918,0.1501993788766142,2,0,2,339282,266328,37592,70364,2.467005076142132,0.2089862544996614
10919,0.1502006722189543,18,112,18,339394,266216,37610,70346,2.465967616436326,0.20901349528467267
10920,0.1502022942157115,0,2,0,339396,266214,37610,70346,2.4659490903701506,0.20901473734252438
10921,0.1502054112864486,1,20,1,339416,266194,37611,70345,2.4657638297083997,0.2090248084174494
10922,0.1502088609571071,8,45,8,339461,266149,37619,70337,2.46534699321946,0.20903395683624282
10923,0.1502093728338529,2,5,2,339466,266144,37621,70335,2.465300678054022,0.20903236160354732
10924,0.1502096873607936,8,72,8,339538,266072,37629,70327,2.464633739671718,0.20905829089860553
10925,0.150209724839672,1,9,1,339547,266063,37630,70326,2.46455037237393,0.2090615329276522
10926,0.1502124862748159,11,60,11,339607,266003,37641,70315,2.463994590388677,0.2090729607098044
10927,0.1502129354374974,0,1,0,339608,266002,37641,70315,2.4639853273555894,0.20907358236425752
10928,0.1502148969502297,0,2,0,339610,266000,37641,70315,2.463966801289414,0.20907482568425434
10929,0.150215764077359,1,16,1,339626,265984,37642,70314,2.4638185927600134,0.2090824209480877
10930,0.1502160643800955,1,1,1,339627,265983,37643,70313,2.4638093297269257,0.20908069081999192
10931,0.1502187925592966,15,94,15,339721,265889,37658,70298,2.4629386046166957,0.20910386183879806
10932,0.1502231076112668,1,2,1,339723,265887,37659,70297,2.4629200785505208,0.20910275325417033
10933,0.1502243909054893,1,5,1,339728,265882,37660,70296,2.462873763385083,0.20910351064019655
10934,0.150224544329494,17,136,17,339864,265746,37677,70279,2.4616139908851755,0.20914812885945985
10935,0.1502248449914945,0,8,0,339872,265738,37677,70279,2.461539886620475,0.2091531083248764
10936,0.1502250267081464,3,17,3,339889,265721,37680,70276,2.4613824150579866,0.20915662937466703
10937,0.1502268277015092,0,1,0,339890,265720,37680,70276,2.461373152024899,0.2091572518720461
10938,0.1502280595975172,0,2,0,339892,265718,37680,70276,2.461354625958724,0.20915849687792043
10939,0.1502292896091644,0,2,0,339894,265716,37680,70276,2.4613360998925486,0.20915974189861664
10940,0.1502295932103897,3,16,3,339910,265700,37683,70273,2.461187891363148,0.2091626410455602
10941,0.15023095509138,6,22,6,339932,265678,37689,70267,2.4609841046352217,0.20916221405289556
10942,0.1502332069483646,5,15,5,339947,265663,37694,70262,2.4608451591389082,0.20915978268958846
10943,0.1502336289973685,7,40,7,339987,265623,37701,70255,2.4604746378154063,0.20916820988573231
10944,0.1502354846472978,2,13,2,340000,265610,37703,70253,2.4603542183852682,0.2091715967522472
10945,0.1502395077873632,0,7,0,340007,265603,37703,70253,2.4602893771536554,0.20917595636225048
10946,0.1502471975623651,2,13,2,340020,265590,37705,70251,2.460168957723517,0.20917934379661804
10947,0.1502480996462856,0,8,0,340028,265582,37705,70251,2.4600948534588167,0.20918432673382306
10948,0.1502481596464092,3,12,3,340040,265570,37708,70248,2.459983697061766,0.20918473697062098
10949,0.1502497709157525,2,19,2,340059,265551,37710,70246,2.459807699433102,0.20919186294100306
10950,0.1502501833284817,10,31,10,340090,265520,37720,70236,2.459520545407388,0.20918762434625143
10951,0.1502529164947444,1,3,1,340093,265517,37721,70235,2.4594927563081255,0.20918713812575948
10952,0.1502538073214176,0,5,0,340098,265512,37721,70235,2.459446441142688,0.2091902533753094
10953,0.1502543475637544,38,235,38,340333,265277,37759,70197,2.4572696283671127,0.2092472143891926
10954,0.1502556557501072,0,2,0,340335,265275,37759,70197,2.4572511023009374,0.20924846186865073
10955,0.1502567436699188,0,1,0,340336,265274,37759,70197,2.4572418392678497,0.2092490856139577
10956,0.1502582341832354,1,1,1,340337,265273,37760,70196,2.4572325762347624,0.20924735221436258
10957,0.1502594016131012,1,1,1,340338,265272,37761,70195,2.4572233132016748,0.20924561879409898
10958,0.150263497544139,2,6,2,340344,265266,37763,70193,2.4571677350031496,0.20924464688680286
10959,0.1502681822245002,4,36,4,340380,265230,37767,70189,2.4568342658119975,0.20925767472921927
10960,0.1502698167773238,11,86,11,340466,265144,37778,70178,2.456037644966468,0.2092854032840076
10961,0.1502703198477629,6,24,6,340490,265120,37784,70172,2.4558153321723664,0.209286234088496
10962,0.1502733261359605,4,4,4,340494,265116,37788,70168,2.455778280040016,0.2092792975507331
10963,0.1502759401549328,0,3,0,340497,265113,37788,70168,2.4557504909407535,0.20928117012297148
10964,0.1502769662303742,32,228,32,340725,264885,37820,70136,2.453638519396791,0.209348070717955
10965,0.1502772021577662,0,2,0,340727,264883,37820,70136,2.453619993330616,0.20934932048630078
10966,0.150280437650951,5,22,5,340749,264861,37825,70131,2.45341620660269,0.20935126808998425
10967,0.1502820688953579,3,24,3,340773,264837,37828,70128,2.4531938938085887,0.20935918678070845
10968,0.1502822828899212,0,10,0,340783,264827,37828,70128,2.453101263477713,0.20936543714827366
10969,0.150282550323664,0,13,0,340796,264814,37828,70128,2.452980844047575,0.20937356318407366
10970,0.1502841148675209,22,77,22,340873,264737,37850,70106,2.4522675904998334,0.2093697643373163
10971,0.1502842161219378,0,2,0,340875,264735,37850,70106,2.452249064433658,0.20937101489960908
10972,0.1502857317187256,8,27,8,340902,264708,37858,70098,2.4519989625402943,0.20936900772387593
10973,0.1502858707995175,2,4,2,340906,264704,37860,70096,2.451961910407944,0.2093667861409797
10974,0.150285877316743,0,7,0,340913,264697,37860,70096,2.451897069176331,0.20937116367427036
10975,0.150289270627126,1,3,1,340916,264694,37861,70095,2.4518692800770685,0.20937067824809058
10976,0.1502892861118888,0,4,0,340920,264690,37861,70095,2.4518322279447182,0.20937317980196246
10977,0.1502900435552862,0,11,0,340931,264679,37861,70095,2.451730334580755,0.20938005938334517
10978,0.1502902429459674,0,6,0,340937,264673,37861,70095,2.45167475638223,0.20938381207283852
10979,0.1502919442407241,1,11,1,340948,264662,37862,70094,2.4515728630182667,0.20938833060497794
10980,0.1502921285267718,3,3,3,340951,264659,37865,70091,2.451545073919004,0.2093831217326363
10981,0.1502947205012573,2,1,2,340952,264658,37867,70089,2.4515358108859164,0.20937902356107746
10982,0.1502958889214305,0,2,0,340954,264656,37867,70089,2.4515172848197415,0.20938027453733438
10983,0.1502971663535042,0,2,0,340956,264654,37867,70089,2.451498758753566,0.2093815255285398
10984,0.1502975375025565,1,1,1,340957,264653,37868,70088,2.451489495720479,0.20937978915041777
10985,0.1502982852717937,0,1,0,340958,264652,37868,70088,2.4514802326873912,0.20938041465017626
10986,0.1502983001154236,4,10,4,340968,264642,37872,70084,2.4513876023565158,0.20937722196662345
10987,0.1502989750380722,0,2,0,340970,264640,37872,70084,2.4513690762903404,0.20937847301059978
10988,0.1502989929831129,4,16,4,340986,264624,37876,70080,2.4512208677609397,0.20937903341459918
10989,0.1503021630835196,17,53,17,341039,264571,37893,70063,2.4507299270072993,0.20937203033762258
10990,0.1503105163743857,0,2,0,341041,264569,37893,70063,2.450711400941124,0.20937328169451816
10991,0.1503150966474259,2,13,2,341054,264556,37895,70061,2.450590981510986,0.20937669036540282
10992,0.1503159289701989,0,2,0,341056,264554,37895,70061,2.450572455444811,0.2093779418137262
10993,0.1503211733530175,0,1,0,341057,264553,37895,70061,2.4505631924117233,0.20937856754349787
10994,0.1503218055856306,7,37,7,341094,264516,37902,70054,2.450220460187484,0.2093851809785695
10995,0.1503229887895936,2,5,2,341099,264511,37904,70052,2.450174145022046,0.20938358395877607
10996,0.150323006857182,0,5,0,341104,264506,37904,70052,2.450127829856608,0.20938671321564573
10997,0.1503244031852379,3,24,3,341128,264482,37907,70049,2.449905517062507,0.20939464504036995
10998,0.1503248519169644,0,2,0,341130,264480,37907,70049,2.449886990996332,0.209395896917756
10999,0.1503274532606389,0,1,0,341131,264479,37907,70049,2.449877727963244,0.20939652286206237
11000,0.1503277282171017,0,11,0,341142,264468,37907,70049,2.449775834599281,0.2094034084964292
11001,0.1503277569478814,0,1,0,341143,264467,37907,70049,2.449766571566194,0.20940403448564493
11002,0.1503286265346722,3,10,3,341153,264457,37910,70046,2.449673941235318,0.20940320415661445
11003,0.1503292080325232,11,59,11,341212,264398,37921,70035,2.4491274222831523,0.20941414274309053
11004,0.1503333807882919,5,25,5,341237,264373,37926,70030,2.4488958464559634,0.2094179777095301
11005,0.1503354952822261,0,3,0,341240,264370,37926,70030,2.4488680573567008,0.20941985645933014
11006,0.1503367811274975,4,44,4,341284,264326,37930,70026,2.4484604839008486,0.2094379576015696
11007,0.150337698423802,2,1,2,341285,264325,37932,70024,2.448451220867761,0.2094338550436819
11008,0.1503382914132491,0,1,0,341286,264324,37932,70024,2.448441957834673,0.2094344814385012
11009,0.1503391861455916,0,1,0,341287,264323,37932,70024,2.448432694801586,0.20943510783706748
11010,0.1503423326778531,0,4,0,341291,264319,37932,70024,2.4483956426692357,0.209437613468803
11011,0.1503506154126162,5,26,5,341317,264293,37937,70019,2.448154803808959,0.20944207805881931
11012,0.1503509975904153,1,8,1,341325,264285,37938,70018,2.4480806995442586,0.2094447252941194
11013,0.1503532132151041,1,26,1,341351,264259,37939,70017,2.4478398606839824,0.2094586509351554
11014,0.1503537066406564,0,6,0,341357,264253,37939,70017,2.447784282485457,0.20946241062614054
11015,0.1503561962628854,6,18,6,341375,264235,37945,70011,2.447617547889881,0.2094594998893031
11016,0.1503590788218782,5,38,5,341413,264197,37950,70006,2.447265552632554,0.20947148888549774
11017,0.1503597735646374,0,1,0,341414,264196,37950,70006,2.4472562895994665,0.20947211566657292
11018,0.1503634081148676,4,28,4,341442,264168,37954,70002,2.446996924673015,0.20948020468623754
11019,0.1503655901799454,15,64,15,341506,264104,37969,69987,2.4464040905554114,0.20948484095650585
11020,0.1503680923151128,3,29,3,341535,264075,37972,69984,2.4461354625958722,0.20949592736612394
11021,0.150369054445406,0,3,0,341538,264072,37972,69984,2.4461076734966096,0.20949780875062865
11022,0.1503709730809563,0,1,0,341539,264071,37972,69984,2.4460984104635224,0.20949843588630615
11023,0.1503718150419963,4,19,4,341558,264052,37976,69980,2.4459224128348587,0.209500886142645
11024,0.150373863032549,0,5,0,341563,264047,37976,69980,2.4458760976694207,0.2095040221299476
11025,0.1503756206451432,9,20,9,341583,264027,37985,69971,2.4456908370076698,0.20949526643872118
11026,0.1503766548259157,4,25,4,341608,264002,37989,69967,2.445459261180481,0.2095014806763502
11027,0.1503767442204079,1,3,1,341611,263999,37990,69966,2.4454314720812182,0.20950099561331278
11028,0.1503767622492416,1,0,1,341611,263999,37991,69965,2.4454314720812182,0.20949862859469884
11029,0.1503793175737953,0,4,0,341615,263995,37991,69965,2.445394419948868,0.20950113786082167
11030,0.1503838847415223,1,5,1,341620,263990,37992,69964,2.4453481047834305,0.20950190744833122
11031,0.1503841850545549,0,5,0,341625,263985,37992,69964,2.4453017896179925,0.20950504418339327
11032,0.1503861885932737,4,14,4,341639,263971,37996,69960,2.4451721071547667,0.20950435868487802
11033,0.1503882228639693,10,79,10,341718,263892,38006,69950,2.44444032754085,0.20953025682808035
11034,0.1503896089328235,1,8,1,341726,263884,38007,69949,2.4443662232761496,0.20953291016765868
11035,0.1503898802580514,1,0,1,341726,263884,38008,69948,2.4443662232761496,0.20953054230870619
11036,0.1503905551807,0,3,0,341729,263881,38008,69948,2.444338434176887,0.20953242528360327
11037,0.1503908672164003,7,43,7,341772,263838,38015,69941,2.443940123754122,0.20954284122128713
11038,0.1503937432261474,1,12,1,341784,263826,38016,69940,2.4438289673570712,0.20954800668731985
11039,0.1503944289641953,35,161,35,341945,263665,38051,69905,2.442337619029975,0.20956620799232545
11040,0.1503954127809772,0,16,0,341961,263649,38051,69905,2.4421894105005744,0.2095762605155387
11041,0.150395557541015,0,1,0,341962,263648,38051,69905,2.4421801474674867,0.20957688883026085
11042,0.1503972234377763,0,7,0,341969,263641,38051,69905,2.442115306235874,0.20958128713880544
11043,0.1503972987078254,0,6,0,341975,263635,38051,69905,2.4420597280373486,0.209585057264496
11044,0.1503991577858046,3,17,3,341992,263618,38054,69902,2.4419022564748603,0.2095886303669945
11045,0.1503994563436682,0,2,0,341994,263616,38054,69902,2.441883730408685,0.20958988720248983
11046,0.1504018789508602,3,19,3,342013,263597,38057,69899,2.4417077327800216,0.20959471777772448
11047,0.1504020556629804,1,1,1,342014,263596,38058,69898,2.441698469746934,0.2095929761854786
11048,0.1504080011794838,10,81,10,342095,263515,38068,69888,2.440948164066842,0.20962018938041949
11049,0.1504087420872675,10,45,10,342140,263470,38078,69878,2.440531327577902,0.20962477650983358
11050,0.1504096403105035,1,5,1,342145,263465,38079,69877,2.440485012412464,0.20962554973570688
11051,0.1504111878320073,0,3,0,342148,263462,38079,69877,2.4404572233132016,0.20962743633358233
11052,0.150418520533499,0,1,0,342149,263461,38079,69877,2.440447960280114,0.2096280652070871
11053,0.1504245205365489,4,14,4,342163,263447,38083,69873,2.440318277816888,0.20962738509540382
11054,0.1504250546179657,1,14,1,342177,263433,38084,69872,2.4401885953536624,0.20963381887460433
11055,0.1504293574553857,0,4,0,342181,263429,38084,69872,2.4401515432213126,0.20963633472446827
11056,0.1504305349537086,0,4,0,342185,263425,38084,69872,2.4401144910889623,0.20963885063471918
11057,0.1504311879788043,0,1,0,342186,263424,38084,69872,2.4401052280558746,0.20963947962171764
11058,0.1504325453337456,1,4,1,342190,263420,38085,69871,2.4400681759235243,0.2096396242322775
11059,0.1504334195038587,2,7,2,342197,263413,38087,69869,2.4400033346919114,0.20963928444980526
11060,0.1504348289223046,3,17,3,342214,263396,38090,69866,2.439845863129423,0.20964286357280457
11061,0.150435694273769,0,3,0,342217,263393,38090,69866,2.4398180740301605,0.20964475077942382
11062,0.1504378474959899,2,3,2,342220,263390,38092,69864,2.439790284930898,0.2096418947709555
11063,0.150438445334018,3,11,3,342231,263379,38095,69861,2.4396883915669347,0.20964169967590926
11064,0.15043969203219,16,178,16,342409,263201,38111,69845,2.43803957167735,0.2097157749980483
11065,0.1504435834010576,2,33,2,342442,263168,38113,69843,2.4377338915854607,0.2097318106609091
11066,0.150444484149829,2,14,2,342456,263154,38115,69841,2.437604209122235,0.20973588192014894
11067,0.1504446433054687,4,12,4,342468,263142,38119,69837,2.437493052725184,0.20973394718585855
11068,0.1504465477024432,0,9,0,342477,263133,38119,69837,2.4374096854273963,0.20973961618163797
11069,0.1504493821705655,5,26,5,342503,263107,38124,69832,2.4371688465671197,0.20974412730259898
11070,0.1504497971455832,0,1,0,342504,263106,38124,69832,2.4371595835340325,0.20974475728213662
11071,0.1504502355014306,3,13,3,342517,263093,38127,69829,2.437039164103894,0.20974582634971556
11072,0.1504517140654356,0,2,0,342519,263091,38127,69829,2.437020638037719,0.20974708638712003
11073,0.1504521852420513,1,6,1,342525,263085,38128,69828,2.436965059839194,0.2097484928494832
11074,0.1504525535152248,1,0,1,342525,263085,38129,69827,2.436965059839194,0.2097461190945355
11075,0.1504529733848083,28,247,28,342772,262838,38157,69799,2.434677090666568,0.20983534603787313
11076,0.1504558653765784,3,3,3,342775,262835,38160,69796,2.434649301567305,0.2098301120460811
11077,0.150458539399173,0,3,0,342778,262832,38160,69796,2.4346215124680426,0.20983200452156764
11078,0.1504600208933685,3,12,3,342790,262820,38163,69793,2.4345103560709918,0.20983244791995503
11079,0.1504606414504432,1,10,1,342800,262810,38164,69792,2.4344177257401163,0.20983638101995777
11080,0.1504610732023436,0,1,0,342801,262809,38164,69792,2.4344084627070286,0.20983701191517765
11081,0.1504618577665047,1,6,1,342807,262803,38165,69791,2.4343528845085034,0.20983842161915128
11082,0.1504650507538578,1,0,1,342807,262803,38166,69790,2.4343528845085034,0.2098360458578503
11083,0.1504651977928862,3,14,3,342821,262789,38169,69787,2.4342232020452776,0.20983775137111518
11084,0.1504668221339361,5,27,5,342848,262762,38174,69782,2.433973100151914,0.2098429080061586
11085,0.1504672783426012,2,12,2,342860,262750,38176,69780,2.433861943754863,0.209845728204974
11086,0.1504683918509714,16,127,16,342987,262623,38192,69764,2.4326855385527435,0.2098878716676645
11087,0.1504684487134082,0,4,0,342991,262619,38192,69764,2.4326484864203937,0.20989039752333905
11088,0.1504690587201986,3,27,3,343018,262592,38195,69761,2.4323983845270294,0.20990031683180232
11089,0.1504728314659164,6,14,6,343032,262578,38201,69755,2.4322687020638036,0.20989489457863048
11090,0.1504779740783123,4,19,4,343051,262559,38205,69751,2.4320927044351404,0.2098973849718636
11091,0.1504795386221692,26,231,26,343282,262328,38231,69725,2.4299529437919154,0.20998153909165104
11092,0.1504802216958757,5,1,5,343283,262327,38236,69720,2.4299436807588277,0.20997027529235318
11093,0.1504838536741394,3,17,3,343300,262310,38239,69717,2.4297862091963394,0.2099738876657621
11094,0.150486728255044,0,2,0,343302,262308,38239,69717,2.429767683130164,0.20997515247345833
11095,0.1504873679953724,4,31,4,343333,262277,38243,69713,2.42948052910445,0.20998524051929274
11096,0.1504892910349365,16,90,16,343423,262187,38259,69697,2.42864685612657,0.21000409781730967
11097,0.1504907379284324,3,17,3,343440,262170,38262,69694,2.428489384564082,0.21000771400332666
11098,0.1504978922424377,0,2,0,343442,262168,38262,69694,2.4284708584979064,0.2100089796361138
11099,0.1504992026095841,0,19,0,343461,262149,38262,69694,2.428294860869243,0.21002100390847478
11100,0.1504993638246338,0,3,0,343464,262146,38262,69694,2.4282670717699806,0.2100229026036644
11101,0.1505004769022099,19,78,19,343542,262068,38281,69675,2.4275445551891512,0.2100270390030837
11102,0.1505030033946071,0,2,0,343544,262066,38281,69675,2.427526029122976,0.2100283052140073
11103,0.1505031339750619,1,21,1,343565,262045,38282,69674,2.4273315054281372,0.21003921994217997
11104,0.1505034310798751,3,14,3,343579,262031,38285,69671,2.4272018229649115,0.21004094036213228
11105,0.1505057073284493,1,26,1,343605,262005,38286,69670,2.4269609841046353,0.21005502374312204
11106,0.1505084590744733,0,3,0,343608,262002,38286,69670,2.4269331950053727,0.21005692370775947
11107,0.1505114127249709,1,6,1,343614,261996,38287,69669,2.426877616806847,0.2100583420017186
11108,0.150511705365038,7,20,7,343634,261976,38294,69662,2.426692356145096,0.2100543363547
11109,0.1505120318106398,0,8,0,343642,261968,38294,69662,2.4266182518803956,0.2100594035521515
11110,0.1505140995686537,12,59,12,343701,261909,38306,69650,2.42607173292823,0.21006819299129265
11111,0.1505150714628957,2,6,2,343707,261903,38308,69648,2.4260161547297048,0.21006722947600823
11112,0.1505164158582227,0,1,0,343708,261902,38308,69648,2.426006891696617,0.21006786306741065
11113,0.1505172293402789,11,95,11,343803,261807,38319,69637,2.4251269035532994,0.2101018573273313
11114,0.1505180349999849,0,2,0,343805,261805,38319,69637,2.4251083774871245,0.21010312513199897
11115,0.1505182723244224,10,20,10,343825,261785,38329,69627,2.424923116825373,0.21009197011574718
11116,0.1505191555908663,1,1,1,343826,261784,38330,69626,2.424913853792286,0.21009022057270452
11117,0.1505214374136299,0,2,0,343828,261782,38330,69626,2.4248953277261105,0.21009148843721334
11118,0.1505234430848046,0,3,0,343831,261779,38330,69626,2.424867538626848,0.21009339026266954
11119,0.1505240502893206,1,1,1,343832,261778,38331,69625,2.42485827559376,0.21009164069124298
11120,0.1505258385099142,11,58,11,343890,261720,38342,69614,2.4243210196746823,0.2101021929533341
11121,0.150526063879798,1,4,1,343894,261716,38343,69613,2.424283967542332,0.21010234540290768
11122,0.1505268453658682,0,5,0,343899,261711,38343,69613,2.4242376523768945,0.21010551605075395
11123,0.1505278502172819,1,5,1,343904,261706,38344,69612,2.4241913372114565,0.21010630270616146
11124,0.1505289748848066,2,26,2,343930,261680,38346,69610,2.42395049835118,0.21011802348395667
11125,0.1505310098320277,1,8,1,343938,261672,38347,69609,2.42387639408648,0.21012071323136552
11126,0.1505374985110262,3,11,3,343949,261661,38350,69606,2.4237745007225167,0.21012053721016583
11127,0.1505422199126989,0,1,0,343950,261660,38350,69606,2.423765237689429,0.21012117150567822
11128,0.1505458034022257,2,5,2,343955,261655,38352,69604,2.4237189225239915,0.21011957410968457
11129,0.1505466281411487,0,11,0,343966,261644,38352,69604,2.4236170291600283,0.210126551707482
11130,0.1505467111011597,3,6,3,343972,261638,38355,69601,2.4235614509615027,0.21012320409130567
11131,0.1505499964567384,2,6,2,343978,261632,38357,69599,2.4235058727629775,0.2101222409738219
11132,0.1505516200175337,10,57,10,344035,261575,38367,69589,2.4229778798769868,0.21013455568842024
11133,0.1505540542173098,0,6,0,344041,261569,38367,69589,2.4229223016784616,0.21013836295665514
11134,0.1505551973192857,3,7,3,344048,261562,38370,69586,2.4228574604468487,0.21013564931692175
11135,0.1505562910254124,2,10,2,344058,261552,38372,69584,2.422764830115973,0.21013722458446077
11136,0.1505607418219281,2,6,2,344064,261546,38374,69582,2.422709251917448,0.21013626150612452
11137,0.1505610139345938,8,38,8,344102,261508,38382,69574,2.4223572566601206,0.21014129430171377
11138,0.1505623679451351,1,12,1,344114,261496,38383,69573,2.42224610026307,0.21014652534668
11139,0.1505626596028964,2,1,2,344115,261495,38385,69571,2.4222368372299825,0.210142388526759
11140,0.1505708327185204,1,0,1,344115,261495,38386,69570,2.4222368372299825,0.2101400027184994
11141,0.1505726335950416,1,2,1,344117,261493,38387,69569,2.4222183111638076,0.21013888637173703
11142,0.1505726905672685,1,12,1,344129,261481,38388,69568,2.4221071547667568,0.21014411763817442
11143,0.1505732764305218,1,14,1,344143,261467,38389,69567,2.421977472303531,0.21015061896965267
11144,0.1505734169510237,8,15,8,344158,261452,38397,69559,2.4218385268072176,0.21014105271426026
11145,0.150575282541754,1,6,1,344164,261446,38398,69558,2.4217829486086924,0.21014247561962998
11146,0.150576094360486,1,3,1,344167,261443,38399,69557,2.4217551595094298,0.21014199395770392
11147,0.150577280246386,43,245,43,344412,261198,38442,69514,2.419485716402979,0.21019497326979367
11148,0.1505798611345532,0,2,0,344414,261196,38442,69514,2.4194671903368037,0.2101962444437725
11149,0.1505800941535511,0,2,0,344416,261194,38442,69514,2.4194486642706288,0.2101975156331265
11150,0.1505802327734566,0,1,0,344417,261193,38442,69514,2.419439401237541,0.2101981512335693
11151,0.1505812658809961,0,2,0,344419,261191,38442,69514,2.419420875171366,0.2101994224459866
11152,0.1505821449724218,0,4,0,344423,261187,38442,69514,2.419383823039016,0.21020196491694915
11153,0.1505825200428512,3,47,3,344470,261140,38445,69511,2.4189484604839007,0.21022467798373512
11154,0.1505834850639211,0,14,0,344484,261126,38445,69511,2.418818778020675,0.21023357942396043
11155,0.150583486346612,48,296,48,344780,260830,38493,69463,2.416076920226759,0.21030721208139438
11156,0.1505850586641923,2,13,2,344793,260817,38495,69461,2.415956500796621,0.2103107079490611
11157,0.1505882254472555,0,3,0,344796,260814,38495,69461,2.415928711697358,0.21031261827265157
11158,0.15058898067283,1,8,1,344804,260806,38496,69460,2.415854607432658,0.21031532158926441
11159,0.1505890381872363,4,26,4,344830,260780,38500,69456,2.4156137685723813,0.21032231495052023
11160,0.1505906076920919,0,5,0,344835,260775,38500,69456,2.415567453406944,0.21032549942313108
11161,0.1505908153775173,0,8,0,344843,260767,38500,69456,2.4154933491422432,0.21033059477989116
11162,0.1505908365356256,4,15,4,344858,260752,38504,69452,2.41535440364593,0.21033058351806763
11163,0.1505920247591106,2,12,2,344870,260740,38506,69450,2.415243247248879,0.2103334443805082
11164,0.1505920570448377,3,20,3,344890,260720,38509,69447,2.415057986587128,0.21033901025844498
11165,0.150594744450929,8,32,8,344922,260688,38517,69439,2.414761569528326,0.2103402629896979
11166,0.1505966042773049,0,3,0,344925,260685,38517,69439,2.4147337804290636,0.2103421744556591
11167,0.1505966488479035,1,12,1,344937,260673,38518,69438,2.414622624032013,0.2103474285922008
11168,0.1505990324442183,0,11,0,344948,260662,38518,69438,2.41452073066805,0.21035443804907603
11169,0.1506066516055235,0,3,0,344951,260659,38518,69438,2.4144929415687875,0.21035634980021023
11170,0.1506100492366122,0,1,0,344952,260658,38518,69438,2.4144836785357,0.2103569870583103
11171,0.1506123696056466,0,1,0,344953,260657,38518,69438,2.414474415502612,0.21035762432027144
11172,0.1506158658519202,2,1,2,344954,260656,38520,69436,2.4144651524695244,0.21035347721241351
11173,0.1506160573227228,1,11,1,344965,260645,38521,69435,2.4143632591055617,0.21035809500727096
11174,0.1506165144535699,8,37,8,345002,260608,38529,69427,2.414020526881322,0.2103625373066493
11175,0.1506166150148981,0,1,0,345003,260607,38529,69427,2.4140112638482343,0.2103631747032124
11176,0.1506166947094747,7,47,7,345050,260560,38536,69420,2.4135759012931195,0.2103763864476635
11177,0.150619449341447,4,20,4,345070,260540,38540,69416,2.4133906406313685,0.2103795657602832
11178,0.1506203140068345,0,1,0,345071,260539,38540,69416,2.413381377598281,0.2103802033610644
11179,0.1506213215317865,2,5,2,345076,260534,38542,69414,2.413335062432843,0.21037860511353304
11180,0.150624894267953,3,14,3,345090,260520,38545,69411,2.413205379969617,0.2103803522554716
11181,0.1506285711458414,0,2,0,345092,260518,38545,69411,2.4131868539034422,0.2103816275622937
11182,0.1506288432585071,1,15,1,345107,260503,38546,69410,2.413047908407129,0.2103887994713758
11183,0.1506301512578601,1,1,1,345108,260502,38547,69409,2.413038645374041,0.2103870437784736
11184,0.150630219086759,20,142,20,345250,260360,38567,69389,2.4117232946756086,0.2104297511137259
11185,0.1506306784516121,0,5,0,345255,260355,38567,69389,2.4116769795101707,0.21043294191857925
11186,0.1506326806331047,0,2,0,345257,260353,38567,69389,2.4116584534439958,0.2104342182676153
11187,0.1506348900105802,1,3,1,345260,260350,38568,69388,2.411630664344733,0.210433738301318
11188,0.1506352539864922,0,10,0,345270,260340,38568,69388,2.4115380340138577,0.2104401203416149
11189,0.1506354861229778,1,2,1,345272,260338,38569,69387,2.4115195079476823,0.21043900219880204
11190,0.1506361613146802,2,7,2,345279,260331,38571,69385,2.4114546667160695,0.21043868056145287
11191,0.1506363055421178,0,10,0,345289,260321,38571,69385,2.411362036385194,0.21044506317749753
11192,0.1506424209725125,2,0,2,345289,260321,38573,69383,2.411362036385194,0.21044027370004612
11193,0.1506431430492475,1,0,1,345289,260321,38574,69382,2.411362036385194,0.21043787893953042
11194,0.1506452209002315,0,1,0,345290,260320,38574,69382,2.4113527733521063,0.21043851720644705
11195,0.1506476959892557,19,121,19,345411,260199,38593,69363,2.4102319463485125,0.21047026052760937
11196,0.1506516132792729,16,175,16,345586,260024,38609,69347,2.4086109155581905,0.21054373335843168
11197,0.1506532351205222,0,14,0,345600,260010,38609,69347,2.4084812330949648,0.21055268295496984
11198,0.1506532833871019,2,7,2,345607,260003,38611,69345,2.408416391863352,0.21055236406475825
11199,0.1506568532178633,0,2,0,345609,260001,38611,69345,2.4083978657971765,0.21055364267366236
11200,0.1506586658595389,2,7,2,345616,259994,38613,69343,2.4083330245655636,0.21055332379902653
11201,0.1506595072936936,1,18,1,345634,259976,38614,69342,2.4081662899699876,0.21056243509313186
11202,0.1506599592077988,1,3,1,345637,259973,38615,69341,2.408138500870725,0.2105619560662468
11203,0.1506609856819085,0,1,0,345638,259972,38615,69341,2.4081292378376378,0.21056259546388997
11204,0.1506617805167869,0,1,0,345639,259971,38615,69341,2.40811997480455,0.2105632348654164
11205,0.1506623625660271,3,5,3,345644,259966,38618,69338,2.408073659639112,0.21055924009425941
11206,0.1506629178224796,1,8,1,345652,259958,38619,69337,2.407999555374412,0.210561958122656
11207,0.1506644336012182,0,1,0,345653,259957,38619,69337,2.4079902923413243,0.21056259755719814
11208,0.1506644824748469,11,59,11,345712,259898,38630,69326,2.4074437733891587,0.2105739557261925
11209,0.1506655921612914,2,2,2,345714,259896,38632,69324,2.4074252473229834,0.21057043921997448
11210,0.1506702502165262,1,1,1,345715,259895,38633,69323,2.4074159842898957,0.2105686809348213
11211,0.1506711452846066,9,29,9,345744,259866,38642,69314,2.407147356330357,0.21056564797375296
11212,0.1506727447602998,4,9,4,345753,259857,38646,69310,2.4070639890325687,0.21056181208930422
11213,0.1506741536225382,1,0,1,345753,259857,38647,69309,2.4070639890325687,0.21055941379121781
11214,0.1506750652065488,0,1,0,345754,259856,38647,69309,2.4070547259994814,0.21056005346862516
11215,0.150677235272636,0,12,0,345766,259844,38647,69309,2.4069435696024306,0.21056772990068448
11216,0.150678674604895,2,2,2,345768,259842,38649,69307,2.4069250435362557,0.21056421256026905
11217,0.1506804313223469,1,14,1,345782,259828,38650,69306,2.40679536107303,0.21057077056761075
11218,0.1506805608154579,0,1,0,345783,259827,38650,69306,2.4067860980399423,0.21057141034171598
11219,0.1506833437532119,0,7,0,345790,259820,38650,69306,2.4067212568083294,0.21057588886930842
11220,0.1506836951758336,0,1,0,345791,259819,38650,69306,2.4067119937752417,0.21057652867451576
11221,0.1506840941457146,4,13,4,345804,259806,38654,69302,2.4065915743451036,0.2105752518929956
11222,0.1506857582055182,0,1,0,345805,259805,38654,69302,2.406582311312016,0.21057589173126065
11223,0.1506858376834552,1,8,1,345813,259797,38655,69301,2.4065082070473154,0.21057861184206528
11224,0.1506862888228831,1,6,1,345819,259791,38656,69300,2.40645262884879,0.2105800523259524
11225,0.1506876048536267,41,198,41,346017,259593,38697,69259,2.4046185482974547,0.2106084195930084
11226,0.1506881535350278,0,2,0,346019,259591,38697,69259,2.4046000222312793,0.2106097004713395
11227,0.1506882656298478,0,2,0,346021,259589,38697,69259,2.4045814961651044,0.2106109813652508
11228,0.1506888650674586,0,2,0,346023,259587,38697,69259,2.404562970098929,0.21061226227474258
11229,0.1506909277658921,0,2,0,346025,259585,38697,69259,2.404544444032754,0.21061354319981512
11230,0.1506919146031779,1,1,1,346026,259584,38698,69258,2.4045351809996665,0.21061178316638385
11231,0.1506925074355186,3,29,3,346055,259555,38701,69255,2.4042665530401273,0.21062315623004166
11232,0.1506926105339474,0,1,0,346056,259554,38701,69255,2.40425729000704,0.21062379679388338
11233,0.1506927235918664,0,1,0,346057,259553,38701,69255,2.4042480269739523,0.21062443736162137
11234,0.1506981627582284,0,2,0,346059,259551,38701,69255,2.4042295009077774,0.21062571850878634
11235,0.1506984271492554,0,1,0,346060,259550,38701,69255,2.4042202378746897,0.21062635908821337
11236,0.1506985077755255,0,2,0,346062,259548,38701,69255,2.4042017118085144,0.21062764025875677
11237,0.1507003504382914,0,1,0,346063,259547,38701,69255,2.404192448775427,0.21062828084987317
11238,0.1507010879045688,2,8,2,346071,259539,38703,69253,2.4041183445107266,0.2106286041022896
11239,0.1507028230885646,0,2,0,346073,259537,38703,69253,2.4040998184445517,0.2106298853371453
11240,0.1507040604677944,0,1,0,346074,259536,38703,69253,2.404090555411464,0.2106305259604184
11241,0.1507045940211145,0,10,0,346084,259526,38703,69253,2.4039979250805885,0.21063693240748343
11242,0.1507057145434149,0,1,0,346085,259525,38703,69253,2.403988662047501,0.21063757307362416
11243,0.1507085359498016,0,2,0,346087,259523,38703,69253,2.403970135981326,0.2106388544175974
11244,0.1507094667346181,1,1,1,346088,259522,38704,69252,2.4039608729482382,0.21063709417411353
11245,0.1507096408115938,1,0,1,346088,259522,38705,69251,2.4039608729482382,0.2106346932381917
11246,0.150717033866308,0,3,0,346091,259519,38705,69251,2.4039330838489756,0.21063661526294977
11247,0.1507188668394529,1,1,1,346092,259518,38706,69250,2.403923820815888,0.21063485497372006
11248,0.150719848677247,4,19,4,346111,259499,38710,69246,2.4037478231872242,0.21063742414333297
11249,0.15072104496001,0,6,0,346117,259493,38710,69246,2.403692244988699,0.21064126860518526
11250,0.1507213227236677,0,1,0,346118,259492,38710,69246,2.4036829819556114,0.210641909362471
11251,0.1507217314004879,0,1,0,346119,259491,38710,69246,2.403673718922524,0.21064255012365507
11252,0.1507223909949954,1,1,1,346120,259490,38711,69245,2.4036644558894364,0.21064078969382632
11253,0.1507261955059463,1,5,1,346125,259485,38712,69244,2.4036181407239985,0.21064159231464216
11254,0.1507267364658405,0,1,0,346126,259484,38712,69244,2.4036088776909112,0.21064223309240465
11255,0.1507279675625011,6,60,6,346186,259424,38718,69238,2.403053095705658,0.21066627720880418
11256,0.1507285763269665,2,2,2,346188,259422,38720,69236,2.4030345696394826,0.21066275581303362
11257,0.1507315635609187,1,9,1,346197,259413,38721,69235,2.402951202341695,0.21066612302524282
11258,0.1507323117987603,5,11,5,346208,259402,38726,69230,2.4028493089777316,0.210661165072178
11259,0.1507329222656746,2,1,2,346209,259401,38728,69228,2.402840045944644,0.21065700227307999
11260,0.1507336465768204,2,7,2,346216,259394,38730,69226,2.402775204713031,0.21065668553344288
11261,0.1507380795404396,1,1,1,346217,259393,38731,69225,2.402765941679944,0.2106549245628663
11262,0.1507407088375522,0,7,0,346224,259386,38731,69225,2.402701100448331,0.21065941188822043
11263,0.1507414220773357,2,8,2,346232,259378,38733,69223,2.4026269961836304,0.2106597362759091
11264,0.1507422426238816,2,4,2,346236,259374,38735,69221,2.40258994405128,0.21065749631004732
11265,0.1507455245526197,2,4,2,346240,259370,38737,69219,2.40255289191893,0.2106552562623825
11266,0.150746425808079,23,175,23,346415,259195,38760,69196,2.400931861128608,0.2107122302377349
11267,0.1507465039288084,3,12,3,346427,259183,38763,69193,2.4008207047315575,0.21071271956537627
11268,0.1507490517764206,0,1,0,346428,259182,38763,69193,2.40081144169847,0.2107133612485725
11269,0.1507509816334384,0,8,0,346436,259174,38763,69193,2.4007373374337693,0.2107184948548423
11270,0.1507515916659111,0,10,0,346446,259164,38763,69193,2.400644707102894,0.21072491221444953
11271,0.1507523205441164,5,21,5,346467,259143,38768,69188,2.400450183408055,0.2107263706442584
11272,0.1507523680360001,7,10,7,346477,259133,38775,69181,2.4003575530771797,0.210715960939832
11273,0.1507548014523406,0,2,0,346479,259131,38775,69181,2.4003390270110043,0.21071724457223617
11274,0.1507557146395321,0,14,0,346493,259117,38775,69181,2.4002093445477786,0.21072623043698105
11275,0.1507571723039192,0,1,0,346494,259116,38775,69181,2.4002000815146913,0.21072687231378903
11276,0.1507595157960026,0,6,0,346500,259110,38775,69181,2.4001445033161657,0.21073072365675574
11277,0.1507627254272344,2,9,2,346509,259101,38777,69179,2.400061136018378,0.2107316924576581
11278,0.1507633404877571,12,35,12,346544,259066,38789,69167,2.3997369298603135,0.21072530793674005
11279,0.1507643821930157,2,13,2,346557,259053,38791,69165,2.3996165104301754,0.2107288448531159
11280,0.1507657013202539,0,3,0,346560,259050,38791,69165,2.3995887213309124,0.21073077098852885
11281,0.1507664383984937,8,34,8,346594,259016,38799,69157,2.3992737782059357,0.21073336319563157
11282,0.150769822778897,1,1,1,346595,259015,38800,69156,2.399264515172848,0.2107316002937493
11283,0.1507713822521697,2,5,2,346600,259010,38802,69154,2.3992182000074105,0.21073000085323193
11284,0.1507726265705999,2,6,2,346606,259004,38804,69152,2.3991626218088853,0.21072904350369945
11285,0.150773626955038,4,41,4,346647,258963,38808,69148,2.3987828374522953,0.21074575372358745
11286,0.150775944088206,0,8,0,346655,258955,38808,69148,2.398708733187595,0.21075089225029944
11287,0.1507763652737149,1,0,1,346655,258955,38809,69147,2.398708733187595,0.2107484867510713
11288,0.1507794442936292,0,1,0,346656,258954,38809,69147,2.3986994701545075,0.2107491290791555
11289,0.1507814955090373,1,3,1,346659,258951,38810,69146,2.398671681055245,0.21074865055151373
11290,0.1507817988826113,3,0,3,346659,258951,38813,69143,2.398671681055245,0.21074143385737015
11291,0.150782781778565,2,5,2,346664,258946,38815,69141,2.398625365889807,0.2107398342512809
11292,0.1507831126738394,2,3,2,346667,258943,38817,69139,2.3985975767905443,0.21073694990886424
11293,0.1507836492019039,7,24,7,346691,258919,38824,69132,2.398375263996443,0.21073552587859815
11294,0.1507854742039941,1,17,1,346708,258902,38825,69131,2.3982177924339547,0.2107440409958754
11295,0.1507866618251508,1,0,1,346708,258902,38826,69130,2.3982177924339547,0.2107416349624427
11296,0.1507873520059265,12,37,12,346745,258865,38838,69118,2.397875060209715,0.21073653207635762
11297,0.1507956406104222,0,1,0,346746,258864,38838,69118,2.3978657971766277,0.21073717460104519
11298,0.1507957522068766,0,2,0,346748,258862,38838,69118,2.3978472711104524,0.21073845966217453
11299,0.1507960369342167,0,4,0,346752,258858,38838,69118,2.397810218978102,0.21074102983145107
11300,0.1507998513169593,16,111,16,346863,258747,38854,69102,2.3967820223053837,0.21077386235736573
11301,0.1508028530290083,0,5,0,346868,258742,38854,69102,2.3967357071399458,0.2107770769024292
11302,0.1508035713553118,2,13,2,346881,258729,38856,69100,2.3966152877098077,0.21078062038440773
11303,0.1508082185657199,0,6,0,346887,258723,38856,69100,2.3965597095112825,0.21078447820927756
11304,0.1508094775478033,1,5,1,346892,258718,38857,69099,2.3965133943458445,0.21078528569293234
11305,0.1508097251584646,1,10,1,346902,258708,38858,69098,2.396420764014969,0.2107893083104031
11306,0.1508106834243369,4,5,4,346907,258703,38862,69094,2.396374448849531,0.21078289307101652
11307,0.1508128904112547,0,3,0,346910,258700,38862,69094,2.3963466597502685,0.21078482217490252
11308,0.1508149820451503,3,9,3,346919,258691,38865,69091,2.3962632924524807,0.2107833865190889
11309,0.1508201498680297,13,41,13,346960,258650,38878,69078,2.395883508095891,0.21077845042230142
11310,0.1508210627314992,0,3,0,346963,258647,38878,69078,2.395855718996628,0.21078037989167747
11311,0.1508237930204229,0,5,0,346968,258642,38878,69078,2.3958094038311906,0.21078359575247163
11312,0.1508239450399868,1,7,1,346975,258635,38879,69077,2.3957445625995777,0.21078568987403573
11313,0.1508252267194482,0,3,0,346978,258632,38879,69077,2.395716773500315,0.21078761950388913
11314,0.1508259126814581,0,1,0,346979,258631,38879,69077,2.3957075104672274,0.21078826272169127
11315,0.1508263147753026,5,24,5,347003,258607,38884,69072,2.395485197673126,0.21079165891009188
11316,0.1508288114369999,3,29,3,347032,258578,38887,69069,2.395216569713587,0.21080308991078814
11317,0.1508303248507931,2,7,2,347039,258571,38889,69067,2.395151728481974,0.21080277623474689
11318,0.1508317292967661,2,3,2,347042,258568,38891,69065,2.3951239393827115,0.21079988890008028
11319,0.1508338058978805,1,0,1,347042,258568,38892,69064,2.3951239393827115,0.21079748009962396
11320,0.1508341406791574,2,2,2,347044,258566,38894,69062,2.395105413316536,0.2107939492351081
11321,0.1508420456389647,2,10,2,347054,258556,38896,69060,2.3950127829856607,0.21079556554014456
11322,0.1508487908544541,0,4,0,347058,258552,38896,69060,2.3949757308533104,0.2107981392622981
11323,0.1508489715101281,4,20,4,347078,258532,38900,69056,2.3947904701915594,0.2108013724556455
11324,0.1508509419977528,0,4,0,347082,258528,38900,69056,2.394753418059209,0.210803946468692
11325,0.1508531956355383,4,13,4,347095,258515,38904,69052,2.394632998629071,0.2108026754831836
11326,0.1508534930135731,0,1,0,347096,258514,38904,69052,2.3946237355959834,0.2108033190257841
11327,0.1508549206303848,7,49,7,347145,258465,38911,69045,2.3941698469746933,0.21081799029037282
11328,0.1508612043924603,4,47,4,347192,258418,38915,69041,2.3937344844195785,0.21083860880293412
11329,0.1508622888251278,1,1,1,347193,258417,38916,69040,2.393725221386491,0.21083684269995756
11330,0.1508672822729925,6,14,6,347207,258403,38922,69034,2.393595538923265,0.21083139657399744
11331,0.1508675242308338,1,2,1,347209,258401,38923,69033,2.39357701285709,0.21083027419266173
11332,0.1508685770968453,0,10,0,347219,258391,38923,69033,2.393484382526214,0.21083671325254105
11333,0.1508714690685546,0,1,0,347220,258390,38923,69033,2.393475119493127,0.21083735718016144
11334,0.1508733790252391,1,0,1,347220,258390,38924,69032,2.393475119493127,0.21083494694919705
11335,0.1508772565181785,0,3,0,347223,258387,38924,69032,2.3934473303938644,0.2108368787394745
11336,0.1508781422913772,0,1,0,347224,258386,38924,69032,2.3934380673607767,0.21083752267743375
11337,0.1508789321485543,3,11,3,347235,258375,38927,69029,2.3933361739968135,0.21083737523060195
11338,0.1508805282914813,2,4,2,347239,258371,38929,69027,2.3932991218644633,0.21083513033066786
11339,0.150880747310887,4,24,4,347263,258347,38933,69023,2.393076809070362,0.21084094449705226
11340,0.15088269389329,1,5,1,347268,258342,38934,69022,2.393030493904924,0.210841754133014
11341,0.1508828113690637,3,3,3,347271,258339,38937,69019,2.3930027048056615,0.21083645427941275
11342,0.1508831234870247,6,22,6,347293,258317,38943,69013,2.3927989180777356,0.21083615922769072
11343,0.150885119098642,0,9,0,347302,258308,38943,69013,2.3927155507799474,0.21084195636699143
11344,0.1508858945735192,3,9,3,347311,258299,38946,69010,2.3926321834821596,0.2108405207311745
11345,0.1508868613352811,0,1,0,347312,258298,38946,69010,2.392622920449072,0.21084116489667223
11346,0.1508965116592171,8,14,8,347326,258284,38954,69002,2.392493237985846,0.21083089408040673
11347,0.1508971770553948,1,3,1,347329,258281,38955,69001,2.3924654488865835,0.2108304153604537
11348,0.1509021732286427,0,1,0,347330,258280,38955,69001,2.392456185853496,0.210831059548217
11349,0.1509022635669646,2,3,2,347333,258277,38957,68999,2.3924283967542332,0.21082816949608282
11350,0.1509060754685881,1,1,1,347334,258276,38958,68998,2.3924191337211456,0.21082640234176867
11351,0.1509062848975164,0,7,0,347341,258269,38958,68998,2.3923542924895327,0.21083091176317809
11352,0.1509078871853044,0,2,0,347343,258267,38958,68998,2.3923357664233578,0.21083220020472707
11353,0.1509084594869053,0,4,0,347347,258263,38958,68998,2.3922987142910075,0.21083477713506957
11354,0.1509119673709518,2,3,2,347350,258260,38960,68996,2.392270925191745,0.21083188696311145
11355,0.1509121076496494,0,3,0,347353,258257,38960,68996,2.3922431360924823,0.21083381970524334
11356,0.1509182586575846,6,17,6,347370,258240,38966,68990,2.3920856645299935,0.21083030284509366
11357,0.1509208318152665,0,1,0,347371,258239,38966,68990,2.3920764014969063,0.21083094713488107
11358,0.1509211597353695,7,37,7,347408,258202,38973,68983,2.3917336692726665,0.2108379051606889
11359,0.1509235899346347,0,7,0,347415,258195,38973,68983,2.3916688280410536,0.21084241605486922
11360,0.1509268901456567,1,9,1,347424,258186,38974,68982,2.391585460743266,0.21084580399061034
11361,0.1509278445024635,3,12,3,347436,258174,38977,68979,2.391474304346215,0.21084630127188198
11362,0.1509281771889722,63,274,63,347710,257900,39040,68916,2.388936233280225,0.21087094879075688
11363,0.1509284557468386,4,3,4,347713,257897,39044,68912,2.3889084441809625,0.21086322592095078
11364,0.1509293979750021,5,21,5,347734,257876,39049,68907,2.388713920486124,0.21086470226419368
11365,0.1509294775044365,1,1,1,347735,257875,39050,68906,2.3887046574530366,0.21086293266744394
11366,0.1509303527351086,5,10,5,347745,257865,39055,68901,2.3886120271221607,0.2108573107361231
11367,0.150931787485381,8,17,8,347762,257848,39063,68893,2.3884545555596723,0.2108489598795376
11368,0.1509340088701537,0,3,0,347765,257845,39063,68893,2.3884267664604097,0.21085089582478928
11369,0.1509406490483278,6,20,6,347785,257825,39069,68887,2.388241505798659,0.21084931070790175
11370,0.1509425214966225,8,35,8,347820,257790,39077,68879,2.3879172996405944,0.21085257554282774
11371,0.1509435762123354,2,21,2,347841,257769,39079,68877,2.3877227759457558,0.21086129938832865
11372,0.1509445809218318,0,4,0,347845,257765,39079,68877,2.3876857238134055,0.21086388155840338
11373,0.150944755733509,0,7,0,347852,257758,39079,68877,2.3876208825817926,0.21086840050821254
11374,0.1509466685869352,0,1,0,347853,257757,39079,68877,2.387611619548705,0.2108690460882823
11375,0.1509511383941805,0,3,0,347856,257754,39079,68877,2.3875838304494423,0.21087098285220937
11376,0.1509512960252864,1,12,1,347868,257742,39080,68876,2.3874726740523915,0.21087631422640515
11377,0.1509515366384618,4,1,4,347869,257741,39084,68872,2.3874634110193043,0.2108672955454927
11378,0.150954899868395,0,1,0,347870,257740,39084,68872,2.3874541479862166,0.21086794116566446
11379,0.1509574831668116,2,0,2,347870,257740,39086,68870,2.3874541479862166,0.21086310890664708
11380,0.1509618339674413,5,27,5,347897,257713,39091,68865,2.3872040460928527,0.21086846021471134
11381,0.1509626843374547,24,118,24,348015,257595,39115,68841,2.386111008188521,0.21088666691173769
11382,0.1509633525559233,1,0,1,348015,257595,39116,68840,2.386111008188521,0.2108842495443197
11383,0.1509666480249648,26,127,26,348142,257468,39142,68814,2.384934602986402,0.21090345161547372
11384,0.150969393176604,0,4,0,348146,257464,39142,68814,2.3848975508540518,0.2109060371830157
11385,0.1509706087648814,0,1,0,348147,257463,39142,68814,2.384888287820964,0.21090668358480677
11386,0.1509713822054182,0,4,0,348151,257459,39142,68814,2.384851235688614,0.2109092692315944
11387,0.1509715922970075,0,1,0,348152,257458,39142,68814,2.384841972655526,0.21090991565319733
11388,0.1509721111096614,27,188,27,348340,257270,39169,68787,2.383100522435066,0.2109661807598058
11389,0.1509778109109618,1,20,1,348360,257250,39170,68786,2.382915261773315,0.21097670195929283
11390,0.1509787247987251,0,2,0,348362,257248,39170,68786,2.38289673570714,0.2109779961599097
11391,0.1509856838304653,3,18,3,348380,257230,39173,68783,2.382730001111564,0.21098238413805584
11392,0.1509865299548656,1,6,1,348386,257224,39174,68782,2.3826744229130385,0.21098384692306277
11393,0.1509882075237568,2,4,2,348390,257220,39176,68780,2.3826373707806883,0.21098159509202455
11394,0.1509896536737935,8,24,8,348414,257196,39184,68772,2.382415057986587,0.2109777646885584
11395,0.150989766861279,1,3,1,348417,257193,39185,68771,2.3823872688873244,0.2109772858352456
11396,0.1509946332582921,4,32,4,348449,257161,39189,68767,2.3820908518285226,0.2109883164379863
11397,0.1509947410252008,0,4,0,348453,257157,39189,68767,2.3820537996961724,0.2109909058553528
11398,0.1509956738263769,0,2,0,348455,257155,39189,68767,2.3820352736299975,0.21099220058787072
11399,0.1509973068283499,0,1,0,348456,257154,39189,68767,2.3820260105969098,0.2109928479600885
11400,0.150997377204367,0,1,0,348457,257153,39189,68767,2.382016747563822,0.21099349533627884
11401,0.1509982371014007,0,1,0,348458,257152,39189,68767,2.382007484530735,0.21099414271644182
11402,0.1510046432987096,1,0,1,348458,257152,39190,68766,2.382007484530735,0.21099172184414486
11403,0.1510049013024516,3,15,3,348473,257137,39193,68763,2.3818685390344214,0.21099416999079473
11404,0.1510098388002124,1,3,1,348476,257134,39194,68762,2.381840749935159,0.21099369123892284
11405,0.1510098542461896,0,3,0,348479,257131,39194,68762,2.381812960835896,0.21099563353616063
11406,0.1510110866445341,3,5,3,348484,257126,39197,68759,2.3817666456704583,0.2109916074688924
11407,0.1510122405513328,0,3,0,348487,257123,39197,68759,2.3817388565711957,0.2109935498125088
11408,0.151015441231562,0,3,0,348490,257120,39197,68759,2.381711067471933,0.21099549219188718
11409,0.1510169953408284,1,0,1,348490,257120,39198,68758,2.381711067471933,0.2109930710265805
11410,0.1510175663675202,2,2,2,348492,257118,39200,68756,2.3816925414057577,0.21098952355818507
11411,0.1510184702882845,3,3,3,348495,257115,39203,68753,2.381664752306495,0.21098420219229871
11412,0.1510200358894663,0,4,0,348499,257111,39203,68753,2.381627700174145,0.21098679203594137
11413,0.1510224683211485,4,24,4,348523,257087,39207,68749,2.3814053873800436,0.21099264660749578
11414,0.1510233662684159,0,6,0,348529,257081,39207,68749,2.3813498091815184,0.21099653193383053
11415,0.1510241546664579,5,7,5,348536,257074,39212,68744,2.3812849679499055,0.21098895702508763
11416,0.1510279947188456,0,2,0,348538,257072,39212,68744,2.3812664418837306,0.21099025216686718
11417,0.151029021063471,14,87,14,348625,256985,39226,68730,2.380460558005113,0.21101269514759835
11418,0.1510323370278836,1,1,1,348626,256984,39227,68729,2.380451294972026,0.21101092065714294
11419,0.1510331040942847,7,11,7,348637,256973,39234,68722,2.3803494016080626,0.2110010899768188
11420,0.1510353634928373,2,12,2,348649,256961,39236,68720,2.380238245211012,0.21100401927039036
11421,0.1510354205145952,6,28,6,348677,256933,39242,68714,2.3799788802845603,0.21100762482074148
11422,0.1510390309101418,1,4,1,348681,256929,39243,68713,2.37994182815221,0.21100779383494758
11423,0.1510413957790428,0,6,0,348687,256923,39243,68713,2.379886249953685,0.2110116817550885
11424,0.1510443952647765,19,117,19,348804,256806,39262,68694,2.378802475082441,0.2110414746543779
11425,0.1510446624681585,1,7,1,348811,256799,39263,68693,2.378737633850828,0.21104358939697443
11426,0.1510456402348751,0,1,0,348812,256798,39263,68693,2.3787283708177407,0.21104423778230427
11427,0.1510457694418499,1,2,1,348814,256796,39264,68692,2.3787098447515653,0.21104311065231285
11428,0.1510491181009823,2,18,2,348832,256778,39266,68690,2.3785431101559893,0.21104993424852828
11429,0.1510502155914737,0,5,0,348837,256773,39266,68690,2.3784967949905518,0.21105317655155886
11430,0.1510509409199342,0,3,0,348840,256770,39266,68690,2.378469005891289,0.21105512198119586
11431,0.1510521565082117,0,3,0,348843,256767,39266,68690,2.3784412167920266,0.21105706744669803
11432,0.1510527480513949,0,1,0,348844,256766,39266,68690,2.378431953758939,0.21105771594316897
11433,0.1510531914791953,1,12,1,348856,256754,39267,68689,2.378320797361888,0.21106307402525173
11434,0.151054359278779,1,1,1,348857,256753,39268,68688,2.378311534328801,0.21106129836130053
11435,0.1510564982697492,4,5,4,348862,256748,39272,68684,2.378265219163363,0.21105484402271443
11436,0.151057443379145,0,2,0,348864,256746,39272,68684,2.378246693097188,0.2110561411056141
11437,0.1510632275628041,1,5,1,348869,256741,39273,68683,2.37820037793175,0.21105695953586706
11438,0.1510640008514936,0,3,0,348872,256738,39273,68683,2.3781725888324874,0.21105890523352827
11439,0.1510651048477294,0,5,0,348877,256733,39273,68683,2.3781262736670494,0.21106214814268506
11440,0.1510674918994636,8,30,8,348907,256703,39281,68675,2.377848382674423,0.21106221072106904
11441,0.1510709532875139,1,2,1,348909,256701,39282,68674,2.3778298566082476,0.21106108336534768
11442,0.1510713776001405,10,41,10,348950,256660,39292,68664,2.377450072251658,0.2110634321476436
11443,0.151072730626365,0,4,0,348954,256656,39292,68664,2.3774130201193078,0.21106602729620066
11444,0.151073547009884,0,2,0,348956,256654,39292,68664,2.377394494053133,0.21106732489441102
11445,0.1510735488521047,0,5,0,348961,256649,39292,68664,2.377348178887695,0.2110705689597403
11446,0.151078547241673,8,47,8,349008,256602,39300,68656,2.37691281633258,0.21108166440179796
11447,0.1510806177214305,1,1,1,349009,256601,39301,68655,2.3769035532994924,0.211079887842192
11448,0.1510829649367699,0,1,0,349010,256600,39301,68655,2.3768942902664048,0.21108053680958017
11449,0.1510863211678286,0,1,0,349011,256599,39301,68655,2.376885027233317,0.21108118578095889
11450,0.1510865189361907,1,6,1,349017,256593,39302,68654,2.376829449034792,0.2110826541059564
11451,0.1510894117559268,0,2,0,349019,256591,39302,68654,2.376810922968617,0.21108395209764946
11452,0.1510906273442043,0,6,0,349025,256585,39302,68654,2.3767553447700913,0.21108784616850992
11453,0.151091662315188,0,8,0,349033,256577,39302,68654,2.376681240505391,0.21109303848649114
11454,0.1511022543776076,2,1,2,349034,256576,39304,68652,2.3766719774723035,0.21108883613956977
11455,0.1511036132466391,0,1,0,349035,256575,39304,68652,2.376662714439216,0.21108948519034398
11456,0.151109941592781,2,32,2,349067,256543,39306,68650,2.376366297380414,0.21110540509789572
11457,0.1511102171177862,21,107,21,349174,256436,39327,68629,2.375375152840046,0.21112392906034178
11458,0.1511129269741688,2,10,2,349184,256426,39329,68627,2.3752825225091705,0.211125570291614
11459,0.1511151526713948,3,16,3,349200,256410,39332,68624,2.3751343139797694,0.21112868192250656
11460,0.1511158463634903,1,5,1,349205,256405,39333,68623,2.375087998814332,0.2111295026889991
11461,0.1511192314566793,7,25,7,349230,256380,39340,68616,2.374856422987143,0.21112875235387513
11462,0.1511208448677977,4,5,4,349235,256375,39344,68612,2.374810107821705,0.21112229104548796
11463,0.1511216000701892,0,8,0,349243,256367,39344,68612,2.374736003557005,0.2111274882377015
11464,0.1511230348880004,2,6,2,349249,256361,39346,68610,2.3746804253584792,0.2111265312904844
11465,0.1511259190467996,1,1,1,349250,256360,39347,68609,2.374671162325392,0.21112475343802023
11466,0.1511263021697756,3,14,3,349264,256346,39350,68606,2.3745414798621662,0.2111265663851892
11467,0.1511266565238708,0,8,0,349272,256338,39350,68606,2.3744673755974657,0.21113176424245408
11468,0.151128945477606,1,2,1,349274,256336,39351,68605,2.3744488495312903,0.21113063602315496
11469,0.1511298251944198,0,1,0,349275,256335,39351,68605,2.374439586498203,0.21113128577583554
11470,0.1511323593467486,1,14,1,349289,256321,39352,68604,2.3743099040349773,0.21113795491267215
11471,0.1511362426107863,3,4,3,349293,256317,39355,68601,2.374272851902627,0.21113327054826142
11472,0.1511398715385646,15,47,15,349340,256270,39370,68586,2.373837489347512,0.211127391828995
11473,0.1511417957341014,0,1,0,349341,256269,39370,68586,2.3738282263144246,0.21112804174170013
11474,0.1511446252071325,0,4,0,349345,256265,39370,68586,2.3737911741820743,0.21113064143253368
11475,0.1511457622082947,2,2,2,349347,256263,39372,68584,2.373772648115899,0.21112708444283002
11476,0.1511463765655863,6,19,6,349366,256244,39378,68578,2.3735966504872357,0.21112486223223798
11477,0.1511515056517575,3,26,3,349392,256218,39381,68575,2.373355811626959,0.2111344764203662
11478,0.1511572577220897,10,115,10,349507,256103,39391,68565,2.3722905628218904,0.21118496433279535
11479,0.1511578185586751,0,3,0,349510,256100,39391,68565,2.372262773722628,0.21118691574392065
11480,0.151159971279376,5,16,5,349526,256084,39396,68560,2.3721145651932267,0.21118517514569807
11481,0.1511640637472429,0,3,0,349529,256081,39396,68560,2.372086776093964,0.21118712670303505
11482,0.1511648652077157,2,8,2,349537,256073,39398,68558,2.3720126718292636,0.21118747131358373
11483,0.151164967172638,2,7,2,349544,256066,39400,68556,2.3719478305976507,0.211187165380042
11484,0.1511651271525118,0,2,0,349546,256064,39400,68556,2.3719293045314758,0.2111884665146941
11485,0.1511709424370856,0,1,0,349547,256063,39400,68556,2.371920041498388,0.21118911708803242
11486,0.1511713641312414,7,17,7,349564,256046,39407,68549,2.3717625699358997,0.2111831667154454
11487,0.1511725694666088,9,38,9,349602,256008,39416,68540,2.3714105746785727,0.21118601870909695
11488,0.1511756000972679,0,4,0,349606,256004,39416,68540,2.3713735225462225,0.21118862157365412
11489,0.1511830382359805,2,6,2,349612,255998,39418,68538,2.3713179443476973,0.21118766485074075
11490,0.1511897537312039,0,3,0,349615,255995,39418,68538,2.3712901552484347,0.21118961708054343
11491,0.1511899764877501,1,4,1,349619,255991,39419,68537,2.3712531031160844,0.21118978947887393
11492,0.1511907641219706,18,87,18,349706,255904,39437,68519,2.3704472192374673,0.2112026582578917
11493,0.1511909205748428,0,2,0,349708,255902,39437,68519,2.370428693171292,0.21120396028617136
11494,0.1511933374753581,31,174,31,349882,255728,39468,68488,2.3688169254140576,0.21124188812396674
11495,0.1511948428847632,15,89,15,349971,255639,39483,68473,2.367992515469265,0.21126339043293677
11496,0.1511950941836961,0,3,0,349974,255636,39483,68473,2.3679647263700025,0.21126534591757712
11497,0.1511985978390466,0,1,0,349975,255635,39483,68473,2.367955463336915,0.21126599775383514
11498,0.1512011853141295,0,3,0,349978,255632,39483,68473,2.3679276742376523,0.2112679532867435
11499,0.1512037944244969,2,21,2,349999,255611,39485,68471,2.3677331505428136,0.21127677563085887
11500,0.1512039313633616,0,1,0,350000,255610,39485,68471,2.3677238875097264,0.21127742755669107
11501,0.1512056249286331,16,55,16,350055,255555,39501,68455,2.3672144206899106,0.21127434338446344
11502,0.1512060683197114,1,0,1,350055,255555,39502,68454,2.3672144206899106,0.21127190911363572
11503,0.1512075952529368,1,17,1,350072,255538,39503,68453,2.3670569491274223,0.21128056026247644
11504,0.1512094722671806,3,13,3,350085,255525,39506,68450,2.366936529697284,0.21128173470175168
11505,0.1512124545310458,0,1,0,350086,255524,39506,68450,2.3669272666641965,0.21128238685820466
11506,0.1512129701040026,1,4,1,350090,255520,39507,68449,2.3668902145318462,0.21128256098577333
11507,0.1512139125996015,0,4,0,350094,255516,39507,68449,2.366853162399496,0.2112851696942571
11508,0.1512179783295039,0,2,0,350096,255514,39507,68449,2.366834636333321,0.21128647407265644
11509,0.1512182366664986,0,3,0,350099,255511,39507,68449,2.3668068472340584,0.21128843067045314
11510,0.1512205256202339,0,2,0,350101,255509,39507,68449,2.366788321167883,0.2112897350891165
11511,0.1512218184612266,6,20,6,350121,255489,39513,68443,2.366603060506132,0.2112881715915686
11512,0.1512285860454087,0,1,0,350122,255488,39513,68443,2.3665937974730444,0.21128882385446282
11513,0.1512311403126046,2,3,2,350125,255485,39515,68441,2.366566008373782,0.2112859109796682
11514,0.1512330944700003,0,11,0,350136,255474,39515,68441,2.3664641150098187,0.21129308614914408
11515,0.1512333137207558,7,30,7,350166,255444,39522,68434,2.3661862240171923,0.2112956113104317
11516,0.1512335293248143,2,0,2,350166,255444,39524,68432,2.3661862240171923,0.2112907409008386
11517,0.1512356678233878,2,7,2,350173,255437,39526,68430,2.3661213827855794,0.2112904371238811
11518,0.151238175483399,1,2,1,350175,255435,39527,68429,2.366102856719404,0.21128930662253292
11519,0.1512406786153747,1,13,1,350188,255422,39528,68428,2.365982437289266,0.21129535278678402
11520,0.1512428632451907,1,9,1,350197,255413,39529,68427,2.365899069991478,0.2112987895256917
11521,0.1512475311563423,1,4,1,350201,255409,39530,68426,2.365862017859128,0.21129896397856934
11522,0.1512508663812072,0,4,0,350205,255405,39530,68426,2.3658249657267776,0.21130157396913823
11523,0.1512519220243975,2,16,2,350221,255389,39532,68424,2.365676757197377,0.21130714332037318
11524,0.1512523834355941,2,6,2,350227,255383,39534,68422,2.3656211789988513,0.2113061873658529
11525,0.1512554657048425,0,1,0,350228,255382,39534,68422,2.365611915965764,0.21130683994021074
11526,0.1512604349825572,19,149,19,350377,255233,39553,68403,2.3642317240357182,0.21135782175036152
11527,0.1512605711592159,1,2,1,350379,255231,39554,68402,2.3642131979695433,0.211356691066733
11528,0.1512621157407923,1,10,1,350389,255221,39555,68401,2.3641205676386674,0.2113607851134966
11529,0.1512653955318837,0,2,0,350391,255219,39555,68401,2.3641020415724925,0.21136209134169706
11530,0.1512654199052058,0,4,0,350395,255215,39555,68401,2.364064989440142,0.21136470384653416
11531,0.1512698538511956,1,5,1,350400,255210,39556,68400,2.3640186742747047,0.2113655325855196
11532,0.1512795925929425,1,9,1,350409,255201,39557,68399,2.3639353069769165,0.2113689740420272
11533,0.151281721937162,1,0,1,350409,255201,39558,68398,2.3639353069769165,0.2113665369794097
11534,0.1512831745632411,2,2,2,350411,255199,39560,68396,2.3639167809107415,0.21136296914352817
11535,0.151283290749635,0,3,0,350414,255196,39560,68396,2.363888991811479,0.2113649286756162
11536,0.1512833814771149,2,19,2,350433,255177,39562,68394,2.363712994182815,0.2113724653939939
11537,0.151292577431496,0,3,0,350436,255174,39562,68394,2.3636852050835526,0.21137442515947188
11538,0.1512928226167705,2,13,2,350449,255161,39564,68392,2.3635647856534145,0.21137804316448927
11539,0.1513000834404866,2,7,2,350456,255154,39566,68390,2.3634999444218017,0.21137774151274633
11540,0.1513010524098084,1,6,1,350462,255148,39567,68389,2.363444366223276,0.21137922401456402
11541,0.1513049036810505,3,10,3,350472,255138,39570,68386,2.3633517358924006,0.2113784448758052
11542,0.151310189144147,4,24,4,350496,255114,39574,68382,2.3631294230982993,0.21138437569552637
11543,0.1513105764260432,6,28,6,350524,255086,39580,68376,2.362870058171848,0.21138804558186125
11544,0.1513155159542333,2,44,2,350568,255042,39582,68374,2.3624624847159956,0.21141192767210032
11545,0.1513161093716829,0,8,0,350576,255034,39582,68374,2.362388380451295,0.21141715727502103
11546,0.1513193204325489,0,12,0,350588,255022,39582,68374,2.3622772240542442,0.21142500216452895
11547,0.1513203107800134,8,41,8,350629,254981,39590,68366,2.3618974396976546,0.21143230028421478
11548,0.1513206029950663,9,18,9,350647,254963,39599,68357,2.3617307051020786,0.21142212049981443
11549,0.1513228841334009,14,60,14,350707,254903,39613,68343,2.3611749231168253,0.2114272102361669
11550,0.1513265117962468,2,1,2,350708,254902,39615,68341,2.3611656600837376,0.21142298518452063
11551,0.1513291768253225,0,13,0,350721,254889,39615,68341,2.3610452406535996,0.21143148841382298
11552,0.151330459276976,20,175,20,350896,254714,39635,68321,2.3594242098632776,0.2114972061850883
11553,0.1513317094868268,3,11,3,350907,254703,39638,68318,2.3593223164993145,0.21149708532881764
11554,0.1513330326303634,38,218,38,351125,254485,39676,68280,2.3573029752862276,0.21154710083187458
11555,0.1513344433878185,1,3,1,351128,254482,39677,68279,2.357275186186965,0.21154662428236373
11556,0.1513344654823448,3,5,3,351133,254477,39680,68276,2.3572288710215274,0.21154257280335118
11557,0.151335171586676,5,22,5,351155,254455,39685,68271,2.357025084293601,0.21154477792306786
11558,0.1513353528863551,0,6,0,351161,254449,39685,68271,2.356969506095076,0.21154871095686664
11559,0.151336397187888,0,1,0,351162,254448,39685,68271,2.3569602430619883,0.21154936647671813
11560,0.1513376831751089,1,3,1,351165,254445,39686,68270,2.3569324539627257,0.21154888988736192
11561,0.1513390658444272,0,4,0,351169,254441,39686,68270,2.3568954018303754,0.21155151203398706
11562,0.1513404362964964,0,1,0,351170,254440,39686,68270,2.3568861387972877,0.2115521675808001
11563,0.1513408652674309,10,84,10,351254,254356,39696,68260,2.356108044017933,0.21158281052396657
11564,0.1513447260006586,1,0,1,351254,254356,39697,68259,2.356108044017933,0.2115803666909474
11565,0.1513476238298808,1,1,1,351255,254355,39698,68258,2.3560987809848455,0.21157857866855953
11566,0.1513481207565848,0,1,0,351256,254354,39698,68258,2.3560895179517582,0.21157923449840677
11567,0.1513490286617927,12,39,12,351295,254315,39710,68246,2.3557282596613436,0.21157548494703327
11568,0.1513507440916085,16,42,16,351337,254273,39726,68230,2.3553392122716663,0.21156392343637112
11569,0.1513521513018436,1,1,1,351338,254272,39727,68229,2.3553299492385786,0.21156213469105523
11570,0.1513557260740934,11,89,11,351427,254183,39738,68218,2.354505539293786,0.21159363649616472
11571,0.1513565464542154,0,1,0,351428,254182,39738,68218,2.354496276260699,0.2115942928039702
11572,0.1513595451874557,0,3,0,351431,254179,39738,68218,2.3544684871614363,0.2115962617518153
11573,0.1513603936136555,1,2,1,351433,254177,39739,68217,2.354449961095261,0.21159512894160562
11574,0.1513632183449582,0,1,0,351434,254176,39739,68217,2.3544406980621733,0.21159578526829056
11575,0.1513632696804923,0,3,0,351437,254173,39739,68217,2.3544129089629107,0.21159775427277522
11576,0.1513650641514683,0,3,0,351440,254170,39739,68217,2.354385119863648,0.21159972331390534
11577,0.1513690269280733,0,14,0,351454,254156,39739,68217,2.3542554374004223,0.21160891265707735
11578,0.1513701438982392,1,2,1,351456,254154,39740,68216,2.3542369113342474,0.2116077798802618
11579,0.1513702252734176,0,1,0,351457,254153,39740,68216,2.3542276483011597,0.2116084362950532
11580,0.1513719196066869,7,18,7,351475,254135,39747,68209,2.3540609137055837,0.2116031320576775
11581,0.1513739139159581,0,5,0,351480,254130,39747,68209,2.354014598540146,0.21160641436500083
11582,0.1513739207294552,63,321,63,351801,253809,39810,68146,2.351041164919041,0.21166312062244724
11583,0.1513749616197427,2,2,2,351803,253807,39812,68144,2.351022638852866,0.21165953825271547
11584,0.1513758987342674,7,26,7,351829,253781,39819,68137,2.3507817999925895,0.2116594909262607
11585,0.1513764940828427,63,318,63,352147,253463,39882,68074,2.3478361554707474,0.21171435946718417
11586,0.1513797344208937,0,5,0,352152,253458,39882,68074,2.3477898403053095,0.21171765174228382
11587,0.1513831956154606,1,5,1,352157,253453,39883,68073,2.347743525139872,0.21171849243918064
11588,0.1513844027593983,0,2,0,352159,253451,39883,68073,2.3477249990736966,0.21171980940769586
11589,0.1513895452669239,5,26,5,352185,253425,39888,68068,2.3474841602134204,0.21172467207684148
11590,0.1513905284786185,2,9,2,352194,253416,39890,68066,2.347400792915632,0.21172569537330238
11591,0.151390779760835,2,15,2,352209,253401,39892,68064,2.347261847419319,0.2117306705240073
11592,0.1513916635831144,0,6,0,352215,253395,39892,68064,2.3472062692207936,0.21173462245574085
11593,0.1513922460510804,2,4,2,352219,253391,39894,68062,2.3471692170884433,0.21173235278563274
11594,0.1513934890146654,6,22,6,352241,253369,39900,68056,2.3469654303605174,0.21173213035700397
11595,0.1513942265630907,0,2,0,352243,253367,39900,68056,2.346946904294342,0.21173344782420672
11596,0.1514021082431871,10,36,10,352279,253331,39910,68046,2.34661343510319,0.21173263799214007
11597,0.151403251971416,0,2,0,352281,253329,39910,68046,2.346594909037015,0.21173395565927655
11598,0.1514049750687112,4,31,4,352312,253298,39914,68042,2.346307755011301,0.21174456961473828
11599,0.1514102894006126,1,9,1,352321,253289,39915,68041,2.3462243877135127,0.21174804717891266
11600,0.1514141222260727,0,2,0,352323,253287,39915,68041,2.346205861647338,0.21174936513469103
11601,0.1514162901618065,3,5,3,352328,253282,39918,68038,2.3461595464819,0.21174530063488112
11602,0.1514173370812772,2,8,2,352336,253274,39920,68036,2.3460854422171997,0.2117456661790794
11603,0.1514182052568863,0,4,0,352340,253270,39920,68036,2.3460483900848494,0.21174830224147698
11604,0.1514195165000198,2,9,2,352349,253261,39922,68034,2.345965022787061,0.21174932694252946
11605,0.1514207569679503,1,2,1,352351,253259,39923,68033,2.3459464967208863,0.21174819167610773
11606,0.1514289718289961,1,5,1,352356,253254,39924,68032,2.3459001815554483,0.2117490335713352
11607,0.1514294541312948,1,16,1,352372,253238,39925,68031,2.3457519730260477,0.21175712564859978
11608,0.1514328934753816,0,3,0,352375,253235,39925,68031,2.345724183926785,0.21175910304856413
11609,0.1514368562519866,0,1,0,352376,253234,39925,68031,2.3457149208936974,0.2117597621900923
11610,0.1514383543275686,0,1,0,352377,253233,39925,68031,2.3457056578606097,0.2117604213357239
11611,0.1514395816305852,0,14,0,352391,253219,39925,68031,2.345575975397384,0.21176964980544746
11612,0.1514417647955022,0,1,0,352392,253218,39925,68031,2.3455667123642967,0.21177030901263505
11613,0.1514501496531091,0,3,0,352395,253215,39925,68031,2.345538923265034,0.21177228665882222
11614,0.1514503789656504,0,2,0,352397,253213,39925,68031,2.3455203971988587,0.21177360511013435
11615,0.1514516196621397,1,6,1,352403,253207,39926,68030,2.3454648190003335,0.21177510685257303
11616,0.1514575394954407,0,2,0,352405,253205,39926,68030,2.345446292934158,0.21177642535838248
11617,0.1514575787357555,4,4,4,352409,253201,39930,68026,2.3454092408018083,0.21176924729241314
11618,0.1514595768847587,6,22,6,352431,253179,39936,68020,2.345205454073882,0.21176902792349914
11619,0.1514600059350188,5,37,5,352468,253142,39941,68015,2.3448627218496423,0.2117811537659151
11620,0.1514600753749938,0,5,0,352473,253137,39941,68015,2.3448164066842048,0.21178445097648466
11621,0.1514615068114487,1,1,1,352474,253136,39942,68014,2.344807143651117,0.21178265607971353
11622,0.1514625792884062,13,38,13,352512,253098,39955,68001,2.34445514839379,0.21177580746125027
11623,0.1514632896065088,0,1,0,352513,253097,39955,68001,2.3444458853607024,0.21177646699761443
11624,0.1514637885096385,5,14,5,352527,253083,39960,67996,2.3443162028974767,0.21177342647759587
11625,0.151464609535401,1,12,1,352539,253071,39961,67995,2.3442050465004263,0.21177888658406682
11626,0.1514649978912318,1,10,1,352549,253061,39962,67994,2.3441124161695504,0.21178302783012257
11627,0.151465277605844,1,0,1,352549,253061,39963,67993,2.3441124161695504,0.21178057273854242
11628,0.1514654940585859,1,1,1,352550,253060,39964,67992,2.344103153136463,0.21177877726972577
11629,0.1514678725023121,0,5,0,352555,253055,39964,67992,2.344056837971025,0.2117820755216526
11630,0.1514681307871392,3,21,3,352576,253034,39967,67989,2.3438623142761865,0.2117885634362647
11631,0.1514683413158094,18,96,18,352672,252938,39985,67971,2.3429730630997816,0.21180770872739624
11632,0.1514686955476578,3,25,3,352697,252913,39988,67968,2.3427414872725927,0.2118168417575363
11633,0.1514699502150673,18,52,18,352749,252861,40006,67950,2.34225980955204,0.21180695175664177
11634,0.1514704119254737,2,37,2,352786,252824,40008,67948,2.3419170773278,0.2118264686443954
11635,0.1514739173565204,2,18,2,352804,252806,40010,67946,2.341750342732224,0.2118334414126802
11636,0.1514750163475909,0,2,0,352806,252804,40010,67946,2.3417318166660492,0.21183476227591583
11637,0.1514805604224362,10,98,10,352904,252706,40020,67936,2.340824039423469,0.21187492592985324
11638,0.1514828672105545,0,5,0,352909,252701,40020,67936,2.340777724258031,0.21187822989860808
11639,0.1514852727321362,5,32,5,352941,252669,40025,67931,2.340481307199229,0.2118870867124142
11640,0.1514880866256941,2,13,2,352954,252656,40027,67929,2.340360887769091,0.21189076220035247
11641,0.1514917212325795,1,2,1,352956,252654,40028,67928,2.340342361702916,0.2118896257431796
11642,0.1514936883858149,4,8,4,352964,252646,40032,67924,2.3402682574382156,0.2118850797017812
11643,0.1514983972591768,2,13,2,352977,252633,40034,67922,2.3401478380080776,0.21188875543978414
11644,0.1514992465265637,9,35,9,353012,252598,40043,67913,2.339823631850013,0.21188976353385688
11645,0.151500152824587,1,9,1,353021,252589,40044,67912,2.339740264552225,0.2118932546232305
11646,0.151503467387498,19,93,19,353114,252496,40063,67893,2.3388788024750826,0.21190802430795064
11647,0.1515036331772632,0,6,0,353120,252490,40063,67893,2.338823224276557,0.2119119928335773
11648,0.151503650661409,0,5,0,353125,252485,40063,67893,2.3387769091111195,0.2119153000518138
11649,0.1515051135419157,11,105,11,353230,252380,40074,67882,2.3378042906369263,0.21195770962524432
11650,0.1515060407408855,19,89,19,353319,252291,40093,67863,2.336979880692134,0.21196986450270808
11651,0.1515078703044343,0,2,0,353321,252289,40093,67863,2.336961354625959,0.21197118868537446
11652,0.151508917223905,0,2,0,353323,252287,40093,67863,2.3369428285597835,0.21197251288458535
11653,0.1515114033323772,1,24,1,353347,252263,40094,67862,2.3367205157656823,0.21198594299101914
11654,0.1515148660943114,7,24,7,353371,252239,40101,67855,2.336498202971581,0.21198460452242154
11655,0.1515160798080107,0,5,0,353376,252234,40101,67855,2.336451887806143,0.21198791586090118
11656,0.1515203264188779,0,3,0,353379,252231,40101,67855,2.3364240987068805,0.2119899027136457
11657,0.1515203458853315,0,1,0,353380,252230,40101,67855,2.336414835673793,0.21199056500617022
11658,0.1515224446550576,0,2,0,353382,252228,40101,67855,2.336396309607618,0.21199188960363405
11659,0.1515229864752582,0,10,0,353392,252218,40101,67855,2.3363036792767424,0.21199851283925855
11660,0.1515234223487672,0,4,0,353396,252214,40101,67855,2.336266627144392,0.21200116224938997
11661,0.1515240218749155,38,186,38,353582,252028,40139,67817,2.334543702990107,0.21203082743203738
11662,0.1515246645967646,1,4,1,353586,252024,40140,67816,2.3345066508577568,0.21203101550775388
11663,0.151526611792967,0,13,0,353599,252011,40140,67816,2.3343862314276187,0.21203963392709183
11664,0.151529336135362,0,1,0,353600,252010,40140,67816,2.334376968394531,0.2120402969114456
11665,0.1515298094170541,30,125,30,353725,251885,40170,67786,2.333219089258587,0.21204926314867473
11666,0.1515319455906253,0,8,0,353733,251877,40170,67786,2.3331449849938863,0.2120545699689986
11667,0.1515323843825975,2,3,2,353736,251874,40172,67784,2.3331171958946237,0.21205163017975462
11668,0.1515327986294588,2,3,2,353739,251871,40174,67782,2.333089406795361,0.21204869029854248
11669,0.1515331069297573,0,2,0,353741,251869,40174,67782,2.333070880729186,0.212050017049845
11670,0.1515335438025971,2,15,2,353756,251854,40176,67780,2.332931935232873,0.2120550379496549
11671,0.1515339006990931,33,201,33,353957,251653,40209,67747,2.3310700655822743,0.21210707576706325
11672,0.1515345217267541,3,4,3,353961,251649,40212,67744,2.331033013449924,0.21210233161027323
11673,0.1515347030264332,1,1,1,353962,251648,40213,67743,2.3310237504168363,0.21210052881890848
11674,0.1515365248715711,0,5,0,353967,251643,40213,67743,2.3309774352513988,0.2121038492607691
11675,0.1515386716048384,1,6,1,353973,251637,40214,67742,2.3309218570528736,0.21210536697779128
11676,0.1515400278598016,0,1,0,353974,251636,40214,67742,2.330912594019786,0.21210603109794662
11677,0.1515420303701705,2,39,2,354013,251597,40216,67740,2.3305513357293712,0.2121270006294291
11678,0.1515435843779083,8,44,8,354057,251553,40224,67732,2.330143762273519,0.21213649247537467
11679,0.1515488901849165,1,2,1,354059,251551,40225,67731,2.3301252362073437,0.21213535369986408
11680,0.1515500942316866,6,27,6,354086,251524,40231,67725,2.32987513431398,0.2121384875128818
11681,0.1515530832486495,0,30,0,354116,251494,40231,67725,2.329597243321353,0.21215842415395073
11682,0.1515550762141715,5,37,5,354153,251457,40236,67720,2.3292545110971137,0.21217067645851675
11683,0.1515559159496075,2,3,2,354156,251454,40238,67718,2.329226721997851,0.21216773401175543
11684,0.1515561896780288,0,4,0,354160,251450,40238,67718,2.329189669865501,0.21217039302185683
11685,0.1515583773193963,0,4,0,354164,251446,40238,67718,2.3291526177331505,0.21217305209860762
11686,0.1515611668958778,0,1,0,354165,251445,40238,67718,2.329143354700063,0.21217371687820957
11687,0.1515622839776587,1,4,1,354169,251441,40239,67717,2.3291063025677126,0.21217390759435764
11688,0.1515638527901317,2,6,2,354175,251435,40241,67715,2.3290507243691874,0.2121729594234686
11689,0.1515653671718009,0,2,0,354177,251433,40241,67715,2.3290321983030124,0.2121742890445812
11690,0.1515713224889157,17,111,17,354288,251322,40258,67698,2.3280040016302936,0.21220613127703591
11691,0.1515740620345213,3,11,3,354299,251311,40261,67695,2.327902108266331,0.2122060400117866
11692,0.1515767173661051,4,9,4,354308,251302,40265,67691,2.3278187409685427,0.21220214863649045
11693,0.1515768554345555,2,18,2,354326,251284,40267,67689,2.3276520063729667,0.21220918384941673
11694,0.1515769858945601,0,2,0,354328,251282,40267,67689,2.3276334803067917,0.21221051443548158
11695,0.1515778881229302,0,1,0,354329,251281,40267,67689,2.327624217273704,0.2122111797347713
11696,0.1515792798341254,3,9,3,354338,251272,40270,67686,2.3275408499759163,0.21220975802456749
11697,0.1515799440473649,0,1,0,354339,251271,40270,67686,2.3275315869428286,0.21221042334860185
11698,0.1515800664954215,6,74,6,354413,251197,40276,67680,2.3268461224943495,0.2122448467590952
11699,0.1515807349596253,1,4,1,354417,251193,40277,67679,2.3268090703619992,0.21224503876163475
11700,0.1515871253937983,0,1,0,354418,251192,40277,67679,2.3267998073289116,0.2122457043757507
11701,0.1515891235428016,1,16,1,354434,251176,40278,67678,2.326651598799511,0.21225388422287317
11702,0.1515899774018047,0,3,0,354437,251173,40278,67678,2.3266238097002483,0.21225588127369838
11703,0.151591289299052,0,5,0,354442,251168,40278,67678,2.3265774945348103,0.212259209775252
11704,0.1515917329672148,0,5,0,354447,251163,40278,67678,2.326531179369373,0.2122625383811994
11705,0.1515952308040368,2,3,2,354450,251160,40280,67676,2.32650339027011,0.2122595942741723
11706,0.1515957296678678,2,2,2,354452,251158,40282,67674,2.326484864203935,0.2122559843428514
11707,0.1516004276504786,0,1,0,354453,251157,40282,67674,2.326475601170847,0.21225665007480451
11708,0.1516004431524492,0,1,0,354454,251156,40282,67674,2.32646633813776,0.21225731581093374
11709,0.1516043579792437,0,1,0,354455,251155,40282,67674,2.3264570751046723,0.21225798155123907
11710,0.1516045836898927,0,1,0,354456,251154,40282,67674,2.3264478120715846,0.21225864729572058
11711,0.1516065009287517,0,2,0,354458,251152,40282,67674,2.3264292860054097,0.21225997879721228
11712,0.1516076599506385,0,1,0,354459,251151,40282,67674,2.326420022972322,0.21226064455422253
11713,0.1516101070804791,7,26,7,354485,251125,40289,67667,2.326179184112046,0.21226065898767849
11714,0.1516118327973387,1,0,1,354485,251125,40290,67666,2.326179184112046,0.2122581879664106
11715,0.1516135074712799,0,6,0,354491,251119,40290,67666,2.32612360591352,0.21226218297598695
11716,0.1516137840027746,12,87,12,354578,251032,40302,67654,2.325317722034903,0.21229046773312915
11717,0.1516146039804968,3,13,3,354591,251019,40305,67651,2.325197302604765,0.2122917124297863
11718,0.1516152157560028,0,3,0,354594,251016,40305,67651,2.3251695135055024,0.21229371098984207
11719,0.1516182696145173,0,5,0,354599,251011,40305,67651,2.3251231983400644,0.2122970420068913
11720,0.1516198573827289,1,13,1,354612,250998,40306,67650,2.3250027789099263,0.21230323115161556
11721,0.1516234696860347,0,1,0,354613,250997,40306,67650,2.3249935158768387,0.21230389741626313
11722,0.1516234881990842,0,6,0,354619,250991,40306,67650,2.3249379376783135,0.2123078950919687
11723,0.1516251239452249,0,1,0,354620,250990,40306,67650,2.324928674645226,0.21230856138589002
11724,0.1516274117099853,0,1,0,354621,250989,40306,67650,2.324919411612138,0.2123092276839935
11725,0.1516360540658241,1,9,1,354630,250980,40307,67649,2.3248360443143503,0.2123127524487727
11726,0.1516367775015053,0,2,0,354632,250978,40307,67649,2.3248175182481754,0.21231408512147432
11727,0.1516385461173439,0,7,0,354639,250971,40307,67649,2.3247526770165625,0.21231874960768313
11728,0.1516406770445564,0,1,0,354640,250970,40307,67649,2.324743413983475,0.2123194159795869
11729,0.1516437803854549,0,2,0,354642,250968,40307,67649,2.3247248879172995,0.21232074873594314
11730,0.1516438317209889,1,1,1,354643,250967,40308,67648,2.3247156248842122,0.2123189429248466
11731,0.1516446633912773,2,14,2,354657,250953,40310,67646,2.3245859424209865,0.21232332807070958
11732,0.1516447749961502,2,6,2,354663,250947,40312,67644,2.324530364222461,0.21232238198819176
11733,0.1516488461049633,1,1,1,354664,250946,40313,67643,2.3245211011893736,0.21232057603997628
11734,0.1516499574620241,0,3,0,354667,250943,40313,67643,2.3244933120901106,0.2123225753799602
11735,0.1516515340621516,2,13,2,354680,250930,40315,67641,2.3243728926599725,0.21232629460936495
11736,0.1516522548387673,3,32,3,354712,250898,40318,67638,2.3240764756011707,0.2123402064444835
11737,0.1516535685329583,21,61,21,354773,250837,40339,67617,2.32351143058283,0.21232893918744936
11738,0.1516537343227235,1,4,1,354777,250833,40340,67616,2.32347437845048,0.21232913276537216
11739,0.1516540655817472,3,10,3,354787,250823,40343,67613,2.3233817481196044,0.21232837995704004
11740,0.1516547988697298,0,1,0,354788,250822,40343,67613,2.3233724850865167,0.21232904674423353
11741,0.1516586909868089,1,3,1,354791,250819,40344,67612,2.323344695987254,0.2123285735371242
11742,0.151659007597484,46,227,46,355018,250592,40390,67566,2.3212419874763794,0.2123661828399726
11743,0.1516593560750969,4,23,4,355041,250569,40394,67562,2.3210289377153654,0.21237163306939594
11744,0.1516604494202654,4,2,4,355043,250567,40398,67558,2.3210104116491905,0.2123630648330059
11745,0.1516615378291157,0,3,0,355046,250564,40398,67558,2.320982622549928,0.21236506748983094
11746,0.1516622302023197,1,11,1,355057,250553,40399,67557,2.3208807291859648,0.2123699349281695
11747,0.151664249684476,1,0,1,355057,250553,40400,67556,2.3208807291859648,0.2123674589527489
11748,0.1516649311480332,0,2,0,355059,250551,40400,67556,2.3208622031197894,0.21236879414788107
11749,0.1516649718287343,0,3,0,355062,250548,40400,67556,2.320834414020527,0.21237079697205946
11750,0.1516652669321677,2,10,2,355072,250538,40402,67554,2.3207417836896513,0.212372521157401
11751,0.151668153100078,0,6,0,355078,250532,40402,67554,2.320686205491126,0.21237652710273322
11752,0.1516692899699694,7,29,7,355107,250503,40409,67547,2.320417577531587,0.212378556830687
11753,0.1516715770282133,0,1,0,355108,250502,40409,67547,2.3204083144984993,0.212379224584891
11754,0.1516732043400293,3,8,3,355116,250494,40412,67544,2.320334210233799,0.21237713732321295
11755,0.1516766545141447,1,5,1,355121,250489,40413,67543,2.320287895068361,0.21237799969814358
11756,0.1516782296291141,0,9,0,355130,250480,40413,67543,2.3202045277705734,0.21238400996154366
11757,0.151679662121252,0,4,0,355134,250476,40413,67543,2.320167475638223,0.2123866812989161
11758,0.1516799105625144,27,189,27,355323,250287,40440,67516,2.3184167623846754,0.2124460750842503
11759,0.1516802625628923,4,55,4,355378,250232,40444,67512,2.3179072955648596,0.21247293418601138
11760,0.1516815369902301,0,1,0,355379,250231,40444,67512,2.3178980325317724,0.21247360288031522
11761,0.1516816655451469,0,5,0,355384,250226,40444,67512,2.3178517173663344,0.21247694641497084
11762,0.1516836134983411,12,112,12,355496,250114,40456,67500,2.3168142576605284,0.21252211804265556
11763,0.1516846228722143,0,6,0,355502,250108,40456,67500,2.316758679462003,0.21252613284300143
11764,0.1516854787365601,0,3,0,355505,250105,40456,67500,2.31673089036274,0.21252814030005826
11765,0.1516861677066237,0,1,0,355506,250104,40456,67500,2.316721627329653,0.21252880946083802
11766,0.1516897178918687,3,19,3,355525,250085,40459,67497,2.316545629700989,0.21253408568495696
11767,0.1516930972674982,2,3,2,355528,250082,40461,67495,2.3165178406017266,0.21253113418163155
11768,0.1516979446430757,1,0,1,355528,250082,40462,67494,2.3165178406017266,0.21252865455827896
11769,0.1517020282198146,1,2,1,355530,250080,40463,67493,2.3164993145355517,0.21252751335913317
11770,0.1517061841231246,0,2,0,355532,250078,40463,67493,2.3164807884693763,0.2125288518158144
11771,0.1517082881131603,0,1,0,355533,250077,40463,67493,2.3164715254362886,0.21252952105047707
11772,0.1517087617590738,8,32,8,355565,250045,40471,67485,2.3161751083774873,0.2125310994236765
11773,0.1517114375253567,0,4,0,355569,250041,40471,67485,2.316138056245137,0.21253377676158802
11774,0.1517115076059972,0,2,0,355571,250039,40471,67485,2.3161195301789617,0.21253511545583956
11775,0.1517166754288766,1,3,1,355574,250036,40472,67484,2.316091741079699,0.21253464348702444
11776,0.1517191853047281,10,96,10,355670,249940,40482,67474,2.315202489903294,0.2125741145633148
11777,0.1517193633860649,0,4,0,355674,249936,40482,67474,2.315165437770944,0.21257679342175734
11778,0.1517208359570948,1,0,1,355674,249936,40483,67473,2.315165437770944,0.21257431263763787
11779,0.1517214417650142,4,12,4,355686,249924,40487,67469,2.315054281373893,0.2125724259829297
11780,0.1517217485634533,0,4,0,355690,249920,40487,67469,2.3150172292415427,0.21257510499733764
11781,0.1517246952546519,1,0,1,355690,249920,40488,67468,2.3150172292415427,0.21257262404375718
11782,0.1517248742232358,1,1,1,355691,249919,40489,67467,2.3150079662084555,0.21257081282728288
11783,0.1517263227394804,8,14,8,355705,249905,40497,67459,2.3148782837452297,0.21256034080740097
11784,0.1517282787441787,0,2,0,355707,249903,40497,67459,2.3148597576790544,0.21256168035240514
11785,0.1517283576441331,1,0,1,355707,249903,40498,67458,2.3148597576790544,0.21255919914545265
11786,0.1517293213872283,0,1,0,355708,249902,40498,67458,2.3148504946459667,0.21255986891857828
11787,0.151730059526233,0,2,0,355710,249900,40498,67458,2.314831968579792,0.2125612084774923
11788,0.1517308901997013,0,2,0,355712,249898,40498,67458,2.314813442513617,0.2125625480532903
11789,0.1517332508391712,24,117,24,355829,249781,40522,67434,2.313729667642373,0.21258137225541038
11790,0.1517340953594868,4,4,4,355833,249777,40526,67430,2.3136926155100226,0.21257412352186428
11791,0.151735279987757,0,3,0,355836,249774,40526,67430,2.31366482641076,0.21257613397056785
11792,0.1517431049707591,0,1,0,355837,249773,40526,67430,2.3136555633776723,0.21257680412858643
11793,0.151744483838058,0,3,0,355840,249770,40526,67430,2.3136277742784097,0.21257881462799497
11794,0.1517453689917071,0,2,0,355842,249768,40526,67430,2.313609248212235,0.21258015498206168
11795,0.1517502225801418,37,278,37,356120,249490,40563,67393,2.3110341250138946,0.2126747095931306
11796,0.1517513970673397,18,121,18,356241,249369,40581,67375,2.3099132980103003,0.21271121157780415
11797,0.1517514428222545,6,24,6,356265,249345,40587,67369,2.309690985216199,0.21271241561787607
11798,0.1517533080604734,0,5,0,356270,249340,40587,67369,2.3096446700507616,0.2127157737860307
11799,0.1517551219596951,8,65,8,356335,249275,40595,67361,2.3090425729000703,0.21273954951426874
11800,0.1517554991927442,0,1,0,356336,249274,40595,67361,2.3090333098669826,0.21274022139056012
11801,0.1517575706928224,1,0,1,356336,249274,40596,67360,2.3090333098669826,0.21273773505056312
11802,0.1517608701125972,5,5,5,356341,249269,40601,67355,2.308986994701545,0.21272866238819546
11803,0.151761260844724,2,3,2,356344,249266,40603,67353,2.3089592056022825,0.21272570502717777
11804,0.151762226119143,29,94,29,356438,249172,40632,67324,2.3080884804920525,0.2127167483949244
11805,0.1517644941753268,0,1,0,356439,249171,40632,67324,2.308079217458965,0.21271742049637435
11806,0.151765600723867,0,3,0,356442,249168,40632,67324,2.3080514283597022,0.2127194368262073
11807,0.1517657747485218,0,2,0,356444,249166,40632,67324,2.308032902293527,0.2127207810673323
11808,0.1517666054678228,7,22,7,356466,249144,40639,67317,2.307829115565601,0.21271815484372483
11809,0.1517680927753867,0,1,0,356467,249143,40639,67317,2.3078198525325133,0.21271882702395248
11810,0.1517707054547227,1,0,1,356467,249143,40640,67316,2.3078198525325133,0.2127163392414183
11811,0.1517707571346318,0,3,0,356470,249140,40640,67316,2.3077920634332507,0.21271835579037845
11812,0.1517711649120811,0,6,0,356476,249134,40640,67316,2.307736485234725,0.21272238900300205
11813,0.1517716149556191,1,0,1,356476,249134,40641,67315,2.307736485234725,0.2127199011531084
11814,0.1517730207288416,2,5,2,356481,249129,40643,67313,2.3076901700692876,0.21271828644743745
11815,0.1517732456877747,0,7,0,356488,249122,40643,67313,2.3076253288376747,0.21272299208368228
11816,0.1517733118775786,4,4,4,356492,249118,40647,67309,2.3075882767053244,0.21271572906231137
11817,0.1517768728029565,1,2,1,356494,249116,40648,67308,2.3075697506391495,0.21271458549288297
11818,0.1517780766829063,2,18,2,356512,249098,40650,67306,2.3074030160435735,0.2127217102185813
11819,0.1517793369299105,0,2,0,356514,249096,40650,67306,2.307384489977398,0.2127230548479466
11820,0.1517815899427879,0,1,0,356515,249095,40650,67306,2.307375226944311,0.2127237271690039
11821,0.1517820070116714,0,1,0,356516,249094,40650,67306,2.307365963911223,0.212724399494311
11822,0.1517832809807663,0,1,0,356517,249093,40650,67306,2.3073567008781355,0.21272507182386796
11823,0.1517841154359709,10,35,10,356552,249058,40660,67296,2.307032494720071,0.2127237208949468
11824,0.1517873367705235,2,3,2,356555,249055,40662,67294,2.3070047056208085,0.21272076093175576
11825,0.1517886472628042,1,6,1,356561,249049,40663,67293,2.3069491274222833,0.2127223068704124
11826,0.1517910844871585,0,1,0,356562,249048,40663,67293,2.3069398643891956,0.2127229793166235
11827,0.1517911534225161,0,2,0,356564,249046,40663,67293,2.3069213383230207,0.21272432422180004
11828,0.1517935927956877,8,56,8,356620,248990,40671,67285,2.3064026084701172,0.21274207572523912
11829,0.1517983411938733,1,4,1,356624,248986,40672,67284,2.3063655563377674,0.21274227716824232
11830,0.1518009079258281,1,1,1,356625,248985,40673,67283,2.3063562933046797,0.21274046062200413
11831,0.1518019246834001,1,1,1,356626,248984,40674,67282,2.306347030271592,0.212738644052791
11832,0.1518025648536966,0,4,0,356630,248980,40674,67282,2.3063099781392418,0.21274133471615306
11833,0.1518046016442218,1,3,1,356633,248977,40675,67281,2.306282189039979,0.21274086347222837
11834,0.1518063993753765,1,0,1,356633,248977,40676,67280,2.306282189039979,0.21273837417037408
11835,0.1518067603654171,0,4,0,356637,248973,40676,67280,2.306245136907629,0.21274106490689415
11836,0.1518094572205572,4,39,4,356676,248934,40680,67276,2.3058838786172142,0.21275734480250466
11837,0.1518108691305585,1,4,1,356680,248930,40681,67275,2.3058468264848644,0.21275754652835976
11838,0.1518118124057198,0,2,0,356682,248928,40681,67275,2.305828300418689,0.212758892230624
11839,0.1518129188378887,15,60,15,356742,248868,40696,67260,2.3052725184334357,0.21276191922259338
11840,0.1518133287060811,1,2,1,356744,248866,40697,67259,2.305253992367261,0.21276077500988533
11841,0.1518178143969007,0,2,0,356746,248864,40697,67259,2.3052354663010854,0.2127621210731266
11842,0.1518192052484417,0,2,0,356748,248862,40697,67259,2.3052169402349105,0.2127634671534001
11843,0.1518243700633104,0,5,0,356753,248857,40697,67259,2.3051706250694726,0.21276683242860217
11844,0.1518267756742827,0,1,0,356754,248856,40697,67259,2.3051613620363853,0.21276750549641743
11845,0.1518324479021575,0,3,0,356757,248853,40697,67259,2.3051335729371227,0.21276952472541377
11846,0.1518411412014919,1,1,1,356758,248852,40698,67258,2.305124309904035,0.2127677074436114
11847,0.1518417289363745,0,7,0,356765,248845,40698,67258,2.305059468672422,0.21277241911655378
11848,0.151841872943944,4,27,4,356792,248818,40702,67254,2.3048093667790583,0.21278063226100383
11849,0.1518420573445653,0,1,0,356793,248817,40702,67254,2.3048001037459707,0.2127813054661769
11850,0.1518429772099675,6,36,6,356829,248781,40708,67248,2.3044666345548186,0.21279059833116581
11851,0.1518434105105336,0,4,0,356833,248777,40708,67248,2.3044295824224683,0.21279329166996283
11852,0.1518437638060559,8,23,8,356856,248754,40716,67240,2.3042165326614548,0.21278885042121054
11853,0.1518437738624733,24,111,24,356967,248643,40740,67216,2.303188335988736,0.21280381436020504
11854,0.1518455426843113,1,11,1,356978,248632,40741,67215,2.3030864426247732,0.21280873334240946
11855,0.1518466666680629,3,10,3,356988,248622,40744,67212,2.3029938122938973,0.21280799407283574
11856,0.1518469578168,3,11,3,356999,248611,40747,67209,2.3028919189299346,0.2128079285669052
11857,0.1518490578768027,0,9,0,357008,248602,40747,67209,2.3028085516321464,0.21281399317946492
11858,0.1518528409873518,1,4,1,357012,248598,40748,67208,2.302771499499796,0.21281419605707302
11859,0.1518559674280724,2,1,2,357013,248597,40750,67206,2.302762236466709,0.21280988464327444
11860,0.1518570811585238,0,4,0,357017,248593,40750,67206,2.3027251843343586,0.21281258015383203
11861,0.1518572086656583,5,21,5,357038,248572,40755,67201,2.30253066063952,0.21281426847767226
11862,0.1518593172713898,0,3,0,357041,248569,40755,67201,2.3025028715402573,0.21281629033790417
11863,0.1518609827097449,0,1,0,357042,248568,40755,67201,2.3024936085071697,0.2128169642998521
11864,0.1518632856474245,0,1,0,357043,248567,40755,67201,2.302484345474082,0.21281763826606875
11865,0.1518641627949113,1,4,1,357047,248563,40756,67200,2.3024472933417317,0.21281784122902303
11866,0.1518661705177866,2,2,2,357049,248561,40758,67198,2.302428767275557,0.21281420323727906
11867,0.1518676037886596,24,122,24,357171,248439,40782,67174,2.3012986772388753,0.212836606857132
11868,0.1518744585200477,2,0,2,357171,248439,40784,67172,2.3012986772388753,0.21283161866981823
11869,0.1518770787928513,5,21,5,357192,248418,40789,67167,2.3011041535440366,0.21283330956794524
11870,0.1518772149102087,1,4,1,357196,248414,40790,67166,2.3010671014116864,0.21283351289688826
11871,0.1518774675660439,3,6,3,357202,248408,40793,67163,2.3010115232131607,0.21283007627443587
11872,0.1518803411335922,0,1,0,357203,248407,40793,67163,2.3010022601800735,0.21283075070507335
11873,0.1518818813465262,0,1,0,357204,248406,40793,67163,2.300992997146986,0.21283142513998524
11874,0.1518858831861548,1,13,1,357217,248393,40794,67162,2.3008725777168477,0.21283769865792018
11875,0.1518899121024808,1,1,1,357218,248392,40795,67161,2.30086331468376,0.2128358786004253
11876,0.1518910768784749,1,0,1,357218,248392,40796,67160,2.30086331468376,0.21283338403813
11877,0.1518918138519417,0,17,0,357235,248375,40796,67160,2.3007058431212717,0.21284485080894355
11878,0.15189336014905,0,2,0,357237,248373,40796,67160,2.3006873170550963,0.21284619992203668
11879,0.1518940559226406,0,1,0,357238,248372,40796,67160,2.300678054022009,0.21284687448499676
11880,0.1518961521258656,2,1,2,357239,248371,40798,67158,2.3006687909889214,0.21284255963794135
11881,0.1518978191414905,25,120,25,357359,248251,40823,67133,2.299557227018415,0.21286114704614056
11882,0.1518980245087973,35,223,35,357582,248028,40858,67098,2.2974915706398904,0.21292435406789664
11883,0.1518983405080449,0,2,0,357584,248026,40858,67098,2.297473044573715,0.21292570543659003
11884,0.1518987612010371,11,142,11,357726,247884,40869,67087,2.2961576938752826,0.21299421216556444
11885,0.1519001992278368,0,3,0,357729,247881,40869,67087,2.29612990477602,0.21299624088796323
11886,0.1519033809256994,3,2,3,357731,247879,40872,67084,2.2961113787098446,0.2129900972495182
11887,0.1519097657593663,0,5,0,357736,247874,40872,67084,2.296065063544407,0.21299347849554542
11888,0.1519116496052888,0,6,0,357742,247868,40872,67084,2.2960094853458815,0.21299753613249003
11889,0.1519147871407133,0,1,0,357743,247867,40872,67084,2.296000222312794,0.21299821242034475
11890,0.151918193920847,0,1,0,357744,247866,40872,67084,2.2959909592797065,0.21299888871249403
11891,0.1519198278605632,0,3,0,357747,247863,40872,67084,2.295963170180444,0.21300091761470977
11892,0.1519206357368861,0,2,0,357749,247861,40872,67084,2.2959446441142686,0.21300227023766055
11893,0.1519233925141146,0,1,0,357750,247860,40872,67084,2.2959353810811813,0.21300294655557814
11894,0.1519270906677275,1,11,1,357761,247849,40873,67083,2.295833487717218,0.2130078874169662
11895,0.1519281412088949,1,3,1,357764,247846,40874,67082,2.2958056986179556,0.2130074175684601
11896,0.1519292635287127,4,27,4,357791,247819,40878,67078,2.2955555967245913,0.21301568449365982
11897,0.1519296133672937,0,2,0,357793,247817,40878,67078,2.2955370706584164,0.21301703742517347
11898,0.1519319921188246,0,1,0,357794,247816,40878,67078,2.2955278076253287,0.21301771389737498
11899,0.1519328331302877,2,3,2,357797,247813,40880,67076,2.295500018526066,0.21301474487835395
11900,0.1519353439486837,5,8,5,357805,247805,40885,67071,2.2954259142613656,0.21300766015828454
11901,0.1519371228269391,0,3,0,357808,247802,40885,67071,2.295398125162103,0.21300968962089478
11902,0.1519385287254075,1,2,1,357810,247800,40886,67070,2.295379599095928,0.2130085432083082
11903,0.1519406380194305,0,1,0,357811,247799,40886,67070,2.2953703360628404,0.21300921970724332
11904,0.1519424654959315,4,25,4,357836,247774,40890,67066,2.2951387602356514,0.21301613517977386
11905,0.1519448706063105,5,36,5,357872,247738,40895,67061,2.2948052910445,0.21302799564166341
11906,0.1519467181587051,1,4,1,357876,247734,40896,67060,2.2947682389121495,0.21302820257056995
11907,0.1519487888082861,2,4,2,357880,247730,40898,67058,2.2947311867797993,0.2130259095009975
11908,0.1519521972127653,0,2,0,357882,247728,40898,67058,2.294712660713624,0.21302726296595148
11909,0.1519591839312874,9,29,9,357911,247699,40907,67049,2.294444032754085,0.2130243877641796
11910,0.1519595291253762,8,27,8,357938,247672,40915,67041,2.294193930860721,0.21302265873986775
11911,0.1519598954880151,0,2,0,357940,247670,40915,67041,2.294175404794546,0.21302401250671252
11912,0.1519599705273758,5,25,5,357965,247645,40920,67036,2.293943828967357,0.21302843196761165
11913,0.1519612551896779,1,4,1,357969,247641,40921,67035,2.2939067768350068,0.21302863898104718
11914,0.151963019983349,27,121,27,358090,247520,40948,67008,2.292785949831413,0.21304303591413165
11915,0.151963061690443,2,5,2,358095,247515,40950,67006,2.292739634665975,0.21304141853803085
11916,0.1519635580417022,0,2,0,358097,247513,40950,67006,2.2927211085998,0.21304277325058263
11917,0.1519659556079009,1,13,1,358110,247500,40951,67005,2.2926006891696615,0.21304907712119045
11918,0.151966186740334,7,14,7,358124,247486,40958,66998,2.2924710067064358,0.2130410450134188
11919,0.1519665905249504,5,22,5,358146,247464,40963,66993,2.29226721997851,0.21304343678149953
11920,0.1519667297471204,1,1,1,358147,247463,40964,66992,2.2922579569454222,0.21304161167734653
11921,0.151967134065323,3,13,3,358160,247450,40967,66989,2.292137537515284,0.21304291134369463
11922,0.1519684444834899,0,6,0,358166,247444,40967,66989,2.2920819593167585,0.21304697662141062
11923,0.1519690477086717,0,4,0,358170,247440,40967,66989,2.2920449071844087,0.21304968689274845
11924,0.1519710126783709,5,19,5,358189,247421,40972,66984,2.291868909555745,0.2130500469140122
11925,0.1519726355222048,0,2,0,358191,247419,40972,66984,2.29185038348957,0.21305140218127688
11926,0.1519738451670581,1,9,1,358200,247410,40973,66983,2.291767016191782,0.21305499804384959
11927,0.1519855588152231,1,6,1,358206,247404,40974,66982,2.2917114379932566,0.21305656104279452
11928,0.1519865637328516,22,126,22,358332,247278,40996,66960,2.290544295824225,0.21308689591965327
11929,0.1519900773675219,2,2,2,358334,247276,40998,66958,2.2905257697580494,0.21308324369737203
11930,0.1519934737997846,1,1,1,358335,247275,40999,66957,2.290516506724962,0.2130814175513633
11931,0.1519940287585143,0,1,0,358336,247274,40999,66957,2.2905072436918745,0.2130820956557437
11932,0.1519960754453733,22,131,22,358467,247143,41021,66935,2.2892937863574048,0.21311585020281587
11933,0.1520020504188292,0,5,0,358472,247138,41021,66935,2.2892474711919673,0.2131192429785432
11934,0.1520047223463044,3,17,3,358489,247121,41024,66932,2.2890899996294785,0.21312326263401402
11935,0.1520063580493208,0,1,0,358490,247120,41024,66932,2.289080736596391,0.2131239412581356
11936,0.1520108112720429,4,29,4,358519,247091,41028,66928,2.288812108636852,0.21313360019616648
11937,0.1520121746646288,1,6,1,358525,247085,41029,66927,2.288756530438327,0.21313516680891176
11938,0.1520132840708173,0,3,0,358528,247082,41029,66927,2.2887287413390642,0.21313720307379724
11939,0.1520168882269128,1,8,1,358536,247074,41030,66926,2.2886546370743637,0.21314012738853502
11940,0.1520194614540952,2,3,2,358539,247071,41032,66924,2.288626847975101,0.21313715186547558
11941,0.1520197213515227,0,2,0,358541,247069,41032,66924,2.2886083219089257,0.2131385094572172
11942,0.1520200265366786,0,1,0,358542,247068,41032,66924,2.2885990588758385,0.21313918825957348
11943,0.1520210858048227,2,15,2,358557,247053,41034,66922,2.288460113379525,0.21314435862727923
11944,0.1520214802372052,0,5,0,358562,247048,41034,66922,2.288413798214087,0.213147752970029
11945,0.1520215052845742,1,3,1,358565,247045,41035,66921,2.2883860091148245,0.21314728346381456
11946,0.1520227274280617,0,2,0,358567,247043,41035,66921,2.2883674830486496,0.21314864124549313
11947,0.1520228177727277,1,0,1,358567,247043,41036,66920,2.2883674830486496,0.21314613505413058
11948,0.1520318561666069,9,72,9,358639,246971,41045,66911,2.2877005446663454,0.21317246608598137
11949,0.1520319109749537,4,23,4,358662,246948,41049,66907,2.287487494905332,0.21317805993213426
11950,0.1520326903178764,0,1,0,358663,246947,41049,66907,2.287478231872244,0.213178739158972
11951,0.1520351994830705,25,152,25,358815,246795,41074,66882,2.286070250842936,0.2132193307128033
11952,0.1520362738074032,0,1,0,358816,246794,41074,66882,2.2860609878098486,0.21322001045664954
11953,0.1520378561311594,0,3,0,358819,246791,41074,66882,2.286033198710586,0.2132220497141928
11954,0.1520420776247461,26,97,26,358916,246694,41100,66856,2.285134684501093,0.213222771487801
11955,0.1520420904227113,5,22,5,358938,246672,41105,66851,2.284930897773167,0.2132251860310089
11956,0.1520482423735684,21,109,21,359047,246563,41126,66830,2.2839212271666236,0.21324662644028425
11957,0.1520513911827207,0,3,0,359050,246560,41126,66830,2.2838934380673606,0.21324866779412233
11958,0.1520515506700036,4,7,4,359057,246553,41130,66826,2.2838285968357477,0.21324338899543366
11959,0.1520518658323498,1,7,1,359064,246546,41131,66825,2.283763755604135,0.21324564174732186
11960,0.1520543930567649,10,28,10,359092,246518,41141,66815,2.2835043906776833,0.21323958855275377
11961,0.1520579465565718,0,1,0,359093,246517,41141,66815,2.283495127644596,0.2132402691075281
11962,0.1520591514873523,1,6,1,359099,246511,41142,66814,2.2834395494460704,0.21324184153833878
11963,0.1520595641075996,0,1,0,359100,246510,41142,66814,2.283430286412983,0.2132425221176801
11964,0.1520627024875075,1,3,1,359103,246507,41143,66813,2.2834024973137206,0.2132420528533129
11965,0.152066136175268,8,30,8,359133,246477,41151,66805,2.2831246063210937,0.213242382262626
11966,0.152071259446164,0,7,0,359140,246470,41151,66805,2.283059765089481,0.21324714707525338
11967,0.1520721852876225,1,0,1,359140,246470,41152,66804,2.283059765089481,0.2132446356863321
11968,0.1520735086073731,2,10,2,359150,246460,41154,66802,2.2829671347586054,0.21324641992964355
11969,0.1520771389578509,0,1,0,359151,246459,41154,66802,2.2829578717255177,0.21324710066047162
11970,0.1520795272079451,6,54,6,359205,246405,41160,66796,2.28245766793879,0.2132687954380733
11971,0.1520800039885422,0,2,0,359207,246403,41160,66796,2.2824391418726147,0.21327015731212423
11972,0.1520813069408031,2,5,2,359212,246398,41162,66794,2.282392826707177,0.21326853814912258
11973,0.1520829598282715,5,19,5,359231,246379,41167,66789,2.2822168290785134,0.2132689163643795
11974,0.1520875494747258,0,1,0,359232,246378,41167,66789,2.2822075660454257,0.21326959737137055
11975,0.1520882699171979,2,2,2,359234,246376,41169,66787,2.282189039979251,0.2132659349923203
11976,0.1520888119678708,0,3,0,359237,246373,41169,66787,2.2821612508799882,0.2132679780303998
11977,0.1520893095611185,0,3,0,359240,246370,41169,66787,2.2821334617807256,0.21327002110762333
11978,0.1520897169061329,2,5,2,359245,246365,41171,66785,2.2820871466152877,0.21326840172441322
11979,0.1520925666413918,17,70,17,359315,246295,41188,66768,2.281438734299159,0.21327336670254868
11980,0.152093630561457,1,0,1,359315,246295,41189,66767,2.281438734299159,0.21327085369671184
11981,0.1520947793135116,0,2,0,359317,246293,41189,66767,2.281420208232984,0.21327221618859005
11982,0.1520955022659437,0,1,0,359318,246292,41189,66767,2.2814109451998963,0.21327289744105743
11983,0.1520957333983768,0,3,0,359321,246289,41189,66767,2.2813831561006337,0.21327494122457324
11984,0.1520961967007245,2,14,2,359335,246275,41191,66765,2.281253473637408,0.2132794531050345
11985,0.1520973487610466,15,84,15,359419,246191,41206,66750,2.2804753788580534,0.21329899246183787
11986,0.1520996854905202,7,30,7,359449,246161,41213,66743,2.2801974878654265,0.21330184337688238
11987,0.1521013524565035,0,1,0,359450,246160,41213,66743,2.2801882248323393,0.2133025250636779
11988,0.1521063362570978,0,3,0,359453,246157,41213,66743,2.2801604357330763,0.21330457015020773
11989,0.1521099197466246,3,6,3,359459,246151,41216,66740,2.280104857534551,0.2133011176416068
11990,0.1521126659474505,0,4,0,359463,246147,41216,66740,2.2800678054022008,0.21330384451894774
11991,0.152113279555214,2,4,2,359467,246143,41218,66738,2.2800307532698505,0.21330154275906815
11992,0.152114935986084,0,10,0,359477,246133,41218,66738,2.279938122938975,0.21330836031463446
11993,0.1521153245135891,0,1,0,359478,246132,41218,66738,2.279928859905888,0.21330904209416052
11994,0.1521174991535242,0,5,0,359483,246127,41218,66738,2.27988254474045,0.21331245105716523
11995,0.1521196951562632,0,1,0,359484,246126,41218,66738,2.279873281707362,0.21331313286284137
11996,0.1521211488567897,2,4,2,359488,246122,41220,66736,2.279836229575012,0.21331083111187824
11997,0.152122619385062,1,6,1,359494,246116,41221,66735,2.2797806513764867,0.21331240750389163
11998,0.1521247281227387,1,10,1,359504,246106,41222,66734,2.279688021045611,0.21331671141797723
11999,0.152125037121942,1,7,1,359511,246099,41223,66733,2.2796231798139983,0.21331896992635024
12000,0.1521256221034162,5,43,5,359554,246056,41228,66728,2.2792248693912334,0.21333572049721214
12001,0.1521269808112656,0,1,0,359555,246055,41228,66728,2.279215606358146,0.21333640255384723
12002,0.1521271837939195,0,2,0,359557,246053,41228,66728,2.2791970802919708,0.21333776668020116
12003,0.15213023767174,46,244,46,359801,245809,41274,66682,2.2769369002186077,0.213388545590113
12004,0.152132797145855,1,1,1,359802,245808,41275,66681,2.27692763718552,0.21338671121223468
12005,0.1521336577673739,5,28,5,359830,245780,41280,66676,2.2766682722590685,0.21339324576900429
12006,0.1521342690043472,1,4,1,359834,245776,41281,66675,2.2766312201267183,0.21339346009454283
12007,0.1521356266712105,22,156,22,359990,245620,41303,66653,2.27518618696506,0.21344464619099313
12008,0.1521356681754151,0,3,0,359993,245617,41303,66653,2.275158397865797,0.21344669676882186
12009,0.1521356802300409,0,2,0,359995,245615,41303,66653,2.275139871799622,0.21344806384259674
12010,0.1521368360528038,21,140,21,360135,245475,41324,66632,2.2738430471673645,0.21349088613840767
12011,0.1521379609730813,2,5,2,360140,245470,41326,66630,2.2737967320019266,0.21348926626081385
12012,0.1521414862031123,0,2,0,360142,245468,41326,66630,2.2737782059357516,0.21349063435203045
12013,0.1521440567171892,0,3,0,360145,245465,41326,66630,2.273750416836489,0.21349268652173217
12014,0.1521447186239201,16,75,16,360220,245390,41342,66614,2.2730556893549223,0.21350367302983295
12015,0.1521447543773707,0,2,0,360222,245388,41342,66614,2.2730371632887474,0.2135050416343485
12016,0.1521461765908336,50,239,50,360461,245149,41392,66564,2.270823298380822,0.21354258564769515
12017,0.1521462648723371,3,7,3,360468,245142,41395,66561,2.270758457149209,0.2135398119363625
12018,0.1521491362647165,1,2,1,360470,245140,41396,66560,2.2707399310830336,0.2135386589669554
12019,0.1521495773311956,18,69,18,360539,245071,41414,66542,2.2701007817999925,0.2135405133932153
12020,0.15215027192767,1,18,1,360557,245053,41415,66541,2.2699340472044165,0.21355032510253727
12021,0.1521518215852336,1,1,1,360558,245052,41416,66540,2.2699247841713293,0.21354848648232302
12022,0.1521527512002195,0,5,0,360563,245047,41416,66540,2.2698784690058913,0.21355191326980907
12023,0.1521540628524794,1,1,1,360564,245046,41417,66539,2.2698692059728036,0.2135500746184829
12024,0.1521549528800245,13,35,13,360599,245011,41430,66526,2.2695449998147392,0.213541248712031
12025,0.1521575462300463,0,1,0,360600,245010,41430,66526,2.269535736781652,0.21354193415849212
12026,0.152158284346066,24,132,24,360732,244878,41454,66502,2.2683130164140946,0.21357184147986383
12027,0.1521588201069368,2,26,2,360758,244852,41456,66500,2.2680721775538184,0.21358462447647678
12028,0.1521606628244919,12,88,12,360846,244764,41468,66488,2.2672570306421136,0.21361469163250357
12029,0.1521650887500009,1,8,1,360854,244756,41469,66487,2.267182926377413,0.21361765565811922
12030,0.1521714175260846,10,70,10,360924,244686,41479,66477,2.2665345140612843,0.21364043925530993
12031,0.1521715257401546,0,13,0,360937,244673,41479,66477,2.266414094631146,0.2136493652579142
12032,0.152174099093542,2,5,2,360942,244668,41481,66475,2.266367779465708,0.21364774396338662
12033,0.1521741655810111,0,1,0,360943,244667,41481,66475,2.2663585164326205,0.21364843062010272
12034,0.1521761639013093,0,3,0,360946,244664,41481,66475,2.266330727333358,0.213650490616734
12035,0.1521777444440548,0,13,0,360959,244651,41481,66475,2.26621030790322,0.21365941772786587
12036,0.1521788965043769,15,106,15,361065,244545,41496,66460,2.265228426395939,0.21369431359624444
12037,0.1521844564052885,1,5,1,361070,244540,41497,66459,2.2651821112305015,0.2136952208849546
12038,0.1521869404912604,0,2,0,361072,244538,41497,66459,2.265163585164326,0.2136965951440046
12039,0.152187878953789,10,19,10,361091,244519,41507,66449,2.264987587535663,0.21368436623704046
12040,0.1521889781807031,1,2,1,361093,244517,41508,66448,2.2649690614694875,0.2136832119370347
12041,0.1521928664458554,0,2,0,361095,244515,41508,66448,2.2649505354033126,0.21368458626910597
12042,0.1521950647902557,2,4,2,361099,244511,41510,66446,2.2649134832709623,0.21368227761394662
12043,0.1521960884332252,4,9,4,361108,244502,41514,66442,2.264830115973174,0.21367834722651025
12044,0.1521998170041406,1,24,1,361132,244478,41515,66441,2.264607803179073,0.21369231214560705
12045,0.1522017114355476,35,150,35,361282,244328,41550,66406,2.26321834821594,0.21370690043574248
12046,0.1522022368926401,5,37,5,361319,244291,41555,66401,2.2628756159917005,0.213719696677095
12047,0.1522045472371942,2,1,2,361320,244290,41557,66399,2.262866352958613,0.2137153230400819
12048,0.152205675427452,4,9,4,361329,244281,41561,66395,2.2627829856608246,0.21371139064491626
12049,0.1522059456093295,1,6,1,361335,244275,41562,66394,2.2627274074622994,0.2137129871342168
12050,0.1522095193427468,1,1,1,361336,244274,41563,66393,2.2627181444292117,0.21371114408675526
12051,0.1522121624254869,0,1,0,361337,244273,41563,66393,2.2627088813961245,0.21371183199963947
12052,0.1522125479478335,5,45,5,361382,244228,41568,66388,2.2622920449071846,0.21373013624539625
12053,0.1522128036329678,0,2,0,361384,244226,41568,66388,2.2622735188410092,0.21373151242378
12054,0.1522173673403695,27,111,27,361495,244115,41595,66361,2.261245322168291,0.21373954830647135
12055,0.152219650909147,1,0,1,361495,244115,41596,66360,2.261245322168291,0.2137370158627909
12056,0.1522227822039378,3,2,3,361497,244113,41599,66357,2.2612267961021155,0.21373079524591748
12057,0.1522235933004827,0,4,0,361501,244109,41599,66357,2.2611897439697652,0.21373354892323154
12058,0.1522266494308501,0,6,0,361507,244103,41599,66357,2.26113416577124,0.21373767957224762
12059,0.1522272799212553,26,138,26,361645,243965,41625,66331,2.259855867205158,0.21376685487405575
12060,0.1522284921484052,6,38,6,361683,243927,41631,66325,2.2595038719478304,0.21377783221381327
12061,0.1522373857465376,4,17,4,361700,243910,41635,66321,2.259346400385342,0.21377940953676455
12062,0.152239489106005,22,173,22,361873,243737,41657,66299,2.2577438956611955,0.2138429085654569
12063,0.1522411574738234,12,34,12,361907,243703,41669,66287,2.2574289525362183,0.21383593019129649
12064,0.1522411778175761,1,2,1,361909,243701,41670,66286,2.2574104264700434,0.21383477371631712
12065,0.1522431171585128,9,34,9,361943,243667,41679,66277,2.2570954833450667,0.21383540252432698
12066,0.1522434781043685,1,11,1,361954,243656,41680,66276,2.2569935899811036,0.21384045532568435
12067,0.1522498644886938,1,13,1,361967,243643,41681,66275,2.256873170550965,0.2138468885318052
12068,0.1522508234303945,1,20,1,361987,243623,41682,66274,2.256687909889214,0.21385815287014717
12069,0.1522512605725464,1,2,1,361989,243621,41683,66273,2.256669383823039,0.2138569962632384
12070,0.1522514902048181,1,20,1,362009,243601,41684,66272,2.2564841231612878,0.21386826215901353
12071,0.1522547100732068,1,10,1,362019,243591,41685,66271,2.2563914928304123,0.21387262716951416
12072,0.1522564954189773,3,8,3,362027,243583,41688,66268,2.256317388565712,0.2138705377746078
12073,0.1522603168285807,1,0,1,362027,243583,41689,66267,2.256317388565712,0.21386800064547362
12074,0.1522611087240606,2,12,2,362039,243571,41691,66265,2.2562062321686613,0.21387120928491202
12075,0.1522624715936571,1,3,1,362042,243568,41692,66264,2.2561784430693987,0.21387074285419194
12076,0.1522631705823388,8,42,8,362084,243526,41700,66256,2.2557893956797215,0.21387943779819357
12077,0.1522643861706162,1,15,1,362099,243511,41701,66255,2.255650450183408,0.21388725683257684
12078,0.1522657840525155,11,91,11,362190,243420,41712,66244,2.2548075141724406,0.2139221866280872
12079,0.1522676463280539,0,11,0,362201,243409,41712,66244,2.2547056208084775,0.2139297859216607
12080,0.1522695407594609,7,28,7,362229,243381,41719,66237,2.254446255882026,0.21393136057981124
12081,0.1522735252818051,12,87,12,362316,243294,41731,66225,2.253640372003409,0.21396101693272465
12082,0.1522757232488764,21,108,21,362424,243186,41752,66204,2.252639964429953,0.21398235237079413
12083,0.1522763807494376,17,65,17,362489,243121,41769,66187,2.252037867279262,0.2139841193890879
12084,0.1522766125335859,1,3,1,362492,243118,41770,66186,2.252010078179999,0.21398365362232624
12085,0.1522789194459607,5,30,5,362522,243088,41775,66181,2.251732187187373,0.21399170301582118
12086,0.1522813620267221,1,2,1,362524,243086,41776,66180,2.2517136611211974,0.21399054535577788
12087,0.1522870539175748,6,51,6,362575,243035,41782,66174,2.2512412464337324,0.21401058830758485
12088,0.1522873652121133,31,130,31,362705,242905,41813,66143,2.2500370521323503,0.21402177008102302
12089,0.1522951092451686,12,54,12,362759,242851,41825,66131,2.249536848345622,0.21402864891805995
12090,0.1522962775724172,1,11,1,362770,242840,41826,66130,2.249434954981659,0.2140337249571156
12091,0.1522967119061033,0,1,0,362771,242839,41826,66130,2.249425691948572,0.21403441769238984
12092,0.1522978705892049,0,2,0,362773,242837,41826,66130,2.2494071658823964,0.214035803176391
12093,0.1523006631266084,2,3,2,362776,242834,41828,66128,2.249379376783134,0.2140327936768923
12094,0.1523010723981974,1,1,1,362777,242833,41829,66127,2.249370113750046,0.21403094251683066
12095,0.1523029553447597,1,7,1,362784,242826,41830,66126,2.2493052725184333,0.21403324788316633
12096,0.1523036457515848,0,1,0,362785,242825,41830,66126,2.249296009485346,0.21403394065725634
12097,0.1523048831559353,1,8,1,362793,242817,41831,66125,2.2492219052206455,0.21403693897236375
12098,0.1523054524503279,0,3,0,362796,242814,41831,66125,2.249194116121383,0.21403901741120415
12099,0.1523073184299183,8,34,8,362830,242780,41839,66117,2.248879172996406,0.21404222119347227
12100,0.1523095814591382,14,111,14,362941,242669,41853,66103,2.2478509763236874,0.21408353089010662
12101,0.1523110412732111,6,19,6,362960,242650,41859,66097,2.247674978695024,0.21408143237019306
12102,0.1523126794614538,7,34,7,362994,242616,41866,66090,2.247360035570047,0.21408718975335755
12103,0.1523150833695785,2,2,2,362996,242614,41868,66088,2.247341509503872,0.21408348504382868
12104,0.1523174256118318,2,4,2,363000,242610,41870,66086,2.2473044573715217,0.21408116723248763
12105,0.1523193195287315,1,4,1,363004,242606,41871,66085,2.2472674052391715,0.21408139531116877
12106,0.1523212497939904,0,4,0,363008,242602,41871,66085,2.247230353106821,0.21408416940136774
12107,0.1523216268856148,0,9,0,363017,242593,41871,66085,2.2471469858090334,0.21409041136718523
12108,0.152324737203512,0,6,0,363023,242587,41871,66085,2.247091407610508,0.21409457287995023
12109,0.1523288339393648,0,1,0,363024,242586,41871,66085,2.2470821445774205,0.2140952664811401
12110,0.1523289658891654,0,5,0,363029,242581,41871,66085,2.2470358294119825,0.2140987345545023
12111,0.1523304472982112,60,422,60,363451,242159,41931,66025,2.243126829449035,0.2142388962438024
12112,0.1523328083158767,0,2,0,363453,242157,41931,66025,2.2431083033828596,0.2142402865839017
12113,0.1523338634232584,32,134,32,363587,242023,41963,65993,2.2418670569491272,0.2142518570463872
12114,0.1523346973011406,7,12,7,363599,242011,41970,65986,2.241755900552077,0.21424234651636218
12115,0.1523374887409671,50,249,50,363848,241762,42020,65936,2.239449405313276,0.21428803567134008
12116,0.1523385085970685,3,24,3,363872,241738,42023,65933,2.2392270925191746,0.2142970900734876
12117,0.1523390660007896,0,2,0,363874,241736,42023,65933,2.2392085664529993,0.21429848311009558
12118,0.1523398000218026,1,8,1,363882,241728,42024,65932,2.239134462188299,0.21430150165767406
12119,0.1523401423785685,31,172,31,364054,241556,42055,65901,2.23754122049724,0.2143421681731104
12120,0.1523413546057185,10,25,10,364079,241531,42065,65891,2.237309644670051,0.21433404245629786
12121,0.1523423502910106,0,2,0,364081,241529,42065,65891,2.2372911186038755,0.21433543686162254
12122,0.1523429239291916,2,1,2,364082,241528,42067,65889,2.2372818555707883,0.2143310226825452
12123,0.1523437058911441,3,29,3,364111,241499,42070,65886,2.237013227611249,0.21434357564617662
12124,0.1523447183256691,10,56,10,364167,241443,42080,65876,2.236494497758346,0.2143570687136168
12125,0.1523459339139465,5,25,5,364192,241418,42085,65871,2.236262921931157,0.2143617246305595
12126,0.1523478911498858,38,135,38,364327,241283,42123,65833,2.235012412464337,0.21435874392737597
12127,0.1523526888666884,0,2,0,364329,241281,42123,65833,2.234993886398162,0.21436013988290992
12128,0.1523529608266907,2,5,2,364334,241276,42125,65831,2.2349475712327243,0.21435851348227164
12129,0.1523542526286037,4,35,4,364369,241241,42129,65827,2.23462336507466,0.21437271223312102
12130,0.1523546823476392,5,15,5,364384,241226,42134,65822,2.234484419578347,0.21437039160001042
12131,0.1523560865791402,46,262,46,364646,240964,42180,65776,2.2320575049094074,0.21443567842472452
12132,0.1523572557010266,4,6,4,364652,240958,42184,65772,2.232001926710882,0.21442962866364554
12133,0.1523573641951433,3,33,3,364685,240925,42187,65769,2.231696246618993,0.21444501685719317
12134,0.1523578915282207,1,1,1,364686,240924,42188,65768,2.2316869835859054,0.21444315469591643
12135,0.1523621021998253,0,1,0,364687,240923,42188,65768,2.2316777205528178,0.2144438539115918
12136,0.1523622174651997,0,1,0,364688,240922,42188,65768,2.23166845751973,0.21444455313182692
12137,0.1523679608920653,12,35,12,364723,240887,42200,65756,2.2313442513616657,0.21443828817223937
12138,0.1523707244756189,0,1,0,364724,240886,42200,65756,2.2313349883285785,0.21443898748377588
12139,0.1523712791518693,1,2,1,364726,240884,42201,65755,2.231316462262403,0.21443782428197328
12140,0.1523757451569734,0,7,0,364733,240877,42201,65755,2.23125162103079,0.2144427196117822
12141,0.1523786424694898,2,7,2,364740,240870,42203,65753,2.2311867797991773,0.21444249126777834
12142,0.1523805087853671,1,6,1,364746,240864,42204,65752,2.231131201600652,0.21444412555117803
12143,0.1523819144970002,0,12,0,364758,240852,42204,65752,2.2310200452036013,0.21445251855814015
12144,0.1523831891616617,14,43,14,364801,240809,42218,65738,2.230621734780837,0.21444672431959863
12145,0.1523844047499391,4,21,4,364822,240788,42222,65734,2.230427211085998,0.2144511650061007
12146,0.1523912719407223,0,1,0,364823,240787,42222,65734,2.2304179480529105,0.21445186463570196
12147,0.1523912789630364,0,2,0,364825,240785,42222,65734,2.230399421986735,0.21445326390859948
12148,0.1523925874707575,14,86,14,364911,240699,42236,65720,2.2296028011412057,0.2144775617699947
12149,0.1523952407587889,21,120,21,365031,240579,42257,65699,2.228491237170699,0.2145077348030221
12150,0.1523958865540858,0,1,0,365032,240578,42257,65699,2.2284819741376114,0.2145084351746948
12151,0.1523959602404524,1,1,1,365033,240577,42258,65698,2.228472711104524,0.21450657089217207
12152,0.1523962980596964,5,25,5,365058,240552,42263,65693,2.2282411352773352,0.21451125732665022
12153,0.152397102827667,3,22,3,365080,240530,42266,65690,2.228037348549409,0.21451897328717914
12154,0.152401161601766,5,27,5,365107,240503,42271,65685,2.227787246656045,0.21452506303316918
12155,0.1524069942976772,9,24,9,365131,240479,42280,65676,2.227564933861944,0.2145187895020496
12156,0.1524079717024818,5,59,5,365190,240420,42285,65671,2.2270184149097783,0.2145473078267574
12157,0.1524084661040035,1,7,1,365197,240413,42286,65670,2.2269535736781654,0.21454964829801068
12158,0.1524133591863516,2,16,2,365213,240397,42288,65668,2.2268053651487643,0.21455573162563507
12159,0.1524136326826305,26,158,26,365371,240239,42314,65642,2.2253418059209307,0.21459979534524865
12160,0.1524165698684129,3,16,3,365387,240223,42317,65639,2.22519359739153,0.21460331783614833
12161,0.1524182979821161,0,1,0,365388,240222,42317,65639,2.2251843343584423,0.2146040194728978
12162,0.1524183149076411,0,1,0,365389,240221,42317,65639,2.2251750713253546,0.21460472111423526
12163,0.152418614600966,5,18,5,365407,240203,42322,65634,2.2250083367297786,0.21460451155353996
12164,0.1524192086639906,4,28,4,365435,240175,42326,65630,2.224748971803327,0.21461388793512207
12165,0.1524210898772552,2,3,2,365438,240172,42328,65628,2.2247211827040645,0.21461085676913014
12166,0.1524224343829452,2,8,2,365446,240164,42330,65626,2.2246470784393644,0.21461133457601622
12167,0.1524235007932033,2,7,2,365453,240157,42332,65624,2.2245822372077515,0.21461111056605872
12168,0.1524239159030536,15,64,15,365517,240093,42347,65609,2.223989403090148,0.2146175033202269
12169,0.1524257881804581,28,124,28,365641,239969,42375,65581,2.222840786987291,0.21463262968417607
12170,0.1524279694815403,14,107,14,365748,239862,42389,65567,2.221849642446923,0.21467182225656373
12171,0.1524302079919084,0,12,0,365760,239850,42389,65567,2.221738486049872,0.21468025682918765
12172,0.1524304800669673,1,32,1,365792,239818,42390,65566,2.2214420689910703,0.21470018075603176
12173,0.1524306419078111,1,0,1,365792,239818,42391,65565,2.2214420689910703,0.2146976092316861
12174,0.1524310222013281,0,13,0,365805,239805,42391,65565,2.2213216495609323,0.2147067491895078
12175,0.1524317272334984,0,1,0,365806,239804,42391,65565,2.2213123865278446,0.21470745229541963
12176,0.1524391735605677,0,5,0,365811,239799,42391,65565,2.221266071362407,0.2147109678940543
12177,0.1524394712925136,9,48,9,365859,239751,42400,65556,2.220821445774204,0.21472157533237038
12178,0.152441430977203,21,139,21,365998,239612,42421,65535,2.2195338841750343,0.21476534260536725
12179,0.1524428282444466,3,13,3,366011,239599,42424,65532,2.219413464744896,0.21476677230435454
12180,0.1524496592585527,0,1,0,366012,239598,42424,65532,2.2194042017118085,0.21476747615770328
12181,0.1524508195368563,0,1,0,366013,239597,42424,65532,2.219394938678721,0.2147681800156655
12182,0.1524531870334055,20,105,20,366118,239492,42444,65512,2.2184223202045277,0.21479062569671217
12183,0.1524567259418059,6,4,6,366122,239488,42450,65506,2.2183852680721774,0.21477799563270097
12184,0.1524594225427508,9,20,9,366142,239468,42459,65497,2.2182000074104264,0.21476890790746478
12185,0.1524611927119658,0,1,0,366143,239467,42459,65497,2.2181907443773388,0.2147696121509424
12186,0.1524618628492283,13,78,13,366221,239389,42472,65484,2.21746822779651,0.21479107694023414
12187,0.1524620587371052,0,1,0,366222,239388,42472,65484,2.217458964763422,0.21479178146894434
12188,0.1524620760534453,19,76,19,366298,239312,42491,65465,2.216754974248768,0.214796392116203
12189,0.1524630700827022,12,32,12,366330,239280,42503,65453,2.2164585571899664,0.21478802755198814
12190,0.1524640978712058,36,164,36,366494,239116,42539,65417,2.214939419763607,0.2148108743551602
12191,0.1524652933000667,1,25,1,366519,239091,42540,65416,2.2147078439364187,0.21482593175197942
12192,0.1524653654677345,0,1,0,366520,239090,42540,65416,2.214698580903331,0.2148266372419591
12193,0.1524654559495467,0,1,0,366521,239089,42540,65416,2.2146893178702434,0.21482734273657247
12194,0.1524672701721422,3,44,3,366565,239045,42543,65413,2.214281744414391,0.21485065263517464
12195,0.1524673252996012,0,1,0,366566,239044,42543,65413,2.2142724813813035,0.2148513583198941
12196,0.1524689490364534,37,287,37,366853,238757,42580,65376,2.2116139908851755,0.21495858719704866
12197,0.1524714618425685,2,2,2,366855,238755,42582,65374,2.211595464819,0.21495483824298242
12198,0.1524746945681278,41,258,41,367113,238497,42623,65333,2.2092056022824114,0.2150314320508179
12199,0.1524765159214746,0,3,0,367116,238494,42623,65333,2.2091778131831488,0.21503355527981385
12200,0.1524784650177,0,2,0,367118,238492,42623,65333,2.2091592871169734,0.21503497078910558
12201,0.1524813762203251,0,3,0,367121,238489,42623,65333,2.209131498017711,0.21503709408798574
12202,0.1524814620065439,9,28,9,367149,238461,42632,65324,2.2088721330912593,0.2150336586730747
12203,0.1524840812880294,27,110,27,367259,238351,42659,65297,2.2078531994516286,0.21504175887870167
12204,0.1524841676133853,9,40,9,367299,238311,42668,65288,2.2074826781281263,0.21504682162984726
12205,0.1524843991923263,0,1,0,367300,238310,42668,65288,2.2074734150950386,0.21504752995737786
12206,0.1524864568860299,3,5,3,367305,238305,42671,65285,2.207427099929601,0.21504331499720017
12207,0.1524875748385845,77,404,77,367709,237901,42748,65208,2.203684834562229,0.21513053060120288
12208,0.1524901016796846,8,40,8,367749,237861,42756,65200,2.2033143132387267,0.21513820649968157
12209,0.1524917660996297,0,3,0,367752,237858,42756,65200,2.203286524139464,0.21514033617327377
12210,0.1524919518782934,1,2,1,367754,237856,42757,65199,2.203267998073289,0.21513916615795814
12211,0.1524932463450079,2,34,2,367788,237822,42759,65197,2.202953054948312,0.21515812539807735
12212,0.152498574440305,1,6,1,367794,237816,42760,65196,2.202897476749787,0.21515979565165735
12213,0.1524987552362474,0,1,0,367795,237815,42760,65196,2.202888213716699,0.21516050572421463
12214,0.1525031969746255,4,15,4,367810,237800,42764,65192,2.202749268220386,0.21516079632465543
12215,0.1525047834930995,1,7,1,367817,237793,42765,65191,2.2026844269887733,0.21516317693343542
12216,0.1525056930519419,0,1,0,367818,237792,42765,65191,2.2026751639556856,0.21516388708277362
12217,0.1525081032161021,26,149,26,367967,237643,42791,65165,2.2012949720256403,0.21520237246043697
12218,0.1525117557352387,3,18,3,367985,237625,42794,65162,2.2011282374300642,0.2152073900134418
12219,0.152512819499789,2,14,2,367999,237611,42796,65160,2.2009985549668385,0.21521215704278152
12220,0.1525135151141594,1,0,1,367999,237611,42797,65159,2.2009985549668385,0.21520956501634905
12221,0.1525146623172771,8,34,8,368033,237577,42805,65151,2.2006836118418613,0.21521299648529374
12222,0.1525173683230859,4,22,4,368055,237555,42809,65147,2.2004798251139355,0.21521826747097805
12223,0.1525191115311406,0,1,0,368056,237554,42809,65147,2.200470562080848,0.2152189784638967
12224,0.1525208256210792,0,2,0,368058,237552,42809,65147,2.2004520360146724,0.2152204004638271
12225,0.152522920805675,58,393,58,368451,237159,42867,65089,2.196811664011264,0.21534964664778591
12226,0.1525255068984952,0,1,0,368452,237158,42867,65089,2.1968024009781764,0.21535035914334966
12227,0.1525263484281908,2,3,2,368455,237155,42869,65087,2.1967746118789138,0.21534730447786873
12228,0.1525265461233838,72,440,72,368895,236715,42941,65015,2.1926988773203897,0.21547409936035528
12229,0.1525268710793119,2,5,2,368900,236710,42943,65013,2.192652562154952,0.21547246978188603
12230,0.1525294260180709,11,67,11,368967,236643,42954,65002,2.192031938938086,0.2154917203998077
12231,0.1525330111198308,10,27,10,368994,236616,42964,64992,2.1917818370447217,0.21548500039786744
12232,0.1525360024759585,11,60,11,369054,236556,42975,64981,2.191226055059469,0.21549925879742785
12233,0.1525367783603668,12,65,12,369119,236491,42987,64969,2.1906239579087776,0.21551449611888807
12234,0.1525383476838399,2,7,2,369126,236484,42989,64967,2.1905591166771647,0.21551429585571122
12235,0.1525391018887681,2,5,2,369131,236479,42991,64965,2.190512801511727,0.21551266570241903
12236,0.1525456782492009,2,30,2,369161,236449,42993,64963,2.1902349105191004,0.21552891059413692
12237,0.152546695726138,2,5,2,369166,236444,42995,64961,2.1901885953536624,0.21552728056933362
12238,0.1525481612590088,1,5,1,369171,236439,42996,64960,2.190142280188225,0.21552825324569758
12239,0.1525489519065698,0,1,0,369172,236438,42996,64960,2.190133017155137,0.2155289683408649
12240,0.1525502265712313,2,15,2,369187,236423,42998,64958,2.1899940716588238,0.21553448956636284
12241,0.1525510026853787,0,4,0,369191,236419,42998,64958,2.189957019526474,0.21553735022911502
12242,0.1525510276198635,0,1,0,369192,236418,42998,64958,2.1899477564933862,0.2155380654066681
12243,0.1525521109569214,0,7,0,369199,236411,42998,64958,2.1898829152617734,0.21554307178243284
12244,0.152553638879733,1,1,1,369200,236410,42999,64957,2.1898736522286857,0.21554118400488442
12245,0.1525556780138335,5,47,5,369247,236363,43004,64952,2.189438289673571,0.21556178749813318
12246,0.1525577635136115,0,2,0,369249,236361,43004,64952,2.1894197636073955,0.21556321831451017
12247,0.1525629239636554,0,1,0,369250,236360,43004,64952,2.189410500574308,0.21556393372982158
12248,0.1525642905184007,0,4,0,369254,236356,43004,64952,2.189373448441958,0.21556679543855456
12249,0.1525643163363859,2,5,2,369259,236351,43006,64950,2.18932713327652,0.21556516573127868
12250,0.1525662747107556,14,85,14,369344,236266,43020,64936,2.188539775464078,0.21558953791807492
12251,0.1525692584259648,0,6,0,369350,236260,43020,64936,2.1884841972655527,0.21559383258741815
12252,0.1525705100842733,0,2,0,369352,236258,43020,64936,2.1884656711993777,0.2155952641818894
12253,0.1525742569522227,2,8,2,369360,236250,43022,64934,2.188391566934677,0.21559578198045048
12254,0.1525759325400154,2,20,2,369380,236230,43024,64932,2.1882063062729262,0.21560489039121802
12255,0.1525782654584251,0,1,0,369381,236229,43024,64932,2.1881970432398385,0.21560560630360504
12256,0.1525811895958269,4,19,4,369400,236210,43028,64928,2.188021045611175,0.2156087906541187
12257,0.1525813444380727,0,1,0,369401,236209,43028,64928,2.188011782578087,0.21560950663651426
12258,0.1525848264876357,2,20,2,369421,236189,43030,64926,2.187826521916336,0.21561861747173006
12259,0.1525876685638884,1,4,1,369425,236185,43031,64925,2.187789469783986,0.2156188768224237
12260,0.1525877272801917,0,3,0,369428,236182,43031,64925,2.1877616806847233,0.21562102508410633
12261,0.1525894717925148,0,1,0,369429,236181,43031,64925,2.1877524176516356,0.21562174118084662
12262,0.1525909012894477,53,278,53,369707,235903,43084,64872,2.185177294453296,0.21568281938325992
12263,0.1525916227114881,5,32,5,369739,235871,43089,64867,2.184880877394494,0.21569272921945348
12264,0.1525927226427945,0,1,0,369740,235870,43089,64867,2.1848716143614064,0.2156934464332623
12265,0.1525985484947674,0,2,0,369742,235868,43089,64867,2.1848530882952315,0.21569488087518912
12266,0.1526002620165447,20,133,20,369875,235735,43109,64847,2.183621104894587,0.21573813468537703
12267,0.1526026636073497,1,1,1,369876,235734,43110,64846,2.183611841861499,0.21573624326302482
12268,0.1526053081163675,20,101,20,369977,235633,43130,64826,2.1826762755196563,0.21575655913119593
12269,0.1526061770077532,0,3,0,369980,235630,43130,64826,2.1826484864203937,0.21575871342226483
12270,0.1526076282550876,8,10,8,369990,235620,43138,64818,2.1825558560895177,0.2157450122820682
12271,0.1526084188226421,0,8,0,369998,235612,43138,64818,2.1824817518248176,0.21575075724794462
12272,0.1526085229940674,9,54,9,370052,235558,43147,64809,2.1819815480380895,0.21576604620347775
12273,0.1526094530663278,4,40,4,370092,235518,43151,64805,2.1816110267145876,0.21578433886182544
12274,0.1526119936230613,2,6,2,370098,235512,43153,64803,2.181555448516062,0.21578342740122872
12275,0.1526128807103238,1,5,1,370103,235507,43154,64802,2.1815091333506245,0.21578440872567922
12276,0.1526131837337439,0,5,0,370108,235502,43154,64802,2.1814628181851865,0.21578800149182162
12277,0.1526166966681223,1,3,1,370111,235499,43155,64801,2.181435029085924,0.21578754578754578
12278,0.1526179647410442,4,13,4,370124,235486,43159,64797,2.181314609655786,0.21578644145689233
12279,0.1526182499162387,0,1,0,370125,235485,43159,64797,2.181305346622698,0.21578716006953463
12280,0.1526194036959454,2,16,2,370141,235469,43161,64795,2.1811571380932975,0.21579343511043614
12281,0.1526196483377274,2,2,2,370143,235467,43163,64793,2.181138612027122,0.2157896489708919
12282,0.1526196537100192,0,1,0,370144,235466,43163,64793,2.1811293489940344,0.2157903676492628
12283,0.1526268770622225,1,12,1,370156,235454,43164,64792,2.181018192596984,0.21579638030148612
12284,0.1526287266115068,1,79,1,370235,235375,43165,64791,2.180286412983067,0.2158505626886456
12285,0.1526293130811846,10,62,10,370297,235313,43175,64781,2.179712104931639,0.21586902770465255
12286,0.1526321456602993,0,1,0,370298,235312,43175,64781,2.179702841898551,0.2158697470450827
12287,0.152634597315216,3,5,3,370303,235307,43178,64778,2.1796565267331136,0.21586550477364747
12288,0.152640623878127,0,1,0,370304,235306,43178,64778,2.179647263700026,0.21586622412391196
12289,0.1526427549607822,0,8,0,370312,235298,43178,64778,2.1795731594353254,0.21587197909862835
12290,0.1526491860947857,1,1,1,370313,235297,43179,64777,2.179563896402238,0.21587008537893987
12291,0.1526533966598767,66,264,66,370577,235033,43245,64711,2.1771184556671237,0.21588755738229956
12292,0.1526540782345856,1,24,1,370601,235009,43246,64710,2.1768961428730225,0.21590222842062065
12293,0.1526563917167264,1,1,1,370602,235008,43247,64709,2.176886879839935,0.21590033264713046
12294,0.1526612129893064,2,50,2,370652,234958,43249,64707,2.176423728185557,0.21593112308744766
12295,0.1526667810255468,8,56,8,370708,234902,43257,64699,2.175904998332654,0.21595054756159024
12296,0.1526696469624683,8,46,8,370754,234856,43265,64691,2.1754788988106264,0.21596277045004625
12297,0.1526698456010529,0,1,0,370755,234855,43265,64691,2.175469635777539,0.21596349141701107
12298,0.1526703552812564,6,55,6,370810,234800,43271,64685,2.1749601689577234,0.21598744511411255
12299,0.1526729881268168,1,0,1,370810,234800,43272,64684,2.1749601689577234,0.21598482723617957
12300,0.1526731386704461,47,281,47,371091,234519,43319,64637,2.1723572566601206,0.2160645282060196
12301,0.1526736869790704,0,5,0,371096,234514,43319,64637,2.172310941494683,0.21606813950145579
12302,0.1526739399592775,0,3,0,371099,234511,43319,64637,2.1722831523954205,0.2160703063366628
12303,0.1526771787936992,0,4,0,371103,234507,43319,64637,2.17224610026307,0.21607319551787768
12304,0.1526798229469746,0,1,0,371104,234506,43319,64637,2.1722368372299825,0.21607391782525415
12305,0.1526810130576572,0,4,0,371108,234502,43319,64637,2.1721997850976322,0.21607680710305244
12306,0.1526815548833336,28,151,28,371259,234351,43347,64609,2.1708010671014115,0.2161125234145036
12307,0.1526824814320755,10,53,10,371312,234298,43357,64599,2.170310126347771,0.21612461817950665
12308,0.1526833725415865,2,4,2,371316,234294,43359,64597,2.1702730742154213,0.21612226530741976
12309,0.1526842703602319,0,9,0,371325,234285,43359,64597,2.170189706917633,0.21612877322823054
12310,0.1526857276391023,16,79,16,371404,234206,43375,64581,2.1694579273037164,0.21614394200550893
12311,0.1526918421591724,9,39,9,371443,234167,43384,64572,2.169096669013302,0.21614854438155046
12312,0.152692674643004,14,49,14,371492,234118,43398,64558,2.1686427803920116,0.21614726325516614
12313,0.1526931229942709,2,5,2,371497,234113,43400,64556,2.1685964652265737,0.21614563279081525
12314,0.1526968882589952,8,30,8,371527,234083,43408,64548,2.1683185742339472,0.21614634783394893
12315,0.1526984175194568,0,2,0,371529,234081,43408,64548,2.168300048167772,0.2161477954250927
12316,0.1527010332089556,0,17,0,371546,234064,43408,64548,2.1681425766052835,0.2161601007327234
12317,0.1527024266391293,2,6,2,371552,234058,43410,64546,2.1680869984067583,0.21615919411662268
12318,0.1527025902752255,0,3,0,371555,234055,43410,64546,2.1680592093074957,0.21616136583601528
12319,0.1527031044673461,5,28,5,371583,234027,43415,64541,2.1677998443810442,0.21616851102596393
12320,0.1527044497004559,2,0,2,371583,234027,43417,64539,2.1677998443810442,0.21616326038463857
12321,0.1527058923627696,0,1,0,371584,234026,43417,64539,2.1677905813479565,0.21616398439200843
12322,0.1527077473764687,0,3,0,371587,234023,43417,64539,2.167762792248694,0.21616615644321782
12323,0.1527082432544374,10,25,10,371612,233998,43427,64529,2.167531216421505,0.21615800245873906
12324,0.152708826117249,5,18,5,371630,233980,43432,64524,2.167364481825929,0.21615790743172622
12325,0.1527131394866277,0,5,0,371635,233975,43432,64524,2.1673181666604915,0.21616152817932388
12326,0.1527164687378646,22,191,22,371826,233784,43454,64502,2.1655489273407684,0.2162421300362739
12327,0.1527174467173376,0,1,0,371827,233783,43454,64502,2.1655396643076807,0.21624285498767956
12328,0.1527204339425808,3,18,3,371845,233765,43457,64499,2.1653729297121047,0.21624802188665077
12329,0.152722286128298,2,9,2,371854,233756,43459,64497,2.165289562414317,0.2162492917087171
12330,0.15272734185925,0,5,0,371859,233751,43459,64497,2.165243247248879,0.21625291703548724
12331,0.1527296542933625,0,1,0,371860,233750,43459,64497,2.1652339842157917,0.21625364211542783
12332,0.1527304084982907,0,2,0,371862,233748,43459,64497,2.1652154581496164,0.2162550922898959
12333,0.1527317028268445,1,2,1,371864,233746,43460,64496,2.1651969320834414,0.21625391460625934
12334,0.1527354134592616,0,1,0,371865,233745,43460,64496,2.1651876690503538,0.2162546397041319
12335,0.1527380696521103,2,15,2,371880,233730,43462,64494,2.1650487235540403,0.21626026074360213
12336,0.1527417547524625,1,1,1,371881,233729,43463,64493,2.165039460520953,0.21625835786762881
12337,0.1527428971130527,0,3,0,371884,233726,43463,64493,2.1650116714216905,0.21626053336641865
12338,0.1527450081176125,0,1,0,371885,233725,43463,64493,2.165002408388603,0.21626125854240857
12339,0.152747511399087,0,3,0,371888,233722,43463,64493,2.16497461928934,0.21626343409955903
12340,0.1527510655167113,1,10,1,371898,233712,43464,64492,2.1648819889584647,0.21626805810787247
12341,0.1527511947057985,4,53,4,371951,233659,43468,64488,2.1643910482048243,0.21629598822057575
12342,0.1527541725085502,2,8,2,371959,233651,43470,64486,2.1643169439401237,0.21629653481453157
12343,0.1527542252094627,1,0,1,371959,233651,43471,64485,2.1643169439401237,0.21629390613679664
12344,0.1527564237202653,0,3,0,371962,233648,43471,64485,2.164289154840861,0.2162960826208437
12345,0.1527566632354294,0,1,0,371963,233647,43471,64485,2.1642798918077735,0.21629680812525995
12346,0.1527573327301063,2,1,2,371964,233646,43473,64483,2.164270628774686,0.2162922761623324
12347,0.1527597400910343,2,3,2,371967,233643,43475,64481,2.164242839675423,0.2162891951000255
12348,0.1527609523181842,0,1,0,371968,233642,43475,64481,2.164233576642336,0.21628992060324095
12349,0.1527636406584789,1,4,1,371972,233638,43476,64480,2.1641965245099857,0.21629019381587156
12350,0.1527660605601727,1,6,1,371978,233632,43477,64479,2.16414094631146,0.21629191811103918
12351,0.152768351061699,3,5,3,371983,233627,43480,64476,2.1640946311460225,0.21628765896351262
12352,0.1527701736628371,1,0,1,371983,233627,43481,64475,2.1640946311460225,0.21628502995618948
12353,0.152772301618825,0,2,0,371985,233625,43481,64475,2.164076105079847,0.21628648104662865
12354,0.1527758505028597,0,6,0,371991,233619,43481,64475,2.164020526881322,0.21629083443477562
12355,0.1527760725783507,2,6,2,371997,233613,43483,64473,2.1639649486827968,0.2162899297518166
12356,0.1527782769002826,14,143,14,372140,233470,43497,64459,2.1626403349512766,0.21635691725209696
12357,0.1527783589103902,0,3,0,372143,233467,43497,64459,2.1626125458520136,0.21635909588287025
12358,0.1527820478983842,0,4,0,372147,233463,43497,64459,2.1625754937196637,0.21636200079215365
12359,0.1527836248926284,0,2,0,372149,233461,43497,64459,2.1625569676534884,0.21636345327604725
12360,0.1527838374152371,0,14,0,372163,233447,43497,64459,2.1624272851902626,0.21637362120937476
12361,0.1527839269024143,4,22,4,372185,233425,43501,64455,2.1622234984623363,0.2163790788236874
12362,0.152784230020451,0,1,0,372186,233424,43501,64455,2.162214235429249,0.21637980522292607
12363,0.1527897521572773,1,4,1,372190,233420,43502,64454,2.162177183296899,0.21638008016812477
12364,0.1527898937003903,2,4,2,372194,233416,43504,64452,2.1621401311645485,0.2163777243611264
12365,0.152791679601552,36,235,36,372429,233181,43540,64416,2.1599633183889733,0.216453794897126
12366,0.1527919646443695,1,10,1,372439,233171,43541,64415,2.159870688058098,0.2164584355446829
12367,0.1527966856375043,6,23,6,372462,233148,43547,64409,2.159657638297084,0.21645936744892574
12368,0.1527974836172759,0,1,0,372463,233147,43547,64409,2.1596483752639966,0.216460094906505
12369,0.1527996377758648,0,2,0,372465,233145,43547,64409,2.159629849197821,0.21646154983633223
12370,0.1528001269983243,1,3,1,372468,233142,43548,64408,2.1596020600985586,0.21646109897496218
12371,0.152800669963112,4,10,4,372478,233132,43552,64404,2.159509429767683,0.21645784039578403
12372,0.1528033002325839,0,10,0,372488,233122,43552,64404,2.1594167994368076,0.21646511565375798
12373,0.1528039507600075,1,6,1,372494,233116,43553,64403,2.1593612212382824,0.21646684749545408
12374,0.1528059854515841,0,9,0,372503,233107,43553,64403,2.159277853940494,0.21647339585224026
12375,0.1528061114857139,7,5,7,372508,233102,43560,64396,2.1592315387750567,0.21645859804099524
12376,0.1528074331198085,4,13,4,372521,233089,43564,64392,2.159111119344918,0.21645752165684531
12377,0.1528080488804924,8,23,8,372544,233066,43572,64384,2.1588980695839046,0.2164531854093125
12378,0.1528100336697072,7,11,7,372555,233055,43579,64377,2.1587961762199415,0.21644274993948195
12379,0.1528100617956871,1,5,1,372560,233050,43580,64376,2.1587498610545035,0.21644375407664426
12380,0.1528128081062122,3,15,3,372575,233035,43583,64373,2.1586109155581905,0.21644676673122445
12381,0.1528138662709258,2,9,2,372584,233026,43585,64371,2.1585275482604023,0.21644804755932306
12382,0.1528139152236703,1,3,1,372587,233023,43586,64370,2.1584997591611397,0.21644759627832533
12383,0.1528207387017818,4,48,4,372635,232975,43590,64366,2.158055133572937,0.21647199679828882
12384,0.1528259302468012,13,97,13,372732,232878,43603,64353,2.157156619363444,0.21650837227610847
12385,0.1528280284130198,2,6,2,372738,232872,43605,64351,2.157101041164919,0.21650747082157168
12386,0.1528295227076558,60,335,60,373073,232537,43665,64291,2.1539979250805885,0.2165934480574609
12387,0.1528353018773752,5,36,5,373109,232501,43670,64286,2.1536644558894364,0.21660652252288679
12388,0.1528366843720379,0,1,0,373110,232500,43670,64286,2.1536551928563488,0.21660725236365597
12389,0.1528415036203072,0,4,0,373114,232496,43670,64286,2.1536181407239985,0.21661017177591632
12390,0.1528481474993964,3,6,3,373120,232490,43673,64283,2.1535625625254733,0.21660663200493308
12391,0.1528484581491373,2,1,2,373121,232489,43675,64281,2.1535532994923856,0.21660208242072987
12392,0.1528515494603945,15,37,15,373158,232452,43690,64266,2.1532105672681463,0.21658948900976685
12393,0.152853695600017,13,81,13,373239,232371,43703,64253,2.1524602615880544,0.21661429958465936
12394,0.1528555508861648,6,23,6,373262,232348,43709,64247,2.152247211827041,0.2166152497513444
12395,0.1528571332261228,0,9,0,373271,232339,43709,64247,2.1521638445292526,0.21662182301254948
12396,0.1528672722380313,4,22,4,373293,232317,43713,64243,2.1519600578013263,0.21662732667925547
12397,0.1528678193396276,0,1,0,373294,232316,43713,64243,2.151950794768239,0.2166280571488304
12398,0.1528698570429104,4,42,4,373336,232274,43717,64239,2.1515617473785618,0.21664817394178332
12399,0.1528704582454764,0,2,0,373338,232272,43717,64239,2.1515432213123864,0.21664963525805114
12400,0.1528711295564973,1,12,1,373350,232260,43718,64238,2.151432064915336,0.2166557615902974
12401,0.1528726025483475,1,7,1,373357,232253,43719,64237,2.151367223683723,0.21665823467907855
12402,0.1528736267731964,8,26,8,373383,232227,43727,64229,2.1511263848234465,0.21665609736352107
12403,0.152873786015555,0,3,0,373386,232224,43727,64229,2.151098595724184,0.2166582898469572
12404,0.1528738147754974,1,3,1,373389,232221,43728,64228,2.1510708066249213,0.21665783996572766
12405,0.1528755070450421,0,8,0,373397,232213,43728,64228,2.150996702360221,0.21666368687192392
12406,0.1528806374301256,0,4,0,373401,232209,43728,64228,2.1509596502278705,0.21666661044336571
12407,0.1528817320254207,9,102,9,373503,232107,43737,64219,2.15001482085294,0.21671739908074217
12408,0.1528817645098048,52,240,52,373743,231867,43789,64167,2.147791692911927,0.21675550781329173
12409,0.1528822672814926,1,6,1,373749,231861,43790,64166,2.147736114713402,0.21675725525036568
12410,0.1528830892936985,3,10,3,373759,231851,43793,64163,2.147643484382526,0.2167566398886539
12411,0.1528837191665931,2,6,2,373765,231845,43795,64161,2.147587906184001,0.21675574143767357
12412,0.1528846813436744,1,4,1,373769,231841,43796,64160,2.1475508540516506,0.2167560244728903
12413,0.1528859372655735,26,159,26,373928,231682,43822,64134,2.1460780317907298,0.2168036887795116
12414,0.1528885467489192,6,10,6,373938,231672,43828,64128,2.145985401459854,0.2167951318458418
12415,0.1528889808631388,0,15,0,373953,231657,43828,64128,2.145846455963541,0.21680612607130179
12416,0.1528899415634196,4,28,4,373981,231629,43832,64124,2.1455870910370893,0.2168160593468198
12417,0.1528914266088638,0,4,0,373985,231625,43832,64124,2.145550038904739,0.21681899178019198
12418,0.1528916095390174,0,2,0,373987,231623,43832,64124,2.1455315128385637,0.2168204580266241
12419,0.1528967309669801,2,8,2,373995,231615,43834,64122,2.1454574085738636,0.2168210267906958
12420,0.1528971522497401,1,0,1,373995,231615,43835,64121,2.1454574085738636,0.2168183785538453
12421,0.1528981384985641,0,1,0,373996,231614,43835,64121,2.145448145540776,0.21681911170473567
12422,0.1528993354804796,36,158,36,374154,231456,43871,64085,2.1439845863129423,0.21683962631242365
12423,0.15289954986396,0,5,0,374159,231451,43871,64085,2.1439382711475043,0.2168432948946998
12424,0.1529001336237342,2,36,2,374195,231415,43873,64083,2.1436048019563527,0.2168644119418744
12425,0.152900228803802,0,6,0,374201,231409,43873,64083,2.143549223757827,0.21686881539940167
12426,0.1529010741618788,3,7,3,374208,231402,43876,64080,2.143484382526214,0.21686600198996894
12427,0.1529035304987762,3,6,3,374214,231396,43879,64077,2.143428804327689,0.2168624544374613
12428,0.1529072566934809,0,15,0,374229,231381,43879,64077,2.1432898588313756,0.2168734642487257
12429,0.1529116097676928,0,1,0,374230,231380,43879,64077,2.1432805957982883,0.21687419827589124
12430,0.1529117493295234,1,1,1,374231,231379,43880,64076,2.1432713327652007,0.21687228173495118
12431,0.152917137779599,6,17,6,374248,231362,43886,64070,2.1431138612027123,0.21686885645427711
12432,0.1529193138512361,1,0,1,374248,231362,43887,64069,2.1431138612027123,0.21686620564531142
12433,0.1529212262595949,9,57,9,374305,231305,43896,64060,2.1425858683167216,0.21688419413268328
12434,0.1529233802100781,8,15,8,374320,231290,43904,64052,2.142446922820408,0.2168739969255981
12435,0.1529241442401594,2,0,2,374320,231290,43906,64050,2.142446922820408,0.21686869370894563
12436,0.1529266919993281,0,1,0,374321,231289,43906,64050,2.142437659787321,0.21686942801323225
12437,0.1529277009285679,4,21,4,374342,231268,43910,64046,2.1422431360924823,0.2168742423318908
12438,0.1529287897689286,10,15,10,374357,231253,43920,64036,2.142104190596169,0.21685873838849398
12439,0.1529301219449902,0,3,0,374360,231250,43920,64036,2.1420764014969063,0.21686094159560562
12440,0.1529331959891293,6,8,6,374368,231242,43926,64030,2.1420022972322057,0.21685090357365414
12441,0.1529370759680296,0,1,0,374369,231241,43926,64030,2.141993034199118,0.21685163798679857
12442,0.1529388186874406,4,27,4,374396,231214,43930,64026,2.141742932305754,0.21686085896220025
12443,0.1529395803277499,1,2,1,374398,231212,43931,64025,2.1417244062395793,0.2168596754471831
12444,0.1529397276420242,0,3,0,374401,231209,43931,64025,2.1416966171403162,0.2168618790518707
12445,0.1529404894827458,0,2,0,374403,231207,43931,64025,2.1416780910741413,0.21686334814654237
12446,0.152942154039447,20,173,20,374576,231034,43951,64005,2.1400755863499943,0.21693742183236792
12447,0.1529487133687506,0,3,0,374579,231031,43951,64005,2.1400477972507317,0.2169396277064494
12448,0.1529487921182369,0,4,0,374583,231027,43951,64005,2.1400107451183814,0.21694256894167413
12449,0.1529509186176118,2,1,2,374584,231026,43953,64003,2.140001482085294,0.21693799592582425
12450,0.1529512674300206,0,1,0,374585,231025,43953,64003,2.1399922190522065,0.21693873123906884
12451,0.1529519772166263,0,1,0,374586,231024,43953,64003,2.139982956019119,0.21693946655729815
12452,0.1529525520137006,0,14,0,374600,231010,43953,64003,2.139853273555893,0.21694976153593232
12453,0.1529554009262184,2,28,2,374628,230982,43955,64001,2.1395939086294415,0.21696504544329673
12454,0.1529571824424628,2,7,2,374635,230975,43957,63999,2.1395290673978287,0.21696488504071546
12455,0.1529575423565775,2,4,2,374639,230971,43959,63997,2.1394920152654784,0.21696251796805077
12456,0.1529577708873329,2,9,2,374648,230962,43961,63995,2.1394086479676906,0.2169638286258675
12457,0.1529629208685615,1,4,1,374652,230958,43962,63994,2.1393715958353403,0.21696411619517753
12458,0.1529652647393552,0,1,0,374653,230957,43962,63994,2.1393623328022526,0.2169648517889412
12459,0.1529670422560763,3,10,3,374663,230947,43965,63991,2.139269702471377,0.216964243332497
12460,0.1529671648043929,17,111,17,374774,230836,43982,63974,2.138241505798659,0.21700078016349514
12461,0.1529675109956138,0,1,0,374775,230835,43982,63974,2.138232242765571,0.2170015162359358
12462,0.1529689328435223,0,5,0,374780,230830,43982,63974,2.1381859276001336,0.2170051966730438
12463,0.1529706401769144,1,6,1,374786,230824,43983,63973,2.138130349401608,0.21700695732995925
12464,0.1529729087647619,4,13,4,374799,230811,43987,63969,2.13800992997147,0.2170059027071036
12465,0.1529744705293781,0,3,0,374802,230808,43987,63969,2.1379821408722073,0.21700811121627536
12466,0.1529810145454924,0,1,0,374803,230807,43987,63969,2.1379728778391196,0.21700884739598883
12467,0.1529830067514915,0,2,0,374805,230805,43987,63969,2.1379543517729447,0.21701031977040036
12468,0.1529883111096079,0,1,0,374806,230804,43987,63969,2.137945088739857,0.21701105596509856
12469,0.1529891022973554,0,2,0,374808,230802,43987,63969,2.137926562673682,0.21701252836948004
12470,0.1529913048743585,1,1,1,374809,230801,43988,63968,2.1379172996405944,0.21701060830684366
12471,0.152991713766362,2,12,2,374821,230789,43990,63966,2.1378061432435436,0.2170141303794677
12472,0.1529918089464298,0,1,0,374822,230788,43990,63966,2.1377968802104563,0.2170148666345495
12473,0.1529921742708407,1,8,1,374830,230780,43991,63965,2.1377227759457558,0.21701810039186414
12474,0.1529947601642327,1,4,1,374834,230776,43992,63964,2.1376857238134055,0.21701838908868834
12475,0.1529951688681307,3,16,3,374850,230760,43995,63961,2.1375375152840044,0.21702220065757105
12476,0.1529955302524812,1,12,1,374862,230748,43996,63960,2.137426358886954,0.21702838063439064
12477,0.1530008795895832,8,22,8,374884,230726,44004,63952,2.1372225721590277,0.2170233271571003
12478,0.1530014092062325,3,14,3,374898,230712,44007,63949,2.137092889695802,0.21702566678318475
12479,0.1530022221600969,4,19,4,374917,230693,44011,63945,2.1369168920671386,0.21702903223616776
12480,0.1530028040207328,4,26,4,374943,230667,44015,63941,2.136676053206862,0.21703755498832347
12481,0.1530039134647881,43,211,43,375154,230456,44058,63898,2.134721553225388,0.2170787555120705
12482,0.1530060754048546,0,1,0,375155,230455,44058,63898,2.1347122901923004,0.21707949298970963
12483,0.1530076333301837,1,1,1,375156,230454,44059,63897,2.134703027159213,0.21707757065544198
12484,0.153016435525122,0,3,0,375159,230451,44059,63897,2.1346752380599505,0.21707978311386522
12485,0.1530182300271057,0,8,0,375167,230443,44059,63897,2.13460113379525,0.21708568322348304
12486,0.1530184866861582,1,2,1,375169,230441,44060,63896,2.1345826077290746,0.21708449838110738
12487,0.1530206761102474,2,2,2,375171,230439,44062,63894,2.1345640816628997,0.217080653545474
12488,0.153020948328253,31,179,31,375350,230260,44093,63863,2.1329059987402275,0.21713024822948224
12489,0.1530306208199216,1,4,1,375354,230256,44094,63862,2.132868946607877,0.21713053944335267
12490,0.1530337341820748,5,17,5,375371,230239,44099,63857,2.132711475045389,0.21712978075186334
12491,0.1530355115038464,17,76,17,375447,230163,44116,63840,2.132007484530735,0.2171406414220263
12492,0.1530357745598927,10,48,10,375495,230115,44126,63830,2.131562858942532,0.2171494667369746
12493,0.1530366545832599,1,11,1,375506,230104,44127,63829,2.1314609655785692,0.21715492986496923
12494,0.1530376217005974,0,2,0,375508,230102,44127,63829,2.131442439512394,0.21715640745617168
12495,0.1530399107671261,1,1,1,375509,230101,44128,63828,2.131433176479306,0.21715448288532266
12496,0.1530405633858811,2,37,2,375546,230064,44130,63826,2.131090444255067,0.21717649460682567
12497,0.1530427529824337,34,185,34,375731,229879,44164,63792,2.1293767831338695,0.2172226743532729
12498,0.1530462705933594,0,1,0,375732,229878,44164,63792,2.129367520100782,0.21722341403616305
12499,0.153048661611438,0,1,0,375733,229877,44164,63792,2.129358257067694,0.21722415372409073
12500,0.1530509746408132,21,128,21,375861,229749,44185,63771,2.1281725888324874,0.21726287816843826
12501,0.1530517590868657,22,108,22,375969,229641,44207,63749,2.1271721812590316,0.2172841610143495
12502,0.1530532826893495,0,3,0,375972,229638,44207,63749,2.1271443921597686,0.21728638283223184
12503,0.1530553552012598,3,59,3,376031,229579,44210,63746,2.126597873207603,0.21732208301372197
12504,0.1530560182727084,3,4,3,376035,229575,44213,63743,2.1265608210752527,0.21731704157262766
12505,0.1530571883853388,2,18,2,376053,229557,44215,63741,2.126394086479677,0.21732504142544443
12506,0.153058646948587,0,1,0,376054,229556,44215,63741,2.1263848234465894,0.21732578239804703
12507,0.1530616545755501,1,2,1,376056,229554,44216,63740,2.126366297380414,0.21732459579807292
12508,0.153061785841921,1,22,1,376078,229532,44217,63739,2.126162510652488,0.217338229828384
12509,0.1530622203195422,0,1,0,376079,229531,44217,63739,2.1261532476194005,0.21733897091417465
12510,0.1530696735660523,41,172,41,376251,229359,44258,63698,2.124560005928341,0.21735703293215997
12511,0.1530706333446461,0,7,0,376258,229352,44258,63698,2.1244951646967283,0.21736222487630097
12512,0.1530741930166239,0,1,0,376259,229351,44258,63698,2.1244859016636406,0.2173629666028548
12513,0.1530782346047492,0,12,0,376271,229339,44258,63698,2.12437474526659,0.21737186771636346
12514,0.1530799918162656,2,14,2,376285,229325,44260,63696,2.1242450628033644,0.21737691155241434
12515,0.1530820986717434,0,2,0,376287,229323,44260,63696,2.124226536737189,0.2173783952576454
12516,0.1530842307693634,7,29,7,376316,229294,44267,63689,2.1239579087776503,0.21738121324445445
12517,0.1530849475842612,2,23,2,376339,229271,44269,63687,2.1237448590166363,0.21739293687149694
12518,0.1530853653180679,30,131,30,376470,229140,44299,63657,2.122531401682167,0.21741001444686933
12519,0.1530887744758924,6,40,6,376510,229100,44305,63651,2.1221608803586647,0.21742368087555636
12520,0.153089740427554,5,6,5,376516,229094,44310,63646,2.1221053021601395,0.21741477078636331
12521,0.153094759235128,72,382,72,376898,228712,44382,63574,2.118566823520694,0.21750614124521872
12522,0.1530982369963945,1,11,1,376909,228701,44383,63573,2.1184649301567307,0.21751165002702944
12523,0.1530982408363401,1,0,1,376909,228701,44384,63572,2.1184649301567307,0.21750897277545309
12524,0.1530992134728115,0,2,0,376911,228699,44384,63572,2.1184464040905553,0.21751046118157463
12525,0.1531024554228048,0,5,0,376916,228694,44384,63572,2.1184000889251178,0.21751418228599975
12526,0.1531046729480334,0,1,0,376917,228693,44384,63572,2.11839082589203,0.21751492652216312
12527,0.1531080156677498,0,3,0,376920,228690,44384,63572,2.1183630367927675,0.21751715926121082
12528,0.1531083927097944,6,25,6,376945,228665,44390,63566,2.1181314609655786,0.21751970187967737
12529,0.153108445942298,1,1,1,376946,228664,44391,63565,2.118122197932491,0.21751776859928343
12530,0.1531098101697335,0,1,0,376947,228663,44391,63565,2.1181129348994037,0.21751851294194943
12531,0.1531115918026356,1,3,1,376950,228660,44392,63564,2.1180851458001406,0.21751806833114323
12532,0.1531143099828361,2,12,2,376962,228648,44394,63562,2.1179739894030902,0.2175216453920126
12533,0.1531175302496296,0,5,0,376967,228643,44394,63562,2.1179276742376523,0.21752536746462245
12534,0.1531188039647265,4,24,4,376991,228619,44398,63558,2.117705361443551,0.21753252309387802
12535,0.1531219152436361,8,44,8,377035,228575,44406,63550,2.117297787987699,0.21754385964912282
12536,0.1531227535455852,0,4,0,377039,228571,44406,63550,2.1172607358553486,0.2175468384676213
12537,0.1531250177092521,0,6,0,377045,228565,44406,63550,2.117205157656823,0.2175513068483303
12538,0.1531256414383407,11,84,11,377129,228481,44417,63539,2.1164270628774684,0.21758441202657353
12539,0.153128498695441,4,35,4,377164,228446,44421,63535,2.116102856719404,0.21759977532784666
12540,0.1531302278010503,0,3,0,377167,228443,44421,63535,2.1160750676201414,0.21760201111042612
12541,0.1531344367484257,1,11,1,377178,228432,44422,63534,2.1159731742561783,0.21760752964386265
12542,0.1531362994779078,0,9,0,377187,228423,44422,63534,2.1158898069583905,0.21761423771308788
12543,0.1531383520189696,1,7,1,377194,228416,44423,63533,2.1158249657267776,0.2176167755327129
12544,0.153138557533703,17,132,17,377326,228284,44440,63516,2.1146022453592206,0.21766963673749143
12545,0.1531422034724881,3,23,3,377349,228261,44443,63513,2.1143891955982066,0.2176787513623558
12546,0.1531448628319773,0,2,0,377351,228259,44443,63513,2.1143706695320317,0.21768024347778403
12547,0.153148033344201,1,1,1,377352,228258,44444,63512,2.114361406498944,0.21767830825650342
12548,0.153148051955062,0,3,0,377355,228255,44444,63512,2.1143336173996814,0.21768054646344515
12549,0.1531495571327875,10,54,10,377409,228201,44454,63502,2.1138334136129533,0.21769402440153168
12550,0.1531504841579107,1,0,1,377409,228201,44455,63501,2.1138334136129533,0.2176913425345044
12551,0.1531515807339891,9,41,9,377450,228160,44464,63492,2.1134536292563637,0.2176978042324414
12552,0.1531519021537787,4,5,4,377455,228155,44468,63488,2.1134073140909257,0.21769080691118936
12553,0.1531531946419813,3,21,3,377476,228134,44471,63485,2.113212790396087,0.21769843528713836
12554,0.1531532426334888,0,1,0,377477,228133,44471,63485,2.113203527363,0.21769918180633568
12555,0.153154286547206,0,1,0,377478,228132,44471,63485,2.113194264329912,0.21769992833065288
12556,0.1531560010856222,0,2,0,377480,228130,44471,63485,2.1131757382637373,0.21770142139464704
12557,0.153157392068934,3,8,3,377488,228122,44474,63482,2.1131016339990367,0.21769934568798782
12558,0.1531587227225063,9,54,9,377542,228068,44483,63473,2.1126014302123086,0.2177155185720019
12559,0.15316125370868,20,104,20,377646,227964,44503,63453,2.111638074771203,0.21773952789301929
12560,0.1531625885590413,32,142,32,377788,227822,44535,63421,2.11032272407277,0.21775974014826108
12561,0.1531630809082106,7,32,7,377820,227790,44542,63414,2.110026307013969,0.2177648658672271
12562,0.1531638518548689,0,1,0,377821,227789,44542,63414,2.110017043980881,0.2177656136784305
12563,0.1531660384382356,5,33,5,377854,227756,44547,63409,2.1097113638889917,0.21777686191678258
12564,0.1531660663203078,1,1,1,377855,227755,44548,63408,2.109702100855904,0.21777492332473564
12565,0.1531664345263244,0,1,0,377856,227754,44548,63408,2.109692837822817,0.21777567127578462
12566,0.1531664798106859,1,8,1,377864,227746,44549,63407,2.1096187335581162,0.21777896844614344
12567,0.1531671249193222,0,1,0,377865,227745,44549,63407,2.1096094705250286,0.2177797164367753
12568,0.1531685878316185,1,6,1,377871,227739,44550,63406,2.1095538923265034,0.21778151780040872
12569,0.153170050842652,2,17,2,377888,227722,44552,63404,2.109396420764015,0.21778886118038238
12570,0.15317225890484,0,1,0,377889,227721,44552,63404,2.1093871577309273,0.2177896092743667
12571,0.1531831696066806,0,1,0,377890,227720,44552,63404,2.1093778946978397,0.21779035737349034
12572,0.1531832802548712,6,25,6,377915,227695,44558,63398,2.109146318870651,0.21779293902635927
12573,0.1531857711257137,8,22,8,377937,227673,44566,63390,2.108942532142725,0.21778790158831593
12574,0.1531893970866461,0,2,0,377939,227671,44566,63390,2.1089240060765495,0.21778939809868034
12575,0.1531913324999638,1,5,1,377944,227666,44567,63389,2.108877690911112,0.21779045197643057
12576,0.153192401360772,0,1,0,377945,227665,44567,63389,2.1088684278780243,0.2177912002583713
12577,0.1531929708472048,64,371,64,378316,227294,44631,63325,2.105431842602542,0.21789697163640367
12578,0.1531931395459658,1,5,1,378321,227289,44632,63324,2.105385527437104,0.21789802933798558
12579,0.1531935468140488,1,4,1,378325,227285,44633,63323,2.105348475304754,0.21789833727908386
12580,0.1531957938222338,0,2,0,378327,227283,44633,63323,2.1053299492385786,0.21789983689256243
12581,0.1531977485009093,34,156,34,378483,227127,44667,63289,2.1038849160769204,0.21792532091895764
12582,0.1531982277753811,20,117,20,378600,227010,44687,63269,2.1028011412056764,0.21795927366430226
12583,0.1531984894253133,0,2,0,378602,227008,44687,63269,2.1027826151395015,0.21796077539729294
12584,0.1532016432936427,0,6,0,378608,227002,44687,63269,2.102727036940976,0.21796528072043023
12585,0.153201824659529,0,1,0,378609,227001,44687,63269,2.1027177739078886,0.21796603162572778
12586,0.1532033385078101,0,2,0,378611,226999,44687,63269,2.1026992478417132,0.2179675334518445
12587,0.1532047062806561,1,7,1,378618,226992,44688,63268,2.1026344066101004,0.21797009577620063
12588,0.1532059471488739,1,8,1,378626,226984,44689,63267,2.1025603023454,0.21797340922167366
12589,0.153207781262792,0,4,0,378630,226980,44689,63267,2.10252325021305,0.21797641319290123
12590,0.1532078303252181,0,1,0,378631,226979,44689,63267,2.1025139871799623,0.2179771641986453
12591,0.1532084884263974,2,4,2,378635,226975,44691,63265,2.102476935047612,0.2179747794928335
12592,0.1532108583017328,2,13,2,378648,226962,44693,63263,2.102356515617474,0.21797915410457402
12593,0.1532127045673038,3,1,3,378649,226961,44696,63260,2.1023472525843863,0.21797182147398017
12594,0.1532137774274062,1,6,1,378655,226955,44697,63259,2.102291674385861,0.2179736332499466
12595,0.1532144836194416,3,9,3,378664,226946,44700,63256,2.102208307088073,0.21797230894342562
12596,0.153216543845796,3,8,3,378672,226938,44703,63253,2.1021342028233723,0.2179702333980034
12597,0.1532204030399768,1,8,1,378680,226930,44704,63252,2.102060098558672,0.2179735476356218
12598,0.1532208796693533,0,1,0,378681,226929,44704,63252,2.1020508355255845,0.21797429879971467
12599,0.1532224221651697,0,3,0,378684,226926,44704,63252,2.102023046426322,0.21797655232305688
12600,0.1532260168910534,0,1,0,378685,226925,44704,63252,2.102013783393234,0.217977303507859
12601,0.153227756525436,1,3,1,378688,226922,44705,63251,2.1019859942939716,0.21797686207882883
12602,0.1532316103819584,0,1,0,378689,226921,44705,63251,2.101976731260884,0.21797761327764223
12603,0.1532339804121371,2,6,2,378695,226915,44707,63249,2.1019211530623587,0.2179767304007389
12604,0.1532347888251338,2,11,2,378706,226904,44709,63247,2.1018192596983956,0.2179796037235784
12605,0.1532348045141434,1,9,1,378715,226895,44710,63246,2.1017358924006078,0.2179836700087199
12606,0.1532368642097311,1,4,1,378719,226891,44711,63245,2.1016988402682575,0.21798397992665508
12607,0.1532378801665653,0,5,0,378724,226886,44711,63245,2.1016525251028195,0.21798773657416823
12608,0.1532382245858163,1,4,1,378728,226882,44712,63244,2.1016154729704692,0.21798804657286833
12609,0.153240341948449,2,13,2,378741,226869,44714,63242,2.101495053540331,0.21799242358959156
12610,0.1532444076561809,2,4,2,378745,226865,44716,63240,2.101458001407981,0.2179900380896572
12611,0.1532444125836765,40,321,40,379066,226544,44756,63200,2.098484567786876,0.2181235849577558
12612,0.1532456360191958,0,5,0,379071,226539,44756,63200,2.0984382526214382,0.21812734909694587
12613,0.1532458267798519,1,1,1,379072,226538,44757,63199,2.098428989588351,0.2181254033830681
12614,0.1532480730361104,0,2,0,379074,226536,44757,63199,2.0984104635221756,0.2181269090720831
12615,0.1532526121399871,4,33,4,379107,226503,44761,63195,2.0981047834302866,0.21814096058654184
12616,0.1532596810641446,0,5,0,379112,226498,44761,63195,2.0980584682648487,0.2181447256233323
12617,0.1532628582858428,0,1,0,379113,226497,44761,63195,2.098049205231761,0.2181454786462864
12618,0.1532660570992945,5,20,5,379133,226477,44766,63190,2.09786394457001,0.21814704470996005
12619,0.1532679873847425,74,448,74,379581,226029,44840,63116,2.093714105746786,0.21828494354043818
12620,0.1532681041917458,6,24,6,379605,226005,44846,63110,2.0934917929526846,0.21828684087646785
12621,0.1532744026430951,0,1,0,379606,226004,44846,63110,2.093482529919597,0.2182875958964284
12622,0.153274860397499,0,17,0,379623,225987,44846,63110,2.0933250583571086,0.21830043203492253
12623,0.1532763515209404,0,2,0,379625,225985,44846,63110,2.093306532290933,0.21830194226811256
12624,0.1532801318041284,2,12,2,379637,225973,44848,63108,2.093195375893883,0.21830559600942295
12625,0.1532802014427368,9,34,9,379671,225939,44857,63099,2.0928804327689057,0.21830693542025617
12626,0.1532814488118215,0,1,0,379672,225938,44857,63099,2.0928711697358184,0.21830769071087786
12627,0.153285886418929,0,2,0,379674,225936,44857,63099,2.092852643669643,0.2183092013078001
12628,0.1532866510051223,2,4,2,379678,225932,44859,63097,2.092815591537293,0.2183068135031433
12629,0.153291926215084,1,1,1,379679,225931,44860,63096,2.0928063285042056,0.21830486425143672
12630,0.1532919757097912,0,1,0,379680,225930,44860,63096,2.092797065471118,0.21830561956363786
12631,0.1532981344896613,1,3,1,379683,225927,44861,63095,2.0927692763718553,0.21830518092048357
12632,0.1533016082537022,2,3,2,379686,225924,44863,63093,2.0927414872725927,0.21830203759640437
12633,0.1533033368874774,0,1,0,379687,225923,44863,63093,2.092732224239505,0.21830279292495916
12634,0.1533059806439715,1,0,1,379687,225923,44864,63092,2.092732224239505,0.21830008823071467
12635,0.1533101582434774,8,19,8,379706,225904,44872,63084,2.0925562266108413,0.21829280108516616
12636,0.1533128734790877,0,1,0,379707,225903,44872,63084,2.092546963577754,0.2182935564575569
12637,0.1533145196093073,4,9,4,379716,225894,44876,63080,2.092463596279966,0.21828953469862342
12638,0.1533165945423572,0,3,0,379719,225891,44876,63080,2.092435807180703,0.21829180090735747
12639,0.1533177398761008,0,21,0,379740,225870,44876,63080,2.0922412834858646,0.21830766568610485
12640,0.1533190446573896,0,1,0,379741,225869,44876,63080,2.092232020452777,0.21830842120927915
12641,0.153319514441269,1,7,1,379748,225862,44877,63079,2.092167179221164,0.2183110046687732
12642,0.1533204414639004,4,18,4,379766,225844,44881,63075,2.092000444625588,0.218313783447956
12643,0.1533263689677616,3,10,3,379776,225834,44884,63072,2.0919078142947125,0.21831322298602313
12644,0.1533292236519347,0,5,0,379781,225829,44884,63072,2.091861499129275,0.21831700132571366
12645,0.1533312608549048,10,44,10,379825,225785,44894,63062,2.0914539256734224,0.21832319532486055
12646,0.1533314130636445,0,9,0,379834,225776,44894,63062,2.0913705583756346,0.2183299981304399
12647,0.1533319220910768,0,4,0,379838,225772,44894,63062,2.0913335062432843,0.21833302173566824
12648,0.1533327505671159,0,9,0,379847,225763,44894,63062,2.0912501389454965,0.21833982515363975
12649,0.1533439632467559,1,1,1,379848,225762,44895,63061,2.091240875912409,0.21833787475374192
12650,0.1533457624235599,10,55,10,379903,225707,44905,63051,2.0907314090925935,0.21835239196836104
12651,0.1533471573940356,6,18,6,379921,225689,44911,63045,2.0905646744970174,0.21834976137205872
12652,0.1533482413568533,1,1,1,379922,225688,44912,63044,2.0905554114639298,0.21834781042627766
12653,0.1533509955464537,3,14,3,379936,225674,44915,63041,2.090425729000704,0.2183502762239579
12654,0.153351744439103,2,15,2,379951,225659,44917,63039,2.0902867835043906,0.2183562061392874
12655,0.1533562107120934,2,2,2,379953,225657,44919,63037,2.0902682574382156,0.2183523038234255
12656,0.1533565486697689,4,5,4,379958,225652,44923,63033,2.0902219422727777,0.21834525520896478
12657,0.1533572701134941,0,2,0,379960,225650,44923,63033,2.0902034162066028,0.21834676790805138
12658,0.1533595675273703,39,145,39,380105,225505,44962,62994,2.0888602764089073,0.2183508435037903
12659,0.1533610761665038,2,10,2,380115,225495,44964,62992,2.088767646078032,0.2183529933757847
12660,0.1533611745378922,6,39,6,380154,225456,44970,62986,2.088406387787617,0.2183662573411639
12661,0.1533654745973003,5,34,5,380188,225422,44975,62981,2.0880914446626404,0.21837844960003883
12662,0.153374749023503,0,2,0,380190,225420,44975,62981,2.088072918596465,0.2183799640084466
12663,0.1533779875673907,1,3,1,380193,225417,44976,62980,2.0880451294972024,0.21837952544582642
12664,0.1533796265831928,0,1,0,380194,225416,44976,62980,2.088035866464115,0.21838028266688858
12665,0.1533813679142814,8,38,8,380232,225378,44984,62972,2.0876838712067878,0.2183873764522282
12666,0.1533845977519979,2,2,2,380234,225376,44986,62970,2.087665345140613,0.21838346985912757
12667,0.1533925582422602,0,2,0,380236,225374,44986,62970,2.087646819074438,0.21838498460172573
12668,0.1533928543689697,7,27,7,380263,225347,44993,62963,2.0873967171810737,0.21838645901980508
12669,0.1533946265044975,1,17,1,380280,225330,44994,62962,2.0872392456185853,0.21839662564344484
12670,0.1533990980818422,1,17,1,380297,225313,44995,62961,2.087081774056097,0.21840679353670467
12671,0.1533999156841495,1,8,1,380305,225305,44996,62960,2.0870076697913964,0.21841014344440013
12672,0.1534014819547143,1,1,1,380306,225304,44997,62959,2.0869984067583087,0.21840818974339404
12673,0.153401892452217,2,14,2,380320,225290,44999,62957,2.086868724295083,0.21841337464049929
12674,0.1534035410018583,5,11,5,380331,225279,45004,62952,2.0867668309311203,0.2184081517949145
12675,0.1534058299534727,0,3,0,380334,225276,45004,62952,2.086739041831857,0.21841042508014488
12676,0.1534075712766166,1,0,1,380334,225276,45005,62951,2.086739041831857,0.21840771336481316
12677,0.1534098532936637,1,14,1,380348,225262,45006,62950,2.0866093593686315,0.2184156107309897
12678,0.1534107186661546,5,26,5,380374,225236,45011,62945,2.0863685205083553,0.21842175577154635
12679,0.1534127527244708,1,0,1,380374,225236,45012,62944,2.0863685205083553,0.21841904365327225
12680,0.1534161332457692,130,855,130,381229,224381,45142,62814,2.0784486272184965,0.21871550688556557
12681,0.1534168687875589,9,29,9,381258,224352,45151,62805,2.0781799992589574,0.21871310816034434
12682,0.1534177143313099,0,7,0,381265,224345,45151,62805,2.0781151580273445,0.218718439839805
12683,0.1534188431012847,0,1,0,381266,224344,45151,62805,2.078105894994257,0.2187192015295195
12684,0.1534198387502741,7,17,7,381283,224327,45158,62798,2.0779484234317684,0.21871310404875924
12685,0.153420612666448,0,1,0,381284,224326,45158,62798,2.0779391603986808,0.21871386578621083
12686,0.1534217557458616,0,7,0,381291,224319,45158,62798,2.077874319167068,0.21871919809694307
12687,0.1534223902919539,0,1,0,381292,224318,45158,62798,2.0778650561339806,0.2187199598768442
12688,0.1534273092754246,0,1,0,381293,224317,45158,62798,2.077855793100893,0.21872072166205178
12689,0.1534286686026656,2,2,2,381295,224315,45160,62796,2.077837267034718,0.21871680290897946
12690,0.1534293345094778,0,5,0,381300,224310,45160,62796,2.07779095186928,0.21872061189943784
12691,0.1534325427479285,1,0,1,381300,224310,45161,62795,2.07779095186928,0.2187178906671775
12692,0.1534330973404901,1,10,1,381310,224300,45162,62794,2.0776983215384046,0.2187227876583976
12693,0.153433102643824,6,41,6,381351,224259,45168,62788,2.077318537181815,0.21873769800764334
12694,0.1534333039212137,2,9,2,381360,224250,45170,62786,2.077235169884027,0.21873911286389164
12695,0.1534377768456702,1,5,1,381365,224245,45171,62785,2.0771888547185893,0.21874020137267883
12696,0.1534386557671392,15,49,15,381414,224196,45186,62770,2.0767349660972987,0.21873671445397713
12697,0.1534387375366634,1,4,1,381418,224192,45187,62769,2.076697913964949,0.21873704092193713
12698,0.1534407592923286,8,54,8,381472,224138,45195,62761,2.0761977101782207,0.2187564264776106
12699,0.1534425756890815,3,2,3,381474,224136,45198,62758,2.076179184112046,0.2187497821495047
12700,0.1534428376716292,0,1,0,381475,224135,45198,62758,2.076169921078958,0.21875054462813662
12701,0.1534469971568019,1,1,1,381476,224134,45199,62757,2.0761606580458705,0.21874858395697322
12702,0.1534472300843439,1,4,1,381480,224130,45200,62756,2.07612360591352,0.21874891071714897
12703,0.1534481288123967,1,6,1,381486,224124,45201,62755,2.076068027714995,0.21875076251660108
12704,0.1534490362156486,6,25,6,381511,224099,45207,62749,2.075836451887806,0.21875348616688978
12705,0.153451609569036,4,32,4,381543,224067,45211,62745,2.0755400348290043,0.21876699719677
12706,0.1534538386116943,1,15,1,381558,224052,45212,62744,2.0754010893326913,0.2187757151424706
12707,0.1534650929788673,1,5,1,381563,224047,45213,62743,2.0753547741672533,0.2187768053279403
12708,0.1534741088545454,3,23,3,381586,224024,45216,62740,2.07514172440624,0.21878617957623692
12709,0.1534770341380292,6,29,6,381615,223995,45222,62734,2.0748730964467006,0.218791960352807
12710,0.1534780398304916,1,2,1,381617,223993,45223,62733,2.0748545703805252,0.21879076191206936
12711,0.1534803414305995,3,14,3,381631,223979,45226,62730,2.0747248879172995,0.21879327122622588
12712,0.1534846981114722,3,10,3,381641,223969,45229,62727,2.074632257586424,0.21879272818595308
12713,0.1534859139169711,0,1,0,381642,223968,45229,62727,2.0746229945533368,0.21879349134097212
12714,0.1534888421959905,5,16,5,381658,223952,45234,62722,2.0744747860239356,0.21879207741197318
12715,0.1534897187325742,1,3,1,381661,223949,45235,62721,2.074446996924673,0.21879164195765166
12716,0.1534903343898076,5,13,5,381674,223936,45240,62716,2.074326577494535,0.21878793798752494
12717,0.153490721195935,1,4,1,381678,223932,45241,62715,2.0742895253621847,0.21878826570660082
12718,0.1534909307770133,0,2,0,381680,223930,45241,62715,2.0742709992960093,0.21878979225173995
12719,0.153492489040506,0,1,0,381681,223929,45241,62715,2.074261736262922,0.2187905555322979
12720,0.1534960868094992,0,3,0,381684,223926,45241,62715,2.074233947163659,0.2187928454059259
12721,0.1535010881713635,0,4,0,381688,223922,45241,62715,2.074196895031309,0.21879589864532492
12722,0.1535016503575344,8,16,8,381704,223906,45249,62707,2.074048686501908,0.21878630766922644
12723,0.1535018178801734,5,15,5,381719,223891,45254,62702,2.0739097410055947,0.21878412940999956
12724,0.1535026314122313,0,2,0,381721,223889,45254,62702,2.0738912149394197,0.21878565621390764
12725,0.1535066756213227,1,23,1,381744,223866,45255,62701,2.073678165178406,0.2188004899377807
12726,0.1535074870085052,0,1,0,381745,223865,45255,62701,2.0736689021453185,0.21880125346342552
12727,0.1535084996540565,1,8,1,381753,223857,45256,62700,2.073594797880618,0.21880463572692344
12728,0.1535112756833525,4,26,4,381779,223831,45260,62696,2.073353959020342,0.21881358475815543
12729,0.1535126724098252,4,7,4,381786,223824,45264,62692,2.073289117788729,0.21880802468274024
12730,0.1535178282599592,2,20,2,381806,223804,45266,62690,2.0731038571269775,0.21881784609799856
12731,0.1535204337339299,0,2,0,381808,223802,45266,62690,2.0730853310608026,0.2188193736648842
12732,0.1535224010270125,0,7,0,381815,223795,45266,62690,2.0730204898291897,0.21882472031694505
12733,0.1535241228905563,0,1,0,381816,223794,45266,62690,2.073011226796102,0.21882548414571146
12734,0.1535246827864518,1,12,1,381828,223782,45267,62689,2.0729000703990517,0.21883192365021242
12735,0.1535256151817841,0,1,0,381829,223781,45267,62689,2.072890807365964,0.21883268754145285
12736,0.1535301574434467,0,1,0,381830,223780,45267,62689,2.0728815443328763,0.21883345143802646
12737,0.153530235909767,1,18,1,381848,223762,45268,62688,2.0727148097373003,0.2188444754756502
12738,0.1535306736596381,1,6,1,381854,223756,45269,62687,2.072659231538775,0.21884633242913948
12739,0.1535353766115156,0,1,0,381855,223755,45269,62687,2.0726499685056874,0.2188470964453537
12740,0.1535377513295475,0,6,0,381861,223749,45269,62687,2.072594390307162,0.21885168065466631
12741,0.1535411022482239,0,1,0,381862,223748,45269,62687,2.0725851272740745,0.21885244470822351
12742,0.1535443311453768,21,87,21,381949,223661,45290,62666,2.0717792433954574,0.21886165118902515
12743,0.1535448634619425,2,7,2,381956,223654,45292,62664,2.0717144021638445,0.2188615455542439
12744,0.1535451464573154,1,10,1,381966,223644,45293,62663,2.071621771832969,0.21886646152556521
12745,0.1535471897355736,10,32,10,381998,223612,45303,62653,2.0713253547741672,0.21886364033325764
12746,0.153549309365144,6,32,6,382030,223580,45309,62647,2.0710289377153654,0.21887173467213086
12747,0.1535496218925299,0,1,0,382031,223579,45309,62647,2.0710196746822778,0.2188724993536576
12748,0.1535497978085043,2,26,2,382057,223553,45311,62645,2.0707788358220016,0.21888692443692828
12749,0.15355007815059,2,3,2,382060,223550,45313,62643,2.070751046722739,0.2188837602596849
12750,0.1535501335489205,0,12,0,382072,223538,45313,62643,2.070639890325688,0.21889293838514787
12751,0.1535548624884591,19,66,19,382138,223472,45332,62624,2.0700285301419097,0.21889156087467143
12752,0.1535586700922409,5,4,5,382142,223468,45337,62619,2.0699914780095594,0.2188809697749286
12753,0.1535595598561925,1,3,1,382145,223465,45338,62618,2.069963688910297,0.21888053467000834
12754,0.1535605246779703,8,13,8,382158,223452,45346,62610,2.0698432694801587,0.21886863686893052
12755,0.1535684110371265,0,3,0,382161,223449,45346,62610,2.069815480380896,0.21887093222027623
12756,0.1535692116086091,0,1,0,382162,223448,45346,62610,2.0698062173478085,0.21887169734809026
12757,0.1535703899393208,5,6,5,382168,223442,45351,62605,2.0697506391492833,0.2188626344621688
12758,0.1535781939068695,2,8,2,382176,223434,45353,62603,2.0696765348845827,0.2188632939095292
12759,0.1535785828736914,0,5,0,382181,223429,45353,62603,2.0696302197191447,0.21886711976282375
12760,0.1535811562270788,0,2,0,382183,223427,45353,62603,2.06961169365297,0.21886865014159354
12761,0.1535815775407526,17,106,17,382289,223321,45370,62586,2.068629812145689,0.21890334969063366
12762,0.1535825109196411,0,1,0,382290,223320,45370,62586,2.0686205491126013,0.2189041153386078
12763,0.1535853964141751,1,5,1,382295,223315,45371,62585,2.0685742339471638,0.2189052116124519
12764,0.1535856605715663,2,23,2,382318,223292,45373,62583,2.06836118418615,0.2189173589855706
12765,0.1535876669521269,0,1,0,382319,223291,45373,62583,2.0683519211530625,0.21891812476825454
12766,0.15358829207266,5,36,5,382355,223255,45378,62578,2.0680184519619105,0.21893203373998105
12767,0.1535896485551178,0,3,0,382358,223252,45378,62578,2.067990662862648,0.21893433159570375
12768,0.1535989198226716,7,38,7,382396,223214,45385,62571,2.067638667605321,0.21894431128295747
12769,0.1535991373611089,5,13,5,382409,223201,45390,62566,2.0675182481751824,0.21894060545829294
12770,0.1535997454546938,0,5,0,382414,223196,45390,62566,2.067471933009745,0.2189444362791414
12771,0.153599852848122,2,1,2,382415,223195,45392,62564,2.067462669976657,0.21893973593132673
12772,0.1536011334545539,2,9,2,382424,223186,45394,62562,2.0673793026788694,0.2189411649425368
12773,0.1536027714629729,0,2,0,382426,223184,45394,62562,2.067360776612694,0.21894269736059296
12774,0.1536081764791192,0,1,0,382427,223183,45394,62562,2.0673515135796063,0.2189434635776654
12775,0.1536088607753134,3,13,3,382440,223170,45397,62559,2.0672310941494683,0.21894522432094748
12776,0.1536122925422072,17,98,17,382538,223072,45414,62542,2.066323316906888,0.2189738598247985
12777,0.153617825487847,6,33,6,382571,223039,45420,62536,2.0660176368149985,0.21898275409262016
12778,0.1536178570788544,0,6,0,382577,223033,45420,62536,2.0659620586164733,0.21898735507005312
12779,0.1536200483767452,7,45,7,382622,222988,45427,62529,2.0655452221275334,0.21900272137911228
12780,0.1536298166747453,22,156,22,382778,222832,45449,62507,2.0641001889658748,0.2190622382499413
12781,0.1536408223413953,2,8,2,382786,222824,45451,62505,2.0640260847011747,0.2190629063291849
12782,0.1536408895077717,1,7,1,382793,222817,45452,62504,2.063961243469562,0.21906554372093187
12783,0.1536410751390891,0,6,0,382799,222811,45452,62504,2.063905665271036,0.21907015053537318
12784,0.153641146264115,1,8,1,382807,222803,45453,62503,2.063831561006336,0.2190735561116836
12785,0.1536453438148704,3,15,3,382822,222788,45456,62500,2.0636926155100226,0.21907686267911725
12786,0.1536464426310869,1,9,1,382831,222779,45457,62499,2.063609248212235,0.21908103674310672
12787,0.1536472067832731,1,6,1,382837,222773,45458,62498,2.063553670013709,0.21908290713041284
12788,0.153647392997211,0,2,0,382839,222771,45458,62498,2.0635351439475342,0.21908444310457847
12789,0.1536492905121144,1,8,1,382847,222763,45459,62497,2.0634610396828337,0.2190878496809928
12790,0.1536502502348687,1,5,1,382852,222758,45460,62496,2.063414724517396,0.21908895230215877
12791,0.1536542748036129,0,1,0,382853,222757,45460,62496,2.0634054614843085,0.21908972035351074
12792,0.1536549712763617,0,1,0,382854,222756,45460,62496,2.063396198451221,0.21909048841024778
12793,0.1536558796055601,0,3,0,382857,222753,45460,62496,2.063368409351958,0.2190927926127699
12794,0.1536564674783786,12,93,12,382950,222660,45472,62484,2.062506947274816,0.21913138624694892
12795,0.1536695394164319,16,74,16,383024,222586,45488,62468,2.061821482826337,0.21914444280732773
12796,0.1536697740494973,2,1,2,383025,222585,45490,62466,2.061812219793249,0.2191397328899039
12797,0.1536717188827079,4,6,4,383031,222579,45494,62462,2.061756641594724,0.21913338782841765
12798,0.1536724223135057,2,0,2,383031,222579,45496,62460,2.061756641594724,0.2191279088124783
12799,0.1536734987873434,5,7,5,383038,222572,45501,62455,2.061691800363111,0.21911959217898655
12800,0.1536738778034196,4,23,4,383061,222549,45505,62451,2.061478750602097,0.2191263157894737
12801,0.1536748768135608,3,14,3,383075,222535,45508,62448,2.0613490681388713,0.21912886031798387
12802,0.1536769765568028,0,1,0,383076,222534,45508,62448,2.0613398051057836,0.21912962923974147
12803,0.1536784942311173,0,1,0,383077,222533,45508,62448,2.0613305420726964,0.21913039816689533
12804,0.1536788586470572,7,26,7,383103,222507,45515,62441,2.06108970321242,0.21913120990496512
12805,0.1536801218661205,7,25,7,383128,222482,45522,62434,2.060858127385231,0.21913125272009995
12806,0.1536856548117603,2,8,2,383136,222474,45524,62432,2.0607840231205308,0.21913192421360028
12807,0.1536878012000114,1,10,1,383146,222464,45525,62431,2.060691392789655,0.21913687498903103
12808,0.1536900713360131,0,3,0,383149,222461,45525,62431,2.0606636036903923,0.21913918256742906
12809,0.1536905440162788,5,39,5,383188,222422,45530,62426,2.0603023453999776,0.219155479413582
12810,0.1536921818407251,6,43,6,383231,222379,45536,62420,2.059904034977213,0.2191721178796274
12811,0.1536944006281894,1,9,1,383240,222370,45537,62419,2.059820667679425,0.21917630245550215
12812,0.1536944322908371,18,150,18,383390,222220,45555,62401,2.058431212716292,0.21924243116284461
12813,0.1536999706806912,0,1,0,383391,222219,45555,62401,2.058421949683204,0.21924320146159793
12814,0.153702511012431,1,4,1,383395,222215,45556,62400,2.058384897550854,0.21924353951829664
12815,0.1537035393230496,0,2,0,383397,222213,45556,62400,2.058366371484679,0.21924508016148245
12816,0.153708103477434,5,41,5,383438,222172,45561,62395,2.0579865871280894,0.2192629503772398
12817,0.1537087092805276,1,17,1,383455,222155,45562,62394,2.057829115565601,0.2192733061792521
12818,0.1537106258234306,7,16,7,383471,222139,45569,62387,2.0576809070362,0.21926642907853763
12819,0.1537127153054353,1,0,1,383471,222139,45570,62386,2.0576809070362,0.21926368508918373
12820,0.1537128820362963,2,4,2,383475,222135,45572,62384,2.0576438549038496,0.21926127956305203
12821,0.1537145846745669,11,34,11,383509,222101,45583,62373,2.057328911778873,0.21925729592159565
12822,0.1537167176945276,57,378,57,383887,221723,45640,62316,2.0538274852717775,0.21939240738067659
12823,0.1537171198360277,0,3,0,383890,221720,45640,62316,2.053799696172515,0.21939472461237308
12824,0.1537184984987816,8,36,8,383926,221684,45648,62308,2.053466226981363,0.21940054649426743
12825,0.1537210389364324,1,3,1,383929,221681,45649,62307,2.0534384378821002,0.21940011549783794
12826,0.153724475326276,0,2,0,383931,221679,45649,62307,2.053419911815925,0.21940166064524308
12827,0.153727822772484,7,45,7,383976,221634,45656,62300,2.053003075326985,0.21941718850155317
12828,0.1537286840191517,0,2,0,383978,221632,45656,62300,2.05298454926081,0.21941873406308554
12829,0.1537306801125967,6,12,6,383990,221620,45662,62294,2.0528733928637592,0.21941151193671324
12830,0.1537306879451602,1,47,1,384037,221573,45663,62293,2.0524380303086445,0.21944509028908005
12831,0.1537333341821417,0,2,0,384039,221571,45663,62293,2.052419504242469,0.21944663641743933
12832,0.1537374273488904,0,2,0,384041,221569,45663,62293,2.052400978176294,0.21944818256758566
12833,0.153738509937431,5,26,5,384067,221543,45668,62288,2.0521601393160176,0.21945453456458244
12834,0.1537429113015412,2,5,2,384072,221538,45670,62286,2.05211382415058,0.21945290038897344
12835,0.153743681285455,6,52,6,384124,221486,45676,62280,2.051632146430027,0.21947661101048047
12836,0.1537466599798437,0,1,0,384125,221485,45676,62280,2.0516228833969397,0.2194773844554473
12837,0.1537473993620448,28,138,28,384263,221347,45704,62252,2.050344584830857,0.21950712097010214
12838,0.1537591049960686,1,11,1,384274,221336,45705,62251,2.050242691466894,0.21951288317165454
12839,0.1537600111646385,1,3,1,384277,221333,45706,62250,2.0502149023676313,0.21951245314422937
12840,0.1537664569561886,2,1,2,384278,221332,45708,62248,2.0502056393345436,0.21950772268848298
12841,0.153772441219736,13,53,13,384331,221279,45721,62235,2.049714698580903,0.2195129693771736
12842,0.153775898184883,3,2,3,384333,221277,45724,62232,2.0496961725147282,0.21950625906055893
12843,0.1537773494550767,26,111,26,384444,221166,45750,62206,2.04866797584201,0.21952063012577108
12844,0.1537806918455063,2,6,2,384450,221160,45752,62204,2.0486123976434842,0.21951976962493472
12845,0.1537812540316773,4,28,4,384478,221132,45756,62200,2.0483530327170327,0.21953044484915224
12846,0.1537850723097661,1,1,1,384479,221131,45757,62199,2.0483437696839455,0.21952846504076517
12847,0.1537858701980374,14,71,14,384550,221060,45771,62185,2.047686094334729,0.21954491694469452
12848,0.1537859807708172,0,2,0,384552,221058,45771,62185,2.0476675682685537,0.2195464671677676
12849,0.1537863612446566,1,5,1,384557,221053,45772,62184,2.047621253103116,0.2195475873561717
12850,0.1537879772050883,22,107,22,384664,220946,45794,62162,2.0466301085627476,0.21956991678087515
12851,0.1537952766027704,3,10,3,384674,220936,45797,62159,2.046537478231872,0.21956940249739487
12852,0.1537958610413265,2,5,2,384679,220931,45799,62157,2.0464911630664346,0.2195677669134686
12853,0.1537975383178433,0,1,0,384680,220930,45799,62157,2.046481900033347,0.21956854253286093
12854,0.1537982654378579,66,411,66,385091,220519,45865,62091,2.042674793434362,0.21970560135876296
12855,0.1537985172690735,3,9,3,385100,220510,45868,62088,2.0425914261365743,0.21970431496330475
12856,0.1537987753972446,1,1,1,385101,220509,45869,62087,2.0425821631034866,0.21970233124318816
12857,0.1538016963558899,1,2,1,385103,220507,45870,62086,2.0425636370373117,0.21970112493940047
12858,0.1538080231526155,0,1,0,385104,220506,45870,62086,2.042554374004224,0.2197019023893104
12859,0.1538112357001348,6,24,6,385128,220482,45876,62080,2.042332061210123,0.2197039941676517
12860,0.1538115228437205,3,9,3,385137,220473,45879,62077,2.0422486939123345,0.21970270748540083
12861,0.1538170107391332,6,13,6,385150,220460,45885,62071,2.0421282744821965,0.21969624572170843
12862,0.1538199032168275,16,90,16,385240,220370,45901,62055,2.0412946015043167,0.21972205010179693
12863,0.1538203059190651,1,2,1,385242,220368,45902,62054,2.0412760754381414,0.2197208432770818
12864,0.1538233580430415,1,23,1,385265,220345,45903,62053,2.041063025677128,0.21973597546724835
12865,0.1538239789488799,5,29,5,385294,220316,45908,62048,2.0407943977175886,0.2197447266648723
12866,0.1538271036166665,5,14,5,385308,220302,45913,62043,2.040664715254363,0.21974180523827233
12867,0.1538299863236363,1,2,1,385310,220300,45914,62042,2.040646189188188,0.21974059828151674
12868,0.1538309547712585,0,4,0,385314,220296,45914,62042,2.0406091370558377,0.2197437114380636
12869,0.1538316471930342,3,1,3,385315,220295,45917,62039,2.04059987402275,0.21973619897001423
12870,0.1538401203878086,0,1,0,385316,220294,45917,62039,2.0405906109896623,0.21973697725735214
12871,0.1538401724814734,4,1,4,385317,220293,45921,62035,2.040581347956575,0.21972670085857585
12872,0.1538453595837909,0,4,0,385321,220289,45921,62035,2.040544295824225,0.21972981397259886
12873,0.1538478930989758,7,63,7,385384,220226,45928,62028,2.039960724739709,0.21975950739404934
12874,0.1538480134407874,3,3,3,385387,220223,45931,62025,2.0399329356404463,0.21975355006944247
12875,0.1538517611908977,1,0,1,385387,220223,45932,62024,2.0399329356404463,0.21975078565936929
12876,0.1538534908796414,3,7,3,385394,220216,45935,62021,2.0398680944088334,0.21974794233215347
12877,0.1538566649168997,0,2,0,385396,220214,45935,62021,2.039849568342658,0.21974949953053308
12878,0.153859459883949,4,39,4,385435,220175,45939,62017,2.0394883100522434,0.219768809888303
12879,0.1538595224371569,1,0,1,385435,220175,45940,62016,2.0394883100522434,0.2197660449837167
12880,0.1538604915175664,6,21,6,385456,220154,45946,62010,2.0392937863574048,0.21976580995449455
12881,0.1538636903652398,1,3,1,385459,220151,45947,62009,2.039265997258142,0.21976538134391835
12882,0.1538654584043692,0,1,0,385460,220150,45947,62009,2.0392567342250545,0.21976616021463075
12883,0.1538671426373563,7,22,7,385482,220128,45954,62002,2.0390529474971286,0.2197639386098607
12884,0.1538689225419917,2,9,2,385491,220119,45956,62000,2.0389695801993404,0.21976541813915404
12885,0.1538732279434978,3,17,3,385508,220102,45959,61997,2.038812108636852,0.2197703643047299
12886,0.1538754355524092,5,16,5,385524,220086,45964,61992,2.0386639001074514,0.21976900006381214
12887,0.1538787038575885,0,4,0,385528,220082,45964,61992,2.038626847975101,0.21977211653679532
12888,0.1538790682735284,13,88,13,385616,219994,45977,61979,2.0378117010633963,0.21980473307728046
12889,0.1538811970731954,0,1,0,385617,219993,45977,61979,2.0378024380303086,0.21980551260408834
12890,0.1538837551040973,16,87,16,385704,219906,45993,61963,2.0369965541516915,0.21982906953230047
12891,0.1538886968167966,4,7,4,385711,219899,45997,61959,2.0369317129200786,0.21982345720185342
12892,0.1538911873669548,1,32,1,385743,219867,45998,61958,2.036635295861277,0.21984564889559124
12893,0.1538937824309152,12,47,12,385790,219820,46010,61946,2.0361999333061616,0.21984909463881377
12894,0.1538974607529972,5,46,5,385836,219774,46015,61941,2.0357738337841345,0.21987114637133273
12895,0.1538979347670794,0,1,0,385837,219773,46015,61941,2.0357645707510468,0.219871926847796
12896,0.1538982053218964,0,2,0,385839,219771,46015,61941,2.0357460446848714,0.21987348781734536
12897,0.1538991382222141,0,2,0,385841,219769,46015,61941,2.0357275186186965,0.21987504880905895
12898,0.1539001803071624,0,4,0,385845,219765,46015,61941,2.035690466486346,0.21987817085898065
12899,0.1539005621151432,2,15,2,385860,219750,46017,61939,2.035551520990033,0.21988434053157915
12900,0.1539019878777788,10,28,10,385888,219722,46027,61929,2.0352921560635813,0.21987850211786927
12901,0.1539031029863483,1,2,1,385890,219720,46028,61928,2.0352736299974064,0.21987729364312902
12902,0.1539081390600836,0,1,0,385891,219719,46028,61928,2.0352643669643187,0.2198780743270832
12903,0.1539109793799686,15,58,15,385949,219661,46043,61913,2.0347271110452407,0.21988180726913706
12904,0.1539138751027377,1,3,1,385952,219658,46044,61912,2.034699321945978,0.21988137940831765
12905,0.1539221699862673,0,11,0,385963,219647,46044,61912,2.034597428582015,0.21988996977542896
12906,0.1539271729125621,4,18,4,385981,219629,46048,61908,2.034430693986439,0.21989294479944022
12907,0.1539275673198478,31,172,31,386153,219457,46079,61877,2.0328374522953796,0.21994142193975844
12908,0.1539283220552874,0,3,0,386156,219454,46079,61877,2.032809663196117,0.21994376730612694
12909,0.1539314159718568,0,1,0,386157,219453,46079,61877,2.0328004001630293,0.21994454910603206
12910,0.1539326197689264,0,1,0,386158,219452,46079,61877,2.0327911371299416,0.2199453309114951
12911,0.1539331683763783,1,8,1,386166,219444,46080,61876,2.0327170328652415,0.21994881273994027
12912,0.1539374780459189,0,1,0,386167,219443,46080,61876,2.032707769832154,0.21994959458834987
12913,0.1539431105798006,2,2,2,386169,219441,46082,61874,2.032689243765979,0.21994561256953948
12914,0.1539452938835551,0,5,0,386174,219436,46082,61874,2.032642928600541,0.21994952187977676
12915,0.1539460330667102,1,6,1,386180,219430,46083,61873,2.0325873504020158,0.21995144026192398
12916,0.153946557397176,0,7,0,386187,219423,46083,61873,2.032522509170403,0.21995691371366816
12917,0.1539563335364842,1,2,1,386189,219421,46084,61872,2.0325039831042275,0.2199557045500599
12918,0.1539642133200446,2,47,2,386236,219374,46086,61870,2.0320686205491127,0.21998691527641479
12919,0.1539653028474275,21,101,21,386337,219273,46107,61849,2.0311330542072694,0.2200076834968448
12920,0.1539665382658271,0,1,0,386338,219272,46107,61849,2.031123791174182,0.22000846610534253
12921,0.1539683632405081,7,54,7,386392,219218,46114,61842,2.030623587387454,0.22003131004056073
12922,0.1539713049070295,6,19,6,386411,219199,46120,61836,2.030447589758791,0.22002953368797482
12923,0.153976638102802,2,4,2,386415,219195,46122,61834,2.0304105376264405,0.22002711463941443
12924,0.1539773214814375,2,18,2,386433,219177,46124,61832,2.0302438030308645,0.2200356572209431
12925,0.153981784999305,1,8,1,386441,219169,46125,61831,2.030169698766164,0.2200391459074733
12926,0.1539912847959748,5,21,5,386462,219148,46130,61826,2.0299751750713253,0.22004171204453082
12927,0.15399147058335,9,54,9,386516,219094,46139,61817,2.0294749712845976,0.22005902225259957
12928,0.1539916510184192,3,2,3,386518,219092,46142,61814,2.0294564452184223,0.22005225947469972
12929,0.153992142257771,0,2,0,386520,219090,46142,61814,2.0294379191522474,0.2200538262182098
12930,0.1539968401589377,5,25,5,386545,219065,46147,61809,2.0292063433250584,0.22005952847184146
12931,0.153998517299747,25,91,25,386636,218974,46172,61784,2.028363407314091,0.22006140519593387
12932,0.1540098366624107,7,18,7,386654,218956,46179,61777,2.028196672718515,0.2200560675089854
12933,0.154011863757249,0,1,0,386655,218955,46179,61777,2.0281874096854273,0.22005685137426442
12934,0.1540161609990832,12,66,12,386721,218889,46191,61765,2.027576049501649,0.220075252802383
12935,0.1540225149756841,2,14,2,386735,218875,46193,61763,2.027446367038423,0.22008067332292847
12936,0.154023329088958,2,9,2,386744,218866,46195,61761,2.0273629997406353,0.22008217313373268
12937,0.1540233840930144,1,9,1,386753,218857,46196,61760,2.027279632442847,0.2200864523532074
12938,0.1540241628603975,0,1,0,386754,218856,46196,61760,2.0272703694097594,0.22008723665079682
12939,0.1540280816417485,2,13,2,386767,218843,46198,61758,2.0271499499796213,0.22009187422710538
12940,0.1540358137283115,9,63,9,386830,218780,46207,61749,2.0265663788951054,0.2201162803132653
12941,0.1540379412520258,0,3,0,386833,218777,46207,61749,2.026538589795843,0.2201186342798885
12942,0.1540382879616873,75,386,75,387219,218391,46282,61674,2.022963059024047,0.22021316480102834
12943,0.1540402672106342,0,1,0,387220,218390,46282,61674,2.022953795990959,0.22021395109689215
12944,0.1540405260380114,4,14,4,387234,218376,46286,61670,2.0228241135277334,0.22021382201495468
12945,0.1540433286953949,12,40,12,387274,218336,46298,61658,2.0224535922042315,0.22021186168275034
12946,0.1540455692102621,1,2,1,387276,218334,46299,61657,2.022435066138056,0.22021064962802375
12947,0.154049070880804,1,0,1,387276,218334,46300,61656,2.022435066138056,0.22020786456659167
12948,0.1540503620921311,1,0,1,387276,218334,46301,61655,2.022435066138056,0.2202050794852655
12949,0.1540529099360379,0,8,0,387284,218326,46301,61655,2.022360961873356,0.22021137148592226
12950,0.1540591141198882,2,3,2,387287,218323,46303,61653,2.022333172774093,0.22020816069948854
12951,0.1540592827651844,2,0,2,387287,218323,46305,61651,2.022333172774093,0.22020259024052233
12952,0.1540592999072633,7,21,7,387308,218302,46312,61644,2.0221386490792543,0.2201996099247712
12953,0.1540628850496573,2,3,2,387311,218299,46314,61642,2.0221108599799917,0.22019639852683243
12954,0.1540675939230193,11,20,11,387331,218279,46325,61631,2.021925599318241,0.22018148690650566
12955,0.1540706882009478,1,0,1,387331,218279,46326,61630,2.021925599318241,0.2201787009349467
12956,0.154071459782029,0,6,0,387337,218273,46326,61630,2.0218700211197156,0.22018342068502303
12957,0.1540724169053726,3,22,3,387359,218251,46329,61627,2.0216662343917893,0.22019236953243915
12958,0.1540772210740462,1,7,1,387366,218244,46330,61626,2.0216013931601764,0.22019509057776826
12959,0.1540778929260624,1,3,1,387369,218241,46331,61625,2.021573604060914,0.22019466458948211
12960,0.1540822948296988,1,6,1,387375,218235,46332,61624,2.0215180258623886,0.22019659900164013
12961,0.1540884203015655,1,9,1,387384,218226,46333,61623,2.0214346585646004,0.2202008940535789
12962,0.1540885672150057,4,12,4,387396,218214,46337,61619,2.0213235021675495,0.22019919023131654
12963,0.1540889064432678,2,17,2,387413,218197,46339,61617,2.021166030605061,0.22020699464644372
12964,0.1540928448241219,1,4,1,387417,218193,46340,61616,2.021128978472711,0.22020735573194572
12965,0.154103195762962,11,80,11,387497,218113,46351,61605,2.0203879358257066,0.22023966995331012
12966,0.154103839201422,4,27,4,387524,218086,46355,61601,2.020137833932343,0.2202497792174824
12967,0.1541052665202509,1,4,1,387528,218082,46356,61600,2.0201007817999925,0.22025014123182757
12968,0.1541066420101482,2,5,2,387533,218077,46358,61598,2.020054466634555,0.22024850272637883
12969,0.1541103295200467,10,39,10,387572,218038,46368,61588,2.0196932083441403,0.22025133571270197
12970,0.1541111580193082,4,10,4,387582,218028,46372,61584,2.019600578013265,0.2202480580232608
12971,0.1541130468802576,3,32,3,387614,217996,46375,61581,2.019304160954463,0.22026490018849906
12972,0.154113440053423,158,916,158,388530,217080,46533,61423,2.0108192226462633,0.2205469959030962
12973,0.154117522967074,11,10,11,388540,217070,46544,61412,2.010726592315388,0.2205241272326398
12974,0.1541187519994303,3,20,3,388560,217050,46547,61409,2.0105413316536365,0.2205315683817007
12975,0.1541190682459159,6,44,6,388604,217006,46553,61403,2.0101337581977843,0.2205496230366116
12976,0.1541196617843763,2,5,2,388609,217001,46555,61401,2.0100874430323463,0.22054798456907637
12977,0.154121407462151,13,80,13,388689,216921,46568,61388,2.009346400385342,0.22057497242273874
12978,0.1541215201263454,0,3,0,388692,216918,46568,61388,2.0093186112860795,0.22057735011102886
12979,0.1541218149539644,0,1,0,388693,216917,46568,61388,2.009309348252992,0.22057814268518353
12980,0.1541289227219222,6,38,6,388731,216879,46574,61382,2.008957352995665,0.22059145909775354
12981,0.1541316415287478,0,2,0,388733,216877,46574,61382,2.00893882692949,0.22059304460951848
12982,0.1541322598475975,6,23,6,388756,216854,46580,61376,2.008725777168476,0.2205944721992596
12983,0.154132548039631,7,33,7,388789,216821,46587,61369,2.008420097076587,0.22060102807433768
12984,0.1541341850618003,1,17,1,388806,216804,46588,61368,2.0082626255140985,0.22061170786419912
12985,0.1541355682845843,0,4,0,388810,216800,46588,61368,2.0082255733817482,0.22061488021627218
12986,0.1541374209431751,0,1,0,388811,216799,46588,61368,2.0082163103486605,0.22061567331854606
12987,0.154140246229286,5,13,5,388824,216786,46593,61363,2.0080958909185225,0.2206119741577356
12988,0.1541414243984908,3,12,3,388836,216774,46596,61360,2.0079847345214716,0.22061308577879726
12989,0.1541418688831902,1,7,1,388843,216767,46597,61359,2.0079198932898588,0.22061583598800544
12990,0.1541488203376053,0,1,0,388844,216766,46597,61359,2.007910630256771,0.22061662921348316
12991,0.1541529307510572,0,1,0,388845,216765,46597,61359,2.007901367223684,0.22061742244466498
12992,0.1541589513847689,2,0,2,388845,216765,46599,61357,2.007901367223684,0.22061181783533845
12993,0.154159174065647,0,9,0,388854,216756,46599,61357,2.0078179999258956,0.22061895704264095
12994,0.1541632245494443,1,2,1,388856,216754,46600,61356,2.0077994738597207,0.22061774118154687
12995,0.1541653603863543,2,12,2,388868,216742,46602,61354,2.00768831746267,0.22062165583107993
12996,0.1541663788638542,17,60,17,388928,216682,46619,61337,2.0071325354774165,0.2206216121919725
12997,0.1541696187257198,15,43,15,388971,216639,46634,61322,2.006734225054652,0.2206136832145517
12998,0.1541710250868754,0,15,0,388986,216624,46634,61322,2.0065952795583386,0.22062558914321487
12999,0.1541750418357787,0,4,0,388990,216620,46634,61322,2.0065582274259883,0.22062876427456088
13000,0.1541757238996714,0,1,0,388991,216619,46634,61322,2.0065489643929006,0.22062955807167708
13001,0.1541805050448074,5,12,5,389003,216607,46639,61317,2.0064378079958503,0.22062506296685425
13002,0.1541807084008359,2,7,2,389010,216600,46641,61315,2.0063729667642374,0.22062501124444525
13003,0.1541816425850646,0,1,0,389011,216599,46641,61315,2.0063637037311497,0.22062580510517643
13004,0.1541820502245019,2,19,2,389030,216580,46643,61313,2.006187706102486,0.22063528048565456
13005,0.1541838006443392,2,23,2,389053,216557,46645,61311,2.0059746563414724,0.22064793355118256
13006,0.1541852793626858,7,28,7,389081,216529,46652,61304,2.005715291415021,0.22065053467370688
13007,0.1541853869447522,6,30,6,389111,216499,46658,61298,2.0054374004223945,0.22065753049888948
13008,0.1541909391947102,1,3,1,389114,216496,46659,61297,2.0054096113231314,0.22065710799048213
13009,0.1541966278648469,71,437,71,389551,216059,46730,61226,2.0013616658638704,0.22080530861748743
13010,0.1542037630733181,1,1,1,389552,216058,46731,61225,2.0013524028307828,0.22080329482874897
13011,0.1542046270228854,4,4,4,389556,216054,46735,61221,2.001315350698433,0.22079523938328374
13012,0.154213665002443,17,73,17,389629,215981,46752,61204,2.000639149283041,0.22080559914858308
13013,0.1542155844708045,5,2,5,389631,215979,46757,61199,2.000620623216866,0.22079313654041807
13014,0.1542182705827158,3,31,3,389662,215948,46760,61196,2.000333469191152,0.22080939872412897
13015,0.1542209060657188,0,1,0,389663,215947,46760,61196,2.0003242061580644,0.22081019545866212
13016,0.1542263954604387,16,26,16,389689,215921,46776,61180,2.000083367297788,0.22078592282236442
13017,0.1542303680809355,1,3,1,389692,215918,46777,61179,2.000055578198525,0.22078550110611087
13018,0.1542330045411186,1,3,1,389695,215915,46778,61178,2.0000277890992626,0.22078507937768185
13019,0.1542351638683896,8,33,8,389728,215882,46786,61170,1.9997221090073733,0.22078887717829143
13020,0.154236188668191,1,0,1,389728,215882,46787,61169,1.9997221090073733,0.22078606465957532
13021,0.1542398761780896,0,11,0,389739,215871,46787,61169,1.9996202156434102,0.22079483107132544
13022,0.1542428797465083,0,5,0,389744,215866,46787,61169,1.9995739004779725,0.2207988160340751
13023,0.1542450316488181,0,1,0,389745,215865,46787,61169,1.999564637444885,0.22079961304388632
13024,0.1542471003063238,0,2,0,389747,215863,46787,61169,1.9995461113787099,0.22080120708077045
13025,0.1542498795484152,0,2,0,389749,215861,46787,61169,1.9995275853125347,0.2208028011406707
13026,0.1542531086865992,7,17,7,389766,215844,46794,61162,1.9993701137500464,0.22079666144415644
13027,0.1542592633626196,51,361,51,390127,215483,46845,61111,1.9960261588054393,0.22094116285964266
13028,0.154260190426075,0,3,0,390130,215480,46845,61111,1.9959983697061765,0.22094355926259351
13029,0.1542611988683475,3,13,3,390143,215467,46848,61108,1.9958779502760384,0.22094549398897226
13030,0.1542621876242216,0,4,0,390147,215463,46848,61108,1.9958408981436881,0.22094868948660562
13031,0.1542659077417095,12,54,12,390201,215409,46860,61096,1.9953406943569603,0.22095802969204897
13032,0.154267840660021,10,65,10,390266,215344,46870,61086,1.9947385972062692,0.22098180371160872
13033,0.1542691436594153,2,1,2,390267,215343,46872,61084,1.9947293341731818,0.22097696679412648
13034,0.1542708766109916,0,3,0,390270,215340,46872,61084,1.994701545073919,0.2209793650334269
13035,0.1542720851874352,0,3,0,390273,215337,46872,61084,1.9946737559746563,0.2209817633247836
13036,0.1542737979793982,0,13,0,390286,215324,46872,61084,1.994553336544518,0.2209921565222425
13037,0.154275380786967,3,15,3,390301,215309,46875,61081,1.9944143910482048,0.22099569448967038
13038,0.1542774307005174,6,37,6,390338,215272,46881,61075,1.9940716588239653,0.2210083699117414
13039,0.1542791405866933,0,21,0,390359,215251,46881,61075,1.9938771351291267,0.22102516592720192
13040,0.1542897986176328,0,2,0,390361,215249,46881,61075,1.9938586090629515,0.22102676568086738
13041,0.1542944208178604,8,90,8,390451,215159,46889,61067,1.9930249360850716,0.22107622019650575
13042,0.1542949126818151,2,11,2,390462,215148,46891,61065,1.9929230427211087,0.22107938438813524
13043,0.1542949431741491,2,13,2,390475,215135,46893,61063,1.9928026232909704,0.22108414977660953
13044,0.1542967117661273,3,17,3,390492,215118,46896,61060,1.992645151728482,0.22108929748205866
13045,0.1542980075155612,0,1,0,390493,215117,46896,61060,1.9926358886953943,0.2210900980168515
13046,0.1543006795745586,5,32,5,390525,215085,46901,61055,1.9923394716365928,0.22110161512276383
13047,0.154307809381847,8,24,8,390549,215061,46909,61047,1.9921171588424913,0.22109826589595374
13048,0.1543108568823868,0,15,0,390564,215046,46909,61047,1.991978213346178,0.2211102780584803
13049,0.1543120986695073,11,68,11,390632,214978,46920,61036,1.9913483270962244,0.22113371060888215
13050,0.1543179756030665,1,9,1,390641,214969,46921,61035,1.9912649597984364,0.22113809944783408
13051,0.1543200431845376,0,1,0,390642,214968,46921,61035,1.9912556967653487,0.22113890066412323
13052,0.1543208292511309,0,2,0,390644,214966,46921,61035,1.9912371706991738,0.22114050311411915
13053,0.1543240964053182,1,6,1,390650,214960,46922,61034,1.9911815925006484,0.22114248860482474
13054,0.154325142981239,0,2,0,390652,214958,46922,61034,1.9911630664344733,0.22114409113307631
13055,0.1543274617672199,1,11,1,390663,214947,46923,61033,1.9910611730705101,0.22115008333937242
13056,0.1543309262656069,0,28,0,390691,214919,46923,61033,1.9908018081440586,0.22117252275758104
13057,0.1543321984883179,3,32,3,390723,214887,46926,61030,1.990505391085257,0.22118970559987242
13058,0.1543341311545499,2,5,2,390728,214882,46928,61028,1.990459075919819,0.22118806857308543
13059,0.1543356699839343,2,18,2,390746,214864,46930,61026,1.9902923413242433,0.22119685381855086
13060,0.1543365651369496,18,57,18,390803,214807,46948,61008,1.9897643484382526,0.22119174084078097
13061,0.1543385342866415,0,1,0,390804,214806,46948,61008,1.989755085405165,0.221192542800583
13062,0.1543391384903371,7,65,7,390869,214741,46955,61001,1.989152988254474,0.2212249131434457
13063,0.1543417673380117,1,0,1,390869,214741,46956,61000,1.989152988254474,0.22122208884424152
13064,0.1543434285630481,8,30,8,390899,214711,46964,60992,1.9888750972618474,0.22122356303703622
13065,0.1543441253819724,3,28,3,390927,214683,46967,60989,1.988615732335396,0.22123755767723963
13066,0.1543504962105147,2,2,2,390929,214681,46969,60987,1.9885972062692208,0.2212335127762381
13067,0.1543524243543218,2,11,2,390940,214670,46971,60985,1.9884953129052576,0.221236690791025
13068,0.1543535689002017,0,1,0,390941,214669,46971,60985,1.9884860498721701,0.2212374933793814
13069,0.1543574878843373,3,23,3,390964,214646,46974,60982,1.9882730001111564,0.22124747848549495
13070,0.1543622501417738,1,13,1,390977,214633,46975,60981,1.9881525806810183,0.22125508863845814
13071,0.1543636652744165,20,93,20,391070,214540,46995,60961,1.9872911186038758,0.2212732440172631
13072,0.1543647105264324,1,8,1,391078,214532,46996,60960,1.9872170143391752,0.22127684288472987
13073,0.1543763971473949,2,5,2,391083,214527,46998,60958,1.9871706991737375,0.22127520554658148
13074,0.1543786862063002,0,4,0,391087,214523,46998,60958,1.9871336470413872,0.22127841847532134
13075,0.1543804119685971,5,11,5,391098,214512,47003,60953,1.9870317536774242,0.2212731199970958
13076,0.1543807031173342,17,65,17,391163,214447,47020,60936,1.9864296565267332,0.22127727564882363
13077,0.1543821144630294,23,70,23,391233,214377,47043,60913,1.9857812442106044,0.22126848051146064
13078,0.1543846759444355,5,15,5,391248,214362,47048,60908,1.985642298714291,0.2212663929959676
13079,0.1543882919087551,0,1,0,391249,214361,47048,60908,1.9856330356812035,0.22126719681475213
13080,0.1543891425824086,21,104,21,391353,214257,47069,60887,1.9846696802400978,0.2212913965051028
13081,0.1543902893347883,2,1,2,391354,214256,47071,60885,1.9846604172070104,0.2212865403556722
13082,0.1543911642441806,1,0,1,391354,214256,47072,60884,1.9846604172070104,0.22128371011121611
13083,0.1543996618527331,1,2,1,391356,214254,47073,60883,1.9846418911408352,0.22128248836034412
13084,0.1544000278122312,1,10,1,391366,214244,47074,60882,1.9845492608099595,0.22128770090794764
13085,0.1544023769944611,0,2,0,391368,214242,47074,60882,1.9845307347437846,0.22128930954769485
13086,0.1544061459974725,10,76,10,391444,214166,47084,60872,1.9838267442291304,0.2213221445763858
13087,0.1544085223114754,3,31,3,391475,214135,47087,60869,1.9835395902034163,0.22133859871129147
13088,0.1544106971632913,0,2,0,391477,214133,47087,60869,1.9835210641372412,0.22134020843484775
13089,0.1544116233271655,0,1,0,391478,214132,47087,60869,1.9835118011041535,0.22134101330540618
13090,0.1544124581087488,0,4,0,391482,214128,47087,60869,1.9834747489718034,0.2213442328461765
13091,0.1544180432041825,0,1,0,391483,214127,47087,60869,1.9834654859387157,0.2213450377460036
13092,0.1544189273343103,1,1,1,391484,214126,47088,60868,1.9834562229056283,0.22134301112024263
13093,0.1544219487121333,0,3,0,391487,214123,47088,60868,1.9834284338063655,0.22134542585030056
13094,0.1544237193397001,3,19,3,391506,214104,47091,60865,1.983252436177702,0.2213522251599271
13095,0.154429382378102,1,19,1,391525,214085,47092,60864,1.9830764385490385,0.2213646894514983
13096,0.1544300768836427,9,35,9,391560,214050,47101,60855,1.982752232390974,0.2213673814590495
13097,0.1544362499058576,0,1,0,391561,214049,47101,60855,1.9827429693578866,0.22136818671245234
13098,0.1544381326887257,0,5,0,391566,214044,47101,60855,1.9826966541924487,0.22137221306734473
13099,0.1544425041189766,5,3,5,391569,214041,47106,60850,1.982668865093186,0.2213604665121812
13100,0.1544469931474681,1,10,1,391579,214031,47107,60849,1.9825762347623106,0.2213656868451688
13101,0.1544482412925105,0,5,0,391584,214026,47107,60849,1.9825299195968729,0.22136971350613915
13102,0.1544485114620668,5,48,5,391632,213978,47112,60844,1.9820852940086702,0.2213942115260059
13103,0.1544485324412475,6,23,6,391655,213955,47118,60838,1.9818722442476564,0.22139574152180005
13104,0.1544510848154543,4,32,4,391687,213923,47122,60834,1.9815758271888546,0.2214101915510797
13105,0.1544525052683489,2,7,2,391694,213916,47124,60832,1.9815109859572417,0.22141016495115523
13106,0.1544553275738143,0,6,0,391700,213910,47124,60832,1.9814554077587165,0.2214150002547845
13107,0.1544633586678279,1,1,1,391701,213909,47125,60831,1.9814461447256289,0.22141297226468662
13108,0.1544661117949924,0,14,0,391715,213895,47125,60831,1.981316462262403,0.22142425543996563
13109,0.1544675462703953,14,56,14,391771,213839,47139,60817,1.9807977324095,0.22142971571711523
13110,0.1544686851483799,4,16,4,391787,213823,47143,60813,1.9806495238800994,0.2214312763075489
13111,0.1544729752210909,6,22,6,391809,213801,47149,60807,1.980445737152173,0.22143200489424925
13112,0.1544736720400152,3,31,3,391840,213770,47152,60804,1.980158583126459,0.22144849840115963
13113,0.1544736946056572,11,30,11,391870,213740,47163,60793,1.9798806921338323,0.22144150247875483
13114,0.1544739753213859,3,7,3,391877,213733,47166,60790,1.9798158509022195,0.2214386408424795
13115,0.1544744110653156,63,458,63,392335,213275,47229,60727,1.9755733817481196,0.2216297691257728
13116,0.1544753467156286,0,2,0,392337,213273,47229,60727,1.9755548556819444,0.22163138686131387
13117,0.154475914701146,0,8,0,392345,213265,47229,60727,1.975480751417244,0.2216378580396508
13118,0.1544772729347299,1,8,1,392353,213257,47230,60726,1.9754066471525435,0.22164148870550363
13119,0.1544835381610556,8,35,8,392388,213222,47238,60718,1.9750824409944792,0.22164707600204425
13120,0.1544839429795089,2,4,2,392392,213218,47240,60716,1.975045388862129,0.2216446297283287
13121,0.1544866662824099,9,35,9,392427,213183,47249,60707,1.9747211827040647,0.22164737668407025
13122,0.1544867566582236,0,1,0,392428,213182,47249,60707,1.974711919670977,0.22164818594394078
13123,0.1544890565271811,0,2,0,392430,213180,47249,60707,1.974693393604802,0.22164980448141022
13124,0.1544915486636134,0,5,0,392435,213175,47249,60707,1.9746470784393642,0.22165385092850207
13125,0.1544918318763764,1,1,1,392436,213174,47250,60706,1.9746378154062767,0.22165181831459033
13126,0.1544932744259104,3,8,3,392444,213166,47253,60703,1.9745637111415761,0.22164976685933785
13127,0.1544985327649845,0,4,0,392448,213162,47253,60703,1.974526659009226,0.22165300421740639
13128,0.1545040382513765,0,1,0,392449,213161,47253,60703,1.9745173959761384,0.22165381357169983
13129,0.1545045361901259,1,3,1,392452,213158,47254,60702,1.9744896068768758,0.22165339954721391
13130,0.1545053493037285,20,79,20,392531,213079,47274,60682,1.973757827262959,0.2216604994867786
13131,0.15450580341778,1,9,1,392540,213070,47275,60681,1.973674459965171,0.2216649436897034
13132,0.1545063420649434,5,39,5,392579,213031,47280,60676,1.9733132016747563,0.22168230991534743
13133,0.1545064646487993,9,31,9,392610,213000,47289,60667,1.9730260476490422,0.22168182499168698
13134,0.1545103334428899,0,2,0,392612,212998,47289,60667,1.973007521582867,0.22168344508797252
13135,0.1545106529161751,1,1,1,392613,212997,47290,60666,1.9729982585497796,0.22168141107858935
13136,0.1545109301214322,1,9,1,392622,212988,47291,60665,1.9729148912519916,0.2216858576372267
13137,0.1545139062965426,0,1,0,392623,212987,47291,60665,1.972905628218904,0.2216866677385877
13138,0.1545152160184095,0,9,0,392632,212978,47291,60665,1.972822260921116,0.22169395891727542
13139,0.1545165191496366,9,45,9,392677,212933,47300,60656,1.972405424432176,0.2217048200037282
13140,0.1545191312771283,0,3,0,392680,212930,47300,60656,1.9723776353329134,0.22170725110203007
13141,0.1545212929381323,0,2,0,392682,212928,47300,60656,1.9723591092667383,0.2217088718638517
13142,0.1545250927635608,2,29,2,392711,212899,47302,60654,1.9720904813071993,0.22172668550518546
13143,0.1545265851705327,36,125,36,392836,212774,47338,60618,1.970932602171255,0.22172558085093932
13144,0.1545278300484854,1,3,1,392839,212771,47339,60617,1.9709048130719924,0.2217251671616896
13145,0.1545304834143671,33,179,33,393018,212592,47372,60584,1.9692467301493202,0.22177643716871176
13146,0.154530977469526,6,28,6,393046,212564,47378,60578,1.9689873652228687,0.2217820767219981
13147,0.1545311879917413,0,1,0,393047,212563,47378,60578,1.968978102189781,0.2217828886911888
13148,0.1545322689544251,0,5,0,393052,212558,47378,60578,1.9689317870243432,0.22178694862632534
13149,0.1545371915396386,2,11,2,393063,212547,47380,60576,1.96882989366038,0.2217901824452719
13150,0.1545397941002179,4,20,4,393083,212527,47384,60572,1.9686446329986291,0.22179502671192497
13151,0.1545406690238529,0,1,0,393084,212526,47384,60572,1.9686353699655414,0.22179583885638124
13152,0.1545408677527903,0,11,0,393095,212515,47384,60572,1.9685334766015785,0.22180477283796007
13153,0.1545436624652505,23,83,23,393178,212432,47407,60549,1.9677646448553114,0.22180664588377946
13154,0.1545442111301418,16,81,16,393259,212351,47423,60533,1.9670143391752195,0.22182685683294
13155,0.1545452957200455,1,36,1,393295,212315,47424,60532,1.9666808699840677,0.22185327307978464
13156,0.1545459199651631,3,5,3,393300,212310,47427,60529,1.96663455481863,0.22184878261538857
13157,0.15454899265485,0,2,0,393302,212308,47427,60529,1.9666160287524548,0.2218504088521718
13158,0.1545492410901023,9,62,9,393364,212246,47436,60520,1.9660417207010263,0.22187516039389074
13159,0.1545611037498237,1,3,1,393367,212243,47437,60519,1.9660139316017637,0.2218747479487612
13160,0.1545654907228391,2,3,2,393370,212240,47439,60517,1.965986142502501,0.22187148267505508
13161,0.1545681173957763,0,1,0,393371,212239,47439,60517,1.9659768794694135,0.22187229611814221
13162,0.1545682444435548,0,3,0,393374,212236,47439,60517,1.9659490903701509,0.22187473648319175
13163,0.1545715342951342,1,7,1,393381,212229,47440,60516,1.965884249138538,0.22187757795743276
13164,0.1545741713888567,0,6,0,393387,212223,47440,60516,1.9658286709400126,0.22188245905426066
13165,0.1545743441327676,7,49,7,393436,212174,47447,60509,1.9653747823187224,0.2219023554823733
13166,0.154574546848292,8,37,8,393473,212137,47455,60501,1.965032050094483,0.22190963842164335
13167,0.1545758357232455,7,50,7,393523,212087,47462,60494,1.9645688984401053,0.22193036198414418
13168,0.1545762167312543,9,95,9,393618,211992,47471,60485,1.9636889102967876,0.22198203885098558
13169,0.1545780581201097,3,10,3,393628,211982,47474,60482,1.9635962799659121,0.22198161959011098
13170,0.1545806314734971,4,3,4,393631,211979,47478,60478,1.9635684908666493,0.22197264155444713
13171,0.1545852842809801,1,1,1,393632,211978,47479,60477,1.9635592278335618,0.22197060064964858
13172,0.1545915004959609,1,1,1,393633,211977,47480,60476,1.9635499648004742,0.2219685597148866
13173,0.1545948772174225,2,37,2,393670,211940,47482,60474,1.9632072325762349,0.2219929959546866
13174,0.1545964197876716,0,5,0,393675,211935,47482,60474,1.963160917410797,0.22199707058136844
13175,0.1545971142932123,6,8,6,393683,211927,47488,60468,1.9630868131460966,0.22198645349584242
13176,0.1545980447914271,1,6,1,393689,211921,47489,60467,1.9630312349475711,0.22198848701117524
13177,0.1545986126075271,6,29,6,393718,211892,47495,60461,1.9627626069880322,0.22199498445032734
13178,0.1546040867206474,0,2,0,393720,211890,47495,60461,1.962744080921857,0.2219966146626963
13179,0.1546048770751516,1,3,1,393723,211887,47496,60460,1.9627162918225944,0.22199620337290296
13180,0.1546093854318015,1,21,1,393744,211866,47497,60459,1.9625217681277558,0.22201046543651887
13181,0.1546103215357596,1,2,1,393746,211864,47498,60458,1.9625032420615807,0.22200923906258033
13182,0.1546128149687603,7,14,7,393760,211850,47505,60451,1.962373559598355,0.2220006536883816
13183,0.1546129927045739,0,1,0,393761,211849,47505,60451,1.9623642965652672,0.22200146896804995
13184,0.1546131250439588,3,11,3,393772,211838,47508,60448,1.9622624032013043,0.22200186568534555
13185,0.1546137492890764,1,3,1,393775,211835,47509,60447,1.9622346141020415,0.22200145437450877
13186,0.1546143149630743,0,8,0,393783,211827,47509,60447,1.9621605098373411,0.22200797725820312
13187,0.1546145993356939,1,3,1,393786,211824,47510,60446,1.9621327207380785,0.22200756601902524
13188,0.1546147769627247,0,3,0,393789,211821,47510,60446,1.9621049316388157,0.22201001223064123
13189,0.1546162129404527,3,14,3,393803,211807,47513,60443,1.96197524917559,0.22201285583103764
13190,0.1546221507523381,0,3,0,393806,211804,47513,60443,1.9619474600763274,0.22201530228064956
13191,0.1546230692434325,0,1,0,393807,211803,47513,60443,1.96193819704324,0.2220161177758351
13192,0.1546243346678291,0,1,0,393808,211802,47513,60443,1.9619289340101522,0.22201693327701152
13193,0.1546252102085807,27,116,27,393924,211686,47540,60416,1.960854422171996,0.22203438416476173
13194,0.1546313400897112,2,46,2,393970,211640,47542,60414,1.9604283226499686,0.22206620744411035
13195,0.1546328207824144,0,4,0,393974,211636,47542,60414,1.9603912705176183,0.2220694725234332
13196,0.1546332722301817,95,502,95,394476,211134,47637,60319,1.955741227907666,0.22220789602619975
13197,0.1546360737674681,0,1,0,394477,211133,47637,60319,1.9557319648745786,0.22220871461621208
13198,0.1546370964148293,0,3,0,394480,211130,47637,60319,1.955704175775316,0.22221117042243663
13199,0.1546380379274446,0,1,0,394481,211129,47637,60319,1.9556949127422283,0.22221198903657421
13200,0.1546408212327301,0,19,0,394500,211110,47637,60319,1.9555189151135648,0.22222754385124655
13201,0.1546436650471588,1,17,1,394517,211093,47638,60318,1.9553614435510764,0.22223859755131517
13202,0.1546497648008011,0,2,0,394519,211091,47638,60318,1.9553429174849013,0.22224023521696037
13203,0.1546519103070531,0,3,0,394522,211088,47638,60318,1.9553151283856387,0.22224269176068326
13204,0.1546543443335512,4,27,4,394549,211061,47642,60314,1.9550650264922746,0.22225333947489637
13205,0.1546546394216036,2,5,2,394554,211056,47644,60312,1.955018711326837,0.22225170248518616
13206,0.1546560008215378,5,24,5,394578,211032,47649,60307,1.9547963985327355,0.22225702903010625
13207,0.1546561318285755,4,39,4,394617,210993,47653,60303,1.954435140242321,0.22227751238499646
13208,0.1546587824224763,1,9,1,394626,210984,47654,60302,1.954351772944533,0.22228201971351266
13209,0.1546589718909925,7,52,7,394678,210932,47661,60295,1.95387009522398,0.22230456407363575
13210,0.1546604295422145,0,1,0,394679,210931,47661,60295,1.9538608321908926,0.22230538370215244
13211,0.1546620882800644,3,12,3,394691,210919,47664,60292,1.953749675793842,0.2223066173569656
13212,0.1546642783085925,0,5,0,394696,210914,47664,60292,1.9537033606284042,0.22231071583962006
13213,0.1546649720835627,0,2,0,394698,210912,47664,60292,1.953684834562229,0.22231235527499593
13214,0.1546687462565515,46,387,46,395085,210525,47710,60246,1.9501000407573457,0.2224979779961665
13215,0.154672706399065,0,1,0,395086,210524,47710,60246,1.950090777724258,0.222498799719319
13216,0.1546741023779305,10,55,10,395141,210469,47720,60236,1.9495813109044426,0.22251528416541994
13217,0.1546751939090211,3,42,3,395183,210427,47723,60233,1.9491922635147654,0.22254119559595065
13218,0.1546779675310018,0,2,0,395185,210425,47723,60233,1.9491737374485902,0.2225428400416762
13219,0.1546781508596729,1,0,1,395185,210425,47724,60232,1.9491737374485902,0.2225399675604178
13220,0.1546808255583635,0,4,0,395189,210421,47724,60232,1.94913668531624,0.22254325649447818
13221,0.1546826947750059,2,3,2,395192,210418,47726,60230,1.9491088962169774,0.2225399781265703
13222,0.1546838469003793,7,28,7,395220,210390,47733,60223,1.9488495312905258,0.22254289335693409
13223,0.1546884711389128,0,2,0,395222,210388,47733,60223,1.9488310052243507,0.2225445381008163
13224,0.1546886981805587,8,51,8,395273,210337,47741,60215,1.9483585905368854,0.22256349980780035
13225,0.1547044495456169,1,6,1,395279,210331,47742,60214,1.94830301233836,0.22256556210611914
13226,0.1547106998748201,8,36,8,395315,210295,47750,60206,1.9479695431472082,0.22257219012129345
13227,0.1547177395324648,0,4,0,395319,210291,47750,60206,1.9479324910148579,0.2225754814286295
13228,0.1547192963943562,0,5,0,395324,210286,47750,60206,1.9478861758494201,0.22257959569968797
13229,0.1547249124014103,1,1,1,395325,210285,47751,60205,1.9478769128163327,0.22257754445635697
13230,0.1547266117463896,1,1,1,395326,210284,47752,60204,1.947867649783245,0.222575493182692
13231,0.1547269419749054,0,4,0,395330,210280,47752,60204,1.9478305976508947,0.22257878469706158
13232,0.1547274617930071,1,2,1,395332,210278,47753,60203,1.9478120715847198,0.22257755627936898
13233,0.1547281592655699,0,4,0,395336,210274,47753,60203,1.9477750194523695,0.22258084790943408
13234,0.1547299176039777,0,3,0,395339,210271,47753,60203,1.947747230353107,0.22258331669587464
13235,0.1547313125441313,0,2,0,395341,210269,47753,60203,1.9477287042869318,0.22258496258392735
13236,0.1547332685125585,39,170,39,395511,210099,47792,60164,1.9461539886620476,0.22261278828400485
13237,0.1547332830043618,2,8,2,395519,210091,47794,60162,1.946079884397347,0.22261362501063817
13238,0.1547336007632694,2,11,2,395530,210080,47796,60160,1.9459779910333839,0.22261693309650682
13239,0.1547360927785012,0,9,0,395539,210071,47796,60160,1.945894623735596,0.22262434731766526
13240,0.1547389320898443,0,4,0,395543,210067,47796,60160,1.9458575716032458,0.22262764268559396
13241,0.1547396776829921,2,12,2,395555,210055,47798,60158,1.9457464152061952,0.22263177567326517
13242,0.1547402992643727,2,3,2,395558,210052,47800,60156,1.9457186261069324,0.22262849360492656
13243,0.154740541389149,1,5,1,395563,210047,47801,60155,1.9456723109414946,0.22262973627138216
13244,0.1547419317018438,3,23,3,395586,210024,47804,60152,1.9454592611804808,0.22264005685182992
13245,0.1547434059935788,3,7,3,395593,210017,47807,60149,1.945394419948868,0.222637193429225
13246,0.1547438241010791,1,4,1,395597,210013,47808,60148,1.945357367816518,0.22263761238668794
13247,0.154746125172222,5,41,5,395638,209972,47813,60143,1.944977583459928,0.22265701645595395
13248,0.1547486449105068,19,69,19,395707,209903,47832,60124,1.9443384341768868,0.2226592155599255
13249,0.1547502045224712,3,15,3,395722,209888,47835,60121,1.9441994886805736,0.22266294827209462
13250,0.1547507950140758,0,4,0,395726,209884,47835,60121,1.9441624365482233,0.2226662469213533
13251,0.1547516762242926,0,10,0,395736,209874,47835,60121,1.9440698062173478,0.2226744939721106
13252,0.1547546145182002,0,13,0,395749,209861,47835,60121,1.9439493867872095,0.22268521605144045
13253,0.154756527504472,3,7,3,395756,209854,47838,60118,1.9438845455555966,0.2226823522439364
13254,0.1547594865772618,3,22,3,395778,209832,47841,60115,1.9436807588276706,0.22269186173582223
13255,0.1547604434227415,9,32,9,395810,209800,47850,60106,1.9433843417688688,0.2226923447422436
13256,0.1547609287333272,1,6,1,395816,209794,47851,60105,1.9433287635703436,0.2226944153183228
13257,0.1547638728075593,0,1,0,395817,209793,47851,60105,1.9433195005372559,0.22269524042416025
13258,0.1547645050200056,1,9,1,395826,209784,47852,60104,1.9432361332394679,0.2226997865781361
13259,0.1547647727643663,0,5,0,395831,209779,47852,60104,1.9431898180740301,0.22270391243612972
13260,0.1547676423518515,4,35,4,395866,209744,47856,60100,1.9428656119159657,0.22272127599650168
13261,0.1547677720931474,5,48,5,395914,209696,47861,60095,1.942420986327763,0.22274649636199872
13262,0.1547699309194167,0,5,0,395919,209691,47861,60095,1.9423746711623253,0.2227506245691029
13263,0.1547790948054812,0,7,0,395926,209684,47861,60095,1.9423098299307124,0.22275640431612542
13264,0.1547815579544822,10,31,10,395957,209653,47871,60085,1.9420226759049983,0.22275319013264724
13265,0.1547849529778714,77,433,77,396390,209220,47948,60008,1.9380117825780874,0.22288914971696852
13266,0.154785547705161,0,1,0,396391,209219,47948,60008,1.938002519545,0.2228899776025436
13267,0.1547855688563782,0,1,0,396392,209218,47948,60008,1.9379932565119122,0.22289080549426876
13268,0.1547888910647247,0,1,0,396393,209217,47948,60008,1.9379839934788248,0.22289163339214413
13269,0.1547910973602992,1,0,1,396393,209217,47949,60007,1.9379839934788248,0.22288874691706534
13270,0.1547917235323986,24,105,24,396498,209112,47973,59983,1.9370113750046316,0.2229064085174381
13271,0.1547922476181503,12,34,12,396532,209078,47985,59971,1.9366964318796547,0.22289991785882868
13272,0.1547938249666353,0,2,0,396534,209076,47985,59971,1.9366779058134795,0.22290157481778278
13273,0.1547990565844174,0,5,0,396539,209071,47985,59971,1.9366315906480418,0.22290571732294587
13274,0.1548003008298,0,1,0,396540,209070,47985,59971,1.9366223276149543,0.22290654584245523
13275,0.1548036690258399,2,6,2,396546,209064,47987,59969,1.936566749416429,0.22290574018800668
13276,0.1548045621983222,4,47,4,396593,209017,47991,59965,1.936131386861314,0.22293313307210147
13277,0.1548047405670639,2,8,2,396601,209009,47993,59963,1.9360572825966134,0.22293398569367814
13278,0.1548094432006874,1,2,1,396603,209007,47994,59962,1.9360387565304382,0.22293275433228366
13279,0.1548097387177226,1,3,1,396606,209004,47995,59961,1.9360109674311756,0.2229323517929842
13280,0.1548170613848181,0,4,0,396610,209000,47995,59961,1.9359739152988253,0.2229356672528731
13281,0.1548282727466548,2,13,2,396623,208987,47997,59959,1.9358534958686873,0.2229406646687439
13282,0.1548394752011175,16,90,16,396713,208897,48013,59943,1.9350198228908073,0.22296905222437138
13283,0.1548399216475087,9,87,9,396800,208810,48022,59934,1.9342139390121902,0.22301521150239634
13284,0.154841784665099,1,4,1,396804,208806,48023,59933,1.93417688687984,0.2230156397099044
13285,0.1548460527633358,0,16,0,396820,208790,48023,59933,1.934028678350439,0.22302891825411297
13286,0.1548472939439786,4,5,4,396825,208785,48027,59929,1.9339823631850013,0.22302150241520724
13287,0.1548494897256817,1,6,1,396831,208779,48028,59928,1.933926784986476,0.22302359075126438
13288,0.154856268450892,0,1,0,396832,208778,48028,59928,1.9339175219533884,0.2230244207423727
13289,0.1548579904770048,7,37,7,396869,208741,48035,59921,1.9335747897291489,0.2230348914249131
13290,0.1548600864226037,1,9,1,396878,208732,48036,59920,1.9334914224313609,0.22303947113738218
13291,0.1548615110620445,0,1,0,396879,208731,48036,59920,1.9334821593982734,0.22304030135752334
13292,0.1548664112437911,1,9,1,396888,208722,48037,59919,1.9333987921004854,0.22304488145889867
13293,0.1548681259237118,0,1,0,396889,208721,48037,59919,1.933389529067398,0.2230457117331745
13294,0.1548695916383593,6,14,6,396903,208707,48043,59913,1.9332598466041722,0.2230399821308912
13295,0.1548770079407132,3,29,3,396932,208678,48046,59910,1.932991218644633,0.22305538594427152
13296,0.1548772359827604,3,8,3,396940,208670,48049,59907,1.9329171143799326,0.22305335155281353
13297,0.154877423434654,0,4,0,396944,208666,48049,59907,1.9328800622475824,0.22305667360456932
13298,0.1548824742957227,0,1,0,396945,208665,48049,59907,1.932870799214495,0.22305750413296993
13299,0.1548863338039258,2,1,2,396946,208664,48051,59905,1.9328615361814072,0.22305254887943135
13300,0.1548877908435737,0,1,0,396947,208663,48051,59905,1.9328522731483198,0.22305337940484346
13301,0.1548890332353046,0,4,0,396951,208659,48051,59905,1.9328152210159695,0.22305670156834126
13302,0.1548892500806264,7,49,7,397000,208610,48058,59898,1.9323613323946793,0.2230771522636197
13303,0.15489047539137,0,3,0,397003,208607,48058,59898,1.9323335432954167,0.22307964469935382
13304,0.1548931813122576,18,56,18,397059,208551,48076,59880,1.9318148134425137,0.2230740860779865
13305,0.1548932617189564,0,3,0,397062,208548,48076,59880,1.931787024343251,0.22307657919442084
13306,0.1548978424777018,0,2,0,397064,208546,48076,59880,1.9317684982770758,0.22307824130300344
13307,0.1548980416817942,0,1,0,397065,208545,48076,59880,1.9317592352439883,0.22307907236658284
13308,0.1549014293048934,0,5,0,397070,208540,48076,59880,1.9317129200785506,0.22308322777736384
13309,0.1549017298099267,3,33,3,397103,208507,48079,59877,1.9314072399866613,0.22310197329199952
13310,0.1549017544264809,1,3,1,397106,208504,48080,59876,1.9313794508873985,0.22310157239734704
13311,0.1549021231381862,0,4,0,397110,208500,48080,59876,1.9313423987550484,0.22310489760634333
13312,0.154904165844769,1,6,1,397116,208494,48081,59875,1.931286820556523,0.22310699074781365
13313,0.1549042564452607,0,7,0,397123,208487,48081,59875,1.9312219793249101,0.22311281030846394
13314,0.1549092100671424,0,16,0,397139,208471,48081,59875,1.9310737707955092,0.2231261133014839
13315,0.1549114680033879,3,14,3,397153,208457,48084,59872,1.9309440883322835,0.22312906916509212
13316,0.154912909381479,0,2,0,397155,208455,48084,59872,1.9309255622661083,0.22313073227815314
13317,0.1549131620482689,0,2,0,397157,208453,48084,59872,1.9309070361999332,0.2231323954160067
13318,0.1549133828229111,2,13,2,397170,208440,48086,59870,1.9307866167697951,0.2231374156758973
13319,0.1549228342904767,6,16,6,397186,208424,48092,59864,1.9306384082403942,0.22313334923664122
13320,0.1549256499220073,0,2,0,397188,208422,48092,59864,1.930619882174219,0.2231350126357693
13321,0.1549258198009181,5,4,5,397192,208418,48097,59859,1.9305828300418688,0.22312386078568047
13322,0.1549273993880238,0,1,0,397193,208417,48097,59859,1.9305735670087814,0.2231246924808779
13323,0.1549303268412978,2,3,2,397196,208414,48099,59857,1.9305457779095188,0.22312139590190516
13324,0.1549315017901365,3,7,3,397203,208407,48102,59854,1.9304809366779059,0.22311853008823496
13325,0.1549315424295752,0,1,0,397204,208406,48102,59854,1.9304716736448182,0.22311936181316633
13326,0.154931596823052,4,12,4,397216,208394,48106,59850,1.9303605172477676,0.2231177584587167
13327,0.1549345667806544,1,0,1,397216,208394,48107,59849,1.9303605172477676,0.22311486227040409
13328,0.1549410698683094,0,2,0,397218,208392,48107,59849,1.9303419911815924,0.22311652581074481
13329,0.1549423134457012,0,1,0,397219,208391,48107,59849,1.930332728148505,0.22311735759021772
13330,0.1549450653066737,0,4,0,397223,208387,48107,59849,1.9302956760161547,0.2231206847701278
13331,0.1549465322689116,0,5,0,397228,208382,48107,59849,1.930249360850717,0.2231248438845622
13332,0.154948854536978,35,198,35,397426,208184,48142,59814,1.9284152802993813,0.2231882327480056
13333,0.1549492491337243,2,7,2,397433,208177,48144,59812,1.9283504390677684,0.22318826518998913
13334,0.1549503151689472,13,22,13,397455,208155,48157,59799,1.928146652339842,0.2231689021249916
13335,0.1549570794045398,0,4,0,397459,208151,48157,59799,1.928109600207492,0.22317223362567642
13336,0.1549579913864189,0,2,0,397461,208149,48157,59799,1.9280910741413169,0.223173899413319
13337,0.1549587198528677,5,33,5,397494,208116,48162,59794,1.9277853940494276,0.2231868911201523
13338,0.1549650385145749,2,21,2,397515,208095,48164,59792,1.927590870354589,0.22319858746411733
13339,0.1549655832789662,8,23,8,397538,208072,48172,59784,1.9273778205935752,0.22319455229675647
13340,0.1549681537118637,1,8,1,397546,208064,48173,59783,1.9273037163288746,0.2231983184429917
13341,0.1549684508569468,1,6,1,397552,208058,48174,59782,1.9272481381303495,0.2232004181600956
13342,0.154968588083341,0,4,0,397556,208054,48174,59782,1.9272110859979992,0.22320375154945563
13343,0.1549748538187867,1,1,1,397557,208053,48175,59781,1.9272018229649117,0.22320168462555165
13344,0.1549762931439237,4,6,4,397563,208047,48179,59777,1.9271462447663863,0.22319508333831173
13345,0.1549825229808965,0,1,0,397564,208046,48179,59777,1.9271369817332988,0.22319591670618283
13346,0.1549932146620331,3,32,3,397596,208014,48182,59774,1.926840564674497,0.22321388561100572
13347,0.1549933099525545,3,6,3,397602,208008,48185,59771,1.9267849864759716,0.22321018451783
13348,0.1550010453272452,5,7,5,397609,208001,48190,59766,1.9267201452443588,0.2232015147497638
13349,0.1550014733114588,10,83,10,397692,207918,48200,59756,1.925951313498092,0.22324170446139707
13350,0.1550030481460158,1,10,1,397702,207908,48201,59755,1.9258586831672162,0.22324714286248007
13351,0.15500430827406,0,1,0,397703,207907,48201,59755,1.9258494201341287,0.22324797692612325
13352,0.1550049064918697,0,1,0,397704,207906,48201,59755,1.925840157101041,0.22324881099599866
13353,0.1550068712350946,31,97,31,397801,207809,48232,59724,1.9249416428915485,0.22323974986263376
13354,0.1550077570193777,0,4,0,397805,207805,48232,59724,1.9249045907591982,0.22324308766526246
13355,0.1550093832740048,0,4,0,397809,207801,48232,59724,1.924867538626848,0.22324642556770397
13356,0.1550109041391074,0,1,0,397810,207800,48232,59724,1.9248582755937604,0.2232472600589106
13357,0.155011874584628,3,13,3,397823,207787,48235,59721,1.9247378561636221,0.2232493981488404
13358,0.1550130901729054,0,11,0,397834,207776,48235,59721,1.9246359627996592,0.2232585786008815
13359,0.1550172300646352,0,1,0,397835,207775,48235,59721,1.9246266997665715,0.22325941322487064
13360,0.1550181444928605,6,22,6,397857,207753,48241,59715,1.9244229130386454,0.22326035264031585
13361,0.1550199125319898,0,1,0,397858,207752,48241,59715,1.9244136500055578,0.2232611873614315
13362,0.1550228083769992,0,1,0,397859,207751,48241,59715,1.9244043869724703,0.22326202208878884
13363,0.1550231769656798,0,4,0,397863,207747,48241,59715,1.92436733484012,0.22326536106063666
13364,0.1550235429266295,1,5,1,397868,207742,48242,59714,1.9243210196746823,0.22326663077291217
13365,0.1550235726355697,32,69,32,397937,207673,48274,59682,1.923681870391641,0.22323128424753605
13366,0.1550256949615898,15,79,15,398016,207594,48289,59667,1.9229500907777242,0.22325367337546442
13367,0.1550278626359207,1,2,1,398018,207592,48290,59666,1.9229315647115492,0.22325243771935732
13368,0.1550286192065933,15,20,15,398038,207572,48305,59651,1.922746304049798,0.22322554570527237
13369,0.1550293202792986,19,85,19,398123,207487,48324,59632,1.9219589462373559,0.22324132689924714
13370,0.1550328678384882,0,9,0,398132,207478,48324,59632,1.921875578939568,0.22324884878888848
13371,0.1550345046584856,1,0,1,398132,207478,48325,59631,1.921875578939568,0.22324594079570512
13372,0.1550363513263953,3,23,3,398155,207455,48328,59628,1.9216625291785543,0.22325644088167348
13373,0.1550465648003232,5,17,5,398172,207438,48333,59623,1.9215050576160657,0.22325611002729714
13374,0.1550478035443719,3,26,3,398198,207412,48336,59620,1.9212642187557893,0.22326912130381377
13375,0.1550511611816553,0,3,0,398201,207409,48336,59620,1.9212364296565267,0.22327162967318157
13376,0.155055789357949,0,1,0,398202,207408,48336,59620,1.9212271666234393,0.22327246580882903
13377,0.155058400241294,5,15,5,398217,207393,48341,59615,1.9210882211271259,0.2232704638063279
13378,0.1550656069490911,5,51,5,398268,207342,48346,59610,1.9206158064396606,0.2232985705295334
13379,0.1550669955041129,3,4,3,398272,207338,48349,59607,1.9205787543073103,0.22329318773530127
13380,0.1550678732865514,0,4,0,398276,207334,48349,59607,1.9205417021749602,0.22329653369096542
13381,0.1550691745226395,0,1,0,398277,207333,48349,59607,1.9205324391418725,0.22329737019554957
13382,0.1550728471893023,0,6,0,398283,207327,48349,59607,1.9204768609433474,0.22330238935467195
13383,0.1550760789269544,0,2,0,398285,207325,48349,59607,1.9204583348771722,0.22330406245785445
13384,0.1550783801349421,0,1,0,398286,207324,48349,59607,1.9204490718440845,0.22330489901884756
13385,0.1550787957917672,2,2,2,398288,207322,48351,59605,1.9204305457779096,0.22330075264023497
13386,0.1550792046442033,1,6,1,398294,207316,48352,59604,1.9203749675793842,0.2233028622808332
13387,0.1550792946349553,0,2,0,398296,207314,48352,59604,1.920356441513209,0.2233045354753145
13388,0.1550802390913354,3,4,3,398300,207310,48355,59601,1.9203193893808588,0.22329915215184087
13389,0.1550844594182451,0,2,0,398302,207308,48355,59601,1.9203008633146839,0.22330082537494053
13390,0.1550847948046609,1,7,1,398309,207301,48356,59600,1.920236022083071,0.2233037718105215
13391,0.1550882665109106,1,5,1,398314,207296,48357,59599,1.920189706917633,0.2233050450551715
13392,0.1550926118590345,0,1,0,398315,207295,48357,59599,1.9201804438845456,0.22330588173582022
13393,0.1550930534540866,1,9,1,398324,207286,48358,59598,1.9200970765867575,0.22331050194091814
13394,0.1550943522370967,0,1,0,398325,207285,48358,59598,1.92008781355367,0.2233113386764987
13395,0.155095129937009,11,21,11,398346,207264,48369,59587,1.9198932898588315,0.22329689602062575
13396,0.1550973642508674,0,1,0,398347,207263,48369,59587,1.9198840268257438,0.22329773280869403
13397,0.1550993502791846,5,14,5,398361,207249,48374,59582,1.919754344362518,0.22329489452125129
13398,0.1551002212639901,69,386,69,398747,206863,48443,59513,1.916178813590722,0.22341727482956422
13399,0.1551082958930245,2,9,2,398756,206854,48445,59511,1.9160954462929343,0.22341899273553206
13400,0.155108820998328,13,58,13,398814,206796,48458,59498,1.915558190373856,0.22342974306593463
13401,0.1551090518935893,0,3,0,398817,206793,48458,59498,1.9155304012745933,0.22343226019655188
13402,0.1551143941242366,1,2,1,398819,206791,48459,59497,1.9155118752084181,0.22343102205131288
13403,0.155120199349221,5,19,5,398838,206772,48464,59492,1.9153358775797547,0.22343238289817624
13404,0.155120507883046,2,3,2,398841,206769,48466,59490,1.915308088480492,0.2234290671864613
13405,0.1551234415832004,59,279,59,399120,206490,48525,59431,1.9127237022490644,0.22349118723229833
13406,0.1551239637406976,0,3,0,399123,206487,48525,59431,1.9126959131498018,0.2234937085868576
13407,0.155128458374021,1,6,1,399129,206481,48526,59430,1.9126403349512764,0.22349583131198034
13408,0.1551371393384137,1,2,1,399131,206479,48527,59429,1.9126218088851012,0.22349459211456593
13409,0.155137392706177,0,3,0,399134,206476,48527,59429,1.9125940197858387,0.223497113630808
13410,0.1551393836869997,2,8,2,399142,206468,48529,59427,1.9125199155211383,0.22349799732977302
13411,0.1551430679892672,0,2,0,399144,206466,48529,59427,1.9125013894549632,0.22349967844208007
13412,0.1551457389235955,20,101,20,399245,206365,48549,59407,1.91156582311312,0.223526180335024
13413,0.1551487398864508,24,93,24,399338,206272,48573,59383,1.9107043610359775,0.22353428318684007
13414,0.1551499803839217,0,1,0,399339,206271,48573,59383,1.91069509800289,0.22353512463580447
13415,0.1551506187142458,1,6,1,399345,206265,48574,59382,1.9106395198043646,0.22353725056183582
13416,0.1551539273751302,41,267,41,399612,205998,48615,59341,1.9081662899699878,0.22364220864629775
13417,0.1551541164174853,6,3,6,399615,205995,48621,59335,1.908138500870725,0.22362718124599557
13418,0.1551571870917189,0,5,0,399620,205990,48621,59335,1.9080921857052873,0.22363139545840008
13419,0.1551590596155108,9,42,9,399662,205948,48630,59326,1.90770313831561,0.22364046231443716
13420,0.1551658453548967,92,505,92,400167,205443,48722,59234,1.9030253066063951,0.22379730766179154
13421,0.1551683528840704,0,6,0,400173,205437,48722,59234,1.90296972840787,0.2238023810693276
13422,0.1551684187082841,117,653,117,400826,204784,48839,59117,1.896920967801697,0.22401203481608634
13423,0.1551746069626139,2,11,2,400837,204773,48841,59115,1.8968190744377338,0.22401549142060267
13424,0.1551759128263608,14,57,14,400894,204716,48855,59101,1.8962910815517433,0.22402271271373717
13425,0.1551761252169378,0,1,0,400895,204715,48855,59101,1.8962818185186558,0.22402356187645936
13426,0.1551789119941976,1,4,1,400899,204711,48856,59100,1.8962447663863056,0.22402401719412762
13427,0.1551792341946859,0,1,0,400900,204710,48856,59100,1.8962355033532179,0.2240248663811076
13428,0.1551801862172708,8,34,8,400934,204676,48864,59092,1.8959205602282412,0.22403020836492676
13429,0.1551824353990234,15,92,15,401026,204584,48879,59077,1.895068361184186,0.22406423399744368
13430,0.1551830284581753,49,319,49,401345,204265,48928,59028,1.8921134536292563,0.22419130018648425
13431,0.1551832022254328,0,7,0,401352,204258,48928,59028,1.8920486123976434,0.22419726077345548
13432,0.1551860561023797,6,21,6,401373,204237,48934,59022,1.8918540887028048,0.22419746333458684
13433,0.1551906100451393,6,31,6,401404,204206,48940,59016,1.8915669346770907,0.22420618337373016
13434,0.1551909463787073,2,20,2,401424,204186,48942,59014,1.8913816740153395,0.22421732522796353
13435,0.1551912425922553,1,0,1,401424,204186,48943,59013,1.8913816740153395,0.22421437771420105
13436,0.1551937240887656,0,1,0,401425,204185,48943,59013,1.891372410982252,0.2242152295990091
13437,0.1551944604085992,2,9,2,401434,204176,48945,59011,1.891289043684464,0.22421700159962307
13438,0.1551973218755583,0,2,0,401436,204174,48945,59011,1.891270517618289,0.22421870547333625
13439,0.1552030370719211,18,125,18,401561,204049,48963,58993,1.8901126384823446,0.2242721694634317
13440,0.1552073824432337,1,6,1,401567,204043,48964,58992,1.8900570602838194,0.2242743361149657
13441,0.1552135682475088,8,26,8,401593,204017,48972,58984,1.889816221423543,0.22427291150984216
13442,0.1552154339522127,10,14,10,401607,204003,48982,58974,1.8896865389603172,0.22425535312974137
13443,0.1552171110336507,1,0,1,401607,204003,48983,58973,1.8896865389603172,0.2242524032611341
13444,0.1552187952607936,0,2,0,401609,204001,48983,58973,1.889668012894142,0.22425410877120933
13445,0.1552211583503377,3,14,3,401623,203987,48986,58970,1.8895383304309163,0.22425719794491114
13446,0.1552226715504414,6,44,6,401667,203943,48992,58964,1.889130756975064,0.22427702571631794
13447,0.1552269330252835,16,60,16,401727,203883,49008,58948,1.8885749749898106,0.22428100186051111
13448,0.1552288969372274,2,2,2,401729,203881,49010,58946,1.8885564489236355,0.22427680565543115
13449,0.1552366155409958,1,2,1,401731,203879,49011,58945,1.8885379228574604,0.22427556083158312
13450,0.1552383676563709,2,16,2,401747,203863,49013,58943,1.8883897143280597,0.2242833116443308
13451,0.1552397838830036,0,1,0,401748,203862,49013,58943,1.888380451294972,0.22428416506535265
13452,0.1552415079079137,8,54,8,401802,203808,49021,58935,1.8878802475082441,0.22430664185154314
13453,0.1552419885549716,8,62,8,401864,203746,49029,58927,1.8873059394568157,0.22433596144255405
13454,0.1552466070547514,1,4,1,401868,203742,49030,58926,1.8872688873244656,0.22433642468819956
13455,0.1552480155411842,1,11,1,401879,203731,49031,58925,1.8871669939605025,0.2243428667153996
13456,0.1552490128974435,5,9,5,401888,203722,49036,58920,1.8870836266627145,0.22433578787855712
13457,0.1552567074178324,2,5,2,401893,203717,49038,58918,1.8870373114972767,0.2243341519599444
13458,0.1552569448537648,1,0,1,401893,203717,49039,58917,1.8870373114972767,0.2243311985500735
13459,0.1552573725711893,8,21,8,401914,203696,49047,58909,1.886842787802438,0.22432550789208125
13460,0.1552580050320638,0,1,0,401915,203695,49047,58909,1.8868335247693504,0.2243263621270049
13461,0.1552587757026206,2,3,2,401918,203692,49049,58907,1.8868057356700878,0.2243230172239803
13462,0.1552590719161686,1,0,1,401918,203692,49050,58906,1.8868057356700878,0.22432006336681926
13463,0.155260189960068,0,5,0,401923,203687,49050,58906,1.88675942050465,0.2243243346166882
13464,0.1552653093228031,5,20,5,401943,203667,49055,58901,1.886574159842899,0.22432665062002985
13465,0.1552656525547423,2,9,2,401952,203658,49057,58899,1.8864907925451109,0.22432843154057977
13466,0.1552661871052417,1,1,1,401953,203657,49058,58898,1.8864815295120234,0.2243263316257546
13467,0.1552680637770465,0,1,0,401954,203656,49058,58898,1.886472266478936,0.2243271860264936
13468,0.1552696398024628,9,32,9,401986,203624,49067,58889,1.8861758494201342,0.224327938044973
13469,0.1552697055877549,15,83,15,402069,203541,49082,58874,1.885407017673867,0.22435455290284473
13470,0.1552747605923781,14,49,14,402118,203492,49096,58860,1.884953129052577,0.22435506495090565
13471,0.1552782865444936,9,33,9,402151,203459,49105,58851,1.8846474489606877,0.22435667721398345
13472,0.1552860405512269,0,7,0,402158,203452,49105,58851,1.8845826077290748,0.22436266455206383
13473,0.155286624584707,0,2,0,402160,203450,49105,58851,1.8845640816628997,0.22436437527878278
13474,0.155288987674251,1,3,1,402163,203447,49106,58850,1.884536292563637,0.22436398433836452
13475,0.1552915232378375,0,2,0,402165,203445,49106,58850,1.884517766497462,0.22436569511427973
13476,0.1552916989190343,4,8,4,402173,203437,49110,58846,1.8844436622327614,0.22436070961518664
13477,0.1552920966519991,0,4,0,402177,203433,49110,58846,1.8844066101004113,0.2243641313258019
13478,0.1552921538688652,21,57,21,402234,203376,49131,58825,1.8838786172144206,0.2243507843219515
13479,0.1552926047395495,4,34,4,402268,203342,49135,58821,1.883563674089444,0.22436804583408032
13480,0.1552953920129395,19,112,19,402380,203230,49154,58802,1.8825262143836379,0.22440770592904682
13481,0.1552979653663269,26,135,26,402515,203095,49180,58776,1.881275704916818,0.22444638772525405
13482,0.1553026715583194,1,3,1,402518,203092,49181,58775,1.8812479158175552,0.22444599739562449
13483,0.1553043342822564,8,20,8,402538,203072,49189,58767,1.8810626551558043,0.22443944561352586
13484,0.1553090198605456,0,1,0,402539,203071,49189,58767,1.8810533921227166,0.2244403027826366
13485,0.1553098178788849,0,13,0,402552,203058,49189,58767,1.8809329726925785,0.22445144657691207
13486,0.1553106671299191,2,7,2,402559,203051,49191,58765,1.8808681314609657,0.22445152320713785
13487,0.1553116149815056,3,13,3,402572,203038,49194,58762,1.8807477120308274,0.22445378151260503
13488,0.1553117075327801,17,69,17,402641,202969,49211,58745,1.880108562747786,0.2244625812910276
13489,0.1553119072445279,0,5,0,402646,202964,49211,58745,1.8800622475823483,0.22446686969114552
13490,0.1553156027604225,1,5,1,402651,202959,49212,58744,1.8800159324169106,0.2244681948621147
13491,0.1553159465003569,66,298,66,402949,202661,49278,58678,1.8772555485568194,0.22452829466707994
13492,0.155316440535538,1,2,1,402951,202659,49279,58677,1.8772370224906443,0.2245270456423914
13493,0.1553185131679113,9,30,9,402981,202629,49288,58668,1.8769591314980176,0.22452611396227282
13494,0.1553198580231241,0,3,0,402984,202626,49288,58668,1.876931342398755,0.22452869181841145
13495,0.155320244900547,0,2,0,402986,202624,49288,58668,1.87691281633258,0.22453041042205654
13496,0.1553212638268411,1,13,1,402999,202611,49289,58667,1.8767923969024418,0.22453861404327957
13497,0.1553252018951026,1,2,1,403001,202609,49290,58666,1.8767738708362667,0.22453736484546932
13498,0.1553278085140991,1,0,1,403001,202609,49291,58665,1.8767738708362667,0.2245343968400989
13499,0.15533615724784,12,26,12,403027,202583,49303,58653,1.8765330319759903,0.22452112266303267
13500,0.1553364070202901,1,1,1,403028,202582,49304,58652,1.8765237689429026,0.22451901360466095
13501,0.1553465991782557,0,25,0,403053,202557,49304,58652,1.8762921931157137,0.2245405020500825
13502,0.1553473442404059,3,23,3,403076,202534,49307,58649,1.8760791433547002,0.22455136819777705
13503,0.1553487781967824,2,6,2,403082,202528,49309,58647,1.8760235651561747,0.2245505886857471
13504,0.1553501783687726,5,31,5,403113,202497,49314,58642,1.8757364111304606,0.22456239780346865
13505,0.155351187545793,5,46,5,403159,202451,49319,58637,1.875310311608433,0.22458711239122442
13506,0.1553532264403936,16,45,16,403204,202406,49335,58621,1.8748934751194932,0.22457830032908474
13507,0.1553539620312832,5,29,5,403233,202377,49340,58616,1.874624847159954,0.22458839892257645
13508,0.1553598069802945,6,27,6,403260,202350,49346,58610,1.8743747452665902,0.22459380748007357
13509,0.1553598427654782,3,37,3,403297,202313,49349,58607,1.8740320130423507,0.2246167407634524
13510,0.155359856675452,0,10,0,403307,202303,49349,58607,1.873939382711475,0.22462534973745735
13511,0.1553607614983352,0,1,0,403308,202302,49349,58607,1.8739301196783875,0.22462621067115354
13512,0.1553621769644131,2,4,2,403312,202298,49351,58605,1.8738930675460372,0.22462371072774173
13513,0.1553656518169838,7,29,7,403341,202269,49358,58598,1.8736244395864983,0.22462787550744248
13514,0.1553700890765168,0,1,0,403342,202268,49358,58598,1.8736151765534106,0.22462873659273344
13515,0.1553705008822327,2,1,2,403343,202267,49360,58596,1.8736059135203231,0.2246236530286012
13516,0.1553745205440614,0,14,0,403357,202253,49360,58596,1.8734762310570974,0.22463570878170896
13517,0.1553753018695329,0,21,0,403378,202232,49360,58596,1.8732817073622587,0.2246537948379775
13518,0.1553760802362196,2,4,2,403382,202228,49362,58594,1.8732446552299085,0.22465129475274326
13519,0.1553761537127942,0,1,0,403383,202227,49362,58594,1.873235392196821,0.22465215607638955
13520,0.1553766599718508,1,1,1,403384,202226,49363,58593,1.8732261291637333,0.2246500446669913
13521,0.1553774443603707,27,93,27,403477,202133,49390,58566,1.8723646670865908,0.2246498835822155
13522,0.1553795769264566,7,60,7,403537,202073,49397,58559,1.8718088851013375,0.2246807759599742
13523,0.1553809262343596,1,1,1,403538,202072,49398,58558,1.87179962206825,0.22467866323907454
13524,0.155381516044123,3,16,3,403554,202056,49401,58555,1.8716514135388491,0.2246835321609602
13525,0.155383734011493,5,7,5,403561,202049,49406,58550,1.8715865723072362,0.22467469176781185
13526,0.15538459459221,0,2,0,403563,202047,49406,58550,1.871568046241061,0.2246764160753961
13527,0.1553878583546568,6,27,6,403590,202020,49412,58544,1.8713179443476973,0.2246818439999386
13528,0.1553975876257668,1,0,1,403590,202020,49413,58543,1.8713179443476973,0.22467886845024043
13529,0.1554022472725469,1,3,1,403593,202017,49414,58542,1.8712901552484345,0.2246784797301187
13530,0.1554028676257902,0,5,0,403598,202012,49414,58542,1.8712438400829967,0.2246827912831889
13531,0.1554088114608695,7,38,7,403636,201974,49421,58535,1.8708918448256697,0.2246947322357385
13532,0.1554128439694689,1,6,1,403642,201968,49422,58534,1.8708362666271443,0.2246969313095485
13533,0.1554160503070131,0,2,0,403644,201966,49422,58534,1.8708177405609694,0.2246986564299424
13534,0.1554212060086163,0,6,0,403650,201960,49422,58534,1.870762162362444,0.2247038319500641
13535,0.1554247204609397,0,4,0,403654,201956,49422,58534,1.8707251102300937,0.2247072824292679
13536,0.1554267673428361,15,34,15,403688,201922,49437,58519,1.870410167105117,0.2246919647828107
13537,0.1554287404739981,0,1,0,403689,201921,49437,58519,1.8704009040720293,0.22469282752265396
13538,0.1554311807547425,2,11,2,403700,201910,49439,58517,1.8702990107080661,0.22469636404827456
13539,0.1554322481237184,0,1,0,403701,201909,49439,58517,1.8702897476749787,0.22469722685138965
13540,0.1554339429634896,0,2,0,403703,201907,49439,58517,1.8702712216088035,0.22469895247749824
13541,0.1554356213056562,7,21,7,403724,201886,49446,58510,1.870076697913965,0.22469623189296303
13542,0.1554366772120324,1,5,1,403729,201881,49447,58509,1.8700303827485272,0.22469756903106877
13543,0.1554368306872494,5,31,5,403760,201850,49452,58504,1.869743228722813,0.22470943407821659
13544,0.1554374705481611,2,5,2,403765,201845,49454,58502,1.8696969135573753,0.22470779382900513
13545,0.1554411616395484,1,3,1,403768,201842,49455,58501,1.8696691244581125,0.2247074052307917
13546,0.1554454931583997,14,76,14,403844,201766,49469,58487,1.8689651339434585,0.22473131913945277
13547,0.155445542173911,2,9,2,403853,201757,49471,58485,1.8688817666456705,0.22473313300697043
13548,0.1554457648002491,1,1,1,403854,201756,49472,58484,1.8688725036125828,0.2247310175222871
13549,0.1554524239161233,0,2,0,403856,201754,49472,58484,1.8688539775464077,0.2247327446414436
13550,0.1554560682873916,3,28,3,403884,201726,49475,58481,1.8685946126199562,0.22474798910098498
13551,0.155457355172142,1,2,1,403886,201724,49476,58480,1.8685760865537813,0.22474673717544696
13552,0.1554575625472825,0,13,0,403899,201711,49476,58480,1.868455667123643,0.22475796626324507
13553,0.1554620390731662,58,441,58,404340,201270,49534,58422,1.8643706695320317,0.22496649877547248
13554,0.1554628058995756,3,26,3,404366,201244,49537,58419,1.864129830671755,0.22498007032191725
13555,0.1554638179747948,23,109,23,404475,201135,49560,58396,1.8631201600652119,0.2250058759839865
13556,0.1554657039058828,0,8,0,404483,201127,49560,58396,1.8630460558005113,0.22501281196656944
13557,0.1554676603788474,0,3,0,404486,201124,49560,58396,1.8630182667012487,0.2250154130702836
13558,0.1554704627177214,9,97,9,404583,201027,49569,58387,1.8621197524917559,0.22507266377296523
13559,0.1554706969497036,2,3,2,404586,201024,49571,58385,1.8620919633924933,0.22506929212170743
13560,0.1554729188349804,0,1,0,404587,201023,49571,58385,1.8620827003594056,0.2250701597483501
13561,0.1554732438230044,3,4,3,404591,201019,49574,58382,1.8620456482270555,0.22506466821639085
13562,0.1554748497326299,0,3,0,404594,201016,49574,58382,1.8620178591277927,0.22506727114318537
13563,0.1554842632117945,1,5,1,404599,201011,49575,58381,1.861971543962355,0.22506862200838884
13564,0.1554856733787473,6,26,6,404625,200985,49581,58375,1.8617307051020786,0.22507325724861196
13565,0.1554930459600274,1,2,1,404627,200983,49582,58374,1.8617121790359035,0.22507200499697327
13566,0.1554966789666147,0,19,0,404646,200964,49582,58374,1.86153618140724,0.22508849455151192
13567,0.1554967147077936,0,5,0,404651,200959,49582,58374,1.8614898662418022,0.22509283430955568
13568,0.1555000774476317,0,2,0,404653,200957,49582,58374,1.861471340175627,0.2250945702596296
13569,0.155501772287403,0,1,0,404654,200956,49582,58374,1.8614620771425396,0.2250954382447075
13570,0.1555022752245843,51,260,51,404914,200696,49633,58323,1.8590536885397755,0.2251688100100765
13571,0.1555048485275757,0,6,0,404920,200690,49633,58323,1.85899811034125,0.22517402601413827
13572,0.1555058940629397,0,7,0,404927,200683,49633,58323,1.8589332691096372,0.225180111657645
13573,0.1555083150861663,8,32,8,404959,200651,49641,58315,1.8586368520508356,0.22518400098854677
13574,0.1555091235844994,4,19,4,404978,200632,49645,58311,1.858460854422172,0.22518855501017598
13575,0.1555109651215837,2,7,2,404985,200625,49647,58309,1.858396013190559,0.22518865811365057
13576,0.1555140560527178,0,3,0,404988,200622,49647,58309,1.8583682240912964,0.22519126717156307
13577,0.155515060279301,14,83,14,405071,200539,49661,58295,1.8575993923450294,0.22522157058191736
13578,0.1555171775814925,1,12,1,405083,200527,49662,58294,1.8574882359479787,0.22522901928359754
13579,0.1555178391704477,1,25,1,405108,200502,49663,58293,1.85725666012079,0.22524778299426187
13580,0.1555189915109321,8,24,8,405132,200478,49671,58285,1.8570343473266886,0.2252447220043051
13581,0.1555218758234243,0,1,0,405133,200477,49671,58285,1.8570250842936011,0.22524559247493836
13582,0.155526588161825,0,2,0,405135,200475,49671,58285,1.857006558227426,0.22524733343638892
13583,0.1555268301668537,2,26,2,405161,200449,49673,58283,1.8567657193671496,0.22526397971646336
13584,0.1555271047185294,8,102,8,405263,200347,49681,58275,1.855820889992219,0.22532885833378444
13585,0.1555290506907889,1,8,1,405271,200339,49682,58274,1.8557467857275187,0.2253328332295747
13586,0.15553151679602,1,0,1,405271,200339,49683,58273,1.8557467857275187,0.22532983774921503
13587,0.1555366667860569,1,6,1,405277,200333,49684,58272,1.8556912075289933,0.22533207014558884
13588,0.1555368268750919,0,1,0,405278,200332,49684,58272,1.8556819444959058,0.2253329414858239
13589,0.1555389066408783,0,2,0,405280,200330,49684,58272,1.8556634184297307,0.22533468418651054
13590,0.155539957375384,0,9,0,405289,200321,49684,58272,1.8555800511319427,0.22534252667318913
13591,0.1555412136661528,0,3,0,405292,200318,49684,58272,1.85555226203268,0.22534514095672686
13592,0.155544912996946,6,42,6,405334,200276,49690,58266,1.8551632146430026,0.22536377068329325
13593,0.1555451105810316,1,3,1,405337,200273,49691,58265,1.85513542554374,0.2253633895210762
13594,0.1555455271383485,9,30,9,405367,200243,49700,58256,1.8548575345511134,0.22536257393645623
13595,0.1555488643627113,24,138,24,405505,200105,49724,58232,1.853579235985031,0.2254109941665344
13596,0.1555493507409782,1,2,1,405507,200103,49725,58231,1.8535607099188558,0.22540974087808804
13597,0.1555514398228569,0,7,0,405514,200096,49725,58231,1.853495868687243,0.22541584890468283
13598,0.1555520925357078,0,1,0,405515,200095,49725,58231,1.8534866056541555,0.2254167215069331
13599,0.1555534360668648,31,115,31,405630,199980,49756,58200,1.8524213568490866,0.22542412270508946
13600,0.1555542671189825,1,0,1,405630,199980,49757,58199,1.8524213568490866,0.22542112255450675
13601,0.1555584584770175,10,30,10,405660,199950,49767,58189,1.85214346585646,0.2254173139277676
13602,0.1555601051157385,0,4,0,405664,199946,49767,58189,1.85210641372411,0.22542080694210392
13603,0.1555603228056997,10,76,10,405740,199870,49777,58179,1.8514024232094557,0.22545718061298436
13604,0.1555604310974124,0,5,0,405745,199865,49777,58179,1.851356108044018,0.22546154919316086
13605,0.1555650589978176,0,1,0,405746,199864,49777,58179,1.8513468450109303,0.22546242292951174
13606,0.1555670309978776,1,11,1,405757,199853,49778,58178,1.8512449516469673,0.22546903279063368
13607,0.1555677253811815,14,118,14,405875,199735,49792,58164,1.8501519137426359,0.22553014939957114
13608,0.1555706279387774,1,9,1,405884,199726,49793,58163,1.8500685464448479,0.22553501700343948
13609,0.1555719939911478,11,25,11,405909,199701,49804,58152,1.849836970617659,0.22552384498144293
13610,0.1555722084136924,20,92,20,406001,199609,49824,58132,1.848984771573604,0.2255442479077834
13611,0.1555737233868531,0,1,0,406002,199608,49824,58132,1.8489755085405164,0.22554512299216264
13612,0.1555755896812296,3,14,3,406016,199594,49827,58129,1.8488458260772906,0.2255483600609957
13613,0.1555765794234472,0,2,0,406018,199592,49827,58129,1.8488273000111157,0.2255501103906938
13614,0.1555772535213751,0,3,0,406021,199589,49827,58129,1.848799510911853,0.2255527359361783
13615,0.15557905525544,0,3,0,406024,199586,49827,58129,1.8487717218125903,0.22555536154278952
13616,0.155580561709273,0,8,0,406032,199578,49827,58129,1.84869761754789,0.2255623634592774
13617,0.1555813908851643,29,186,29,406218,199392,49856,58100,1.8469746933936049,0.22563807807621208
13618,0.1555821889230875,0,2,0,406220,199390,49856,58100,1.8469561673274297,0.22563983067303583
13619,0.1555828896032143,7,26,7,406246,199364,49863,58093,1.8467153284671534,0.22564156344554626
13620,0.1555870485520205,3,16,3,406262,199348,49866,58090,1.8465671199377525,0.22564656344440215
13621,0.1555871092053253,1,1,1,406263,199347,49867,58089,1.8465578569046648,0.2256444320141705
13622,0.1555876289267272,0,4,0,406267,199343,49867,58089,1.8465208047723147,0.22564793809627398
13623,0.1555877121899432,0,2,0,406269,199341,49867,58089,1.8465022787061396,0.22564969117818437
13624,0.1555880679811279,28,146,28,406415,199195,49895,58061,1.8451498758753566,0.22569347264981185
13625,0.1555911081002581,9,43,9,406458,199152,49904,58052,1.844751565452592,0.22570411035598203
13626,0.1555920341792963,0,9,0,406467,199143,49904,58052,1.8446681981548039,0.225712008398297
13627,0.1555921341413979,1,4,1,406471,199139,49905,58051,1.8446311460224536,0.22571250826237413
13628,0.1555925891641283,6,36,6,406507,199103,49911,58045,1.8442976768313017,0.22572604103473487
13629,0.1555938047524057,0,1,0,406508,199102,49911,58045,1.844288413798214,0.2257269188440853
13630,0.1555970025760346,2,8,2,406516,199094,49913,58043,1.8442143095335137,0.22572791935816316
13631,0.1555982181643121,0,6,0,406522,199088,49913,58043,1.8441587313349883,0.2257331865858259
13632,0.1556094193130754,0,8,0,406530,199080,49913,58043,1.844084627070288,0.22574020993843413
13633,0.1556102633910329,1,2,1,406532,199078,49914,58042,1.8440661010041128,0.22573895457373988
13634,0.1556118586033458,7,35,7,406567,199043,49921,58035,1.8437418948460484,0.2257486054816048
13635,0.1556127353284628,0,3,0,406570,199040,49921,58035,1.8437141057467856,0.22575123991053195
13636,0.1556129399049449,0,1,0,406571,199039,49921,58035,1.8437048427136982,0.22575211806717133
13637,0.1556180421310221,6,34,6,406605,199005,49927,58029,1.8433898995887212,0.2257639067205117
13638,0.1556187565202529,2,11,2,406616,198994,49929,58027,1.8432880062247583,0.22576754428626455
13639,0.1556276718783667,5,9,5,406625,198985,49934,58022,1.8432046389269703,0.2257603878493582
13640,0.1556281521296131,0,17,0,406642,198968,49934,58022,1.843047167364482,0.22577532199696487
13641,0.1556315375180118,0,1,0,406643,198967,49934,58022,1.8430379043313942,0.2257762005377662
13642,0.1556325482935472,4,14,4,406657,198953,49938,58018,1.8429082218681685,0.22577644948262646
13643,0.1556383320376022,4,14,4,406671,198939,49942,58014,1.8427785394049427,0.2257766984623647
13644,0.1556398233150611,1,4,1,406675,198935,49943,58013,1.8427414872725925,0.22577720005604246
13645,0.1556405117796266,0,2,0,406677,198933,49943,58013,1.8427229612064173,0.22577895744631168
13646,0.1556407191547671,0,1,0,406678,198932,49943,58013,1.8427136981733299,0.22577983615170563
13647,0.155646908632152,0,1,0,406679,198931,49943,58013,1.8427044351402424,0.22578071486393922
13648,0.1556500422601268,0,7,0,406686,198924,49943,58013,1.8426395939086295,0.22578686604109177
13649,0.1556503843550457,3,11,3,406697,198913,49946,58010,1.8425377005446664,0.22578749275074633
13650,0.1556527011946614,0,2,0,406699,198911,49946,58010,1.8425191744784912,0.2257892503921439
13651,0.155655082584558,12,70,12,406769,198841,49958,57998,1.8418707621623625,0.2258146153816204
13652,0.1556551096788237,4,50,4,406819,198791,49962,57994,1.8414076105079846,0.22584652530326926
13653,0.1556566513765723,2,23,2,406842,198768,49964,57992,1.841194560746971,0.22586072596977722
13654,0.1556611197182659,13,68,13,406910,198700,49977,57979,1.8405646744970172,0.22588135375313134
13655,0.1556623012054211,8,20,8,406930,198680,49985,57971,1.8403794138352663,0.22587482612575052
13656,0.1556647804560021,2,1,2,406931,198679,49987,57969,1.8403701508021786,0.22586967363860228
13657,0.1556678190364056,0,1,0,406932,198678,49987,57969,1.8403608877690911,0.2258705537177524
13658,0.1556700867269112,0,4,0,406936,198674,49987,57969,1.8403238356367408,0.22587407410293675
13659,0.155670763424915,1,2,1,406938,198672,49988,57968,1.8403053095705657,0.22587281795511222
13660,0.1556732935547256,0,4,0,406942,198668,49988,57968,1.8402682574382156,0.2258763384716096
13661,0.1556741369074585,3,19,3,406961,198649,49991,57965,1.840092259809552,0.22588401256361695
13662,0.155674903771798,0,1,0,406962,198648,49991,57965,1.8400829967764645,0.22588489281525098
13663,0.1556753524957359,0,4,0,406966,198644,49991,57965,1.8400459446441142,0.22588841389039355
13664,0.155678897399021,1,3,1,406969,198641,49992,57964,1.8400181555448516,0.22588803803511234
13665,0.1556865858441663,0,2,0,406971,198639,49992,57964,1.8399996294786765,0.22588979863836353
13666,0.1556880051350604,3,9,3,406980,198630,49995,57961,1.8399162621808884,0.2258886710757587
13667,0.1556884151350123,22,74,22,407054,198556,50017,57939,1.8392307977324096,0.225887444199692
13668,0.1556900613460232,1,5,1,407059,198551,50018,57938,1.8391844825669716,0.22588882954044812
13669,0.1556919177127532,0,3,0,407062,198548,50018,57938,1.839156693467709,0.22589147165927184
13670,0.15569550120228,0,1,0,407063,198547,50018,57938,1.8391474304346216,0.22589235237928143
13671,0.1556957450031195,18,74,18,407137,198473,50036,57920,1.8384619659861425,0.2259032032855811
13672,0.1556975407557915,0,6,0,407143,198467,50036,57920,1.8384063877876171,0.22590848990003393
13673,0.1557013019839656,2,5,2,407148,198462,50038,57918,1.8383600726221794,0.22590685700912708
13674,0.1557013178175881,1,9,1,407157,198453,50039,57917,1.8382767053243914,0.22591176814759917
13675,0.1557031134351345,0,3,0,407160,198450,50039,57917,1.8382489162251288,0.22591441176126412
13676,0.1557085575629038,0,5,0,407165,198445,50039,57917,1.838202601059691,0.22591881792153284
13677,0.1557120553670109,1,5,1,407170,198440,50040,57916,1.8381562858942533,0.22592020471531776
13678,0.1557147356142966,2,15,2,407185,198425,50042,57914,1.8380173403979398,0.22592738522035274
13679,0.1557205305185747,0,1,0,407186,198424,50042,57914,1.8380080773648524,0.2259282665855238
13680,0.1557226985711755,1,9,1,407195,198415,50043,57913,1.8379247100670644,0.22593317936393995
13681,0.1557264548586076,11,79,11,407274,198336,50054,57902,1.8371929304531476,0.22596960638156713
13682,0.1557351567188,0,3,0,407277,198333,50054,57902,1.837165141353885,0.2259722520342654
13683,0.1557357719272127,0,4,0,407281,198329,50054,57902,1.8371280892215347,0.2259757796675656
13684,0.1557366303278883,10,62,10,407343,198267,50064,57892,1.8365537811701063,0.22600025765247367
13685,0.1557404283405014,2,19,2,407362,198248,50066,57890,1.8363777835414428,0.22601097845692555
13686,0.1557405343356799,1,8,1,407370,198240,50067,57889,1.8363036792767424,0.2260150158709088
13687,0.1557452149117135,29,215,29,407585,198025,50096,57860,1.8343121271629181,0.22611720108642555
13688,0.1557527940117389,0,1,0,407586,198024,50096,57860,1.8343028641298307,0.22611808475715559
13689,0.1557528675967243,0,4,0,407590,198020,50096,57860,1.8342658119974804,0.22612161950914492
13690,0.155753480875477,1,5,1,407595,198015,50097,57859,1.8342194968320427,0.2261230136707911
13691,0.1557545160378517,0,3,0,407598,198012,50097,57859,1.83419170773278,0.22612566488582136
13692,0.1557593991790334,0,1,0,407599,198011,50097,57859,1.8341824446996924,0.22612654863798023
13693,0.1557596265736979,0,2,0,407601,198009,50097,57859,1.8341639186335175,0.22612831616302156
13694,0.1557640399856042,0,5,0,407606,198004,50097,57859,1.8341176034680795,0.2261327350965165
13695,0.1557647163654831,1,15,1,407621,197989,50098,57858,1.8339786579717663,0.22614296825837316
13696,0.1557655636519746,1,3,1,407624,197986,50099,57857,1.8339508688725037,0.22614259526350144
13697,0.1557662489814467,2,7,2,407631,197979,50101,57855,1.8338860276408908,0.22614273317854547
13698,0.1557668829895189,0,6,0,407637,197973,50101,57855,1.8338304494423654,0.22614803696233407
13699,0.155767878695645,2,1,2,407638,197972,50103,57853,1.833821186409278,0.22614287110329326
13700,0.155768482511148,18,83,18,407721,197889,50121,57835,1.8330523546630109,0.22616179944002127
13701,0.1557691471415014,1,1,1,407722,197888,50122,57834,1.8330430916299234,0.22615965775334151
13702,0.1557704684842614,2,4,2,407726,197884,50124,57832,1.8330060394975731,0.22615714308060506
13703,0.1557723707729884,1,3,1,407729,197881,50125,57831,1.8329782503983105,0.22615677011638094
13704,0.1557736443094019,1,1,1,407730,197880,50126,57830,1.8329689873652228,0.2261546282898596
13705,0.1557757993077008,0,4,0,407734,197876,50126,57830,1.8329319352328726,0.2261581660187872
13706,0.1557763539361538,10,57,10,407791,197819,50136,57820,1.832403942346882,0.22617832177406422
13707,0.1557797375738047,26,154,26,407945,197665,50162,57794,1.8309774352513988,0.2262359126122
13708,0.1557840257577255,0,8,0,407953,197657,50162,57794,1.8309033309866982,0.22624299767861547
13709,0.155784891223038,6,16,6,407969,197641,50168,57788,1.8307551224572973,0.22623899400616218
13710,0.1557857756414734,1,6,1,407975,197635,50169,57787,1.8306995442587721,0.2262412791380539
13711,0.1557880000708148,46,252,46,408227,197383,50215,57741,1.8283652599207085,0.22632523792351955
13712,0.1557905278950888,0,1,0,408228,197382,50215,57741,1.8283559968876208,0.22632612504556626
13713,0.1557930219821212,8,59,8,408287,197323,50223,57733,1.8278094779354552,0.22635421240825543
13714,0.1557983297232049,9,29,9,408316,197294,50232,57724,1.827540849975916,0.22635264961688978
13715,0.1558003100829578,0,1,0,408317,197293,50232,57724,1.8275315869428286,0.22635353721516605
13716,0.155806536925188,7,55,7,408372,197238,50239,57717,1.827022120123013,0.22638112608107314
13717,0.1558082576644148,0,5,0,408377,197233,50239,57717,1.8269758049575753,0.22638556579721514
13718,0.1558083636595932,0,1,0,408378,197232,50239,57717,1.8269665419244878,0.2263864537613405
13719,0.1558088447817811,0,1,0,408379,197231,50239,57717,1.8269572788914001,0.22638734173243172
13720,0.1558093358097786,5,19,5,408398,197212,50244,57712,1.8267812812627366,0.22638904143980165
13721,0.1558094677516193,3,14,3,408412,197198,50247,57709,1.826651598799511,0.22639237055082834
13722,0.1558102202225246,5,18,5,408430,197180,50252,57704,1.8264848642039349,0.22639318278118672
13723,0.1558121858857295,4,36,4,408466,197144,50256,57700,1.826151395012783,0.22641302129930468
13724,0.1558141802749013,2,22,2,408488,197122,50258,57698,1.8259476082848567,0.22642649713523272
13725,0.155819468681375,0,8,0,408496,197114,50258,57698,1.8258735040201564,0.2264336059526239
13726,0.1558221199941276,5,16,5,408512,197098,50263,57693,1.8257252954907555,0.22643264479514583
13727,0.155822345361765,2,1,2,408513,197097,50265,57691,1.825716032457668,0.22642746126191188
13728,0.1558327579200184,21,70,21,408583,197027,50286,57670,1.8250676201415392,0.22642591000286616
13729,0.1558334542687676,0,1,0,408584,197026,50286,57670,1.8250583571084515,0.22642679900744417
13730,0.1558354160164094,0,4,0,408588,197022,50286,57670,1.8250213049761013,0.22643035509556642
13731,0.1558380237086065,1,14,1,408602,197008,50287,57669,1.8248916225128755,0.22643976487865022
13732,0.1558381620985718,2,7,2,408609,197001,50289,57667,1.8248267812812626,0.2264399139271522
13733,0.1558400653255827,3,23,3,408632,196978,50292,57664,1.824613731520249,0.22645125313184786
13734,0.1558411743170281,1,2,1,408634,196976,50293,57663,1.824595205454074,0.2264499939129513
13735,0.1558422031085823,0,4,0,408638,196972,50293,57663,1.8245581533217237,0.22645355116146643
13736,0.1558452305915306,1,0,1,408638,196972,50294,57662,1.8245581533217237,0.2264505132857356
13737,0.1558518541631307,18,91,18,408729,196881,50312,57644,1.8237152173107563,0.2264767704547687
13738,0.1558527205469513,1,9,1,408738,196872,50313,57643,1.8236318500129682,0.22648173977958078
13739,0.1558560015166504,3,8,3,408746,196864,50316,57640,1.823557745748268,0.2264797409863892
13740,0.1558562965081108,0,3,0,408749,196861,50316,57640,1.823529956649005,0.2264824106781506
13741,0.1558602958049247,0,1,0,408750,196860,50316,57640,1.8235206936159176,0.22648330058939095
13742,0.1558615640754218,0,2,0,408752,196858,50316,57640,1.8235021675497425,0.22648508043285212
13743,0.1558679340787816,0,5,0,408757,196853,50316,57640,1.8234558523843047,0.22648953016389448
13744,0.1558702963533823,3,17,3,408774,196836,50319,57637,1.8232983808218164,0.22649554176671002
13745,0.1558703624418624,0,3,0,408777,196833,50319,57637,1.8232705917225536,0.22649821196997683
13746,0.1558717378155408,0,18,0,408795,196815,50319,57637,1.8231038571269778,0.22651423451181363
13747,0.1558726046662184,17,92,17,408887,196723,50336,57620,1.8222516580829227,0.22654446947625845
13748,0.1558747177079374,5,13,5,408900,196710,50341,57615,1.8221312386527844,0.2265408434090239
13749,0.155880923086803,1,17,1,408917,196693,50342,57614,1.821973767090296,0.2265529458489149
13750,0.1558820095988146,2,10,2,408927,196683,50344,57612,1.8218811367594205,0.22655577183979236
13751,0.1558831325301296,0,1,0,408928,196682,50344,57612,1.8218718737263329,0.2265566627604269
13752,0.1558899098658328,1,4,1,408932,196678,50345,57611,1.8218348215939828,0.22655718493525084
13753,0.1558966164026501,4,10,4,408942,196668,50349,57607,1.821742191263107,0.22655392783403794
13754,0.1558997576457362,4,32,4,408974,196636,50353,57603,1.8214457742043055,0.22657027442681885
13755,0.1559011127494276,3,11,3,408985,196625,50356,57600,1.8213438808403424,0.2265709509292949
13756,0.1559025047573866,9,51,9,409036,196574,50365,57591,1.820871466152877,0.22658902681329057
13757,0.1559036677374579,4,21,4,409057,196553,50369,57587,1.8206769424580385,0.22659557724089086
13758,0.1559042342998867,34,130,34,409187,196423,50403,57553,1.8194727481566564,0.22660802595520838
13759,0.1559042867233666,0,2,0,409189,196421,50403,57553,1.8194542220904812,0.2266098104530385
13760,0.1559058530325198,2,2,2,409191,196419,50405,57551,1.819435696024306,0.22660550458715598
13761,0.1559066775131553,3,31,3,409222,196388,50408,57548,1.819148541998592,0.226624031251969
13762,0.1559078010994821,4,19,4,409241,196369,50412,57544,1.8189725443699285,0.22662880592959006
13763,0.155908767189375,3,10,3,409251,196359,50415,57541,1.818879914039053,0.22662859393461993
13764,0.1559089198200727,0,5,0,409256,196354,50415,57541,1.8188335988736153,0.22663305697237046
13765,0.155914571917127,6,38,6,409294,196316,50421,57535,1.818481603616288,0.22664870337323864
13766,0.1559168123229865,0,1,0,409295,196315,50421,57535,1.8184723405832006,0.22664959621823913
13767,0.1559175467288576,14,56,14,409351,196259,50435,57521,1.8179536107302976,0.22665694696193553
13768,0.1559181223258238,3,1,3,409352,196258,50438,57518,1.81794434769721,0.22664869806443477
13769,0.1559243881967676,0,1,0,409353,196257,50438,57518,1.8179350846641225,0.22664959117328343
13770,0.1559296459342697,4,17,4,409370,196240,50442,57514,1.817777613101634,0.2266525847868408
13771,0.1559297422411995,2,5,2,409375,196235,50444,57512,1.8177312979361961,0.2266509554792766
13772,0.1559315177982002,1,8,1,409383,196227,50445,57511,1.8176571936714958,0.22665505363800456
13773,0.1559345068588781,0,3,0,409386,196224,50445,57511,1.8176294045722332,0.22665773346207657
13774,0.1559374458951834,0,6,0,409392,196218,50445,57511,1.8175738263737078,0.22666309330033224
13775,0.1559381012162751,98,458,98,409850,195760,50543,57413,1.813331357219608,0.2267737870942004
13776,0.155941924979141,1,5,1,409855,195755,50544,57412,1.8132850420541702,0.22677521161920788
13777,0.1559423256719075,0,1,0,409856,195754,50544,57412,1.8132757790210827,0.22677610737618795
13778,0.1559459124936041,0,1,0,409857,195753,50544,57412,1.813266515987995,0.22677700314024452
13779,0.1559464980250051,2,11,2,409868,195742,50546,57410,1.813164622624032,0.22678074832511694
13780,0.1559482291063719,1,4,1,409872,195738,50547,57409,1.8131275704916818,0.22678127728157949
13781,0.155949984708825,12,62,12,409934,195676,50559,57397,1.8125532624402534,0.2268001722823059
13782,0.1559516227377293,1,2,1,409936,195674,50560,57396,1.8125347363740782,0.22679890939265815
13783,0.1559538298168021,0,1,0,409937,195673,50560,57396,1.8125254733409908,0.22679980558661866
13784,0.1559545074459408,2,7,2,409944,195666,50562,57394,1.812460632109378,0.2267999683869438
13785,0.1559557099662423,18,66,18,410010,195600,50580,57376,1.8118492719255994,0.2268041237113402
13786,0.155956778469351,0,1,0,410011,195599,50580,57376,1.8118400088925117,0.22680502025891885
13787,0.155956984157783,0,1,0,410012,195598,50580,57376,1.8118307458594243,0.22680591681358558
13788,0.155958499593812,3,4,3,410016,195594,50583,57373,1.811793693727074,0.22680033364035626
13789,0.1559628002494287,0,5,0,410021,195589,50583,57373,1.8117473785616363,0.22680481653370863
13790,0.1559633536798935,32,203,32,410224,195386,50615,57341,1.8098669828448628,0.2268890937652091
13791,0.1559644457265634,0,8,0,410232,195378,50615,57341,1.8097928785801622,0.22689627610112417
13792,0.1559662978505652,1,2,1,410234,195376,50616,57340,1.809774352513987,0.22689501258329509
13793,0.1559687823029517,0,3,0,410237,195373,50616,57340,1.8097465634147245,0.22689770609347362
13794,0.1559725032294308,0,7,0,410244,195366,50616,57340,1.8096817221831116,0.22690399119925922
13795,0.1559768143882006,1,4,1,410248,195362,50617,57339,1.8096446700507614,0.2269045235278056
13796,0.1559824012410403,2,2,2,410250,195360,50619,57337,1.8096261439845862,0.22690020063554375
13797,0.1559893488428123,2,23,2,410273,195337,50621,57335,1.8094130942235727,0.22691473530901723
13798,0.1559913796657283,6,9,6,410282,195328,50627,57329,1.8093297269257846,0.226904459405439
13799,0.1559923006527948,1,0,1,410282,195328,50628,57328,1.8093297269257846,0.22690139953137864
13800,0.1559929127341818,0,1,0,410283,195327,50628,57328,1.809320463892697,0.22690229759949337
13801,0.1559952976547932,4,37,4,410320,195290,50632,57324,1.8089777316684574,0.22692329007893466
13802,0.1559953660169628,4,21,4,410341,195269,50636,57320,1.8087832079736188,0.22692991381255717
13803,0.1559983931921953,13,58,13,410399,195211,50649,57307,1.8082459520545406,0.22694223778106906
13804,0.1560020392377362,8,20,8,410419,195191,50657,57299,1.8080606913927897,0.22693572022654362
13805,0.1560045431023397,2,2,2,410421,195189,50659,57297,1.8080421653266145,0.22693139421591693
13806,0.1560104298489958,5,44,5,410465,195145,50664,57292,1.8076345918707621,0.22695563645582859
13807,0.1560113551051177,0,3,0,410468,195142,50664,57292,1.8076068027714995,0.22695833366345264
13808,0.156011406726981,41,286,41,410754,194856,50705,57251,1.804957575308459,0.22709008476559556
13809,0.156012167285232,4,25,4,410779,194831,50709,57247,1.80472599948127,0.22710034195764803
13810,0.1560140100689108,0,1,0,410780,194830,50709,57247,1.8047167364481826,0.22710124287420114
13811,0.1560143719571999,1,15,1,410795,194815,50710,57246,1.8045777909518692,0.22711169121760208
13812,0.1560160584302852,0,1,0,410796,194814,50710,57246,1.8045685279187818,0.22711259223994287
13813,0.1560218750455933,0,10,0,410806,194804,50710,57246,1.8044758975879063,0.22712160285657607
13814,0.1560240150247874,2,10,2,410816,194794,50712,57244,1.8043832672570306,0.227124481229021
13815,0.156027819678805,8,37,8,410853,194757,50720,57236,1.804040535032791,0.22713329338513372
13816,0.1560290260378112,0,1,0,410854,194756,50720,57236,1.8040312719997036,0.22713419473634083
13817,0.1560391579116993,1,1,1,410855,194755,50721,57235,1.8040220089666161,0.22713202904877178
13818,0.1560428118625483,5,14,5,410869,194741,50726,57230,1.8038923265033904,0.22712931250024804
13819,0.156043355515569,4,88,4,410957,194653,50730,57226,1.8030771795916856,0.22719639191834173
13820,0.1560443663627544,0,6,0,410963,194647,50730,57226,1.8030216013931601,0.22720180408380414
13821,0.1560444316924012,0,2,0,410965,194645,50730,57226,1.803003075326985,0.2272036081962592
13822,0.156044643712114,1,0,1,410965,194645,50731,57225,1.803003075326985,0.22720053996109105
13823,0.1560455811131886,0,2,0,410967,194643,50731,57225,1.8029845492608099,0.2272023440849969
13824,0.1560458526555896,9,22,9,410989,194621,50740,57216,1.8027807625328838,0.22719457426827672
13825,0.1560468751768578,3,3,3,410992,194618,50743,57213,1.8027529734336212,0.227188074542054
13826,0.1560501845470708,0,1,0,410993,194617,50743,57213,1.8027437104005335,0.22718897669062463
13827,0.1560514582922178,0,2,0,410995,194615,50743,57213,1.8027251843343584,0.2271907810092603
13828,0.156051894926833,1,0,1,410995,194615,50744,57212,1.8027251843343584,0.2271877121992479
13829,0.1560553969228895,2,27,2,411022,194588,50746,57210,1.8024750824409945,0.22720593491608354
13830,0.1560570474909226,0,1,0,411023,194587,50746,57210,1.8024658194079068,0.22720683725381954
13831,0.1560593604823183,2,9,2,411032,194578,50748,57208,1.8023824521101188,0.22720882018857283
13832,0.1560665289892277,6,17,6,411049,194561,50754,57202,1.8022249805476305,0.22720574508565594
13833,0.1560676478743179,37,128,37,411177,194433,50791,57165,1.8010393123124235,0.22720768845539313
13834,0.1560695421669562,0,6,0,411183,194427,50791,57165,1.8009837341138983,0.22721310693503768
13835,0.1560724993344475,1,24,1,411207,194403,50792,57164,1.8007614213197969,0.2272317116314938
13836,0.1560730315266277,11,28,11,411235,194375,50803,57153,1.8005020563933454,0.2272232117299068
13837,0.1560737149227249,0,1,0,411236,194374,50803,57153,1.800492793360258,0.22722411510493903
13838,0.1560747063151319,1,3,1,411239,194371,50804,57152,1.8004650042609953,0.22722375289734933
13839,0.1560748385090517,1,6,1,411245,194365,50805,57151,1.80040942606247,0.2272261009239969
13840,0.1560767117781177,1,7,1,411252,194358,50806,57150,1.800344584830857,0.22722935254544588
13841,0.1560799966091453,1,0,1,411252,194358,50807,57149,1.800344584830857,0.2272262799842549
13842,0.1560814800408954,2,16,2,411268,194342,50809,57147,1.8001963763014561,0.22723459077733021
13843,0.1560816267894466,6,14,6,411282,194328,50815,57141,1.8000666938382304,0.22722880355033823
13844,0.1560822012811132,1,7,1,411289,194321,50816,57140,1.8000018526066175,0.2272320558655219
13845,0.1560858975561642,8,38,8,411327,194283,50824,57132,1.7996498573492905,0.2272418113477716
13846,0.1560868176451265,13,144,13,411471,194139,50837,57119,1.7983159805846827,0.22733206504867506
13847,0.1560869461595906,3,9,3,411480,194130,50840,57116,1.7982326132868947,0.22733098238379915
13848,0.1560877689254069,1,1,1,411481,194129,50841,57115,1.7982233502538072,0.22732881183232237
13849,0.1560894352571646,0,2,0,411483,194127,50841,57115,1.798204824187632,0.2273306214725245
13850,0.1560897043695066,1,0,1,411483,194127,50842,57114,1.798204824187632,0.22732754606135144
13851,0.156093619380364,0,1,0,411484,194126,50842,57114,1.7981955611545444,0.22732845088361725
13852,0.1560950362380936,1,2,1,411486,194124,50843,57113,1.7981770350883692,0.22732718508818367
13853,0.1561058426659175,2,3,2,411489,194121,50845,57111,1.7981492459891066,0.22732374856706153
13854,0.1561066104978134,2,11,2,411500,194110,50847,57109,1.7980473526251435,0.2273275508619969
13855,0.1561115727382827,6,28,6,411528,194082,50853,57103,1.797787987698692,0.22733443477914683
13856,0.1561155951674152,0,3,0,411531,194079,50853,57103,1.7977601985994294,0.2273371499550127
13857,0.1561168273487178,5,33,5,411564,194046,50858,57098,1.7974545185075401,0.2273516389003918
13858,0.1561209263237711,0,4,0,411568,194042,50858,57098,1.7974174663751898,0.22735526001433462
13859,0.1561221694352048,9,47,9,411615,193995,50867,57089,1.7969821038200748,0.22737012314603877
13860,0.1561240675227687,1,2,1,411617,193993,50868,57088,1.7969635777538997,0.22736885706206364
13861,0.1561275629358705,0,2,0,411619,193991,50868,57088,1.7969450516877246,0.22737066819606577
13862,0.1561279534133577,1,10,1,411629,193981,50869,57087,1.796852421356849,0.22737664696416907
13863,0.1561313859858661,1,4,1,411633,193977,50870,57086,1.7968153692244988,0.22737719217885552
13864,0.1561347375029065,4,3,4,411636,193974,50874,57082,1.7967875801252362,0.2273675992607227
13865,0.1561360380777077,1,6,1,411642,193968,50875,57081,1.7967320019267108,0.22736995566602536
13866,0.1561419217796534,3,22,3,411664,193946,50878,57078,1.7965282151987847,0.22738064886226017
13867,0.1561436528610202,3,6,3,411670,193940,50881,57075,1.7964726370002593,0.22737684998904448
13868,0.1561436875762116,3,8,3,411678,193932,50884,57072,1.796398532735559,0.2273748625519912
13869,0.1561449843775239,2,14,2,411692,193918,50886,57070,1.7962688502723332,0.22738138875165348
13870,0.1561469770655172,1,4,1,411696,193914,50887,57069,1.796231798139983,0.2273819342345896
13871,0.1561484573996859,12,36,12,411732,193878,50899,57057,1.795898328948831,0.22737760774702612
13872,0.1561551467419823,2,10,2,411742,193868,50901,57055,1.7958056986179554,0.22738051115282376
13873,0.1561559195927135,20,152,20,411894,193716,50921,57035,1.7943977175886472,0.2274567200130807
13874,0.1561559984549494,0,2,0,411896,193714,50921,57035,1.794379191522472,0.2274585342314426
13875,0.1561563862523819,4,6,4,411902,193708,50925,57031,1.7943236133239469,0.22745165291398625
13876,0.1561574408330735,0,1,0,411903,193707,50925,57031,1.7943143502908592,0.2274525600427538
13877,0.1561628655620069,0,3,0,411906,193704,50925,57031,1.7942865611915966,0.22745528147247093
13878,0.1561646116692554,1,4,1,411910,193700,50926,57030,1.7942495090592463,0.22745582897938021
13879,0.1561659779798064,0,1,0,411911,193699,50926,57030,1.7942402460261588,0.2274567361573651
13880,0.156166285114311,0,1,0,411912,193698,50926,57030,1.7942309829930712,0.2274576433425864
13881,0.1561673169144942,0,1,0,411913,193697,50926,57030,1.7942217199599837,0.2274585505350441
13882,0.1561683210384047,0,3,0,411916,193694,50926,57030,1.794193930860721,0.2274612721558367
13883,0.1561686821773149,0,6,0,411922,193688,50926,57030,1.7941383526621957,0.22746671559281742
13884,0.1561709001688762,7,29,7,411951,193659,50933,57023,1.7938697247026567,0.22747145786294987
13885,0.1561716036442094,7,27,7,411978,193632,50940,57016,1.7936196228092927,0.22747438639047587
13886,0.1561729021736118,1,6,1,411984,193626,50941,57015,1.7935640446107675,0.22747674961398973
13887,0.156175776539426,56,338,56,412322,193288,50997,56959,1.790433139427174,0.22761112021322932
13888,0.1561764218349006,1,1,1,412323,193287,50998,56958,1.7904238763940865,0.22760894323562908
13889,0.1561793613198791,14,139,14,412462,193148,51012,56944,1.7891363147949164,0.22769220926698974
13890,0.1561801712111165,1,15,1,412477,193133,51013,56943,1.7889973692986032,0.22770277835537997
13891,0.1561908833076419,8,68,8,412545,193065,51021,56935,1.7883674830486493,0.22774
13892,0.1561948570883746,4,8,4,412553,193057,51025,56931,1.788293378783949,0.22773493127670127
13893,0.1561953213851262,7,19,7,412572,193038,51032,56924,1.7881173811552855,0.22773061505348813
13894,0.1561960756472706,1,6,1,412578,193032,51033,56923,1.78806180295676,0.22773299193854893
13895,0.1561998823130506,49,284,49,412862,192748,51082,56874,1.7854311015598947,0.2278404948281802
13896,0.1562016117934352,0,1,0,412863,192747,51082,56874,1.7854218385268072,0.227841407573882
13897,0.1562025668268198,1,4,1,412867,192743,51083,56873,1.785384786394457,0.22784196525863726
13898,0.1562031528809105,0,4,0,412871,192739,51083,56873,1.7853477342621067,0.2278456163966476
13899,0.1562038674016211,0,1,0,412872,192738,51083,56873,1.7853384712290192,0.22784652919943432
13900,0.1562072440878776,2,31,2,412903,192707,51085,56871,1.7850513172033051,0.22786864226814862
13901,0.1562078986954068,0,1,0,412904,192706,51085,56871,1.7850420541702174,0.22786955528754652
13902,0.1562088967497466,3,14,3,412918,192692,51088,56868,1.7849123717069917,0.22787305657958007
13903,0.1562093710048689,6,17,6,412935,192675,51094,56862,1.7847549001445033,0.22787001526827685
13904,0.1562094115641963,1,0,1,412935,192675,51095,56861,1.7847549001445033,0.227866921005386
13905,0.1562110266989382,0,3,0,412938,192672,51095,56861,1.7847271110452407,0.2278696605258623
13906,0.1562114821849336,1,1,1,412939,192671,51096,56860,1.784717848012153,0.22786747939133814
13907,0.156213012147278,0,4,0,412943,192667,51096,56860,1.7846807958798028,0.22787113218208851
13908,0.1562132727517481,1,8,1,412951,192659,51097,56859,1.7846066916151024,0.22787534366258147
13909,0.1562137495778326,2,25,2,412976,192634,51099,56857,1.7843751157879135,0.22789198808774666
13910,0.1562172988002416,1,8,1,412984,192626,51100,56856,1.7843010115232132,0.2278962009283235
13911,0.1562226109632676,0,5,0,412989,192621,51100,56856,1.7842546963577754,0.2279007684075085
13912,0.1562252930001352,0,1,0,412990,192620,51100,56856,1.7842454333246878,0.22790168192531546
13913,0.1562295883829679,15,115,15,413105,192505,51115,56841,1.7831801845196191,0.2279603442605857
13914,0.15623015951042,6,9,6,413114,192496,51121,56835,1.783096817221831,0.22794999418443757
13915,0.1562347617426259,0,3,0,413117,192493,51121,56835,1.7830690281225685,0.22795273695694027
13916,0.1562360837491102,0,1,0,413118,192492,51121,56835,1.7830597650894808,0.22795365122910877
13917,0.1562364997899018,2,17,2,413135,192475,51123,56833,1.7829022935269925,0.2279630015883967
13918,0.1562365115012283,0,4,0,413139,192471,51123,56833,1.7828652413946422,0.22796665917915476
13919,0.1562375461982797,0,1,0,413140,192470,51123,56833,1.7828559783615547,0.22796757359518338
13920,0.1562378444389578,2,19,2,413159,192451,51125,56831,1.7826799807328912,0.22797875498431494
13921,0.1562383761565247,6,48,6,413207,192403,51131,56825,1.7822353551446886,0.2280040765885053
13922,0.1562395367440171,0,1,0,413208,192402,51131,56825,1.782226092111601,0.2280049914335124
13923,0.1562400375423137,1,7,1,413215,192395,51132,56824,1.7821612508799882,0.22800829792271055
13924,0.1562421620026264,1,10,1,413225,192385,51133,56823,1.7820686205491125,0.22801434945908639
13925,0.1562447349969215,0,6,0,413231,192379,51133,56823,1.7820130423505873,0.2280198393271322
13926,0.1562487337997115,0,5,0,413236,192374,51133,56823,1.7819667271851496,0.2280244144191142
13927,0.1562496855967123,19,121,19,413357,192253,51152,56804,1.7808459001815555,0.2280763038180015
13928,0.1562505556566914,0,6,0,413363,192247,51152,56804,1.7807903219830301,0.2280817985071331
13929,0.1562505619445615,2,7,2,413370,192240,51154,56802,1.7807254807514172,0.22808201026332908
13930,0.1562540006788867,22,93,22,413463,192147,51176,56780,1.7798640186742747,0.22809900091191393
13931,0.1562547842369666,2,18,2,413481,192129,51178,56778,1.7796972840786986,0.22810929383263628
13932,0.1562565153183334,2,4,2,413485,192125,51180,56776,1.7796602319463486,0.2281067573051133
13933,0.1562611966074081,4,42,4,413527,192083,51184,56772,1.7792711845566713,0.22813284844588214
13934,0.1562631837868372,1,9,1,413536,192074,51185,56771,1.7791878172588833,0.22813799754867486
13935,0.1562658791293058,3,20,3,413556,192054,51188,56768,1.7790025565971321,0.2281470287997042
13936,0.156267711636964,13,75,13,413631,191979,51201,56755,1.7783078291155656,0.22817548063393023
13937,0.1562682545950822,4,37,4,413668,191942,51205,56751,1.777965096891326,0.2281970139891352
13938,0.1562742114263698,1,1,1,413669,191941,51206,56750,1.7779558338582386,0.22819482812003652
13939,0.1562745310355667,1,2,1,413671,191939,51207,56749,1.7779373077920635,0.22819355980184006
13940,0.1562747881407774,1,5,1,413676,191934,51208,56748,1.7778909926266258,0.22819504427340942
13941,0.1562757280193201,0,1,0,413677,191933,51208,56748,1.777881729593538,0.2281959618949578
13942,0.156278054558818,4,18,4,413695,191915,51212,56744,1.777714994997962,0.2282000651494617
13943,0.1562799406081368,7,21,7,413716,191894,51219,56737,1.7775204713031234,0.22819761011297868
13944,0.1562801955234946,30,122,30,413838,191772,51249,56707,1.7763903812664419,0.22821646899738007
13945,0.1562815446346281,1,3,1,413841,191769,51250,56706,1.7763625921671793,0.22821611832176275
13946,0.156282768876882,39,164,39,414005,191605,51289,56667,1.7748434547408203,0.22824563382097054
13947,0.1562851281241549,0,1,0,414006,191604,51289,56667,1.7748341917077328,0.2282465531616661
13948,0.1562867622746141,1,1,1,414007,191603,51290,56666,1.7748249286746451,0.228244363976171
13949,0.156290751361003,3,2,3,414009,191601,51293,56663,1.7748064026084702,0.22823687687300614
13950,0.1562947454976919,125,627,125,414636,190974,51418,56538,1.7689984808625736,0.22842528847086202
13951,0.1562957565821479,1,0,1,414636,190974,51419,56537,1.7689984808625736,0.2284221711358283
13952,0.1562983708154006,143,693,143,415329,190281,51562,56394,1.7625791989328985,0.22861660079051382
13953,0.1562998636057032,0,3,0,415332,190278,51562,56394,1.762551409833636,0.22861938120256858
13954,0.1563019646558081,56,288,56,415620,189990,51618,56338,1.7598836563044202,0.22871131174693904
13955,0.1563045234932861,0,8,0,415628,189982,51618,56338,1.75980955203972,0.22871873985060084
13956,0.1563045756381904,1,4,1,415632,189978,51619,56337,1.7597724999073696,0.22871932281834237
13957,0.1563045922899058,0,1,0,415633,189977,51619,56337,1.7597632368742822,0.2287202513864417
13958,0.156304876257855,0,3,0,415636,189974,51619,56337,1.7597354477750196,0.2287230371359785
13959,0.1563068407434654,1,1,1,415637,189973,51620,56336,1.7597261847419319,0.22872083439906785
13960,0.1563111100208423,4,15,4,415652,189958,51624,56332,1.7595872392456187,0.22872223801209957
13961,0.1563182002011125,0,3,0,415655,189955,51624,56332,1.7595594501463558,0.228725024057299
13962,0.1563187615858421,2,5,2,415660,189950,51626,56330,1.759513134980918,0.22872340425531915
13963,0.1563201065451908,3,24,3,415684,189926,51629,56327,1.7592908221868169,0.22873629965929348
13964,0.1563204299656847,2,10,2,415694,189916,51631,56325,1.7591981918559414,0.22873932448292528
13965,0.1563217582005093,1,8,1,415702,189908,51632,56324,1.7591240875912408,0.22874362389941194
13966,0.1563239700368973,2,19,2,415721,189889,51634,56322,1.7589480899625773,0.228755010945896
13967,0.1563243446422468,1,0,1,415721,189889,51635,56321,1.7589480899625773,0.22875187847772227
13968,0.1563280799325296,1,6,1,415727,189883,51636,56320,1.758892511764052,0.22875432062160087
13969,0.1563281409850085,3,20,3,415747,189863,51639,56317,1.758707251102301,0.22876350637744738
13970,0.1563286889709356,78,414,78,416161,189449,51717,56239,1.7548723554040535,0.22890413858226694
13971,0.1563292188685979,1,4,1,416165,189445,51718,56238,1.7548353032717032,0.22890472682277568
13972,0.1563299562991525,2,7,2,416172,189438,51720,56236,1.7547704620400904,0.22890497162906942
13973,0.1563301612575548,3,8,3,416180,189430,51723,56233,1.75469635777539,0.22890300940719605
13974,0.1563340316029451,0,1,0,416181,189429,51723,56233,1.7546870947423023,0.22890394118748525
13975,0.1563354734205808,1,6,1,416187,189423,51724,56232,1.7546315165437771,0.22890639311229163
13976,0.1563358951121748,1,8,1,416195,189415,51725,56231,1.7545574122790766,0.22891070890631235
13977,0.1563392704288057,2,15,2,416210,189400,51727,56229,1.7544184667827634,0.22891840947119435
13978,0.1563397071171035,0,9,0,416219,189391,51727,56229,1.7543350994849753,0.2289267974920609
13979,0.1563398374095168,2,12,2,416231,189379,51729,56227,1.7542239430879247,0.22893170362287565
13980,0.1563409427210854,0,2,0,416233,189377,51729,56227,1.7542054170217496,0.228933567857201
13981,0.1563421420871892,0,1,0,416234,189376,51729,56227,1.7541961539886621,0.22893449998574936
13982,0.1563493739585415,0,2,0,416236,189374,51729,56227,1.754177627922487,0.2289363642656178
13983,0.1563535329325478,7,82,7,416318,189292,51736,56220,1.7534180592093076,0.22899084362475153
13984,0.1563540723932313,21,26,21,416344,189266,51757,56199,1.753177220349031,0.22894913735155725
13985,0.1563609696105432,0,8,0,416352,189258,51757,56199,1.7531031160843307,0.22895659932289567
13986,0.1563612304635894,6,34,6,416386,189224,51763,56193,1.7527881729593537,0.22896946829274256
13987,0.1563615374341182,4,8,4,416394,189216,51767,56189,1.7527140686946534,0.2289643650292374
13988,0.1563627709636297,4,11,4,416405,189205,51771,56185,1.7526121753306902,0.22896206039365907
13989,0.1563631109549962,6,17,6,416422,189188,51777,56179,1.752454703768202,0.22895906947552033
13990,0.1563634181140046,0,1,0,416423,189187,51777,56179,1.7524454407351142,0.22896000260834834
13991,0.1563655012303071,25,92,25,416515,189095,51802,56154,1.7515932416910593,0.22896729446399375
13992,0.1563673565606859,2,26,2,416541,189069,51804,56152,1.751352402830783,0.22898528266339344
13993,0.1563759115610637,0,9,0,416550,189060,51804,56152,1.751269035532995,0.2289936870952482
13994,0.1563765336693925,2,10,2,416560,189050,51806,56150,1.7511764052021195,0.22899673735725937
13995,0.1563792322547551,2,18,2,416578,189032,51808,56148,1.7510096706065434,0.2290072599722653
13996,0.1563803808375876,0,1,0,416579,189031,51808,56148,1.7510004075734558,0.2290081940133535
13997,0.1563835123991384,58,313,58,416892,188718,51866,56090,1.7481010782170514,0.2291183294663573
13998,0.1563835473369295,5,33,5,416925,188685,51871,56085,1.7477953981251622,0.22913347223924502
13999,0.1563842799540911,1,4,1,416929,188681,51872,56084,1.7477583459928119,0.22913406737074338
14000,0.1563909835814269,0,3,0,416932,188678,51872,56084,1.7477305568935493,0.2291368758222273
14001,0.1563920037685404,7,23,7,416955,188655,51879,56077,1.7475175071325355,0.22913636140758054
14002,0.1563923304097048,0,1,0,416956,188654,51879,56077,1.7475082440994478,0.22913729768603078
14003,0.1563944115226561,0,1,0,416957,188653,51879,56077,1.7474989810663604,0.22913823397213257
14004,0.1563954257873487,1,3,1,416960,188650,51880,56076,1.7474711919670978,0.22913789299052817
14005,0.1563962027047271,1,1,1,416961,188649,51881,56075,1.74746192893401,0.22913567937758456
14006,0.156396518294849,23,105,23,417066,188544,51904,56052,1.746489310459817,0.2291615561987931
14007,0.1563979905814682,0,1,0,417067,188543,51904,56052,1.7464800474267295,0.22916249310084016
14008,0.1564010878697946,4,15,4,417082,188528,51908,56048,1.746341101930416,0.22916394086091849
14009,0.156402667842526,10,32,10,417114,188496,51918,56038,1.7460446848716145,0.2291624068636672
14010,0.1564028549973457,1,9,1,417123,188487,51919,56037,1.7459613175738264,0.22916768906119644
14011,0.1564029689959341,0,1,0,417124,188486,51919,56037,1.7459520545407388,0.229168626264196
14012,0.1564033027444941,1,2,1,417126,188484,51920,56036,1.7459335284745636,0.2291673482741698
14013,0.1564045966727816,0,1,0,417127,188483,51920,56036,1.7459242654414762,0.22916828549110704
14014,0.1564076012168608,2,1,2,417128,188482,51922,56034,1.7459150024083887,0.2291629177640727
14015,0.1564097421815374,9,42,9,417170,188440,51931,56025,1.7455259550187112,0.2291739103757184
14016,0.1564115858401479,1,2,1,417172,188438,51932,56024,1.7455074289525363,0.2291726321473276
14017,0.1564123155349248,15,49,15,417221,188389,51947,56009,1.7450535403312462,0.22917126981399194
14018,0.1564127160107802,2,6,2,417227,188383,51949,56007,1.7449979621327207,0.2291705879945988
14019,0.1564145556210037,1,0,1,417227,188383,51950,56006,1.7449979621327207,0.22916743388614053
14020,0.1564150127518508,9,32,9,417259,188351,51959,55997,1.744701545073919,0.22916905397220358
14021,0.1564150300157466,59,345,59,417604,188006,52018,55938,1.7415057986587128,0.2293067261338668
14022,0.1564151766980393,3,29,3,417633,187977,52021,55935,1.7412371706991738,0.22932451047918923
14023,0.1564157751614707,2,6,2,417639,187971,52023,55933,1.7411815925006484,0.2293238323274731
14024,0.1564210010464425,5,45,5,417684,187926,52028,55928,1.7407647560117085,0.22935034897930728
14025,0.156421862302513,0,1,0,417685,187925,52028,55928,1.7407554929786209,0.22935128950638295
14026,0.1564219232577324,1,2,1,417687,187923,52029,55927,1.7407369669124457,0.22935001025220422
14027,0.1564240444524426,3,15,3,417702,187908,52032,55924,1.7405980214161325,0.22935463761934446
14028,0.1564258592411857,3,33,3,417735,187875,52035,55921,1.7402923413242433,0.2293761997735812
14029,0.1564274752548026,5,21,5,417756,187854,52040,55916,1.7400978176294046,0.22938015342330886
14030,0.1564287086855728,4,21,4,417777,187833,52044,55912,1.739903293934566,0.22938726948245092
14031,0.1564296429389016,1,14,1,417791,187819,52045,55911,1.7397736114713402,0.22939728387970296
14032,0.1564302966689549,14,76,14,417867,187743,52059,55897,1.739069620956686,0.22942456082745033
14033,0.1564406566788851,1,2,1,417869,187741,52060,55896,1.739051094890511,0.22942328135710094
14034,0.156441010384425,0,1,0,417870,187740,52060,55896,1.7390418318574234,0.2294242230212284
14035,0.1564449633624629,76,392,76,418262,187348,52136,55820,1.735410722887102,0.22955323068824846
14036,0.1564490357367904,18,42,18,418304,187306,52154,55802,1.7350216754974248,0.2295358441515705
14037,0.1564555089197524,1,1,1,418305,187305,52155,55801,1.7350124124643374,0.22953361907974298
14038,0.1564562291838177,6,48,6,418353,187257,52161,55795,1.7345677868761347,0.22955992956239818
14039,0.1564568005712337,0,1,0,418354,187256,52161,55795,1.7345585238430472,0.22956087405523942
14040,0.1564568415313819,10,36,10,418390,187220,52171,55785,1.7342250546518951,0.22956317771239274
14041,0.1564568483665466,5,23,5,418413,187197,52176,55780,1.7340120048908814,0.22956905386106505
14042,0.1564576876430513,2,4,2,418417,187193,52178,55778,1.7339749527585313,0.22956649147429117
14043,0.1564590921961814,45,250,45,418667,186943,52223,55733,1.7316591944866426,0.22966012296230365
14044,0.1564605467474862,6,24,6,418691,186919,52229,55727,1.7314368816925414,0.22966379004805354
14045,0.1564612111663026,5,10,5,418701,186909,52234,55722,1.731344251361666,0.22965738096121271
14046,0.1564651588970592,5,19,5,418720,186890,52239,55717,1.7311682537330024,0.22965949045163578
14047,0.1564671795215654,1,13,1,418733,186877,52240,55716,1.7310478343028641,0.2296686219305586
14048,0.1564675270094736,17,57,17,418790,186820,52257,55699,1.7305198414168736,0.2296686032846911
14049,0.1564685195519946,0,1,0,418791,186819,52257,55699,1.730510578383786,0.22966955030142092
14050,0.1564690020653777,14,69,14,418860,186750,52271,55685,1.7298714291007447,0.2296904324870584
14051,0.1564691154873612,0,2,0,418862,186748,52271,55685,1.7298529030345697,0.22969232736467396
14052,0.1564696428126192,13,80,13,418942,186668,52284,55672,1.7291118603875653,0.22972683007345052
14053,0.1564701576270689,0,2,0,418944,186666,52284,55672,1.7290933343213901,0.22972872599427246
14054,0.1564726947901553,1,2,1,418946,186664,52285,55671,1.729074808255215,0.22972744341510717
14055,0.1564762472461439,1,0,1,418946,186664,52286,55670,1.729074808255215,0.22972426485759323
14056,0.1564794151640612,0,1,0,418947,186663,52286,55670,1.7290655452221275,0.22972521282697775
14057,0.1564811259625576,0,1,0,418948,186662,52286,55670,1.72905628218904,0.22972616080418598
14058,0.15648285933966,12,57,12,419005,186605,52298,55658,1.7285282893030494,0.2297420571857857
14059,0.1564851800721155,15,112,15,419117,186493,52313,55643,1.7274908295972433,0.22980060792282023
14060,0.1564876801007707,1,3,1,419120,186490,52314,55642,1.7274630404979807,0.22980027423058497
14061,0.1564876864897691,1,3,1,419123,186487,52315,55641,1.727435251398718,0.2297999405273244
14062,0.1564904334198842,1,2,1,419125,186485,52316,55640,1.727416725332543,0.2297986577181208
14063,0.1564913901330558,0,2,0,419127,186483,52316,55640,1.7273981992663678,0.22980055591579487
14064,0.1564923176216725,1,1,1,419128,186482,52317,55639,1.7273889362332802,0.2297983239785066
14065,0.156492876425891,8,29,8,419157,186453,52325,55631,1.7271203082737412,0.2298003998612052
14066,0.1564982663640626,2,1,2,419158,186452,52327,55629,1.7271110452406535,0.22979498597576845
14067,0.1564998536791824,0,4,0,419162,186448,52327,55629,1.7270739931083035,0.22979878303184523
14068,0.1565018709573342,0,3,0,419165,186445,52327,55629,1.7270462040090406,0.2298016309062518
14069,0.1565020246741333,2,5,2,419170,186440,52329,55627,1.726999888843603,0.22980001404569808
14070,0.1565036927046844,0,4,0,419174,186436,52329,55627,1.7269628367112528,0.2298038114044691
14071,0.1565056364110589,1,1,1,419175,186435,52330,55626,1.7269535736781652,0.2298015789408455
14072,0.1565067645423777,1,4,1,419179,186431,52331,55625,1.7269165215458149,0.22980219453349637
14073,0.156512409426047,1,5,1,419184,186426,52332,55624,1.7268702063803771,0.2298037595538112
14074,0.1565155302998392,7,62,7,419246,186364,52339,55617,1.726295898328949,0.22984035936705774
14075,0.1565166457896069,1,1,1,419247,186363,52340,55616,1.7262866352958612,0.22983812644898938
14076,0.1565183330410983,0,1,0,419248,186362,52340,55616,1.7262773722627738,0.2298390762796618
14077,0.1565184098275837,0,2,0,419250,186360,52340,55616,1.7262588461965986,0.22984097596455846
14078,0.1565225581277552,1,0,1,419250,186360,52341,55615,1.7262588461965986,0.22983779316045047
14079,0.1565234044699879,0,4,0,419254,186356,52341,55615,1.7262217940642484,0.22984159258754147
14080,0.1565246776904599,0,1,0,419255,186355,52341,55615,1.726212531031161,0.2298425424639418
14081,0.1565257487551624,0,8,0,419263,186347,52341,55615,1.7261384267664603,0.22985014175779667
14082,0.1565258160363382,0,3,0,419266,186344,52341,55615,1.7261106376671977,0.22985299162254763
14083,0.1565316457052166,0,1,0,419267,186343,52341,55615,1.7261013746341103,0.22985394159316908
14084,0.1565373791464317,0,9,0,419276,186334,52341,55615,1.7260180073363223,0.22986249168213135
14085,0.1565381322895947,1,3,1,419279,186331,52342,55614,1.7259902182370594,0.22986215875508897
14086,0.1565392960838956,0,2,0,419281,186329,52342,55614,1.7259716921708845,0.22986405888990383
14087,0.1565406399395117,43,284,43,419565,186045,52385,55571,1.7233409907740191,0.22999718561684657
14088,0.1565410847268872,0,5,0,419570,186040,52385,55571,1.7232946756085812,0.2300019452756704
14089,0.1565411523475566,1,2,1,419572,186038,52386,55570,1.7232761495424063,0.23000066222972748
14090,0.1565417753344766,6,33,6,419605,186005,52392,55564,1.7229704694505168,0.23001295696053717
14091,0.1565438366736316,59,444,59,420049,185561,52451,55505,1.718857682759643,0.23024814781014327
14092,0.1565453567769062,6,27,6,420076,185534,52457,55499,1.7186075808662788,0.2302547783913406
14093,0.1565501017753834,2,15,2,420091,185519,52459,55497,1.7184686353699656,0.23026272114714375
14094,0.156550549808708,10,84,10,420175,185435,52469,55487,1.7176905405906109,0.23031105503025875
14095,0.1565521683374129,17,51,17,420226,185384,52486,55470,1.7172181259031458,0.23030549627575211
14096,0.1565542820197025,16,73,16,420299,185311,52502,55454,1.7165419244877542,0.23032417502543975
14097,0.1565555158136825,1,0,1,420299,185311,52503,55453,1.7165419244877542,0.23032097821933512
14098,0.1565595442822797,7,49,7,420348,185262,52510,55446,1.716088035866464,0.23034548083154693
14099,0.1565598433269977,11,33,11,420381,185229,52521,55435,1.7157823557745748,0.23034188744473624
14100,0.156560831470792,0,1,0,420382,185228,52521,55435,1.7157730927414874,0.2303428445585736
14101,0.1565617470605894,8,14,8,420396,185214,52529,55427,1.7156434102782616,0.23033065853283521
14102,0.1565676830030957,0,1,0,420397,185213,52529,55427,1.715634147245174,0.23033161569148936
14103,0.1565683905449111,4,21,4,420418,185192,52533,55423,1.7154396235503353,0.23033892317602808
14104,0.1565719811632145,0,2,0,420420,185190,52533,55423,1.7154210974841602,0.23034083777684497
14105,0.1565755168965555,2,11,2,420431,185179,52535,55421,1.7153192041201972,0.23034497090606817
14106,0.1565758499824243,1,8,1,420439,185171,52536,55420,1.7152450998554967,0.23034943119235549
14107,0.1565785823948333,1,10,1,420449,185161,52537,55419,1.7151524695246212,0.23035580680023277
14108,0.1565804256461999,1,14,1,420463,185147,52538,55418,1.7150227870613954,0.23036601334358697
14109,0.1565825042633819,2,35,2,420498,185112,52540,55416,1.714698580903331,0.2303931351027739
14110,0.1565838276128988,2,12,2,420510,185100,52542,55414,1.7145874245062804,0.23039823045643912
14111,0.1565844895805623,1,5,1,420515,185095,52543,55413,1.7145411093408425,0.23039982038019524
14112,0.1565858564588112,6,14,6,420529,185081,52549,55407,1.7144114268776167,0.23039403213465953
14113,0.1565907578243454,0,3,0,420532,185078,52549,55407,1.7143836377783541,0.2303969062519492
14114,0.1565918206520973,0,1,0,420533,185077,52549,55407,1.7143743747452667,0.23039786430698092
14115,0.1565935882783549,0,2,0,420535,185075,52549,55407,1.7143558486790915,0.23039978044094778
14116,0.1565945165234173,0,1,0,420536,185074,52549,55407,1.7143465856460038,0.23040073851988307
14117,0.156594705555102,0,4,0,420540,185070,52549,55407,1.7143095335136538,0.23040457091530583
14118,0.1566017006567261,1,11,1,420551,185059,52550,55406,1.7142076401496906,0.23041191025721
14119,0.1566017733931969,0,1,0,420552,185058,52550,55406,1.7141983771166032,0.23041286845432166
14120,0.1566055549151509,0,1,0,420553,185057,52550,55406,1.7141891140835155,0.2304138266594029
14121,0.1566116659975449,16,80,16,420633,184977,52566,55390,1.7134480714365112,0.2304392865909214
14122,0.1566150396778054,9,53,9,420686,184924,52575,55381,1.7129571306828708,0.23046128877884356
14123,0.1566155636014887,0,4,0,420690,184920,52575,55381,1.7129200785505205,0.2304651249890762
14124,0.1566198994260043,1,2,1,420692,184918,52576,55380,1.7129015524843454,0.23046384073109222
14125,0.156620816253468,0,9,0,420701,184909,52576,55380,1.7128181851865576,0.23047247273075339
14126,0.1566217156734157,3,20,3,420721,184889,52579,55377,1.7126329245248064,0.2304820490622893
14127,0.1566249140174736,25,163,25,420884,184726,52604,55352,1.711123050131535,0.2305584018527312
14128,0.1566261296057511,5,40,5,420924,184686,52609,55347,1.710752528808033,0.23058079514066815
14129,0.1566270708041198,9,53,9,420977,184633,52618,55338,1.7102615880543925,0.2306028645127953
14130,0.1566299175584435,2,12,2,420989,184621,52620,55336,1.710150431657342,0.2306079839304542
14131,0.1566315713321761,1,1,1,420990,184620,52621,55335,1.7101411686242542,0.230605738575983
14132,0.1566315935412356,1,0,1,420990,184620,52622,55334,1.7101411686242542,0.2306025321519958
14133,0.1566335614428992,19,159,19,421149,184461,52641,55315,1.7086683463633332,0.23069448151608168
14134,0.1566351830691017,0,1,0,421150,184460,52641,55315,1.7086590833302457,0.23069544364508393
14135,0.1566393857913023,13,97,13,421247,184363,52654,55302,1.707760569120753,0.2307470844720756
14136,0.1566433462204689,0,2,0,421249,184361,52654,55302,1.7077420430545778,0.23074901006830426
14137,0.156645058956257,0,1,0,421250,184360,52654,55302,1.7077327800214903,0.23074997287847052
14138,0.1566512995961854,0,1,0,421251,184359,52654,55302,1.7077235169884026,0.23075093569667154
14139,0.1566529511280307,1,0,1,421251,184359,52655,55301,1.7077235169884026,0.23074772594508888
14140,0.1566536857827246,2,5,2,421256,184354,52657,55299,1.707677201822965,0.2307461204324586
14141,0.1566540272377651,3,11,3,421267,184343,52660,55296,1.7075753084590017,0.2307470820692792
14142,0.1566551600744596,0,2,0,421269,184341,52660,55296,1.7075567823928266,0.23074900787441005
14143,0.1566597026907412,4,30,4,421299,184311,52664,55292,1.7072788914002002,0.23076505719878299
14144,0.1566645090371373,2,11,2,421310,184300,52666,55290,1.707176998036237,0.23076923076923078
14145,0.1566673516226802,0,1,0,421311,184299,52666,55290,1.7071677350031493,0.23077019395715162
14146,0.1566682211142949,0,10,0,421321,184289,52666,55290,1.7070751046722739,0.23077982627859703
14147,0.1566706313849301,0,1,0,421322,184288,52666,55290,1.7070658416391864,0.23078078955496747
14148,0.1566706566224484,1,8,1,421330,184280,52667,55289,1.7069917373744858,0.2307852852414127
14149,0.1566732108973298,1,0,1,421330,184280,52668,55288,1.7069917373744858,0.23078207440058773
14150,0.1566751853160935,1,12,1,421342,184268,52669,55287,1.7068805809774352,0.23079042391100166
14151,0.1566766244476118,1,3,1,421345,184265,52670,55286,1.7068527918781726,0.23079010315131224
14152,0.1566784676108171,1,0,1,421345,184265,52671,55285,1.7068527918781726,0.23078689208933417
14153,0.1566816499102913,15,72,15,421417,184193,52686,55270,1.7061858534958687,0.23080809978994668
14154,0.1566825639158237,4,20,4,421437,184173,52690,55266,1.7060005928341175,0.23081452896144738
14155,0.1566831047678834,0,1,0,421438,184172,52690,55266,1.70599132980103,0.23081549294598183
14156,0.1566847905153151,11,107,11,421545,184065,52701,55255,1.7050001852606618,0.23088333611900386
14157,0.1566871793830066,3,18,3,421563,184047,52704,55252,1.7048334506650857,0.230891060973928
14158,0.1566887320112583,6,6,6,421569,184041,52710,55246,1.7047778724665605,0.23087756543397678
14159,0.1566924980737577,0,2,0,421571,184039,52710,55246,1.7047593464003854,0.23087949516267212
14160,0.1566956087161847,32,163,32,421734,183876,52742,55214,1.703249472007114,0.2309339579237944
14161,0.1566972411241052,0,2,0,421736,183874,52742,55214,1.703230945940939,0.23093588971424747
14162,0.1566972947119825,6,8,6,421744,183866,52748,55208,1.7031568416762384,0.2309243163204698
14163,0.1566979372029539,1,2,1,421746,183864,52749,55207,1.7031383156100635,0.23092303123339927
14164,0.15670633855348,8,36,8,421782,183828,52757,55199,1.7028048464189114,0.2309320704355575
14165,0.1567064617608039,38,154,38,421936,183674,52795,55161,1.701378339323428,0.23095861159377812
14166,0.1567069741688488,0,6,0,421942,183668,52795,55161,1.7013227611249027,0.23096441386933747
14167,0.1567076773490813,22,50,22,421992,183618,52817,55139,1.700859609470525,0.23094192002747563
14168,0.1567114795686321,0,1,0,421993,183617,52817,55139,1.7008503464374374,0.23094288729916734
14169,0.1567115684489854,4,14,4,422007,183603,52821,55135,1.7007206639742116,0.23094354480644053
14170,0.1567159183369839,4,48,4,422055,183555,52825,55131,1.7002760383860092,0.23097709962042182
14171,0.1567165329698531,1,0,1,422055,183555,52826,55130,1.7002760383860092,0.2309738777049249
14172,0.1567175875942545,6,68,6,422123,183487,52832,55124,1.6996461521360555,0.23102036368817866
14173,0.1567214977010713,0,2,0,422125,183485,52832,55124,1.6996276260698804,0.23102230008088548
14174,0.1567278787439197,2,0,2,422125,183485,52834,55122,1.6996276260698804,0.2310158545222898
14175,0.1567312473147689,0,4,0,422129,183481,52834,55122,1.69959057393753,0.2310197273294971
14176,0.1567323424828297,25,108,25,422237,183373,52859,55097,1.6985901663640743,0.23104373715771376
14177,0.1567334408530278,2,22,2,422259,183351,52861,55095,1.698386379636148,0.23105860446390378
14178,0.15673476201185,2,18,2,422277,183333,52863,55093,1.698219645040572,0.2310695981142996
14179,0.1567357119600978,1,1,1,422278,183332,52864,55092,1.6982103820074845,0.2310673422138711
14180,0.1567357682150651,5,52,5,422330,183280,52869,55087,1.6977287042869318,0.23110162061023548
14181,0.1567358229673354,3,7,3,422337,183273,52872,55084,1.697663863055319,0.23109873005617623
14182,0.1567384859463617,0,1,0,422338,183272,52872,55084,1.6976546000222312,0.23109969960898824
14183,0.1567386294322098,0,4,0,422342,183268,52872,55084,1.6976175478898812,0.23110357790159092
14184,0.1567393051480744,0,1,0,422343,183267,52872,55084,1.6976082848567935,0.23110454749508078
14185,0.1567397042576566,0,2,0,422345,183265,52872,55084,1.6975897587906184,0.23110648670646824
14186,0.156742485924403,3,3,3,422348,183262,52875,55081,1.6975619696913558,0.23109971763383025
14187,0.1567428797388132,1,0,1,422348,183262,52876,55080,1.6975619696913558,0.2310964915961098
14188,0.1567440312095531,1,13,1,422361,183249,52877,55079,1.6974415502612175,0.23110587090060758
14189,0.1567445863358482,0,12,0,422373,183237,52877,55079,1.6973303938641668,0.23111750784672452
14190,0.1567446205800321,2,6,2,422379,183231,52879,55077,1.6972748156656416,0.23111687396142808
14191,0.1567466385967198,3,10,3,422389,183221,52882,55074,1.697182185334766,0.23111689292683438
14192,0.1567501081292758,2,6,2,422395,183215,52884,55072,1.6971266071362408,0.23111625896502958
14193,0.1567503114018545,6,14,6,422409,183201,52890,55066,1.696996924673015,0.23111047690196293
14194,0.1567522597754767,0,1,0,422410,183200,52890,55066,1.6969876616399273,0.2311114468703046
14195,0.1567630963818202,1,2,1,422412,183198,52891,55065,1.6969691355737522,0.23111015978141802
14196,0.1567651240358959,0,3,0,422415,183195,52891,55065,1.6969413464744896,0.23111306975572904
14197,0.1567675063175053,1,10,1,422425,183185,52892,55064,1.696848716143614,0.23111954299913115
14198,0.1567693811166928,1,13,1,422438,183172,52893,55063,1.6967282967134758,0.23112892731966336
14199,0.1567709406512039,0,6,0,422444,183166,52893,55063,1.6966727185149506,0.23113474849829366
14200,0.1567709938071987,3,4,3,422448,183162,52896,55060,1.6966356663826003,0.23112894694864455
14201,0.1567709954603809,0,7,0,422455,183155,52896,55060,1.6965708251509874,0.2311357387234221
14202,0.1567750343773692,2,4,2,422459,183151,52898,55058,1.6965337730186372,0.23113316457396657
14203,0.1567803121538861,0,2,0,422461,183149,52898,55058,1.696515246952462,0.23113510518162775
14204,0.1567826423810801,3,5,3,422466,183144,52901,55055,1.6964689317870243,0.2311302734268406
14205,0.1567826547369652,0,1,0,422467,183143,52901,55055,1.6964596687539368,0.23113124375519525
14206,0.1567844278356148,0,14,0,422481,183129,52901,55055,1.696329986290711,0.23114482920767138
14207,0.156785281113663,7,46,7,422527,183083,52908,55048,1.6959038867686835,0.23116687873481404
14208,0.1567864948180349,0,18,0,422545,183065,52908,55048,1.6957371521731075,0.23118435364721793
14209,0.1567869273337932,1,12,1,422557,183053,52909,55047,1.6956259957760569,0.2311927761444771
14210,0.1567919514270432,10,52,10,422609,183001,52919,55037,1.6951443180555041,0.23121098312034213
14211,0.1567940556951801,0,5,0,422614,182996,52919,55037,1.6950980028900664,0.2312158398205291
14212,0.1567959672251966,1,0,1,422614,182996,52920,55036,1.6950980028900664,0.23121261006923438
14213,0.156800171806743,9,39,9,422653,182957,52929,55027,1.6947367445996517,0.23122142665053114
14214,0.1568010041615072,4,12,4,422665,182945,52933,55023,1.6946255882026011,0.23122016405567136
14215,0.1568031485916132,0,2,0,422667,182943,52933,55023,1.694607062136426,0.23122210735987495
14216,0.1568068967035522,0,1,0,422668,182942,52933,55023,1.6945977991033383,0.23122307902422626
14217,0.1568105835377617,1,6,1,422674,182936,52934,55022,1.694542220904813,0.2312256784810765
14218,0.1568110974779738,1,3,1,422677,182933,52935,55021,1.6945144318055505,0.23122536288526355
14219,0.1568145776744506,62,295,62,422972,182638,52997,54959,1.691781837044722,0.2313118431630029
14220,0.15681826077778,0,6,0,422978,182632,52997,54959,1.6917262588461965,0.23131768459242985
14221,0.1568226741896863,0,1,0,422979,182631,52997,54959,1.691716995813109,0.23131865819268488
14222,0.1568234760671148,2,3,2,422982,182628,52999,54957,1.6916892067138465,0.2313151082770377
14223,0.1568268423123828,2,4,2,422986,182624,53001,54955,1.6916521545814962,0.2313125318315171
14224,0.1568333820973604,1,0,1,422986,182624,53002,54954,1.6916521545814962,0.23130929631531538
14225,0.156835371367864,44,281,44,423267,182343,53046,54910,1.6890492422838934,0.2314406983262593
14226,0.1568360095886269,0,2,0,423269,182341,53046,54910,1.6890307162177183,0.23144264934605122
14227,0.1568387699751172,0,2,0,423271,182339,53046,54910,1.6890121901515431,0.23144460039873718
14228,0.1568397951279032,8,58,8,423329,182281,53054,54902,1.688474934232465,0.23147527436620668
14229,0.1568454649950267,1,10,1,423339,182271,53055,54901,1.6883823039015895,0.23148179380365305
14230,0.1568476348925851,1,0,1,423339,182271,53056,54900,1.6883823039015895,0.23147855344877746
14231,0.1568486873198609,3,34,3,423373,182237,53059,54897,1.6880673607766128,0.23150201995496217
14232,0.1568496134148757,4,6,4,423379,182231,53063,54893,1.6880117825780874,0.23149491405340666
14233,0.1568510118694036,0,2,0,423381,182229,53063,54893,1.6879932565119122,0.23149686659188098
14234,0.1568525432037111,0,3,0,423384,182226,53063,54893,1.6879654674126496,0.23149979546135063
14235,0.1568556569781588,3,10,3,423394,182216,53066,54890,1.6878728370817742,0.23149983551660439
14236,0.1568573801089645,3,1,3,423395,182215,53069,54887,1.6878635740486865,0.2314910882236337
14237,0.1568588820032789,0,2,0,423397,182213,53069,54887,1.6878450479825113,0.231493040911008
14238,0.1568590864601332,0,1,0,423398,182212,53069,54887,1.6878357849494239,0.2314940172670488
14239,0.1568591811792289,2,0,2,423398,182212,53071,54885,1.6878357849494239,0.23148753463772212
14240,0.156859999154876,2,13,2,423411,182199,53073,54883,1.6877153655192856,0.231493744780287
14241,0.1568611491407146,16,74,16,423485,182125,53089,54867,1.6870299010708065,0.2315141439373481
14242,0.1568688334854205,0,4,0,423489,182121,53089,54867,1.6869928489384565,0.23151805154691377
14243,0.1568734991703735,14,45,14,423534,182076,53103,54853,1.6865760124495164,0.23151661468203555
14244,0.1568735778675959,1,3,1,423537,182073,53104,54852,1.6865482233502538,0.23151630262741374
14245,0.1568754455881498,7,35,7,423572,182038,53111,54845,1.6862240171921894,0.23152780064419987
14246,0.1568760079782426,0,1,0,423573,182037,53111,54845,1.686214754159102,0.2315287780413877
14247,0.1568761553948048,12,32,12,423605,182005,53123,54833,1.6859183371003001,0.2315211241439296
14248,0.1568789268018872,1,0,1,423605,182005,53124,54832,1.6859183371003001,0.23151787938540008
14249,0.1568833210457902,0,7,0,423612,181998,53124,54832,1.6858534958686873,0.23152472237469915
14250,0.156883653745524,0,1,0,423613,181997,53124,54832,1.6858442328355996,0.23152569997762099
14251,0.1568873142007359,1,14,1,423627,181983,53125,54831,1.6857145503723738,0.23153614228888494
14252,0.1568890452821028,0,2,0,423629,181981,53125,54831,1.685696024306199,0.2315380977315339
14253,0.1568898798016922,0,8,0,423637,181973,53125,54831,1.6856219200414984,0.23154591983243528
14254,0.1568941323550134,2,5,2,423642,181968,53127,54829,1.6855756048760606,0.231544318551333
14255,0.1568948384448031,3,19,3,423661,181949,53130,54826,1.6853996072473971,0.2315531622848696
14256,0.1568998085211102,1,4,1,423665,181945,53131,54825,1.6853625551150468,0.2315538286100435
14257,0.1569002092747361,1,3,1,423668,181942,53132,54824,1.6853347660157842,0.2315535169745656
14258,0.1569010686631866,0,3,0,423671,181939,53132,54824,1.6853069769165216,0.23155645096573366
14259,0.1569021919238111,2,16,2,423687,181923,53134,54822,1.6851587683871208,0.2315656085661788
14260,0.1569027067382608,0,2,0,423689,181921,53134,54822,1.6851402423209456,0.23156756482768234
14261,0.1569030460571413,0,5,0,423694,181916,53134,54822,1.6850939271555079,0.23157245562605075
14262,0.1569051269693666,0,2,0,423696,181914,53134,54822,1.6850754010893327,0.2315744120032441
14263,0.1569052408261355,4,24,4,423720,181890,53138,54818,1.6848530882952313,0.23158490629805498
14264,0.1569055641278664,15,86,15,423806,181804,53153,54803,1.6840564674497018,0.2316203662613532
14265,0.1569065653231367,1,0,1,423806,181804,53154,54802,1.6840564674497018,0.23161711875438493
14266,0.1569066744782627,10,72,10,423878,181732,53164,54792,1.683389529067398,0.231655138590587
14267,0.1569077982858071,1,2,1,423880,181730,53165,54791,1.6833710030012228,0.23165384891827787
14268,0.1569086928460789,1,3,1,423883,181727,53166,54790,1.68334321390196,0.23165353864627067
14269,0.1569133142465912,0,1,0,423884,181726,53166,54790,1.6833339508688725,0.23165451808757123
14270,0.1569154622518195,23,86,23,423970,181640,53189,54767,1.6825373300233428,0.2316640370209004
14271,0.156916473991836,0,3,0,423973,181637,53189,54767,1.6825095409240802,0.2316669768701037
14272,0.1569213754598302,1,9,1,423982,181628,53190,54766,1.6824261736262922,0.2316725466805418
14273,0.1569269515104918,17,71,17,424053,181557,53207,54749,1.6817684982770758,0.23168688057010825
14274,0.1569275897312547,0,1,0,424054,181556,53207,54749,1.6817592352439883,0.23168786102706249
14275,0.156928978464628,6,35,6,424089,181521,53213,54743,1.681435029085924,0.23170267158771543
14276,0.1569332647367604,2,4,2,424093,181517,53215,54741,1.6813979769535736,0.23170009057894336
14277,0.1569336779624488,6,19,6,424112,181498,53221,54735,1.6812219793249101,0.23169921221844536
14278,0.156934829610732,64,354,64,424466,181144,53285,54671,1.677942865611916,0.23183851748192438
14279,0.156935128012305,1,0,1,424466,181144,53286,54670,1.677942865611916,0.23183525999304536
14280,0.156935202937985,4,15,4,424481,181129,53290,54666,1.6778039201156028,0.23183697703513645
14281,0.1569380328699505,1,2,1,424483,181127,53291,54665,1.6777853940494276,0.23183568568908192
14282,0.1569390023665007,34,215,34,424698,180912,53325,54631,1.6757938419356033,0.23193641925253564
14283,0.1569395147745456,1,3,1,424701,180909,53326,54630,1.6757660528363407,0.23193611249092508
14284,0.1569474901855256,21,102,21,424803,180807,53347,54609,1.6748212234614102,0.2319680905291059
14285,0.1569484642023723,0,8,0,424811,180799,53347,54609,1.6747471191967098,0.23197597362876368
14286,0.1569489602515923,0,2,0,424813,180797,53347,54609,1.6747285931305347,0.23197794448739625
14287,0.1569515780891839,54,323,54,425136,180474,53401,54555,1.6717366334432546,0.232120291538491
14288,0.1569519780943431,0,3,0,425139,180471,53401,54555,1.671708844343992,0.232123254448444
14289,0.156955125289068,1,0,1,425139,180471,53402,54554,1.671708844343992,0.23211998723540048
14290,0.1569564306454185,0,4,0,425143,180467,53402,54554,1.6716717922116417,0.23212393786087201
14291,0.1569588497988134,2,3,2,425146,180464,53404,54552,1.6716440031123792,0.23212036627293461
14292,0.1569604473134324,1,7,1,425153,180457,53405,54551,1.6715791618807663,0.23212401279956427
14293,0.156962174786106,78,416,78,425569,180041,53483,54473,1.6677257401163437,0.2322803755852529
14294,0.1569622472607265,1,3,1,425572,180038,53484,54472,1.667697951017081,0.23228007334442027
14295,0.1569626912213241,0,10,0,425582,180028,53484,54472,1.6676053206862056,0.23228997867803838
14296,0.1569647955392216,133,607,133,426189,179421,53617,54339,1.6619826596020602,0.23245636550308008
14297,0.1569658201361956,0,5,0,426194,179416,53617,54339,1.6619363444366224,0.23246133772539626
14298,0.1569670257307776,1,5,1,426199,179411,53618,54338,1.6618900292711845,0.23246302657979284
14299,0.1569720436365421,0,1,0,426200,179410,53618,54338,1.661880766238097,0.23246402108253333
14300,0.1569735868302844,0,2,0,426202,179408,53618,54338,1.6618622401719219,0.23246601011354204
14301,0.1569765221699922,1,0,1,426202,179408,53619,54337,1.6618622401719219,0.23246272647543262
14302,0.156977347833232,0,1,0,426203,179407,53619,54337,1.6618529771388344,0.23246372099390786
14303,0.1569828520075513,4,10,4,426213,179397,53623,54333,1.6617603468079587,0.23246053138236428
14304,0.1569828643634363,1,6,1,426219,179391,53624,54332,1.6617047686094335,0.2324632150023746
14305,0.1569840822648181,1,9,1,426228,179382,53625,54331,1.6616214013116455,0.2324688827750275
14306,0.1569858684038047,1,1,1,426229,179381,53626,54330,1.661612138278558,0.23246659335675257
14307,0.1569945941045105,13,71,13,426300,179310,53639,54317,1.6609544629293416,0.23249453188201707
14308,0.156996569030208,3,23,3,426323,179287,53642,54314,1.6607414131683278,0.23250756632034966
14309,0.1569996836124104,1,2,1,426325,179285,53643,54313,1.6607228871021527,0.2325062714578036
14310,0.1570019079258267,0,1,0,426326,179284,53643,54313,1.6607136240690652,0.23250726678852895
14311,0.1570036658585228,18,81,18,426407,179203,53661,54295,1.6599633183889733,0.23252875827630215
14312,0.1570057020528476,11,17,11,426424,179186,53672,54284,1.659805846826485,0.23250953013235104
14313,0.1570070423944473,1,25,1,426449,179161,53673,54283,1.659574270999296,0.23253114237247477
14314,0.1570137686531647,1,4,1,426453,179157,53674,54282,1.6595372188669457,0.23253183915284079
14315,0.1570138049985857,0,2,0,426455,179155,53674,54282,1.6595186928007706,0.2325338313977647
14316,0.157015319509439,5,36,5,426491,179119,53679,54277,1.6591852236096187,0.23255325712522923
14317,0.1570220895985458,3,47,3,426538,179072,53682,54274,1.6587498610545037,0.2325902308160414
14318,0.1570230770743173,1,0,1,426538,179072,53683,54273,1.6587498610545037,0.23258694208146735
14319,0.1570236790130562,2,17,2,426555,179055,53685,54271,1.6585923894920154,0.23259731020117774
14320,0.1570295356788172,2,15,2,426570,179040,53687,54269,1.658453443995702,0.23260568602154225
14321,0.1570297559327789,0,1,0,426571,179039,53687,54269,1.6584441809626145,0.23260668301129836
14322,0.1570300765846398,3,6,3,426577,179033,53690,54266,1.658388602764089,0.23260279726874097
14323,0.1570305205452374,2,0,2,426577,179033,53692,54264,1.658388602764089,0.23259621855403198
14324,0.1570324957380348,0,6,0,426583,179027,53692,54264,1.6583330245655636,0.23260220068498141
14325,0.1570347997630574,2,11,2,426594,179016,53694,54262,1.6582311312016007,0.23260658956266772
14326,0.1570357804402418,3,7,3,426601,179009,53697,54259,1.6581662899699878,0.23260370046470155
14327,0.1570431557623606,7,20,7,426621,178989,53704,54252,1.6579810293082367,0.23260061481471953
14328,0.1570431582318117,17,61,17,426682,178928,53721,54235,1.657415984289896,0.2326055163126225
14329,0.1570437056910042,3,28,3,426710,178900,53724,54232,1.6571566193634444,0.23262357805878214
14330,0.1570479904696182,0,5,0,426715,178895,53724,54232,1.6571103041980066,0.23262856726162134
14331,0.157049864910184,18,129,18,426844,178766,53742,54214,1.655915372929712,0.23269808567258993
14332,0.1570507932108773,0,18,0,426862,178748,53742,54214,1.6557486383341362,0.23271606528103295
14333,0.1570520274560602,2,1,2,426863,178747,53744,54212,1.6557393753010485,0.23271047695087976
14334,0.1570537549287338,18,103,18,426966,178644,53762,54194,1.6547852828930305,0.23275410371159347
14335,0.1570574002788234,1,2,1,426968,178642,53763,54193,1.6547667568268554,0.23275280778233512
14336,0.1570578994312674,0,3,0,426971,178639,53763,54193,1.6547389677275928,0.23275580676195712
14337,0.1570588955765622,0,1,0,426972,178638,53763,54193,1.654729704694505,0.23275680643900512
14338,0.1570651669729122,0,1,0,426973,178637,53763,54193,1.6547204416614176,0.23275780612464028
14339,0.1570668459306798,0,2,0,426975,178635,53763,54193,1.6547019155952425,0.23275980552167266
14340,0.1570669231963057,0,5,0,426980,178630,53763,54193,1.6546556004298048,0.23276480416453701
14341,0.1570717122561266,2,2,2,426982,178628,53765,54191,1.6546370743636296,0.2327602128692246
14342,0.1570718111301443,25,163,25,427145,178465,53790,54166,1.6531271999703583,0.23284085096139379
14343,0.1570741230702664,1,2,1,427147,178463,53791,54165,1.6531086739041831,0.2328395549976787
14344,0.1570743844835317,23,150,23,427297,178313,53814,54142,1.6517192189410501,0.23291389731345852
14345,0.1570762968434106,25,110,25,427407,178203,53839,54117,1.650700285301419,0.23294163223140496
14346,0.1570776387840709,1,1,1,427408,178202,53840,54116,1.6506910222683315,0.2329393331554163
14347,0.1570783815074259,78,431,78,427839,177771,53918,54038,1.6466986550075957,0.2331143311950787
14348,0.1570783838997358,9,35,9,427874,177736,53927,54029,1.6463744488495313,0.23311975492416886
14349,0.1570802787383156,2,1,2,427875,177735,53929,54027,1.6463651858164436,0.23311414295699898
14350,0.157080577510901,0,6,0,427881,177729,53929,54027,1.6463096076179184,0.23312017811836586
14351,0.1570821497798,1,4,1,427885,177725,53930,54026,1.6462725554855682,0.2331208926822322
14352,0.1570827379553842,4,30,4,427915,177695,53934,54022,1.6459946644929415,0.2331378362398961
14353,0.1570833658822207,2,3,2,427918,177692,53936,54020,1.645966875393679,0.2331342356028173
14354,0.1570838958272198,8,17,8,427935,177675,53944,54012,1.6458094038311906,0.2331248624221471
14355,0.1570844690367511,1,7,1,427942,177668,53945,54011,1.6457445625995777,0.23312859603157818
14356,0.1570914668704191,1,0,1,427942,177668,53946,54010,1.6457445625995777,0.23312528595723375
14357,0.1570957707208121,1,3,1,427945,177665,53947,54009,1.6457167735003149,0.23312499460448735
14358,0.1571018670203016,18,62,18,428007,177603,53965,53991,1.6451424654488866,0.23312780123837404
14359,0.1571042679847363,0,1,0,428008,177602,53965,53991,1.645133202415799,0.2331288078655227
14360,0.1571048241877929,35,135,35,428143,177467,54000,53956,1.6438826929489792,0.23314882271857162
14361,0.1571053365958378,1,1,1,428144,177466,54001,53955,1.6438734299158917,0.23314651652183682
14362,0.1571060397760703,16,36,16,428180,177430,54017,53939,1.6435399607247396,0.2331297624141523
14363,0.1571068654753822,1,1,1,428181,177429,54018,53938,1.6435306976916522,0.2331274555143992
14364,0.157108264546552,1,43,1,428224,177386,54019,53937,1.6431323872688872,0.23316747578061844
14365,0.1571124770004228,0,3,0,428227,177383,54019,53937,1.6431045981696246,0.23317049974061907
14366,0.1571154150618476,0,5,0,428232,177378,54019,53937,1.6430582830041869,0.23317553984825887
14367,0.1571173396265071,1,3,1,428235,177375,54020,53936,1.6430304939049243,0.23317524890731525
14368,0.1571178853504086,4,28,4,428263,177347,54024,53932,1.6427711289784728,0.2331902161458671
14369,0.1571186225347906,1,2,1,428265,177345,54025,53931,1.6427526029122976,0.23318891713796502
14370,0.1571266827894306,0,1,0,428266,177344,54025,53931,1.64274333987921,0.2331899254134688
14371,0.1571271564694981,13,69,13,428335,177275,54038,53918,1.6421041905961689,0.23321640361083598
14372,0.1571285282217398,0,1,0,428336,177274,54038,53918,1.6420949275630812,0.23321741236720994
14373,0.157128909426531,16,97,16,428433,177177,54054,53902,1.6411964133535886,0.23326221768313002
14374,0.1571289374861716,0,7,0,428440,177170,54054,53902,1.6411315721219757,0.23326928403268246
14375,0.1571300117199056,0,4,0,428444,177166,54054,53902,1.6410945199896254,0.23327332213893745
14376,0.1571363486105975,4,20,4,428464,177146,54058,53898,1.6409092593278742,0.2332802409930576
14377,0.1571396965598436,2,1,2,428465,177145,54060,53896,1.6408999962947868,0.23327461359672091
14378,0.157139976148921,0,1,0,428466,177144,54060,53896,1.6408907332616993,0.23327562326869805
14379,0.1571400747071475,6,26,6,428492,177118,54066,53890,1.6406498944014227,0.23328196426097797
14380,0.1571431696545242,0,1,0,428493,177117,54066,53890,1.6406406313683353,0.2332829741090097
14381,0.1571441261673239,5,28,5,428521,177089,54071,53885,1.6403812664418838,0.23329465654142892
14382,0.1571451977146417,0,6,0,428527,177083,54071,53885,1.6403256882433583,0.23330071698243912
14383,0.157145358195348,0,8,0,428535,177075,54071,53885,1.640251583978658,0.2333087980602702
14384,0.1571480602636085,6,32,6,428567,177043,54077,53879,1.6399551669198562,0.23332120802695283
14385,0.1571486738288435,2,4,2,428571,177039,54079,53877,1.639918114787506,0.2333186093644442
14386,0.1571510064843773,2,19,2,428590,177020,54081,53875,1.6397421171588424,0.23333116784685679
14387,0.1571521257905977,1,0,1,428590,177020,54082,53874,1.6397421171588424,0.23332784741050006
14388,0.1571523761518632,7,11,7,428601,177009,54089,53867,1.6396402237948795,0.23331571926055544
14389,0.1571538659134023,0,7,0,428608,177002,54089,53867,1.6395753825632666,0.23332279344563367
14390,0.1571567938334654,3,27,3,428635,176975,54092,53864,1.6393252806699026,0.23334012017033517
14391,0.1571573263860789,0,7,0,428642,176968,54092,53864,1.6392604394382897,0.2333471962292923
14392,0.1571581149759724,2,5,2,428647,176963,54094,53862,1.639214124272852,0.23334560814469837
14393,0.1571677435436818,3,4,3,428651,176959,54097,53859,1.6391770721405017,0.23333968754603193
14394,0.1571696468723061,138,740,138,429391,176219,54235,53721,1.6323224276557116,0.2336305123075585
14395,0.1571699616500537,15,71,15,429462,176148,54250,53706,1.6316647523064953,0.2336526664752408
14396,0.1571702721878369,0,3,0,429465,176145,54250,53706,1.6316369632072325,0.23365571609433938
14397,0.1571711785434018,1,0,1,429465,176145,54251,53705,1.6316369632072325,0.23365238198825322
14398,0.1571724070500556,4,22,4,429487,176123,54255,53701,1.6314331764793064,0.233661410470621
14399,0.1571729320785469,2,33,2,429520,176090,54257,53699,1.6311274963874172,0.23368829665475718
14400,0.1571810171639542,4,2,4,429522,176088,54261,53695,1.631108970321242,0.2336769909001101
14401,0.1571836514869272,20,115,20,429637,175973,54281,53675,1.6300437215161732,0.23372726956037065
14402,0.157188139965473,3,20,3,429657,175953,54284,53672,1.6298584608544222,0.23373761567773543
14403,0.157189022424045,6,21,6,429678,175932,54290,53666,1.6296639371595836,0.23373896985165377
14404,0.1571905447990762,18,135,18,429813,175797,54308,53648,1.6284134276927638,0.23381638301117916
14405,0.1571907896383496,0,2,0,429815,175795,54308,53648,1.6283949016265886,0.23381842113291754
14406,0.1571958481273641,0,2,0,429817,175793,54308,53648,1.6283763755604135,0.23382045929018788
14407,0.1571967842322209,1,2,1,429819,175791,54309,53647,1.6283578494942383,0.23381915811678972
14408,0.157201357788187,5,23,5,429842,175768,54314,53642,1.6281447997332246,0.23382590122488123
14409,0.1572039311415745,3,22,3,429864,175746,54317,53639,1.6279410130052985,0.23383830677681627
14410,0.1572040571430506,0,5,0,429869,175741,54317,53639,1.6278946978398607,0.23384340395849681
14411,0.1572104571698612,12,89,12,429958,175652,54329,53627,1.6270702878950685,0.23389407664897352
14412,0.1572185930612339,4,31,4,429989,175621,54333,53623,1.6267831338693541,0.2339123379455951
14413,0.1572186060571418,0,1,0,429990,175620,54333,53623,1.6267738708362667,0.23391335831410337
14414,0.1572190439292269,1,10,1,430000,175610,54334,53622,1.626681240505391,0.23392022056257417
14415,0.1572219122756046,16,90,16,430090,175520,54350,53606,1.6258475675275113,0.23395860792751585
14416,0.1572223208768597,1,5,1,430095,175515,54351,53605,1.6258012523620735,0.23396037011173185
14417,0.1572247173978544,0,1,0,430096,175514,54351,53605,1.6257919893289858,0.23396139124210563
14418,0.1572252145317825,12,55,12,430151,175459,54363,53593,1.6252825225091705,0.23397743743778704
14419,0.1572259442998858,0,2,0,430153,175457,54363,53593,1.6252639964429954,0.23397948046278105
14420,0.1572263840735436,0,1,0,430154,175456,54363,53593,1.6252547334099077,0.23398050198865744
14421,0.1572286837217427,1,3,1,430157,175453,54364,53592,1.625226944310645,0.2339802222270733
14422,0.1572360426684732,8,37,8,430194,175416,54372,53584,1.6248842120864055,0.23399126637554585
14423,0.157236695083928,1,0,1,430194,175416,54373,53583,1.6248842120864055,0.2339879213446347
14424,0.1572374761962194,51,159,51,430353,175257,54424,53532,1.6234113898254845,0.23397978049643994
14425,0.1572384084565933,7,70,7,430423,175187,54431,53525,1.6227629775093557,0.23402794781209557
14426,0.1572394458147442,0,1,0,430424,175186,54431,53525,1.622753714476268,0.23402897105954676
14427,0.157240236373969,2,5,2,430429,175181,54433,53523,1.6227073993108303,0.2340273891143137
14428,0.157256703127541,5,23,5,430452,175158,54438,53518,1.6224943495498165,0.23403417936294146
14429,0.1572572495713455,0,5,0,430457,175153,54438,53518,1.6224480343843788,0.23403929663140494
14430,0.1572580748797826,0,2,0,430459,175151,54438,53518,1.6224295083182037,0.23404134360145012
14431,0.1572584841442145,1,0,1,430459,175151,54439,53517,1.6224295083182037,0.23403799394755714
14432,0.1572615405072204,13,45,13,430504,175106,54452,53504,1.6220126718292638,0.23404050566466908
14433,0.1572644527567908,3,11,3,430515,175095,54455,53501,1.6219107784653006,0.2340417155155821
14434,0.1572645122211746,0,8,0,430523,175087,54455,53501,1.6218366742006003,0.23404990638178733
14435,0.1572696213651903,0,8,0,430531,175079,54455,53501,1.6217625699358997,0.2340580978213317
14436,0.1572718615973625,14,33,14,430564,175046,54469,53487,1.6214568898440105,0.23404497381122202
14437,0.1572732031020728,0,1,0,430565,175045,54469,53487,1.621447626810923,0.23404599793464373
14438,0.1572772576149584,31,134,31,430699,174911,54500,53456,1.6202063803771907,0.23407935472288027
14439,0.1572786293672001,0,2,0,430701,174909,54500,53456,1.6201878543110155,0.23408140476868172
14440,0.1572834125714451,0,1,0,430702,174908,54500,53456,1.620178591277928,0.2340824298050481
14441,0.1572860369669043,8,52,8,430754,174856,54508,53448,1.6196969135573753,0.23410890742168336
14442,0.1572867504511714,0,11,0,430765,174845,54508,53448,1.6195950201934122,0.23412018765358553
14443,0.1572883643748487,0,2,0,430767,174843,54508,53448,1.619576494127237,0.2341222387216316
14444,0.1572883956298947,1,11,1,430778,174832,54509,53447,1.6194746007632739,0.23413016528020536
14445,0.1572930438556958,5,19,5,430797,174813,54514,53442,1.6192986031346104,0.2341328777025695
14446,0.1572959468361006,3,29,3,430826,174784,54517,53439,1.6190299751750714,0.2341525613106479
14447,0.1572981709480992,1,7,1,430833,174777,54518,53438,1.6189651339434585,0.23415638761694016
14448,0.1572999473336039,0,3,0,430836,174774,54518,53438,1.6189373448441957,0.23415946575990745
14449,0.1573003195837057,0,2,0,430838,174772,54518,53438,1.6189188187780206,0.23416151790017967
14450,0.1573013935599478,1,4,1,430842,174768,54519,53437,1.6188817666456705,0.2341622663832957
14451,0.1573026807484602,0,6,0,430848,174762,54519,53437,1.618826188447145,0.23416842317450998
14452,0.1573047470274692,39,171,39,431019,174591,54558,53398,1.6172422097891734,0.23421305413857685
14453,0.157308372345178,63,262,63,431281,174329,54621,53335,1.6148152951202341,0.23427067959800407
14454,0.1573096235024137,3,29,3,431310,174300,54624,53332,1.6145466671606952,0.2342904336824348
14455,0.1573144034372002,12,75,12,431385,174225,54636,53320,1.6138519396791284,0.2343272759234437
14456,0.1573157889743198,1,0,1,431385,174225,54637,53319,1.6138519396791284,0.23432391097985444
14457,0.1573202638643706,1,3,1,431388,174222,54638,53318,1.6138241505798658,0.234323635404764
14458,0.1573335653649739,0,9,0,431397,174213,54638,53318,1.6137407832820778,0.23433290408779464
14459,0.1573392465308568,1,0,1,431397,174213,54639,53317,1.6137407832820778,0.23432953896189512
14460,0.1573395672118373,8,18,8,431415,174195,54647,53309,1.613574048686502,0.23432115479288276
14461,0.1573434840182568,7,46,7,431461,174149,54654,53302,1.6131479491644745,0.23434497979784658
14462,0.1573468490412941,1,0,1,431461,174149,54655,53301,1.6131479491644745,0.23434161354143768
14463,0.1573494215854951,1,3,1,431464,174146,54656,53300,1.6131201600652119,0.23434133816378394
14464,0.1573514589336473,2,9,2,431473,174137,54658,53298,1.6130367927674238,0.23434387847077187
14465,0.1573550777362051,1,0,1,431473,174137,54659,53297,1.6130367927674238,0.23434051197270417
14466,0.1573575509634318,4,20,4,431493,174117,54663,53293,1.6128515321056727,0.23434765401697374
14467,0.1573579215948005,0,2,0,431495,174115,54663,53293,1.6128330060394975,0.23434971504960248
14468,0.1573583608937808,0,7,0,431502,174108,54663,53293,1.6127681648078847,0.23435692894930102
14469,0.1573633282575189,0,2,0,431504,174106,54663,53293,1.6127496387417095,0.23435899014507539
14470,0.1573638195809467,10,34,10,431538,174072,54673,53283,1.6124346956167328,0.2343603615491192
14471,0.1573672567809081,1,3,1,431541,174069,54674,53282,1.61240690651747,0.23436008638624858
14472,0.1573675847102345,11,65,11,431606,174004,54685,53271,1.6118048093667792,0.234390056099439
14473,0.1573679551146361,4,16,4,431622,173988,54689,53267,1.6116566008373783,0.2343930826604475
14474,0.1573683508474846,6,16,6,431638,173972,54695,53261,1.6115083923079774,0.2343893712620966
14475,0.1573774945794308,8,45,8,431683,173927,54703,53253,1.6110915558190373,0.23440883880623295
14476,0.1573812267904253,1,4,1,431687,173923,54704,53252,1.6110545036866872,0.23440959612633433
14477,0.1573830931297244,0,2,0,431689,173921,54704,53252,1.611035977620512,0.2344116598363362
14478,0.1573874288523032,0,4,0,431693,173917,54704,53252,1.6109989254881618,0.23441578736535354
14479,0.1573875547527516,5,55,5,431748,173862,54709,53247,1.6104894586683465,0.23445570188763987
14480,0.1573897795540115,5,16,5,431764,173846,54714,53242,1.6103412501389456,0.23445536532093286
14481,0.157391754807424,0,1,0,431765,173845,54714,53242,1.610331987105858,0.23445639776825622
14482,0.1573921194440796,0,3,0,431768,173842,54714,53242,1.6103041980065953,0.23445949516478484
14483,0.1573956053774718,2,13,2,431781,173829,54716,53240,1.610183778576457,0.2344661754797
14484,0.1573970660907536,1,10,1,431791,173819,54717,53239,1.6100911482455815,0.23447313021342564
14485,0.1573984473909052,22,173,22,431964,173646,54739,53217,1.6084886435214347,0.23457769667155948
14486,0.1573993902252502,0,4,0,431968,173642,54739,53217,1.6084515913890844,0.23458183276837155
14487,0.1573996986323495,0,3,0,431971,173639,54739,53217,1.6084238022898218,0.23458493493669993
14488,0.1574012036450415,3,3,3,431974,173636,54742,53214,1.608396013190559,0.23457791492175448
14489,0.157406716739648,3,16,3,431990,173620,54745,53211,1.6082478046611584,0.2345843381195692
14490,0.1574068042730013,15,58,15,432048,173562,54760,53196,1.6077105487420802,0.23459370782949224
14491,0.1574107093888817,2,16,2,432064,173546,54762,53194,1.6075623402126793,0.23460351062891419
14492,0.1574146706215618,0,5,0,432069,173541,54762,53194,1.6075160250472416,0.23460868414669106
14493,0.1574172509094084,1,11,1,432080,173530,54763,53193,1.6074141316832784,0.2346166908518324
14494,0.1574190628803616,0,9,0,432089,173521,54763,53193,1.6073307643854904,0.23462600456963398
14495,0.1574207836836593,0,7,0,432096,173514,54763,53193,1.6072659231538775,0.23463324908361893
14496,0.1574216710169378,2,4,2,432100,173510,54765,53191,1.6072288710215272,0.23463063683000956
14497,0.1574258302237336,3,40,3,432140,173470,54768,53188,1.606858349698025,0.23466191354375315
14498,0.1574306101585202,16,114,16,432254,173356,54784,53172,1.605802363926044,0.23472594999293686
14499,0.1574369683159424,1,19,1,432273,173337,54785,53171,1.6056263662973804,0.2347422607590019
14500,0.1574369908020016,0,6,0,432279,173331,54785,53171,1.605570788098855,0.23474847904212767
14501,0.1574403622344785,8,53,8,432332,173278,54793,53163,1.6050798473452148,0.23477638766831094
14502,0.1574407056217195,4,27,4,432359,173251,54797,53159,1.6048297454518508,0.2347908661278212
14503,0.1574463278683434,0,5,0,432364,173246,54797,53159,1.604783430286413,0.23479605132395487
14504,0.1574518587881965,7,43,7,432407,173203,54804,53152,1.604385119863648,0.23481699100969716
14505,0.1574519750652825,2,5,2,432412,173198,54806,53150,1.6043388046982103,0.23481541696856167
14506,0.1574530743764739,3,26,3,432438,173172,54809,53147,1.604097965837934,0.23483225005412714
14507,0.1574535101392075,3,7,3,432445,173165,54812,53144,1.604033124606321,0.23482937046250923
14508,0.1574549648922403,22,107,22,432552,173058,54834,53122,1.6030419800659528,0.23486603590061014
14509,0.1574553840766649,3,7,3,432559,173051,54837,53119,1.60297713883434,0.23486315603307248
14510,0.1574597114986074,0,2,0,432561,173049,54837,53119,1.6029586127681648,0.23486523292419795
14511,0.1574672195491636,1,2,1,432563,173047,54838,53118,1.6029400867019896,0.23486392677912143
14512,0.1574712844575251,1,0,1,432563,173047,54839,53117,1.6029400867019896,0.23486054367627032
14513,0.1574733352377703,2,6,2,432569,173041,54841,53115,1.6028845085034644,0.23486000813597693
14514,0.15748211504515,0,1,0,432570,173040,54841,53115,1.6028752454703767,0.23486104662731314
14515,0.1574824296926884,1,0,1,432570,173040,54842,53114,1.6028752454703767,0.23485766336213376
14516,0.1574892295780271,6,27,6,432597,173013,54848,53108,1.602625143577013,0.2348654039209096
14517,0.1574916243767867,0,2,0,432599,173011,54848,53108,1.6026066175108378,0.23486748128197985
14518,0.1574933662389896,0,4,0,432603,173007,54848,53108,1.6025695653784875,0.2348716361143666
14519,0.1574978975055274,3,14,3,432617,172993,54851,53105,1.6024398829152617,0.23487602720944015
14520,0.1575007934868944,10,22,10,432639,172971,54861,53095,1.6022360961873356,0.2348650394132687
14521,0.1575021910172351,2,20,2,432659,172951,54863,53093,1.6020508355255845,0.2348790500964414
14522,0.1575024141326886,0,1,0,432660,172950,54863,53093,1.602041572492497,0.2348800891865707
14523,0.1575081915583918,7,10,7,432670,172940,54870,53086,1.6019489421616213,0.23486678523709661
14524,0.1575125610896627,1,3,1,432673,172937,54871,53085,1.6019211530623587,0.23486651741865835
14525,0.1575144262812692,17,32,17,432705,172905,54888,53068,1.601624736003557,0.23484221566293317
14526,0.1575174103663614,6,5,6,432710,172900,54894,53062,1.6015784208381192,0.23482709482125314
14527,0.15751907040587,3,33,3,432743,172867,54897,53059,1.60127274074623,0.23485123447500508
14528,0.1575221462620971,0,2,0,432745,172865,54897,53059,1.6012542146800548,0.2348533135036561
14529,0.1575307353278103,0,1,0,432746,172864,54897,53059,1.6012449516469673,0.23485435303178517
14530,0.157533369341458,0,1,0,432747,172863,54897,53059,1.6012356886138797,0.23485539256911678
14531,0.1575334065315267,7,42,7,432789,172821,54904,53052,1.6008466412242024,0.23487535030747367
14532,0.1575346221198041,7,19,7,432808,172802,54911,53045,1.600670643595539,0.23487139523659822
14533,0.1575442679298913,2,8,2,432816,172794,54913,53043,1.6005965393308386,0.23487293933235032
14534,0.1575502590166017,0,2,0,432818,172792,54913,53043,1.6005780132646634,0.23487501937255076
14535,0.1575530938563352,1,2,1,432820,172790,54914,53042,1.6005594871984883,0.2348737114315066
14536,0.1575548829811006,0,7,0,432827,172783,54914,53042,1.6004946459668754,0.23488099191852096
14537,0.1575555908851887,0,1,0,432828,172782,54914,53042,1.600485382933788,0.23488203202493976
14538,0.1575598018971051,27,115,27,432943,172667,54941,53015,1.599420134128719,0.2349101833553407
14539,0.1575660399677685,2,25,2,432968,172642,54943,53013,1.5991885583015302,0.23492942766612748
14540,0.1575663498470886,2,16,2,432984,172626,54945,53011,1.5990403497721293,0.234939305167149
14541,0.1575681817866025,0,2,0,432986,172624,54945,53011,1.5990218237059544,0.234941387639329
14542,0.1575723191038903,7,22,7,433008,172602,54952,53004,1.598818036978028,0.23494056009148692
14543,0.1575756085063684,0,1,0,433009,172601,54952,53004,1.5988087739449406,0.2349416014715986
14544,0.1575792045461995,1,20,1,433029,172581,54953,53003,1.5986235132831894,0.234959039648202
14545,0.1575808816242024,0,9,0,433038,172572,54953,53003,1.5985401459854014,0.23496841405297572
14546,0.1575837387605653,0,20,0,433058,172552,54953,53003,1.5983548853236504,0.23498924874199198
14547,0.1575846221698638,1,0,1,433058,172552,54954,53002,1.5983548853236504,0.23498585704531952
14548,0.1575852863887442,12,35,12,433093,172517,54966,52990,1.598030679165586,0.23498161919585644
14549,0.1575880891391115,0,2,0,433095,172515,54966,52990,1.598012153099411,0.23498370324383053
14550,0.1575909921555567,0,2,0,433097,172513,54966,52990,1.5979936270332358,0.23498578732877168
14551,0.1575923736295222,1,19,1,433116,172494,54967,52989,1.5978176294045723,0.23500219528744962
14552,0.1575938659963663,10,37,10,433153,172457,54977,52979,1.5974748971803328,0.23500683120708316
14553,0.1575952921500016,2,1,2,433154,172456,54979,52977,1.597465634147245,0.23500108679740767
14554,0.1575957741220647,16,43,16,433197,172413,54995,52961,1.5970673237244803,0.23499161393949614
14555,0.1576003040598201,7,33,7,433230,172380,55002,52954,1.596761643632591,0.2350022633069133
14556,0.1576006181492002,1,28,1,433258,172352,55003,52953,1.5965022787061396,0.23502807305652337
14557,0.1576037280039785,1,3,1,433261,172349,55004,52952,1.5964744896068768,0.23502780724453065
14558,0.1576042075081153,1,1,1,433262,172348,55005,52951,1.5964652265737893,0.23502545506193992
14559,0.157609147808751,1,1,1,433263,172347,55006,52950,1.5964559635407019,0.2350231028375877
14560,0.1576120972538046,1,2,1,433265,172345,55007,52949,1.5964374374745267,0.23502179374506202
14561,0.1576145379279462,3,4,3,433269,172341,55010,52946,1.5964003853421764,0.23501577987189673
14562,0.1576170002082143,6,38,6,433307,172303,55016,52940,1.5960483900848494,0.23503505103377242
14563,0.1576176753821921,1,4,1,433311,172299,55017,52939,1.5960113379524992,0.2350358287677923
14564,0.1576186676576731,3,13,3,433324,172286,55020,52936,1.5958909185223609,0.2350392057614265
14565,0.1576187762360699,2,10,2,433334,172276,55022,52934,1.5957982881914854,0.23504284889658542
14566,0.1576188961977661,5,13,5,433347,172263,55027,52929,1.5956778687613473,0.23503943301715868
14567,0.1576201474094862,0,3,0,433350,172260,55027,52929,1.5956500796620845,0.23504256424603334
14568,0.1576208683734644,0,1,0,433351,172259,55027,52929,1.595640816628997,0.2350436080075315
14569,0.1576229736796153,1,6,1,433357,172253,55028,52928,1.5955852384304716,0.23504647372558077
14570,0.157623420209102,0,1,0,433358,172252,55028,52928,1.5955759753973842,0.23504751754152234
14571,0.1576275969051364,3,20,3,433378,172232,55031,52925,1.595390714735633,0.2350582038311045
14572,0.1576292368244101,1,0,1,433378,172232,55032,52924,1.595390714735633,0.23505480644530902
14573,0.1576322420596666,5,47,5,433425,172185,55037,52919,1.594955352180518,0.23508689316937947
14574,0.1576323329099211,0,3,0,433428,172182,55037,52919,1.5949275630812554,0.23509002625488115
14575,0.1576338692916818,1,7,1,433435,172175,55038,52918,1.5948627218496425,0.2350939389496786
14576,0.1576364989445738,3,9,3,433444,172166,55041,52915,1.5947793545518545,0.23509314424584926
14577,0.1576385512535291,6,14,6,433458,172152,55047,52909,1.5946496720886287,0.23508737631131116
14578,0.1576400557617976,0,16,0,433474,172136,55047,52909,1.5945014635592278,0.2351040902930525
14579,0.15764037264734,0,3,0,433477,172133,55047,52909,1.5944736744599652,0.23510722442921766
14580,0.1576418632979963,4,11,4,433488,172122,55051,52905,1.594371781096002,0.23510512071884707
14581,0.1576438902980156,2,5,2,433493,172117,55053,52903,1.5943254659305643,0.23510354635143543
14582,0.1576459377560327,0,6,0,433499,172111,55053,52903,1.594269887732039,0.23510981538926468
14583,0.1576511666920272,1,30,1,433529,172081,55054,52902,1.5939919967394123,0.23513776596453953
14584,0.1576539725155137,4,6,4,433535,172075,55058,52898,1.593936418540887,0.2351304378747672
14585,0.1576579299897163,0,2,0,433537,172073,55058,52898,1.593917892474712,0.2351325281925226
14586,0.1576584632457293,1,7,1,433544,172066,55059,52897,1.593853051243099,0.2351364446597885
14587,0.1576593185576084,4,13,4,433557,172053,55063,52893,1.5937326318129608,0.23513643274385854
14588,0.1576596976029642,0,3,0,433560,172050,55063,52893,1.5937048427136982,0.235139568690735
14589,0.1576597619292302,0,1,0,433561,172049,55063,52893,1.5936955796806107,0.23514061402494865
14590,0.1576752771259529,0,2,0,433563,172047,55063,52893,1.5936770536144356,0.235142704721259
14591,0.1576778534473367,0,1,0,433564,172046,55063,52893,1.5936677905813479,0.23514375008335595
14592,0.1576861078154396,1,4,1,433568,172042,55064,52892,1.5936307384489978,0.23514453128473242
14593,0.1576892749890384,4,14,4,433582,172028,55068,52888,1.593501055985772,0.23514556545554785
14594,0.1576908030035286,1,5,1,433587,172023,55069,52887,1.5934547408203341,0.23514739229024945
14595,0.1576918842024479,0,2,0,433589,172021,55069,52887,1.5934362147541592,0.23514948334430077
14596,0.1576991073055846,16,56,16,433645,171965,55085,52871,1.5929174849012562,0.23515362308527105
14597,0.1577004439410963,4,13,4,433658,171952,55089,52867,1.5927970654711179,0.2351536124615802
14598,0.1577034836636859,17,79,17,433737,171873,55106,52850,1.592065285857201,0.235178419654419
14599,0.1577085803508421,10,20,10,433757,171853,55116,52840,1.59188002519545,0.2351653144512735
14600,0.1577096926219097,0,1,0,433758,171852,55116,52840,1.5918707621623625,0.2351663610631442
14601,0.1577105985162469,1,21,1,433779,171831,55117,52839,1.5916762384675238,0.2351849379089331
14602,0.1577140080862766,15,61,15,433840,171770,55132,52824,1.591111193449183,0.23519773457884005
14603,0.157714833046787,1,10,1,433850,171760,55133,52823,1.5910185631183074,0.23520480178820302
14604,0.15771651078114,9,28,9,433878,171732,55142,52814,1.5907591981918558,0.23520347723851684
14605,0.1577191770477642,0,6,0,433884,171726,55142,52814,1.5907036199933307,0.23520976218045783
14606,0.1577205388135995,0,3,0,433887,171723,55142,52814,1.590675830894068,0.23521290477738635
14607,0.1577219203906702,1,3,1,433890,171720,55143,52813,1.5906480417948052,0.23521264134893313
14608,0.1577234126544092,1,7,1,433897,171713,55144,52812,1.5905832005631924,0.23521656831087853
14609,0.1577259315424863,4,20,4,433917,171693,55148,52808,1.5903979399014414,0.23522389655279932
14610,0.1577275806505441,0,2,0,433919,171691,55148,52808,1.5903794138352663,0.23522599209796036
14611,0.1577277458250311,1,3,1,433922,171688,55149,52807,1.5903516247360037,0.23522572885810375
14612,0.1577347880023179,17,147,17,434069,171541,55166,52790,1.588989958872133,0.23532191270934466
14613,0.1577370750947843,0,1,0,434070,171540,55166,52790,1.5889806958390456,0.23532296170819775
14614,0.1577384133200267,26,160,26,434230,171380,55192,52764,1.5874986105450368,0.23540224141623242
14615,0.1577388335250049,16,78,16,434308,171302,55208,52748,1.5867760939642077,0.23542959160901583
14616,0.1577408663009386,5,23,5,434331,171279,55213,52743,1.586563044203194,0.23543669818142862
14617,0.157741093301017,1,2,1,434333,171277,55214,52742,1.5865445181370188,0.23543538717698054
14618,0.1577420992817232,1,2,1,434335,171275,55215,52741,1.5865259920708437,0.23543407613741876
14619,0.1577431064498663,0,2,0,434337,171273,55215,52741,1.5865074660046685,0.23543617809601186
14620,0.1577438036264563,2,17,2,434354,171256,55217,52739,1.5863499944421802,0.23544721980401348
14621,0.1577457568588718,0,1,0,434355,171255,55217,52739,1.5863407314090925,0.23544827093582865
14622,0.1577476717917064,0,3,0,434358,171252,55217,52739,1.5863129423098299,0.235451424387587
14623,0.1577490693522395,1,8,1,434366,171244,55218,52738,1.5862388380451296,0.2354564206052272
14624,0.1577554676027207,133,741,133,435107,170503,55351,52605,1.5793749305272518,0.23578267027627875
14625,0.1577576747015615,2,5,2,435112,170498,55353,52603,1.579328615361814,0.2357811036257121
14626,0.1577614036979174,2,6,2,435118,170492,55355,52601,1.5792730371632888,0.23578059374341642
14627,0.1577617743814548,23,99,23,435217,170393,55378,52578,1.5783559968876208,0.2358064501661651
14628,0.1577620498728789,1,6,1,435223,170387,55379,52577,1.5783004186890957,0.2358093683285194
14629,0.1577659471372235,18,58,18,435281,170329,55397,52559,1.5777631627700175,0.23580901618750225
14630,0.1577676555587698,2,11,2,435292,170318,55399,52557,1.5776612694060543,0.2358137969713965
14631,0.1577721864172834,1,6,1,435298,170312,55400,52556,1.577605691207529,0.23581671662149792
14632,0.1577738566301706,0,3,0,435301,170309,55400,52556,1.5775779021082663,0.23581989096538264
14633,0.1577749708041132,13,96,13,435397,170213,55413,52543,1.5766886509318612,0.23587692362944207
14634,0.1577827530577318,14,43,14,435440,170170,55427,52529,1.5762903405090962,0.2358744314074154
14635,0.1577835191735565,1,0,1,435440,170170,55428,52528,1.5762903405090962,0.23587100018859622
14636,0.1577879759511103,3,16,3,435456,170154,55431,52525,1.5761421319796953,0.23587765348326514
14637,0.1577906874482124,3,20,3,435476,170134,55434,52522,1.5759568713179444,0.23588854555906869
14638,0.1577920437697975,9,39,9,435515,170095,55443,52513,1.5755956130275297,0.23589897937181054
14639,0.1577965976291839,3,8,3,435523,170087,55446,52510,1.5755215087628294,0.2358971594406034
14640,0.157801839870657,0,1,0,435524,170086,55446,52510,1.5755122457297417,0.23589821919531348
14641,0.1578022193525311,4,24,4,435548,170062,55450,52506,1.5752899329356405,0.23590992415801013
14642,0.1578080909237678,2,2,2,435550,170060,55452,52504,1.5752714068694653,0.23590517783648748
14643,0.1578088553857823,1,2,1,435552,170058,55453,52503,1.5752528808032902,0.23590386455848059
14644,0.1578099286056366,0,1,0,435553,170057,55453,52503,1.5752436177702027,0.2359049245147376
14645,0.1578109277075852,0,1,0,435554,170056,55453,52503,1.575234354737115,0.23590598448051978
14646,0.1578153140269045,18,78,18,435632,169978,55471,52485,1.574511838156286,0.2359268732328522
14647,0.1578251403789006,2,14,2,435646,169964,55473,52483,1.5743821556930602,0.23593485189730587
14648,0.1578255040254748,4,6,4,435652,169958,55477,52479,1.5743265774945348,0.2359274760943548
14649,0.1578259107238266,10,63,10,435715,169895,55487,52469,1.5737430064100189,0.23595995754708496
14650,0.1578304136676327,11,30,11,435745,169865,55498,52458,1.5734651154173922,0.2359539948633295
14651,0.1578326260898842,3,13,3,435758,169852,55501,52455,1.5733446959872541,0.23595748222053287
14652,0.1578330651667628,14,103,14,435861,169749,55515,52441,1.5723906035792359,0.23601872271479366
14653,0.1578336633484784,1,12,1,435873,169737,55516,52440,1.5722794471821853,0.23602803170445186
14654,0.1578348657590453,1,5,1,435878,169732,55517,52439,1.5722331320167475,0.23602990489307785
14655,0.1578353837690841,3,8,3,435886,169724,55520,52436,1.5721590277520472,0.23602808786460208
14656,0.1578388951405695,2,5,2,435891,169719,55522,52434,1.5721127125866095,0.23602652226168452
14657,0.1578435547443194,8,28,8,435919,169691,55530,52426,1.571853347660158,0.23602875961767897
14658,0.1578461473825039,2,8,2,435927,169683,55532,52424,1.5717792433954574,0.2360303817529389
14659,0.1578470477453485,45,203,45,436130,169480,55577,52379,1.569898847678684,0.23609139137920931
14660,0.1578505856311253,10,24,10,436154,169456,55587,52369,1.5696765348845827,0.23608249746421728
14661,0.1578506268045264,13,44,13,436198,169412,55600,52356,1.5692689614287303,0.23608455683416904
14662,0.1578522306720905,1,4,1,436202,169408,55601,52355,1.56923190929638,0.23608537041796873
14663,0.1578538885191822,0,1,0,436203,169407,55601,52355,1.5692226462632926,0.2360864350068993
14664,0.1578550402463248,19,112,19,436315,169295,55620,52336,1.5681851865574863,0.23614025113815307
14665,0.157857323047366,0,8,0,436323,169287,55620,52336,1.568111082292786,0.23614877517225197
14666,0.1578599831872526,0,1,0,436324,169286,55620,52336,1.5681018192596985,0.23614984071978415
14667,0.1578625316093347,11,28,11,436352,169258,55631,52325,1.567842454333247,0.2361417617777537
14668,0.1578638785130263,0,1,0,436353,169257,55631,52325,1.5678331913001593,0.23614282748598714
14669,0.157864300801062,17,48,17,436401,169209,55648,52308,1.5673885657119566,0.23613537561451264
14670,0.1578656369432469,25,106,25,436507,169103,55673,52283,1.566406684204676,0.23616217827685582
14671,0.1578706399590598,1,5,1,436512,169098,55674,52282,1.5663603690392383,0.23616406179420002
14672,0.1578715889829849,0,3,0,436515,169095,55674,52282,1.5663325799399757,0.23616726218170814
14673,0.1578738703275157,4,2,4,436517,169093,55678,52278,1.5663140538738005,0.23615559400282785
14674,0.157876319413521,0,1,0,436518,169092,55678,52278,1.5663047908407128,0.23615666079414555
14675,0.1578846182184965,1,6,1,436524,169086,55679,52277,1.5662492126421876,0.2361596111364591
14676,0.1578850058670889,19,87,19,436611,168999,55698,52258,1.5654433287635703,0.2361868777033043
14677,0.1578860994659721,1,4,1,436615,168995,55699,52257,1.5654062766312202,0.23618769547845894
14678,0.1578880470412296,2,19,2,436634,168976,55701,52255,1.5652302790025565,0.2362010748945672
14679,0.1578881777718117,0,5,0,436639,168971,55701,52255,1.5651839638371188,0.23620641335105277
14680,0.1578894846155096,8,29,8,436668,168942,55709,52247,1.5649153358775798,0.23620975726641016
14681,0.1578914105537152,0,9,0,436677,168933,55709,52247,1.5648319685797918,0.23621936883985895
14682,0.1578915965309218,1,2,1,436679,168931,55710,52246,1.5648134425136166,0.23621805160572754
14683,0.1578922606097993,1,1,1,436680,168930,55711,52245,1.5648041794805292,0.23621566632756866
14684,0.1578952372494865,0,5,0,436685,168925,55711,52245,1.5647578643150912,0.2362210064656147
14685,0.1578971646937612,27,113,27,436798,168812,55738,52218,1.5637111415761977,0.23624847305795593
14686,0.1579002708470775,0,1,0,436799,168811,55738,52218,1.56370187854311,0.23624954191531428
14687,0.1579064888235822,0,1,0,436800,168810,55738,52218,1.5636926155100226,0.23625061078234433
14688,0.1579066881222308,2,8,2,436808,168802,55740,52216,1.5636185112453223,0.2362522509478866
14689,0.1579068941695323,7,27,7,436835,168775,55747,52209,1.5633684093519582,0.2362569235781776
14690,0.1579119127548998,34,163,34,436998,168612,55781,52175,1.5618585349586869,0.23631373223966992
14691,0.1579133826087865,1,14,1,437012,168598,55782,52174,1.5617288524954611,0.23632525863787074
14692,0.1579174908664544,2,17,2,437029,168581,55784,52172,1.5615713809329728,0.23633653902778218
14693,0.1579175226091531,1,7,1,437036,168574,55785,52171,1.5615065397013599,0.23634057396543523
14694,0.1579204436658368,1,0,1,437036,168574,55786,52170,1.5615065397013599,0.23633711448555794
14695,0.1579205828618022,13,53,13,437089,168521,55799,52157,1.5610155989477195,0.23634888842566998
14696,0.1579217178430955,0,1,0,437090,168520,55799,52157,1.5610063359146318,0.2363499594429868
14697,0.1579252434911062,0,2,0,437092,168518,55799,52157,1.5609878098484569,0.23635210150674069
14698,0.1579279554515022,13,26,13,437118,168492,55812,52144,1.5607469709881803,0.23633495893689152
14699,0.1579288117910244,6,27,6,437145,168465,55818,52138,1.5604968690948164,0.23634311410089617
14700,0.157930360933248,2,2,2,437147,168463,55820,52136,1.5604783430286413,0.23633833335599888
14701,0.1579304261774626,6,53,6,437200,168410,55826,52130,1.5599874022750009,0.23637435385871045
14702,0.1579304752831973,0,2,0,437202,168408,55826,52130,1.5599688762088257,0.23637649747435815
14703,0.1579317689585157,15,32,15,437234,168376,55841,52115,1.5596724591500242,0.2363588536493553
14704,0.1579321333744555,4,38,4,437272,168338,55845,52111,1.559320463892697,0.23638574001242918
14705,0.1579329845467931,10,34,10,437306,168304,55855,52101,1.5590055207677203,0.23638755926589688
14706,0.157933629126474,0,2,0,437308,168302,55855,52101,1.5589869947015451,0.2363897043143696
14707,0.1579398805981051,8,61,8,437369,168241,55863,52093,1.5584219496832044,0.23642742382020024
14708,0.1579410600485731,1,1,1,437370,168240,55864,52092,1.5584126866501167,0.2364250313163771
14709,0.1579420302745344,43,193,43,437563,168047,55907,52049,1.5566249212642187,0.23648317097993604
14710,0.1579421174451465,14,74,14,437637,167973,55921,52035,1.5559394568157396,0.23651412675902694
14711,0.1579448301211314,1,4,1,437641,167969,55922,52034,1.5559024046833896,0.236514956614228
14712,0.1579466203889526,3,36,3,437677,167933,55925,52031,1.5555689354922375,0.23654325253223255
14713,0.1579497904673014,4,21,4,437698,167912,55929,52027,1.5553744117973989,0.23655195304152515
14714,0.1579532454080896,3,2,3,437700,167910,55932,52024,1.5553558857312237,0.23654369037984121
14715,0.1579546336625454,3,15,3,437715,167895,55935,52021,1.5552169402349105,0.23654940977464123
14716,0.1579572170858747,15,40,15,437755,167855,55950,52006,1.5548464189114084,0.2365403595908324
14717,0.1579590811793671,2,7,2,437762,167848,55952,52004,1.5547815776797955,0.23654094572712553
14718,0.157963591536926,2,1,2,437763,167847,55954,52002,1.5547723146467078,0.23653507634785695
14719,0.1579654504701435,1,0,1,437763,167847,55955,52001,1.5547723146467078,0.2365316036534333
14720,0.1579665921307095,8,16,8,437779,167831,55963,51993,1.554624106117307,0.23652103500982605
14721,0.157967937059397,9,61,9,437840,167770,55972,51984,1.5540590610989662,0.23655542106173266
14722,0.1579695947845598,5,18,5,437858,167752,55977,51979,1.5538923265033904,0.23655742703578467
14723,0.1579713375157626,24,86,24,437944,167666,56001,51955,1.5530957056578607,0.23656663069560743
14724,0.1579728224042575,2,12,2,437956,167654,56003,51953,1.5529845492608099,0.23657260469839303
14725,0.1579818436645668,24,108,24,438064,167546,56027,51929,1.551984141687354,0.23660553593803393
14726,0.1579883267134166,2,19,2,438083,167527,56029,51927,1.5518081440586906,0.2366190636762146
14727,0.157991060000418,3,42,3,438125,167485,56032,51924,1.5514190966690133,0.23665392030408963
14728,0.1579918509897053,0,2,0,438127,167483,56032,51924,1.5514005706028382,0.23665607751803724
14729,0.157998255501376,2,12,2,438139,167471,56034,51922,1.5512894142057876,0.23666206305579485
14730,0.157999657412277,6,52,6,438191,167419,56040,51916,1.5508077364852346,0.23669728953427405
14731,0.1580014584503873,2,2,2,438193,167417,56042,51914,1.5507892104190597,0.23669248761005057
14732,0.1580049627514143,2,4,2,438197,167413,56044,51912,1.5507521582867094,0.23668984383905164
14733,0.1580067903189743,0,1,0,438198,167412,56044,51912,1.5507428952536217,0.23669092301800077
14734,0.1580098595984478,24,75,24,438273,167337,56068,51888,1.5500481677720552,0.23668833390352378
14735,0.1580119095940759,1,0,1,438273,167337,56069,51887,1.5500481677720552,0.23668485202350106
14736,0.15801216300443,1,16,1,438289,167321,56070,51886,1.5498999592426543,0.2366986455724498
14737,0.1580164775683974,1,1,1,438290,167320,56071,51885,1.5498906962095669,0.23669624324262675
14738,0.1580176230406949,3,7,3,438297,167313,56074,51882,1.549825854977954,0.23669335523164306
14739,0.1580180223665299,5,19,5,438316,167294,56079,51877,1.5496498573492905,0.23669646075438813
14740,0.158020957211758,1,1,1,438317,167293,56080,51876,1.5496405943162028,0.2366940580100288
14741,0.1580214283414353,7,51,7,438368,167242,56087,51869,1.5491681796287375,0.23672476507341028
14742,0.1580258047125932,0,1,0,438369,167241,56087,51869,1.54915891659565,0.2367258454657478
14743,0.1580267113518041,10,34,10,438403,167207,56097,51859,1.5488439734706732,0.2367277441501648
14744,0.1580295893301064,5,14,5,438417,167193,56102,51854,1.5487142910074474,0.23672545161540673
14745,0.1580313382106316,3,22,3,438439,167171,56105,51851,1.5485105042795213,0.23673877510021824
14746,0.1580319771671686,1,6,1,438445,167165,56106,51850,1.5484549260809959,0.23674177567746502
14747,0.1580336975877743,5,27,5,438472,167138,56111,51845,1.548204824187632,0.23675353794586795
14748,0.1580357663833104,1,6,1,438478,167132,56112,51844,1.5481492459891066,0.23675653952944614
14749,0.1580367895831221,8,42,8,438520,167090,56120,51836,1.5477601985994294,0.23677406977700227
14750,0.1580396393634739,5,31,5,438551,167059,56125,51831,1.5474730445737153,0.23679016857782448
14751,0.1580406517281708,2,4,2,438555,167055,56127,51829,1.547435992441365,0.2367875221578553
14752,0.1580464915837872,0,4,0,438559,167051,56127,51829,1.5473989403090147,0.23679184941520467
14753,0.1580550844507992,0,1,0,438560,167050,56127,51829,1.5473896772759272,0.23679293125425463
14754,0.158055406941901,1,0,1,438560,167050,56128,51828,1.5473896772759272,0.23678944434799296
14755,0.1580555227908073,0,1,0,438561,167049,56128,51828,1.5473804142428398,0.23679052618594004
14756,0.1580606463654016,1,7,1,438568,167042,56129,51827,1.5473155730112267,0.2367946123023361
14757,0.1580629049328116,1,21,1,438589,167021,56130,51826,1.547121049316388,0.23681384711693557
14758,0.1580655670031454,3,4,3,438593,167017,56133,51823,1.547083997184038,0.2368077133979163
14759,0.158066172433153,8,36,8,438629,166981,56141,51815,1.546750527992886,0.23681877182398214
14760,0.1580675431678578,2,2,2,438631,166979,56143,51813,1.5467320019267108,0.2368139602910527
14761,0.1580706154169503,5,21,5,438652,166958,56148,51808,1.5465374782318722,0.2368192497920152
14762,0.1580734238071946,9,26,9,438678,166932,56157,51799,1.5462966393715958,0.23681599773237447
14763,0.1580776793120306,4,26,4,438704,166906,56161,51795,1.5460558005113194,0.2368301928203346
14764,0.1580781288856773,2,7,2,438711,166899,56163,51793,1.5459909592797065,0.2368307939933788
14765,0.1580783938569711,0,2,0,438713,166897,56163,51793,1.5459724332135314,0.23683295989757192
14766,0.1580796340738638,19,63,19,438776,166834,56182,51774,1.5453888621290155,0.2368348825294591
14767,0.1580804362581956,1,2,1,438778,166832,56183,51773,1.5453703360628404,0.23683355824432195
14768,0.1580823580244046,7,14,7,438792,166818,56190,51766,1.5452406535996146,0.23682428723053836
14769,0.1580855264946821,0,9,0,438801,166809,56190,51766,1.5451572863018266,0.23683403865949904
14770,0.1580855397441557,20,86,20,438887,166723,56210,51746,1.544360665456297,0.23685740310982337
14771,0.158087313204203,0,1,0,438888,166722,56210,51746,1.5443514024232095,0.2368584872841789
14772,0.1580912375549047,1,11,1,438899,166711,56211,51745,1.5442495090592463,0.23686692056981726
14773,0.1580925204280634,1,0,1,438899,166711,56212,51744,1.5442495090592463,0.23686342725046347
14774,0.1580942844827439,4,12,4,438911,166699,56216,51740,1.5441383526621957,0.23686246503600547
14775,0.1580955462059989,8,24,8,438935,166675,56224,51732,1.5439160398680944,0.23686054018415162
14776,0.158096743717282,18,90,18,439025,166585,56242,51714,1.5430823668902145,0.23689526750008016
14777,0.1580988063680853,3,14,3,439039,166571,56245,51711,1.5429526844269887,0.23689997342886723
14778,0.1580991707840252,2,15,2,439054,166556,56247,51709,1.5428137389306755,0.23690926167731885
14779,0.1581002689234233,3,7,3,439061,166549,56250,51706,1.5427488976990626,0.2369063709880644
14780,0.1581044842108319,0,12,0,439073,166537,56250,51706,1.542637741302012,0.23691939718570584
14781,0.1581057024193972,9,31,9,439104,166506,56259,51697,1.5423505872762977,0.2369215821963951
14782,0.1581069180076747,2,2,2,439106,166504,56261,51695,1.5423320612101226,0.23691675947185825
14783,0.1581074030402269,2,6,2,439112,166498,56263,51693,1.5422764830115974,0.2369162797732262
14784,0.1581074686873873,2,11,2,439123,166487,56265,51691,1.5421745896476342,0.23692122945484878
14785,0.1581113842939452,7,15,7,439138,166472,56272,51684,1.542035644151321,0.23691303470910724
14786,0.1581133920067584,1,2,1,439140,166470,56273,51683,1.5420171180851459,0.2369117087548647
14787,0.1581158674204851,1,5,1,439145,166465,56274,51682,1.5419708029197081,0.23691364080184463
14788,0.1581202828176592,1,2,1,439147,166463,56275,51681,1.541952276853533,0.2369123148012322
14789,0.1581206066584609,0,3,0,439150,166460,56275,51681,1.5419244877542702,0.236915572955107
14790,0.1581211694727342,1,4,1,439154,166456,56276,51680,1.54188743562192,0.23691641911468075
14791,0.1581222843037528,0,5,0,439159,166451,56276,51680,1.5418411204564824,0.23692184971416258
14792,0.1581235573097964,1,1,1,439160,166450,56277,51679,1.5418318574233947,0.23691943758051429
14793,0.1581283697257499,3,5,3,439165,166445,56280,51676,1.541785542257957,0.23691437321486697
14794,0.1581286065922321,1,4,1,439169,166441,56281,51675,1.5417484901256067,0.2369152194245264
14795,0.1581290528811223,1,1,1,439170,166440,56282,51674,1.5417392270925192,0.2369128070641958
14796,0.1581340017570663,4,12,4,439182,166428,56286,51670,1.5416280706954686,0.23691184696787682
14797,0.1581366321941294,0,1,0,439183,166427,56286,51670,1.541618807662381,0.2369129332361289
14798,0.1581370853427261,0,1,0,439184,166426,56286,51670,1.5416095446292934,0.2369140195143423
14799,0.1581384896520862,2,11,2,439195,166415,56288,51668,1.5415076512653303,0.23691897121738054
14800,0.1581411611458783,5,27,5,439222,166388,56293,51663,1.5412575493719665,0.23693080976468808
14801,0.158145508635944,1,6,1,439228,166382,56294,51662,1.541201971173441,0.23693382986920072
14802,0.1581475690245727,6,9,6,439237,166373,56300,51656,1.541118603875653,0.23692261121226993
14803,0.158148265582109,0,5,0,439242,166368,56300,51656,1.5410722887102153,0.23692804461894104
14804,0.1581525018207872,11,38,11,439280,166330,56311,51645,1.5407202934528883,0.23693084069273998
14805,0.1581582674175558,2,1,2,439281,166329,56313,51643,1.5407110304198006,0.23692492613730204
14806,0.1581586064242547,42,189,42,439470,166140,56355,51601,1.538960317166253,0.23698338852122475
14807,0.1581599664541343,3,16,3,439486,166124,56358,51598,1.538812108636852,0.2369902903702887
14808,0.1581603748951819,5,56,5,439542,166068,56363,51593,1.538293378783949,0.2370337359471839
14809,0.1581619404531989,5,22,5,439564,166046,56368,51588,1.538089592056023,0.2370401683560473
14810,0.1581635345514414,5,40,5,439604,166006,56373,51583,1.5377190707325206,0.23706621198681918
14811,0.1581645730411953,4,19,4,439623,165987,56377,51579,1.537543073103857,0.23707288822702077
14812,0.1581678283023591,1,1,1,439624,165986,56378,51578,1.5375338100707696,0.2370704712176647
14813,0.1581682693992142,0,2,0,439626,165984,56378,51578,1.5375152840045945,0.23707265055478438
14814,0.1581735751730609,0,1,0,439627,165983,56378,51578,1.537506020971507,0.23707374023836994
14815,0.158183084762093,8,76,8,439703,165907,56386,51570,1.5368020304568528,0.23712852393586448
14816,0.1581872501627275,7,24,7,439727,165883,56393,51563,1.5365797176627516,0.2371301380572648
14817,0.1581884657510049,1,23,1,439750,165860,56394,51562,1.5363666679017378,0.23715171417795808
14818,0.1581904101404961,3,22,3,439772,165838,56397,51559,1.5361628811738115,0.23716518627211966
14819,0.1581932987155089,1,2,1,439774,165836,56398,51558,1.5361443551076364,0.2371638591681463
14820,0.158194201551631,3,35,3,439809,165801,56401,51555,1.535820148949572,0.23719151990283222
14821,0.1581968822050357,0,4,0,439813,165797,56401,51555,1.535783096817222,0.23719588501601088
14822,0.1581989831828547,0,3,0,439816,165794,56401,51555,1.535755307717959,0.2371991589563329
14823,0.1582035199255229,0,2,0,439818,165792,56401,51555,1.535736781651784,0.2372013416334249
14824,0.1582048459759554,2,7,2,439825,165785,56403,51553,1.535671940420171,0.23720196192106305
14825,0.1582076755437201,0,2,0,439827,165783,56403,51553,1.5356534143539962,0.23720414473442045
14826,0.1582082765833646,0,1,0,439828,165782,56403,51553,1.5356441513209085,0.23720523615616446
14827,0.1582119046824475,3,5,3,439833,165777,56406,51550,1.5355978361554707,0.23720016380845454
14828,0.1582153117934882,2,7,2,439840,165770,56408,51548,1.5355329949238579,0.23720078410440001
14829,0.1582177610326288,1,8,1,439848,165762,56409,51547,1.5354588906591575,0.23720600619394502
14830,0.1582185416636049,0,2,0,439850,165760,56409,51547,1.5354403645929824,0.23720818933582444
14831,0.1582193663442866,0,2,0,439852,165758,56409,51547,1.5354218385268072,0.2372103725178896
14832,0.1582203311447005,2,14,2,439866,165744,56411,51545,1.5352921560635815,0.2372186350896732
14833,0.1582253921616281,4,18,4,439884,165726,56415,51541,1.5351254214680055,0.2372242448231899
14834,0.158226435748168,9,55,9,439939,165671,56424,51532,1.53461595464819,0.23725270829592593
14835,0.1582297697771122,0,4,0,439943,165667,56424,51532,1.5345789025158398,0.23725707761085457
14836,0.158230069794714,1,1,1,439944,165666,56425,51531,1.5345696394827522,0.23725465821351124
14837,0.1582321603462971,8,78,8,440022,165588,56433,51523,1.533847122901923,0.23731178982179624
14838,0.1582350631181223,10,55,10,440077,165533,56443,51513,1.5333376560821075,0.23733678575048608
14839,0.1582357576089267,41,164,41,440241,165369,56484,51472,1.5318185186557487,0.2373720836926596
14840,0.1582404430518164,36,89,36,440330,165280,56520,51436,1.5309941087109564,0.23734288192842246
14841,0.158240930951988,1,4,1,440334,165276,56521,51435,1.5309570565786061,0.23734374351094314
14842,0.1582419153384356,1,1,1,440335,165275,56522,51434,1.5309477935455185,0.2373413194652737
14843,0.1582509140860064,1,22,1,440357,165253,56523,51433,1.5307440068175924,0.23736189693842702
14844,0.1582518309617956,0,3,0,440360,165250,56523,51433,1.5307162177183298,0.23736518324003267
14845,0.1582551146940692,0,8,0,440368,165242,56523,51433,1.5306421134536292,0.23737394715587862
14846,0.1582552242400868,1,2,1,440370,165240,56524,51432,1.530623587387454,0.2373726185201595
14847,0.1582611280394222,1,3,1,440373,165237,56525,51431,1.5305957982881915,0.23737238540070524
14848,0.1582632027295465,3,32,3,440405,165205,56528,51428,1.5302993812293897,0.23739688782410806
14849,0.1582703316038667,0,5,0,440410,165200,56528,51428,1.530253066063952,0.23740236719168345
14850,0.1582707078039212,2,8,2,440418,165192,56530,51426,1.5301789617992516,0.23740409384261696
14851,0.1582711252389669,3,16,3,440434,165176,56533,51423,1.5300307532698507,0.23741106837981707
14852,0.1582726556569484,1,5,1,440439,165171,56534,51422,1.529984438104413,0.23741302812186912
14853,0.1582727398289669,2,7,2,440446,165164,56536,51420,1.5299195968728,0.23741365936541942
14854,0.1582817081644828,3,12,3,440458,165152,56539,51417,1.5298084404757495,0.2374162507099354
14855,0.1582829714710912,1,1,1,440459,165151,56540,51416,1.5297991774426618,0.23741382574445782
14856,0.1582839517480052,0,3,0,440462,165148,56540,51416,1.5297713883433992,0.2374171145712122
14857,0.1582874130821396,59,324,59,440786,164824,56599,51357,1.5267701656230317,0.23756481836979199
14858,0.1582895131121771,3,2,3,440788,164822,56602,51354,1.5267516395568566,0.23755643549700245
14859,0.1582904100246752,0,1,0,440789,164821,56602,51354,1.5267423765237689,0.23755753440499594
14860,0.1582948407527158,1,13,1,440802,164808,56603,51353,1.5266219570936308,0.23756829400308105
14861,0.1582953791351397,0,1,0,440803,164807,56603,51353,1.5266126940605431,0.23756939304219096
14862,0.1582957483733659,1,0,1,440803,164807,56604,51352,1.5266126940605431,0.23756586586725512
14863,0.1583002800084932,1,2,1,440805,164805,56605,51351,1.526594167994368,0.2375645367234775
14864,0.1583028924420356,8,18,8,440823,164787,56613,51343,1.5264274333987922,0.23755610049507242
14865,0.1583062492220301,9,23,9,440846,164764,56622,51334,1.5262143836377784,0.23754963026034484
14866,0.1583079076755134,9,38,9,440884,164726,56631,51325,1.5258623883804512,0.23755965026776085
14867,0.1583082723757297,6,20,6,440904,164706,56637,51319,1.5256771277187002,0.23756046753847934
14868,0.1583102558361356,0,2,0,440906,164704,56637,51319,1.525658601652525,0.23756266693824268
14869,0.158311891419978,21,106,21,441012,164598,56658,51298,1.5246767201452445,0.23760514321710452
14870,0.1583185097959741,64,183,64,441195,164415,56722,51234,1.522981585090222,0.23758051277770822
14871,0.1583191012453552,2,1,2,441196,164414,56724,51232,1.5229723220571343,0.23757454346475243
14872,0.158319956798539,2,3,2,441199,164411,56726,51230,1.5229445329578717,0.23757077735681062
14873,0.1583304958014446,10,30,10,441229,164381,56736,51220,1.522666641965245,0.23756847138927928
14874,0.1583381609277801,1,0,1,441229,164381,56737,51219,1.522666641965245,0.23756493506493506
14875,0.1583405112859564,1,11,1,441240,164370,56738,51218,1.522564748601282,0.23757351986195893
14876,0.1583429364373997,1,0,1,441240,164370,56739,51217,1.522564748601282,0.23756998334778998
14877,0.1583434669733083,24,119,24,441359,164251,56763,51193,1.521462447663863,0.23761627151371123
14878,0.1583444618660918,3,33,3,441392,164218,56766,51190,1.5211567675719737,0.237642056005348
14879,0.158344858451531,2,5,2,441397,164213,56768,51188,1.521110452406536,0.23764049377672342
14880,0.1583479255754355,18,56,18,441453,164157,56786,51170,1.520591722553633,0.23763856831702482
14881,0.1583526729822971,5,13,5,441466,164144,56791,51165,1.5204713031234947,0.23763521264786888
14882,0.1583542875722971,3,6,3,441472,164138,56794,51162,1.5204157249249695,0.23763121226196005
14883,0.1583552424060529,10,44,10,441516,164094,56804,51152,1.520008151469117,0.23764436969792702
14884,0.1583588494858825,1,0,1,441516,164094,56805,51151,1.520008151469117,0.23764082789379545
14885,0.15836170700434,2,23,2,441539,164071,56807,51149,1.5197951017081033,0.23765913948517794
14886,0.1583627766998062,28,97,28,441636,163974,56835,51121,1.5188965874986105,0.23766707733792045
14887,0.1583694461828045,0,3,0,441639,163971,56835,51121,1.5188687983993479,0.23767039220426608
14888,0.158372253566173,0,1,0,441640,163970,56835,51121,1.5188595353662604,0.23767149718026323
14889,0.1583786719936797,1,2,1,441642,163968,56836,51120,1.5188410093000853,0.2376701629100647
14890,0.1583797207438913,4,14,4,441656,163954,56840,51116,1.5187113268368595,0.23767145580508672
14891,0.1583818277518234,1,1,1,441657,163953,56841,51115,1.5187020638037718,0.2376690163111202
14892,0.1583822614917574,30,143,30,441800,163810,56871,51085,1.5173774500722517,0.23772074734172502
14893,0.1583864208953436,4,10,4,441810,163800,56875,51081,1.5172848197413762,0.23771762045038883
14894,0.1583884767291925,0,10,0,441820,163790,56875,51081,1.5171921894105005,0.237728683721861
14895,0.1583911438182897,2,22,2,441842,163768,56877,51079,1.5169884026825744,0.23774593082519188
14896,0.1583939540472551,1,4,1,441846,163764,56878,51078,1.5169513505502241,0.23774680928310107
14897,0.1583965460217405,1,0,1,441846,163764,56879,51077,1.5169513505502241,0.23774326129556275
14898,0.1583991382617517,0,6,0,441852,163758,56879,51077,1.516895772351699,0.23774990108688063
14899,0.158400486170589,2,9,2,441861,163749,56881,51075,1.516812405053911,0.23775276505418388
14900,0.1584024087966798,7,26,7,441887,163723,56888,51068,1.5165715661936345,0.23775670302759427
14901,0.1584112548225256,0,2,0,441889,163721,56888,51068,1.5165530401274594,0.23775891689052978
14902,0.1584157548993489,5,31,5,441920,163690,56893,51063,1.516265886101745,0.2377754909128161
14903,0.1584208758246086,0,1,0,441921,163689,56893,51063,1.5162566230686576,0.23777659812248547
14904,0.1584232458684192,2,1,2,441922,163688,56895,51061,1.5162473600355701,0.2377706066151647
14905,0.1584292052271053,0,2,0,441924,163686,56895,51061,1.516228833969395,0.23777282104057332
14906,0.158436947060259,1,20,1,441944,163666,56896,51060,1.5160435733076438,0.23779141790002142
14907,0.1584381626485365,0,3,0,441947,163663,56896,51060,1.5160157842083812,0.23779474020016486
14908,0.1584388914905214,0,8,0,441955,163655,56896,51060,1.5159416799436807,0.23780360012109075
14909,0.1584397561975022,0,5,0,441960,163650,56896,51060,1.515895364778243,0.23780913790694425
14910,0.1584409565832528,0,2,0,441962,163648,56896,51060,1.5158768387120678,0.23781135309350374
14911,0.1584453851002707,5,21,5,441983,163627,56901,51055,1.5156823150172292,0.23781686401281896
14912,0.1584473228507066,2,9,2,441992,163618,56903,51053,1.5155989477194411,0.23781973345258559
14913,0.1584480564540169,11,49,11,442041,163569,56914,51042,1.515145059098151,0.2378349665208214
14914,0.1584481393552463,1,5,1,442046,163564,56915,51041,1.5150987439327133,0.23783695626849327
14915,0.1584544057464795,0,7,0,442053,163557,56915,51041,1.5150339027011004,0.2378447143030224
14916,0.1584555907545123,42,124,42,442177,163433,56957,50999,1.5138852865982437,0.23783297269064319
14917,0.1584563060531059,0,2,0,442179,163431,56957,50999,1.5138667605320686,0.2378351909714126
14918,0.1584581255402845,9,32,9,442211,163399,56966,50990,1.5135703434732668,0.23783869508230365
14919,0.1584610263254323,0,1,0,442212,163398,56966,50990,1.5135610804401793,0.23783980446666791
14920,0.1584610921707666,2,23,2,442235,163375,56968,50988,1.5133480306791656,0.23785821247136865
14921,0.1584648906877094,3,30,3,442265,163345,56971,50985,1.513070139686539,0.2378808379601549
14922,0.1584666596301014,3,21,3,442286,163324,56974,50982,1.5128756159917003,0.23789347941728184
14923,0.158466967585665,2,0,2,442286,163324,56976,50980,1.5128756159917003,0.23788636703001345
14924,0.1584671083554898,2,4,2,442290,163320,56978,50978,1.51283856385935,0.23788369466817236
14925,0.1584673174180628,0,1,0,442291,163319,56978,50978,1.5128293008262625,0.23788480473361737
14926,0.1584700579439993,1,3,1,442294,163316,56979,50977,1.512801511727,0.23788457859099457
14927,0.1584724204867769,9,22,9,442316,163294,56988,50968,1.5125977249990736,0.23787699172041707
14928,0.1584724830954425,0,3,0,442319,163291,56988,50968,1.512569935899811,0.23788032241352755
14929,0.158478682963346,0,5,0,442324,163286,56988,50968,1.5125236207343733,0.23788587377598552
14930,0.1584836905942676,12,27,12,442351,163259,57000,50956,1.5122735188410092,0.2378731648110543
14931,0.1584854080164521,4,32,4,442383,163227,57004,50952,1.5119771017822075,0.2378944714467805
14932,0.1584856529041245,1,4,1,442387,163223,57005,50951,1.5119400496498574,0.23789535611231988
14933,0.1584859074798538,7,23,7,442410,163200,57012,50944,1.5117269998888436,0.23789599521817095
14934,0.1584908262614789,3,26,3,442436,163174,57015,50941,1.5114861610285673,0.23791420498330337
14935,0.1584917440788567,13,44,13,442480,163130,57028,50928,1.5110785875727148,0.23791682628072766
14936,0.1584939889393076,2,5,2,442485,163125,57030,50926,1.511032272407277,0.2379152631849419
14937,0.1584975332110142,3,16,3,442501,163109,57033,50923,1.5108840638778762,0.23792236674889736
14938,0.1585050932045753,88,292,88,442793,162817,57121,50835,1.5081792582163103,0.2379336491116395
14939,0.1585113150456819,3,1,3,442794,162816,57124,50832,1.5081699951832228,0.2379240620085374
14940,0.1585118081498002,13,44,13,442838,162772,57137,50819,1.5077624217273704,0.23792669166772007
14941,0.1585173919654046,1,0,1,442838,162772,57138,50818,1.5077624217273704,0.2379231237417482
14942,0.158518075605874,0,3,0,442841,162769,57138,50818,1.5077346326281078,0.23792646556204264
14943,0.1585184803411102,36,219,36,443060,162550,57174,50782,1.5057060283819335,0.23804211276320478
14944,0.1585184948035893,4,14,4,443074,162536,57178,50778,1.5055763459187077,0.23804344768744667
14945,0.1585197103918667,0,4,0,443078,162532,57178,50778,1.5055392937863574,0.23804791149031926
14946,0.1585234200784256,8,18,8,443096,162514,57186,50770,1.5053725591907814,0.23803942161624875
14947,0.1585286405809955,0,3,0,443099,162511,57186,50770,1.5053447700915188,0.238042769866983
14948,0.158529292828474,2,15,2,443114,162496,57188,50768,1.5052058245952054,0.23805236701928126
14949,0.1585301484833803,0,3,0,443117,162493,57188,50768,1.5051780354959428,0.23805571576612694
14950,0.1585327200116227,2,5,2,443122,162488,57190,50766,1.505131720330505,0.23805415138754724
14951,0.1585342489480511,0,2,0,443124,162486,57190,50766,1.5051131942643299,0.23805638399639864
14952,0.1585346112894547,3,3,3,443127,162483,57193,50763,1.5050854051650673,0.23804901381503052
14953,0.1585374526123412,1,2,1,443129,162481,57194,50762,1.5050668790988921,0.2380476733116679
14954,0.1585390167865532,1,1,1,443130,162480,57195,50761,1.5050576160658047,0.2380452164452427
14955,0.1585428064036893,30,187,30,443317,162293,57225,50731,1.503325428878432,0.23814687546943067
14956,0.1585467192195199,7,28,7,443345,162265,57232,50724,1.5030660639519804,0.23815314405908286
14957,0.1585556203461275,6,13,6,443358,162252,57238,50718,1.5029456445218423,0.23814621777715173
14958,0.1585569656395819,4,12,4,443370,162240,57242,50714,1.5028344881247915,0.23814532715985612
14959,0.1585571633045727,2,5,2,443375,162235,57244,50712,1.5027881729593537,0.23814376347166197
14960,0.1585581812278593,1,3,1,443378,162232,57245,50711,1.5027603838600911,0.23814354075973382
14961,0.1585586555853922,1,4,1,443382,162228,57246,50710,1.5027233317277409,0.2381444364087199
14962,0.15855957340277,0,6,0,443388,162222,57246,50710,1.5026677535292157,0.23815114684500216
14963,0.1585629863262773,51,175,51,443563,162047,57297,50659,1.5010467227388937,0.2381644147320715
14964,0.1585635335115879,0,1,0,443564,162046,57297,50659,1.501037459705806,0.23816553442561295
14965,0.1585641973371437,0,1,0,443565,162045,57297,50659,1.5010281966727186,0.23816665412968258
14966,0.1585677600014948,1,4,1,443569,162041,57298,50658,1.5009911445403683,0.23816755132840306
14967,0.1585698034268825,7,42,7,443611,161999,57305,50651,1.500602097150691,0.2381895132847402
14968,0.158572099533253,1,2,1,443613,161997,57306,50650,1.500583571084516,0.23818817100640968
14969,0.158572863733374,0,1,0,443614,161996,57306,50650,1.5005743080514284,0.23818929112233478
14970,0.1585741763144466,3,16,3,443630,161980,57309,50647,1.5004260995220275,0.23819646611201775
14971,0.1585749317583135,0,7,0,443637,161973,57309,50647,1.5003612582904147,0.2382043081553946
14972,0.1585772330467522,0,1,0,443638,161972,57309,50647,1.500351995257327,0.23820542848945767
14973,0.158585852896173,12,104,12,443742,161868,57321,50635,1.4993886398162215,0.2382789890025082
14974,0.1585930230460581,1,0,1,443742,161868,57322,50634,1.4993886398162215,0.2382754044667815
14975,0.1585944895643908,0,9,0,443751,161859,57322,50634,1.4993052725184335,0.2382854964634129
14976,0.1585962062881442,0,11,0,443762,161848,57322,50634,1.4992033791544703,0.23829783228697018
14977,0.1586008759693225,0,1,0,443763,161847,57322,50634,1.4991941161213829,0.23829895378880936
14978,0.158602551441091,1,19,1,443782,161828,57323,50633,1.4990181184927192,0.23831667929643557
14979,0.1586039844698286,1,4,1,443786,161824,57324,50632,1.498981066360369,0.23831758105207668
14980,0.1586083691251649,2,5,2,443791,161819,57326,50630,1.4989347511949314,0.23831601937406155
14981,0.1586132372523104,2,23,2,443814,161796,57328,50628,1.4987217014339176,0.23833465145181335
14982,0.158615633873285,2,0,2,443814,161796,57330,50626,1.4987217014339176,0.2383274802044986
14983,0.1586167607755617,5,17,5,443831,161779,57335,50621,1.498564229871429,0.2383286252354049
14984,0.1586186696230676,0,1,0,443832,161778,57335,50621,1.4985549668383416,0.23832974731519452
14985,0.1586234496700408,2,11,2,443843,161767,57337,50619,1.4984530734743784,0.23833491849745275
14986,0.158624870337959,0,1,0,443844,161766,57337,50619,1.498443810441291,0.23833604068083905
14987,0.1586285417077553,19,46,19,443890,161720,57356,50600,1.4980177109192634,0.2383195177091183
14988,0.1586295723303765,0,2,0,443892,161718,57356,50600,1.4979991848530883,0.23832176263906027
14989,0.1586298171029648,0,1,0,443893,161717,57356,50600,1.4979899218200008,0.23832288511989147
14990,0.1586312338056581,0,5,0,443898,161712,57356,50600,1.497943606654563,0.2383284976826557
14991,0.1586380641756877,0,1,0,443899,161711,57356,50600,1.4979343436214754,0.23832962022693124
14992,0.1586408617037247,0,3,0,443902,161708,57356,50600,1.4979065545222128,0.2383329879232059
14993,0.1586415418638578,2,7,2,443909,161701,57358,50598,1.4978417132906,0.2383336709075408
14994,0.1586422281904701,20,58,20,443967,161643,57378,50578,1.4973044573715217,0.2383270270142917
14995,0.1586430109406935,1,0,1,443967,161643,57379,50577,1.4973044573715217,0.23832343794175856
14996,0.1586447352403488,4,11,4,443978,161632,57383,50573,1.4972025640075586,0.23832143446195894
14997,0.1586469386234475,1,0,1,443978,161632,57384,50572,1.4972025640075586,0.2383178450924582
14998,0.158649816237586,12,49,12,444027,161583,57396,50560,1.4967486753862684,0.2383298058385146
14999,0.1586511824015352,64,227,64,444254,161356,57460,50496,1.4946459668753937,0.23835507807337197
15000,0.1586518572403158,2,10,2,444264,161346,57462,50494,1.494553336544518,0.23835913897280966
15001,0.1586518792438664,0,3,0,444267,161343,57462,50494,1.4945255474452555,0.23836251457488541
15002,0.1586523816996713,4,4,4,444271,161339,57466,50490,1.4944884953129052,0.2383526334921092
15003,0.1586557774797715,0,1,0,444272,161338,57466,50490,1.4944792322798177,0.2383537587098967
15004,0.1586589297598616,44,177,44,444449,161161,57510,50446,1.4928396754233206,0.23839476009772834
15005,0.1586614778691936,12,47,12,444496,161114,57522,50434,1.4924043128682056,0.238404522850606
15006,0.1586668472017522,4,52,4,444548,161062,57526,50430,1.4919226351476527,0.2384487356495754
15007,0.1586684828034407,9,23,9,444571,161039,57535,50421,1.491709585386639,0.23844225858318358
15008,0.1586703807650043,1,5,1,444576,161034,57536,50420,1.4916632702212012,0.23844429521314328
15009,0.1586729987667209,1,0,1,444576,161034,57537,50419,1.4916632702212012,0.238440693676609
15010,0.1586750821219359,0,1,0,444577,161033,57537,50419,1.4916540071881137,0.23844182131169248
15011,0.1586775304018482,2,11,2,444588,161022,57539,50417,1.4915521138241505,0.2384470225455096
15012,0.1586817131275729,3,22,3,444610,161000,57542,50414,1.4913483270962244,0.23846102907092245
15013,0.1586838393752434,1,6,1,444616,160994,57543,50413,1.491292748897699,0.2384641946576982
15014,0.1586839667228147,0,8,0,444624,160986,57543,50413,1.4912186446329987,0.2384732188893987
15015,0.1586849619905662,1,1,1,444625,160985,57544,50412,1.491209381599911,0.23847074461794632
15016,0.1586855322131589,1,4,1,444629,160981,57545,50411,1.491172329467561,0.23847165455646382
15017,0.1586858858833416,3,15,3,444644,160966,57548,50408,1.4910333839712475,0.2384777692620663
15018,0.1586869462499252,3,10,3,444654,160956,57551,50405,1.490940753640372,0.23847824338454113
15019,0.1586930893540862,4,32,4,444686,160924,57555,50401,1.4906443365815703,0.23849994084940257
15020,0.1586947697044606,0,2,0,444688,160922,57555,50401,1.490625810515395,0.2385021980570028
15021,0.1586969370842909,2,8,2,444696,160914,57557,50399,1.4905517062506948,0.23850402010288055
15022,0.1586970677082059,3,11,3,444707,160903,57560,50396,1.4904498128867316,0.23850562473083167
15023,0.1586985162771804,0,4,0,444711,160899,57560,50396,1.4904127607543813,0.23851013985186587
15024,0.1587005485728893,0,1,0,444712,160898,57560,50396,1.4904034977212939,0.23851126865883557
15025,0.1587042922247136,30,169,30,444881,160729,57590,50366,1.4888380451294971,0.23859399796300243
15026,0.1587112320307833,3,15,3,444896,160714,57593,50363,1.488699099633184,0.23860013170549135
15027,0.1587132809390496,1,1,1,444897,160713,57594,50362,1.4886898366000962,0.23859765486201587
15028,0.1587138756784169,8,45,8,444942,160668,57602,50354,1.4882730001111564,0.23861966998701556
15029,0.1587206254730228,0,2,0,444944,160666,57602,50354,1.4882544740449812,0.23862193157046727
15030,0.1587240030491515,0,9,0,444953,160657,57602,50354,1.4881711067471932,0.23863210922653322
15031,0.1587338083330978,10,36,10,444989,160621,57612,50344,1.4878376375560414,0.23863674069158392
15032,0.158736312127354,1,5,1,444994,160616,57613,50343,1.4877913223906036,0.23863878763171992
15033,0.1587377327952722,0,2,0,444996,160614,57613,50343,1.4877727963244285,0.23864105007181557
15034,0.1587412137240162,2,3,2,444999,160611,57615,50341,1.487745007225166,0.23863722552997838
15035,0.158742679560278,0,1,0,445000,160610,57615,50341,1.4877357441920782,0.23863835677479603
15036,0.1587444405311699,0,2,0,445002,160608,57615,50341,1.487717218125903,0.23864061929660724
15037,0.1587463074336045,3,15,3,445017,160593,57618,50338,1.4875782726295899,0.2386467612631619
15038,0.1587505099024894,17,85,17,445102,160508,57635,50321,1.4867909148171476,0.23868158555037494
15039,0.1587510441007758,7,59,7,445161,160449,57642,50314,1.486244395864982,0.23872311553735712
15040,0.1587510938340935,0,1,0,445162,160448,57642,50314,1.4862351328318946,0.23872424820413546
15041,0.1587519718060511,0,1,0,445163,160447,57642,50314,1.4862258697988069,0.23872538088166217
15042,0.1587531128309539,2,8,2,445171,160439,57644,50312,1.4861517655341066,0.23872721837618802
15043,0.1587533879596877,30,73,30,445244,160366,57674,50282,1.485475564118715,0.2387015305153621
15044,0.1587578495517906,0,2,0,445246,160364,57674,50282,1.4854570380525398,0.2387037968914672
15045,0.1587580883657981,1,4,1,445250,160360,57675,50281,1.4854199859201898,0.23870471560617354
15046,0.1587587420246502,0,1,0,445251,160359,57675,50281,1.485410722887102,0.23870584884162552
15047,0.1587590781451784,0,10,0,445261,160349,57675,50281,1.4853180925562266,0.2387171817879694
15048,0.1587598528623942,0,1,0,445262,160348,57675,50281,1.4853088295231391,0.2387183151417896
15049,0.1587675232879013,1,5,1,445267,160343,57676,50280,1.4852625143577012,0.23872036767114702
15050,0.1587680639616357,1,3,1,445270,160340,57677,50279,1.4852347252584386,0.23872015345244257
15051,0.1587729032215953,7,13,7,445283,160327,57684,50272,1.4851143058283005,0.23870958551560073
15052,0.1587734159228904,1,8,1,445291,160319,57685,50271,1.4850402015636,0.238715038700793
15053,0.1587742818983916,0,4,0,445295,160315,57685,50271,1.4850031494312497,0.2387195730010542
15054,0.1587793628956288,5,11,5,445306,160304,57690,50266,1.4849012560672867,0.23871396685187823
15055,0.1587801901788124,1,1,1,445307,160303,57691,50265,1.484891993034199,0.23871148512594506
15056,0.158784669496714,2,4,2,445311,160299,57693,50263,1.484854940901849,0.23870878886028818
15057,0.1587897321555042,0,1,0,445312,160298,57693,50263,1.4848456778687613,0.2387099225402615
15058,0.158796393859795,5,17,5,445329,160281,57698,50258,1.484688206306273,0.2387111176551613
15059,0.1587994413434749,4,32,4,445361,160249,57702,50254,1.4843917892474712,0.2387329396730688
15060,0.1587997628494258,0,2,0,445363,160247,57702,50254,1.484373263181296,0.23873520790875102
15061,0.1587999173830463,17,56,17,445419,160191,57719,50237,1.483854533328393,0.23873724029121599
15062,0.1588022224194789,0,2,0,445421,160189,57719,50237,1.4838360072622179,0.23873950937621777
15063,0.1588054558210447,5,12,5,445433,160177,57724,50232,1.4837248508651673,0.23873503509830854
15064,0.1588113787344936,0,8,0,445441,160169,57724,50232,1.483650746600467,0.2387441124329257
15065,0.158815713434276,1,10,1,445451,160159,57725,50231,1.4835581162695912,0.2387518418175769
15066,0.1588163254994994,0,3,0,445454,160156,57725,50231,1.4835303271703286,0.2387552462842286
15067,0.1588186297127932,0,2,0,445456,160154,57725,50231,1.4835118011041535,0.23875751598260334
15068,0.1588188734246892,3,26,3,445482,160128,57728,50228,1.4832709622438771,0.23877616992146647
15069,0.1588195937488918,33,196,33,445678,159932,57761,50195,1.4814554077587165,0.23887934439648403
15070,0.1588202940926074,1,7,1,445685,159925,57762,50194,1.4813905665271037,0.23888368020026746
15071,0.1588212992326084,13,76,13,445761,159849,57775,50181,1.4806865760124495,0.2389230109984288
15072,0.1588240450189431,5,7,5,445768,159842,57780,50176,1.4806217347808366,0.23891285508861146
15073,0.1588278918478334,3,30,3,445798,159812,57783,50173,1.48034384378821,0.23893611448436794
15074,0.1588334879303361,1,1,1,445799,159811,57784,50172,1.4803345807551225,0.2389336279603587
15075,0.1588335195493813,0,1,0,445800,159810,57784,50172,1.4803253177220348,0.23893476583707174
15076,0.1588385558353813,4,21,4,445821,159789,57788,50168,1.4801307940271962,0.2389441647575456
15077,0.1588405420091603,19,96,19,445917,159693,57807,50149,1.479241542850791,0.23898456934264828
15078,0.1588407325455087,1,4,1,445921,159689,57808,50148,1.479204490718441,0.23898549826770302
15079,0.158841439082088,0,2,0,445923,159687,57808,50148,1.4791859646522658,0.23898777610980057
15080,0.1588445678114178,1,1,1,445924,159686,57809,50147,1.4791767016191781,0.23898528830069626
15081,0.1588449681023155,4,25,4,445949,159661,57813,50143,1.4789451257919892,0.2389992564488761
15082,0.1588455596524846,2,10,2,445959,159651,57815,50141,1.4788524954611137,0.2390033938377059
15083,0.158848472212631,1,3,1,445962,159648,57816,50140,1.4788247063618511,0.23900318416687322
15084,0.1588517077046339,1,11,1,445973,159637,57817,50139,1.478722812997888,0.23901208908550073
15085,0.1588546410180363,2,17,2,445990,159620,57819,50137,1.4785653414353996,0.23902420419819123
15086,0.1588598289440657,1,3,1,445993,159617,57820,50136,1.478537552336137,0.23902399488922685
15087,0.1588598908431061,0,3,0,445996,159614,57820,50136,1.4785097632368742,0.2390274135876043
15088,0.158863906558089,13,50,13,446046,159564,57833,50123,1.4780466115824966,0.23903723168341384
15089,0.1588695946810076,31,102,31,446148,159462,57864,50092,1.477101782207566,0.23904101090888266
15090,0.158873208393192,1,1,1,446149,159461,57865,50091,1.4770925191744786,0.23903852027181796
15091,0.1588744078923605,4,24,4,446173,159437,57869,50087,1.4768702063803771,0.23905137358966036
15092,0.1588778055565035,0,2,0,446175,159435,57869,50087,1.476851680314202,0.23905365546338808
15093,0.1588779263119452,1,11,1,446186,159424,57870,50086,1.476749786950239,0.23906257457877905
15094,0.1588795089795675,4,6,4,446192,159418,57874,50082,1.4766942087517136,0.23905489260143198
15095,0.1588803857452145,0,7,0,446199,159411,57874,50082,1.4766293675201008,0.2390628803826381
15096,0.158883191307816,0,2,0,446201,159409,57874,50082,1.4766108414539256,0.23906516270388703
15097,0.158889140175823,0,1,0,446202,159408,57874,50082,1.4766015784208382,0.2390663038808535
15098,0.1588898497035344,0,1,0,446203,159407,57874,50082,1.4765923153877505,0.23906744506871483
15099,0.1588939400318287,1,11,1,446214,159396,57875,50081,1.4764904220237876,0.23907636637912516
15100,0.1588974397989013,0,5,0,446219,159391,57875,50081,1.4764441068583496,0.23908207302169263
15101,0.1588990496825713,1,2,1,446221,159389,57876,50080,1.4764255807921747,0.23908072316189985
15102,0.1589002894132,9,26,9,446247,159363,57885,50071,1.476184741931898,0.23907770467068384
15103,0.1589063851592946,1,7,1,446254,159356,57886,50070,1.4761199007002852,0.23908206239912905
15104,0.1589111738915196,12,39,12,446293,159317,57898,50058,1.4757586424098708,0.23908298507462686
15105,0.158912625306739,0,4,0,446297,159313,57898,50058,1.4757215902775205,0.23908755271742504
15106,0.1589132232808141,47,270,47,446567,159043,57945,50011,1.4732205713438808,0.23922527193930754
15107,0.1589140939113998,19,53,19,446620,158990,57964,49992,1.4727296305902404,0.23921677465044835
15108,0.1589145414390718,1,16,1,446636,158974,57965,49991,1.4725814220608395,0.23923145024286363
15109,0.1589156251615709,2,8,2,446644,158966,57967,49989,1.4725073177961392,0.239233327749994
15110,0.1589203718945749,31,91,31,446735,158875,57998,49958,1.4716643817851718,0.23922464361475437
15111,0.158926115554748,1,5,1,446740,158870,57999,49957,1.471618066619734,0.23922672834451483
15112,0.1589291208042094,51,215,51,446955,158655,58050,49906,1.4696265145059098,0.23928730683109498
15113,0.1589294640410891,1,37,1,446992,158618,58051,49905,1.4692837822816702,0.2393261175026256
15114,0.1589296433463682,0,1,0,446993,158617,58051,49905,1.4692745192485828,0.23932726522860898
15115,0.1589317358820024,6,22,6,447015,158595,58057,49899,1.4690707325206567,0.23933062821951712
15116,0.1589321221517881,12,59,12,447074,158536,58069,49887,1.4685242135684908,0.23935458178799845
15117,0.1589327983297312,3,7,3,447081,158529,58072,49884,1.468459372336878,0.23935167192065754
15118,0.1589331565499206,0,2,0,447083,158527,58072,49884,1.4684408462707028,0.2393539688404163
15119,0.1589368364313727,5,26,5,447109,158501,58077,49879,1.4682000074104264,0.23936558210960746
15120,0.158940251740263,2,15,2,447124,158486,58079,49877,1.4680610619141132,0.2393755129269592
15121,0.1589403367774812,3,5,3,447129,158481,58082,49874,1.4680147467486755,0.2393703054882292
15122,0.1589406645118923,37,108,37,447237,158373,58119,49837,1.4670143391752195,0.23935930070601796
15123,0.1589462211606641,0,2,0,447239,158371,58119,49837,1.4669958131090444,0.23936159993852302
15124,0.1589463971671338,57,274,57,447513,158097,58176,49780,1.4644577420430547,0.2394685318722129
15125,0.1589470949346408,2,6,2,447519,158091,58178,49778,1.4644021638445293,0.239468126560478
15126,0.1589487188524231,0,1,0,447520,158090,58178,49778,1.4643929008114418,0.2394692785806377
15127,0.1589549682869155,3,6,3,447526,158084,58181,49775,1.4643373226129164,0.23946521440014626
15128,0.1589574385058762,2,3,2,447529,158081,58183,49773,1.4643095335136538,0.2394613526802467
15129,0.1589611748236354,13,20,13,447549,158061,58196,49760,1.4641242728519026,0.2394368230352082
15130,0.1589622751680696,13,78,13,447627,157983,58209,49747,1.4634017562710735,0.23947913156501227
15131,0.1589659880349883,4,12,4,447639,157971,58213,49743,1.4632905998740227,0.239478321153124
15132,0.1589664479238383,7,33,7,447672,157938,58220,49736,1.4629849197821334,0.23949074029488526
15133,0.1589701329841507,2,3,2,447675,157935,58222,49734,1.4629571306828708,0.23948687574938965
15134,0.1589715170973794,35,181,35,447856,157754,58257,49699,1.4612805216940234,0.23956751649771274
15135,0.1589717297415806,6,16,6,447872,157738,58263,49693,1.4611323131646226,0.23956399959504607
15136,0.1589733557729378,1,1,1,447873,157737,58264,49692,1.461123050131535,0.23956148850932127
15137,0.1589762359852231,1,16,1,447889,157721,58265,49691,1.4609748416021342,0.23957630223902185
15138,0.1589790820386617,1,1,1,447890,157720,58266,49690,1.4609655785690467,0.2395737910418977
15139,0.1589810526047275,13,47,13,447937,157673,58279,49677,1.4605302160139315,0.2395804195804196
15140,0.1589838382736073,0,3,0,447940,157670,58279,49677,1.460502426914669,0.23958388594963997
15141,0.1589841401189388,1,3,1,447943,157667,58280,49676,1.4604746378154063,0.23958368500503996
15142,0.1589880509242913,9,39,9,447982,157628,58289,49667,1.4601133795249917,0.23959574519404714
15143,0.1589893756021085,0,2,0,447984,157626,58289,49667,1.4600948534588165,0.23959805685671973
15144,0.1589906298251991,1,0,1,447984,157626,58290,49666,1.4600948534588165,0.23959438859193793
15145,0.1589932692781289,1,4,1,447988,157622,58291,49665,1.4600578013264662,0.23959534365396767
15146,0.1589968822022132,3,7,3,447995,157615,58294,49662,1.4599929600948534,0.23959242945430512
15147,0.1590019196379052,25,111,25,448106,157504,58319,49637,1.458964763422135,0.23962904495005818
15148,0.1590050520072147,1,0,1,448106,157504,58320,49636,1.458964763422135,0.23962537414309162
15149,0.1590068024891419,1,10,1,448116,157494,58321,49635,1.4588721330912593,0.2396332720188868
15150,0.1590086038201433,1,2,1,448118,157492,58322,49634,1.4588536070250844,0.23963191487307242
15151,0.1590090556376103,2,2,2,448120,157490,58324,49632,1.4588350809589092,0.23962688656926837
15152,0.1590102138350082,1,0,1,448120,157490,58325,49631,1.4588350809589092,0.2396232154151438
15153,0.1590134702171564,4,15,4,448135,157475,58329,49627,1.4586961354625958,0.23962588482969743
15154,0.1590136709097916,1,7,1,448142,157468,58330,49626,1.458631294230983,0.23963031280481328
15155,0.1590140272529662,4,11,4,448153,157457,58334,49622,1.45852940086702,0.23962835439614832
15156,0.1590265884413988,14,51,14,448204,157406,58348,49608,1.4580569861795547,0.23963596664959858
15157,0.1590302432922868,15,79,15,448283,157327,58363,49593,1.457325206565638,0.23967233713512467
15158,0.1590318318828908,5,3,5,448286,157324,58368,49588,1.457297417466375,0.23965743891122795
15159,0.1590325338465478,0,5,0,448291,157319,58368,49588,1.4572511023009374,0.23966323034020115
15160,0.1590336976861899,4,31,4,448322,157288,58372,49584,1.4569639482752232,0.2396844425538497
15161,0.1590379773097616,12,45,12,448367,157243,58384,49572,1.4565471117862834,0.2396924787853879
15162,0.1590393040651469,1,1,1,448368,157242,58385,49571,1.4565378487531957,0.23968996146277072
15163,0.1590395330653735,4,27,4,448395,157215,58389,49567,1.4562877468598319,0.23970655086032633
15164,0.1590457692789558,4,12,4,448407,157203,58393,49563,1.456176590462781,0.23970575433098285
15165,0.1590465713343913,1,1,1,448408,157202,58394,49562,1.4561673274296936,0.23970323654021009
15166,0.1590508119925523,0,3,0,448411,157199,58394,49562,1.456139538330431,0.2397067145157936
15167,0.1590511326243804,1,15,1,448426,157184,58395,49561,1.4560005928341175,0.23972042854724418
15168,0.159051941053149,4,10,4,448436,157174,58399,49557,1.455907962503242,0.23971731380392877
15169,0.1590558802482047,2,4,2,448440,157170,58401,49555,1.4558709103708918,0.23971459668641915
15170,0.1590579874302484,3,4,3,448444,157166,58404,49552,1.4558338582385417,0.23970820151123753
15171,0.1590580999293225,1,3,1,448447,157163,58405,49551,1.455806069139279,0.23970800236074963
15172,0.1590586674622522,9,48,9,448495,157115,58414,49542,1.4553614435510764,0.23973056804269877
15173,0.1590601874063475,32,100,32,448595,157015,58446,49510,1.454435140242321,0.239728846386636
15174,0.1590610986020422,0,2,0,448597,157013,58446,49510,1.4544166141761459,0.23973116795707985
15175,0.1590633098842084,0,3,0,448600,157010,58446,49510,1.4543888250768833,0.23973465039705597
15176,0.1590653860169376,3,1,3,448601,157009,58449,49507,1.4543795620437956,0.23972476708826435
15177,0.1590678161278509,0,1,0,448602,157008,58449,49507,1.4543702990107081,0.23972592789869984
15178,0.1590702111699351,19,36,19,448638,156972,58468,49488,1.454036829819556,0.23969776227840744
15179,0.1590766485962822,63,317,63,448955,156655,58531,49425,1.4511004483308014,0.2398340450310559
15180,0.159081500233705,0,1,0,448956,156654,58531,49425,1.451091185297714,0.23983520882768258
15181,0.1590874093041445,11,27,11,448983,156627,58542,49414,1.45084108340435,0.2398260540377886
15182,0.1590878283673376,0,2,0,448985,156625,58542,49414,1.4508225573381748,0.2398283820053485
15183,0.1590880805159065,0,5,0,448990,156620,58542,49414,1.450776242172737,0.23983420212197987
15184,0.159088462344841,2,6,2,448996,156614,58544,49412,1.4507206639742116,0.2398338073835341
15185,0.1590888143460196,2,12,2,449008,156602,58546,49410,1.450609507577161,0.23984039764673903
15186,0.1590915084597221,0,1,0,449009,156601,58546,49410,1.4506002445440735,0.23984156185834737
15187,0.1590963380327625,1,2,1,449011,156599,58547,49409,1.4505817184778984,0.23984020038056775
15188,0.1591026582526649,9,22,9,449033,156577,58556,49400,1.4503779317499723,0.23983260266923007
15189,0.159105607395594,0,2,0,449035,156575,58556,49400,1.4503594056837972,0.23983493142371648
15190,0.1591092621970898,7,33,7,449068,156542,58563,49393,1.4500537255919077,0.23984752470439702
15191,0.1591111026200887,2,4,2,449072,156538,58565,49391,1.4500166734595576,0.2398448008779725
15192,0.1591130889235331,3,16,3,449088,156522,58568,49388,1.4498684649301568,0.23985236268272547
15193,0.159114081589878,0,6,0,449094,156516,58568,49388,1.4498128867316313,0.23985935193099697
15194,0.1591143035378709,14,97,14,449191,156419,58582,49374,1.4489143725221387,0.23992069701107424
15195,0.1591153079457927,1,7,1,449198,156412,58583,49373,1.4488495312905258,0.23992516461355298
15196,0.1591157785344411,0,2,0,449200,156410,58583,49373,1.4488310052243507,0.2399274964404251
15197,0.1591181685840265,1,9,1,449209,156401,58584,49372,1.4487476379265627,0.239934296530643
15198,0.1591228624290486,0,2,0,449211,156399,58584,49372,1.4487291118603876,0.23993662858225892
15199,0.1591254832158371,14,99,14,449310,156300,58598,49358,1.4478120715847198,0.24000038899532233
15200,0.1591293125776393,1,40,1,449350,156260,58599,49357,1.4474415502612175,0.24004338162700556
15201,0.1591322697451305,6,35,6,449385,156225,58605,49351,1.447117344103153,0.24006206950227654
15202,0.1591323597358825,0,1,0,449386,156224,58605,49351,1.4471080810700656,0.24006323726134016
15203,0.1591334853334079,4,20,4,449406,156204,58609,49347,1.4469228204083144,0.24007180699680372
15204,0.1591354487252186,2,2,2,449408,156202,58611,49345,1.4469042943421393,0.24006674872413608
15205,0.1591364203419434,0,2,0,449410,156200,58611,49345,1.4468857682759644,0.24006908462867013
15206,0.1591370460578439,11,77,11,449487,156123,58622,49334,1.4461725147282225,0.24011837026725788
15207,0.1591401131243876,1,10,1,449497,156113,58623,49333,1.446079884397347,0.24012635923795062
15208,0.1591427951627187,10,67,10,449564,156046,58633,49323,1.4454592611804808,0.240167698143342
15209,0.1591434304783494,0,2,0,449566,156044,58633,49323,1.445440735114306,0.24017003705561263
15210,0.1591440256693322,2,13,2,449579,156031,58635,49321,1.4453203156841676,0.24017784097549574
15211,0.1591453215754427,1,22,1,449601,156009,58636,49320,1.4451165289562415,0.2401998743479976
15212,0.1591482035262325,8,19,8,449620,155990,58644,49312,1.4449405313275778,0.24019249690699554
15213,0.1591491739289155,5,35,5,449655,155955,58649,49307,1.4446163251695134,0.24021494480225272
15214,0.1591494045071352,1,0,1,449655,155955,58650,49306,1.4446163251695134,0.24021124324640336
15215,0.1591508756831769,0,2,0,449657,155953,58650,49306,1.4445977991033383,0.24021358381362085
15216,0.1591533918596407,21,100,21,449757,155853,58671,49285,1.4436714957945829,0.24025290292388538
15217,0.1591559098398198,0,1,0,449758,155852,58671,49285,1.4436622327614954,0.24025407410657268
15218,0.1591569350498189,0,1,0,449759,155851,58671,49285,1.443652969728408,0.24025524530067857
15219,0.1591574405721674,6,10,6,449769,155841,58677,49279,1.4435603393975323,0.24024473478939157
15220,0.1591637131872597,0,2,0,449771,155839,58677,49279,1.4435418133313571,0.24024707729209527
15221,0.1591689570474748,9,21,9,449792,155818,58686,49270,1.4433472896365185,0.24023833671399594
15222,0.1591703426106218,4,7,4,449799,155811,58690,49266,1.4432824484049056,0.24023171784256644
15223,0.1591704117440311,3,8,3,449807,155803,58693,49263,1.4432083441402053,0.24022997473983987
15224,0.1591715815401784,2,6,2,449813,155797,58695,49261,1.4431527659416798,0.2402295935784022
15225,0.1591770915210031,5,20,5,449833,155777,58700,49256,1.442967505279929,0.24023449883677261
15226,0.1591788595601324,0,2,0,449835,155775,58700,49256,1.4429489792137538,0.24023684223361344
15227,0.1591809508207579,3,28,3,449863,155747,58703,49253,1.4426896142873022,0.24025853658536586
15228,0.1591835283938141,0,1,0,449864,155746,58703,49253,1.4426803512542148,0.2402597085839443
15229,0.1591839386429865,10,52,10,449916,155694,58713,49243,1.4421986735336618,0.24028359935004415
15230,0.1591874969869221,0,5,0,449921,155689,58713,49243,1.442152358368224,0.24028946187027891
15231,0.159189721470529,2,5,2,449926,155684,58715,49241,1.4421060432027863,0.24028791021105284
15232,0.1591917405177976,2,20,2,449946,155664,58717,49239,1.4419207825410352,0.24030394869767646
15233,0.1591933125397504,5,40,5,449986,155624,58722,49234,1.441550261217533,0.2403323277587402
15234,0.1591995245250189,1,13,1,449999,155611,58723,49233,1.441429841787395,0.24034387143387162
15235,0.1592024996131288,24,147,24,450146,155464,58747,49209,1.4400681759235243,0.24042741348394756
15236,0.1592046690661609,0,1,0,450147,155463,58747,49209,1.4400589128904369,0.24042858818011256
15237,0.1592047723554791,0,2,0,450149,155461,58747,49209,1.4400403868242617,0.24043093760687936
15238,0.1592055152223212,1,3,1,450152,155458,58748,49208,1.4400125977249991,0.24043075058876412
15239,0.159206195254325,7,39,7,450191,155419,58755,49201,1.4396513394345845,0.24045059134004496
15240,0.1592084169808248,1,7,1,450198,155412,58756,49200,1.4395864982029716,0.24045510527241803
15241,0.1592086781015307,66,297,66,450495,155115,58822,49134,1.436835377375968,0.24055931730387908
15242,0.1592088134466144,3,6,3,450501,155109,58825,49131,1.4367797991774427,0.24055522914218566
15243,0.15920909466444,0,1,0,450502,155108,58825,49131,1.436770536144355,0.24055640695459732
15244,0.1592136798436275,8,51,8,450553,155057,58833,49123,1.43629812145689,0.24058673719267312
15245,0.1592183610040624,3,7,3,450560,155050,58836,49120,1.4362332802252769,0.24058382720282118
15246,0.1592193006747035,43,164,43,450724,154886,58879,49077,1.434714142798918,0.24061717076136357
15247,0.1592206265607736,37,123,37,450847,154763,58916,49040,1.4335747897291489,0.2406245246635231
15248,0.1592208988179779,6,27,6,450874,154736,58922,49034,1.433324687835785,0.24063404819158857
15249,0.1592222812666962,0,1,0,450875,154735,58922,49034,1.4333154248026974,0.24063522910746973
15250,0.1592234907924634,3,32,3,450907,154703,58925,49031,1.4330190077438956,0.24066184338402033
15251,0.1592242680795391,0,2,0,450909,154701,58925,49031,1.4330004816777206,0.240664205917578
15252,0.1592258846908053,0,1,0,450910,154700,58925,49031,1.432991218644633,0.24066538720175132
15253,0.1592306608150862,3,13,3,450923,154687,58928,49028,1.432870799214495,0.2406695628696954
15254,0.1592309586859707,1,26,1,450949,154661,58929,49027,1.4326299603542183,0.2406965555162798
15255,0.1592316932670154,0,3,0,450952,154658,58929,49027,1.4326021712549557,0.24070010064560474
15256,0.1592323119606177,0,1,0,450953,154657,58929,49027,1.4325929082218682,0.24070128237858643
15257,0.1592324234265072,1,1,1,450954,154656,58930,49026,1.4325836451887806,0.24069873626535482
15258,0.1592343753053465,3,18,3,450972,154638,58933,49023,1.4324169105932045,0.24070882495912324
15259,0.1592356426668116,43,158,43,451130,154480,58976,48980,1.4309533513653712,0.24073527966185
15260,0.1592369017180705,0,6,0,451136,154474,58976,48980,1.4308977731668457,0.24074237911272328
15261,0.1592389154914798,7,12,7,451148,154462,58983,48973,1.4307866167697951,0.2407304544449087
15262,0.1592404597193981,2,6,2,451154,154456,58985,48971,1.4307310385712697,0.2407300899094024
15263,0.1592449720022686,3,9,3,451163,154447,58988,48968,1.4306476712734817,0.2407295430523806
15264,0.1592487801446712,0,4,0,451167,154443,58988,48968,1.4306106191411316,0.24073427690734522
15265,0.1592517679668998,1,7,1,451174,154436,58989,48967,1.4305457779095188,0.24073882882750008
15266,0.1592521506796201,6,26,6,451200,154410,58995,48961,1.4303049390492424,0.24074720584547452
15267,0.1592526270632634,0,2,0,451202,154408,58995,48961,1.4302864129830672,0.24074957343547934
15268,0.1592542898737221,26,134,26,451336,154274,59021,48935,1.4290451665493349,0.24081118454399164
15269,0.1592611429261435,0,3,0,451339,154271,59021,48935,1.4290173774500723,0.24081473972225229
15270,0.1592645981506433,1,0,1,451339,154271,59022,48934,1.4290173774500723,0.24081100366624836
15271,0.1592648716928755,0,4,0,451343,154267,59022,48934,1.428980325317722,0.24081574401700778
15272,0.1592650560433893,3,26,3,451369,154241,59025,48931,1.4287394864574456,0.2408353513279389
15273,0.159268772297133,0,2,0,451371,154239,59025,48931,1.4287209603912705,0.24083772210464144
15274,0.1592695985809607,16,126,16,451497,154113,59041,48915,1.4275538182222387,0.24092735977303623
15275,0.1592718259702483,1,6,1,451503,154107,59042,48914,1.4274982400237133,0.2409307411548559
15276,0.1592719709535041,4,20,4,451523,154087,59046,48910,1.4273129793619623,0.2409395212737134
15277,0.1592762463047382,2,2,2,451525,154085,59048,48908,1.4272944532957872,0.24093441645771035
15278,0.1592769239883533,0,2,0,451527,154083,59048,48908,1.427275927229612,0.24093679030104784
15279,0.1592799199085796,1,2,1,451529,154081,59049,48907,1.427257401163437,0.24093542475417265
15280,0.1592806178544352,2,9,2,451538,154072,59051,48905,1.427174033865649,0.24093862851456077
15281,0.1592811189994476,0,4,0,451542,154068,59051,48905,1.4271369817332988,0.24094337670527607
15282,0.1592835042705548,1,6,1,451548,154062,59052,48904,1.4270814035347734,0.24094675955578768
15283,0.1592846556813575,1,8,1,451556,154054,59053,48903,1.427007299270073,0.24095251703562823
15284,0.1592850022900394,0,2,0,451558,154052,59053,48903,1.426988773203898,0.24095489147840654
15285,0.159288455884687,18,31,18,451589,154021,59071,48885,1.4267016191781836,0.24092436891959823
15286,0.15929267600037,3,11,3,451600,154010,59074,48882,1.4265997258142207,0.2409262070461132
15287,0.1592956638225986,0,4,0,451604,154006,59074,48882,1.4265626736818704,0.2409309569811916
15288,0.1592963524981069,0,3,0,451607,154003,59074,48882,1.4265348845826078,0.24093451955541317
15289,0.1592993071547001,1,22,1,451629,153981,59075,48881,1.4263310978546815,0.24095690666561506
15290,0.1593003594442353,0,1,0,451630,153980,59075,48881,1.426321834821594,0.24095809445876734
15291,0.1593028678791361,16,110,16,451740,153870,59091,48865,1.4253029011819631,0.24102892939058376
15292,0.1593036653497311,2,4,2,451744,153866,59093,48863,1.4252658490496128,0.24102619753463983
15293,0.1593046859517381,9,56,9,451800,153810,59102,48854,1.4247471191967098,0.24105909288280108
15294,0.159310075955828,0,6,0,451806,153804,59102,48854,1.4246915409981844,0.24106622980587986
15295,0.1593111700739878,0,3,0,451809,153801,59102,48854,1.4246637518989218,0.24106979842589624
15296,0.159313621764483,2,17,2,451826,153784,59104,48852,1.4245062803364335,0.24108253222527093
15297,0.1593173485623897,3,14,3,451840,153770,59107,48849,1.4243765978732077,0.24108795325216292
15298,0.1593203156702872,2,2,2,451842,153768,59109,48847,1.4243580718070326,0.24108284184290402
15299,0.1593221191976354,10,66,10,451908,153702,59119,48837,1.4237467116232538,0.24112393168723062
15300,0.1593230862564298,3,0,3,451908,153702,59122,48834,1.4237467116232538,0.24111269107714184
15301,0.159324477981737,1,4,1,451912,153698,59123,48833,1.4237096594909038,0.24111370604993804
15302,0.1593267553347412,0,1,0,451913,153697,59123,48833,1.423700396457816,0.24111489655853455
15303,0.1593327010167889,0,1,0,451914,153696,59123,48833,1.4236911334247286,0.24111608707888746
15304,0.1593328853673026,0,6,0,451920,153690,59123,48833,1.4236355552262032,0.24112323044789974
15305,0.1593350618803641,0,2,0,451922,153688,59123,48833,1.423617029160028,0.24112561166496313
15306,0.1593351988583617,10,15,10,451937,153673,59133,48823,1.4234780836637149,0.24110599715549938
15307,0.1593384618895519,1,0,1,451937,153673,59134,48822,1.4234780836637149,0.24110224943825773
15308,0.1593388410853248,1,12,1,451949,153661,59135,48821,1.4233669272666643,0.2411127902727156
15309,0.1593396291468297,4,9,4,451958,153652,59139,48817,1.4232835599688762,0.24110851537766276
15310,0.1593442072058912,0,3,0,451961,153649,59139,48817,1.4232557708696136,0.2411120879555086
15311,0.1593451744179309,0,1,0,451962,153648,59139,48817,1.423246507836526,0.24111327883831773
15312,0.159350218402833,7,39,7,452001,153609,59146,48810,1.4228852495461113,0.24113349043321033
15313,0.1593505961435689,10,12,10,452013,153597,59156,48800,1.4227740931490607,0.24111029313675597
15314,0.1593530020145122,2,7,2,452020,153590,59158,48798,1.4227092519174478,0.2411111330711307
15315,0.1593582759916855,1,1,1,452021,153589,59159,48797,1.4226999888843603,0.24110857470378386
15316,0.1593605053242833,1,6,1,452027,153583,59160,48796,1.422644410685835,0.2411119730802109
15317,0.1593611787235885,5,13,5,452040,153570,59165,48791,1.4225239912556968,0.24110871165886708
15318,0.1593614162485562,0,2,0,452042,153568,59165,48791,1.4225054651895217,0.24111109463873612
15319,0.1593618152232092,1,14,1,452056,153554,59166,48790,1.422375782726296,0.2411240264104693
15320,0.1593620270059499,5,10,5,452066,153544,59171,48785,1.4222831523954202,0.2411171903187383
15321,0.1593630841552774,1,1,1,452067,153543,59172,48784,1.4222738893623328,0.24111463126522906
15322,0.1593634061128761,0,1,0,452068,153542,59172,48784,1.4222646263292453,0.24111582297875706
15323,0.1593684621495227,8,9,8,452077,153533,59180,48776,1.4221812590314573,0.24109654044061313
15324,0.1593715000512074,0,2,0,452079,153531,59180,48776,1.4221627329652822,0.24109892391266738
15325,0.1593725152756515,2,17,2,452096,153514,59182,48774,1.4220052614027938,0.2411116823538717
15326,0.1593740053834567,0,1,0,452097,153513,59182,48774,1.4219959983697061,0.24111287428257872
15327,0.1593765245973136,2,8,2,452105,153505,59184,48772,1.4219218941050058,0.24111490678623868
15328,0.159378236053384,4,15,4,452120,153490,59188,48768,1.4217829486086924,0.24111778026085495
15329,0.1593812679636151,0,1,0,452121,153489,59188,48768,1.421773685575605,0.24111897239650543
15330,0.1593840774681382,1,12,1,452133,153477,59189,48767,1.4216625291785543,0.24112952671031032
15331,0.1593850847197509,0,3,0,452136,153474,59189,48767,1.4216347400792915,0.2411331035744483
15332,0.1593853460982513,0,5,0,452141,153469,59189,48767,1.4215884249138537,0.2411390652504994
15333,0.1593899310970002,0,9,0,452150,153460,59189,48767,1.4215050576160657,0.2411497970102904
15334,0.1593909155803431,0,1,0,452151,153459,59189,48767,1.4214957945829783,0.24115098948700958
15335,0.159396366727868,2,3,2,452154,153456,59191,48765,1.4214680054837157,0.2411470618778465
15336,0.1593986293884903,2,7,2,452161,153449,59193,48763,1.4214031642521028,0.24114790417977172
15337,0.1594004012739626,3,7,3,452168,153442,59196,48760,1.42133832302049,0.24114499362024114
15338,0.159401517611547,1,7,1,452175,153435,59197,48759,1.421273481788877,0.24114958900857592
15339,0.1594016560425333,1,1,1,452176,153434,59198,48758,1.4212642187557893,0.2411470285669067
15340,0.1594045440089096,4,24,4,452200,153410,59202,48754,1.4210419059616881,0.24116064185512753
15341,0.1594052019071107,3,7,3,452207,153403,59205,48751,1.4209770647300752,0.24115773123460332
15342,0.1594068039493657,0,1,0,452208,153402,59205,48751,1.4209678016969876,0.2411589241811895
15343,0.1594117529173226,1,33,1,452241,153369,59206,48750,1.4206621216050983,0.24119454380835054
15344,0.1594129217763792,2,11,2,452252,153358,59208,48748,1.4205602282411354,0.241200162291075
15345,0.1594184454671993,8,30,8,452282,153328,59216,48740,1.4202823372485087,0.24120593067680188
15346,0.159418647540788,0,2,0,452284,153326,59216,48740,1.4202638111823336,0.24120831807429255
15347,0.1594188100787181,3,11,3,452295,153315,59219,48737,1.4201619178183704,0.2412101835171144
15348,0.1594208313384255,1,6,1,452301,153309,59220,48736,1.4201063396198452,0.24121359103170087
15349,0.1594220720989644,8,24,8,452325,153285,59228,48728,1.4198840268257438,0.241212199214902
15350,0.159427424237063,1,3,1,452328,153282,59229,48727,1.4198562377264812,0.24121202520679771
15351,0.1594284682065796,0,9,0,452337,153273,59229,48727,1.4197728704286932,0.24122277227722771
15352,0.1594292455724695,0,1,0,452338,153272,59229,48727,1.4197636073956057,0.2412239664552795
15353,0.1594304212279526,0,1,0,452339,153271,59229,48727,1.419754344362518,0.2412251606451549
15354,0.1594325704136654,4,7,4,452346,153264,59233,48723,1.4196895031309051,0.24121849425953154
15355,0.1594390144873473,0,3,0,452349,153261,59233,48723,1.4196617140316425,0.24122207699619772
15356,0.1594391996200148,2,12,2,452361,153249,59235,48721,1.419550557634592,0.24122889538050205
15357,0.1594417985454608,2,7,2,452368,153242,59237,48719,1.419485716402979,0.24122974237600328
15358,0.1594471937223421,9,34,9,452402,153208,59246,48710,1.4191707732780021,0.24123654156637844
15359,0.1594474212482853,0,2,0,452404,153206,59246,48710,1.419152247211827,0.24123893104063077
15360,0.1594495334329055,0,4,0,452408,153202,59246,48710,1.419115195079477,0.24124371013114623
15361,0.15944986232833,1,0,1,452408,153202,59247,48709,1.419115195079477,0.24123995225619208
15362,0.1594501411823714,1,4,1,452412,153198,59248,48708,1.4190781429471266,0.24124097352233217
15363,0.1594521765979613,0,1,0,452413,153197,59248,48708,1.419068879914039,0.24124216834649959
15364,0.1594531754221646,2,2,2,452415,153195,59250,48706,1.419050353847864,0.24123704191658288
15365,0.159453595964383,0,1,0,452416,153194,59250,48706,1.4190410908147764,0.24123823675086675
15366,0.1594536071485778,0,4,0,452420,153190,59250,48706,1.419004038682426,0.24124301620636368
15367,0.1594564623563115,1,3,1,452423,153187,59251,48705,1.4189762495831635,0.2412428427079825
15368,0.1594601660714256,45,202,45,452625,152985,59296,48660,1.4171051168994775,0.24131518262292642
15369,0.1594611999630061,0,2,0,452627,152983,59296,48660,1.4170865908333024,0.24131757611223797
15370,0.1594637744619198,2,8,2,452635,152975,59298,48658,1.417012486568602,0.24131962525975412
15371,0.1594643472382622,0,4,0,452639,152971,59298,48658,1.4169754344362517,0.24132441265889332
15372,0.1594677568472244,44,256,44,452895,152715,59342,48614,1.4146040979658379,0.24146546200497693
15373,0.159468230597876,1,1,1,452896,152714,59343,48613,1.4145948349327504,0.24146289370029853
15374,0.159475657610766,0,1,0,452897,152713,59343,48613,1.4145855718996627,0.24146409306299235
15375,0.1594771133653976,1,0,1,452897,152713,59344,48612,1.4145855718996627,0.24146032534459208
15376,0.1594782337272699,1,5,1,452902,152708,59345,48611,1.414539256734225,0.24146255445337997
15377,0.1594854148508776,1,1,1,452903,152707,59346,48610,1.4145299937011375,0.24145998599224108
15378,0.1594878226497283,0,2,0,452905,152705,59346,48610,1.4145114676349624,0.24146238481980975
15379,0.1594890985704565,1,0,1,452905,152705,59347,48609,1.4145114676349624,0.24145861688705206
15380,0.1594902095311181,0,1,0,452906,152704,59347,48609,1.414502204601875,0.24145981630595142
15381,0.1594927365175395,5,17,5,452923,152687,59352,48604,1.4143447330393863,0.2414613668768102
15382,0.1594964365218583,10,23,10,452946,152664,59362,48594,1.4141316832783726,0.24145127150225085
15383,0.1594970981580549,4,11,4,452957,152653,59366,48590,1.4140297899144096,0.2414493920285426
15384,0.1594984114426186,0,1,0,452958,152652,59366,48590,1.414020526881322,0.2414505918247682
15385,0.1594994200333024,18,86,18,453044,152566,59384,48572,1.4132239060357923,0.24148594497310305
15386,0.1595010206796539,7,15,7,453059,152551,59391,48565,1.413084960539479,0.24147755524175102
15387,0.1595070289439281,0,2,0,453061,152549,59391,48565,1.413066434473304,0.24147995664150682
15388,0.1595103902213459,0,2,0,453063,152547,59391,48565,1.4130479084071288,0.24148235808902502
15389,0.1595146517987616,0,1,0,453064,152546,59391,48565,1.4130386453740413,0.2414835588306955
15390,0.1595150947343527,23,57,23,453121,152489,59414,48542,1.4125106524880506,0.2414652466535012
15391,0.1595200483492074,0,1,0,453122,152488,59414,48542,1.4125013894549632,0.24146644779386162
15392,0.1595258225371827,0,1,0,453123,152487,59414,48542,1.4124921264218755,0.24146764894617195
15393,0.1595274099831898,1,1,1,453124,152486,59415,48541,1.412482863388788,0.2414650768304755
15394,0.159527995395339,11,65,11,453189,152421,59426,48530,1.411880766238097,0.2415016596085613
15395,0.1595312027005762,1,2,1,453191,152419,59427,48529,1.4118622401719219,0.24150028863188486
15396,0.1595317307199681,1,11,1,453202,152408,59428,48528,1.4117603468079587,0.24150973444280766
15397,0.1595340906669524,1,3,1,453205,152405,59429,48527,1.411732557708696,0.24150956542511895
15398,0.159535016800038,1,13,1,453218,152392,59430,48526,1.411612138278558,0.24152141669735913
15399,0.1595354084848328,11,43,11,453261,152349,59441,48515,1.411213827855793,0.24153158355902501
15400,0.1595382339591257,1,2,1,453263,152347,59442,48514,1.411195301789618,0.24153021243546532
15401,0.1595388849652881,0,3,0,453266,152344,59442,48514,1.4111675126903553,0.24153381991257505
15402,0.1595402257097725,30,126,30,453392,152218,59472,48484,1.4100003705213235,0.24157208199220737
15403,0.1595454357233324,2,32,2,453424,152186,59474,48482,1.4097039534625218,0.24160304582693803
15404,0.15954920205249,0,1,0,453425,152185,59474,48482,1.4096946904294343,0.24160424982682754
15405,0.1595516187570073,4,15,4,453440,152170,59478,48478,1.4095557449331209,0.24160719269566605
15406,0.159561460269171,0,2,0,453442,152168,59478,48478,1.4095372188669457,0.24160960098880616
15407,0.1595619707820936,8,41,8,453483,152127,59486,48470,1.4091574345103561,0.24162873821642397
15408,0.1595642658457716,3,10,3,453493,152117,59489,48467,1.4090648041794804,0.24162944202927453
15409,0.1595650390552745,0,2,0,453495,152115,59489,48467,1.4090462781133055,0.2416318513126801
15410,0.159566033884901,0,1,0,453496,152114,59489,48467,1.4090370150802178,0.24163305597240017
15411,0.1595662323306225,23,46,23,453542,152068,59512,48444,1.4086109155581903,0.24160150015959145
15412,0.1595681497172082,4,18,4,453560,152050,59516,48440,1.4084441809626145,0.24160806025238166
15413,0.1595698138698977,0,2,0,453562,152048,59516,48440,1.4084256548964393,0.24161047045209688
15414,0.1595712871739257,6,26,6,453588,152022,59522,48434,1.408184816036163,0.2416191084327733
15415,0.1595769679063282,0,1,0,453589,152021,59522,48434,1.4081755530030753,0.24162031378613655
15416,0.1595799591859488,0,2,0,453591,152019,59522,48434,1.4081570269369001,0.24162272452894196
15417,0.1595823912868285,0,7,0,453598,152012,59522,48434,1.4080921857052873,0.24163116250760802
15418,0.159583346085618,5,27,5,453625,151985,59527,48429,1.4078420838119234,0.24164479527378327
15419,0.1595870709578805,0,2,0,453627,151983,59527,48429,1.4078235577457483,0.24164720675408657
15420,0.1595910001759302,13,41,13,453668,151942,59540,48416,1.4074437733891585,0.24164745106259794
15421,0.1595923453457441,0,9,0,453677,151933,59540,48416,1.4073604060913705,0.24165830625558402
15422,0.1595928993933218,0,6,0,453683,151927,59540,48416,1.4073048278928453,0.24166554359273845
15423,0.1595933211199626,1,5,1,453688,151922,59541,48415,1.4072585127274075,0.24166778977423042
15424,0.1595950155875839,2,9,2,453697,151913,59543,48413,1.4071751454296195,0.2416710761458822
15425,0.1595975223937457,0,4,0,453701,151909,59543,48413,1.4071380932972692,0.24167590179810505
15426,0.1596008102997393,20,67,20,453768,151842,59563,48393,1.406517470080403,0.24168102479586487
15427,0.1596010061826114,1,4,1,453772,151838,59564,48392,1.406480417948053,0.2416820656245318
15428,0.1596049915714007,36,134,36,453906,151704,59600,48356,1.4052391715143207,0.2417074877536739
15429,0.1596060632830391,0,1,0,453907,151703,59600,48356,1.4052299084812332,0.24170869593469926
15430,0.159606501167792,42,121,42,454028,151582,59642,48314,1.4041090814776391,0.24169568175451234
15431,0.1596070135758369,1,1,1,454029,151581,59643,48313,1.4040998184445515,0.24169309734159106
15432,0.1596070405285197,34,163,34,454192,151418,59677,48279,1.4025899440512801,0.24176126832150707
15433,0.159610713712232,6,15,6,454207,151403,59683,48273,1.402450998554967,0.24175664576614114
15434,0.1596114086713244,2,0,2,454207,151403,59685,48271,1.402450998554967,0.2417490509530535
15435,0.1596131527371426,1,6,1,454213,151397,59686,48270,1.4023954203564415,0.24175251794237404
15436,0.1596143493942867,64,357,64,454570,151040,59750,48206,1.3990885175441847,0.24194212179918292
15437,0.1596171238974083,6,18,6,454588,151022,59756,48200,1.3989217829486087,0.24194115107769223
15438,0.1596173378355578,7,12,7,454600,151010,59763,48193,1.398810626551558,0.24192908741334218
15439,0.1596183601575643,0,2,0,454602,151008,59763,48193,1.398792100485383,0.24193151640805016
15440,0.1596228479917114,3,9,3,454611,150999,59766,48190,1.398708733187595,0.24193103032797997
15441,0.1596234832624286,40,241,40,454852,150758,59806,48150,1.3964763422134945,0.2420717115450359
15442,0.1596262234515444,30,108,30,454960,150650,59836,48120,1.3954759346400385,0.24208884640539316
15443,0.1596265969426658,2,3,2,454963,150647,59838,48118,1.395448145540776,0.2420848740975524
15444,0.1596295216427312,5,15,5,454978,150632,59843,48113,1.3953092000444625,0.24208407758685754
15445,0.15963057785577,0,4,0,454982,150628,59843,48113,1.3952721479121124,0.24208894993987148
15446,0.159634514521812,1,3,1,454985,150625,59844,48112,1.3952443588128496,0.24208879071335485
15447,0.1596359790411215,1,3,1,454988,150622,59845,48111,1.395216569713587,0.2420886314804285
15448,0.1596386849944959,0,1,0,454989,150621,59845,48111,1.3952073066804995,0.24208984964676047
15449,0.1596390321794989,0,1,0,454990,150620,59845,48111,1.3951980436474118,0.24209106782535186
15450,0.1596408989602395,1,41,1,455031,150579,59846,48110,1.3948182592908223,0.24213720940766725
15451,0.1596462566960067,6,26,6,455057,150553,59852,48104,1.3945774204305459,0.2421460104602405
15452,0.1596503508088426,0,2,0,455059,150551,59852,48104,1.3945588943643707,0.24214844831491783
15453,0.159652873815807,0,1,0,455060,150550,59852,48104,1.394549631331283,0.24214966726066428
15454,0.1596568501168286,10,19,10,455079,150531,59862,48094,1.3943736337026196,0.24213467589679044
15455,0.1596606576689499,0,4,0,455083,150527,59862,48094,1.3943365815702693,0.24213955221250522
15456,0.1596612773780109,1,6,1,455089,150521,59863,48093,1.394281003371744,0.2421430513458266
15457,0.1596628449114973,2,3,2,455092,150518,59865,48091,1.3942532142724813,0.24213907728249978
15458,0.1596685139771909,2,5,2,455097,150513,59867,48089,1.3942068991070435,0.24213754141448726
15459,0.1596691390660342,0,2,0,455099,150511,59867,48089,1.3941883730408684,0.2421399798590131
15460,0.1596749823813752,1,7,1,455106,150504,59868,48088,1.3941235318092555,0.24214469867869803
15461,0.1596798224054182,0,1,0,455107,150503,59868,48088,1.394114268776168,0.24214591799225543
15462,0.1596839254883719,0,3,0,455110,150500,59868,48088,1.3940864796769055,0.24214957600660664
15463,0.1596855177491518,1,9,1,455119,150491,59869,48087,1.3940031123791174,0.24215673438145213
15464,0.159689258442537,0,3,0,455122,150488,59869,48087,1.3939753232798548,0.24216039279869067
15465,0.1596918602765067,10,62,10,455184,150426,59879,48077,1.3934010152284264,0.242197850914092
15466,0.1596929635154052,6,33,6,455217,150393,59885,48071,1.3930953351365372,0.24221521283456948
15467,0.1596944717691395,0,1,0,455218,150392,59885,48071,1.3930860721034495,0.24221643328983236
15468,0.1596957789886653,2,13,2,455231,150379,59887,48069,1.3929656526733114,0.24222466338789003
15469,0.1596966680161077,12,51,12,455282,150328,59899,48057,1.3924932379858461,0.24224109685712125
15470,0.1596976051545812,2,3,2,455285,150325,59901,48055,1.3924654488865835,0.24223712067748765
15471,0.1596980491413421,30,111,30,455396,150214,59931,48025,1.391437252213865,0.24225808241566998
15472,0.1596988033122003,38,238,38,455634,149976,59969,47987,1.389232650339027,0.24240388355399747
15473,0.1596992095812847,2,5,2,455639,149971,59971,47985,1.3891863351735891,0.2424023520378266
15474,0.1596996508335647,0,1,0,455640,149970,59971,47985,1.3891770721405017,0.24240357657043268
15475,0.1597001289249305,0,1,0,455641,149969,59971,47985,1.3891678091074142,0.24240480111541066
15476,0.159700938165607,0,2,0,455643,149967,59971,47985,1.389149283041239,0.24240725024248302
15477,0.1597012303061251,8,51,8,455694,149916,59979,47977,1.3886768683537738,0.2424390958750436
15478,0.1597051959755543,1,6,1,455700,149910,59980,47976,1.3886212901552484,0.2424426184773051
15479,0.1597087040400361,2,5,2,455705,149905,59982,47974,1.3885749749898106,0.24244108773543427
15480,0.1597089179781856,3,8,3,455713,149897,59985,47971,1.3885008707251103,0.24243940404714254
15481,0.1597099403001921,0,1,0,455714,149896,59985,47971,1.3884916076920226,0.2424406293116083
15482,0.1597128927436608,0,5,0,455719,149891,59985,47971,1.3884452925265849,0.24244675581971273
15483,0.1597134306615671,1,3,1,455722,149888,59986,47970,1.3884175034273223,0.24244660311940888
15484,0.1597144132432617,25,129,25,455851,149759,60011,47945,1.3872225721590277,0.2425090033585562
15485,0.1597150634050564,13,50,13,455901,149709,60024,47932,1.38675942050465,0.2425205296471886
15486,0.1597150768516103,0,6,0,455907,149703,60024,47932,1.3867038423061246,0.24252789232676397
15487,0.1597157109893787,1,4,1,455911,149699,60025,47931,1.3866667901737746,0.24252896827404746
15488,0.1597178035941722,10,42,10,455953,149657,60035,47921,1.3862777427840973,0.24254218587089657
15489,0.159721101785359,0,1,0,455954,149656,60035,47921,1.3862684797510096,0.24254341345399516
15490,0.1597224460513646,0,1,0,455955,149655,60035,47921,1.3862592167179222,0.24254464104952017
15491,0.1597270690517885,0,3,0,455958,149652,60035,47921,1.3862314276186594,0.2425483239106558
15492,0.1597278451607938,5,22,5,455980,149630,60040,47916,1.3860276408907333,0.24255616413392322
15493,0.1597305528406543,1,1,1,455981,149629,60041,47915,1.3860183778576458,0.24255355768841372
15494,0.1597324791028672,0,1,0,455982,149628,60041,47915,1.3860091148245581,0.24255478554036336
15495,0.1597333306187282,14,32,14,456014,149596,60055,47901,1.3857126977657563,0.24254039301862812
15496,0.1597404271853946,2,5,2,456019,149591,60057,47899,1.3856663826003186,0.2425388627272267
15497,0.1597410386821226,1,2,1,456021,149589,60058,47898,1.3856478565341435,0.24253748347992526
15498,0.1597425576858858,1,1,1,456022,149588,60059,47897,1.385638593501056,0.2425348760665367
15499,0.1597457206101861,1,14,1,456036,149574,60060,47896,1.3855089110378302,0.2425482351749633
15500,0.1597473166652978,9,26,9,456062,149548,60069,47887,1.3852680721775539,0.24254564793476335
15501,0.1597484302594564,0,10,0,456072,149538,60069,47887,1.3851754418466782,0.2425579333924275
15502,0.1597510281645103,21,120,21,456192,149418,60090,47866,1.3840638778761718,0.24262484540053933
15503,0.1597559337822348,0,1,0,456193,149417,60090,47866,1.3840546148430841,0.2426260752320271
15504,0.1597567282493182,0,8,0,456201,149409,60090,47866,1.3839805105783838,0.2426359143327842
15505,0.1597583438365468,0,2,0,456203,149407,60090,47866,1.3839619845122086,0.24263837423266235
15506,0.15975968960042,6,26,6,456229,149381,60096,47860,1.3837211456519323,0.24264731977631426
15507,0.1597632126877043,0,3,0,456232,149378,60096,47860,1.3836933565526697,0.24265101045437493
15508,0.1597637812020955,0,2,0,456234,149376,60096,47860,1.3836748304864945,0.24265347096878867
15509,0.1597671395042502,0,1,0,456235,149375,60096,47860,1.3836655674534069,0.2426547012447081
15510,0.1597720443038922,1,23,1,456258,149352,60097,47859,1.3834525176923933,0.24267916089873284
15511,0.1597730568381485,14,29,14,456287,149323,60111,47845,1.383183889732854,0.24266108090562363
15512,0.1597735385773616,10,44,10,456331,149279,60121,47835,1.3827763162770017,0.24267682660795276
15513,0.1597771309875199,0,1,0,456332,149278,60121,47835,1.3827670532439142,0.24267805776382076
15514,0.1597806790012302,3,3,3,456335,149275,60124,47832,1.3827392641446514,0.24267022480175743
15515,0.1597881560460624,0,7,0,456342,149268,60124,47832,1.3826744229130385,0.24267884322678843
15516,0.1597939653597481,1,0,1,456342,149268,60125,47831,1.3826744229130385,0.2426750008878787
15517,0.1598059933858894,27,43,27,456385,149225,60152,47804,1.3822761124902738,0.24262418222698182
15518,0.1598060268093845,2,12,2,456397,149213,60154,47802,1.3821649560932232,0.24263127173057888
15519,0.159809748841661,7,24,7,456421,149189,60161,47795,1.3819426432991218,0.2426339195061528
15520,0.1598098080372561,0,3,0,456424,149186,60161,47795,1.3819148541998592,0.2426376147953356
15521,0.1598125028772207,2,5,2,456429,149181,60163,47793,1.3818685390344214,0.242636083950166
15522,0.1598151065242531,4,8,4,456437,149173,60167,47789,1.381794434769721,0.242630558178735
15523,0.1598156018235124,2,0,2,456437,149173,60169,47787,1.381794434769721,0.24262286758732737
15524,0.1598166739762545,7,21,7,456458,149152,60176,47780,1.3815999110748824,0.2426218186988402
15525,0.1598167363272202,1,3,1,456461,149149,60177,47779,1.3815721219756196,0.24262166883327918
15526,0.1598194253034215,0,1,0,456462,149148,60177,47779,1.3815628589425322,0.2426229008718967
15527,0.1598204682205256,0,13,0,456475,149135,60177,47779,1.3814424395123939,0.24263891851265018
15528,0.1598225101734481,2,5,2,456480,149130,60179,47777,1.3813961243469561,0.24263738719293879
15529,0.1598245575732315,0,3,0,456483,149127,60179,47777,1.3813683352476935,0.24264108398001055
15530,0.159824910761356,3,7,3,456490,149120,60182,47774,1.3813034940160807,0.24263817079240607
15531,0.1598272683535163,5,15,5,456505,149105,60187,47769,1.3811645485197672,0.2426374229202434
15532,0.1598283499702431,9,56,9,456561,149049,60196,47760,1.3806458186668642,0.24267182903220888
15533,0.1598287003790732,3,9,3,456570,149040,60199,47757,1.3805624513690762,0.24267138218570405
15534,0.159828864408628,6,23,6,456593,149017,60205,47751,1.3803494016080626,0.24267665474060823
15535,0.1598338826730753,1,0,1,456593,149017,60206,47750,1.3803494016080626,0.24267280590749465
15536,0.1598352423449731,4,12,4,456605,149005,60210,47746,1.3802382452110118,0.2426722100522996
15537,0.1598357243542734,0,2,0,456607,149003,60210,47746,1.3802197191448369,0.24267467687256353
15538,0.1598566232219187,0,6,0,456613,148997,60210,47746,1.3801641409463115,0.24268207763427416
15539,0.1598574169243588,0,2,0,456615,148995,60210,47746,1.3801456148801363,0.24268454465515577
15540,0.1598589390565181,0,5,0,456620,148990,60210,47746,1.3800992997146986,0.24269071242680545
15541,0.1598589714876402,5,23,5,456643,148967,60215,47741,1.3798862499536848,0.24269983935579642
15542,0.1598613216118795,0,8,0,456651,148959,60215,47741,1.3798121456889845,0.24270971021860702
15543,0.159863952926,23,96,23,456747,148863,60238,47718,1.378922894512579,0.24273963404398188
15544,0.1598646369807763,0,6,0,456753,148857,60238,47718,1.378867316314054,0.24274704311331552
15545,0.1598646414408665,30,118,30,456871,148739,60268,47688,1.3777742784097224,0.2427772149449923
15546,0.1598650414938646,0,2,0,456873,148737,60268,47688,1.3777557523435473,0.24277968690339824
15547,0.1598662469908543,0,6,0,456879,148731,60268,47688,1.377700174145022,0.2427871030806592
15548,0.1598699738434374,0,1,0,456880,148730,60268,47688,1.3776909111119344,0.24278833915425266
15549,0.1598717487312067,0,2,0,456882,148728,60268,47688,1.3776723850457593,0.24279081133919844
15550,0.1598724150500216,1,6,1,456888,148722,60269,47687,1.377616806847234,0.24279437296661557
15551,0.1598745751315685,0,4,0,456892,148718,60269,47687,1.3775797547148838,0.24279931773631017
15552,0.1598775781655743,0,5,0,456897,148713,60269,47687,1.377533439549446,0.24280549898167006
15553,0.1598789471343701,0,1,0,456898,148712,60269,47687,1.3775241765163586,0.24280673526850952
15554,0.1598809751186623,0,2,0,456900,148710,60269,47687,1.3775056504501835,0.24280920787995744
15555,0.1598816455993181,2,1,2,456901,148709,60271,47685,1.3774963874170958,0.24280273328105748
15556,0.1598857253985244,17,82,17,456983,148627,60288,47668,1.3767368187039164,0.24283858478310705
15557,0.1598878904945896,0,1,0,456984,148626,60288,47668,1.376727555670829,0.24283982189980335
15558,0.1598947495044375,0,4,0,456988,148622,60288,47668,1.3766905035384787,0.24284477049263845
15559,0.1599027725703533,4,6,4,456994,148616,60292,47664,1.3766349253399532,0.2428367638068066
15560,0.15990480524283,11,46,11,457040,148570,60303,47653,1.376208825817926,0.242851245776489
15561,0.1599056646243322,1,1,1,457041,148569,60304,47652,1.3761995627848382,0.2428486247649334
15562,0.1599072381707612,1,0,1,457041,148569,60305,47651,1.3761995627848382,0.24284476607889105
15563,0.1599082541188823,2,3,2,457044,148566,60307,47649,1.3761717736855756,0.24284076140967817
15564,0.1599126682738682,0,5,0,457049,148561,60307,47649,1.376125458520138,0.24284694969675347
15565,0.1599143540748674,1,6,1,457055,148555,60308,47648,1.3760698803216125,0.24285051706650765
15566,0.1599143926388181,1,0,1,457055,148555,60309,47647,1.3760698803216125,0.24284665803610564
15567,0.1599159111816976,2,18,2,457073,148537,60311,47645,1.3759031457260364,0.24286122070322455
15568,0.1599164049468047,0,1,0,457074,148536,60311,47645,1.375893882692949,0.24286245864788128
15569,0.1599282421108468,0,1,0,457075,148535,60311,47645,1.3758846196598615,0.24286369660515852
15570,0.1599296030233877,0,7,0,457082,148528,60311,47645,1.3758197784282487,0.24287236265948933
15571,0.159930224017769,1,25,1,457107,148503,60312,47644,1.3755882026010597,0.2428994580595166
15572,0.1599302245543062,3,3,3,457110,148500,60315,47641,1.375560413501797,0.24289159329258034
15573,0.1599315850940813,4,18,4,457128,148482,60319,47637,1.375393678906221,0.24289844431187188
15574,0.1599317364308177,3,12,3,457140,148470,60322,47634,1.3752825225091705,0.2429017256149798
15575,0.15993898715455,2,9,2,457149,148461,60324,47632,1.3751991552113825,0.24290515214719546
15576,0.1599412483085938,1,7,1,457156,148454,60325,47631,1.3751343139797696,0.2429099625162557
15577,0.1599430598626341,1,5,1,457161,148449,60326,47630,1.3750879988143319,0.2429122955543429
15578,0.1599451357092013,10,45,10,457206,148404,60336,47620,1.3746711623253918,0.24292943721177
15579,0.1599466639996453,2,5,2,457211,148399,60338,47618,1.374624847159954,0.24292790931398808
15580,0.1599467764582834,1,1,1,457212,148398,60339,47617,1.3746155841268666,0.2429252863301278
15581,0.1599505516302679,0,6,0,457218,148392,60339,47617,1.3745600059283412,0.24293272247702913
15582,0.1599522987259518,1,3,1,457221,148389,60340,47616,1.3745322168290786,0.24293257825055484
15583,0.1599524949182023,0,1,0,457222,148388,60340,47616,1.3745229537959909,0.24293381767719027
15584,0.1599553610928869,0,3,0,457225,148385,60340,47616,1.3744951646967283,0.24293753603297943
15585,0.1599566912649944,2,25,2,457250,148360,60342,47614,1.3742635888695394,0.24296080092257136
15586,0.159957693976625,0,2,0,457252,148358,60342,47614,1.3742450628033642,0.24296328046863838
15587,0.159958247037116,0,2,0,457254,148356,60342,47614,1.3742265367371893,0.24296576006531612
15588,0.1599634293311181,1,0,1,457254,148356,60343,47613,1.3742265367371893,0.24296189703473509
15589,0.1599639908285667,2,3,2,457257,148353,60345,47611,1.3741987476379265,0.24295789022473516
15590,0.1599714007105256,0,1,0,457258,148352,60345,47611,1.374189484604839,0.24295913003985445
15591,0.1599740339422034,3,3,3,457261,148349,60348,47608,1.3741616955055764,0.2429512597151416
15592,0.1599758229144828,1,8,1,457269,148341,60349,47607,1.3740875912408759,0.24295731520607508
15593,0.1599775283331995,1,4,1,457273,148337,60350,47606,1.3740505391085256,0.24295841137473653
15594,0.1599798587568937,1,0,1,457273,148337,60351,47605,1.3740505391085256,0.2429545477743414
15595,0.1599806909654272,0,1,0,457274,148336,60351,47605,1.3740412760754381,0.24295578771160706
15596,0.1599833656715523,0,3,0,457277,148333,60351,47605,1.3740134869761755,0.24295950759934265
15597,0.1599872123676625,1,0,1,457277,148333,60352,47604,1.3740134869761755,0.24295564390594937
15598,0.1599900508860261,1,2,1,457279,148331,60353,47603,1.3739949609100004,0.24295426010799556
15599,0.159993009963002,11,21,11,457300,148310,60364,47592,1.3738004372151618,0.24293779542832641
15600,0.1599934995840428,7,41,7,457341,148269,60371,47585,1.373420652858572,0.24296159384030963
15601,0.1599959018181976,2,9,2,457350,148260,60373,47583,1.373337285560784,0.24296502810925077
15602,0.1599963853854578,0,4,0,457354,148256,60373,47583,1.3733002334284339,0.24296999065558955
15603,0.1600033037487583,1,3,1,457357,148253,60374,47582,1.373272444329171,0.24296984706513136
15604,0.1600044853355859,1,0,1,457357,148253,60375,47581,1.373272444329171,0.24296598139240377
15605,0.1600084977981627,6,8,6,457365,148245,60381,47575,1.3731983400644707,0.24295271167398633
15606,0.1600114807180728,24,114,24,457479,148131,60405,47551,1.3721423542924895,0.243001400230987
15607,0.1600144933235587,1,3,1,457482,148128,60406,47550,1.372114565193227,0.24300125716738724
15608,0.160014702774812,11,43,11,457525,148085,60417,47539,1.371716254770462,0.24301210485421013
15609,0.1600161749932226,0,5,0,457530,148080,60417,47539,1.3716699396050243,0.24301831621672743
15610,0.1600201280498652,1,0,1,457530,148080,60418,47538,1.3716699396050243,0.24301444652332607
15611,0.1600233165734455,0,3,0,457533,148077,60418,47538,1.3716421505057617,0.24301817345295607
15612,0.1600242961624803,0,1,0,457534,148076,60418,47538,1.371632887472674,0.24301941578823602
15613,0.1600295920445269,0,1,0,457535,148075,60418,47538,1.3716236244395865,0.24302065813621795
15614,0.160030068016681,2,8,2,457543,148067,60420,47536,1.371549520174886,0.24302285752263514
15615,0.1600323192283961,0,2,0,457545,148065,60420,47536,1.371530994108711,0.24302534240622492
15616,0.160043774728201,3,9,3,457554,148056,60423,47533,1.371447626810923,0.24302491448905614
15617,0.1600454578397404,2,10,2,457564,148046,60425,47531,1.3713549964800473,0.24302959959504442
15618,0.1600467853522715,1,0,1,457564,148046,60426,47530,1.3713549964800473,0.2430257291283184
15619,0.1600541197969651,0,1,0,457565,148045,60426,47530,1.3713457334469599,0.24302697174996804
15620,0.1600570993218274,0,8,0,457573,148037,60426,47530,1.3712716291822595,0.2430369131806491
15621,0.1600597706758117,0,1,0,457574,148036,60426,47530,1.3712623661491719,0.24303815591667263
15622,0.1600608392869153,0,12,0,457586,148024,60426,47530,1.3711512097521212,0.24305306974032748
15623,0.1600693200382746,0,1,0,457587,148023,60426,47530,1.3711419467190338,0.24305431264158567
15624,0.1600757154837851,0,10,0,457597,148013,60426,47530,1.371049316388158,0.24306674235334427
15625,0.1600763271220761,1,4,1,457601,148009,60427,47529,1.371012264255808,0.24306784359050415
15626,0.1600765454130326,0,13,0,457614,147996,60427,47529,1.3708918448256697,0.24308400460299195
15627,0.1600770693539664,2,6,2,457620,147990,60429,47527,1.3708362666271443,0.24308372162011488
15628,0.1600773793182855,1,3,1,457623,147987,60430,47526,1.3708084775278817,0.243083580119992
15629,0.1600794225831479,4,40,4,457663,147947,60434,47522,1.3704379562043796,0.24311783454153857
15630,0.1600818029588523,14,19,14,457682,147928,60448,47508,1.370261958575716,0.2430872510694038
15631,0.1600840043171359,0,2,0,457684,147926,60448,47508,1.370243432509541,0.24308973873532752
15632,0.1600859291778379,2,5,2,457689,147921,60450,47506,1.3701971173441032,0.2430882119666167
15633,0.1600890828636572,0,2,0,457691,147919,60450,47506,1.370178591277928,0.24309069975694
15634,0.1600894117113989,0,12,0,457703,147907,60450,47506,1.3700674348808775,0.24310562756827847
15635,0.1600896674964793,2,10,2,457713,147897,60452,47504,1.3699748045500018,0.2431103218509629
15636,0.1600915429213661,23,70,23,457783,147827,60475,47481,1.369326392233873,0.24310832121572082
15637,0.1600960654782137,0,1,0,457784,147826,60475,47481,1.3693171292007855,0.24310956596537758
15638,0.1600962955531779,3,8,3,457792,147818,60478,47478,1.369243024936085,0.24310789775520236
15639,0.160097721409768,16,175,16,457967,147643,60494,47462,1.367621994145763,0.2432638835498834
15640,0.1600993598635221,1,8,1,457975,147635,60495,47461,1.3675478898810627,0.24326997990732768
15641,0.1601117999353369,0,4,0,457979,147631,60495,47461,1.3675108377487124,0.24327496770754312
15642,0.1601137169269478,4,36,4,458015,147595,60499,47457,1.3671773685575606,0.24330434960933495
15643,0.1601200233048459,23,83,23,458098,147512,60522,47434,1.3664085368112935,0.24331866260400317
15644,0.1601205982560019,2,1,2,458099,147511,60524,47432,1.366399273778206,0.24331214765341663
15645,0.160120642476498,4,31,4,458130,147480,60528,47428,1.3661121197524917,0.2433353171752827
15646,0.1601214400916211,2,16,2,458146,147464,60530,47426,1.3659639112230908,0.24334752937554519
15647,0.1601245559598799,0,1,0,458147,147463,60530,47426,1.3659546481900033,0.24334877802236143
15648,0.1601290374505358,1,1,1,458148,147462,60531,47425,1.3659453851569159,0.24334614417585576
15649,0.1601298126498589,1,4,1,458152,147458,60532,47424,1.3659083330245656,0.2433472562884207
15650,0.1601300502495079,8,24,8,458176,147434,60540,47416,1.3656860202304644,0.24334616371567871
15651,0.1601341815710454,69,328,69,458504,147106,60609,47347,1.3626477453777466,0.24348814366453592
15652,0.1601409252860224,0,9,0,458513,147097,60609,47347,1.3625643780799586,0.24349941371294562
15653,0.1601410273761156,9,48,9,458561,147049,60618,47338,1.3621197524917559,0.2435245155283018
15654,0.1601442494328548,3,10,3,458571,147039,60621,47335,1.3620271221608804,0.24352536861925977
15655,0.1601446451680075,0,2,0,458573,147037,60621,47335,1.3620085960947053,0.24352787438519952
15656,0.1601508154345689,7,21,7,458594,147016,60628,47328,1.3618140723998666,0.24352694191742477
15657,0.1601508818317789,1,5,1,458599,147011,60629,47327,1.3617677572344289,0.2435293149049594
15658,0.1601573718994098,2,19,2,458618,146992,60631,47325,1.3615917596057654,0.2435453408605526
15659,0.1601596146747238,0,9,0,458627,146983,60631,47325,1.3615083923079774,0.2435566214463635
15660,0.1601602947448674,1,2,1,458629,146981,60632,47324,1.3614898662418022,0.24355523532590515
15661,0.1601606593563863,0,2,0,458631,146979,60632,47324,1.361471340175627,0.24355774228910515
15662,0.1601621436290845,0,3,0,458634,146976,60632,47324,1.3614435510763645,0.2435615028306742
15663,0.1601644117170039,3,3,3,458637,146973,60635,47321,1.3614157619771017,0.24355358374422267
15664,0.1601660083911329,0,1,0,458638,146972,60635,47321,1.3614064989440142,0.24355483728183722
15665,0.1601672956264129,1,1,1,458639,146971,60636,47320,1.3613972359109268,0.2435521974769804
15666,0.1601723477608936,6,24,6,458663,146947,60642,47314,1.3611749231168253,0.24355892330421444
15667,0.1601783444725934,1,1,1,458664,146946,60643,47313,1.3611656600837378,0.2435562831065742
15668,0.1601808637650155,6,26,6,458690,146920,60649,47307,1.3609248212234615,0.24356551869719453
15669,0.1601812476391071,1,0,1,458690,146920,60650,47306,1.3609248212234615,0.24356162408740334
15670,0.1601815906491856,2,2,2,458692,146918,60652,47304,1.3609062951572863,0.24355634274181093
15671,0.1601862266648289,0,2,0,458694,146916,60652,47304,1.3608877690911112,0.24355885078776646
15672,0.1601878526287592,21,61,21,458755,146855,60673,47283,1.3603227240727704,0.2435535546879024
15673,0.1601892694155344,0,3,0,458758,146852,60673,47283,1.3602949349735076,0.2435573183609344
15674,0.1601898334213689,0,6,0,458764,146846,60673,47283,1.3602393567749824,0.2435648460559731
15675,0.1601900289260003,1,15,1,458779,146831,60674,47282,1.360100411278669,0.24357977054602217
15676,0.1601909706171788,3,9,3,458788,146822,60677,47279,1.3600170439808812,0.24357937362507148
15677,0.1601919560580925,6,25,6,458813,146797,60683,47273,1.3597854681536923,0.24358736538362447
15678,0.1601928594258579,0,4,0,458817,146793,60683,47273,1.359748416021342,0.24359238609545206
15679,0.1601991671630203,18,93,18,458910,146700,60701,47255,1.3588869539441994,0.24363898842515017
15680,0.1602021459993321,1,10,1,458920,146690,60702,47254,1.358794323613324,0.24364765086829188
15681,0.1602033800779647,1,1,1,458921,146689,60703,47253,1.3587850605802363,0.24364500727021482
15682,0.1602056184327189,0,7,0,458928,146682,60703,47253,1.3587202193486234,0.24365380153144095
15683,0.1602085961190609,1,6,1,458934,146676,60704,47252,1.3586646411500982,0.24365743987459262
15684,0.1602086255180166,0,1,0,458935,146675,60704,47252,1.3586553781170105,0.2436586963135613
15685,0.160211598747871,4,7,4,458942,146668,60708,47248,1.3585905368853977,0.24365189050929267
15686,0.1602154758358807,1,1,1,458943,146667,60709,47247,1.3585812738523102,0.24364924657322318
15687,0.1602186447584823,5,14,5,458957,146653,60714,47242,1.3584515913890844,0.24364733489775395
15688,0.1602207051572543,0,1,0,458958,146652,60714,47242,1.358442328355997,0.24364859149844761
15689,0.1602216303921357,0,5,0,458963,146647,60714,47242,1.358396013190559,0.2436548746963469
15690,0.1602236455008587,12,22,12,458985,146625,60726,47230,1.358192226462633,0.24363570710066804
15691,0.1602244755712217,9,37,9,459022,146588,60735,47221,1.3578494942383934,0.2436470958521018
15692,0.1602256307805053,0,7,0,459029,146581,60735,47221,1.3577846530067805,0.24365589622398118
15693,0.1602280066566569,2,11,2,459040,146570,60737,47219,1.3576827596428174,0.2436619209552658
15694,0.1602292056362096,1,2,1,459042,146568,60738,47218,1.3576642335766422,0.24366053275262403
15695,0.1602304268940851,4,4,4,459046,146564,60742,47214,1.3576271814442922,0.24364994994271796
15696,0.1602339434662302,0,2,0,459048,146562,60742,47214,1.357608655378117,0.24365246470151103
15697,0.1602346226663382,0,2,0,459050,146560,60742,47214,1.357590129311942,0.24365497951221526
15698,0.1602459594603341,1,4,1,459054,146556,60743,47213,1.3575530771795916,0.24365610598186502
15699,0.1602471246747304,2,22,2,459076,146534,60745,47211,1.3573492904516655,0.2436759658313763
15700,0.1602519627510223,1,2,1,459078,146532,60746,47210,1.3573307643854904,0.2436745775309432
15701,0.1602534956817014,0,1,0,459079,146531,60746,47210,1.357321501352403,0.24367583526460584
15702,0.1602541026179227,0,1,0,459080,146530,60746,47210,1.3573122383193152,0.2436770930112522
15703,0.160254441910097,2,28,2,459108,146502,60748,47208,1.3570528733928637,0.24370450673687472
15704,0.1602571320073423,5,6,5,459114,146496,60753,47203,1.3569972951943385,0.24369253326036788
15705,0.1602620132092901,3,3,3,459117,146493,60756,47200,1.3569695060950757,0.24368459366110287
15706,0.1602630434779298,0,1,0,459118,146492,60756,47200,1.3569602430619883,0.2436858517646573
15707,0.160263927712049,0,1,0,459119,146491,60756,47200,1.3569509800289006,0.24368710988120254
15708,0.1602639279035214,1,1,1,459120,146490,60757,47199,1.3569417169958131,0.243684463237458
15709,0.1602641414015718,0,3,0,459123,146487,60757,47199,1.3569139278965505,0.24368823766302158
15710,0.1602669964869337,6,14,6,459137,146473,60763,47193,1.3567842454333248,0.24368242231470677
15711,0.1602677744081591,3,7,3,459144,146466,60766,47190,1.3567194042017119,0.2436795141901103
15712,0.1602688199240866,1,5,1,459149,146461,60767,47189,1.356673089036274,0.24368190033565712
15713,0.160270860341269,7,43,7,459192,146418,60774,47182,1.3562747786135092,0.24370867768595042
15714,0.1602724439076433,2,4,2,459196,146414,60776,47180,1.356237726481159,0.24370589997623893
15715,0.1602736284537201,3,10,3,459206,146404,60779,47177,1.3561450961502834,0.24370676874280017
15716,0.1602768660777062,0,1,0,459207,146403,60779,47177,1.356135833117196,0.24370802768881084
15717,0.1602776156793422,2,9,2,459216,146394,60781,47175,1.356052465819408,0.24371154472048726
15718,0.1602794280717843,1,1,1,459217,146393,60782,47174,1.3560432027863203,0.24370889666110443
15719,0.1602843822637929,2,10,2,459227,146383,60784,47172,1.3559505724554448,0.24371367311616854
15720,0.1602844302963267,1,4,1,459231,146379,60785,47171,1.3559135203230945,0.24371480237664686
15721,0.1602860357553094,1,4,1,459235,146375,60786,47170,1.3558764681907445,0.24371593169547134
15722,0.1602887477957971,0,3,0,459238,146372,60786,47170,1.3558486790914817,0.24371970941707743
15723,0.160291474824772,2,5,2,459243,146367,60788,47168,1.355802363926044,0.2437181905081768
15724,0.1602943821942889,1,2,1,459245,146365,60789,47167,1.3557838378598688,0.24371680135584814
15725,0.1602956278249644,0,2,0,459247,146363,60789,47167,1.3557653117936936,0.24371932000206686
15726,0.1603006265189515,1,17,1,459264,146346,60790,47166,1.3556078402312053,0.24373682252263426
15727,0.1603026958786821,1,5,1,459269,146341,60791,47165,1.3555615250657675,0.2437392122208097
15728,0.1603033095468392,15,100,15,459369,146241,60806,47150,1.3546352217570121,0.24380658872439773
15729,0.1603108923426325,3,2,3,459371,146239,60809,47147,1.354616695690837,0.24379737933459505
15730,0.160318905874601,0,7,0,459378,146232,60809,47147,1.354551854459224,0.2438062043965477
15731,0.1603195867992846,0,1,0,459379,146231,60809,47147,1.3545425914261366,0.2438074651718396
15732,0.1603244612051842,3,8,3,459387,146223,60812,47144,1.354468487161436,0.24380582002099635
15733,0.1603279654503767,0,1,0,459388,146222,60812,47144,1.3544592241283486,0.24380708087254221
15734,0.1603357251808616,0,2,0,459390,146220,60812,47144,1.3544406980621735,0.24380960261475765
15735,0.1603372724192708,0,2,0,459392,146218,60812,47144,1.3544221719959983,0.24381212440913932
15736,0.1603386935766729,8,42,8,459434,146176,60820,47136,1.354033124606321,0.2438338023506042
15737,0.1603390973549441,2,7,2,459441,146169,60822,47134,1.3539682833747082,0.24383480856479206
15738,0.1603422271496074,0,1,0,459442,146168,60822,47134,1.3539590203416207,0.24383606998375598
15739,0.1603447409041799,4,8,4,459450,146160,60826,47130,1.3538849160769202,0.24383051373583733
15740,0.1603496310678112,0,1,0,459451,146159,60826,47130,1.3538756530438327,0.24383177521742055
15741,0.1603516114418404,0,12,0,459463,146147,60826,47130,1.3537644966467821,0.24384691401460082
15742,0.1603517661332416,0,1,0,459464,146146,60826,47130,1.3537552336136944,0.24384817566588712
15743,0.1603540222292645,1,4,1,459468,146142,60827,47129,1.3537181814813442,0.24384931003616683
15744,0.1603566916322726,2,4,2,459472,146138,60829,47127,1.353681129348994,0.24384653196388378
15745,0.1603579413587822,1,6,1,459478,146132,60830,47126,1.3536255511504687,0.24385018990158233
15746,0.1603585112191761,0,1,0,459479,146131,60830,47126,1.3536162881173812,0.24385145169385844
15747,0.1603591634226724,5,9,5,459488,146122,60835,47121,1.3535329208195932,0.24384324399848895
15748,0.1603607912220388,1,0,1,459488,146122,60836,47120,1.3535329208195932,0.2438393309942973
15749,0.1603622176134437,10,35,10,459523,146087,60846,47110,1.3532087146615288,0.24384436611334545
15750,0.160363490124273,0,1,0,459524,146086,60846,47110,1.3531994516284411,0.24384562827387732
15751,0.1603652085963479,1,1,1,459525,146085,60847,47109,1.3531901885953537,0.2438429764899531
15752,0.1603660295344749,1,3,1,459528,146082,60848,47108,1.353162399496091,0.24384284900874786
15753,0.160368446220334,0,1,0,459529,146081,60848,47108,1.3531531364630034,0.24384411120715982
15754,0.1603694835813318,0,4,0,459533,146077,60848,47108,1.3531160843306533,0.2438491601314802
15755,0.1603705252025955,1,5,1,459538,146072,60849,47107,1.3530697691652154,0.24385155736389566
15756,0.1603766582912836,1,4,1,459542,146068,60850,47106,1.3530327170328653,0.2438526923913156
15757,0.1603766713327732,0,1,0,459543,146067,60850,47106,1.3530234539997776,0.24385395474522836
15758,0.1603796134333929,0,1,0,459544,146066,60850,47106,1.3530141909666902,0.2438552171122109
15759,0.1603799044678758,4,15,4,459559,146051,60854,47102,1.3528752454703767,0.2438584955967549
15760,0.1603814545465975,0,2,0,459561,146049,60854,47102,1.3528567194042016,0.2438610206522358
15761,0.1603872079675921,0,1,0,459562,146048,60854,47102,1.3528474563711141,0.2438622831995858
15762,0.1603879102040789,2,1,2,459563,146047,60856,47100,1.3528381933380267,0.24385571611259818
15763,0.1603915927771743,0,3,0,459566,146044,60856,47100,1.3528104042387639,0.2438595037899184
15764,0.1603922905290975,1,3,1,459569,146041,60857,47099,1.3527826151395013,0.2438593766179973
15765,0.1603942789674445,29,156,29,459725,145885,60886,47070,1.3513375819778428,0.24394288823819024
15766,0.160394889689467,10,63,10,459788,145822,60896,47060,1.350754010893327,0.24398336806959695
15767,0.1604011602964986,0,8,0,459796,145814,60896,47060,1.3506799066286266,0.2439934879766065
15768,0.1604033799212179,0,1,0,459797,145813,60896,47060,1.350670643595539,0.2439947530240106
15769,0.160403554504775,0,1,0,459798,145812,60896,47060,1.3506613805624514,0.24399601808453275
15770,0.1604087000994236,1,0,1,459798,145812,60897,47059,1.3506613805624514,0.2439920983455263
15771,0.1604131932766261,8,29,8,459827,145783,60905,47051,1.3503927526029122,0.24399742783948888
15772,0.1604162043097703,1,12,1,459839,145771,60906,47050,1.3502815962058616,0.24400869199931544
15773,0.1604171000737148,5,15,5,459854,145756,60911,47045,1.3501426507095484,0.24400807049755965
15774,0.1604184089348886,3,6,3,459860,145750,60914,47042,1.350087072511023,0.24400390057678742
15775,0.1604245209561859,0,7,0,459867,145743,60914,47042,1.3500222312794101,0.24401276032886376
15776,0.1604248413186134,30,229,30,460096,145514,60944,47012,1.3479009967023603,0.24418520095987037
15777,0.1604316709698643,3,1,3,460097,145513,60947,47009,1.3478917336692726,0.24417469172354328
15778,0.1604328267129459,0,1,0,460098,145512,60947,47009,1.3478824706361852,0.2441759600251401
15779,0.1604334459385148,13,25,13,460123,145487,60960,46996,1.3476508948089962,0.2441566268189918
15780,0.1604338588583882,0,6,0,460129,145481,60960,46996,1.3475953166104708,0.24416423780503643
15781,0.1604343497151824,12,48,12,460177,145433,60972,46984,1.3471506910222684,0.2441780092195596
15782,0.1604344834092532,0,4,0,460181,145429,60972,46984,1.347113638889918,0.24418308534246647
15783,0.1604354684680886,5,12,5,460193,145417,60977,46979,1.3470024824928675,0.244178673153288
15784,0.1604363210468077,0,4,0,460197,145413,60977,46979,1.3469654303605172,0.24418374984406835
15785,0.1604389656605681,0,3,0,460200,145410,60977,46979,1.3469376412612546,0.2441875575006887
15786,0.1604398984190103,1,5,1,460205,145405,60978,46978,1.3468913260958169,0.24418997520570945
15787,0.1604410469093547,0,1,0,460206,145404,60978,46978,1.3468820630627292,0.244191244503124
15788,0.1604431915844682,0,1,0,460207,145403,60978,46978,1.3468728000296417,0.2441925138137342
15789,0.1604444833397492,1,3,1,460210,145400,60979,46977,1.3468450109303791,0.2441923930615406
15790,0.1604446530889118,0,3,0,460213,145397,60979,46977,1.3468172218311163,0.24419620114984353
15791,0.1604465704316296,0,4,0,460217,145393,60979,46977,1.3467801696987662,0.24420127878567344
15792,0.1604468528085972,3,16,3,460233,145377,60982,46974,1.3466319611693653,0.24420980395214997
15793,0.1604484525326438,1,1,1,460234,145376,60983,46973,1.3466226981362777,0.2442071443054032
15794,0.1604515091058873,2,3,2,460237,145373,60985,46971,1.346594909037015,0.24420309445576674
15795,0.1604515358572169,1,0,1,460237,145373,60986,46970,1.346594909037015,0.2441991650332999
15796,0.1604551990400634,3,12,3,460249,145361,60989,46967,1.3464837526399644,0.24420261220415124
15797,0.1604640658363549,26,122,26,460371,145239,61015,46941,1.345353662603283,0.24425538557602247
15798,0.160464243678735,1,2,1,460373,145237,61016,46940,1.3453351365371078,0.24425399501501222
15799,0.1604647472836746,1,6,1,460379,145231,61017,46939,1.3452795583385824,0.24425768850496957
15800,0.1604673744270082,5,8,5,460387,145223,61022,46934,1.345205454073882,0.24424819288394387
15801,0.1604678181631604,0,4,0,460391,145219,61022,46934,1.3451684019415318,0.24425327733628932
15802,0.1604682384339114,0,1,0,460392,145218,61022,46934,1.345159138908444,0.2442545484824514
15803,0.1604714846105036,0,9,0,460401,145209,61022,46934,1.3450757716106563,0.24426598939331642
15804,0.1604719422724103,1,27,1,460428,145182,61023,46933,1.3448256697172922,0.2442963849777477
15805,0.1604751798963964,0,2,0,460430,145180,61023,46933,1.344807143651117,0.24429892823494506
15806,0.1604778051782138,0,4,0,460434,145176,61023,46933,1.3447700915187668,0.24430401490820317
15807,0.1604784148600824,1,9,1,460443,145167,61024,46932,1.344686724220979,0.24431152686895818
15808,0.160482346038645,2,11,2,460454,145156,61026,46930,1.3445848308570159,0.24431764938621242
15809,0.1604827080398288,6,22,6,460476,145134,61032,46924,1.3443810441290895,0.24432202772079267
15810,0.1604860987749031,6,32,6,460508,145102,61038,46918,1.344084627070288,0.24433913134048538
15811,0.1604886081602189,0,13,0,460521,145089,61038,46918,1.3439642076401497,0.24435567453269932
15812,0.1604912613967588,2,3,2,460524,145086,61040,46916,1.343936418540887,0.24435162133727772
15813,0.1604932534541034,7,11,7,460535,145075,61047,46909,1.343834525176924,0.24433806983915327
15814,0.160496083836757,10,71,10,460606,145004,61057,46899,1.3431768498277077,0.2443890924060593
15815,0.1604994497437966,1,8,1,460614,144996,61058,46898,1.3431027455630071,0.24439534326242612
15816,0.1605030134485823,0,5,0,460619,144991,61058,46898,1.3430564303975694,0.2444017114060733
15817,0.160503094240563,1,0,1,460619,144991,61059,46897,1.3430564303975694,0.24439777370132576
15818,0.1605066047365167,14,39,14,460658,144952,61073,46883,1.3426951721071547,0.2443923163134986
15819,0.1605082863850271,4,11,4,460669,144941,61077,46879,1.3425932787431916,0.2443905744969242
15820,0.1605131620699709,0,1,0,460670,144940,61077,46879,1.342584015710104,0.24439184856557483
15821,0.160513644859808,4,13,4,460683,144927,61081,46875,1.3424635962799658,0.2443926549253918
15822,0.1605146821325105,0,3,0,460686,144924,61081,46875,1.3424358071807032,0.2443964775624482
15823,0.1605164214612412,5,51,5,460737,144873,61086,46870,1.341963392493238,0.24444177883938398
15824,0.1605249787683518,1,1,1,460738,144872,61087,46869,1.3419541294601505,0.24443911317871503
15825,0.160526200832242,0,6,0,460744,144866,61087,46869,1.341898551261625,0.24444676245860172
15826,0.1605281750768479,1,4,1,460748,144862,61088,46868,1.341861499129275,0.24444792155635528
15827,0.160528951412632,7,25,7,460773,144837,61095,46861,1.341629923302086,0.24445221129067596
15828,0.1605352037509215,0,1,0,460774,144836,61095,46861,1.3416206602689984,0.24445348649170306
15829,0.1605395229064785,1,5,1,460779,144831,61096,46860,1.3415743451035607,0.2444559212482589
15830,0.1605418997178357,3,3,3,460782,144828,61099,46857,1.341546556004298,0.24444792237264262
15831,0.1605427399346689,3,10,3,460792,144818,61102,46854,1.3414539256734226,0.2444488501189532
15832,0.1605430201760414,0,5,0,460797,144813,61102,46854,1.3414076105079846,0.24445522703438777
15833,0.160543089248515,0,1,0,460798,144812,61102,46854,1.3413983474748972,0.24445650245739986
15834,0.1605443628106756,0,1,0,460799,144811,61102,46854,1.3413890844418097,0.2444577778937208
15835,0.1605466467317576,4,6,4,460805,144805,61106,46850,1.3413335062432843,0.24444966215334846
15836,0.1605486351630016,0,3,0,460808,144802,61106,46850,1.3413057171440217,0.24445348861478094
15837,0.160553977983989,0,1,0,460809,144801,61106,46850,1.341296454110934,0.24445476412854616
15838,0.1605593983057882,0,2,0,460811,144799,61106,46850,1.3412779280447589,0.24445731519600938
15839,0.1605598440515966,1,0,1,460811,144799,61107,46849,1.3412779280447589,0.24445337285022542
15840,0.1605611418704681,1,1,1,460812,144798,61108,46848,1.3412686650116714,0.24445070598916752
15841,0.1605635224150381,2,5,2,460817,144793,61110,46846,1.3412223498462337,0.24444919875390708
15842,0.160564030067296,0,5,0,460822,144788,61110,46846,1.341176034680796,0.24445557677656365
15843,0.1605649073359801,0,13,0,460835,144775,61110,46846,1.3410556152506576,0.24447216119318863
15844,0.1605681977060681,0,3,0,460838,144772,61110,46846,1.341027826151395,0.24447598868582285
15845,0.1605699950027102,0,1,0,460839,144771,61110,46846,1.3410185631183074,0.24447726454333385
15846,0.160574029997792,0,2,0,460841,144769,61110,46846,1.3410000370521324,0.2444798162983065
15847,0.160576895964036,1,9,1,460850,144760,61111,46845,1.3409166697543444,0.2444873568017536
15848,0.1605802368843214,4,11,4,460861,144749,61115,46841,1.3408147763903813,0.24448562033509055
15849,0.1605818913381248,2,25,2,460886,144724,61117,46839,1.3405832005631924,0.24450963912655366
15850,0.1605834309429709,1,0,1,460886,144724,61118,46838,1.3405832005631924,0.24450569528403338
15851,0.1605846315272406,6,17,6,460903,144707,61124,46832,1.340425729000704,0.24450373031079833
15852,0.1605873881313982,0,4,0,460907,144703,61124,46832,1.3403886768683537,0.2445088365050774
15853,0.1605946215814024,2,6,2,460913,144697,61126,46830,1.3403330986698285,0.24450860714155184
15854,0.1605958992409396,1,10,1,460923,144687,61127,46829,1.3402404683389528,0.2445174293531611
15855,0.1605993070359357,0,4,0,460927,144683,61127,46829,1.3402034162066028,0.2445225364468023
15856,0.1606004833480844,2,8,2,460935,144675,61129,46827,1.3401293119419022,0.2445248613591503
15857,0.160601173831011,1,6,1,460941,144669,61130,46826,1.340073733743377,0.24452857776965456
15858,0.1606038533615628,9,13,9,460954,144656,61139,46817,1.3399533143132387,0.24450966977067262
15859,0.160604123854072,2,3,2,460957,144653,61141,46815,1.3399255252139761,0.2445056092924144
15860,0.1606073522303918,1,0,1,460957,144653,61142,46814,1.3399255252139761,0.24450166347203434
15861,0.1606106583834171,20,170,20,461127,144483,61162,46794,1.338350809589092,0.2446399723960539
15862,0.1606166307277024,0,1,0,461128,144482,61162,46794,1.3383415465560042,0.24464125138543258
15863,0.1606178344597675,0,4,0,461132,144478,61162,46794,1.3383044944236542,0.24464636747668242
15864,0.1606178754004025,15,23,15,461155,144455,61177,46779,1.3380914446626404,0.2446165430833429
15865,0.1606276399472338,1,2,1,461157,144453,61178,46778,1.3380729185964653,0.24461515130914968
15866,0.1606280230429848,0,2,0,461159,144451,61178,46778,1.3380543925302901,0.2446177096570081
15867,0.1606284002219465,0,1,0,461160,144450,61178,46778,1.3380451294972027,0.24461898885100508
15868,0.160631017693935,2,1,2,461161,144449,61180,46776,1.338035866464115,0.24461236762975552
15869,0.1606315344545918,2,5,2,461166,144444,61182,46774,1.3379895512986772,0.2446108629940696
15870,0.1606334798604635,0,1,0,461167,144443,61182,46774,1.3379802882655898,0.24461214222584812
15871,0.1606368574907301,2,23,2,461190,144420,61184,46772,1.337767238504576,0.24463366668061426
15872,0.1606369077282724,2,0,2,461190,144420,61186,46770,1.337767238504576,0.24462576494586538
15873,0.1606413917949268,1,2,1,461192,144418,61187,46769,1.3377487124384009,0.2446243729960719
15874,0.160641505467853,0,3,0,461195,144415,61187,46769,1.337720923339138,0.2446282115658214
15875,0.1606415259915,0,2,0,461197,144413,61187,46769,1.3377023972729631,0.24463077067924804
15876,0.1606480662082347,6,4,6,461201,144409,61193,46763,1.3376653451406129,0.24461218170024898
15877,0.1606497454493984,5,6,5,461207,144403,61198,46758,1.3376097669420874,0.24460010148513556
15878,0.1606553143858035,11,47,11,461254,144356,61209,46747,1.3371744043869724,0.2446167773399685
15879,0.1606561946120507,2,2,2,461256,144354,61211,46745,1.3371558783207973,0.2446114317709669
15880,0.1606577194574291,1,0,1,461256,144354,61212,46744,1.3371558783207973,0.24460747888517934
15881,0.1606614976203148,0,1,0,461257,144353,61212,46744,1.3371466152877098,0.24460875890254688
15882,0.1606627981816566,11,32,11,461289,144321,61223,46733,1.336850198228908,0.2446062369801208
15883,0.1606712126269432,5,60,5,461349,144261,61228,46728,1.3362944162436547,0.2446633052165308
15884,0.1606714212259354,1,15,1,461364,144246,61229,46727,1.3361554707473415,0.24467856712729025
15885,0.1606724296672439,0,1,0,461365,144245,61229,46727,1.3361462077142539,0.24467984835473264
15886,0.1606734714807526,0,2,0,461367,144243,61229,46727,1.336127681648079,0.24468241084987172
15887,0.1606753785642651,0,1,0,461368,144242,61229,46727,1.3361184186149913,0.24468369211756882
15888,0.1606762116698684,1,16,1,461384,144226,61230,46726,1.3359702100855904,0.24470023880346894
15889,0.160676229406511,0,10,0,461394,144216,61230,46726,1.3358775797547149,0.2447130542258906
15890,0.1606777697932933,6,23,6,461417,144193,61236,46720,1.335664529993701,0.24471879861507598
15891,0.1606784813639244,0,1,0,461418,144192,61236,46720,1.3356552669606137,0.24472008045591687
15892,0.160679086905485,0,3,0,461421,144189,61236,46720,1.3356274778613508,0.24472392605901241
15893,0.1606798626309195,1,2,1,461423,144187,61237,46719,1.335608951795176,0.244722533602925
15894,0.1606802449612781,3,4,3,461427,144183,61240,46716,1.3355718996628256,0.24471579212044064
15895,0.1606829835953608,1,4,1,461431,144179,61241,46715,1.3355348475304754,0.2447169633409117
15896,0.1606854489149812,1,13,1,461444,144166,61242,46714,1.3354144281003373,0.24472967309304275
15897,0.1606862017240302,0,2,0,461446,144164,61242,46714,1.3353959020341621,0.24473223734532004
15898,0.1606885071262133,10,36,10,461482,144128,61252,46704,1.33506243284301,0.2447388278695397
15899,0.1606908871785635,0,1,0,461483,144127,61252,46704,1.3350531698099226,0.24474011035942797
15900,0.1606927539736388,1,4,1,461487,144123,61253,46703,1.3350161176775723,0.24474128263444184
15901,0.1606941507751736,0,1,0,461488,144122,61253,46703,1.3350068546444849,0.24474256517751866
15902,0.1606955925891217,0,1,0,461489,144121,61253,46703,1.3349975916113972,0.24474384773403765
15903,0.1606964144517535,4,30,4,461519,144091,61257,46699,1.3347197006187705,0.2447664971958698
15904,0.1607044237337399,0,4,0,461523,144087,61257,46699,1.3346826484864205,0.2447716289455201
15905,0.1607048141804633,0,1,0,461524,144086,61257,46699,1.3346733854533328,0.24477291191655529
15906,0.1607058144040224,1,3,1,461527,144083,61258,46698,1.3346455963540702,0.2447728023230825
15907,0.1607094555430303,3,7,3,461534,144076,61261,46695,1.3345807551224573,0.24476990737585902
15908,0.1607150721422314,11,53,11,461587,144023,61272,46684,1.334089814368817,0.24479437042164157
15909,0.1607169347894411,0,2,0,461589,144021,61272,46684,1.3340712883026418,0.24479693767861357
15910,0.1607187157972707,2,3,2,461592,144018,61274,46682,1.3340434992033792,0.24479286837965392
15911,0.1607242412168613,0,1,0,461593,144017,61274,46682,1.3340342361702917,0.24479415204065044
15912,0.1607252951436737,0,2,0,461595,144015,61274,46682,1.3340157101041166,0.24479671940303205
15913,0.1607268814611662,2,1,2,461596,144014,61276,46680,1.334006447071029,0.2447900825406148
15914,0.1607291879289289,12,67,12,461663,143947,61288,46668,1.3333858238541627,0.2448285811714713
15915,0.1607306275055699,3,5,3,461668,143942,61291,46665,1.333339508688725,0.2448231177239031
15916,0.1607331061341278,0,2,0,461670,143940,61291,46665,1.3333209826225498,0.24482568662941687
15917,0.1607366864756465,0,1,0,461671,143939,61291,46665,1.3333117195894624,0.2448269711023903
15918,0.1607376103407155,27,86,27,461757,143853,61318,46638,1.3325150987439327,0.24483046443139045
15919,0.1607392505498488,1,1,1,461758,143852,61319,46637,1.3325058357108452,0.24482778533143645
15920,0.1607392672007593,0,3,0,461761,143849,61319,46637,1.3324780466115824,0.24483164117047973
15921,0.1607432171039531,23,122,23,461883,143727,61342,46614,1.331347956574901,0.24489731586993868
15922,0.1607440589176499,1,0,1,461883,143727,61343,46613,1.331347956574901,0.2448933487443522
15923,0.1607488138367538,4,30,4,461913,143697,61347,46609,1.3310700655822743,0.24491608251973138
15924,0.160754978849287,0,2,0,461915,143695,61347,46609,1.3310515395160991,0.24491865646544475
15925,0.1607581782727238,1,2,1,461917,143693,61348,46608,1.331033013449924,0.24491726265232447
15926,0.1607664041487729,1,2,1,461919,143691,61349,46607,1.3310144873837488,0.24491586879525795
15927,0.1607708907711325,0,1,0,461920,143690,61349,46607,1.3310052243506614,0.24491715581433232
15928,0.1607721597040725,4,7,4,461927,143683,61353,46603,1.3309403831190485,0.2449102929274881
15929,0.1607736437279358,1,0,1,461927,143683,61354,46602,1.3309403831190485,0.24490632472344115
15930,0.1607756606389698,9,55,9,461982,143628,61363,46593,1.330430916299233,0.24494141025438831
15931,0.1607766806654917,5,10,5,461992,143618,61368,46588,1.3303382859683575,0.2449344395024342
15932,0.160779526615328,3,6,3,461998,143612,61371,46585,1.3302827077698323,0.2449302565234993
15933,0.1607810053965644,0,2,0,462000,143610,61371,46585,1.3302641817036571,0.24493283209337785
15934,0.1607831464055475,0,3,0,462003,143607,61371,46585,1.3302363926043943,0.24493669554976025
15935,0.1607836562810597,1,4,1,462007,143603,61372,46584,1.3301993404720442,0.24493787693165148
15936,0.1607848610438464,0,16,0,462023,143587,61372,46584,1.3300511319426433,0.2449584847321621
15937,0.1607927913422454,18,79,18,462102,143508,61390,46566,1.3293193523287266,0.24498879383818933
15938,0.1607937241104675,0,3,0,462105,143505,61390,46566,1.329291563229464,0.2449926606373408
15939,0.1607960038763677,1,1,1,462106,143504,61391,46565,1.3292823001963763,0.24498997732402444
15940,0.1607981093835652,0,1,0,462107,143503,61391,46565,1.3292730371632888,0.24499126628364584
15941,0.1607994876497012,7,47,7,462154,143456,61398,46558,1.3288376746081736,0.24502405085941037
15942,0.1608009836140833,1,9,1,462163,143447,61399,46557,1.3287543073103858,0.24503168354350435
15943,0.1608084292044964,0,2,0,462165,143445,61399,46557,1.3287357812442107,0.24503426279723373
15944,0.1608098241594691,0,1,0,462166,143444,61399,46557,1.328726518211123,0.24503555244446082
15945,0.1608110464278664,5,33,5,462199,143411,61404,46552,1.3284208381192337,0.2450582481851729
15946,0.1608112236762059,0,3,0,462202,143408,61404,46552,1.3283930490199711,0.2450621183407033
15947,0.160814995573024,5,1,5,462203,143407,61409,46547,1.3283837859868834,0.24504353685629152
15948,0.1608186638709827,1,5,1,462208,143402,61410,46546,1.3283374708214457,0.24504601259292016
15949,0.1608186768613357,0,2,0,462210,143400,61410,46546,1.3283189447552706,0.24504859275794172
15950,0.1608188088369668,3,8,3,462218,143392,61413,46543,1.3282448404905702,0.2450469897596546
15951,0.1608189781768773,2,5,2,462223,143387,61415,46541,1.3281985253251325,0.24504549092287603
15952,0.1608196310624698,0,8,0,462231,143379,61415,46541,1.328124421060432,0.24505581297388374
15953,0.1608203877657263,0,1,0,462232,143378,61415,46541,1.3281151580273445,0.24505710329140318
15954,0.1608253025909506,1,11,1,462243,143367,61416,46540,1.3280132646633813,0.24506732242624021
15955,0.1608256943822482,9,44,9,462287,143323,61425,46531,1.327605691207529,0.24508833103332034
15956,0.1608259611097963,0,6,0,462293,143317,61425,46531,1.3275501130090037,0.24509607686148918
15957,0.1608291904833433,6,24,6,462317,143293,61431,46525,1.3273278002149023,0.24510320412184303
15958,0.1608327121421714,6,22,6,462339,143271,61437,46519,1.3271240134869762,0.24510775067179513
15959,0.1608346234345099,1,5,1,462344,143266,61438,46518,1.3270776983215384,0.24511023057792017
15960,0.1608370907424289,1,0,1,462344,143266,61439,46517,1.3270776983215384,0.24510625293097907
15961,0.1608396077281938,1,10,1,462354,143256,61440,46516,1.326985067990663,0.24511519086061168
15962,0.1608410063910579,1,8,1,462362,143248,61441,46515,1.3269109637259624,0.2451215463499207
15963,0.1608433569206474,0,14,0,462376,143234,61441,46515,1.3267812812627366,0.24513963182941675
15964,0.1608434899628831,2,15,2,462391,143219,61443,46513,1.3266423357664234,0.2451510551725592
15965,0.1608490557034556,0,1,0,462392,143218,61443,46513,1.3266330727333357,0.24515234727060944
15966,0.1608495489329598,0,1,0,462393,143217,61443,46513,1.3266238097002483,0.24515363938228008
15967,0.1608511951712354,1,3,1,462396,143214,61444,46512,1.3265960206009857,0.24515353720628696
15968,0.1608560981821483,0,2,0,462398,143212,61444,46512,1.3265774945348106,0.24515612152389787
15969,0.1608584416640764,22,102,22,462500,143110,61466,46490,1.32563266515988,0.24520042194092828
15970,0.1608584642910735,0,2,0,462502,143108,61466,46490,1.3256141390937048,0.24520300847055349
15971,0.1608585257534316,3,15,3,462517,143093,61469,46487,1.3254751935973916,0.24521046523894927
15972,0.1608611870547119,0,1,0,462518,143092,61469,46487,1.325465930564304,0.2452117586863524
15973,0.1608650205580737,6,19,6,462537,143073,61475,46481,1.3252899329356405,0.24521244605758782
15974,0.1608682608081194,0,1,0,462538,143072,61475,46481,1.325280669902553,0.24521373969285634
15975,0.1608716581288022,1,0,1,462538,143072,61476,46480,1.325280669902553,0.24520975774457668
15976,0.160872023761838,42,196,42,462734,142876,61518,46438,1.3234651154173922,0.24529617460937914
15977,0.1608743390855757,29,80,29,462814,142796,61547,46409,1.322724072770388,0.24528421553341614
15978,0.1608759528972132,1,4,1,462818,142792,61548,46408,1.3226870206380377,0.24528541226215644
15979,0.1608770289626846,1,8,1,462826,142784,61549,46407,1.3226129163733373,0.24529179506424725
15980,0.160886506185249,1,3,1,462829,142781,61550,46406,1.3225851272740745,0.245291695518191
15981,0.1608874603863832,0,3,0,462832,142778,61550,46406,1.322557338174812,0.2452955852503383
15982,0.1608891462848191,0,3,0,462835,142775,61550,46406,1.3225295490755493,0.245299475105851
15983,0.160891067792329,4,18,4,462853,142757,61554,46402,1.3223628144799733,0.24530685825152385
15984,0.1608957645918316,8,15,8,462868,142742,61562,46394,1.32222386898366,0.2452943913374503
15985,0.1609017063621154,0,6,0,462874,142736,61562,46394,1.3221682907851346,0.24530217310844393
15986,0.160901890249289,0,1,0,462875,142735,61562,46394,1.3221590277520472,0.24530347011827905
15987,0.1609036797345015,0,2,0,462877,142733,61562,46394,1.322140501685872,0.2453060641790966
15988,0.1609050890220515,0,1,0,462878,142732,61562,46394,1.3221312386527844,0.24530736123007943
15989,0.1609088357149713,0,1,0,462879,142731,61562,46394,1.322121975619697,0.24530865829477858
15990,0.1609105583195051,0,1,0,462880,142730,61562,46394,1.3221127125866095,0.2453099553731943
15991,0.160911658843481,0,4,0,462884,142726,61562,46394,1.3220756604542592,0.24531514382402708
15992,0.1609299450588953,0,4,0,462888,142722,61562,46394,1.322038608321909,0.2453203324943421
15993,0.1609305302721261,1,3,1,462891,142719,61563,46393,1.3220108192226463,0.24532023351241591
15994,0.1609321102302948,2,1,2,462892,142718,61565,46391,1.3220015561895586,0.24531354932869404
15995,0.1609382814979257,0,2,0,462894,142716,61565,46391,1.3219830301233837,0.245316143770458
15996,0.1609398329683576,0,12,0,462906,142704,61565,46391,1.3218718737263329,0.2453317115735477
15997,0.1609398530857514,8,37,8,462943,142667,61573,46383,1.3215291415020936,0.24534779158952658
15998,0.1609404239086372,1,2,1,462945,142665,61574,46382,1.3215106154359184,0.24534639534084116
15999,0.1609406616976706,0,2,0,462947,142663,61574,46382,1.3214920893697433,0.24534899098098337
16000,0.1609407248211129,0,1,0,462948,142662,61574,46382,1.3214828263366556,0.24535028882165
16001,0.1609426879296895,2,12,2,462960,142650,61576,46380,1.321371669939605,0.24535787970163467
16002,0.1609446050332224,2,16,2,462976,142634,61578,46378,1.321223461410204,0.2453706642964468
16003,0.1609461426300647,0,7,0,462983,142627,61578,46378,1.3211586201785912,0.24537975185841646
16004,0.1609480978979741,3,9,3,462992,142618,61581,46375,1.3210752528808032,0.2453794584984629
16005,0.1609482105290255,1,0,1,462992,142618,61582,46374,1.3210752528808032,0.24537546562817475
16006,0.1609483554950096,0,3,0,462995,142615,61582,46374,1.3210474637815406,0.245379360703533
16007,0.1609484377203548,1,8,1,463003,142607,61583,46373,1.3209733595168403,0.24538575510636046
16008,0.1609495348966026,5,13,5,463016,142594,61588,46368,1.320852940086702,0.2453826695314402
16009,0.1609503913042566,3,11,3,463027,142583,61591,46365,1.3207510467227388,0.24538497364354214
16010,0.1609517746674399,33,180,33,463207,142403,61624,46332,1.3190837007669791,0.2454870585741913
16011,0.1609549711239976,0,7,0,463214,142396,61624,46332,1.3190188595353662,0.24549616379127634
16012,0.1609569911689534,2,1,2,463215,142395,61626,46330,1.3190095965022788,0.2454894688038151
16013,0.160959828751815,2,6,2,463221,142389,61628,46328,1.3189540183037534,0.24548927759555314
16014,0.1609642029692817,23,43,23,463264,142346,61651,46305,1.3185557078809886,0.2454532443506793
16015,0.1609655602433359,0,3,0,463267,142343,61651,46305,1.3185279187817258,0.24545714770365973
16016,0.1609691543862366,0,1,0,463268,142342,61651,46305,1.3185186557486384,0.24545844884890827
16017,0.1609749944841819,2,30,2,463298,142312,61653,46303,1.3182407647560117,0.24548948917106275
16018,0.1609856448401911,1,2,1,463300,142310,61654,46302,1.3182222386898366,0.2454880919559731
16019,0.1609879883221192,17,63,17,463363,142247,61671,46285,1.3176386676053207,0.24550208983090405
16020,0.1609899375867461,0,3,0,463366,142244,61671,46285,1.317610878506058,0.2455059964249532
16021,0.1609934731818545,3,15,3,463381,142229,61674,46282,1.3174719330097446,0.24551352440971613
16022,0.1609992218277307,3,3,3,463384,142226,61677,46279,1.317444143910482,0.24550542425930347
16023,0.1609998345967872,0,2,0,463386,142224,61677,46279,1.317425617844307,0.24550802904993554
16024,0.1610027855325165,0,3,0,463389,142221,61677,46279,1.3173978287450443,0.24551193633952254
16025,0.1610058571841704,2,9,2,463398,142212,61679,46277,1.3173144614472563,0.24551565343335685
16026,0.1610059395799584,1,10,1,463408,142202,61680,46276,1.3172218311163808,0.24552467662008298
16027,0.1610065756207274,1,4,1,463412,142198,61681,46275,1.3171847789840305,0.24552588434417663
16028,0.1610149491724289,0,5,0,463417,142193,61681,46275,1.3171384638185928,0.2455323980728824
16029,0.1610165488656928,1,14,1,463431,142179,61682,46274,1.317008781355367,0.24554663496999252
16030,0.1610172919955675,10,34,10,463465,142145,61692,46264,1.31669383823039,0.24555090255773343
16031,0.1610189243355964,2,6,2,463471,142139,61694,46262,1.316638260031865,0.24555071363740108
16032,0.1610236808169266,2,8,2,463479,142131,61696,46260,1.3165641557671643,0.2455531315190216
16033,0.1610248204928668,1,2,1,463481,142129,61697,46259,1.3165456297009892,0.24555173365607152
16034,0.1610253112498745,0,1,0,463482,142128,61697,46259,1.3165363666679017,0.2455530370991629
16035,0.1610260997851243,2,12,2,463494,142116,61699,46257,1.3164252102708511,0.2455606695227023
16036,0.1610263522577013,1,4,1,463498,142112,61700,46256,1.3163881581385009,0.24556187887539285
16037,0.1610284175108966,16,75,16,463573,142037,61716,46240,1.3156934306569343,0.2455955852281479
16038,0.1610316984230363,1,1,1,463574,142036,61717,46239,1.3156841676238467,0.24559288275129465
16039,0.161032032293195,3,19,3,463593,142017,61720,46236,1.3155081699951832,0.24560564771876145
16040,0.1610355408897837,0,6,0,463599,142011,61720,46236,1.315452591796658,0.24561347591196672
16041,0.1610361851758502,1,0,1,463599,142011,61721,46235,1.315452591796658,0.24560946846148124
16042,0.1610374771026326,1,2,1,463601,142009,61722,46234,1.3154340657304828,0.24560807041961719
16043,0.161039254789633,2,6,2,463607,142003,61724,46232,1.3153784875319574,0.24560788376231837
16044,0.1610412232564272,0,4,0,463611,141999,61724,46232,1.3153414353996074,0.24561310304891332
16045,0.1610413764951453,6,21,6,463632,141978,61730,46226,1.3151469117047687,0.2456164587362649
16046,0.161044079127108,44,176,44,463808,141802,61774,46182,1.313516617881359,0.24566984424206315
16047,0.1610449726876081,0,2,0,463810,141800,61774,46182,1.313498091815184,0.245672458001298
16048,0.1610485144771186,0,4,0,463814,141796,61774,46182,1.3134610396828337,0.2456776856866229
16049,0.1610555702346791,1,7,1,463821,141789,61775,46181,1.3133961984512208,0.2456828217268713
16050,0.1610556908247554,1,1,1,463822,141788,61776,46180,1.3133869354181333,0.24568011576438542
16051,0.1610561540937539,0,4,0,463826,141784,61776,46180,1.313349883285783,0.24568534400204295
16052,0.1610608117545424,8,25,8,463851,141759,61784,46172,1.3131183074585941,0.24568591663961772
16053,0.1610613025057678,2,2,2,463853,141757,61786,46170,1.3130997813924192,0.24568050359980206
16054,0.1610615674370611,1,5,1,463858,141752,61787,46169,1.3130534662269813,0.24568302637810568
16055,0.1610665746268097,0,1,0,463859,141751,61787,46169,1.3130442031938938,0.2456843337590464
16056,0.1610684907652055,1,12,1,463871,141739,61788,46168,1.3129330467968432,0.24569600919603846
16057,0.1610685314690285,1,0,1,463871,141739,61789,46167,1.3129330467968432,0.24569199493363703
16058,0.1610688956327791,1,4,1,463875,141735,61790,46166,1.312895994664493,0.2456932107865312
16059,0.1610695405124835,0,2,0,463877,141733,61790,46166,1.3128774685983178,0.2456958259490471
16060,0.1610722345877323,1,1,1,463878,141732,61791,46165,1.3128682055652303,0.245693119102487
16061,0.1610742432879379,1,0,1,463878,141732,61792,46164,1.3128682055652303,0.24568910461106144
16062,0.1610742446141443,15,71,15,463949,141661,61807,46149,1.3122105302160139,0.24572174005644
16063,0.1610746709053754,0,2,0,463951,141659,61807,46149,1.3121920041498387,0.2457243567899131
16064,0.1610776445560169,1,4,1,463955,141655,61808,46148,1.3121549520174887,0.24572557413885826
16065,0.1610790815546454,1,12,1,463967,141643,61809,46147,1.312043795620438,0.2457372597049896
16066,0.1610806038252029,0,1,0,463968,141642,61809,46147,1.3120345325873504,0.24573856828674737
16067,0.1610843781896061,2,8,2,463976,141634,61811,46145,1.31196042832265,0.24574100405263635
16068,0.1611007134410335,4,23,4,463999,141611,61815,46141,1.3117473785616363,0.24575503856150666
16069,0.1611008408078726,2,5,2,464004,141606,61817,46139,1.3117010633961985,0.2457535486963701
16070,0.1611036284769779,1,1,1,464005,141605,61818,46138,1.3116918003631108,0.24575084024437663
16071,0.1611041033192179,0,7,0,464012,141598,61818,46138,1.311626959131498,0.2457600034090425
16072,0.1611065293150567,1,1,1,464013,141597,61819,46137,1.3116176960984105,0.24575729489596984
16073,0.1611088721381953,1,0,1,464013,141597,61820,46136,1.3116176960984105,0.2457532772607906
16074,0.1611104603393175,0,6,0,464019,141591,61820,46136,1.311562117899885,0.2457611318563659
16075,0.1611126970541004,0,2,0,464021,141589,61820,46136,1.31154359183371,0.2457637501664669
16076,0.1611176799277521,1,0,1,464021,141589,61821,46135,1.31154359183371,0.24575973237305831
16077,0.1611185377167418,0,1,0,464022,141588,61821,46135,1.3115343288006225,0.24576104153460152
16078,0.1611258445371741,7,39,7,464061,141549,61828,46128,1.3111730705102078,0.24578397992295273
16079,0.1611284616278674,0,1,0,464062,141548,61828,46128,1.3111638074771204,0.24578528954155032
16080,0.1611307988453783,2,16,2,464078,141532,61830,46126,1.3110155989477195,0.2457982073772501
16081,0.1611311558937489,1,3,1,464081,141529,61831,46125,1.3109878098484569,0.24579811781256994
16082,0.1611312545054587,4,15,4,464096,141514,61835,46121,1.3108488643521434,0.24580168945026248
16083,0.1611367249566924,0,1,0,464097,141513,61835,46121,1.310839601319056,0.2458029994563885
16084,0.1611383635152144,0,2,0,464099,141511,61835,46121,1.3108210752528808,0.24580561951053126
16085,0.1611394486866733,5,27,5,464126,141484,61840,46116,1.3105709733595168,0.24582089552238806
16086,0.161141463401494,30,159,30,464285,141325,61870,46086,1.3090981510985957,0.24590872467464556
16087,0.1611417490952086,1,4,1,464289,141321,61871,46085,1.3090610989662455,0.24590994952136006
16088,0.1611446242322165,20,83,20,464372,141238,61891,46065,1.3082922672199786,0.24593839927817493
16089,0.1611452291988861,1,0,1,464372,141238,61892,46064,1.3082922672199786,0.24593437336494003
16090,0.1611498773640155,0,8,0,464380,141230,61892,46064,1.308218162955278,0.2459448781060792
16091,0.1611523918971701,1,7,1,464387,141223,61893,46063,1.3081533217236652,0.24595004431724743
16092,0.1611524149236018,2,3,2,464390,141220,61895,46061,1.3081255326244026,0.2459459315146758
16093,0.161155556571356,2,6,2,464396,141214,61897,46059,1.3080699544258771,0.2459457583314199
16094,0.1611566559550964,2,0,2,464396,141214,61899,46057,1.3080699544258771,0.24593770525067948
16095,0.1611591095659727,2,4,2,464400,141210,61901,46055,1.308032902293527,0.2459349050810349
16096,0.1611627816264721,2,10,2,464410,141200,61903,46053,1.3079402719626514,0.24593998494016117
16097,0.1611656379248546,0,4,0,464414,141196,61903,46053,1.3079032198303013,0.24594523869286353
16098,0.1611660439546028,5,32,5,464446,141164,61908,46048,1.3076068027714995,0.24596713885862018
16099,0.1611672022358641,0,2,0,464448,141162,61908,46048,1.3075882767053244,0.2459697665722985
16100,0.1611673043635879,0,1,0,464449,141161,61908,46048,1.307579013672237,0.24597108045019203
16101,0.1611686701317859,1,1,1,464450,141160,61909,46047,1.3075697506391493,0.24596836656748947
16102,0.16117289459374,0,2,0,464452,141158,61909,46047,1.3075512245729741,0.24597099436446676
16103,0.161175766215145,5,21,5,464473,141137,61914,46042,1.3073567008781355,0.24597844843705757
16104,0.1611829150750033,0,1,0,464474,141136,61914,46042,1.307347437845048,0.24597976257893556
16105,0.1611841062785389,0,1,0,464475,141135,61914,46042,1.3073381748119604,0.24598107673485525
16106,0.161185107553005,0,1,0,464476,141134,61914,46042,1.307328911778873,0.24598239090481686
16107,0.1611856510625482,1,3,1,464479,141131,61915,46041,1.3073011226796103,0.2459823050456265
16108,0.1611882792101474,3,26,3,464505,141105,61918,46038,1.3070602838193337,0.24600439236305927
16109,0.161189842562072,2,7,2,464512,141098,61920,46036,1.3069954425877208,0.24600553613987838
16110,0.1611914411211983,2,5,2,464517,141093,61922,46034,1.306949127422283,0.24600405072490875
16111,0.1611920107583461,11,27,11,464544,141066,61933,46023,1.3066990255289193,0.2459952215255841
16112,0.1611967898413341,0,1,0,464545,141065,61933,46023,1.3066897624958316,0.24599653638929275
16113,0.1611994053599391,0,1,0,464546,141064,61933,46023,1.3066804994627441,0.24599785126705756
16114,0.1612032970965624,0,2,0,464548,141062,61933,46023,1.306661973396569,0.24600048106475667
16115,0.1612050852894421,1,0,1,464548,141062,61934,46022,1.306661973396569,0.24599645079215754
16116,0.1612068122159865,2,7,2,464555,141055,61936,46020,1.306597132164956,0.2459975945476413
16117,0.1612086208845504,0,19,0,464574,141036,61936,46020,1.3064211345362926,0.24602258147292788
16118,0.1612097440610304,0,1,0,464575,141035,61936,46020,1.306411871503205,0.24602389671486996
16119,0.1612116912939554,1,12,1,464587,141023,61937,46019,1.3063007151061543,0.24603564974711561
16120,0.1612197583772545,0,3,0,464590,141020,61937,46019,1.3062729260068917,0.24603959602008138
16121,0.1612212237381673,0,16,0,464606,141004,61937,46019,1.3061247174774908,0.2460606449474129
16122,0.1612227360363766,1,9,1,464615,140995,61938,46018,1.3060413501797028,0.24606845513413506
16123,0.1612247116003483,2,8,2,464623,140987,61940,46016,1.3059672459150025,0.24607091864836392
16124,0.1612255552440025,1,4,1,464627,140983,61941,46015,1.3059301937826522,0.24607215050428347
16125,0.1612338732785161,5,8,5,464635,140975,61946,46010,1.3058560895179518,0.2460625183838276
16126,0.1612364418507338,2,17,2,464652,140958,61948,46008,1.3056986179554633,0.24607682680273418
16127,0.1612423642249694,18,30,18,464682,140928,61966,45990,1.3054207269628366,0.24604371970596733
16128,0.1612490201056876,9,25,9,464707,140903,61975,45981,1.305189151135648,0.24604032447935617
16129,0.1612512259725276,1,0,1,464707,140903,61976,45980,1.305189151135648,0.2460362900852405
16130,0.1612521801736618,0,1,0,464708,140902,61976,45980,1.3051798881025602,0.24603760661807986
16131,0.161255391195217,2,4,2,464712,140898,61978,45978,1.3051428359702102,0.24603480382713672
16132,0.1612572180674824,0,1,0,464713,140897,61978,45978,1.3051335729371225,0.2460361204013378
16133,0.1612608011635015,2,2,2,464715,140895,61980,45976,1.3051150468709474,0.24603068426882715
16134,0.1612617176225355,4,9,4,464724,140886,61984,45972,1.3050316795731594,0.24602639437433774
16135,0.1612651638017077,2,3,2,464727,140883,61986,45970,1.3050038904738968,0.24602227419415262
16136,0.1612666856428311,12,57,12,464784,140826,61998,45958,1.3044758975879063,0.2460489121123865
16137,0.1612710100595368,1,25,1,464809,140801,61999,45957,1.3042443217607174,0.24607781192773537
16138,0.1612711407287875,0,1,0,464810,140800,61999,45957,1.3042350587276297,0.24607912956408595
16139,0.1612727015125646,20,91,20,464901,140709,62019,45937,1.3033921227166623,0.24611832024259828
16140,0.1612749126867264,0,3,0,464904,140706,62019,45937,1.3033643336173997,0.24612227621716326
16141,0.1612764502084638,0,4,0,464908,140702,62019,45937,1.3033272814850494,0.24612755104774459
16142,0.1612769430357838,2,7,2,464915,140695,62021,45935,1.3032624402534365,0.24612870385254246
16143,0.1612794240220583,0,1,0,464916,140694,62021,45935,1.303253177220349,0.24613002266528783
16144,0.1612889911935668,41,195,41,465111,140499,62062,45894,1.301446885768276,0.24622169287473242
16145,0.1612925409242617,1,1,1,465112,140498,62063,45893,1.3014376227351885,0.24621896980004399
16146,0.161295505807682,0,5,0,465117,140493,62063,45893,1.3013913075697507,0.24622557488223365
16147,0.161296704667667,0,8,0,465125,140485,62063,45893,1.3013172033050502,0.24623614375087188
16148,0.1612969687358521,0,3,0,465128,140482,62063,45893,1.3012894142057876,0.24624010731052984
16149,0.1612990522316263,3,4,3,465132,140478,62066,45890,1.3012523620734373,0.24623325892857142
16150,0.1613005350609576,0,3,0,465135,140475,62066,45890,1.3012245729741747,0.24623722265446837
16151,0.1613031489798761,0,1,0,465136,140474,62066,45890,1.301215309941087,0.24623854392479233
16152,0.16130457287303,6,17,6,465153,140457,62072,45884,1.3010578383785987,0.24623673802330137
16153,0.1613056297298354,1,7,1,465160,140450,62073,45883,1.3009929971469858,0.2462419431877338
16154,0.1613081208087488,0,1,0,465161,140449,62073,45883,1.3009837341138983,0.24624326471030203
16155,0.1613158611437294,11,16,11,465177,140433,62084,45872,1.3008355255844974,0.24621990821502376
16156,0.1613215574163889,3,7,3,465184,140426,62087,45869,1.3007706843528846,0.2462170213908049
16157,0.161321695396011,0,2,0,465186,140424,62087,45869,1.3007521582867094,0.24621966472170184
16158,0.1613226442568001,0,2,0,465188,140422,62087,45869,1.3007336322205343,0.2462223081093558
16159,0.1613233930234197,4,33,4,465221,140389,62091,45865,1.300427952128645,0.24624974497192006
16160,0.161324395192166,0,2,0,465223,140387,62091,45865,1.30040942606247,0.24625238923608875
16161,0.1613285603338773,1,0,1,465223,140387,62092,45864,1.30040942606247,0.24624834229077966
16162,0.1613338930321023,1,4,1,465227,140383,62093,45863,1.3003723739301196,0.24624958388368073
16163,0.1613388430406878,0,10,0,465237,140373,62093,45863,1.3002797435992441,0.2462628063317511
16164,0.161339911157113,1,14,1,465251,140359,62094,45862,1.3001500611360184,0.24627727270286381
16165,0.1613401068406937,0,2,0,465253,140357,62094,45862,1.3001315350698432,0.2462799177312734
16166,0.1613424519187193,2,17,2,465270,140340,62096,45860,1.299974063507355,0.24629430719656284
16167,0.1613430231086792,0,7,0,465277,140333,62096,45860,1.299909222275742,0.24630356672914663
16168,0.1613438438663089,2,4,2,465281,140329,62098,45858,1.2998721701433917,0.2463007621369913
16169,0.1613453679354404,0,1,0,465282,140328,62098,45858,1.2998629071103043,0.24630208501176243
16170,0.1613532977651632,2,6,2,465288,140322,62100,45856,1.2998073289117789,0.24630192611371912
16171,0.161353384684633,1,4,1,465292,140318,62101,45855,1.2997702767794286,0.24630316963254606
16172,0.1613544773252725,0,1,0,465293,140317,62101,45855,1.2997610137463411,0.246304492619728
16173,0.1613570300807575,0,4,0,465297,140313,62101,45855,1.2997239616139908,0.24630978471058398
16174,0.1613571404810608,1,0,1,465297,140313,62102,45854,1.2997239616139908,0.24630573624756266
16175,0.1613581979469099,25,185,25,465482,140128,62127,45829,1.2980103004927934,0.2464494479906645
16176,0.161361459503906,14,84,14,465566,140044,62141,45815,1.297232205713439,0.24650407028984336
16177,0.1613668442998531,0,1,0,465567,140043,62141,45815,1.2972229426803512,0.24650539659309795
16178,0.1613722542681376,1,4,1,465571,140039,62142,45814,1.297185890548001,0.246506647726967
16179,0.1613749472859133,1,1,1,465572,140038,62143,45813,1.2971766275149135,0.2465039198067269
16180,0.1613773138766804,0,4,0,465576,140034,62143,45813,1.2971395753825632,0.2465092253305138
16181,0.1613784108224431,1,0,1,465576,140034,62144,45812,1.2971395753825632,0.24650517094798918
16182,0.1613804218947851,0,1,0,465577,140033,62144,45812,1.2971303123494757,0.24650649734994215
16183,0.1613809227547119,3,11,3,465588,140022,62147,45809,1.2970284189855126,0.2465089247757371
16184,0.1613809868315468,1,1,1,465589,140021,62148,45808,1.2970191559524251,0.24650619655704975
16185,0.1613821302565444,41,170,41,465759,139851,62189,45767,1.295444440327541,0.2465655270501783
16186,0.1613832493943097,0,2,0,465761,139849,62189,45767,1.2954259142613658,0.24656818377726059
16187,0.1613848247873746,6,20,6,465781,139829,62195,45761,1.2952406535996146,0.24657039711191336
16188,0.161389805493097,2,5,2,465786,139824,62197,45759,1.2951943384341769,0.24656892064467112
16189,0.1613906781768429,0,1,0,465787,139823,62197,45759,1.2951850754010894,0.24657024926986454
16190,0.1613914511001036,30,140,30,465927,139683,62227,45729,1.2938882507688318,0.24663452203740857
16191,0.1613978616918988,0,1,0,465928,139682,62227,45729,1.2938789877357442,0.24663585224177637
16192,0.1613981093545278,0,1,0,465929,139681,62227,45729,1.2938697247026567,0.24663718246049296
16193,0.1613981161297662,11,29,11,465958,139652,62238,45718,1.2936010967431175,0.24663106219992448
16194,0.1613987208512108,1,0,1,465958,139652,62239,45717,1.2936010967431175,0.24662699804174376
16195,0.1614061073658353,0,10,0,465968,139642,62239,45717,1.293508466412242,0.24664030341121823
16196,0.1614072186467405,0,4,0,465972,139638,62239,45717,1.2934714142798918,0.24664562596099376
16197,0.1614088157596712,0,2,0,465974,139636,62239,45717,1.2934528882137166,0.2466482873220288
16198,0.1614119146889395,0,2,0,465976,139634,62239,45717,1.2934343621475415,0.24665094874049776
16199,0.1614174366251261,7,35,7,466011,139599,62246,45710,1.293110155989477,0.24666907705508098
16200,0.1614185378516097,4,31,4,466042,139568,62250,45706,1.292823001963763,0.24669408551658625
16201,0.1614218364511553,0,5,0,466047,139563,62250,45706,1.2927766867983252,0.24670074324360794
16202,0.1614223128763846,0,3,0,466050,139560,62250,45706,1.2927488976990626,0.24670473805231397
16203,0.1614248328730289,1,8,1,466058,139552,62251,45705,1.292674793434362,0.24671132534803003
16204,0.1614257648704736,5,17,5,466075,139535,62256,45700,1.2925173218718737,0.24671363403244528
16205,0.161431365411959,1,8,1,466083,139527,62257,45699,1.2924432176071734,0.24672022286288103
16206,0.1614314912997407,0,1,0,466084,139526,62257,45699,1.2924339545740857,0.24672155486570388
16207,0.161434603251307,0,2,0,466086,139524,62257,45699,1.2924154285079106,0.24672421891449767
16208,0.1614366514772049,4,12,4,466098,139512,62261,45695,1.29230427211086,0.24672393592034858
16209,0.1614397389221342,7,16,7,466114,139496,62268,45688,1.292156063581459,0.24671677898738553
16210,0.1614406454734118,0,1,0,466115,139495,62268,45688,1.2921468005483716,0.24671811127371304
16211,0.161442385300615,9,33,9,466148,139462,62277,45679,1.2918411204564824,0.24672546869683107
16212,0.1614447314799458,0,4,0,466152,139458,62277,45679,1.291804068324132,0.24673079935399192
16213,0.1614478490981663,5,20,5,466172,139438,62282,45674,1.291618807662381,0.246737110506072
16214,0.161448113822966,0,1,0,466173,139437,62282,45674,1.2916095446292934,0.24673844342043422
16215,0.1614497780895377,2,27,2,466200,139410,62284,45672,1.2913594427359294,0.24676629818134665
16216,0.1614501633881908,4,12,4,466212,139398,62288,45668,1.2912482863388788,0.24676601860957711
16217,0.1614603695296276,4,20,4,466232,139378,62292,45664,1.2910630256771278,0.24677640751829313
16218,0.1614645925669902,2,7,2,466239,139371,62294,45662,1.2909981844455147,0.2467776018331865
16219,0.1614723667904322,1,10,1,466249,139361,62295,45661,1.2909055541146393,0.24678686858860027
16220,0.1614726070411333,8,21,8,466270,139340,62303,45653,1.2907110304198006,0.2467823106820258
16221,0.1614733905243517,0,1,0,466271,139339,62303,45653,1.2907017673867132,0.24678364469814912
16222,0.1614748295369375,0,1,0,466272,139338,62303,45653,1.2906925043536255,0.2467849787286949
16223,0.1614750479706538,0,1,0,466273,139337,62303,45653,1.290683241320538,0.24678631277366345
16224,0.1614751223131975,3,9,3,466282,139328,62306,45650,1.29059987402275,0.24678610429348355
16225,0.1614850013651519,36,188,36,466470,139140,62342,45614,1.2888584238022898,0.2468904597464737
16226,0.1614857620500837,3,21,3,466491,139119,62345,45611,1.2886639001074511,0.24690629567476857
16227,0.1614897215516438,1,5,1,466496,139114,62346,45610,1.2886175849420134,0.24690890192936488
16228,0.1614922533344521,23,107,23,466603,139007,62369,45587,1.287626440401645,0.24695818932359664
16229,0.1614957154341532,3,4,3,466607,139003,62372,45584,1.2875893882692948,0.2469513020960306
16230,0.161495958815606,2,9,2,466616,138994,62374,45582,1.287506020971507,0.24695518377253814
16231,0.1614981573976661,0,2,0,466618,138992,62374,45582,1.2874874949053319,0.2469578597202206
16232,0.1614991947358724,0,3,0,466621,138989,62374,45582,1.287459705806069,0.24696187375048084
16233,0.161504135978632,36,114,36,466735,138875,62410,45546,1.2864037200340879,0.24696753623502746
16234,0.1615090167677539,2,19,2,466754,138856,62412,45544,1.2862277224054244,0.24698481561822125
16235,0.161509454164508,4,11,4,466765,138845,62416,45540,1.2861258290414614,0.24698321446972368
16236,0.1615111457598932,7,24,7,466789,138821,62423,45533,1.28590351624736,0.2469867754428979
16237,0.161511583308524,0,2,0,466791,138819,62423,45533,1.2858849901811849,0.24698945495573685
16238,0.1615134165937831,1,0,1,466791,138819,62424,45532,1.2858849901811849,0.2469853702990491
16239,0.1615143714454174,6,6,6,466797,138813,62430,45526,1.2858294119826597,0.2469688996902446
16240,0.16151963384724,0,3,0,466800,138810,62430,45526,1.2858016228833968,0.2469729190174464
16241,0.1615265116568186,2,26,2,466826,138784,62432,45524,1.2855607840231205,0.2469995876467652
16242,0.1615287228036066,45,238,45,467064,138546,62477,45479,1.2833561821482826,0.2471349001494362
16243,0.1615341862701458,0,8,0,467072,138538,62477,45479,1.2832820778835823,0.24714564415244245
16244,0.1615356540238781,3,0,3,467072,138538,62480,45476,1.2832820778835823,0.24713337028704338
16245,0.1615382249758031,6,19,6,467091,138519,62486,45470,1.2831060802549186,0.24713433955290806
16246,0.1615390526671589,8,40,8,467131,138479,62494,45462,1.2827355589314164,0.24715533785289848
16247,0.1615413369273694,0,2,0,467133,138477,62494,45462,1.2827170328652413,0.24715802521488103
16248,0.1615458078285354,0,2,0,467135,138475,62494,45462,1.2826985067990664,0.24716071263530448
16249,0.1615474162103259,6,8,6,467143,138467,62500,45456,1.2826244025343658,0.24714690386737928
16250,0.1615500009073377,3,14,3,467157,138453,62503,45453,1.28249472007114,0.24715343708198753
16251,0.1615554108756222,1,5,1,467162,138448,62504,45452,1.2824484049057023,0.24715606307775964
16252,0.1615562085112956,0,3,0,467165,138445,62504,45452,1.2824206158064397,0.24716009505320913
16253,0.1615628540421705,1,6,1,467171,138439,62505,45451,1.2823650376079143,0.24716406547392464
16254,0.1615651534909254,1,13,1,467184,138426,62506,45450,1.2822446181777762,0.24717744566990799
16255,0.1615740337341791,0,3,0,467187,138423,62506,45450,1.2822168290785134,0.24718147852050057
16256,0.1615742781379886,0,3,0,467190,138420,62506,45450,1.2821890399792508,0.2471855115026921
16257,0.1615763600124097,0,2,0,467192,138418,62506,45450,1.2821705139130757,0.2471882002306002
16258,0.1615765815077796,4,25,4,467217,138393,62510,45446,1.2819389380858868,0.24720543519057436
16259,0.161576607206602,16,98,16,467315,138295,62526,45430,1.2810311608433065,0.24727173765138113
16260,0.1615772834884214,1,5,1,467320,138290,62527,45429,1.2809848456778687,0.24727437009781242
16261,0.1615775235031515,2,23,2,467343,138267,62529,45427,1.280771795916855,0.24729713545352597
16262,0.1615789750838065,1,6,1,467349,138261,62530,45426,1.2807162177183298,0.24730111548449266
16263,0.1615824289029696,13,58,13,467407,138203,62543,45413,1.2801789617992516,0.247325941094458
16264,0.1615852292477454,7,24,7,467431,138179,62550,45406,1.2799566490051502,0.24732957485633358
16265,0.1615933685643333,0,1,0,467432,138178,62550,45406,1.2799473859720627,0.24733092208471327
16266,0.1615948326254061,0,1,0,467433,138177,62550,45406,1.2799381229389752,0.24733226932777
16267,0.1615983257562374,21,107,21,467540,138070,62571,45385,1.278946978398607,0.24739036821018778
16268,0.1616049572326626,2,7,2,467547,138063,62573,45383,1.278882137166994,0.2473916029785332
16269,0.1616107084661296,0,1,0,467548,138062,62573,45383,1.2788728741339064,0.24739295156586444
16270,0.161612806439491,3,1,3,467549,138061,62576,45380,1.278863611100819,0.24738199203013503
16271,0.1616134967062451,10,27,10,467576,138034,62586,45370,1.2786135092074549,0.2473773745392685
16272,0.1616152455342392,2,11,2,467587,138023,62588,45368,1.2785116158434917,0.24738400466762273
16273,0.1616161184344141,1,0,1,467587,138023,62589,45367,1.2785116158434917,0.24737990075794755
16274,0.1616162322093463,3,17,3,467604,138006,62592,45364,1.2783541442810034,0.24739052189562089
16275,0.1616180897873745,2,10,2,467614,137996,62594,45362,1.2782615139501279,0.24739580492806423
16276,0.1616193240711789,4,17,4,467631,137979,62598,45358,1.2781040423876393,0.2474023246807791
16277,0.1616197361129682,1,8,1,467639,137971,62599,45357,1.278029938122939,0.2474090155349974
16278,0.1616206688811904,0,1,0,467640,137970,62599,45357,1.2780206750898515,0.2474103650853393
16279,0.1616221006242061,11,28,11,467668,137942,62610,45346,1.2777613101634,0.2474029941949282
16280,0.1616239176709915,1,1,1,467669,137941,62611,45345,1.2777520471303123,0.247400237879598
16281,0.1616262033832946,45,212,45,467881,137729,62656,45300,1.2757882841157508,0.24750176201585541
16282,0.161628911694578,1,16,1,467897,137713,62657,45299,1.27564007558635,0.24751928835267634
16283,0.1616298051184309,0,1,0,467898,137712,62657,45299,1.2756308125532625,0.24752064083579675
16284,0.1616331736108125,1,3,1,467901,137709,62658,45298,1.2756030234539997,0.24752058664422671
16285,0.1616339467251296,7,26,7,467927,137683,62665,45291,1.2753621845937233,0.24752697104506652
16286,0.1616373879711632,0,3,0,467930,137680,62665,45291,1.2753343954944607,0.24753102950740827
16287,0.1616392207706075,1,12,1,467942,137668,62666,45290,1.27522323909741,0.2475431519802359
16288,0.161640856022385,3,3,3,467945,137665,62669,45287,1.2751954499981475,0.24753487253487252
16289,0.1616441459300986,0,1,0,467946,137664,62669,45287,1.2751861869650598,0.2475362255467311
16290,0.1616465578590567,1,5,1,467951,137659,62670,45286,1.275139871799622,0.2475388778048047
16291,0.1616522759938946,0,3,0,467954,137656,62670,45286,1.2751120827003595,0.24754293710574937
16292,0.1616662338430261,26,110,26,468064,137546,62696,45260,1.2740931490607283,0.24758487139371793
16293,0.1616740090455973,7,19,7,468083,137527,62703,45253,1.2739171514320649,0.24758179231863442
16294,0.1616744792363991,27,109,27,468192,137418,62730,45226,1.2729074808255214,0.2476183176014542
16295,0.1616749123933576,4,19,4,468211,137399,62734,45222,1.272731483196858,0.2476276003307396
16296,0.1616773306821168,0,4,0,468215,137395,62734,45222,1.2726944310645079,0.2476330243077041
16297,0.1616794728798439,1,8,1,468223,137387,62735,45221,1.2726203267998073,0.24763975291334442
16298,0.1616795475653805,1,12,1,468235,137375,62736,45220,1.2725091704027567,0.2476519072263753
16299,0.1616812300440503,3,9,3,468244,137366,62739,45217,1.2724258031049687,0.24765175290142016
16300,0.1616849575336651,0,1,0,468245,137365,62739,45217,1.2724165400718812,0.24765310928788162
16301,0.1616857551693384,0,6,0,468251,137359,62739,45217,1.2723609618733558,0.24766124791867497
16302,0.1616886375502598,1,5,1,468256,137354,62740,45216,1.272314646707918,0.247663909733253
16303,0.1617012838562985,7,18,7,468274,137336,62747,45209,1.272147912112342,0.24765948122380782
16304,0.1617035803922219,0,1,0,468275,137335,62747,45209,1.2721386490792546,0.24766083793496363
16305,0.161703866367959,0,12,0,468287,137323,62747,45209,1.272027492682204,0.24767711962833913
16306,0.1617193611963916,3,11,3,468298,137312,62750,45206,1.2719255993182408,0.2476796809081844
16307,0.1617217554504087,6,6,6,468304,137306,62756,45200,1.2718700211197154,0.24766309052853056
16308,0.1617229152223761,2,0,2,468304,137306,62758,45198,1.2718700211197154,0.24765484592118528
16309,0.161724601867204,0,9,0,468313,137297,62758,45198,1.2717866538219273,0.24766705937148964
16310,0.1617254969180594,9,30,9,468343,137267,62767,45189,1.271508762829301,0.24767067128513176
16311,0.1617286758634627,0,4,0,468347,137263,62767,45189,1.2714717106969506,0.24767610111152522
16312,0.1617293745711818,0,1,0,468348,137262,62767,45189,1.271462447663863,0.24767745860532417
16313,0.1617428399649742,14,55,14,468403,137207,62781,45175,1.2709529808440476,0.24769439966663376
16314,0.1617488707292217,0,6,0,468409,137201,62781,45175,1.2708974026455222,0.24770254858095364
16315,0.1617542108733421,15,50,15,468459,137151,62796,45160,1.2704342509911446,0.24770858587797775
16316,0.1617570083874117,0,2,0,468461,137149,62796,45160,1.2704157249249695,0.24771130333664274
16317,0.1617584583526208,0,4,0,468465,137145,62796,45160,1.2703786727926192,0.24771673843284606
16318,0.1617607685281964,0,1,0,468466,137144,62796,45160,1.2703694097595317,0.2477180972441636
16319,0.1617634451220874,10,17,10,468483,137127,62806,45150,1.2702119381970431,0.24769992922859166
16320,0.1617659277632172,6,10,6,468493,137117,62812,45144,1.2701193078661677,0.24768875403953672
16321,0.1617684827152145,6,11,6,468504,137106,62818,45138,1.2700174145022045,0.24767893593204715
16322,0.1617685493226849,4,19,4,468523,137087,62822,45134,1.269841416873541,0.2476882466894595
16323,0.1617707790539548,1,1,1,468524,137086,62823,45133,1.2698321538404536,0.24768547736514854
16324,0.1617719946422323,0,2,0,468526,137084,62823,45133,1.2698136277742784,0.2476881959422008
16325,0.1617764394866508,2,13,2,468539,137071,62825,45131,1.2696932083441401,0.24769761034456264
16326,0.161778191354506,1,9,1,468548,137062,62826,45130,1.2696098410463523,0.24770571704575392
16327,0.1617787194381628,7,13,7,468561,137049,62833,45123,1.269489421616214,0.24769448652921414
16328,0.1617819207077579,0,8,0,468569,137041,62833,45123,1.2694153173515135,0.24770536439691707
16329,0.1617833510793054,1,5,1,468574,137036,62834,45122,1.2693690021860757,0.24770803368504266
16330,0.1617867735225379,4,8,4,468582,137028,62838,45118,1.2692948979213754,0.24770239258616714
16331,0.1617895157706993,0,1,0,468583,137027,62838,45118,1.2692856348882877,0.2477037525048725
16332,0.1617924311911174,0,8,0,468591,137019,62838,45118,1.2692115306235874,0.24771463239210045
16333,0.1617964958426062,6,2,6,468593,137017,62844,45112,1.2691930045574122,0.24769256955235025
16334,0.1618001958877366,1,3,1,468596,137014,62845,45111,1.2691652154581496,0.24769251887439944
16335,0.1618009841346993,3,9,3,468605,137005,62848,45108,1.2690818481603616,0.2476923668271897
16336,0.1618012463948591,2,21,2,468626,136984,62850,45106,1.268887324465523,0.24771266955900928
16337,0.1618024806786635,17,84,17,468710,136900,62867,45089,1.2681092296861685,0.2477567325497695
16338,0.1618039650349319,2,13,2,468723,136887,62869,45087,1.2679888102560302,0.2477661643971117
16339,0.1618044590514004,1,3,1,468726,136884,62870,45086,1.2679610211567676,0.24776611529372974
16340,0.1618090195378867,0,1,0,468727,136883,62870,45086,1.26795175812368,0.24776747687792977
16341,0.1618106692888876,5,21,5,468748,136862,62875,45081,1.2677572344288415,0.24777540218639904
16342,0.1618111580066228,25,100,25,468848,136762,62900,45056,1.266830931120086,0.2478082478082478
16343,0.1618117840983953,0,2,0,468850,136760,62900,45056,1.266812405053911,0.24781097373168479
16344,0.1618174399274526,1,4,1,468854,136756,62901,45055,1.2667753529215606,0.2478122885853991
16345,0.1618241272974626,1,3,1,468857,136753,62902,45054,1.266747563822298,0.24781224045278785
16346,0.1618256755044183,0,2,0,468859,136751,62902,45054,1.2667290377561229,0.24781496658507743
16347,0.1618338932983761,2,8,2,468867,136743,62904,45052,1.2666549334914223,0.2478175967435848
16348,0.1618363786465982,0,4,0,468871,136739,62904,45052,1.2666178813590723,0.24782304954590711
16349,0.1618369360215274,1,2,1,468873,136737,62905,45051,1.2665993552928971,0.24782163839197308
16350,0.1618393682992002,0,1,0,468874,136736,62905,45051,1.2665900922598095,0.24782300164478208
16351,0.1618395696847469,0,5,0,468879,136731,62905,45051,1.2665437770943717,0.24782981813380864
16352,0.1618467138539655,2,11,2,468890,136720,62907,45049,1.2664418837304088,0.24783653978401157
16353,0.1618483213135085,2,11,2,468901,136709,62909,45047,1.2663399903664456,0.24784326239573934
16354,0.1618529145313655,0,7,0,468908,136702,62909,45047,1.2662751491348327,0.2478528079934415
16355,0.1618626294873285,0,2,0,468910,136700,62909,45047,1.2662566230686576,0.2478555354421256
16356,0.1618631617099207,3,2,3,468912,136698,62912,45044,1.2662380970024825,0.24784584741006482
16357,0.1618683212658681,4,13,4,468925,136685,62916,45040,1.2661176775723444,0.24784702159856928
16358,0.161870287426467,4,19,4,468944,136666,62920,45036,1.2659416799436807,0.24785638022696502
16359,0.1618740220665668,1,1,1,468945,136665,62921,45035,1.2659324169105932,0.24785360484314806
16360,0.1618752363663655,0,1,0,468946,136664,62921,45035,1.2659231538775058,0.24785496893213502
16361,0.1618757389529604,2,12,2,468958,136652,62923,45033,1.265811997480455,0.24786305969122382
16362,0.1618774570101682,4,7,4,468965,136645,62927,45029,1.265747156248842,0.2478560498475291
16363,0.1618801939787193,0,3,0,468968,136642,62927,45029,1.2657193671495794,0.24786014278558494
16364,0.1618877055786442,1,3,1,468971,136639,62928,45028,1.2656915780503168,0.24786009566954922
16365,0.161893919673685,7,29,7,469000,136610,62935,45021,1.2654229500907777,0.24787068286801262
16366,0.1618966542062855,0,2,0,469002,136608,62935,45021,1.2654044240246025,0.24787341228548304
16367,0.161896794249843,27,96,27,469098,136512,62962,44994,1.2645151728481974,0.24789263164854056
16368,0.1618968842405949,1,9,1,469107,136503,62963,44993,1.2644318055504093,0.24790078018248335
16369,0.1618997423709083,9,30,9,469137,136473,62972,44984,1.2641539145577827,0.2479044622141885
16370,0.1619059861446937,0,3,0,469140,136470,62972,44984,1.26412612545852,0.2479085608473773
16371,0.1619074074556923,1,4,1,469144,136466,62973,44983,1.2640890733261698,0.2479098810133977
16372,0.1619090515135323,2,2,2,469146,136464,62975,44981,1.264070547259995,0.24790432362423875
16373,0.1619130142384215,0,3,0,469149,136461,62975,44981,1.264042758160732,0.24790842252620673
16374,0.1619200415880568,2,5,2,469154,136456,62977,44979,1.2639964429952943,0.24790696392647504
16375,0.1619247839015682,2,9,2,469163,136447,62979,44977,1.2639130756975063,0.24791097098509568
16376,0.161926042500649,3,4,3,469167,136443,62982,44974,1.2638760235651563,0.2479040001763892
16377,0.1619318796680375,7,21,7,469188,136422,62989,44967,1.2636814998703176,0.247903676628682
16378,0.1619320273367063,4,19,4,469207,136403,62993,44963,1.263505502241654,0.24791305977967204
16379,0.1619340616439365,4,6,4,469213,136397,62997,44959,1.2634499240431287,0.24790467368049582
16380,0.1619373232137747,1,11,1,469224,136386,62998,44958,1.2633480306791656,0.24791556379036528
16381,0.1619377459412515,5,66,5,469290,136320,63003,44953,1.262736670495387,0.24798508327219165
16382,0.1619378164635244,0,1,0,469291,136319,63003,44953,1.2627274074622994,0.2479864512997043
16383,0.1619400445508461,2,14,2,469305,136305,63005,44951,1.2625977249990736,0.24799730767533212
16384,0.1619446623021709,2,16,2,469321,136289,63007,44949,1.2624495164696727,0.24801090279080545
16385,0.1619524321420601,1,1,1,469322,136288,63008,44948,1.2624402534365853,0.24800812200666533
16386,0.1619590047534985,1,28,1,469350,136260,63009,44947,1.2621808885101338,0.2480422941718587
16387,0.1619613515178655,5,26,5,469376,136234,63014,44942,1.2619400496498574,0.24805713781074756
16388,0.1619616932663371,2,12,2,469388,136222,63016,44940,1.2618288932528068,0.24806526755059008
16389,0.1619646124308315,8,32,8,469420,136190,63024,44932,1.261532476194005,0.2480758825543004
16390,0.1619653732314971,14,78,14,469498,136112,63038,44918,1.2608099596131757,0.2481246202286914
16391,0.1619712027877741,1,12,1,469510,136100,63039,44917,1.260698803216125,0.24813691531734589
16392,0.1619773636410785,5,21,5,469531,136079,63044,44912,1.2605042795212864,0.24814493538352736
16393,0.1619780338010955,9,53,9,469584,136026,63053,44903,1.260013338767646,0.24818022539228096
16394,0.1619891757956704,0,2,0,469586,136024,63053,44903,1.259994812701471,0.24818296882167945
16395,0.1619921761453714,1,1,1,469587,136023,63054,44902,1.2599855496683834,0.24818018515959653
16396,0.1619926833133531,1,8,1,469595,136015,63055,44901,1.259911445403683,0.24818700391341839
16397,0.1619930224173486,2,28,2,469623,135987,63057,44899,1.2596520804772315,0.2482171091184503
16398,0.1619969317187365,1,3,1,469626,135984,63058,44898,1.2596242913779687,0.2482170696918433
16399,0.1620005965349372,3,5,3,469631,135979,63061,44895,1.259577976212531,0.24821146212280373
16400,0.162002697659653,6,15,6,469646,135964,63067,44889,1.2594390307162178,0.24820710742979105
16401,0.1620055942268424,2,4,2,469650,135960,63069,44887,1.2594019785838675,0.2482042831785985
16402,0.1620068750461032,1,5,1,469655,135955,63070,44886,1.2593556634184297,0.24820698845947545
16403,0.1620202984132857,31,165,31,469820,135790,63101,44855,1.2578272629589833,0.24830468598632677
16404,0.1620212909762932,32,233,32,470053,135557,63133,44823,1.2556689762495832,0.24849207229182838
16405,0.1620262837407527,5,9,5,470062,135548,63138,44818,1.2555856089517952,0.24848363882328156
16406,0.1620326246771757,1,19,1,470081,135529,63139,44817,1.2554096113231317,0.24850565025007484
16407,0.1620386360646782,0,4,0,470085,135525,63139,44817,1.2553725591907814,0.24851116212529528
16408,0.1620430487962303,25,99,25,470184,135426,63164,44792,1.2544555189151136,0.24854343073388896
16409,0.1620444944197379,0,1,0,470185,135425,63164,44792,1.254446255882026,0.24854480986810346
16410,0.1620480863893574,7,23,7,470208,135402,63171,44785,1.2542332061210122,0.24854734248308702
16411,0.1620525000147253,0,2,0,470210,135400,63171,44785,1.254214680054837,0.24855010128479063
16412,0.1620556524670727,7,12,7,470222,135388,63178,44778,1.2541035236577864,0.24853745989809398
16413,0.1620584063683034,4,7,4,470229,135381,63182,44774,1.2540386824261736,0.24853043212788986
16414,0.1620598781487984,0,7,0,470236,135374,63182,44774,1.2539738411945607,0.24854008925994184
16415,0.1620605126372665,1,5,1,470241,135369,63183,44773,1.253927526029123,0.2485428162227576
16416,0.1620612061904859,2,2,2,470243,135367,63185,44771,1.2539089999629478,0.24853723256614374
16417,0.1620627829304019,1,4,1,470247,135363,63186,44770,1.2538719478305977,0.24853857982712774
16418,0.1620696648626477,1,8,1,470255,135355,63187,44769,1.2537978435658972,0.2485454464702094
16419,0.1620742089602137,1,1,1,470256,135354,63188,44768,1.2537885805328097,0.2485426544231132
16420,0.1620764960829269,2,2,2,470258,135352,63190,44766,1.2537700544666346,0.24853707014290632
16421,0.1620792118918994,26,105,26,470363,135247,63216,44740,1.2527974359924414,0.24857350808669515
16422,0.1620881277371991,6,41,6,470404,135206,63222,44734,1.2524176516358516,0.2486050905857508
16423,0.1620912399243799,1,5,1,470409,135201,63223,44733,1.2523713364704139,0.24860782286838506
16424,0.1620946393612486,6,23,6,470432,135178,63229,44727,1.2521582867094,0.2486145465662433
16425,0.1620947634476312,5,12,5,470444,135166,63234,44722,1.2520471303123495,0.24861024637552254
16426,0.1620990687635211,1,7,1,470451,135159,63235,44721,1.2519822890807366,0.24861574382921947
16427,0.1620996462832875,6,18,6,470469,135141,63241,44715,1.2518155544851606,0.24861555911395783
16428,0.1621000472245781,0,13,0,470482,135128,63241,44715,1.2516951350550225,0.24863353035703364
16429,0.1621032814655716,1,5,1,470487,135123,63242,44714,1.2516488198895845,0.2486362650622508
16430,0.1621036292500075,0,1,0,470488,135122,63242,44714,1.251639556856497,0.24863764763451143
16431,0.1621069102991213,1,2,1,470490,135120,63243,44713,1.251621030790322,0.24863623472888735
16432,0.1621080710315498,0,1,0,470491,135119,63243,44713,1.2516117677572345,0.24863761733173184
16433,0.1621087175085188,25,67,25,470558,135052,63268,44688,1.2509911445403683,0.24862579281183933
16434,0.162109067376381,6,34,6,470592,135018,63274,44682,1.2506762014153914,0.24864774624373956
16435,0.1621090989704735,0,3,0,470595,135015,63274,44682,1.2506484123161288,0.24865189736055693
16436,0.162114840843416,13,36,13,470631,134979,63287,44669,1.250314943124977,0.24864735482721767
16437,0.1621187934707305,1,6,1,470637,134973,63288,44668,1.2502593649264515,0.24865147711268587
16438,0.1621260421630681,0,1,0,470638,134972,63288,44668,1.250250101893364,0.2486528612781118
16439,0.1621307378635257,0,1,0,470639,134971,63288,44668,1.2502408388602764,0.24865424545894824
16440,0.162133130657532,1,4,1,470643,134967,63289,44667,1.250203786727926,0.2486555997194295
16441,0.1621385539149148,3,15,3,470658,134952,63292,44664,1.2500648412316129,0.248663816141101
16442,0.1621412951380346,2,4,2,470662,134948,63294,44662,1.2500277890992626,0.2486609876955626
16443,0.1621420126953844,1,3,1,470665,134945,63295,44661,1.25,0.24866095787445855
16444,0.1621438148621471,7,25,7,470690,134920,63302,44654,1.249768424172811,0.24866628799269383
16445,0.1621460355600533,38,153,38,470843,134767,63340,44616,1.2483511801104155,0.2487192208849222
16446,0.1621472326097004,0,6,0,470849,134761,63340,44616,1.24829560191189,0.24872754032010794
16447,0.162150837634336,11,48,11,470897,134713,63351,44605,1.2478509763236874,0.24874803421853914
16448,0.1621552398533744,0,1,0,470898,134712,63351,44605,1.2478417132906,0.24874942141570514
16449,0.1621552825484346,1,0,1,470898,134712,63352,44604,1.2478417132906,0.24874523188114836
16450,0.1621572643067231,2,8,2,470906,134704,63354,44602,1.2477676090258993,0.2487479504311066
16451,0.1621579253263352,0,1,0,470907,134703,63354,44602,1.2477583459928119,0.2487493377206436
16452,0.1621584292957059,18,51,18,470958,134652,63372,44584,1.2472859313053466,0.24874467182932
16453,0.1621605202485631,13,56,13,471014,134596,63385,44571,1.2467672014524436,0.24876790926900602
16454,0.1621653812608531,1,7,1,471021,134589,63386,44570,1.2467023602208307,0.24877343588655887
16455,0.1621661303614635,0,1,0,471022,134588,63386,44570,1.2466930971877432,0.24877482445662488
16456,0.1621690950325265,0,6,0,471028,134582,63386,44570,1.2466375189892178,0.24878315620255426
16457,0.1621710029933134,4,19,4,471047,134563,63390,44566,1.2464615213605543,0.24879276945664855
16458,0.1621710276340248,0,7,0,471054,134556,63390,44566,1.2463966801289414,0.24880249215618405
16459,0.1621718591883926,1,16,1,471070,134540,63391,44565,1.2462484715995406,0.24882052427347087
16460,0.1621767137811566,2,7,2,471077,134533,63393,44563,1.2461836303679277,0.248821860901416
16461,0.1621774462810916,4,18,4,471095,134515,63397,44559,1.2460168957723516,0.24883009258742195
16462,0.1621812127579645,1,2,1,471097,134513,63398,44558,1.2459983697061765,0.24882867689352267
16463,0.1621824558853146,3,17,3,471114,134496,63401,44555,1.2458408981436881,0.24883971605855315
16464,0.1621831397246502,1,14,1,471128,134482,63402,44554,1.2457112156804624,0.24885497888692776
16465,0.1621833074845952,0,2,0,471130,134480,63402,44554,1.2456926896142873,0.24885775886144532
16466,0.1621842414638707,0,2,0,471132,134478,63402,44554,1.2456741635481121,0.24886053889807408
16467,0.1621842421593247,0,7,0,471139,134471,63402,44554,1.2456093223164992,0.24887026951543081
16468,0.1621916273672058,1,3,1,471142,134468,63403,44553,1.2455815332172366,0.24887024427301824
16469,0.1621986197814403,2,4,2,471146,134464,63405,44551,1.2455444810848864,0.2488674133452504
16470,0.1622010984338769,0,2,0,471148,134462,63405,44551,1.2455259550187112,0.24887019378480893
16471,0.1622029072861242,14,50,14,471198,134412,63419,44537,1.2450628033643336,0.2488809660853092
16472,0.1622087585499422,7,17,7,471215,134395,63426,44530,1.2449053318018453,0.24887522705044013
16473,0.1622144698189499,0,1,0,471216,134394,63426,44530,1.2448960687687576,0.2488766180054101
16474,0.1622223180061535,0,2,0,471218,134392,63426,44530,1.2448775427025824,0.24887939996199462
16475,0.1622234393993007,2,4,2,471222,134388,63428,44528,1.2448404905702324,0.2488765677748217
16476,0.162224310105674,0,7,0,471229,134381,63428,44528,1.2447756493386195,0.2488863053284072
16477,0.162225060900489,1,4,1,471233,134377,63429,44527,1.2447385972062692,0.2488876716004114
16478,0.16222685064282,3,16,3,471249,134361,63432,44524,1.2445903886768683,0.24889733627749672
16479,0.1622270453720966,7,29,7,471278,134332,63439,44517,1.2443217607173294,0.24890829694323144
16480,0.1622279873396768,2,4,2,471282,134328,63441,44515,1.244284708584979,0.24890546456948273
16481,0.162228615421564,1,0,1,471282,134328,63442,44514,1.244284708584979,0.24890126480356964
16482,0.1622304500407075,1,1,1,471283,134327,63443,44513,1.2442754455518914,0.24889845672109148
16483,0.1622332105847664,1,4,1,471287,134323,63444,44512,1.2442383934195413,0.24889982385998266
16484,0.1622369243564398,1,2,1,471289,134321,63445,44511,1.2442198673533662,0.2488984074438579
16485,0.1622370906174329,1,1,1,471290,134320,63446,44510,1.2442106043202785,0.24889559917239837
16486,0.1622388323172268,3,11,3,471301,134309,63449,44507,1.2441087109563156,0.2488983088761632
16487,0.162241478787097,1,11,1,471312,134298,63450,44506,1.2440068175923524,0.24890942037090893
16488,0.1622439104281459,1,8,1,471320,134290,63451,44505,1.243932713327652,0.24891635672138482
16489,0.1622549084729589,0,2,0,471322,134288,63451,44505,1.243914187261477,0.24891914112968627
16490,0.1622582246156103,0,1,0,471323,134287,63451,44505,1.2439049242283893,0.2489205333571972
16491,0.1622587222450644,1,0,1,471323,134287,63452,44504,1.2439049242283893,0.24891633247758557
16492,0.1622622551873801,6,19,6,471342,134268,63458,44498,1.2437289265997258,0.2489175794054798
16493,0.1622634393310204,1,10,1,471352,134258,63459,44497,1.2436362962688503,0.24892730273279068
16494,0.1622662835830061,1,4,1,471356,134254,63460,44496,1.2435992441365,0.24892867132867133
16495,0.1622666836928571,0,11,0,471367,134243,63460,44496,1.2434973507725369,0.24894399095888417
16496,0.1622667827690886,0,5,0,471372,134238,63460,44496,1.2434510356070991,0.248950955050522
16497,0.1622696280336641,1,8,1,471380,134230,63461,44495,1.2433769313423988,0.24895789620926004
16498,0.1622740360279424,1,6,1,471386,134224,63462,44494,1.2433213531438734,0.24896205194776128
16499,0.162274719867278,1,4,1,471390,134220,63463,44493,1.2432843010115233,0.2489634217991976
16500,0.1622773146160661,3,8,3,471398,134212,63466,44490,1.2432101967468228,0.2489619590155678
16501,0.1622786116441293,1,4,1,471402,134208,63467,44489,1.2431731446144725,0.2489633289870563
16502,0.1622792315084308,0,1,0,471403,134207,63467,44489,1.243163881581385,0.24896472220978647
16503,0.162283890091338,2,6,2,471409,134201,63469,44487,1.2431083033828596,0.24896467585959886
16504,0.1622900669066059,1,2,1,471411,134199,63470,44486,1.2430897773166847,0.24896325936704256
16505,0.162293323446277,2,4,2,471415,134195,63472,44484,1.2430527251843344,0.24896042623923348
16506,0.1622986626066346,4,13,4,471428,134182,63476,44480,1.242932305754196,0.24896172661226226
16507,0.1623004488806446,1,3,1,471431,134179,63477,44479,1.2429045166549335,0.24896170336620807
16508,0.1623026316056497,1,7,1,471438,134172,63478,44478,1.2428396754233206,0.24896725440806045
16509,0.1623062604391995,1,0,1,471438,134172,63479,44477,1.2428396754233206,0.24896305045088413
16510,0.1623148530494301,0,2,0,471440,134170,63479,44477,1.2428211493571455,0.24896583765750335
16511,0.1623190030972016,2,15,2,471455,134155,63481,44475,1.2426822038608323,0.2489783351060852
16512,0.1623191981051749,1,7,1,471462,134148,63482,44474,1.2426173626292194,0.24898388776298552
16513,0.1623197996125542,1,5,1,471467,134143,63483,44473,1.2425710474637814,0.24898665293142833
16514,0.1623248421699221,12,33,12,471500,134110,63495,44461,1.2422653673718922,0.24898219755727413
16515,0.1623252677824445,5,5,5,471505,134105,63500,44456,1.2422190522064545,0.24896813973936077
16516,0.1623285544121802,0,1,0,471506,134104,63500,44456,1.242209789173367,0.24896953405017921
16517,0.1623366356042518,1,10,1,471516,134094,63501,44455,1.2421171588424913,0.24897927179653764
16518,0.1623408098646288,3,13,3,471529,134081,63504,44452,1.2419967394123532,0.24898478152498418
16519,0.1623415159123098,3,4,3,471533,134077,63507,44449,1.241959687280003,0.24897773993703998
16520,0.1623456591881491,1,8,1,471541,134069,63508,44448,1.2418855830153026,0.24898469053367467
16521,0.1623470168638147,1,5,1,471546,134064,63509,44447,1.2418392678498649,0.24898745735556913
16522,0.1623470608323441,0,1,0,471547,134063,63509,44447,1.2418300048167772,0.2489888521651448
16523,0.1623500132856883,2,3,2,471550,134060,63511,44445,1.2418022157175146,0.24898462227948798
16524,0.1623526500864424,3,11,3,471561,134049,63514,44442,1.2417003223535514,0.24898734389969243
16525,0.1623533238854227,0,3,0,471564,134046,63514,44442,1.2416725332542888,0.2489915288422751
16526,0.1623538353300079,2,9,2,471573,134037,63516,44440,1.2415891659565008,0.24899566890971947
16527,0.1623538988233473,15,53,15,471626,133984,63531,44425,1.2410982252028604,0.2490064963090427
16528,0.1623565920301394,0,2,0,471628,133982,63531,44425,1.2410796991366853,0.2490092877521622
16529,0.1623574739331943,0,5,0,471633,133977,63531,44425,1.2410333839712475,0.24901626663378212
16530,0.1623598703886412,9,30,9,471663,133947,63540,44416,1.2407554929786209,0.24902025644332065
16531,0.1623664513886731,2,4,2,471667,133943,63542,44414,1.2407184408462708,0.2490174201180778
16532,0.1623710254451398,10,4,10,471671,133939,63552,44404,1.2406813887139205,0.24898089636262707
16533,0.1623763962280845,8,21,8,471692,133918,63560,44396,1.240486865019082,0.24897652455780253
16534,0.1623796452264018,0,2,0,471694,133916,63560,44396,1.2404683389529068,0.24897931715195837
16535,0.1623815891873309,2,4,2,471698,133912,63562,44394,1.2404312868205565,0.2489764786378473
16536,0.1623837869591544,10,30,10,471728,133882,63572,44384,1.2401533958279298,0.24897624897624898
16537,0.162385834754984,1,5,1,471733,133877,63573,44383,1.240107080662492,0.2489790194098508
16538,0.1623859850769251,1,7,1,471740,133870,63574,44382,1.2400422394308792,0.24898458362318515
16539,0.1623876289364675,1,0,1,471740,133870,63575,44381,1.2400422394308792,0.24898037037660378
16540,0.1623902427492623,0,5,0,471745,133865,63575,44381,1.2399959242654415,0.24898735455494092
16541,0.1623905239845952,0,2,0,471747,133863,63575,44381,1.2399773981992663,0.24899014833598887
16542,0.1623931792868693,6,57,6,471804,133806,63581,44375,1.2394494053132759,0.24904451091867258
16543,0.1624044649281652,0,7,0,471811,133799,63581,44375,1.239384564081663,0.249054295239485
16544,0.1624045609250196,21,112,21,471923,133687,63602,44354,1.238347104375857,0.24912239315663245
16545,0.1624050286986354,16,66,16,471989,133621,63618,44338,1.2377357441920782,0.2491472754960412
16546,0.162410159830045,3,3,3,471992,133618,63621,44335,1.2377079550928156,0.24913881755294937
16547,0.1624246353945816,14,35,14,472027,133583,63635,44321,1.2373837489347512,0.24912874359204965
16548,0.1624252705269602,0,1,0,472028,133582,63635,44321,1.2373744859016635,0.2491301439548518
16549,0.1624358465616512,0,1,0,472029,133581,63635,44321,1.237365222868576,0.24913154433339704
16550,0.1624385970064424,0,3,0,472032,133578,63635,44321,1.2373374337693135,0.24913574556349388
16551,0.162440896801308,0,6,0,472038,133572,63635,44321,1.237281855570788,0.24914414844878663
16552,0.1624431769800691,2,1,2,472039,133571,63637,44319,1.2372725925377006,0.24913710720107932
16553,0.1624434094408481,6,27,6,472066,133544,63643,44313,1.2370224906443366,0.24914959771052025
16554,0.1624435413110481,1,8,1,472074,133536,63644,44312,1.2369483863796362,0.24915658314965589
16555,0.1624493404097198,57,187,57,472261,133349,63701,44255,1.2352161991922634,0.24917794644264768
16556,0.1624505941917791,0,16,0,472277,133333,63701,44255,1.2350679906628625,0.24920039642318176
16557,0.1624508624417143,1,3,1,472280,133330,63702,44254,1.2350402015636,0.2492003784124696
16558,0.1624515167417348,1,12,1,472292,133318,63703,44253,1.2349290451665493,0.24921299085999404
16559,0.1624528475244777,7,45,7,472337,133273,63710,44246,1.2345122086776095,0.24924655952320596
16560,0.1624543888279649,4,1,4,472338,133272,63714,44242,1.2345029456445218,0.2492310465653413
16561,0.1624619943462817,0,2,0,472340,133270,63714,44242,1.2344844195783466,0.2492338546126459
16562,0.1624753671017822,5,7,5,472347,133263,63719,44237,1.2344195783467338,0.2492225352112676
16563,0.16247768431067,2,4,2,472351,133259,63721,44235,1.2343825262143837,0.24921969193324844
16564,0.1624793138459863,2,6,2,472357,133253,63723,44233,1.2343269480158583,0.24921965676166008
16565,0.1624852054082558,8,32,8,472389,133221,63731,44225,1.2340305309570565,0.24923075189071606
16566,0.162489417046684,0,2,0,472391,133219,63731,44225,1.2340120048908814,0.24923356101079777
16567,0.1624963504684519,4,20,4,472411,133199,63735,44221,1.2338267442291304,0.24924473001916356
16568,0.1624983131685093,0,1,0,472412,133198,63735,44221,1.2338174811960427,0.24924613485590608
16569,0.1624990955026805,0,3,0,472415,133195,63735,44221,1.2337896920967801,0.24925034946115346
16570,0.1625062896347457,2,17,2,472432,133178,63737,44219,1.2336322205342918,0.2492657711235252
16571,0.1625103219650921,4,16,4,472448,133162,63741,44215,1.2334840120048909,0.24927132604565416
16572,0.162516708740849,0,1,0,472449,133161,63741,44215,1.2334747489718034,0.24927273137290276
16573,0.1625192275704992,0,1,0,472450,133160,63741,44215,1.2334654859387157,0.24927413671599719
16574,0.1625241923100002,2,15,2,472465,133145,63743,44213,1.2333265404424025,0.24928675334633904
16575,0.162526134182227,1,2,1,472467,133143,63744,44212,1.2333080143762274,0.24928533167940006
16576,0.1625293028790422,1,0,1,472467,133143,63745,44211,1.2333080143762274,0.24928109881931054
16577,0.1625310437044561,0,4,0,472471,133139,63745,44211,1.2332709622438771,0.2492867211728221
16578,0.1625321419351094,1,6,1,472477,133133,63746,44210,1.233215384045352,0.24929092211138867
16579,0.162533064485065,1,7,1,472484,133126,63747,44209,1.233150542813739,0.24929652916795894
16580,0.1625349895834759,1,4,1,472488,133122,63748,44208,1.2331134906813888,0.2492979191338183
16581,0.1625370554308319,21,93,21,472581,133029,63769,44187,1.2322520286042462,0.24933978873239437
16582,0.1625382305283395,0,1,0,472582,133028,63769,44187,1.2322427655711585,0.2493411957227097
16583,0.162541707468859,7,56,7,472638,132972,63776,44180,1.2317240357182555,0.24939035404624277
16584,0.1625525555856216,1,10,1,472648,132962,63777,44179,1.23163140538738,0.2494001953246284
16585,0.1625532489634254,15,22,15,472670,132940,63792,44164,1.231427618659454,0.24936760321618937
16586,0.1625541820526244,5,17,5,472687,132923,63797,44159,1.2312701470969654,0.2493703482002688
16587,0.1625599006571696,6,18,6,472705,132905,63803,44153,1.2311034125013895,0.2493702628517209
16588,0.1625613954549677,0,2,0,472707,132903,63803,44153,1.2310848864352144,0.2493730797035966
16589,0.1625668170180891,0,5,0,472712,132898,63803,44153,1.2310385712697767,0.24938012211170793
16590,0.1625694369465818,0,2,0,472714,132896,63803,44153,1.2310200452036015,0.24938293918632695
16591,0.1625788870677626,7,46,7,472760,132850,63810,44146,1.230593945681574,0.2494180659449931
16592,0.162584882172811,0,1,0,472761,132849,63810,44146,1.2305846826484865,0.249419475126416
16593,0.16260086570597,0,1,0,472762,132848,63810,44146,1.2305754196153988,0.2494208843237624
16594,0.162602763213937,0,1,0,472763,132847,63810,44146,1.2305661565823114,0.24942229353703255
16595,0.162608908729455,3,3,3,472766,132844,63813,44143,1.2305383674830486,0.24941379875358077
16596,0.1626144538228447,1,2,1,472768,132842,63814,44142,1.2305198414168736,0.2494123762600009
16597,0.1626152340338971,61,219,61,472987,132623,63875,44081,1.228491237170699,0.24946237776168054
16598,0.162617338563027,1,10,1,472997,132613,63876,44080,1.2283986068398236,0.24947224847617053
16599,0.1626175684849032,0,1,0,472998,132612,63876,44080,1.2283893438067361,0.2494736603807756
16600,0.1626185541513044,2,0,2,472998,132612,63878,44078,1.2283893438067361,0.24946516497821042
16601,0.1626197010358,2,5,2,473003,132607,63880,44076,1.2283430286412984,0.2494637288250709
16602,0.162620384909535,0,9,0,473012,132598,63880,44076,1.2282596613435104,0.24947643682715057
16603,0.162623062207924,0,1,0,473013,132597,63880,44076,1.2282503983104227,0.24947784890730332
16604,0.162629224778881,0,1,0,473014,132596,63880,44076,1.2282411352773352,0.2494792610034414
16605,0.162636204913072,21,66,21,473080,132530,63901,44055,1.2276297750935565,0.2494832516918198
16606,0.162638404139334,0,1,0,473081,132529,63901,44055,1.227620512060469,0.24948466452226703
16607,0.1626402441028047,50,183,50,473264,132346,63951,44005,1.2259253770054466,0.24953076534865126
16608,0.1626465683332229,5,22,5,473286,132324,63956,44000,1.2257215902775205,0.24954061840702343
16609,0.1626480597748597,18,122,18,473408,132202,63974,43982,1.224591500240839,0.24963674340462244
16610,0.1626503057737331,0,2,0,473410,132200,63974,43982,1.2245729741746638,0.24963957725533822
16611,0.1626510929856527,0,1,0,473411,132199,63974,43982,1.2245637111415761,0.24964099420482344
16612,0.1626516806147099,2,5,2,473416,132194,63976,43980,1.2245173959761384,0.24963956088866687
16613,0.1626525719697076,1,5,1,473421,132189,63977,43979,1.2244710808107007,0.249642386812588
16614,0.162653738968043,0,2,0,473423,132187,63977,43979,1.2244525547445255,0.24964522098475303
16615,0.1626581718717926,0,4,0,473427,132183,63977,43979,1.2244155026121752,0.2496508895221444
16616,0.1626612961313278,4,13,4,473440,132170,63981,43975,1.2242950831820372,0.24965227511425248
16617,0.1626630382688057,4,15,4,473455,132155,63985,43971,1.2241561376857237,0.2496564959176953
16618,0.1626666020888748,8,22,8,473477,132133,63993,43963,1.2239523509577976,0.24965359803743412
16619,0.1626669072792283,5,7,5,473484,132126,63998,43958,1.2238875097261848,0.2496422162149883
16620,0.1626707882255296,10,45,10,473529,132081,64008,43948,1.223470673237245,0.24966340773395293
16621,0.162670985043507,3,5,3,473534,132076,64011,43945,1.223424358071807,0.2496577112958113
16622,0.1626768749753266,0,1,0,473535,132075,64011,43945,1.2234150950387195,0.2496591296443586
16623,0.1626773593746617,0,1,0,473536,132074,64011,43945,1.223405832005632,0.24966054800902177
16624,0.1626881528850972,0,2,0,473538,132072,64011,43945,1.2233873059394569,0.24966338478669675
16625,0.162689705009571,0,2,0,473540,132070,64011,43945,1.2233687798732817,0.24966622162883845
16626,0.1626948694810933,1,5,1,473545,132065,64012,43944,1.223322464707844,0.24966905101443676
16627,0.1626963515680267,0,3,0,473548,132062,64012,43944,1.2232946756085812,0.24967330659182074
16628,0.1626963636761319,1,4,1,473552,132058,64013,43943,1.2232576234762311,0.24967471775728547
16629,0.1626988863063572,1,7,1,473559,132051,64014,43942,1.2231927822446182,0.24968038501531312
16630,0.1627013666078175,18,45,18,473604,132006,64032,43924,1.2227759457556782,0.24966748138464162
16631,0.1627015091047983,4,7,4,473611,131999,64036,43920,1.2227111045240653,0.24966035504976722
16632,0.1627022078722284,1,1,1,473612,131998,64037,43919,1.2227018414909778,0.2496575089388746
16633,0.1627116203279334,2,9,2,473621,131989,64039,43917,1.2226184741931898,0.24966175116255274
16634,0.1627117275954128,0,2,0,473623,131987,64039,43917,1.2225999481270147,0.2496645897762416
16635,0.162714226588206,2,7,2,473630,131980,64041,43915,1.2225351068954018,0.24966599391682537
16636,0.162715889098773,4,16,4,473646,131964,64045,43911,1.222386898366001,0.24967164179104478
16637,0.1627169181635493,1,5,1,473651,131959,64046,43910,1.2223405832005632,0.24967447361388306
16638,0.1627237390205658,1,17,1,473668,131942,64047,43909,1.2221831116380748,0.24969434350671876
16639,0.1627291254552411,1,2,1,473670,131940,64048,43908,1.2221645855718997,0.24969291660979936
16640,0.1627304309422164,2,2,2,473672,131938,64050,43906,1.2221460595057245,0.24968722276563318
16641,0.1627305368206369,1,5,1,473677,131933,64051,43905,1.2220997443402868,0.24969005561937693
16642,0.1627311562322758,1,19,1,473696,131914,64052,43904,1.2219237467116233,0.24971277116108703
16643,0.1627318242454324,14,52,14,473748,131862,64066,43890,1.2214420689910703,0.24972688788747782
16644,0.1627323098719798,0,2,0,473750,131860,64066,43890,1.2214235429248954,0.24972972972972973
16645,0.1627334580554133,0,1,0,473751,131859,64066,43890,1.2214142798918077,0.24973115067511054
16646,0.1627336542829879,0,1,0,473752,131858,64066,43890,1.2214050168587203,0.24973257163666157
16647,0.16273640557091,16,35,16,473787,131823,64082,43874,1.2210808107006559,0.24971399625491614
16648,0.1627584943289985,0,1,0,473788,131822,64082,43874,1.2210715476675682,0.24971541753938623
16649,0.1627640259074274,0,3,0,473791,131819,64082,43874,1.2210437585683056,0.24971968148987153
16650,0.1627691847154438,0,1,0,473792,131818,64082,43874,1.2210344955352181,0.24972110283905927
16651,0.1627717433188259,3,6,3,473798,131812,64085,43871,1.2209789173366927,0.2497168194987563
16652,0.1627739425201179,17,85,17,473883,131727,64102,43854,1.2201915595242505,0.2497650656961744
16653,0.1627745957811294,0,1,0,473884,131726,64102,43854,1.220182296491163,0.24976648821050235
16654,0.1627764808784631,0,2,0,473886,131724,64102,43854,1.220163770424988,0.24976933328776954
16655,0.162781265567237,5,11,5,473897,131713,64107,43849,1.2200618770610248,0.24976361627231405
16656,0.1627837778427188,13,50,13,473947,131663,64120,43836,1.2195987254066472,0.24977920102108844
16657,0.1627852537278452,6,21,6,473968,131642,64126,43830,1.2194042017118085,0.24978344123278928
16658,0.162786449623721,0,1,0,473969,131641,64126,43830,1.219394938678721,0.24978486473548336
16659,0.1627869854523387,0,3,0,473972,131638,64126,43830,1.2193671495794582,0.24978913534091687
16660,0.1627870054968497,1,12,1,473984,131626,64127,43829,1.2192559931824076,0.24980194351828103
16661,0.1627909734842841,27,91,27,474075,131535,64154,43802,1.2184130571714402,0.2498160684852598
16662,0.1627983661445503,1,1,1,474076,131534,64155,43801,1.2184037941383528,0.2498132147032823
16663,0.1627985521176643,0,1,0,474077,131533,64155,43801,1.218394531105265,0.2498146394880628
16664,0.1627986234445717,10,48,10,474125,131485,64165,43791,1.2179499055170626,0.2498402519455031
16665,0.162812703975606,9,15,9,474140,131470,64174,43782,1.2178109600207492,0.2498231118617762
16666,0.1628127381640618,1,3,1,474143,131467,64175,43781,1.2177831709214866,0.24982310782434036
16667,0.1628184145935484,0,1,0,474144,131466,64175,43781,1.217773907888399,0.24982453337289653
16668,0.1628199106622711,2,6,2,474150,131460,64177,43779,1.2177183296898737,0.24982452536250493
16669,0.1628212071294233,0,2,0,474152,131458,64177,43779,1.2176998036236986,0.2498273766384953
16670,0.1628292640110545,0,1,0,474153,131457,64177,43779,1.2176905405906109,0.24982880230089707
16671,0.1628296424303758,6,3,6,474156,131454,64183,43773,1.2176627514913483,0.24980739269633104
16672,0.1628309132658603,2,14,2,474170,131440,64185,43771,1.2175330690281225,0.24981878991615825
16673,0.162841903822998,1,4,1,474174,131436,64186,43770,1.2174960168957722,0.2498202116365878
16674,0.1628440403232234,0,1,0,474175,131435,64186,43770,1.2174867538626848,0.24982163751034503
16675,0.1628464648215921,0,2,0,474177,131433,64186,43770,1.2174682277965096,0.24982448930668996
16676,0.1628467215761107,4,17,4,474194,131416,64190,43766,1.2173107562340213,0.24983160370357685
16677,0.1628501268176845,1,0,1,474194,131416,64191,43765,1.2173107562340213,0.249827321456094
16678,0.1628508857883979,1,7,1,474201,131409,64192,43764,1.2172459150024084,0.24983302221232725
16679,0.1628516071666321,1,10,1,474211,131399,64193,43763,1.217153284671533,0.24984300247770636
16680,0.1628583814982638,1,3,1,474214,131396,64194,43762,1.2171254955722701,0.24984299889242856
16681,0.1628625935753089,1,2,1,474216,131394,64195,43761,1.217106969506095,0.24984156889612058
16682,0.1628630047134561,1,0,1,474216,131394,64196,43760,1.217106969506095,0.24983728604542288
16683,0.1628632074775556,25,130,25,474346,131264,64221,43735,1.2159027752047131,0.24991571380407887
16684,0.1628632478952768,8,49,8,474395,131215,64229,43727,1.215448886583423,0.2499514124681323
16685,0.1628659237159268,1,1,1,474396,131214,64230,43726,1.2154396235503353,0.24994855378987083
16686,0.1628659522289529,5,13,5,474409,131201,64235,43721,1.2153192041201972,0.24994569007900663
16687,0.1628668014711755,6,10,6,474419,131191,64241,43715,1.2152265737893215,0.24993425039735628
16688,0.1628717005455466,3,23,3,474442,131168,64244,43712,1.2150135240283078,0.24995425434583715
16689,0.1628742644007139,1,4,1,474446,131164,64245,43711,1.2149764718959577,0.24995568263045032
16690,0.1628763628470623,0,3,0,474449,131161,64245,43711,1.2149486827966949,0.24995997072144197
16691,0.1628893433357764,1,0,1,474449,131161,64246,43710,1.2149486827966949,0.24995568161673462
16692,0.1628931832997835,3,10,3,474459,131151,64249,43707,1.2148560524658194,0.24995710805339189
16693,0.1628956578179738,20,130,20,474589,131021,64269,43687,1.2136518581644373,0.25005723836344074
16694,0.1628981936418454,0,7,0,474596,131014,64269,43687,1.2135870169328244,0.2500672577718502
16695,0.1628999355939074,0,6,0,474602,131008,64269,43687,1.2135314387342993,0.2500758464752855
16696,0.1629017187312694,1,16,1,474618,130992,64270,43686,1.2133832302048984,0.25009445951980214
16697,0.1629034891781607,4,15,4,474633,130977,64274,43682,1.213244284708585,0.2500987638770404
16698,0.1629052723071681,1,6,1,474639,130971,64275,43681,1.2131887065100597,0.25010306208918304
16699,0.1629065532723972,0,1,0,474640,130970,64275,43681,1.213179443476972,0.2501044941053873
16700,0.1629073882739167,1,2,1,474642,130968,64276,43680,1.213160917410797,0.2501030644496358
16701,0.1629097818635136,22,102,22,474744,130866,64298,43658,1.2122160880358666,0.25015470651600924
16702,0.1629099947361761,2,0,2,474744,130866,64300,43656,1.2122160880358666,0.25014611338398596
16703,0.1629161982643754,1,5,1,474749,130861,64301,43655,1.2121697728704286,0.2501489834742946
16704,0.1629166146628979,0,2,0,474751,130859,64301,43655,1.2121512468042537,0.2501518502813528
16705,0.1629168239741326,1,13,1,474764,130846,64302,43654,1.2120308273741154,0.25016618911174787
16706,0.162920520142327,14,35,14,474799,130811,64316,43640,1.211706621216051,0.2501562043209841
16707,0.1629240436655782,28,84,28,474883,130727,64344,43612,1.2109285264366965,0.2501563046707851
16708,0.1629300050727932,3,35,3,474918,130692,64347,43609,1.210604320278632,0.2501936305586313
16709,0.162931036801469,11,33,11,474951,130659,64358,43598,1.2102986401867428,0.25019367945046683
16710,0.162931426912054,0,12,0,474963,130647,64358,43598,1.210187483789692,0.25021090992567935
16711,0.1629326113330658,6,47,6,475010,130600,64364,43592,1.209752121234577,0.25025259483788004
16712,0.1629465109533711,9,24,9,475034,130576,64373,43583,1.2095298084404758,0.2502483362904013
16713,0.1629479103399352,3,6,3,475040,130570,64376,43580,1.2094742302419503,0.2502440424921045
16714,0.1629522911374149,1,1,1,475041,130569,64377,43579,1.2094649672088629,0.25024117417369135
16715,0.1629544922628279,0,1,0,475042,130568,64377,43579,1.2094557041757754,0.2502426111273809
16716,0.1629566772431676,2,8,2,475050,130560,64379,43577,1.2093815999110749,0.2502454963620598
16717,0.1629579527332786,0,1,0,475051,130559,64379,43577,1.2093723368779874,0.250246933431341
16718,0.1629629892749977,0,2,0,475053,130557,64379,43577,1.2093538108118123,0.2502498076194195
16719,0.1629666705040446,1,14,1,475067,130543,64380,43576,1.2092241283485865,0.250265622936038
16720,0.1629685328167188,0,1,0,475068,130542,64380,43576,1.2092148653154988,0.25026706026947243
16721,0.1629700088116031,2,1,2,475069,130541,64382,43574,1.2092056022824114,0.2502598857077219
16722,0.1629700195357777,0,2,0,475071,130539,64382,43574,1.2091870762162362,0.2502627603912402
16723,0.1629719046331115,0,1,0,475072,130538,64382,43574,1.2091778131831488,0.2502641977577651
16724,0.1629797413851756,2,9,2,475081,130529,64384,43572,1.2090944458853607,0.25026852229453017
16725,0.1629801414911472,10,42,10,475123,130487,64394,43562,1.2087053984956835,0.2502858390453263
16726,0.162984653298046,0,1,0,475124,130486,64394,43562,1.2086961354625958,0.25028727707299137
16727,0.1629847634424113,0,1,0,475125,130485,64394,43562,1.2086868724295083,0.250288715117181
16728,0.1629871268580271,0,1,0,475126,130484,64394,43562,1.2086776093964207,0.2502901531778955
16729,0.1629872379606017,8,12,8,475138,130472,64402,43554,1.20856645299937,0.25027294772045555
16730,0.1629876808269884,30,111,30,475249,130361,64432,43524,1.2075382563266517,0.25030336141702847
16731,0.1629913296068439,21,109,21,475358,130252,64453,43503,1.2065285857201082,0.2503697735316969
16732,0.1629915255963668,0,3,0,475361,130249,64453,43503,1.2065007966208456,0.2503740964132787
16733,0.16299446399261,1,3,1,475364,130246,64454,43502,1.2064730075215828,0.25037410502566937
16734,0.1629951480791602,0,4,0,475368,130242,64454,43502,1.2064359553892325,0.25037986923289435
16735,0.1629956907289712,1,0,1,475368,130242,64455,43501,1.2064359553892325,0.25037555469860656
16736,0.1629977608167561,3,24,3,475392,130218,64458,43498,1.2062136425951313,0.25039720002763133
16737,0.1630012472035894,0,1,0,475393,130217,64458,43498,1.2062043795620438,0.25039864145295454
16738,0.1630024081528192,0,1,0,475394,130216,64458,43498,1.2061951165289562,0.2504000828948732
16739,0.1630043910518145,0,2,0,475396,130214,64458,43498,1.206176590462781,0.25040296582849775
16740,0.1630053902417095,10,20,10,475416,130194,64468,43488,1.20599132980103,0.2503886413099803
16741,0.1630091015063776,3,6,3,475422,130188,64471,43485,1.2059357516025047,0.25038434298941115
16742,0.1630118645392938,23,124,23,475546,130064,64494,43462,1.204787135499648,0.2504639074259765
16743,0.1630161826452106,2,9,2,475555,130055,64496,43460,1.20470376820186,0.2504682592283088
16744,0.163017431284003,0,1,0,475556,130054,64496,43460,1.2046945051687725,0.2504697027329207
16745,0.1630202626900705,0,5,0,475561,130049,64496,43460,1.2046481900033348,0.2504769205055645
16746,0.1630219529899017,7,42,7,475603,130007,64503,43453,1.2042591426136575,0.2505073215726969
16747,0.1630224612362159,21,75,21,475678,129932,64524,43432,1.2035644151320908,0.25052490713181513
16748,0.1630263196816313,0,1,0,475679,129931,64524,43432,1.2035551520990033,0.25052635222048536
16749,0.163027986013389,0,1,0,475680,129930,64524,43432,1.2035458890659156,0.25052779732582686
16750,0.163029852056847,0,2,0,475682,129928,64524,43432,1.2035273629997407,0.25053068758652514
16751,0.1630324893816985,2,17,2,475699,129911,64526,43430,1.2033698914372521,0.25054661043838444
16752,0.1630338388807451,1,1,1,475700,129910,64527,43429,1.2033606284041647,0.25054373222413884
16753,0.1630374349885782,10,35,10,475735,129875,64537,43419,1.2030364222461003,0.2505510865927268
16754,0.1630413520807783,1,8,1,475743,129867,64538,43418,1.2029623179813997,0.2505583287647517
16755,0.1630455505723328,0,1,0,475744,129866,64538,43418,1.2029530549483123,0.2505597747051084
16756,0.1630501175960952,0,1,0,475745,129865,64538,43418,1.2029437919152248,0.2505612206621538
16757,0.1630535903236211,13,31,13,475776,129834,64551,43405,1.2026566378895105,0.25054981845889207
16758,0.1630546944171246,0,4,0,475780,129830,64551,43405,1.2026195857571602,0.25055560365976853
16759,0.1630573948114304,1,11,1,475791,129819,64552,43404,1.2025176923931973,0.2505671879600284
16760,0.1630607727972484,1,5,1,475796,129814,64553,43403,1.2024713772277595,0.2505700941593493
16761,0.1630696881553622,0,4,0,475800,129810,64553,43403,1.2024343250954093,0.25057588056323715
16762,0.1630723097167377,3,3,3,475803,129807,64556,43400,1.2024065359961467,0.2505672403540273
16763,0.1630754487424189,0,2,0,475805,129805,64556,43400,1.2023880099299715,0.25057013365664965
16764,0.1630768192730832,5,32,5,475837,129773,64561,43395,1.2020915928711697,0.2505947981151252
16765,0.163079114158161,2,7,2,475844,129766,64563,43393,1.2020267516395569,0.25059627278974816
16766,0.1630828819930909,0,1,0,475845,129765,64563,43393,1.2020174886064694,0.250597720001386
16767,0.1630880985167018,0,1,0,475846,129764,64563,43393,1.2020082255733817,0.25059916722973946
16768,0.1630953593485557,3,14,3,475860,129750,64566,43390,1.201878543110156,0.25060644565091833
16769,0.1630972487333462,0,7,0,475867,129743,64566,43390,1.201813701878543,0.25061657800650367
16770,0.1631034446819216,7,22,7,475889,129721,64573,43383,1.201609915150617,0.2506181255199187
16771,0.1631039547104041,1,15,1,475904,129706,64574,43382,1.2014709696543036,0.25063551488260305
16772,0.1631140413788436,7,23,7,475927,129683,64581,43375,1.2012579198932898,0.25063851425533634
16773,0.1631224658634946,3,9,3,475936,129674,64584,43372,1.2011745525955018,0.2506385585335691
16774,0.1631265693526945,0,1,0,475937,129673,64584,43372,1.2011652895624143,0.25064000693461236
16775,0.1631356411448911,21,57,21,475994,129616,64605,43351,1.2006372966764238,0.2506316233732446
16776,0.1631386679575358,21,118,21,476112,129498,64626,43330,1.1995442587720924,0.25071169023537854
16777,0.1631424255463966,1,13,1,476125,129485,64627,43329,1.199423839341954,0.2507262143113405
16778,0.1631433340945835,2,14,2,476139,129471,64629,43327,1.1992941568787283,0.25073785576221946
16779,0.1631435496452446,1,0,1,476139,129471,64630,43326,1.1992941568787283,0.2507335196791611
16780,0.1631472919434098,11,41,11,476180,129430,64641,43315,1.1989143725221387,0.2507453182436539
16781,0.1631474163797405,2,28,2,476208,129402,64643,43313,1.1986550075956872,0.2507772920707524
16782,0.1631478086996821,1,16,1,476224,129386,64644,43312,1.1985067990662863,0.2507961875644188
16783,0.1631583670164135,19,39,19,476263,129347,64663,43293,1.1981455407758717,0.2507703892493049
16784,0.1631610604530312,0,2,0,476265,129345,64663,43293,1.1981270147096965,0.2507732944079519
16785,0.1631615949328892,1,19,1,476284,129326,64664,43292,1.197951017081033,0.2507965565584122
16786,0.1631629800534084,1,0,1,476284,129326,64665,43291,1.197951017081033,0.25079221629387605
16787,0.1631640407575132,15,87,15,476371,129239,64680,43276,1.197145133202416,0.2508535489667565
16788,0.1631664005099816,2,6,2,476377,129233,64682,43274,1.1970895550038905,0.25085358855002987
16789,0.1631674698686376,0,1,0,476378,129232,64682,43274,1.197080291970803,0.2508550427231517
16790,0.163176944327248,13,17,13,476395,129215,64695,43261,1.1969228204083144,0.2508233029522948
16791,0.1631805199446387,1,24,1,476419,129191,64696,43260,1.1967005076142132,0.25085386573577423
16792,0.1631825506126754,2,7,2,476426,129184,64698,43258,1.1966356663826003,0.25085536006309367
16793,0.1631831205378024,0,9,0,476435,129175,64698,43258,1.1965522990848123,0.25086845325430746
16794,0.1631851565142991,0,2,0,476437,129173,64698,43258,1.1965337730186372,0.2508713630379688
16795,0.1631857627794024,6,20,6,476457,129153,64704,43252,1.1963485123568862,0.2508743945941243
16796,0.1631895842043892,0,1,0,476458,129152,64704,43252,1.1963392493237985,0.2508758497482657
16797,0.1631912164248476,0,1,0,476459,129151,64704,43252,1.196329986290711,0.25087730491928795
16798,0.1631927778113002,1,11,1,476470,129140,64705,43251,1.196228092926748,0.25088896752150636
16799,0.1631966795135834,1,14,1,476484,129126,64706,43250,1.1960984104635222,0.25090499837564395
16800,0.1631970871706483,4,20,4,476504,129106,64710,43246,1.195913149801771,0.2509167285555143
16801,0.1632159850407012,0,3,0,476507,129103,64710,43246,1.1958853607025084,0.2509210961479324
16802,0.1632163269539107,0,10,0,476517,129093,64710,43246,1.195792730371633,0.25093565588752403
16803,0.1632229552956718,0,1,0,476518,129092,64710,43246,1.1957834673385452,0.25093711195441515
16804,0.1632264923709949,14,47,14,476565,129045,64724,43232,1.1953481047834302,0.2509446995246028
16805,0.1632270003105555,0,1,0,476566,129044,64724,43232,1.1953388417503428,0.25094615616800947
16806,0.1632286344534045,1,0,1,476566,129044,64725,43231,1.1953388417503428,0.2509418081555652
16807,0.1632302481001636,6,21,6,476587,129023,64731,43225,1.1951443180555041,0.2509463099716688
16808,0.1632318700814265,12,18,12,476605,129005,64743,43213,1.194977583459928,0.25092034514394546
16809,0.1632407022208564,2,13,2,476618,128992,64745,43211,1.1948571640297898,0.25093058773656673
16810,0.1632472325445412,13,51,13,476669,128941,64758,43198,1.1943847493423247,0.25094836149855637
16811,0.163248349268552,3,10,3,476679,128931,64761,43195,1.194292119011449,0.2509498855489583
16812,0.1632530977748466,1,1,1,476680,128930,64762,43194,1.1942828559783616,0.25094699170365553
16813,0.1632561965518968,1,15,1,476695,128915,64763,43193,1.1941439104820482,0.25096451065609965
16814,0.163261245542392,1,7,1,476702,128908,64764,43192,1.1940790692504353,0.25097036606624057
16815,0.1632651878029339,8,29,8,476731,128879,64772,43184,1.1938104412908963,0.25097783951227165
16816,0.1632722556717864,7,14,7,476745,128865,64779,43177,1.1936807588276706,0.2509677869357482
16817,0.16327500673209,1,1,1,476746,128864,64780,43176,1.1936714957945829,0.250964891885608
16818,0.1632762145387336,13,77,13,476823,128787,64793,43163,1.1929582422468412,0.25102064553649317
16819,0.1632769630377833,3,11,3,476834,128776,64796,43160,1.1928563488828783,0.25102363670202865
16820,0.1632772671743511,2,5,2,476839,128771,64798,43158,1.1928100337174405,0.25102222429025933
16821,0.1632782272569136,2,7,2,476846,128764,64800,43156,1.1927451924858277,0.25102373196835737
16822,0.163284357953928,0,1,0,476847,128763,64800,43156,1.19273592945274,0.2510251920962779
16823,0.1632886673132761,0,11,0,476858,128752,64800,43156,1.1926340360887768,0.2510412546245666
16824,0.1632896635468743,12,46,12,476904,128706,64812,43144,1.1922079365667495,0.25105615362234507
16825,0.1632908347907181,0,1,0,476905,128705,64812,43144,1.1921986735336618,0.25105761453368947
16826,0.163291141590932,1,2,1,476907,128703,64813,43143,1.1921801474674867,0.25105617820606824
16827,0.1632920950840261,0,4,0,476911,128699,64813,43143,1.1921430953351366,0.25106202209005946
16828,0.1632958569157102,0,4,0,476915,128695,64813,43143,1.1921060432027863,0.25106786624611555
16829,0.1633041643368752,1,8,1,476923,128687,64814,43142,1.1920319389380858,0.2510751968526849
16830,0.1633045666584246,0,1,0,476924,128686,64814,43142,1.1920226759049983,0.25107665805340224
16831,0.1633085480538857,0,1,0,476925,128685,64814,43142,1.1920134128719109,0.25107811927112733
16832,0.1633086554225073,3,18,3,476943,128667,64817,43139,1.1918466782763348,0.2510913472172101
16833,0.163311092891033,4,2,4,476945,128665,64821,43135,1.1918281522101597,0.2510768335273574
16834,0.1633166980929063,2,10,2,476955,128655,64823,43133,1.1917355218792842,0.2510827298763592
16835,0.1633301921693125,1,0,1,476955,128655,64824,43132,1.1917355218792842,0.2510783703074156
16836,0.1633426351728678,3,6,3,476961,128649,64827,43129,1.1916799436807588,0.2510740607062604
16837,0.1633439400577293,0,5,0,476966,128644,64827,43129,1.191633628515321,0.2510813690160852
16838,0.1633464936600449,1,4,1,476970,128640,64828,43128,1.1915965763829708,0.25108285594522844
16839,0.1633475015698809,30,89,30,477059,128551,64858,43098,1.1907721664381785,0.2510821502018654
16840,0.1633493730853246,0,3,0,477062,128548,64858,43098,1.190744377338916,0.2510865385735758
16841,0.1633514206906068,0,8,0,477070,128540,64858,43098,1.1906702730742154,0.2510982416481199
16842,0.1633677946813613,0,14,0,477084,128526,64858,43098,1.1905405906109896,0.25111872465389456
16843,0.1633702488788992,0,1,0,477085,128525,64858,43098,1.1905313275779021,0.25112018785360934
16844,0.1633739171768579,0,4,0,477089,128521,64858,43098,1.1904942754455519,0.2511260408229858
16845,0.1633791884602091,27,86,27,477175,128435,64885,43071,1.1896976546000222,0.2511340711112148
16846,0.1633820933804728,1,11,1,477186,128424,64886,43070,1.189595761236059,0.2511458126814932
16847,0.1633828730334265,0,2,0,477188,128422,64886,43070,1.1895772351698841,0.25114874163226275
16848,0.1633838913795181,62,284,62,477472,128138,64948,43008,1.1869465337730187,0.2512942166337513
16849,0.1633859724058735,17,44,17,477516,128094,64965,42991,1.1865389603171663,0.25128444925037263
16850,0.1633873945882495,1,18,1,477534,128076,64966,42990,1.1863722257215903,0.25130651327557785
16851,0.1633956676473346,8,30,8,477564,128046,64974,42982,1.1860943347289636,0.251315574058049
16852,0.1633960972360361,7,45,7,477609,128001,64981,42975,1.1856774982400238,0.2513510668163953
16853,0.163408103884533,8,41,8,477650,127960,64989,42967,1.185297713883434,0.2513763185453439
16854,0.1634169976297584,12,26,12,477676,127934,65001,42955,1.1850568750231576,0.2513619952132671
16855,0.16341715992287,6,3,6,477679,127931,65007,42949,1.185029085923895,0.2513401217228464
16856,0.1634192500145201,0,1,0,477680,127930,65007,42949,1.1850198228908073,0.2513415925889079
16857,0.1634212082453888,1,3,1,477683,127927,65008,42948,1.1849920337915447,0.2513416239941478
16858,0.1634278104766929,3,5,3,477688,127922,65011,42945,1.184945718626107,0.2513358343038738
16859,0.1634279756915631,0,1,0,477689,127921,65011,42945,1.1849364555930193,0.2513373052567509
16860,0.1634370467048703,2,5,2,477694,127916,65013,42943,1.1848901404275816,0.2513358968506195
16861,0.1634382020805501,0,2,0,477696,127914,65013,42943,1.1848716143614064,0.25133883891207265
16862,0.1634445536646016,9,39,9,477735,127875,65022,42934,1.184510356070992,0.2513567786240772
16863,0.1634470177841225,10,23,10,477758,127852,65032,42924,1.1842973063099782,0.2513467934604394
16864,0.1634507555150863,1,12,1,477770,127840,65033,42923,1.1841861499129276,0.2513600721467765
16865,0.1634535768730809,2,19,2,477789,127821,65035,42921,1.1840101522842639,0.25137927399233934
16866,0.1634625622428705,0,2,0,477791,127819,65035,42921,1.183991626218089,0.2513822185779548
16867,0.163463496971248,2,17,2,477808,127802,65037,42919,1.1838341546556004,0.2513984805618524
16868,0.1634653489100568,1,1,1,477809,127801,65038,42918,1.183824891622513,0.25139556815585845
16869,0.1634701556179839,0,5,0,477814,127796,65038,42918,1.1837785764570752,0.25140293121829493
16870,0.163473486715772,1,1,1,477815,127795,65039,42917,1.1837693134239875,0.2514000187450209
16871,0.1634736735231006,0,4,0,477819,127791,65039,42917,1.1837322612916374,0.25140590950629144
16872,0.1634755809930413,0,1,0,477820,127790,65039,42917,1.1837229982585498,0.2514073822397441
16873,0.1634761170097652,10,60,10,477880,127730,65049,42907,1.1831672162732965,0.2514519125394844
16874,0.1634771615175124,0,6,0,477886,127724,65049,42907,1.1831116380747713,0.2514607544936149
16875,0.1634838415950802,4,41,4,477927,127683,65053,42903,1.1827318537181815,0.25150364039252926
16876,0.1634867072915542,8,72,8,477999,127611,65061,42895,1.1820649153358775,0.2515747246431211
16877,0.1634890375693021,0,1,0,478000,127610,65061,42895,1.18205565230279,0.25157620011143367
16878,0.1634906055048445,5,5,5,478005,127605,65066,42890,1.1820093371373523,0.2515616293732954
16879,0.1634975162043815,0,1,0,478006,127604,65066,42890,1.1820000741042647,0.25156310485999506
16880,0.1635029524759335,0,1,0,478007,127603,65066,42890,1.1819908110711772,0.2515645803640032
16881,0.1635034638349007,1,1,1,478008,127602,65067,42889,1.1819815480380895,0.2515616660116956
16882,0.1635038197460494,0,1,0,478009,127601,65067,42889,1.181972285005002,0.25156314153322773
16883,0.1635256159239608,1,0,1,478009,127601,65068,42888,1.181972285005002,0.25155875159101176
16884,0.1635256438940789,5,6,5,478015,127595,65073,42883,1.1819167068064766,0.2515456539846784
16885,0.163526240593729,0,9,0,478024,127586,65073,42883,1.1818333395086886,0.2515589344690237
16886,0.1635302206042042,2,4,2,478028,127582,65075,42881,1.1817962873763386,0.2515560561529481
16887,0.1635328533465629,0,2,0,478030,127580,65075,42881,1.1817777613101634,0.2515590076322443
16888,0.1635398137157672,3,4,3,478034,127576,65078,42878,1.1817407091778132,0.2515517382988959
16889,0.1635426468184375,38,106,38,478140,127470,65116,42840,1.1807588276705325,0.25154130702836003
16890,0.1635442688613654,0,1,0,478141,127469,65116,42840,1.1807495646374448,0.25154278399849683
16891,0.1635461983814964,14,44,14,478185,127425,65130,42826,1.1803419911815924,0.25154624642439694
16892,0.163558581273937,3,7,3,478192,127418,65133,42823,1.1802771499499796,0.2515434002384854
16893,0.1635653893384104,14,42,14,478234,127376,65147,42809,1.1798881025603023,0.2515439081000088
16894,0.1635653926478903,1,0,1,478234,127376,65148,42808,1.1798881025603023,0.2515395101772199
16895,0.1635665933629131,1,0,1,478234,127376,65149,42807,1.1798881025603023,0.25153511220274644
16896,0.1635718389539056,2,22,2,478256,127354,65151,42805,1.1796843158323762,0.25155883614736807
16897,0.1635725181155898,3,4,3,478260,127350,65154,42802,1.179647263700026,0.251551553904744
16898,0.1635790347775672,0,4,0,478264,127346,65154,42802,1.1796102115676756,0.25155746761642805
16899,0.1635804190014169,2,3,2,478267,127343,65156,42800,1.179582422468413,0.25155310532904673
16900,0.163588852645719,14,72,14,478339,127271,65170,42786,1.1789154840861091,0.25159799361390595
16901,0.1635890963470093,0,1,0,478340,127270,65170,42786,1.1789062210530217,0.2515994731147387
16902,0.1635945326185613,0,1,0,478341,127269,65170,42786,1.178896958019934,0.25160095263297166
16903,0.1635986521785009,1,17,1,478358,127252,65171,42785,1.1787394864574456,0.25162170586401783
16904,0.1636074540246111,4,22,4,478380,127230,65175,42781,1.1785356997295193,0.2516366588044303
16905,0.163616253949597,1,18,1,478398,127212,65176,42780,1.1783689651339435,0.2516589015953692
16906,0.1636173460124781,22,73,22,478471,127139,65198,42758,1.177692763718552,0.25167012954907975
16907,0.1636209687621749,0,1,0,478472,127138,65198,42758,1.1776835006854645,0.251671610867825
16908,0.1636223793261175,0,1,0,478473,127137,65198,42758,1.177674237652377,0.25167309220400835
16909,0.1636233994462115,1,1,1,478474,127136,65199,42757,1.1776649746192893,0.25167016887099525
16910,0.1636363559480848,0,6,0,478480,127130,65199,42757,1.1776093964207641,0.2516790572557053
16911,0.1636390385871117,2,6,2,478486,127124,65201,42755,1.1775538182222387,0.2516791363264441
16912,0.163644661781073,0,4,0,478490,127120,65201,42755,1.1775167660898884,0.2516850625459897
16913,0.1636496634163724,7,48,7,478538,127072,65208,42748,1.177072140501686,0.25172535625956893
16914,0.1636502180502952,1,2,1,478540,127070,65209,42747,1.1770536144355108,0.2517239145668573
16915,0.1636508790046498,3,12,3,478552,127058,65212,42744,1.1769424580384602,0.25172848376344215
16916,0.1636611477829541,1,4,1,478556,127054,65213,42743,1.17690540590611,0.25173000700836884
16917,0.1636622982276936,2,21,2,478577,127033,65215,42741,1.1767108822112713,0.25175232956754273
16918,0.1636699790659732,1,1,1,478578,127032,65216,42740,1.1767016191781836,0.25174940508446625
16919,0.1636757450395392,4,15,4,478593,127017,65220,42736,1.1765626736818704,0.25175401907477335
16920,0.163683365208608,8,21,8,478614,126996,65228,42728,1.1763681499870318,0.25174989983738305
16921,0.1636851753363914,0,17,0,478631,126979,65228,42728,1.1762106784245434,0.25177511829211524
16922,0.1636902323211287,0,3,0,478634,126976,65228,42728,1.1761828893252806,0.25177956913213595
16923,0.1636958300230718,2,8,2,478642,126968,65230,42726,1.1761087850605803,0.25178262048157274
16924,0.1636965009272922,8,26,8,478668,126942,65238,42718,1.1758679462003039,0.251785924790758
16925,0.1637041852719981,2,3,2,478671,126939,65240,42716,1.175840157101041,0.2517815566885739
16926,0.163706279561809,0,4,0,478675,126935,65240,42716,1.175803104968691,0.2517874931476973
16927,0.163707555843282,0,1,0,478676,126934,65240,42716,1.1757938419356033,0.2517889773062187
16928,0.1637096842280071,4,26,4,478702,126908,65244,42712,1.175553003075327,0.2518099280745195
16929,0.1637119461382997,1,3,1,478705,126905,65245,42711,1.1755252139760644,0.2518099707574757
16930,0.1637162514541896,0,2,0,478707,126903,65245,42711,1.1755066879098892,0.251812939969578
16931,0.163718572167438,1,3,1,478710,126900,65246,42710,1.1754788988106266,0.2518129827250752
16932,0.163726190410864,0,10,0,478720,126890,65246,42710,1.175386268479751,0.25182783018867927
16933,0.1637285344228944,5,7,5,478727,126883,65251,42705,1.175321427248138,0.2518161662381772
16934,0.1637290711920902,0,5,0,478732,126878,65251,42705,1.1752751120827003,0.2518235908080409
16935,0.1637312111597026,14,65,14,478797,126813,65265,42691,1.1746730149320093,0.2518583632244667
16936,0.16373242674798,2,11,2,478808,126802,65267,42689,1.1745711215680463,0.25186588078423044
16937,0.1637330058623037,14,84,14,478892,126718,65281,42675,1.1737930267886918,0.25192894629648216
16938,0.1637367266342365,5,22,5,478914,126696,65286,42670,1.1735892400607655,0.25193958645773057
16939,0.1637370006826539,0,2,0,478916,126694,65286,42670,1.1735707139945903,0.2519425615833353
16940,0.1637378491532959,1,1,1,478917,126693,65287,42669,1.1735614509615029,0.2519396322669784
16941,0.1637381275344574,6,11,6,478928,126682,65293,42663,1.1734595575975397,0.2519294930467389
16942,0.1637423263185916,0,1,0,478929,126681,65293,42663,1.1734502945644523,0.2519309807256236
16943,0.1637442574304874,2,5,2,478934,126676,65295,42661,1.1734039793990143,0.2519295842019169
16944,0.1637469013233806,0,4,0,478938,126672,65295,42661,1.1733669272666643,0.25193553530617185
16945,0.163757723558009,2,14,2,478952,126658,65297,42659,1.1732372448034385,0.25194753037202405
16946,0.1637608164025387,0,1,0,478953,126657,65297,42659,1.1732279817703508,0.2519490184034586
16947,0.1637608685023929,0,7,0,478960,126650,65297,42659,1.173163140538738,0.2519594351156761
16948,0.1637609342078336,9,27,9,478987,126623,65306,42650,1.172913038645374,0.2519598518369734
16949,0.1637635756089014,0,1,0,478988,126622,65306,42650,1.1729037756122864,0.25196134032799283
16950,0.1637637114263141,0,1,0,478989,126621,65306,42650,1.172894512579199,0.2519628288365993
16951,0.1637639249597281,2,12,2,479001,126609,65308,42648,1.1727833561821484,0.2519718534536238
16952,0.1637643302512055,2,12,2,479013,126597,65310,42646,1.1726721997850977,0.25198087956370424
16953,0.163765401004554,23,101,23,479114,126496,65333,42623,1.1717366334432546,0.25202963593682554
16954,0.1637708319342801,3,4,3,479118,126492,65336,42620,1.1716995813109043,0.25202232839774824
16955,0.1637769660187968,2,22,2,479140,126470,65338,42618,1.1714957945829783,0.2520462717638153
16956,0.1637869866566016,5,31,5,479171,126439,65343,42613,1.1712086405572641,0.2520703688805811
16957,0.1637954775874416,1,8,1,479179,126431,65344,42612,1.1711345362925636,0.25207787367711176
16958,0.1637969005160035,0,2,0,479181,126429,65344,42612,1.1711160102263884,0.2520808561236623
16959,0.1637991199751148,5,19,5,479200,126410,65349,42607,1.170940012597725,0.2520870681647408
16960,0.1638068836699338,1,0,1,479200,126410,65350,42606,1.170940012597725,0.25208264306337863
16961,0.163816700825942,4,8,4,479208,126402,65354,42602,1.1708659083330246,0.2520768739201439
16962,0.1638176667759358,0,4,0,479212,126398,65354,42602,1.1708288562006743,0.25208284023668637
16963,0.1638182743775667,6,40,6,479252,126358,65360,42596,1.1704583348771722,0.25211596055731145
16964,0.1638188848994798,0,1,0,479253,126357,65360,42596,1.1704490718440845,0.25211745278272657
16965,0.1638199678538582,26,79,26,479332,126278,65386,42570,1.1697172922301677,0.2521202501658296
16966,0.1638245860049315,6,12,6,479344,126266,65392,42564,1.1696061358331171,0.2521115915417876
16967,0.1638289460470776,0,2,0,479346,126264,65392,42564,1.169587609766942,0.2521145781505437
16968,0.1638297076770852,0,2,0,479348,126262,65392,42564,1.169569083700767,0.2521175648300617
16969,0.1638344623417601,0,26,0,479374,126236,65392,42564,1.1693282448404905,0.2521563981042654
16970,0.1638347788887579,1,0,1,479374,126236,65393,42563,1.1693282448404905,0.25215196772492726
16971,0.1638358375731152,1,0,1,479374,126236,65394,42562,1.1693282448404905,0.2521475372930959
16972,0.1638385030359412,0,1,0,479375,126235,65394,42562,1.169318981807403,0.2521490310846757
16973,0.1638414927963425,0,1,0,479376,126234,65394,42562,1.1693097187743156,0.25215052489395484
16974,0.1638419949381762,0,9,0,479385,126225,65394,42562,1.1692263514765275,0.2521639699739909
16975,0.1638457981122325,0,1,0,479386,126224,65394,42562,1.1692170884434399,0.25216546396028106
16976,0.1638551887759048,0,2,0,479388,126222,65394,42562,1.1691985623772647,0.2521684519859702
16977,0.1638581935696659,0,1,0,479389,126221,65394,42562,1.1691892993441773,0.25216994602536985
16978,0.1638582980690938,3,5,3,479394,126216,65397,42559,1.1691429841787395,0.25216412383350617
16979,0.1638598092805457,23,92,23,479486,126124,65420,42536,1.1682907851346844,0.25219969168741846
16980,0.1638627325356447,0,3,0,479489,126121,65420,42536,1.1682629960354218,0.2522041777097897
16981,0.1638721126271065,2,4,2,479493,126117,65422,42534,1.1682259439030716,0.25220129142430225
16982,0.1638745758043589,0,8,0,479501,126109,65422,42534,1.1681518396383712,0.2522132552196059
16983,0.163883133145938,1,0,1,479501,126109,65423,42533,1.1681518396383712,0.2522088210528812
16984,0.1638877971777715,12,23,12,479524,126086,65435,42521,1.1679387898773574,0.25219000397373775
16985,0.1638882926887158,4,21,4,479545,126065,65439,42517,1.1677442661825188,0.25220367536273147
16986,0.1638907001177425,4,8,4,479553,126057,65443,42513,1.1676701619178185,0.25219789998220327
16987,0.1638982485692722,4,11,4,479564,126046,65447,42509,1.1675682685538553,0.25219661238171515
16988,0.1639037640438061,2,2,2,479566,126044,65449,42507,1.1675497424876802,0.2521907315886586
16989,0.163911327473167,2,1,2,479567,126043,65451,42505,1.1675404794545927,0.25218335429669886
16990,0.1639116486299882,8,31,8,479598,126012,65459,42497,1.1672533254288784,0.2521942448177842
16991,0.1639133034766366,0,2,0,479600,126010,65459,42497,1.1672347993627032,0.2521972380969337
16992,0.1639153266964347,6,49,6,479649,125961,65465,42491,1.166780910741413,0.25224396267185906
16993,0.163915618869325,25,125,25,479774,125836,65490,42466,1.165623031605469,0.25232023386531355
16994,0.1639165675351614,0,1,0,479775,125835,65490,42466,1.1656137685723813,0.25232173308536493
16995,0.1639242654552158,4,18,4,479793,125817,65494,42462,1.1654470339768053,0.25233095038596615
16996,0.1639247609675787,2,8,2,479801,125809,65496,42460,1.165372929712105,0.2523340603438542
16997,0.1639259233933567,8,30,8,479831,125779,65504,42452,1.1650950387194783,0.2523435038726513
16998,0.1639292557636527,0,2,0,479833,125777,65504,42452,1.1650765126533031,0.25234650387269736
16999,0.1639301484283151,0,1,0,479834,125776,65504,42452,1.1650672496202157,0.25234800389946976
17000,0.16393775007324,1,3,1,479837,125773,65505,42451,1.165039460520953,0.25234805972988394
17001,0.1639462376718819,0,2,0,479839,125771,65505,42451,1.165020934454778,0.25235105990892986
17002,0.1639497908029651,0,1,0,479840,125770,65505,42451,1.1650116714216903,0.25235256002520495
17003,0.1639513894231735,5,15,5,479855,125755,65510,42446,1.164872725925377,0.25235283975719525
17004,0.1639541210887806,1,3,1,479858,125752,65511,42445,1.1648449368261145,0.2523528957115763
17005,0.1639548573954893,0,4,0,479862,125748,65511,42445,1.1648078846937642,0.25235889721926597
17006,0.1639550383711541,0,1,0,479863,125747,65511,42445,1.1647986216606765,0.2523603976407915
17007,0.1639599047681671,0,3,0,479866,125744,65511,42445,1.164770832561414,0.25236489901242054
17008,0.1639622696816339,5,27,5,479893,125717,65516,42440,1.1645207306680498,0.25238318951931826
17009,0.1639637517653994,13,40,13,479933,125677,65529,42427,1.1641502093445477,0.25238542806833864
17010,0.1639665552412613,2,5,2,479938,125672,65531,42425,1.16410389417911,0.2523840401672844
17011,0.1639680010248332,0,3,0,479941,125669,65531,42425,1.1640761050798474,0.25238854450486037
17012,0.163968049693984,0,2,0,479943,125667,65531,42425,1.1640575790136722,0.2523915474859006
17013,0.1639716972341377,1,13,1,479956,125654,65532,42424,1.163937159583534,0.2524066207356108
17014,0.1639747132885658,1,0,1,479956,125654,65533,42423,1.163937159583534,0.2524021728136509
17015,0.1639794779539015,2,18,2,479974,125636,65535,42421,1.1637704249879581,0.25242030977584984
17016,0.1639853117871363,1,15,1,479989,125621,65536,42420,1.1636314794916447,0.2524383930112294
17017,0.163994377325744,4,17,4,480006,125604,65540,42416,1.1634740079291563,0.2524461373645995
17018,0.1639983756041597,2,4,2,480010,125600,65542,42414,1.163436955796806,0.2524432487768876
17019,0.1640043880650976,1,3,1,480013,125597,65543,42413,1.1634091666975435,0.25244330694601513
17020,0.1640057940850069,6,46,6,480059,125551,65549,42407,1.162983067175516,0.25248574048273975
17021,0.1640062414814264,0,2,0,480061,125549,65549,42407,1.1629645411093408,0.25248874705279956
17022,0.1640067775617252,0,1,0,480062,125548,65549,42407,1.1629552780762533,0.25249025036468103
17023,0.1640069068390625,3,15,3,480077,125533,65552,42404,1.1628163325799399,0.2524994491982112
17024,0.1640131102327168,0,3,0,480080,125530,65552,42404,1.1627885434806773,0.25250395988900404
17025,0.1640175035359845,7,7,7,480087,125523,65559,42397,1.1627237022490644,0.2524833253930443
17026,0.1640178393467587,0,13,0,480100,125510,65559,42397,1.1626032828189263,0.2525028736145604
17027,0.1640180638164017,0,2,0,480102,125508,65559,42397,1.1625847567527512,0.2525058813019267
17028,0.1640217285709428,0,1,0,480103,125507,65559,42397,1.1625754937196635,0.2525073851724795
17029,0.1640246710226007,11,38,11,480141,125469,65570,42386,1.1622234984623365,0.25251556402847697
17030,0.1640261659339499,1,1,1,480142,125468,65571,42385,1.1622142354292488,0.25251261520497104
17031,0.1640343845651746,0,4,0,480146,125464,65571,42385,1.1621771832968988,0.25251863281878356
17032,0.1640370925215495,56,188,56,480334,125276,65627,42329,1.1604357330764385,0.25255213149965694
17033,0.1640374186928244,0,6,0,480340,125270,65627,42329,1.1603801548779131,0.25256117279936036
17034,0.1640383938341761,9,24,9,480364,125246,65636,42320,1.160157842083812,0.25255720134156096
17035,0.1640404721765357,4,26,4,480390,125220,65640,42316,1.1599170032235355,0.2525785502817305
17036,0.1640421301146767,6,27,6,480417,125193,65646,42310,1.1596669013301715,0.25259249088076036
17037,0.1640431243084052,0,11,0,480428,125182,65646,42310,1.1595650079662085,0.25260907983664893
17038,0.1640503161033391,60,122,60,480550,125060,65706,42250,1.1584349179295268,0.25252525252525254
17039,0.1640506125305532,1,2,1,480552,125058,65707,42249,1.1584163918633517,0.2525238035467733
17040,0.1640568233482527,0,4,0,480556,125054,65707,42249,1.1583793397310016,0.2525298410668069
17041,0.1640607466960028,0,8,0,480564,125046,65707,42249,1.158305235466301,0.25254191697301176
17042,0.1640651213545646,2,5,2,480569,125041,65709,42247,1.1582589203008633,0.25254052890823014
17043,0.1640652492015241,0,3,0,480572,125038,65709,42247,1.1582311312016007,0.2525450578354306
17044,0.1640704264457967,2,5,2,480577,125033,65711,42245,1.158184816036163,0.25254366981910353
17045,0.1640712781017533,8,34,8,480611,124999,65719,42237,1.157869872911186,0.25255925757611997
17046,0.164074142117492,23,86,23,480697,124913,65742,42214,1.1570732520656564,0.2525863564833929
17047,0.1640741773152641,1,0,1,480697,124913,65743,42213,1.1570732520656564,0.25258188432679535
17048,0.1640784764029539,8,17,8,480714,124896,65751,42205,1.156915780503168,0.2525717978946864
17049,0.1640790311335801,5,20,5,480734,124876,65756,42200,1.1567305198414168,0.25257966434437024
17050,0.16408038640515,20,94,20,480828,124782,65776,42180,1.1558597947311868,0.25263233550149133
17051,0.1640809395566301,0,1,0,480829,124781,65776,42180,1.1558505316980991,0.2526338486233312
17052,0.1640835668680584,0,3,0,480832,124778,65776,42180,1.1558227425988365,0.25263838809760536
17053,0.1640898757802163,5,11,5,480843,124767,65781,42175,1.1557208492348734,0.252632650860778
17054,0.1640929605492187,7,35,7,480878,124732,65788,42168,1.155396643076809,0.25265428400239665
17055,0.1641010849811175,0,2,0,480880,124730,65788,42168,1.1553781170106339,0.2526573116514278
17056,0.1641084642201923,2,10,2,480890,124720,65790,42166,1.1552854866797584,0.25266349484078954
17057,0.1641100082249406,2,5,2,480895,124715,65792,42164,1.1552391715143207,0.2526621084738044
17058,0.1641100572559629,0,1,0,480896,124714,65792,42164,1.1552299084812332,0.2526636225266362
17059,0.1641114618171708,0,1,0,480897,124713,65792,42164,1.1552206454481455,0.2526651365976138
17060,0.1641166083175971,1,1,1,480898,124712,65793,42163,1.155211382415058,0.2526621722846442
17061,0.1641179091893454,3,6,3,480904,124706,65796,42160,1.1551558042165326,0.25265782124579006
17062,0.164120635684015,0,1,0,480905,124705,65796,42160,1.1551465411834452,0.25265933539088486
17063,0.1641239239837869,2,10,2,480915,124695,65798,42158,1.1550539108525695,0.25266551994869735
17064,0.1641281251299483,0,1,0,480916,124694,65798,42158,1.155044647819482,0.2526670342579052
17065,0.1641286726641773,24,52,24,480968,124642,65822,42134,1.1545629700989293,0.2526382692953423
17066,0.1641295735866916,9,54,9,481022,124588,65831,42125,1.1540627663122012,0.2526797550281022
17067,0.1641301298829675,6,45,6,481067,124543,65837,42119,1.1536459298232613,0.25272107619013334
17068,0.164130789174969,4,9,4,481076,124534,65841,42115,1.1535625625254733,0.25271678797952585
17069,0.1641333269951316,13,94,13,481170,124440,65854,42102,1.1526918374152433,0.252801095219224
17070,0.1641337102573044,3,8,3,481178,124432,65857,42099,1.1526177331505427,0.2527997790201224
17071,0.1641339102512575,2,5,2,481183,124427,65859,42097,1.152571417985105,0.2527983954264851
17072,0.1641391074256666,4,9,4,481192,124418,65863,42093,1.152488050687317,0.25279410969845834
17073,0.1641502811501377,4,6,4,481198,124412,65867,42089,1.1524324724887918,0.2527852685569456
17074,0.1641523268386306,1,0,1,481198,124412,65868,42088,1.1524324724887918,0.25278078078078076
17075,0.1641605788769103,3,27,3,481225,124385,65871,42085,1.1521823705954277,0.25280831381029617
17076,0.1641605835003242,5,29,5,481254,124356,65876,42080,1.1519137426358887,0.25282991660458076
17077,0.164167940492219,3,15,3,481269,124341,65879,42077,1.1517747971395753,0.25283923614032133
17078,0.1641783359110995,1,0,1,481269,124341,65880,42076,1.1517747971395753,0.2528347464501824
17079,0.1641806004376761,0,3,0,481272,124338,65880,42076,1.1517470080403127,0.2528393043854483
17080,0.164181455922844,0,4,0,481276,124334,65880,42076,1.1517099559079624,0.2528453818881077
17081,0.164182812578351,0,6,0,481282,124328,65880,42076,1.1516543777094372,0.2528544986899353
17082,0.1641852380836602,0,1,0,481283,124327,65880,42076,1.1516451146763496,0.2528560182208253
17083,0.1641900819789975,5,43,5,481326,124284,65885,42071,1.1512468042535848,0.25289892098223676
17084,0.1641915559682708,2,8,2,481334,124276,65887,42069,1.1511726999888843,0.25290210105503624
17085,0.1641942816232364,1,2,1,481336,124274,65888,42068,1.1511541739227094,0.2529006504671099
17086,0.164199049712903,4,22,4,481358,124252,65892,42064,1.150950387194783,0.2529161355491955
17087,0.1641997735893783,1,3,1,481361,124249,65893,42063,1.1509225980955204,0.25291620568569917
17088,0.1642011563190449,7,10,7,481371,124239,65900,42056,1.1508299677646447,0.2528999669262455
17089,0.1642016652360748,0,2,0,481373,124237,65900,42056,1.1508114416984698,0.25290300854515824
17090,0.1642046146662642,0,2,0,481375,124235,65900,42056,1.1507929156322947,0.2529060502372347
17091,0.1642071421786268,22,107,22,481482,124128,65922,42034,1.1498017710919264,0.2529699931392256
17092,0.1642098178041494,3,4,3,481486,124124,65925,42031,1.149764718959576,0.2529625951671632
17093,0.1642099330631928,4,13,4,481499,124111,65929,42027,1.149644299529438,0.2529644030865907
17094,0.1642114081117923,1,4,1,481503,124107,65930,42026,1.1496072473970878,0.25296599712278717
17095,0.1642115359516892,1,0,1,481503,124107,65931,42025,1.1496072473970878,0.2529615004935834
17096,0.1642195357677935,0,2,0,481505,124105,65931,42025,1.1495887213309126,0.2529645458375971
17097,0.164220074720994,0,3,0,481508,124102,65931,42025,1.14956093223165,0.25296911399110317
17098,0.1642303528434618,0,2,0,481510,124100,65931,42025,1.1495424061654749,0.25297215951843494
17099,0.1642321816908218,7,19,7,481529,124081,65938,42018,1.1493664085368114,0.2529696145070109
17100,0.1642346831292773,11,30,11,481559,124051,65949,42007,1.1490885175441847,0.25296583121559935
17101,0.164239358835379,11,28,11,481587,124023,65960,41996,1.1488291526177332,0.25295899866882704
17102,0.1642410084752136,0,1,0,481588,124022,65960,41996,1.1488198895846455,0.2529605223529979
17103,0.1642450521747437,0,2,0,481590,124020,65960,41996,1.1488013635184704,0.2529635697764071
17104,0.1642460685431497,0,1,0,481591,124019,65960,41996,1.148792100485383,0.25296509351564617
17105,0.164252163642952,2,4,2,481595,124015,65962,41994,1.1487550483530327,0.25296218879699295
17106,0.1642590605146931,1,6,1,481601,124009,65963,41993,1.1486994701545075,0.25296683172491896
17107,0.1642596765410103,4,15,4,481616,123994,65967,41989,1.148560524658194,0.25297168987185437
17108,0.1642626594061047,0,2,0,481618,123992,65967,41989,1.1485419985920189,0.25297473807243
17109,0.1642641327349863,0,1,0,481619,123991,65967,41989,1.1485327355589314,0.2529762622002651
17110,0.1642749715025401,7,22,7,481641,123969,65974,41982,1.1483289488310051,0.2529782887719869
17111,0.1642767902216441,15,62,15,481703,123907,65989,41967,1.147754640779577,0.2530052931743371
17112,0.164276818226288,0,1,0,481704,123906,65989,41967,1.1477453777464892,0.25300681846955203
17113,0.1642793652756026,1,1,1,481705,123905,65990,41966,1.1477361147134018,0.25300384033375334
17114,0.1642802690572606,2,8,2,481713,123897,65992,41964,1.1476620104487014,0.2530070360120824
17115,0.1642852331813127,12,49,12,481762,123848,66004,41952,1.1472081218274113,0.2530277442702051
17116,0.164291554489184,12,57,12,481819,123791,66016,41940,1.1466801289414206,0.2530606826725236
17117,0.1642966109962612,4,13,4,481832,123778,66020,41936,1.1465597095112823,0.25306250528018154
17118,0.1643041617045363,14,24,14,481856,123754,66034,41922,1.146337396717181,0.25303604625896325
17119,0.1643042832858488,3,15,3,481871,123739,66037,41919,1.1461984512208678,0.2530454309480979
17120,0.1643049529675547,0,2,0,481873,123737,66037,41919,1.1461799251546927,0.25304848601922053
17121,0.1643078825691424,0,1,0,481874,123736,66037,41919,1.146170662121605,0.25305001358244544
17122,0.1643080770331813,9,62,9,481936,123674,66046,41910,1.1455963540701768,0.2531041646535897
17123,0.1643087711583746,1,2,1,481938,123672,66047,41909,1.1455778280040017,0.25310271105984383
17124,0.164310786365803,2,13,2,481951,123659,66049,41907,1.1454574085738634,0.253113561963205
17125,0.1643120415019022,0,3,0,481954,123656,66049,41907,1.1454296194746008,0.25311814837856283
17126,0.1643341008542178,0,2,0,481956,123654,66049,41907,1.1454110934084256,0.2531212060811423
17127,0.1643409547698352,0,5,0,481961,123649,66049,41907,1.1453647782429879,0.2531288506608036
17128,0.1643506406573208,0,2,0,481963,123647,66049,41907,1.1453462521768127,0.2531319086219602
17129,0.1643635380652832,1,7,1,481970,123640,66050,41906,1.1452814109451999,0.2531381005883561
17130,0.1643638013545708,0,4,0,481974,123636,66050,41906,1.1452443588128496,0.25314421717751384
17131,0.1643683703642719,2,14,2,481988,123622,66052,41904,1.1451146763496238,0.25315660379638244
17132,0.1643689054934218,0,3,0,481991,123619,66052,41904,1.1450868872503612,0.2531611921001915
17133,0.1643695915891603,10,29,10,482020,123590,66062,41894,1.1448182592908223,0.25316042638563246
17134,0.1643751648388781,0,8,0,482028,123582,66062,41894,1.1447441550261217,0.2531726655224927
17135,0.1643769951922995,2,0,2,482028,123582,66064,41892,1.1447441550261217,0.25316363900068894
17136,0.1643813022187963,1,4,1,482032,123578,66065,41891,1.1447071028937716,0.25316524545383123
17137,0.1643894599808393,3,18,3,482050,123560,66068,41888,1.1445403682981956,0.25317924665151587
17138,0.1643905702654373,4,16,4,482066,123544,66072,41884,1.1443921597687947,0.2531856759436129
17139,0.1643923341091333,3,15,3,482081,123529,66075,41881,1.1442532142724813,0.2531950909860347
17140,0.1643938929092955,15,75,15,482156,123454,66090,41866,1.1435584867909148,0.25324219695136707
17141,0.1643984712298421,9,30,9,482186,123424,66099,41857,1.1432805957982881,0.2532474997126106
17142,0.1643989862952123,0,3,0,482189,123421,66099,41857,1.1432528066990255,0.25325209646776947
17143,0.1644128321467143,12,39,12,482228,123382,66111,41845,1.1428915484086108,0.25325763948991387
17144,0.164416114521206,6,28,6,482256,123354,66117,41839,1.1426321834821593,0.2532734437899911
17145,0.1644174623502637,1,7,1,482263,123347,66118,41838,1.1425673422505465,0.25327965614311226
17146,0.1644185340849785,2,7,2,482270,123340,66120,41836,1.1425025010189336,0.2532813483799099
17147,0.1644211011472268,0,14,0,482284,123326,66120,41836,1.1423728185557078,0.2533028178394546
17148,0.1644354510460837,27,65,27,482349,123261,66147,41809,1.1417707214050168,0.25328042648573335
17149,0.1644554446166327,1,0,1,482349,123261,66148,41808,1.1417707214050168,0.25327590280428186
17150,0.1644572201337927,2,8,2,482357,123253,66150,41806,1.1416966171403164,0.25327913049273293
17151,0.1644718475069057,1,2,1,482359,123251,66151,41805,1.1416780910741413,0.2532776754556029
17152,0.1644721180087675,4,20,4,482379,123231,66155,41801,1.1414928304123901,0.25329027097774975
17153,0.1644766081870952,4,14,4,482393,123217,66159,41797,1.1413631479491644,0.2532936599318846
17154,0.164476663811884,1,2,1,482395,123215,66160,41796,1.1413446218829895,0.2532922047621068
17155,0.1644778237753726,1,4,1,482399,123211,66161,41795,1.1413075697506392,0.2532938196186805
17156,0.1644800764387819,2,7,2,482406,123204,66163,41793,1.1412427285190263,0.25329551446389936
17157,0.1644839438451194,0,10,0,482416,123194,66163,41793,1.1411500981881508,0.2533108669167874
17158,0.1644866587940783,0,1,0,482417,123193,66163,41793,1.1411408351550631,0.2533124022644346
17159,0.1644930847233261,0,1,0,482418,123192,66163,41793,1.1411315721219757,0.2533139376306937
17160,0.1645024755232265,11,32,11,482450,123160,66174,41782,1.140835155063174,0.25331328588231017
17161,0.1645038272129452,1,4,1,482454,123156,66175,41781,1.1407981029308236,0.2533149020535113
17162,0.1645044122893421,1,11,1,482465,123145,66176,41780,1.1406962095668605,0.25332726997119903
17163,0.1645055607039823,0,8,0,482473,123137,66176,41780,1.1406221053021601,0.2533395586870971
17164,0.1645143837550593,0,2,0,482475,123135,66176,41780,1.140603579235985,0.2533426310523603
17165,0.1645174840444524,0,2,0,482477,123133,66176,41780,1.1405850531698098,0.25334570349214436
17166,0.1645190066388821,2,4,2,482481,123129,66178,41778,1.1405480010374598,0.2533427932107188
17167,0.1645194309885448,3,18,3,482499,123111,66181,41775,1.1403812664418838,0.2533568647429133
17168,0.1645278731426553,1,1,1,482500,123110,66182,41774,1.140372003408796,0.25335387302588486
17169,0.1645366289987299,2,16,2,482516,123094,66184,41772,1.1402237948793954,0.2533694030303398
17170,0.1645396355649563,3,37,3,482553,123057,66187,41769,1.1398810626551559,0.25341268974554987
17171,0.1645412263562467,9,21,9,482574,123036,66196,41760,1.1396865389603172,0.2534042088400204
17172,0.1645428963923393,0,7,0,482581,123029,66196,41760,1.1396216977287044,0.25341497308679584
17173,0.1645433397508341,0,1,0,482582,123028,66196,41760,1.1396124346956167,0.25341651091098866
17174,0.1645480807430213,0,1,0,482583,123027,66196,41760,1.1396031716625292,0.2534180487538459
17175,0.1645565954321868,1,5,1,482588,123022,66197,41759,1.1395568564970915,0.25342120754213165
17176,0.1645576076750068,0,3,0,482591,123019,66197,41759,1.1395290673978287,0.2534258214081977
17177,0.1645581559304254,6,18,6,482609,123001,66203,41753,1.1393623328022529,0.25342632045352464
17178,0.1645585775183392,1,10,1,482619,122991,66204,41752,1.1392697024713772,0.25343717183734665
17179,0.1645592251092191,0,2,0,482621,122989,66204,41752,1.139251176405202,0.25344024863270226
17180,0.1645593715187029,2,2,2,482623,122987,66206,41750,1.139232650339027,0.253434261884094
17181,0.1645626282400557,7,37,7,482660,122950,66213,41743,1.1388899181147876,0.25345946700831246
17182,0.1645718175605789,1,0,1,482660,122950,66214,41742,1.1388899181147876,0.2534549340587278
17183,0.1645734786575683,1,7,1,482667,122943,66215,41741,1.1388250768831747,0.2534611741274198
17184,0.1645741063887807,12,42,12,482709,122901,66227,41729,1.1384360294934974,0.2534714207617081
17185,0.1645830573810484,1,4,1,482713,122897,66228,41728,1.1383989773611471,0.25347304479878513
17186,0.1645842228040605,7,44,7,482757,122853,66235,41721,1.1379914039052947,0.2535090597542747
17187,0.164591051117064,1,1,1,482758,122852,66236,41720,1.1379821408722073,0.2535060642150548
17188,0.1645923512560865,6,36,6,482794,122816,66242,41714,1.1376486716810552,0.25353430985230657
17189,0.1645940556658543,7,17,7,482811,122799,66249,41707,1.1374912001185669,0.25352874667185393
17190,0.1645957024665687,1,0,1,482811,122799,66250,41706,1.1374912001185669,0.2535242089906082
17191,0.1645971408466101,0,1,0,482812,122798,66250,41706,1.1374819370854792,0.25352575013373535
17192,0.1645973959210232,2,2,2,482814,122796,66252,41704,1.1374634110193043,0.25351975683890576
17193,0.1645991897433456,11,36,11,482850,122760,66263,41693,1.1371299418281522,0.2535253233446638
17194,0.1646035352740892,3,18,3,482868,122742,66266,41690,1.1369632072325762,0.2535394570399922
17195,0.164615776168954,6,11,6,482879,122731,66272,41684,1.1368613138686132,0.25352917921114254
17196,0.1646245954046083,3,7,3,482886,122724,66275,41681,1.1367964726370003,0.2535263526048478
17197,0.1646254593290856,13,65,13,482951,122659,66288,41668,1.1361943754863093,0.2535675817120741
17198,0.1646284400151706,1,1,1,482952,122658,66289,41667,1.1361851124532216,0.25356458238247376
17199,0.1646312157075841,3,13,3,482965,122645,66292,41664,1.1360646930230835,0.2535710155864864
17200,0.164631262223902,6,34,6,482999,122611,66298,41658,1.1357497498981066,0.2535962354430842
17201,0.1646391554183371,4,13,4,483012,122598,66302,41654,1.1356293304679683,0.25359812970313905
17202,0.164641935712694,3,11,3,483023,122587,66305,41651,1.1355274371040054,0.2536014807778955
17203,0.1646436455966648,4,9,4,483032,122578,66309,41647,1.1354440698062174,0.25359719896483485
17204,0.1646467973596797,2,2,2,483034,122576,66311,41645,1.1354255437400422,0.2535911972281255
17205,0.164650157660967,2,2,2,483036,122574,66313,41643,1.135407017673867,0.25358519519903544
17206,0.1646520521279738,2,8,2,483044,122566,66315,41641,1.1353329134091668,0.25358845847010175
17207,0.1646601805799999,2,11,2,483055,122555,66317,41639,1.1352310200452036,0.25359635553065274
17208,0.1646622122813504,0,1,0,483056,122554,66317,41639,1.1352217570121161,0.2535979000322791
17209,0.1646632330462665,5,19,5,483075,122535,66322,41634,1.1350457593834524,0.25360451729620087
17210,0.1646637991996145,1,12,1,483087,122523,66323,41633,1.1349346029864018,0.2536185092229343
17211,0.1646694378431468,0,1,0,483088,122522,66323,41633,1.1349253399533143,0.25362005421705097
17212,0.1646707730142896,4,3,4,483091,122519,66327,41629,1.1348975508540518,0.25360650144991104
17213,0.1646713645980025,0,5,0,483096,122514,66327,41629,1.1348512356886138,0.253614226619472
17214,0.1646714861801634,0,1,0,483097,122513,66327,41629,1.1348419726555263,0.253615771709861
17215,0.1646720875665324,2,13,2,483110,122500,66329,41627,1.134721553225388,0.2536267646395779
17216,0.1646747842396591,3,10,3,483120,122490,66332,41624,1.1346289228945126,0.25362857525866167
17217,0.1646775302720815,0,3,0,483123,122487,66332,41624,1.13460113379525,0.2536332116677127
17218,0.1646840679565071,0,3,0,483126,122484,66332,41624,1.1345733446959874,0.25363784824627683
17219,0.1646875578666,0,2,0,483128,122482,66332,41624,1.1345548186298122,0.25364093939283144
17220,0.1646907698859734,0,7,0,483135,122475,66332,41624,1.1344899773981993,0.2536517589991408
17221,0.1646924247285216,0,1,0,483136,122474,66332,41624,1.1344807143651117,0.2536533047325379
17222,0.1646990915478154,2,8,2,483144,122466,66334,41622,1.1344066101004113,0.2536565745209887
17223,0.1647019471140794,0,3,0,483147,122463,66334,41622,1.1343788210011485,0.2536612121766158
17224,0.1647041381311429,0,3,0,483150,122460,66334,41622,1.134351031901886,0.25366585000182834
17225,0.1647066981753353,8,15,8,483165,122445,66342,41614,1.1342120864055727,0.2536526493517576
17226,0.1647143884386381,1,4,1,483169,122441,66343,41613,1.1341750342732224,0.2536542845648384
17227,0.1647251933399951,1,6,1,483175,122435,66344,41612,1.134119456074697,0.25365901235621496
17228,0.164731953774756,3,9,3,483184,122426,66347,41609,1.1340360887769092,0.2536592800317006
17229,0.1647332034527717,0,3,0,483187,122423,66347,41609,1.1340082996776464,0.25366391923527115
17230,0.1647352536347195,2,15,2,483202,122408,66349,41607,1.1338693541813332,0.2536780172545194
17231,0.1647355613791851,0,1,0,483203,122407,66349,41607,1.1338600911482455,0.2536795639396637
17232,0.1647383775023075,1,2,1,483205,122405,66350,41606,1.1338415650820706,0.25367810695624077
17233,0.1647441649942624,0,5,0,483210,122400,66350,41606,1.1337952499166326,0.25368584076192335
17234,0.164747643362675,0,1,0,483211,122399,66350,41606,1.1337859868835451,0.253687387579647
17235,0.1647524095474024,0,1,0,483212,122398,66350,41606,1.1337767238504577,0.25368893441623375
17236,0.1647531174624197,1,0,1,483212,122398,66351,41605,1.1337767238504577,0.2536843838222472
17237,0.1647582338445594,22,90,22,483302,122308,66373,41583,1.1329430508725777,0.2537235113581588
17238,0.1647610179857745,0,1,0,483303,122307,66373,41583,1.13293378783949,0.2537250594911221
17239,0.1647656156998374,0,1,0,483304,122306,66373,41583,1.1329245248064026,0.2537266076429779
17240,0.1647663643822869,2,0,2,483304,122306,66375,41581,1.1329245248064026,0.2537175004728868
17241,0.1647699241186739,0,3,0,483307,122303,66375,41581,1.13289673570714,0.253722144931781
17242,0.1647730464178019,0,2,0,483309,122301,66375,41581,1.1328782096409649,0.25372524133217805
17243,0.1647739630481989,2,15,2,483324,122286,66377,41579,1.1327392641446514,0.2537393586183749
17244,0.1647754025343314,6,28,6,483352,122258,66383,41573,1.1324798992182,0.25375539427825017
17245,0.1647876944354468,0,6,0,483358,122252,66383,41573,1.1324243210196747,0.2537646879291927
17246,0.1647906965361222,7,4,7,483362,122248,66390,41566,1.1323872688873244,0.25373899666695154
17247,0.1647927797043093,0,6,0,483368,122242,66390,41566,1.1323316906887992,0.2537482906817738
17248,0.16479458429978,10,28,10,483396,122214,66400,41556,1.1320723257623477,0.2537461073456677
17249,0.164794945795556,0,2,0,483398,122212,66400,41556,1.1320537996961726,0.2537492061941283
17250,0.1647958846390803,0,3,0,483401,122209,66400,41556,1.1320260105969098,0.2537538546087381
17251,0.1647966459402456,0,1,0,483402,122208,66400,41556,1.1320167475638223,0.2537554041181212
17252,0.1648114189142629,1,4,1,483406,122204,66401,41555,1.131979695431472,0.25375704541429783
17253,0.1648136744097976,11,39,11,483445,122165,66412,41544,1.1316184371410574,0.25376735549053503
17254,0.1648217832976948,0,1,0,483446,122164,66412,41544,1.13160917410797,0.25376890561243187
17255,0.1648239338841441,14,59,14,483505,122105,66426,41530,1.1310626551558043,0.2537965594157729
17256,0.1648301107735413,16,96,16,483601,122009,66442,41514,1.130173403979399,0.2538725439234848
17257,0.1648333064611809,0,1,0,483602,122008,66442,41514,1.1301641409463115,0.25387409645185355
17258,0.1648397431073043,5,8,5,483610,122000,66447,41509,1.1300900366816111,0.2538637016922616
17259,0.1648418910957843,2,2,2,483612,121998,66449,41507,1.130071510615436,0.25385768019326627
17260,0.164848663632398,0,5,0,483617,121993,66449,41507,1.1300251954499982,0.25386544342507644
17261,0.1648498139871872,3,16,3,483633,121977,66452,41504,1.1298769869205973,0.2538765972804179
17262,0.1648498897777993,4,3,4,483636,121974,66456,41500,1.1298491978213345,0.2538629996207348
17263,0.1648500689131409,10,55,10,483691,121919,66466,41490,1.1293397310015192,0.2539027838123971
17264,0.1648527860820041,1,5,1,483696,121914,66467,41489,1.1292934158360814,0.2539059870381817
17265,0.1648556047435349,0,2,0,483698,121912,66467,41489,1.1292748897699063,0.25390909480358137
17266,0.1648648002927623,3,5,3,483703,121907,66470,41486,1.1292285746044686,0.25390316598630297
17267,0.1648688015528657,2,3,2,483706,121904,66472,41484,1.1292007855052058,0.25389869513060936
17268,0.1648766587649198,0,7,0,483713,121897,66472,41484,1.1291359442735929,0.25390957332860004
17269,0.1648847760966612,5,27,5,483740,121870,66477,41479,1.128885842380229,0.2539287047977031
17270,0.1648853547801797,3,9,3,483749,121861,66480,41476,1.128802475082441,0.2539289934307597
17271,0.1648860099023831,2,7,2,483756,121854,66482,41474,1.1287376338508281,0.25393074059561127
17272,0.1648860811614871,14,37,14,483793,121817,66496,41460,1.1283949016265886,0.25392431267110493
17273,0.1648866338828594,1,0,1,483793,121817,66497,41459,1.1283949016265886,0.25391974325681665
17274,0.1648955532586649,4,18,4,483811,121799,66501,41455,1.1282281670310126,0.25392945961507835
17275,0.1648963145598301,2,9,2,483820,121790,66503,41453,1.1281447997332246,0.2539343187763028
17276,0.1648977063906608,3,18,3,483838,121772,66506,41450,1.1279780651376488,0.2539486098687677
17277,0.164901134395555,1,4,1,483842,121768,66507,41449,1.1279410130052985,0.2539502625339272
17278,0.1649042328089454,1,3,1,483845,121765,66508,41448,1.1279132239060359,0.2539503593463756
17279,0.1649052545524253,2,11,2,483856,121754,66510,41446,1.1278113305420727,0.25395833333333334
17280,0.1649072729639342,0,1,0,483857,121753,66510,41446,1.127802067508985,0.253959889460107
17281,0.1649075724312176,1,1,1,483858,121752,66511,41445,1.1277928044758976,0.25395687420724644
17282,0.1649123751483185,0,2,0,483860,121750,66511,41445,1.1277742784097224,0.2539599865191948
17283,0.1649127964401283,1,6,1,483866,121744,66512,41444,1.1277187002111972,0.25396475231021887
17284,0.1649177260473294,0,3,0,483869,121741,66512,41444,1.1276909111119344,0.2539694212090572
17285,0.1649241309578228,2,9,2,483878,121732,66514,41442,1.1276075438141464,0.25397428511895276
17286,0.1649244807383757,0,5,0,483883,121727,66514,41442,1.1275612286487087,0.25398206767216813
17287,0.1649256203991024,17,52,17,483935,121675,66531,41425,1.127079550928156,0.2539852851011649
17288,0.1649292506827562,0,3,0,483938,121672,66531,41425,1.1270517618288933,0.253989956896816
17289,0.1649298811311174,15,42,15,483980,121630,66546,41410,1.126662714439216,0.25398675171736995
17290,0.1649314375211296,0,4,0,483984,121626,66546,41410,1.1266256623068658,0.25399298314482693
17291,0.1649320955038596,6,22,6,484006,121604,66552,41404,1.1264218755789395,0.2539998036906164
17292,0.1649383953304994,1,3,1,484009,121601,66553,41403,1.1263940864796769,0.25399990184289956
17293,0.1649400039020465,5,13,5,484022,121588,66558,41398,1.1262736670495388,0.25399727583964266
17294,0.1649403322656723,1,0,1,484022,121588,66559,41397,1.1262736670495388,0.2539926987146056
17295,0.1649405546786904,11,48,11,484070,121540,66570,41386,1.125829041461336,0.2540171611651916
17296,0.1649448539600683,1,0,1,484070,121540,66571,41385,1.125829041461336,0.25401258247659964
17297,0.1649565183574144,2,10,2,484080,121530,66573,41383,1.1257364111304606,0.2540190162847655
17298,0.1649577339456918,1,5,1,484085,121525,66574,41382,1.125690095965023,0.25402223354429215
17299,0.1649604222538473,1,0,1,484085,121525,66575,41381,1.125690095965023,0.254017654352817
17300,0.1649612807135493,10,34,10,484119,121491,66585,41371,1.125375152840046,0.2540248799597205
17301,0.1649630204306156,3,8,3,484127,121483,66588,41368,1.1253010485753454,0.2540236166802783
17302,0.1649631854257293,15,47,15,484174,121436,66603,41353,1.1248656860202304,0.2540282205800146
17303,0.1649646299970038,4,6,4,484180,121430,66607,41349,1.1248101078217052,0.2540192530977583
17304,0.1649684701724503,1,14,1,484194,121416,66608,41348,1.1246804253584795,0.25403651913199476
17305,0.1649795255808551,7,27,7,484221,121389,66615,41341,1.1244303234651154,0.25404658022491244
17306,0.1649796155711837,5,8,5,484229,121381,66620,41336,1.124356219200415,0.2540361486507249
17307,0.164983139094435,20,77,20,484306,121304,66640,41316,1.1236429656526734,0.254064690689952
17308,0.1649892865332886,1,3,1,484309,121301,66641,41315,1.1236151765534106,0.25406479067250454
17309,0.1649943441834586,4,11,4,484320,121290,66645,41311,1.1235132831894477,0.25406362814496836
17310,0.164996959374957,0,10,0,484330,121280,66645,41311,1.123420652858572,0.2540792540792541
17311,0.1649999248277729,1,7,1,484337,121273,66646,41310,1.123355811626959,0.2540856055061107
17312,0.1650009828179811,6,22,6,484359,121251,66652,41304,1.123152024899033,0.25409246101319555
17313,0.1650048973485899,1,6,1,484365,121245,66653,41303,1.1230964467005076,0.25409725127347
17314,0.165007213751212,2,2,2,484367,121243,66655,41301,1.1230779206343324,0.25409119992125206
17315,0.1650127745922053,1,4,1,484371,121239,66656,41300,1.1230408685019824,0.2540928638665182
17316,0.1650149014382226,2,5,2,484376,121234,66658,41298,1.1229945533365444,0.2540915019811483
17317,0.1650152185269406,8,44,8,484420,121190,66666,41290,1.1225869798806922,0.254123584441162
17318,0.1650214612737452,4,9,4,484429,121181,66670,41286,1.1225036125829042,0.2541192980728394
17319,0.1650266550804935,0,1,0,484430,121180,66670,41286,1.1224943495498165,0.25412086221117036
17320,0.1650291100374626,3,8,3,484438,121172,66673,41283,1.1224202452851162,0.2541196023514204
17321,0.1650308679035078,0,1,0,484439,121171,66673,41283,1.1224109822520285,0.25412116660716266
17322,0.1650315840446742,1,1,1,484440,121170,66674,41282,1.122401719218941,0.2541181395119789
17323,0.1650321348213182,6,22,6,484462,121148,66680,41276,1.122197932491015,0.2541250061567256
17324,0.1650337794669883,0,2,0,484464,121146,66680,41276,1.1221794064248398,0.2541281353511224
17325,0.1650421131400694,0,2,0,484466,121144,66680,41276,1.1221608803586647,0.25413126462258345
17326,0.1650461777403341,1,15,1,484481,121129,66681,41275,1.1220219348623512,0.25415014408512104
17327,0.1650473549047684,5,9,5,484490,121120,66686,41270,1.1219385675645634,0.25414126485621036
17328,0.1650482098366525,3,7,3,484497,121113,66689,41267,1.1218737263329506,0.25413844069466685
17329,0.1650485700086807,29,89,29,484586,121024,66718,41238,1.121049316388158,0.25414453168332696
17330,0.1650510284981832,0,1,0,484587,121023,66718,41238,1.1210400533550706,0.25414609795329746
17331,0.1650616279000001,0,1,0,484588,121022,66718,41238,1.121030790321983,0.2541476642425736
17332,0.165063811335094,0,1,0,484589,121021,66718,41238,1.1210215272888955,0.25414923055115585
17333,0.1650706053141783,1,23,1,484612,120998,66719,41237,1.1208084775278817,0.25418066385181987
17334,0.1650757948383939,13,57,13,484669,120941,66732,41224,1.1202804846418912,0.25421021798785187
17335,0.1650798338496979,2,2,2,484671,120939,66734,41222,1.120261958575716,0.25420415512977845
17336,0.1650830899153514,7,24,7,484695,120915,66741,41215,1.1200396457816146,0.25420958490100537
17337,0.1650862195288542,5,20,5,484715,120895,66746,41210,1.1198543851198637,0.25421794515900187
17338,0.16508738941643,4,12,4,484727,120883,66750,41206,1.119743228722813,0.25421836151743793
17339,0.1650910299500712,1,0,1,484727,120883,66751,41205,1.119743228722813,0.254213760426435
17340,0.1650917354349428,0,1,0,484728,120882,66751,41205,1.1197339656897254,0.25421532880490105
17341,0.1650973267432484,3,13,3,484741,120869,66754,41202,1.1196135462595873,0.25422191508659786
17342,0.165100203786714,7,42,7,484783,120827,66761,41195,1.11922449886991,0.2542555949192085
17343,0.1651020994716693,0,9,0,484792,120818,66761,41195,1.119141131572122,0.2542697190966157
17344,0.1651027716172358,0,7,0,484799,120811,66761,41195,1.1190762903405091,0.2542807056528771
17345,0.1651098218322702,3,12,3,484811,120799,66764,41192,1.1189651339434585,0.25428573192337844
17346,0.1651126857524779,5,19,5,484830,120780,66769,41187,1.1187891363147948,0.25429254107318155
17347,0.1651143431309189,4,8,4,484838,120772,66773,41183,1.1187150320500945,0.2542866845728752
17348,0.165123555766984,0,3,0,484841,120769,66773,41183,1.1186872429508319,0.254291394981229
17349,0.1651246903648469,1,8,1,484849,120761,66774,41182,1.1186131386861313,0.2542993522412207
17350,0.1651301883294887,1,3,1,484852,120758,66775,41181,1.1185853495868687,0.25429945843805385
17351,0.165130451818296,1,10,1,484862,120748,66776,41180,1.1184927192559933,0.2543105577787659
17352,0.1651316674065734,0,2,0,484864,120746,66776,41180,1.1184741931898181,0.25431369885009203
17353,0.1651320464502906,2,9,2,484873,120737,66778,41178,1.11839082589203,0.25431862396936666
17354,0.1651367091491896,0,2,0,484875,120735,66778,41178,1.118372299825855,0.2543217653925256
17355,0.1651374048277924,4,24,4,484899,120711,66782,41174,1.1181499870317537,0.2543410445686753
17356,0.1651374497087646,2,5,2,484904,120706,66784,41172,1.118103671866316,0.2543396879131198
17357,0.1651408355728804,2,11,2,484915,120695,66786,41170,1.1180017785023528,0.2543477589349149
17358,0.1651436241623072,3,16,3,484931,120679,66789,41167,1.117853569972952,0.2543590820903822
17359,0.1651447651849834,1,11,1,484942,120668,66790,41166,1.1177516766089888,0.25437176365905806
17360,0.1651472432065556,6,23,6,484965,120645,66796,41160,1.117538626847975,0.254380272550292
17361,0.1651480969752219,2,0,2,484965,120645,66798,41158,1.117538626847975,0.254371056160887
17362,0.1651500683281823,0,12,0,484977,120633,66798,41158,1.1174274704509244,0.25438992280163913
17363,0.1651560328111893,2,15,2,484992,120618,66800,41156,1.1172885249546112,0.2544042924079271
17364,0.1651572404695397,0,3,0,484995,120615,66800,41156,1.1172607358553486,0.2544090102676005
17365,0.1651613815930282,0,2,0,484997,120613,66800,41156,1.1172422097891734,0.2544121556045967
17366,0.1651617005955094,0,4,0,485001,120609,66800,41156,1.1172051576568232,0.2544184465119154
17367,0.1651633810721649,5,6,5,485007,120603,66805,41151,1.1171495794582977,0.2544048369746652
17368,0.1651680331106274,2,22,2,485029,120581,66807,41149,1.1169457927303716,0.25443022321152536
17369,0.1651737589821907,0,2,0,485031,120579,66807,41149,1.1169272666641965,0.2544333696082311
17370,0.1651744570091491,1,4,1,485035,120575,66808,41148,1.1168902145318462,0.2544350525280881
17371,0.1651746700579792,1,4,1,485039,120571,66809,41147,1.1168531623994962,0.2544367355520103
17372,0.1651834677714915,2,11,2,485050,120560,66811,41145,1.116751269035533,0.25444482236170807
17373,0.1651923831296053,3,16,3,485066,120544,66814,41142,1.1166030605061321,0.25445616812834754
17374,0.1651980262484595,0,1,0,485067,120543,66814,41142,1.1165937974730447,0.2544577419055571
17375,0.1651992966366714,9,44,9,485111,120499,66823,41133,1.1161862240171923,0.25448549792120373
17376,0.1652003613887235,1,3,1,485114,120496,66824,41132,1.1161584349179294,0.25448560892914596
17377,0.165201831974622,1,5,1,485119,120491,66825,41131,1.1161121197524917,0.25448886908960416
17378,0.16520544350918,6,30,6,485149,120461,66831,41125,1.115834228759865,0.2545084351367074
17379,0.1652119995616263,1,8,1,485157,120453,66832,41124,1.1157601244951647,0.2545164225106296
17380,0.1652132151499037,0,2,0,485159,120451,66832,41124,1.1157415984289896,0.2545195729537367
17381,0.1652150725304689,0,2,0,485161,120449,66832,41124,1.1157230723628144,0.254522723474838
17382,0.1652169360744729,0,1,0,485162,120448,66832,41124,1.115713809329727,0.25452429876463745
17383,0.1652201457246838,0,3,0,485165,120445,66832,41124,1.1156860202304644,0.25452902475103517
17384,0.1652228076378496,0,1,0,485166,120444,66832,41124,1.1156767571973767,0.25453060011883544
17385,0.1652262713044666,2,6,2,485172,120438,66834,41122,1.1156211789988515,0.2545308244615004
17386,0.1652268734012912,0,5,0,485177,120433,66834,41122,1.1155748638334135,0.25453870199003437
17387,0.16522748068606,2,7,2,485184,120426,66836,41120,1.1155100226018007,0.2545405023956025
17388,0.1652395984135632,3,16,3,485200,120410,66839,41117,1.1153618140723998,0.2545518705851034
17389,0.1652399194649414,0,2,0,485202,120408,66839,41117,1.1153432880062248,0.2545550224423464
17390,0.165247612953817,0,4,0,485206,120404,66839,41117,1.1153062358738746,0.2545613263909956
17391,0.1652627561529796,0,3,0,485209,120401,66839,41117,1.115278446774612,0.2545660545573868
17392,0.1652660290688267,4,31,4,485240,120370,66843,41113,1.1149912927488976,0.254596459069995
17393,0.1652782819907726,1,4,1,485244,120366,66844,41112,1.1149542406165476,0.2545981495931334
17394,0.1652895303352785,3,7,3,485251,120359,66847,41109,1.1148893993849347,0.25459533777590604
17395,0.1652908767792991,4,9,4,485260,120350,66851,41105,1.1148060320871467,0.2545910625251618
17396,0.1652909425410899,19,51,19,485311,120299,66870,41086,1.1143336173996814,0.2545837593332714
17397,0.1652924419121608,0,10,0,485321,120289,66870,41086,1.1142409870688057,0.2545995352439969
17398,0.1652929277302077,3,3,3,485324,120286,66873,41083,1.114213197969543,0.2545904107976129
17399,0.1652942003058033,1,0,1,485324,120286,66874,41082,1.114213197969543,0.2545857914828219
17400,0.1652950152655482,2,1,2,485325,120285,66876,41080,1.1142039349364556,0.25457813032565924
17401,0.1653020462085437,0,1,0,485326,120284,66876,41080,1.114194671903368,0.25457970798939045
17402,0.1653033056402335,0,2,0,485328,120282,66876,41080,1.1141761458371928,0.25458286337551594
17403,0.1653036659406905,0,4,0,485332,120278,66876,41080,1.1141390937048428,0.2545891743824291
17404,0.1653052455869185,0,10,0,485342,120268,66876,41080,1.114046463373967,0.25460495326871113
17405,0.1653205795021582,1,10,1,485352,120258,66877,41079,1.1139538330430916,0.25461611409658047
17406,0.1653212781730442,11,51,11,485403,120207,66888,41068,1.1134814183556263,0.2546457913501783
17407,0.1653246748739202,1,1,1,485404,120206,66889,41067,1.1134721553225388,0.254642748631203
17408,0.1653271431281442,1,2,1,485406,120204,66890,41066,1.1134536292563637,0.254641284801885
17409,0.1653311785561909,1,0,1,485406,120204,66891,41065,1.1134536292563637,0.25463666296684423
17410,0.1653332249356669,6,18,6,485424,120186,66897,41059,1.1132868946607877,0.25463735309622004
17411,0.165335673066765,1,0,1,485424,120186,66898,41058,1.1132868946607877,0.2546327305202054
17412,0.1653370656551791,5,26,5,485450,120160,66903,41053,1.1130460558005113,0.2546506795357695
17413,0.1653375375388091,1,1,1,485451,120159,66904,41052,1.1130367927674238,0.2546476357072408
17414,0.1653410390210138,0,2,0,485453,120157,66904,41052,1.1130182667012487,0.2546507949308041
17415,0.1653494184682604,1,2,1,485455,120155,66905,41051,1.1129997406350736,0.25464933067007434
17416,0.1653504311951504,7,33,7,485488,120122,66912,41044,1.1126940605431843,0.25466909894146406
17417,0.165355661373951,3,33,3,485521,120089,66915,41041,1.112388380451295,0.25470737913486
17418,0.1653560284943764,0,5,0,485526,120084,66915,41041,1.112342065285857,0.2547152831652444
17419,0.1653587718650032,6,7,6,485533,120077,66921,41035,1.1122772240542442,0.2546985947663737
17420,0.1653618382633482,24,83,24,485616,119994,66945,41011,1.1115083923079774,0.254718797552871
17421,0.1653646446150515,2,3,2,485619,119991,66947,41009,1.1114806032087146,0.2547142857142857
17422,0.1653685734810816,1,2,1,485621,119989,66948,41008,1.1114620771425396,0.2547128207357901
17423,0.1653698621334004,0,1,0,485622,119988,66948,41008,1.111452814109452,0.2547144028423066
17424,0.1653722032770833,1,2,1,485624,119986,66949,41007,1.1114342880432768,0.2547129378295951
17425,0.1653750891937915,8,37,8,485661,119949,66957,40999,1.1110915558190373,0.25473444839326986
17426,0.1653752222958406,1,2,1,485663,119947,66958,40998,1.1110730297528624,0.2547329833172823
17427,0.165377698550831,0,2,0,485665,119945,66958,40998,1.1110545036866872,0.25473614882287515
17428,0.1653788915261399,6,34,6,485699,119911,66964,40992,1.1107395605617103,0.25476218591325206
17429,0.1653790369711958,1,7,1,485706,119904,66965,40991,1.1106747193300974,0.2547686379315703
17430,0.1653819537953919,0,3,0,485709,119901,66965,40991,1.1106469302308348,0.2547733883598936
17431,0.1653823752913786,7,42,7,485751,119859,66972,40984,1.1102578828411576,0.2548074830735562
17432,0.1653852413878547,8,21,8,485772,119838,66980,40976,1.110063359146319,0.25480368624622235
17433,0.1653930510211441,1,0,1,485772,119838,66981,40975,1.110063359146319,0.25479905231542227
17434,0.1653945882634717,16,58,16,485830,119780,66997,40959,1.1095261032272408,0.25481681483647406
17435,0.1653953100143549,0,3,0,485833,119777,66997,40959,1.1094983141279782,0.25482157077443757
17436,0.165395925562669,4,8,4,485841,119769,67001,40955,1.1094242098632776,0.2548157089171499
17437,0.1653997080515319,5,9,5,485850,119760,67006,40950,1.1093408425654896,0.2548067948478626
17438,0.16540028069208,0,1,0,485851,119759,67006,40950,1.1093315795324021,0.25480838036450976
17439,0.1654014900736733,1,0,1,485851,119759,67007,40949,1.1093315795324021,0.2548037434352988
17440,0.1654170533829075,6,32,6,485883,119727,67013,40943,1.1090351624736003,0.2548266633472335
17441,0.1654286457978069,0,5,0,485888,119722,67013,40943,1.1089888473081626,0.25483459371985184
17442,0.1654331385639992,2,3,2,485891,119719,67015,40941,1.1089610582089,0.2548300759367609
17443,0.1654349423553236,1,2,1,485893,119717,67016,40940,1.1089425321427249,0.25482861002010493
17444,0.1654372476375716,6,21,6,485914,119696,67022,40934,1.1087480084478862,0.25483409076760255
17445,0.16543806012897,8,34,8,485948,119662,67030,40926,1.1084330653229093,0.25485092285849503
17446,0.1654389423185832,1,0,1,485948,119662,67031,40925,1.1084330653229093,0.2548462827003431
17447,0.1654425430576211,1,2,1,485950,119660,67032,40924,1.1084145392567342,0.25484481642006673
17448,0.1654469324356697,12,61,12,486011,119599,67044,40912,1.1078494942383934,0.2548859579717278
17449,0.1654480065882825,12,24,12,486035,119575,67056,40900,1.1076271814442922,0.2548683595575635
17450,0.1654519037053369,12,29,12,486064,119546,67068,40888,1.107358553484753,0.25485869578767595
17451,0.1654523811529158,6,3,6,486067,119543,67074,40882,1.1073307643854904,0.25483559295621006
17452,0.165453272376499,2,39,2,486106,119504,67076,40880,1.1069695060950757,0.25488826815642457
17453,0.1654638690734211,6,21,6,486127,119483,67082,40874,1.106774982400237,0.2548937682795263
17454,0.1654734131913162,0,1,0,486128,119482,67082,40874,1.1067657193671496,0.2548953578288308
17455,0.1654768577576852,2,5,2,486133,119477,67084,40872,1.1067194042017119,0.25489401243537535
17456,0.1654772442736045,10,5,10,486138,119472,67094,40862,1.106673089036274,0.2548554891663652
17457,0.165477809517316,2,10,2,486148,119462,67096,40860,1.1065804587053985,0.2548620900437869
17458,0.1654782795883293,3,7,3,486155,119455,67099,40857,1.1065156174737856,0.254859274414891
17459,0.1654859441023903,1,8,1,486163,119447,67100,40856,1.1064415132090852,0.25486734496547164
17460,0.1654875057052968,1,0,1,486163,119447,67101,40855,1.1064415132090852,0.2548626966600541
17461,0.1654965354973622,16,61,16,486224,119386,67117,40839,1.1058764681907445,0.25488531752223437
17462,0.1655145026373229,7,38,7,486262,119348,67124,40832,1.1055244729334173,0.2549132226245474
17463,0.1655167504243219,2,3,2,486265,119345,67126,40830,1.1054966838341547,0.2549086936163571
17464,0.1655199056335408,3,2,3,486267,119343,67129,40827,1.1054781577679795,0.25489792095898106
17465,0.1655292547095748,3,6,3,486273,119337,67132,40824,1.1054225795694541,0.2548935134021391
17466,0.1655296402715979,10,21,10,486294,119316,67142,40814,1.1052280558746155,0.2548804096671454
17467,0.1655318787836073,0,1,0,486295,119315,67142,40814,1.105218792841528,0.25488200138638223
17468,0.165532575075745,0,9,0,486304,119306,67142,40814,1.10513542554374,0.25489632775418436
17469,0.1655366766429045,2,15,2,486319,119291,67144,40812,1.1049964800474268,0.2549109011074121
17470,0.1655431027993765,1,1,1,486320,119290,67145,40811,1.104987217014339,0.2549078394263621
17471,0.1655448525191268,2,7,2,486327,119283,67147,40809,1.1049223757827262,0.25490967693576194
17472,0.1655488386311793,0,4,0,486331,119279,67147,40809,1.1048853236503762,0.25491604617460395
17473,0.1655498091969922,2,11,2,486342,119268,67149,40807,1.104783430286413,0.2549242542558176
17474,0.1655517079384443,0,1,0,486343,119267,67149,40807,1.1047741672533253,0.2549258467958569
17475,0.1655536198181079,0,1,0,486344,119266,67149,40807,1.1047649042202379,0.25492743935579393
17476,0.1655554492160489,1,6,1,486350,119260,67150,40806,1.1047093260217125,0.25493234040958107
17477,0.1655556028965287,0,1,0,486351,119259,67150,40806,1.104700062988625,0.2549339330896823
17478,0.1655561952510177,4,21,4,486372,119238,67154,40802,1.1045055392937864,0.2549487628092977
17479,0.1655595860239201,1,6,1,486378,119232,67155,40801,1.104449961095261,0.2549536658064274
17480,0.1655595900416117,7,20,7,486398,119212,67162,40794,1.10426470043351,0.2549529392647776
17481,0.1655700923757751,6,28,6,486426,119184,67168,40788,1.1040053355070585,0.2549696196834446
17482,0.1655732088036728,5,13,5,486439,119171,67173,40783,1.1038849160769202,0.25496705302774547
17483,0.1655762068650625,6,9,6,486448,119162,67179,40777,1.1038015487791322,0.25495345100319494
17484,0.1655782463968,2,1,2,486449,119161,67181,40775,1.1037922857460447,0.2549457282913165
17485,0.1655797923177475,0,1,0,486450,119160,67181,40775,1.103783022712957,0.2549473223497046
17486,0.165580075794741,5,24,5,486474,119136,67186,40770,1.1035607099188558,0.25496229034557805
17487,0.1655814503633798,1,9,1,486483,119127,67187,40769,1.1034773426210678,0.2549719817881623
17488,0.1655907908855689,0,3,0,486486,119124,67187,40769,1.1034495535218052,0.25497676571206995
17489,0.1655938816422267,3,7,3,486493,119117,67190,40766,1.1033847122901923,0.2549739497007186
17490,0.1655989257133454,3,14,3,486507,119103,67193,40763,1.1032550298269665,0.25498229767430225
17491,0.1656052938103532,6,43,6,486550,119060,67199,40757,1.1028567194042016,0.25502293247902286
17492,0.1656082550081729,5,4,5,486554,119056,67204,40752,1.1028196672718515,0.25500600720865035
17493,0.165620174013675,3,5,3,486559,119051,67207,40749,1.1027733521064138,0.255
17494,0.165623474762318,1,6,1,486565,119045,67208,40748,1.1027177739078884,0.2550049126056836
17495,0.1656240529318612,5,14,5,486579,119031,67213,40743,1.1025880914446626,0.2550039430695858
17496,0.1656309958063004,0,3,0,486582,119028,67213,40743,1.1025603023454,0.2550087312465967
17497,0.1656332319631414,3,10,3,486592,119018,67216,40740,1.1024676720145243,0.2550107036893301
17498,0.1656463204069728,14,24,14,486616,118994,67230,40726,1.102245359220423,0.25498372151264714
17499,0.1656469176835475,0,3,0,486619,118991,67230,40726,1.1022175701211605,0.25498851092870517
17500,0.1656503527548984,7,21,7,486640,118970,67237,40719,1.1020230464263219,0.25498938561829554
17501,0.1656510224541274,10,25,10,486665,118945,67247,40709,1.101791470599133,0.254982649980583
17502,0.1656555765248447,3,6,3,486671,118939,67250,40706,1.1017358924006078,0.2549782329543675
17503,0.1656617109661401,2,1,2,486672,118938,67252,40704,1.10172662936752,0.25497049648588715
17504,0.1656647889463006,0,1,0,486673,118937,67252,40704,1.1017173663344326,0.25497209363509377
17505,0.1656676968257219,5,6,5,486679,118931,67257,40699,1.1016617881359072,0.2549583411639416
17506,0.1656696766768735,0,2,0,486681,118929,67257,40699,1.101643262069732,0.25496153557020074
17507,0.1656698265394278,0,1,0,486682,118928,67257,40699,1.1016339990366446,0.2549631328033478
17508,0.1656716559373688,0,5,0,486687,118923,67257,40699,1.1015876838712069,0.2549711192692737
17509,0.1656724484812333,1,4,1,486691,118919,67258,40698,1.1015506317388566,0.25497284123871516
17510,0.1656760843320862,0,9,0,486700,118910,67258,40698,1.1014672644410686,0.25498721868578017
17511,0.1656813678570387,4,8,4,486708,118902,67262,40694,1.1013931601763682,0.2549813278528284
17512,0.1657027923790928,8,27,8,486735,118875,67270,40686,1.1011430582830042,0.25498712091300507
17513,0.1657057535231054,5,6,5,486741,118869,67275,40681,1.1010874800844788,0.2549733625822626
17514,0.1657064131157888,4,15,4,486756,118854,67279,40677,1.1009485345881656,0.25497865618594506
17515,0.1657106352822404,0,2,0,486758,118852,67279,40677,1.1009300085219904,0.25498185282926616
17516,0.1657169600507931,1,0,1,486758,118852,67280,40676,1.1009300085219904,0.2549771826889323
17517,0.1657171365669384,4,6,4,486764,118846,67284,40672,1.1008744303234652,0.254968091375268
17518,0.1657194814591665,4,7,4,486771,118839,67288,40668,1.1008095890918523,0.2549605973405556
17519,0.165734840468396,2,11,2,486782,118828,67290,40666,1.1007076957278892,0.25496883895318945
17520,0.1657355261496352,1,1,1,486783,118827,67291,40665,1.1006984326948015,0.254965766308028
17521,0.1657371297853447,5,10,5,486793,118817,67296,40660,1.100605802363926,0.2549583952544881
17522,0.1657379005496005,2,9,2,486802,118808,67298,40658,1.100522435066138,0.2549634404826107
17523,0.1657426025967552,2,12,2,486814,118796,67300,40656,1.1004112786690874,0.2549732834959737
17524,0.1657460944204546,1,10,1,486824,118786,67301,40655,1.100318648338212,0.25498460245482657
17525,0.16575501379626,8,28,8,486852,118758,67309,40647,1.1000592834117604,0.2549920015055989
17526,0.165755207294121,0,4,0,486856,118754,67309,40647,1.1000222312794101,0.25499840026097703
17527,0.1657683615223798,2,10,2,486866,118744,67311,40645,1.0999296009485346,0.25500505053673717
17528,0.1657725604077099,0,5,0,486871,118739,67311,40645,1.099883285783097,0.25501305024343723
17529,0.1657809064128124,3,17,3,486888,118722,67314,40642,1.0997258142206083,0.25502622926131374
17530,0.1657851231828875,1,0,1,486888,118722,67315,40641,1.0997258142206083,0.25502155456410835
17531,0.165792705591059,0,2,0,486890,118720,67315,40641,1.0997072881544332,0.2550247551157435
17532,0.1658068323583724,1,0,1,486890,118720,67316,40640,1.0997072881544332,0.25502008032128515
17533,0.1658076383049835,2,10,2,486900,118710,67318,40638,1.0996146578235577,0.25502673394080877
17534,0.1658087167095662,2,2,2,486902,118708,67320,40636,1.0995961317573826,0.2550205843960237
17535,0.1658125321447347,0,1,0,486903,118707,67320,40636,1.0995868687242951,0.25502218484652606
17536,0.1658172386834012,13,68,13,486971,118639,67333,40623,1.0989569824743415,0.2550702615815449
17537,0.1658180888646223,1,0,1,486971,118639,67334,40622,1.0989569824743415,0.25506558416687075
17538,0.1658234027108689,5,9,5,486980,118630,67339,40617,1.0988736151765535,0.2550566101716202
17539,0.1658264197626718,9,49,9,487029,118581,67348,40608,1.0984197265552633,0.2550930026572188
17540,0.1658317333860978,2,7,2,487036,118574,67350,40606,1.0983548853236504,0.25509486116346275
17541,0.1658323390371356,4,17,4,487053,118557,67354,40602,1.0981974137611619,0.2551033871788589
17542,0.1658333432882583,3,8,3,487061,118549,67357,40599,1.0981233094964615,0.2551021690501923
17543,0.1658487357367258,6,20,6,487081,118529,67363,40593,1.0979380488347104,0.25510614497052575
17544,0.1658490281172093,1,5,1,487086,118524,67364,40592,1.0978917336692726,0.25510947987631666
17545,0.1658521795424481,8,67,8,487153,118457,67372,40584,1.0972711104524064,0.2551794820203595
17546,0.1658541081510401,2,12,2,487165,118445,67374,40582,1.0971599540553558,0.2551893703584926
17547,0.165860302162382,0,2,0,487167,118443,67374,40582,1.0971414279891807,0.255192579783053
17548,0.1658752201846742,1,0,1,487167,118443,67375,40581,1.0971414279891807,0.25518789616661636
17549,0.1658764571035326,0,7,0,487174,118436,67375,40581,1.0970765867575678,0.2551991296528044
17550,0.1658816704401068,12,62,12,487236,118374,67387,40569,1.0965022787061396,0.2552424454049565
17551,0.1658859489865774,47,128,47,487364,118246,67434,40522,1.0953166104709327,0.2552277537035171
17552,0.1658912320347822,1,4,1,487368,118242,67435,40521,1.0952795583385824,0.2552294930178946
17553,0.1659021425191709,1,13,1,487381,118229,67436,40520,1.095159138908444,0.25524570233513283
17554,0.1659080618284664,1,0,1,487381,118229,67437,40519,1.095159138908444,0.25524101091037366
17555,0.1659179712162257,6,31,6,487412,118198,67443,40513,1.09487198488273,0.2552627102091222
17556,0.1659249234308861,1,6,1,487418,118192,67444,40512,1.0948164066842048,0.2552676681117048
17557,0.1659266069611954,34,81,34,487499,118111,67478,40478,1.0940661010041128,0.2552383834944416
17558,0.1659351000391377,1,0,1,487499,118111,67479,40477,1.0940661010041128,0.25523368729033724
17559,0.165937613316918,9,54,9,487553,118057,67488,40468,1.093565897217385,0.2552783472638385
17560,0.1659395978172795,1,3,1,487556,118054,67489,40467,1.0935381081181221,0.25527848045369383
17561,0.1659437614088819,1,1,1,487557,118053,67490,40466,1.0935288450850347,0.25527539285511514
17562,0.1659451212934737,12,44,12,487601,118009,67502,40454,1.0931212716291823,0.2552898783943255
17563,0.1659612800441407,3,6,3,487607,118003,67505,40451,1.0930656934306568,0.2552854456182867
17564,0.1659685711488509,6,11,6,487618,117992,67511,40445,1.092963800066694,0.25527496733717503
17565,0.1659757487114374,31,105,31,487723,117887,67542,40414,1.0919911815925007,0.2552984504204016
17566,0.1659817262004909,2,12,2,487735,117875,67544,40412,1.09188002519545,0.25530839550942275
17567,0.1659911973227371,1,7,1,487742,117868,67545,40411,1.091815183963837,0.2553149817726925
17568,0.1659943177457964,2,29,2,487771,117839,67547,40409,1.091546556004298,0.2553523583236439
17569,0.1659960381620905,17,46,17,487817,117793,67564,40392,1.0911204564822705,0.2553465878559914
17570,0.1660003632352261,3,8,3,487825,117785,67567,40389,1.0910463522175702,0.25534537913942873
17571,0.1660023895076462,0,1,0,487826,117784,67567,40389,1.0910370891844825,0.25534699348182055
17572,0.1660041085113101,0,1,0,487827,117783,67567,40389,1.091027826151395,0.2553486078446248
17573,0.1660066426715078,1,6,1,487833,117777,67568,40388,1.0909722479528696,0.25535358644453576
17574,0.1660070419848436,2,4,2,487837,117773,67570,40386,1.0909351958205196,0.2553506281653273
17575,0.166009707265017,2,14,2,487851,117759,67572,40384,1.0908055133572938,0.2553638162928489
17576,0.1660154956446202,13,26,13,487877,117733,67585,40371,1.0905646744970172,0.2553445833122502
17577,0.1660211455606098,3,3,3,487880,117730,67588,40368,1.0905368853977546,0.2553352983592455
17578,0.1660266690368039,24,47,24,487927,117683,67612,40344,1.0901015228426396,0.2552981452536592
17579,0.1660316891772137,1,4,1,487931,117679,67613,40343,1.0900644707102893,0.25529989495133587
17580,0.1660347686587222,4,8,4,487939,117671,67617,40339,1.089990366445589,0.25529396873615595
17581,0.1660366152571821,5,16,5,487955,117655,67622,40334,1.089842157916188,0.2552962548025495
17582,0.1660450810760123,7,42,7,487997,117613,67629,40327,1.0894531105265108,0.25533113840699
17583,0.1660475178742685,4,14,4,488011,117599,67633,40323,1.089323428063285,0.2553349121718317
17584,0.1660477789681975,0,1,0,488012,117598,67633,40323,1.0893141650301974,0.25533652902400567
17585,0.1660485707513534,2,2,2,488014,117596,67635,40321,1.0892956389640225,0.2553303317565557
17586,0.1660504864232325,1,3,1,488017,117593,67636,40320,1.0892678498647597,0.25533046677600957
17587,0.166055152176464,0,1,0,488018,117592,67636,40320,1.0892585868316722,0.25533208369218297
17588,0.1660561536192382,9,34,9,488052,117558,67645,40311,1.0889436437066953,0.25534462117325124
17589,0.1660570376614969,6,39,6,488091,117519,67651,40305,1.0885823854162806,0.2553794099756691
17590,0.1660626857183199,0,1,0,488092,117518,67651,40305,1.0885731223831931,0.255381028113773
17591,0.1660757518470797,0,3,0,488095,117515,67651,40305,1.0885453332839305,0.25538588265112155
17592,0.1660768143040735,1,1,1,488096,117514,67652,40304,1.0885360702508429,0.2553827826990584
17593,0.1660833861484655,0,1,0,488097,117513,67652,40304,1.0885268072177554,0.255384400920053
17594,0.1660852991266555,20,49,20,488146,117464,67672,40284,1.0880729185964653,0.2553693232243832
17595,0.1660858978884243,0,1,0,488147,117463,67672,40284,1.0880636555633776,0.25537094207813776
17596,0.1660876183047182,17,16,17,488163,117447,67689,40267,1.087915447033977,0.2553165857184524
17597,0.1660882622942789,1,0,1,488163,117447,67690,40266,1.087915447033977,0.25531186395541267
17598,0.1661032546754839,0,1,0,488164,117446,67690,40266,1.0879061840008892,0.2553134828040986
17599,0.1661104870529778,1,37,1,488201,117409,67691,40265,1.0875634517766497,0.25536867207022085
17600,0.1661121587030433,8,11,8,488212,117398,67699,40257,1.0874615584126865,0.2553487044495893
17601,0.1661129103999256,3,8,3,488220,117390,67702,40254,1.0873874541479862,0.2553474918170054
17602,0.1661222166905748,4,11,4,488231,117379,67706,40250,1.087285560784023,0.25534641468257746
17603,0.1661232468462521,2,3,2,488234,117376,67708,40248,1.0872577716847605,0.25534182611785006
17604,0.1661239754959496,0,2,0,488236,117374,67708,40248,1.0872392456185853,0.25534506604408014
17605,0.1661242245690468,0,3,0,488239,117371,67708,40248,1.0872114565193227,0.25534992608759094
17606,0.1661299098932689,3,5,3,488244,117366,67711,40245,1.087165141353885,0.2553438529036679
17607,0.1661305237937861,1,0,1,488244,117366,67712,40244,1.087165141353885,0.25533912822790433
17608,0.1661361893295506,0,1,0,488245,117365,67712,40244,1.0871558783207973,0.2553407483075205
17609,0.1661392539230598,6,18,6,488263,117347,67718,40238,1.0869891437252215,0.255341561696862
17610,0.1661476311160354,1,7,1,488270,117340,67719,40237,1.0869243024936086,0.2553481789855118
17611,0.1661568062556244,0,2,0,488272,117338,67719,40237,1.0869057764274335,0.2553514199587498
17612,0.1661570191440293,3,1,3,488273,117337,67722,40234,1.0868965133943458,0.25533886311567483
17613,0.1661575691554197,1,1,1,488274,117336,67723,40233,1.0868872503612583,0.2553357576680692
17614,0.1661582264555262,0,2,0,488276,117334,67723,40233,1.0868687242950832,0.2553389986481941
17615,0.1661582347323067,0,6,0,488282,117328,67723,40233,1.0868131460965578,0.2553487220822412
17616,0.1661673319897074,0,2,0,488284,117326,67723,40233,1.0867946200303829,0.25535196339149147
17617,0.1661675175724888,2,5,2,488289,117321,67725,40231,1.086748304864945,0.25535061440032497
17618,0.166168080737581,8,13,8,488302,117308,67733,40223,1.0866278854348068,0.255333870793685
17619,0.1661701849316571,3,17,3,488319,117291,67736,40220,1.0864704138723182,0.25534724558919697
17620,0.166176482923658,3,2,3,488321,117289,67739,40217,1.0864518878061433,0.2553363046487118
17621,0.1661783163768911,2,8,2,488329,117281,67741,40215,1.0863777835414428,0.25533981815411183
17622,0.1661846988345068,0,1,0,488330,117280,67741,40215,1.0863685205083553,0.255341439410775
17623,0.1661890223678204,10,17,10,488347,117263,67751,40205,1.0862110489458667,0.2553217161582036
17624,0.1661937064463735,6,9,6,488356,117254,67757,40199,1.086127681648079,0.25530793316100675
17625,0.1662019566921765,11,65,11,488421,117189,67768,40188,1.085525584497388,0.25536132980041554
17626,0.1662148457846983,4,14,4,488435,117175,67772,40184,1.0853959020341621,0.255365120520593
17627,0.1662301924133706,1,9,1,488444,117166,67773,40183,1.0853125347363741,0.25537499443911305
17628,0.1662337484524991,1,1,1,488445,117165,67774,40182,1.0853032717032864,0.2553718850693054
17629,0.1662359100614943,6,12,6,488457,117153,67780,40176,1.0851921153062358,0.2553629655054059
17630,0.1662424949719264,0,1,0,488458,117152,67780,40176,1.0851828522731484,0.25536458863012307
17631,0.1662524705780292,6,8,6,488466,117144,67786,40170,1.0851087480084478,0.25534917426293907
17632,0.1662578950751107,1,18,1,488484,117126,67787,40169,1.084942013412872,0.25537366095552944
17633,0.1662581218670943,11,54,11,488538,117072,67798,40158,1.084441809626144,0.2554092730394963
17634,0.1662629574622008,1,5,1,488543,117067,67799,40157,1.0843954944607062,0.25541265964483795
17635,0.1662697860160898,0,20,0,488563,117047,67799,40157,1.0842102337989552,0.25544515406732654
17636,0.1662713955034846,1,0,1,488563,117047,67800,40156,1.0842102337989552,0.2554404178037315
17637,0.1662783706506932,0,9,0,488572,117038,67800,40156,1.0841268665011672,0.2554550428133389
17638,0.1662792131245836,0,2,0,488574,117036,67800,40156,1.084108340434992,0.25545829304290296
17639,0.1662880817073067,3,6,3,488580,117030,67803,40153,1.0840527622364666,0.25545383406602495
17640,0.1662919547394705,3,10,3,488590,117020,67806,40150,1.0839601319055912,0.25545587580327034
17641,0.1662919620067695,0,3,0,488593,117017,67806,40150,1.0839323428063286,0.2554607519390203
17642,0.1662943501266828,0,7,0,488600,117010,67806,40150,1.0838675015747157,0.25547213031305677
17643,0.1662975305945568,0,2,0,488602,117008,67806,40150,1.0838489755085405,0.25547538146324084
17644,0.1663054217498038,12,46,12,488648,116962,67818,40138,1.083422875986513,0.255493316359007
17645,0.1663064245142216,1,6,1,488654,116956,67819,40137,1.0833672977879878,0.2554983353809527
17646,0.1663076116905695,2,0,2,488654,116956,67821,40135,1.0833672977879878,0.25548885677728195
17647,0.1663159762353576,0,1,0,488655,116955,67821,40135,1.0833580347549001,0.2554904831625183
17648,0.1663185690258632,1,2,1,488657,116953,67822,40134,1.083339508688725,0.25548899654331675
17649,0.1663240565535989,0,4,0,488661,116949,67822,40134,1.083302456556375,0.2554955023777239
17650,0.1663259511910077,11,20,11,488681,116929,67833,40123,1.0831171958946237,0.2554758933346917
17651,0.166329566622211,15,17,15,488698,116912,67848,40108,1.0829597243321354,0.25543242898993757
17652,0.166330848738538,2,19,2,488717,116893,67850,40106,1.082783726703472,0.25545385639398976
17653,0.1663322205930571,2,18,2,488735,116875,67852,40104,1.0826169921078959,0.25547366208218936
17654,0.166335975743907,6,24,6,488759,116851,67858,40098,1.0823946793137944,0.25548426558945897
17655,0.1663362097686988,4,13,4,488772,116838,67862,40094,1.0822742598836563,0.2554864527311192
17656,0.1663363030438758,0,1,0,488773,116837,67862,40094,1.0822649968505687,0.25548808074886414
17657,0.1663373151711726,0,3,0,488776,116834,67862,40094,1.082237207751306,0.2554929649265905
17658,0.1663396278355321,1,7,1,488783,116827,67863,40093,1.0821723665196932,0.2554996176395616
17659,0.1663430548706838,2,7,2,488790,116820,67865,40091,1.0821075252880803,0.25550152634295875
17660,0.166352433344242,7,31,7,488821,116789,67872,40084,1.0818203712623662,0.2555187954587469
17661,0.1663543292287176,1,4,1,488825,116785,67873,40083,1.081783319130016,0.25552056506107046
17662,0.1663553806179146,1,1,1,488826,116784,67874,40082,1.0817740560969284,0.25551744801295373
17663,0.1663581472524787,11,55,11,488881,116729,67885,40071,1.0812645892771129,0.2555548469387755
17664,0.1663636214136273,1,1,1,488882,116728,67886,40070,1.0812553262440254,0.2555517289761349
17665,0.1663733741582222,1,0,1,488882,116728,67887,40069,1.0812553262440254,0.25554698112846547
17666,0.166383614517293,1,12,1,488894,116716,67888,40068,1.0811441698469746,0.25556179201959384
17667,0.1663883725078986,5,17,5,488911,116699,67893,40063,1.0809866982844862,0.25556576211071563
17668,0.1663916306263539,2,9,2,488920,116690,67895,40061,1.0809033309866982,0.2555709373464922
17669,0.1663926501509547,2,2,2,488922,116688,67897,40059,1.080884804920523,0.25556469980286706
17670,0.1664087597826264,0,1,0,488923,116687,67897,40059,1.0808755418874356,0.25556633024128206
17671,0.1664156448549421,3,8,3,488931,116679,67900,40056,1.0808014376227353,0.2555651258493636
17672,0.1664195079875988,1,4,1,488935,116675,67901,40055,1.080764385490385,0.25556689848784536
17673,0.1664218353606444,2,6,2,488941,116669,67903,40053,1.0807088072918596,0.25556718265463685
17674,0.1664220853532856,4,12,4,488953,116657,67907,40049,1.080597650894809,0.255567751075262
17675,0.1664224288811658,3,5,3,488958,116652,67910,40046,1.0805513357293712,0.25556165362672145
17676,0.1664269517502987,9,38,9,488996,116614,67919,40037,1.0801993404720442,0.25558087723665984
17677,0.1664400802279503,3,2,3,488998,116612,67922,40034,1.080180814405869,0.25556988368678424
17678,0.1664415092690928,0,1,0,488999,116611,67922,40034,1.0801715513727814,0.25557151520955024
17679,0.1664421726042415,3,11,3,489010,116600,67925,40031,1.0800696580088185,0.25557520541910606
17680,0.1664455390801102,1,2,1,489012,116598,67926,40030,1.0800511319426433,0.2555737160660929
17681,0.1664517209197458,2,15,2,489027,116583,67928,40028,1.07991218644633,0.2555886878954863
17682,0.1664532097721494,1,4,1,489031,116579,67929,40027,1.0798751343139799,0.25559046268980756
17683,0.1664654225862913,7,34,7,489065,116545,67936,40020,1.079560191189003,0.25561268482738797
17684,0.1664691744935749,1,0,1,489065,116545,67937,40019,1.079560191189003,0.25560793030326256
17685,0.1664730427778067,5,20,5,489085,116525,67942,40014,1.0793749305272518,0.2556168111461042
17686,0.1664759526757501,10,19,10,489104,116506,67952,40004,1.0791989328985883,0.255600281132196
17687,0.1664766709608137,1,0,1,489104,116506,67953,40003,1.0791989328985883,0.25559552485799536
17688,0.1664785193176305,1,0,1,489104,116506,67954,40002,1.0791989328985883,0.2555907685230148
17689,0.1664795073279039,0,5,0,489109,116501,67954,40002,1.0791526177331505,0.2555989342057341
17690,0.1664885783572884,25,66,25,489175,116435,67979,39977,1.078541257549372,0.25558780656215635
17691,0.1664886535222778,0,1,0,489176,116434,67979,39977,1.0785319945162843,0.25558944064036415
17692,0.1664896646845577,0,2,0,489178,116432,67979,39977,1.0785134684501092,0.2555927088594646
17693,0.166491680608142,1,4,1,489182,116428,67980,39976,1.0784764163177591,0.25559448607452495
17694,0.1664940184311314,6,11,6,489193,116417,67986,39970,1.078374522953796,0.2555839040329439
17695,0.1664976613777464,5,23,5,489216,116394,67991,39965,1.0781614731927822,0.25559769504793456
17696,0.166501192310337,0,4,0,489220,116390,67991,39965,1.078124421060432,0.2556042339547824
17697,0.1665025374708482,4,3,4,489223,116387,67995,39961,1.0780966319611693,0.2555900938931102
17698,0.1665047718898819,3,23,3,489246,116364,67998,39958,1.0778835822001556,0.25561341333913334
17699,0.1665061593296012,2,7,2,489253,116357,68000,39956,1.0778187409685427,0.2556153358965665
17700,0.1665079095518636,0,1,0,489254,116356,68000,39956,1.0778094779354552,0.2556169711858335
17701,0.1665111045340932,3,13,3,489267,116343,68003,39953,1.077689058505317,0.2556239443107949
17702,0.1665144235117427,6,13,6,489280,116330,68009,39947,1.0775686390751789,0.25561662944643165
17703,0.1665179191659413,1,3,1,489283,116327,68010,39946,1.077540849975916,0.25561677321098336
17704,0.1665218008239922,15,84,15,489367,116243,68025,39931,1.0767627551965615,0.2556827640964565
17705,0.1665230570124231,0,1,0,489368,116242,68025,39931,1.076753492163474,0.2556844012729473
17706,0.1665311239380535,2,2,2,489370,116240,68027,39929,1.076734966097299,0.2556781435496161
17707,0.1665346028143832,9,45,9,489415,116195,68036,39920,1.076318129608359,0.2557089325176953
17708,0.1665414907266587,31,81,31,489496,116114,68067,39889,1.075567823928267,0.2556938007602418
17709,0.1665433010623736,1,3,1,489499,116111,68068,39888,1.0755400348290045,0.25569394675606893
17710,0.1665487616771135,22,61,22,489560,116050,68090,39866,1.0749749898106635,0.2556889607224403
17711,0.1665612714770403,0,1,0,489561,116049,68090,39866,1.074965726777576,0.25569060064778887
17712,0.1665654907016597,0,6,0,489567,116043,68090,39866,1.0749101485790507,0.25570044064165637
17713,0.1665682511034416,1,2,1,489569,116041,68091,39865,1.0748916225128755,0.2556989468012777
17714,0.1665838241437642,5,10,5,489579,116031,68096,39860,1.074798992182,0.2556914767369508
17715,0.1665855985737592,1,3,1,489582,116028,68097,39859,1.0747712030827374,0.2556916227780379
17716,0.1665912448882485,6,18,6,489600,116010,68103,39853,1.0746044684871614,0.2556924991819739
17717,0.16659330389023,0,3,0,489603,116007,68103,39853,1.0745766793878988,0.2556974207622225
17718,0.1665995051784328,1,2,1,489605,116005,68104,39852,1.0745581533217237,0.25569592639406635
17719,0.1666003217851036,7,8,7,489613,115997,68111,39845,1.0744840490570233,0.2556756201794125
17720,0.1666077978536507,3,3,3,489616,115994,68114,39842,1.0744562599577605,0.2556662131984907
17721,0.16661338096662,1,16,1,489632,115978,68115,39841,1.0743080514283596,0.25568768892112004
17722,0.1666181250153312,1,8,1,489640,115970,68116,39840,1.0742339471636593,0.2556960400487774
17723,0.1666190315934416,2,3,2,489643,115967,68118,39838,1.0742061580643967,0.25569140913321137
17724,0.1666222949797568,1,8,1,489651,115959,68119,39837,1.0741320537996961,0.2556997612262189
17725,0.1666234252875939,0,1,0,489652,115958,68119,39837,1.0741227907666087,0.2557014024840335
17726,0.1666250979694254,0,1,0,489653,115957,68119,39837,1.074113527733521,0.2557030437629177
17727,0.1666271613767699,34,83,34,489736,115874,68153,39803,1.0733446959872541,0.2556768180270689
17728,0.1666307925576381,2,14,2,489750,115860,68155,39801,1.0732150135240284,0.2556902499662729
17729,0.1666312505666908,13,70,13,489820,115790,68168,39788,1.0725666012078996,0.2557430999241538
17730,0.1666317747262226,2,4,2,489824,115786,68170,39786,1.0725295490755493,0.2557401074743527
17731,0.166632084128891,4,3,4,489827,115783,68174,39782,1.0725017599762867,0.2557259023559284
17732,0.1666345058033684,0,16,0,489843,115767,68174,39782,1.0723535514468858,0.2557522067001395
17733,0.1666346510099121,0,6,0,489849,115761,68174,39782,1.0722979732483604,0.25576207222440095
17734,0.1666357059876441,1,0,1,489849,115761,68175,39781,1.0722979732483604,0.2557572874207609
17735,0.166644183454124,1,4,1,489853,115757,68176,39780,1.0722609211160101,0.25575907983309437
17736,0.1666486042422342,6,55,6,489908,115702,68182,39774,1.0717514542961948,0.2558208340837171
17737,0.1666575024294342,1,3,1,489911,115699,68183,39773,1.0717236651969322,0.2558209838427498
17738,0.1666603542846758,3,4,3,489915,115695,68186,39770,1.071686613064582,0.25581320554465636
17739,0.1666656322127625,16,40,16,489955,115655,68202,39754,1.0713160917410798,0.2558024310046394
17740,0.1666783083351564,9,19,9,489974,115636,68211,39745,1.071140094112416,0.25579060502892886
17741,0.1666786943321015,1,2,1,489976,115634,68212,39744,1.0711215680462411,0.2557891078531066
17742,0.166681052921763,0,1,0,489977,115633,68212,39744,1.0711123050131535,0.25579075410131485
17743,0.1666879284973665,5,26,5,490003,115607,68217,39739,1.070871466152877,0.2558096120917178
17744,0.1666893159370858,4,12,4,490015,115595,68221,39735,1.0707603097558265,0.25581021051953906
17745,0.1667062981736737,20,63,20,490078,115532,68241,39715,1.0701767386713106,0.25581814785470897
17746,0.1667171794851004,8,20,8,490098,115512,68249,39707,1.0699914780095594,0.25581275488181215
17747,0.16671793767483,8,42,8,490140,115470,68257,39699,1.0696024306198821,0.25584362855982834
17748,0.1667236601967999,50,153,50,490293,115317,68307,39649,1.0681851865574863,0.25585612327865465
17749,0.1667258969058987,1,1,1,490294,115316,68308,39648,1.0681759235243988,0.2558529723032446
17750,0.1667298684431463,0,1,0,490295,115315,68308,39648,1.0681666604913114,0.2558546233617057
17751,0.1667358807434449,3,13,3,490308,115302,68311,39645,1.068046241061173,0.25586168173633567
17752,0.166740184384862,2,8,2,490316,115294,68313,39643,1.0679721367964727,0.2558652871812414
17753,0.1667444841828612,15,97,15,490413,115197,68328,39628,1.06707362258698,0.2559534958824479
17754,0.1667494964283423,0,1,0,490414,115196,68328,39628,1.0670643595538922,0.2559551490724952
17755,0.1667538050264204,7,47,7,490461,115149,68335,39621,1.0666289969987772,0.25599922465594105
17756,0.1667549322317332,12,61,12,490522,115088,68347,39609,1.0660639519804365,0.2560424571905079
17757,0.1667588335206687,0,1,0,490523,115087,68347,39609,1.066054688947349,0.25604411232352486
17758,0.1667622511835857,1,0,1,490523,115087,68348,39608,1.066054688947349,0.25603930314489803
17759,0.1667649321622293,6,15,6,490538,115072,68354,39602,1.0659157434510356,0.2560352741895858
17760,0.1667665425880024,1,1,1,490539,115071,68355,39601,1.065906480417948,0.2560321195820834
17761,0.1667720660641965,2,12,2,490551,115059,68357,39599,1.0657953240208975,0.2560423644428352
17762,0.1667734143583897,7,18,7,490569,115041,68364,39592,1.0656285894253215,0.2560384911370794
17763,0.1667803022706651,13,51,13,490620,114990,68377,39579,1.0651561747378562,0.2560604002096151
17764,0.1667825716031271,10,34,10,490654,114956,68387,39569,1.0648412316128792,0.25606859731435044
17765,0.1667828477492568,0,1,0,490655,114955,68387,39569,1.0648319685797918,0.2560702544588543
17766,0.1667857669987433,2,10,2,490665,114945,68389,39567,1.0647393382489163,0.25607719788754274
17767,0.1667916665745899,8,62,8,490727,114883,68397,39559,1.0641650301974879,0.2561414641095039
17768,0.1667942166066632,0,4,0,490731,114879,68397,39559,1.0641279780651376,0.2561480982659708
17769,0.1667943516333468,0,3,0,490734,114876,68397,39559,1.064100188965875,0.25615307410884836
17770,0.1667982879762603,1,11,1,490745,114865,68398,39558,1.0639982956019118,0.25616650369439786
17771,0.1668082409901443,3,10,3,490755,114855,68401,39555,1.0639056652710364,0.2561686419273363
17772,0.1668087596277282,1,9,1,490764,114846,68402,39554,1.0638222979732483,0.2561787564766839
17773,0.1668100999591338,9,11,9,490775,114835,68411,39545,1.0637204046092852,0.2561536468454463
17774,0.1668174751554094,4,12,4,490787,114823,68415,39541,1.0636092482122346,0.2561542846777746
17775,0.1668188625951286,1,0,1,490787,114823,68416,39540,1.0636092482122346,0.25614946586941173
17776,0.1668210424391198,10,13,10,490800,114810,68426,39530,1.0634888287820965,0.25612284566541405
17777,0.1668293387061452,9,14,9,490814,114796,68435,39521,1.0633591463188707,0.2561026976937084
17778,0.1668319926769912,0,6,0,490820,114790,68435,39521,1.0633035681203453,0.25611265561107116
17779,0.1668322965198576,0,7,0,490827,114783,68435,39521,1.0632387268887324,0.25612427416009953
17780,0.1668339054861611,4,16,4,490843,114767,68439,39517,1.0630905183593315,0.2561315496098105
17781,0.1668418335175369,0,1,0,490844,114766,68439,39517,1.063081255326244,0.2561332097509123
17782,0.1668438495847403,4,15,4,490859,114751,68443,39513,1.0629423098299307,0.25613882694601464
17783,0.1668480903313326,0,1,0,490860,114750,68443,39513,1.0629330467968432,0.25614048734952644
17784,0.1668489190433121,2,9,2,490869,114741,68445,39511,1.0628496794990552,0.256145787412805
17785,0.1668491650479268,5,10,5,490879,114731,68450,39506,1.0627570491681797,0.256138280697887
17786,0.1668536138075267,3,7,3,490886,114724,68453,39503,1.0626922079365668,0.25613543672638384
17787,0.1668745940312432,4,6,4,490892,114718,68457,39499,1.0626366297380414,0.25612610801662594
17788,0.166884478889776,1,7,1,490899,114711,68458,39498,1.0625717885064285,0.2561329105305138
17789,0.1668916477024641,2,11,2,490910,114700,68460,39496,1.0624698951424654,0.25614153415133983
17790,0.166894478820272,3,7,3,490917,114693,68463,39493,1.0624050539108525,0.2561386896345972
17791,0.1668995003192314,8,13,8,490930,114680,68471,39485,1.0622846344807144,0.2561216878020303
17792,0.1669000337837181,0,5,0,490935,114675,68471,39485,1.0622383193152767,0.2561299948105864
17793,0.1669116789086536,0,3,0,490938,114672,68471,39485,1.0622105302160139,0.2561349792743761
17794,0.1669152130504088,3,40,3,490978,114632,68474,39482,1.0618400088925117,0.2561869784704829
17795,0.166921320660547,1,4,1,490982,114628,68475,39481,1.0618029567601615,0.25618880143275213
17796,0.1669300526815479,8,31,8,491013,114597,68483,39473,1.0615158027344473,0.25620172648796
17797,0.1669301185384567,1,18,1,491031,114579,68484,39472,1.0613490681388713,0.25622683397056817
17798,0.1669391034737661,1,10,1,491041,114569,68485,39471,1.0612564378079958,0.2562386393144638
17799,0.1669566570011127,13,51,13,491092,114518,68498,39458,1.0607840231205306,0.25626071595573335
17800,0.1669624717408064,25,74,25,491166,114444,68523,39433,1.0600985586720515,0.25626311924459144
17801,0.1669771373687034,0,1,0,491167,114443,68523,39433,1.060089295638964,0.25626478463178143
17802,0.1669827812295983,50,136,50,491303,114307,68573,39383,1.0588295231390568,0.2562495933372373
17803,0.1669857502412148,12,35,12,491338,114272,68585,39371,1.0585053169809922,0.2562498779638513
17804,0.1669910804618591,1,5,1,491343,114267,68586,39370,1.0584590018155544,0.2562533764653046
17805,0.1669979954519528,0,6,0,491349,114261,68586,39370,1.0584034236170292,0.25626338434300366
17806,0.1669999853555444,0,3,0,491352,114258,68586,39370,1.0583756345177664,0.25626838857499934
17807,0.1670005021025137,0,4,0,491356,114254,68586,39370,1.0583385823854163,0.25627506118835597
17808,0.1670119578675948,5,27,5,491383,114227,68591,39365,1.0580884804920523,0.2562959008281681
17809,0.1670122604020168,5,17,5,491400,114210,68596,39360,1.057931008929564,0.25630005860519633
17810,0.1670149514113671,4,15,4,491415,114195,68600,39356,1.0577920634332505,0.25630572252867123
17811,0.1670167577648964,0,1,0,491416,114194,68600,39356,1.057782800400163,0.25630739172907846
17812,0.1670206512170963,2,5,2,491421,114189,68602,39354,1.0577364852347253,0.25630605107364063
17813,0.1670212520655909,36,70,36,491491,114119,68638,39318,1.0570880729185965,0.2562484928667792
17814,0.1670305052693226,5,11,5,491502,114108,68643,39313,1.0569861795546334,0.25624262649832813
17815,0.1670450706332753,2,4,2,491506,114104,68645,39311,1.056949127422283,0.2562396115112603
17816,0.1670482371437406,7,11,7,491517,114093,68652,39304,1.0568472340583202,0.2562240461025965
17817,0.1670586851120337,2,2,2,491519,114091,68654,39302,1.056828707992145,0.25621768920354904
17818,0.1670589972874362,1,12,1,491531,114079,68655,39301,1.0567175515950944,0.25623288564349983
17819,0.1670760832400287,1,9,1,491540,114070,68656,39300,1.0566341842973064,0.2562430723087957
17820,0.167079415348752,2,1,2,491541,114069,68658,39298,1.0566249212642187,0.2562350440446772
17821,0.1670797871915081,1,5,1,491546,114064,68659,39297,1.056578606098781,0.25623854826194403
17822,0.1670800897259301,3,3,3,491549,114061,68662,39294,1.0565508169995184,0.2562290111179942
17823,0.1670965721489216,5,10,5,491559,114051,68667,39289,1.0564581866686429,0.2562214686317986
17824,0.1670971559480263,2,6,2,491565,114045,68669,39287,1.0564026084701175,0.2562217932329846
17825,0.1670983345932359,2,5,2,491570,114040,68671,39285,1.0563562933046797,0.25622044676341105
17826,0.1671065315539949,0,4,0,491574,114036,68671,39285,1.0563192411723294,0.256227131312736
17827,0.1671081850038297,1,0,1,491574,114036,68672,39284,1.0563192411723294,0.2562222801982781
17828,0.1671161920768644,0,3,0,491577,114033,68672,39284,1.0562914520730668,0.2562272937769458
17829,0.1671219240736564,0,2,0,491579,114031,68672,39284,1.0562729260068917,0.25623063627172815
17830,0.1671268266113496,0,1,0,491580,114030,68672,39284,1.0562636629738043,0.25623230755182175
17831,0.1671283140455194,2,6,2,491586,114024,68674,39282,1.0562080847752788,0.25623263277366837
17832,0.1671300487605565,0,4,0,491590,114020,68674,39282,1.0561710326429286,0.2562393184694264
17833,0.1671389399691651,4,26,4,491616,113994,68678,39278,1.0559301937826522,0.2562633749151835
17834,0.1671405452808229,1,4,1,491620,113990,68679,39277,1.055893141650302,0.2562652103844924
17835,0.1671453476549006,1,0,1,491620,113990,68680,39276,1.055893141650302,0.25626035780929884
17836,0.1671497291792501,4,10,4,491630,113980,68684,39272,1.0558005113194264,0.2562576671103803
17837,0.167150486786022,6,10,6,491640,113970,68690,39266,1.055707880988551,0.2562452687358062
17838,0.1671579330905885,2,9,2,491649,113961,68692,39264,1.055624513690763,0.2562506118453255
17839,0.1671591082348266,1,0,1,491649,113961,68693,39263,1.055624513690763,0.2562457578447241
17840,0.1671600371136085,0,6,0,491655,113955,68693,39263,1.0555689354922375,0.2562557924003707
17841,0.1671600565506738,6,40,6,491695,113915,68699,39257,1.0551984141687354,0.2562935784608153
17842,0.1671669918876607,1,2,1,491697,113913,68700,39256,1.0551798881025602,0.25629206954409833
17843,0.1671688642255544,5,7,5,491704,113906,68705,39251,1.0551150468709474,0.25627950403833977
17844,0.1671694117064569,0,1,0,491705,113905,68705,39251,1.05510578383786,0.25628117736164435
17845,0.1671714670000182,1,9,1,491714,113896,68706,39250,1.055022416540072,0.25629138207984536
17846,0.1671743294958438,8,21,8,491735,113875,68714,39242,1.0548278928452333,0.2562876754377372
17847,0.1671889456973419,2,11,2,491746,113864,68716,39240,1.05472599948127,0.2562963737067614
17848,0.1671955700128777,0,3,0,491749,113861,68716,39240,1.0546982103820075,0.2563013958106087
17849,0.1672090583475013,7,6,7,491755,113855,68723,39233,1.054642632183482,0.2562774352006689
17850,0.1672098196486666,7,4,7,491759,113851,68730,39226,1.054605580051132,0.2562501224873756
17851,0.1672207446724003,0,1,0,491760,113850,68730,39226,1.0545963170180443,0.2562517964932452
17852,0.167221525744872,2,7,2,491767,113843,68732,39224,1.0545314757864315,0.25625379735671305
17853,0.1672224765010217,2,3,2,491770,113840,68734,39222,1.0545036866871689,0.2562491016712182
17854,0.1672268953982308,0,3,0,491773,113837,68734,39222,1.0544758975879063,0.25625412422660543
17855,0.1672347865309696,0,1,0,491774,113836,68734,39222,1.0544666345548186,0.25625579845548746
17856,0.1672423805248172,0,2,0,491776,113834,68734,39222,1.0544481084886435,0.2562591469788835
17857,0.1672464527583216,1,0,1,491776,113834,68735,39221,1.0544481084886435,0.2562542876743654
17858,0.1672472814703011,3,15,3,491791,113819,68738,39218,1.0543091629923302,0.256264824846279
17859,0.1672550822470028,2,7,2,491798,113812,68740,39216,1.0542443217607174,0.2562668269859111
17860,0.1672625916365633,4,7,4,491805,113805,68744,39212,1.0541794805291045,0.2562591084650725
17861,0.1672636501016604,1,2,1,491807,113803,68745,39211,1.0541609544629293,0.25625759734403386
17862,0.167271506994677,5,11,5,491818,113792,68750,39206,1.0540590610989662,0.2562517157087021
17863,0.1672722840824314,6,29,6,491847,113763,68756,39200,1.0537904331394272,0.25627112438955824
17864,0.1672762116726681,13,69,13,491916,113694,68769,39187,1.053151283856386,0.2563235457643527
17865,0.1672763986959322,1,3,1,491919,113691,68770,39186,1.0531234947571233,0.25632371121882297
17866,0.1672826870475176,0,2,0,491921,113689,68770,39186,1.0531049686909482,0.25632706459525756
17867,0.1672896032087167,2,11,2,491932,113678,68772,39184,1.053003075326985,0.25633577998456125
17868,0.1673030734882022,3,7,3,491939,113671,68775,39181,1.0529382340953721,0.2563329233506922
17869,0.1673038761538866,7,10,7,491949,113661,68782,39174,1.0528456037644967,0.25631563450780254
17870,0.1673084324701909,1,2,1,491951,113659,68783,39173,1.0528270776983215,0.2563141226968174
17871,0.167311470653004,2,4,2,491955,113655,68785,39171,1.0527900255659712,0.2563110988967846
17872,0.1673185178122126,0,1,0,491956,113654,68785,39171,1.0527807625328838,0.25631277605103875
17873,0.1673249845589032,2,1,2,491957,113653,68787,39169,1.0527714994997963,0.2563047205245318
17874,0.1673348965529638,0,1,0,491958,113652,68787,39169,1.0527622364667086,0.256306397680947
17875,0.1673415443241949,6,7,6,491965,113645,68793,39163,1.0526973952350958,0.25628893775195016
17876,0.167344027885782,17,51,17,492016,113594,68810,39146,1.0522249805476305,0.2562917375932958
17877,0.1673451529338984,7,22,7,492038,113572,68817,39139,1.0520211938197044,0.25629456948091495
17878,0.1673466623896305,2,2,2,492040,113570,68819,39137,1.0520026677535292,0.2562881858722914
17879,0.1673520231590645,0,1,0,492041,113569,68819,39137,1.0519934047204416,0.25628986418346367
17880,0.1673552302442882,1,1,1,492042,113568,68820,39136,1.051984141687354,0.25628667225481977
17881,0.1673600832720765,0,1,0,492043,113567,68820,39136,1.0519748786542666,0.25628835058905197
17882,0.1673639088140782,1,5,1,492048,113562,68821,39135,1.0519285634888287,0.25629187213894183
17883,0.1673712889683227,4,13,4,492061,113549,68825,39131,1.0518081440586906,0.2562942101126539
17884,0.1673716051699144,0,1,0,492062,113548,68825,39131,1.051798881025603,0.25629588876007836
17885,0.1673742559375226,0,1,0,492063,113547,68825,39131,1.0517896179925155,0.2562975674294921
17886,0.1673843694519902,4,6,4,492069,113541,68829,39127,1.05173403979399,0.25628815468860533
17887,0.1673904535199024,0,2,0,492071,113539,68829,39127,1.0517155137278151,0.25629151219000956
17888,0.1673920232764565,2,19,2,492090,113520,68831,39125,1.0515395160991514,0.2563136689704871
17889,0.1673955270114789,1,1,1,492091,113519,68832,39124,1.051530253066064,0.2563104760781693
17890,0.167397005769511,0,6,0,492097,113513,68832,39124,1.0514746748675385,0.25632055137352017
17891,0.1674018307404741,0,1,0,492098,113512,68832,39124,1.051465411834451,0.25632223066642207
17892,0.16741227352759,1,2,1,492100,113510,68833,39123,1.051446885768276,0.256320717014014
17893,0.1674157912160634,9,27,9,492127,113483,68842,39114,1.051196783874912,0.25632220816923007
17894,0.167416564701531,1,0,1,492127,113483,68843,39113,1.051196783874912,0.256317334661459
17895,0.1674219681054606,13,52,13,492179,113431,68856,39100,1.0507151061543591,0.25634133389278246
17896,0.1674259096953973,3,14,3,492193,113417,68859,39097,1.0505854236911334,0.2563502366995817
17897,0.1674293771989263,0,1,0,492194,113416,68859,39097,1.050576160658046,0.2563519175414555
17898,0.1674317381379915,0,1,0,492195,113415,68859,39097,1.0505668976249583,0.25635359840537136
17899,0.1674411470013622,2,4,2,492199,113411,68861,39095,1.0505298454926082,0.2563505698136467
17900,0.1674526983466409,2,0,2,492199,113411,68863,39093,1.0505298454926082,0.25634081729003827
17901,0.1674561241164962,0,11,0,492210,113400,68863,39093,1.050427952128645,0.2563593082961185
17902,0.1674580153912116,12,40,12,492250,113360,68875,39081,1.050057430805143,0.2563680374702344
17903,0.1674581953374135,6,17,6,492267,113343,68881,39075,1.0498999592426543,0.256367358186041
17904,0.1674628691109505,0,1,0,492268,113342,68881,39075,1.0498906962095669,0.2563690401989279
17905,0.1674687869111774,1,8,1,492276,113334,68882,39074,1.0498165919448663,0.25637761797280983
17906,0.1674716342225095,2,22,2,492298,113312,68884,39072,1.0496128052169402,0.25640487190256195
17907,0.1674885859121388,3,7,3,492305,113305,68887,39069,1.0495479639853273,0.25640201084174463
17908,0.1674894047839788,4,5,4,492310,113300,68891,39065,1.0495016488198896,0.25639090342270204
17909,0.1674915463986282,1,1,1,492311,113299,68892,39064,1.049492385786802,0.25638770567657504
17910,0.1674923398729165,3,29,3,492340,113270,68895,39061,1.049223757827263,0.25642187079451984
17911,0.1675019339625334,0,3,0,492343,113267,68895,39061,1.0491959687280004,0.25642692085499713
17912,0.1675074574387275,2,5,2,492348,113262,68897,39059,1.0491496535625626,0.25642557493713936
17913,0.1675215699344993,1,6,1,492354,113256,68898,39058,1.0490940753640372,0.2564307942802369
17914,0.1675251359849032,1,2,1,492356,113254,68899,39057,1.049075549297862,0.25642927956615086
17915,0.1675308107089091,2,10,2,492366,113244,68901,39055,1.0489829189669866,0.25643635217565447
17916,0.1675351539068942,1,3,1,492369,113241,68902,39054,1.048955129867724,0.2564365212252536
17917,0.1675483322748814,4,15,4,492384,113226,68906,39050,1.0488161843714106,0.2564422495994116
17918,0.1675627729071924,0,2,0,492386,113224,68906,39050,1.0487976583052354,0.25644561776797087
17919,0.1675628640680851,4,9,4,492395,113215,68910,39046,1.0487142910074474,0.2564412423404549
17920,0.1675686141115813,0,1,0,492396,113214,68910,39046,1.04870502797436,0.2564429265729673
17921,0.1675698294270072,3,12,3,492408,113202,68913,39043,1.0485938715773093,0.2564484876350619
17922,0.167576261241816,3,2,3,492410,113200,68916,39040,1.0485753455111342,0.256437204414083
17923,0.1675809849266065,1,3,1,492413,113197,68917,39039,1.0485475564118716,0.25643737355159096
17924,0.1675906297862671,3,21,3,492434,113176,68920,39036,1.048353032717033,0.25645809791606444
17925,0.1675929471049669,2,0,2,492434,113176,68922,39034,1.048353032717033,0.25644832796793904
17926,0.1676056115052987,3,4,3,492438,113172,68925,39031,1.0483159805846827,0.2564404118184267
17927,0.1676146982028475,3,12,3,492450,113160,68928,39028,1.048204824187632,0.25644597471548347
17928,0.1676164043256802,3,7,3,492457,113153,68931,39025,1.0481399829560192,0.25644311267068826
17929,0.1676186113453127,0,1,0,492458,113152,68931,39025,1.0481307199229315,0.25644479783410107
17930,0.1676227252354271,2,2,2,492460,113150,68933,39023,1.0481121938567564,0.2564383957732318
17931,0.1676252327469831,1,3,1,492463,113147,68934,39022,1.0480844047574938,0.2564385650165277
17932,0.1676286353846761,1,1,1,492464,113146,68935,39021,1.0480751417244063,0.2564353637779545
17933,0.1676399124175092,1,1,1,492465,113145,68936,39020,1.0480658786913186,0.25643216245522954
17934,0.167657297369575,0,1,0,492466,113144,68936,39020,1.0480566156582312,0.2564338476906496
17935,0.167664700564937,0,2,0,492468,113142,68936,39020,1.048038089592056,0.2564372182279413
17936,0.1676722727706298,0,1,0,492469,113141,68936,39020,1.0480288265589686,0.2564389035298138
17937,0.1676744948482971,2,5,2,492474,113136,68938,39018,1.0479825113935306,0.2564375566859892
17938,0.1676747636907366,4,29,4,492503,113107,68942,39014,1.0477138834339916,0.2564668914876973
17939,0.1676756353645057,0,2,0,492505,113105,68942,39014,1.0476953573678165,0.25647026341219703
17940,0.1676811815212523,4,25,4,492530,113080,68946,39010,1.0474637815406276,0.256492866066145
17941,0.1676832599149005,0,1,0,492531,113079,68946,39010,1.0474545185075401,0.2564945525317413
17942,0.1676964647085894,2,0,2,492531,113079,68948,39008,1.0474545185075401,0.25648477516158513
17943,0.1676971916479265,0,1,0,492532,113078,68948,39008,1.0474452554744527,0.25648646160724853
17944,0.1677123558282132,2,4,2,492536,113074,68950,39006,1.0474082033421024,0.2564834297738033
17945,0.1677366861569929,15,26,15,492562,113048,68965,38991,1.047167364481826,0.25645393616111656
17946,0.1677414588318373,0,1,0,492563,113047,68965,38991,1.0471581014487383,0.2564556229363712
17947,0.1677421578211316,0,1,0,492564,113046,68965,38991,1.0471488384156509,0.2564573097338148
17948,0.1677490108451656,3,6,3,492570,113040,68968,38988,1.0470932602171255,0.2564527587023443
17949,0.1677515073137947,0,1,0,492571,113039,68968,38988,1.047083997184038,0.25645444559190145
17950,0.1677515723463049,1,7,1,492578,113032,68969,38987,1.0470191559524251,0.2564613633822088
17951,0.1677519214505018,4,2,4,492580,113030,68973,38983,1.04700062988625,0.25644517245235604
17952,0.1677542539722758,0,2,0,492582,113028,68973,38983,1.0469821038200748,0.2564485464867674
17953,0.1677571480113868,0,2,0,492584,113026,68973,38983,1.0469635777538997,0.25645192060996386
17954,0.1677672114872052,0,4,0,492588,113022,68973,38983,1.0469265256215494,0.25645866912272625
17955,0.1677739785931579,4,10,4,492598,113012,68977,38979,1.046833895290674,0.2564559743669033
17956,0.1677797387056002,0,1,0,492599,113011,68977,38979,1.0468246322575865,0.25645766168826895
17957,0.1677975912052816,2,9,2,492608,113002,68979,38977,1.0467412649597985,0.25646306397594404
17958,0.1678116283204606,6,18,6,492626,112984,68985,38971,1.0465745303642224,0.2564640847619361
17959,0.1678252182855263,3,0,3,492626,112984,68988,38968,1.0465745303642224,0.2564494050752869
17960,0.1678312968068811,4,10,4,492636,112974,68992,38964,1.046481900033347,0.25644670852584606
17961,0.1678408574264266,3,31,3,492667,112943,68995,38961,1.0461947460076328,0.2564843585422372
17962,0.1678440302124569,3,1,3,492668,112942,68998,38958,1.0461854829745452,0.25647136273864385
17963,0.1678535294724517,1,0,1,492668,112942,68999,38957,1.0461854829745452,0.25646646785034793
17964,0.1678623846541164,0,1,0,492669,112941,68999,38957,1.0461762199414577,0.25646815626275526
17965,0.1678625810580449,0,5,0,492674,112936,68999,38957,1.04612990477602,0.256476598658266
17966,0.1678723110738433,0,3,0,492677,112933,68999,38957,1.0461021156767571,0.2564816643623675
17967,0.1678870941720371,1,2,1,492679,112931,69000,38956,1.046083589610582,0.2564801464246446
17968,0.1679032084630883,2,4,2,492683,112927,69002,38954,1.046046537478232,0.25647711036930226
17969,0.1679152814478861,10,17,10,492700,112910,69012,38944,1.0458890659157434,0.2564568598785676
17970,0.1679228769495089,0,7,0,492707,112903,69012,38944,1.0458242246841305,0.25646868229204395
17971,0.1679278350417805,3,9,3,492716,112894,69015,38941,1.0457408573863425,0.256469193532453
17972,0.1679426767281844,4,8,4,492724,112886,69019,38937,1.0456667531216421,0.25646311823636736
17973,0.1679486094156688,4,42,4,492766,112844,69023,38933,1.0452777057319649,0.2565144916555209
17974,0.1679509462725389,1,4,1,492770,112840,69024,38932,1.0452406535996146,0.2565163534775848
17975,0.167954463598747,3,3,3,492773,112837,69027,38929,1.045212864500352,0.2565067274620139
17976,0.1679582160248414,1,0,1,492773,112837,69028,38928,1.045212864500352,0.2565018284848285
17977,0.1679626352418535,1,7,1,492780,112830,69029,38927,1.0451480232687391,0.25650876071614487
17978,0.1679772602433788,6,25,6,492805,112805,69035,38921,1.0449164474415502,0.25652162450733557
17979,0.167977587960214,7,49,7,492854,112756,69042,38914,1.04446255882026,0.2565701852706534
17980,0.1679786743146649,0,2,0,492856,112754,69042,38914,1.044444032754085,0.2565735685840124
17981,0.1679857023900522,6,46,6,492902,112708,69048,38908,1.0440179332320576,0.25662199240185735
17982,0.1679975187122184,0,1,0,492903,112707,69048,38908,1.04400867019897,0.25662368499159055
17983,0.1679978008317527,5,7,5,492910,112700,69053,38903,1.043943828967357,0.2566110169323826
17984,0.1680018577318861,1,0,1,492910,112700,69054,38902,1.043943828967357,0.25660611337581296
17985,0.168003300893357,3,6,3,492916,112694,69057,38899,1.0438882507688318,0.25660155811943824
17986,0.1680099421391508,24,52,24,492968,112642,69081,38875,1.0434065730482789,0.25657186982318814
17987,0.1680105275622831,0,1,0,492969,112641,69081,38875,1.0433973100151914,0.25657356318804614
17988,0.1680194151844083,2,6,2,492975,112635,69083,38873,1.043341731816666,0.25657391028856563
17989,0.1680212904418474,5,10,5,492985,112625,69088,38868,1.0432491014857905,0.2565663099945212
17990,0.168025185448606,7,57,7,493042,112568,69095,38861,1.0427211085997998,0.2566285189758897
17991,0.168027538860065,0,1,0,493043,112567,69095,38861,1.0427118455667124,0.25663021369891964
17992,0.1680320693542914,0,1,0,493044,112566,69095,38861,1.042702582533625,0.2566319084443329
17993,0.1680362811810749,13,24,13,493068,112542,69108,38848,1.0424802697395235,0.25660875883479756
17994,0.1680448281059289,0,7,0,493075,112535,69108,38848,1.0424154285079106,0.2566206245086965
17995,0.1680605103082555,1,4,1,493079,112531,69109,38847,1.0423783763755605,0.25662249468218634
17996,0.1680683558460208,4,21,4,493100,112510,69113,38843,1.0421838526807217,0.25663845447397804
17997,0.1680722233862272,0,1,0,493101,112509,69113,38843,1.0421745896476342,0.2566401501136424
17998,0.1680816223418895,0,1,0,493102,112508,69113,38843,1.0421653266145467,0.2566418457757134
17999,0.1680826962448438,3,3,3,493105,112505,69116,38840,1.042137537515284,0.25663219795830716
18000,0.1680928811380521,1,6,1,493111,112499,69117,38839,1.0420819593167587,0.2566374605188386
18001,0.1680948810359848,2,6,2,493117,112493,69119,38837,1.0420263811182333,0.25663781140553754
18002,0.1681015222817786,6,13,6,493130,112480,69125,38831,1.0419059616880952,0.25663038377910397
18003,0.1681038773648687,4,14,4,493144,112466,69129,38827,1.0417762792248695,0.25663447747086776
18004,0.1681047942812652,0,1,0,493145,112465,69129,38827,1.0417670161917818,0.2566361737567089
18005,0.1681102604342713,2,3,2,493148,112462,69131,38825,1.0417392270925192,0.2566314356157502
18006,0.1681115627665027,3,15,3,493163,112447,69134,38822,1.0416002815962058,0.2566421408219794
18007,0.1681137306324442,2,5,2,493168,112442,69136,38820,1.041553966430768,0.25664079544102286
18008,0.1681152490480951,1,6,1,493174,112436,69137,38819,1.0414983882322428,0.25664606128723016
18009,0.1681167655912338,3,24,3,493198,112412,69140,38816,1.0412760754381414,0.2566720448594176
18010,0.1681261488604707,17,50,17,493248,112362,69157,38799,1.0408129237837638,0.2566733482842797
18011,0.1681361851699342,2,5,2,493253,112357,69159,38797,1.040766608618326,0.2566720033872739
18012,0.1681394134816407,0,2,0,493255,112355,69159,38797,1.040748082552151,0.2566753995977559
18013,0.1681411814874727,2,6,2,493261,112349,69161,38795,1.0406925043536255,0.2566757529243635
18014,0.1681508370998902,1,7,1,493268,112342,69162,38794,1.0406276631220126,0.25668272284564897
18015,0.1681525175676969,13,33,13,493301,112309,69175,38781,1.0403219830301234,0.2566748295717784
18016,0.1681526163992648,2,1,2,493302,112308,69177,38779,1.040312719997036,0.25666668872901044
18017,0.1681535203433629,6,13,6,493315,112295,69183,38773,1.0401923005668976,0.2566592527868245
18018,0.1681632841111822,2,4,2,493319,112291,69185,38771,1.0401552484345473,0.2566562073850472
18019,0.1681745357746707,2,10,2,493329,112281,69187,38769,1.0400626181036718,0.2566633565044687
18020,0.1681784923219252,1,2,1,493331,112279,69188,38768,1.0400440920374967,0.2566618337338709
18021,0.1681847205243576,1,6,1,493337,112273,69189,38767,1.0399885138389715,0.25666710805084747
18022,0.168185425108199,3,13,3,493350,112260,69192,38764,1.0398680944088332,0.25667443585125543
18023,0.1681943158554057,1,1,1,493351,112259,69193,38763,1.0398588313757458,0.2566712134655878
18024,0.1681959536322705,0,3,0,493354,112256,69193,38763,1.039831042276483,0.25667631225210075
18025,0.1682031429091305,1,1,1,493355,112255,69194,38762,1.0398217792433955,0.2566730897845938
18026,0.1682177290030985,3,12,3,493367,112243,69197,38759,1.0397106228463449,0.2566787194871591
18027,0.1682190604260486,2,9,2,493376,112234,69199,38757,1.0396272555485568,0.25668417322886794
18028,0.1682238959441916,0,9,0,493385,112225,69199,38757,1.0395438882507688,0.2566994741094965
18029,0.1682330711940192,4,23,4,493408,112202,69203,38753,1.039330838489755,0.2567188897353516
18030,0.16824213797352,1,5,1,493413,112197,69204,38752,1.0392845233243173,0.25672246917833175
18031,0.1682451004859907,2,4,2,493417,112193,69206,38750,1.039247471191967,0.25671942388848773
18032,0.1682463216458385,0,1,0,493418,112192,69206,38750,1.0392382081588796,0.2567211246704032
18033,0.1682493391062896,1,2,1,493420,112190,69207,38749,1.0392196820927044,0.25671960195840704
18034,0.1682647209851306,1,0,1,493420,112190,69208,38748,1.0392196820927044,0.2567146775497224
18035,0.1682695880246195,0,1,0,493421,112189,69208,38748,1.039210419059617,0.2567163783565329
18036,0.1682709147744383,1,0,1,493421,112189,69209,38747,1.039210419059617,0.2567114538612392
18037,0.1682717536272605,2,12,2,493433,112177,69211,38745,1.0390992626625661,0.25672201534567524
18038,0.1682718316783529,0,1,0,493434,112176,69211,38745,1.0390899996294787,0.2567237163814181
18039,0.1682722714278662,0,3,0,493437,112173,69211,38745,1.039062210530216,0.2567288196239017
18040,0.1682728426604159,0,1,0,493438,112172,69211,38745,1.0390529474971284,0.2567305207498161
18041,0.1682799161353668,0,4,0,493442,112168,69211,38745,1.0390158953647783,0.2567373254789183
18042,0.1682830688872191,0,1,0,493443,112167,69211,38745,1.0390066323316907,0.2567390267175573
18043,0.1682868897499619,1,2,1,493445,112165,69212,38744,1.0389881062655155,0.2567375040587374
18044,0.1683012279537855,0,2,0,493447,112163,69212,38744,1.0389695801993404,0.25674090665111626
18045,0.1683298381361682,2,1,2,493448,112162,69214,38742,1.038960317166253,0.2567327572496422
18046,0.1683372934987955,0,1,0,493449,112161,69214,38742,1.0389510541331655,0.25673445855947197
18047,0.168338366924352,1,3,1,493452,112158,69215,38741,1.0389232650339026,0.2567346370751297
18048,0.1683418065931045,1,16,1,493468,112142,69216,38740,1.0387750565045017,0.25675693588367066
18049,0.1683518341620531,21,63,21,493531,112079,69237,38719,1.0381914854199858,0.25676069974402843
18050,0.1683524625177686,1,0,1,493531,112079,69238,38718,1.0381914854199858,0.2567557710034019
18051,0.168352826025736,1,3,1,493534,112076,69239,38717,1.0381636963207233,0.2567559502098904
18052,0.1683627229029586,7,32,7,493566,112044,69246,38710,1.0378672792619215,0.25677593961022593
18053,0.1683657834531272,0,1,0,493567,112043,69246,38710,1.037858016228834,0.2567776428993121
18054,0.1683668330983479,2,11,2,493578,112032,69248,38708,1.0377561228648708,0.2567865198354783
18055,0.1683692566442041,3,15,3,493593,112017,69251,38705,1.0376171773685576,0.2567972824139807
18056,0.1683721149224017,4,4,4,493597,112013,69255,38701,1.0375801252362074,0.25678437305094415
18057,0.1683781340835317,0,2,0,493599,112011,69255,38701,1.0375615991700322,0.2567877806677637
18058,0.1683909333537612,1,0,1,493599,112011,69256,38700,1.0375615991700322,0.2567828492943448
18059,0.1683961632587417,2,3,2,493602,112008,69258,38698,1.0375338100707696,0.2567780977532414
18060,0.1684034840753896,4,12,4,493614,111996,69262,38694,1.037422653673719,0.25677881743977704
18061,0.1684046166173142,0,1,0,493615,111995,69262,38694,1.0374133906406313,0.2567805214713748
18062,0.168411911199006,1,3,1,493618,111992,69263,38693,1.0373856015413687,0.2567807014633175
18063,0.1684182770945911,4,24,4,493642,111968,69267,38689,1.0371632887472675,0.256801874456547
18064,0.1684398174158159,7,17,7,493659,111951,69274,38682,1.037005817184779,0.2567963195315767
18065,0.1684434143046809,2,16,2,493675,111935,69276,38680,1.036857608655378,0.2568137303721409
18066,0.1684525223609003,0,1,0,493676,111934,69276,38680,1.0368483456222906,0.25681543548408514
18067,0.1684588727352445,2,2,2,493678,111932,69278,38678,1.0368298195561154,0.25680897682756787
18068,0.1684847357273155,0,2,0,493680,111930,69278,38678,1.0368112934899403,0.25681238712418997
18069,0.1684927732832361,1,3,1,493683,111927,69279,38677,1.0367835043906777,0.2568125680592813
18070,0.1684963797563907,0,2,0,493685,111925,69279,38677,1.0367649783245025,0.25681597853946164
18071,0.1685009049572128,1,1,1,493686,111924,69280,38676,1.036755715291415,0.25681274900398404
18072,0.1685034913416338,0,1,0,493687,111923,69280,38676,1.0367464522583274,0.2568144542792449
18073,0.1685092537120899,0,2,0,493689,111921,69280,38676,1.0367279261921523,0.25681786489770714
18074,0.1685116615109406,0,1,0,493690,111920,69280,38676,1.0367186631590648,0.25681957024090946
18075,0.168513997193523,1,14,1,493704,111906,69281,38675,1.036588980695839,0.25683851216288905
18076,0.1685190859009261,1,2,1,493706,111904,69282,38674,1.036570454629664,0.25683698813903755
18077,0.1685281179203259,1,9,1,493715,111895,69283,38673,1.036487087331876,0.256847404494979
18078,0.1685313975584437,0,6,0,493721,111889,69283,38673,1.0364315091333507,0.2568576400419761
18079,0.1685486410662139,2,17,2,493738,111872,69285,38671,1.0362740375708621,0.25687677274931414
18080,0.1685523724926094,2,14,2,493752,111858,69287,38669,1.0361443551076364,0.2568907903565473
18081,0.1685552981414678,0,2,0,493754,111856,69287,38669,1.0361258290414614,0.256894203620661
18082,0.1685636309277158,1,1,1,493755,111855,69288,38668,1.0361165660083738,0.25689097347249257
18083,0.1685844043469001,2,17,2,493772,111838,69290,38666,1.0359590944458854,0.2569101153457715
18084,0.1685879064034573,3,10,3,493782,111828,69293,38663,1.0358664641150097,0.25691237349741847
18085,0.1685900909031295,5,6,5,493788,111822,69298,38658,1.0358108859164845,0.25689792663476874
18086,0.1686039667573923,0,1,0,493789,111821,69298,38658,1.0358016228833968,0.25689963383595055
18087,0.1686078571059704,5,17,5,493806,111804,69303,38653,1.0356441513209085,0.25690396591717235
18088,0.1686110414331171,0,1,0,493807,111803,69303,38653,1.035634888287821,0.25690567341947146
18089,0.1686142352375911,0,3,0,493810,111800,69303,38653,1.0356070991885582,0.25691079606255773
18090,0.1686162215834609,2,4,2,493814,111796,69305,38651,1.0355700470562081,0.2569077482435675
18091,0.1686164703901272,0,3,0,493817,111793,69305,38651,1.0355422579569453,0.25691287123447926
18092,0.1686196980629537,1,5,1,493822,111788,69306,38650,1.0354959427915076,0.2569164705725947
18093,0.1686296917557107,9,15,9,493837,111773,69315,38641,1.0353569972951944,0.25689762921004694
18094,0.1686340015254308,4,2,4,493839,111771,69319,38637,1.0353384712290192,0.2568812829104835
18095,0.1686346095981033,0,1,0,493840,111770,69319,38637,1.0353292081959318,0.2568829908182465
18096,0.1686400455547306,2,1,2,493841,111769,69321,38635,1.035319945162844,0.2568748171591181
18097,0.1686586961240284,2,3,2,493844,111766,69323,38633,1.0352921560635815,0.256870058976456
18098,0.1686794865460851,0,1,0,493845,111765,69323,38633,1.0352828930304938,0.25687176691179403
18099,0.1686803869886518,0,4,0,493849,111761,69323,38633,1.0352458408981438,0.2568785988802745
18100,0.1686819191506522,0,2,0,493851,111759,69323,38633,1.0352273148319686,0.25688201500079794
18101,0.1686844723370635,5,20,5,493871,111739,69328,38628,1.0350420541702174,0.25689147219802216
18102,0.1686883034006399,4,5,4,493876,111734,69332,38624,1.0349957390047797,0.2568802458133255
18103,0.1686975210796241,1,3,1,493879,111731,69333,38623,1.034967949905517,0.2568804288545699
18104,0.1687055698186667,0,1,0,493880,111730,69333,38623,1.0349586868724294,0.25688213737005583
18105,0.1687061057142275,0,1,0,493881,111729,69333,38623,1.034949423839342,0.25688384590826857
18106,0.1687090094874192,1,3,1,493884,111726,69334,38622,1.0349216347400794,0.256884029052598
18107,0.1687130197318315,2,26,2,493910,111700,69336,38620,1.0346807958798028,0.2569185737094199
18108,0.1687335134154351,0,1,0,493911,111699,69336,38620,1.0346715328467153,0.2569202828651069
18109,0.1687337460087386,1,8,1,493919,111691,69337,38619,1.034597428582015,0.2569290133723638
18110,0.1687341347354878,2,5,2,493924,111686,69339,38617,1.034551113416577,0.256927672767676
18111,0.1687364595385188,0,2,0,493926,111684,69339,38617,1.034532587350402,0.2569310916095036
18112,0.1687374037640132,2,10,2,493936,111674,69341,38615,1.0344399570195264,0.25693829887749603
18113,0.1687457682415037,1,2,1,493938,111672,69342,38614,1.0344214309533513,0.2569367738844603
18114,0.1687570826290984,0,2,0,493940,111670,69342,38614,1.0344029048871763,0.25694019323414335
18115,0.1687670347262742,0,3,0,493943,111667,69342,38614,1.0343751157879135,0.2569453224293157
18116,0.168768447224722,2,4,2,493947,111663,69344,38612,1.0343380636555635,0.2569422725004159
18117,0.1687719671312796,1,4,1,493951,111659,69345,38611,1.0343010115232132,0.2569441671657683
18118,0.1687798835432677,0,1,0,493952,111658,69345,38611,1.0342917484901255,0.25694587706047156
18119,0.1687828533452151,0,2,0,493954,111656,69345,38611,1.0342732224239506,0.2569492969181524
18120,0.1687973347943766,3,11,3,493965,111645,69348,38608,1.0341713290599874,0.2569532721476443
18121,0.1688045101219598,2,5,2,493970,111640,69350,38606,1.0341250138945497,0.2569519321645834
18122,0.1688065624111945,3,3,3,493973,111637,69353,38603,1.0340972247952869,0.25694222577209797
18123,0.1688135917050397,2,9,2,493982,111628,69355,38601,1.034013857497499,0.25694772647092107
18124,0.1688155717235391,0,1,0,493983,111627,69355,38601,1.0340045944644114,0.25694943685597893
18125,0.1688172421481789,1,0,1,493983,111627,69356,38600,1.0340045944644114,0.2569444906707849
18126,0.1688257148781156,0,3,0,493986,111624,69356,38600,1.0339768053651488,0.2569496218979657
18127,0.1688257335335979,1,6,1,493992,111618,69357,38599,1.0339212271666234,0.25695493852227114
18128,0.168837652723906,2,11,2,494003,111607,69359,38597,1.0338193338026604,0.25696386248036
18129,0.1688503414568077,1,5,1,494008,111602,69360,38596,1.0337730186372225,0.25696746960678574
18130,0.168858614868902,0,1,0,494009,111601,69360,38596,1.033763755604135,0.2569691804763078
18131,0.1688736738547384,0,1,0,494010,111600,69360,38596,1.0337544925710476,0.2569708913686117
18132,0.1688798960917117,20,60,20,494070,111540,69380,38576,1.0331987105857943,0.2569746063044579
18133,0.1688866172193301,1,5,1,494075,111535,69381,38575,1.0331523954203565,0.2569782159749517
18134,0.1688960902645876,0,1,0,494076,111534,69381,38575,1.0331431323872688,0.2569799279190455
18135,0.1689051718476675,0,1,0,494077,111533,69381,38575,1.0331338693541814,0.2569816398859488
18136,0.1689113308138111,1,0,1,494077,111533,69382,38574,1.0331338693541814,0.256976689961161
18137,0.1689145635659275,2,2,2,494079,111531,69384,38572,1.0331153432880062,0.25697021378653323
18138,0.1689156026416537,3,14,3,494093,111517,69387,38569,1.0329856608247805,0.2569793318497395
18139,0.16892113738591,2,1,2,494094,111516,69389,38567,1.0329763977916928,0.25697114263440896
18140,0.168932448554178,12,57,12,494151,111459,69401,38555,1.0324484049057023,0.2570093457943925
18141,0.1689419215994355,2,5,2,494156,111454,69403,38553,1.0324020897402646,0.25700800629303966
18142,0.1689451183815819,0,1,0,494157,111453,69403,38553,1.032392826707177,0.25700971961121555
18143,0.1689516072412148,0,1,0,494158,111452,69403,38553,1.0323835636740895,0.25701143295223494
18144,0.1689537695578196,1,1,1,494159,111451,69404,38552,1.032374300641002,0.25700819316946993
18145,0.168957852095674,1,7,1,494166,111444,69405,38551,1.0323094594093891,0.257015233841128
18146,0.1689751416906273,0,5,0,494171,111439,69405,38551,1.0322631442439512,0.25702380158677246
18147,0.168992758549025,11,42,11,494213,111397,69416,38540,1.031874096854274,0.25704129067541703
18148,0.1689950465958443,2,5,2,494218,111392,69418,38538,1.0318277816888362,0.25703995197758955
18149,0.16900282394065,1,1,1,494219,111391,69419,38537,1.0318185186557487,0.2570367109545915
18150,0.1690071827842815,1,4,1,494223,111387,69420,38536,1.0317814665233984,0.2570386131547528
18151,0.1690197445408479,0,2,0,494225,111385,69420,38536,1.0317629404572233,0.2570420421421949
18152,0.1690240286968058,9,11,9,494236,111374,69429,38527,1.0316610470932601,0.25701629742296583
18153,0.1690343376481257,1,6,1,494242,111368,69430,38526,1.031605468894735,0.2570216286175564
18154,0.1690486552754979,19,97,19,494339,111271,69449,38507,1.030706954685242,0.2570938322049967
18155,0.1690516752313782,1,7,1,494346,111264,69450,38506,1.0306421134536292,0.25710088802831005
18156,0.1690539068778934,2,11,2,494357,111253,69452,38504,1.030540220089666,0.2571098512924271
18157,0.1690548762976259,5,8,5,494365,111245,69457,38499,1.0304661158249657,0.25709878192114544
18158,0.1690557993285925,0,1,0,494366,111244,69457,38499,1.0304568527918783,0.2571004988547044
18159,0.1690622408669027,1,1,1,494367,111243,69458,38498,1.0304475897587906,0.2570972545929305
18160,0.1690630015171788,0,4,0,494371,111239,69458,38498,1.0304105376264403,0.25710412256155796
18161,0.1690667218332551,4,3,4,494374,111236,69462,38494,1.0303827485271777,0.2570894276364122
18162,0.169077002167848,0,1,0,494375,111235,69462,38494,1.0303734854940902,0.25709114466803357
18163,0.1690866267384721,0,1,0,494376,111234,69462,38494,1.0303642224610026,0.25709286172259027
18164,0.169086892340273,0,1,0,494377,111233,69462,38494,1.030354959427915,0.2570945788000828
18165,0.1690871244516912,8,24,8,494401,111209,69470,38486,1.0301326466338139,0.2570960953939677
18166,0.1691017643520389,1,0,1,494401,111209,69471,38485,1.0301326466338139,0.257091132577124
18167,0.1691241944983471,0,1,0,494402,111208,69471,38485,1.0301233836007262,0.2570928500330677
18168,0.1691291898516586,0,2,0,494404,111206,69471,38485,1.030104857534551,0.2570962850137951
18169,0.1691402354181257,2,16,2,494420,111190,69473,38483,1.0299566490051502,0.2571138415078204
18170,0.1691450728395194,2,4,2,494424,111186,69475,38481,1.0299195968728,0.25711078594479747
18171,0.1691613605346419,0,1,0,494425,111185,69475,38481,1.0299103338397124,0.25711250384188794
18172,0.1691626701367634,4,12,4,494437,111173,69479,38477,1.0297991774426618,0.25711326428332776
18173,0.1691645376886913,1,3,1,494440,111170,69480,38476,1.0297713883433992,0.2571134544190957
18174,0.1691707597146962,1,2,1,494442,111168,69481,38475,1.029752862277224,0.2571119263847958
18175,0.1691734570644968,4,17,4,494459,111151,69485,38471,1.0295953907147357,0.2571212789563032
18176,0.1691834535359362,2,3,2,494462,111148,69487,38469,1.029567601615473,0.25711650414057224
18177,0.169200193763155,1,0,1,494462,111148,69488,38468,1.029567601615473,0.2571115388728478
18178,0.169212842361547,0,3,0,494465,111145,69488,38468,1.0295398125162103,0.257116694404898
18179,0.1692207699942864,0,3,0,494468,111142,69488,38468,1.0295120234169477,0.257121850143707
18180,0.1692370569556602,0,5,0,494473,111137,69488,38468,1.02946570825151,0.2571304435012199
18181,0.1692470989860265,1,14,1,494487,111123,69489,38467,1.0293360257882842,0.25714954208168994
18182,0.1692546428906229,1,3,1,494490,111120,69490,38466,1.0293082366890214,0.25714973326380813
18183,0.1692746194975622,1,2,1,494492,111118,69491,38465,1.0292897106228462,0.2571482053441902
18184,0.1692936878416324,2,3,2,494495,111115,69493,38463,1.0292619215235836,0.25714343018358315
18185,0.1692973652271091,7,3,7,494498,111112,69500,38456,1.029234132424321,0.2571138211382114
18186,0.1693250549899887,0,1,0,494499,111111,69500,38456,1.0292248693912334,0.25711554019268956
18187,0.1693363415147805,6,35,6,494534,111076,69506,38450,1.028900663233169,0.25714591442290974
18188,0.1693363613690892,3,5,3,494539,111071,69509,38447,1.0288543480677312,0.25713960860899693
18189,0.1693423890195897,0,1,0,494540,111070,69509,38447,1.0288450850346438,0.25714132841081616
18190,0.1693424025701502,1,0,1,494540,111070,69510,38446,1.0288450850346438,0.2571363599882287
18191,0.1693599614433397,2,8,2,494548,111062,69512,38444,1.0287709807699432,0.2571401816649499
18192,0.1693640616690278,1,1,1,494549,111061,69513,38443,1.0287617177368558,0.2571369327910959
18193,0.1693688808191451,15,64,15,494613,110997,69528,38428,1.0281688836192522,0.25717249456248953
18194,0.1693889453697369,2,8,2,494621,110989,69530,38426,1.0280947793545518,0.2571763209851755
18195,0.1693893372098944,0,4,0,494625,110985,69530,38426,1.0280577272222016,0.25718320605577905
18196,0.169409787096755,3,3,3,494628,110982,69533,38423,1.028029938122939,0.2571734547036578
18197,0.1694160485093716,0,3,0,494631,110979,69533,38423,1.0280021490236764,0.2571786187601237
18198,0.1694370960698824,4,11,4,494642,110968,69537,38419,1.0279002556597132,0.2571776660619733
18199,0.1694420703661457,1,5,1,494647,110963,69538,38418,1.0278539404942755,0.25718130150420737
18200,0.1694552650274634,0,1,0,494648,110962,69538,38418,1.0278446774611878,0.2571830231624046
18201,0.1694564519143568,1,3,1,494651,110959,69539,38417,1.0278168883619252,0.25718321550985435
18202,0.1694637302886123,1,10,1,494661,110949,69540,38416,1.0277242580310497,0.25719546078398553
18203,0.1694815962172546,1,3,1,494664,110946,69541,38415,1.0276964689317871,0.25719565348384116
18204,0.1694823327549755,0,2,0,494666,110944,69541,38415,1.027677942865612,0.2571990974765498
18205,0.1694856175066159,2,1,2,494667,110943,69543,38413,1.0276686798325243,0.25719087281394787
18206,0.1694956790457993,16,71,16,494738,110872,69559,38397,1.027011004483308,0.2572335850042541
18207,0.1695277297915191,7,10,7,494748,110862,69566,38390,1.0269183741524324,0.257215983705411
18208,0.1695289104931159,0,2,0,494750,110860,69566,38390,1.0268998480862574,0.2572194304857621
18209,0.1695289109666848,2,3,2,494753,110857,69568,38388,1.0268720589869946,0.2572146470568528
18210,0.1695324641385546,0,3,0,494756,110854,69568,38388,1.026844269887732,0.25721981747765377
18211,0.1695336505087734,1,1,1,494757,110853,69569,38387,1.0268350068546446,0.257216563923881
18212,0.1695378263247985,1,3,1,494760,110850,69570,38386,1.0268072177553818,0.25721675735077326
18213,0.1695406599588116,1,3,1,494763,110847,69571,38385,1.0267794286561192,0.25721695078803475
18214,0.1695453107638319,0,2,0,494765,110845,69571,38385,1.026760902589944,0.2572203980432889
18215,0.1695613017307293,1,1,1,494766,110844,69572,38384,1.0267516395568566,0.2572171442356662
18216,0.1695731763598824,0,1,0,494767,110843,69572,38384,1.0267423765237689,0.25721886789924076
18217,0.1695790211078338,0,2,0,494769,110841,69572,38384,1.0267238504575937,0.25722231529569445
18218,0.1695872591884271,5,18,5,494787,110823,69577,38379,1.026557115862018,0.2572284553826356
18219,0.1696042030094297,0,1,0,494788,110822,69577,38379,1.0265478528289302,0.2572301794223899
18220,0.169604259849975,4,6,4,494794,110816,69581,38375,1.026492274630405,0.2572206098223083
18221,0.1696216553336514,3,4,3,494798,110812,69584,38372,1.0264552224980548,0.2572125697125697
18222,0.1696298142912188,0,2,0,494800,110810,69584,38372,1.0264366964318796,0.25721601801825955
18223,0.169647877534954,0,1,0,494801,110809,69584,38372,1.0264274333987922,0.25721774220577687
18224,0.1696506887821117,2,0,2,494801,110809,69586,38370,1.0264274333987922,0.25720778393741744
18225,0.1696543153055493,7,17,7,494818,110792,69593,38363,1.0262699618363036,0.25720223928128455
18226,0.1696563565496348,1,3,1,494821,110789,69594,38362,1.026242172737041,0.2572024324342445
18227,0.1696572764495619,6,6,6,494827,110783,69600,38356,1.0261865945385158,0.2571828964925338
18228,0.1696685192477582,0,2,0,494829,110781,69600,38356,1.0261680684723407,0.25718634544076924
18229,0.1696748574218747,0,1,0,494830,110780,69600,38356,1.026158805439253,0.2571880699495762
18230,0.169678112219364,0,2,0,494832,110778,69600,38356,1.0261402793730778,0.2571915190365711
18231,0.1696799100359448,2,6,2,494838,110772,69602,38354,1.0260847011745526,0.25719190483215537
18232,0.1696865882001126,2,5,2,494843,110767,69604,38352,1.026038386009115,0.25719056592385947
18233,0.1696994832980719,11,19,11,494862,110748,69615,38341,1.0258623883804512,0.25716853691419217
18234,0.1697030189151119,0,1,0,494863,110747,69615,38341,1.0258531253473637,0.25717026185876796
18235,0.1697243347213332,1,1,1,494864,110746,69616,38340,1.0258438623142763,0.2571670042794092
18236,0.1697251833932242,3,2,3,494866,110744,69619,38337,1.0258253362481011,0.2571555060671715
18237,0.1697284673713165,0,4,0,494870,110740,69619,38337,1.0257882841157508,0.25716240600495044
18238,0.1697360837134598,4,13,4,494883,110727,69623,38333,1.0256678646856126,0.2571649000402522
18239,0.1697556124826391,10,14,10,494897,110713,69633,38323,1.0255381822223868,0.2571392146863845
18240,0.1697574955273504,6,26,6,494923,110687,69639,38317,1.0252973433621104,0.2571541703578427
18241,0.1697728599414289,2,2,2,494925,110685,69641,38315,1.0252788172959353,0.2571476510067114
18242,0.1697832514036863,0,1,0,494926,110684,69641,38315,1.0252695542628478,0.25714937684145533
18243,0.1697838619635922,1,5,1,494931,110679,69642,38314,1.02522323909741,0.2571530206117066
18244,0.1697940833186318,2,16,2,494947,110663,69644,38312,1.0250750305680092,0.2571706662191643
18245,0.1698011384955903,1,0,1,494947,110663,69645,38311,1.0250750305680092,0.257165679917301
18246,0.1698067311365544,2,1,2,494948,110662,69647,38309,1.0250657675349217,0.25715743332594937
18247,0.1698155086159493,0,1,0,494949,110661,69647,38309,1.025056504501834,0.257159159562328
18248,0.1698161348581554,0,2,0,494951,110659,69647,38309,1.025037978435659,0.25716261210461305
18249,0.1698290299561146,3,5,3,494956,110654,69650,38306,1.0249916632702212,0.257156283566058
18250,0.169837262466357,1,1,1,494957,110653,69651,38305,1.0249824002371337,0.2571530229997718
18251,0.1698374719130339,43,130,43,495087,110523,69694,38262,1.0237782059357516,0.2571630204657728
18252,0.169839828245664,1,2,1,495089,110521,69695,38261,1.0237596798695765,0.25716148458818944
18253,0.1698452019725471,2,6,2,495095,110515,69697,38259,1.023704101671051,0.2571618696815304
18254,0.1698528204009307,2,2,2,495097,110513,69699,38257,1.0236855756048762,0.25715534045842575
18255,0.1698536654456274,6,14,6,495111,110499,69705,38251,1.0235558931416504,0.25714957983193276
18256,0.1698550528853467,16,19,16,495130,110480,69721,38235,1.0233798955129867,0.25710251151531455
18257,0.1698595831483305,1,0,1,495130,110480,69722,38234,1.0233798955129867,0.2570975160374948
18258,0.1698698449938988,1,4,1,495134,110476,69723,38233,1.0233428433806366,0.25709943581087896
18259,0.1698833765218813,5,7,5,495141,110469,69728,38228,1.0232780021490238,0.2570865585721299
18260,0.1698870421853932,1,4,1,495145,110465,69729,38227,1.0232409500166735,0.2570884781965405
18261,0.1698922208027938,0,1,0,495146,110464,69729,38227,1.0232316869835858,0.2570902072082372
18262,0.1698961138609995,0,2,0,495148,110462,69729,38227,1.0232131609174109,0.25709366530140093
18263,0.16989883343815,3,12,3,495160,110450,69732,38224,1.02310200452036,0.2570994255888723
18264,0.1699008678238969,0,4,0,495164,110446,69732,38224,1.02306495238801,0.2571063429071097
18265,0.1699368681538165,1,5,1,495169,110441,69733,38223,1.0230186372225722,0.2571099930043588
18266,0.1699518861616827,4,7,4,495176,110434,69737,38219,1.0229537959909594,0.2571021102836808
18267,0.1699578010964954,0,1,0,495177,110433,69737,38219,1.0229445329578717,0.2571038398407018
18268,0.1699614251365265,0,1,0,495178,110432,69737,38219,1.0229352699247842,0.2571055694209928
18269,0.1699670185710767,13,28,13,495206,110404,69750,38206,1.0226759049983327,0.2570890249646726
18270,0.1699737685461241,1,1,1,495207,110403,69751,38205,1.022666641965245,0.2570857558139535
18271,0.1699832121036703,2,1,2,495208,110402,69753,38203,1.0226573789321576,0.25707748729854313
18272,0.1699841310891469,4,12,4,495220,110390,69757,38199,1.022546222535107,0.25707824939934987
18273,0.1699845995433896,1,8,1,495228,110382,69758,38198,1.0224721182704064,0.2570870911293579
18274,0.1699860517152187,2,4,2,495232,110378,69760,38196,1.0224350661380563,0.2570840120074845
18275,0.1699903447274848,1,2,1,495234,110376,69761,38195,1.0224165400718812,0.25708247235328563
18276,0.1700116714854354,0,4,0,495238,110372,69761,38195,1.022379487939531,0.257089394010783
18277,0.1700283800961927,1,0,1,495238,110372,69762,38194,1.022379487939531,0.25708439346822287
18278,0.1700304144819397,1,9,1,495247,110363,69763,38193,1.022296120641743,0.25709496755432293
18279,0.170036822053112,14,63,14,495310,110300,69777,38179,1.021712549557227,0.25713400548225673
18280,0.1700382094928313,23,72,23,495382,110228,69800,38156,1.021045611174923,0.25714362734526636
18281,0.1700552459779728,3,11,3,495393,110217,69803,38153,1.02094371781096,0.2571476713621352
18282,0.1700601334881612,0,2,0,495395,110215,69803,38153,1.020925191744785,0.25715113771163595
18283,0.1700622314100162,5,24,5,495419,110191,69808,38148,1.0207028789506836,0.25716770370570113
18284,0.1700757112317747,1,2,1,495421,110189,69809,38147,1.0206843528845084,0.25716616330492936
18285,0.1700769830063854,0,1,0,495422,110188,69809,38147,1.020675089851421,0.2571678969899215
18286,0.1700776318578465,0,2,0,495424,110186,69809,38147,1.0206565637852458,0.2571713644300324
18287,0.1700814328197255,1,0,1,495424,110186,69810,38146,1.0206565637852458,0.25716635655151954
18288,0.1700868344116193,1,0,1,495424,110186,69811,38145,1.0206565637852458,0.2571613486054837
18289,0.1700884127140535,9,17,9,495441,110169,69820,38136,1.0204990922227575,0.2571457469404268
18290,0.1700967604631675,1,6,1,495447,110163,69821,38135,1.020443514024232,0.2571511416202511
18291,0.1701007022460088,6,14,6,495461,110149,69827,38129,1.0203138315610063,0.257145362090128
18292,0.1701052502590142,2,12,2,495473,110137,69829,38127,1.0202026751639557,0.25715615388765983
18293,0.1701193355344884,2,9,2,495482,110128,69831,38125,1.0201193078661677,0.25716174377584267
18294,0.1701251359896654,0,1,0,495483,110127,69831,38125,1.0201100448330802,0.25716347840164044
18295,0.1701282794742523,1,5,1,495488,110122,69832,38124,1.0200637296676425,0.25716714110330124
18296,0.1701657902971958,0,4,0,495492,110118,69832,38124,1.0200266775352922,0.2571740802201805
18297,0.1701663687111548,3,16,3,495508,110102,69835,38121,1.0198784690058913,0.25718680636608354
18298,0.1701677561508741,10,22,10,495530,110080,69845,38111,1.0196746822779652,0.257174862171117
18299,0.1701822506913404,0,1,0,495531,110079,69845,38111,1.0196654192448775,0.25717659761117484
18300,0.1701871648584017,0,4,0,495535,110075,69845,38111,1.0196283671125272,0.2571835396056308
18301,0.1701986906011317,0,1,0,495536,110074,69845,38111,1.0196191040794398,0.25718527516280326
18302,0.1702036952072778,0,1,0,495537,110073,69845,38111,1.0196098410463523,0.2571870107434001
18303,0.170204333991685,0,1,0,495538,110072,69845,38111,1.0196005780132646,0.2571887463474218
18304,0.1702198596168801,0,1,0,495539,110071,69845,38111,1.0195913149801772,0.25719048197486877
18305,0.1702340777880439,1,1,1,495540,110070,69846,38110,1.0195820519470895,0.25718720475097856
18306,0.170238363136992,3,10,3,495550,110060,69849,38107,1.019489421616214,0.2571895226332449
18307,0.1702428048276776,1,1,1,495551,110059,69850,38106,1.0194801585831264,0.2571862450646239
18308,0.1702452762491751,0,1,0,495552,110058,69850,38106,1.019470895550039,0.2571879808860452
18309,0.1702470756893044,0,2,0,495554,110056,69850,38106,1.0194523694838638,0.25719145259918197
18310,0.1702624410364873,51,147,51,495701,109909,69901,38055,1.0180907036199933,0.2571909383363521
18311,0.1702655036817663,0,3,0,495704,109906,69901,38055,1.0180629145207307,0.25719615304032817
18312,0.1702732943061358,1,0,1,495704,109906,69902,38054,1.0180629145207307,0.257191132738578
18313,0.1702774700964702,51,151,51,495855,109755,69953,38003,1.01666419652451,0.257197579826473
18314,0.1702819193109249,2,3,2,495858,109752,69955,38001,1.0166364074252474,0.25719274735538367
18315,0.1703009118724799,22,105,22,495963,109647,69977,37979,1.015663788951054,0.25726498042350265
18316,0.1703148973224516,1,0,1,495963,109647,69978,37978,1.015663788951054,0.25725994919559697
18317,0.170316557664591,1,2,1,495965,109645,69979,37977,1.015645262884879,0.25725840321903237
18318,0.1703189221883965,0,5,0,495970,109640,69979,37977,1.0155989477194411,0.25726711693097676
18319,0.17032722425806,1,8,1,495978,109632,69980,37976,1.0155248434547408,0.2572760283995447
18320,0.1703323286124563,1,7,1,495985,109625,69981,37975,1.015460002223128,0.25728319783197834
18321,0.1703469402453571,0,1,0,495986,109624,69981,37975,1.0154507391900405,0.2572849409548845
18322,0.1703586438070372,0,1,0,495987,109623,69981,37975,1.0154414761569528,0.2572866841014106
18323,0.170370799448449,1,4,1,495991,109619,69982,37974,1.0154044240246025,0.2572886247992791
18324,0.1703831486058155,7,9,7,496000,109610,69989,37967,1.0153210567268147,0.2572690866462931
18325,0.1703922717098355,1,1,1,496001,109609,69990,37966,1.015311793693727,0.25726579705234626
18326,0.1704010472447801,4,3,4,496004,109606,69994,37962,1.0152840045944644,0.25725089450287325
18327,0.1704224488722876,4,1,4,496005,109605,69998,37958,1.0152747415613768,0.25723250408300186
18328,0.1704241328404255,1,4,1,496009,109601,69999,37957,1.0152376894290267,0.25723444340530505
18329,0.1704407000038234,0,1,0,496010,109600,69999,37957,1.015228426395939,0.25723618669395554
18330,0.1704447950404407,1,0,1,496010,109600,70000,37956,1.015228426395939,0.2572311529182141
18331,0.17044940024267,2,5,2,496015,109595,70002,37954,1.0151821112305013,0.2572298016252228
18332,0.1704723815941124,1,1,1,496016,109594,70003,37953,1.0151728481974138,0.257226510874501
18333,0.1704758484401849,2,3,2,496019,109591,70005,37951,1.015145059098151,0.257221672472923
18334,0.1704772076012649,7,9,7,496028,109582,70012,37944,1.0150616918003632,0.2572021203042176
18335,0.1705108166516928,1,2,1,496030,109580,70013,37943,1.015043165734188,0.2572005721141788
18336,0.1705143459430448,1,6,1,496036,109574,70014,37942,1.0149875875356626,0.257205997993438
18337,0.1705162816404767,18,68,18,496104,109506,70032,37924,1.014357701285709,0.2572339415315743
18338,0.1705188801432545,0,1,0,496105,109505,70032,37924,1.0143484382526213,0.2572356863303692
18339,0.1705276347431373,0,1,0,496106,109504,70032,37924,1.0143391752195339,0.25723743115283393
18340,0.1705294066291778,0,6,0,496112,109498,70032,37924,1.0142835970210085,0.25724790058471597
18341,0.1705479032437117,0,2,0,496114,109496,70032,37924,1.0142650709548335,0.2572513905847239
18342,0.1705518846456803,0,1,0,496115,109495,70032,37924,1.0142558079217459,0.25725313562023894
18343,0.1705536794984683,0,1,0,496116,109494,70032,37924,1.0142465448886584,0.2572548806794286
18344,0.1705671901481441,2,4,2,496120,109490,70034,37922,1.0142094927563081,0.2572517841152688
18345,0.1705754283173201,3,2,3,496122,109488,70037,37919,1.014190966690133,0.25724015820144225
18346,0.1705863477492524,1,7,1,496129,109481,70038,37918,1.01412612545852,0.25724733546360556
18347,0.1705996875913191,10,27,10,496156,109454,70048,37908,1.0138760235651563,0.25724406563428837
18348,0.1706012806823587,1,3,1,496159,109451,70049,37907,1.0138482344658934,0.25724426227283215
18349,0.1706067542593077,7,5,7,496164,109446,70056,37900,1.0138019193004557,0.2572177052651582
18350,0.1706330645823248,0,2,0,496166,109444,70056,37900,1.0137833932342806,0.25722119665544574
18351,0.1706335700305486,2,13,2,496179,109431,70058,37898,1.0136629738041425,0.25723381004418683
18352,0.1706362443184698,1,1,1,496180,109430,70059,37897,1.0136537107710548,0.2572305144338784
18353,0.1706404972004505,2,2,2,496182,109428,70061,37895,1.0136351847048797,0.25722392294482194
18354,0.1706491222052396,2,0,2,496182,109428,70063,37893,1.0136351847048797,0.2572138391675321
18355,0.1706568172144003,0,2,0,496184,109426,70063,37893,1.0136166586387048,0.25721733109782174
18356,0.1706589532872206,1,0,1,496184,109426,70064,37892,1.0136166586387048,0.2572122890617576
18357,0.1706603642087495,10,29,10,496213,109397,70074,37882,1.0133480306791656,0.2572125014428398
18358,0.1706710542225016,1,6,1,496219,109391,70075,37881,1.0132924524806404,0.25721793687870065
18359,0.1706848260393062,1,4,1,496223,109387,70076,37880,1.01325540034829,0.25721987953852526
18360,0.1706861250827112,0,2,0,496225,109385,70076,37880,1.013236874282115,0.25722337283129054
18361,0.1706937827911746,1,1,1,496226,109384,70077,37879,1.0132276112490273,0.25722007564697175
18362,0.1706967368061869,0,1,0,496227,109383,70077,37879,1.0132183482159398,0.2572218223302685
18363,0.1707141431396719,1,1,1,496228,109382,70078,37878,1.0132090851828524,0.257218525057721
18364,0.1707149406532812,0,1,0,496229,109381,70078,37878,1.0131998221497647,0.25722027176607204
18365,0.1707259803668151,1,1,1,496230,109380,70079,37877,1.0131905591166772,0.25721697440529145
18366,0.1707307527543337,2,4,2,496234,109376,70081,37875,1.013153506984327,0.25721387291088005
18367,0.1707533839150147,0,3,0,496237,109373,70081,37875,1.0131257178850643,0.25721911333260894
18368,0.1707626343651293,0,2,0,496239,109371,70081,37875,1.0131071918188892,0.25722260706572675
18369,0.1707635962021351,4,3,4,496242,109368,70085,37871,1.0130794027196266,0.2572076691637406
18370,0.1707665402882222,0,3,0,496245,109365,70085,37871,1.0130516136203638,0.2572129098861691
18371,0.1707756111050742,1,1,1,496246,109364,70086,37870,1.0130423505872763,0.25720961191029246
18372,0.1707868850224465,0,2,0,496248,109362,70086,37870,1.0130238245211012,0.2572131058465551
18373,0.1707872609438215,1,3,1,496251,109359,70087,37869,1.0129960354218386,0.25721330181758906
18374,0.1707899108667923,5,10,5,496261,109349,70092,37864,1.0129034050909629,0.25720554570588194
18375,0.1708384991353256,4,19,4,496280,109330,70096,37860,1.0127274074622994,0.2572185610435492
18376,0.1708524691946217,0,4,0,496284,109326,70096,37860,1.0126903553299493,0.2572255513431984
18377,0.1708581078103679,0,1,0,496285,109325,70096,37860,1.0126810922968617,0.2572272989774773
18378,0.1708602994123765,0,6,0,496291,109319,70096,37860,1.0126255140983365,0.25723778528186764
18379,0.170864904191146,0,9,0,496300,109310,70096,37860,1.0125421468005484,0.2572535163416457
18380,0.1708693680411918,1,0,1,496300,109310,70097,37859,1.0125421468005484,0.25724846944669055
18381,0.1708764586594483,4,9,4,496309,109301,70101,37855,1.0124587795027604,0.25724401315610645
18382,0.1708788410864493,0,2,0,496311,109299,70101,37855,1.0124402534365853,0.2572475094119086
18383,0.1708844762792324,1,3,1,496314,109296,70102,37854,1.0124124643373227,0.25724770642201833
18384,0.1708911291425491,0,4,0,496318,109292,70102,37854,1.0123754122049724,0.25725469941418727
18385,0.1709047498633077,2,8,2,496326,109284,70104,37852,1.012301307940272,0.25725859069160506
18386,0.1709178447435033,1,16,1,496342,109268,70105,37851,1.0121530994108712,0.25728152040185154
18387,0.1709260423111508,2,6,2,496348,109262,70107,37849,1.0120975212123458,0.2572819163760698
18388,0.1709295999785418,0,1,0,496349,109261,70107,37849,1.0120882581792583,0.257283665284481
18389,0.1709349769366694,0,1,0,496350,109260,70107,37849,1.0120789951461706,0.2572854142166693
18390,0.170937379254897,0,3,0,496353,109257,70107,37849,1.012051206046908,0.2572906611559012
18391,0.1709386602896184,2,4,2,496357,109253,70109,37847,1.0120141539145577,0.25728755948334464
18392,0.1709496204926875,0,1,0,496358,109252,70109,37847,1.0120048908814703,0.25728930856090115
18393,0.1709590199567835,17,39,17,496397,109213,70126,37830,1.0116436325910556,0.2572716824330298
18394,0.1709609481838196,0,1,0,496398,109212,70126,37830,1.0116343695579681,0.25727343208063
18395,0.1709752273290473,1,1,1,496399,109211,70127,37829,1.0116251065248805,0.25727013057671383
18396,0.1709760564218602,0,4,0,496403,109207,70127,37829,1.0115880543925302,0.25727712941048453
18397,0.1709795517711797,3,14,3,496417,109193,70130,37826,1.0114583719293044,0.2572864731769363
18398,0.1709855747625117,3,3,3,496420,109190,70133,37823,1.0114305828300418,0.2572765673783951
18399,0.1710097772328111,1,3,1,496423,109187,70134,37822,1.0114027937307792,0.25727676536810673
18400,0.1710187392663921,0,3,0,496426,109184,70134,37822,1.0113750046315166,0.25728201570003945
18401,0.1710189607989591,5,7,5,496433,109177,70139,37817,1.0113101633999038,0.25726900417704124
18402,0.1710336994955065,1,3,1,496436,109174,70140,37816,1.011282374300641,0.2572692019865297
18403,0.1710440644724211,1,2,1,496438,109172,70141,37815,1.0112638482344658,0.25726764952002557
18404,0.1710473914015461,2,1,2,496439,109171,70143,37813,1.0112545852013783,0.2572592935285473
18405,0.1710653079077149,0,3,0,496442,109168,70143,37813,1.0112267961021157,0.25726454439689483
18406,0.1710718824140967,21,64,21,496506,109104,70164,37792,1.0106339619845122,0.25727044984206515
18407,0.1710894252474815,0,2,0,496508,109102,70164,37792,1.010615435918337,0.2572739526461258
18408,0.1710938072457244,0,5,0,496513,109097,70164,37792,1.0105691207528993,0.257282710073593
18409,0.1711005085422893,2,6,2,496519,109091,70166,37790,1.010513542554374,0.25728310673266114
18410,0.171126251937622,3,3,3,496522,109088,70169,37787,1.0104857534551113,0.2572731914893617
18411,0.1711307990964498,1,4,1,496526,109084,70170,37786,1.0104487013227612,0.25727514128140533
18412,0.1711330312351183,2,1,2,496527,109083,70172,37784,1.0104394382896735,0.25726677878624876
18413,0.1711389793782819,4,14,4,496541,109069,70176,37780,1.0103097558264478,0.25727107436890956
18414,0.171147076973992,0,1,0,496542,109068,70176,37780,1.0103004927933603,0.2572728263238178
18415,0.1711538079923144,0,1,0,496543,109067,70176,37780,1.0102912297602726,0.25727457830258704
18416,0.1711633344574158,0,3,0,496546,109064,70176,37780,1.01026344066101,0.2572798343820653
18417,0.1711690502826006,1,0,1,496546,109064,70177,37779,1.01026344066101,0.25727477646193553
18418,0.1711859982085286,1,3,1,496549,109061,70178,37778,1.0102356515617474,0.25727497463208004
18419,0.1711950900738202,0,2,0,496551,109059,70178,37778,1.0102171254955723,0.25727847885750865
18420,0.1712020348794257,1,0,1,496551,109059,70179,37777,1.0102171254955723,0.25727342068702497
18421,0.1712129543229097,0,1,0,496552,109058,70179,37777,1.0102078624624846,0.2572751728130214
18422,0.1712151443874843,1,1,1,496553,109057,70180,37776,1.0101985994293972,0.25727186667847146
18423,0.1712332332445604,0,1,0,496554,109056,70180,37776,1.0101893363963097,0.2572736188296829
18424,0.1712436615537631,1,1,1,496555,109055,70181,37775,1.010180073363222,0.2572703126064156
18425,0.1712675459518589,0,5,0,496560,109050,70181,37775,1.0101337581977843,0.2572790737272263
18426,0.171290591668438,0,2,0,496562,109048,70181,37775,1.0101152321316091,0.25728257834263024
18427,0.1712988434378966,15,27,15,496589,109021,70196,37760,1.0098651302382453,0.2572540042648572
18428,0.1713000686446879,0,2,0,496591,109019,70196,37760,1.0098466041720702,0.2572575095892464
18429,0.1713058631839331,1,3,1,496594,109016,70197,37759,1.0098188150728074,0.2572577073752342
18430,0.1713060167878515,4,2,4,496596,109014,70201,37755,1.0098002890066324,0.2572409705046706
18431,0.1713079525311334,0,4,0,496600,109010,70201,37755,1.0097632368742822,0.25724798146697103
18432,0.1713244047381397,0,2,0,496602,109008,70201,37755,1.009744710808107,0.25725148709143314
18433,0.1713262228510982,4,7,4,496609,109001,70205,37751,1.0096798695764941,0.25724351286524205
18434,0.1713329274217651,2,3,2,496612,108998,70207,37749,1.0096520804772315,0.2572386488309812
18435,0.1713713877798294,0,4,0,496616,108994,70207,37749,1.0096150283448813,0.25724566078109345
18436,0.1713779141981687,2,9,2,496625,108985,70209,37747,1.0095316610470932,0.25725131532317425
18437,0.1713843889105643,0,1,0,496626,108984,70209,37747,1.0095223980140058,0.25725306854039026
18438,0.171405178697837,2,4,2,496630,108980,70211,37745,1.0094853458816555,0.25724995740330553
18439,0.171432870864999,11,26,11,496656,108954,70222,37734,1.0092445070213791,0.2572398560209424
18440,0.1714390853084114,2,9,2,496665,108945,70224,37732,1.0091611397235911,0.2572455122480007
18441,0.1714401111569066,1,1,1,496666,108944,70225,37731,1.0091518766905034,0.25724220214760524
18442,0.1714484877259774,4,8,4,496674,108936,70229,37727,1.009077772425803,0.2572359763539543
18443,0.1714547244493116,7,11,7,496685,108925,70236,37720,1.00897587906184,0.25721981656381054
18444,0.1714587658412454,0,1,0,496686,108924,70236,37720,1.0089666160287525,0.2572215706063664
18445,0.1714879008203133,31,116,31,496802,108808,70267,37689,1.0078921041905962,0.25726806692287213
18446,0.1714947519585254,0,5,0,496807,108803,70267,37689,1.0078457890251584,0.25727684788247823
18447,0.1714986465225703,1,2,1,496809,108801,70268,37688,1.0078272629589833,0.2572752902948344
18448,0.1715033762857817,0,3,0,496812,108798,70268,37688,1.0077994738597207,0.2572805592343296
18449,0.1715117895181563,0,4,0,496816,108794,70268,37688,1.0077624217273704,0.2572875848227086
18450,0.1715225072463036,0,1,0,496817,108793,70268,37688,1.007753158694283,0.25728934127975644
18451,0.1715246143646109,1,1,1,496818,108792,70269,37687,1.0077438956611953,0.25728602734863015
18452,0.1715299302624345,1,1,1,496819,108791,70270,37686,1.0077346326281078,0.257282713327007
18453,0.1715347253558798,0,1,0,496820,108790,70270,37686,1.0077253695950201,0.257284469810754
18454,0.1715622929681349,0,1,0,496821,108789,70270,37686,1.0077161065619327,0.25728622631848436
18455,0.1715777137003372,2,5,2,496826,108784,70272,37684,1.007669791396495,0.2572848676844089
18456,0.1715790182192614,2,4,2,496830,108780,70274,37682,1.0076327392641447,0.25728175226338573
18457,0.1715823472817991,0,1,0,496831,108779,70274,37682,1.0076234762310572,0.2572835089204635
18458,0.1715863321011532,0,2,0,496833,108777,70274,37682,1.007604950164882,0.25728702230658407
18459,0.1715883353053216,2,0,2,496833,108777,70276,37680,1.007604950164882,0.2572768799033163
18460,0.1716109586798453,2,6,2,496839,108771,70278,37678,1.0075493719663566,0.2572772774139803
18461,0.1716330804914702,33,85,33,496924,108686,70311,37645,1.0067620141539146,0.25725922736809015
18462,0.1716369757358152,1,0,1,496924,108686,70312,37644,1.0067620141539146,0.2572541515752067
18463,0.17165014820396,20,59,20,496983,108627,70332,37624,1.0062154952017488,0.25725636064026913
18464,0.1716703947886842,1,8,1,496991,108619,70333,37623,1.0061413909370485,0.2572653546860683
18465,0.1716855425799941,2,2,2,496993,108617,70335,37621,1.0061228648708733,0.25725871524501154
18466,0.1716856855078352,1,4,1,496997,108613,70336,37620,1.006085812738523,0.25726067303549816
18467,0.1717025388224731,1,1,1,496998,108612,70337,37619,1.0060765497054356,0.25725735309202563
18468,0.17170726035838,2,4,2,497002,108608,70339,37617,1.0060394975730853,0.2572542314925628
18469,0.1717178819633644,1,0,1,497002,108608,70340,37616,1.0060394975730853,0.2572491519859941
18470,0.1717182641653306,0,4,0,497006,108604,70340,37616,1.006002445440735,0.2572561893037888
18471,0.1717433364614607,1,4,1,497010,108600,70341,37615,1.005965393308385,0.25725814724891427
18472,0.171746756203539,0,1,0,497011,108599,70341,37615,1.0059561302752973,0.25725990671207954
18473,0.1717546145852407,0,1,0,497012,108598,70341,37615,1.0059468672422098,0.25726166619931196
18474,0.1717624287766358,0,4,0,497016,108594,70341,37615,1.0059098151098596,0.2572687043889227
18475,0.1717634716327232,0,1,0,497017,108593,70341,37615,1.005900552076772,0.25727046399649817
18476,0.171777265650463,1,1,1,497018,108592,70342,37614,1.0058912890436844,0.2572671436192769
18477,0.1717971299926192,0,1,0,497019,108591,70342,37614,1.005882026010597,0.25726890325228274
18478,0.171817932784915,0,1,0,497020,108590,70342,37614,1.0058727629775093,0.2572706629093595
18479,0.1718186756146553,10,23,10,497043,108567,70352,37604,1.0056597132164955,0.25726033207681415
18480,0.1718198285136829,1,5,1,497048,108562,70353,37603,1.0056133980510578,0.2572640509013786
18481,0.1718206654134733,0,4,0,497052,108558,70353,37603,1.0055763459187077,0.25727109146762817
18482,0.1718219273436264,2,4,2,497056,108554,70355,37601,1.0055392937863574,0.25726796893708737
18483,0.171831233291988,10,31,10,497087,108523,70365,37591,1.0052521397606433,0.25727171934243126
18484,0.1718366439814278,2,1,2,497088,108522,70367,37589,1.0052428767275556,0.2572633135082232
18485,0.1718541329458437,1,0,1,497088,108522,70368,37588,1.0052428767275556,0.2572582301006091
18486,0.1718671764013563,0,3,0,497091,108519,70368,37588,1.005215087628293,0.25726351235738193
18487,0.1718745999624108,1,1,1,497092,108518,70369,37587,1.0052058245952054,0.25726018958967867
18488,0.1718839993265254,1,3,1,497095,108515,70370,37586,1.0051780354959428,0.25726038836147597
18489,0.1718848867001434,1,1,1,497096,108514,70371,37585,1.0051687724628553,0.2572570654145477
18490,0.1718971331567493,1,4,1,497100,108510,70372,37584,1.005131720330505,0.2572590250112941
18491,0.1719125299220961,2,0,2,497100,108510,70374,37582,1.005131720330505,0.2572488568847028
18492,0.1719282239331491,1,5,1,497105,108505,70375,37581,1.0050854051650673,0.2572525772490177
18493,0.1719282241240556,1,1,1,497106,108504,70376,37580,1.0050761421319796,0.25724925385394704
18494,0.1719462211135761,3,2,3,497108,108502,70379,37577,1.0050576160658047,0.25723752216266543
18495,0.1719472311380795,2,0,2,497108,108502,70381,37575,1.0050576160658047,0.2572273526975499
18496,0.1719493751717257,0,1,0,497109,108501,70381,37575,1.005048353032717,0.25722911361209233
18497,0.1719542392956098,1,0,1,497109,108501,70382,37574,1.005048353032717,0.25722402875235323
18498,0.1719587565439841,0,1,0,497110,108500,70382,37574,1.0050390899996295,0.2572257896682503
18499,0.1719755794691533,0,1,0,497111,108499,70382,37574,1.0050298269665419,0.2572275506082575
18500,0.172007732997072,18,65,18,497176,108434,70400,37556,1.0044277298158508,0.2572504966093568
18501,0.1720173510982747,4,15,4,497191,108419,70404,37552,1.0042887843195376,0.2572565783614554
18502,0.1720211864814844,1,0,1,497191,108419,70405,37551,1.0042887843195376,0.2572514900321984
18503,0.1720270840198305,0,1,0,497192,108418,70405,37551,1.00427952128645,0.2572532524029075
18504,0.1720273334137551,1,2,1,497194,108416,70406,37550,1.004260995220275,0.2572516887494348
18505,0.1720314429184591,16,56,16,497250,108360,70422,37534,1.003742265367372,0.2572689761059399
18506,0.1720664116396098,2,0,2,497250,108360,70424,37532,1.003742265367372,0.25725879417651415
18507,0.1720850963266146,1,0,1,497250,108360,70425,37531,1.003742265367372,0.2572537031071142
18508,0.1720852469359301,2,12,2,497262,108348,70427,37529,1.0036311089703212,0.25726468188953705
18509,0.1721284335596203,0,5,0,497267,108343,70427,37529,1.0035847938048834,0.2572735000548426
18510,0.1721333314056143,0,1,0,497268,108342,70427,37529,1.003575530771796,0.25727526376044585
18511,0.1721568800717979,0,3,0,497271,108339,70427,37529,1.0035477416725334,0.257280555022349
18512,0.1721774463079015,2,8,2,497279,108331,70429,37527,1.0034736374078328,0.25728448216758765
18513,0.1722034154895407,0,1,0,497280,108330,70429,37527,1.0034643743747453,0.2572862461177729
18514,0.1722104900212397,2,2,2,497282,108328,70431,37525,1.0034458483085702,0.2572795897239001
18515,0.1722147935939729,1,0,1,497282,108328,70432,37524,1.0034458483085702,0.2572744974357568
18516,0.1722249115482421,0,1,0,497283,108327,70432,37524,1.0034365852754825,0.2572762613900487
18517,0.1722292804426639,0,11,0,497294,108316,70432,37524,1.0033346919115196,0.2572956664838179
18518,0.1722832491271324,0,1,0,497295,108315,70432,37524,1.003325428878432,0.257297430728406
18519,0.1723036364471008,0,1,0,497296,108314,70432,37524,1.0033161658453444,0.2572991949971887
18520,0.1723115581430412,0,1,0,497297,108313,70432,37524,1.0033069028122568,0.25730095929016644
18521,0.1723265863601381,2,2,2,497299,108311,70434,37522,1.0032883767460818,0.25729430238697687
18522,0.1723316452243046,0,1,0,497300,108310,70434,37522,1.0032791137129942,0.2572960667068956
18523,0.1723378869852944,0,3,0,497303,108307,70434,37522,1.0032513246137316,0.2573013598118344
18524,0.1723665036903182,1,2,1,497305,108305,70435,37521,1.0032327985475564,0.25729979564686684
18525,0.1723809103453164,0,1,0,497306,108304,70435,37521,1.003223535514469,0.25730156008914795
18526,0.1723943209454165,0,1,0,497307,108303,70435,37521,1.0032142724813813,0.2573033245556287
18527,0.1723956815296627,1,0,1,497307,108303,70436,37520,1.0032142724813813,0.25729823141754044
18528,0.1724127749138086,0,2,0,497309,108301,70436,37520,1.0031957464152061,0.25730176037744906
18529,0.1724545562845378,1,2,1,497311,108299,70437,37519,1.003177220349031,0.2573001961349079
18530,0.1724834587536036,0,1,0,497312,108298,70437,37519,1.0031679573159435,0.25730196067673866
18531,0.1724937728026297,0,3,0,497315,108295,70437,37519,1.003140168216681,0.25730725444744673
18532,0.1725043550564364,1,0,1,497315,108295,70438,37518,1.003140168216681,0.25730216098701764
18533,0.1725197307334291,0,4,0,497319,108291,70438,37518,1.0031031160843307,0.25730921959549824
18534,0.1725267959866093,6,0,6,497319,108291,70444,37512,1.0031031160843307,0.25727865681776096
18535,0.1725333107399427,1,3,1,497322,108288,70445,37511,1.003075326985068,0.25727885650793214
18536,0.1725376620394665,10,9,10,497331,108279,70455,37501,1.00299195968728,0.2572437920153656
18537,0.1725573731539957,0,4,0,497335,108275,70455,37501,1.0029549075549298,0.25725085062012953
18538,0.172567418741851,2,1,2,497336,108274,70457,37499,1.0029456445218423,0.25724242486605886
18539,0.1725763340999647,1,0,1,497336,108274,70458,37498,1.0029456445218423,0.25723732952830447
18540,0.172591363313661,2,8,2,497344,108266,70460,37496,1.0028715402571418,0.2572412562945075
18541,0.1725933797527322,4,12,4,497356,108254,70464,37492,1.0027603838600911,0.2572420512398282
18542,0.1726160211759783,2,0,2,497356,108254,70466,37490,1.0027603838600911,0.25723185860138326
18543,0.1726168508882239,1,1,1,497357,108253,70467,37489,1.0027511208270037,0.25722852712327265
18544,0.1726272365702918,0,3,0,497360,108250,70467,37489,1.0027233317277409,0.2572338221066427
18545,0.1726292421820942,1,1,1,497361,108249,70468,37488,1.0027140686946534,0.25723049054118036
18546,0.1726318505887248,3,5,3,497366,108244,70471,37485,1.0026677535292157,0.2572240254170412
18547,0.1726499800391861,1,0,1,497366,108244,70472,37484,1.0026677535292157,0.2572189284145806
18548,0.1726538687607864,5,10,5,497376,108234,70477,37479,1.00257512319834,0.2572110930390562
18549,0.1726560463059894,0,1,0,497377,108233,70477,37479,1.0025658601652525,0.25721285824091356
18550,0.1726829434562888,2,1,2,497378,108232,70479,37477,1.002556597132165,0.2572044280037609
18551,0.1726869198120386,0,1,0,497379,108231,70479,37477,1.0025473340990774,0.2572061932083345
18552,0.1726972784846601,3,10,3,497389,108221,70482,37474,1.002454703768202,0.2572085521122894
18553,0.1726998610138695,5,17,5,497406,108204,70487,37469,1.0022972322057135,0.2572130731158142
18554,0.172707570034981,7,6,7,497412,108198,70494,37462,1.0022416540071881,0.2571879719895647
18555,0.1727256104378485,2,11,2,497423,108187,70496,37460,1.002139760643225,0.2571971959600953
18556,0.1727359758581567,13,27,13,497450,108160,70509,37447,1.0018896587498611,0.257178569711621
18557,0.1727454489034142,1,7,1,497457,108153,70510,37446,1.0018248175182483,0.2571858323202769
18558,0.1727458458261326,0,1,0,497458,108152,70510,37446,1.0018155544851606,0.2571875987307518
18559,0.1727481132396312,0,1,0,497459,108151,70510,37446,1.0018062914520731,0.25718936516549107
18560,0.1727628424964994,1,2,1,497461,108149,70511,37445,1.001787765385898,0.2571877962003929
18561,0.1727894574400681,0,6,0,497467,108143,70511,37445,1.0017321871873726,0.2571983954721543
18562,0.1727991501776087,0,4,0,497471,108139,70511,37445,1.0016951350550225,0.25720546213869655
18563,0.1728002927739258,1,6,1,497477,108133,70512,37444,1.001639556856497,0.25721096052261005
18564,0.1728084527902932,2,5,2,497482,108128,70514,37442,1.0015932416910593,0.2572095898880264
18565,0.1728104175009092,1,2,1,497484,108126,70515,37441,1.0015747156248842,0.2572080210487267
18566,0.1728217591788525,0,1,0,497485,108125,70515,37441,1.0015654525917967,0.25720978799994504
18567,0.1728275560007845,6,11,6,497496,108114,70521,37435,1.0014635592278336,0.25719860665480354
18568,0.1728294076719123,1,1,1,497497,108113,70522,37434,1.001454296194746,0.2571952702563433
18569,0.1728374259687604,1,1,1,497498,108112,70523,37433,1.0014450331616584,0.25719193376618915
18570,0.1728401878608383,0,1,0,497499,108111,70523,37433,1.001435770128571,0.25719370087396254
18571,0.1728521825794766,16,35,16,497534,108076,70539,37417,1.0011115639705066,0.2571738846542445
18572,0.1728863358670768,1,1,1,497535,108075,70540,37416,1.001102300937419,0.25717054663175043
18573,0.1728922720788804,6,10,6,497545,108065,70546,37410,1.0010096706065434,0.257157587214298
18574,0.172899946167008,1,7,1,497552,108058,70547,37409,1.0009448293749306,0.2571648552592684
18575,0.1729019976435369,1,0,1,497552,108058,70548,37408,1.0009448293749306,0.25715974866979224
18576,0.1729332553365634,9,13,9,497565,108045,70557,37399,1.0008244099447923,0.2571367674156376
18577,0.1729346216361657,1,0,1,497565,108045,70558,37398,1.0008244099447923,0.2571316598254986
18578,0.1729398564804228,0,1,0,497566,108044,70558,37398,1.0008151469117048,0.25713342775814413
18579,0.1729437627221043,3,18,3,497584,108026,70561,37395,1.0006484123161288,0.257149930202653
18580,0.172964710873521,2,5,2,497589,108021,70563,37393,1.000602097150691,0.25714855515975077
18581,0.172966410309648,1,13,1,497602,108008,70564,37392,1.0004816777205527,0.2571664374140303
18582,0.1730014522100941,4,9,4,497611,107999,70568,37388,1.0003983104227647,0.25716191956639867
18583,0.1730087237499905,1,12,1,497623,107987,70569,37387,1.000287154025714,0.257178037338176
18584,0.1730087313195994,0,5,0,497628,107982,70569,37387,1.0002408388602764,0.2571868830355853
18585,0.1730248354791912,1,6,1,497634,107976,70570,37386,1.0001852606617512,0.2571923886572832
18586,0.1730294928250508,0,2,0,497636,107974,70570,37386,1.000166734595576,0.2571959273527793
18587,0.1730299155322566,6,8,6,497644,107966,70576,37380,1.0000926303308755,0.2571794201422812
18588,0.1730612701528383,1,11,1,497655,107955,70577,37379,0.9999907369669124,0.2571937743404847
18589,0.1730835796819043,1,0,1,497655,107955,70578,37378,0.9999907369669124,0.25718866327675066
18590,0.1730837224021231,1,0,1,497655,107955,70579,37377,0.9999907369669124,0.2571835521426802
18591,0.1730992963070861,1,1,1,497656,107954,70580,37376,0.9999814739338249,0.25718021055528795
18592,0.1731074197815763,3,10,3,497666,107944,70583,37373,0.9998888436029494,0.25718257327084926
18593,0.1731263286679637,1,2,1,497668,107942,70584,37372,0.9998703175367742,0.2571810011423538
18594,0.1731427779895698,8,9,8,497677,107933,70592,37364,0.9997869502389862,0.2571560321272979
18595,0.1731908168108811,1,4,1,497681,107929,70593,37363,0.9997498981066361,0.257157999063954
18596,0.1732011491673849,0,1,0,497682,107928,70593,37363,0.9997406350735485,0.2571597690152866
18597,0.1732073907551531,0,1,0,497683,107927,70593,37363,0.9997313720404609,0.25716153899098354
18598,0.1732179088105915,0,2,0,497685,107925,70593,37363,0.9997128459742858,0.2571650790154727
18599,0.1732253392869049,11,25,11,497710,107900,70604,37352,0.999481270147097,0.25715308567179795
18600,0.1732288429651289,1,0,1,497710,107900,70605,37351,0.999481270147097,0.2571479714425374
18601,0.1732402637541006,1,0,1,497710,107900,70606,37350,0.999481270147097,0.2571428571428571
18602,0.1732425353892836,1,4,1,497714,107896,70607,37349,0.9994442180147467,0.2571448242624531
18603,0.173245596152083,0,2,0,497716,107894,70607,37349,0.9994256919485717,0.2571483651535702
18604,0.1732594749731952,0,3,0,497719,107891,70607,37349,0.999397902849309,0.2571536766730928
18605,0.1732919932625095,1,0,1,497719,107891,70608,37348,0.999397902849309,0.2571485620253513
18606,0.1733070593747376,0,1,0,497720,107890,70608,37348,0.9993886398162214,0.2571503325575951
18607,0.1733220157297877,1,11,1,497731,107879,70609,37347,0.9992867464522583,0.2571646950270613
18608,0.1733309548560812,4,19,4,497750,107860,70613,37343,0.9991107488235949,0.2571778819996832
18609,0.1733336132039627,0,1,0,497751,107859,70613,37343,0.9991014857905073,0.2571796531728213
18610,0.1733341155319114,0,2,0,497753,107857,70613,37343,0.9990829597243321,0.25718319559228653
18611,0.1733382017442182,13,39,13,497792,107818,70626,37330,0.9987217014339175,0.25718576900818474
18612,0.1733387183670942,0,5,0,497797,107813,70626,37330,0.9986753862684797,0.25719462874544413
18613,0.1733529876607157,11,22,11,497819,107791,70637,37319,0.9984715995405535,0.25717731376197367
18614,0.1733801213797526,0,4,0,497823,107787,70637,37319,0.9984345474082034,0.25718440312599067
18615,0.1733935909463023,1,1,1,497824,107786,70638,37318,0.9984252843751158,0.25718105634579336
18616,0.1733971184265713,2,4,2,497828,107782,70640,37316,0.9983882322427655,0.2571779073453804
18617,0.1734122394660688,0,1,0,497829,107781,70640,37316,0.9983789692096781,0.2571796798004094
18618,0.1734225349987089,2,4,2,497833,107777,70642,37314,0.9983419170773278,0.25717653059114626
18619,0.17343272716783,0,1,0,497834,107776,70642,37314,0.9983326540442402,0.2571783031222
18620,0.1734515623878305,1,3,1,497837,107773,70643,37313,0.9983048649449776,0.2571785010269771
18621,0.1734515808244074,1,6,1,497843,107767,70644,37312,0.9982492867464523,0.2571840169838502
18622,0.1734540886817802,1,2,1,497845,107765,70645,37311,0.9982307606802772,0.25718244230610166
18623,0.1734581784196321,0,4,0,497849,107761,70645,37311,0.9981937085479269,0.2571895334730341
18624,0.1734616691230828,2,2,2,497851,107759,70647,37309,0.9981751824817519,0.25718283839302947
18625,0.1734647503158321,1,0,1,497851,107759,70648,37308,0.9981751824817519,0.25717771788208205
18626,0.1734746226758911,0,2,0,497853,107757,70648,37308,0.9981566564155767,0.25718126357150245
18627,0.1734825343187585,2,11,2,497864,107746,70650,37306,0.9980547630516137,0.25719052477732124
18628,0.1734835420516965,3,16,3,497880,107730,70653,37303,0.9979065545222128,0.25720353298904386
18629,0.1734854265230019,0,5,0,497885,107725,70653,37303,0.997860239356775,0.2572124003640676
18630,0.1734964117722992,1,0,1,497885,107725,70654,37302,0.997860239356775,0.2572072786446662
18631,0.1734968059539402,1,0,1,497885,107725,70655,37301,0.997860239356775,0.25720215685463294
18632,0.1735084958339247,5,5,5,497890,107720,70660,37296,0.9978139241913372,0.2571854140232802
18633,0.1735099808838845,0,5,0,497895,107715,70660,37296,0.9977676090258994,0.25719428181310383
18634,0.1735231376043451,0,1,0,497896,107714,70660,37296,0.9977583459928119,0.2571960554444521
18635,0.173527002080381,0,1,0,497897,107713,70660,37296,0.9977490829597243,0.25719782910026273
18636,0.1735291412318165,57,77,57,497974,107636,70717,37239,0.9970358294119827,0.2570422778257118
18637,0.1735292686747714,15,32,15,498006,107604,70732,37224,0.996739412353181,0.2570221227939349
18638,0.1735418525845262,0,2,0,498008,107602,70732,37224,0.9967208862870058,0.2570256721859335
18639,0.1735595734833059,2,5,2,498013,107597,70734,37222,0.9966745711215681,0.2570242854874015
18640,0.1735824558122175,1,4,1,498017,107593,70735,37221,0.9966375189892178,0.2570262543676716
18641,0.1735863051821804,2,17,2,498034,107576,70737,37219,0.9964800474267294,0.2570461687212956
18642,0.1735925421812197,6,7,6,498041,107569,70743,37213,0.9964152061951165,0.2570278073241149
18643,0.1736139433878315,0,1,0,498042,107568,70743,37213,0.996405943162029,0.25702958261097797
18644,0.1736149731810447,1,0,1,498042,107568,70744,37212,0.996405943162029,0.25702445089100706
18645,0.1736208488173992,10,12,10,498054,107556,70754,37202,0.9962947867649783,0.25699443208665496
18646,0.1736211260913498,1,3,1,498057,107553,70755,37201,0.9962669976657157,0.25699462536441137
18647,0.1736287065326524,1,0,1,498057,107553,70756,37200,0.9962669976657157,0.2569894924457524
18648,0.1736352051524999,2,17,2,498074,107536,70758,37198,0.9961095261032272,0.2570094103666036
18649,0.1736586878898594,12,27,12,498101,107509,70770,37186,0.9958594242098633,0.25699574968036215
18650,0.1736608064873276,0,3,0,498104,107506,70770,37186,0.9958316351106006,0.25700107815221296
18651,0.1736671773686451,1,2,1,498106,107504,70771,37185,0.9958131090444255,0.2569994954695934
18652,0.1736713992425691,0,2,0,498108,107502,70771,37185,0.9957945829782504,0.25700304795869705
18653,0.173673326122328,1,0,1,498108,107502,70772,37184,0.9957945829782504,0.25699791272134137
18654,0.1736736759884926,2,5,2,498113,107497,70774,37182,0.9957482678128127,0.2569965233378721
18655,0.1736813512987328,1,1,1,498114,107496,70775,37181,0.9957390047797251,0.25699316408274986
18656,0.1736879953034246,13,10,13,498124,107486,70788,37168,0.9956463744488495,0.2569441564007909
18657,0.173689559159585,1,2,1,498126,107484,70789,37167,0.9956278483826744,0.2569425721218657
18658,0.1737054046385329,7,17,7,498143,107467,70796,37160,0.995470376820186,0.2569368098626121
18659,0.1737059212614089,1,0,1,498143,107467,70797,37159,0.995470376820186,0.25693167203683986
18660,0.1737158518402232,3,5,3,498148,107462,70800,37156,0.9954240616547483,0.25692514071554023
18661,0.1737289101631085,6,29,6,498177,107433,70806,37150,0.9951554336952092,0.25694583733910625
18662,0.1737453123563288,0,5,0,498182,107428,70806,37150,0.9951091185297714,0.25695472340190073
18663,0.1737523866299553,0,1,0,498183,107427,70806,37150,0.9950998554966838,0.2569565006882146
18664,0.1737702014710592,1,3,1,498186,107424,70807,37149,0.9950720663974212,0.2569566931584736
18665,0.1737770132086474,2,4,2,498190,107420,70809,37147,0.9950350142650709,0.2569535232798633
18666,0.1737773679944369,0,2,0,498192,107418,70809,37147,0.9950164881988959,0.25695707813094454
18667,0.173812121668139,3,2,3,498194,107416,70812,37144,0.9949979621327207,0.256945213060321
18668,0.1738175419614674,2,4,2,498198,107412,70814,37142,0.9949609100003706,0.25694204242013363
18669,0.1738184826164442,14,19,14,498217,107393,70828,37128,0.994784912371707,0.2569038409642889
18670,0.1738187837187221,1,2,1,498219,107391,70829,37127,0.9947663863055319,0.25690225439045655
18671,0.1738253813139468,0,3,0,498222,107388,70829,37127,0.9947385972062692,0.2569075874476698
18672,0.1738507449460112,3,6,3,498228,107382,70832,37124,0.9946830190077439,0.25690282756425337
18673,0.1738569534524369,7,15,7,498243,107367,70839,37117,0.9945440735114306,0.25689349685778357
18674,0.1738685933512752,1,1,1,498244,107366,70840,37116,0.994534810478343,0.256890131642696
18675,0.1738841299355993,0,1,0,498245,107365,70840,37116,0.9945255474452555,0.25689190966286224
18676,0.1738846768238185,1,0,1,498245,107365,70841,37115,0.9945255474452555,0.25688676633444074
18677,0.1738873454435028,4,9,4,498254,107356,70845,37111,0.9944421801474674,0.2568821945496203
18678,0.1738960473036952,0,1,0,498255,107355,70845,37111,0.99443291711438,0.2568839726994587
18679,0.1739267763776206,0,2,0,498257,107353,70845,37111,0.9944143910482048,0.25688752907298706
18680,0.1739327892112815,9,10,9,498267,107343,70854,37102,0.9943217607173293,0.25685901208072276
18681,0.1739466250090342,5,5,5,498272,107338,70859,37097,0.9942754455518915,0.256842178142417
18682,0.1739496587065322,1,1,1,498273,107337,70860,37096,0.9942661825188039,0.2568388110750313
18683,0.1739832078816189,3,22,3,498295,107315,70863,37093,0.9940623957908777,0.2568625006924824
18684,0.1739998755061561,0,2,0,498297,107313,70863,37093,0.9940438697247027,0.25686605819702785
18685,0.174010461552344,1,9,1,498306,107304,70864,37092,0.9939605024269147,0.2568769217983878
18686,0.1740168921015456,3,4,3,498310,107300,70867,37089,0.9939234502945644,0.2568685980233951
18687,0.174038205151662,0,3,0,498313,107297,70867,37089,0.9938956611953018,0.25687393514606677
18688,0.1740405290166428,0,1,0,498314,107296,70867,37089,0.9938863981622142,0.2568757142362434
18689,0.1740790550730874,4,15,4,498329,107281,70871,37085,0.9937474526659009,0.2568818142776
18690,0.1740800363667456,2,17,2,498346,107264,70873,37083,0.9935899811034125,0.25690177142580034
18691,0.1741127545396617,4,5,4,498351,107259,70877,37079,0.9935436659379747,0.2568900774570799
18692,0.1741205871178752,3,17,3,498368,107242,70880,37076,0.9933861943754864,0.25690489058883853
18693,0.1741282129659299,17,34,17,498402,107208,70897,37059,0.9930712512505094,0.25687787227848363
18694,0.1741400082103868,0,1,0,498403,107207,70897,37059,0.9930619882174219,0.25687965286346054
18695,0.1741420337063482,1,2,1,498405,107205,70898,37058,0.9930434621512468,0.25687806298219223
18696,0.1741512959477347,24,68,24,498473,107137,70922,37034,0.9924135759012931,0.25687551588044755
18697,0.1741723103106166,1,1,1,498474,107136,70923,37033,0.9924043128682055,0.2568721431098225
18698,0.1741805045423408,0,1,0,498475,107135,70923,37033,0.9923950498351181,0.25687392486543476
18699,0.174182558021697,2,19,2,498494,107116,70925,37031,0.9922190522064545,0.25689747271882174
18700,0.1741981893248463,0,3,0,498497,107113,70925,37031,0.9921912631071919,0.2569028194028194
18701,0.1741999486067193,5,6,5,498503,107107,70930,37026,0.9921356849086665,0.2568877356330611
18702,0.1742062540827564,0,1,0,498504,107106,70930,37026,0.992126421875579,0.2568895179418866
18703,0.1742229400230993,1,9,1,498513,107097,70931,37025,0.992043054577791,0.25690040382453755
18704,0.1742335978489864,0,1,0,498514,107096,70931,37025,0.9920337915447034,0.256902186357297
18705,0.1742445033402422,0,2,0,498516,107094,70931,37025,0.9920152654785283,0.25690575149702677
18706,0.1742487423398672,1,15,1,498531,107079,70932,37024,0.9918763199822149,0.25692733669666834
18707,0.1742515919121913,0,1,0,498532,107078,70932,37024,0.9918670569491275,0.25692911965135806
18708,0.1742793972248391,0,2,0,498534,107076,70932,37024,0.9918485308829523,0.25693268563497573
18709,0.1742808426057775,10,15,10,498549,107061,70942,37014,0.991709585386639,0.25690786048932845
18710,0.1742941830465076,5,13,5,498562,107048,70947,37009,0.9915891659565008,0.256905252781885
18711,0.1742999921055963,5,12,5,498574,107036,70952,37004,0.9914780095594502,0.25690086087198
18712,0.1743121046797398,3,8,3,498582,107028,70955,37001,0.9914039052947498,0.2568996521533858
18713,0.1743143960461662,0,2,0,498584,107026,70955,37001,0.9913853792285746,0.25690321953522605
18714,0.1743145201657271,0,3,0,498587,107023,70955,37001,0.9913575901293119,0.2569085707937566
18715,0.1743178666170938,7,16,7,498603,107007,70962,36994,0.9912093815999111,0.256900993743099
18716,0.1743294952647621,2,8,2,498611,106999,70964,36992,0.9911352773352107,0.25690494544797937
18717,0.1743391467444192,3,17,3,498628,106982,70967,36989,0.9909778057727222,0.2569197963478756
18718,0.1743464603062996,1,2,1,498630,106980,70968,36988,0.9909592797065471,0.25691820404534343
18719,0.1743624959858435,0,1,0,498631,106979,70968,36988,0.9909500166734596,0.25691998860850057
18720,0.1743757307898378,3,7,3,498638,106972,70971,36985,0.9908851754418467,0.25691699604743085
18721,0.1744089438828819,1,0,1,498638,106972,70972,36984,0.9908851754418467,0.25691183417155244
18722,0.1744290216036347,0,1,0,498639,106971,70972,36984,0.9908759124087592,0.2569136188392206
18723,0.174430726887047,1,1,1,498640,106970,70973,36983,0.9908666493756716,0.2569102415371684
18724,0.1744308250763227,1,20,1,498660,106950,70974,36982,0.9906813887139205,0.25694077758941725
18725,0.1744313273817745,1,4,1,498664,106946,70975,36981,0.9906443365815703,0.25694275570254366
18726,0.1744443301320677,1,3,1,498667,106943,70976,36980,0.9906165474823077,0.2569429486600474
18727,0.1744612204560772,0,2,0,498669,106941,70976,36980,0.9905980214161325,0.25694651927098894
18728,0.1744741299413345,0,2,0,498671,106939,70976,36980,0.9905794953499574,0.25695008998116997
18729,0.1744877900121899,0,4,0,498675,106935,70976,36980,0.9905424432176072,0.25695723169926693
18730,0.1744954158602446,5,26,5,498701,106909,70981,36975,0.9903016043573307,0.25697784326262824
18731,0.1744964905660761,1,6,1,498707,106903,70982,36974,0.9902460261588054,0.2569833955392453
18732,0.1745204128613281,1,9,1,498716,106894,70983,36973,0.9901626588610174,0.25699430724210554
18733,0.1745224052189505,0,2,0,498718,106892,70983,36973,0.9901441327948424,0.25699787995690404
18734,0.1745229075244022,0,1,0,498719,106891,70983,36973,0.9901348697617548,0.25699966635155425
18735,0.1745418840609479,0,4,0,498723,106887,70983,36973,0.9900978176294045,0.2570068121785069
18736,0.1745427681994074,2,3,2,498726,106884,70985,36971,0.9900700285301419,0.25700184213270305
18737,0.1745462635037873,5,28,5,498754,106856,70990,36966,0.9898106636036904,0.25702604608474366
18738,0.1745690154765913,0,2,0,498756,106854,70990,36966,0.9897921375375153,0.2570296203587818
18739,0.1745798084506798,6,11,6,498767,106843,70996,36960,0.9896902441735522,0.2570182819551748
18740,0.1746117062345569,0,1,0,498768,106842,70996,36960,0.9896809811404647,0.2570200692619018
18741,0.1746119930039558,0,2,0,498770,106840,70996,36960,0.9896624550742895,0.25702364394993044
18742,0.174618794806506,1,0,1,498770,106840,70997,36959,0.9896624550742895,0.2570184771799526
18743,0.1746274867395522,0,6,0,498776,106834,70997,36959,0.9896068768757642,0.2570292016996655
18744,0.174636619582648,4,6,4,498782,106828,71001,36955,0.9895512986772389,0.2570192581876856
18745,0.1746565103779052,1,6,1,498788,106822,71002,36954,0.9894957204787136,0.2570248163810372
18746,0.1746738987854874,2,8,2,498796,106814,71004,36952,0.9894216162140131,0.25702878288329645
18747,0.1746852221979113,1,2,1,498798,106812,71005,36951,0.989403090147838,0.2570271905845037
18748,0.1747187266800183,7,31,7,498829,106781,71012,36944,0.9891159361221238,0.25704644285962774
18749,0.1747281997252758,1,0,1,498829,106781,71013,36943,0.9891159361221238,0.25704127355208595
18750,0.1747366326204447,0,11,0,498840,106770,71013,36943,0.9890140427581607,0.2570609478613626
18751,0.1747368737759246,15,31,15,498871,106739,71028,36928,0.9887268887324465,0.2570388467776177
18752,0.174748090520533,1,0,1,498871,106739,71029,36927,0.9887268887324465,0.25703367533027993
18753,0.1747540722535825,8,24,8,498895,106715,71037,36919,0.9885045759383453,0.25703524235208935
18754,0.1747554465288176,3,17,3,498912,106698,71040,36916,0.9883471043758568,0.25705014831423123
18755,0.1747567794205179,9,19,9,498931,106679,71049,36907,0.9881711067471933,0.25703759419442007
18756,0.1747640564988923,3,3,3,498934,106676,71052,36904,0.9881433176479306,0.2570274411477922
18757,0.1747740932168268,2,11,2,498945,106665,71054,36902,0.9880414242839676,0.2570367842192147
18758,0.174776802340539,0,1,0,498946,106664,71054,36902,0.98803216125088,0.25703857459287016
18759,0.1747850750477938,5,14,5,498960,106650,71059,36897,0.9879024787876542,0.2570377646345796
18760,0.1747861705147206,6,12,6,498972,106638,71065,36891,0.9877913223906036,0.2570281963923667
18761,0.1747939173648102,4,6,4,498978,106632,71069,36887,0.9877357441920782,0.2570182345194713
18762,0.1748103068226461,3,13,3,498991,106619,71072,36884,0.98761532476194,0.2570259855194665
18763,0.1748196793460047,5,20,5,499011,106599,71077,36879,0.987430064100189,0.25703592188349433
18764,0.1748349334013382,12,41,12,499052,106558,71089,36867,0.9870502797435993,0.2570472372320028
18765,0.174840936195057,1,5,1,499057,106553,71090,36866,0.9870039645781614,0.2570510183448497
18766,0.1748483595631457,3,5,3,499062,106548,71093,36863,0.9869576494127237,0.257044438711117
18767,0.1748636934603908,1,0,1,499062,106548,71094,36862,0.9869576494127237,0.2570392580712642
18768,0.1748777506573484,3,4,3,499066,106544,71097,36859,0.9869205972803735,0.2570308849884591
18769,0.1748783511520758,0,1,0,499067,106543,71097,36859,0.9869113342472859,0.2570326773685165
18770,0.1748836189116253,5,7,5,499074,106536,71102,36854,0.9868464930156731,0.2570193179440686
18771,0.1749012270893349,5,12,5,499086,106524,71107,36849,0.9867353366186224,0.2570149191270323
18772,0.174915527449063,0,17,0,499103,106507,71107,36849,0.986577865056134,0.2570453974720277
18773,0.174926513543966,8,18,8,499121,106489,71115,36841,0.986411130460558,0.25703621014442196
18774,0.1749322559463003,1,5,1,499126,106484,71116,36840,0.9863648152951202,0.2570399933018894
18775,0.1749372288610671,19,73,19,499199,106411,71135,36821,0.9856886138797287,0.2570724419124218
18776,0.1749513624314947,0,4,0,499203,106407,71135,36821,0.9856515617473786,0.25707962130309714
18777,0.1749609547743798,2,3,2,499206,106404,71137,36819,0.9856237726481158,0.2570746318677866
18778,0.1749699312947036,2,0,2,499206,106404,71139,36817,0.9856237726481158,0.2570642573365638
18779,0.1749824647221003,5,9,5,499215,106395,71144,36812,0.9855404053503279,0.2570544735941679
18780,0.1749867167555743,0,2,0,499217,106393,71144,36812,0.9855218792841528,0.25705806361509725
18781,0.1749979606992106,56,118,56,499335,106275,71200,36756,0.9844288413798215,0.25697925624514967
18782,0.1750071075916908,0,1,0,499336,106274,71200,36756,0.9844195783467339,0.2569810529259596
18783,0.1750145067914898,0,2,0,499338,106272,71200,36756,0.9844010522805587,0.25698464636294993
18784,0.1750238360889281,1,3,1,499341,106269,71201,36755,0.984373263181296,0.25698484170488867
18785,0.1750387201811077,4,7,4,499348,106262,71205,36751,0.9843084219496832,0.25697663848741026
18786,0.1750566750390183,0,5,0,499353,106257,71205,36751,0.9842621067842454,0.2569856231819199
18787,0.1750634602475118,0,7,0,499360,106250,71205,36751,0.9841972655526325,0.25699820280977054
18788,0.1750667755191099,9,27,9,499387,106223,71214,36742,0.9839471636592686,0.25699996502640504
18789,0.1750682644989045,3,2,3,499389,106221,71217,36739,0.9839286375930935,0.25698796866256296
18790,0.1750740448647281,1,1,1,499390,106220,71218,36738,0.9839193745600059,0.25698456889436055
18791,0.1751019310835044,3,1,3,499391,106219,71221,36735,0.9839101115269184,0.2569707738153532
18792,0.1751038355147594,0,2,0,499393,106217,71221,36735,0.9838915854607433,0.2569743690189714
18793,0.1751060869341175,1,0,1,499393,106217,71222,36734,0.9838915854607433,0.2569691712544858
18794,0.175131259393207,1,1,1,499394,106216,71223,36733,0.9838823224276557,0.25696577100924106
18795,0.1751430900631355,1,3,1,499397,106213,71224,36732,0.983854533328393,0.25696596593095244
18796,0.1751837637768274,0,1,0,499398,106212,71224,36732,0.9838452702953054,0.25696776359973134
18797,0.1751910089248044,0,1,0,499399,106211,71224,36732,0.983836007262218,0.2569695612936625
18798,0.17521282061018,0,4,0,499403,106207,71224,36732,0.9837989551298677,0.2569767523209201
18799,0.175218959046539,3,9,3,499412,106198,71227,36729,0.9837155878320797,0.25697733808167805
18800,0.1752219707582514,3,16,3,499428,106182,71230,36726,0.9835673793026789,0.2569905113779494
18801,0.175232133024658,2,2,2,499430,106180,71232,36724,0.9835488532365038,0.25698370934333536
18802,0.1752414817932582,8,16,8,499446,106164,71240,36716,0.9834006447071029,0.25697088465845463
18803,0.1752538678838036,4,8,4,499454,106156,71244,36712,0.9833265404424024,0.25696447070022677
18804,0.1752568846654895,1,1,1,499455,106155,71245,36711,0.983317277409315,0.2569610684137583
18805,0.1752995895163239,9,16,9,499471,106139,71254,36702,0.9831690688799141,0.2569430345629056
18806,0.1753146795883887,1,0,1,499471,106139,71255,36701,0.9831690688799141,0.25693783253990476
18807,0.1753265078998529,11,42,11,499513,106097,71266,36690,0.9827800214902368,0.2569561654772493
18808,0.1753286388597041,1,2,1,499515,106095,71267,36689,0.9827614954240617,0.25695456073509637
18809,0.1753330619358859,1,6,1,499521,106089,71268,36688,0.9827059172255364,0.2569601546467568
18810,0.1753625512193644,2,6,2,499527,106083,71270,36686,0.982650339027011,0.2569605446560528
18811,0.1753762269695006,4,9,4,499536,106074,71274,36682,0.982566971729223,0.2569559247947547
18812,0.1753890641418517,1,4,1,499540,106070,71275,36681,0.9825299195968727,0.2569579197343626
18813,0.1754059230754224,2,6,2,499546,106064,71277,36679,0.9824743413983474,0.2569583096894419
18814,0.1754070289639695,5,11,5,499557,106053,71282,36674,0.9823724480343844,0.25695208334792996
18815,0.1754080556431831,26,54,26,499611,105999,71308,36648,0.9818722442476564,0.2569139203768744
18816,0.175411790208894,1,6,1,499617,105993,71309,36647,0.9818166660491311,0.2569195176668536
18817,0.175434106749235,5,14,5,499631,105979,71314,36642,0.9816869835859053,0.2569186865889315
18818,0.175436064804235,0,1,0,499632,105978,71314,36642,0.9816777205528178,0.25692048801009676
18819,0.1754541313619922,0,1,0,499633,105977,71314,36642,0.9816684575197303,0.256922289456524
18820,0.1754550374660073,1,1,1,499634,105976,71315,36641,0.9816591944866427,0.25691888063835305
18821,0.1754666269258935,2,5,2,499639,105971,71317,36639,0.9816128793212049,0.2569174672182876
18822,0.1754806442844795,0,1,0,499640,105970,71317,36639,0.9816036162881174,0.2569192687698532
18823,0.1754935453094225,8,16,8,499656,105954,71325,36631,0.9814554077587165,0.2569064067047726
18824,0.1755057736275434,6,3,6,499659,105951,71331,36625,0.9814276186594538,0.2568805409045001
18825,0.1755102929574502,1,0,1,499659,105951,71332,36624,0.9814276186594538,0.2568753287743293
18826,0.175517666492611,12,15,12,499674,105936,71344,36612,0.9812886731631405,0.2568398013300783
18827,0.1755177928759692,48,66,48,499740,105870,71392,36564,0.980677312979362,0.2567083701925102
18828,0.1755193321031241,0,6,0,499746,105864,71392,36564,0.9806217347808366,0.2567191844300278
18829,0.1755350441466618,3,9,3,499755,105855,71395,36561,0.9805383674830487,0.2567197505898214
18830,0.1755365756220124,1,2,1,499757,105853,71396,36560,0.9805198414168735,0.25671813668695975
18831,0.1755593835769852,13,40,13,499797,105813,71409,36547,0.9801493200933714,0.2567223939308795
18832,0.1755635035928665,7,15,7,499812,105798,71416,36540,0.9800103745970581,0.2567128946591915
18833,0.1755750930527527,11,13,11,499825,105785,71427,36529,0.9798899551669199,0.256678893151763
18834,0.1755785382802037,0,1,0,499826,105784,71427,36529,0.9798806921338323,0.25668069677401223
18835,0.1755861619408538,1,4,1,499830,105780,71428,36528,0.979843640001482,0.25668268825364704
18836,0.1755891736525661,1,3,1,499833,105777,71429,36527,0.9798158509022195,0.2566828760962447
18837,0.1755980930283716,6,11,6,499844,105766,71435,36521,0.9797139575382563,0.2566713754594587
18838,0.1756192501402137,0,2,0,499846,105764,71435,36521,0.9796954314720813,0.25667498330814914
18839,0.1756210707781184,2,5,2,499851,105759,71437,36519,0.9796491163066434,0.2566735545903091
18840,0.1756266242892896,4,8,4,499859,105751,71441,36515,0.979575012041943,0.2566670884118482
18841,0.17562693791159,3,12,3,499871,105739,71444,36512,0.9794638556448924,0.25667306380974475
18842,0.1756433880693169,5,7,5,499878,105732,71449,36507,0.9793990144132795,0.2566595659418303
18843,0.1756506673743033,3,14,3,499892,105718,71452,36504,0.9792693319500537,0.2566691510455485
18844,0.1756885055635595,1,8,1,499900,105710,71453,36503,0.9791952276853533,0.25667836273758377
18845,0.175688930235028,8,27,8,499927,105683,71461,36495,0.9789451257919893,0.256685281829819
18846,0.1757083894855408,0,3,0,499930,105680,71461,36495,0.9789173366927266,0.256690698083348
18847,0.1757319051085922,2,2,2,499932,105678,71463,36493,0.9788988106265516,0.25668385254376774
18848,0.175733357965352,6,39,6,499971,105639,71469,36487,0.9785375523361369,0.2567229078423371
18849,0.1757637132193377,32,88,32,500059,105551,71501,36455,0.9777224054244322,0.2567145050209146
18850,0.1757729347273597,1,1,1,500060,105550,71502,36454,0.9777131423913447,0.2567110785611673
18851,0.1757789931032088,0,3,0,500063,105547,71502,36454,0.977685353292082,0.25671650199646484
18852,0.1757800857061873,0,6,0,500069,105541,71502,36454,0.9776297750935566,0.2567273495545618
18853,0.1758013096435497,1,1,1,500070,105540,71503,36453,0.9776205120604691,0.25672392301028923
18854,0.1758064180701721,27,55,27,500125,105485,71530,36426,0.9771110452406536,0.25668200491857573
18855,0.1758249381079798,2,23,2,500148,105462,71532,36424,0.9768979954796398,0.25671313589783346
18856,0.1758830885745364,0,1,0,500149,105461,71532,36424,0.9768887324465523,0.2567149452021003
18857,0.1758937480728597,1,7,1,500156,105454,71533,36423,0.9768238912149394,0.25672237219563426
18858,0.175913425677713,9,33,9,500189,105421,71542,36414,0.9765182111230502,0.2567349384848592
18859,0.1759554125763117,0,1,0,500190,105420,71542,36414,0.9765089480899626,0.2567367485934261
18860,0.1759618660198555,4,19,4,500209,105401,71546,36410,0.9763329504612991,0.2567501815797082
18861,0.1759652959226863,0,1,0,500210,105400,71546,36410,0.9763236874282115,0.2567519921021085
18862,0.1759734554797417,6,18,6,500228,105382,71552,36404,0.9761569528326355,0.25675313500627706
18863,0.1759941408059048,1,2,1,500230,105380,71553,36403,0.9761384267664605,0.2567515146385674
18864,0.1760052902208604,0,1,0,500231,105379,71553,36403,0.9761291637333729,0.2567533255279231
18865,0.1760099547941796,3,7,3,500238,105372,71556,36400,0.97606432250176,0.2567502750895804
18866,0.1760178702686181,1,0,1,500238,105372,71557,36399,0.97606432250176,0.25674503248196034
18867,0.1760675444394804,0,1,0,500239,105371,71557,36399,0.9760550594686724,0.2567468434788742
18868,0.1760684233074229,2,6,2,500245,105365,71559,36397,0.9759994812701471,0.25674722422087726
18869,0.1760697109051245,9,11,9,500256,105354,71568,36388,0.975897587906184,0.2567199559763514
18870,0.1760916421981265,1,2,1,500258,105352,71569,36387,0.9758790618400089,0.2567183344033752
18871,0.1761015349368074,0,1,0,500259,105351,71569,36387,0.9758697988069214,0.2567201456207933
18872,0.1761024830601297,28,117,28,500376,105234,71597,36359,0.9747860239356775,0.25678529305827263
18873,0.1761052856472795,5,14,5,500390,105220,71602,36354,0.9746563414724517,0.25678443782050375
18874,0.1761157157590811,3,8,3,500398,105212,71605,36351,0.9745822372077513,0.2567831989997386
18875,0.1761263434141098,0,2,0,500400,105210,71605,36351,0.9745637111415762,0.2567868268802848
18876,0.1761437564832721,0,8,0,500408,105202,71605,36351,0.9744896068768758,0.2568013394276349
18877,0.1761620756463267,15,59,15,500467,105143,71620,36336,0.9739430879247101,0.2568296354936068
18878,0.176168423098659,3,15,3,500482,105128,71623,36333,0.9738041424283967,0.2568411081499495
18879,0.1761812857647361,3,11,3,500493,105117,71626,36330,0.9737022490644337,0.2568453201552525
18880,0.176188994918462,0,2,0,500495,105115,71626,36330,0.9736837229982586,0.25684895188942697
18881,0.1761970910975233,2,3,2,500498,105112,71628,36328,0.9736559338989959,0.2568438914027149
18882,0.1762052037014533,3,9,3,500507,105103,71631,36325,0.973572566601208,0.2568444720988772
18883,0.1762072959017089,2,4,2,500511,105099,71633,36323,0.9735355144688577,0.25684122696610145
18884,0.1762131581418118,0,1,0,500512,105098,71633,36323,0.9735262514357701,0.2568430431124091
18885,0.1762140690330044,0,1,0,500513,105097,71633,36323,0.9735169884026825,0.2568448592844011
18886,0.1762241179709467,6,20,6,500533,105077,71639,36317,0.9733317277409315,0.2568496541578851
18887,0.1762244548843378,4,42,4,500575,105035,71643,36313,0.9729426803512542,0.256904943826584
18888,0.176231922480401,4,9,4,500584,105026,71647,36309,0.9728593130534662,0.25690027240244806
18889,0.1762638470620712,7,36,7,500620,104990,71654,36302,0.9725258438623142,0.2569289131727203
18890,0.1762701132199032,5,12,5,500632,104978,71659,36297,0.9724146874652636,0.25692443815253935
18891,0.1762802930694349,4,31,4,500663,104947,71663,36293,0.9721275334395495,0.2569597847635231
18892,0.1762838023379647,10,8,10,500671,104939,71673,36283,0.972053429174849,0.25692172607667363
18893,0.1762885631112238,8,4,8,500675,104935,71681,36275,0.9720163770424988,0.2568869060264854
18894,0.1762947058851421,2,0,2,500675,104935,71683,36273,0.9720163770424988,0.2568763809415897
18895,0.1762979697567018,1,1,1,500676,104934,71684,36272,0.9720071140094112,0.25687293741059164
18896,0.1763001248198105,0,4,0,500680,104930,71684,36272,0.971970061877061,0.2568802141612725
18897,0.1763024643477549,3,23,3,500703,104907,71687,36269,0.9717570121160473,0.25690627302091007
18898,0.1763034456414132,2,19,2,500722,104888,71689,36267,0.9715810144873838,0.2569303248202331
18899,0.1763191426624726,1,3,1,500725,104885,71690,36266,0.9715532253881211,0.2569305212148692
18900,0.17632227373217,1,1,1,500726,104884,71691,36265,0.9715439623550335,0.25692707706041135
18901,0.1763235026230288,2,0,2,500726,104884,71693,36263,0.9715439623550335,0.25691654799606084
18902,0.1763270339472165,3,5,3,500731,104879,71696,36260,0.9714976471895957,0.2569098548239679
18903,0.1763539390086563,0,16,0,500747,104863,71696,36260,0.9713494386601949,0.25693898230621515
18904,0.1763767095193844,8,57,8,500804,104806,71704,36252,0.9708214457742043,0.25700066639254776
18905,0.1763772261422604,0,1,0,500805,104805,71704,36252,0.9708121827411168,0.25700248835577105
18906,0.176399659877946,3,6,3,500811,104799,71707,36249,0.9707566045425914,0.25699761783222735
18907,0.1764332578544717,6,10,6,500821,104789,71713,36243,0.9706639742117159,0.2569842305292416
18908,0.1764356262017376,1,3,1,500824,104786,71714,36242,0.9706361851124532,0.25698442862410303
18909,0.1764507829497001,1,0,1,500824,104786,71715,36241,0.9706361851124532,0.25697916001900345
18910,0.1764688563966159,1,11,1,500835,104775,71716,36240,0.9705342917484902,0.2569939368152324
18911,0.1764694633599813,3,6,3,500841,104769,71719,36237,0.9704787135499648,0.2569890642951364
18912,0.1764781652201738,0,2,0,500843,104767,71719,36237,0.9704601874837897,0.25699270942668295
18913,0.1764891822022272,0,2,0,500845,104765,71719,36237,0.9704416614176146,0.256996354661636
18914,0.1764900885995736,1,2,1,500847,104763,71720,36236,0.9704231353514394,0.2569947304590813
18915,0.1764935608693719,1,1,1,500848,104762,71721,36235,0.970413872318352,0.25699128350248585
18916,0.1764937201823085,4,10,4,500858,104752,71725,36231,0.9703212419874764,0.25698843122929715
18917,0.1765040585584806,18,57,18,500915,104695,71743,36213,0.9697932491014858,0.25699747352882735
18918,0.176535272317507,0,3,0,500918,104692,71743,36213,0.9697654600022231,0.2570029452467975
18919,0.1765410391323075,3,29,3,500947,104663,71746,36210,0.9694968320426841,0.2570400289622568
18920,0.1765412758917614,2,16,2,500963,104647,71748,36208,0.9693486235132832,0.2570586773632459
18921,0.1765423630923279,0,1,0,500964,104646,71748,36208,0.9693393604801956,0.2570605023641501
18922,0.1765437168441793,1,16,1,500980,104630,71749,36207,0.9691911519507947,0.25708443093789274
18923,0.1765484886590508,4,7,4,500987,104623,71753,36203,0.9691263107191819,0.25707610810503745
18924,0.17656698967102,0,2,0,500989,104621,71753,36203,0.9691077846530067,0.2570797591319661
18925,0.1765673781801224,3,16,3,501005,104605,71756,36200,0.968959576123606,0.2570931429991833
18926,0.1765724065957681,1,6,1,501011,104599,71757,36199,0.9689039979250806,0.25709882242645493
18927,0.1765747365655844,11,29,11,501040,104570,71768,36188,0.9686353699655416,0.25709373534719165
18928,0.1765752679256388,2,2,2,501042,104568,71770,36186,0.9686168438993664,0.25708683234579477
18929,0.1765913208652615,1,5,1,501047,104563,71771,36185,0.9685705287339287,0.25709068690141246
18930,0.1765925794688225,2,7,2,501054,104556,71773,36183,0.9685056875023158,0.25709291667554834
18931,0.176596796634283,2,17,2,501071,104539,71775,36181,0.9683482159398273,0.2571134167140421
18932,0.176598550896507,0,1,0,501072,104538,71775,36181,0.9683389529067398,0.2571152438547744
18933,0.1765990100180241,1,5,1,501077,104533,71776,36180,0.968292637741302,0.25711910058061443
18934,0.1766146850715289,6,25,6,501102,104508,71782,36174,0.9680610619141131,0.2571331087132682
18935,0.1766223152368884,15,63,15,501165,104445,71797,36159,0.9674774908295972,0.2571690705812068
18936,0.1766310499563859,3,8,3,501173,104437,71800,36156,0.9674033865648968,0.25716785330706365
18937,0.1766326325636286,4,2,4,501175,104435,71804,36152,0.9673848604987217,0.25715037663510854
18938,0.1766503634612966,0,1,0,501176,104434,71804,36152,0.9673755974656342,0.25715220576728837
18939,0.1766505850371204,0,1,0,501177,104433,71804,36152,0.9673663344325466,0.25715403492548994
18940,0.1766510052322795,2,4,2,501181,104429,71806,36150,0.9673292823001963,0.2571507835451952
18941,0.1766607575918781,0,1,0,501182,104428,71806,36150,0.9673200192671089,0.2571526127843617
18942,0.1766732635022221,0,2,0,501184,104426,71806,36150,0.9673014932009337,0.2571562713407694
18943,0.1766883767769107,2,4,2,501188,104422,71808,36148,0.9672644410685834,0.2571530198477627
18944,0.1766894766264848,0,1,0,501189,104421,71808,36148,0.967255178035496,0.257154849219956
18945,0.1766958234723102,0,1,0,501190,104420,71808,36148,0.9672459150024084,0.2571566786181777
18946,0.1766969248381653,0,1,0,501191,104419,71808,36148,0.9672366519693208,0.2571585080424282
18947,0.1766975392160021,1,1,1,501192,104418,71809,36147,0.9672273889362333,0.2571550528225376
18948,0.1767085342848442,8,20,8,501212,104398,71817,36139,0.9670421282744822,0.25714936280125517
18949,0.1767130033556029,3,13,3,501225,104385,71820,36136,0.966921708844344,0.2571572932159606
18950,0.1767221261268653,1,1,1,501226,104384,71821,36135,0.9669124458112565,0.25715383684768606
18951,0.1767423053352083,1,1,1,501227,104383,71822,36134,0.9669031827781689,0.2571503803810215
18952,0.1767439124136992,7,8,7,501235,104375,71829,36127,0.9668290785134684,0.2571280124126347
18953,0.1767520510146795,7,8,7,501243,104367,71836,36120,0.966754974248768,0.25710563966772726
18954,0.1767640214702559,2,1,2,501244,104366,71838,36118,0.9667457112156804,0.2570968935964238
18955,0.1767741229098687,0,1,0,501245,104365,71838,36118,0.9667364481825929,0.2570987236889873
18956,0.1767821802240655,5,23,5,501268,104342,71843,36113,0.9665233984215792,0.2571143782706205
18957,0.1768002091628331,2,2,2,501270,104340,71845,36111,0.966504872355404,0.25710746096503406
18958,0.1768004218671668,13,70,13,501340,104270,71858,36098,0.9658564600392753,0.2571668756411718
18959,0.1768032177253474,1,8,1,501348,104262,71859,36097,0.9657823557745748,0.2571762409250565
18960,0.1768033240282267,12,94,12,501442,104168,71871,36085,0.9649116306643447,0.25728504916115874
18961,0.1768045834982307,1,7,1,501449,104161,71872,36084,0.9648467894327318,0.25729259510142966
18962,0.1768178873569939,1,4,1,501453,104157,71873,36083,0.9648097373003817,0.25729463776383343
18963,0.1768360592909306,0,1,0,501454,104156,71873,36083,0.9648004742672941,0.25729647245060216
18964,0.1768543402397272,9,78,9,501532,104078,71882,36074,0.9640779576864649,0.2573919744277641
18965,0.1768551324122088,0,7,0,501539,104071,71882,36074,0.964013116454852,0.25740483071104925
18966,0.1768572914938883,0,1,0,501540,104070,71882,36074,0.9640038534217644,0.25740666742778856
18967,0.1768735456395442,17,42,17,501582,104028,71899,36057,0.9636148060320872,0.2573937252382482
18968,0.1768761394190933,5,21,5,501603,104007,71904,36052,0.9634202823372485,0.25740580755253145
18969,0.1768984696452145,14,111,14,501714,103896,71918,36038,0.9623920856645299,0.25753569539925963
18970,0.1769090085756958,2,17,2,501731,103879,71920,36036,0.9622346141020416,0.2575563735124897
18971,0.1769094674996217,0,1,0,501732,103878,71920,36036,0.962225351068954,0.2575582143316609
18972,0.1769112867859892,1,2,1,501734,103876,71921,36035,0.9622068250027789,0.2575565895462115
18973,0.1769204555319271,5,16,5,501750,103860,71926,36030,0.9620586164733781,0.257559511044392
18974,0.1769309255017933,1,7,1,501757,103853,71927,36029,0.9619937752417652,0.25756709226347924
18975,0.1769363507600086,0,3,0,501760,103850,71927,36029,0.9619659861425025,0.2575726163326875
18976,0.1769557211099822,26,48,26,501808,103802,71953,36003,0.9615213605542999,0.2575229784342477
18977,0.1769692803477168,4,27,4,501835,103775,71957,35999,0.961271258660936,0.2575514759540401
18978,0.17697733341584,0,12,0,501847,103763,71957,35999,0.9611601022638853,0.25757358938767333
18979,0.1769941014711485,11,48,11,501895,103715,71968,35988,0.9607154766756827,0.25760363055911467
18980,0.1770005887183236,1,0,1,501895,103715,71969,35987,0.9607154766756827,0.257598316416372
18981,0.1770056860771361,2,13,2,501908,103702,71971,35985,0.9605950572455445,0.2576116603549364
18982,0.1770153568655291,6,4,6,501912,103698,71977,35979,0.9605580051131942,0.25758714749028117
18983,0.1770429262869381,5,36,5,501948,103662,71982,35974,0.9602245359220423,0.25762697298690884
18984,0.1770473012526101,12,19,12,501967,103643,71994,35962,0.9600485382933788,0.2575982235593281
18985,0.1770600549900463,14,101,14,502068,103542,72008,35948,0.9591129719515358,0.2577102301240232
18986,0.1770719278313022,25,43,25,502111,103499,72033,35923,0.9587146615287709,0.25765661086485636
18987,0.1770800255413096,17,67,17,502178,103432,72050,35906,0.9580940383119049,0.2576899338299674
18988,0.1770886933422402,21,40,21,502218,103392,72071,35885,0.9577235169884026,0.2576520172031276
18989,0.1771082004109075,0,2,0,502220,103390,72071,35885,0.9577049909222276,0.2576557171064441
18990,0.1771090266683085,0,1,0,502221,103389,72071,35885,0.95769572788914,0.2576575670979508
18991,0.1771192539089942,1,5,1,502226,103384,72072,35884,0.9576494127237023,0.25766148720452653
18992,0.1771408246118693,0,6,0,502232,103378,72072,35884,0.9575938345251769,0.2576725883586334
18993,0.177156222135415,3,11,3,502243,103367,72075,35881,0.9574919411612138,0.2576769504768471
18994,0.17716350797393,8,13,8,502256,103354,72083,35873,0.9573715217310756,0.25765835649694385
18995,0.1771674120571479,1,2,1,502258,103352,72084,35872,0.9573529956649005,0.2576567258518646
18996,0.1771734405061909,5,14,5,502272,103338,72089,35867,0.9572233132016748,0.25765597500089793
18997,0.1771792954478619,6,14,6,502286,103324,72095,35861,0.957093630738449,0.2576498904335956
18998,0.1771812015947997,5,28,5,502314,103296,72100,35856,0.9568342658119975,0.2576750603656433
18999,0.177184161844875,18,96,18,502410,103200,72118,35838,0.9559450146355922,0.25775687222198246
19000,0.1771941700175743,1,2,1,502412,103198,72119,35837,0.9559264885694172,0.2577552414859568
19001,0.1771965705814478,0,1,0,502413,103197,72119,35837,0.9559172255363296,0.2577570953867399
19002,0.1772226326808677,21,132,21,502545,103065,72140,35816,0.9546945051687724,0.25788984814337457
19003,0.1772318110370014,10,44,10,502589,103021,72150,35806,0.9542869317129201,0.2579181283179785
19004,0.1772327582740251,0,4,0,502593,103017,72150,35806,0.9542498795805698,0.2579255598856097
19005,0.1772340643776597,1,4,1,502597,103013,72151,35805,0.9542128274482197,0.25792764627065656
19006,0.1772397254675451,1,0,1,502597,103013,72152,35804,0.9542128274482197,0.25792230058278165
19007,0.1772407485338589,9,18,9,502615,102995,72161,35795,0.9540460928526436,0.2579076302327257
19008,0.1772548475340211,10,38,10,502653,102957,72171,35785,0.9536940975953166,0.2579247812486486
19009,0.1772760640778781,0,4,0,502657,102953,72171,35785,0.9536570454629664,0.2579322175611584
19010,0.1772809514637168,0,3,0,502660,102950,72171,35785,0.9536292563637038,0.25793779507694525
19011,0.1772809577502007,0,1,0,502661,102949,72171,35785,0.9536199933306162,0.2579396543024781
19012,0.1772988665340528,31,110,31,502771,102839,72202,35754,0.9526010596909852,0.2579783971773466
19013,0.1773064591320527,0,3,0,502774,102836,72202,35754,0.9525732705917226,0.2579839815282488
19014,0.1773251972954792,10,32,10,502806,102804,72212,35744,0.9522768535329208,0.25799001068221844
19015,0.1773303168045428,4,6,4,502812,102798,72216,35740,0.9522212753343955,0.2579797600658303
19016,0.1773383277641218,0,2,0,502814,102796,72216,35740,0.9522027492682203,0.25798348443725816
19017,0.1773384247121659,1,2,1,502816,102794,72217,35739,0.9521842232020453,0.2579818526993568
19018,0.1773401926776649,2,8,2,502824,102786,72219,35737,0.9521101189373449,0.25798603841961265
19019,0.1773531929766304,16,85,16,502909,102701,72235,35721,0.9513227611249028,0.25805869009261534
19020,0.1773613576950443,2,12,2,502921,102689,72237,35719,0.951211604727852,0.25807034275475405
19021,0.1773688642608393,16,39,16,502960,102650,72253,35703,0.9508503464374375,0.25805728824094887
19022,0.1773701772039415,1,2,1,502962,102648,72254,35702,0.9508318203712623,0.25805565594506685
19023,0.1773825597598438,1,2,1,502964,102646,72255,35701,0.9508132943050872,0.25805402357839347
19024,0.1773855937999386,0,3,0,502967,102643,72255,35701,0.9507855052058246,0.25805961949921935
19025,0.1773865360005513,0,5,0,502972,102638,72255,35701,0.9507391900403869,0.2580689465732729
19026,0.1773878040850504,8,8,8,502980,102630,72263,35693,0.9506650857756864,0.2580409620959638
19027,0.1773900894508977,6,9,6,502989,102621,72269,35687,0.9505817184778984,0.2580255661277728
19028,0.177447905976721,1,0,1,502989,102621,72270,35686,0.9505817184778984,0.258020201435936
19029,0.1774537025084774,5,16,5,503005,102605,72275,35681,0.9504335099484975,0.25802322722473714
19030,0.1774558962365549,7,11,7,503016,102594,72282,35674,0.9503316165845345,0.2580061908756907
19031,0.1774584820921541,1,2,1,503018,102592,72283,35673,0.9503130905183593,0.2580045564676527
19032,0.1774680578738519,0,7,0,503025,102585,72283,35673,0.9502482492867464,0.2580176192336067
19033,0.1774728759216662,6,9,6,503034,102576,72289,35667,0.9501648819889584,0.2580022134936308
19034,0.177474635446526,0,3,0,503037,102573,72289,35667,0.9501370928896958,0.2580078125
19035,0.1774816695935255,2,2,2,503039,102571,72291,35665,0.9501185668235207,0.2580008102086287
19036,0.1774854928327398,0,1,0,503040,102570,72291,35665,0.9501093037904331,0.25800267660143955
19037,0.1774921700836794,1,1,1,503041,102569,72292,35664,0.9501000407573456,0.2579991753054625
19038,0.1774976231879053,0,2,0,503043,102567,72292,35664,0.9500815146911705,0.25800290817544547
19039,0.1774997238619843,2,0,2,503043,102567,72294,35662,0.9500815146911705,0.25799217240955225
19040,0.1775202875080418,4,8,4,503051,102559,72298,35658,0.9500074104264701,0.25798563128992813
19041,0.1775217293009343,0,1,0,503052,102558,72298,35658,0.9499981473933825,0.25798749782948427
19042,0.1775406434005056,2,8,2,503060,102550,72300,35656,0.9499240431286821,0.25799169355889034
19043,0.1775417038130732,3,11,3,503071,102539,72303,35653,0.949822149764719,0.2579961213384277
19044,0.1775525431167085,14,61,14,503132,102478,72317,35639,0.9492571047463781,0.25803485450741037
19045,0.1775527804934046,0,3,0,503135,102475,72317,35639,0.9492293156471155,0.2580404593306978
19046,0.1775715777214902,21,122,21,503257,102353,72338,35618,0.9480992256104339,0.2581556993861029
19047,0.1775924654809818,3,27,3,503284,102326,72341,35615,0.9478491237170699,0.25819009576558094
19048,0.1776271698459482,1,0,1,503284,102326,72342,35614,0.9478491237170699,0.2581847179933304
19049,0.1776355530263885,0,1,0,503285,102325,72342,35614,0.9478398606839824,0.2581865897244434
19050,0.1776694554401025,2,7,2,503292,102318,72344,35612,0.9477750194523695,0.2581889364170231
19051,0.1776736620263674,0,1,0,503293,102317,72344,35612,0.947765756419282,0.25819080831442265
19052,0.1776841673937366,2,2,2,503295,102315,72346,35610,0.9477472303531068,0.2581837955410549
19053,0.1776873249176113,0,3,0,503298,102312,72346,35610,0.9477194412538441,0.25818941140644713
19054,0.1776941546597152,1,0,1,503298,102312,72347,35609,0.9477194412538441,0.25818403288839264
19055,0.1776975196988576,0,1,0,503299,102311,72347,35609,0.9477101782207566,0.2581859048723898
19056,0.1777040660603322,0,3,0,503302,102308,72347,35609,0.9476823891214939,0.25819152098726045
19057,0.1777091989656099,1,1,1,503303,102307,72348,35608,0.9476731260884064,0.25818801435666894
19058,0.1777167773835274,1,0,1,503303,102307,72349,35607,0.9476731260884064,0.2581826355554911
19059,0.1777231003650969,4,11,4,503314,102296,72353,35603,0.9475712327244433,0.25818171270277523
19060,0.1777235597224681,4,18,4,503332,102278,72357,35599,0.9474044981288673,0.2581938974593297
19061,0.177736067155154,10,27,10,503359,102251,72367,35589,0.9471543962355033,0.25819065583284967
19062,0.177738085766297,8,25,8,503384,102226,72375,35581,0.9469228204083145,0.2581944313423846
19063,0.177749013926597,28,60,28,503444,102166,72403,35553,0.9463670384230612,0.2581561004654405
19064,0.1777541063054948,6,14,6,503458,102152,72409,35547,0.9462373559598355,0.2581500228759831
19065,0.1777699273118129,11,54,11,503512,102098,72420,35536,0.9457371521731076,0.258192016507549
19066,0.1777709278615683,16,80,16,503592,102018,72436,35520,0.9449961095261032,0.25825590018758454
19067,0.1777856621614225,2,5,2,503597,102013,72438,35518,0.9449497943606655,0.25825450262122723
19068,0.1778209054027921,2,18,2,503615,101995,72440,35516,0.9447830597650895,0.2582775196166125
19069,0.1778405940692248,9,25,9,503640,101970,72449,35507,0.9445514839379007,0.25827592979189246
19070,0.1778455692558986,1,0,1,503640,101970,72450,35506,0.9445514839379007,0.2582705344932934
19071,0.1778474742734715,0,1,0,503641,101969,72450,35506,0.9445422209048131,0.25827241316603017
19072,0.1778524517412566,8,28,8,503669,101941,72458,35498,0.9442828559783616,0.2582818559506399
19073,0.1778526470231397,1,2,1,503671,101939,72459,35497,0.9442643299121865,0.2582802177013301
19074,0.1778539657529196,9,45,9,503716,101894,72468,35488,0.9438474934232465,0.2583162277445371
19075,0.1778759450841963,0,4,0,503720,101890,72468,35488,0.9438104412908963,0.2583237490719038
19076,0.1778772423040502,2,4,2,503724,101886,72470,35486,0.943773389158546,0.25832047287656873
19077,0.1778787045639519,30,65,30,503789,101821,72500,35456,0.9431712920078551,0.2582807025211798
19078,0.1778889064889043,6,11,6,503800,101810,72506,35450,0.9430693986438919,0.25826897858079556
19079,0.1778962990892611,0,4,0,503804,101806,72506,35450,0.9430323465115418,0.2582765052165297
19080,0.1779211202126929,1,6,1,503810,101800,72507,35449,0.9429767683130165,0.2582823918571356
19081,0.1779281156931081,1,3,1,503813,101797,72508,35448,0.9429489792137538,0.2582826332471128
19082,0.177929154907895,4,19,4,503832,101778,72512,35444,0.9427729815850903,0.2582967745696754
19083,0.1779310820391958,6,13,6,503845,101765,72518,35438,0.942652562154952,0.25828881292683104
19084,0.1779357550171755,1,34,1,503879,101731,72519,35437,0.9423376190299751,0.25834742797153853
19085,0.1779637710678794,4,16,4,503895,101715,72523,35433,0.9421894105005743,0.25835593665237555
19086,0.1779699450284825,10,13,10,503908,101702,72533,35423,0.9420689910704361,0.2583263445761167
19087,0.1779835124109624,2,7,2,503915,101695,72535,35421,0.9420041498388232,0.2583287143732314
19088,0.1780047077938016,0,3,0,503918,101692,72535,35421,0.9419763607395606,0.2583343665443831
19089,0.1780108372673145,12,15,12,503933,101677,72547,35409,0.9418374152432473,0.2582977109259881
19090,0.1780170573795974,8,26,8,503959,101651,72555,35401,0.9415965763829708,0.2583034176808803
19091,0.178020706696391,10,27,10,503986,101624,72565,35391,0.9413464744896068,0.25830018611100974
19092,0.1780422666561064,0,1,0,503987,101623,72565,35391,0.9413372114565193,0.2583020713211789
19093,0.1780544975083413,1,0,1,503987,101623,72566,35390,0.9413372114565193,0.2582966579813594
19094,0.1780606286972386,0,6,0,503993,101617,72566,35390,0.941281633257994,0.2583079696657835
19095,0.1780733178485767,0,1,0,503994,101616,72566,35390,0.9412723702249064,0.2583098550428448
19096,0.1780758724044347,1,1,1,503995,101615,72567,35389,0.9412631071918189,0.25830632682257454
19097,0.1781031642955083,1,11,1,504006,101604,72568,35388,0.9411612138278558,0.25832165381920114
19098,0.1781082203363441,3,5,3,504011,101599,72571,35385,0.941114898662418,0.2583148396893068
19099,0.1781272312051894,20,74,20,504085,101525,72591,35365,0.940429434213939,0.2583461173204763
19100,0.1781312614555591,3,13,3,504098,101512,72594,35362,0.9403090147838008,0.25835439893624795
19101,0.178168289738802,7,37,7,504135,101475,72601,35355,0.9399662825595613,0.2583863187897391
19102,0.1781697322915517,4,2,4,504137,101473,72605,35351,0.9399477564933862,0.25836841489797113
19103,0.1781745986885649,7,11,7,504148,101462,72612,35344,0.9398458631294231,0.25835124190459485
19104,0.1781818662755654,2,12,2,504160,101450,72614,35342,0.9397347067323725,0.2583630621673782
19105,0.1781848466549278,5,4,5,504164,101446,72619,35337,0.9396976546000222,0.2583435075996286
19106,0.1781858858697146,5,14,5,504178,101432,72624,35332,0.9395679721367964,0.2583428387587377
19107,0.1782054190624775,0,2,0,504180,101430,72624,35332,0.9395494460706214,0.2583466167502669
19108,0.1782130695245575,2,12,2,504192,101418,72626,35330,0.9394382896735707,0.25835844034282035
19109,0.1782206364726599,0,2,0,504194,101416,72626,35330,0.9394197636073957,0.25836221900457784
19110,0.178221447216836,4,25,4,504219,101391,72630,35326,0.9391881877802067,0.25838776450624285
19111,0.1782319546072071,0,1,0,504220,101390,72630,35326,0.9391789247471192,0.25838965446619266
19112,0.178232627943474,15,36,15,504256,101354,72645,35311,0.9388454555559672,0.2583763216624593
19113,0.1782459074582666,4,22,4,504278,101332,72649,35307,0.938641668828041,0.2583962119160708
19114,0.1782496488113209,5,16,5,504294,101316,72654,35302,0.9384934602986402,0.2583993324452122
19115,0.1782599180528287,6,21,6,504315,101295,72660,35296,0.9382989366038016,0.25840648358969476
19116,0.1782831396184732,4,23,4,504338,101272,72664,35292,0.9380858868427878,0.2584282827099382
19117,0.178327832540014,5,9,5,504347,101263,72669,35287,0.9380025195449998,0.25841816184547783
19118,0.178359895257328,3,6,3,504353,101257,72672,35284,0.9379469413464745,0.25841322386682386
19119,0.178367339060844,13,40,13,504393,101217,72685,35271,0.9375764200229724,0.2584183224898892
19120,0.1783732221694194,1,0,1,504393,101217,72686,35270,0.9375764200229724,0.258412889139625
19121,0.178374719761101,1,13,1,504406,101204,72687,35269,0.9374560005928341,0.25843207081254166
19122,0.1783785133727449,0,1,0,504407,101203,72687,35269,0.9374467375597466,0.25843396447622957
19123,0.178419986612738,1,2,1,504409,101201,72688,35268,0.9374282114935715,0.25843231796232113
19124,0.1784236581989343,2,0,2,504409,101201,72690,35266,0.9374282114935715,0.2584214498743286
19125,0.1784246974137211,8,26,8,504435,101175,72698,35258,0.9371873726332951,0.25842721335747215
19126,0.1784267039079554,0,4,0,504439,101171,72698,35258,0.9371503205009448,0.2584347902572034
19127,0.1784372569049936,0,1,0,504440,101170,72698,35258,0.9371410574678573,0.2584366845515583
19128,0.1784390212175198,18,24,18,504464,101146,72716,35240,0.936918744673756,0.2583842916428372
19129,0.178477960906064,0,3,0,504467,101143,72716,35240,0.9368909555744933,0.2583899752901755
19130,0.1784836369626384,0,8,0,504475,101135,72716,35240,0.9368168513097929,0.2584051329055912
19131,0.1785176222212159,5,10,5,504485,101125,72721,35235,0.9367242209789174,0.2583968905837489
19132,0.1785194842225261,10,23,10,504508,101102,72731,35225,0.9365111712179036,0.2583860863952115
19133,0.1785391712071251,5,17,5,504525,101085,72736,35220,0.9363536996554152,0.2583911081765159
19134,0.1785425519371401,1,3,1,504528,101082,72737,35219,0.9363259105561526,0.25839135442880096
19135,0.1785532367551139,4,11,4,504539,101071,72741,35215,0.9362240171921894,0.25839044362590435
19136,0.1785702415957058,14,63,14,504602,101008,72755,35201,0.9356404461076735,0.258433730517073
19137,0.1785842086860419,8,20,8,504622,100988,72763,35193,0.9354551854459224,0.25842812139725807
19138,0.1785930243624264,12,26,12,504648,100962,72775,35181,0.935214346585646,0.2584121107952667
19139,0.1785987068013345,3,6,3,504654,100956,72778,35178,0.9351587683871206,0.2584071576534885
19140,0.1786070005310384,3,14,3,504668,100942,72781,35175,0.9350290859238949,0.2584173909210459
19141,0.1786128171463465,3,16,3,504684,100926,72784,35172,0.9348808773944941,0.25843142441475997
19142,0.1786130201445767,0,1,0,504685,100925,72784,35172,0.9348716143614065,0.25843332329147595
19143,0.178633244457943,7,15,7,504700,100910,72791,35165,0.9347326688650932,0.2584236634209076
19144,0.1786383713575979,5,14,5,504714,100896,72796,35160,0.9346029864018675,0.2584230022931734
19145,0.1786470633819481,8,30,8,504744,100866,72804,35152,0.9343250954092408,0.2584363834198415
19146,0.1786768407739991,1,1,1,504745,100865,72805,35151,0.9343158323761532,0.2584328314315963
19147,0.1786806464702598,2,23,2,504768,100842,72807,35149,0.9341027826151395,0.25846563375517495
19148,0.1786827834131567,0,4,0,504772,100838,72807,35149,0.9340657304827893,0.25847323641230413
19149,0.178692619204406,0,1,0,504773,100837,72807,35149,0.9340564674497017,0.25847513714647097
19150,0.1786950354343287,0,3,0,504776,100834,72807,35149,0.9340286783504391,0.2584808395167043
19151,0.1786978610866472,1,7,1,504783,100827,72808,35148,0.9339638371188261,0.25848869277440706
19152,0.1787137553440848,3,7,3,504790,100820,72811,35145,0.9338989958872133,0.2584856396866841
19153,0.1787138340087142,2,36,2,504826,100784,72813,35143,0.9335655266960614,0.25854318862330516
19154,0.1787327699239119,3,14,3,504840,100770,72816,35140,0.9334358442328357,0.2585534544919432
19155,0.1787362584157227,7,29,7,504869,100741,72823,35133,0.9331672162732966,0.25857044026082987
19156,0.1787404250637341,0,2,0,504871,100739,72823,35133,0.9331486902071214,0.25857424634950543
19157,0.1787425668026195,0,1,0,504872,100738,72823,35133,0.9331394271740339,0.25857614943586194
19158,0.1787603622571428,42,96,42,504968,100642,72865,35091,0.9322501759976287,0.2585296132849049
19159,0.1787695917357839,11,34,11,505002,100608,72876,35080,0.9319352328726518,0.25853428453510996
19160,0.1788000939540144,5,9,5,505011,100599,72881,35075,0.9318518655748639,0.2585241092619072
19161,0.178805414151342,5,26,5,505037,100573,72886,35070,0.9316110267145874,0.2585463311781662
19162,0.1788057712806114,1,0,1,505037,100573,72887,35069,0.9316110267145874,0.25854086492384365
19163,0.1788075368753538,4,17,4,505054,100556,72891,35065,0.931453555152099,0.25855140428104795
19164,0.1788421214416356,5,30,5,505084,100526,72896,35060,0.9311756641594724,0.25858126945259835
19165,0.1788508398569531,1,12,1,505096,100514,72897,35059,0.9310645077624218,0.25859868852942697
19166,0.1788541113451104,17,63,17,505159,100451,72914,35042,0.9304809366779058,0.2586259068734178
19167,0.1788588580389869,1,0,1,505159,100451,72915,35041,0.9304809366779058,0.25862043515484306
19168,0.1788656999669028,13,45,13,505204,100406,72928,35028,0.9300641001889659,0.25863520238640225
19169,0.1788799371851631,8,13,8,505217,100393,72936,35020,0.9299436807588277,0.2586162333010863
19170,0.1788816416973446,6,11,6,505228,100382,72942,35014,0.9298417873948646,0.25860439008537917
19171,0.1788848251155307,3,3,3,505231,100379,72945,35011,0.929813998295602,0.2585936922963291
19172,0.1788899089151856,16,16,16,505247,100363,72961,34995,0.9296657897662011,0.25853662140398054
19173,0.1788991170179816,0,4,0,505251,100359,72961,34995,0.9296287376338508,0.25854426171372846
19174,0.1789008029061672,13,24,13,505275,100335,72974,34982,0.9294064248397496,0.25851888528418454
19175,0.1789099507655489,6,28,6,505303,100307,72980,34976,0.929147059913298,0.2585395060724555
19176,0.1789130087893432,6,9,6,505312,100298,72986,34970,0.92906369261551,0.25852381938078484
19177,0.1789157673808569,4,19,4,505331,100279,72990,34966,0.9288876949868465,0.2585382084365411
19178,0.1789188857177575,2,4,2,505335,100275,72992,34964,0.9288506428544963,0.25853489008348185
19179,0.1789237435966738,1,12,1,505347,100263,72993,34963,0.9287394864574456,0.2585523494002633
19180,0.1789261918608653,13,26,13,505373,100237,73006,34950,0.9284986475971693,0.2585307758882141
19181,0.1789409048990752,3,8,3,505381,100229,73009,34947,0.9284245433324688,0.2585296206427176
19182,0.1789477254379353,7,25,7,505406,100204,73016,34940,0.9281929675052799,0.2585390398389866
19183,0.1789572801095306,9,8,9,505414,100196,73025,34931,0.9281188632405795,0.2585049619987123
19184,0.178960225713768,0,9,0,505423,100187,73025,34931,0.9280354959427916,0.25852218061250165
19185,0.1789674124225344,5,20,5,505443,100167,73030,34926,0.9278502352810404,0.2585330105927028
19186,0.1789835967047703,8,18,8,505461,100149,73038,34918,0.9276835006854645,0.25852354757268614
19187,0.178998498261236,1,0,1,505461,100149,73039,34917,0.9276835006854645,0.2585180578383901
19188,0.1790045145661207,14,58,14,505519,100091,73053,34903,0.9271462447663863,0.25855223195104965
19189,0.1790153237393015,0,2,0,505521,100089,73053,34903,0.9271277187002112,0.25855606258148633
19190,0.179032485041703,0,4,0,505525,100085,73053,34903,0.927090666567861,0.2585637241828903
19191,0.1790352417464477,2,10,2,505535,100075,73055,34901,0.9269980362369854,0.25857189426268373
19192,0.1790410583617558,11,30,11,505565,100045,73066,34890,0.9267201452443589,0.25856894060103014
19193,0.1790486791069142,1,0,1,505565,100045,73067,34889,0.9267201452443589,0.2585634458327775
19194,0.1790518058563958,2,3,2,505568,100042,73069,34887,0.9266923561450962,0.2585582046854272
19195,0.1790539465727765,4,13,4,505581,100029,73073,34883,0.926571936714958,0.2585611361480076
19196,0.1790641156899608,17,59,17,505640,99970,73090,34866,0.9260254177627922,0.258580794446587
19197,0.1790650639809619,1,3,1,505643,99967,73091,34865,0.9259976286635296,0.2585810490091373
19198,0.1790880150630296,2,1,2,505644,99966,73093,34863,0.9259883656304421,0.25857196893843315
19199,0.1790960947087485,14,50,14,505694,99916,73107,34849,0.9255252139760644,0.25859088042147443
19200,0.1790999728182266,0,5,0,505699,99911,73107,34849,0.9254788988106265,0.2586004749183734
19201,0.1791088876856691,6,13,6,505712,99898,73113,34843,0.9253584793804883,0.25859241062482835
19202,0.1791366681469828,2,23,2,505735,99875,73115,34841,0.9251454296194745,0.25862555301523205
19203,0.1791417870216332,2,0,2,505735,99875,73117,34839,0.9251454296194745,0.2586145463723147
19204,0.1791556958325886,3,29,3,505764,99846,73120,34836,0.9248768016599356,0.2586537176460106
19205,0.1791586944326913,11,62,11,505826,99784,73131,34825,0.9243024936085071,0.2587122703533939
19206,0.1791596466850183,7,25,7,505851,99759,73138,34818,0.9240709177813183,0.25872177266546287
19207,0.1791659039670898,0,1,0,505852,99758,73138,34818,0.9240616547482308,0.25872369516109855
19208,0.1791851242546389,3,61,3,505913,99697,73141,34815,0.92349660972989,0.2588244914951826
19209,0.1791994477582542,5,24,5,505937,99673,73146,34810,0.9232742969357887,0.2588431251533651
19210,0.1792118840605259,14,24,14,505961,99649,73160,34796,0.9230519841416873,0.2588121536687865
19211,0.1792213142394252,7,12,7,505973,99637,73167,34789,0.9229408277446367,0.25879666136015356
19212,0.1792442034046482,1,1,1,505974,99636,73168,34788,0.9229315647115491,0.2587930726655954
19213,0.1792503548965185,9,34,9,506008,99602,73177,34779,0.9226166215865723,0.2588089089975517
19214,0.1792510845874138,10,41,10,506049,99561,73187,34769,0.9222368372299826,0.25883272537780094
19215,0.1792560905924814,3,7,3,506056,99554,73190,34766,0.9221719959983697,0.2588296605122096
19216,0.1792703626570448,1,22,1,506078,99532,73191,34765,0.9219682092704435,0.25886654206720927
19217,0.1792726116720107,3,9,3,506087,99523,73194,34762,0.9218848419726555,0.2588673344007149
19218,0.1792800041243336,2,13,2,506100,99510,73196,34760,0.9217644225425173,0.2588813584568407
19219,0.1792802116836579,2,5,2,506105,99505,73198,34758,0.9217181073770796,0.2588799594825082
19220,0.1792886177505557,4,5,4,506110,99500,73202,34754,0.9216717922116417,0.2588675197759471
19221,0.1793064963613468,15,69,15,506179,99431,73217,34739,0.9210326429286005,0.25891779086233885
19222,0.1793081403275023,5,13,5,506192,99418,73222,34734,0.9209122234984624,0.2589152603017473
19223,0.1793106775345961,5,15,5,506207,99403,73227,34729,0.920773278002149,0.2589165896281275
19224,0.1793255902535115,2,7,2,506214,99396,73229,34727,0.9207084367705362,0.2589190519150332
19225,0.1793327038203046,1,0,1,506214,99396,73230,34726,0.9207084367705362,0.2589135264908069
19226,0.1793381919809581,1,10,1,506224,99386,73231,34725,0.9206158064396606,0.2589273064849267
19227,0.1793440085962662,9,44,9,506268,99342,73240,34716,0.9202082329838083,0.25896253860269436
19228,0.1793547962473672,12,65,12,506333,99277,73252,34704,0.9196061358331172,0.25902180159873417
19229,0.1793570767463123,1,0,1,506333,99277,73253,34703,0.9196061358331172,0.2590162710852366
19230,0.1793754796909893,14,18,14,506351,99259,73267,34689,0.9194394012375412,0.25897363155851527
19231,0.1793759696514156,6,11,6,506362,99248,73273,34683,0.9193375078735782,0.25896170416109787
19232,0.1793801978931835,2,3,2,506365,99245,73275,34681,0.9193097187743154,0.2589564386302884
19233,0.1793817862667237,10,39,10,506404,99206,73285,34671,0.9189484604839009,0.25897652322654374
19234,0.1793825169730609,17,51,17,506455,99155,73302,34654,0.9184760457964356,0.2589810849793362
19235,0.1794048244718756,4,5,4,506460,99150,73306,34650,0.9184297306309979,0.2589686098654709
19236,0.1794071379968418,8,8,8,506468,99142,73314,34642,0.9183556263662974,0.25893978353166297
19237,0.1794118379201796,2,17,2,506485,99125,73316,34640,0.918198154803809,0.2589616117818562
19238,0.1794136510172242,2,1,2,506486,99124,73318,34638,0.9181888917707214,0.25895246781597164
19239,0.179415425394511,17,76,17,506562,99048,73335,34621,0.9174849012560673,0.2590054537701337
19240,0.1794160755911915,5,27,5,506589,99021,73340,34616,0.9172347993627034,0.25903005904053517
19241,0.1794166044097852,13,46,13,506635,98975,73353,34603,0.9168086998406758,0.2590471484825346
19242,0.1794175792922419,0,2,0,506637,98973,73353,34603,0.9167901737745007,0.2590510271306223
19243,0.1794274792212938,0,5,0,506642,98968,73353,34603,0.9167438586090629,0.25906072425900833
19244,0.1794311696320455,3,10,3,506652,98958,73356,34600,0.9166512282781875,0.2590634780395034
19245,0.1794376850917354,15,76,15,506728,98882,73371,34585,0.9159472377635333,0.2591277244562326
19246,0.17944196908076,3,7,3,506735,98875,73374,34582,0.9158823965319204,0.2591246618761099
19247,0.179446376389995,4,25,4,506760,98850,73378,34578,0.9156508207047316,0.2591510027880205
19248,0.1794470415339032,0,1,0,506761,98849,73378,34578,0.915641557671644,0.2591529450560981
19249,0.179449615590637,11,29,11,506790,98820,73389,34567,0.9153729297121049,0.2591481928523769
19250,0.1794567142261179,7,55,7,506845,98765,73396,34560,0.9148634628922895,0.25921620101256326
19251,0.1794661899486695,2,0,2,506845,98765,73398,34558,0.9148634628922895,0.2592050883943506
19252,0.1794708164542994,23,76,23,506921,98689,73421,34535,0.9141594723776353,0.2592250645529334
19253,0.1794767698889962,8,31,8,506952,98658,73429,34527,0.9138723183519212,0.25924090550737694
19254,0.1794769096635368,1,3,1,506955,98655,73430,34526,0.9138445292526585,0.2592411830516365
19255,0.1794805057489602,0,3,0,506958,98652,73430,34526,0.9138167401533959,0.2592470227815405
19256,0.1794822839041278,6,21,6,506979,98631,73436,34520,0.9136222164585572,0.25925453057055525
19257,0.1794926276630811,1,3,1,506982,98628,73437,34519,0.9135944273592945,0.25925480859501154
19258,0.1794964046145034,3,6,3,506988,98622,73440,34516,0.9135388491607692,0.25924980095840405
19259,0.1794978642089621,0,1,0,506989,98621,73440,34516,0.9135295861276816,0.25925174819922336
19260,0.179508184552413,15,26,15,507015,98595,73455,34501,0.9132887472674053,0.25921890965919336
19261,0.1795120636311037,6,14,6,507029,98581,73461,34495,0.9131590648041795,0.2592127806666867
19262,0.1795202468965425,13,76,13,507105,98505,73474,34482,0.9124550742895253,0.2592885018836428
19263,0.1795398358878908,1,10,1,507115,98495,73475,34481,0.9123624439586498,0.25930243051377694
19264,0.1795427860621976,10,26,10,507141,98469,73485,34471,0.9121216050983734,0.25929742741086204
19265,0.1795456222492343,2,4,2,507145,98465,73487,34469,0.9120845529660232,0.25929408578693186
19266,0.1795494890786026,5,20,5,507165,98445,73492,34464,0.9118992923042721,0.25930523892287205
19267,0.1795501132280411,8,16,8,507181,98429,73500,34456,0.9117510837748712,0.2592918689092072
19268,0.1795522153461536,4,22,4,507203,98407,73504,34452,0.911547297046945,0.2593125042338118
19269,0.1795559298433492,5,40,5,507243,98367,73509,34447,0.9111767757234429,0.2593627177857756
19270,0.1795607162900883,4,3,4,507246,98364,73513,34443,0.9111489866241802,0.2593462693984504
19271,0.1795632273231665,8,55,8,507301,98309,73521,34435,0.9106395198043647,0.25940908816971014
19272,0.1795741754064113,3,2,3,507303,98307,73524,34432,0.9106209937381896,0.25939625882370665
19273,0.1795804815489496,12,61,12,507364,98246,73536,34420,0.9100559487198489,0.2594485399424118
19274,0.1795894347821243,1,2,1,507366,98244,73537,34419,0.9100374226536737,0.2594468691345741
19275,0.1795905975557994,8,26,8,507392,98218,73545,34411,0.9097965837933973,0.25945306079364244
19276,0.1795973308017514,5,12,5,507404,98206,73550,34406,0.9096854273963466,0.25944861701806776
19277,0.179597579535284,2,12,2,507416,98194,73552,34404,0.909574270999296,0.2594609270124738
19278,0.1796004923349938,0,2,0,507418,98192,73552,34404,0.9095557449331209,0.25946484056834296
19279,0.1796009803837513,9,77,9,507495,98115,73561,34395,0.9088424913853792,0.25956531582522074
19280,0.1796035537371388,20,60,20,507555,98055,73581,34375,0.908286709400126,0.259571094162954
19281,0.1796076652118042,1,1,1,507556,98054,73582,34374,0.9082774463670384,0.2595674630742743
19282,0.1796090030746061,3,3,3,507559,98051,73585,34371,0.9082496572677757,0.2595565691501412
19283,0.179618904841891,0,4,0,507563,98047,73585,34371,0.9082126051354256,0.259564409672401
19284,0.1796228933532573,1,7,1,507570,98040,73586,34370,0.9081477639038127,0.2595725398383808
19285,0.1796237591672625,8,39,8,507609,98001,73594,34362,0.907786505613398,0.25960427007547426
19286,0.1796307236137312,0,2,0,507611,97999,73594,34362,0.907767979547223,0.25960819274559727
19287,0.1796343662048254,3,5,3,507616,97994,73597,34359,0.9077216643817851,0.25960121795501423
19288,0.1796370352318135,12,29,12,507645,97965,73609,34347,0.9074530364222461,0.2595909668057319
19289,0.1796391916443974,2,3,2,507648,97962,73611,34345,0.9074252473229835,0.25958566062264277
19290,0.179642731484829,0,2,0,507650,97960,73611,34345,0.9074067212568083,0.2595895846717811
19291,0.1796441225668222,13,25,13,507675,97935,73624,34332,0.9071751454296195,0.2595658781101862
19292,0.179647542226255,16,50,16,507725,97885,73640,34316,0.9067119937752418,0.259574435896854
19293,0.1796622420748967,20,97,20,507822,97788,73660,34296,0.905813479565749,0.25965294812392115
19294,0.1796720616915774,9,51,9,507873,97737,73669,34287,0.9053410648782837,0.25970278131248864
19295,0.1796733123157974,3,30,3,507903,97707,73672,34284,0.9050631738856572,0.2597449826124508
19296,0.1796860687178347,7,51,7,507954,97656,73679,34277,0.9045907591981919,0.2598061137092312
19297,0.1796891596779118,1,0,1,507954,97656,73680,34276,0.9045907591981919,0.25980050328957344
19298,0.179693254691367,2,14,2,507968,97642,73682,34274,0.9044610767349661,0.25981685314897357
19299,0.1797027151436326,8,26,8,507994,97616,73690,34266,0.9042202378746896,0.25982317526273485
19300,0.1797134451879375,13,34,13,508028,97582,73703,34253,0.9039052947497128,0.2598171957370956
19301,0.1797305270417942,8,48,8,508076,97534,73711,34245,0.9034606691615102,0.2598668983677217
19302,0.1797331003951816,14,74,14,508150,97460,73725,34231,0.9027752047130312,0.25993424000121496
19303,0.1797372367107798,2,6,2,508156,97454,73727,34229,0.9027196265145059,0.25993484352573987
19304,0.1797386470024825,2,6,2,508162,97448,73729,34227,0.9026640483159806,0.2599354471235998
19305,0.1797391223688828,6,13,6,508175,97435,73735,34221,0.9025436288858424,0.25992738652245245
19306,0.1797442220285388,12,26,12,508201,97409,73747,34209,0.902302790025566,0.25991125833852513
19307,0.1797510815292116,16,54,16,508255,97355,73763,34193,0.901802586238838,0.25992793505032386
19308,0.1797626018631973,0,4,0,508259,97351,73763,34193,0.9017655341064879,0.2599358389588275
19309,0.1797637489475749,20,53,20,508312,97298,73783,34173,0.9012745933528474,0.2599280449680918
19310,0.1797639326984708,3,0,3,508312,97298,73786,34170,0.9012745933528474,0.25991115708765633
19311,0.17976914018318,2,8,2,508320,97290,73788,34168,0.901200489088147,0.2599157145247912
19312,0.1798003305238295,8,46,8,508366,97244,73796,34160,0.9007743895661195,0.25996164500319624
19313,0.1798008294855796,20,85,20,508451,97159,73816,34140,0.8999870317536774,0.2600172126215737
19314,0.17980107269919,1,8,1,508459,97151,73817,34139,0.899912927488977,0.2600274202147917
19315,0.1798020388671729,11,65,11,508524,97086,73828,34128,0.899310830338286,0.2600941972655357
19316,0.1798055004238307,7,8,7,508532,97078,73835,34121,0.8992367260735855,0.26007057980624854
19317,0.179805939096203,7,46,7,508578,97032,73842,34114,0.8988106265515581,0.26012230643710066
19318,0.1798064763263958,2,2,2,508580,97030,73844,34112,0.8987921004853829,0.2601149898583215
19319,0.1798122929417039,2,5,2,508585,97025,73846,34110,0.8987457853199452,0.2601136233652343
19320,0.1798221681606875,1,6,1,508591,97019,73847,34109,0.8986902071214199,0.2601198828625465
19321,0.1798280863980479,2,18,2,508609,97001,73849,34107,0.8985234725258439,0.2601443085090155
19322,0.1798324188073597,24,43,24,508652,96958,73873,34083,0.898125162103079,0.26009416900054183
19323,0.1798369695070933,0,1,0,508653,96957,73873,34083,0.8981158990699915,0.26009615384615387
19324,0.1798427861224013,3,15,3,508668,96942,73876,34080,0.8979769535736781,0.2601089893300362
19325,0.1798444099321957,17,61,17,508729,96881,73893,34063,0.8974119085553374,0.26013410312805474
19326,0.1798485786548397,0,8,0,508737,96873,73893,34063,0.8973378042906369,0.2601499969450724
19327,0.1798553290902027,4,5,4,508742,96868,73897,34059,0.8972914891251992,0.26013732843492937
19328,0.1798639053001605,0,1,0,508743,96867,73897,34059,0.8972822260921116,0.26013931533843543
19329,0.179865877863859,2,1,2,508744,96866,73899,34057,0.897272963059024,0.26013000007638076
19330,0.1798693958154343,6,25,6,508769,96841,73905,34051,0.8970413872318352,0.2601457690309568
19331,0.1798806281872545,13,36,13,508805,96805,73918,34038,0.8967079180406833,0.2601438365063473
19332,0.1798874545755509,0,4,0,508809,96801,73918,34038,0.896670865908333,0.26015178960401714
19333,0.1798882600926904,5,22,5,508831,96779,73923,34033,0.8964670791804068,0.26016726294223774
19334,0.1798902773021562,8,18,8,508849,96761,73931,34025,0.8963003445848309,0.2601578150566574
19335,0.1798935477903099,7,33,7,508882,96728,73938,34018,0.8959946644929415,0.26018386795771953
19336,0.1798944311640787,1,1,1,508883,96727,73939,34017,0.8959854014598541,0.26018019947378085
19337,0.1799024970274001,8,27,8,508910,96700,73947,34009,0.89573529956649,0.26018866336671537
19338,0.1799051635307981,3,14,3,508924,96686,73950,34006,0.8956056171032643,0.2601995531478591
19339,0.1799106154463147,2,2,2,508926,96684,73952,34004,0.8955870910370892,0.2601922135161606
19340,0.1799137483033153,0,2,0,508928,96682,73952,34004,0.8955685649709141,0.2601961954608757
19341,0.17991396655069,16,33,16,508961,96649,73968,33988,0.8952628848790248,0.26017131440556657
19342,0.1799196665406757,1,11,1,508972,96638,73969,33987,0.8951609915150617,0.26018755980861247
19343,0.1799268214215063,11,24,11,508996,96614,73980,33976,0.8949386787209604,0.2601730607244046
19344,0.1799298771818723,5,23,5,509019,96591,73985,33971,0.8947256289599467,0.2601905608063602
19345,0.179943166675,3,17,3,509036,96574,73988,33968,0.8945681573974582,0.26020744281533914
19346,0.1799478612165306,3,14,3,509050,96560,73991,33965,0.8944384749342325,0.2602183489752921
19347,0.1799504316692898,24,76,24,509126,96484,74015,33941,0.8937344844195784,0.26023385087214873
19348,0.179952256731944,6,52,6,509178,96432,74021,33935,0.8932528066990255,0.26030360443977385
19349,0.1799526272900432,5,17,5,509195,96415,74026,33930,0.8930953351365372,0.2603091794852123
19350,0.1799629226418169,3,15,3,509210,96400,74029,33927,0.8929563896402238,0.26032211283924284
19351,0.1799645336960661,3,5,3,509215,96395,74032,33924,0.892910074474786,0.26031507301314466
19352,0.1799648478978161,8,10,8,509225,96385,74040,33916,0.8928174441439105,0.26028963707108926
19353,0.1799668945204822,0,8,0,509233,96377,74040,33916,0.8927433398792101,0.26030561887438314
19354,0.1799680771033001,5,11,5,509244,96366,74045,33911,0.8926414465152469,0.2602992086093478
19355,0.1799717609174952,11,43,11,509287,96323,74056,33900,0.8922431360924821,0.26032267725363417
19356,0.179972495541552,2,6,2,509293,96317,74058,33898,0.8921875578939568,0.26032331144645393
19357,0.1799725378334004,1,6,1,509299,96311,74059,33897,0.8921319796954315,0.2603296264438437
19358,0.179974838873193,0,1,0,509300,96310,74059,33897,0.8921227166623439,0.2603316257958482
19359,0.1799760482547863,2,4,2,509304,96306,74061,33895,0.8920856645299937,0.26032826168769824
19360,0.1799798402353182,1,2,1,509306,96304,74062,33894,0.8920671384638186,0.2603265795173505
19361,0.1799896180000532,1,1,1,509307,96303,74063,33893,0.892057875430731,0.26032289778487816
19362,0.1799974458022328,12,26,12,509333,96277,74075,33881,0.8918170365704546,0.2603067041595599
19363,0.179998175590815,2,0,2,509333,96277,74077,33879,0.8918170365704546,0.26029533790220966
19364,0.1799994562169293,5,10,5,509343,96267,74082,33874,0.891724406239579,0.260286919571849
19365,0.1800053089518248,45,97,45,509440,96170,74127,33829,0.8908258920300863,0.2602250786544512
19366,0.1800102317534878,12,49,12,509489,96121,74139,33817,0.8903720034087962,0.260254890794071
19367,0.1800113254611369,1,9,1,509498,96112,74140,33816,0.8902886361110082,0.2602672249245736
19368,0.1800184015641341,1,4,1,509502,96108,74141,33815,0.890251583978658,0.2602695442685283
19369,0.1800188387712086,6,16,6,509518,96092,74147,33809,0.8901033754492571,0.2602674344308358
19370,0.1800298799129433,2,7,2,509525,96085,74149,33807,0.8900385342176442,0.2602700705201244
19371,0.1800359064272134,0,2,0,509527,96083,74149,33807,0.8900200081514691,0.2602740780660559
19372,0.1800394413591584,1,3,1,509530,96080,74150,33806,0.8899922190522065,0.26027439446899586
19373,0.1800421610231658,0,4,0,509534,96076,74150,33806,0.8899551669198562,0.26028241018770887
19374,0.1800434052030476,3,4,3,509538,96072,74153,33803,0.889918114787506,0.26027333974975936
19375,0.1800435363726136,4,20,4,509558,96052,74157,33799,0.889732854125755,0.2602906408113915
19376,0.1800545027844447,0,4,0,509562,96048,74157,33799,0.8896958019934047,0.26029865919120193
19377,0.1800642866897696,0,1,0,509563,96047,74157,33799,0.8896865389603171,0.2603006638633458
19378,0.1800799783273326,22,67,22,509630,95980,74179,33777,0.8890659157434511,0.2603096557411161
19379,0.1800810039602595,6,14,6,509644,95966,74185,33771,0.8889362332802253,0.26030353715593857
19380,0.1800854982561715,8,21,8,509665,95945,74193,33763,0.8887417095853867,0.2603000585931477
19381,0.1801094767099594,2,15,2,509680,95930,74195,33761,0.8886027640890733,0.26031875766244383
19382,0.1801261267772539,10,42,10,509722,95888,74205,33751,0.8882137166993961,0.26034603784355015
19383,0.1801262661195573,1,2,1,509724,95886,74206,33750,0.8881951906332209,0.26034434879200224
19384,0.1801281823289826,9,33,9,509757,95853,74215,33741,0.8878895105413317,0.26035927589240243
19385,0.180132223865323,1,1,1,509758,95852,74216,33740,0.8878802475082441,0.2603555775047842
19386,0.1801347002446728,0,4,0,509762,95848,74216,33740,0.8878431953758938,0.2603636139148687
19387,0.1801444673406572,4,27,4,509789,95821,74220,33736,0.8875930934825299,0.2603950384772726
19388,0.1801470082639759,3,21,3,509810,95800,74223,33733,0.8873985697876913,0.2604201246014529
19389,0.1801644832118024,0,5,0,509815,95795,74223,33733,0.8873522546222535,0.26043017725897105
19390,0.1801668882178917,1,2,1,509817,95793,74224,33732,0.8873337285560784,0.26042848870874347
19391,0.1801755610983287,2,7,2,509824,95786,74226,33730,0.8872688873244655,0.2604311436424843
19392,0.180184416788635,1,5,1,509829,95781,74227,33729,0.8872225721590278,0.2604354876071346
19393,0.1801973813985892,1,6,1,509835,95775,74228,33728,0.8871669939605025,0.260441843046107
19394,0.1801977005293093,5,9,5,509844,95766,74233,33723,0.8870836266627145,0.260431387994347
19395,0.1802230698897801,0,2,0,509846,95764,74233,33723,0.8870651005965393,0.2604354105045294
19396,0.1802332416044246,14,26,14,509872,95738,74247,33709,0.8868242617362629,0.2604077344395776
19397,0.1802347175418051,1,4,1,509876,95734,74248,33708,0.8867872096039127,0.2604100678296071
19398,0.1802351590690467,0,2,0,509878,95732,74248,33708,0.8867686835377376,0.2604140914709518
19399,0.180238541773937,4,26,4,509904,95706,74252,33704,0.8865278446774612,0.26044355150297505
19400,0.1802405341571131,0,3,0,509907,95703,74252,33704,0.8865000555781986,0.26044958928033257
19401,0.1802433078474496,10,35,10,509942,95668,74262,33694,0.8861758494201342,0.2604628870920363
19402,0.180257278638615,2,12,2,509954,95656,74264,33692,0.8860646930230834,0.26047561616723874
19403,0.1802642469027157,1,1,1,509955,95655,74265,33691,0.886055429989996,0.2604719125446477
19404,0.180269221674196,12,24,12,509979,95631,74277,33679,0.8858331171958946,0.2604516278710077
19405,0.1802710273378106,6,26,6,510005,95605,74283,33673,0.8855922783356183,0.26046968548399574
19406,0.1802723664251128,1,4,1,510009,95601,74284,33672,0.885555226203268,0.2604720243206238
19407,0.1802791112029414,5,6,5,510015,95595,74289,33667,0.8854996480047427,0.26045550896628555
19408,0.1802829123638063,2,10,2,510025,95585,74291,33665,0.8854070176738671,0.2604642166344294
19409,0.1802834860975728,0,2,0,510027,95583,74291,33665,0.8853884916076921,0.2604682470908641
19410,0.1802845253123596,10,14,10,510041,95569,74301,33655,0.8852588091444663,0.26043923729338203
19411,0.180297396543794,0,5,0,510046,95564,74301,33655,0.8852124939790285,0.2604493147292581
19412,0.1803001361648673,0,2,0,510048,95562,74301,33655,0.8851939679128534,0.2604533459219762
19413,0.180300349936355,4,11,4,510059,95551,74305,33651,0.8850920745488903,0.26045262457237506
19414,0.1803029089712898,5,19,5,510078,95532,74310,33646,0.8849160769202268,0.2604623078233136
19415,0.1803032490358894,5,8,5,510086,95524,74315,33641,0.8848419726555263,0.260449812255642
19416,0.1803083634810264,1,4,1,510090,95520,74316,33640,0.8848049205231762,0.26045215236915453
19417,0.180308805008268,3,6,3,510096,95514,74319,33637,0.8847493423246507,0.26044707358053754
19418,0.1803095905274468,1,20,1,510116,95494,74320,33636,0.8845640816628997,0.26048168512351894
19419,0.1803103695693147,0,9,0,510125,95485,74320,33636,0.8844807143651117,0.2604998412341912
19420,0.180312328977679,26,48,26,510173,95437,74346,33610,0.8840360887769091,0.2604477438452657
19421,0.1803132043230634,4,6,4,510179,95431,74350,33606,0.8839805105783838,0.26043692894286136
19422,0.1803210176515892,2,3,2,510182,95428,74352,33604,0.8839527214791211,0.2604315208630417
19423,0.1803217890057191,3,29,3,510211,95399,74355,33601,0.8836840935195821,0.2604728682170543
19424,0.1803272471873521,2,4,2,510215,95395,74357,33599,0.8836470413872318,0.260469479200583
19425,0.1803278532228263,1,6,1,510221,95389,74358,33598,0.8835914631887065,0.2604758619085644
19426,0.1803301219165648,1,1,1,510222,95388,74359,33597,0.883582200155619,0.2604721479241772
19427,0.1803320507921308,3,6,3,510228,95382,74362,33594,0.8835266219570936,0.2604670636397469
19428,0.1803388566617239,0,2,0,510230,95380,74362,33594,0.8835080958909185,0.2604711027028703
19429,0.1803410814969061,2,3,2,510233,95377,74364,33592,0.8834803067916559,0.26046569330614333
19430,0.1803524476796524,21,23,21,510256,95354,74385,33571,0.8832672570306421,0.2603917006011247
19431,0.1803595666761765,8,18,8,510274,95336,74393,33563,0.8831005224350661,0.2603821596754048
19432,0.1803646857452236,11,31,11,510305,95305,74404,33552,0.882813368409352,0.2603816633943053
19433,0.1803649383212604,11,26,11,510331,95279,74415,33541,0.8825725295490755,0.2603710603943487
19434,0.1803662076717791,1,16,1,510347,95263,74416,33540,0.8824243210196747,0.26039766154515037
19435,0.180366324058819,1,0,1,510347,95263,74417,33539,0.8824243210196747,0.26039191938013384
19436,0.1803711904558321,11,19,11,510366,95244,74428,33528,0.8822483233910111,0.2603671605628553
19437,0.1803766343321814,1,1,1,510367,95243,74429,33527,0.8822390603579235,0.2603634386891357
19438,0.1803788094649747,1,2,1,510369,95241,74430,33526,0.8822205342917485,0.26036173864421785
19439,0.1803919300789828,0,2,0,510371,95239,74430,33526,0.8822020082255734,0.26036578262726673
19440,0.1803948291785171,3,6,3,510377,95233,74433,33523,0.8821464300270481,0.26036068222063435
19441,0.1804031565812162,6,22,6,510399,95211,74439,33517,0.8819426432991219,0.2603707041203157
19442,0.1804047844656912,2,4,2,510403,95207,74441,33515,0.8819055911667717,0.2603673031804975
19443,0.1804057537773511,7,18,7,510421,95189,74448,33508,0.8817388565711957,0.2603634894364282
19444,0.180407496503386,1,9,1,510430,95180,74449,33507,0.8816554892734076,0.2603759509507565
19445,0.1804093026456721,1,6,1,510436,95174,74450,33506,0.8815999110748823,0.2603823437985701
19446,0.1804096612918247,10,20,10,510456,95154,74460,33496,0.8814146504131313,0.26036533229692965
19447,0.1804106467464775,17,44,17,510500,95110,74477,33479,0.8810070769572789,0.26035664014806864
19448,0.1804127083084688,1,15,1,510515,95095,74478,33478,0.8808681314609655,0.2603812620067977
19449,0.1804312880262283,1,3,1,510518,95092,74479,33477,0.8808403423617029,0.2603815849854942
19450,0.1804323272410151,3,22,3,510540,95070,74482,33474,0.8806365556337767,0.2604088872292756
19451,0.1804451628515076,16,41,16,510581,95029,74498,33458,0.880256771277187,0.2603998848132496
19452,0.180446638788888,0,1,0,510582,95028,74498,33458,0.8802475082440995,0.2604019114923027
19453,0.180452455404196,1,6,1,510588,95022,74499,33457,0.8801919300455742,0.2604083157558823
19454,0.1804585346999729,0,3,0,510591,95019,74499,33457,0.8801641409463115,0.2604143964631527
19455,0.1804612532979893,4,15,4,510606,95004,74503,33453,0.8800251954499981,0.26042177538008826
19456,0.1804642270755194,4,23,4,510629,94981,74507,33449,0.8798121456889844,0.260445378805575
19457,0.1804673465072266,0,5,0,510634,94976,74507,33449,0.8797658305235466,0.2604555187852832
19458,0.180468423879781,7,33,7,510667,94943,74514,33442,0.8794601504316574,0.2604821435525957
19459,0.1804709972331684,6,23,6,510690,94920,74520,33436,0.8792471006706436,0.2604942503661691
19460,0.1804793663872486,5,11,5,510701,94909,74525,33431,0.8791452073066806,0.26048776686925357
19461,0.1804829485848935,4,18,4,510719,94891,74529,33427,0.8789784727111045,0.2605012546953662
19462,0.1804942589056374,1,9,1,510728,94882,74530,33426,0.8788951054133165,0.2605137637559622
19463,0.1805022268891053,4,2,4,510730,94880,74534,33422,0.8788765793471415,0.2604947701516734
19464,0.1805106837402323,3,12,3,510742,94868,74537,33419,0.8787654229500907,0.2605018435227264
19465,0.1805140096004347,9,21,9,510763,94847,74546,33410,0.8785708992552521,0.2604926046921416
19466,0.1805176162973437,10,29,10,510792,94818,74556,33400,0.878302271295713,0.26049384641781964
19467,0.1805202847281093,4,7,4,510799,94811,74560,33396,0.8782374300641002,0.260484996919045
19468,0.1805250147452252,8,11,8,510810,94800,74568,33388,0.8781355367001371,0.2604611976160015
19469,0.1805251411285834,16,47,16,510857,94753,74584,33372,0.877700174145022,0.26046439024390244
19470,0.1805317231547932,1,9,1,510866,94744,74585,33371,0.8776168068472341,0.2604769152714358
19471,0.180533710252802,11,23,11,510889,94721,74596,33360,0.8774037570862203,0.260460177543898
19472,0.1805344899381314,1,2,1,510891,94719,74597,33359,0.8773852310200452,0.26045847061946625
19473,0.1805353004353939,2,9,2,510900,94710,74599,33357,0.8773018637222573,0.2604652252336668
19474,0.1805379950567826,0,1,0,510901,94709,74599,33357,0.8772926006891697,0.26046725906954227
19475,0.1805388896246459,3,7,3,510908,94702,74602,33354,0.8772277594575568,0.2604641719247829
19476,0.1805389477088737,0,7,0,510915,94695,74602,33354,0.8771629182259439,0.26047841060843896
19477,0.1805402170593924,0,3,0,510918,94692,74602,33354,0.8771351291266812,0.26048451337800477
19478,0.1805412562741793,2,22,2,510940,94670,74604,33352,0.876931342398755,0.2605177235162706
19479,0.1805507779088069,2,1,2,510941,94669,74606,33350,0.8769220793656675,0.2605082058131996
19480,0.1805558072181472,0,1,0,510942,94668,74606,33350,0.8769128163325799,0.26051024074739487
19481,0.1805625160379491,34,92,34,511034,94576,74640,33316,0.8760606172885249,0.2605010477590467
19482,0.1805675953823484,19,46,19,511080,94530,74659,33297,0.8756345177664975,0.26048487408763404
19483,0.1805701939907859,2,9,2,511089,94521,74661,33295,0.8755511504687095,0.260491644238593
19484,0.1805715527607601,6,11,6,511100,94510,74667,33289,0.8754492571047464,0.2604793464737596
19485,0.1805764248073443,3,10,3,511110,94500,74670,33286,0.8753566267738708,0.260482368960606
19486,0.1805770002179368,10,49,10,511159,94451,74680,33276,0.8749027381525807,0.2605243996962271
19487,0.1805815058909994,1,3,1,511162,94448,74681,33275,0.874874949053318,0.2605247292969943
19488,0.1805825451057862,2,14,2,511176,94434,74683,33273,0.8747452665900922,0.26054170875519744
19489,0.1805935895286962,3,33,3,511209,94401,74686,33270,0.874439586498203,0.2605916770449045
19490,0.1805952827271073,6,29,6,511238,94372,74692,33264,0.8741709585386639,0.26061612711147325
19491,0.1805979705378237,1,9,1,511247,94363,74693,33263,0.8740875912408759,0.26062871201792737
19492,0.1805996442579669,13,35,13,511282,94328,74706,33250,0.8737633850828115,0.26062487262694195
19493,0.1806005438912112,1,4,1,511286,94324,74707,33249,0.8737263329504613,0.26062724871250187
19494,0.1806022176113544,5,37,5,511323,94287,74712,33244,0.8733836007262218,0.2606738753714783
19495,0.1806063366286285,0,9,0,511332,94278,74712,33244,0.8733002334284338,0.260692272705886
19496,0.1806093416855808,1,2,1,511334,94276,74713,33243,0.8732817073622587,0.2606905637591261
19497,0.1806114673200457,0,6,0,511340,94270,74713,33243,0.8732261291637333,0.26070283029965574
19498,0.1806120584485469,0,3,0,511343,94267,74713,33243,0.8731983400644707,0.2607089640028233
19499,0.1806185250252412,0,26,0,511369,94241,74713,33243,0.8729575012041944,0.2607621348561388
19500,0.1806304697672737,5,5,5,511374,94236,74718,33238,0.8729111860387565,0.2607433672748953
19501,0.1806310930533287,10,49,10,511423,94187,74728,33228,0.8724572974174664,0.26078562178707376
19502,0.1806331683285188,1,1,1,511424,94186,74729,33227,0.8724480343843788,0.2607818668424729
19503,0.1806331940450528,3,9,3,511433,94177,74732,33224,0.8723646670865909,0.26078288239495767
19504,0.1806447131693504,3,31,3,511464,94146,74735,33221,0.8720775130608767,0.2608289431328366
19505,0.1806462507112373,6,21,6,511485,94125,74741,33215,0.871882989366038,0.2608371289461285
19506,0.1806463140972561,3,1,3,511486,94124,74744,33212,0.8718737263329505,0.2608217628950179
19507,0.18064678034791,14,19,14,511505,94105,74758,33198,0.871697728704287,0.26077940032835045
19508,0.1806476782250405,3,5,3,511510,94100,74761,33195,0.8716514135388491,0.26077222200400646
19509,0.1806526789185865,4,11,4,511521,94089,74765,33191,0.8715495201748861,0.2607715273412948
19510,0.1806553976911142,9,23,9,511544,94066,74774,33182,0.8713364704138723,0.26076637746762227
19511,0.1806621735115887,28,29,28,511573,94037,74802,33154,0.8710678424543332,0.2606630972317224
19512,0.1806642274652057,1,10,1,511583,94027,74803,33153,0.8709752121234577,0.2606777795250826
19513,0.1806656657440268,1,5,1,511588,94022,74804,33152,0.8709288969580199,0.26068221491814364
19514,0.1806677740198591,2,14,2,511602,94008,74806,33150,0.8707992144947941,0.2606992875005898
19515,0.1806765055615245,0,9,0,511611,93999,74806,33150,0.8707158471970062,0.26071774060354386
19516,0.180688018988048,1,2,1,511613,93997,74807,33149,0.8706973211308311,0.26071602724427034
19517,0.1806890582028348,0,17,0,511630,93980,74807,33149,0.8705398495683426,0.26075089082742725
19518,0.1806891357077414,3,13,3,511643,93967,74810,33146,0.8704194301382044,0.2607601110822654
19519,0.1807030474626735,1,0,1,511643,93967,74811,33145,0.8704194301382044,0.2607542954245075
19520,0.1807059714653872,4,4,4,511647,93963,74815,33141,0.8703823780058543,0.2607392371601209
19521,0.1807152656617926,1,6,1,511653,93957,74816,33140,0.870326799807329,0.2607457296395666
19522,0.1807190690493187,0,1,0,511654,93956,74816,33140,0.8703175367742414,0.2607477812047586
19523,0.1807196505739671,10,13,10,511667,93943,74826,33130,0.8701971173441031,0.26071628119270024
19524,0.1807265109620617,2,12,2,511679,93931,74828,33128,0.8700859609470525,0.26072926750564696
19525,0.1807276740413656,3,7,3,511686,93924,74831,33125,0.8700211197154396,0.26072617651457314
19526,0.1807393116832482,0,2,0,511688,93922,74831,33125,0.8700025936492645,0.26073028091965966
19527,0.180748071683284,1,1,1,511689,93921,74832,33124,0.869993330616177,0.2607265142272423
19528,0.1807497454034272,7,20,7,511709,93901,74839,33117,0.8698080699544258,0.2607268261191327
19529,0.1807516117628478,6,11,6,511720,93890,74845,33111,0.8697061765904628,0.2607144825631294
19530,0.1807528211444411,3,17,3,511737,93873,74848,33108,0.8695487050279743,0.2607319205235429
19531,0.1807530387068871,1,4,1,511741,93869,74849,33107,0.8695116528956242,0.26073431199596775
19532,0.1807537536542164,6,12,6,511753,93857,74855,33101,0.8694004964985735,0.26072401896690245
19533,0.1807565544933995,1,3,1,511756,93854,74856,33100,0.8693727073993108,0.2607243568536635
19534,0.1807598235460878,9,13,9,511769,93841,74865,33091,0.8692522879691726,0.2606986417924558
19535,0.1807614253952592,18,37,18,511806,93804,74883,33073,0.8689095557449331,0.26066978254529977
19536,0.1807867083477046,2,25,2,511831,93779,74885,33071,0.8686779799177443,0.2607094994087505
19537,0.1807900733511567,1,8,1,511839,93771,74886,33070,0.8686038756530439,0.2607201141586711
19538,0.1807963759398929,6,21,6,511860,93750,74892,33064,0.8684093519582052,0.2607283107543331
19539,0.1807973206779019,1,1,1,511861,93749,74893,33063,0.8684000889251177,0.26072453711005267
19540,0.180798994398045,10,17,10,511878,93732,74903,33053,0.8682426173626292,0.26070118704894113
19541,0.1808006167926489,0,1,0,511879,93731,74903,33053,0.8682333543295416,0.26070324331145883
19542,0.1808088893884584,2,10,2,511889,93721,74905,33051,0.8681407239986662,0.26071214463761716
19543,0.1808105349906426,6,15,6,511904,93706,74911,33045,0.8680017785023528,0.26070800230372937
19544,0.1808178751653193,6,22,6,511926,93684,74917,33039,0.8677979917744266,0.2607182595109017
19545,0.1808180911046895,1,1,1,511927,93683,74918,33038,0.867788728741339,0.2607144829980824
19546,0.1808186823657842,3,14,3,511941,93669,74921,33035,0.8676590462781133,0.2607257860841015
19547,0.1808192748302786,10,27,10,511968,93642,74931,33025,0.8674089443847494,0.2607229980973734
19548,0.1808201821377919,0,3,0,511971,93639,74931,33025,0.8673811552854866,0.26072917324575257
19549,0.1808205665318542,10,34,10,512005,93605,74941,33015,0.8670662121605098,0.2607407992418259
19550,0.1808282837225797,1,22,1,512027,93583,74942,33014,0.8668624254325836,0.26078027125445313
19551,0.1808304431934068,10,38,10,512065,93545,74952,33004,0.8665104301752566,0.2608001643632111
19552,0.1808348467758855,0,15,0,512080,93530,74952,33004,0.8663714846789433,0.2608310809742836
19553,0.180836372816613,7,36,7,512116,93494,74959,32997,0.8660380154877914,0.26086440932556465
19554,0.180838236852819,0,2,0,512118,93492,74959,32997,0.8660194894216162,0.26086853402272137
19555,0.1808392760676058,2,9,2,512127,93483,74961,32995,0.8659361221238282,0.2608754091620677
19556,0.1808410595794243,13,36,13,512163,93447,74974,32982,0.8656026529326762,0.2608736919535866
19557,0.1808466681683867,3,3,3,512166,93444,74977,32979,0.8655748638334136,0.2608623430863055
19558,0.1808586529737846,1,2,1,512168,93442,74978,32978,0.8655563377672385,0.2608606233190951
19559,0.1808588793466352,3,13,3,512181,93429,74981,32975,0.8654359183371003,0.26086990918008923
19560,0.1808614617999521,0,2,0,512183,93427,74981,32975,0.8654173922709252,0.26087403680321514
19561,0.1808630675904481,1,2,1,512185,93425,74982,32974,0.86539886620475,0.2608723170278246
19562,0.1808684030984806,0,1,0,512186,93424,74982,32974,0.8653896031716626,0.2608743809237488
19563,0.1808733635266229,7,16,7,512202,93408,74989,32967,0.8652413946422617,0.26086646884272996
19564,0.1808861022102256,3,17,3,512219,93391,74992,32964,0.8650839230797732,0.2608840172529777
19565,0.1808884858478195,0,5,0,512224,93386,74992,32964,0.8650376079143355,0.2608943411159478
19566,0.180890972053302,1,10,1,512234,93376,74993,32963,0.8649449775834599,0.2609091412786234
19567,0.1809030390092121,3,8,3,512242,93368,74996,32960,0.8648708733187594,0.2609081122158191
19568,0.1809098064762363,6,7,6,512249,93361,75002,32954,0.8648060320871466,0.2608874638799826
19569,0.1809117403314864,4,7,4,512256,93354,75006,32950,0.8647411908555337,0.2608785153280973
19570,0.1809127977191957,33,80,33,512336,93274,75039,32917,0.8640001482085294,0.26085061533706844
19571,0.1809188605281793,1,1,1,512337,93273,75040,32916,0.8639908851754419,0.26084682500059436
19572,0.1809256211504611,1,0,1,512337,93273,75041,32915,0.8639908851754419,0.2608409674453989
19573,0.1809266603652479,8,21,8,512358,93252,75049,32907,0.8637963614806032,0.26083751456495374
19574,0.1809268305320545,1,1,1,512359,93251,75050,32906,0.8637870984475157,0.26083372305936253
19575,0.1809272818991834,10,44,10,512403,93207,75060,32896,0.8633795249916633,0.2608661173802368
19576,0.1809278697468412,4,7,4,512410,93200,75064,32892,0.8633146837600504,0.2608571519208197
19577,0.1809304053690109,6,10,6,512420,93190,75070,32886,0.8632220534291748,0.26084266632824643
19578,0.1809347982766631,7,13,7,512433,93177,75077,32879,0.8631016339990366,0.2608285206574856
19579,0.1809382483110145,0,2,0,512435,93175,75077,32879,0.8630831079328616,0.26083265901915054
19580,0.180945857512753,8,28,8,512463,93147,75085,32871,0.8628237430064101,0.26084368899681
19581,0.1809474218233621,2,0,2,512463,93147,75087,32869,0.8628237430064101,0.26083195784662266
19582,0.1809490955435054,7,25,7,512488,93122,75094,32862,0.8625921671792212,0.2608426466852934
19583,0.1809539315341389,1,5,1,512493,93117,75095,32861,0.8625458520137834,0.26084713203892745
19584,0.180957331364172,1,0,1,512493,93117,75096,32860,0.8625458520137834,0.2608412646752979
19585,0.1809621977611851,3,5,3,512498,93112,75099,32857,0.8624995368483456,0.2608340147179068
19586,0.1809688762050035,5,12,5,512510,93100,75104,32852,0.862388380451295,0.26082952235772355
19587,0.1809708036976339,1,2,1,512512,93098,75105,32851,0.8623698543851198,0.26082779537749406
19588,0.1809996310898153,2,7,2,512519,93091,75107,32849,0.8623050131535069,0.26083055423217405
19589,0.1810006685971777,2,7,2,512526,93084,75109,32847,0.8622401719218941,0.2608333134811921
19590,0.1810055809611407,2,5,2,512531,93079,75111,32845,0.8621938567564563,0.2608319303706998
19591,0.1810132854552192,0,4,0,512535,93075,75111,32845,0.8621568046241062,0.26084021601016516
19592,0.1810150689670377,2,12,2,512547,93063,75113,32843,0.8620456482270554,0.26085333502771907
19593,0.1810180325058623,2,10,2,512557,93053,75115,32841,0.86195301789618,0.2608623127392886
19594,0.1810272741333182,7,39,7,512596,93014,75122,32834,0.8615917596057653,0.2609020405568622
19595,0.1810325978668556,4,4,4,512600,93010,75126,32830,0.8615547074734151,0.260886840432295
19596,0.1810444496368553,1,1,1,512601,93009,75127,32829,0.8615454444403275,0.2608830400991751
19597,0.1810446131382263,4,13,4,512614,92996,75131,32825,0.8614250250101894,0.26088649748452164
19598,0.1810670952665862,4,19,4,512633,92977,75135,32821,0.8612490273815258,0.2609023990842462
19599,0.1810759350998614,8,41,8,512674,92936,75143,32813,0.8608692430249361,0.26094044485443224
19600,0.1810770483968255,1,0,1,512674,92936,75144,32812,0.8608692430249361,0.260934567547794
19601,0.1810770591577388,10,14,10,512688,92922,75154,32802,0.8607395605617103,0.2609048391715186
19602,0.1810780876116123,2,6,2,512694,92916,75156,32800,0.860683982363185,0.2609055331063667
19603,0.1810811788331456,4,3,4,512697,92913,75160,32796,0.8606561932639223,0.2608882418919886
19604,0.1810820641591591,9,13,9,512710,92900,75169,32787,0.8605357738337841,0.2608623007948316
19605,0.1810909807275711,26,58,26,512768,92842,75195,32761,0.8599985179147059,0.2608297572510211
19606,0.181093906959436,0,2,0,512770,92840,75195,32761,0.8599799918485309,0.26083391055803695
19607,0.1810962271903031,2,7,2,512777,92833,75197,32759,0.859915150616918,0.26083667749538186
19608,0.181097790541244,22,38,22,512815,92795,75219,32737,0.8595631553595909,0.2607860943823089
19609,0.1811006697528613,2,4,2,512819,92791,75221,32735,0.8595261032272408,0.26078262670681773
19610,0.1811018791344546,0,3,0,512822,92788,75221,32735,0.8594983141279781,0.2607888594122193
19611,0.181125707791531,0,1,0,512823,92787,75221,32735,0.8594890510948905,0.26079093704689216
19612,0.1811270533740194,10,39,10,512862,92748,75231,32725,0.8591277928044759,0.26081308329282
19613,0.1811346980262957,3,10,3,512872,92738,75234,32722,0.8590351624736003,0.2608161963972581
19614,0.1811366333560702,7,29,7,512901,92709,75241,32715,0.8587665345140613,0.26083524684270953
19615,0.1811384830207781,28,108,28,513009,92601,75269,32687,0.8577661269406054,0.26089489815465167
19616,0.1811529672007658,12,66,12,513075,92535,75281,32675,0.8571547667568269,0.2609615845379762
19617,0.1811675528986575,0,6,0,513081,92529,75281,32675,0.8570991885583016,0.26097409028465546
19618,0.1811736443017869,2,8,2,513089,92521,75283,32673,0.8570250842936011,0.2609789606530664
19619,0.1811752446489042,1,8,1,513097,92513,75284,32672,0.8569509800289007,0.260989735191916
19620,0.1811866544978596,8,21,8,513118,92492,75292,32664,0.856756456334062,0.26098628911118926
19621,0.181189052444736,9,28,9,513146,92464,75301,32655,0.8564970914076105,0.2609915360576731
19622,0.1811925661341338,0,2,0,513148,92462,75301,32655,0.8564785653414354,0.2609957080172958
19623,0.1811969498496332,1,3,1,513151,92459,75302,32654,0.8564507762421727,0.2609960595621558
19624,0.1811974325311469,5,17,5,513168,92442,75307,32649,0.8562933046796843,0.26100199055087897
19625,0.1812014216095795,0,1,0,513169,92441,75307,32649,0.8562840416465968,0.26100407706451356
19626,0.1812017159231459,8,9,8,513178,92432,75315,32641,0.8562006743488088,0.26097559025529093
19627,0.1812073217117717,0,2,0,513180,92430,75315,32641,0.8561821482826336,0.2609797634943352
19628,0.181208594457577,18,85,18,513265,92345,75333,32623,0.8553947904701915,0.26105082901222715
19629,0.181218314566566,4,8,4,513273,92337,75337,32619,0.8553206862054912,0.2610438874483818
19630,0.1812315497605065,2,8,2,513281,92329,75339,32617,0.8552465819407907,0.2610487730699662
19631,0.1812330457586219,1,2,1,513283,92327,75340,32616,0.8552280558746156,0.26104703744907676
19632,0.1812353075896277,8,21,8,513304,92306,75348,32608,0.855033532179777,0.2610435979954209
19633,0.1812353822225708,1,0,1,513304,92306,75349,32607,0.855033532179777,0.2610376822268299
19634,0.1812359033671395,3,13,3,513317,92293,75352,32604,0.8549131127496388,0.2610471028127177
19635,0.1812400500329815,1,2,1,513319,92291,75353,32603,0.8548945866834636,0.2610453664707672
19636,0.1812482162427152,1,3,1,513322,92288,75354,32602,0.8548667975842009,0.26104572023380573
19637,0.181248318129011,6,34,6,513356,92254,75360,32596,0.8545518544592241,0.2610812975570685
19638,0.1812488077472634,15,32,15,513388,92222,75375,32581,0.8542554374004224,0.261059429661146
19639,0.1812520969992256,0,2,0,513390,92220,75375,32581,0.8542369113342473,0.2610636132723296
19640,0.1812527147233546,4,2,4,513392,92218,75379,32577,0.8542183852680721,0.26104411234424457
19641,0.1812568817686494,1,6,1,513398,92212,75380,32576,0.8541628070695468,0.2610507420585313
19642,0.1812663270240133,30,95,30,513493,92117,75410,32546,0.8532828189262293,0.2610718497068096
19643,0.1812717999288574,7,10,7,513503,92107,75417,32539,0.8531901885953537,0.2610512972738796
19644,0.181277009370551,4,4,4,513507,92103,75421,32535,0.8531531364630034,0.26103596014056707
19645,0.1812865854177209,12,21,12,513528,92082,75433,32523,0.8529586127681648,0.26100878776935116
19646,0.181288529992261,1,0,1,513528,92082,75434,32522,0.8529586127681648,0.261002857051138
19647,0.1813000273711366,11,37,11,513565,92045,75445,32511,0.8526158805439253,0.2610151257265808
19648,0.1813051956997279,2,9,2,513574,92036,75447,32509,0.8525325132461373,0.261022120518688
19649,0.1813090713104913,11,31,11,513605,92005,75458,32498,0.8522453592204231,0.2610218227673229
19650,0.1813111312848333,19,55,19,513660,91950,75477,32479,0.8517358924006077,0.2610243592731598
19651,0.1813182900665162,4,12,4,513672,91938,75481,32475,0.851624736003557,0.2610257770490222
19652,0.181337650614784,0,1,0,513673,91937,75481,32475,0.8516154729704695,0.26102787512458603
19653,0.1813398982716388,1,3,1,513676,91934,75482,32474,0.8515876838712068,0.2610282296958395
19654,0.1813423555874282,1,2,1,513678,91932,75483,32473,0.8515691578050317,0.2610264860737109
19655,0.181343575511633,14,38,14,513716,91894,75497,32459,0.8512171625477046,0.2610230553344109
19656,0.1813509731891597,1,2,1,513718,91892,75498,32458,0.8511986364815295,0.26102131081624447
19657,0.1813567609025088,3,18,3,513736,91874,75501,32455,0.8510319018859536,0.2610412695348631
19658,0.1813580497454621,4,5,4,513741,91869,75505,32451,0.8509855867205157,0.2610279922779923
19659,0.1813616272995219,6,56,6,513797,91813,75511,32445,0.8504668568676127,0.26110994865521736
19660,0.1813695966910243,0,3,0,513800,91810,75511,32445,0.8504390677683501,0.26111625286708784
19661,0.1813756318671466,4,6,4,513806,91804,75515,32441,0.8503834895698248,0.2611050746508914
19662,0.1813794741457404,0,2,0,513808,91802,75515,32441,0.8503649635036497,0.2611092777862737
19663,0.1813822613813974,0,3,0,513811,91799,75515,32441,0.8503371744043869,0.2611155827430779
19664,0.1813831095182833,1,15,1,513826,91784,75516,32440,0.8501982289080736,0.2611411643482741
19665,0.1813835801111774,9,29,9,513855,91755,75525,32431,0.8499296009485345,0.26114859968112347
19666,0.1813990449130432,0,1,0,513856,91754,75525,32431,0.8499203379154471,0.261150702580827
19667,0.1814000981355145,13,59,13,513915,91695,75538,32418,0.8493738189632813,0.2611974571559788
19668,0.1814006514531191,0,4,0,513919,91691,75538,32418,0.8493367668309311,0.26120587548042445
19669,0.1814062698320276,0,1,0,513920,91690,75538,32418,0.8493275037978436,0.2612079801463242
19670,0.1814093169772411,5,14,5,513934,91676,75543,32413,0.8491978213346179,0.26120768158337965
19671,0.1814113999911915,1,0,1,513934,91676,75544,32412,0.8491978213346179,0.2612017278060731
19672,0.181411412820003,18,60,18,513994,91616,75562,32394,0.8486420393493646,0.2612208692847351
19673,0.1814166286710176,7,24,7,514018,91592,75569,32387,0.8484197265552632,0.26122972438880776
19674,0.1814226351512157,1,3,1,514021,91589,75570,32386,0.8483919374560006,0.26123008671103043
19675,0.1814302358136489,3,6,3,514027,91583,75573,32383,0.8483363592574753,0.2612248519755417
19676,0.1814459238602226,5,19,5,514046,91564,75578,32378,0.8481603616288117,0.2612350938342128
19677,0.1814514305034817,11,14,11,514060,91550,75589,32367,0.8480306791655859,0.2611990283819008
19678,0.1814607289943464,12,44,12,514104,91506,75601,32355,0.8476231057097336,0.26122023881609224
19679,0.1814670877539966,19,52,19,514156,91454,75620,32336,0.8471414279891808,0.2612165764601341
19680,0.181469661107384,26,44,26,514200,91410,75646,32310,0.8467338545333284,0.26115421920465565
19681,0.1814726908522646,0,5,0,514205,91405,75646,32310,0.8466875393678907,0.2611647738754395
19682,0.1814773350552659,11,42,11,514247,91363,75657,32299,0.8462984919782134,0.26118775371577363
19683,0.1814851406724466,13,40,13,514287,91323,75670,32286,0.8459279706547111,0.26119457321068856
19684,0.1814869253859146,1,2,1,514289,91321,75671,32285,0.8459094445885361,0.2611928223549019
19685,0.1814875964035049,2,2,2,514291,91319,75673,32283,0.845890918522361,0.2611850940923286
19686,0.18148934315456,19,33,19,514324,91286,75692,32264,0.8455852384304716,0.2611412383650344
19687,0.1814920385514474,9,19,9,514343,91267,75701,32255,0.8454092408018081,0.26112757241624973
19688,0.1815131267692201,0,2,0,514345,91265,75701,32255,0.845390714735633,0.2611318005181347
19689,0.1815223350380282,1,6,1,514351,91259,75702,32254,0.8453351365371077,0.26113850363929303
19690,0.181524982576773,1,1,1,514352,91258,75703,32253,0.8453258735040201,0.26113463578142837
19691,0.1815310396861149,3,1,3,514353,91257,75706,32250,0.8453166104709327,0.26111880298282686
19692,0.1815333273830543,2,6,2,514359,91251,75708,32248,0.8452610322724072,0.261119523235006
19693,0.1815361074219328,2,16,2,514375,91235,75710,32246,0.8451128237430064,0.261141390173387
19694,0.1815389986864174,9,32,9,514407,91203,75719,32237,0.8448164066842047,0.2611552171095269
19695,0.1815391432176839,8,12,8,514419,91191,75727,32229,0.844705250287154,0.26113271754982986
19696,0.1815424475432189,2,3,2,514422,91188,75729,32227,0.8446774611878913,0.2611270915204797
19697,0.1815504657252526,0,1,0,514423,91187,75729,32227,0.8446681981548038,0.26112920738327905
19698,0.1815519976043924,3,10,3,514433,91177,75732,32224,0.8445755678239283,0.26113240573415125
19699,0.181556579203771,1,13,1,514446,91164,75733,32223,0.8444551483937901,0.2611539303168081
19700,0.1815571189058966,1,8,1,514454,91156,75734,32222,0.8443810441290897,0.26116487542349526
19701,0.1815576033930183,0,1,0,514455,91155,75734,32222,0.8443717810960021,0.26116699222707634
19702,0.1815597501238033,14,44,14,514499,91111,75748,32208,0.8439642076401497,0.26117629886716565
19703,0.1815646272362537,2,8,2,514507,91103,75750,32206,0.8438901033754492,0.2611812600864495
19704,0.181567862246653,15,64,15,514571,91039,75765,32191,0.8432972692578458,0.26122697395114824
19705,0.1815758344005678,27,91,27,514662,90948,75792,32164,0.8424543332468784,0.26125804145818443
19706,0.1815857195707971,11,26,11,514688,90922,75803,32153,0.842213494386602,0.26124720698760917
19707,0.1815975626251782,20,60,20,514748,90862,75823,32133,0.8416577124013487,0.2612545225415667
19708,0.1815985998102575,8,26,8,514774,90836,75831,32125,0.8414168735410723,0.26126170086450173
19709,0.1816077041509793,0,5,0,514779,90831,75831,32125,0.8413705583756346,0.2612723250593708
19710,0.1816143052365604,40,149,40,514928,90682,75871,32085,0.839990366445589,0.2613487337802504
19711,0.1816171888994568,11,18,11,514946,90664,75882,32074,0.839823631850013,0.2613208623246264
19712,0.1816305788290452,2,10,2,514956,90654,75884,32072,0.8397310015191374,0.2613301174975148
19713,0.1816334225404053,3,14,3,514970,90640,75887,32069,0.8396013190559116,0.2613418738641827
19714,0.1816351500130402,4,19,4,514989,90621,75891,32065,0.8394253214272481,0.2613582641866228
19715,0.1816398404801029,7,12,7,515001,90609,75898,32058,0.8393141650301975,0.26134168113673606
19716,0.1816452740003007,4,26,4,515027,90583,75902,32054,0.839073326169921,0.2613729950993583
19717,0.1816468021354762,2,10,2,515037,90573,75904,32052,0.8389806958390456,0.2613822629969419
19718,0.1816597909759158,2,8,2,515045,90565,75906,32050,0.8389065915743451,0.26138726909431964
19719,0.1816643086050824,67,177,67,515222,90388,75973,31983,0.837267034717848,0.2613609433607636
19720,0.1816660479390607,5,10,5,515232,90378,75978,31978,0.8371744043869724,0.2613521200431528
19721,0.1816664378940747,5,17,5,515249,90361,75983,31973,0.8370169328244841,0.26135824872888974
19722,0.181676332884488,2,15,2,515264,90346,75985,31971,0.8368779873281708,0.2613782221604519
19723,0.1816861258618138,0,3,0,515267,90343,75985,31971,0.836850198228908,0.2613846329937701
19724,0.181687799581957,4,26,4,515293,90317,75989,31967,0.8366093593686317,0.2614160478885218
19725,0.1816901799528854,6,3,6,515296,90314,75995,31961,0.836581570269369,0.26138621958699654
19726,0.1816963444256415,0,2,0,515298,90312,75995,31961,0.8365630442031939,0.261390495039788
19727,0.1816973836404284,0,6,0,515304,90306,75995,31961,0.8365074660046685,0.2614033222373985
19728,0.1816985348386516,1,2,1,515306,90304,75996,31960,0.8364889399384935,0.26140155728587317
19729,0.181702085042848,0,1,0,515307,90303,75996,31960,0.8364796769054059,0.2614036953125639
19730,0.1817030203568484,16,30,16,515337,90273,76012,31944,0.8362017859127793,0.2613711676771644
19731,0.1817073367706676,1,7,1,515344,90266,76013,31943,0.8361369446811664,0.2613800947557054
19732,0.1817107784059478,3,6,3,515350,90260,76016,31940,0.8360813664826411,0.2613747954173486
19733,0.1817146314593895,1,4,1,515354,90256,76017,31939,0.8360443143502908,0.2613773067637792
19734,0.1817170920927011,1,2,1,515356,90254,76018,31938,0.8360257882841158,0.2613755401335603
19735,0.181719578905528,6,31,6,515387,90223,76024,31932,0.8357386342584016,0.2614055912570095
19736,0.1817204480746976,2,8,2,515395,90215,76026,31930,0.8356645299937011,0.26141061852716035
19737,0.1817219589647515,3,30,3,515425,90185,76029,31927,0.8353866390010745,0.2614566954926625
19738,0.1817250026830331,3,8,3,515433,90177,76032,31924,0.8353125347363741,0.26145568013365983
19739,0.1817334369151371,4,20,4,515453,90157,76036,31920,0.835127274074623,0.2614743153911056
19740,0.1817418716342663,18,41,18,515494,90116,76054,31902,0.8347474897180333,0.261453228212231
19741,0.1817428718101374,2,7,2,515501,90109,76056,31900,0.8346826484864204,0.26145612208935404
19742,0.1817456363750519,0,1,0,515502,90108,76056,31900,0.8346733854533328,0.2614582650318012
19743,0.1817480286690157,6,16,6,515518,90092,76062,31894,0.834525176923932,0.26145623268243895
19744,0.1817559293438491,2,0,2,515518,90092,76064,31892,0.834525176923932,0.2614441238195173
19745,0.1817573565759855,2,32,2,515550,90060,76066,31890,0.8342287598651302,0.2615006150061501
19746,0.1817715720127915,3,6,3,515556,90054,76069,31887,0.8341731816666049,0.2614953133072552
19747,0.1817771451913944,10,32,10,515588,90022,76079,31877,0.8338767646078031,0.2615033757454942
19748,0.1817776829059748,3,7,3,515595,90015,76082,31874,0.8338119233761903,0.26150021741092305
19749,0.1817790659998478,0,4,0,515599,90011,76082,31874,0.8337748712438401,0.26150879927800796
19750,0.18178134264613,4,11,4,515610,90000,76086,31870,0.833672977879877,0.2615081644375154
19751,0.1817817135385927,0,2,0,515612,89998,76086,31870,0.8336544518137019,0.26151245610004265
19752,0.1817832886946008,0,2,0,515614,89996,76086,31870,0.8336359257475268,0.26151674790343493
19753,0.1817847031987849,8,38,8,515652,89958,76094,31862,0.8332839304901997,0.26154982761451323
19754,0.1817856129686305,0,1,0,515653,89957,76094,31862,0.8332746674571122,0.2615519746509165
19755,0.1817874082294414,1,5,1,515658,89952,76095,31861,0.8332283522916744,0.2615566483051891
19756,0.1817882773986109,0,4,0,515662,89948,76095,31861,0.8331913001593242,0.26156523737983234
19757,0.181790058344874,6,15,6,515677,89933,76101,31855,0.8330523546630109,0.261561073340559
19758,0.1817968534848053,38,106,38,515783,89827,76139,31817,0.8320704731557301,0.2615583177139851
19759,0.1818009718343324,2,17,2,515800,89810,76141,31815,0.8319130015932417,0.26158273381294966
19760,0.1818066737906594,25,73,25,515873,89737,76166,31790,0.8312368001778503,0.26158795987722894
19761,0.1818138498677163,1,11,1,515884,89726,76167,31789,0.8311349068138871,0.26160556309920585
19762,0.1818165390395349,13,33,13,515917,89693,76180,31776,0.8308292267219979,0.26159760926656184
19763,0.1818251858998989,4,7,4,515924,89686,76184,31772,0.830764385490385,0.2615883679955211
19764,0.1818372070671612,0,6,0,515930,89680,76184,31772,0.8307088072918597,0.2616012910450219
19765,0.1818503194359143,0,10,0,515940,89670,76184,31772,0.8306161769609841,0.2616228322985458
19766,0.1818508893925754,0,1,0,515941,89669,76184,31772,0.8306069139278965,0.2616249866190166
19767,0.1818588399421705,0,3,0,515944,89666,76184,31772,0.8305791248286339,0.26163144979331016
19768,0.1818636587451605,35,117,35,516061,89549,76219,31737,0.82949534995739,0.2616707616707617
19769,0.1818713930280417,0,3,0,516064,89546,76219,31737,0.8294675608581273,0.26167723423727973
19770,0.1818774426425161,3,12,3,516076,89534,76222,31734,0.8293564044610767,0.2616848632780288
19771,0.1818786520241094,4,12,4,516088,89522,76226,31730,0.8292452480640261,0.2616864051726982
19772,0.1818871497220351,1,3,1,516091,89519,76227,31729,0.8292174589647634,0.2616867907099499
19773,0.1818887902719069,8,9,8,516100,89510,76235,31721,0.8291340916669754,0.2616574968448664
19774,0.181889280367664,11,43,11,516143,89467,76246,31710,0.8287357812442107,0.26168332274276473
19775,0.1818947176293478,16,96,16,516239,89371,76262,31694,0.8278465300678054,0.26179325155907984
19776,0.1818978224391783,1,5,1,516244,89366,76263,31693,0.8278002149023677,0.26179796628090435
19777,0.1819021771751762,0,3,0,516247,89363,76263,31693,0.827772425803105,0.2618044541369284
19778,0.1819030301416006,6,6,6,516253,89357,76269,31687,0.8277168476045796,0.2617808400251148
19779,0.1819142498568278,12,29,12,516282,89328,76281,31675,0.8274482196450406,0.26177036932968606
19780,0.1819174260727565,6,12,6,516294,89316,76287,31669,0.82733706324799,0.26175972227962147
19781,0.1819176686195674,1,0,1,516294,89316,76288,31668,0.82733706324799,0.26175362031342986
19782,0.1819208422127007,8,34,8,516328,89282,76296,31660,0.8270221201230131,0.2617783731044633
19783,0.1819245353317968,2,2,2,516330,89280,76298,31658,0.827003594056838,0.26177049397211793
19784,0.181926953018118,6,14,6,516344,89266,76304,31652,0.8268739115936122,0.26176417076034997
19785,0.1819312449967617,12,26,12,516370,89240,76316,31640,0.8266330727333357,0.2617471872931833
19786,0.181931500152611,13,41,13,516411,89199,76329,31627,0.826253288376746,0.26175657557148296
19787,0.1819446484105998,0,2,0,516413,89197,76329,31627,0.826234762310571,0.26176090842878896
19788,0.181951088530082,6,21,6,516434,89176,76335,31621,0.8260402386157323,0.2617697459373991
19789,0.181954114602248,0,8,0,516442,89168,76335,31621,0.8259661343510319,0.26178708326089295
19790,0.1819593130486934,2,11,2,516453,89157,76337,31619,0.8258642409870688,0.2617987017288203
19791,0.1819635887973068,1,0,1,516453,89157,76338,31618,0.8258642409870688,0.26179258952597806
19792,0.1819640677324873,3,1,3,516454,89156,76341,31615,0.8258549779539812,0.26177641983588773
19793,0.1819652642988657,7,20,7,516474,89136,76348,31608,0.8256697172922302,0.2617769827072153
19794,0.1819714683783997,1,3,1,516477,89133,76349,31607,0.8256419281929676,0.2617773728673182
19795,0.1819806831782728,20,33,20,516510,89100,76369,31587,0.8253362481010782,0.26172661512838996
19796,0.1819808605102918,0,5,0,516515,89095,76369,31587,0.8252899329356405,0.26173745877595667
19797,0.1819837042216519,4,14,4,516529,89081,76373,31583,0.8251602504724147,0.261743353444275
19798,0.1819840533388631,11,18,11,516547,89063,76384,31572,0.8249935158768387,0.2617150909769138
19799,0.1819946102842284,1,2,1,516549,89061,76385,31571,0.8249749898106636,0.2617133099011871
19800,0.1819993294765243,0,5,0,516554,89056,76385,31571,0.8249286746452258,0.26172415794142273
19801,0.1820087747318883,26,101,26,516655,88955,76411,31545,0.8239931083033829,0.26178423236514525
19802,0.1820088780998654,1,8,1,516663,88947,76412,31544,0.8239190040386825,0.261795486799844
19803,0.1820178775438543,0,2,0,516665,88945,76412,31544,0.8239004779725073,0.26179983234984106
19804,0.1820261984155486,4,6,4,516671,88939,76416,31540,0.823844899773982,0.2617883614571834
19805,0.1820288698888804,5,8,5,516679,88931,76421,31535,0.8237707955092816,0.26177510666910164
19806,0.1820362066042942,0,13,0,516692,88918,76421,31535,0.8236503760791434,0.26180335898649265
19807,0.1820423439304502,0,7,0,516699,88911,76421,31535,0.8235855348475305,0.2618185742988559
19808,0.1820426686727098,3,5,3,516704,88906,76424,31532,0.8235392196820926,0.26181105631113105
19809,0.1820514520301294,5,11,5,516715,88895,76429,31527,0.8234373263181296,0.26180432146949895
19810,0.1820526614117227,1,13,1,516728,88882,76430,31526,0.8233169068879914,0.26182645671383964
19811,0.1820628923687436,7,7,7,516735,88875,76437,31519,0.8232520656563785,0.26179876073558483
19812,0.1820750433508855,3,3,3,516738,88872,76440,31516,0.8232242765571158,0.26178688905871017
19813,0.1820752843642797,4,21,4,516759,88851,76444,31512,0.8230297528622772,0.261808030707111
19814,0.1820821019726617,0,1,0,516760,88850,76444,31512,0.8230204898291896,0.2618102058789319
19815,0.1820854614497156,7,5,7,516765,88845,76451,31505,0.8229741746637519,0.2617781470710428
19816,0.1820855780055829,8,3,8,516768,88842,76459,31497,0.8229463855644893,0.26173559693864834
19817,0.1820866640339929,2,17,2,516785,88825,76461,31495,0.8227889140020008,0.26176030585106386
19818,0.182086794968274,4,25,4,516810,88800,76465,31491,0.8225573381748119,0.261790158864753
19819,0.1820959509789224,6,21,6,516831,88779,76471,31485,0.8223628144799733,0.2617990421073638
19820,0.1821004892546515,8,21,8,516852,88758,76479,31477,0.8221682907851346,0.2617956501850543
19821,0.1821042552477374,4,9,4,516861,88749,76483,31473,0.8220849234873467,0.26179068722862703
19822,0.1821074762349135,5,11,5,516872,88738,76488,31468,0.8219830301233836,0.2617839375738316
19823,0.1821130662275213,7,27,7,516899,88711,76495,31461,0.8217329282300196,0.26179975368638286
19824,0.1821135999969059,12,13,12,516912,88698,76507,31449,0.8216125087998815,0.26175435092012284
19825,0.1821149656692464,9,42,9,516954,88656,76516,31440,0.8212234614102042,0.26179056754596325
19826,0.1821251348699856,4,15,4,516969,88641,76520,31436,0.8210845159138909,0.261798679180859
19827,0.1821281239898614,0,1,0,516970,88640,76520,31436,0.8210752528808033,0.26180085945567805
19828,0.182139273686479,0,4,0,516974,88636,76520,31436,0.8210382007484531,0.2618095809181158
19829,0.1821428726747988,1,6,1,516980,88630,76521,31435,0.8209826225499277,0.2618165160538042
19830,0.1821453333081103,3,7,3,516987,88623,76524,31432,0.8209177813183148,0.2618133355545375
19831,0.1821486892901069,3,14,3,517001,88609,76527,31429,0.8207880988550891,0.2618254219497159
19832,0.1821534073294962,1,0,1,517001,88609,76528,31428,0.8207880988550891,0.26181927239101277
19833,0.1821585685020509,7,16,7,517017,88593,76535,31421,0.8206398903256883,0.2618111220357625
19834,0.1821635703880293,1,7,1,517024,88586,76536,31420,0.8205750490940754,0.26182024232121726
19835,0.1821852813946694,12,14,12,517038,88572,76548,31408,0.8204453666308497,0.26177696282713786
19836,0.1821878693748367,2,2,2,517040,88570,76550,31406,0.8204268405646745,0.26176902047076084
19837,0.1821918869314677,0,2,0,517042,88568,76550,31406,0.8204083144984994,0.26177338423325053
19838,0.1821929261462545,3,7,3,517049,88561,76553,31403,0.8203434732668865,0.2617701977259845
19839,0.1821932358251182,0,2,0,517051,88559,76553,31403,0.8203249472007114,0.2617745619446158
19840,0.1821937106990071,2,28,2,517079,88531,76555,31401,0.8200655822742599,0.26182336657439215
19841,0.1821958353903652,0,1,0,517080,88530,76555,31401,0.8200563192411723,0.26182554969107236
19842,0.1822028792764938,1,3,1,517083,88527,76556,31400,0.8200285301419097,0.2618259441160039
19843,0.1822065458118742,2,4,2,517087,88523,76558,31398,0.8199914780095594,0.26182236639120754
19844,0.1822111319468335,22,71,22,517158,88452,76580,31376,0.8193338026603431,0.2618419734953433
19845,0.1822165186140202,5,15,5,517173,88437,76585,31371,0.8191948571640298,0.26184395032051283
19846,0.1822219952606854,8,34,8,517207,88403,76593,31363,0.8188799140390529,0.2618689778401216
19847,0.1822263402108294,0,1,0,517208,88402,76593,31363,0.8188706510059653,0.2618711643635453
19848,0.1822322144412723,9,30,9,517238,88372,76602,31354,0.8185927600133388,0.26188129562501045
19849,0.1822387139071971,2,3,2,517241,88369,76604,31352,0.8185649709140761,0.26187552726756375
19850,0.1822399391335156,2,8,2,517249,88361,76606,31350,0.8184908666493756,0.2618806960095563
19851,0.1822456477066208,5,8,5,517257,88353,76611,31345,0.8184167623846752,0.2618673662049491
19852,0.1822533118228472,3,6,3,517263,88347,76614,31342,0.8183611841861499,0.26186199233012225
19853,0.182262988388492,2,3,2,517266,88344,76616,31340,0.8183333950868873,0.26185622138297515
19854,0.1822632840922923,8,9,8,517275,88335,76624,31332,0.8182500277890993,0.2618265687282208
19855,0.1822770900230949,0,5,0,517280,88330,76624,31332,0.8182037126236615,0.2618375089836372
19856,0.1822814856225268,0,1,0,517281,88329,76624,31332,0.818194449590574,0.261839697144433
19857,0.1822852908416348,0,4,0,517285,88325,76624,31332,0.8181573974582237,0.261848450153355
19858,0.1822870756151346,0,3,0,517288,88322,76624,31332,0.8181296083589611,0.261855015294098
19859,0.1823004867175215,0,4,0,517292,88318,76624,31332,0.8180925562266108,0.26186376932720434
19860,0.1823017554664278,16,14,16,517306,88304,76640,31316,0.8179628737633851,0.2617956863400769
19861,0.1823027120894613,8,5,8,517311,88299,76648,31308,0.8179165585979473,0.2617572550101583
19862,0.1823114888497198,8,33,8,517344,88266,76656,31300,0.8176108785060581,0.2617801047120419
19863,0.1823188739995113,14,61,14,517405,88205,76670,31286,0.8170458334877172,0.2618272505879104
19864,0.1823218988039548,4,8,4,517413,88197,76674,31282,0.8169717292230168,0.261820068798701
19865,0.1823260636545875,0,1,0,517414,88196,76674,31282,0.8169624661899292,0.2618222601650513
19866,0.1823357302530879,7,37,7,517451,88159,76681,31275,0.8166197339656898,0.26186010683724903
19867,0.182344891965475,0,3,0,517454,88156,76681,31275,0.816591944866427,0.26186668452914236
19868,0.1823572545551933,3,4,3,517458,88152,76684,31272,0.8165548927340769,0.26185691318327975
19869,0.1823603696399474,2,2,2,517460,88150,76686,31270,0.8165363666679017,0.26184893652654495
19870,0.1823669355338678,2,1,2,517461,88149,76688,31268,0.8165271036348142,0.2618387666747615
19871,0.1823697971893409,4,28,4,517489,88121,76692,31264,0.8162677387083627,0.2618754449889015
19872,0.1823706709124844,8,16,8,517505,88105,76700,31256,0.8161195301789618,0.2618610769011654
19873,0.1823721528655959,4,10,4,517515,88095,76704,31252,0.8160268998480863,0.2618582788004726
19874,0.1823760809941801,1,3,1,517518,88092,76705,31251,0.8159991107488236,0.2618586762524823
19875,0.1823771219901936,10,28,10,517546,88064,76715,31241,0.8157397458223721,0.26185826243661203
19876,0.1823906218295223,0,8,0,517554,88056,76715,31241,0.8156656415576716,0.2618758225269705
19877,0.1823934496352764,2,9,2,517563,88047,76717,31239,0.8155822742598836,0.2618832050701675
19878,0.1823960046482987,0,4,0,517567,88043,76717,31239,0.8155452221275334,0.2618919870558844
19879,0.1823997095938089,3,7,3,517574,88036,76720,31236,0.8154803808959206,0.2618887920048293
19880,0.1824040195121813,1,0,1,517574,88036,76721,31235,0.8154803808959206,0.2618826034828248
19881,0.1824078830843655,1,0,1,517574,88036,76722,31234,0.8154803808959206,0.26187641485704705
19882,0.1824261902055553,2,6,2,517580,88030,76724,31232,0.8154248026973953,0.26187721151749926
19883,0.182431073620826,6,20,6,517600,88010,76730,31226,0.8152395420356442,0.2618839947666812
19884,0.1824357431309622,3,5,3,517605,88005,76733,31223,0.8151932268702063,0.26187640487133895
19885,0.1824372934799056,0,1,0,517606,88004,76733,31223,0.8151839638371188,0.2618786013235257
19886,0.1824373556720672,8,51,8,517657,87953,76741,31215,0.8147115491496536,0.2619411251342642
19887,0.1824399290254547,8,53,8,517710,87900,76749,31207,0.8142206083960132,0.2620081103545551
19888,0.1824413489195881,1,4,1,517714,87896,76750,31206,0.814183556263663,0.2620107135060704
19889,0.182447356745187,2,25,2,517739,87871,76752,31204,0.8139519804364741,0.26205332773462103
19890,0.1824539978625887,1,2,1,517741,87869,76753,31203,0.813933454370299,0.2620515318462779
19891,0.1824631909219132,12,29,12,517770,87840,76765,31191,0.81366482641076,0.2620409809209366
19892,0.1824687021328214,9,17,9,517787,87823,76774,31182,0.8135073548482715,0.262022604092265
19893,0.1824757648540411,2,4,2,517791,87819,76776,31180,0.8134703027159214,0.2620190085630972
19894,0.1824844352100107,1,7,1,517798,87812,76777,31179,0.8134054614843084,0.2620282206217277
19895,0.1824854982373331,1,1,1,517799,87811,76778,31178,0.8133961984512209,0.2620242207262856
19896,0.1824940195294686,1,3,1,517802,87808,76779,31177,0.8133684093519582,0.26202462495272516
19897,0.1824974067621136,3,4,3,517806,87804,76782,31174,0.813331357219608,0.26201482627040296
19898,0.1824998361447766,9,12,9,517818,87792,76791,31165,0.8132202008225573,0.26198542330421914
19899,0.18250181250424,31,116,31,517934,87676,76822,31134,0.8121456889844011,0.2620486491036108
19900,0.1825023786684405,4,9,4,517943,87667,76826,31130,0.8120623216866131,0.26204365430103455
19901,0.1825051404894627,2,27,2,517970,87640,76828,31128,0.8118122197932491,0.26209079886838205
19902,0.1825171680669751,0,7,0,517977,87633,76828,31128,0.8117473785616363,0.26210624700027785
19903,0.182519344079466,2,6,2,517983,87627,76830,31126,0.811691800363111,0.2621070625584196
19904,0.182520015054112,3,3,3,517986,87624,76833,31123,0.8116640112638482,0.2620950424010712
19905,0.1825205011740123,4,21,4,518007,87603,76837,31119,0.8114694875690096,0.2621165411633901
19906,0.1825436675000474,2,10,2,518017,87593,76839,31117,0.811376857238134,0.26212618987448405
19907,0.1825438065769543,1,3,1,518020,87590,76840,31116,0.8113490681388714,0.26212659848701836
19908,0.1825439923802536,10,18,10,518038,87572,76850,31106,0.8111823335432954,0.2621041810613593
19909,0.1825550640799436,11,21,11,518059,87551,76861,31095,0.8109878098484568,0.2620821603762453
19910,0.1825552430779866,6,13,6,518072,87538,76867,31089,0.8108673904183186,0.262073558296172
19911,0.1825584864282475,8,16,8,518088,87522,76875,31081,0.8107191818889177,0.2620591384703591
19912,0.1825614136280801,32,71,32,518159,87451,76907,31049,0.8100615065397013,0.2620168776371308
19913,0.18256690233011,2,8,2,518167,87443,76909,31047,0.8099874022750009,0.2620221115705967
19914,0.1825674590228897,1,0,1,518167,87443,76910,31046,0.8099874022750009,0.2620158833309421
19915,0.1825676654686899,6,9,6,518176,87434,76916,31040,0.809904034977213,0.26199841315394096
19916,0.1825682198115394,16,40,16,518216,87394,76932,31024,0.8095335136537107,0.2619871978922123
19917,0.1825694756834975,1,9,1,518225,87385,76933,31023,0.8094501463559228,0.2620008783190325
19918,0.1825738208770206,0,1,0,518226,87384,76933,31023,0.8094408833228353,0.2620030910334693
19919,0.1825868097174601,2,14,2,518240,87370,76935,31021,0.8093112008596095,0.262021606372106
19920,0.1825874568175275,6,18,6,518258,87352,76941,31015,0.8091444662640335,0.26202404386357686
19921,0.1825879661090683,2,2,2,518260,87350,76943,31013,0.8091259401978584,0.2620160016221285
19922,0.1825889869047414,0,1,0,518261,87349,76943,31013,0.8091166771647709,0.26201821530558794
19923,0.1825933926468678,3,12,3,518273,87337,76946,31010,0.8090055207677201,0.26202607586166105
19924,0.1825963934548261,1,1,1,518274,87336,76947,31009,0.8089962577346326,0.262022054163674
19925,0.1825968954421182,3,8,3,518282,87328,76950,31006,0.8089221534699322,0.26202105903628714
19926,0.1825981110303956,2,4,2,518286,87324,76952,31004,0.808885101337582,0.26201744303968627
19927,0.1826058005426716,7,16,7,518302,87308,76959,30997,0.8087368928081811,0.26200921347364864
19928,0.1826073993517541,4,32,4,518334,87276,76963,30993,0.8084404757493794,0.2620551454734546
19929,0.1826086087333474,5,18,5,518352,87258,76968,30988,0.8082737411538033,0.2620638330260643
19930,0.1826145078322508,0,1,0,518353,87257,76968,30988,0.8082644781207159,0.26206604930441035
19931,0.1826161044663749,1,5,1,518358,87252,76969,30987,0.808218162955278,0.26207089031537817
19932,0.1826302283314828,1,13,1,518371,87239,76970,30986,0.8080977435251399,0.2620934658490167
19933,0.182631303342074,6,20,6,518391,87219,76976,30980,0.8079124828633888,0.2621003561789863
19934,0.1826346871475055,1,2,1,518393,87217,76977,30979,0.8078939567972137,0.26209854817421907
19935,0.1826355725228814,2,7,2,518400,87210,76979,30977,0.8078291155656008,0.2621015847766675
19936,0.1826367058121453,5,24,5,518424,87186,76984,30972,0.8076068027714995,0.26212359721728534
19937,0.1826474668162419,2,1,2,518425,87185,76986,30970,0.807597539738412,0.2621133257162202
19938,0.1826481659176965,4,2,4,518427,87183,76990,30966,0.8075790136722368,0.26209278114922685
19939,0.1826493930546291,0,1,0,518428,87182,76990,30966,0.8075697506391493,0.26209499949216236
19940,0.182650180597096,1,15,1,518443,87167,76991,30965,0.8074308051428359,0.2621220329800562
19941,0.1826521466948146,3,8,3,518451,87159,76994,30962,0.8073567008781355,0.26212104536873204
19942,0.1826529937707079,5,3,5,518454,87156,76999,30957,0.8073289117788729,0.2620964669426735
19943,0.1826546165425104,4,28,4,518482,87128,77003,30953,0.8070695468524214,0.26213362014210584
19944,0.1826578450652565,6,11,6,518493,87117,77009,30947,0.8069676534884582,0.26212054478926683
19945,0.1826604556566815,12,30,12,518523,87087,77021,30935,0.8066897624958317,0.2621121485824677
19946,0.1826614284325446,2,3,2,518526,87084,77023,30933,0.806661973396569,0.2621063067185236
19947,0.1826639382744938,0,1,0,518527,87083,77023,30933,0.8066527103634814,0.26210852765726683
19948,0.1826670342211706,5,5,5,518532,87078,77028,30928,0.8066063951980437,0.26208836838804805
19949,0.1826686291472381,2,8,2,518540,87070,77030,30926,0.8065322909333432,0.2620936302925523
19950,0.1826763880560538,0,2,0,518542,87068,77030,30926,0.8065137648671681,0.2620980727833619
19951,0.1826839337902883,0,3,0,518545,87065,77030,30926,0.8064859757679055,0.26210473680195945
19952,0.1826897117118418,3,2,3,518547,87063,77033,30923,0.8064674497017303,0.2620904175071619
19953,0.1826936666013802,1,4,1,518551,87059,77034,30922,0.8064303975693801,0.26209304888075197
19954,0.1826940244417253,1,0,1,518551,87059,77035,30921,0.8064303975693801,0.26208679437192745
19955,0.1826973806852994,3,5,3,518556,87054,77038,30918,0.8063840824039423,0.2620791374224392
19956,0.1826982284841504,1,11,1,518567,87043,77039,30917,0.8062821890399793,0.26209732112580536
19957,0.1827029331474026,0,3,0,518570,87040,77039,30917,0.8062543999407166,0.262103987046127
19958,0.1827072755074995,5,11,5,518581,87029,77044,30912,0.8061525065767535,0.26209715027005026
19959,0.1827152961401553,1,0,1,518581,87029,77045,30911,0.8061525065767535,0.26209089367474986
19960,0.1827170034755703,0,6,0,518587,87023,77045,30911,0.8060969283782282,0.262104227788424
19961,0.1827176768876607,0,1,0,518588,87022,77045,30911,0.8060876653451406,0.2621064502726124
19962,0.1827186640941882,24,72,24,518660,86950,77069,30887,0.8054207269628367,0.2621163132123187
19963,0.182720952593731,11,33,11,518693,86917,77080,30876,0.8051150468709474,0.26212083909909756
19964,0.1827324958158608,8,10,8,518703,86907,77088,30868,0.8050224165400719,0.26209297389089364
19965,0.1827330489448475,8,30,8,518733,86877,77096,30860,0.8047445255474452,0.2621096171976524
19966,0.1827422291991528,2,1,2,518734,86876,77098,30858,0.8047352625143577,0.2620993086109365
19967,0.1827545932180647,1,3,1,518737,86873,77099,30857,0.8047074734150951,0.2620997196976132
19968,0.1827588265981184,3,7,3,518744,86866,77102,30854,0.8046426321834822,0.26209650016989466
19969,0.1827639328516878,2,1,2,518745,86865,77104,30852,0.8046333691503946,0.26208618976018755
19970,0.1827662524701881,0,1,0,518746,86864,77104,30852,0.8046241061173071,0.2620884161881138
19971,0.1827696776818361,6,20,6,518766,86844,77110,30846,0.804438845455556,0.26209533520265105
19972,0.1827779081341198,1,9,1,518775,86835,77111,30845,0.804355478157768,0.26210910944935417
19973,0.1827814087393674,0,2,0,518777,86833,77111,30845,0.8043369520915928,0.2621135641326331
19974,0.1827816933528574,1,3,1,518780,86830,77112,30844,0.8043091629923302,0.262113975899519
19975,0.1827826181209607,0,3,0,518783,86827,77112,30844,0.8042813738930675,0.26212065844600624
19976,0.1827833670730006,4,18,4,518801,86809,77116,30840,0.8041146392974916,0.26213567476136646
19977,0.1827864934181015,3,5,3,518806,86804,77119,30837,0.8040683241320538,0.26212799959197897
19978,0.1827867756681704,6,33,6,518839,86771,77125,30831,0.8037626440401645,0.26216390877706164
19979,0.1827868069576056,10,41,10,518880,86730,77135,30821,0.8033828596835748,0.2621925802417674
19980,0.1827983135638168,6,19,6,518899,86711,77141,30815,0.8032068620549112,0.2621973010227524
19981,0.182800398461867,3,7,3,518906,86704,77144,30812,0.8031420208232983,0.2621940842098097
19982,0.182805933452848,2,4,2,518910,86700,77146,30810,0.8031049686909482,0.262190451876436
19983,0.1828147781996859,2,7,2,518917,86693,77148,30808,0.8030401274593353,0.26219351324669576
19984,0.1828196466129746,0,1,0,518918,86692,77148,30808,0.8030308644262477,0.26219574468085105
19985,0.18282165395208,0,4,0,518922,86688,77148,30808,0.8029938122938975,0.26220467079730375
19986,0.1828221753053099,0,1,0,518923,86687,77148,30808,0.80298454926081,0.2622069024213796
19987,0.1828241899847093,0,2,0,518925,86685,77148,30808,0.8029660231946348,0.26221136578349347
19988,0.1828280257134579,2,2,2,518927,86683,77150,30806,0.8029474971284597,0.26220327009337047
19989,0.1828347168912573,2,3,2,518930,86680,77152,30804,0.8029197080291971,0.2621974056041674
19990,0.1828361242997748,1,2,1,518932,86678,77153,30803,0.802901181963022,0.26219558907397794
19991,0.1828367843998094,4,18,4,518950,86660,77157,30799,0.802734447367446,0.2622106437139768
19992,0.1828407562796041,20,26,20,518976,86634,77177,30779,0.8024936085071696,0.2621430335652781
19993,0.1828476884433602,5,8,5,518984,86626,77182,30774,0.8024195042424691,0.262129471890971
19994,0.1828478345279885,1,6,1,518990,86620,77183,30773,0.8023639260439438,0.2621365839530466
19995,0.1828492706858537,10,10,10,519000,86610,77193,30763,0.8022712957130683,0.2620960527548925
19996,0.1828514968348927,9,8,9,519008,86602,77202,30754,0.8021971914483679,0.2620573298340093
19997,0.1828515540733412,3,12,3,519020,86590,77205,30751,0.8020860350513173,0.2620652627811251
19998,0.1828520941854865,36,103,36,519123,86487,77241,30715,0.8011319426432991,0.26206890667394755
19999,0.1828612578244638,6,1,6,519124,86486,77247,30709,0.8011226796102116,0.2620333631980887
20000,0.1828674497482217,0,5,0,519129,86481,77247,30709,0.8010763644447738,0.2620445430497483
20001,0.1828722158217343,4,12,4,519141,86469,77251,30705,0.8009652080477232,0.26204618772082544
20002,0.1828730973287917,1,6,1,519147,86463,77252,30704,0.8009096298491978,0.26205330852543807
20003,0.1828736583087288,0,2,0,519149,86461,77252,30704,0.8008911037830228,0.2620577817607647
20004,0.1828783558107982,3,5,3,519154,86456,77255,30701,0.8008447886175849,0.26205006956477206
20005,0.1828792271155967,18,27,18,519181,86429,77273,30683,0.800594686724221,0.2619970626408908
20006,0.1828958550373712,1,0,1,519181,86429,77274,30682,0.800594686724221,0.2619907609020502
20007,0.1829048968795162,5,2,5,519183,86427,77279,30677,0.8005761606580458,0.26196372455253447
20008,0.1829121291447214,1,3,1,519186,86424,77280,30676,0.8005483715587832,0.26196413321947054
20009,0.1829139023479045,27,65,27,519251,86359,77307,30649,0.7999462744080922,0.2619393545740462
20010,0.1829163536156484,0,15,0,519266,86344,77307,30649,0.7998073289117789,0.2619729385518792
20011,0.1829169955417345,9,20,9,519286,86324,77316,30640,0.7996220682500278,0.26196094524811053
20012,0.1829328359857318,0,2,0,519288,86322,77316,30640,0.7996035421838527,0.26196542466784084
20013,0.1829344016507322,1,0,1,519288,86322,77317,30639,0.7996035421838527,0.2619591145766538
20014,0.1829436743281143,5,18,5,519306,86304,77322,30634,0.7994368075882767,0.2619678804152628
20015,0.1829466378953134,18,20,18,519326,86284,77340,30616,0.7992515469265257,0.26189905902480753
20016,0.1829496304741544,0,1,0,519327,86283,77340,30616,0.7992422838934381,0.2619012994123132
20017,0.1829554663777272,14,34,14,519361,86249,77354,30602,0.7989273407684613,0.2618890724084518
20018,0.1829574939306109,8,27,8,519388,86222,77362,30594,0.7986772388750972,0.261899054923983
20019,0.182964135385109,6,12,6,519400,86210,77368,30588,0.7985660824780466,0.26188804602818544
20020,0.1829653509733864,1,2,1,519402,86208,77369,30587,0.7985475564118715,0.2618862108823152
20021,0.1829735560902822,1,0,1,519402,86208,77370,30586,0.7985475564118715,0.26187989109029575
20022,0.1829744078494804,0,3,0,519405,86205,77370,30586,0.7985197673126089,0.2618866179757002
20023,0.182977738883738,14,44,14,519449,86161,77384,30572,0.7981121938567565,0.2618968072438813
20024,0.1829827172130787,5,18,5,519467,86143,77389,30567,0.7979454592611804,0.2619055779281981
20025,0.182988101310147,0,2,0,519469,86141,77389,30567,0.7979269331950054,0.2619100661479933
20026,0.1829929677071601,6,12,6,519481,86129,77395,30561,0.7978157767979547,0.26189904876167625
20027,0.1830026062211016,2,12,2,519493,86117,77397,30559,0.7977046204009041,0.2619133326476739
20028,0.183003821809379,0,6,0,519499,86111,77397,30559,0.7976490422023788,0.2619268020913688
20029,0.1830054824905323,4,11,4,519510,86100,77401,30555,0.7975471488384156,0.2619261926192619
20030,0.1830177486410235,23,51,23,519561,86049,77424,30532,0.7970747341509504,0.26189516301970306
20031,0.1830216143286987,33,109,33,519670,85940,77457,30499,0.796065063544407,0.26193113991016753
20032,0.183026643447984,1,6,1,519676,85934,77458,30498,0.7960094853458817,0.26193829874948465
20033,0.1830314385431527,5,10,5,519686,85924,77463,30493,0.7959168550150061,0.26192909970193357
20034,0.1830380313578344,1,4,1,519690,85920,77464,30492,0.7958798028826559,0.2619317596124111
20035,0.1830386541969924,4,15,4,519705,85905,77468,30488,0.7957408573863426,0.261940151040011
20036,0.1830396805806921,3,4,3,519709,85901,77471,30485,0.7957038052539923,0.2619301290533226
20037,0.1830566767955793,13,29,13,519738,85872,77484,30472,0.7954351772944533,0.26191294780994295
20038,0.1830582585121816,14,20,14,519758,85852,77498,30458,0.7952499166327022,0.26186914280801304
20039,0.1830592501489668,9,16,9,519774,85836,77507,30449,0.7951017081033014,0.26184804574966675
20040,0.1830733737449426,1,5,1,519779,85831,77508,30448,0.7950553929378635,0.26185295711177425
20041,0.1830757080316512,0,2,0,519781,85829,77508,30448,0.7950368668716885,0.26185746106280694
20042,0.1830774562255768,13,44,13,519825,85785,77521,30435,0.7946292934158361,0.2618740320082602
20043,0.183077779487069,30,103,30,519928,85682,77551,30405,0.793675201007818,0.26191563224133624
20044,0.1830789062671295,1,0,1,519928,85682,77552,30404,0.793675201007818,0.2619092741588133
20045,0.1830868470572793,0,4,0,519932,85678,77552,30404,0.7936381488754678,0.2619182991333712
20046,0.1830872404890863,0,1,0,519933,85677,77552,30404,0.7936288858423802,0.26192055547419474
20047,0.183089443652612,5,14,5,519947,85663,77557,30399,0.7934992033791545,0.2619203529148214
20048,0.1830968703626474,0,6,0,519953,85657,77557,30399,0.7934436251806292,0.2619338939822155
20049,0.1830985401711232,5,11,5,519964,85646,77562,30394,0.793341731816666,0.2619269217511203
20050,0.1831123001362138,8,41,8,520005,85605,77570,30386,0.7929619474600763,0.2619686010121475
20051,0.1831154522954466,0,1,0,520006,85604,77570,30386,0.7929526844269887,0.26197085955685834
20052,0.1831264696995597,3,16,3,520022,85588,77573,30383,0.792804475897588,0.26198791077079614
20053,0.1831311727946786,1,3,1,520025,85585,77574,30382,0.7927766867983252,0.2619883242646615
20054,0.183137057349417,12,48,12,520073,85537,77586,30370,0.7923320612101227,0.26202041291725264
20055,0.1831437084235226,1,1,1,520074,85536,77587,30369,0.7923227981770351,0.262016306457875
20056,0.1831487432994369,8,18,8,520092,85518,77595,30361,0.7921560635814591,0.2620060580433038
20057,0.1831499526810302,10,12,10,520104,85506,77605,30351,0.7920449071844085,0.2619694968797742
20058,0.1831521187747033,0,5,0,520109,85501,77605,30351,0.7919985920189707,0.26198080309360217
20059,0.1831546763811926,1,1,1,520110,85500,77606,30350,0.7919893289858831,0.2619766940008632
20060,0.1831587895284523,0,3,0,520113,85497,77606,30350,0.7919615398866204,0.2619834782083265
20061,0.1831649538875704,0,1,0,520114,85496,77606,30350,0.7919522768535329,0.2619857396888973
20062,0.1831690363682046,1,11,1,520125,85485,77607,30349,0.7918503834895698,0.26200424745756856
20063,0.1831693596296968,4,11,4,520136,85474,77611,30345,0.7917484901256068,0.2620036436163324
20064,0.1831696436306712,0,4,0,520140,85470,77611,30345,0.7917114379932565,0.26201269265639165
20065,0.1831849587159186,2,3,2,520143,85467,77613,30343,0.7916836488939939,0.2620067351696745
20066,0.1831862234536221,2,7,2,520150,85460,77615,30341,0.791618807662381,0.26200982720356475
20067,0.1831887968070096,3,6,3,520156,85454,77618,30338,0.7915632294638556,0.2620042835429045
20068,0.183190120313751,2,8,2,520164,85446,77620,30336,0.7914891251991553,0.26200963880395917
20069,0.1831917580286368,0,1,0,520165,85445,77620,30336,0.7914798621660677,0.2620119017800848
20070,0.1831964299838889,11,27,11,520192,85418,77631,30325,0.7912297602727036,0.2620028857036711
20071,0.1831972603644449,7,1,7,520193,85417,77638,30318,0.7912204972396162,0.26196051324145675
20072,0.1832067779410396,4,14,4,520207,85403,77642,30314,0.7910908147763904,0.26196669460839805
20073,0.1832224975029809,4,15,4,520222,85388,77646,30310,0.7909518692800771,0.26197514218050444
20074,0.1832286374920448,0,6,0,520228,85382,77646,30310,0.7908962910815518,0.2619887286934274
20075,0.1832296818353241,1,7,1,520235,85375,77647,30309,0.7908314498499389,0.2619982019985478
20076,0.183232267899795,3,7,3,520242,85368,77650,30306,0.790766608618326,0.26199491674879405
20077,0.1832491905549803,22,99,22,520341,85269,77672,30284,0.7898495683426581,0.2620788728981506
20078,0.1832580653255519,18,53,18,520394,85216,77690,30266,0.7893586275890178,0.26208413432396394
20079,0.1832589551610548,0,1,0,520395,85215,77690,30266,0.7893493645559302,0.26208640382400566
20080,0.1832608675167634,2,5,2,520400,85210,77692,30264,0.7893030493904925,0.2620849715087379
20081,0.1832622711269879,1,4,1,520404,85206,77693,30263,0.7892659972581422,0.2620876598913994
20082,0.1832658015823789,3,16,3,520420,85190,77696,30260,0.7891177887287414,0.262104807275877
20083,0.1832879687793071,0,2,0,520422,85188,77696,30260,0.7890992626625662,0.2621093479315363
20084,0.1832923537555527,31,69,31,520491,85119,77727,30229,0.788460113379525,0.26206782952456914
20085,0.1833001705458012,4,5,4,520496,85114,77731,30225,0.7884137982140872,0.26205359852261595
20086,0.1833033277745455,4,2,4,520498,85112,77735,30221,0.7883952721479122,0.2620325492270209
20087,0.1833123356476446,3,1,3,520499,85111,77738,30218,0.7883860091148246,0.262015624864518
20088,0.1833170198788936,3,10,3,520509,85101,77741,30215,0.788293378783949,0.2620191473863124
20089,0.183317717811136,2,0,2,520509,85101,77743,30213,0.788293378783949,0.26200634788490557
20090,0.18331925247628,6,13,6,520522,85088,77749,30207,0.7881729593538108,0.26199748471312717
20091,0.1833225288541921,0,1,0,520523,85087,77749,30207,0.7881636963207233,0.2619997571426093
20092,0.1833227526870502,1,5,1,520528,85082,77750,30206,0.7881173811552855,0.26200471861772257
20093,0.1833239620686435,0,2,0,520530,85080,77750,30206,0.7880988550891104,0.2620092639175615
20094,0.1833349018259099,2,2,2,520532,85078,77752,30204,0.7880803290229352,0.2620010062282056
20095,0.1833363245990824,0,4,0,520536,85074,77752,30204,0.7880432768905851,0.26201009732993286
20096,0.1833442319125445,8,30,8,520566,85044,77760,30196,0.7877653858979584,0.2620270739326623
20097,0.1833508064836372,1,3,1,520569,85041,77761,30195,0.7877375967986958,0.2620274914089347
20098,0.1833524476593912,0,2,0,520571,85039,77761,30195,0.7877190707325207,0.2620320391551105
20099,0.1833532089470996,0,1,0,520572,85038,77761,30195,0.7877098076994331,0.26203431308739683
20100,0.1833625897092858,14,35,14,520607,85003,77775,30181,0.7873856015413687,0.26202423947770526
20101,0.1833704393715023,4,10,4,520617,84993,77779,30177,0.7872929712104931,0.2620213597290961
20102,0.1833711570984588,1,2,1,520619,84991,77780,30176,0.7872744451443181,0.26201950211432096
20103,0.1833770894555991,0,1,0,520620,84990,77780,30176,0.7872651821112305,0.26202177726064985
20104,0.1833781226269344,2,4,2,520624,84986,77782,30174,0.7872281299788803,0.26201806182702325
20105,0.1833885404977451,16,39,16,520663,84947,77798,30158,0.7868668716884657,0.26200425698275487
20106,0.1833897972917898,1,3,1,520666,84944,77799,30157,0.786839082589203,0.26200467415574147
20107,0.1834081103882427,1,1,1,520667,84943,77800,30156,0.7868298195561154,0.262000538666713
20108,0.1834131442140697,47,150,47,520817,84793,77847,30109,0.7854403645929823,0.2620406955492507
20109,0.1834157175674572,46,164,46,520981,84629,77893,30063,0.7839212271666235,0.2621194154779758
20110,0.1834210382710129,0,1,0,520982,84628,77893,30063,0.7839119641335359,0.2621217009181191
20111,0.1834224952963604,3,2,3,520984,84626,77896,30060,0.7838934380673608,0.2621069703363968
20112,0.183426854886321,5,4,5,520988,84622,77901,30055,0.7838563859350106,0.2620839401100482
20113,0.1834277379068234,22,53,22,521041,84569,77923,30033,0.7833654451813702,0.2620634892933806
20114,0.1834362805146012,1,1,1,521042,84568,77924,30032,0.7833561821482826,0.2620593368237347
20115,0.1834373197293881,3,10,3,521052,84558,77927,30029,0.7832635518174071,0.26206288671489786
20116,0.1834377935888768,1,5,1,521057,84553,77928,30028,0.7832172366519693,0.2620678821095993
20117,0.1834400571854897,0,5,0,521062,84548,77928,30028,0.7831709214865316,0.2620793185309314
20118,0.1834531609457086,10,43,10,521105,84505,77938,30018,0.7827726110637667,0.2621132872872698
20119,0.1834566188575566,2,6,2,521111,84499,77940,30016,0.7827170328652414,0.26211413351962626
20120,0.1834593911651223,1,6,1,521117,84493,77941,30015,0.7826614546667161,0.2621214238306494
20121,0.1834602205799362,5,24,5,521141,84469,77946,30010,0.7824391418726148,0.2621441487084968
20122,0.183462442982029,2,14,2,521155,84455,77948,30008,0.782309459409389,0.26216331915116675
20123,0.1834638369508557,4,4,4,521159,84451,77952,30004,0.7822724072770388,0.26214669520772355
20124,0.1834655207564153,7,8,7,521167,84443,77959,29997,0.7821983030123384,0.2621198881509961
20125,0.1834741799334145,0,1,0,521168,84442,77959,29997,0.7821890399792508,0.2621221786279153
20126,0.1834776165542295,3,9,3,521177,84433,77962,29994,0.7821056726814628,0.2621234498850796
20127,0.1834808331657429,7,11,7,521188,84422,77969,29987,0.7820037793174998,0.2621035058430718
20128,0.1834895460692414,16,30,16,521218,84392,77985,29971,0.7817258883248731,0.2620690258212883
20129,0.1834944497773155,3,16,3,521234,84376,77988,29968,0.7815776797954722,0.262086335968656
20130,0.1835024004559498,0,5,0,521239,84371,77988,29968,0.7815313646300345,0.26209779690219437
20131,0.183512675838018,0,1,0,521240,84370,77988,29968,0.7815221015969469,0.2621000892091868
20132,0.1835137031247111,0,9,0,521249,84361,77988,29968,0.7814387342991589,0.2621207217766271
20133,0.1835150882726886,0,3,0,521252,84358,77988,29968,0.7814109451998963,0.2621276000209926
20134,0.1835182413001579,2,9,2,521261,84349,77990,29966,0.7813275779021083,0.2621353278222455
20135,0.1835190020888076,1,5,1,521266,84344,77991,29965,0.7812812627366705,0.2621403389059479
20136,0.1835193180494512,4,13,4,521279,84331,77995,29961,0.7811608433065322,0.2621443320617366
20137,0.1835225325441986,5,19,5,521298,84312,78000,29956,0.7809848456778687,0.2621556341232891
20138,0.1835255109960572,3,14,3,521312,84298,78003,29953,0.780855163214643,0.2621683836465326
20139,0.1835326320698346,6,5,6,521317,84293,78009,29947,0.7808088480492053,0.26214110644257704
20140,0.1835363424264006,26,57,26,521374,84236,78035,29921,0.7802808551632147,0.26210394456756925
20141,0.1835385588351977,0,6,0,521380,84230,78035,29921,0.7802252769646894,0.2621177212639399
20142,0.1835426908721126,3,10,3,521390,84220,78038,29918,0.7801326466338138,0.26212129176961224
20143,0.1835452642255,11,23,11,521413,84197,78049,29907,0.7799195968728,0.2621029937600785
20144,0.1835487148421796,10,11,10,521424,84186,78059,29897,0.779817703508837,0.2620635852843982
20145,0.1835521407894907,38,110,38,521534,84076,78097,29859,0.7787987698692059,0.26207047878176154
20146,0.1835560130710237,1,15,1,521549,84061,78098,29858,0.7786598243728926,0.26209850858943634
20147,0.1835625498853584,8,26,8,521575,84035,78106,29850,0.7784189855126162,0.2621065109540326
20148,0.18356324535953,17,65,17,521640,83970,78123,29833,0.7778168883619252,0.2621459891215522
20149,0.1835718230179949,1,8,1,521648,83962,78124,29832,0.7777427840972247,0.2621579345132432
20150,0.1835784029527581,0,2,0,521650,83960,78124,29832,0.7777242580310497,0.26216254218222723
20151,0.1835811262118692,4,4,4,521654,83956,78128,29828,0.7776872058986994,0.2621458201504605
20152,0.1835899184599482,26,61,26,521715,83895,78154,29802,0.7771221608803587,0.26211773397714977
20153,0.1835956478887825,9,23,9,521738,83872,78163,29793,0.7769091111193449,0.26211234768838254
20154,0.1836004613937479,0,3,0,521741,83869,78163,29793,0.7768813220200823,0.2621192658936144
20155,0.1836009628743642,13,45,13,521786,83824,78176,29780,0.7764644855311423,0.2621386570895391
20156,0.183601414162502,7,6,7,521792,83818,78183,29773,0.776408907332617,0.26210703312762457
20157,0.1836049446759406,1,4,1,521796,83814,78184,29772,0.7763718552002667,0.262109767048756
20158,0.1836062780090559,6,17,6,521813,83797,78190,29766,0.7762143836377784,0.26211001822776786
20159,0.1836082210538527,0,4,0,521817,83793,78190,29766,0.7761773315054281,0.26211925078593507
20160,0.1836103798237857,0,2,0,521819,83791,78190,29766,0.776158805439253,0.26212386730892856
20161,0.1836113291170014,2,1,2,521820,83790,78192,29764,0.7761495424061655,0.2621131796325977
20162,0.1836124943541479,25,52,25,521872,83738,78217,29739,0.7756678646856127,0.26207072798893166
20163,0.1836159152715226,1,9,1,521881,83729,78218,29738,0.7755844973878246,0.2620850115011413
20164,0.183619970113404,2,9,2,521890,83720,78220,29736,0.7755011300900366,0.2620927936821323
20165,0.1836217401857638,3,4,3,521894,83716,78223,29733,0.7754640779576865,0.26208252166171586
20166,0.1836252472256948,1,8,1,521902,83708,78224,29732,0.775389973692986,0.2620944992947814
20167,0.183627170333322,1,5,1,521907,83703,78225,29731,0.7753436585275483,0.2620995468730716
20168,0.1836274763974563,24,72,24,521979,83631,78249,29707,0.7746767201452444,0.2621097954790097
20169,0.1836309343112032,17,25,17,522004,83606,78266,29690,0.7744451443180556,0.2620569128654145
20170,0.1836348535887541,3,10,3,522014,83596,78269,29687,0.77435251398718,0.26206050334118974
20171,0.1836452714595648,16,53,16,522067,83543,78285,29671,0.7738615732335395,0.2620788948363277
20172,0.1836482819089463,17,36,17,522103,83507,78302,29654,0.7735281040423876,0.26205141347283956
20173,0.1836508105690301,7,15,7,522118,83492,78309,29647,0.7733891585460744,0.26204049885539027
20174,0.1836534232084058,19,64,19,522182,83428,78328,29628,0.7727963244284709,0.2620648174356071
20175,0.1836543751181836,0,9,0,522191,83419,78328,29628,0.7727129571306829,0.26208568117685566
20176,0.1836550576541001,2,2,2,522193,83417,78330,29626,0.7726944310645077,0.2620772626345727
20177,0.1836554483685992,1,0,1,522193,83417,78331,29625,0.7726944310645077,0.262070734771147
20178,0.1836576514960957,1,4,1,522197,83413,78332,29624,0.7726573789321576,0.2620734803648363
20179,0.1836577477838615,4,12,4,522209,83401,78336,29620,0.7725462225351069,0.26207518956654074
20180,0.1836579230507334,2,3,2,522212,83398,78338,29618,0.7725184334358443,0.262069087562823
20181,0.1836585060346895,1,7,1,522219,83391,78339,29617,0.7724535922042314,0.26207879088206143
20182,0.1836595936985434,29,70,29,522289,83321,78368,29588,0.7718051798881026,0.2620517407824
20183,0.1836627816552596,0,1,0,522290,83320,78368,29588,0.771795916855015,0.2620540617139618
20184,0.1836654897056156,7,9,7,522299,83311,78375,29581,0.771712549557227,0.2620291960457783
20185,0.1836684591649289,0,4,0,522303,83307,78375,29581,0.7716754974248768,0.26203848061795765
20186,0.183668588714035,2,4,2,522307,83303,78377,29579,0.7716384452925266,0.26203469109335414
20187,0.1836741073329693,0,3,0,522310,83300,78377,29579,0.771610656193264,0.2620416552237351
20188,0.1836801485555316,0,1,0,522311,83299,78377,29579,0.7716013931601764,0.2620439766827903
20189,0.1836822216957155,15,21,15,522332,83278,78392,29564,0.7714068694653378,0.2619946473830666
20190,0.1836865602911717,13,32,13,522364,83246,78405,29551,0.771110452406536,0.2619839180120039
20191,0.1836886724287394,1,3,1,522367,83243,78406,29550,0.7710826633072734,0.2619843430000089
20192,0.1836927920175729,3,9,3,522376,83234,78409,29547,0.7709992960094854,0.2619856181449003
20193,0.1836930114764209,0,2,0,522378,83232,78409,29547,0.7709807699433102,0.2619902641449206
20194,0.1836940506912077,1,13,1,522391,83219,78410,29546,0.770860350513172,0.2620139227597215
20195,0.1836977123511894,15,31,15,522422,83188,78425,29531,0.7705731964874578,0.2619877749092877
20196,0.1837008032483623,0,4,0,522426,83184,78425,29531,0.7705361443551076,0.2619970722618995
20197,0.1837063435936243,3,7,3,522433,83177,78428,29528,0.7704713031234948,0.2619937003682179
20198,0.183710351814014,6,20,6,522453,83157,78434,29522,0.7702860424617437,0.26200090522635094
20199,0.1837131758537668,4,19,4,522472,83138,78438,29518,0.7701100448330801,0.2620188893623065
20200,0.1837215185490884,1,1,1,522473,83137,78439,29517,0.7701007817999926,0.26201466437055054
20201,0.1837234857885373,2,3,2,522476,83134,78441,29515,0.7700729927007299,0.2620085398006196
20202,0.1837248611361353,5,10,5,522486,83124,78446,29510,0.7699803623698543,0.2619990411421063
20203,0.1837257523746467,1,2,1,522488,83122,78447,29509,0.7699618363036793,0.26199714110680006
20204,0.1837280857575323,1,27,1,522515,83095,78448,29508,0.7697117344103153,0.26205340887898193
20205,0.1837311122512506,0,1,0,522516,83094,78448,29508,0.7697024713772278,0.26205573613257316
20206,0.1837315689899547,4,15,4,522531,83079,78452,29504,0.7695635258809145,0.2620644324631605
20207,0.1837362225316995,1,5,1,522536,83074,78453,29503,0.7695172107154766,0.2620695168640131
20208,0.1837420410121907,4,7,4,522543,83067,78457,29499,0.7694523694838638,0.262059591706199
20209,0.1837420466561719,6,10,6,522553,83057,78463,29493,0.7693597391529883,0.26204353620613063
20210,0.1837450033510336,4,10,4,522563,83047,78467,29489,0.7692671088221127,0.2620405914551788
20211,0.1837511807391352,6,27,6,522590,83020,78473,29483,0.7690170069287487,0.26206412273450486
20212,0.1837559613483041,7,11,7,522601,83009,78480,29476,0.7689151135647857,0.2620438280659643
20213,0.183760480969246,2,7,2,522608,83002,78482,29474,0.7688502723331728,0.2620470144741989
20214,0.1837625954996081,33,99,33,522707,82903,78515,29441,0.7679332320575049,0.2620611692658264
20215,0.1837631430413192,1,3,1,522710,82900,78516,29440,0.7679054429582423,0.26206159871817697
20216,0.1837640620365736,31,89,31,522799,82811,78547,29409,0.7670810330134499,0.26206558545713776
20217,0.183772776977607,3,9,3,522808,82802,78550,29406,0.766997665715662,0.2620668758020818
20218,0.1837744491875837,1,3,1,522811,82799,78551,29405,0.7669698766163993,0.2620673059783965
20219,0.1837749722619775,2,14,2,522825,82785,78553,29403,0.7668401941531735,0.2620868542090063
20220,0.1837753503312335,1,4,1,522829,82781,78554,29402,0.7668031420208233,0.2620896214221406
20221,0.1837930733882203,23,49,23,522878,82732,78577,29379,0.7663492533995332,0.26205278697005646
20222,0.1837932982187485,12,25,12,522903,82707,78589,29367,0.7661176775723443,0.2620322287060335
20223,0.1837945138070259,0,10,0,522913,82697,78589,29367,0.7660250472414687,0.2620556110793832
20224,0.1837950363636584,2,2,2,522915,82695,78591,29365,0.7660065211752937,0.2620471176155631
20225,0.1837963702965378,2,6,2,522921,82689,78593,29363,0.7659509429767684,0.26204797772462785
20226,0.1837993983138681,0,4,0,522925,82685,78593,29363,0.7659138908444181,0.26205733257175495
20227,0.1838047559963946,0,3,0,522928,82682,78593,29363,0.7658861017451555,0.26206434914543264
20228,0.1838069005388032,3,3,3,522931,82679,78596,29360,0.7658583126458928,0.26205160702969504
20229,0.1838088629763675,0,1,0,522932,82678,78596,29360,0.7658490496128052,0.26205394598261306
20230,0.1838105022611827,7,26,7,522958,82652,78603,29353,0.7656082107525288,0.2620686576492121
20231,0.1838125566054057,0,1,0,522959,82651,78603,29353,0.7655989477194413,0.2620709974643763
20232,0.1838127246632756,4,7,4,522966,82644,78607,29349,0.7655341064878284,0.2620610216709973
20233,0.183818038507199,0,2,0,522968,82642,78607,29349,0.7655155804216532,0.262065701708173
20234,0.1838192808471781,8,36,8,523004,82606,78615,29341,0.7651821112305013,0.26209724244508564
20235,0.1838196659001601,2,1,2,523005,82605,78617,29339,0.7651728481974137,0.26208640034302866
20236,0.1838201969394758,1,1,1,523006,82604,78618,29338,0.7651635851643263,0.26208214968465815
20237,0.1838225670557698,1,7,1,523013,82597,78619,29337,0.7650987439327134,0.26209194704022015
20238,0.1838234733173879,0,2,0,523015,82595,78619,29337,0.7650802178665382,0.26209663009684453
20239,0.183826631108113,1,9,1,523024,82586,78620,29336,0.7649968505687502,0.2621111130966209
20240,0.1838304208678293,0,2,0,523026,82584,78620,29336,0.7649783245025751,0.2621157969978556
20241,0.183831891360487,5,8,5,523034,82576,78625,29331,0.7649042202378747,0.2621015664793087
20242,0.1838325154223029,0,2,0,523036,82574,78625,29331,0.7648856941716996,0.2621062508377642
20243,0.1838397075295436,11,58,11,523094,82516,78636,29320,0.7643484382526214,0.26216960549375873
20244,0.1838417052706842,2,21,2,523115,82495,78638,29318,0.7641539145577828,0.2622056469283536
20245,0.1838501607091082,8,11,8,523126,82484,78646,29310,0.7640520211938197,0.26217865001699553
20246,0.1838510193191407,24,83,24,523209,82401,78670,29286,0.7632831894475527,0.2622149399661554
20247,0.1838541455222798,1,14,1,523223,82387,78671,29285,0.7631535069843269,0.26224120639014253
20248,0.1838544077941782,0,1,0,523224,82386,78671,29285,0.7631442439512394,0.262243554727727
20249,0.1838557098383089,1,2,1,523226,82384,78672,29284,0.7631257178850643,0.2622416448758821
20250,0.1838575152176554,5,21,5,523247,82363,78677,29279,0.7629311941902256,0.2622579316028018
20251,0.183860569678785,6,14,6,523261,82349,78683,29273,0.7628015117269998,0.2622511691243662
20252,0.1838635341724815,7,22,7,523283,82327,78690,29266,0.7625977249990737,0.26225659315548466
20253,0.1838640951524187,1,0,1,523283,82327,78691,29265,0.7625977249990737,0.2622499820775683
20254,0.1838643571202347,0,1,0,523284,82326,78691,29265,0.7625884619659862,0.26225233217732613
20255,0.1838680600788211,2,4,2,523288,82322,78693,29263,0.7625514098336359,0.2622485101044047
20256,0.183868298400899,0,3,0,523291,82319,78693,29263,0.7625236207343733,0.2622555609327669
20257,0.1838736651327606,3,3,3,523294,82316,78696,29260,0.7624958316351106,0.2622427762242776
20258,0.1838789141799061,0,2,0,523296,82314,78696,29260,0.7624773055689354,0.2622474770107731
20259,0.1838803529812376,0,1,0,523297,82313,78696,29260,0.762468042535848,0.26224982746721875
20260,0.183892142157651,12,30,12,523327,82283,78708,29248,0.7621901515432213,0.2622409912939003
20261,0.1839020824038106,0,3,0,523330,82280,78708,29248,0.7621623624439586,0.26224804533390716
20262,0.1839025659884113,1,3,1,523333,82277,78709,29247,0.762134573344696,0.2622484846311108
20263,0.1839051216388639,1,1,1,523334,82276,78710,29246,0.7621253103116085,0.26224422087121824
20264,0.1839067734890859,1,5,1,523339,82271,78711,29245,0.7620789951461706,0.2622493633200617
20265,0.1839074323854243,1,2,1,523341,82269,78712,29244,0.7620604690799956,0.2622474509698421
20266,0.1839093468424734,1,3,1,523344,82266,78713,29243,0.7620326799807329,0.26224789030481843
20267,0.1839143932495961,0,9,0,523353,82257,78713,29243,0.7619493126829449,0.26226905829596414
20268,0.1839152369965092,2,8,2,523361,82249,78715,29241,0.7618752084182445,0.26227464346578166
20269,0.1839181398895456,5,7,5,523368,82242,78720,29236,0.7618103671866316,0.26225802400473636
20270,0.1839241202916089,23,73,23,523441,82169,78743,29213,0.7611341657712402,0.2622775672909447
20271,0.1839248384944221,1,2,1,523443,82167,78744,29212,0.761115639705065,0.2622756533996534
20272,0.1839251901267485,1,1,1,523444,82166,78745,29211,0.7611063766719774,0.26227138457670796
20273,0.1839266936449964,24,96,24,523540,82070,78769,29187,0.7602171254955723,0.26233854948452684
20274,0.1839350520427421,1,6,1,523546,82064,78770,29186,0.760161547297047,0.26234606741573036
20275,0.183938462746525,2,2,2,523548,82062,78772,29184,0.7601430212308719,0.26233752224799095
20276,0.1839400673178442,1,8,1,523556,82054,78773,29183,0.7600689169661714,0.26234975772449814
20277,0.1839419443401204,6,4,6,523560,82050,78779,29177,0.7600318648338212,0.2623194008648979
20278,0.1839432912529913,7,29,7,523589,82021,78786,29170,0.7597632368742822,0.26234137655026035
20279,0.1839433436957563,1,2,1,523591,82019,78787,29169,0.759744710808107,0.2623394610929237
20280,0.183945903221417,0,16,0,523607,82003,78787,29169,0.7595965022787061,0.26237721728492786
20281,0.1839476373838805,0,1,0,523608,82002,78787,29169,0.7595872392456186,0.26237957740777723
20282,0.1839542809136956,1,10,1,523618,81992,78788,29168,0.7594946089147431,0.2623965455199712
20283,0.1839603356283181,3,2,3,523620,81990,78791,29165,0.7594760828485679,0.26238135936305157
20284,0.1839608732852438,3,7,3,523627,81983,78794,29162,0.7594112416169551,0.26237797471771107
20285,0.1839630745554439,2,7,2,523634,81976,78796,29160,0.7593464003853422,0.26238122660524044
20286,0.1839655650133425,0,2,0,523636,81974,78796,29160,0.759327874319167,0.2623859484946101
20287,0.1839670827758336,6,20,6,523656,81954,78802,29154,0.759142613657416,0.26239334701371636
20288,0.1839681757274278,1,11,1,523667,81943,78803,29153,0.7590407202934529,0.2624126881255851
20289,0.1839685309182916,0,5,0,523672,81938,78803,29153,0.7589944051280151,0.26242449883428903
20290,0.1839686170568167,2,2,2,523674,81936,78805,29151,0.75897587906184,0.2624159442599044
20291,0.1839785381538368,3,6,3,523680,81930,78808,29148,0.7589203008633146,0.26241019823907524
20292,0.1839834045508499,13,36,13,523716,81894,78821,29135,0.7585868316721628,0.2624089201920219
20293,0.1839859692134589,2,0,2,523716,81894,78823,29133,0.7585868316721628,0.26239563349455536
20294,0.1839878432130702,0,2,0,523718,81892,78823,29133,0.7585683056059876,0.26240036027921637
20295,0.1839896044653395,0,1,0,523719,81891,78823,29133,0.7585590425729001,0.26240272373540857
20296,0.1839927517496882,2,10,2,523729,81881,78825,29131,0.7584664122420245,0.2624130724606349
20297,0.1839937331385766,6,3,6,523732,81878,78831,29125,0.7584386231427619,0.26238029602803525
20298,0.1839947163404471,23,74,23,523806,81804,78854,29102,0.7577531586942828,0.26240239482083927
20299,0.1840043633870508,0,7,0,523813,81797,78854,29102,0.75768831746267,0.2624189577904219
20300,0.1840057300498457,0,2,0,523815,81795,78854,29102,0.7576697913964948,0.26242369045150005
20301,0.184007210748749,0,1,0,523816,81794,78854,29102,0.7576605283634074,0.26242605684605397
20302,0.1840180567287103,3,4,3,523820,81790,78857,29099,0.7576234762310571,0.26241556872187505
20303,0.1840218753868425,10,38,10,523858,81752,78867,29089,0.7572714809737301,0.26243898918270314
20304,0.1840238891041917,10,36,10,523894,81716,78877,29079,0.7569380117825781,0.26245769213412157
20305,0.1840281549098932,0,4,0,523898,81712,78877,29079,0.7569009596502279,0.26246716791075086
20306,0.1840287026091571,1,0,1,523898,81712,78878,29078,0.7569009596502279,0.2624605108764329
20307,0.1840291320446772,0,3,0,523901,81709,78878,29078,0.7568731705509653,0.262467618041828
20308,0.1840306755506335,15,47,15,523948,81662,78893,29063,0.7564378079958501,0.26247911492436216
20309,0.1840318849322267,12,53,12,524001,81609,78905,29051,0.7559468672422098,0.26252485089463223
20310,0.1840331871764396,38,53,38,524054,81556,78943,29013,0.7554559264885694,0.2623972361150051
20311,0.184033963273694,2,1,2,524055,81555,78945,29011,0.7554466634554818,0.2623862670260297
20312,0.1840345192244653,3,14,3,524069,81541,78948,29008,0.7553169809922561,0.2623994789640793
20313,0.184035864301273,4,15,4,524084,81526,78952,29004,0.7551780354959428,0.2624083959106125
20314,0.1840361875627652,12,14,12,524098,81512,78964,28992,0.755048353032717,0.2623615434735394
20315,0.1840388935005162,0,1,0,524099,81511,78964,28992,0.7550390899996294,0.2623639177216908
20316,0.1840440051609014,6,17,6,524116,81494,78970,28986,0.7548816184371411,0.2623642288196959
20317,0.1840456815847416,0,16,0,524132,81478,78970,28986,0.7547334099077402,0.26240223059096174
20318,0.1840458211851741,3,10,3,524142,81468,78973,28983,0.7546407795768646,0.2624059537713556
20319,0.1840476745203739,0,1,0,524143,81467,78973,28983,0.7546315165437771,0.2624083295608873
20320,0.1840508476566795,3,5,3,524148,81462,78976,28980,0.7545852013783393,0.26240017384690606
20321,0.1840529235675195,0,1,0,524149,81461,78976,28980,0.7545759383452517,0.2624025497777094
20322,0.1840534884411041,4,8,4,524157,81453,78980,28976,0.7545018340805514,0.26239484193463675
20323,0.1840536669496517,0,14,0,524171,81439,78980,28976,0.7543721516173256,0.26242811212244715
20324,0.1840554317094377,0,2,0,524173,81437,78980,28976,0.7543536255511505,0.2624328656951627
20325,0.1840559123717301,0,4,0,524177,81433,78980,28976,0.7543165734188002,0.2624423733572444
20326,0.1840562403030392,3,9,3,524186,81424,78983,28973,0.7542332061210123,0.26244372582588293
20327,0.1840568746345462,0,3,0,524189,81421,78983,28973,0.7542054170217496,0.26245085783647665
20328,0.18406156246249,1,1,1,524190,81420,78984,28972,0.754196153988662,0.26244655409812306
20329,0.1840634575350134,4,10,4,524200,81410,78988,28968,0.7541035236577865,0.2624436028918806
20330,0.1840742214370692,11,33,11,524233,81377,78999,28957,0.7537978435658972,0.26244856526546667
20331,0.1840865042129461,5,11,5,524244,81366,79004,28952,0.7536959502019341,0.2624413060425316
20332,0.1840892463841225,0,1,0,524245,81365,79004,28952,0.7536866871688466,0.2624436850168152
20333,0.1840911669307018,1,3,1,524248,81362,79005,28951,0.7536588980695839,0.262444136230544
20334,0.1840923283374184,5,17,5,524265,81345,79010,28946,0.7535014265070955,0.26245115195256186
20335,0.1840987689424434,1,4,1,524269,81341,79011,28945,0.7534643743747452,0.26245398327983605
20336,0.1840995255767051,11,29,11,524298,81312,79022,28934,0.7531957464152061,0.26244943127188286
20337,0.1841007349582983,8,34,8,524332,81278,79030,28926,0.7528808032902293,0.26247686109397117
20338,0.1841022051565459,2,15,2,524347,81263,79032,28924,0.752741857793916,0.2624992058954323
20339,0.1841023485483786,2,5,2,524352,81258,79034,28922,0.7526955426284783,0.2624977309856598
20340,0.1841058891391364,1,3,1,524355,81255,79035,28921,0.7526677535292156,0.2624981847226256
20341,0.1841062430295507,3,6,3,524361,81249,79038,28918,0.7526121753306902,0.2624923979049988
20342,0.1841108764840995,0,17,0,524378,81232,79038,28918,0.7524547037682019,0.2625329096686337
20343,0.1841173006406047,6,16,6,524394,81216,79044,28912,0.752306495238801,0.26253087316577073
20344,0.1841252656974314,3,7,3,524401,81209,79047,28909,0.7522416540071881,0.2625274705316115
20345,0.1841274444439009,3,6,3,524407,81203,79050,28906,0.7521860758086628,0.26252168305951373
20346,0.184127767705393,0,2,0,524409,81201,79050,28906,0.7521675497424877,0.2625264515425904
20347,0.1841290444637716,3,15,3,524424,81186,79053,28903,0.7520286042461743,0.2625421250079481
20348,0.1841356451417258,1,2,1,524426,81184,79054,28902,0.7520100781799992,0.2625401958468834
20349,0.1841370839430572,1,1,1,524427,81183,79055,28901,0.7520008151469117,0.26253588169034553
20350,0.1841395757750629,0,6,0,524433,81177,79055,28901,0.7519452369483863,0.2625501916822617
20351,0.184142540305905,1,2,1,524435,81175,79056,28900,0.7519267108822113,0.2625482625482625
20352,0.1841435795206918,2,16,2,524451,81159,79058,28898,0.7517785023528104,0.26257303033882445
20353,0.184144359975129,4,7,4,524458,81152,79062,28894,0.7517136611211975,0.2625629282300129
20354,0.1841448321195694,0,17,0,524475,81135,79062,28894,0.7515561895587091,0.2626034954421107
20355,0.1841462712215942,1,1,1,524476,81134,79063,28893,0.7515469265256215,0.26259918020122336
20356,0.1841492263721421,6,16,6,524492,81118,79069,28887,0.7513987179962207,0.2625971546747875
20357,0.1841550376776412,2,2,2,524494,81116,79071,28885,0.7513801919300456,0.26258852192252796
20358,0.1841567005768685,3,13,3,524507,81103,79074,28882,0.7512597724999074,0.26259944537891533
20359,0.1841605381617392,15,36,15,524543,81067,79089,28867,0.7509263033087554,0.2625848236214456
20360,0.1841617537500166,3,8,3,524551,81059,79092,28864,0.750852199044055,0.26258380866606623
20361,0.1841618526006836,1,0,1,524551,81059,79093,28863,0.750852199044055,0.2625771001255436
20362,0.1841679066607021,2,5,2,524556,81054,79095,28861,0.7508058838786172,0.26257562662057043
20363,0.1841783727746642,0,2,0,524558,81052,79095,28861,0.7507873578124421,0.2625804045017423
20364,0.1841821027969978,12,29,12,524587,81023,79107,28849,0.750518729852903,0.26256917139944663
20365,0.1841876972081347,6,12,6,524599,81011,79113,28843,0.7504075734558524,0.26255757641961147
20366,0.1841898069987607,1,9,1,524608,81002,79114,28842,0.7503242061580644,0.2625723753687047
20367,0.184193996923739,9,40,9,524648,80962,79123,28833,0.7499536848345623,0.2626075868664329
20368,0.1841990089977319,9,35,9,524683,80927,79132,28824,0.7496294786764979,0.2626308644112582
20369,0.1842002245860093,2,12,2,524695,80915,79134,28822,0.7495183222794471,0.26264614487365245
20370,0.184202690402993,2,8,2,524703,80907,79136,28820,0.7494442180147467,0.26265185414711056
20371,0.184203768095112,1,9,1,524712,80898,79137,28819,0.7493608507169588,0.2626666788191438
20372,0.1842046849382468,8,22,8,524734,80876,79145,28811,0.7491570639890326,0.26266558480038654
20373,0.1842058943198401,4,26,4,524760,80850,79149,28807,0.7489162251287561,0.2627009675624903
20374,0.1842149875208514,5,9,5,524769,80841,79154,28802,0.7488328578309682,0.26268890854865334
20375,0.1842168458400592,4,4,4,524773,80837,79158,28798,0.7487958056986179,0.2626715921010626
20376,0.1842241549461856,2,5,2,524778,80832,79160,28796,0.7487494905331802,0.26267012077206553
20377,0.1842245299007818,1,1,1,524779,80831,79161,28795,0.7487402275000926,0.26266579096199805
20378,0.1842248570442928,0,2,0,524781,80829,79161,28795,0.7487217014339175,0.2626705830839962
20379,0.1842282778347533,0,5,0,524786,80824,79161,28795,0.7486753862684797,0.2626825641540244
20380,0.1842303465160898,5,15,5,524801,80809,79166,28790,0.7485364407721664,0.2626848785116653
20381,0.1842385741881506,0,1,0,524802,80808,79166,28790,0.7485271777390788,0.262687275315243
20382,0.1842479096466662,0,2,0,524804,80806,79166,28790,0.7485086516729038,0.2626920690536151
20383,0.1842509528230694,6,18,6,524822,80788,79172,28784,0.7483419170773278,0.2626948490490271
20384,0.1842562455707489,0,10,0,524832,80778,79172,28784,0.7482492867464523,0.2627188258702835
20385,0.1842594868033299,1,4,1,524836,80774,79173,28783,0.748212234614102,0.26272168825360315
20386,0.184259748433577,3,14,3,524850,80760,79176,28780,0.7480825521508763,0.26273507394559065
20387,0.1842610943488705,0,3,0,524853,80757,79176,28780,0.7480547630516137,0.2627422697353406
20388,0.1842642059300339,5,13,5,524866,80744,79181,28775,0.7479343436214754,0.26273979857376345
20389,0.1842646749308427,4,5,4,524871,80739,79185,28771,0.7478880284560376,0.2627248653091042
20390,0.1842735349643184,4,11,4,524882,80728,79189,28767,0.7477861350920746,0.26272432531165807
20391,0.1842735853884286,6,9,6,524891,80719,79195,28761,0.7477027677942866,0.2627055169894045
20392,0.1842743787776122,0,3,0,524894,80716,79195,28761,0.7476749786950239,0.2627127159129315
20393,0.1842747443459117,3,12,3,524906,80704,79198,28758,0.7475638222979732,0.26272130967824453
20394,0.1842823631677251,0,3,0,524909,80701,79198,28758,0.7475360331987105,0.26272851021843796
20395,0.1842853337239886,0,10,0,524919,80691,79198,28758,0.7474434028678351,0.26275251486993945
20396,0.1842858630064968,0,1,0,524920,80690,79198,28758,0.7474341398347475,0.2627549155763468
20397,0.1842863228526366,0,1,0,524921,80689,79198,28758,0.7474248768016599,0.26275731632662386
20398,0.1842891428365958,2,6,2,524927,80683,79200,28756,0.7473692986031346,0.2627582488875081
20399,0.1842981758400032,1,4,1,524931,80679,79201,28755,0.7473322464707844,0.26276111628927024
20400,0.1843062408229302,13,17,13,524948,80662,79214,28742,0.747174774908296,0.2627143431684399
20401,0.1843064035120639,1,2,1,524950,80660,79215,28741,0.7471562488421208,0.2627124066507619
20402,0.1843075786184992,0,9,0,524959,80651,79215,28741,0.7470728815443328,0.26273402076934327
20403,0.184312220127372,10,25,10,524984,80626,79225,28731,0.746841305717144,0.2627266658741553
20404,0.1843158466945891,1,5,1,524989,80621,79226,28730,0.7467949905517063,0.26273193660780425
20405,0.1843175889083051,0,2,0,524991,80619,79226,28730,0.7467764644855311,0.2627367419912391
20406,0.1843275755713088,1,2,1,524993,80617,79227,28729,0.746757938419356,0.2627348051140417
20407,0.1843298058089755,5,23,5,525016,80594,79232,28724,0.7465448886583423,0.26275636217274373
20408,0.1843411239090983,0,3,0,525019,80591,79232,28724,0.7465170995590796,0.26276357316013355
20409,0.1843463038298639,1,4,1,525023,80587,79233,28723,0.7464800474267294,0.26276644405818317
20410,0.1843482766617725,7,29,7,525052,80558,79240,28716,0.7462114194671904,0.2627889525413182
20411,0.1843560091069465,3,10,3,525062,80548,79243,28713,0.7461187891363148,0.26279276228480425
20412,0.1843561121846111,5,19,5,525081,80529,79248,28708,0.7459427915076513,0.26280472733597593
20413,0.1843568444083302,0,2,0,525083,80527,79248,28708,0.7459242654414762,0.2628095390671488
20414,0.1843579605199227,9,14,9,525097,80513,79257,28699,0.7457945829782504,0.26278247811595795
20415,0.1843609473286213,1,2,1,525099,80511,79258,28698,0.7457760569120753,0.2627805400653792
20416,0.1843660464073014,1,7,1,525106,80504,79259,28697,0.7457112156804624,0.2627906337854049
20417,0.1843782806304297,0,2,0,525108,80502,79259,28697,0.7456926896142873,0.2627954468447513
20418,0.1843795947450908,0,1,0,525109,80501,79259,28697,0.7456834265811998,0.2627978534405392
20419,0.1843800494512854,1,4,1,525113,80497,79260,28696,0.7456463744488495,0.2628007289844587
20420,0.1843807229792236,0,3,0,525116,80494,79260,28696,0.7456185853495869,0.26280794944591995
20421,0.1843834960290852,1,3,1,525119,80491,79261,28695,0.7455907962503242,0.2628084186617332
20422,0.184384461142104,2,5,2,525124,80486,79263,28693,0.7455444810848865,0.26280695005449767
20423,0.1843861459825196,11,15,11,525139,80471,79274,28682,0.7454055355885731,0.2627687741060713
20424,0.1843881020066562,3,4,3,525143,80467,79277,28679,0.7453684834562229,0.26275814047239476
20425,0.1843953152443229,0,1,0,525144,80466,79277,28679,0.7453592204231354,0.2627605478950021
20426,0.1843978209655579,3,2,3,525146,80464,79280,28676,0.7453406943569603,0.2627450980392157
20427,0.1844046352957738,2,7,2,525153,80457,79282,28674,0.7452758531253474,0.262748439948319
20428,0.1844063642784804,0,2,0,525155,80455,79282,28674,0.7452573270591722,0.26275325532168353
20429,0.1844074268372169,0,3,0,525158,80452,79282,28674,0.7452295379599095,0.26276047871268077
20430,0.1844127177647761,0,3,0,525161,80449,79282,28674,0.7452017488606469,0.2627677025008477
20431,0.1844137314679584,2,1,2,525162,80448,79284,28672,0.7451924858275594,0.2627565982404692
20432,0.1844150090804434,0,19,0,525181,80429,79284,28672,0.7450164881988959,0.2628023574486027
20433,0.1844155805667828,5,10,5,525191,80419,79289,28667,0.7449238578680203,0.2627926590029885
20434,0.1844200244917835,3,25,3,525216,80394,79292,28664,0.7446922820408315,0.26283262117405415
20435,0.1844225978451709,8,16,8,525232,80378,79300,28656,0.7445440735114306,0.2628171029220243
20436,0.1844229319780966,0,2,0,525234,80376,79300,28656,0.7445255474452555,0.262821923838873
20437,0.1844249622106827,1,2,1,525236,80374,79301,28655,0.7445070213790803,0.2628199836740684
20438,0.1844268332620909,3,13,3,525249,80361,79304,28652,0.7443866019489421,0.2628310384999954
20439,0.1844291576306815,0,3,0,525252,80358,79304,28652,0.7443588128496795,0.262838271718191
20440,0.1844351037364839,1,2,1,525254,80356,79305,28651,0.7443402867835044,0.26283633161173137
20441,0.1844394072097208,0,10,0,525264,80346,79305,28651,0.7442476564526288,0.2628604457003404
20442,0.1844407218662555,0,1,0,525265,80345,79305,28651,0.7442383934195413,0.2628628573525634
20443,0.184446109954343,3,0,3,525265,80345,79308,28648,0.7442383934195413,0.2628425678713312
20444,0.1844486663503376,12,28,12,525293,80317,79320,28636,0.7439790284930897,0.2628289262342478
20445,0.1844497015114861,4,25,4,525318,80292,79324,28632,0.7437474526659009,0.2628621791340751
20446,0.1844533316915048,1,5,1,525323,80287,79325,28631,0.7437011375004632,0.2628674782864173
20447,0.184459650811379,8,25,8,525348,80262,79333,28623,0.7434695616732743,0.26287367405978784
20448,0.184475733583724,16,37,16,525385,80225,79349,28607,0.7431268294490347,0.26285467509556015
20449,0.1844777261251474,2,3,2,525388,80222,79351,28605,0.7430990403497721,0.2628483740248284
20450,0.1844778233198153,0,9,0,525397,80213,79351,28605,0.7430156730519841,0.26287011340035654
20451,0.1844863637039975,5,11,5,525408,80202,79356,28600,0.7429137796880211,0.2628628150217827
20452,0.1844903602324251,3,7,3,525415,80195,79359,28597,0.7428489384564082,0.2628594014265755
20453,0.1844983778072328,23,55,23,525470,80140,79382,28574,0.7423394716365926,0.26283643321007416
20454,0.1844996607980924,5,3,5,525473,80137,79387,28569,0.74231168253733,0.26280978050889553
20455,0.1845012995380598,16,47,16,525520,80090,79403,28553,0.7418763199822149,0.26281490754121295
20456,0.1845028035699029,1,4,1,525524,80086,79404,28552,0.7418392678498648,0.2628177985603564
20457,0.1845038151965888,2,1,2,525525,80085,79406,28550,0.7418300048167772,0.26280664610852855
20458,0.1845107424827437,1,9,1,525534,80076,79407,28549,0.7417466375189892,0.2628216340621404
20459,0.1845164956742509,4,2,4,525536,80074,79411,28545,0.7417281114528141,0.262799326084755
20460,0.1845181883419487,2,4,2,525540,80070,79413,28543,0.7416910593204639,0.2627954296447018
20461,0.1845237160418938,0,3,0,525543,80067,79413,28543,0.7416632702212013,0.2628026885185526
20462,0.1845242595993687,5,8,5,525551,80059,79418,28538,0.7415891659565008,0.2627881064854462
20463,0.1845269776307262,0,6,0,525557,80053,79418,28538,0.7415335877579755,0.26280262636866775
20464,0.1845274801352923,3,8,3,525565,80045,79421,28535,0.7414594834932751,0.26280162092466386
20465,0.1845284716871629,1,1,1,525566,80044,79422,28534,0.7414502204601875,0.2627972517452891
20466,0.1845332967506004,10,32,10,525598,80012,79432,28524,0.7411538034013857,0.2628068106434731
20467,0.1845393521077198,3,25,3,525623,79987,79435,28521,0.7409222275741969,0.26284697902458803
20468,0.1845431092305977,1,2,1,525625,79985,79436,28520,0.7409037015080218,0.26284503018294086
20469,0.1845442786049856,29,48,29,525673,79937,79465,28491,0.7404590759198192,0.2627642306415317
20470,0.1845495711498262,0,7,0,525680,79930,79465,28491,0.7403942346882063,0.2627811955248522
20471,0.1845521445032137,0,1,0,525681,79929,79465,28491,0.7403849716551187,0.2627836192584394
20472,0.1845524242070551,1,3,1,525684,79926,79466,28490,0.7403571825558561,0.2627840909090909
20473,0.1845541930279108,5,2,5,525686,79924,79471,28485,0.740338656489681,0.26275493732070215
20474,0.1845592775880892,3,14,3,525700,79910,79474,28482,0.7402089740264552,0.2627684699977858
20475,0.1845621113942695,0,2,0,525702,79908,79474,28482,0.7401904479602801,0.26277331857182396
20476,0.1845622598616847,7,8,7,525710,79900,79481,28475,0.7401163436955797,0.2627450980392157
20477,0.184568988489733,1,13,1,525723,79887,79482,28474,0.7399959242654415,0.26276981570860364
20478,0.1845701256372438,3,10,3,525733,79877,79485,28471,0.7399032939345659,0.26277365525898033
20479,0.1845849417922777,3,8,3,525741,79869,79488,28468,0.7398291896698656,0.26277264461818217
20480,0.1845865367707952,8,22,8,525763,79847,79496,28460,0.7396254029419393,0.2627715660114305
20481,0.1845889836816646,7,23,7,525786,79824,79503,28453,0.7394123531809256,0.26277972237871383
20482,0.1845890184680567,1,3,1,525789,79821,79504,28452,0.7393845640816629,0.2627801945083262
20483,0.1845969213803366,18,32,18,525821,79789,79522,28434,0.7390881470228612,0.26273527808321706
20484,0.1845977484240818,1,7,1,525828,79782,79523,28433,0.7390233057912483,0.2627454604260038
20485,0.1846011260745137,1,1,1,525829,79781,79524,28432,0.7390140427581607,0.26274107547152376
20486,0.1846065272519955,1,4,1,525833,79777,79525,28431,0.7389769906258106,0.26274397456749965
20487,0.1846092883119577,7,25,7,525858,79752,79532,28424,0.7387454147986217,0.2627569886111522
20488,0.1846094391864403,9,5,9,525863,79747,79541,28415,0.7386990996331839,0.26270779016660195
20489,0.1846097684845764,1,1,1,525864,79746,79542,28414,0.7386898366000964,0.2627034023668639
20490,0.1846106485680337,1,15,1,525879,79731,79543,28413,0.738550891103783,0.2627330226364847
20491,0.184611831284102,4,18,4,525897,79713,79547,28409,0.7383841565082071,0.2627494866909602
20492,0.184616755169819,2,20,2,525917,79693,79549,28407,0.7381988958464559,0.2627844588344126
20493,0.1846202535309684,1,2,1,525919,79691,79550,28406,0.7381803697802809,0.2627825009019677
20494,0.1846210784871007,7,18,7,525937,79673,79557,28399,0.7380136351847049,0.26277851802502034
20495,0.1846216933914938,2,10,2,525947,79663,79559,28397,0.7379210048538294,0.2627891911900796
20496,0.1846257921827417,5,1,5,525948,79662,79564,28392,0.7379117418207418,0.262757510133822
20497,0.1846278219899067,1,2,1,525950,79660,79565,28391,0.7378932157545667,0.2627555506196148
20498,0.1846279244652756,6,16,6,525966,79644,79571,28385,0.7377450072251658,0.2627535198881782
20499,0.1846308461961026,1,2,1,525968,79642,79572,28384,0.7377264811589908,0.26275155980967546
20500,0.1846410403631368,5,6,5,525974,79636,79577,28379,0.7376709029604653,0.26273202795907974
20501,0.1846417194390451,1,0,1,525974,79636,79578,28378,0.7376709029604653,0.2627252022885922
20502,0.1846448329684759,2,1,2,525975,79635,79580,28376,0.7376616399273778,0.2627139828350816
20503,0.1846565225041767,5,24,5,525999,79611,79585,28371,0.7374393271332765,0.26273823415013614
20504,0.1846571258708924,4,10,4,526009,79601,79589,28367,0.737346696802401,0.2627352548903379
20505,0.1846585877314991,11,27,11,526036,79574,79600,28356,0.737096594909037,0.26272584082275546
20506,0.1846590255577248,3,12,3,526048,79562,79603,28353,0.7369854385119864,0.2627345596070982
20507,0.1846605875974205,6,17,6,526065,79545,79609,28347,0.7368279669494979,0.26273495717940165
20508,0.1846667612220557,4,11,4,526076,79534,79613,28343,0.7367260735855349,0.2627344104860165
20509,0.1846715839294631,2,5,2,526081,79529,79615,28341,0.736679758420097,0.26273291925465836
20510,0.1846885015229644,2,2,2,526083,79527,79617,28339,0.736661232353922,0.2627241206682365
20511,0.184692056478141,0,3,0,526086,79524,79617,28339,0.7366334432546593,0.262731427829747
20512,0.1846942935084551,1,0,1,526086,79524,79618,28338,0.7366334432546593,0.2627245925349057
20513,0.1846985351477758,1,1,1,526087,79523,79619,28337,0.7366241802215717,0.2627201928425737
20514,0.1846996722952866,0,4,0,526091,79519,79619,28337,0.7365871280892216,0.26272993621124463
20515,0.1847006496781379,15,15,15,526106,79504,79634,28322,0.7364481825929082,0.2626639215031625
20516,0.1847014679291281,3,2,3,526108,79502,79637,28319,0.7364296565267331,0.262648278164736
20517,0.1847034114267298,0,5,0,526113,79497,79637,28319,0.7363833413612954,0.2626604585590265
20518,0.1847095719937862,0,1,0,526114,79496,79637,28319,0.7363740783282078,0.2626628947734545
20519,0.1847119553927783,2,1,2,526115,79495,79639,28317,0.7363648152951202,0.26265165287723075
20520,0.1847140777543774,1,1,1,526116,79494,79640,28316,0.7363555522620326,0.2626472497912995
20521,0.1847250994093814,0,9,0,526125,79485,79640,28316,0.7362721849642447,0.2626691774658862
20522,0.1847264170554124,2,8,2,526133,79477,79642,28314,0.7361980806995443,0.26267499141857853
20523,0.1847284169213339,2,0,2,526133,79477,79644,28312,0.7361980806995443,0.26266131052333724
20524,0.1847353937111467,1,35,1,526168,79442,79645,28311,0.7358738745414799,0.2627397845071599
20525,0.1847481026468045,3,0,3,526168,79442,79648,28308,0.7358738745414799,0.26271925754060327
20526,0.1847506251451436,1,7,1,526175,79435,79649,28307,0.735809033309867,0.26272948339551894
20527,0.1847522295970366,3,8,3,526183,79427,79652,28304,0.7357349290451666,0.26272846255952326
20528,0.1847608664328047,0,1,0,526184,79426,79652,28304,0.735725666012079,0.2627309013273926
20529,0.1847629930692779,0,1,0,526185,79425,79652,28304,0.7357164029789914,0.26273334014053784
20530,0.184763570245374,0,3,0,526188,79422,79652,28304,0.7356886138797287,0.2627406568516421
20531,0.184769963906568,17,51,17,526239,79371,79669,28287,0.7352161991922636,0.26274870423006186
20532,0.184783297699571,1,3,1,526242,79368,79670,28286,0.7351884100930008,0.26274917792186075
20533,0.1847834485740537,1,4,1,526246,79364,79671,28285,0.7351513579606507,0.26275209244860614
20534,0.184784657955647,0,1,0,526247,79363,79671,28285,0.7351420949275631,0.26275453329369797
20535,0.1847877236935988,0,2,0,526249,79361,79671,28285,0.735123568861388,0.2627594151199301
20536,0.1847903461568865,2,9,2,526258,79352,79673,28283,0.7350402015636,0.26276768709063036
20537,0.1847944192748591,0,3,0,526261,79349,79673,28283,0.7350124124643374,0.2627750111491006
20538,0.1848013988258138,7,10,7,526271,79339,79680,28276,0.7349197821334618,0.26275147516610137
20539,0.184804927799548,10,19,10,526290,79320,79690,28266,0.7347437845047983,0.26272935140259884
20540,0.1848108297416216,0,1,0,526291,79319,79690,28266,0.7347345214717107,0.2627317934656318
20541,0.1848188423560892,4,3,4,526294,79316,79694,28262,0.734706732372448,0.26271170685456136
20542,0.1848204286271788,3,4,3,526298,79312,79697,28259,0.7346696802400978,0.26270091381506167
20543,0.1848226186732917,1,10,1,526308,79302,79698,28258,0.7345770499092222,0.2627184827073261
20544,0.1848253483148016,10,37,10,526345,79265,79708,28248,0.7342343176849828,0.262740319775283
20545,0.1848291188108599,0,2,0,526347,79263,79708,28248,0.7342157916188077,0.2627452074671429
20546,0.1848301963361807,1,3,1,526350,79260,79709,28247,0.734188002519545,0.262745681676542
20547,0.1848311352585058,2,5,2,526355,79255,79711,28245,0.7341416873541072,0.2627441860465116
20548,0.1848374666766553,15,55,15,526410,79200,79726,28230,0.7336322205342918,0.26277576096062555
20549,0.1848441808619471,0,9,0,526419,79191,79726,28230,0.7335488532365038,0.26279777697098333
20550,0.1848479520613452,6,15,6,526434,79176,79732,28224,0.7334099077401904,0.26279329608938545
20551,0.1848573988460907,0,2,0,526436,79174,79732,28224,0.7333913816740153,0.26279818991042664
20552,0.1848659562174009,16,52,16,526488,79122,79748,28208,0.7329097039534626,0.26281561539178233
20553,0.1848660192737774,7,19,7,526507,79103,79755,28201,0.732733706324799,0.262814060985611
20554,0.1848754064540384,5,11,5,526518,79092,79760,28196,0.7326318129608359,0.26280665125643127
20555,0.1848771204153758,1,3,1,526521,79089,79761,28195,0.7326040238615732,0.26280712874240336
20556,0.1848815729069141,1,3,1,526524,79086,79762,28194,0.7325762347623106,0.2628076062639821
20557,0.1848834820987382,1,0,1,526524,79086,79763,28193,0.7325762347623106,0.26280073453331965
20558,0.1848878920267882,6,18,6,526542,79068,79769,28187,0.7324095001667346,0.2628035988998182
20559,0.1849116061104904,1,6,1,526548,79062,79770,28186,0.7323539219682093,0.26281142771893184
20560,0.1849138568327121,7,12,7,526560,79050,79777,28179,0.7322427655711586,0.26279271465741544
20561,0.1849141988159195,0,4,0,526564,79046,79777,28179,0.7322057134388084,0.2628025180694801
20562,0.1849239659329019,0,3,0,526567,79043,79777,28179,0.7321779243395458,0.26280987110854115
20563,0.1849268193317439,9,25,9,526592,79018,79786,28170,0.7319463485123568,0.2628092696943688
20564,0.1849288995902148,6,22,6,526614,78996,79792,28164,0.7317425617844306,0.26282194848824186
20565,0.1849310447853121,0,6,0,526620,78990,79792,28164,0.7316869835859053,0.2628366649868414
20566,0.1849399263576708,1,2,1,526622,78988,79793,28163,0.7316684575197303,0.2628346912301332
20567,0.1849411357392641,2,2,2,526624,78986,79795,28161,0.7316499314535552,0.26282583740095383
20568,0.1849432357779518,1,2,1,526626,78984,79796,28160,0.73163140538738,0.26282386321212575
20569,0.1849447177573853,3,12,3,526638,78972,79799,28157,0.7315202489903294,0.26283265969065334
20570,0.1849472030615832,16,38,16,526676,78934,79815,28141,0.7311682537330023,0.262815783329442
20571,0.1849499752852217,1,0,1,526676,78934,79816,28140,0.7311682537330023,0.2628088985187814
20572,0.184955145664319,7,9,7,526685,78925,79823,28133,0.7310848864352143,0.26278279063685106
20573,0.1849552188461355,0,8,0,526693,78917,79823,28133,0.731010782170514,0.26280242877160204
20574,0.1849557213507016,1,0,1,526693,78917,79824,28132,0.731010782170514,0.26279554222832535
20575,0.1849615379660096,11,37,11,526730,78880,79835,28121,0.7306680499462744,0.26281062793805665
20576,0.1849697114565662,3,15,3,526745,78865,79838,28118,0.7305291044499611,0.26282680425862054
20577,0.1849737275199899,0,2,0,526747,78863,79838,28118,0.730510578383786,0.26283171778166214
20578,0.1849754082134272,3,5,3,526752,78858,79841,28115,0.7304642632183482,0.2628233292513064
20579,0.1849760738639882,3,1,3,526753,78857,79844,28112,0.7304550001852607,0.2628051117613514
20580,0.1849789371871613,5,6,5,526759,78851,79849,28107,0.7303994219867354,0.26278539239701565
20581,0.184983188593378,6,9,6,526768,78842,79855,28101,0.7303160546889473,0.2627661464518482
20582,0.184989175667929,5,5,5,526773,78837,79860,28096,0.7302697395235096,0.2627439611719488
20583,0.1849942820074074,7,7,7,526780,78830,79867,28089,0.7302048982918967,0.2627128948082193
20584,0.1849949288130759,0,1,0,526781,78829,79867,28089,0.7301956352588092,0.26271535195196316
20585,0.1849976475924388,0,2,0,526783,78827,79867,28089,0.730177109192634,0.26272026637734297
20586,0.1849988741092254,0,2,0,526785,78825,79867,28089,0.730158583126459,0.26272518098658737
20587,0.184999357702415,1,1,1,526786,78824,79868,28088,0.7301493200933714,0.26272074229272674
20588,0.1850031862531182,1,1,1,526787,78823,79869,28087,0.7301400570602838,0.26271630343279395
20589,0.1850045040862249,3,11,3,526798,78812,79872,28084,0.7300381636963207,0.2627226463104326
20590,0.1850081720555724,2,5,2,526803,78807,79874,28082,0.729991848530883,0.26272114062251495
20591,0.1850089593820359,1,2,1,526805,78805,79875,28081,0.7299733224647078,0.26271915872986173
20592,0.1850090112240011,16,17,16,526822,78788,79891,28065,0.7298158509022195,0.2626505573077031
20593,0.185012275615599,13,36,13,526858,78752,79904,28052,0.7294823817110675,0.2626493389760683
20594,0.1850189698324001,5,16,5,526874,78736,79909,28047,0.7293341731816666,0.262654167798245
20595,0.1850218656107096,2,6,2,526880,78730,79911,28045,0.7292785949831413,0.2626551158979162
20596,0.1850293672899229,1,6,1,526886,78724,79912,28044,0.729223016784616,0.26266297017833057
20597,0.1850342931981115,0,4,0,526890,78720,79912,28044,0.7291859646522657,0.2626728110599078
20598,0.1850361184284314,0,2,0,526892,78718,79912,28044,0.7291674385860907,0.2626777317772241
20599,0.1850375407804795,0,2,0,526894,78716,79912,28044,0.7291489125199155,0.26268265267890595
20600,0.1850387832042109,3,4,3,526898,78712,79915,28041,0.7291118603875653,0.2626717750320834
20601,0.1850399656050142,1,3,1,526901,78709,79916,28040,0.7290840712883027,0.2626722498571415
20602,0.1850400286613907,3,5,3,526906,78704,79919,28037,0.7290377561228649,0.26266383114267244
20603,0.1850449166437025,1,6,1,526912,78698,79920,28036,0.7289821779243395,0.2626716884966365
20604,0.1850458685531275,0,5,0,526917,78693,79920,28036,0.7289358627589018,0.2626839940409823
20605,0.1850474302180286,1,2,1,526919,78691,79921,28035,0.7289173366927266,0.26268200813297604
20606,0.1850491449310396,0,1,0,526920,78690,79921,28035,0.7289080736596392,0.26268446943078005
20607,0.1850542425026858,0,2,0,526922,78688,79921,28035,0.728889547593464,0.262689392164763
20608,0.1850581297876335,2,15,2,526937,78673,79923,28033,0.7287506020971507,0.26271249976571137
20609,0.1850616587613677,6,17,6,526954,78656,79929,28027,0.7285931305346622,0.26271289708763346
20610,0.1850878662203254,2,7,2,526961,78649,79931,28025,0.7285282893030494,0.26271631325346384
20611,0.1850892057861332,5,27,5,526988,78622,79936,28020,0.7282781874096854,0.2627482605352488
20612,0.1850913536040351,0,2,0,526990,78620,79936,28020,0.7282596613435103,0.2627531882970743
20613,0.1850926420002357,5,7,5,526997,78613,79941,28015,0.7281948201118974,0.26273586675169747
20614,0.18509436179796,7,3,7,527000,78610,79948,28008,0.7281670310126348,0.2626948545273781
20615,0.185095002437465,2,5,2,527005,78605,79950,28006,0.728120715847197,0.2626933430884243
20616,0.1850953330284774,1,4,1,527009,78601,79951,28005,0.7280836637148468,0.262696283511247
20617,0.1850955051602356,2,5,2,527014,78596,79953,28003,0.728037348549409,0.26269477199598495
20618,0.1851005913666289,2,0,2,527014,78596,79955,28001,0.728037348549409,0.26268093848794993
20619,0.1851011792972235,1,3,1,527017,78593,79956,28000,0.7280095594501463,0.2626814143517867
20620,0.1851045291518446,0,1,0,527018,78592,79956,28000,0.7280002964170588,0.26268387871510057
20621,0.1851127459676158,2,9,2,527027,78583,79958,27998,0.7279169291192709,0.26269222469295656
20622,0.1851130692160374,9,5,9,527032,78578,79967,27989,0.727870613953833,0.262642281381666
20623,0.1851139357452841,0,1,0,527033,78577,79967,27989,0.7278613509207454,0.2626447459790177
20624,0.1851180587158942,4,7,4,527040,78570,79971,27985,0.7277965096891326,0.2626343203040683
20625,0.1851185625829239,4,11,4,527051,78559,79975,27981,0.7276946163251695,0.26263375258119015
20626,0.185119201921693,2,5,2,527056,78554,79977,27979,0.7276483011597318,0.2626322360207635
20627,0.1851226871792206,12,53,12,527109,78501,79989,27967,0.7271573604060914,0.2626798662508923
20628,0.1851238286654501,5,2,5,527111,78499,79994,27962,0.7271388343399162,0.26265017236358856
20629,0.1851291550519324,2,2,2,527113,78497,79996,27960,0.7271203082737412,0.262641254215317
20630,0.1851292278445125,2,7,2,527120,78490,79998,27958,0.7270554670421283,0.2626446715767323
20631,0.1851297091445373,3,0,3,527120,78490,80001,27955,0.7270554670421283,0.2626238902719714
20632,0.1851307204785247,17,26,17,527146,78464,80018,27938,0.7268146281818518,0.26257025243886395
20633,0.1851418222736418,2,7,2,527153,78457,80020,27936,0.726749786950239,0.26257366556070416
20634,0.1851423189697867,1,1,1,527154,78456,80021,27935,0.7267405239171514,0.2625692022821479
20635,0.1851464920567714,0,3,0,527157,78453,80021,27935,0.7267127348178888,0.2625766063841787
20636,0.1851584191115773,1,0,1,527157,78453,80022,27934,0.7267127348178888,0.26256967486629007
20637,0.1851628317613784,0,1,0,527158,78452,80022,27934,0.7267034717848012,0.2625721429511402
20638,0.185165592929695,2,13,2,527171,78439,80024,27932,0.726583052354663,0.2625903676754002
20639,0.1851690086211369,2,5,2,527176,78434,80026,27930,0.7265367371892253,0.2625888458500997
20640,0.1851728883631656,17,25,17,527201,78409,80043,27913,0.7263051613620364,0.2625326837343165
20641,0.1851729003545384,1,7,1,527208,78402,80044,27912,0.7262403201304235,0.262543032902534
20642,0.1851804708124458,1,9,1,527217,78393,80045,27911,0.7261569528326355,0.26255832329921736
20643,0.1851860072419697,1,0,1,527217,78393,80046,27910,0.7261569528326355,0.2625513861320941
20644,0.1851863919068372,0,2,0,527219,78391,80046,27910,0.7261384267664605,0.2625563259047422
20645,0.1851920877320197,4,20,4,527239,78371,80050,27906,0.7259531661047093,0.26257798018385914
20646,0.185201756344583,4,10,4,527249,78361,80054,27902,0.7258605357738338,0.262574932008319
20647,0.1852047066196461,14,46,14,527295,78315,80068,27888,0.7254344362518063,0.2625914522188639
20648,0.1852113008649989,8,15,8,527310,78300,80076,27880,0.7252954907554929,0.2625729892635148
20649,0.1852118766261387,6,10,6,527320,78290,80082,27874,0.7252028604246175,0.2625560453637768
20650,0.1852145917898754,7,19,7,527339,78271,80089,27867,0.7250268627959539,0.2625544102960297
20651,0.185215964909008,1,6,1,527345,78265,80090,27866,0.7249712845974285,0.2625623050758025
20652,0.1852208079871403,2,3,2,527348,78262,80092,27864,0.724943495498166,0.2625558298626161
20653,0.1852223006211525,1,2,1,527350,78260,80093,27863,0.7249249694319908,0.2625538290474261
20654,0.1852265568004322,1,16,1,527366,78244,80094,27862,0.7247767609025899,0.26258647013363995
20655,0.1852321391752469,7,11,7,527377,78233,80101,27855,0.7246748675386269,0.26256504034386546
20656,0.1852334222536083,0,1,0,527378,78232,80101,27855,0.7246656045055393,0.2625675153411822
20657,0.185235668148981,1,2,1,527380,78230,80102,27854,0.7246470784393642,0.26256551412088536
20658,0.1852380721993992,0,1,0,527381,78229,80102,27854,0.7246378154062766,0.2625679892159912
20659,0.1852392388689163,9,30,9,527411,78199,80111,27845,0.72435992441365,0.26257968390479425
20660,0.1852431774556387,13,51,13,527462,78148,80124,27832,0.7238875097261848,0.26261558784676353
20661,0.185247550912292,1,14,1,527476,78134,80125,27831,0.723757827262959,0.2626433256263861
20662,0.1852550454772887,1,6,1,527482,78128,80126,27830,0.7237022490644337,0.26265123917023725
20663,0.1852640222321184,5,17,5,527499,78111,80131,27825,0.7235447775019452,0.26265858631626643
20664,0.1852644685057934,1,1,1,527500,78110,80132,27824,0.7235355144688577,0.2626541053863726
20665,0.1852644804971661,0,2,0,527502,78108,80132,27824,0.7235169884026825,0.2626590643054035
20666,0.1852683711855733,1,4,1,527506,78104,80133,27823,0.7234799362703324,0.2626620219585186
20667,0.1852805880862437,1,4,1,527510,78100,80134,27822,0.7234428841379822,0.26266497989086307
20668,0.1852870786036508,0,1,0,527511,78099,80134,27822,0.7234336211048946,0.262667459710539
20669,0.1852874679878131,22,37,22,527548,78062,80156,27800,0.7230908888806551,0.2626060342710321
20670,0.1852900413412005,10,35,10,527583,78027,80166,27790,0.7227666827225907,0.2626232079911545
20671,0.1852920681035075,2,3,2,527586,78024,80168,27788,0.722738893623328,0.26261671644047935
20672,0.1852932113093064,0,1,0,527587,78023,80168,27788,0.7227296305902404,0.26261919838202075
20673,0.1852966965668339,3,16,3,527603,78007,80171,27785,0.7225814220608396,0.26263800665456744
20674,0.1852969413316399,5,12,5,527615,77995,80176,27780,0.7224702656637889,0.262632947293784
20675,0.1853070681928297,0,4,0,527619,77991,80176,27780,0.7224332135314387,0.26264287942819864
20676,0.185309243325623,1,15,1,527634,77976,80177,27779,0.7222942680351254,0.26267315966148175
20677,0.1853103691959359,1,3,1,527637,77973,80178,27778,0.7222664789358627,0.262673639019962
20678,0.1853148552386082,2,5,2,527642,77968,80180,27776,0.722220163770425,0.2626721137842336
20679,0.1853242409328694,0,1,0,527643,77967,80180,27776,0.7222109007373374,0.2626745978457203
20680,0.1853315607527881,1,4,1,527647,77963,80181,27775,0.7221738486049872,0.26267756151998334
20681,0.1853391310549198,0,1,0,527648,77962,80181,27775,0.7221645855718997,0.26268004577394855
20682,0.1853397365063205,7,11,7,527659,77951,80188,27768,0.7220626922079366,0.26265855711839875
20683,0.1853417539593356,0,1,0,527660,77950,80188,27768,0.722053429174849,0.26266104163907755
20684,0.18535607909135,3,6,3,527666,77944,80191,27765,0.7219978509763237,0.26265502464312407
20685,0.1853561763722258,1,6,1,527672,77938,80192,27764,0.7219422727777983,0.2626629581275662
20686,0.1853581834694705,2,7,2,527679,77931,80194,27762,0.7218774315461854,0.2626664017484602
20687,0.1853591027936545,1,11,1,527690,77920,80195,27761,0.7217755381822224,0.26268676488678194
20688,0.1853657913577115,7,15,7,527705,77905,80202,27754,0.7216365926859091,0.2626752098732716
20689,0.1853675781658751,2,12,2,527717,77893,80204,27752,0.7215254362888585,0.26269108807799707
20690,0.1853700315887807,1,3,1,527720,77890,80205,27751,0.7214976471895957,0.2626915686144584
20691,0.1853717440292157,4,9,4,527729,77881,80209,27747,0.7214142798918077,0.26268603021926007
20692,0.1853737719766634,2,12,2,527741,77869,80211,27745,0.7213031234947571,0.26270191451890845
20693,0.1853747896777139,2,14,2,527755,77855,80213,27743,0.7211734410315314,0.2627227788405083
20694,0.1853748979857938,7,16,7,527771,77839,80220,27736,0.7210252325021305,0.26271371063225196
20695,0.1853759328835127,3,3,3,527774,77836,80223,27733,0.7209974434028679,0.26270022449772185
20696,0.1853828892648444,0,2,0,527776,77834,80223,27733,0.7209789173366927,0.2627052014360548
20697,0.1853850911923413,6,16,6,527792,77818,80229,27727,0.7208307088072918,0.2627031124165048
20698,0.1853853102526123,0,1,0,527793,77817,80229,27727,0.7208214457742043,0.26270560145531724
20699,0.185385886013752,2,7,2,527800,77810,80231,27725,0.7207566045425914,0.2627090538683849
20700,0.1853862097753909,11,21,11,527821,77789,80242,27714,0.7205620808477528,0.2626844734272959
20701,0.1853914378720978,3,18,3,527839,77771,80245,27711,0.7203953462521768,0.2627083293832123
20702,0.1853979526719754,3,8,3,527847,77763,80248,27708,0.7203212419874764,0.2627072844668203
20703,0.1853984421236493,3,4,3,527851,77759,80251,27705,0.7202841898551262,0.2626962755063339
20704,0.1853998926444531,3,23,3,527874,77736,80254,27702,0.7200711400941124,0.2627326011494907
20705,0.1854015331411023,0,3,0,527877,77733,80254,27702,0.7200433509948497,0.2627400768245839
20706,0.1854019493385637,0,1,0,527878,77732,80254,27702,0.7200340879617622,0.26274256881082003
20707,0.185404129531734,4,2,4,527880,77730,80258,27698,0.7200155618955871,0.2627195811359411
20708,0.1854060174104727,8,28,8,527908,77702,80266,27690,0.7197561969691356,0.2627334143008957
20709,0.1854075658302338,1,5,1,527913,77697,80267,27689,0.7197098818036978,0.2627388837226956
20710,0.1854102148652083,2,6,2,527919,77691,80269,27687,0.7196543036051725,0.26273985082275236
20711,0.1854104724768795,9,29,9,527948,77662,80278,27678,0.7193856756456334,0.262749193089045
20712,0.1854133688217864,4,15,4,527963,77647,80282,27674,0.7192467301493201,0.26275861414152923
20713,0.1854133824455419,7,42,7,528005,77605,80289,27667,0.7188576827596428,0.26281442358841856
20714,0.1854170146458559,1,1,1,528006,77604,80290,27666,0.7188484197265552,0.2628099173553719
20715,0.1854195879992433,1,5,1,528011,77599,80291,27665,0.7188021045611175,0.2628153974768202
20716,0.1854199084019189,5,4,5,528015,77595,80296,27660,0.7187650524287673,0.26279036625338464
20717,0.1854230976342896,2,20,2,528035,77575,80298,27658,0.7185797917670161,0.26282629973487404
20718,0.1854240056961392,0,2,0,528037,77573,80298,27658,0.7185612657008411,0.2628312949606105
20719,0.1854246806113836,12,18,12,528055,77555,80310,27646,0.7183945311052651,0.2627921787815705
20720,0.1854298223114472,0,6,0,528061,77549,80310,27646,0.7183389529067398,0.26280716764104756
20721,0.1854298440534106,6,12,6,528073,77537,80316,27640,0.7182277965096892,0.2627950977875391
20722,0.1854364319857626,4,24,4,528097,77513,80320,27636,0.7180054837155878,0.26282703592045575
20723,0.1854375691332734,13,27,13,528124,77486,80333,27623,0.7177553818222239,0.26280337554348343
20724,0.1854401383551759,4,4,4,528128,77482,80337,27619,0.7177183296898737,0.2627853207866719
20725,0.1854441113112378,0,1,0,528129,77481,80337,27619,0.7177090666567861,0.26278782112274024
20726,0.1854507185887577,0,1,0,528130,77480,80337,27619,0.7176998036236986,0.2627903215063892
20727,0.185454597473857,0,1,0,528131,77479,80337,27619,0.717690540590611,0.2627928219376201
20728,0.1854556366886438,2,9,2,528140,77470,80339,27617,0.717607173292823,0.2628012979721564
20729,0.1854657819958887,2,6,2,528146,77464,80341,27615,0.7175515950942977,0.26280227257587147
20730,0.1854680318268186,2,8,2,528154,77456,80343,27613,0.7174774908295972,0.2628082498167871
20731,0.185470127972142,0,1,0,528155,77455,80343,27613,0.7174682277965096,0.26281075113259983
20732,0.1854709507192533,7,12,7,528167,77443,80350,27606,0.717357071399459,0.2627916496111338
20733,0.1854719588556474,0,2,0,528169,77441,80350,27606,0.7173385453332839,0.26279665292678517
20734,0.1854731578591118,2,13,2,528182,77428,80352,27604,0.7172181259031457,0.26281514205194606
20735,0.185479509525759,1,8,1,528190,77420,80353,27603,0.7171440216384453,0.26282814240690133
20736,0.1854810021597712,22,27,22,528217,77393,80375,27581,0.7168939197450813,0.2627412502143388
20737,0.1854812117694552,0,5,0,528222,77388,80375,27581,0.7168476045796436,0.262753765397403
20738,0.1854818926481778,0,1,0,528223,77387,80375,27581,0.716838341546556,0.26275626857709017
20739,0.1854874485442435,7,8,7,528231,77379,80382,27574,0.7167642372818556,0.2627271254752127
20740,0.1854915578748191,2,12,2,528243,77367,80384,27572,0.716653080884805,0.26274311743012607
20741,0.1854976516353605,1,1,1,528244,77366,80385,27571,0.7166438178517174,0.26273859553827533
20742,0.1855033186347062,3,5,3,528249,77361,80388,27568,0.7165975026862796,0.262730036500872
20743,0.1855081798157735,3,14,3,528263,77347,80391,27565,0.7164678202230539,0.26274401403080677
20744,0.1855093206584255,0,3,0,528266,77344,80391,27565,0.7164400311237912,0.26275152751432196
20745,0.1855114885445467,3,0,3,528266,77344,80394,27562,0.7164400311237912,0.2627304443978419
20746,0.1855223622309723,1,1,1,528267,77343,80395,27561,0.7164307680907036,0.2627259208419126
20747,0.1855259193802361,4,14,4,528281,77329,80399,27557,0.7163010856274779,0.2627328718799459
20748,0.1855337284084155,0,1,0,528282,77328,80399,27557,0.7162918225943903,0.2627353768413024
20749,0.1855352376613074,0,1,0,528283,77327,80399,27557,0.7162825595613027,0.26273788185042524
20750,0.1855373190480633,1,2,1,528285,77325,80400,27556,0.7162640334951277,0.26273586254898407
20751,0.1855398007453249,0,3,0,528288,77322,80400,27556,0.716236244395865,0.26274337802017583
20752,0.1855409871830251,0,2,0,528290,77320,80400,27556,0.7162177183296898,0.2627483885731721
20753,0.1855437739113634,1,12,1,528302,77308,80401,27555,0.7161065619326392,0.26277142557432076
20754,0.185545843138316,0,1,0,528303,77307,80401,27555,0.7160972988995516,0.2627739314527665
20755,0.1855468037983331,4,8,4,528311,77299,80405,27551,0.7160231946348512,0.2627658559847401
20756,0.1855487990653272,0,2,0,528313,77297,80405,27551,0.7160046685686762,0.26277086830459334
20757,0.185549714431779,9,16,9,528329,77281,80414,27542,0.7158564600392753,0.262747679421501
20758,0.185549942271126,0,1,0,528330,77280,80414,27542,0.7158471970061877,0.2627501860296503
20759,0.1855553294560328,1,4,1,528334,77276,80415,27541,0.7158101448738375,0.2627531793506778
20760,0.1855602214637085,8,21,8,528355,77255,80423,27533,0.7156156211789989,0.2627495514753598
20761,0.1855614308453018,4,20,4,528375,77235,80427,27529,0.7154303605172477,0.2627715627505632
20762,0.1855659786438054,1,1,1,528376,77234,80428,27528,0.7154210974841602,0.26276703384815103
20763,0.18556631812308,2,6,2,528382,77228,80430,27526,0.7153655192856349,0.26276800885885027
20764,0.1855671157913161,2,4,2,528386,77224,80432,27524,0.7153284671532847,0.2627639668537824
20765,0.1855724515112626,0,1,0,528387,77223,80432,27524,0.7153192041201971,0.2627664754121836
20766,0.1855725823023991,1,9,1,528396,77214,80433,27523,0.7152358368224091,0.2627820159065087
20767,0.1855735206296781,0,1,0,528397,77213,80433,27523,0.7152265737893215,0.2627845249007027
20768,0.185574167784294,3,6,3,528403,77207,80436,27520,0.7151709955907962,0.2627784620966895
20769,0.1855831380174469,1,7,1,528410,77200,80437,27519,0.7151061543591833,0.2627889876717692
20770,0.1855881852677716,8,21,8,528431,77179,80445,27511,0.7149116306643447,0.2627853663196103
20771,0.1855910481231383,0,3,0,528434,77176,80445,27511,0.7148838415650821,0.2627928969212987
20772,0.1855917180209531,3,3,3,528437,77173,80448,27508,0.7148560524658194,0.26277930092375884
20773,0.1855937799636001,5,19,5,528456,77154,80453,27503,0.7146800548371559,0.26279178650257506
20774,0.1855945355792719,1,9,1,528465,77145,80454,27502,0.7145966875393679,0.2628073427809684
20775,0.1855968670291033,26,66,26,528531,77079,80480,27476,0.7139853273555893,0.26278991918129213
20776,0.1856053271585352,4,8,4,528539,77071,80484,27472,0.7139112230908888,0.26278182183407783
20777,0.1856098226169576,4,21,4,528560,77050,80488,27468,0.7137166993960502,0.26280640655198145
20778,0.1856146331222465,5,6,5,528566,77044,80493,27463,0.7136611211975249,0.2627862248461825
20779,0.1856158337554741,3,12,3,528578,77032,80496,27460,0.7135499648004743,0.2627952379129503
20780,0.1856182773893129,33,93,33,528671,76939,80529,27427,0.7126885027233317,0.2627963129754901
20781,0.1856224592631548,14,58,14,528729,76881,80543,27413,0.7121512468042536,0.2628435001054711
20782,0.1856296460762572,0,2,0,528731,76879,80543,27413,0.7121327207380784,0.2628485406359069
20783,0.1856317057580155,3,8,3,528739,76871,80546,27410,0.7120586164733781,0.2628474985855525
20784,0.1856343853561441,3,3,3,528742,76868,80549,27407,0.7120308273741154,0.2628338527930952
20785,0.1856420412144319,0,1,0,528743,76867,80549,27407,0.7120215643410278,0.26283637340084776
20786,0.1856499778805118,1,4,1,528747,76863,80550,27406,0.7119845122086776,0.2628393865866173
20787,0.1856524373021703,5,16,5,528763,76847,80555,27401,0.7118363036792767,0.2628443711150334
20788,0.1856532703655357,9,19,9,528782,76828,80564,27392,0.7116603060506133,0.2628286317405488
20789,0.185655173085469,1,10,1,528792,76818,80565,27391,0.7115676757197377,0.26284677906898635
20790,0.1856578982657078,3,2,3,528794,76816,80568,27388,0.7115491496535625,0.26283060151241794
20791,0.1856616092875134,1,0,1,528794,76816,80569,27387,0.7115491496535625,0.26282352715372875
20792,0.1856650788233725,1,4,1,528798,76812,80570,27386,0.7115120975212124,0.2628265417762337
20793,0.1856707833920019,5,16,5,528814,76796,80575,27381,0.7113638889918115,0.26283152711251045
20794,0.1856756535748822,2,6,2,528820,76790,80577,27379,0.7113083107932862,0.26283251255171886
20795,0.1856792483385809,3,11,3,528831,76779,80580,27376,0.7112064174293231,0.2628390379722529
20796,0.185682095181599,0,1,0,528832,76778,80580,27376,0.7111971543962355,0.2628415615338825
20797,0.1856824933218308,1,1,1,528833,76777,80581,27375,0.711187891363148,0.26283700745064903
20798,0.1856836802382133,3,10,3,528843,76767,80584,27372,0.7110952610322724,0.26284101057240805
20799,0.1856862535916008,6,15,6,528858,76752,80590,27366,0.7109563155359591,0.2628363971647554
20800,0.1856917412015283,4,9,4,528867,76743,80594,27362,0.7108729482381712,0.262830795831132
20801,0.1856995350819289,0,1,0,528868,76742,80594,27362,0.7108636852050836,0.26283332052562824
20802,0.1857063641998615,8,25,8,528893,76717,80602,27354,0.7106321093778947,0.26283979206503255
20803,0.1857116243579766,15,21,15,528914,76696,80617,27339,0.710437585683056,0.2627865622146393
20804,0.1857116487100728,4,12,4,528926,76684,80621,27335,0.7103264292860054,0.26278852901873695
20805,0.1857123676504635,2,8,2,528934,76676,80623,27333,0.710252325021305,0.2627945658548779
20806,0.1857155362530712,11,20,11,528954,76656,80634,27322,0.7100670643595539,0.2627671238146531
20807,0.1857183857477467,6,5,6,528959,76651,80640,27316,0.7100207491941162,0.2627372146931238
20808,0.1857202138342449,1,7,1,528966,76644,80641,27315,0.7099559079625033,0.26274781404207426
20809,0.1857254234124613,5,6,5,528972,76638,80646,27310,0.7099003297639779,0.26272751760495633
20810,0.1857258305548365,3,10,3,528982,76628,80649,27307,0.7098076994331024,0.2627315148891134
20811,0.1857264136871461,3,6,3,528988,76622,80652,27304,0.7097521212345771,0.2627254007659296
20812,0.1857310213286718,0,1,0,528989,76621,80652,27304,0.7097428582014895,0.26272792879480394
20813,0.1857324734533888,0,1,0,528990,76620,80652,27304,0.709733595168402,0.26273045687232977
20814,0.1857342308513218,7,5,7,528995,76615,80659,27297,0.7096872800029642,0.26269343290476554
20815,0.1857350412029815,3,3,3,528998,76612,80662,27294,0.7096594909037015,0.2626797297557408
20816,0.1857354402329152,0,1,0,528999,76611,80662,27294,0.7096502278706139,0.26268225783167315
20817,0.1857366557830059,0,1,0,529000,76610,80662,27294,0.7096409648375264,0.2626847859562673
20818,0.1857434828987955,3,4,3,529004,76606,80665,27291,0.7096039127051762,0.2626736094401186
20819,0.185744017444798,4,8,4,529012,76598,80669,27287,0.7095298084404758,0.2626654473696876
20820,0.1857540070890638,3,15,3,529027,76583,80672,27284,0.7093908629441624,0.2626820838187297
20821,0.1857660516202452,2,2,2,529029,76581,80674,27282,0.7093723368779873,0.2626729441668352
20822,0.1857701900831655,5,10,5,529039,76571,80679,27277,0.7092797065471118,0.26266273784762345
20823,0.1857749947200253,0,1,0,529040,76570,80679,27277,0.7092704435140242,0.26266526717189714
20824,0.1857761305920698,2,8,2,529048,76562,80681,27275,0.7091963392493238,0.2626713021370032
20825,0.1857822384322256,1,10,1,529058,76552,80682,27274,0.7091037089184482,0.26268949973994954
20826,0.1857844175876351,2,4,2,529062,76548,80684,27272,0.709066656786098,0.2626854170680023
20827,0.1857962171691814,16,20,16,529082,76528,80700,27256,0.708881396124347,0.2626223695367301
20828,0.1857964686507681,0,10,0,529092,76518,80700,27256,0.7087887657934714,0.26264767668202055
20829,0.1857979283468269,5,5,5,529097,76513,80705,27251,0.7087424506280336,0.26262480243629777
20830,0.1857979443424893,2,0,2,529097,76513,80707,27249,0.7087424506280336,0.26261058961855016
20831,0.1858028705268948,2,5,2,529102,76508,80709,27247,0.7086961354625959,0.2626090308900776
20832,0.1858086871422029,1,5,1,529107,76503,80710,27246,0.7086498202971581,0.26261457941763294
20833,0.1858132268962561,2,4,2,529111,76499,80712,27244,0.7086127681648079,0.26261048938241616
20834,0.185815799701804,2,2,2,529113,76497,80714,27242,0.7085942420986328,0.2626013360452675
20835,0.1858158002496436,1,5,1,529118,76492,80715,27241,0.708547926933195,0.26260688498356355
20836,0.1858170152900814,1,2,1,529120,76490,80716,27240,0.7085294008670199,0.26260483948713004
20837,0.185818331953031,0,6,0,529126,76484,80716,27240,0.7084738226684946,0.26262003007982726
20838,0.1858240490146166,1,5,1,529131,76479,80717,27239,0.7084275075030568,0.26262558090206134
20839,0.1858243185071979,7,11,7,529142,76468,80724,27232,0.7083256141390937,0.2626036644165863
20840,0.1858262950225393,9,17,9,529159,76451,80733,27223,0.7081681425766053,0.26258271119084825
20841,0.1858291824730823,0,2,0,529161,76449,80733,27223,0.7081496165104302,0.2625877768346323
20842,0.1858337813836736,1,5,1,529166,76444,80734,27222,0.7081033013449924,0.26259332857446027
20843,0.185836678642926,0,2,0,529168,76442,80734,27222,0.7080847752788173,0.26259839481401454
20844,0.1858411710160194,1,1,1,529169,76441,80735,27221,0.7080755122457297,0.2625938145125504
20845,0.1858418395560657,4,8,4,529177,76433,80739,27217,0.7080014079810293,0.2625856246985046
20846,0.1858426128326235,13,34,13,529211,76399,80752,27204,0.7076864648560525,0.2625792689400886
20847,0.1858440167536915,1,0,1,529211,76399,80753,27203,0.7076864648560525,0.2625721511167738
20848,0.1858491325911686,2,5,2,529216,76394,80755,27201,0.7076401496906147,0.262570587383561
20849,0.1858497971515077,5,8,5,529224,76386,80760,27196,0.7075660454259143,0.2625552702206947
20850,0.1858522469115485,0,1,0,529225,76385,80760,27196,0.7075567823928267,0.26255780500284803
20851,0.1858580635268565,1,12,1,529237,76373,80761,27195,0.7074456259957761,0.26258110613316854
20852,0.1858598599839545,9,13,9,529250,76360,80770,27186,0.7073252065656378,0.26254997778764994
20853,0.1858617255034369,18,34,18,529284,76326,80788,27168,0.707010263440661,0.2625079714766073
20854,0.1858620201114316,0,1,0,529285,76325,80788,27168,0.7070010004075734,0.2625105079570599
20855,0.1858661876764022,0,4,0,529289,76321,80788,27168,0.7069639482752232,0.26252065436906336
20856,0.1858662370174131,0,8,0,529297,76313,80788,27168,0.7068898440105228,0.26254094954629353
20857,0.1858704927015983,0,9,0,529306,76304,80788,27168,0.7068064767127348,0.26256378537188807
20858,0.1858730660549858,2,25,2,529331,76279,80790,27166,0.706574900885546,0.26261298274445355
20859,0.1858738185748533,0,7,0,529338,76272,80790,27166,0.7065100596539331,0.2626307546549624
20860,0.185873918942428,1,1,1,529339,76271,80791,27165,0.7065007966208455,0.26262616497157665
20861,0.185874419928313,10,26,10,529365,76245,80801,27155,0.7062599577605692,0.2626208897485493
20862,0.1858757049674469,1,8,1,529373,76237,80802,27154,0.7061858534958687,0.26263407840140823
20863,0.1858765164661162,1,7,1,529380,76230,80803,27153,0.7061210122642558,0.2626447288238879
20864,0.1858767403227989,0,1,0,529381,76229,80803,27153,0.7061117492311683,0.26264726935056393
20865,0.1858856580976862,4,2,4,529383,76227,80807,27149,0.7060932231649931,0.2626238198421297
20866,0.1858860356555371,3,7,3,529390,76220,80810,27146,0.7060283819333802,0.26262020393553004
20867,0.1858863770380768,2,5,2,529395,76215,80812,27144,0.7059820667679425,0.2626186398862218
20868,0.18589239513536,0,1,0,529396,76214,80812,27144,0.7059728037348549,0.26262118075040153
20869,0.1858924608220309,0,6,0,529402,76208,80812,27144,0.7059172255363296,0.2626364269680316
20870,0.1858941243464527,0,1,0,529403,76207,80812,27144,0.7059079625032421,0.2626389681764085
20871,0.1858967301981106,19,25,19,529428,76182,80831,27125,0.7056763866760533,0.26256691221311235
20872,0.1859024776042981,0,1,0,529429,76181,80831,27125,0.7056671236429657,0.262569453855536
20873,0.1859056111372794,0,5,0,529434,76176,80831,27125,0.7056208084775278,0.26258216280578117
20874,0.1859172561754337,2,6,2,529440,76170,80833,27123,0.7055652302790025,0.2625831372890709
20875,0.185917626475421,0,2,0,529442,76168,80833,27123,0.7055467042128275,0.26258822162627915
20876,0.1859200775558046,2,6,2,529448,76162,80835,27121,0.7054911260143021,0.26258919667321823
20877,0.1859257638272242,2,7,2,529455,76155,80837,27119,0.7054262847826892,0.2625927145264055
20878,0.1859258928507698,1,1,1,529456,76154,80838,27118,0.7054170217496016,0.2625881168177241
20879,0.1859274750048697,0,8,0,529464,76146,80838,27118,0.7053429174849013,0.26260845986984815
20880,0.1859295277784409,4,6,4,529470,76140,80842,27114,0.7052873392863759,0.26259515369864606
20881,0.1859323361859371,0,5,0,529475,76135,80842,27114,0.7052410241209381,0.2626078702941433
20882,0.1859334196986935,1,11,1,529486,76124,80843,27113,0.7051391307569751,0.2626287086994004
20883,0.1859340663413264,0,1,0,529487,76123,80843,27113,0.7051298677238875,0.26263125266379944
20884,0.1859341929752512,2,5,2,529492,76118,80845,27111,0.7050835525584498,0.26262968739404624
20885,0.185934655992526,1,7,1,529499,76111,80846,27110,0.7050187113268369,0.26264035419149206
20886,0.1859431178595767,3,15,3,529514,76096,80849,27107,0.7048797658305236,0.2626570933015513
20887,0.1859501399796831,1,3,1,529517,76093,80850,27106,0.7048519767312609,0.26265758389131677
20888,0.1859507710230331,1,3,1,529520,76090,80851,27105,0.7048241876319982,0.26265807451911427
20889,0.18595117919447,4,6,4,529526,76084,80855,27101,0.7047686094334729,0.2626447642583709
20890,0.1859633280417164,0,1,0,529527,76083,80855,27101,0.7047593464003853,0.26264730966041244
20891,0.1859660000709407,4,5,4,529532,76078,80859,27097,0.7047130312349476,0.26263145141749455
20892,0.1859701133513517,3,13,3,529545,76065,80862,27094,0.7045926118048094,0.2626431043340862
20893,0.1859719353852469,1,1,1,529546,76064,80863,27093,0.7045833487717218,0.2626385024768072
20894,0.1859751167095663,4,10,4,529556,76054,80867,27089,0.7044907184408463,0.26263537031112144
20895,0.1859877522904915,0,1,0,529557,76053,80867,27089,0.7044814554077587,0.2626379166585872
20896,0.1859892418590257,0,4,0,529561,76049,80867,27089,0.7044444032754085,0.262648102542225
20897,0.1859912721614797,0,4,0,529565,76045,80867,27089,0.7044073511430583,0.26265828921597145
20898,0.1859971912799072,2,2,2,529567,76043,80869,27087,0.7043888250768832,0.26264908368079126
20899,0.1859983278948112,0,1,0,529568,76042,80869,27087,0.7043795620437956,0.2626516304822116
20900,0.1860000393596411,2,6,2,529574,76036,80871,27085,0.7043239838452703,0.26265261198010104
20901,0.1860026127130286,2,9,2,529583,76027,80873,27083,0.7042406165474823,0.2626612355736592
20902,0.1860027189834168,3,19,3,529602,76008,80876,27080,0.7040646189188188,0.26268818873195715
20903,0.1860059060339055,4,16,4,529618,75992,80880,27076,0.7039164103894179,0.26270035316490087
20904,0.1860160292838228,0,5,0,529623,75987,80880,27076,0.7038700952239801,0.26271309781395846
20905,0.1860164055411732,0,3,0,529626,75984,80880,27076,0.7038423061247174,0.26272074519697264
20906,0.1860205938470586,0,4,0,529630,75980,80880,27076,0.7038052539923673,0.2627309424002484
20907,0.1860220211790093,8,10,8,529640,75970,80888,27068,0.7037126236614917,0.2626991983540053
20908,0.1860346980022045,5,15,5,529655,75955,80893,27063,0.7035736781651784,0.262701663786911
20909,0.1860371591055289,3,26,3,529681,75929,80896,27060,0.703332839304902,0.2627465069085048
20910,0.1860397647091602,1,0,1,529681,75929,80897,27059,0.703332839304902,0.26273934827358525
20911,0.1860407759674023,0,1,0,529682,75928,80897,27059,0.7033235762718144,0.262741899463039
20912,0.1860424337594764,10,70,10,529752,75858,80907,27049,0.7026751639556856,0.26284898014712316
20913,0.1860455813244682,1,4,1,529756,75854,80908,27048,0.7026381118233355,0.2628520339740724
20914,0.1860497143550602,1,0,1,529756,75854,80909,27047,0.7026381118233355,0.26284487031224185
20915,0.1860512856045517,5,23,5,529779,75831,80914,27042,0.7024250620623217,0.26286780787961855
20916,0.1860523509288366,4,8,4,529787,75823,80918,27038,0.7023509577976212,0.2628595872099241
20917,0.1860566458811081,10,20,10,529807,75803,80928,27028,0.7021656971358702,0.2628390271416207
20918,0.1860595312280493,0,1,0,529808,75802,80928,27028,0.7021564341027826,0.2628415831955655
20919,0.1860642548692075,0,1,0,529809,75801,80928,27028,0.702147171069695,0.2628441392992249
20920,0.1860699841989612,2,3,2,529812,75798,80930,27026,0.7021193819704324,0.26283746985139655
20921,0.1860817446273971,3,7,3,529819,75791,80933,27023,0.7020545407388196,0.26283385531153347
20922,0.1860838586077361,0,6,0,529825,75785,80933,27023,0.7019989625402941,0.26284919461520506
20923,0.1860896752230442,4,16,4,529841,75769,80937,27019,0.7018507540108934,0.26286142351247227
20924,0.1860898505029227,3,3,3,529844,75766,80940,27016,0.7018229649116307,0.26284758031561944
20925,0.1860942991260446,3,9,3,529853,75757,80943,27013,0.7017395976138426,0.26284908047095457
20926,0.1860963429923768,1,2,1,529855,75755,80944,27012,0.7017210715476676,0.2628470228769936
20927,0.1860991577556785,2,0,2,529855,75755,80946,27010,0.7017210715476676,0.2628326764949156
20928,0.1861040241526916,3,8,3,529863,75747,80949,27007,0.7016469672829672,0.2628316172606419
20929,0.1861055576787317,0,6,0,529869,75741,80949,27007,0.7015913890844419,0.26284696539105384
20930,0.1861074895539902,1,9,1,529878,75732,80950,27006,0.7015080217866538,0.2628628160953104
20931,0.1861134106483816,0,2,0,529880,75730,80950,27006,0.7014894957204787,0.26286793334371594
20932,0.1861214302616893,0,3,0,529883,75727,80950,27006,0.7014617066212161,0.2628756095899078
20933,0.1861229186382219,3,2,3,529885,75725,80953,27003,0.701443180555041,0.2628592009968071
20934,0.1861251885820833,1,2,1,529887,75723,80954,27002,0.7014246544888658,0.26285714285714284
20935,0.1861312964388618,5,7,5,529894,75716,80959,26997,0.7013598132572529,0.26283917323026296
20936,0.1861325201134721,0,7,0,529901,75709,80959,26997,0.7012949720256401,0.26285708721983136
20937,0.1861332933900299,12,51,12,529952,75658,80971,26985,0.7008225573381748,0.2629015130111162
20938,0.1861371507609213,1,4,1,529956,75654,80972,26984,0.7007855052058246,0.2629045772520899
20939,0.1861387910038585,0,14,0,529970,75640,80972,26984,0.7006558227425989,0.26294044278141565
20940,0.1861396159171136,0,1,0,529971,75639,80972,26984,0.7006465597095113,0.2629430049793906
20941,0.1861424949886842,3,10,3,529981,75629,80975,26981,0.7005539293786357,0.26294708118117144
20942,0.1861482260237359,1,3,1,529984,75626,80976,26980,0.7005261402793731,0.2629475859111553
20943,0.1861501405051014,0,3,0,529987,75623,80976,26980,0.7004983511801104,0.262955274212255
20944,0.1861575045469575,4,12,4,529999,75611,80980,26976,0.7003871947830598,0.2629572947839395
20945,0.1861632824183907,1,4,1,530003,75607,80981,26975,0.7003501426507095,0.2629603634165838
20946,0.186164767494695,7,13,7,530016,75594,80988,26968,0.7002297232205713,0.262943390339502
20947,0.1861717278551976,1,4,1,530020,75590,80989,26967,0.7001926710882211,0.2629464590422887
20948,0.1861830396447948,0,2,0,530022,75588,80989,26967,0.700174145022046,0.2629515869533421
20949,0.1861902738413135,0,7,0,530029,75581,80989,26967,0.7001093037904331,0.2629695362171861
20950,0.1861921931882728,1,2,1,530031,75579,80990,26966,0.700090777724258,0.2629674776927203
20951,0.186192466507064,0,1,0,530032,75578,80990,26966,0.7000815146911705,0.26297004212825714
20952,0.18619289451387,18,22,18,530054,75556,81008,26948,0.6998777279632443,0.262897057675798
20953,0.1861944779856303,0,3,0,530057,75553,81008,26948,0.6998499388639816,0.2629047521487595
20954,0.1862200429621623,0,1,0,530058,75552,81008,26948,0.699840675830894,0.2629073170731707
20955,0.1862241002560999,1,6,1,530064,75546,81009,26947,0.6997850976323687,0.26291551618159287
20956,0.1862248735326576,3,7,3,530071,75539,81012,26944,0.6997202564007559,0.26291189758301375
20957,0.1862311117423041,3,2,3,530073,75537,81015,26941,0.6997017303345807,0.2628954507308886
20958,0.1862362620671674,0,5,0,530078,75532,81015,26941,0.699655415169143,0.2629082782781806
20959,0.1862369283576121,5,8,5,530086,75524,81020,26936,0.6995813109044425,0.2628928362287722
20960,0.186241215472693,13,37,13,530123,75487,81033,26923,0.699238578680203,0.26289424860853433
20961,0.1862439935865745,0,2,0,530125,75485,81033,26923,0.699220052614028,0.262899382860714
20962,0.1862579334476859,7,22,7,530147,75463,81040,26916,0.6990162658861018,0.2629054786626164
20963,0.1862623073095437,0,1,0,530148,75462,81040,26916,0.6990070028530142,0.2629080466506476
20964,0.1862687772716321,0,1,0,530149,75461,81040,26916,0.6989977398199266,0.26291061468884613
20965,0.1862698851255418,1,2,1,530151,75459,81041,26915,0.6989792137537515,0.2629085509992772
20966,0.1862731365029929,1,5,1,530156,75454,81042,26914,0.6989328985883138,0.26291419193497967
20967,0.1862779159729091,9,6,9,530162,75448,81051,26905,0.6988773203897884,0.2628647914570164
20968,0.1862844746564978,1,4,1,530166,75444,81052,26904,0.6988402682574382,0.2628678625864697
20969,0.1862933995408233,3,19,3,530185,75425,81055,26901,0.6986642706287747,0.26289506088384185
20970,0.1862944782328223,2,5,2,530190,75420,81057,26899,0.6986179554633369,0.26289349974100606
20971,0.1862979051684015,27,87,27,530277,75333,81084,26872,0.6978120715847197,0.26292255760481387
20972,0.1863040913910807,0,1,0,530278,75332,81084,26872,0.6978028085516321,0.26292513013189306
20973,0.1863041993042435,1,0,1,530278,75332,81085,26871,0.6978028085516321,0.2629179182607164
20974,0.1863047576815255,5,5,5,530283,75327,81090,26866,0.6977564933861944,0.2628947188163573
20975,0.1863099080063887,7,10,7,530293,75317,81097,26859,0.6976638630553188,0.2628699498903852
20976,0.1863101548879415,2,5,2,530298,75312,81099,26857,0.6976175478898811,0.2628683847350958
20977,0.1863146777765592,0,1,0,530299,75311,81099,26857,0.6976082848567935,0.2628709576383995
20978,0.1863217837744126,0,1,0,530300,75310,81099,26857,0.6975990218237059,0.26287353059206986
20979,0.1863220131651068,0,1,0,530301,75309,81099,26857,0.6975897587906184,0.2628761035961083
20980,0.1863249714135198,24,37,24,530338,75272,81123,26833,0.6972470265663789,0.26279809999510306
20981,0.1863262226173908,1,3,1,530341,75269,81124,26832,0.6972192374671162,0.2627986013849032
20982,0.1863267151607808,1,4,1,530345,75265,81125,26831,0.6971821853347661,0.2628016768531578
20983,0.1863373127636752,0,4,0,530349,75261,81125,26831,0.6971451332024158,0.26281197351408536
20984,0.1863377144494552,1,3,1,530352,75258,81126,26830,0.6971173441031532,0.2628124755113236
20985,0.1863420838280515,0,2,0,530354,75256,81126,26830,0.697098818036978,0.2628176243559352
20986,0.1863424906902697,14,42,14,530396,75214,81140,26816,0.6967097706473008,0.2628246594138979
20987,0.1863435310647632,1,5,1,530401,75209,81141,26815,0.696663455481863,0.262830314435819
20988,0.1863492244009175,8,18,8,530419,75191,81149,26807,0.696496720886287,0.26281887880154514
20989,0.1863500770543644,0,1,0,530420,75190,81149,26807,0.6964874578531994,0.2628214555330059
20990,0.1863525378636249,0,26,0,530446,75164,81149,26807,0.6962466189929231,0.262888468290004
20991,0.1863568214833313,27,38,27,530484,75126,81176,26780,0.695894623735596,0.26279119973308734
20992,0.1863580150095649,1,6,1,530490,75120,81177,26779,0.6958390455370707,0.26279943865984945
20993,0.1863623075567357,0,1,0,530491,75119,81177,26779,0.6958297825039831,0.2628020177039785
20994,0.1863655289350074,0,2,0,530493,75117,81177,26779,0.695811256437808,0.26280717594409986
20995,0.1863656624548807,5,12,5,530505,75105,81182,26774,0.6957001000407573,0.26280195133442613
20996,0.186367205103718,2,2,2,530507,75103,81184,26772,0.6956815739745822,0.2627926380368098
20997,0.1863707621307358,5,5,5,530512,75098,81189,26767,0.6956352588091445,0.2627693515927944
20998,0.1863756233118031,5,8,5,530520,75090,81194,26762,0.695561154544444,0.2627537996308369
20999,0.186377737330302,0,1,0,530521,75089,81194,26762,0.6955518915113564,0.2627563794169915
21000,0.1863783164776151,1,2,1,530523,75087,81195,26761,0.6955333654451814,0.26275430052627446
21001,0.1863806010147079,2,19,2,530542,75068,81197,26759,0.6953573678165178,0.2627888477515787
21002,0.1863849796834511,4,9,4,530551,75059,81201,26755,0.6952740005187299,0.26278311430648044
21003,0.1863928007374332,1,2,1,530553,75057,81202,26754,0.6952554744525548,0.26278103544803605
21004,0.1864001766006561,1,3,1,530556,75054,81203,26753,0.695227685353292,0.26278153761529166
21005,0.1864017350305693,1,3,1,530559,75051,81204,26752,0.6951998962540294,0.26278203982200915
21006,0.186406418965912,2,5,2,530564,75046,81206,26750,0.6951535810885916,0.26278046288655743
21007,0.1864088661680131,3,16,3,530580,75030,81209,26747,0.6950053725591908,0.2628000432317714
21008,0.1864091363510951,5,24,5,530604,75006,81214,26742,0.6947830597650895,0.26282580492982666
21009,0.1864109587028966,0,4,0,530608,75002,81214,26742,0.6947460076327393,0.262836137757509
21010,0.1864113603886765,0,5,0,530613,74997,81214,26742,0.6946996924673015,0.2628490549346858
21011,0.1864201779576103,3,10,3,530623,74987,81217,26739,0.694607062136426,0.26285315455242514
21012,0.1864212248785262,2,1,2,530624,74986,81219,26737,0.6945977991033384,0.2628412453427445
21013,0.1864246508072447,3,0,3,530624,74986,81222,26734,0.6945977991033384,0.26281950452221786
21014,0.1864319428352993,0,1,0,530625,74985,81222,26734,0.6945885360702508,0.26282208830208714
21015,0.1864345481549276,0,4,0,530629,74981,81222,26734,0.6945514839379007,0.26283242392960726
21016,0.1864471458906063,0,1,0,530630,74980,81222,26734,0.6945422209048131,0.2628350079635055
21017,0.1864500636496498,1,27,1,530657,74953,81223,26733,0.6942921190114492,0.26289754735165116
21018,0.1864680059245694,0,1,0,530658,74952,81223,26733,0.6942828559783616,0.2629001327629444
21019,0.1864727976217224,1,6,1,530664,74946,81224,26732,0.6942272777798363,0.2629083970967171
21020,0.1864738225398775,1,9,1,530673,74937,81225,26731,0.6941439104820483,0.26292442066333555
21021,0.1864740320271059,1,10,1,530683,74927,81226,26730,0.6940512801511727,0.2629430339278161
21022,0.1864762938061076,0,1,0,530684,74926,81226,26730,0.6940420171180851,0.26294562052412057
21023,0.1864772661129872,0,13,0,530697,74913,81226,26730,0.6939215976879469,0.26297925090758834
21024,0.1864778853879333,1,0,1,530697,74913,81227,26729,0.6939215976879469,0.26297199976387714
21025,0.1864835750712765,9,53,9,530750,74860,81236,26720,0.6934306569343066,0.2630439062807639
21026,0.1864876055957048,0,1,0,530751,74859,81236,26720,0.693421393901219,0.2630464958308312
21027,0.186489072685105,0,9,0,530760,74850,81236,26720,0.693338026603431,0.2630698040760067
21028,0.186492044438683,0,3,0,530763,74847,81236,26720,0.6933102375041683,0.2630775744090108
21029,0.1864948981157567,7,5,7,530768,74842,81243,26713,0.6932639223387306,0.2630397321648368
21030,0.1865007245483942,1,0,1,530768,74842,81244,26712,0.6932639223387306,0.2630324753333202
21031,0.1865051699698459,0,1,0,530769,74841,81244,26712,0.693254659305643,0.2630350654338129
21032,0.186511268457715,3,9,3,530778,74832,81247,26709,0.6931712920078551,0.26303660590303424
21033,0.1865146644095056,4,37,4,530815,74795,81251,26705,0.6928285597836156,0.2631034482758621
21034,0.1865163562239259,0,3,0,530818,74792,81251,26705,0.6928007706843529,0.26311122496231415
21035,0.1865215543208163,2,5,2,530823,74787,81253,26703,0.6927544555189151,0.2631096659769435
21036,0.1865232337885308,4,6,4,530829,74781,81257,26699,0.6926988773203898,0.2630961765865195
21037,0.1865245842077861,9,7,9,530836,74774,81266,26690,0.6926340360887769,0.26304896317905857
21038,0.18653618282874,1,9,1,530845,74765,81267,26689,0.6925506687909889,0.26306503439982654
21039,0.1865396718424941,1,6,1,530851,74759,81268,26688,0.6924950905924636,0.26307332893037744
21040,0.1865413349147736,11,19,11,530870,74740,81279,26677,0.6923190929638001,0.2630426851514046
21041,0.1865416437922776,2,6,2,530876,74734,81281,26675,0.6922635147652747,0.26304371406877103
21042,0.1865416518637909,0,1,0,530877,74733,81281,26675,0.6922542517321872,0.263046307983591
21043,0.1865453832336944,16,32,16,530909,74701,81297,26659,0.6919578346733855,0.2630130228887135
21044,0.1865491770132841,0,1,0,530910,74700,81297,26659,0.6919485716402979,0.26301561775471344
21045,0.186550771536569,2,1,2,530911,74699,81299,26657,0.6919393086072103,0.2630036702316587
21046,0.1865545862461007,14,16,14,530927,74683,81313,26643,0.6917911000778095,0.26294337090184156
21047,0.18656272743967,0,1,0,530928,74682,81313,26643,0.691781837044722,0.2629459659511473
21048,0.1865644591107079,9,33,9,530961,74649,81322,26634,0.6914761569528326,0.2629661443677616
21049,0.1865646046279838,3,12,3,530973,74637,81325,26631,0.691365000555782,0.2629754710273729
21050,0.1865656121697337,2,4,2,530977,74633,81327,26629,0.6913279484234318,0.2629713021666568
21051,0.1865713260239865,4,11,4,530988,74622,81331,26625,0.6912260550594687,0.2629707546890278
21052,0.1865751552139042,2,5,2,530993,74617,81333,26623,0.6911797398940309,0.26296918214144605
21053,0.1865765461719602,5,21,5,531014,74596,81338,26618,0.6909852161991923,0.2629873337680558
21054,0.1865773471852168,0,3,0,531017,74593,81338,26618,0.6909574270999296,0.26299512898795585
21055,0.1865804283535253,3,7,3,531024,74586,81341,26615,0.6908925858683167,0.26299147241628046
21056,0.1865814849668282,2,4,2,531028,74582,81343,26613,0.6908555337359665,0.2629873017441573
21057,0.186583778836906,8,14,8,531042,74568,81351,26605,0.6907258512727408,0.26296541567414233
21058,0.1865845837903302,0,2,0,531044,74566,81351,26605,0.6907073252065656,0.26297061410878614
21059,0.1865847613447402,0,3,0,531047,74563,81351,26605,0.6906795361073029,0.26297841214613316
21060,0.1865872153671798,0,2,0,531049,74561,81351,26605,0.6906610100411279,0.2629836110946365
21061,0.1865910340253121,3,5,3,531054,74556,81354,26602,0.69061469487569,0.2629747523675834
21062,0.1866023458149092,1,7,1,531061,74549,81355,26601,0.6905498536440772,0.26298566485417696
21063,0.1866026723164266,17,24,17,531085,74525,81372,26584,0.6903275408499759,0.2629241709442285
21064,0.1866059553627371,4,22,4,531107,74503,81376,26580,0.6901237541220497,0.2629522273775017
21065,0.1866084864911732,1,8,1,531115,74495,81377,26579,0.6900496498573493,0.2629657478678988
21066,0.1866119148170514,3,6,3,531121,74489,81380,26576,0.689994071658824,0.2629594815217929
21067,0.1866122710881891,2,8,2,531129,74481,81382,26574,0.6899199673941235,0.2629657117411311
21068,0.1866132839264975,29,117,29,531246,74364,81411,26545,0.6888361925228796,0.26305879554846445
21069,0.1866227192010396,1,0,1,531246,74364,81412,26544,0.6888361925228796,0.263051492448567
21070,0.1866228229525054,0,2,0,531248,74362,81412,26544,0.6888176664567046,0.26305670624145244
21071,0.1866248221998339,6,25,6,531273,74337,81418,26538,0.6885860906295157,0.26307806691449814
21072,0.1866369633763222,4,12,4,531285,74325,81422,26534,0.6884749342324651,0.2630801415837952
21073,0.1866388408122124,0,1,0,531286,74324,81422,26534,0.6884656711993775,0.26308275000495746
21074,0.186639835031292,1,1,1,531287,74323,81423,26533,0.68845640816629,0.2630780518759419
21075,0.1866406646839657,0,2,0,531289,74321,81423,26533,0.6884378821001148,0.2630832688837329
21076,0.1866413470775804,30,102,30,531391,74219,81453,26503,0.6874930527251844,0.2631301999563154
21077,0.1866437072092255,4,4,4,531395,74215,81457,26499,0.6874560005928341,0.2631113847131481
21078,0.1866451765091302,0,2,0,531397,74213,81457,26499,0.687437474526659,0.26311660973866074
21079,0.1866464812992737,0,4,0,531401,74209,81457,26499,0.6874004223943088,0.26312706041228107
21080,0.186650385653044,1,5,1,531406,74204,81458,26498,0.687354107228871,0.26313280769001607
21081,0.1866509931244382,1,10,1,531416,74194,81459,26497,0.6872614768979954,0.26315162228997624
21082,0.1866516391149154,0,2,0,531418,74192,81459,26497,0.6872429508318204,0.26315684930826605
21083,0.1866555156670623,2,8,2,531426,74184,81461,26495,0.68716884656712,0.2631631223989114
21084,0.1866620599445259,0,1,0,531427,74183,81461,26495,0.6871595835340324,0.2631657363078329
21085,0.1866631499277316,1,2,1,531429,74181,81462,26494,0.6871410574678573,0.26316364539359327
21086,0.1866653718428566,4,27,4,531456,74154,81466,26490,0.6868909555744933,0.26320496005723143
21087,0.1866673748791983,4,36,4,531492,74118,81470,26486,0.6865574863833414,0.2632698501053636
21088,0.186668126314588,4,13,4,531505,74105,81474,26482,0.6864370669532032,0.26327457822581446
21089,0.1866690416923821,3,9,3,531514,74096,81477,26479,0.6863536996554152,0.2632761620681084
21090,0.1866705016403399,1,1,1,531515,74095,81478,26478,0.6863444366223276,0.2632714545653406
21091,0.1866724849182481,4,12,4,531527,74083,81482,26474,0.686233280225277,0.2632735662360651
21092,0.1866783058672846,0,1,0,531528,74082,81482,26474,0.6862240171921894,0.2632761844146545
21093,0.1866810755113468,0,19,0,531547,74063,81482,26474,0.6860480195635259,0.26332593970379065
21094,0.1866821780452181,1,1,1,531548,74062,81483,26473,0.6860387565304383,0.2633212314119461
21095,0.1866822848929401,2,8,2,531556,74054,81485,26471,0.6859646522657379,0.26332753046505847
21096,0.1866886737971189,1,3,1,531559,74051,81486,26470,0.6859368631664753,0.26332806080321525
21097,0.1866920511845429,2,26,2,531585,74025,81488,26468,0.6856960243061988,0.2633815290617257
21098,0.1866923655092981,0,3,0,531588,74022,81488,26468,0.6856682352069362,0.26338939197930145
21099,0.1866959797728039,4,16,4,531604,74006,81492,26464,0.6855200266775353,0.26340201055041307
21100,0.1866981263409511,0,3,0,531607,74003,81492,26464,0.6854922375782726,0.2634098758796421
21101,0.1867008726820293,1,2,1,531609,74001,81493,26463,0.6854737115120976,0.26340778786430963
21102,0.1867079683380011,7,30,7,531639,73971,81500,26456,0.6851958205194709,0.263435131986418
21103,0.1867092603728589,11,43,11,531682,73928,81511,26445,0.6847975100967061,0.26346726709374035
21104,0.186714310623187,0,5,0,531687,73923,81511,26445,0.6847511949312683,0.26348039215686275
21105,0.1867153443023869,4,15,4,531702,73908,81515,26441,0.684612249434955,0.26349041843964566
21106,0.1867188224483516,6,7,6,531709,73901,81521,26435,0.6845474082033421,0.26346475841173655
21107,0.1867216236556703,1,2,1,531711,73899,81522,26434,0.684528882137167,0.2634626693111937
21108,0.1867332042037728,1,0,1,531711,73899,81523,26433,0.684528882137167,0.2634553283100108
21109,0.1867357058837473,3,0,3,531711,73899,81526,26430,0.684528882137167,0.26343330442843044
21110,0.1867368710162955,0,3,0,531714,73896,81526,26430,0.6845010930379043,0.26344118174750314
21111,0.1867371196728675,0,14,0,531728,73882,81526,26430,0.6843714105746785,0.2634779487997448
21112,0.1867404233111247,3,12,3,531740,73870,81529,26427,0.6842602541776279,0.26348744229637977
21113,0.1867406465079218,0,1,0,531741,73869,81529,26427,0.6842509911445404,0.263490069394592
21114,0.1867463227123545,1,3,1,531744,73866,81530,26426,0.6842232020452778,0.26349060742631514
21115,0.1867568558466043,2,6,2,531750,73860,81532,26424,0.6841676238467523,0.2634916836185234
21116,0.1867640650608759,4,10,4,531760,73850,81536,26420,0.6840749935158769,0.26348858083175425
21117,0.1867654315637151,0,2,0,531762,73848,81536,26420,0.6840564674497017,0.2634938365181314
21118,0.1867655539790845,0,4,0,531766,73844,81536,26420,0.6840194153173516,0.26350434851990745
21119,0.1867659556648644,0,1,0,531767,73843,81536,26420,0.684010152284264,0.2635069766514068
21120,0.1867681676362014,0,5,0,531772,73838,81536,26420,0.6839638371188261,0.2635201180953141
21121,0.1867717722801725,0,9,0,531781,73829,81536,26420,0.6838804698210382,0.2635437759977656
21122,0.1867718355622034,0,2,0,531783,73827,81536,26420,0.6838619437548631,0.26354903388630085
21123,0.1867757976619145,1,1,1,531784,73826,81537,26419,0.6838526807217755,0.26354431642475934
21124,0.1867768158930521,16,27,16,531811,73799,81553,26403,0.6836025788284116,0.26349773457615616
21125,0.1867777366383435,2,8,2,531819,73791,81555,26401,0.6835284745637111,0.2635040721814117
21126,0.1867799647503505,1,1,1,531820,73790,81556,26400,0.6835192115306236,0.26349935123265794
21127,0.1867821893670428,30,112,30,531932,73678,81586,26370,0.6824817518248175,0.2635734847273309
21128,0.1867864675516558,1,12,1,531944,73666,81587,26369,0.6823705954277669,0.26359774079072323
21129,0.1867908703190861,8,7,8,531951,73659,81595,26361,0.682305754196154,0.26355728854229155
21130,0.1867932557589574,2,3,2,531954,73656,81597,26359,0.6822779650968913,0.2635504674298855
21131,0.1867949185008993,2,6,2,531960,73650,81599,26357,0.682222386898366,0.2635515513914026
21132,0.1867969215372411,6,28,6,531988,73622,81605,26351,0.6819630219719145,0.26358116691506706
21133,0.1867980658765932,21,30,21,532018,73592,81626,26330,0.6816851309792878,0.2635055343167671
21134,0.1867997796819667,0,7,0,532025,73585,81626,26330,0.681620289747675,0.2635239953960867
21135,0.1868008405154866,0,8,0,532033,73577,81626,26330,0.6815461854829745,0.2635450969401543
21136,0.1868087687967208,5,9,5,532042,73568,81631,26325,0.6814628181851865,0.263531979217763
21137,0.1868141520362679,0,3,0,532045,73565,81631,26325,0.6814350290859239,0.2635398938832716
21138,0.1868162074743362,2,4,2,532049,73561,81633,26323,0.6813979769535736,0.2635357014136398
21139,0.1868178537968327,6,23,6,532072,73538,81639,26317,0.68118492719256,0.26355215061839665
21140,0.1868252051735805,33,109,33,532181,73429,81672,26284,0.6801752565860165,0.2635965220181922
21141,0.186826487244715,1,2,1,532183,73427,81673,26283,0.6801567305198414,0.2635944238291044
21142,0.1868268633861465,2,6,2,532189,73421,81675,26281,0.6801011523213161,0.26359551463360814
21143,0.1868280409444323,0,6,0,532195,73415,81675,26281,0.6800455741227908,0.2636113785909164
21144,0.1868311815533729,0,1,0,532196,73414,81675,26281,0.6800363110897032,0.2636140227694468
21145,0.1868312583316703,0,2,0,532198,73412,81675,26281,0.680017785023528,0.2636193112856469
21146,0.1868320034537524,6,17,6,532215,73395,81681,26275,0.6798603134610397,0.26361994582121
21147,0.1868322266505496,0,2,0,532217,73393,81681,26275,0.6798417873948646,0.2636252357827989
21148,0.1868325027577111,4,8,4,532225,73385,81685,26271,0.6797676831301641,0.2636168419362607
21149,0.1868328435719966,3,0,3,532225,73385,81688,26268,0.6797676831301641,0.26359467351710436
21150,0.1868363620574125,3,8,3,532233,73377,81691,26265,0.6796935788654637,0.26359366532185224
21151,0.1868391999183059,3,11,3,532244,73366,81694,26262,0.6795916855015006,0.26360059421046295
21152,0.1868396016040858,2,3,2,532247,73363,81696,26260,0.6795638964022379,0.26359374843158706
21153,0.1868446452169654,1,2,1,532249,73361,81697,26259,0.6795453703360629,0.2635916482634009
21154,0.1868502968276443,2,10,2,532259,73351,81699,26257,0.6794527400051873,0.2636033250341338
21155,0.1868591380106528,0,6,0,532265,73345,81699,26257,0.679397161806662,0.2636192044336459
21156,0.1868633825110489,28,102,28,532367,73243,81727,26229,0.6784523324317314,0.26368224223902204
21157,0.1868671771664887,2,2,2,532369,73241,81729,26227,0.6784338063655564,0.2636727389713275
21158,0.1868704535444007,0,1,0,532370,73240,81729,26227,0.6784245433324688,0.2636753898277821
21159,0.1868730171510617,14,53,14,532423,73187,81743,26213,0.6779336025788284,0.2637122736418511
21160,0.186883906668279,0,4,0,532427,73183,81743,26213,0.6778965504464782,0.2637228862328464
21161,0.1868851535450336,0,2,0,532429,73181,81743,26213,0.6778780243803031,0.2637281928486629
21162,0.1868864645099867,5,7,5,532436,73174,81748,26208,0.6778131831486902,0.2637097261073434
21163,0.1868912305834993,2,6,2,532442,73168,81750,26206,0.6777576049501649,0.26371082979451366
21164,0.1869000685005743,11,41,11,532483,73127,81761,26195,0.6773778205935752,0.2637381446205272
21165,0.1869019614717381,2,7,2,532490,73120,81763,26193,0.6773129793619623,0.2637419069004058
21166,0.1869070292422192,0,1,0,532491,73119,81763,26193,0.6773037163288748,0.2637445625906235
21167,0.1869079010198869,6,23,6,532514,73096,81769,26187,0.677090666567861,0.26376116757148754
21168,0.1869105143994944,7,16,7,532530,73080,81776,26180,0.6769424580384601,0.2637517630465444
21169,0.1869184435287743,0,1,0,532531,73079,81776,26180,0.6769331950053725,0.26375442025408274
21170,0.1869212259746309,9,23,9,532554,73056,81785,26171,0.6767201452443589,0.2637487780543602
21171,0.1869218261890916,10,43,10,532597,73013,81795,26161,0.676321834821594,0.26378889628330005
21172,0.1869261261444695,6,19,6,532616,72994,81801,26155,0.6761458371929304,0.263794894552643
21173,0.1869271998541668,2,10,2,532626,72984,81803,26153,0.676053206862055,0.26380665140159576
21174,0.1869279422000404,4,7,4,532633,72977,81807,26149,0.6759883656304421,0.26379557331073583
21175,0.1869284092357601,1,6,1,532639,72971,81808,26148,0.6759327874319168,0.2638041142465118
21176,0.1869293263400095,0,3,0,532642,72968,81808,26148,0.675904998332654,0.2638120989547601
21177,0.1869312427890583,2,6,2,532648,72962,81810,26146,0.6758494201341287,0.2638132138676999
21178,0.186935205045771,1,1,1,532649,72961,81811,26145,0.6758401571010412,0.26380844752083626
21179,0.1869360964554064,2,7,2,532656,72954,81813,26143,0.6757753158694283,0.26381222438620744
21180,0.1869410881838571,5,17,5,532673,72937,81818,26138,0.6756178443069398,0.2638203381276811
21181,0.1869412078667228,2,3,2,532676,72934,81820,26136,0.6755900552076772,0.2638134652266074
21182,0.1869433654303127,10,21,10,532697,72913,81830,26126,0.6753955315128386,0.2637950706287422
21183,0.1869567258356765,51,127,51,532824,72786,81881,26075,0.6742191263107192,0.2637541598810451
21184,0.1869575876024752,2,3,2,532827,72783,81883,26073,0.6741913372114565,0.26374726875455207
21185,0.1869586480255884,0,5,0,532832,72778,81883,26073,0.6741450220460188,0.26376060940202933
21186,0.1869623902300394,1,4,1,532836,72774,81884,26072,0.6741079699136685,0.26376383465188274
21187,0.1869716548586857,25,100,25,532936,72674,81909,26047,0.6731816666049131,0.26384457207686307
21188,0.1869720752642066,7,14,7,532950,72660,81916,26040,0.6730519841416873,0.26382978723404255
21189,0.1869767336876614,0,2,0,532952,72658,81916,26040,0.6730334580755123,0.2638351334373544
21190,0.1869780446526144,0,1,0,532953,72657,81916,26040,0.6730241950424247,0.263837806620262
21191,0.1869796787027155,3,5,3,532958,72652,81919,26037,0.6729778798769869,0.26382879550912464
21192,0.1869829447174569,2,14,2,532972,72638,81921,26035,0.6728481974137611,0.26385130684179053
21193,0.1870010765754616,1,2,1,532974,72636,81922,26034,0.6728296713475861,0.2638491942839769
21194,0.187001920796162,2,0,2,532974,72636,81924,26032,0.6728296713475861,0.26383427250983094
21195,0.1870025508447207,0,2,0,532976,72634,81924,26032,0.672811145281411,0.2638396205379766
21196,0.1870142528113492,2,18,2,532994,72616,81926,26030,0.6726444106858349,0.2638728382296292
21197,0.1870166939645886,2,11,2,533005,72605,81928,26028,0.6725425173218719,0.2638873399369379
21198,0.1870201490754943,0,1,0,533006,72604,81928,26028,0.6725332542887843,0.26389001541082
21199,0.1870231117065562,27,105,27,533111,72499,81955,26001,0.6715606358145911,0.2639695431472081
21200,0.1870233617339212,4,11,4,533122,72488,81959,25997,0.6714587424506281,0.263969132355181
21201,0.1870414713154557,1,0,1,533122,72488,81960,25996,0.6714587424506281,0.26396165874659844
21202,0.1870417224482416,8,16,8,533138,72472,81968,25988,0.6713105339212272,0.26394474913670524
21203,0.1870421274617568,0,1,0,533139,72471,81968,25988,0.6713012708881396,0.26394742989467695
21204,0.1870435390984151,10,33,10,533172,72438,81978,25978,0.6709955907962504,0.2639611445293448
21205,0.1870476012809058,4,9,4,533181,72429,81982,25974,0.6709122234984624,0.2639553672144142
21206,0.1870511237633757,0,3,0,533184,72426,81982,25974,0.6708844343991996,0.26396341463414635
21207,0.1870641155677214,3,9,3,533193,72417,81985,25971,0.6708010671014117,0.26396511769728015
21208,0.1870674556324971,3,17,3,533210,72400,81988,25968,0.6706435955389233,0.2639882888744307
21209,0.1870678815667034,36,140,36,533350,72260,82024,25932,0.6693467709066657,0.2640948346097442
21210,0.1870689058993749,0,3,0,533353,72257,82024,25932,0.669318981807403,0.26410290358390454
21211,0.1870747225146829,4,9,4,533362,72248,82028,25928,0.669235614509615,0.26409713168187743
21212,0.1870786271005312,5,5,5,533367,72243,82033,25923,0.6691892993441773,0.2640731006662184
21213,0.1870857832778398,1,10,1,533377,72233,82034,25922,0.6690966690133017,0.26409250674952883
21214,0.1870881946836312,2,3,2,533380,72230,82036,25920,0.6690688799140391,0.26408558329088133
21215,0.1870882633842005,1,3,1,533383,72227,82037,25919,0.6690410908147764,0.2640861573574063
21216,0.1870888635986611,0,3,0,533386,72224,82037,25919,0.6690133017155138,0.2640942298482826
21217,0.1870895945993683,1,0,1,533386,72224,82038,25918,0.6690133017155138,0.2640867314707261
21218,0.1870903011599352,0,2,0,533388,72222,82038,25918,0.6689947756493386,0.26409211330751986
21219,0.1870909281891683,0,2,0,533390,72220,82038,25918,0.6689762495831635,0.26409749536367155
21220,0.1870911673589682,4,32,4,533422,72188,82042,25914,0.6686798325243618,0.2641536360114982
21221,0.1870917014657261,5,16,5,533438,72172,82047,25909,0.6685316239949609,0.26415921534242104
21222,0.1870944609963814,6,12,6,533450,72160,82053,25903,0.6684204675979103,0.26414651805471995
21223,0.1870974574709755,24,120,24,533570,72040,82077,25879,0.6673089036274038,0.2642898722413423
21224,0.187106352402696,43,156,43,533726,71884,82120,25836,0.6658638704657454,0.26438804748260336
21225,0.1871117072691888,0,5,0,533731,71879,82120,25836,0.6658175553003075,0.26440157601187125
21226,0.1871118671053791,1,5,1,533736,71874,82121,25835,0.6657712401348698,0.264407577602882
21227,0.1871124913754997,9,18,9,533754,71856,82130,25826,0.6656045055392937,0.2643885260334555
21228,0.1871132247638577,0,1,0,533755,71855,82130,25826,0.6655952425062063,0.2643912326859881
21229,0.1871158689724724,0,5,0,533760,71850,82130,25826,0.6655489273407684,0.26440476677996644
21230,0.187117374817926,5,6,5,533766,71844,82135,25821,0.6654933491422431,0.26438335125172785
21231,0.187132931832374,5,20,5,533786,71824,82140,25816,0.665308088480492,0.2643998361327325
21232,0.1871406376300987,1,3,1,533789,71821,82141,25815,0.6652802993812293,0.26440042607235037
21233,0.1871425518385962,1,2,1,533791,71819,82142,25814,0.6652617733150543,0.26439830794915653
21234,0.1871437994693921,5,14,5,533805,71805,82147,25809,0.6651320908518286,0.2643985493884074
21235,0.1871518114460519,10,24,10,533829,71781,82157,25799,0.6649097780577272,0.2643881943021111
21236,0.1871552043383848,7,27,7,533856,71754,82164,25792,0.6646596761643633,0.2644085867180612
21237,0.187161276043031,3,5,3,533861,71749,82167,25789,0.6646133609989255,0.2643995160860383
21238,0.1871639470991565,1,2,1,533863,71747,82168,25788,0.6645948349327504,0.2643973958066335
21239,0.187166516127982,20,22,20,533885,71725,82188,25768,0.6643910482048242,0.2643061553137148
21240,0.1871686470827595,30,112,30,533997,71613,82218,25738,0.6633535884990182,0.26438351942969257
21241,0.187177145067393,1,8,1,534005,71605,82219,25737,0.6632794842343177,0.2643976906165889
21242,0.1871773634204676,1,1,1,534006,71604,82220,25736,0.6632702212012301,0.2643928498048079
21243,0.1871819111409057,4,7,4,534013,71597,82224,25732,0.6632053799696173,0.26438163342888554
21244,0.1871825083317961,0,3,0,534016,71594,82224,25732,0.6631775908703545,0.26438978279185416
21245,0.1871832816083539,0,1,0,534017,71593,82224,25732,0.663168327837267,0.2643924993578217
21246,0.1871978191456768,8,19,8,534036,71574,82232,25724,0.6629923302086035,0.2643836461181114
21247,0.1872000963921323,14,24,14,534060,71550,82246,25710,0.6627700174145023,0.2643429981492906
21248,0.1872006952370731,1,5,1,534065,71545,82247,25709,0.6627237022490644,0.26434902420465994
21249,0.1872043213913644,0,2,0,534067,71543,82247,25709,0.6627051761828894,0.26435446057664624
21250,0.1872057298186124,47,115,47,534182,71428,82294,25662,0.6616399273778206,0.2643114635904831
21251,0.1872087157249541,0,4,0,534186,71424,82294,25662,0.6616028752454703,0.26432235337741794
21252,0.187214708767065,5,8,5,534194,71416,82299,25657,0.6615287709807699,0.2643062437547001
21253,0.187219670064113,1,2,1,534196,71414,82300,25656,0.6615102449145949,0.264304110435768
21254,0.1872214969743667,1,1,1,534197,71413,82301,25655,0.6615009818815073,0.2642992541311246
21255,0.1872258293546213,3,12,3,534209,71401,82304,25652,0.6613898254844567,0.2643091918848464
21256,0.1872317764230698,0,2,0,534211,71399,82304,25652,0.6613712994182815,0.26431463869511906
21257,0.1872354352262802,1,2,1,534213,71397,82305,25651,0.6613527733521064,0.2643125051520897
21258,0.1872413852237392,3,14,3,534227,71383,82308,25648,0.6612230908888806,0.2643278952087477
21259,0.1872415122647458,9,12,9,534239,71371,82317,25639,0.66111193449183,0.26429234099577364
21260,0.1872475947060773,8,13,8,534252,71358,82325,25631,0.6609915150616918,0.2642670818340224
21261,0.1872526364881445,1,0,1,534252,71358,82326,25630,0.6609915150616918,0.2642594960201262
21262,0.1872563486165345,7,42,7,534294,71316,82333,25623,0.6606024676720145,0.2643208615727416
21263,0.1872592818065403,0,3,0,534297,71313,82333,25623,0.6605746785727519,0.2643290418420401
21264,0.1872643315052196,1,10,1,534307,71303,82334,25622,0.6604820482418763,0.2643487232396183
21265,0.1872651767465815,2,6,2,534313,71297,82336,25620,0.660426470043351,0.26434990765294014
21266,0.1872687252100208,0,1,0,534314,71296,82336,25620,0.6604172070102634,0.26435263527178177
21267,0.187269241789298,1,0,1,534314,71296,82337,25619,0.6604172070102634,0.26434504462673475
21268,0.1872765798471246,6,24,6,534338,71272,82343,25613,0.6601948942161622,0.2643649687774165
21269,0.1872815244703048,4,4,4,534342,71268,82347,25609,0.6601578420838119,0.26434551028623926
21270,0.1872864128249122,3,13,3,534355,71255,82350,25606,0.6600374226536737,0.26435820402432353
21271,0.1872884659176217,14,38,14,534393,71217,82364,25592,0.6596854273963466,0.264355586773957
21272,0.1872898783600858,0,1,0,534394,71216,82364,25592,0.6596761643632592,0.26435831749442196
21273,0.1872908227010739,0,1,0,534395,71215,82364,25592,0.6596669013301716,0.2643610482713027
21274,0.1872974609331133,1,0,1,534395,71215,82365,25591,0.6596669013301716,0.264353449166374
21275,0.1873028735246294,5,8,5,534403,71207,82370,25586,0.6595927970654711,0.2643372971185933
21276,0.1873088039062167,34,121,34,534524,71086,82404,25552,0.6584719700618771,0.2644094455597177
21277,0.1873164447321489,6,20,6,534544,71066,82410,25546,0.658286709400126,0.2644184987372169
21278,0.1873166594610806,3,2,3,534546,71064,82413,25543,0.6582681833339509,0.264401130352873
21279,0.1873167063340758,10,20,10,534566,71044,82423,25533,0.6580829226721998,0.2643797177381778
21280,0.1873174094972491,2,2,2,534568,71042,82425,25531,0.6580643966060247,0.264369958477007
21281,0.187323142772558,36,124,36,534692,70918,82461,25495,0.656915780503168,0.264435293995623
21282,0.1873248616305939,14,50,14,534742,70868,82475,25481,0.6564526288487903,0.2644656405359682
21283,0.187327015368908,0,1,0,534743,70867,82475,25481,0.6564433658157027,0.2644683854361274
21284,0.1873335535375516,0,1,0,534744,70866,82475,25481,0.6564341027826152,0.26447113039326603
21285,0.1873379774444409,3,13,3,534757,70853,82478,25478,0.656313683352477,0.2644839148353074
21286,0.1873472747422093,34,132,34,534889,70721,82512,25444,0.6550909629849198,0.26458690791868145
21287,0.1873478983207879,11,34,11,534923,70687,82523,25433,0.6547760198599429,0.26459633791094467
21288,0.1873566240662036,0,1,0,534924,70686,82523,25433,0.6547667568268554,0.2645990907104735
21289,0.1873671129983002,18,82,18,535006,70604,82541,25415,0.654007188113676,0.2646871973255293
21290,0.1873696863516877,24,64,24,535070,70540,82565,25391,0.6534143539960725,0.26467982195536377
21291,0.1873741057797456,1,6,1,535076,70534,82566,25390,0.6533587757975472,0.2646887118969184
21292,0.1873837643273542,0,6,0,535082,70528,82566,25390,0.6533031975990218,0.26470526908400926
21293,0.1873969733589007,0,2,0,535084,70526,82566,25390,0.6532846715328468,0.2647107886066975
21294,0.1873973994688493,0,2,0,535086,70524,82566,25390,0.6532661454666716,0.2647163083595721
21295,0.1874058067683543,1,5,1,535091,70519,82567,25389,0.6532198303012339,0.2647224423405764
21296,0.1874087112584465,0,1,0,535092,70518,82567,25389,0.6532105672681463,0.26472520253996057
21297,0.1874153946113526,0,4,0,535096,70514,82567,25389,0.653173515135796,0.26473624391312056
21298,0.1874167590829051,0,7,0,535103,70507,82567,25389,0.6531086739041831,0.264755568532577
21299,0.1874200264230231,5,9,5,535112,70498,82572,25384,0.6530253066063952,0.26474207880519807
21300,0.1874216040936906,7,8,7,535120,70490,82579,25377,0.6529512023416948,0.26471048431681393
21301,0.1874220705712863,37,114,37,535234,70376,82616,25340,0.6518952165697136,0.26474152701742654
21302,0.1874221704378267,5,12,5,535246,70364,82621,25335,0.6517840601726629,0.264736308634364
21303,0.1874233860261041,4,5,4,535251,70359,82625,25331,0.6517377450072251,0.26471940641655345
21304,0.1874247957285477,0,2,0,535253,70357,82625,25331,0.65171921894105,0.26472493938633895
21305,0.1874302700054249,3,16,3,535269,70341,82628,25328,0.6515710104116492,0.2647461560171006
21306,0.1874314151201948,24,108,24,535377,70233,82652,25304,0.6505706028381933,0.26486073458450654
21307,0.1874324401028022,1,0,1,535377,70233,82653,25303,0.6505706028381933,0.26485303969184393
21308,0.1874366306896832,6,17,6,535394,70216,82659,25297,0.6504131312757049,0.26485399893208256
21309,0.1874419831469727,1,11,1,535405,70205,82660,25296,0.6503112379117418,0.26487680757269555
21310,0.1874489445664634,1,0,1,535405,70205,82661,25295,0.6503112379117418,0.26486910994764395
21311,0.1874516029493304,2,12,2,535417,70193,82663,25293,0.6502000815146912,0.26488699914123537
21312,0.1874555033271913,2,7,2,535424,70186,82665,25291,0.6501352402830783,0.26489102087413724
21313,0.18746029169853,2,12,2,535436,70174,82667,25289,0.6500240838860276,0.2649089175911086
21314,0.1874654466867737,4,11,4,535447,70163,82671,25285,0.6499221905220646,0.2649086413544548
21315,0.1874693609208992,0,2,0,535449,70161,82671,25285,0.6499036644558894,0.26491419231816943
21316,0.1874759299872027,5,8,5,535457,70153,82676,25280,0.649829560191189,0.26489788647532825
21317,0.1874792341417001,1,0,1,535457,70153,82677,25279,0.649829560191189,0.26489018358621846
21318,0.1874798915382189,12,39,12,535496,70114,82689,25267,0.6494683019007744,0.26490600853419444
21319,0.1874824812823728,2,6,2,535502,70108,82691,25265,0.6494127237022491,0.26490725886781374
21320,0.1874837437436455,1,1,1,535503,70107,82692,25264,0.6494034606691615,0.2649023288001594
21321,0.1874863874367336,0,4,0,535507,70103,82692,25264,0.6493664085368113,0.264913439659421
21322,0.1874904541197622,5,3,5,535510,70100,82697,25259,0.6493386194375487,0.2648832307385774
21323,0.1874963305084826,1,3,1,535513,70097,82698,25258,0.649310830338286,0.26488385506790413
21324,0.187496659656343,3,4,3,535517,70093,82701,25255,0.6492737782059358,0.2648718378990645
21325,0.1874980993293382,4,3,4,535520,70090,82705,25251,0.6492459891066731,0.26484933029861235
21326,0.1874981161855589,3,30,3,535550,70060,82708,25248,0.6489680981140464,0.264909556385613
21327,0.1874992330097305,3,7,3,535557,70053,82711,25245,0.6489032568824336,0.26490587420512496
21328,0.1874992737382559,0,3,0,535560,70050,82711,25245,0.648875467783171,0.26491421375728
21329,0.1875057100381921,1,0,1,535560,70050,82712,25244,0.648875467783171,0.26490649988456777
21330,0.1875093802025162,1,0,1,535560,70050,82713,25243,0.648875467783171,0.2648987858499575
21331,0.1875096357274684,0,1,0,535561,70049,82713,25243,0.6488662047500834,0.26490156571380596
21332,0.1875172141437605,11,41,11,535602,70008,82724,25232,0.6484864203934937,0.2649307013859723
21333,0.1875219077084012,4,6,4,535608,70002,82728,25228,0.6484308421949683,0.2649165179040218
21334,0.1875321928221523,6,15,6,535623,69987,82734,25222,0.6482918966986551,0.26491193059479673
21335,0.1875335632896005,1,3,1,535626,69984,82735,25221,0.6482641075993923,0.26491255711359696
21336,0.1875348183752279,8,26,8,535652,69958,82743,25213,0.648023268739116,0.26492313835096826
21337,0.1875353846414852,2,2,2,535654,69956,82745,25211,0.6480047426729408,0.26491325774690805
21338,0.1875371902448125,1,3,1,535657,69953,82746,25210,0.6479769535736781,0.2649138845980055
21339,0.1875430068601206,0,2,0,535659,69951,82746,25210,0.6479584275075031,0.2649194522966341
21340,0.1875495730810659,1,4,1,535663,69947,82747,25209,0.6479213753751528,0.2649228635083442
21341,0.1875577737149676,1,1,1,535664,69946,82748,25208,0.6479121123420652,0.2649179225255901
21342,0.1875641598323959,1,1,1,535665,69945,82749,25207,0.6479028493089777,0.264912981335127
21343,0.1875699517453596,1,6,1,535671,69939,82750,25206,0.6478472711104524,0.2649219612170897
21344,0.1875701275684833,6,31,6,535702,69908,82756,25200,0.6475601170847383,0.264961938007318
21345,0.1875708142843279,0,1,0,535703,69907,82756,25200,0.6475508540516507,0.26496472394250686
21346,0.1875721952506746,1,1,1,535704,69906,82757,25199,0.6475415910185631,0.2649597812943589
21347,0.1875726539225488,0,3,0,535707,69903,82757,25199,0.6475138019193004,0.2649681394713045
21348,0.1875761110358679,8,14,8,535721,69889,82765,25191,0.6473841194560747,0.26494530921329407
21349,0.1875780118659826,3,3,3,535724,69886,82768,25188,0.6473563303568121,0.2649304752087847
21350,0.1875831531327738,1,2,1,535726,69884,82769,25187,0.6473378042906369,0.2649283167317058
21351,0.1875892078473963,4,7,4,535733,69877,82773,25183,0.647272963059024,0.2649168945928887
21352,0.1875907684705184,0,1,0,535734,69876,82773,25183,0.6472637000259365,0.2649196814609874
21353,0.1875933928894375,0,1,0,535735,69875,82773,25183,0.6472544369928489,0.26492246838772116
21354,0.1875960799588996,1,7,1,535742,69868,82774,25182,0.647189595761236,0.26493424513413993
21355,0.1876023516607412,7,6,7,535748,69862,82781,25175,0.6471340175627107,0.26489682965581823
21356,0.1876045631688971,22,27,22,535775,69835,82803,25153,0.6468839156693468,0.2648018697098581
21357,0.1876108361840339,1,0,1,535775,69835,82804,25152,0.6468839156693468,0.26479412972301475
21358,0.1876193765631012,2,6,2,535781,69829,82806,25150,0.6468283374708215,0.2647953758199181
21359,0.1876216239687664,2,3,2,535784,69826,82808,25148,0.6468005483715588,0.2647882578389875
21360,0.1876235885595253,11,33,11,535817,69793,82819,25137,0.6464948682796695,0.26479511218792795
21361,0.1876241688376944,1,9,1,535826,69784,82820,25136,0.6464115009818815,0.2648124736620312
21362,0.1876287735338911,4,12,4,535838,69772,82824,25132,0.6463003445848309,0.2648149709179803
21363,0.1876333965771424,1,0,1,535838,69772,82825,25131,0.6463003445848309,0.26480722421841246
21364,0.1876367301224432,0,3,0,535841,69769,82825,25131,0.6462725554855682,0.26481559536354055
21365,0.1876394560743871,4,1,4,535842,69768,82829,25127,0.6462632924524806,0.26478739659623796
21366,0.1876404952891739,5,4,5,535846,69764,82834,25122,0.6462262403201304,0.26475981704361023
21367,0.1876408224967338,0,4,0,535850,69760,82834,25122,0.6461891881877803,0.26477097868931937
21368,0.1876467608018033,1,3,1,535853,69757,82835,25121,0.6461613990885176,0.2647716014249879
21369,0.1876469289477885,2,7,2,535860,69750,82837,25119,0.6460965578569047,0.2647756379850109
21370,0.1876618006387052,0,3,0,535863,69747,82837,25119,0.646068768757642,0.26478401113149075
21371,0.1876620593955179,15,29,15,535892,69718,82852,25104,0.6458001407981029,0.26474868701356224
21372,0.1876643650332707,3,1,3,535893,69717,82855,25101,0.6457908777650154,0.26472821616148834
21373,0.1876660387534139,6,13,6,535906,69704,82861,25095,0.6456704583348771,0.2647179822571968
21374,0.1876676684485551,7,5,7,535911,69699,82868,25088,0.6456241431694394,0.2646776456687098
21375,0.1876676911784957,0,4,0,535915,69695,82868,25088,0.6455870910370892,0.2646888155048901
21376,0.1876721255731722,1,2,1,535917,69693,82869,25087,0.6455685649709141,0.2646866427516354
21377,0.1876733414538989,4,7,4,535924,69686,82873,25083,0.6455037237393012,0.2646751574882082
21378,0.1876734900447247,5,4,5,535928,69682,82878,25078,0.6454666716069509,0.2646475306036302
21379,0.1876788015331059,32,141,32,536069,69541,82910,25046,0.6441605839416058,0.26479325911594614
21380,0.1876836451150817,1,0,1,536069,69541,82911,25045,0.6441605839416058,0.2647854862241769
21381,0.1876839462770666,12,38,12,536107,69503,82923,25033,0.6438085886842788,0.2647985952441398
21382,0.1876916663893993,0,2,0,536109,69501,82923,25033,0.6437900626181037,0.26480419743161193
21383,0.1876925727206288,0,7,0,536116,69494,82923,25033,0.6437252213864908,0.2648238069546267
21384,0.1876974830047073,0,1,0,536117,69493,82923,25033,0.6437159583534032,0.2648266085521444
21385,0.1876996742265262,1,15,1,536132,69478,82924,25032,0.6435770128570899,0.26486086128452013
21386,0.1877134862932001,6,14,6,536146,69464,82930,25026,0.6434473303938641,0.2648534236427135
21387,0.1877140696152393,25,88,25,536234,69376,82955,25001,0.6426321834821594,0.2649056443836952
21388,0.1877157489803222,0,2,0,536236,69374,82955,25001,0.6426136574159843,0.2649112582781457
21389,0.1877211363945538,2,0,2,536236,69374,82957,24999,0.6426136574159843,0.26489567990844837
21390,0.1877224171130592,14,20,14,536256,69354,82971,24985,0.6424283967542332,0.2648427479621365
21391,0.1877285482406062,6,10,6,536266,69344,82977,24979,0.6423357664233577,0.26482406199972436
21392,0.1877310773756241,1,9,1,536275,69335,82978,24978,0.6422523991255696,0.2648415382821032
21393,0.1877341098269399,4,6,4,536281,69329,82982,24974,0.6421968209270443,0.2648272059213387
21394,0.1877358064154089,3,8,3,536289,69321,82985,24971,0.6421227166623439,0.26482628430831884
21395,0.1877411707778123,1,1,1,536290,69320,82986,24970,0.6421134536292563,0.2648212960016969
21396,0.1877416525963542,0,2,0,536292,69318,82986,24970,0.6420949275630813,0.2648269132869506
21397,0.187748923221144,2,7,2,536299,69311,82988,24968,0.6420300863314684,0.26483098038799735
21398,0.1877592485911829,0,1,0,536300,69310,82988,24968,0.6420208232983808,0.2648337894312565
21399,0.1877604020445422,0,2,0,536302,69308,82988,24968,0.6420022972322057,0.26483940769655057
21400,0.1877662186598502,1,10,1,536312,69298,82989,24967,0.6419096669013302,0.2648597040258845
21401,0.1877663666892881,0,1,0,536313,69297,82989,24967,0.6419004038682427,0.2648625137910549
21402,0.1877681734820333,0,5,0,536318,69292,82989,24967,0.6418540887028048,0.26487656351117667
21403,0.1877694777085615,3,4,3,536322,69288,82992,24964,0.6418170365704546,0.26486440606034883
21404,0.1877724813749217,0,1,0,536323,69287,82992,24964,0.6418077735373671,0.2648672162629574
21405,0.1877743921504068,0,5,0,536328,69282,82992,24964,0.6417614583719293,0.2648812681705324
21406,0.187774976110069,5,13,5,536341,69269,82997,24959,0.6416410389417911,0.2648788046016046
21407,0.1877761673568732,0,3,0,536344,69266,82997,24959,0.6416132498425284,0.2648872379941629
21408,0.1877886436089809,2,7,2,536351,69259,82999,24957,0.6415484086109156,0.2648913135773117
21409,0.1877894103808175,1,26,1,536377,69233,83000,24956,0.6413075697506392,0.26495662975506695
21410,0.1877906259690949,2,8,2,536385,69225,83002,24954,0.6412334654859387,0.26496352690090147
21411,0.1877912693684638,15,35,15,536420,69190,83017,24939,0.6409092593278743,0.26494491601950515
21412,0.1877947701331088,1,0,1,536420,69190,83018,24938,0.6409092593278743,0.264937106918239
21413,0.1877948277604446,7,33,7,536453,69157,83025,24931,0.640603579235985,0.26497534223280333
21414,0.1878012419311415,0,1,0,536454,69156,83025,24931,0.6405943162028975,0.26497815851286577
21415,0.187806644318026,1,2,1,536456,69154,83026,24930,0.6405757901367224,0.2649759789124612
21416,0.1878099202879209,5,8,5,536464,69146,83031,24925,0.6405016858720219,0.2649594455251884
21417,0.1878145046767872,0,9,0,536473,69137,83031,24925,0.6404183185742339,0.2649847972613808
21418,0.1878146381928658,1,3,1,536476,69134,83032,24924,0.6403905294749713,0.2649854345191265
21419,0.1878149883156281,4,9,4,536485,69125,83036,24920,0.6403071621771833,0.26497953107554895
21420,0.1878153394532892,12,23,12,536508,69102,83048,24908,0.6400941124161695,0.2649505371768961
21421,0.1878263583418842,0,4,0,536512,69098,83048,24908,0.6400570602838194,0.26496181094823734
21422,0.1878278812168101,6,20,6,536532,69078,83054,24902,0.6398717996220683,0.2649712704830815
21423,0.1878290968050875,3,2,3,536534,69076,83057,24899,0.6398532735558932,0.26495344506517693
21424,0.1878295158229466,0,1,0,536535,69075,83057,24899,0.6398440105228056,0.26495626449869114
21425,0.1878322419117449,5,7,5,536542,69068,83062,24894,0.6397791692911927,0.2649368893808135
21426,0.1878333999854214,2,4,2,536546,69064,83064,24892,0.6397421171588424,0.26493252160585806
21427,0.1878340479837636,3,4,3,536550,69060,83067,24889,0.6397050650264923,0.26492032911473246
21428,0.1878422214743201,1,1,1,536551,69059,83068,24888,0.6396958019934047,0.26491532459791156
21429,0.1878464610231287,13,28,13,536579,69031,83081,24875,0.6394364370669532,0.2648925521265947
21430,0.1878474994323381,1,0,1,536579,69031,83082,24874,0.6394364370669532,0.2648847239231138
21431,0.187847670404722,11,30,11,536609,69001,83093,24863,0.6391585460743265,0.26488323531918523
21432,0.1878495554195024,2,11,2,536620,68990,83095,24861,0.6390566527103635,0.2648986158911466
21433,0.1878508507778425,3,11,3,536631,68979,83098,24858,0.6389547593464003,0.2649061670769526
21434,0.1878509836866362,1,6,1,536637,68973,83099,24857,0.638899181147875,0.26491527230096984
21435,0.1878528109207193,4,11,4,536648,68962,83103,24853,0.638797287783912,0.26491499227202475
21436,0.1878626570843579,1,0,1,536648,68962,83104,24852,0.638797287783912,0.26490715671434967
21437,0.1878674030532469,3,6,3,536654,68956,83107,24849,0.6387417095853867,0.264900591652897
21438,0.1878690712550548,1,0,1,536654,68956,83108,24848,0.6387417095853867,0.26489275510639204
21439,0.1878748878703628,1,4,1,536658,68952,83109,24847,0.6387046574530364,0.2648962142453544
21440,0.187879085089098,0,1,0,536659,68951,83109,24847,0.6386953944199488,0.26489903835902684
21441,0.1878816963073789,4,13,4,536672,68938,83113,24843,0.6385749749898106,0.26490440494343204
21442,0.1878856663227318,3,3,3,536675,68935,83116,24840,0.638547185890548,0.26488936283657694
21443,0.1878880790028526,1,20,1,536695,68915,83117,24839,0.6383619252287969,0.2649380293107494
21444,0.1878894545226288,0,6,0,536701,68909,83117,24839,0.6383063470302716,0.2649549857063617
21445,0.1878918704611253,1,5,1,536706,68904,83118,24838,0.6382600318648338,0.26496127669561137
21446,0.1878990243666043,2,9,2,536715,68895,83120,24836,0.6381766645670458,0.2649710341295836
21447,0.1879000712356583,0,2,0,536717,68893,83120,24836,0.6381581385008708,0.2649766881114703
21448,0.1879156619839676,0,2,0,536719,68891,83120,24836,0.6381396124346956,0.2649823423346528
21449,0.1879167011987544,1,3,1,536722,68888,83121,24835,0.6381118233354329,0.2649829817654151
21450,0.1879176130771124,44,148,44,536870,68740,83165,24791,0.6367408944384749,0.2650565053297837
21451,0.1879208160265066,1,6,1,536876,68734,83166,24790,0.6366853162399496,0.26506565159745094
21452,0.1879209988959867,0,1,0,536877,68733,83166,24790,0.636676053206862,0.2650684858270158
21453,0.1879210959655744,1,1,1,536878,68732,83167,24789,0.6366667901737745,0.26506346168240286
21454,0.1879218588660611,10,64,10,536942,68668,83177,24779,0.636073956056171,0.2651663509796997
21455,0.1879224223221037,3,6,3,536948,68662,83180,24776,0.6360183778576457,0.2651597850981399
21456,0.1879413705139241,20,65,20,537013,68597,83200,24756,0.6354162807069547,0.2651869784581106
21457,0.1879427171942762,1,8,1,537021,68589,83201,24755,0.6353421764422542,0.2652018340761056
21458,0.1879564477903871,0,6,0,537027,68583,83201,24755,0.6352865982437289,0.2652188819130472
21459,0.1879654314602218,1,1,1,537028,68582,83202,24754,0.6352773352106413,0.26521385103282763
21460,0.1879695288044096,14,13,14,537041,68569,83216,24740,0.6351569157805032,0.26514055450170937
21461,0.187970800577059,35,102,35,537143,68467,83251,24705,0.6342120864055727,0.2651547675267248
21462,0.1879712480755298,1,1,1,537144,68466,83252,24704,0.6342028233724851,0.2651497263067511
21463,0.187975385507767,1,3,1,537147,68463,83253,24703,0.6341750342732224,0.2651503767468819
21464,0.1879792165924536,7,12,7,537159,68451,83260,24696,0.6340638778761718,0.2651293117330671
21465,0.187982527460256,1,4,1,537163,68447,83261,24695,0.6340268257438215,0.2651328079706255
21466,0.1879839296755342,1,3,1,537166,68444,83262,24694,0.6339990366445589,0.2651334578797054
21467,0.1879867186893749,1,2,1,537168,68442,83263,24693,0.6339805105783838,0.2651312610726365
21468,0.1879938392498531,0,1,0,537169,68441,83263,24693,0.6339712475452962,0.265134107844611
21469,0.1879944743740415,8,15,8,537184,68426,83271,24685,0.6338323020489829,0.26511368151990633
21470,0.1879949186263797,2,3,2,537187,68423,83273,24683,0.6338045129497203,0.265106437823556
21471,0.1879969497112897,0,2,0,537189,68421,83273,24683,0.6337859868835451,0.2651121326688434
21472,0.1879978882694931,8,22,8,537211,68399,83281,24675,0.633582200155619,0.2651116316049595
21473,0.1879983835581739,0,1,0,537212,68398,83281,24675,0.6335729371225314,0.265114480031803
21474,0.1880003677294975,0,4,0,537216,68394,83281,24675,0.6335358849901812,0.26512587435128776
21475,0.1880129166855648,4,25,4,537241,68369,83285,24671,0.6333043091629923,0.26516552020636286
21476,0.1880169755156609,1,3,1,537244,68366,83286,24670,0.6332765200637297,0.26516617223440386
21477,0.1880204704107421,2,6,2,537250,68360,83288,24668,0.6332209418652044,0.2651674764587006
21478,0.1880216797923354,3,10,3,537260,68350,83291,24665,0.6331283115343288,0.2651722840402086
21479,0.1880248601654558,0,3,0,537263,68347,83291,24665,0.6331005224350661,0.26518083688126265
21480,0.1880258993802426,3,10,3,537273,68337,83294,24662,0.6330078921041906,0.2651856471574963
21481,0.1880287195390606,3,28,3,537301,68309,83297,24659,0.6327485271777391,0.265241803631357
21482,0.1880453745708006,6,5,6,537306,68304,83303,24653,0.6327022120123013,0.2652086448572996
21483,0.1880488163762036,0,3,0,537309,68301,83303,24653,0.6326744229130387,0.26521720420853323
21484,0.1880490314469884,1,3,1,537312,68298,83304,24652,0.632646633813776,0.2652178590640129
21485,0.1880505455540295,0,3,0,537315,68295,83304,24652,0.6326188447145134,0.2652264193572681
21486,0.1880611089470374,1,2,1,537317,68293,83305,24651,0.6326003186483382,0.2652242210363229
21487,0.1880656566674755,1,5,1,537322,68288,83306,24650,0.6325540034829005,0.26523058383008025
21488,0.1880658798487386,0,3,0,537325,68285,83306,24650,0.6325262143836378,0.2652391456394254
21489,0.1880666512497406,3,9,3,537334,68276,83309,24647,0.6324428470858497,0.26524111361019337
21490,0.1880669190635254,1,4,1,537338,68272,83310,24646,0.6324057949534996,0.2652446242923868
21491,0.1880709171719669,4,11,4,537349,68261,83314,24642,0.6323039015895365,0.2652443946912371
21492,0.1880798647034746,15,31,15,537380,68230,83329,24627,0.6320167475638223,0.26521425417577565
21493,0.1880916224647257,6,12,6,537392,68218,83335,24621,0.6319055911667717,0.2652010469737933
21494,0.188097777994955,15,50,15,537442,68168,83350,24606,0.631442439512394,0.2652251708452799
21495,0.1881030463583997,5,6,5,537448,68162,83355,24601,0.6313868613138686,0.26520272091243274
21496,0.1881070096371798,0,3,0,537451,68159,83355,24601,0.631359072214606,0.2652112979732643
21497,0.1881115477715334,1,5,1,537456,68154,83356,24600,0.6313127570491682,0.2652176725532053
21498,0.1881138479427009,3,8,3,537464,68146,83359,24597,0.6312386527844678,0.26521678185954733
21499,0.1881168607709017,4,5,4,537469,68141,83363,24593,0.6311923376190299,0.265199387495417
21500,0.1881212090061392,8,31,8,537500,68110,83371,24585,0.6309051835933158,0.2652246615243541
21501,0.1881252577913156,1,8,1,537508,68102,83372,24584,0.6308310793286154,0.26523962626502384
21502,0.1881288661932274,6,9,6,537517,68093,83378,24578,0.6307477120308274,0.26521781355548124
21503,0.188140243610921,48,197,48,537714,67896,83426,24530,0.6289228945125792,0.2654015103975072
21504,0.1881417275086094,2,11,2,537725,67885,83428,24528,0.628821001148616,0.26541720320734097
21505,0.1881448099646723,4,28,4,537753,67857,83432,24524,0.6285616362221645,0.2654658425433801
21506,0.1881486014229449,2,3,2,537756,67854,83434,24522,0.628533847122902,0.2654585606651078
21507,0.1881568455131146,0,4,0,537760,67850,83434,24522,0.6284967949905517,0.26547005586108346
21508,0.1881582661971035,1,0,1,537760,67850,83435,24521,0.6284967949905517,0.2654621039070704
21509,0.1881608766594227,0,2,0,537762,67848,83435,24521,0.6284782689243766,0.26546785176845045
21510,0.1881652699968746,5,19,5,537781,67829,83440,24516,0.628302271295713,0.26548270074178354
21511,0.1881656073188684,3,10,3,537791,67819,83443,24513,0.6282096409648376,0.26548758826842267
21512,0.1881718976571064,0,8,0,537799,67811,83443,24513,0.6281355367001371,0.2655105931285473
21513,0.1881723929457873,0,4,0,537803,67807,83443,24513,0.6280984845677868,0.26552209705372615
21514,0.1881732621286589,8,3,8,537806,67804,83451,24505,0.6280706954685242,0.26546707254980556
21515,0.188173432160574,5,6,5,537812,67798,83456,24500,0.6280151172699989,0.2654445383431927
21516,0.1881793770954467,1,1,1,537813,67797,83457,24499,0.6280058542369114,0.26543945566438415
21517,0.1881875878826823,2,8,2,537821,67789,83459,24497,0.6279317499722109,0.26544654660511885
21518,0.1881911320807629,8,10,8,537831,67779,83467,24489,0.6278391196413353,0.26541162699960985
21519,0.188199908767856,4,2,4,537833,67777,83471,24485,0.6278205935751603,0.26538553250525676
21520,0.1882026333658161,0,6,0,537839,67771,83471,24485,0.6277650153766349,0.26540279223031565
21521,0.1882042137529101,1,1,1,537840,67770,83472,24484,0.6277557523435474,0.26539770633251675
21522,0.1882088102255746,3,4,3,537844,67766,83475,24481,0.6277187002111971,0.2653853241839843
21523,0.1882096121210654,29,112,29,537956,67654,83504,24452,0.6266812405053911,0.2654767333289905
21524,0.1882193839584139,1,0,1,537956,67654,83505,24451,0.6266812405053911,0.2654687584821671
21525,0.1882299707559085,0,3,0,537959,67651,83505,24451,0.6266534514061284,0.2654774054852229
21526,0.1882371951021804,1,6,1,537965,67645,83506,24450,0.6265978732076031,0.26548672566371684
21527,0.1882406606373539,0,5,0,537970,67640,83506,24450,0.6265515580421653,0.2655011401889456
21528,0.1882409284511388,1,1,1,537971,67639,83507,24449,0.6265422950090778,0.26549604725914344
21529,0.1882474647522475,0,8,0,537979,67631,83507,24449,0.6264681907443773,0.2655191138140747
21530,0.1882700837679693,4,3,4,537982,67628,83511,24445,0.6264404016451147,0.2654958565486082
21531,0.1882704626897294,1,0,1,537982,67628,83512,24444,0.6264404016451147,0.2654878790511773
21532,0.1882705916581234,0,1,0,537983,67627,83512,24444,0.6264311386120271,0.2654907625636737
21533,0.188276539593248,0,2,0,537985,67625,83512,24444,0.626412612545852,0.2654965297765806
21534,0.1882792148435527,13,28,13,538013,67597,83525,24431,0.6261532476194005,0.2654735515277959
21535,0.1882836428077479,0,7,0,538020,67590,83525,24431,0.6260884063877876,0.26549374599276254
21536,0.1882841861148071,1,9,1,538029,67581,83526,24430,0.6260050390899996,0.265511732292878
21537,0.1882874699190527,1,4,1,538033,67577,83527,24429,0.6259679869576494,0.26551529248092515
21538,0.1882878977768031,7,10,7,538043,67567,83534,24422,0.6258753566267738,0.26548826490123817
21539,0.1882944719789969,2,6,2,538049,67561,83536,24420,0.6258197784282485,0.26548961198508386
21540,0.1882965791898038,2,6,2,538055,67555,83538,24418,0.6257642002297232,0.26549095930327377
21541,0.1882982494483344,52,197,52,538252,67358,83590,24366,0.6239393827114751,0.26564476036806073
21542,0.1883074369815548,0,1,0,538253,67357,83590,24366,0.6239301196783875,0.26564765653107725
21543,0.1883171345407252,1,0,1,538253,67357,83591,24365,0.6239301196783875,0.265639650247487
21544,0.1883226108105583,2,0,2,538253,67357,83593,24363,0.6239301196783875,0.26562363715656345
21545,0.1883236500253451,0,2,0,538255,67355,83593,24363,0.6239115936122124,0.2656294293377527
21546,0.1883253542212366,14,31,14,538286,67324,83607,24349,0.6236244395864982,0.2656071035092121
21547,0.1883257329440063,0,2,0,538288,67322,83607,24349,0.6236059135203231,0.26561289829935314
21548,0.1883326900930332,3,2,3,538290,67320,83610,24346,0.623587387454148,0.2655946588702463
21549,0.1883345466046224,1,7,1,538297,67313,83611,24345,0.6235225462225351,0.26560693010975583
21550,0.1883395937509991,33,133,33,538430,67180,83644,24312,0.6222905628218904,0.2657281510951777
21551,0.1883562237583814,4,10,4,538440,67170,83648,24308,0.6221979324910148,0.2657250923719364
21552,0.1883572887469693,7,12,7,538452,67158,83655,24301,0.6220867760939642,0.26570375796805124
21553,0.188362768372537,8,12,8,538464,67146,83663,24293,0.6219756196969135,0.26567438401557325
21554,0.1883640952820274,4,4,4,538468,67142,83667,24289,0.6219385675645633,0.2656538810687841
21555,0.1883675413601732,3,13,3,538481,67129,83670,24286,0.6218181481344252,0.2656675600284417
21556,0.1883681197358758,2,4,2,538485,67125,83672,24284,0.6217810960020749,0.2656631185113063
21557,0.1883712211598823,1,1,1,538486,67124,83673,24283,0.6217718329689874,0.26565799118229455
21558,0.1883836215086788,7,15,7,538501,67109,83680,24276,0.6216328874726741,0.26564534661049405
21559,0.1883874129669514,0,2,0,538503,67107,83680,24276,0.621614361406499,0.2656511605003119
21560,0.18838878495554,2,1,2,538504,67106,83682,24274,0.6216050983734114,0.265637995184942
21561,0.1883913138765613,0,1,0,538505,67105,83682,24274,0.6215958353403238,0.2656409021766489
21562,0.1883931835451499,0,10,0,538515,67095,83682,24274,0.6215032050094483,0.2656699755934726
21563,0.1883990980574502,1,3,1,538518,67092,83683,24273,0.6214754159101856,0.26567066163191594
21564,0.1884037971867218,0,1,0,538519,67091,83683,24273,0.621466152877098,0.26567356945843
21565,0.1884111464065102,2,0,2,538519,67091,83685,24271,0.621466152877098,0.2656574943630831
21566,0.1884122437045805,1,8,1,538527,67083,83686,24270,0.6213920486123976,0.26567272010771403
21567,0.188414558392888,10,17,10,538544,67066,83696,24260,0.6212345770499093,0.26564176685719293
21568,0.188415938348722,6,15,6,538559,67051,83702,24254,0.6210956315535959,0.26563715021083184
21569,0.1884170165770955,0,1,0,538560,67050,83702,24254,0.6210863685205084,0.26564005958117937
21570,0.1884186902972386,8,18,8,538578,67032,83710,24246,0.6209196339249324,0.2656280812463025
21571,0.1884251180708826,1,2,1,538580,67030,83711,24245,0.6209011078587573,0.26562585592988225
21572,0.1884305976964503,1,5,1,538585,67025,83712,24244,0.6208547926933194,0.26563236148089714
21573,0.188437571064513,0,4,0,538589,67021,83712,24244,0.6208177405609693,0.265644003725415
21574,0.1884552683222903,5,13,5,538602,67008,83717,24239,0.6206973211308311,0.2656416101351277
21575,0.1884615093885665,1,5,1,538607,67003,83718,24238,0.6206510059653934,0.26564811871855853
21576,0.1884634372657522,1,1,1,538608,67002,83719,24237,0.6206417429323058,0.2656429816197021
21577,0.1884649598157827,3,5,3,538613,66997,83722,24234,0.6205954277668679,0.26563339215836723
21578,0.1884768242804234,10,10,10,538623,66987,83732,24224,0.6205027974359925,0.2655820021707908
21579,0.1884809120009025,0,1,0,538624,66986,83732,24224,0.6204935344029049,0.26558491393487554
21580,0.1884868200591308,1,5,1,538629,66981,83733,24223,0.6204472192374672,0.2655914214288847
21581,0.1884878612485058,1,4,1,538633,66977,83734,24222,0.6204101671051169,0.26559501748922687
21582,0.1884975995884125,20,99,20,538732,66878,83754,24202,0.619493126829449,0.26572244180939836
21583,0.1884976594129584,1,0,1,538732,66878,83755,24201,0.619493126829449,0.2657143798241087
21584,0.188502726549138,1,1,1,538733,66877,83756,24200,0.6194838637963614,0.2657092350428758
21585,0.1885085559922357,0,7,0,538740,66870,83756,24200,0.6194190225647486,0.26572965850444713
21586,0.1885095744300514,8,15,8,538755,66855,83764,24192,0.6192800770684352,0.2657089195690138
21587,0.1885112695438265,0,2,0,538757,66853,83764,24192,0.6192615510022602,0.2657147564391235
21588,0.1885223664710239,1,4,1,538761,66849,83765,24191,0.6192244988699099,0.2657183655536028
21589,0.1885334822494435,10,24,10,538785,66825,83775,24181,0.6190021860758087,0.26570775553260223
21590,0.1885397218968221,1,9,1,538794,66816,83776,24180,0.6189188187780207,0.2657259659765264
21591,0.1885415507477866,1,4,1,538798,66812,83777,24179,0.6188817666456704,0.26572957765053684
21592,0.1885508558070303,1,1,1,538799,66811,83778,24178,0.618872503612583,0.26572442822758796
21593,0.1885546067768322,1,4,1,538803,66807,83779,24177,0.6188354514802327,0.26572804009496176
21594,0.1885557922754355,1,5,1,538808,66802,83780,24176,0.6187891363147949,0.2657345731935193
21595,0.1885624615693516,1,1,1,538809,66801,83781,24175,0.6187798732817074,0.2657294231445656
21596,0.1885671177225558,1,2,1,538811,66799,83782,24174,0.6187613472155322,0.2657271937827707
21597,0.1885687914426989,2,15,2,538826,66784,83784,24172,0.6186224017192189,0.2657548704868288
21598,0.1885718572868263,1,2,1,538828,66782,83785,24171,0.6186038756530439,0.265752641474168
21599,0.1885720258338614,1,11,1,538839,66771,83786,24170,0.6185019822890807,0.2657767123739567
21600,0.1885735899764636,3,6,3,538845,66765,83789,24167,0.6184464040905554,0.2657700259534597
21601,0.1885770877291563,2,0,2,538845,66765,83791,24165,0.6184464040905554,0.26575387660838007
21602,0.1885802524371551,3,3,3,538848,66762,83794,24162,0.6184186149912928,0.2657384188993005
21603,0.1885838047209486,1,5,1,538853,66757,83795,24161,0.618372299825855,0.2657449569942146
21604,0.1885838297331273,2,2,2,538855,66755,83797,24159,0.6183537737596798,0.2657346503288822
21605,0.1885848149803331,0,6,0,538861,66749,83797,24159,0.6182981955611545,0.2657521890262683
21606,0.1885871061110393,0,1,0,538862,66748,83797,24159,0.6182889325280669,0.2657551123675845
21607,0.1885901957949373,0,1,0,538863,66747,83797,24159,0.6182796694949795,0.2657580357732163
21608,0.1885912775664421,3,6,3,538869,66741,83800,24156,0.6182240912964541,0.26575134492887553
21609,0.1886049476935598,1,2,1,538871,66739,83801,24155,0.618205565230279,0.2657491143529826
21610,0.1886057393421375,2,1,2,538872,66738,83803,24153,0.6181963021971915,0.26573588144040666
21611,0.1886075512207355,0,3,0,538875,66735,83803,24153,0.6181685130979288,0.2657446527594402
21612,0.1886120608124563,7,15,7,538890,66720,83810,24146,0.6180295676016154,0.26573195694759316
21613,0.188612293767176,4,11,4,538901,66709,83814,24142,0.6179276742376524,0.2657318026218754
21614,0.1886129547202011,1,6,1,538907,66703,83815,24141,0.6178720960391271,0.2657412707498569
21615,0.1886133678360435,0,3,0,538910,66700,83815,24141,0.6178443069398644,0.265750046785042
21616,0.1886149414300205,0,1,0,538911,66699,83815,24141,0.6178350439067768,0.26575297225891675
21617,0.1886159110987727,0,1,0,538912,66698,83815,24141,0.6178257808736893,0.26575589779720166
21618,0.1886180404373167,3,6,3,538918,66692,83818,24138,0.6177702026751639,0.2657492018055708
21619,0.1886208262438471,2,4,2,538922,66688,83820,24136,0.6177331505428137,0.26574473707390117
21620,0.1886242723219929,8,14,8,538936,66674,83828,24128,0.617603468079588,0.26572101936080705
21621,0.1886245017462516,0,3,0,538939,66671,83828,24128,0.6175756789803253,0.26572979878633024
21622,0.188627166966133,4,10,4,538949,66661,83832,24124,0.6174830486494498,0.26572671696866224
21623,0.188628304455747,13,62,13,539011,66599,83845,24111,0.6169087405980214,0.26580310880829017
21624,0.1886324549683194,1,0,1,539011,66599,83846,24110,0.6169087405980214,0.2657950148276356
21625,0.1886369212045911,2,2,2,539013,66597,83848,24108,0.6168902145318463,0.2657846866214652
21626,0.1886413593367666,1,0,1,539013,66597,83849,24107,0.6168902145318463,0.2657765919915329
21627,0.1886473236828894,1,2,1,539015,66595,83850,24106,0.6168716884656712,0.26577435750432743
21628,0.1886477841438477,2,7,2,539022,66588,83852,24104,0.6168068472340583,0.26577867948661404
21629,0.1886478420514784,4,8,4,539030,66580,83856,24100,0.6167327429693579,0.2657697397441553
21630,0.188653683069798,2,6,2,539036,66574,83858,24098,0.6166771647708326,0.2657711311099347
21631,0.1886548986580754,1,6,1,539042,66568,83859,24097,0.6166215865723073,0.2657806209672972
21632,0.1886592483317784,9,26,9,539068,66542,83868,24088,0.6163807477120308,0.26578395674721395
21633,0.1886636059764891,1,6,1,539074,66536,83869,24087,0.6163251695135055,0.2657934519934233
21634,0.1886696107581875,0,1,0,539075,66535,83869,24087,0.6163159064804179,0.2657963849837788
21635,0.1886744771552005,2,4,2,539079,66531,83871,24085,0.6162788543480677,0.26579191312792444
21636,0.1886752634141601,0,2,0,539081,66529,83871,24085,0.6162603282818926,0.26579777959255746
21637,0.1886758220694305,0,1,0,539082,66528,83871,24085,0.616251065248805,0.2658007129219869
21638,0.1886763024371068,0,1,0,539083,66527,83871,24085,0.6162418022157176,0.2658036463161612
21639,0.1886811971599569,0,1,0,539084,66526,83871,24085,0.61623253918263,0.2658065797750825
21640,0.1886961337796604,4,8,4,539092,66518,83875,24081,0.6161584349179295,0.26579763573549375
21641,0.1886990849798589,10,15,10,539107,66503,83885,24071,0.6160194894216162,0.2657605935478173
21642,0.1887014108919512,2,10,2,539117,66493,83887,24069,0.6159268590907406,0.26577372407853184
21643,0.1887129479911932,3,6,3,539123,66487,83890,24066,0.6158712808922153,0.2657670093757247
21644,0.1887132613495164,1,1,1,539124,66486,83891,24065,0.6158620178591278,0.2657618358714978
21645,0.188718027423029,1,1,1,539125,66485,83892,24064,0.6158527548260403,0.2657566621387315
21646,0.1887215142193139,14,19,14,539144,66466,83906,24050,0.6156767571973767,0.26569888196561936
21647,0.1887344943516025,2,0,2,539144,66466,83908,24048,0.6156767571973767,0.2656826568265683
21648,0.1887364709569649,0,2,0,539146,66464,83908,24048,0.6156582311312015,0.26568852748806787
21649,0.1887393366863666,0,2,0,539148,66462,83908,24048,0.6156397050650265,0.2656943984090156
21650,0.1887441251387258,0,1,0,539149,66461,83908,24048,0.615630442031939,0.26569733396678785
21651,0.1887478507115292,1,2,1,539151,66459,83909,24047,0.6156119159657638,0.26569509203809694
21652,0.1887491294654127,1,0,1,539151,66459,83910,24046,0.6156119159657638,0.26568697861996576
21653,0.1887614280877568,0,2,0,539153,66457,83910,24046,0.6155933898995887,0.2656928499607748
21654,0.1887622013643146,12,13,12,539166,66444,83922,24034,0.6154729704694505,0.26563363469572715
21655,0.1887652869540554,0,2,0,539168,66442,83922,24034,0.6154544444032755,0.2656395066094876
21656,0.1887664678626339,0,1,0,539169,66441,83922,24034,0.6154451813701879,0.2656424426637193
21657,0.188766604200563,0,2,0,539171,66439,83922,24034,0.6154266553040127,0.2656483149668962
21658,0.188768141582777,2,1,2,539172,66438,83924,24032,0.6154173922709252,0.26563501713275117
21659,0.1887692402158645,1,1,1,539173,66437,83925,24031,0.6154081292378376,0.2656298359640978
21660,0.1887771406191523,9,9,9,539182,66428,83934,24022,0.6153247619400497,0.26558319513543394
21661,0.1887831548610267,0,8,0,539190,66420,83934,24022,0.6152506576753493,0.265606687158621
21662,0.1887869641078144,0,2,0,539192,66418,83934,24022,0.6152321316091741,0.2656125608137992
21663,0.1887937034529351,2,9,2,539201,66409,83936,24020,0.6151487643113861,0.2656227537626204
21664,0.1887955914907095,1,0,1,539201,66409,83937,24019,0.6151487643113861,0.26561463263590923
21665,0.1887969617434871,0,1,0,539202,66408,83937,24019,0.6151395012782985,0.26561756997356983
21666,0.1887982817096062,0,2,0,539204,66406,83937,24019,0.6151209752121235,0.2656234448437932
21667,0.1888021894658084,5,12,5,539216,66394,83942,24014,0.6150098188150728,0.265618086894965
21668,0.1888050750365557,0,1,0,539217,66393,83942,24014,0.6150005557819852,0.26562102492063666
21669,0.18880716601028,0,1,0,539218,66392,83942,24014,0.6149912927488977,0.2656239630113046
21670,0.1888143023372698,30,92,30,539310,66300,83972,23984,0.6141390937048428,0.2656506136192459
21671,0.188814879461048,0,1,0,539311,66299,83972,23984,0.6141298306717552,0.2656535560404506
21672,0.1888354325794797,0,1,0,539312,66298,83972,23984,0.6141205676386676,0.26565649852683815
21673,0.1888402989764927,1,3,1,539315,66295,83973,23983,0.6140927785394049,0.2656571922284499
21674,0.1888416334350567,1,5,1,539320,66290,83974,23982,0.6140464633739672,0.2656637717121588
21675,0.1888433398466764,0,1,0,539321,66289,83974,23982,0.6140372003408796,0.26566671467027064
21676,0.1888530082303846,0,1,0,539322,66288,83974,23982,0.614027937307792,0.2656696576935859
21677,0.1888537815069423,2,1,2,539323,66287,83976,23980,0.6140186742747045,0.26565633066347616
21678,0.1888551011914965,0,1,0,539324,66286,83976,23980,0.614009411241617,0.26565927370216913
21679,0.188859856111298,10,36,10,539360,66250,83986,23970,0.613675942050465,0.2656838838395034
21680,0.1888615327768484,0,1,0,539361,66249,83986,23970,0.6136666790173775,0.26568682871678917
21681,0.1888629621190234,3,4,3,539365,66245,83989,23967,0.6136296268850272,0.2656741896865162
21682,0.1888661688887074,6,11,6,539376,66234,83995,23961,0.6135277335210642,0.2656577415599534
21683,0.1888664854050101,7,24,7,539400,66210,84002,23954,0.6133054207269628,0.26567144314804136
21684,0.1888674834760225,1,3,1,539403,66207,84003,23953,0.6132776316277002,0.2656721384205856
21685,0.1888695219327879,0,10,0,539413,66197,84003,23953,0.6131850012968246,0.2657016084303938
21686,0.1888711801647752,1,4,1,539417,66193,84004,23952,0.6131479491644745,0.26570525264851075
21687,0.1888727983106999,2,4,2,539421,66189,84006,23950,0.6131108970321242,0.26570075106224833
21688,0.1888774549699085,1,1,1,539422,66188,84007,23949,0.6131016339990366,0.2656955523259039
21689,0.1888787698124854,0,1,0,539423,66187,84007,23949,0.613092370965949,0.2656985000443774
21690,0.1888794246924539,6,13,6,539436,66174,84013,23943,0.6129719515358109,0.26568793901261695
21691,0.1888803601815944,2,14,2,539450,66160,84015,23941,0.6128422690725851,0.2657129221651258
21692,0.1888821316611831,5,36,5,539486,66124,84020,23936,0.6125087998814331,0.26577836997557186
21693,0.188893201031192,0,4,0,539490,66120,84020,23936,0.612471747749083,0.26579017500222085
21694,0.1888935720274892,1,8,1,539498,66112,84021,23935,0.6123976434843825,0.26580563483514164
21695,0.1888959917168781,4,3,4,539501,66109,84025,23931,0.6123698543851198,0.2657818747223456
21696,0.1889006336296811,0,2,0,539503,66107,84025,23931,0.6123513283189448,0.265787778493525
21697,0.188905639797248,6,8,6,539511,66099,84031,23925,0.6122772240542443,0.2657624633431085
21698,0.1889060053586538,13,38,13,539549,66061,84044,23912,0.6119252287969172,0.2657686194747313
21699,0.1889128591657935,7,19,7,539568,66042,84051,23905,0.6117492311682537,0.2657676187087952
21700,0.1889223075151079,3,10,3,539578,66032,84054,23902,0.6116566008373782,0.26577267774145485
21701,0.1889322091920392,9,26,9,539604,66006,84063,23893,0.6114157619771018,0.2657760375532542
21702,0.1889325530312502,1,3,1,539607,66003,84064,23892,0.6113879728778391,0.265776739529451
21703,0.1889330158825499,1,1,1,539608,66002,84065,23891,0.6113787098447515,0.2657715283726208
21704,0.1889391044656737,2,1,2,539609,66001,84067,23889,0.611369446811664,0.2657581488485927
21705,0.188944327672147,0,1,0,539610,66000,84067,23889,0.6113601837785765,0.2657611053632814
21706,0.1889455570078352,0,3,0,539613,65997,84067,23889,0.6113323946793138,0.26576997530204927
21707,0.1889511500067657,2,6,2,539619,65991,84069,23887,0.6112768164807885,0.26577137898039566
21708,0.1889679631122315,0,2,0,539621,65989,84069,23887,0.6112582904146133,0.26577729315946413
21709,0.1889734691211613,0,2,0,539623,65987,84069,23887,0.6112397643484383,0.26578320760175356
21710,0.1889738346825672,3,7,3,539630,65980,84072,23884,0.6111749231168254,0.2657793999821953
21711,0.1889766816575108,4,22,4,539652,65958,84076,23880,0.6109711363888992,0.2658117945635477
21712,0.1889875718595059,1,3,1,539655,65955,84077,23879,0.6109433472896365,0.26581249860854467
21713,0.1889943035558019,5,15,5,539670,65940,84082,23874,0.6108044017933232,0.2658160197742
21714,0.1890015396058865,3,4,3,539674,65936,84085,23871,0.610767349660973,0.26580333381584953
21715,0.1890082847273865,0,1,0,539675,65935,84085,23871,0.6107580866278854,0.26580629356613145
21716,0.1890133863317485,0,2,0,539677,65933,84085,23871,0.6107395605617103,0.26581221326444254
21717,0.1890138876577357,0,6,0,539683,65927,84085,23871,0.610683982363185,0.2658299739415132
21718,0.1890150819944692,6,11,6,539694,65916,84091,23865,0.610582088999222,0.2658134794667023
21719,0.1890177013407936,3,5,3,539699,65911,84094,23862,0.6105357738337841,0.26580374945696367
21720,0.1890209230127887,1,6,1,539705,65905,84095,23861,0.6104801956352588,0.26581333689815745
21721,0.1890272762074565,2,2,2,539707,65903,84097,23859,0.6104616695690837,0.2658029010048796
21722,0.1890414928636359,2,0,2,539707,65903,84099,23857,0.6104616695690837,0.2657865418894831
21723,0.1890416090514528,2,4,2,539711,65899,84101,23855,0.6104246174367335,0.26578202642779153
21724,0.1890528929318159,3,6,3,539717,65893,84104,23852,0.6103690392382082,0.26577525210318126
21725,0.1890535528304618,4,6,4,539723,65887,84108,23848,0.6103134610396829,0.2657602941995877
21726,0.1890593938487813,0,2,0,539725,65885,84108,23848,0.6102949349735077,0.2657662175565288
21727,0.1890609475533851,1,8,1,539733,65877,84109,23847,0.6102208307088073,0.26578173064063126
21728,0.1890621328797153,1,4,1,539737,65873,84110,23846,0.6101837785764571,0.2657853966272473
21729,0.1890719405140112,0,3,0,539740,65870,84110,23846,0.6101559894771944,0.2657942841856525
21730,0.1890751951648524,0,3,0,539743,65867,84110,23846,0.6101282003779317,0.26580317233845707
21731,0.1890801489352793,26,50,26,539793,65817,84136,23820,0.6096650487235541,0.26573847853007126
21732,0.1890893281809862,0,2,0,539795,65815,84136,23820,0.609646522657379,0.2657444078763876
21733,0.1890992466016088,0,3,0,539798,65812,84136,23820,0.6096187335581162,0.26575330239200284
21734,0.1891042847863908,3,22,3,539820,65790,84139,23817,0.60941494683019,0.2657939669891861
21735,0.189106395836991,0,1,0,539821,65789,84139,23817,0.6094056837971025,0.2657969332410776
21736,0.1891094383753661,1,8,1,539829,65781,84140,23816,0.6093315795324021,0.26581247139971204
21737,0.1891124830455611,3,13,3,539842,65768,84143,23813,0.6092111601022638,0.2658264587356694
21738,0.1891127268041353,3,5,3,539847,65763,84146,23810,0.6091648449368261,0.26581670815982494
21739,0.1891172525717802,37,119,37,539966,65644,84183,23773,0.6080625439994072,0.2658666696489482
21740,0.1891190450175789,0,1,0,539967,65643,84183,23773,0.6080532809663196,0.26586964301690974
21741,0.1891193030369173,3,2,3,539969,65641,84186,23770,0.6080347549001445,0.2658509579358245
21742,0.1891207222557293,1,1,1,539970,65640,84187,23769,0.6080254918670569,0.2658457202295071
21743,0.1891240444059271,5,9,5,539979,65631,84192,23764,0.607942124569269,0.265831422339057
21744,0.1891242144378422,3,1,3,539980,65630,84195,23761,0.6079328615361814,0.26580975713438715
21745,0.1891279111265948,1,3,1,539983,65627,84196,23760,0.6079050724369187,0.2658104646089476
21746,0.1891296521073604,11,12,11,539995,65615,84207,23749,0.6077939160398681,0.2657557853274249
21747,0.1891296810953658,32,108,32,540103,65507,84239,23717,0.6067935084664122,0.2658141307271586
21748,0.1891312324944545,0,2,0,540105,65505,84239,23717,0.6067749824002371,0.2658200892156643
21749,0.1891323139924631,1,2,1,540107,65503,84240,23716,0.606756456334062,0.2658178190744124
21750,0.1891341859317282,3,3,3,540110,65500,84243,23713,0.6067286672347993,0.2658020692051607
21751,0.1891362658029295,3,7,3,540117,65493,84246,23710,0.6066638260031865,0.26579823548535364
21752,0.1891479782591926,5,13,5,540130,65480,84251,23705,0.6065434065730483,0.26579581768234567
21753,0.1891499387530807,0,3,0,540133,65477,84251,23705,0.6065156174737856,0.26580475880783117
21754,0.1891506910451241,0,1,0,540134,65476,84251,23705,0.6065063544406981,0.26580773931667057
21755,0.1891602851198178,0,1,0,540135,65475,84251,23705,0.6064970914076105,0.26581071989235255
21756,0.1891713645752566,1,3,1,540138,65472,84252,23704,0.6064693023083478,0.26581142908405847
21757,0.1891740409402952,0,1,0,540139,65471,84252,23704,0.6064600392752603,0.2658144098682366
21758,0.1891821194040388,0,1,0,540140,65470,84252,23704,0.6064507762421727,0.26581739071926797
21759,0.1891850818956935,12,26,12,540166,65444,84264,23692,0.6062099373818963,0.26579608687847783
21760,0.1891866722742845,6,5,6,540171,65439,84270,23686,0.6061636222164586,0.26576157082748947
21761,0.1891873102591518,0,6,0,540177,65433,84270,23686,0.6061080440179333,0.26577946341408676
21762,0.1891879604223583,2,1,2,540178,65432,84272,23684,0.6060987809848457,0.26576596795188295
21763,0.189191710728407,1,1,1,540179,65431,84273,23683,0.6060895179517581,0.265760710999394
21764,0.1891919151163032,1,5,1,540184,65426,84274,23682,0.6060432027863204,0.2657673833999192
21765,0.1891975104192792,9,28,9,540212,65398,84283,23673,0.6057838378598689,0.26577673990412143
21766,0.1892030400033723,1,2,1,540214,65396,84284,23672,0.6057653117936938,0.26577446445412495
21767,0.1892040631881889,0,2,0,540216,65394,84284,23672,0.6057467857275186,0.2657804324882671
21768,0.1892127970283734,1,0,1,540216,65394,84285,23671,0.6057467857275186,0.26577218885083925
21769,0.1892205902400314,1,4,1,540220,65390,84286,23670,0.6057097335951684,0.2657758814282506
21770,0.1892264312583509,0,4,0,540224,65386,84286,23670,0.6056726814628182,0.2657878189004671
21771,0.18923037907838,3,15,3,540239,65371,84289,23667,0.6055337359665048,0.2658078573193468
21772,0.189242615261011,1,0,1,540239,65371,84290,23666,0.6055337359665048,0.2657996113975089
21773,0.1892462733981246,6,14,6,540253,65357,84296,23660,0.6054040535032791,0.26579192738465685
21774,0.1892533324660353,0,3,0,540256,65354,84296,23660,0.6053762644040165,0.26580088525400497
21775,0.1892706724683499,0,3,0,540259,65351,84296,23660,0.6053484753047538,0.2658098437271798
21776,0.1892744323026133,0,1,0,540260,65350,84296,23660,0.6053392122716662,0.265812830019099
21777,0.1892782524169123,1,2,1,540262,65348,84297,23659,0.6053206862054912,0.2658105542260721
21778,0.1892794854111235,0,2,0,540264,65346,84297,23659,0.605302160139316,0.2658165271613954
21779,0.1892861337932683,5,9,5,540273,65337,84302,23654,0.605218792841528,0.2658021597689654
21780,0.1892864429675948,0,1,0,540274,65336,84302,23654,0.6052095298084404,0.26580514664569055
21781,0.1892867361917486,0,6,0,540280,65330,84302,23654,0.6051539516099151,0.26582306931583205
21782,0.1892888467678832,0,9,0,540289,65321,84302,23654,0.6050705843121271,0.2658499578533296
21783,0.189290325258871,13,3,13,540292,65318,84315,23641,0.6050427952128645,0.26575163839521576
21784,0.1892980537935404,0,4,0,540296,65314,84315,23641,0.6050057430805142,0.2657635883311787
21785,0.1892982238254555,4,5,4,540301,65309,84319,23637,0.6049594279150765,0.2657455085107818
21786,0.1892994491350299,17,25,17,540326,65284,84336,23620,0.6047278520878877,0.2656798344281472
21787,0.1893068798815994,15,25,15,540351,65259,84351,23605,0.6044962762606988,0.2656306265754411
21788,0.1893111218619887,0,1,0,540352,65258,84351,23605,0.6044870132276112,0.265633615790599
21789,0.1893168569171947,0,1,0,540353,65257,84351,23605,0.6044777501945237,0.2656366050730346
21790,0.1893183326181057,2,9,2,540362,65248,84353,23603,0.6043943828967357,0.2656469820260886
21791,0.1893290553360327,1,0,1,540362,65248,84354,23602,0.6043943828967357,0.26563871693866065
21792,0.1893358845662241,3,3,3,540365,65245,84357,23599,0.604366593797473,0.2656228895592274
21793,0.1893378535407524,2,3,2,540368,65242,84359,23597,0.6043388046982103,0.2656153266020554
21794,0.1893448867216155,0,5,0,540373,65237,84359,23597,0.6042924895327726,0.2656302766958597
21795,0.18934537396287,1,0,1,540373,65237,84360,23596,0.6042924895327726,0.26562200983868606
21796,0.1893622526109776,2,2,2,540375,65235,84362,23594,0.6042739634665975,0.2656114557182902
21797,0.1893630259818487,1,1,1,540376,65234,84363,23593,0.60426470043351,0.2656061783016425
21798,0.1893775160538929,1,1,1,540377,65233,84364,23592,0.6042554374004224,0.26560090064734027
21799,0.1893792217992298,5,7,5,540384,65226,84369,23587,0.6041905961688095,0.2655804893427764
21800,0.18938666039923,1,0,1,540384,65226,84370,23586,0.6041905961688095,0.2655722199702743
21801,0.1893919785573271,2,1,2,540385,65225,84372,23584,0.604181333135722,0.26555867085543133
21802,0.1893970118658021,20,27,20,540412,65198,84392,23564,0.603931231242358,0.26547396408372953
21803,0.1894043884659934,2,7,2,540419,65191,84394,23562,0.6038663900107452,0.2654783500276047
21804,0.1894049952365778,0,3,0,540422,65188,84394,23562,0.6038386009114824,0.265487323943662
21805,0.1894228372636929,8,38,8,540460,65150,84402,23554,0.6034866056541554,0.2655348124098124
21806,0.1894266942500307,23,55,23,540515,65095,84425,23531,0.6029771388343399,0.26550899284634305
21807,0.1894326313298763,43,154,43,540669,64941,84468,23488,0.6015506317388566,0.2656142215788938
21808,0.1894362349387285,6,12,6,540681,64929,84474,23482,0.601439475341806,0.26560043433509406
21809,0.1894453453778062,0,1,0,540682,64928,84474,23482,0.6014302123087184,0.26560343852505375
21810,0.1894511619931143,3,3,3,540685,64925,84477,23479,0.6014024232094557,0.2655875299760192
21811,0.1894551127259549,1,1,1,540686,64924,84478,23478,0.6013931601763681,0.265582226646456
21812,0.1894557713604312,3,1,3,540687,64923,84481,23475,0.6013838971432806,0.26556030679427134
21813,0.1894572693266582,2,14,2,540701,64909,84483,23473,0.6012542146800548,0.2655857527550859
21814,0.1894664865445995,5,9,5,540710,64900,84488,23468,0.6011708473822669,0.265571247510411
21815,0.1894667406383665,0,1,0,540711,64899,84488,23468,0.6011615843491793,0.26557425283193953
21816,0.189466957698642,5,6,5,540717,64893,84493,23463,0.601106006150654,0.265550726606003
21817,0.1894704090003338,42,108,42,540825,64785,84535,23421,0.6001055985771981,0.2655261546833549
21818,0.1894825956737096,3,12,3,540837,64773,84538,23418,0.5999944421801474,0.26553729972446166
21819,0.1894854839333464,2,6,2,540843,64767,84540,23416,0.5999388639816221,0.2655387092750303
21820,0.1894858277706424,1,1,1,540844,64766,84541,23415,0.5999296009485345,0.2655333915469319
21821,0.1894871100401997,2,22,2,540866,64744,84543,23413,0.5997258142206084,0.2655829939766553
21822,0.1894887322030328,2,4,2,540870,64740,84545,23411,0.5996887620882582,0.26557838254812766
21823,0.1894908747556272,17,27,17,540897,64713,84562,23394,0.5994386601948942,0.26551806326398586
21824,0.1894945235739441,3,16,3,540913,64697,84565,23391,0.5992904516654933,0.26554127690491325
21825,0.1895004606537896,11,26,11,540939,64671,84576,23380,0.599049612805217,0.26552793267538133
21826,0.1895017063875163,0,1,0,540940,64670,84576,23380,0.5990403497721294,0.26553094832481544
21827,0.1895049827654284,0,1,0,540941,64669,84576,23380,0.5990310867390418,0.2655339640427489
21828,0.1895059008141029,7,11,7,540952,64658,84583,23373,0.5989291933750788,0.26550874123888174
21829,0.1895132438466197,1,1,1,540953,64657,84584,23372,0.5989199303419912,0.2655034136477752
21830,0.1895152276398773,4,6,4,540959,64651,84588,23368,0.5988643521434659,0.2654881332439587
21831,0.189515332874577,1,0,1,540959,64651,84589,23367,0.5988643521434659,0.2654797882251358
21832,0.1895212534866444,1,1,1,540960,64650,84590,23366,0.5988550891103783,0.26547445918923834
21833,0.1895222189351538,1,0,1,540960,64650,84591,23365,0.5988550891103783,0.2654661137306141
21834,0.1895248300165939,3,9,3,540969,64641,84594,23362,0.5987717218125903,0.26546822267422704
21835,0.189531201734538,1,0,1,540969,64641,84595,23361,0.5987717218125903,0.2654598759119111
21836,0.1895347870225553,1,1,1,540970,64640,84596,23360,0.5987624587795027,0.26545454545454544
21837,0.1895369539555311,1,9,1,540979,64631,84597,23359,0.5986790914817147,0.2654733492442323
21838,0.189537035369462,0,1,0,540980,64630,84597,23359,0.5986698284486273,0.2654763663639773
21839,0.1895370637523686,4,12,4,540992,64618,84601,23355,0.5985586720515765,0.2654791811123868
21840,0.1895382383242471,11,28,11,541020,64590,84612,23344,0.598299307125125,0.26547183114608686
21841,0.1895390246656959,1,4,1,541024,64586,84613,23343,0.5982622549927749,0.26547555414027224
21842,0.1895403865775879,1,3,1,541027,64583,84614,23342,0.5982344658935121,0.2654762581745806
21843,0.189545043620522,4,13,4,541040,64570,84618,23338,0.598114046463374,0.26548209491741365
21844,0.1895471890304673,8,7,8,541047,64563,84626,23330,0.5980492052317611,0.26543638287463167
21845,0.1895503305697556,1,3,1,541050,64560,84627,23329,0.5980214161324984,0.265437085414557
21846,0.1895594737098637,1,1,1,541051,64559,84628,23328,0.5980121530994109,0.26543174758496707
21847,0.1895676472004203,0,1,0,541052,64558,84628,23328,0.5980028900663233,0.26543476776733493
21848,0.1895741758163374,2,1,2,541053,64557,84630,23326,0.5979936270332358,0.2654210711969323
21849,0.1895745389675437,0,3,0,541056,64554,84630,23326,0.5979658379339731,0.26543013199817933
21850,0.1895758144293625,0,1,0,541057,64553,84630,23326,0.5979565749008855,0.2654331524027356
21851,0.189587580232945,4,26,4,541083,64527,84634,23322,0.5977157360406091,0.2654782638390875
21852,0.1895911482454964,0,4,0,541087,64523,84634,23322,0.597678683908259,0.2654903523251181
21853,0.1895948994258657,4,8,4,541095,64515,84638,23318,0.5976045796435585,0.2654810834196714
21854,0.1895974809567306,0,3,0,541098,64512,84638,23318,0.5975767905442958,0.26549015142889676
21855,0.1896016176834351,1,7,1,541105,64505,84639,23317,0.5975119493126829,0.2655029491471385
21856,0.1896017729495988,0,2,0,541107,64503,84639,23317,0.5974934232465078,0.26550899567296743
21857,0.1896022821557045,0,3,0,541110,64500,84639,23317,0.5974656341472452,0.26551806597811356
21858,0.1896037492380566,5,28,5,541138,64472,84644,23312,0.5972062692207937,0.2655609222637383
21859,0.1896053782737104,3,3,3,541141,64469,84647,23309,0.597178480121531,0.2655448973546902
21860,0.1896082159015012,1,1,1,541142,64468,84648,23308,0.5971692170884434,0.26553955523149836
21861,0.1896086590101756,4,13,4,541155,64455,84652,23304,0.5970487976583052,0.2655454141455577
21862,0.1896108810867111,0,1,0,541156,64454,84652,23304,0.5970395346252176,0.26554844002825956
21863,0.1896129479938096,1,1,1,541157,64453,84653,23303,0.5970302715921302,0.2655430967683121
21864,0.1896170202727023,2,9,2,541166,64444,84655,23301,0.5969469042943422,0.2655535927973104
21865,0.1896215767658847,0,3,0,541169,64441,84655,23301,0.5969191151950795,0.26556267238038794
21866,0.1896266043466987,0,1,0,541170,64440,84655,23301,0.5969098521619919,0.265565699046056
21867,0.1896285340981589,0,4,0,541174,64436,84655,23301,0.5968728000296417,0.26557780639866874
21868,0.1896286438949964,3,9,3,541183,64427,84658,23298,0.5967894327318537,0.26557993730407525
21869,0.1896312787142715,0,3,0,541186,64424,84658,23298,0.5967616436325911,0.2655890198581884
21870,0.1896330024986565,1,1,1,541187,64423,84659,23297,0.5967523805995035,0.26558367533059735
21871,0.1896339580156624,0,1,0,541188,64422,84659,23297,0.596743117566416,0.2655867029947902
21872,0.1896355850788066,0,5,0,541193,64417,84659,23297,0.5966968024009782,0.26560184235127804
21873,0.1896445525769592,31,132,31,541325,64285,84690,23266,0.595474082033421,0.2657422530867723
21874,0.1896496851754682,0,3,0,541328,64282,84690,23266,0.5954462929341584,0.2657513592543519
21875,0.1896579121651967,4,4,4,541332,64278,84694,23262,0.5954092408018081,0.26572995202193284
21876,0.1896585360035689,0,1,0,541333,64277,84694,23262,0.5953999777687206,0.26573298758267744
21877,0.1896600476018773,4,7,4,541340,64270,84698,23258,0.5953351365371077,0.26572068366694085
21878,0.189661119427813,3,9,3,541349,64261,84701,23255,0.5952517692393198,0.26572283925225104
21879,0.1896626918329284,32,77,32,541426,64184,84733,23223,0.594538515691578,0.26568810278352994
21880,0.189662728749779,5,6,5,541432,64178,84738,23218,0.5944829374930527,0.26566433246372834
21881,0.1896648037957076,9,25,9,541457,64153,84747,23209,0.5942513616658639,0.2656647054783544
21882,0.1896649139988904,4,9,4,541466,64144,84751,23205,0.5941679943680759,0.2656584505832923
21883,0.18968015782363,4,3,4,541469,64141,84755,23201,0.5941402052688132,0.26563394472304275
21884,0.1896807773177229,1,0,1,541469,64141,84756,23200,0.5941402052688132,0.26562553668952726
21885,0.1896842081793843,11,34,11,541503,64107,84767,23189,0.5938252621438364,0.26563645527859236
21886,0.189684264025136,2,13,2,541516,64094,84769,23187,0.5937048427136982,0.26565919272235655
21887,0.1896872532342331,1,3,1,541519,64091,84770,23186,0.5936770536144355,0.26565991040021997
21888,0.1896927872762572,4,15,4,541534,64076,84774,23182,0.5935381081181222,0.26567191546906876
21889,0.1896988320129242,1,0,1,541534,64076,84775,23181,0.5935381081181222,0.2656634997765222
21890,0.189703384834883,6,5,6,541539,64071,84781,23175,0.5934917929526844,0.2656282236434908
21891,0.1897033993041896,57,191,57,541730,63880,84838,23118,0.5917225536329616,0.2657302466723373
21892,0.1897085294633534,23,62,23,541792,63818,84861,23095,0.5911482455815332,0.2657254956105531
21893,0.1897115596804797,1,0,1,541792,63818,84862,23094,0.5911482455815332,0.2657170471281296
21894,0.1897123819008725,12,34,12,541826,63784,84874,23082,0.5908333024565564,0.26571961411829714
21895,0.1897140002884779,4,15,4,541841,63769,84878,23078,0.5906943569602431,0.26573168906237404
21896,0.1897207221944795,9,13,9,541854,63756,84887,23069,0.5905739375301049,0.2656953642384106
21897,0.1897234773065922,21,65,21,541919,63691,84908,23048,0.5899718403794139,0.26571669030078743
21898,0.1897243629768544,0,6,0,541925,63685,84908,23048,0.5899162621808886,0.2657350720025826
21899,0.1897245826412843,1,0,1,541925,63685,84909,23047,0.5899162621808886,0.2657266060969423
21900,0.1897253789616264,5,12,5,541937,63673,84914,23042,0.5898051057838378,0.2657210401891253
21901,0.1897259215842061,5,22,5,541959,63651,84919,23037,0.5896013190559116,0.2657461240310077
21902,0.1897296444845412,28,99,28,542058,63552,84947,23009,0.5886842787802438,0.26581254837628954
21903,0.189732633119621,2,3,2,542061,63549,84949,23007,0.5886564896809812,0.26580479689449604
21904,0.1897332958960995,1,3,1,542064,63546,84950,23006,0.5886287005817185,0.26580552731306034
21905,0.189733612384737,6,33,6,542097,63513,84956,23000,0.5883230204898292,0.26585599852045355
21906,0.1897354272719015,3,0,3,542097,63513,84959,22997,0.5883230204898292,0.2658305398219859
21907,0.1897356747664516,4,1,4,542098,63512,84963,22993,0.5883137574567416,0.2657996647592625
21908,0.1897420730081268,16,70,16,542168,63442,84979,22977,0.5876653451406129,0.26587903123155787
21909,0.189746573833515,2,9,2,542177,63433,84981,22975,0.5875819778428248,0.2658897324321822
21910,0.1897488556470979,42,100,42,542277,63333,85023,22933,0.5866556745340694,0.2658405397259639
21911,0.1897542719755562,7,30,7,542307,63303,85030,22926,0.5863777835414428,0.26587343005253455
21912,0.1897560911571233,8,34,8,542341,63269,85038,22918,0.586062840416466,0.2659101720677132
21913,0.1897640297869116,2,4,2,542345,63265,85040,22916,0.5860257882841158,0.2659054780055929
21914,0.1897657423048466,7,7,7,542352,63258,85047,22909,0.5859609470525029,0.26586744345283
21915,0.1897756270710485,0,1,0,542353,63257,85047,22909,0.5859516840194153,0.26587052897894764
21916,0.1897837146045863,5,7,5,542360,63250,85052,22904,0.5858868427878025,0.26584952526870487
21917,0.1897885515183929,1,5,1,542365,63245,85053,22903,0.5858405276223647,0.26585643311510426
21918,0.189795862807459,4,12,4,542377,63233,85057,22899,0.585729371225314,0.2658593786281521
21919,0.1897967843052382,1,0,1,542377,63233,85058,22898,0.585729371225314,0.26585085509282375
21920,0.1897974738084545,5,24,5,542401,63209,85063,22893,0.5855070584312128,0.26588232561380687
21921,0.1898030993781347,6,11,6,542412,63198,85069,22887,0.5854051650672496,0.26586513329848405
21922,0.1898057572693022,0,1,0,542413,63197,85069,22887,0.585395902034162,0.26586822173690816
21923,0.1898060530416777,1,2,1,542415,63195,85070,22886,0.585377375967987,0.2658658705173035
21924,0.1898079674032757,0,1,0,542416,63194,85070,22886,0.5853681129348994,0.26586895910780667
21925,0.1898090732111229,2,0,2,542416,63194,85072,22884,0.5853681129348994,0.2658519017635168
21926,0.1898099023320401,8,12,8,542428,63182,85080,22876,0.5852569565378487,0.2658207255571824
21927,0.1898108191151903,1,5,1,542433,63177,85081,22875,0.585210641372411,0.26582763910193835
21928,0.1898110766326282,12,29,12,542462,63148,85093,22863,0.5849420134128719,0.26581483763704644
21929,0.1898137548374271,0,3,0,542465,63145,85093,22863,0.5849142243136093,0.2658241093851735
21930,0.18981505744922,4,12,4,542477,63133,85097,22859,0.5848030679165586,0.26582705367941206
21931,0.1898163704127805,3,5,3,542482,63128,85100,22856,0.5847567527511208,0.2658168961667287
21932,0.1898169591042542,1,0,1,542482,63128,85101,22855,0.5847567527511208,0.2658083574660107
21933,0.189820100586668,7,11,7,542493,63117,85108,22848,0.5846548593871578,0.2657825859361368
21934,0.1898202197727364,2,8,2,542501,63109,85110,22846,0.5845807551224573,0.2657902390785876
21935,0.1898258694231695,1,0,1,542501,63109,85111,22845,0.5845807551224573,0.2657816971868674
21936,0.1898282372471766,3,8,3,542509,63101,85114,22842,0.5845066508577569,0.26578080821009276
21937,0.1898283932632929,1,1,1,542510,63100,85115,22841,0.5844973878246693,0.2657753575127122
21938,0.1898307358201826,2,8,2,542518,63092,85117,22839,0.5844232835599689,0.26578301195144943
21939,0.1898354050175622,13,60,13,542578,63032,85130,22826,0.5838675015747157,0.26585757879289057
21940,0.1898359518246046,5,18,5,542596,63014,85135,22821,0.5837007669791396,0.26587056562008504
21941,0.1898483262958176,46,183,46,542779,62831,85181,22775,0.5820056319241173,0.2660444361376539
21942,0.1898500858464282,5,10,5,542789,62821,85186,22770,0.5819130015932417,0.2660326436190721
21943,0.1898513014347056,1,3,1,542792,62818,85187,22769,0.5818852124939791,0.26603339292182226
21944,0.1898573224474743,0,1,0,542793,62817,85187,22769,0.5818759494608915,0.26603650129694106
21945,0.1898588055347007,11,25,11,542818,62792,85198,22758,0.5816443736337026,0.2660198714202221
21946,0.1898617567084157,15,41,15,542859,62751,85213,22743,0.5812645892771129,0.2660186679767001
21947,0.1898692066561752,2,8,2,542867,62743,85215,22741,0.5811904850124124,0.2660263909035609
21948,0.1898769025350363,0,2,0,542869,62741,85215,22741,0.5811719589462374,0.26603261505346154
21949,0.1898778235930156,3,2,3,542871,62739,85218,22738,0.5811534328800623,0.26601307954186504
21950,0.1898794032085236,2,0,2,542871,62739,85220,22736,0.5811534328800623,0.26599590523544897
21951,0.1898833353085183,1,1,1,542872,62738,85221,22735,0.5811441698469747,0.26599042972634634
21952,0.1898834622077323,0,2,0,542874,62736,85221,22735,0.5811256437807996,0.26599665383580395
21953,0.1898880096760912,0,5,0,542879,62731,85221,22735,0.5810793286153618,0.26601221538389536
21954,0.1898910704733709,2,2,2,542881,62729,85223,22733,0.5810608025491867,0.26600126371954785
21955,0.189896766792855,23,135,23,543016,62594,85246,22710,0.5798102930823669,0.2662243271124449
21956,0.1898979946667906,0,3,0,543019,62591,85246,22710,0.5797825039831043,0.26623369010914294
21957,0.1898999309718195,7,8,7,543027,62583,85253,22703,0.5797083997184038,0.26619843819618694
21958,0.1899024262622882,0,1,0,543028,62582,85253,22703,0.5796991366853163,0.26620155947704754
21959,0.1899027121760211,1,0,1,543028,62582,85254,22702,0.5796991366853163,0.26619295530228415
21960,0.189902958991041,13,37,13,543065,62545,85267,22689,0.5793564044610767,0.26619658821597014
21961,0.1899295413093635,0,2,0,543067,62543,85267,22689,0.5793378783949016,0.2662028346161066
21962,0.1899296194440111,1,5,1,543072,62538,85268,22688,0.5792915632294638,0.26620984206697484
21963,0.1899326460361776,4,8,4,543080,62530,85272,22684,0.5792174589647634,0.2662003896073415
21964,0.1899371274782715,0,1,0,543081,62529,85272,22684,0.5792081959316758,0.2662035135484022
21965,0.1899393840100408,2,5,2,543086,62524,85274,22682,0.5791618807662381,0.2662019106635683
21966,0.1899503856773284,2,6,2,543092,62518,85276,22680,0.5791063025677128,0.26620343200544616
21967,0.1899520546308453,0,1,0,543093,62517,85276,22680,0.5790970395346252,0.26620655656889325
21968,0.1899533723903348,41,128,41,543221,62389,85317,22639,0.5779113712994183,0.26625346944535916
21969,0.1899550948364691,3,2,3,543223,62387,85320,22636,0.5778928452332431,0.2662338426072945
21970,0.1899575522665188,13,70,13,543293,62317,85333,22623,0.5772444329171144,0.2663409465505062
21971,0.1899589406914222,5,2,5,543295,62315,85338,22618,0.5772259068509392,0.26630402788080015
21972,0.1899638217148077,0,1,0,543296,62314,85338,22618,0.5772166438178518,0.26630716337776106
21973,0.1899654984826474,2,9,2,543305,62305,85340,22616,0.5771332765200637,0.26631810741748213
21974,0.1899750321078972,17,72,17,543377,62233,85357,22599,0.5764663381377598,0.2663971142964919
21975,0.1899766744961262,10,10,10,543387,62223,85367,22589,0.5763737078068842,0.2663420270716408
21976,0.1899784794759178,13,17,13,543404,62206,85380,22576,0.5762162362443959,0.26628293741596093
21977,0.189982921118119,0,2,0,543406,62204,85380,22576,0.5761977101782207,0.2662892191554612
21978,0.1899839777258324,6,5,6,543411,62199,85386,22570,0.576151395012783,0.2662529934292017
21979,0.1899883469354828,7,34,7,543445,62165,85393,22563,0.5758364518878062,0.2662992163157398
21980,0.1899890915038501,69,260,69,543705,61905,85462,22494,0.573428063285042,0.2665197454946149
21981,0.18999016611705,9,43,9,543748,61862,85471,22485,0.5730297528622772,0.2665773530771693
21982,0.1899902061980583,4,4,4,543752,61858,85475,22481,0.572992700729927,0.26655521170514235
21983,0.1899981047468382,0,5,0,543757,61853,85475,22481,0.5729463855644893,0.2665710152488913
21984,0.19000224663479,2,2,2,543759,61851,85477,22479,0.5729278594983142,0.2665599430807542
21985,0.1900111318400517,3,0,3,543759,61851,85480,22476,0.5729278594983142,0.2665338503682095
21986,0.1900137781326271,5,21,5,543780,61830,85485,22471,0.5727333358034755,0.26655674309913285
21987,0.1900141578639986,26,95,26,543875,61735,85511,22445,0.5718533476601578,0.2666310287479211
21988,0.1900160595190329,6,22,6,543897,61713,85517,22439,0.5716495609322316,0.2666484456697405
21989,0.1900163469225306,1,1,1,543898,61712,85518,22438,0.5716402978991441,0.26664289958407605
21990,0.1900169503119104,3,22,3,543920,61690,85521,22435,0.5714365111712179,0.2666864784546805
21991,0.1900171232559978,1,0,1,543920,61690,85522,22434,0.5714365111712179,0.26667776139983834
21992,0.1900193894609056,2,2,2,543922,61688,85524,22432,0.5714179851050428,0.26666666666666666
21993,0.1900211995866388,3,1,3,543923,61687,85527,22429,0.5714087220719553,0.266643682533644
21994,0.1900280414577867,0,9,0,543932,61678,85527,22429,0.5713253547741672,0.26667221515450557
21995,0.1900345478467584,38,166,38,544098,61512,85565,22391,0.5697876912816333,0.26686769245438186
21996,0.1900347551576403,6,22,6,544120,61490,85571,22385,0.5695839045537071,0.26688524590163937
21997,0.1900436334610544,2,7,2,544127,61483,85573,22383,0.5695190633220942,0.2668900388715332
21998,0.1900445038200396,0,2,0,544129,61481,85573,22383,0.5695005372559191,0.2668964037012306
21999,0.1900449525329626,9,22,9,544151,61459,85582,22374,0.5692967505279929,0.2668877411043384
22000,0.1900450232426372,34,112,34,544263,61347,85616,22340,0.5682592908221868,0.2669470766068804
22001,0.1900491324091466,4,13,4,544276,61334,85620,22336,0.5681388713920487,0.26695350782837335
22002,0.1900515039681268,15,15,15,544291,61319,85635,22321,0.5679999258957353,0.26686991869918697
22003,0.1900525937692787,6,15,6,544306,61304,85641,22315,0.567860980399422,0.2668651861419056
22004,0.1900547537551815,1,2,1,544308,61302,85642,22314,0.5678424543332469,0.2668628013777268
22005,0.1900555742371782,0,1,0,544309,61301,85642,22314,0.5678331913001593,0.2668659929438498
22006,0.1900577599464687,0,2,0,544311,61299,85642,22314,0.5678146652339842,0.26687237630512
22007,0.1900583839109185,0,2,0,544313,61297,85642,22314,0.5677961391678091,0.26687875997177407
22008,0.190075660642873,5,10,5,544323,61287,85647,22309,0.5677035088369335,0.2668668357337672
22009,0.1900816074565404,2,10,2,544333,61277,85649,22307,0.5676108785060581,0.2668812212863706
22010,0.1900828009130947,32,96,32,544429,61181,85681,22275,0.5667216273296528,0.26690711273006135
22011,0.1900849682089963,1,5,1,544434,61176,85682,22274,0.5666753121642151,0.2669143199520671
22012,0.1900899748041194,13,22,13,544456,61154,85695,22261,0.5664715254362889,0.26687046694239647
22013,0.1900961598473411,8,8,8,544464,61146,85703,22253,0.5663974211715884,0.26682574131584313
22014,0.1900994043795466,1,5,1,544469,61141,85704,22252,0.5663511060061507,0.2668329476095116
22015,0.1901057380066264,9,26,9,544495,61115,85713,22243,0.5661102671458742,0.266837016243192
22016,0.1901076396616607,1,4,1,544499,61111,85714,22242,0.566073215013524,0.2668410255179778
22017,0.1901080342317439,3,0,3,544499,61111,85717,22239,0.566073215013524,0.26681463707258546
22018,0.1901083645495478,8,19,8,544518,61092,85725,22231,0.5658972173848605,0.266805083830395
22019,0.1901128525665505,3,16,3,544534,61076,85728,22228,0.5657490088554596,0.2668299241332949
22020,0.1901163297259447,0,1,0,544535,61075,85728,22228,0.5657397458223721,0.26683312725832203
22021,0.1901209166577613,1,2,1,544537,61073,85729,22227,0.5657212197561969,0.26683073229291715
22022,0.1901221468525248,1,0,1,544537,61073,85730,22226,0.5657212197561969,0.2668219306354218
22023,0.1901230712910263,2,12,2,544549,61061,85732,22224,0.5656100633591463,0.2668427688059074
22024,0.1901263607875807,0,1,0,544550,61060,85732,22224,0.5656008003260588,0.266845972815907
22025,0.1901345545548353,2,4,2,544554,61056,85734,22222,0.5655637481937086,0.26684118254521
22026,0.1901398157699178,1,1,1,544555,61055,85735,22221,0.565554485160621,0.26683558288102216
22027,0.1901404240628294,1,4,1,544559,61051,85736,22220,0.5655174330282707,0.2668395960178213
22028,0.1901441190096107,2,5,2,544564,61046,85738,22218,0.565471117862833,0.2668380092236741
22029,0.1901474489080763,8,44,8,544608,61002,85746,22210,0.5650635444069806,0.26690861894919005
22030,0.190149486092107,9,26,9,544634,60976,85755,22201,0.5648227055467042,0.26691272827825
22031,0.190150630237008,7,34,7,544668,60942,85762,22194,0.5645077624217274,0.26696016166281755
22032,0.1901577687549006,4,11,4,544679,60931,85766,22190,0.5644058690577642,0.26696021462686925
22033,0.1901596669589504,6,7,6,544686,60924,85772,22184,0.5643410278261514,0.2669297781200366
22034,0.1901611007964369,4,9,4,544695,60915,85776,22180,0.5642576605283635,0.26692340092665023
22035,0.1901619191908601,12,20,12,544715,60895,85788,22168,0.5640723998666123,0.26688176444385586
22036,0.1901636684873108,2,0,2,544715,60895,85790,22166,0.5640723998666123,0.26686411191774717
22037,0.1901637050539136,52,265,52,544980,60630,85842,22114,0.5616176960984105,0.26725804892197624
22038,0.1901640242482289,2,4,2,544984,60626,85844,22112,0.5615806439660602,0.26725325726993643
22039,0.1901672407855008,0,3,0,544987,60623,85844,22112,0.5615528548667976,0.26726294796639877
22040,0.190167651104043,3,15,3,545002,60608,85847,22109,0.5614139093704843,0.2672848386667795
22041,0.1901828297567555,3,8,3,545010,60600,85850,22106,0.5613398051057839,0.2672841148163374
22042,0.190183458465179,4,16,4,545026,60584,85854,22102,0.561191596576383,0.2673003894250538
22043,0.1901859197440689,10,41,10,545067,60543,85864,22092,0.5608118122197933,0.2673443456162643
22044,0.1901859741333674,2,1,2,545068,60542,85866,22090,0.5608025491867057,0.26732984800077453
22045,0.1901874473502615,33,140,33,545208,60402,85899,22057,0.5595057245544481,0.26749051043548916
22046,0.1901934768470621,1,13,1,545221,60389,85900,22056,0.55938530512431,0.2675238037479532
22047,0.1901953302564996,16,29,16,545250,60360,85916,22040,0.5591166771647709,0.2674757281553398
22048,0.1902020508454,0,1,0,545251,60359,85916,22040,0.5591074141316833,0.2674789742593964
22049,0.1902090872159472,18,44,18,545295,60315,85934,22022,0.5586998406758309,0.26746177295747964
22050,0.1902099811352033,0,1,0,545296,60314,85934,22022,0.5586905776427433,0.2674650213758259
22051,0.1902134617091392,1,2,1,545298,60312,85935,22021,0.5586720515765682,0.2674626213061591
22052,0.1902158514186324,9,30,9,545328,60282,85944,22012,0.5583941605839416,0.2674800106933677
22053,0.190217325789419,7,18,7,545346,60264,85951,22005,0.5582274259883656,0.26747620610436496
22054,0.1902185413776964,1,6,1,545352,60258,85952,22004,0.5581718477898403,0.26748681043495176
22055,0.1902237900484207,0,1,0,545353,60257,85952,22004,0.5581625847567527,0.26749006211935183
22056,0.1902259734673557,37,169,37,545522,60088,85989,21967,0.5565971321649561,0.26771068185972824
22057,0.190226603156892,1,2,1,545524,60086,85990,21966,0.556578606098781,0.26770828255252765
22058,0.1902295165849116,0,1,0,545525,60085,85990,21966,0.5565693430656934,0.2677115452584368
22059,0.1902323932985318,2,1,2,545526,60084,85992,21964,0.5565600800326059,0.26769695787831516
22060,0.1902373144265322,1,1,1,545527,60083,85993,21963,0.5565508169995184,0.2676912951271238
22061,0.1902379112075906,2,7,2,545534,60076,85995,21961,0.5564859757679055,0.2676962833843266
22062,0.1902407870361296,1,2,1,545536,60074,85996,21960,0.5564674497017303,0.26769388302411196
22063,0.1902410662347348,0,4,0,545540,60070,85996,21960,0.5564303975693801,0.2677069364866512
22064,0.1902437693097251,5,13,5,545553,60057,86001,21955,0.5563099781392419,0.2677047261376384
22065,0.190246937159878,1,1,1,545554,60056,86002,21954,0.5563007151061543,0.26769906109011093
22066,0.1902479823144315,6,10,6,545564,60046,86008,21948,0.5562080847752788,0.2676781227894724
22067,0.1902482328239253,36,116,36,545680,59930,86044,21912,0.5551335729371225,0.26773539258571394
22068,0.1902492555126794,35,135,35,545815,59795,86079,21877,0.5538830634703027,0.26786413948476834
22069,0.1902526179490691,1,1,1,545816,59794,86080,21876,0.5538738004372151,0.2678584547569487
22070,0.1902541038952596,0,1,0,545817,59793,86080,21876,0.5538645374041276,0.26786173456268597
22071,0.1902557966254116,6,14,6,545831,59779,86086,21870,0.5537348549409018,0.26785386226408164
22072,0.1902566344787022,1,7,1,545838,59772,86087,21869,0.5536700137092889,0.2678678605112627
22073,0.1902569444897202,49,99,49,545937,59673,86136,21820,0.5527529734336211,0.2677530585449057
22074,0.190257012213689,1,2,1,545939,59671,86137,21819,0.552734447367446,0.26775064425082834
22075,0.1902589775966097,2,2,2,545941,59669,86139,21817,0.5527159213012709,0.26773924355103945
22076,0.1902607243075578,29,73,29,546014,59596,86168,21788,0.5520397198858794,0.26771847046102426
22077,0.190263159580413,0,3,0,546017,59593,86168,21788,0.5520119307866168,0.26772833953871294
22078,0.1902701692349545,0,3,0,546020,59590,86168,21788,0.5519841416873541,0.26773820934404874
22079,0.1902734137671599,0,2,0,546022,59588,86168,21788,0.551965615621179,0.26774478961856074
22080,0.190277708420981,8,18,8,546040,59570,86176,21780,0.551798881025603,0.2677320221266134
22081,0.1902790274928893,12,22,12,546062,59548,86188,21768,0.5515950942976768,0.26769639431354225
22082,0.1902792578721223,1,3,1,546065,59545,86189,21767,0.5515673051984141,0.26769726485635575
22083,0.1902808754070095,13,44,13,546109,59501,86202,21754,0.5511597317425618,0.26772506307304167
22084,0.1902827170531357,0,2,0,546111,59499,86202,21754,0.5511412056763867,0.2677316529851205
22085,0.1902847724196063,2,5,2,546116,59494,86204,21752,0.551094890510949,0.2677301036358713
22086,0.1902936574547601,19,52,19,546168,59442,86223,21733,0.5506132127903961,0.2677302125038497
22087,0.1902956689988836,4,14,4,546182,59428,86227,21729,0.5504835303271703,0.26774030582697733
22088,0.190297195454925,0,2,0,546184,59426,86227,21729,0.5504650042609952,0.26774690407245394
22089,0.1903006673585749,1,2,1,546186,59424,86228,21728,0.5504464781948201,0.26774447949526814
22090,0.1903051437504455,0,3,0,546189,59421,86228,21728,0.5504186890955575,0.2677543777495718
22091,0.1903085639424487,0,2,0,546191,59419,86228,21728,0.5504001630293823,0.2677609769923719
22092,0.1903100409863432,34,87,34,546278,59332,86262,21694,0.5495942791507651,0.26774121886801766
22093,0.1903228957526189,1,1,1,546279,59331,86263,21693,0.5495850161176776,0.2677354857819905
22094,0.1903247738136335,4,18,4,546297,59313,86267,21689,0.5494182815221016,0.2677588207698575
22095,0.1903291568907232,9,29,9,546326,59284,86276,21680,0.5491496535625625,0.26777333135714637
22096,0.190339812966553,8,18,8,546344,59266,86284,21672,0.5489829189669866,0.26776050804319357
22097,0.1903408356553072,13,41,13,546385,59225,86297,21659,0.5486031346103968,0.2677785470550418
22098,0.1903416604916563,1,1,1,546386,59224,86298,21658,0.5485938715773093,0.26777280482678467
22099,0.1903504958747486,0,8,0,546394,59216,86298,21658,0.5485197673126089,0.26779929272695796
22100,0.1903528908091608,11,18,11,546412,59198,86309,21647,0.5483530327170328,0.2677592924732513
22101,0.1903549283549866,14,23,14,546435,59175,86323,21633,0.5481399829560191,0.2677086427086427
22102,0.1903610985898164,1,1,1,546436,59174,86324,21632,0.5481307199229316,0.26770289334950376
22103,0.1903663412002794,5,19,5,546455,59155,86329,21627,0.547954722294268,0.26772053180163896
22104,0.1903741630016525,7,26,7,546481,59129,86336,21620,0.5477138834339916,0.2677432537864246
22105,0.1903743163087373,1,1,1,546482,59128,86337,21619,0.5477046204009041,0.2677375010836316
22106,0.1903843631989886,2,4,2,546486,59124,86339,21617,0.5476675682685539,0.267732626546612
22107,0.1903959941507867,10,32,10,546518,59092,86349,21607,0.5473711512097521,0.26774805140088476
22108,0.1903969862146365,1,5,1,546523,59087,86350,21606,0.5473248360443144,0.26775556739741985
22109,0.190397155024649,4,4,4,546527,59083,86354,21602,0.5472877839119641,0.26773254012517816
22110,0.1903990784011467,1,3,1,546530,59080,86355,21601,0.5472599948127015,0.2677334192684771
22111,0.1904005618327904,2,6,2,546536,59074,86357,21599,0.5472044166141762,0.2677351778166177
22112,0.190401621128971,5,36,5,546572,59038,86362,21594,0.5468709474230242,0.26780930647881734
22113,0.1904059644617236,8,14,8,546586,59024,86370,21586,0.5467412649597985,0.26778315345490633
22114,0.1904066088574219,1,4,1,546590,59020,86371,21585,0.5467042128274482,0.26778735810433596
22115,0.1904131326518439,46,151,46,546741,58869,86417,21539,0.5453054948312276,0.2678713560839717
22116,0.1904208092789384,2,5,2,546746,58864,86419,21537,0.5452591796657897,0.26786980261439536
22117,0.1904227576788999,1,6,1,546752,58858,86420,21536,0.5452036014672644,0.2678806876135035
22118,0.1904228340349812,1,1,1,546753,58857,86421,21535,0.5451943384341769,0.2678749129266594
22119,0.1904243820658626,4,14,4,546767,58843,86425,21531,0.5450646559709511,0.267885136984597
22120,0.1904255518311805,0,3,0,546770,58840,86425,21531,0.5450368668716885,0.2678951363053838
22121,0.1904363766532371,0,1,0,546771,58839,86425,21531,0.5450276038386009,0.26789846957820085
22122,0.1904415228650028,22,101,22,546872,58738,86447,21509,0.5440920374967579,0.2680349421162162
22123,0.1904450796934144,3,3,3,546875,58735,86450,21506,0.5440642483974952,0.2680175969890704
22124,0.190452149928155,48,135,48,547010,58600,86498,21458,0.5428137389306754,0.268030677758625
22125,0.1904526787324442,1,1,1,547011,58599,86499,21457,0.542804475897588,0.2680248825821925
22126,0.1904533828204579,0,1,0,547012,58598,86499,21457,0.5427952128645004,0.26802823059146835
22127,0.1904579213429072,1,3,1,547015,58595,86500,21456,0.5427674237652377,0.2680291314287142
22128,0.190469678386497,0,5,0,547020,58590,86500,21456,0.5427211085997999,0.26804587362266696
22129,0.1904711927340862,0,2,0,547022,58588,86500,21456,0.5427025825336248,0.26805257108590275
22130,0.1904712048425383,0,1,0,547023,58587,86500,21456,0.5426933195005372,0.26805591994303063
22131,0.1904739181255077,49,110,49,547133,58477,86549,21407,0.5416743858609063,0.26797606529467727
22132,0.1904739973070766,6,20,6,547153,58457,86555,21401,0.5414891251991553,0.2679881790177565
22133,0.1904742077720117,2,5,2,547158,58452,86557,21399,0.5414428100337174,0.2679866250892287
22134,0.1904791690467226,7,14,7,547172,58438,86564,21392,0.5413131275704917,0.2679694350494801
22135,0.1904843464486237,52,142,52,547314,58296,86616,21340,0.539997776872059,0.2679692601336079
22136,0.1904857487038845,3,8,3,547322,58288,86619,21337,0.5399236726073585,0.2679686028257457
22137,0.1904946659419647,0,1,0,547323,58287,86619,21337,0.539914409574271,0.2679719682507787
22138,0.1904991977704019,2,2,2,547325,58285,86621,21335,0.5398958835080959,0.26796031147952776
22139,0.1904997677733536,17,28,17,547353,58257,86638,21318,0.5396365185816444,0.26789820923656926
22140,0.1905021225987627,14,24,14,547377,58233,86652,21304,0.5394142057875431,0.267850182933729
22141,0.1905033937225635,2,9,2,547386,58224,86654,21302,0.539330838489755,0.2678620828408319
22142,0.1905047127944716,13,29,13,547415,58195,86667,21289,0.539062210530216,0.2678400684414473
22143,0.1905134475789111,1,3,1,547418,58192,86668,21288,0.5390344214309534,0.2678409662808254
22144,0.1905181669870408,7,1,7,547419,58191,86675,21281,0.5390251583978658,0.2677798469901349
22145,0.19052191816741,1,3,1,547422,58188,86676,21280,0.5389973692986031,0.26778074193386014
22146,0.1905269001967742,2,6,2,547428,58182,86678,21278,0.5389417911000778,0.2677825320916184
22147,0.1905294615093856,2,1,2,547429,58181,86680,21276,0.5389325280669902,0.2677674717142605
22148,0.1905326185245463,0,2,0,547431,58179,86680,21276,0.5389140020008152,0.2677742118180102
22149,0.1905410781378061,11,18,11,547449,58161,86691,21265,0.5387472674052391,0.26773348777478406
22150,0.1905481723892659,3,5,3,547454,58156,86694,21262,0.5387009522398014,0.2677226825152988
22151,0.1905506984081698,5,15,5,547469,58141,86699,21257,0.5385620067434881,0.26772714677951587
22152,0.1905523999607033,6,16,6,547485,58125,86705,21251,0.5384137982140872,0.2677257609352953
22153,0.1905654982681355,11,19,11,547504,58106,86716,21240,0.5382378005854237,0.2676883522798881
22154,0.1905711644122624,0,1,0,547505,58105,86716,21240,0.5382285375523361,0.2676917260066797
22155,0.1905726798353186,5,4,5,547509,58101,86721,21235,0.538191485419986,0.26765907028335184
22156,0.1905742194952568,89,289,89,547798,57812,86810,21146,0.5355144688576827,0.2678132678132678
22157,0.1905847402929305,12,7,12,547805,57805,86822,21134,0.5354496276260698,0.2677257122588328
22158,0.1905886033684293,1,4,1,547809,57801,86823,21133,0.5354125754937197,0.2677300022803861
22159,0.1905913479159814,2,2,2,547811,57799,86825,21131,0.5353940494275445,0.26771823134422906
22160,0.1905962541651056,7,16,7,547827,57783,86832,21124,0.5352458408981436,0.26770755446284866
22161,0.1905983914534759,1,6,1,547833,57777,86833,21123,0.5351902626996183,0.2677186311787072
22162,0.1906007393921291,0,2,0,547835,57775,86833,21123,0.5351717366334433,0.26772541762782326
22163,0.1906024131122722,3,9,3,547844,57766,86836,21120,0.5350883693356553,0.26772811398727275
22164,0.1906063312161828,0,2,0,547846,57764,86836,21120,0.5350698432694801,0.2677349018812433
22165,0.1906065293300188,29,117,29,547963,57647,86865,21091,0.5339860683982364,0.26786303944728085
22166,0.1906089074617195,2,15,2,547978,57632,86867,21089,0.533847122901923,0.2678954789700334
22167,0.1906216794523691,14,34,14,548012,57598,86881,21075,0.5335321797769461,0.267880975684161
22168,0.190626170045388,1,8,1,548020,57590,86882,21074,0.5334580755122458,0.26789891182751957
22169,0.1906308939634722,10,45,10,548065,57545,86892,21064,0.5330412390233058,0.2679591395387297
22170,0.1906343266387694,4,8,4,548073,57537,86896,21060,0.5329671347586054,0.2679491583648231
22171,0.1906359665686555,2,5,2,548078,57532,86898,21058,0.5329208195931676,0.2679475760274844
22172,0.1906373446908972,23,72,23,548150,57460,86921,21035,0.5322538812108637,0.2679788521561883
22173,0.1906494878314164,7,30,7,548180,57430,86928,21028,0.531975990218237,0.26801600856509217
22174,0.1906496684491885,2,4,2,548184,57426,86930,21026,0.5319389380858869,0.26801101310355374
22175,0.1906517791472229,0,2,0,548186,57424,86930,21026,0.5319204120197117,0.2680178457616316
22176,0.1906519839256344,37,97,37,548283,57327,86967,20989,0.531021897810219,0.2680039838602584
22177,0.1906536729550751,0,3,0,548286,57324,86967,20989,0.5309941087109563,0.26801425050757854
22178,0.1906597580914978,0,1,0,548287,57323,86967,20989,0.5309848456778687,0.268017672898151
22179,0.1906624460134459,0,7,0,548294,57316,86967,20989,0.5309200044462559,0.2680416320796884
22180,0.1906705428741643,0,5,0,548299,57311,86967,20989,0.5308736892808181,0.26805874840357596
22181,0.1906705946673199,9,9,9,548308,57302,86976,20980,0.5307903219830301,0.2680054163153726
22182,0.190674148634598,0,2,0,548310,57300,86976,20980,0.530771795916855,0.2680122636688809
22183,0.1906755978249295,58,153,58,548463,57147,87034,20922,0.5293545518544592,0.26799369788264227
22184,0.1906761319863761,0,2,0,548465,57145,87034,20922,0.5293360257882841,0.26800056361843033
22185,0.1906775037681697,0,2,0,548467,57143,87034,20922,0.529317499722109,0.2680074297060142
22186,0.1906925877816183,3,5,3,548472,57138,87037,20919,0.5292711845566712,0.2679964641223721
22187,0.1906939993693014,0,2,0,548474,57136,87037,20919,0.5292526584904961,0.2680033309845622
22188,0.1906945646417601,2,3,2,548477,57133,87039,20917,0.5292248693912335,0.26799487508007686
22189,0.1906947554532627,3,2,3,548479,57131,87042,20914,0.5292063433250583,0.2679736049714908
22190,0.1907080722670033,10,61,10,548540,57070,87052,20904,0.5286412983067176,0.26808936312104037
22191,0.190710522909423,50,124,50,548664,56946,87102,20854,0.5274926822038608,0.26804627249357327
22192,0.190711380271063,1,5,1,548669,56941,87103,20853,0.5274463670384231,0.2680540915751857
22193,0.1907177358177394,0,2,0,548671,56939,87103,20853,0.5274278409722479,0.26806098313451254
22194,0.1907181500264722,1,2,1,548673,56937,87104,20852,0.5274093149060728,0.2680584658499274
22195,0.1907264093483166,0,3,0,548676,56934,87104,20852,0.5273815258068102,0.26806880415498935
22196,0.1907360919526673,0,8,0,548684,56926,87104,20852,0.5273074215421097,0.26809637686749466
22197,0.1907382016812106,15,39,15,548723,56887,87119,20837,0.5269461632516952,0.2680896505583861
22198,0.1907387045138896,2,6,2,548729,56881,87121,20835,0.5268905850531698,0.26809151268722015
22199,0.1907433592898506,2,1,2,548730,56880,87123,20833,0.5268813220200823,0.26807612625944177
22200,0.1907466450847272,2,1,2,548731,56879,87125,20831,0.5268720589869947,0.2680607386436752
22201,0.1907491522396356,1,4,1,548735,56875,87126,20830,0.5268350068546445,0.26806511807476996
22202,0.1907536009812194,52,222,52,548957,56653,87178,20778,0.5247786135092074,0.2683421368702458
22203,0.1907554120048373,9,7,9,548964,56646,87187,20769,0.5247137722775945,0.26828134082542143
22204,0.1907587496805439,2,5,2,548969,56641,87189,20767,0.5246674571121568,0.26827976436544027
22205,0.1907600104172143,1,0,1,548969,56641,87190,20766,0.5246674571121568,0.2682703114705388
22206,0.1907700386482842,47,180,47,549149,56461,87237,20719,0.523000111156397,0.2684503757450117
22207,0.1907741514482761,1,4,1,549153,56457,87238,20718,0.5229630590240468,0.2684548104956268
22208,0.1907758570336976,3,1,3,549154,56456,87241,20715,0.5229537959909593,0.26842985059154345
22209,0.1907765800611355,0,3,0,549157,56453,87241,20715,0.5229260068916967,0.26844028612896537
22210,0.1907805387176321,2,8,2,549165,56445,87243,20713,0.5228519026269962,0.2684491562767309
22211,0.1907829144044906,14,34,14,549199,56411,87257,20699,0.5225369595020194,0.2684347036700817
22212,0.1907845445035405,1,3,1,549202,56408,87258,20698,0.5225091704027567,0.26843566000051877
22213,0.1907879535085075,0,7,0,549209,56401,87258,20698,0.5224443291711438,0.2684600319070286
22214,0.1907922833631278,0,8,0,549217,56393,87258,20698,0.5223702249064434,0.26848789093409087
22215,0.1907953883470602,4,17,4,549234,56376,87262,20694,0.5222127533439549,0.2685091475282211
22216,0.1908017632523503,2,6,2,549240,56370,87264,20692,0.5221571751454296,0.26851106900936905
22217,0.1908029604136908,1,0,1,549240,56370,87265,20691,0.5221571751454296,0.26850157667302527
22218,0.1908039212765806,0,1,0,549241,56369,87265,20691,0.522147912112342,0.26850506099143523
22219,0.1908049033510856,4,9,4,549250,56360,87269,20687,0.5220645448145541,0.26849844899866315
22220,0.1908055826086189,3,4,3,549254,56356,87272,20684,0.5220274926822038,0.26848390446521286
22221,0.1908060310051239,1,5,1,549259,56351,87273,20683,0.5219811775167661,0.26849183477425553
22222,0.1908085094842768,43,197,43,549456,56154,87316,20640,0.520156359998518,0.268770997734198
22223,0.1908088027811235,40,209,40,549665,55945,87356,20600,0.5182203860832191,0.2691227382585407
22224,0.1908117403666072,27,70,27,549735,55875,87383,20573,0.5175719737670903,0.2691110297195479
22225,0.1908133649705808,8,14,8,549749,55861,87391,20565,0.5174422913038645,0.26908381964253003
22226,0.1908243021113055,0,2,0,549751,55859,87391,20565,0.5174237652376894,0.2690908615094735
22227,0.1908286058702838,3,7,3,549758,55852,87394,20562,0.5173589240060765,0.2690868165519407
22228,0.1908537930465898,0,4,0,549762,55848,87394,20562,0.5173218718737264,0.26910090302316453
22229,0.1908632602918384,32,120,32,549882,55728,87426,20530,0.5162103079032199,0.26921765585250074
22230,0.1908682511719325,0,1,0,549883,55727,87426,20530,0.5162010448701323,0.26922118625175395
22231,0.1908744945471184,1,7,1,549890,55720,87427,20529,0.5161362036385194,0.2692363178533489
22232,0.1908757228348511,1,12,1,549902,55708,87428,20528,0.5160250472414687,0.2692691117057558
22233,0.1908785753360813,0,2,0,549904,55706,87428,20528,0.5160065211752937,0.26927617598446885
22234,0.1908800691034521,21,78,21,549982,55628,87449,20507,0.5152840045944644,0.26935049582977605
22235,0.1908805455255376,3,28,3,550010,55600,87452,20504,0.5150246396680129,0.26942079259960056
22236,0.1908854548157786,13,52,13,550062,55548,87465,20491,0.5145429619474601,0.2694801351937821
22237,0.1908980907537697,65,253,65,550315,55295,87530,20426,0.5121994145763089,0.269753436959364
22238,0.190901283126512,59,114,59,550429,55181,87589,20367,0.5111434288043277,0.269590194313549
22239,0.1909024586887957,4,15,4,550444,55166,87593,20363,0.5110044833080144,0.2696050523639926
22240,0.1909045491234454,37,134,37,550578,55032,87630,20326,0.5097632368742822,0.2697258419809443
22241,0.1909049451132086,2,2,2,550580,55030,87632,20324,0.509744710808107,0.2697136183878759
22242,0.1909106224779776,1,2,1,550582,55028,87633,20323,0.5097261847419319,0.2697110854534114
22243,0.190911780466031,6,26,6,550608,55002,87639,20317,0.5094853458816555,0.26974601362206085
22244,0.1909161896492052,0,2,0,550610,55000,87639,20317,0.5094668198154804,0.2697531765736819
22245,0.1909175001665503,1,2,1,550612,54998,87640,20316,0.5094482937493052,0.2697506439705765
22246,0.1909216223705031,0,2,0,550614,54996,87640,20316,0.5094297676831302,0.2697578075207138
22247,0.1909216936871274,1,0,1,550614,54996,87641,20315,0.5094297676831302,0.2697481111656996
22248,0.1909241541497968,2,13,2,550627,54983,87643,20313,0.509309348252992,0.2697752868678283
22249,0.1909264446139803,1,1,1,550628,54982,87644,20312,0.5093000852199044,0.2697691715143305
22250,0.1909274389858112,1,12,1,550640,54970,87645,20311,0.5091889288228537,0.2698024733996626
22251,0.1909275123457371,1,0,1,550640,54970,87646,20310,0.5091889288228537,0.26979277364505844
22252,0.1909315531693754,0,1,0,550641,54969,87646,20310,0.5091796657897663,0.2697963575499143
22253,0.1909353606488491,2,1,2,550642,54968,87648,20308,0.5091704027566787,0.26978054094266435
22254,0.1909376761252949,64,138,64,550780,54830,87712,20244,0.5078921041905962,0.2696539414444415
22255,0.1909380546539678,0,6,0,550786,54824,87712,20244,0.5078365259920709,0.2696754942185752
22256,0.19094128702465,0,5,0,550791,54819,87712,20244,0.5077902108266331,0.2696934574957036
22257,0.1909415488034841,2,11,2,550802,54808,87714,20242,0.50768831746267,0.2697135243171219
22258,0.1909447977189184,0,8,0,550810,54800,87714,20242,0.5076142131979695,0.2697422776578449
22259,0.1909455316801589,3,4,3,550814,54796,87717,20239,0.5075771610656193,0.2697274605184247
22260,0.1909455785531541,4,6,4,550820,54790,87721,20235,0.507521582867094,0.26971009663445517
22261,0.19094640820245,4,3,4,550823,54787,87725,20231,0.5074937937678313,0.2696819430003466
22262,0.1909464631444711,0,1,0,550824,54786,87725,20231,0.5074845307347438,0.26968553794473255
22263,0.190946791543655,24,26,24,550850,54760,87749,20207,0.5072436918744674,0.2695452665839636
22264,0.1909485367269449,0,1,0,550851,54759,87749,20207,0.5072344288413798,0.26954886215084173
22265,0.1909532841396919,1,3,1,550854,54756,87750,20206,0.5072066397421171,0.26954990528534456
22266,0.1909533338444909,3,10,3,550864,54746,87753,20203,0.5071140094112416,0.26955663184298656
22267,0.1909547106750947,1,0,1,550864,54746,87754,20202,0.5071140094112416,0.2695468858408497
22268,0.1909624257566298,4,4,4,550868,54742,87758,20198,0.5070769572788913,0.2695222844942621
22269,0.1909631959678303,1,1,1,550869,54741,87759,20197,0.5070676942458039,0.26951613333689184
22270,0.1909684724911354,1,0,1,550869,54741,87760,20196,0.5070676942458039,0.2695063853637055
22271,0.190970288012709,1,1,1,550870,54740,87761,20195,0.5070584312127163,0.269500233535731
22272,0.1909725659396948,4,11,4,550881,54729,87765,20191,0.5069565378487532,0.26950080085424455
22273,0.1909761469612876,60,152,60,551033,54577,87825,20131,0.505548556819445,0.2694624404347593
22274,0.1909788237350548,4,17,4,551050,54560,87829,20127,0.5053910852569565,0.2694846492696185
22275,0.1909828121687368,10,39,10,551089,54521,87839,20117,0.505029826966542,0.2695275864840966
22276,0.1909859157569408,6,50,6,551139,54471,87845,20111,0.5045666753121643,0.2696495132873884
22277,0.190987675941146,73,248,73,551387,54223,87918,20038,0.5022694431064508,0.2698320787492762
22278,0.1909905147870559,7,31,7,551418,54192,87925,20031,0.5019822890807366,0.2698759144739501
22279,0.1909929377484158,0,2,0,551420,54190,87925,20031,0.5019637630145615,0.26988318669918215
22280,0.1909953416696505,0,1,0,551421,54189,87925,20031,0.5019544999814739,0.2698868229587712
22281,0.1909962151090836,56,148,56,551569,54041,87981,19975,0.5005835710845159,0.2698740812797233
22282,0.1910016668038229,0,1,0,551570,54040,87981,19975,0.5005743080514283,0.2698777274876714
22283,0.1910020608284694,0,10,0,551580,54030,87981,19975,0.5004816777205529,0.26991419498682523
22284,0.1910026152578971,1,2,1,551582,54028,87982,19974,0.5004631516543777,0.2699116240101619
22285,0.1910033606086588,2,8,2,551590,54020,87984,19972,0.5003890473896773,0.2699210725483836
22286,0.1910033760465469,0,2,0,551592,54018,87984,19972,0.5003705213235021,0.26992836869847275
22287,0.1910043606538586,1,0,1,551592,54018,87985,19971,0.5003705213235021,0.2699185013988566
22288,0.1910079665397143,1,5,1,551597,54013,87986,19970,0.5003242061580644,0.26992687509292673
22289,0.1910093781273975,0,2,0,551599,54011,87986,19970,0.5003056800918892,0.26993417228747923
22290,0.1910201090836926,2,6,2,551605,54005,87988,19968,0.5002501018933639,0.26993632811971935
22291,0.1910258239803114,0,7,0,551612,53998,87988,19968,0.5001852606617511,0.2699618743747127
22292,0.1910346859450762,53,134,53,551746,53864,88041,19915,0.4989440142280188,0.2699277572208894
22293,0.1910372696794518,4,8,4,551754,53856,88045,19911,0.49886990996331837,0.26991744275895724
22294,0.1910383716862828,4,8,4,551762,53848,88049,19907,0.498795805698618,0.269907124940682
22295,0.1910448463230067,1,2,1,551764,53846,88050,19906,0.49877727963244284,0.2699045449614926
22296,0.1910490143249475,0,3,0,551767,53843,88050,19906,0.4987494905331802,0.2699155242782953
22297,0.191053417629397,1,5,1,551772,53838,88051,19905,0.4987031753677424,0.26992392498271023
22298,0.1910540784910655,5,7,5,551779,53831,88056,19900,0.4986383341361295,0.26990004204473017
22299,0.191054554913151,4,13,4,551792,53818,88060,19896,0.4985179147059913,0.26990802289931354
22300,0.1910570811880091,63,221,63,552013,53597,88123,19833,0.49647078439364184,0.27009396704344274
22301,0.1910623135704386,2,7,2,552020,53590,88125,19831,0.49640594316202896,0.27009983519701447
22302,0.1910633801785726,4,13,4,552033,53577,88129,19827,0.4962855237318908,0.27010789602746443
22303,0.1910655337429432,84,294,84,552327,53283,88213,19743,0.49356219200414986,0.27035576370059977
22304,0.1910730702376544,1,2,1,552329,53281,88214,19742,0.4935436659379747,0.2703531763964778
22305,0.1910785585110587,5,13,5,552342,53268,88219,19737,0.49342324650783653,0.270351345798233
22306,0.1910853368321035,7,10,7,552352,53258,88226,19730,0.493330616176961,0.27031840850550776
22307,0.1910861695867502,0,2,0,552354,53256,88226,19730,0.49331209011078586,0.2703258159099005
22308,0.1910870822280649,0,2,0,552356,53254,88226,19730,0.4932935640446108,0.27033322372026747
22309,0.1910879384076059,0,2,0,552358,53252,88226,19730,0.49327503797843564,0.27034063193664193
22310,0.1910906872288551,2,6,2,552364,53246,88228,19728,0.49321945977991033,0.2703428618412037
22311,0.1910936409710972,1,2,1,552366,53244,88229,19727,0.49320093371373525,0.270340272162914
22312,0.1910957030747407,2,3,2,552369,53241,88231,19725,0.49317314461447254,0.2703313872214456
22313,0.1910969600809411,4,18,4,552387,53223,88235,19721,0.4930064100188966,0.2703580829129195
22314,0.1910981635374101,1,2,1,552389,53221,88236,19720,0.4929878839527215,0.2703554927955471
22315,0.1911113535014511,3,3,3,552392,53218,88239,19717,0.4929600948534588,0.2703366010831562
22316,0.1911126159627237,0,5,0,552397,53213,88239,19717,0.492913779688021,0.27035513506101744
22317,0.1911200614450987,3,5,3,552402,53208,88242,19714,0.4928674645225833,0.2703436548641014
22318,0.1911258229367452,18,89,18,552491,53119,88260,19696,0.49204305457779096,0.2704937169539243
22319,0.1911306660474064,12,32,12,552523,53087,88272,19684,0.4917466375189892,0.2704923664646631
22320,0.191135887896504,28,81,28,552604,53006,88300,19656,0.49099633183889735,0.2705127852247392
22321,0.1911368000652718,18,71,18,552675,52935,88318,19638,0.490338656489681,0.2705965028316316
22322,0.1911372764873573,10,39,10,552714,52896,88328,19628,0.4899773981992664,0.27064144283271746
22323,0.1911438200041263,1,0,1,552714,52896,88329,19627,0.4899773981992664,0.2706313859051611
22324,0.1911458554259577,7,22,7,552736,52874,88336,19620,0.4897736114713402,0.27064308770380996
22325,0.1911528331226682,0,1,0,552737,52873,88336,19620,0.4897643484382526,0.2706468210723794
22326,0.1911534700505671,4,9,4,552746,52864,88340,19616,0.48968098114046466,0.2706401766004415
22327,0.1911576600156714,37,150,37,552896,52714,88377,19579,0.4882915261773315,0.27082843428824366
22328,0.1911585165527685,0,4,0,552900,52710,88377,19579,0.4882544740449813,0.2708434201607437
22329,0.1911586182987581,15,37,15,552937,52673,88392,19564,0.48791174182074176,0.2708307377105915
22330,0.1911612800852651,56,128,56,553065,52545,88448,19508,0.4867260735855348,0.27074514593424287
22331,0.1911643331680765,1,12,1,553077,52533,88449,19507,0.4866149171884842,0.2707801221543587
22332,0.1911646503802822,1,0,1,553077,52533,88450,19506,0.4866149171884842,0.2707699995835589
22333,0.1911725066586331,2,5,2,553082,52528,88452,19504,0.4865686020230464,0.27076854731230565
22334,0.1911780888968787,23,119,23,553201,52409,88475,19481,0.4854663010856275,0.270983446932814
22335,0.191178424648947,2,4,2,553205,52405,88477,19479,0.48542924895327727,0.2709782427243893
22336,0.1911822908401189,0,1,0,553206,52404,88477,19479,0.4854199859201897,0.2709820124368766
22337,0.1911836532202465,3,11,3,553217,52393,88480,19476,0.4853180925562266,0.27099305681169905
22338,0.1911866278460519,10,60,10,553277,52333,88490,19466,0.48476231057097335,0.2711179821445981
22339,0.1911987645916997,5,15,5,553292,52318,88495,19461,0.48462336507466003,0.27112386631187396
22340,0.1912046089800819,66,268,66,553560,52050,88561,19395,0.48214087220719554,0.271467562460634
22341,0.1912066408996215,6,7,6,553567,52043,88567,19389,0.48207603097558266,0.2714329712173816
22342,0.1912212993744804,0,3,0,553570,52040,88567,19389,0.48204824187632,0.27144437133377197
22343,0.1912230237125608,1,0,1,553570,52040,88568,19388,0.48204824187632,0.2714341714733718
22344,0.1912244013930612,0,2,0,553572,52038,88568,19388,0.48202971581014487,0.27144177190378854
22345,0.1912312238798195,1,7,1,553579,52031,88569,19387,0.481964874578532,0.2714581758100199
22346,0.1912355546968745,6,7,6,553586,52024,88575,19381,0.4819000333469191,0.27142356977802673
22347,0.1912373895661859,1,2,1,553588,52022,88576,19380,0.481881507280744,0.27142096860031933
22348,0.1912374355685855,4,4,4,553592,52018,88580,19376,0.4818444551483938,0.2713953553519904
22349,0.1912395431305565,11,21,11,553613,51997,88591,19365,0.48164993145355517,0.27136291023233655
22350,0.1912448441163862,4,13,4,553626,51984,88595,19361,0.48152951202341693,0.27137150466045273
22351,0.1912479777321932,1,1,1,553627,51983,88596,19360,0.4815202489903294,0.27136509538427034
22352,0.1912486643829072,32,168,32,553795,51815,88628,19328,0.4799640594316203,0.27167816932094513
22353,0.1912527677694751,1,0,1,553795,51815,88629,19327,0.4799640594316203,0.2716679317421495
22354,0.1912593462197168,1,3,1,553798,51812,88630,19326,0.47993627033235764,0.27166915010261744
22355,0.1912687126025869,7,18,7,553816,51794,88637,19319,0.47976953573678166,0.27166622136599494
22356,0.1912696947158121,3,5,3,553821,51789,88640,19316,0.47972322057134387,0.27165459531678504
22357,0.1912725575711788,0,1,0,553822,51788,88640,19316,0.47971395753825635,0.2716584158415842
22358,0.1912852074596064,5,5,5,553827,51783,88645,19311,0.47966764237281856,0.27162629757785467
22359,0.1912872066737142,7,29,7,553856,51754,88652,19304,0.4793990144132795,0.27166540009569645
22360,0.1912881649568009,3,8,3,553864,51746,88655,19301,0.47932491014857903,0.27166523568905093
22361,0.1912906902185046,0,1,0,553865,51745,88655,19301,0.4793156471154915,0.27166905948258874
22362,0.1912982210422493,0,2,0,553867,51743,88655,19301,0.4792971210493164,0.27167670739260175
22363,0.1912995195826047,10,32,10,553899,51711,88665,19291,0.47900070399051464,0.2716965719275513
22364,0.1912998792050146,4,8,4,553907,51703,88669,19287,0.4789265997258142,0.2716861529792929
22365,0.1913012945150368,14,42,14,553949,51661,88683,19273,0.47853755233613693,0.27170327346547496
22366,0.1913046754350197,7,6,7,553955,51655,88690,19266,0.4784819741376116,0.27165437599582637
22367,0.1913051878077442,76,198,76,554153,51457,88766,19190,0.4766478935862759,0.2716321995272269
22368,0.1913098972841173,7,22,7,554175,51435,88773,19183,0.4764441068583497,0.27164462318389077
22369,0.1913108094528852,8,13,8,554188,51422,88781,19175,0.4763236874282115,0.2716121081632364
22370,0.1913112858749706,6,24,6,554212,51398,88787,19169,0.4761013746341102,0.2716425524678674
22371,0.1913128184961449,4,22,4,554234,51376,88791,19165,0.475897587906184,0.271685969861499
22372,0.1913158948041845,0,5,0,554239,51371,88791,19165,0.47585127274074623,0.27170522853578316
22373,0.1913219506180855,0,2,0,554241,51369,88791,19165,0.4758327466745711,0.27171293277001163
22374,0.1913270471648646,1,2,1,554243,51367,88792,19164,0.475814220608396,0.2717103117777998
22375,0.1913306398649617,9,23,9,554266,51344,88801,19155,0.4756011708473823,0.2717059816451297
22376,0.1913327676689204,2,2,2,554268,51342,88803,19153,0.47558264478120715,0.2716930278743173
22377,0.1913341556381247,21,60,21,554328,51282,88824,19132,0.4750268627959539,0.2717073309285085
22378,0.1913352894728784,3,9,3,554337,51273,88827,19129,0.47494349549816595,0.27171103093662113
22379,0.191336424259014,1,1,1,554338,51272,88828,19128,0.4749342324650784,0.2717045454545455
22380,0.1913385194800191,1,3,1,554341,51269,88829,19127,0.4749064433658157,0.27170577873742824
22381,0.191344207681605,130,505,130,554846,50764,88959,18997,0.47022861165660085,0.2723154771290549
22382,0.1913512893321375,12,9,12,554855,50755,88971,18985,0.47014524435881283,0.2722254086607399
22383,0.1913520982844921,5,16,5,554871,50739,88976,18980,0.469997035829412,0.27223568898004846
22384,0.1913524340365604,0,1,0,554872,50738,88976,18980,0.4699877727963244,0.272239593792134
22385,0.1913525705727249,2,8,2,554880,50730,88978,18978,0.469913668531624,0.27224995696333276
22386,0.1913632881376454,0,1,0,554881,50729,88978,18978,0.46990440549853646,0.2722538625962959
22387,0.191367348906518,3,10,3,554891,50719,88981,18975,0.46981177516766087,0.2722616007116825
22388,0.1913715407275401,4,25,4,554916,50694,88985,18971,0.46958019934047207,0.27231751955788414
22389,0.191372773979313,2,3,2,554919,50691,88987,18969,0.46955241024120936,0.2723083548664944
22390,0.1913767876022341,0,2,0,554921,50689,88987,18969,0.4695338841750343,0.272316173303856
22391,0.1913926188583237,45,127,45,555048,50562,89032,18924,0.4683574789729149,0.2723426301701062
22392,0.1913948764887779,0,1,0,555049,50561,89032,18924,0.46834821593982734,0.2723465496150248
22393,0.1913970457011116,3,6,3,555055,50555,89035,18921,0.46829263774130203,0.27233864931775004
22394,0.1914000916292715,43,144,43,555199,50411,89078,18878,0.4669587609766942,0.2724530589271024
22395,0.1914017232822854,1,8,1,555207,50403,89079,18877,0.46688465671199375,0.2724740184757506
22396,0.19140395912016,75,252,75,555459,50151,89154,18802,0.4645503723739301,0.272678491146143
22397,0.1914119142109436,21,83,21,555542,50068,89175,18781,0.46378154062766314,0.2727853708841087
22398,0.1914134823969378,2,14,2,555556,50054,89177,18779,0.4636518581644374,0.2728197230979327
22399,0.1914149710971502,0,2,0,555558,50052,89177,18779,0.46363333209826224,0.27282765033197254
22400,0.191417690956932,0,3,0,555561,50049,89177,18779,0.4636055429989996,0.2728395420468414
22401,0.1914203998966382,0,1,0,555562,50048,89177,18779,0.463596279965912,0.2728435061821669
22402,0.1914226737705205,4,10,4,555572,50038,89181,18775,0.4635036496350365,0.2728408876229782
22403,0.1914252560708061,1,8,1,555580,50030,89182,18774,0.46342954537033604,0.2728620429044823
22404,0.1914262165119463,0,5,0,555585,50025,89182,18774,0.4633832302048983,0.2728818732830419
22405,0.1914294258630574,1,2,1,555587,50023,89183,18773,0.46336470413872316,0.27287923716495144
22406,0.1914323262012039,8,10,8,555597,50013,89191,18765,0.46327207380784763,0.27283433656110967
22407,0.1914329851495877,5,12,5,555609,50001,89196,18760,0.463160917410797,0.2728290746207879
22408,0.1914343427936059,19,75,19,555684,49926,89215,18741,0.46246618992923044,0.2729258595832059
22409,0.191434734465787,15,37,15,555721,49889,89230,18726,0.4621234577049909,0.27291408584128835
22410,0.1914348198586984,50,126,50,555847,49763,89280,18676,0.4609563155359591,0.2728853431522962
22411,0.1914353712138314,0,2,0,555849,49761,89280,18676,0.460937789469784,0.2728933179420489
22412,0.1914355165371043,3,9,3,555858,49752,89283,18673,0.460854422171996,0.27289733284618195
22413,0.1914441664805768,0,3,0,555861,49749,89283,18673,0.46082663307273336,0.27290929817894827
22414,0.1914490845987708,1,7,1,555868,49742,89284,18672,0.4607617918411205,0.27292659397199404
22415,0.1914499803504749,0,2,0,555870,49740,89284,18672,0.46074326577494534,0.27293457288195055
22416,0.1914529048760309,0,5,0,555875,49735,89284,18672,0.46069695060950755,0.2729545221980207
22417,0.1914567646809642,3,23,3,555898,49712,89287,18669,0.46048390084849383,0.27301443383395974
22418,0.1914598110192466,0,4,0,555902,49708,89287,18669,0.4604468487161436,0.2730304049607324
22419,0.1914631208701679,2,13,2,555915,49695,89289,18667,0.4603264292860054,0.27306105731254204
22420,0.1914698566083018,5,5,5,555920,49690,89294,18662,0.46028011412056763,0.27302785580524347
22421,0.1914798559057145,0,4,0,555924,49686,89294,18662,0.4602430619882174,0.27304383449405983
22422,0.1914864189872304,3,5,3,555929,49681,89297,18659,0.46019674682277967,0.2730318993268949
22423,0.1914887373447901,1,1,1,555930,49680,89298,18658,0.4601874837896921,0.27302525681172995
22424,0.1914940458358596,1,5,1,555935,49675,89299,18657,0.4601411686242543,0.2730345957969912
22425,0.1914996985768629,6,2,6,555937,49673,89305,18651,0.4601226425580792,0.27297874831684327
22426,0.191500814473501,1,2,1,555939,49671,89306,18650,0.46010411649190414,0.27297609812502743
22427,0.1915045379478223,65,219,65,556158,49452,89371,18585,0.45807551224572973,0.2731601922483355
22428,0.1915046407517155,1,2,1,556160,49450,89372,18584,0.45805698617955465,0.27315753887762
22429,0.1915125288676324,0,1,0,556161,49449,89372,18584,0.4580477231464671,0.27316155395175873
22430,0.1915183267417071,0,1,0,556162,49448,89372,18584,0.4580384601133795,0.27316556914393225
22431,0.1915187186979422,0,1,0,556163,49447,89372,18584,0.458029197080292,0.2731695844541459
22432,0.1915200940079558,3,1,3,556164,49446,89375,18581,0.4580199340472044,0.27314154673879487
22433,0.1915211164511047,6,9,6,556173,49437,89381,18575,0.4579365667494164,0.27311356819384813
22434,0.1915222041563405,33,105,33,556278,49332,89414,18542,0.45696394827522324,0.2731826619913369
22435,0.191522680578426,9,25,9,556303,49307,89423,18533,0.4567323724480344,0.2731869103773585
22436,0.1915239063438317,1,1,1,556304,49306,89424,18532,0.4567231094149468,0.2731802234735694
22437,0.1915335057782028,18,57,18,556361,49249,89442,18514,0.4561951165289562,0.27321694730162477
22438,0.1915355246737926,6,12,6,556373,49237,89448,18508,0.4560839601319056,0.27320097424164147
22439,0.1915521758011562,1,4,1,556377,49233,89449,18507,0.4560469079995554,0.2732063773250664
22440,0.1915589441297197,0,1,0,556378,49232,89449,18507,0.4560376449664678,0.27321041054636175
22441,0.1915621989492923,9,27,9,556405,49205,89458,18498,0.4557875430731039,0.2732227523152593
22442,0.1915637002617088,2,7,2,556412,49198,89460,18496,0.455722701841491,0.2732295328980412
22443,0.1915643919104319,16,45,16,556457,49153,89476,18480,0.455305865352551,0.2732393949699111
22444,0.191566628245937,15,31,15,556488,49122,89491,18465,0.45501871132683686,0.27320342669448267
22445,0.1915675451035776,0,1,0,556489,49121,89491,18465,0.4550094482937493,0.2732074690024561
22446,0.1915741010168848,3,9,3,556498,49112,89494,18462,0.4549260809959613,0.2732115902566076
22447,0.1915746830743077,1,1,1,556499,49111,89495,18461,0.45491681796287375,0.27320487776001895
22448,0.1915768951566493,1,0,1,556499,49111,89496,18460,0.45491681796287375,0.2731941217386157
22449,0.1915795270085177,1,0,1,556499,49111,89497,18459,0.45491681796287375,0.27318336539884563
22450,0.1915814269850866,2,4,2,556503,49107,89499,18457,0.45487976583052353,0.2731780237996566
22451,0.1915820085067198,1,2,1,556505,49105,89500,18456,0.45486123976434845,0.273175352644277
22452,0.1915851089160376,4,5,4,556510,49100,89504,18452,0.45481492459891065,0.27315253434391285
22453,0.1915874917845511,1,3,1,556513,49097,89505,18451,0.454787135499648,0.27315390537099543
22454,0.1915951257976327,6,10,6,556523,49087,89511,18445,0.45469450516877247,0.2731297755138305
22455,0.1915952504418387,0,2,0,556525,49085,89511,18445,0.4546759791025973,0.2731378646527469
22456,0.1915957324444108,1,1,1,556526,49084,89512,18444,0.4546667160695098,0.2731311455988627
22457,0.1916007478740424,1,1,1,556527,49083,89513,18443,0.45465745303642224,0.27312442614696564
22458,0.191601587003845,1,7,1,556534,49076,89514,18442,0.45459261180480937,0.27314197695429365
22459,0.1916088292463117,10,17,10,556551,49059,89524,18432,0.45443514024232096,0.27310308041072145
22460,0.1916116741505836,1,0,1,556551,49059,89525,18431,0.45443514024232096,0.2730923099718477
22461,0.1916130958075597,1,3,1,556554,49056,89526,18430,0.4544073511430583,0.27309367868891327
22462,0.1916148532541577,0,1,0,556555,49055,89526,18430,0.45439808810997073,0.2730977254204638
22463,0.1916159656452732,3,3,3,556558,49052,89529,18427,0.4543702990107081,0.273077550052609
22464,0.1916184598685809,0,1,0,556559,49051,89529,18427,0.4543610359776205,0.2730815969649367
22465,0.1916271048164204,1,3,1,556562,49048,89530,18426,0.45433324687835785,0.27308296529033405
22466,0.1916278797567659,0,1,0,556563,49047,89530,18426,0.4543239838452703,0.27308701258281093
22467,0.1916279534784311,1,2,1,556565,49045,89531,18425,0.4543054577790952,0.2730843337779754
22468,0.1916330099159298,3,2,3,556567,49043,89534,18422,0.45428693171292006,0.27306010523975394
22469,0.1916340846058651,16,54,16,556621,48989,89550,18406,0.4537867279261922,0.2731063135247422
22470,0.1916436408156659,13,31,13,556652,48958,89563,18393,0.45349957390047796,0.2730917135603035
22471,0.191643755943784,1,0,1,556652,48958,89564,18392,0.45349957390047796,0.2730809205642168
22472,0.1916492563089999,0,2,0,556654,48956,89564,18392,0.4534810478343029,0.2730890301122528
22473,0.1916625512254367,2,7,2,556661,48949,89566,18390,0.45341620660269,0.2730958285688828
22474,0.1916685771979558,1,2,1,556663,48947,89567,18389,0.45339768053651486,0.2730931448259475
22475,0.1916692067483799,3,4,3,556667,48943,89570,18386,0.45336062840416463,0.27307698020169613
22476,0.1916702133587574,3,11,3,556678,48932,89573,18383,0.4532587350402016,0.27308920745747606
22477,0.1916734434248604,1,4,1,556682,48928,89574,18382,0.45322168290785136,0.27309463675531126
22478,0.1916736314027049,45,106,45,556788,48822,89619,18337,0.45223980140057063,0.2730386098661386
22479,0.1916856023742304,2,3,2,556791,48819,89621,18335,0.4522120123013079,0.27302915686332907
22480,0.191686741746781,0,2,0,556793,48817,89621,18335,0.45219348623513284,0.27303728853943293
22481,0.1916915178850865,80,249,80,557042,48568,89701,18255,0.44988699099633184,0.27318438262274963
22482,0.1916917456073351,2,2,2,557044,48566,89703,18253,0.44986846493015675,0.27317080471123484
22483,0.1916939385684747,1,2,1,557046,48564,89704,18252,0.4498499388639816,0.27316810344827586
22484,0.1916962135439539,8,21,8,557067,48543,89712,18244,0.449655415169143,0.27316693368469913
22485,0.1916966899660393,3,12,3,557079,48531,89715,18241,0.4495442587720923,0.27318337027496553
22486,0.1917054437517929,13,28,13,557107,48503,89728,18228,0.4492848938456408,0.27315640407007236
22487,0.191708678201435,2,8,2,557115,48495,89730,18226,0.4492107895809404,0.2731673685945954
22488,0.1917100180622753,6,35,6,557150,48460,89736,18220,0.44888658342287596,0.27324535092981406
22489,0.1917144930558922,15,22,15,557172,48438,89751,18205,0.4486827966949498,0.2731719760514983
22490,0.1917153168120575,1,1,1,557173,48437,89752,18204,0.44867353366186224,0.27316516858990714
22491,0.1917175107438368,36,93,36,557266,48344,89788,18168,0.4478120715847197,0.2731537166225643
22492,0.1917205570821192,4,5,4,557271,48339,89792,18164,0.44776575641928196,0.2731305354645655
22493,0.1917353267808086,0,8,0,557279,48331,89792,18164,0.4476916521545815,0.2731633957440409
22494,0.1917377096493222,4,8,4,557287,48323,89796,18160,0.44761754788988106,0.2731525352345712
22495,0.1917431663308806,5,25,5,557312,48298,89801,18155,0.4473859720626922,0.27320060794847484
22496,0.1917454683066098,1,0,1,557312,48298,89802,18154,0.4473859720626922,0.2731896707397821
22497,0.1917531389945691,8,33,8,557345,48265,89810,18146,0.4470802919708029,0.27323786722079174
22498,0.1917563648858871,4,10,4,557355,48255,89814,18142,0.44698766163992737,0.273235236531771
22499,0.191759118303651,4,5,4,557360,48250,89818,18138,0.44694134647448963,0.2732120262698078
22500,0.1917612219667478,1,3,1,557363,48247,89819,18137,0.4469135573752269,0.2732134249216679
22501,0.1917627753433601,0,1,0,557364,48246,89819,18137,0.4469042943421394,0.27321754063540366
22502,0.19176374205051,13,19,13,557383,48227,89832,18124,0.44672829671347586,0.2731533812602674
22503,0.1917702369642361,1,1,1,557384,48226,89833,18123,0.4467190336803883,0.2731465432787231
22504,0.1917721434390603,10,30,10,557414,48196,89843,18113,0.4464411426877617,0.2731605061153086
22505,0.1917771825168582,0,1,0,557415,48195,89843,18113,0.4464318796546741,0.2731646256861917
22506,0.1917808117881342,1,2,1,557417,48193,89844,18112,0.44641335358849904,0.2731619033255411
22507,0.191782211040141,1,2,1,557419,48191,89845,18111,0.4463948275223239,0.27315918071853035
22508,0.1917953213091219,0,2,0,557421,48189,89845,18111,0.4463763014561488,0.27316742081447964
22509,0.1918019628660444,2,2,2,557423,48187,89847,18109,0.4463577753899737,0.27315373476529503
22510,0.1918154830020817,1,5,1,557428,48182,89848,18108,0.44631146022453594,0.27316337305777644
22511,0.1918155802485692,0,1,0,557429,48181,89848,18108,0.44630219719144837,0.2731674938526754
22512,0.1918204312235285,6,20,6,557449,48161,89854,18102,0.4461169365296973,0.27318412990658436
22513,0.191837641219522,5,13,5,557462,48148,89859,18097,0.44599651709955906,0.2731828817269228
22514,0.191844039713935,3,4,3,557466,48144,89862,18094,0.44595946496720884,0.2731664603399861
22515,0.1918442227463708,3,7,3,557473,48137,89865,18091,0.44589462373559596,0.27316240864890984
22516,0.1918446363293803,2,3,2,557476,48134,89867,18089,0.4458668346363333,0.2731528320976096
22517,0.1918462769427355,2,6,2,557482,48128,89869,18087,0.445811256437808,0.27315562938911125
22518,0.1918476407903182,9,27,9,557509,48101,89878,18078,0.44556115454444406,0.2731682255700449
22519,0.1918494124409697,0,2,0,557511,48099,89878,18078,0.4455426284782689,0.27317648125481664
22520,0.1918532373032381,0,1,0,557512,48098,89878,18078,0.44553336544518135,0.2731806092843327
22521,0.1918544577273555,5,13,5,557525,48085,89883,18073,0.44541294601504317,0.27317935850539615
22522,0.1918575736256565,0,4,0,557529,48081,89883,18073,0.44537589388269294,0.27319587628865977
22523,0.1918584991637694,11,38,11,557567,48043,89894,18062,0.4450238986253659,0.2732319794266697
22524,0.1918614516416985,1,1,1,557568,48042,89895,18061,0.44501463559227833,0.27322511837586794
22525,0.1918626312179121,1,7,1,557575,48035,89896,18060,0.44494979436066545,0.2732430592329223
22526,0.1918633675770581,21,67,21,557642,47968,89917,18039,0.44432917114379933,0.27328919660036055
22527,0.1918665632557439,0,1,0,557643,47967,89917,18039,0.44431990811071176,0.2732933369693664
22528,0.1918701227275562,1,4,1,557647,47963,89918,18038,0.44428285597836153,0.2732988894107665
22529,0.1918710243404814,101,317,101,557964,47646,90019,17937,0.4413464744896069,0.2735007547687663
22530,0.1918724759643955,0,2,0,557966,47644,90019,17937,0.44132794842343176,0.27350909562220765
22531,0.1918727129889234,1,3,1,557969,47641,90020,17936,0.4413001593241691,0.27351052960641686
22532,0.1918734818860155,4,6,4,557975,47635,90024,17932,0.4412445811256438,0.27349123797032043
22533,0.1918738418704323,0,1,0,557976,47634,90024,17932,0.44123531809255623,0.2734954092059909
22534,0.1918751579484028,2,1,2,557977,47633,90026,17930,0.44122605505946866,0.2734774186660159
22535,0.1918831071653729,0,3,0,557980,47630,90026,17930,0.441198265960206,0.27348993288590606
22536,0.1918833123259951,1,1,1,557981,47629,90027,17929,0.44118900292711843,0.2734830226669514
22537,0.1918858063550392,3,12,3,557993,47617,90030,17926,0.4410778465300678,0.27349983979982606
22538,0.1918923909422579,53,130,53,558123,47487,90083,17873,0.43987365222868574,0.2734547123623011
22539,0.1918932674763409,1,11,1,558134,47476,90084,17872,0.43977175886472264,0.27348962477811106
22540,0.1918932887085528,1,4,1,558138,47472,90085,17871,0.43973470673237247,0.2734952481520591
22541,0.1919002449372911,20,43,20,558181,47429,90105,17851,0.43933639630960764,0.27345281862745097
22542,0.1919024574824027,1,1,1,558182,47428,90106,17850,0.43932713327652007,0.2734458776310549
22543,0.191907160391197,0,2,0,558184,47426,90106,17850,0.439308607210345,0.27345425577547644
22544,0.1919090249027639,18,17,18,558201,47409,90124,17832,0.4391511356478565,0.2733250563296087
22545,0.191909336168422,2,1,2,558202,47408,90126,17830,0.439141872614769,0.2733069683313406
22546,0.1919102955785144,1,0,1,558202,47408,90127,17829,0.439141872614769,0.2732958290540644
22547,0.1919138431959703,10,9,10,558211,47399,90137,17819,0.439058505316981,0.2732221165935785
22548,0.1919171811769273,9,41,9,558252,47358,90146,17810,0.4386787209603913,0.2732936410508225
22549,0.1919194776942231,0,1,0,558253,47357,90146,17810,0.4386694579273037,0.2732978347936839
22550,0.1919219332656209,16,44,16,558297,47313,90162,17794,0.4382618844714513,0.27330394581227824
22551,0.1919222870512688,2,2,2,558299,47311,90164,17792,0.43824335840527623,0.27329001735711106
22552,0.1919254029495699,1,0,1,558299,47311,90165,17791,0.43824335840527623,0.27327885472028507
22553,0.1919303742735004,1,5,1,558304,47306,90166,17790,0.43819704323983844,0.2732886813321863
22554,0.1919304605418255,0,2,0,558306,47304,90166,17790,0.43817851717366335,0.27329707807171166
22555,0.1919361945230747,3,13,3,558319,47291,90169,17787,0.43805809774352517,0.2733181720397062
22556,0.1919463660913062,7,22,7,558341,47269,90176,17780,0.43785431101559896,0.27333241095174404
22557,0.1919471278252369,2,13,2,558354,47256,90178,17778,0.4377338915854607,0.27336470154073256
22558,0.1919474878096536,0,4,0,558358,47252,90178,17778,0.43769683945311055,0.27338151622328155
22559,0.1919492484497106,0,2,0,558360,47250,90178,17778,0.4376783133869354,0.2733899243402842
22560,0.1919536328115201,2,4,2,558364,47246,90180,17776,0.4376412612545852,0.2733843929746855
22561,0.1919592652319778,0,1,0,558365,47245,90180,17776,0.4376319982214976,0.27338859753002875
22562,0.1919611057096181,0,3,0,558368,47242,90180,17776,0.43760420912223497,0.2734012119720693
22563,0.1919629723874015,0,1,0,558369,47241,90180,17776,0.43759494608914745,0.2734054170447729
22564,0.1919729828377657,1,3,1,558372,47238,90181,17775,0.43756715698988474,0.2734068570901204
22565,0.1919897625895342,3,4,3,558376,47234,90184,17772,0.4375301048575346,0.27339014860166755
22566,0.1919911359514534,10,52,10,558428,47182,90194,17762,0.4370484271369817,0.2734971667898497
22567,0.1919921036475127,3,2,3,558430,47180,90197,17759,0.43702990107080664,0.27347202759512773
22568,0.1919944406111418,2,5,2,558435,47175,90199,17757,0.43698358590536884,0.273470707817409
22569,0.1919957102619359,14,30,14,558465,47145,90213,17743,0.43670569491274225,0.273440389594378
22570,0.1920014432233941,1,2,1,558467,47143,90214,17742,0.4366871688465671,0.27343762040533254
22571,0.1920130958477067,9,5,9,558472,47138,90223,17733,0.43664085368112937,0.27335789489910745
22572,0.1920149571491502,3,2,3,558474,47136,90226,17730,0.43662232761495423,0.2733327166774581
22573,0.1920193876580876,6,32,6,558506,47104,90232,17724,0.4363259105561525,0.27340038255074967
22574,0.1920228141343837,2,4,2,558510,47100,90234,17722,0.4362888584238023,0.27339483508685325
22575,0.192022814708684,1,0,1,558510,47100,90235,17721,0.4362888584238023,0.273383625676864
22576,0.1920240552367067,2,14,2,558524,47086,90237,17719,0.4361591759605765,0.27342026078234705
22577,0.1920269009790314,2,3,2,558527,47083,90239,17717,0.43613138686131386,0.2734104938271605
22578,0.192029606787446,24,55,24,558582,47028,90263,17693,0.4356219200414984,0.2733734027595371
22579,0.1920328895019329,49,143,49,558725,46885,90312,17644,0.43429730630997815,0.2734274512234809
22580,0.1920341810979285,15,40,15,558765,46845,90327,17629,0.43392678498647597,0.27342804851568075
22581,0.1920358840554769,2,9,2,558774,46836,90329,17627,0.433843417688688,0.2734436808711974
22582,0.1920391653726654,0,1,0,558775,46835,90329,17627,0.43383415465560043,0.2734479228072353
22583,0.1920396247390533,1,0,1,558775,46835,90330,17626,0.43383415465560043,0.27343665161880826
22584,0.1920433898540131,3,0,3,558775,46835,90333,17623,0.43383415465560043,0.27340283595519566
22585,0.1920450337280947,7,16,7,558791,46819,90340,17616,0.43368594612619954,0.2733917901761465
22586,0.1920464853520088,1,2,1,558793,46817,90341,17615,0.43366742006002446,0.2733889992550286
22587,0.1920473189987429,1,1,1,558794,46816,90342,17614,0.4336581570269369,0.27338196492317246
22588,0.1920581031494668,4,4,4,558798,46812,90346,17610,0.43362110489458666,0.27335382322808977
22589,0.1920592427675349,4,15,4,558813,46797,90350,17606,0.4334821593982734,0.2733723584305079
22590,0.1920600333940967,1,1,1,558814,46796,90351,17605,0.4334728963651858,0.2733653204142793
22591,0.1920664003298712,19,30,19,558844,46766,90370,17586,0.43319500537255917,0.2732782197911487
22592,0.1920677971858295,3,7,3,558851,46759,90373,17583,0.4331301641409463,0.2732740667060396
22593,0.1920740054511823,0,3,0,558854,46756,90373,17583,0.43310237504168364,0.2732868089339281
22594,0.1920817523219179,80,271,80,559125,46485,90453,17503,0.43059209307495644,0.27353566293680065
22595,0.1920830342903772,2,10,2,559135,46475,90455,17501,0.4304994627440809,0.27355570839064647
22596,0.192088507472416,1,7,1,559142,46468,90456,17500,0.43043462151246803,0.2735742871435718
22597,0.1920950225257729,0,1,0,559143,46467,90456,17500,0.4304253584793805,0.27357856394703517
22598,0.1920995254001775,3,6,3,559149,46461,90459,17497,0.43036978028085515,0.27357015541449076
22599,0.1921115036479943,1,2,1,559151,46459,90460,17496,0.43035125421468007,0.27356735204440624
22600,0.1921149829621903,0,1,0,559152,46458,90460,17496,0.4303419911815925,0.2735716296087813
22601,0.1921154654624134,0,5,0,559157,46453,90460,17496,0.4302956760161547,0.27359301943736414
22602,0.1921186296821509,73,230,73,559387,46223,90533,17423,0.42816517840601725,0.27374854664865034
22603,0.1921274641981047,1,1,1,559388,46222,90534,17422,0.4281559153729297,0.2737414367418767
22604,0.1921292069262152,1,2,1,559390,46220,90535,17421,0.4281373893067546,0.2737386276142738
22605,0.1921318889102224,1,2,1,559392,46218,90536,17420,0.4281188632405795,0.27373581822181714
22606,0.1921323011985148,0,2,0,559394,46216,90536,17420,0.4281003371744044,0.2737444213966937
22607,0.1921400202473353,1,0,1,559394,46216,90537,17419,0.4281003371744044,0.27373300856446925
22608,0.1921410553158413,2,13,2,559407,46203,90539,17417,0.4279799177442662,0.2737661112857592
22609,0.1921426631586117,15,45,15,559452,46158,90554,17402,0.42756308125532627,0.2737885462555066
22610,0.1921441048378396,0,1,0,559453,46157,90554,17402,0.4275538182222387,0.273792853883793
22611,0.1921523613667267,0,1,0,559454,46156,90554,17402,0.42754455518915113,0.27379716164762896
22612,0.1921658619298158,1,7,1,559461,46149,90555,17401,0.42747971395753825,0.27381589299763964
22613,0.1921673227010442,4,12,4,559473,46137,90559,17397,0.4273685575604876,0.27382189064123147
22614,0.1921673547240908,1,0,1,559473,46137,90560,17396,0.4273685575604876,0.27381046070546017
22615,0.1921689529861762,4,9,4,559482,46128,90564,17392,0.4272851902626996,0.2738035264483627
22616,0.19217151291564,1,0,1,559482,46128,90565,17391,0.4272851902626996,0.27379209370424595
22617,0.1921876498075096,0,1,0,559483,46127,90565,17391,0.42727592722961205,0.273796404168897
22618,0.1921913487646146,48,170,48,559653,45957,90613,17343,0.42570121160472785,0.27398104265402845
22619,0.1921933970457009,0,1,0,559654,45956,90613,17343,0.4256919485716403,0.2739853710169197
22620,0.1921935156927931,0,1,0,559655,45955,90613,17343,0.42568268553855276,0.2739896995165724
22621,0.192193938388601,0,3,0,559658,45952,90613,17343,0.42565489643929005,0.274002685836164
22622,0.192197743217424,48,191,48,559849,45761,90661,17295,0.4238856571195672,0.2742800050748541
22623,0.1922028733765878,15,60,15,559909,45701,90676,17280,0.42332987513431397,0.2743684603293057
22624,0.1922029792056185,0,8,0,559917,45693,90676,17280,0.4232557708696135,0.27440331570673143
22625,0.1922030837906221,2,4,2,559921,45689,90678,17278,0.42321871873726336,0.27439770038274014
22626,0.192211733322945,0,1,0,559922,45688,90678,17278,0.4232094557041758,0.2744020582536607
22627,0.1922131747602788,0,1,0,559923,45687,90678,17278,0.4232001926710882,0.27440641626300327
22628,0.1922143940764459,1,0,1,559923,45687,90679,17277,0.4232001926710882,0.2743948923194206
22629,0.1922218517724906,0,1,0,559924,45686,90679,17277,0.42319092963800065,0.27439925035338214
22630,0.1922218867227352,3,7,3,559931,45679,90682,17274,0.42312608840638777,0.2743951837084809
22631,0.1922239879185926,8,36,8,559967,45643,90690,17266,0.4227926192152358,0.27445993419065634
22632,0.1922268264120459,1,2,1,559969,45641,90691,17265,0.4227740931490607,0.2744571265062156
22633,0.1922270708036663,0,2,0,559971,45639,90691,17265,0.42275556708288564,0.2744658527279664
22634,0.1922320582909667,15,40,15,560011,45599,90706,17250,0.42238504575938346,0.27446737418256456
22635,0.1922332521551483,3,5,3,560016,45594,90709,17247,0.42233873059394567,0.2744545758342483
22636,0.1922373120237169,24,49,24,560065,45545,90733,17223,0.4218848419726555,0.27439140963548303
22637,0.1922390705310552,4,6,4,560071,45539,90737,17219,0.4218292637741302,0.2743713948819274
22638,0.1922410428607519,1,1,1,560072,45538,90738,17218,0.42182000074104264,0.27436420421951685
22639,0.1922432419862739,5,20,5,560092,45518,90743,17213,0.4216347400792916,0.2743938403660072
22640,0.1922438136490988,0,2,0,560094,45516,90743,17213,0.42161621401311644,0.2744025889142183
22641,0.1922452403905439,2,3,2,560097,45513,90745,17211,0.4215884249138538,0.2743925770040176
22642,0.1922574420724436,0,2,0,560099,45511,90745,17211,0.4215698988476787,0.2744013264883135
22643,0.192259178088528,4,34,4,560133,45477,90749,17207,0.42125495572270183,0.27450386063429266
22644,0.1922603575587278,1,6,1,560139,45471,90750,17206,0.4211993775241765,0.27451856342837083
22645,0.1922605331288039,0,2,0,560141,45469,90750,17206,0.4211808514580014,0.2745273234942162
22646,0.1922629944148686,1,4,1,560145,45465,90751,17205,0.4211437993256512,0.2745332695069411
22647,0.1922662707927806,0,1,0,560146,45464,90751,17205,0.42113453629256364,0.27453765019387577
22648,0.1922705291269593,24,26,24,560172,45438,90775,17181,0.4208936974322872,0.27437359267953815
22649,0.1922722098166545,5,11,5,560183,45427,90780,17176,0.4207918040683241,0.27436384837787325
22650,0.1922725434733526,2,5,2,560188,45422,90782,17174,0.4207454889028864,0.2743625790785354
22651,0.1922761186199072,9,26,9,560214,45396,90791,17165,0.42050465004260995,0.2743722127203849
22652,0.1922893017572872,1,3,1,560217,45393,90792,17164,0.4204768609433473,0.2743737711207379
22653,0.1922894748500268,0,1,0,560218,45392,90792,17164,0.4204675979102597,0.27437815717117464
22654,0.1922908724333214,1,7,1,560225,45385,90793,17163,0.42040275667864685,0.2743972629020912
22655,0.1922929274315209,6,11,6,560236,45374,90799,17157,0.42030086331468375,0.27437590954886376
22656,0.192296869359087,0,4,0,560240,45370,90799,17157,0.4202638111823335,0.27439346202440545
22657,0.1923032163138285,2,2,2,560242,45368,90801,17155,0.42024528511615844,0.27437902851750556
22658,0.1923051413476303,11,17,11,560259,45351,90812,17144,0.42008781355367003,0.27432594607568606
22659,0.1923063316478743,1,6,1,560265,45345,90813,17143,0.42003223535514467,0.2743406734092946
22660,0.1923105398799936,1,6,1,560271,45339,90814,17142,0.41997665715661936,0.27435540404282904
22661,0.1923174238465045,2,5,2,560276,45334,90816,17140,0.41993034199118157,0.27435413131862857
22662,0.1923244013074546,13,36,13,560312,45298,90829,17127,0.41959687280002966,0.2743612334801762
22663,0.1923328301253406,9,13,9,560325,45285,90838,17118,0.4194764533698914,0.27431373491659056
22664,0.1923402227807565,3,4,3,560329,45281,90841,17115,0.4194394012375412,0.2742964292582858
22665,0.1923420132986898,9,33,9,560362,45248,90850,17106,0.41913372114565195,0.2743368508836642
22666,0.1923460094628737,3,4,3,560366,45244,90853,17103,0.4190966690133017,0.27431953421977
22667,0.1923494812527042,8,5,8,560371,45239,90861,17095,0.41905035384786393,0.2742484037603876
22668,0.19235386248326,11,16,11,560387,45223,90872,17084,0.4189021453184631,0.27419070088433084
22669,0.1923558872045581,0,3,0,560390,45220,90872,17084,0.41887435621920044,0.27420390344119155
22670,0.1923587017572347,0,1,0,560391,45219,90872,17084,0.41886509318611287,0.27420830457602363
22671,0.192368617189098,0,1,0,560392,45218,90872,17084,0.4188558301530253,0.2742127058521396
22672,0.1923707004542288,0,2,0,560394,45216,90872,17084,0.4188373040868502,0.2742215088282504
22673,0.1923727886443168,1,1,1,560395,45215,90873,17083,0.41882804105376265,0.2742142604899034
22674,0.1923757290250629,0,2,0,560397,45213,90873,17083,0.41880951498758756,0.2742230640811609
22675,0.1923786936167491,3,3,3,560400,45210,90876,17080,0.41878172588832485,0.2742013164231819
22676,0.1923835425312027,3,9,3,560409,45201,90879,17077,0.4186983585905369,0.27420597963968013
22677,0.1923879936329063,0,1,0,560410,45200,90879,17077,0.4186890955574493,0.27421038264527836
22678,0.1923891716765154,3,6,3,560416,45194,90882,17074,0.418633517358924,0.27420183721975977
22679,0.1924008357996592,0,2,0,560418,45192,90882,17074,0.4186149912927489,0.274210644653583
22680,0.1924065173509752,1,2,1,560420,45190,90883,17073,0.4185964652265738,0.274207795962289
22681,0.1924108640000695,0,4,0,560424,45186,90883,17073,0.41855941309422356,0.27422541319327326
22682,0.1924138387867871,1,0,1,560424,45186,90884,17072,0.41855941309422356,0.27421375566192296
22683,0.1924244102679684,0,1,0,560425,45185,90884,17072,0.418550150061136,0.2742181602068844
22684,0.1924255096970034,0,2,0,560427,45183,90884,17072,0.4185316239949609,0.2742269697213075
22685,0.1924347997874095,0,3,0,560430,45180,90884,17072,0.41850383489569826,0.2742401850542954
22686,0.1924383652946448,1,3,1,560433,45177,90885,17071,0.4184760457964356,0.27424174270659296
22687,0.1924395196220583,2,5,2,560438,45172,90887,17069,0.4184297306309978,0.2742404524348902
22688,0.192441061395332,1,1,1,560439,45171,90888,17068,0.41842046759791024,0.27423319783415545
22689,0.192442592126352,0,8,0,560447,45163,90888,17068,0.41834636333320985,0.2742684514148897
22690,0.1924469705045473,2,1,2,560448,45162,90890,17066,0.4183371003001223,0.2742495339718455
22691,0.1924501280075206,2,0,2,560448,45162,90892,17064,0.4183371003001223,0.2742262076945328
22692,0.1924513718551161,2,1,2,560449,45161,90894,17062,0.4183278372670347,0.2742072866946306
22693,0.1924558229568196,0,1,0,560450,45160,90894,17062,0.41831857423394714,0.2742116936131915
22694,0.1924633111449006,2,1,2,560451,45159,90896,17060,0.4183093112008596,0.27419277069705394
22695,0.1924669368191343,0,1,0,560452,45158,90896,17060,0.41830004816777205,0.2741971776656273
22696,0.1924715599567326,4,12,4,560464,45146,90900,17056,0.4181888917707214,0.2742034018198772
22697,0.1924825828797614,0,3,0,560467,45143,90900,17056,0.41816110267145873,0.2742166272769659
22698,0.1924829078257784,0,3,0,560470,45140,90900,17056,0.4181333135721961,0.2742298540099042
22699,0.1924834091413028,0,4,0,560474,45136,90900,17056,0.41809626143984585,0.27424749163879597
22700,0.1924834354170845,65,194,65,560668,44942,90965,16991,0.41629923302086036,0.2743448565385174
22701,0.1924845492676069,0,2,0,560670,44940,90965,16991,0.4162807069546852,0.2743537162325814
22702,0.1924847339814651,47,115,47,560785,44825,91012,16944,0.4152154581496165,0.27431235733134746
22703,0.1924913369970879,5,24,5,560809,44801,91017,16939,0.41499314535551524,0.27436022027858764
22704,0.1924942989991251,66,242,66,561051,44559,91083,16873,0.4127514913483271,0.2746614142466467
22705,0.1924963377370588,1,6,1,561057,44553,91084,16872,0.41269591314980175,0.27467643467643466
22706,0.1924998634869671,0,7,0,561064,44546,91084,16872,0.4126310719181889,0.2747077404018366
22707,0.1925026291113228,0,1,0,561065,44545,91084,16872,0.41262180888510136,0.2747122132308644
22708,0.1925067275227107,57,181,57,561246,44364,91141,16815,0.41094519989625405,0.2748492129652332
22709,0.1925079136050298,7,32,7,561278,44332,91148,16808,0.4106487828374523,0.27491004252535167
22710,0.1925084457266309,4,11,4,561289,44321,91152,16804,0.4105468894734892,0.2749120654396728
22711,0.1925149301639137,12,47,12,561336,44274,91164,16792,0.41011152691837416,0.2749811679166803
22712,0.1925187183345583,2,3,2,561339,44271,91166,16790,0.4100837378191115,0.27497093070863565
22713,0.1925192783891139,1,0,1,561339,44271,91167,16789,0.4100837378191115,0.27495905666557485
22714,0.1925277666155867,10,9,10,561348,44262,91177,16779,0.4100003705213235,0.2748808178109795
22715,0.1925295058487593,1,1,1,561349,44261,91178,16778,0.409991107488236,0.2748734415701437
22716,0.1925343251783818,11,25,11,561374,44236,91189,16767,0.4097595316610471,0.2748553349835254
22717,0.1925381771105928,0,1,0,561375,44235,91189,16767,0.40975026862795955,0.2748598406609619
22718,0.1925427860523144,43,109,43,561484,44126,91232,16724,0.40874059802141616,0.27483976992604764
22719,0.1925460327191069,0,2,0,561486,44124,91232,16724,0.408722071955241,0.2748488035761241
22720,0.1925496583933406,3,9,3,561495,44115,91235,16721,0.40863870465745306,0.2748537050430666
22721,0.1925552373446363,0,1,0,561496,44114,91235,16721,0.4086294416243655,0.27485822306238183
22722,0.1925610814111175,9,10,9,561506,44104,91244,16712,0.40853681129348995,0.274796106287819
22723,0.1925621283230384,10,36,10,561542,44068,91254,16702,0.408203342102338,0.2748395589929241
22724,0.1925672708418133,0,4,0,561546,44064,91254,16702,0.40816628996998777,0.2748576506599085
22725,0.192567976684752,2,0,2,561546,44064,91256,16700,0.40816628996998777,0.2748337831610822
22726,0.1925721387843949,0,3,0,561549,44061,91256,16700,0.4081385008707251,0.27484735274271327
22727,0.192574556846624,7,38,7,561587,44023,91263,16693,0.4077865056133981,0.27493576651953355
22728,0.1925757275617744,0,2,0,561589,44021,91263,16693,0.40776797954722294,0.27494482326975656
22729,0.1925762750505443,2,6,2,561595,44015,91265,16691,0.40771240134869763,0.2749481105656772
22730,0.192577845459535,0,1,0,561596,44014,91265,16691,0.40770313831561006,0.2749526398155012
22731,0.1925787357556992,5,3,5,561599,44011,91270,16686,0.4076753492163474,0.27490650279255974
22732,0.1925822803646194,10,51,10,561650,43960,91280,16676,0.4072029345288821,0.27501814103832706
22733,0.1925884588783867,19,41,19,561691,43919,91299,16657,0.4068231501722924,0.2749768885367142
22734,0.1925920238475349,4,10,4,561701,43909,91303,16653,0.4067305198414169,0.27497440639344806
22735,0.1925955959395001,0,5,0,561706,43904,91303,16653,0.4066842046759791,0.2749971101606751
22736,0.1926021545022952,4,7,4,561713,43897,91307,16649,0.4066193634443662,0.2749810061771215
22737,0.192607667367869,0,1,0,561714,43896,91307,16649,0.40661010041127865,0.2749855479395491
22738,0.1926113738737805,4,15,4,561729,43881,91311,16645,0.4064711549149654,0.27500578263886594
22739,0.1926135290096716,1,0,1,561729,43881,91312,16644,0.4064711549149654,0.2749938042131351
22740,0.1926238978758066,15,38,15,561767,43843,91327,16629,0.4061191596576383,0.27498677073686995
22741,0.192624902095835,0,2,0,561769,43841,91327,16629,0.4061006335914632,0.2749958657185381
22742,0.1926258843951016,1,5,1,561774,43836,91328,16628,0.4060543184260254,0.2750066155067478
22743,0.1926297572532206,0,2,0,561776,43834,91328,16628,0.4060357923598503,0.2750157123482518
22744,0.1926417269307642,2,8,2,561784,43826,91330,16626,0.4059616880951499,0.2750281214848144
22745,0.1926430066709799,0,5,0,561789,43821,91330,16626,0.4059153729297121,0.2750508710109683
22746,0.1926430658382833,9,26,9,561815,43795,91339,16617,0.4056745340694357,0.27506124611004434
22747,0.1926449674933175,6,7,6,561822,43788,91345,16611,0.40560969283782283,0.2750211096210202
22748,0.1926478796129401,1,5,1,561827,43783,91346,16610,0.40556337767238504,0.2750318745549981
22749,0.192652671978453,14,54,14,561881,43729,91360,16596,0.4050631738856571,0.27510982179859095
22750,0.1926562882023,6,9,6,561890,43720,91366,16590,0.40497980658786914,0.27507875974133644
22751,0.1926587570932464,0,1,0,561891,43719,91366,16590,0.40497054355478157,0.2750833208973785
22752,0.1926591334425889,1,2,1,561893,43717,91367,16589,0.4049520174886065,0.27508042317514014
22753,0.1926594535563123,4,15,4,561908,43702,91371,16585,0.40481307199229316,0.2751007679930997
22754,0.1926594604787032,2,14,2,561922,43688,91373,16583,0.4046833895290674,0.27514061488941616
22755,0.1926632269012187,0,3,0,561925,43685,91373,16583,0.40465560042980475,0.27515431074533747
22756,0.1926738605072472,4,6,4,561931,43679,91377,16579,0.4046000222312794,0.2751335922201201
22757,0.1926803519319456,0,2,0,561933,43677,91377,16579,0.4045814961651043,0.27514272437599574
22758,0.1926847840026791,0,1,0,561934,43676,91377,16579,0.40457223313201673,0.27514729068127125
22759,0.192688939551527,1,2,1,561936,43674,91378,16578,0.40455370706584165,0.2751443935471022
22760,0.1926962505838779,0,2,0,561938,43672,91378,16578,0.4045351809996665,0.27515352697095435
22761,0.1927135576206282,1,3,1,561941,43669,91379,16577,0.40450739190040386,0.27515519702552865
22762,0.1927205017217813,0,1,0,561942,43668,91379,16577,0.4044981288673163,0.2751597642957922
22763,0.1927236677809539,1,3,1,561945,43665,91380,16576,0.40447033976805363,0.27516143490313905
22764,0.192726259885255,1,3,1,561948,43662,91381,16575,0.404442550668791,0.2751631057323572
22765,0.192728118820687,1,1,1,561949,43661,91382,16574,0.4044332876357034,0.27515564040840046
22766,0.1927346321970335,1,0,1,561949,43661,91383,16573,0.4044332876357034,0.2751436066009231
22767,0.1927346459809111,1,8,1,561957,43653,91384,16572,0.404359183371003,0.2751681195516812
22768,0.1927374435580219,0,1,0,561958,43652,91384,16572,0.40434992033791545,0.275172688629118
22769,0.1927419885649565,8,29,8,561987,43623,91392,16564,0.40408129237837637,0.2752089321614302
22770,0.1927600742296998,2,4,2,561991,43619,91394,16562,0.40404424024602614,0.2752031372027716
22771,0.192771273588807,0,1,0,561992,43618,91394,16562,0.40403497721293863,0.27520771020272516
22772,0.1927719320745733,1,2,1,561994,43616,91395,16561,0.4040164511467635,0.27520481246988054
22773,0.1927723261834629,4,4,4,561998,43612,91399,16557,0.40397939901441327,0.2751749239641676
22774,0.1927756305621192,1,2,1,562000,43610,91400,16556,0.4039608729482382,0.2751720240667487
22775,0.1927783940663918,5,24,5,562024,43586,91405,16551,0.4037385601541369,0.27522157739827396
22776,0.19277841128335,0,1,0,562025,43585,91405,16551,0.4037292971210493,0.27522615405081813
22777,0.1927806181670764,1,6,1,562031,43579,91406,16550,0.403673718922524,0.27524156397079613
22778,0.1927852040109476,10,10,10,562041,43569,91416,16540,0.40358108859164843,0.2751667803490326
22779,0.1927884699373471,2,8,2,562049,43561,91418,16538,0.40350698432694804,0.2751792875089436
22780,0.1927896499594565,9,17,9,562066,43544,91427,16529,0.4033495127644596,0.2751485692407571
22781,0.1927933765534196,2,2,2,562068,43542,91429,16527,0.4033309866982845,0.27513359636418117
22782,0.192794156311514,0,1,0,562069,43541,91429,16527,0.4033217236651969,0.27513817673303587
22783,0.1927985941624362,3,35,3,562104,43506,91432,16524,0.40299751750713253,0.2752623688155922
22784,0.1928096777572212,75,270,75,562374,43236,91507,16449,0.4004964985734929,0.2755968836391053
22785,0.1928120818644091,0,1,0,562375,43235,91507,16449,0.40048723554040533,0.27560150123986327
22786,0.19281312521982,0,1,0,562376,43234,91507,16449,0.4004779725073178,0.2756061189953588
22787,0.192813328046679,0,5,0,562381,43229,91507,16449,0.40043165734188,0.2756292100941721
22788,0.1928136771097569,14,33,14,562414,43196,91521,16435,0.4001259772499907,0.27561167848937634
22789,0.1928163553245461,21,47,21,562461,43149,91542,16414,0.3996906146948757,0.2755737622349445
22790,0.1928178400278828,0,1,0,562462,43148,91542,16414,0.39968135166178814,0.2755783889056781
22791,0.1928260521127288,1,1,1,562463,43147,91543,16413,0.3996720886287006,0.27557085292142375
22792,0.1928334698663165,4,9,4,562472,43138,91547,16409,0.3995887213309126,0.2755638403278083
22793,0.1928367137864253,1,16,1,562488,43122,91548,16408,0.3994405128015117,0.27562573492356796
22794,0.1928429427829338,1,7,1,562495,43115,91549,16407,0.39937567156989884,0.275645979637781
22795,0.1928434767513938,0,1,0,562496,43114,91549,16407,0.39936640853681127,0.27565061070882546
22796,0.1928492765013406,1,1,1,562497,43113,91550,16406,0.39935714550372375,0.27564307196021437
22797,0.1928497039364779,10,40,10,562537,43073,91560,16396,0.39898662418022157,0.27570667070238275
22798,0.1928699742090195,1,3,1,562540,43070,91561,16395,0.3989588350809589,0.2757083998991003
22799,0.1928702599714913,0,3,0,562543,43067,91561,16395,0.39893104598169626,0.2757223100467526
22800,0.19287714079821,11,25,11,562568,43042,91572,16384,0.3986994701545074,0.27570423720257126
22801,0.1928775070811345,17,39,17,562607,43003,91589,16367,0.3983382118640928,0.2756779518275223
22802,0.1928809545437334,1,0,1,562607,43003,91590,16366,0.3983382118640928,0.275665751486466
22803,0.1928822046851136,0,2,0,562609,43001,91590,16366,0.39831968579791766,0.2756750383209527
22804,0.1928828160813886,0,1,0,562610,43000,91590,16366,0.39831042276483014,0.2756796819728464
22805,0.1928976349292173,0,2,0,562612,42998,91590,16366,0.398291896698655,0.275688969745974
22806,0.1929079354671739,5,17,5,562629,42981,91595,16361,0.3981344251361666,0.2757069192140474
22807,0.1929086256758126,8,36,8,562665,42945,91603,16353,0.39780095594501463,0.27577658605686534
22808,0.1929175332603912,2,3,2,562668,42942,91605,16351,0.397773166845752,0.27576611067073686
22809,0.1929255466454964,5,11,5,562679,42931,91610,16346,0.3976712734817889,0.2757561954889755
22810,0.1929268481103171,12,64,12,562743,42867,91622,16334,0.3970784393641854,0.2759075015624736
22811,0.1929283213541082,7,15,7,562758,42852,91629,16327,0.3969394938678721,0.2758917859375792
22812,0.1929332340189497,67,284,67,563042,42568,91696,16260,0.3943087924710067,0.2763989936764806
22813,0.1929345229255616,5,5,5,563047,42563,91701,16255,0.39426247730556896,0.2763609779319256
22814,0.1929383607673892,5,11,5,563058,42552,91706,16250,0.39416058394160586,0.2763511445188939
22815,0.1929383641781136,11,56,11,563114,42496,91717,16239,0.3936418540887028,0.27647910104707585
22816,0.1929392766339026,7,14,7,563128,42482,91724,16232,0.393512171625477,0.27645876622270665
22817,0.1929409561525991,21,49,21,563177,42433,91745,16211,0.3930582830041869,0.27643066639383396
22818,0.1929448604325968,5,5,5,563182,42428,91750,16206,0.39301196783874914,0.2763925367534195
22819,0.1929451457559729,2,12,2,563194,42416,91752,16204,0.39290081144169847,0.2764244285226885
22820,0.1929592133985609,1,3,1,563197,42413,91753,16203,0.3928730223424358,0.2764262317455985
22821,0.1929624793249604,1,2,1,563199,42411,91754,16202,0.3928544962762607,0.2764233190589118
22822,0.1929632583710361,1,10,1,563209,42401,91755,16201,0.39276186594538515,0.2764581413603631
22823,0.1929687209408378,1,3,1,563212,42398,91756,16200,0.3927340768461225,0.2764599474384791
22824,0.1929702885824479,1,1,1,563213,42397,91757,16199,0.3927248138130349,0.27645231756433886
22825,0.192971676323541,1,2,1,563215,42395,91758,16198,0.39270628774685984,0.2764494052190535
22826,0.1929786138167712,9,10,9,563225,42385,91767,16189,0.3926136574159843,0.27638542698125446
22827,0.1929811559099987,0,1,0,563226,42384,91767,16189,0.39260439438289674,0.27639014563023917
22828,0.1929852008808942,1,0,1,563226,42384,91768,16188,0.39260439438289674,0.27637779143618113
22829,0.1929913215221191,0,2,0,563228,42382,91768,16188,0.39258586831672165,0.27638722895680384
22830,0.1929951986864313,1,1,1,563229,42381,91769,16187,0.3925766052836341,0.27637959295178255
22831,0.1929952491745642,2,6,2,563235,42375,91771,16185,0.3925210270851088,0.27638319672131145
22832,0.1930270921960501,1,0,1,563235,42375,91772,16184,0.3925210270851088,0.2763708396659779
22833,0.1930306336131921,0,1,0,563236,42374,91772,16184,0.3925117640520212,0.27637555927456536
22834,0.1930323170095841,2,5,2,563241,42369,91774,16182,0.3924654488865834,0.2763744427934621
22835,0.1930326691223629,12,47,12,563288,42322,91786,16170,0.39203008633146835,0.27644806127333654
22836,0.1930361650168736,1,0,1,563288,42322,91787,16169,0.39203008633146835,0.27643569096100257
22837,0.1930419349727672,8,20,8,563308,42302,91795,16161,0.3918448256697173,0.276431247113559
22838,0.1930419816321817,0,1,0,563309,42301,91795,16161,0.3918355626366297,0.2764359755054565
22839,0.1930458048030411,4,4,4,563313,42297,91799,16157,0.3917985105042795,0.2764053785882917
22840,0.1930509833220119,46,193,46,563506,42104,91845,16111,0.3900107451183816,0.2767499785278708
22841,0.1930517094827712,1,0,1,563506,42104,91846,16110,0.3900107451183816,0.276737554540145
22842,0.1930525539044998,1,0,1,563506,42104,91847,16109,0.3900107451183816,0.2767251301255733
22843,0.1930550933035392,0,2,0,563508,42102,91847,16109,0.38999221905220643,0.27673463778323687
22844,0.1930626126319798,0,5,0,563513,42097,91847,16109,0.3899459038867687,0.27675840978593275
22845,0.1930770177428605,1,17,1,563530,42080,91848,16108,0.3897884323242803,0.27682683714855294
22846,0.1930868293171919,2,2,2,563532,42078,91850,16106,0.38976990625810515,0.27681149456895365
22847,0.1930944772847809,17,45,17,563577,42033,91867,16089,0.3893530697691652,0.2768142871890162
22848,0.1930953587636778,0,3,0,563580,42030,91867,16089,0.3893252806699026,0.27682857585299125
22849,0.1930993693094174,8,35,8,563615,41995,91875,16081,0.38900107451183813,0.27689579172119294
22850,0.1931002077132134,0,2,0,563617,41993,91875,16081,0.38898254844566305,0.27690532768536696
22851,0.1931012229815839,3,1,3,563618,41992,91878,16078,0.3889732854125755,0.276872739796797
22852,0.1931065140270847,3,9,3,563627,41983,91881,16075,0.3888899181147875,0.2768782941196734
22853,0.1931080421352393,1,0,1,563627,41983,91882,16074,0.3888899181147875,0.27686583874468196
22854,0.1931197469747055,10,19,10,563646,41964,91892,16064,0.38871392048612396,0.276831874267595
22855,0.1931222137558199,0,1,0,563647,41963,91892,16064,0.3887046574530364,0.27683664501008154
22856,0.1931281596182779,0,2,0,563649,41961,91892,16064,0.3886861313868613,0.2768461869883671
22857,0.1931286757476384,5,16,5,563665,41945,91897,16059,0.38853792285746047,0.27686021653679055
22858,0.1931336233403403,3,27,3,563692,41918,91900,16056,0.3882878209640965,0.27695173698554526
22859,0.1931365713765701,8,15,8,563707,41903,91908,16048,0.38814887546778315,0.27692360787561904
22860,0.1931395470432082,2,5,2,563712,41898,91910,16046,0.3881025603023454,0.27692254590639237
22861,0.1931425634646397,5,33,5,563745,41865,91915,16041,0.3877968802104561,0.2770179256035644
22862,0.1931442979700612,0,2,0,563747,41863,91915,16041,0.387778354144281,0.27702749378281294
22863,0.1931456512263408,0,1,0,563748,41862,91915,16041,0.38776909111119345,0.2770322781203046
22864,0.1931583809920899,0,4,0,563752,41858,91915,16041,0.38773203897884323,0.277051417122921
22865,0.1931596090488272,7,18,7,563770,41840,91922,16034,0.38756530438326725,0.277050143415005
22866,0.1931678968847741,2,8,2,563778,41832,91924,16032,0.3874912001185668,0.2770634591455827
22867,0.1931685978854883,0,2,0,563780,41830,91924,16032,0.3874726740523917,0.27707303584390447
22868,0.1931928180159351,1,4,1,563784,41826,91925,16031,0.3874356219200415,0.2770796964930778
22869,0.1931933453129093,36,109,36,563893,41717,91961,15995,0.3864259513134981,0.2771520654283338
22870,0.1931960226678121,4,3,4,563896,41714,91965,15991,0.38639816221423545,0.2771163677324322
22871,0.1931967096991862,1,0,1,563896,41714,91966,15990,0.38639816221423545,0.2771038402883682
22872,0.1932008507911476,14,34,14,563930,41680,91980,15976,0.3860832190892586,0.2770917163868461
22873,0.1932081796733112,0,1,0,563931,41679,91980,15976,0.386073956056171,0.27709652241783017
22874,0.1932097730930878,22,59,22,563990,41620,92002,15954,0.38552743710400533,0.2771042484454789
22875,0.1932103907755392,0,1,0,563991,41619,92002,15954,0.38551817407091776,0.2771090615392632
22876,0.1932159443603806,1,6,1,563997,41613,92003,15953,0.38546259587239246,0.27712538651287216
22877,0.1932177894750175,1,0,1,563997,41613,92004,15952,0.38546259587239246,0.27711282897594025
22878,0.1932178911748658,2,14,2,564011,41599,92006,15950,0.3853329134091667,0.2771551199847087
22879,0.1932189262186102,87,265,87,564276,41334,92093,15863,0.38287820964096486,0.27733972061471757
22880,0.1932198141906544,2,2,2,564278,41332,92095,15861,0.3828596835747897,0.27732414806007727
22881,0.1932202558902661,1,2,1,564280,41330,92096,15860,0.38284115750861464,0.27732121000174853
22882,0.1932215181930957,63,243,63,564523,41087,92159,15797,0.38059024046833895,0.2777055059419169
22883,0.1932233037556617,6,15,6,564538,41072,92165,15791,0.3804512949720256,0.2777025482299562
22884,0.1932240044339087,12,44,12,564582,41028,92177,15779,0.38004372151617327,0.2777650641646276
22885,0.1932252034829681,3,4,3,564586,41024,92180,15776,0.38000666938382305,0.27774647887323944
22886,0.1932342504927886,1,1,1,564587,41023,92181,15775,0.3799974063507355,0.2777386527694637
22887,0.1932360606851276,1,1,1,564588,41022,92182,15774,0.3799881433176479,0.2777308261145151
22888,0.1932382306496552,38,94,38,564682,40928,92220,15736,0.37911741820741784,0.27770718622052804
22889,0.1932422268684131,7,32,7,564714,40896,92227,15729,0.3788210011486161,0.2777748344370861
22890,0.1932456344759759,20,48,20,564762,40848,92247,15709,0.3783763755604135,0.2777551850345669
22891,0.1932489892808836,1,1,1,564763,40847,92248,15708,0.37836711252732597,0.27774732561223586
22892,0.1932504255779845,1,2,1,564765,40845,92249,15707,0.3783485864611508,0.2777443768566983
22893,0.1932519296482509,2,3,2,564768,40842,92251,15705,0.3783207973618882,0.27773356676746774
22894,0.1932520675849917,6,18,6,564786,40824,92257,15699,0.3781540627663122,0.2777453426038958
22895,0.193256615172545,9,9,9,564795,40815,92266,15690,0.37807069546852423,0.27767454207592246
22896,0.1932583544239453,10,36,10,564831,40779,92276,15680,0.3777372262773723,0.2777236578756266
22897,0.193268680115061,3,7,3,564838,40772,92279,15677,0.3776723850457594,0.2777197115980797
22898,0.1932705585667516,9,47,9,564885,40725,92288,15668,0.37723702249064434,0.27783590161899524
22899,0.1932717011014418,2,1,2,564886,40724,92290,15666,0.37722775945755677,0.2778152154637347
22900,0.1932775177167499,2,1,2,564887,40723,92292,15664,0.37721849642446925,0.27779452710731195
22901,0.1932806871215076,0,2,0,564889,40721,92292,15664,0.3771999703582941,0.2778043805976767
22902,0.1932818256125326,0,1,0,564890,40720,92292,15664,0.37719070732520654,0.27780930760499434
22903,0.1932849254555372,8,15,8,564905,40705,92300,15656,0.3770517618288933,0.27778073490534233
22904,0.1932850582819386,63,220,63,565125,40485,92363,15593,0.37501389454963135,0.27805913192339243
22905,0.1932857204987791,2,1,2,565126,40484,92365,15591,0.3750046315165438,0.27803834150691037
22906,0.1932867843842751,3,4,3,565130,40480,92368,15588,0.37496757938419356,0.2780195476920882
22907,0.1932907949300147,14,34,14,565164,40446,92382,15574,0.37465263625921674,0.2780078543377365
22908,0.1932984341472822,4,2,4,565166,40444,92386,15570,0.3746341101930416,0.2779662227300318
22909,0.1933013532357156,2,7,2,565173,40437,92388,15568,0.3745692689614287,0.2779751807874297
22910,0.1933067002802151,2,4,2,565177,40433,92390,15566,0.3745322168290785,0.277969249450883
22911,0.1933105612727471,3,10,3,565187,40423,92393,15563,0.37443958649820297,0.2779802093380488
22912,0.1933131362442143,3,6,3,565193,40417,92396,15560,0.37438400829967766,0.2779713096450328
22913,0.1933150123744506,1,1,1,565194,40416,92397,15559,0.3743747452665901,0.27796337650736935
22914,0.1933177727534564,2,5,2,565199,40411,92399,15557,0.3743284301011523,0.2779624070897656
22915,0.1933213141705986,1,1,1,565200,40410,92400,15556,0.3743191670680648,0.27795447235821746
22916,0.1933223646739779,1,2,1,565202,40408,92401,15555,0.37430064100188964,0.27795150367206906
22917,0.1933314375912453,1,0,1,565202,40408,92402,15554,0.37430064100188964,0.27793860119366715
22918,0.1933316757465607,5,8,5,565210,40400,92407,15549,0.37422653673718925,0.27791381436665535
22919,0.1933322715232679,9,15,9,565225,40385,92416,15540,0.3740875912408759,0.2778721502011623
22920,0.1933357993427272,0,2,0,565227,40383,92416,15540,0.3740690651747008,0.27788208787082236
22921,0.1933374016824317,1,5,1,565232,40378,92417,15539,0.37402275000926305,0.27789402149614606
22922,0.1933388094773175,26,66,26,565298,40312,92443,15513,0.37341138982548444,0.2778862516793551
22923,0.1933416638794184,60,284,60,565582,40028,92503,15453,0.37078068842861905,0.2785277842865125
22924,0.1933433100867456,0,2,0,565584,40026,92503,15453,0.37076216236244397,0.2785378251230195
22925,0.1933453470406632,0,1,0,565585,40025,92503,15453,0.3707528993293564,0.2785428458127546
22926,0.1933521098627754,7,10,7,565595,40015,92510,15446,0.37066026899848087,0.2785020104217378
22927,0.1933621387093794,2,4,2,565599,40011,92512,15444,0.37062321686613064,0.27849607790100084
22928,0.1933676983002669,8,13,8,565612,39998,92520,15436,0.37050279743599246,0.2784572644947144
22929,0.193367777307698,12,20,12,565632,39978,92532,15424,0.37031753677424134,0.27840150175083933
22930,0.1933699198804518,70,214,70,565846,39764,92602,15354,0.3683352476935048,0.27856598570339997
22931,0.1933700320554254,1,2,1,565848,39762,92603,15353,0.36831672162732965,0.27856300462668965
22932,0.1933766384245664,13,38,13,565886,39724,92616,15340,0.3679647263700026,0.2785849193665553
22933,0.1933773231378622,4,16,4,565902,39708,92620,15336,0.3678165178406017,0.2786134728580772
22934,0.1933773738772966,1,1,1,565903,39707,92621,15335,0.3678072548075142,0.27860542858181025
22935,0.1933783905966604,0,3,0,565906,39704,92621,15335,0.3677794657082515,0.27862061447337344
22936,0.1933785359389264,0,3,0,565909,39701,92621,15335,0.36775167660898883,0.27863580202049565
22937,0.1933839628923104,2,3,2,565912,39698,92623,15333,0.3677238875097262,0.2786247751267467
22938,0.1933844001631525,0,1,0,565913,39697,92623,15333,0.3677146244766386,0.2786298382700345
22939,0.1933861618305879,1,2,1,565915,39695,92624,15332,0.3676960984104635,0.2786268559071001
22940,0.1933903411652313,1,1,1,565916,39694,92625,15331,0.36768683537737595,0.2786188096319855
22941,0.193390824559972,9,27,9,565943,39667,92634,15322,0.367436733484012,0.2786375456909564
22942,0.1933949443578381,6,21,6,565964,39646,92640,15316,0.3672422097891734,0.2786652596339289
22943,0.1933974806179768,0,1,0,565965,39645,92640,15316,0.3672329467560858,0.2786703298702716
22944,0.1933990904263438,1,2,1,565967,39643,92641,15315,0.3672144206899107,0.2786673459732887
22945,0.1934077632924207,0,4,0,565971,39639,92641,15315,0.3671773685575605,0.2786876296538923
22946,0.1934125868236645,2,9,2,565980,39630,92643,15313,0.3670940012597725,0.27870702364268424
22947,0.1934128943132264,0,6,0,565986,39624,92643,15313,0.3670384230612472,0.2787374629120629
22948,0.1934219226371625,0,2,0,565988,39622,92643,15313,0.3670198969950721,0.2787476108127787
22949,0.193427420272836,45,105,45,566093,39517,92688,15268,0.36604727852087887,0.2786894222871224
22950,0.1934295064626849,3,6,3,566099,39511,92691,15265,0.36599170032235356,0.27868044399006864
22951,0.1934332440220461,6,45,6,566144,39466,92697,15259,0.3655748638334136,0.27883051621745086
22952,0.1934375807897334,10,53,10,566197,39413,92707,15249,0.3650839230797732,0.27896893637261716
22953,0.1934377492043651,15,79,15,566276,39334,92722,15234,0.3643521434658565,0.27917460782876413
22954,0.1934586538838853,1,11,1,566287,39323,92723,15233,0.3642502501018934,0.279217684580981
22955,0.1934592784428947,1,2,1,566289,39321,92724,15232,0.36423172403571824,0.27921470863197256
22956,0.1934612224046035,1,0,1,566289,39321,92725,15231,0.36423172403571824,0.2792014958205015
22957,0.1934671217373589,3,5,3,566294,39316,92728,15228,0.3641854088702805,0.2791874449985333
22958,0.1934683561353603,8,8,8,566302,39308,92736,15220,0.36411130460558006,0.2791226525821596
22959,0.1934689540199243,0,2,0,566304,39306,92736,15220,0.3640927785394049,0.27913289073102737
22960,0.1934697310133592,2,12,2,566316,39294,92738,15218,0.3639816221423543,0.2791678896389786
22961,0.1934700606663821,3,3,3,566319,39291,92741,15215,0.36395383304309165,0.27914358052324517
22962,0.1934718109367753,12,23,12,566342,39268,92753,15203,0.3637407832820779,0.2791026417726864
22963,0.1934724435348955,0,1,0,566343,39267,92753,15203,0.3637315202489903,0.2791077657426106
22964,0.19347853553789,0,2,0,566345,39265,92753,15203,0.3637129941828152,0.27911801424689725
22965,0.1934789580655065,2,4,2,566349,39261,92755,15201,0.363675942050465,0.27911204142337775
22966,0.1934801736537839,0,1,0,566350,39260,92755,15201,0.3636666790173774,0.27911716641266227
22967,0.1934840258703158,50,126,50,566476,39134,92805,15151,0.3624995368483456,0.27910104080316844
22968,0.1934902864204905,9,12,9,566488,39122,92814,15142,0.36238838045129496,0.27904319622585877
22969,0.1934922352399472,0,4,0,566492,39118,92814,15142,0.36235132831894473,0.2790637670475488
22970,0.1935104501670094,2,7,2,566499,39111,92816,15140,0.36228648708733185,0.27907319680743214
22971,0.1935190004154638,12,24,12,566523,39087,92828,15128,0.36206417429323057,0.2790371668357466
22972,0.1935199426924492,0,4,0,566527,39083,92828,15128,0.36202712216088034,0.2790577558060172
22973,0.1935210866053127,1,0,1,566527,39083,92829,15127,0.36202712216088034,0.27904445674229844
22974,0.1935234921695202,24,61,24,566588,39022,92853,15103,0.36146207714253953,0.2790392609699769
22975,0.1935239251326318,0,1,0,566589,39021,92853,15103,0.361452814109452,0.2790444165250166
22976,0.1935261192503888,0,3,0,566592,39018,92853,15103,0.36142502501018936,0.27905988433325324
22977,0.1935267993631499,1,2,1,566594,39016,92854,15102,0.3614064989440142,0.27905687571602794
22978,0.1935306703972483,1,6,1,566600,39010,92855,15101,0.3613509207454889,0.27907449501949694
22979,0.1935310258866388,3,2,3,566602,39008,92858,15098,0.3613323946793138,0.27904483791076773
22980,0.1935313266756365,22,44,22,566646,38964,92880,15076,0.3609248212234614,0.27897853441894893
22981,0.1935375603372725,1,9,1,566655,38955,92881,15075,0.3608414539256734,0.279011660188784
22982,0.1935381596173956,6,38,6,566693,38917,92887,15069,0.36048945866834636,0.27912792205386583
22983,0.1935394010606196,0,1,0,566694,38916,92887,15069,0.3604801956352588,0.27913309252570156
22984,0.1935401624898654,11,28,11,566722,38888,92898,15058,0.3602208307088073,0.2791309828346865
22985,0.1935417070567014,6,7,6,566729,38881,92904,15052,0.3601559894771944,0.2790870153709232
22986,0.1935440634570773,72,283,72,567012,38598,92976,14980,0.3575345511134166,0.279592370002613
22987,0.1935444796200493,0,8,0,567020,38590,92976,14980,0.35746044684871614,0.2796341235766287
22988,0.1935491679112826,9,53,9,567073,38537,92985,14971,0.3569695060950758,0.2797899379532033
22989,0.1935521814771114,1,4,1,567077,38533,92986,14970,0.35693245396272555,0.279797394538624
22990,0.1935551651091019,3,4,3,567081,38529,92989,14967,0.3568954018303753,0.2797779273216689
22991,0.1935649311474917,42,208,42,567289,38321,93031,14925,0.3549686909481641,0.2803027457461593
22992,0.1935671274477761,7,12,7,567301,38309,93038,14918,0.3548575345511134,0.2802712908862044
22993,0.1935674463430877,13,27,13,567328,38282,93051,14905,0.35460743265774947,0.2802376520578337
22994,0.1935709890569328,1,2,1,567330,38280,93052,14904,0.3545889065915743,0.2802346570397112
22995,0.1935756060129436,5,17,5,567347,38263,93057,14899,0.3544314350290859,0.2802565742447613
22996,0.193575738839345,76,280,76,567627,37983,93133,14823,0.35183778576457075,0.2807067378706965
22997,0.1935818665631183,0,2,0,567629,37981,93133,14823,0.35181925969839567,0.28071736989622
22998,0.1935933836018494,7,9,7,567638,37972,93140,14816,0.35173589240060765,0.28066984920815335
22999,0.1936039043269755,25,121,25,567759,37851,93165,14791,0.3506150653970136,0.2809733672732799
23000,0.1936062163995299,2,3,2,567762,37848,93167,14789,0.35058727629775094,0.2809620609077265
23001,0.193607230384533,3,5,3,567767,37843,93170,14786,0.35054096113231314,0.2809477664405556
23002,0.1936088408245951,2,15,2,567782,37828,93172,14784,0.3504020156359999,0.28100053219797766
23003,0.1936100054118248,8,7,8,567789,37821,93180,14776,0.350337174404387,0.28092857007053634
23004,0.1936118927809906,24,56,24,567845,37765,93204,14752,0.3498184445514839,0.28089951825123294
23005,0.1936169743860986,1,7,1,567852,37758,93205,14751,0.34975360331987104,0.2809232702965206
23006,0.1936179637229284,4,14,4,567866,37744,93209,14747,0.3496239208566453,0.2809433998209217
23007,0.193618037852237,3,19,3,567885,37725,93212,14744,0.3494479232279818,0.28100402142217307
23008,0.1936181517270324,10,35,10,567920,37690,93222,14734,0.34912371706991735,0.28105447886464213
23009,0.1936266315396427,0,1,0,567921,37689,93222,14734,0.34911445403682984,0.2810598401465006
23010,0.1936309688027541,0,2,0,567923,37687,93222,14734,0.3490959279706547,0.28107056332385877
23011,0.1936380692007347,21,50,21,567973,37637,93243,14713,0.348632776316277,0.2810506208213945
23012,0.1936399968250522,1,0,1,567973,37637,93244,14712,0.348632776316277,0.28103688704655294
23013,0.1936431813370192,0,2,0,567975,37635,93244,14712,0.3486142502501019,0.2810476245057023
23014,0.1936440700539954,1,1,1,567976,37634,93245,14711,0.34860498721701433,0.2810392587639698
23015,0.1936459954750761,0,1,0,567977,37633,93245,14711,0.34859572418392676,0.2810446278465536
23016,0.1936501296562021,10,16,10,567993,37617,93255,14701,0.3484475156545259,0.280993157230781
23017,0.1936563460211927,0,2,0,567995,37615,93255,14701,0.34842898958835083,0.2810038993806866
23018,0.1936602170552911,1,2,1,567997,37613,93256,14700,0.3484104635221757,0.2810008984382467
23019,0.1936605725446816,1,0,1,567997,37613,93257,14699,0.3484104635221757,0.2809871539990824
23020,0.1936635665664533,3,25,3,568022,37588,93260,14696,0.34817888769498684,0.28108025399739883
23021,0.1936673189819727,17,41,17,568063,37547,93277,14679,0.34779910333839714,0.2810669015432926
23022,0.1936677062754384,7,12,7,568075,37535,93284,14672,0.34768794694134647,0.28103511023425976
23023,0.193668054434703,1,4,1,568079,37531,93285,14671,0.34765089480899625,0.28104287192061606
23024,0.1936740262780921,0,1,0,568080,37530,93285,14671,0.3476416317759087,0.2810482557805406
23025,0.1936803761872051,1,8,1,568088,37522,93286,14670,0.3475675275112083,0.2810775597792765
23026,0.1936806365574986,8,25,8,568113,37497,93294,14662,0.34733595168401943,0.2811020149926187
23027,0.1936807715427086,0,4,0,568117,37493,93294,14662,0.3472988995516692,0.281123573962228
23028,0.1936819030083939,0,1,0,568118,37492,93294,14662,0.34728963651858163,0.2811289642213445
23029,0.1936849637444771,1,3,1,568121,37489,93295,14661,0.347261847419319,0.2811313518696069
23030,0.1936901355096192,10,10,10,568131,37479,93305,14651,0.34716921708844345,0.2810473815461347
23031,0.193701458477735,5,4,5,568135,37475,93310,14646,0.3471321649560932,0.2809999808138754
23032,0.1937015855544526,2,1,2,568136,37474,93312,14644,0.34712290192300566,0.2809777811888407
23033,0.193706203318068,13,29,13,568165,37445,93325,14631,0.3468542739634666,0.28095475842998696
23034,0.1937110106609325,0,2,0,568167,37443,93325,14631,0.3468357478972915,0.28096554902638554
23035,0.1937141718774787,6,8,6,568175,37435,93331,14625,0.34676164363259104,0.28092585478294274
23036,0.1937157164443148,1,5,1,568180,37430,93332,14624,0.3467153284671533,0.28093902485880046
23037,0.1937181008302424,42,132,42,568312,37298,93374,14582,0.34549260809959614,0.28107170393215114
23038,0.1937188470231977,4,9,4,568321,37289,93378,14578,0.3454092408018081,0.2810650317157345
23039,0.1937191073934913,9,19,9,568340,37270,93387,14569,0.34523324317314463,0.28104323000057874
23040,0.1937207650470412,2,10,2,568350,37260,93389,14567,0.34514061284226905,0.28106971269801456
23041,0.1937263101998738,1,2,1,568352,37258,93390,14566,0.34512208677609396,0.28106668724915096
23042,0.1937291744967152,1,2,1,568354,37256,93391,14565,0.3451035607099189,0.28106366144999134
23043,0.1937321196796518,2,9,2,568363,37247,93393,14563,0.34502019341213086,0.2810847326770894
23044,0.1937357630575727,1,0,1,568363,37247,93394,14562,0.34502019341213086,0.2810708564149086
23045,0.193738940535105,11,35,11,568398,37212,93405,14551,0.34469598725406647,0.2811081274269266
23046,0.1937433276469393,0,3,0,568401,37209,93405,14551,0.3446681981548038,0.2811244204018547
23047,0.193743431984899,9,9,9,568410,37200,93414,14542,0.3445848308570158,0.28104827799466586
23048,0.1937481147254655,14,31,14,568441,37169,93428,14528,0.34429767683130164,0.2810221096001702
23049,0.1937496872818753,9,15,9,568456,37154,93437,14519,0.3441587313349883,0.2809784607048168
23050,0.1937514270804165,0,1,0,568457,37153,93437,14519,0.3441494683019008,0.28098389843629046
23051,0.1937570022381325,4,9,4,568466,37144,93441,14515,0.3440661010041128,0.280977177258561
23052,0.1937575031364358,14,36,14,568502,37108,93455,14501,0.3437326318129608,0.28097812397062527
23053,0.1937579648335325,0,1,0,568503,37107,93455,14501,0.3437233687798733,0.2809835684390017
23054,0.1937593237470473,17,55,17,568558,37052,93472,14484,0.3432139019600578,0.28104625892579943
23055,0.1937596345773308,1,0,1,568558,37052,93473,14483,0.3432139019600578,0.28103230814009894
23056,0.1937712629293911,7,31,7,568589,37021,93480,14476,0.34292674793434363,0.2811037536167155
23057,0.19377183891409,3,14,3,568603,37007,93483,14473,0.3427970654711179,0.28113830613830615
23058,0.1937726812478697,6,11,6,568614,36996,93489,14467,0.3426951721071548,0.2811145871791384
23059,0.1937740326419814,2,2,2,568616,36994,93491,14465,0.34267664604097964,0.28109757282496745
23060,0.1937760166145269,18,65,18,568681,36929,93509,14447,0.34207454889028865,0.28120133914668327
23061,0.1937799089926604,50,104,50,568785,36825,93559,14397,0.341111193449183,0.28107063371207686
23062,0.1937803145263415,5,10,5,568795,36815,93564,14392,0.34101856311830747,0.281055324467358
23063,0.1937805023582453,101,405,101,569200,36410,93665,14291,0.337267034717848,0.28186820772765825
23064,0.193780966977897,6,6,6,569206,36404,93671,14285,0.33721145651932266,0.2818165676971335
23065,0.1937816552392464,1,2,1,569208,36402,93672,14284,0.3371929304531476,0.28181351852582565
23066,0.1937828502122085,1,1,1,569209,36401,93673,14283,0.33718366742006,0.2818049088469734
23067,0.1937851097714553,6,15,6,569224,36386,93679,14277,0.33704472192374674,0.28180328839587077
23068,0.1937867853984103,0,1,0,569225,36385,93679,14277,0.33703545889065917,0.2818088508152067
23069,0.1937893738017927,5,31,5,569256,36354,93684,14272,0.336748304864945,0.2819104807806266
23070,0.1937900985448127,1,0,1,569256,36354,93685,14271,0.336748304864945,0.2818962962962963
23071,0.1937921611146457,2,3,2,569259,36351,93687,14269,0.3367205157656823,0.2818846305807981
23072,0.1937939766531083,0,3,0,569262,36348,93687,14269,0.33669272666641964,0.2819013374953079
23073,0.193796893451685,8,15,8,569277,36333,93695,14261,0.3365537811701063,0.2818713681464205
23074,0.1937999490035651,2,1,2,569278,36332,93697,14259,0.3365445181370188,0.2818485501373762
23075,0.1938024689916437,6,18,6,569296,36314,93703,14253,0.3363777835414428,0.281863666027251
23076,0.1938040542100169,83,303,83,569599,36011,93786,14170,0.3335710845159139,0.2823777923915426
23077,0.1938096809728702,16,37,16,569636,35974,93802,14154,0.3332283522916744,0.28235716565592084
23078,0.1938103182007514,1,1,1,569637,35973,93803,14153,0.33321908925858684,0.28234848182579897
23079,0.1938216621093114,58,206,58,569843,35767,93861,14095,0.3313109044425507,0.2826801973446713
23080,0.1938233736711639,2,1,2,569844,35766,93863,14093,0.3313016414094631,0.2826570930022664
23081,0.1938241390438154,1,6,1,569850,35760,93864,14092,0.3312460632109378,0.2826767231003771
23082,0.1938335983586567,2,8,2,569858,35752,93866,14090,0.33117195894623735,0.28269331086232496
23083,0.1938348601109432,16,59,16,569917,35693,93882,14074,0.3306254399940717,0.28279783792472923
23084,0.1938350121275268,4,1,4,569918,35692,93886,14070,0.3306161769609841,0.2827458703428319
23085,0.193838182283292,6,27,6,569945,35665,93892,14064,0.33036607506762017,0.2828128456232782
23086,0.193840510571783,1,3,1,569948,35662,93893,14063,0.33033828596835746,0.28281548516842636
23087,0.1938405681017371,7,21,7,569969,35641,93900,14056,0.3301437622735188,0.28283397388172327
23088,0.1938461980084973,2,4,2,569973,35637,93902,14054,0.3301067101411686,0.28282787627538186
23089,0.1938474135967747,0,2,0,569975,35635,93902,14054,0.3300881840749935,0.28283926019843425
23090,0.19385003641262,0,2,0,569977,35633,93902,14054,0.33006965800881843,0.2828506450379375
23091,0.1938529390953686,0,1,0,569978,35632,93902,14054,0.33006039497573086,0.28285633780139274
23092,0.1938629509409183,68,251,68,570229,35381,93970,13986,0.3277353736707547,0.2833066623452914
23093,0.193868946407464,0,4,0,570233,35377,93970,13986,0.32769832153840456,0.2833296193505257
23094,0.1938714891352882,10,31,10,570264,35346,93980,13976,0.32741116751269034,0.28336239406350106
23095,0.1938718791741411,7,10,7,570274,35336,93987,13969,0.3273185371818148,0.2833181218943312
23096,0.1938725471205248,1,2,1,570276,35334,93988,13968,0.3273000111156397,0.2833150784958014
23097,0.1938726415288034,2,3,2,570279,35331,93990,13966,0.32727222201637707,0.2833032436050875
23098,0.1938733309469358,10,41,10,570320,35290,94000,13956,0.3268924376597873,0.2833935751126995
23099,0.193874882688852,16,64,16,570384,35226,94016,13940,0.32629960354218385,0.283529268193467
23100,0.1938776613835083,3,2,3,570386,35224,94019,13937,0.32628107747600876,0.2834970810195073
23101,0.1938783435921047,2,6,2,570392,35218,94021,13935,0.3262254992774834,0.28350253290745225
23102,0.1938833625014624,1,0,1,570392,35218,94022,13934,0.3262254992774834,0.2834879557291667
23103,0.1938846688444899,3,4,3,570396,35214,94025,13931,0.3261884471451332,0.28346729067046494
23104,0.1938858844327673,0,1,0,570397,35213,94025,13931,0.32617918411204566,0.2834730587660752
23105,0.1938895965266361,48,138,48,570535,35075,94073,13883,0.3249008855459632,0.28356959026104006
23106,0.1938939963368075,1,0,1,570535,35075,94074,13882,0.3249008855459632,0.2835549563903017
23107,0.1938976415263798,11,48,11,570583,35027,94085,13871,0.32445625995776056,0.2836721338296045
23108,0.1939068606180217,5,13,5,570596,35014,94090,13866,0.3243358405276224,0.2836743044189853
23109,0.1939100490162881,23,68,23,570664,34946,94113,13843,0.3237059542776687,0.28373198876795996
23110,0.1939101507709854,13,17,13,570681,34929,94126,13830,0.3235484827151803,0.28363994339506554
23111,0.1939225296738384,1,2,1,570683,34927,94127,13829,0.32352995664900513,0.28363688571662976
23112,0.1939236966694886,0,3,0,570686,34924,94127,13829,0.3235021675497425,0.28365433922015054
23113,0.1939280301503181,149,606,149,571292,34318,94276,13680,0.31788876949868466,0.2850118754948123
23114,0.1939333331346606,0,3,0,571295,34315,94276,13680,0.317860980399422,0.28502969059277006
23115,0.193934606537173,5,2,5,571297,34313,94281,13675,0.31784245433324687,0.28496707510210884
23116,0.1939397084980544,1,0,1,571297,34313,94282,13674,0.31784245433324687,0.28495217454727323
23117,0.1939426490712664,1,10,1,571307,34303,94283,13673,0.31774982400237134,0.28499666499916626
23118,0.1939437861318248,56,129,56,571436,34174,94339,13617,0.31655489273407683,0.28492812454227784
23119,0.1939438653133937,2,2,2,571438,34172,94341,13615,0.31653636666790175,0.28491012199970706
23120,0.1939474648655436,8,9,8,571447,34163,94349,13607,0.31645299937011373,0.28484404437931754
23121,0.1939481880735775,1,0,1,571447,34163,94350,13606,0.31645299937011373,0.28482907324834095
23122,0.1939676422760289,2,1,2,571448,34162,94352,13604,0.3164437363370262,0.284805091487669
23123,0.1939679860407216,1,1,1,571449,34161,94353,13603,0.31643447330393865,0.2847960807302571
23124,0.1939690003737261,1,2,1,571451,34159,94354,13602,0.3164159472377635,0.28479303197169237
23125,0.1939709028392984,0,7,0,571458,34152,94354,13602,0.31635110600615063,0.2848347782384722
23126,0.1939766125682692,11,29,11,571487,34123,94365,13591,0.3160824780466116,0.28484302301211384
23127,0.1939799742761173,1,2,1,571489,34121,94366,13590,0.31606395198043646,0.28483997401018635
23128,0.1939815111099138,9,19,9,571508,34102,94375,13581,0.31588795435177297,0.28481848876958243
23129,0.1939847305883034,1,0,1,571508,34102,94376,13580,0.31588795435177297,0.2848034897865022
23130,0.1939910771980591,1,10,1,571518,34092,94377,13579,0.3157953240208974,0.28484823058043673
23131,0.1939951454270964,2,0,2,571518,34092,94379,13577,0.3157953240208974,0.28481822568126036
23132,0.1939956714969247,10,15,10,571533,34077,94389,13567,0.3156563785245841,0.2847577869196541
23133,0.194000058608759,1,3,1,571536,34074,94390,13566,0.3156285894253214,0.28476070528967257
23134,0.1940021930753263,17,40,17,571576,34034,94407,13549,0.3152580681018193,0.28474455162558054
23135,0.1940059138740167,8,26,8,571602,34008,94415,13541,0.31501722924154285,0.28477991124944796
23136,0.1940063543671839,1,3,1,571605,34005,94416,13540,0.3149894401422802,0.2847828373120202
23137,0.1940064182436949,7,17,7,571622,33988,94423,13533,0.3148319685797918,0.2847793607036889
23138,0.1940076077462701,2,2,2,571624,33986,94425,13531,0.31481344251361665,0.2847612433444872
23139,0.1940121916709053,4,12,4,571636,33974,94429,13527,0.31470228611656603,0.28477295214837584
23140,0.1940132354180669,0,2,0,571638,33972,94429,13527,0.3146837600503909,0.2847849428409019
23141,0.194016054708867,20,47,20,571685,33925,94449,13507,0.31424839749527583,0.2847655591162085
23142,0.1940328635204807,7,18,7,571703,33907,94456,13500,0.31408166289969985,0.28476807222562067
23143,0.1940353662744526,11,25,11,571728,33882,94467,13489,0.313850087072511,0.284752274598383
23144,0.1940354715999422,0,1,0,571729,33881,94467,13489,0.3138408240394235,0.28475828583491664
23145,0.1940368296976394,0,1,0,571730,33880,94467,13489,0.3138315610063359,0.28476429732525493
23146,0.1940369603285316,17,55,17,571785,33825,94484,13472,0.31332209418652046,0.2848383618411316
23147,0.1940488920764654,0,2,0,571787,33823,94484,13472,0.3133035681203453,0.28485040701976955
23148,0.1940575768083609,30,97,30,571884,33726,94514,13442,0.31240505391085255,0.2849813432835821
23149,0.1940602615119647,9,17,9,571901,33709,94523,13433,0.31224758234836414,0.2849476051079717
23150,0.1940641531952158,0,2,0,571903,33707,94523,13433,0.31222905628218905,0.28495969452694103
23151,0.1940650616225384,3,9,3,571912,33698,94526,13430,0.31214568898440104,0.28496859616363945
23152,0.194067347438907,1,4,1,571916,33694,94527,13429,0.3121086368520508,0.28497761178193237
23153,0.1940742131639015,17,46,17,571962,33648,94544,13412,0.3116825373300233,0.2849978750531237
23154,0.1940770115235864,2,3,2,571965,33645,94546,13410,0.31165474823076067,0.2849856550844756
23155,0.1940808700056351,2,7,2,571972,33638,94548,13408,0.3115899069991478,0.28499766186285763
23156,0.1940810221472333,62,150,62,572122,33488,94610,13346,0.31020045203601465,0.2849639151044113
23157,0.1940826174440935,1,1,1,572123,33487,94611,13345,0.31019118900292714,0.28495473180731123
23158,0.1940841601585988,2,2,2,572125,33485,94613,13343,0.310172662936752,0.28493636285982743
23159,0.1940866416874871,9,35,9,572160,33450,94622,13334,0.3098484567786876,0.28501196990424077
23160,0.1940880600059657,5,13,5,572173,33437,94627,13329,0.3097280373485494,0.2850147543086858
23161,0.1940903293204764,1,7,1,572180,33430,94628,13328,0.30966319611693655,0.2850421318277086
23162,0.1940920314160365,3,1,3,572181,33429,94631,13325,0.309653933083849,0.2850023527398725
23163,0.1940949132451117,11,39,11,572220,33390,94642,13314,0.30929267479343436,0.28507194244604317
23164,0.1941136942328585,15,60,15,572280,33330,94657,13299,0.3087368928081811,0.28520877565463554
23165,0.1941157036441209,60,202,60,572482,33128,94717,13239,0.3068657601244952,0.28552634416718786
23166,0.1941196819027379,84,313,84,572795,32815,94801,13155,0.3039664307680907,0.28616489014574725
23167,0.1941312486591435,6,11,6,572806,32804,94807,13149,0.3038645374041276,0.2861401867125106
23168,0.1941319231149018,1,0,1,572806,32804,94808,13148,0.3038645374041276,0.28612465181058494
23169,0.19413875242926,1,4,1,572810,32800,94809,13147,0.3038274852717774,0.28613402398415566
23170,0.1941502764735301,1,1,1,572811,32799,94810,13146,0.3038182222386898,0.2861247143323539
23171,0.1941558893298791,1,2,1,572813,32797,94811,13145,0.30379969617251473,0.2861216316224805
23172,0.1941572512665655,2,3,2,572816,32794,94813,13143,0.3037719070732521,0.28610923656311904
23173,0.1941583337284639,0,8,0,572824,32786,94813,13143,0.30369780280855163,0.2861590716105293
23174,0.1941589056326014,9,34,9,572858,32752,94822,13134,0.3033828596835748,0.28623109445146666
23175,0.1941640357917652,1,6,1,572864,32746,94823,13133,0.30332728148504945,0.28625296976830356
23176,0.1941644326480773,1,5,1,572869,32741,94824,13132,0.3032809663196117,0.2862686111656094
23177,0.1941666588506794,2,2,2,572871,32739,94826,13130,0.30326244025343657,0.28624997274847935
23178,0.1941668817328051,8,33,8,572904,32706,94834,13122,0.3029567601615473,0.286331500392773
23179,0.1941733339701752,1,8,1,572912,32698,94835,13121,0.3028826558968469,0.28636591806892336
23180,0.1941741975867213,0,3,0,572915,32695,94835,13121,0.3028548667975842,0.2863846691112275
23181,0.1941742535076316,2,1,2,572916,32694,94837,13119,0.30284560376449665,0.286359766878397
23182,0.1941779402733204,4,1,4,572917,32693,94841,13115,0.3028363407314091,0.28630370241005937
23183,0.1941804276313083,0,3,0,572920,32690,94841,13115,0.3028085516321464,0.2863224538805807
23184,0.1941836115586643,0,3,0,572923,32687,94841,13115,0.3027807625328838,0.2863412078075193
23185,0.1941898081700075,5,1,5,572924,32686,94846,13110,0.3027714994997962,0.28626954319154513
23186,0.1941900640964803,2,7,2,572931,32679,94848,13108,0.3027066582681833,0.2862821324830192
23187,0.1942030917143351,11,20,11,572951,32659,94859,13097,0.30252139760643226,0.2862356849374945
23188,0.1942038535918357,15,53,15,573004,32606,94874,13082,0.3020304568527919,0.28633339170022765
23189,0.194206872908094,1,1,1,573005,32605,94875,13081,0.3020211938197043,0.2863240379985116
23190,0.1942072837867487,30,60,30,573065,32545,94905,13051,0.3014654118344511,0.2862312483551189
23191,0.1942076976879391,2,5,2,573070,32540,94907,13049,0.3014190966690133,0.28623132773256704
23192,0.1942113401512818,0,1,0,573071,32539,94907,13049,0.3014098336359258,0.2862376063876459
23193,0.1942124294691859,1,3,1,573074,32536,94908,13048,0.30138204453666306,0.28624078624078625
23194,0.1942135301719562,9,8,9,573082,32528,94917,13039,0.30130794027196267,0.2861500647398337
23195,0.1942167624996415,0,7,0,573089,32521,94917,13039,0.3012430990403498,0.28619402985074627
23196,0.1942228288017713,0,6,0,573095,32515,94917,13039,0.30118752084182443,0.28623172498573124
23197,0.1942234689875366,8,21,8,573116,32494,94925,13031,0.3009929971469858,0.28623833058758924
23198,0.1942308972057869,3,7,3,573123,32487,94928,13028,0.3009281559153729,0.28623530704163463
23199,0.1942434258840321,7,14,7,573137,32473,94935,13021,0.30079847345214716,0.28621356662417025
23200,0.1942457250400148,0,2,0,573139,32471,94935,13021,0.3007799473859721,0.28622614965268617
23201,0.194246494583258,1,2,1,573141,32469,94936,13020,0.30076142131979694,0.28622304293345646
23202,0.1942552054555916,4,16,4,573157,32453,94940,13016,0.3006132127903961,0.2862609690118542
23203,0.1942614697729447,0,1,0,573158,32452,94940,13016,0.30060394975730853,0.2862672648895927
23204,0.1942643387080897,0,3,0,573161,32449,94940,13016,0.3005761606580459,0.28628615418453757
23205,0.194268922632725,2,20,2,573181,32429,94942,13014,0.3003908999962948,0.28638074070813985
23206,0.1942723285623265,3,2,3,573183,32427,94945,13011,0.3003723739301197,0.2863462300277301
23207,0.1942795807832854,88,297,88,573480,32130,95033,12923,0.2976212531031161,0.286839944065878
23208,0.1942807002454856,0,1,0,573481,32129,95033,12923,0.29761199007002853,0.28684631092959245
23209,0.1942820242603621,1,3,1,573484,32126,95034,12922,0.2975842009707659,0.28684958266737703
23210,0.1942877036204718,1,2,1,573486,32124,95035,12921,0.29756567490459074,0.28684648684648684
23211,0.1942895944823003,15,40,15,573526,32084,95050,12906,0.2971951535810886,0.2868637474994443
23212,0.1942936912903513,4,31,4,573557,32053,95054,12902,0.2969079995553744,0.2869981092203314
23213,0.1942937533609429,16,65,16,573622,31988,95070,12886,0.2963059024046834,0.28715960244239425
23214,0.1942987265297002,1,0,1,573622,31988,95071,12885,0.2963059024046834,0.2871437167116083
23215,0.1943000719551145,5,37,5,573659,31951,95076,12880,0.2959631701804439,0.2873011978318574
23216,0.1943018873847168,42,101,42,573760,31850,95118,12838,0.29502760383860094,0.28728070175438597
23217,0.1943112552079454,2,1,2,573761,31849,95120,12836,0.29501834080551337,0.2872552310618776
23218,0.1943168767154504,0,3,0,573764,31846,95120,12836,0.2949905517062507,0.2872745177028781
23219,0.1943261063759631,2,1,2,573765,31845,95122,12834,0.29498128867316314,0.2872490431746458
23220,0.1943288331309298,0,2,0,573767,31843,95122,12834,0.294962762606988,0.287261902097276
23221,0.1943380747258857,1,0,1,573767,31843,95123,12833,0.294962762606988,0.2872459486077536
23222,0.1943393951285013,39,150,39,573917,31693,95162,12794,0.2935733076438549,0.2875896329264729
23223,0.1943408911204185,3,9,3,573926,31684,95165,12791,0.2934899403460669,0.28759977515458124
23224,0.194343511968392,0,6,0,573932,31678,95165,12791,0.2934343621475416,0.28763857968472417
23225,0.1943446652966813,14,52,14,573984,31626,95179,12777,0.2929526844269888,0.2877508276467806
23226,0.194346091648443,2,9,2,573993,31617,95181,12775,0.2928693171292008,0.28777707695080196
23227,0.194348262895245,1,0,1,573993,31617,95182,12774,0.2928693171292008,0.2877610326417517
23228,0.1943614412967421,0,2,0,573995,31615,95182,12774,0.2928507910630257,0.2877739980625831
23229,0.1943657609088725,9,14,9,574009,31601,95191,12765,0.29272110859979994,0.2877203263760537
23230,0.1943711609259132,22,67,22,574076,31534,95213,12743,0.29210048538293376,0.28780179325609234
23231,0.1943895919219976,5,56,5,574132,31478,95218,12738,0.29158175553003074,0.2880857608105663
23232,0.1943913486114725,5,12,5,574144,31466,95223,12733,0.2914705991329801,0.2880834408018281
23233,0.1943916520977423,3,6,3,574150,31460,95226,12730,0.29141502093445476,0.28807422493776874
23234,0.1943975891315793,0,2,0,574152,31458,95226,12730,0.2913964948682797,0.2880872635104553
23235,0.1944030236673544,8,8,8,574160,31450,95234,12722,0.29132239060357923,0.2880105043919225
23236,0.1944054150796919,0,2,0,574162,31448,95234,12722,0.29130386453740414,0.28802354539280056
23237,0.1944056932768116,4,27,4,574189,31421,95238,12718,0.29105376264404015,0.2881352092254016
23238,0.1944066327019559,5,10,5,574199,31411,95243,12713,0.2909611323131646,0.28811984407578645
23239,0.194411570918405,0,4,0,574203,31407,95243,12713,0.2909240801808144,0.2881459655485041
23240,0.1944143952902805,2,30,2,574233,31377,95245,12711,0.2906461891881878,0.2883097441480675
23241,0.1944184748853107,3,8,3,574241,31369,95248,12708,0.29057208492348735,0.28831363296050094
23242,0.1944192048819594,1,7,1,574248,31362,95249,12707,0.2905072436918745,0.28834327985658853
23243,0.1944292148432049,5,8,5,574256,31354,95254,12702,0.290433139427174,0.28831487198111494
23244,0.1944293577081979,0,2,0,574258,31352,95254,12702,0.29041461336099894,0.28832796113860265
23245,0.194430030052635,11,35,11,574293,31317,95265,12691,0.29009040720293455,0.2883793855662607
23246,0.1944335902327859,1,2,1,574295,31315,95266,12690,0.2900718811367594,0.2883763208726281
23247,0.1944353704581052,6,16,6,574311,31299,95272,12684,0.2899236726073586,0.2883841484209808
23248,0.1944405890179242,19,28,19,574339,31271,95291,12665,0.28966430768090706,0.28826019664967223
23249,0.1944412811530157,30,82,30,574421,31189,95321,12635,0.2889047389677276,0.2883123402701716
23250,0.194442433946012,10,17,10,574438,31172,95331,12625,0.28874726740523915,0.2882617530881111
23251,0.1944432580826815,8,35,8,574473,31137,95339,12617,0.28842306124717476,0.28836220688394204
23252,0.1944445978322619,12,26,12,574499,31111,95351,12605,0.2881822223868984,0.28833836581571964
23253,0.1944528898454618,1,5,1,574504,31106,95352,12604,0.2881359072214606,0.28835506749027684
23254,0.1944529376443181,9,21,9,574525,31085,95361,12595,0.28794138352662196,0.28834706959706957
23255,0.1944575439474633,2,12,2,574537,31073,95363,12593,0.2878302271295713,0.2883937159345944
23256,0.1944636038699137,2,2,2,574539,31071,95365,12591,0.2878117010633962,0.2883743300810774
23257,0.194465583538351,22,49,22,574588,31022,95387,12569,0.28735781244210606,0.2883393361014888
23258,0.1944684437508117,8,15,8,574603,31007,95395,12561,0.28721886694579274,0.2883079324274697
23259,0.1944731755320584,7,21,7,574624,30986,95402,12554,0.2870243432509541,0.2883325677537896
23260,0.1944758967723302,2,15,2,574639,30971,95404,12552,0.2868853977546408,0.2883992371849367
23261,0.1944844178821282,5,10,5,574649,30961,95409,12547,0.28679276742376525,0.28838374551806567
23262,0.1944895457914962,20,65,20,574714,30896,95429,12527,0.2861906702730742,0.2884876678258066
23263,0.1944909879547849,0,2,0,574716,30894,95429,12527,0.2861721442068991,0.28850095575873425
23264,0.1945028579162871,26,90,26,574806,30804,95455,12501,0.28533847122901923,0.28867336335296157
23265,0.1945059754329083,0,1,0,574807,30803,95455,12501,0.28532920819593166,0.28868002955847033
23266,0.1945084183418375,6,4,6,574811,30799,95461,12495,0.28529215606358144,0.2886081212177207
23267,0.1945147143293239,4,4,4,574815,30795,95465,12491,0.28525510393123127,0.28856905234948943
23268,0.1945209378508257,0,1,0,574816,30794,95465,12491,0.2852458408981437,0.28857571907127183
23269,0.1945230764460352,0,5,0,574821,30789,95465,12491,0.2851995257327059,0.2886090573012939
23270,0.1945253332865139,0,4,0,574825,30785,95465,12491,0.2851624736003557,0.28863573343192533
23271,0.1945340140886398,4,2,4,574827,30783,95469,12487,0.2851439475341806,0.28858331407441645
23272,0.1945341469150412,11,34,11,574861,30749,95480,12476,0.2848290044092037,0.28862926547137074
23273,0.194539904485498,4,10,4,574871,30739,95484,12472,0.2847363740783282,0.2886302099002569
23274,0.1945493544488859,5,11,5,574882,30728,95489,12467,0.2846344807143651,0.28862136821391365
23275,0.1945517916775456,1,1,1,574883,30727,95490,12466,0.2846252176812776,0.2886115805801866
23276,0.1945561657121392,1,2,1,574885,30725,95491,12465,0.28460669161510244,0.28860847418383884
23277,0.1945586183465365,49,122,49,575007,30603,95540,12416,0.28347660157842086,0.2886166577558753
23278,0.1945604783927541,7,24,7,575031,30579,95547,12409,0.2832542887843195,0.28866195217269935
23279,0.1945706872402004,3,24,3,575055,30555,95550,12406,0.28303197599021823,0.2887735387909965
23280,0.1945782724294449,4,14,4,575069,30541,95554,12402,0.2829022935269925,0.2888014344596325
23281,0.1945797026644249,3,5,3,575074,30536,95557,12399,0.2828559783615547,0.2887853732386165
23282,0.1945806420895692,1,3,1,575077,30533,95558,12398,0.28282818926229203,0.288788986979106
23283,0.1945827768266833,0,1,0,575078,30532,95558,12398,0.2828189262292045,0.2887957139529467
23284,0.1945854924819748,0,1,0,575079,30531,95558,12398,0.28280966319611694,0.2888024412401873
23285,0.1945906987515506,5,14,5,575093,30517,95563,12393,0.2826799807328912,0.2888137963178746
23286,0.194592484272924,0,7,0,575100,30510,95563,12393,0.2826151395012783,0.28886091881686593
23287,0.1945932348473624,0,2,0,575102,30508,95563,12393,0.28259661343510317,0.2888743852124659
23288,0.1945946853290458,5,33,5,575135,30475,95568,12388,0.2822909333432139,0.28901383477591397
23289,0.1945999071781434,46,115,46,575250,30360,95614,12342,0.28122568453814517,0.2890262751159196
23290,0.1946002429302117,0,6,0,575256,30354,95614,12342,0.28117010633961986,0.2890668915120854
23291,0.1946077338094113,0,1,0,575257,30353,95614,12342,0.2811608433065323,0.28907366202131396
23292,0.1946093798457185,1,3,1,575260,30350,95615,12341,0.28113305420726964,0.2890773230891757
23293,0.1946097333563323,25,78,25,575338,30272,95640,12316,0.2804105376264404,0.2891894430355969
23294,0.1946139645401711,3,3,3,575341,30269,95643,12313,0.28038274852717776,0.28915973885679397
23295,0.1946145253305904,2,2,2,575343,30267,95645,12311,0.2803642224610026,0.2891399314199822
23296,0.1946160416610073,0,2,0,575345,30265,95645,12311,0.28034569639482754,0.2891535137166479
23297,0.1946172674702948,2,13,2,575358,30252,95647,12309,0.2802252769646893,0.28920843025304854
23298,0.1946206159714898,3,7,3,575365,30245,95650,12306,0.2801604357330764,0.28920589410354636
23299,0.1946250873281618,58,164,58,575529,30081,95708,12248,0.2786412983067176,0.2893524534007418
23300,0.194625727057669,1,3,1,575532,30078,95709,12247,0.27861350920745487,0.28935617247489664
23301,0.1946266536889396,13,64,13,575596,30014,95722,12234,0.2780206750898514,0.2895758379094868
23302,0.1946317838481035,3,6,3,575602,30008,95725,12231,0.2779650968913261,0.28956651435876796
23303,0.1946395929259644,3,8,3,575610,30000,95728,12228,0.27789099262662564,0.28957090082409775
23304,0.1946433718201734,1,4,1,575614,29996,95729,12227,0.2778539404942754,0.28958150770906854
23305,0.1946506061505967,1,2,1,575616,29994,95730,12226,0.27783541442810034,0.28957839886309805
23306,0.1946524754303136,1,3,1,575619,29991,95731,12225,0.2778076253288377,0.28958214894826606
23307,0.1946591384211962,3,3,3,575622,29988,95734,12222,0.27777983622957503,0.28955223880597014
23308,0.1946635581641545,75,128,75,575750,29860,95809,12147,0.2765941679943681,0.28916609136572474
23309,0.194665574790631,154,518,154,576268,29342,95963,11993,0.27179591685501503,0.2901415265513487
23310,0.1946672928249044,14,40,14,576308,29302,95977,11979,0.27142539553151285,0.29018192388750275
23311,0.1946673119117527,0,1,0,576309,29301,95977,11979,0.2714161324984253,0.2901889534883721
23312,0.1946692068087166,0,4,0,576313,29297,95977,11979,0.27137908036607505,0.290217075297994
23313,0.1946698525720727,1,2,1,576315,29295,95978,11978,0.27136055429989997,0.2902139413175684
23314,0.1946712745903216,12,27,12,576342,29268,95990,11966,0.271110452406536,0.2901974099044478
23315,0.1946752058471303,6,8,6,576350,29260,95996,11960,0.2710363481418356,0.2901504124211548
23316,0.1946765089059386,9,20,9,576370,29240,96005,11951,0.27085108748008446,0.29013619479983493
23317,0.1946784458219609,0,1,0,576371,29239,96005,11951,0.27084182444699695,0.2901432386501578
23318,0.1946809714120934,27,67,27,576438,29172,96032,11924,0.27022120123013077,0.29014989293361887
23319,0.1946832813312399,1,1,1,576439,29171,96033,11923,0.27021193819704326,0.2901396797586022
23320,0.1946848149899902,0,1,0,576440,29170,96033,11923,0.2702026751639557,0.2901467403207359
23321,0.194685712370182,1,1,1,576441,29169,96034,11922,0.2701934121308681,0.29013652624662334
23322,0.1946900250507969,3,7,3,576448,29162,96037,11919,0.27012857089925524,0.29013412526472093
23323,0.1946921014199249,9,20,9,576468,29142,96046,11910,0.2699433102375042,0.2901198479976615
23324,0.1947080061848269,19,27,19,576495,29115,96065,11891,0.2696932083441402,0.28998195386041065
23325,0.1947157222522955,19,44,19,576539,29071,96084,11872,0.26928563488828783,0.2899640964267396
23326,0.1947205532593301,0,2,0,576541,29069,96084,11872,0.2692671088221127,0.289978261400552
23327,0.1947269677451095,1,0,1,576541,29069,96085,11871,0.2692671088221127,0.2899609184171959
23328,0.1947326277341498,6,20,6,576561,29049,96091,11865,0.2690818481603616,0.2899985335093122
23329,0.1947351412356661,1,0,1,576561,29049,96092,11864,0.2690818481603616,0.2899811795761738
23330,0.1947370361326299,0,3,0,576564,29046,96092,11864,0.26905405906109897,0.2900024443901247
23331,0.1947391233117844,22,35,22,576599,29011,96114,11842,0.2687298529030346,0.2898685531050351
23332,0.1947409674619639,3,13,3,576612,28998,96117,11839,0.26860943347289634,0.28990866126307024
23333,0.194748704588964,1,11,1,576623,28987,96118,11838,0.2685075401089333,0.28996938150642987
23334,0.1947491637831719,2,5,2,576628,28982,96120,11836,0.2684612249434955,0.28997011122543975
23335,0.1947649681908442,1,4,1,576632,28978,96121,11835,0.2684241728111453,0.2899811334623772
23336,0.1947657091508376,21,34,21,576666,28944,96142,11814,0.26810922968616846,0.2898572059472987
23337,0.1947677391937457,21,48,21,576714,28896,96163,11793,0.26766460409796583,0.28983263289832634
23338,0.1947680890485664,1,2,1,576716,28894,96164,11792,0.26764607803179075,0.28982942535515904
23339,0.1947686947166591,3,11,3,576727,28883,96167,11789,0.26754418466782764,0.28985542879622345
23340,0.1947710041652035,14,41,14,576768,28842,96181,11775,0.2671644003112379,0.2899032424846739
23341,0.1947737452539119,59,238,59,577006,28604,96240,11716,0.2649597984364,0.29057539682539685
23342,0.1947739165657568,6,20,6,577026,28584,96246,11710,0.26477453777464893,0.2906139871941232
23343,0.194774252317825,0,1,0,577027,28583,96246,11710,0.26476527474156136,0.2906211997121088
23344,0.1947748395249343,3,6,3,577033,28577,96249,11707,0.26470969654303605,0.29061165723364113
23345,0.1947838225089077,5,10,5,577043,28567,96254,11702,0.2646170662121605,0.29059574362412777
23346,0.1947850110931658,7,15,7,577058,28552,96261,11695,0.2644781207158472,0.29058066439734637
23347,0.1947951214486738,35,133,35,577191,28419,96296,11660,0.26324613731520247,0.29092542229097534
23348,0.1948008186898882,4,9,4,577200,28410,96300,11656,0.2631627700174145,0.2909199820296511
23349,0.1948009127664056,1,1,1,577201,28409,96301,11655,0.26315350698432693,0.2909095447284345
23350,0.1948055492062973,0,5,0,577206,28404,96301,11655,0.2631071918188892,0.2909458548640755
23351,0.1948058081507976,47,117,47,577323,28287,96348,11608,0.26202341694764536,0.29096377992229605
23352,0.1948090834964104,17,56,17,577379,28231,96365,11591,0.2615046870947423,0.2910702626688765
23353,0.1948182366743831,38,108,38,577487,28123,96403,11553,0.26050427952128646,0.2911835870551467
23354,0.1948375528428698,4,4,4,577491,28119,96407,11549,0.26046722738893624,0.2911414742361601
23355,0.1948388334891169,3,8,3,577499,28111,96410,11546,0.2603931231242358,0.29114658194013665
23356,0.1948414364015299,12,25,12,577524,28086,96422,11534,0.26016154729704694,0.29111559818273597
23357,0.1948492152347437,3,3,3,577527,28083,96425,11531,0.2601337581977843,0.29108396021608524
23358,0.1948538890355798,1,0,1,577527,28083,96426,11530,0.2601337581977843,0.291066064170853
23359,0.1948566381399631,57,118,57,577645,27965,96483,11473,0.2590407202934529,0.2909123180688676
23360,0.1948654375231793,23,66,23,577711,27899,96506,11450,0.2584293601096743,0.2909857937939973
23361,0.1948660843288479,34,76,34,577787,27823,96540,11416,0.2577253695950202,0.2909350391192436
23362,0.1948661108075382,1,5,1,577792,27818,96541,11415,0.25767905442958244,0.2909540437896669
23363,0.1948664174684613,1,1,1,577793,27817,96542,11414,0.2576697913964949,0.2909433866075298
23364,0.1948731381291161,0,7,0,577800,27810,96542,11414,0.257604950164882,0.29099530899449316
23365,0.1948736374747109,15,23,15,577823,27787,96557,11399,0.2573919004038682,0.2908947072934211
23366,0.1948737978632135,0,3,0,577826,27784,96557,11399,0.25736411130460557,0.2909169793022484
23367,0.1948817822172608,2,5,2,577831,27779,96559,11397,0.25731779613916783,0.2909179089238309
23368,0.1948860659982965,10,15,10,577846,27764,96569,11387,0.2571788506428545,0.29084825419529514
23369,0.1948952558088805,3,1,3,577847,27763,96572,11384,0.25716958760976694,0.2908013385444606
23370,0.1949009928620037,2,4,2,577851,27759,96574,11382,0.2571325354774167,0.29079481873227564
23371,0.1949017338606679,3,1,3,577852,27758,96577,11379,0.2571232724443292,0.29074788563252163
23372,0.1949021942075211,9,21,9,577873,27737,96586,11370,0.2569287487494905,0.29074078809420306
23373,0.1949063081711503,0,4,0,577877,27733,96586,11370,0.25689169661714034,0.2907705291154131
23374,0.1949071478728928,11,36,11,577913,27697,96597,11359,0.2565582274259884,0.2908387955755838
23375,0.1949123458886002,17,77,17,577990,27620,96614,11342,0.2558449738782467,0.2911041527642318
23376,0.1949131326993977,2,1,2,577991,27619,96616,11340,0.25583571084515916,0.2910752329371904
23377,0.1949251725002762,88,359,88,578350,27260,96704,11252,0.2525102819667272,0.2921686746987952
23378,0.1949307565533855,0,1,0,578351,27259,96704,11252,0.25250101893363963,0.2921762613279323
23379,0.1949389775784576,3,0,3,578351,27259,96707,11249,0.25250101893363963,0.2921211176898307
23380,0.1949402046966605,1,7,1,578358,27252,96708,11248,0.25243617770202675,0.29215584415584417
23381,0.1949447790071429,1,2,1,578360,27250,96709,11247,0.25241765163585167,0.2921526352702808
23382,0.1949477546415252,9,36,9,578396,27214,96718,11238,0.2520841824446997,0.2922604805991886
23383,0.1949530208179342,2,11,2,578407,27203,96720,11236,0.2519822890807366,0.29230729207315487
23384,0.1949557670710683,1,4,1,578411,27199,96721,11235,0.2519452369483864,0.2923193006192434
23385,0.1949670893338238,6,18,6,578429,27181,96727,11229,0.2517785023528104,0.29234574329601665
23386,0.1949683073295053,1,2,1,578431,27179,96728,11228,0.2517599762866353,0.29234254172416485
23387,0.1949707387247484,3,13,3,578444,27166,96731,11225,0.2516395568564971,0.2923862363574796
23388,0.1949748280775015,1,0,1,578444,27166,96732,11224,0.2516395568564971,0.2923678041156551
23389,0.1949780402494879,83,171,83,578615,26995,96815,11141,0.2500555781985253,0.2921386616320537
23390,0.1949803220823028,1,6,1,578621,26989,96816,11140,0.25,0.2921660678223924
23391,0.1949845855668126,2,2,2,578623,26987,96818,11138,0.2499814739338249,0.29214426229508195
23392,0.1949937743501489,2,11,2,578634,26976,96820,11136,0.2498795805698618,0.29219143576826195
23393,0.1949956309868907,5,8,5,578642,26968,96825,11131,0.24980547630516137,0.292159899209953
23394,0.1950011152998268,1,2,1,578644,26966,96826,11130,0.24978695023898626,0.29215665686686265
23395,0.1950033445212564,0,1,0,578645,26965,96826,11130,0.2497776872058987,0.2921643260270377
23396,0.1950216991526639,4,1,4,578646,26964,96830,11126,0.24976842417281114,0.29209766342872145
23397,0.1950297258236686,9,34,9,578680,26930,96839,11117,0.2494534810478343,0.2921912371540463
23398,0.1950306475275764,11,28,11,578708,26902,96850,11106,0.24919411612138279,0.29220164175962954
23399,0.1950605317245949,1,11,1,578719,26891,96851,11105,0.24909222275741968,0.2922676071165386
23400,0.195067785031628,1,0,1,578719,26891,96852,11104,0.24909222275741968,0.29224898012896433
23401,0.1950707032928264,4,15,4,578734,26876,96856,11100,0.2489532772611064,0.2922898672846008
23402,0.1950728693811609,13,16,13,578750,26860,96869,11087,0.24880506873170552,0.2921706590771339
23403,0.1950863829232996,23,55,23,578805,26805,96892,11064,0.24829560191189004,0.29216509546066705
23404,0.195095553127162,0,2,0,578807,26803,96892,11064,0.24827707584571493,0.29218052657987165
23405,0.1950990025605875,3,3,3,578810,26800,96895,11061,0.24824928674645225,0.29214759250944244
23406,0.1950991818878895,17,32,17,578842,26768,96912,11044,0.2479528696876505,0.29207658944250503
23407,0.1951075869075307,11,44,11,578886,26724,96923,11033,0.24754529623179813,0.29221071589374153
23408,0.195109174128819,5,10,5,578896,26714,96928,11028,0.2474526659009226,0.29219437231731227
23409,0.1951185251942764,3,2,3,578898,26712,96931,11025,0.2474341398347475,0.2921535893155259
23410,0.1951211869088936,54,169,54,579067,26543,96985,10971,0.24586868724295083,0.29245081836114517
23411,0.1951247346766144,4,6,4,579073,26537,96989,10967,0.2458131090444255,0.2924221416382253
23412,0.1951255680415607,85,259,85,579332,26278,97074,10882,0.24341398347474896,0.2928417653390743
23413,0.1951270302055475,0,3,0,579335,26275,97074,10882,0.2433861943754863,0.2928654089404419
23414,0.1951271635313338,6,13,6,579348,26262,97080,10876,0.2432657749453481,0.2928536808659594
23415,0.1951294705665845,4,3,4,579351,26259,97084,10872,0.24323798584608544,0.29280116344833157
23416,0.1951321625549905,6,23,6,579374,26236,97090,10866,0.2430249360850717,0.2928683089860385
23417,0.1951382781127694,0,2,0,579376,26234,97090,10866,0.24300641001889658,0.2928840970350404
23418,0.1951423167171187,1,1,1,579377,26233,97091,10865,0.24299714698580904,0.2928729311553184
23419,0.1951440947280774,1,1,1,579378,26232,97092,10864,0.24298788395272147,0.29286176407159803
23420,0.1951542122472129,6,7,6,579385,26225,97098,10858,0.2429230427211086,0.2928026319337702
23421,0.1951613858914037,13,14,13,579399,26211,97111,10845,0.24279336025788284,0.2926651554404145
23422,0.1951633824510753,0,3,0,579402,26208,97111,10845,0.24276557115862019,0.2926888511051737
23423,0.1951681527093964,1,1,1,579403,26207,97112,10844,0.24275630812553262,0.2926776605219832
23424,0.195187816348798,2,3,2,579406,26204,97114,10842,0.24272851902626996,0.2926631755115262
23425,0.195189016232807,13,37,13,579443,26167,97127,10829,0.24238578680203046,0.29270731971023894
23426,0.1952049829775329,40,90,40,579533,26077,97167,10789,0.24155211382415057,0.2926544783811642
23427,0.1952097517797538,2,15,2,579548,26062,97169,10787,0.24141316832783727,0.29273521669516134
23428,0.1952119240519908,0,2,0,579550,26060,97169,10787,0.24139464226166216,0.2927511059244986
23429,0.1952163716200997,2,3,2,579553,26057,97171,10785,0.2413668531623995,0.2927365506758591
23430,0.1952169118395102,6,10,6,579563,26047,97177,10779,0.24127422283152394,0.2927008092108836
23431,0.1952210507092124,0,1,0,579564,26046,97177,10779,0.2412649597984364,0.29270875763747456
23432,0.1952246046634891,1,0,1,579564,26046,97178,10778,0.2412649597984364,0.29268955029328697
23433,0.195225038291325,3,8,3,579572,26038,97181,10775,0.24119085553373595,0.292695515171271
23434,0.1952379888589816,11,30,11,579602,26008,97192,10764,0.24091296454110933,0.29272272381159575
23435,0.1952551146996035,27,58,27,579660,25950,97219,10737,0.2403757086220312,0.292664976694742
23436,0.1952617092130333,5,9,5,579669,25941,97224,10732,0.2402923413242432,0.2926403621192703
23437,0.1952714939227559,7,21,7,579690,25920,97231,10725,0.24009781762940458,0.29267294310274256
23438,0.1952861174828445,4,8,4,579698,25912,97235,10721,0.24002371336470413,0.2926596238364316
23439,0.1952925345818897,0,1,0,579699,25911,97235,10721,0.24001445033161659,0.29266761301594235
23440,0.1952942942456602,1,6,1,579705,25905,97236,10720,0.23995887213309125,0.2926962457337884
23441,0.1952979542333771,0,1,0,579706,25904,97236,10720,0.2399496091000037,0.2927042376583661
23442,0.1952987440642277,2,9,2,579715,25895,97238,10718,0.23986624180221572,0.29273755223554476
23443,0.1952989796929657,19,69,19,579784,25826,97257,10699,0.23922709251917448,0.2929226557152635
23444,0.1953107322996234,1,5,1,579789,25821,97258,10698,0.23918077735373672,0.29294339932637803
23445,0.1953295690016094,0,6,0,579795,25815,97258,10698,0.23912519915521138,0.29299153726070165
23446,0.1953324338212363,1,1,1,579796,25814,97259,10697,0.23911593612212384,0.2929801977486237
23447,0.1953373933130741,6,24,6,579820,25790,97265,10691,0.23889362332802253,0.29305665963104083
23448,0.1953384660509213,8,24,8,579844,25766,97273,10683,0.23867131053392124,0.2930944607533814
23449,0.1953393232466693,0,1,0,579845,25765,97273,10683,0.23866204750083367,0.2931025021949078
23450,0.1953561811272134,9,35,9,579880,25730,97282,10674,0.23833784134276928,0.29320953741347106
23451,0.1953562765845547,15,51,15,579931,25679,97297,10659,0.23786542665530402,0.2933292971544939
23452,0.1953564102238973,49,118,49,580049,25561,97346,10610,0.23677238875097262,0.2933289099001963
23453,0.195366809016879,6,13,6,580062,25548,97352,10604,0.2366519693208344,0.29331710555432616
23454,0.1953752561560961,6,8,6,580070,25540,97358,10598,0.23657786505613398,0.2932647075101002
23455,0.195378706088837,2,2,2,580072,25538,97360,10596,0.23655933898995887,0.2932418221066032
23456,0.1953789923651463,10,19,10,580091,25519,97370,10586,0.23638334136129535,0.2932003877579283
23457,0.1953793353315455,3,27,3,580118,25492,97373,10583,0.23613323946793138,0.29336105336105334
23458,0.1953833960779645,6,25,6,580143,25467,97379,10577,0.23590166364074253,0.29344689823549
23459,0.1953837611673671,0,3,0,580146,25464,97379,10577,0.23587387454147987,0.2934713243250742
23460,0.1953988878118004,34,108,34,580254,25356,97413,10543,0.234873466968024,0.2936850608652052
23461,0.1953990476789384,0,3,0,580257,25353,97413,10543,0.23484567786876134,0.2937096055270782
23462,0.1954058724248948,1,1,1,580258,25352,97414,10542,0.2348364148356738,0.29369811110492006
23463,0.1954139600058053,5,23,5,580281,25329,97419,10537,0.23462336507466006,0.29378798862432387
23464,0.1954152407158601,6,1,6,580282,25328,97425,10531,0.2346141020415725,0.2936780166764271
23465,0.1954169986540879,1,6,1,580288,25322,97426,10530,0.23455852384304718,0.2937074640187437
23466,0.1954236092081688,5,17,5,580305,25305,97431,10525,0.23440105228055874,0.29374825565168855
23467,0.195427502136721,4,15,4,580320,25290,97435,10521,0.23426210678424544,0.2937924101533049
23468,0.1954310920212429,4,10,4,580330,25280,97439,10517,0.23416947645336988,0.293795569461128
23469,0.1954364300463449,1,3,1,580333,25277,97440,10516,0.23414168735410723,0.29380046377783364
23470,0.1954465354127503,0,1,0,580334,25276,97440,10516,0.23413242432101966,0.2938086723290121
23471,0.1954512254018778,2,6,2,580340,25270,97442,10514,0.23407684612249435,0.29381846635367764
23472,0.1954523520280583,4,14,4,580354,25256,97446,10510,0.2339471636592686,0.2938544986859028
23473,0.1954611287244826,18,34,18,580388,25222,97464,10492,0.23363222053429175,0.2937783502268018
23474,0.1954667171357137,10,27,10,580415,25195,97474,10482,0.23338211864092778,0.2938027300501724
23475,0.1954669399711169,1,1,1,580416,25194,97475,10481,0.23337285560784024,0.29379117028731605
23476,0.1954735085484585,1,7,1,580423,25187,97476,10480,0.23330801437622736,0.29382902963523705
23477,0.1954973853783406,2,8,2,580431,25179,97478,10478,0.23323391011152692,0.29385534397173063
23478,0.1954974738800068,31,84,31,580515,25095,97509,10447,0.23245581533217236,0.2939339373136008
23479,0.1954989213451563,0,3,0,580518,25092,97509,10447,0.2324280262329097,0.29395874954275586
23480,0.1955042593702582,0,2,0,580520,25090,97509,10447,0.2324095001667346,0.2939752933562203
23481,0.1955124754385346,1,0,1,580520,25090,97510,10446,0.2324095001667346,0.2939554254840162
23482,0.1955171421630254,2,0,2,580520,25090,97512,10444,0.2324095001667346,0.2939156863848708
23483,0.1955183606946624,3,13,3,580533,25077,97515,10441,0.2322890807365964,0.2939636240779323
23484,0.1955201813519717,1,4,1,580537,25073,97516,10440,0.23225202860424618,0.2939768535465886
23485,0.1955214712365981,4,4,4,580541,25069,97520,10436,0.23221497647189596,0.29393043233347416
23486,0.1955289580483959,2,7,2,580548,25062,97522,10434,0.23215013524028308,0.29394861392832994
23487,0.1955301905148267,3,8,3,580556,25054,97525,10431,0.23207603097558263,0.29395519233478934
23488,0.1955304196115106,19,29,19,580585,25025,97544,10412,0.23180740301604358,0.29381719671529755
23489,0.1955421242518625,1,2,1,580587,25023,97545,10411,0.23178887694986847,0.29381385110346
23490,0.1955460533960055,0,2,0,580589,25021,97545,10411,0.23177035088369335,0.29383043576428086
23491,0.1955492655437094,0,1,0,580590,25020,97545,10411,0.2317610878506058,0.29383872879681633
23492,0.1955497244117243,83,202,83,580792,24818,97628,10328,0.22988995516691985,0.2938598987082456
23493,0.1955510252074798,3,11,3,580803,24807,97631,10325,0.22978806180295677,0.2938916087897074
23494,0.1955531558662116,0,2,0,580805,24805,97631,10325,0.22976953573678166,0.29390834044975805
23495,0.195565066742153,10,18,10,580823,24787,97641,10315,0.22960280114120568,0.29385789983476723
23496,0.1955660844619676,0,1,0,580824,24786,97641,10315,0.2295935381081181,0.2938662716161933
23497,0.1955730313884259,59,103,59,580927,24683,97700,10256,0.22863944570010003,0.2935401700105899
23498,0.1955752383103845,17,45,17,580972,24638,97717,10239,0.2282226092111601,0.2935745620322849
23499,0.1955781012896226,2,6,2,580978,24632,97719,10237,0.22816703101263477,0.29358455935071265
23500,0.195582453045354,10,26,10,581004,24606,97729,10227,0.22792619215235838,0.2936008957023512
23501,0.1955943306532971,3,9,3,581013,24597,97732,10224,0.22784282485457039,0.29361592142672527
23502,0.195601855056844,1,3,1,581016,24594,97733,10223,0.2278150357553077,0.2936209323031852
23503,0.1956036289691607,15,30,15,581046,24564,97748,10208,0.22753714476268108,0.29356953870930635
23504,0.1956129120890331,8,32,8,581078,24532,97756,10200,0.22724072770387935,0.29367730047218704
23505,0.1956143584510618,26,73,26,581151,24459,97782,10174,0.22656452628848792,0.29376606127104204
23506,0.1956292543480106,11,62,11,581213,24397,97793,10163,0.22599021823705953,0.294068287037037
23507,0.1956303154424724,0,1,0,581214,24396,97793,10163,0.225980955203972,0.29407679620359384
23508,0.1956336254607199,12,15,12,581229,24381,97805,10151,0.22584200970765866,0.29395922622495074
23509,0.1956408607123392,20,34,20,581263,24347,97825,10131,0.22552706658268185,0.2938395498578804
23510,0.1956419687842152,16,47,16,581310,24300,97841,10115,0.22509170402756679,0.29391253813744006
23511,0.1956460603633567,1,5,1,581315,24295,97842,10114,0.22504538886212902,0.29393472637972623
23512,0.1956479073527052,0,4,0,581319,24291,97842,10114,0.2250083367297788,0.29396889986920505
23513,0.1956615770966476,5,21,5,581340,24270,97847,10109,0.22481381303494016,0.2940457837633439
23514,0.1956673649412669,0,1,0,581341,24269,97847,10109,0.2248045500018526,0.294054337076037
23515,0.1956684618401227,6,9,6,581350,24260,97853,10103,0.22472118270406463,0.29400809009690654
23516,0.1956792710697671,15,52,15,581402,24208,97868,10088,0.2242395049835118,0.2941450898063914
23517,0.1956804396202078,19,69,19,581471,24139,97887,10069,0.22360035570047057,0.2943463517305893
23518,0.1956821877749751,6,14,6,581485,24125,97893,10063,0.22347067323724482,0.29434304434304437
23519,0.1956915206062645,0,1,0,581486,24124,97893,10063,0.22346141020415725,0.29435165413753767
23520,0.195694522046302,25,82,25,581568,24042,97918,10038,0.2227018414909778,0.2945422535211268
23521,0.1956954806242114,3,0,3,581568,24042,97921,10035,0.2227018414909778,0.2944801479003433
23522,0.1956956311200104,0,2,0,581570,24040,97921,10035,0.22268331542480269,0.29449743213499635
23523,0.195697083671924,3,5,3,581575,24035,97924,10032,0.22263700025936492,0.294478527607362
23524,0.1956987748360605,14,35,14,581610,24000,97938,10018,0.22231279410130053,0.2944911517431948
23525,0.1956996522054658,3,11,3,581621,23989,97941,10015,0.22221090073733743,0.29452417362663214
23526,0.1957023337116444,13,23,13,581644,23966,97954,10002,0.22199785097632369,0.29445360339142723
23527,0.1957076479476654,0,1,0,581645,23965,97954,10002,0.22198858794323614,0.2944622722053758
23528,0.195709523863688,3,10,3,581655,23955,97957,9999,0.22189595761236058,0.2944866584202156
23529,0.1957147457127856,9,17,9,581672,23938,97966,9990,0.22173848604987217,0.29444706437161045
23530,0.1957248103752592,1,12,1,581684,23926,97967,9989,0.22162732965282153,0.29453044375644993
23531,0.1957250345950932,0,4,0,581688,23922,97967,9989,0.2215902775204713,0.2945651853380909
23532,0.1957315288041577,5,16,5,581704,23906,97972,9984,0.22144206899107044,0.2946001770433756
23533,0.1957331756272036,0,8,0,581712,23898,97972,9984,0.22136796472637,0.29466973614308484
23534,0.1957379619623767,3,11,3,581723,23887,97975,9981,0.22126607136240692,0.2947029644502185
23535,0.1957581314412132,13,16,13,581739,23871,97988,9968,0.22111786283300605,0.29457135258134104
23536,0.1957589450838947,1,0,1,581739,23871,97989,9967,0.22111786283300605,0.2945505053490159
23537,0.195762531314625,0,2,0,581741,23869,97989,9967,0.22109933676683094,0.29456791582929426
23538,0.1957666041599739,2,6,2,581747,23863,97991,9965,0.2210437585683056,0.2945784557171574
23539,0.1957701630355578,4,5,4,581752,23858,97995,9961,0.22099744340286784,0.29453857299151365
23540,0.1957765074825786,13,54,13,581806,23804,98008,9948,0.2204972396161399,0.29473808959469067
23541,0.1957869214766464,2,5,2,581811,23799,98010,9946,0.22045092445070213,0.2947399614757742
23542,0.1957924623941312,2,2,2,581813,23797,98012,9944,0.22043239838452702,0.29471562787113603
23543,0.1957980084981655,1,7,1,581820,23790,98013,9943,0.22036755715291415,0.29475587703435807
23544,0.195803491701709,1,6,1,581826,23784,98014,9942,0.22031197895438884,0.29478740437644546
23545,0.1958266154365022,7,24,7,581850,23760,98021,9935,0.22008966616028752,0.2948508680813177
23546,0.1958317455956661,1,3,1,581853,23757,98022,9934,0.22006187706102487,0.2948561930485886
23547,0.1958443368064919,4,13,4,581866,23744,98026,9930,0.21994145763088666,0.29488626239828947
23548,0.1958477655783324,3,7,3,581873,23737,98029,9927,0.21987661639927378,0.2948847433460076
23549,0.1958507589418135,14,16,14,581889,23721,98043,9913,0.2197284078698729,0.29473152167449607
23550,0.1958541114572528,0,1,0,581890,23720,98043,9913,0.21971914483678537,0.29474028483929476
23551,0.195860930510045,14,43,14,581933,23677,98057,9899,0.21932083441402053,0.294823683583512
23552,0.1958681452450145,12,32,12,581965,23645,98069,9887,0.2190244173552188,0.2948526780388882
23553,0.1958750282400302,3,3,3,581968,23642,98072,9884,0.21899662825595614,0.29481596372964264
23554,0.1958835332513013,0,1,0,581969,23641,98072,9884,0.21898736522286857,0.2948247576435496
23555,0.195888755100399,3,4,3,581973,23637,98075,9881,0.21895031309051835,0.29479682558625214
23556,0.1958887667340242,0,2,0,581975,23635,98075,9881,0.21893178702434324,0.2948144169948681
23557,0.1958892297778061,8,21,8,581996,23614,98083,9873,0.2187372633295046,0.29483082987427955
23558,0.1958994013460376,22,43,22,582039,23571,98105,9851,0.21833895290673977,0.2947459757046257
23559,0.1959066160810072,14,32,14,582071,23539,98119,9837,0.21804253584793806,0.2947327420901246
23560,0.195942517064826,3,7,3,582078,23532,98122,9834,0.21797769461632516,0.2947311634598094
23561,0.1959466807277412,1,0,1,582078,23532,98123,9833,0.21797769461632516,0.294710025475798
23562,0.1959594998037008,1,0,1,582078,23532,98124,9832,0.21797769461632516,0.2946888862246733
23563,0.195961618482035,2,20,2,582098,23512,98126,9830,0.2177924339545741,0.2948233459300582
23564,0.1959616518198914,63,155,63,582253,23357,98189,9767,0.2163566638260032,0.29486173167491847
23565,0.1959690949998348,2,1,2,582254,23356,98191,9765,0.21634740079291565,0.2948280547084931
23566,0.195970571853703,27,78,27,582332,23278,98218,9738,0.2156248842120864,0.2949479040465229
23567,0.1959714766746053,12,18,12,582350,23260,98230,9726,0.21545814961651044,0.2948523616079549
23568,0.1959773122363752,1,3,1,582353,23257,98231,9725,0.21543036051724776,0.29485780122491057
23569,0.1959802142459625,40,88,40,582441,23169,98271,9685,0.214615213605543,0.2947890667803007
23570,0.1959966062745516,1,1,1,582442,23168,98272,9684,0.21460595057245543,0.294776573724583
23571,0.1960075658358274,1,0,1,582442,23168,98273,9683,0.21460595057245543,0.2947551063894554
23572,0.1960177124697405,6,27,6,582469,23141,98279,9677,0.2143558486790915,0.29486866963251873
23573,0.1960225718687064,3,7,3,582476,23134,98282,9674,0.21429100744747862,0.2948671055840039
23574,0.1960294478059483,1,3,1,582479,23131,98283,9673,0.21426321834821593,0.29487257651505916
23575,0.1960418022875111,1,0,1,582479,23131,98284,9672,0.21426321834821593,0.294851080693839
23576,0.1960469075622537,4,12,4,582491,23119,98288,9668,0.2141520619511653,0.2948729679446122
23577,0.1960490376276435,0,4,0,582495,23115,98288,9668,0.21411500981881507,0.29490894671018514
23578,0.1960542885799163,3,27,3,582522,23088,98291,9665,0.2138649079254511,0.2950874729032455
23579,0.1960549948651893,4,15,4,582537,23073,98295,9661,0.2137259624291378,0.29513655526364024
23580,0.1960621519963308,6,13,6,582550,23060,98301,9655,0.2136055429989996,0.2951245605991136
23581,0.196063622022836,0,1,0,582551,23059,98301,9655,0.21359627996591204,0.2951335819526808
23582,0.1960636222200905,18,51,18,582602,23008,98319,9637,0.21312386527844676,0.2952060039822331
23583,0.1960702167335203,0,1,0,582603,23007,98319,9637,0.21311460224535922,0.2952150471755912
23584,0.1960720637228688,1,3,1,582606,23004,98320,9636,0.21308681314609657,0.2952205882352941
23585,0.1960726507126546,0,1,0,582607,23003,98320,9636,0.213077550113009,0.29522963326082297
23586,0.1960735206372435,4,22,4,582629,22981,98324,9632,0.21287376338508282,0.2953423481433784
23587,0.1960855417936538,3,2,3,582631,22979,98327,9629,0.2128552373189077,0.2952956329735034
23588,0.1960881864171794,1,0,1,582631,22979,98328,9628,0.2128552373189077,0.2952740209157543
23589,0.1960904011926197,0,1,0,582632,22978,98328,9628,0.21284597428582014,0.2952830767343434
23590,0.1960911984779342,11,19,11,582651,22959,98339,9617,0.21266997665715662,0.2952173379174853
23591,0.1960926182102863,4,9,4,582660,22950,98343,9613,0.21258660935936863,0.2952123575837607
23592,0.1961081706454534,0,1,0,582661,22949,98343,9613,0.21257734632628109,0.29522142374547017
23593,0.1961123076361628,8,9,8,582670,22940,98351,9605,0.2124939790284931,0.2951298202488862
23594,0.1961129338446005,15,36,15,582706,22904,98366,9590,0.21216050983734114,0.2951314088754847
23595,0.1961221179038296,1,2,1,582708,22902,98367,9589,0.21214198377116603,0.2951278815672032
23596,0.1961413499611568,0,5,0,582713,22897,98367,9589,0.21209566860572826,0.2951733054238749
23597,0.1961454860622186,0,5,0,582718,22892,98367,9589,0.2120493534402905,0.29521874326529357
23598,0.1961562323851904,1,3,1,582721,22889,98368,9588,0.2120215643410278,0.2952243125904486
23599,0.1961634910840975,10,49,10,582770,22840,98378,9578,0.21156767571973767,0.29545314331544204
23600,0.1961905722494047,11,37,11,582807,22803,98389,9567,0.21122494349549817,0.2955514365152919
23601,0.1961906805524051,2,3,2,582810,22800,98391,9565,0.21119715439623551,0.2955353004789124
23602,0.1961931688781333,4,11,4,582821,22789,98395,9561,0.2110952610322724,0.295548686244204
23603,0.1961983007403562,1,13,1,582834,22776,98396,9560,0.2109748416021342,0.29564571994062344
23604,0.1961997633915631,1,1,1,582835,22775,98397,9559,0.21096557856904666,0.29563307973031483
23605,0.1962045139872283,4,8,4,582843,22767,98401,9555,0.2108914743043462,0.2956190829775385
23606,0.1962046468136297,39,76,39,582919,22691,98440,9516,0.2101874837896921,0.2954637190672835
23607,0.1962221648683291,0,2,0,582921,22689,98440,9516,0.21016895772351699,0.29548206800186305
23608,0.1962242765577613,5,19,5,582940,22670,98445,9511,0.20999296009485346,0.29554706193095304
23609,0.1962402460928587,2,6,2,582946,22664,98447,9509,0.20993738189632813,0.2955583874677525
23610,0.1962416462607716,10,35,10,582981,22629,98457,9499,0.20961317573826374,0.29566110557768926
23611,0.1962550712267253,0,7,0,582988,22622,98457,9499,0.20954833450665086,0.29572553781015537
23612,0.196258401573318,7,15,7,583003,22607,98464,9492,0.20940938901033754,0.2957101467335431
23613,0.1962615145768916,4,6,4,583009,22601,98468,9488,0.20935381081181223,0.2956776465455452
23614,0.1962815441975313,0,2,0,583011,22599,98468,9488,0.20933528474563712,0.29569607629257955
23615,0.1962962269562575,6,22,6,583033,22577,98474,9482,0.20913149801771092,0.2957671792632334
23616,0.1962969624089877,4,3,4,583036,22574,98478,9478,0.20910370891844826,0.2957069761637339
23617,0.1963094755846849,1,7,1,583043,22567,98479,9477,0.20903886768683538,0.2957495943078267
23618,0.1963104559386349,4,12,4,583055,22555,98483,9473,0.20892771128978474,0.2957724491070313
23619,0.1963156459299354,1,2,1,583057,22553,98484,9472,0.20890918522360963,0.2957689305230289
23620,0.1963158567003891,4,12,4,583069,22541,98488,9468,0.20879802882655896,0.29579180855384424
23621,0.1963440817544602,0,1,0,583070,22540,98488,9468,0.20878876579347141,0.2958010497375656
23622,0.1963470088045271,23,30,23,583100,22510,98511,9445,0.2085108748008448,0.29557189798153655
23623,0.196363732259789,0,3,0,583103,22507,98511,9445,0.20848308570158214,0.2955996494742113
23624,0.196372179121665,3,17,3,583120,22490,98514,9442,0.2083256141390937,0.2956908430414631
23625,0.1963753677200107,19,62,19,583182,22428,98533,9423,0.20775130608766534,0.2958462842610907
23626,0.1963888993953395,18,26,18,583208,22402,98551,9405,0.20751046722738895,0.29568962806929294
23627,0.1963900240430934,0,3,0,583211,22399,98551,9405,0.20748267812812626,0.2957175198088291
23628,0.1963975660440241,16,63,16,583274,22336,98567,9389,0.20689910704361036,0.2959495665878645
23629,0.1964072835024284,1,1,1,583275,22335,98568,9388,0.2068898440105228,0.2959367020773571
23630,0.1964098749521817,5,4,5,583279,22331,98573,9383,0.2068527918781726,0.29586302579302515
23631,0.1964184026865713,13,33,13,583312,22298,98586,9370,0.2065471117862833,0.29588227864089933
23632,0.196435523964505,0,2,0,583314,22296,98586,9370,0.20652858572010818,0.2959009663361334
23633,0.1964385889471549,6,9,6,583323,22287,98592,9364,0.2064452184223202,0.2958516318599728
23634,0.1964419245848509,2,5,2,583328,22282,98594,9362,0.20639890325688243,0.29585387435216787
23635,0.1964451925879783,3,0,3,583328,22282,98597,9359,0.20639890325688243,0.2957871116589236
23636,0.1964541716415039,15,37,15,583365,22245,98612,9344,0.20605617103264293,0.29579917059735983
23637,0.1964567287192528,7,6,7,583371,22239,98619,9337,0.2060005928341176,0.29569926526475804
23638,0.196458351517688,6,39,6,583410,22200,98625,9331,0.20563933454370298,0.29593098855094985
23639,0.1964590468032288,6,56,6,583466,22144,98631,9325,0.20512060469079996,0.29632336585210844
23640,0.1964695569492728,7,21,7,583487,22123,98638,9318,0.20492608099596132,0.2963646194459464
23641,0.1964712487585394,11,17,11,583504,22106,98649,9307,0.2047686094334729,0.2962786107662433
23642,0.1964816041857212,1,1,1,583505,22105,98650,9306,0.20475934640038534,0.2962656394256789
23643,0.196487778590254,8,17,8,583522,22088,98658,9298,0.2046018748378969,0.2962467342127063
23644,0.1964879697585047,23,97,23,583619,21991,98681,9275,0.20370336062840416,0.29664811616452375
23645,0.1964891461866519,3,9,3,583628,21982,98684,9272,0.20361999333061617,0.2966660267485762
23646,0.1964909992997703,8,26,8,583654,21956,98692,9264,0.20337915447033977,0.296732863549007
23647,0.1965014550948095,1,0,1,583654,21956,98693,9263,0.20337915447033977,0.29671033665396074
23648,0.196504904279804,1,4,1,583658,21952,98694,9262,0.20334210233798955,0.2967258281540334
23649,0.1965051998238466,0,1,0,583659,21951,98694,9262,0.203332839304902,0.29673533463620927
23650,0.1965058156482435,4,18,4,583677,21933,98698,9258,0.20316610470932603,0.29681638934307975
23651,0.1965136794984522,7,15,7,583692,21918,98705,9251,0.2030271592130127,0.29680130899290963
23652,0.1965149571151678,7,15,7,583707,21903,98712,9244,0.2028882137166994,0.29678620733939065
23653,0.1965208513283291,9,26,9,583733,21877,98721,9235,0.20264737485642298,0.2968308048341476
23654,0.1965373862731861,0,9,0,583742,21868,98721,9235,0.202564007558635,0.29691669613863614
23655,0.1965377416474024,2,0,2,583742,21868,98723,9233,0.202564007558635,0.2968714832320504
23656,0.1965457517841317,2,9,2,583751,21859,98725,9231,0.202480640260847,0.2969121904149244
23657,0.196549377107624,0,3,0,583754,21856,98725,9231,0.20245285116158435,0.2969408434393798
23658,0.1965499316603157,0,7,0,583761,21849,98725,9231,0.20238800992997147,0.297007722007722
23659,0.196555799082418,18,35,18,583796,21814,98743,9213,0.20206380377190708,0.2969349276436652
23660,0.1965562752125277,0,18,0,583814,21796,98743,9213,0.2018970691763311,0.29710729143151987
23661,0.196562106238028,4,22,4,583836,21774,98747,9209,0.2016932824484049,0.29722751186134333
23662,0.1965642138423159,1,1,1,583837,21773,98748,9208,0.20168401941531736,0.29721442174235824
23663,0.1965672363971919,1,1,1,583838,21772,98749,9207,0.2016747563822298,0.29720132993318055
23664,0.1965698283716773,1,2,1,583840,21770,98750,9206,0.2016562303160547,0.2971978305785124
23665,0.1965702441573986,3,16,3,583856,21754,98753,9203,0.20150802178665383,0.29728332848790257
23666,0.1965773619417103,2,0,2,583856,21754,98755,9201,0.20150802178665383,0.29723792602164434
23667,0.1965924120741847,1,3,1,583859,21751,98756,9200,0.20148023268739115,0.29724403088753193
23668,0.1965961481382955,3,19,3,583878,21732,98759,9197,0.20130423505872763,0.2973584661644411
23669,0.1966046493751725,0,2,0,583880,21730,98759,9197,0.20128570899255252,0.297377695864455
23670,0.1966065372577955,4,4,4,583884,21726,98763,9193,0.2012486568602023,0.2973252692519163
23671,0.1966074860358496,5,8,5,583892,21718,98768,9188,0.20117455259550188,0.29728855238465024
23672,0.1966082751886395,8,25,8,583917,21693,98776,9180,0.20094297676831302,0.2973471965795355
23673,0.1966124314709569,0,3,0,583920,21690,98776,9180,0.20091518766905037,0.29737609329446063
23674,0.1966156064813103,2,9,2,583929,21681,98778,9178,0.20083182037126238,0.29741728507080595
23675,0.1966173252482968,0,8,0,583937,21673,98778,9178,0.20075771610656193,0.29749440860912124
23676,0.1966204632216087,2,1,2,583938,21672,98780,9176,0.2007484530734744,0.2974585062240664
23677,0.1966320986818303,19,46,19,583984,21626,98799,9157,0.2003223535514469,0.297469382451353
23678,0.1966451912656237,0,1,0,583985,21625,98799,9157,0.20031309051835933,0.2974790461958287
23679,0.1966452581461528,3,4,3,583989,21621,98802,9154,0.2002760383860091,0.29744922826969944
23680,0.1966489074934441,8,27,8,584016,21594,98810,9146,0.20002593649264516,0.2975276512687053
23681,0.1966527411621617,27,60,27,584076,21534,98837,9119,0.1994701545073919,0.29749127328483344
23682,0.1966578713213256,6,10,6,584086,21524,98843,9113,0.19937752417651636,0.29745079479061265
23683,0.1966579819904087,0,1,0,584087,21523,98843,9113,0.19936826114342882,0.2974605039822431
23684,0.1966798250358568,1,5,1,584092,21518,98844,9112,0.19932194597799102,0.29748612471433233
23685,0.1966834358052236,0,3,0,584095,21515,98844,9112,0.19929415687872837,0.2975152643092696
23686,0.1966866145237414,1,4,1,584099,21511,98845,9111,0.19925710474637814,0.2975311867284959
23687,0.1966882466014305,18,37,18,584136,21474,98863,9093,0.19891437252213864,0.2974776719992148
23688,0.1966929569068939,4,11,4,584147,21463,98867,9089,0.19881247915817554,0.2974927991620843
23689,0.1966991964602042,41,104,41,584251,21359,98908,9048,0.19784912371706992,0.2975630611372381
23690,0.1967177255645202,22,76,22,584327,21283,98930,9026,0.1971451332024158,0.29779933353129434
23691,0.1967404265730689,20,42,20,584369,21241,98950,9006,0.1967560858127385,0.2977485370449962
23692,0.196744253545012,0,3,0,584372,21238,98950,9006,0.19672829671347586,0.29777807168363973
23693,0.196747908911381,1,0,1,584372,21238,98951,9005,0.19672829671347586,0.2977548523625302
23694,0.1967483201353123,0,2,0,584374,21236,98951,9005,0.19670977064730075,0.2977745444925763
23695,0.1967490320750943,9,24,9,584398,21212,98960,8996,0.19648745785319946,0.297801906779661
23696,0.1967514973200907,24,111,24,584509,21101,98984,8972,0.19545926118048093,0.2983407042862368
23697,0.1967549262882558,9,10,9,584519,21091,98993,8963,0.1953666308496054,0.29822985293139015
23698,0.1967601566334282,4,10,4,584529,21081,98997,8959,0.19527400051872984,0.2982356857523302
23699,0.1967616352416236,1,3,1,584532,21078,98998,8958,0.19524621141946719,0.29824210946863766
23700,0.1967625466100632,4,13,4,584545,21065,99002,8954,0.19512579198932897,0.2982777574203005
23701,0.196771561340267,37,120,37,584665,20945,99039,8917,0.19401422801882248,0.2986069251892037
23702,0.1967744255613248,18,52,18,584717,20893,99057,8899,0.19353255029826966,0.29870435016111707
23703,0.1967745234454191,0,5,0,584722,20888,99057,8899,0.1934862351328319,0.2987544902138517
23704,0.1967798267440583,6,13,6,584735,20875,99063,8893,0.19336581570269368,0.29874361730717547
23705,0.1967903501724544,5,13,5,584748,20862,99068,8888,0.1932453962725555,0.2987563025210084
23706,0.196794472609222,0,2,0,584750,20860,99068,8888,0.19322687020638038,0.29877638832862713
23707,0.1967982888022425,0,2,0,584752,20858,99068,8888,0.19320834414020527,0.2987964768372218
23708,0.1968029641621656,13,22,13,584774,20836,99081,8875,0.19300455741227907,0.29871091514927134
23709,0.1968038354416701,6,19,6,584793,20817,99087,8869,0.19282855978361554,0.29876035841810955
23710,0.1968061080694437,1,1,1,584794,20816,99088,8868,0.192819296750528,0.29874679962269235
23711,0.1968114662196088,4,17,4,584811,20799,99092,8864,0.19266182518803956,0.29882345008933686
23712,0.1968115318857355,6,16,6,584827,20783,99098,8858,0.1925136166586387,0.2988428190681826
23713,0.1968157854755686,2,14,2,584841,20769,99100,8856,0.19238393419541294,0.2989367088607595
23714,0.1968229168810574,0,3,0,584844,20766,99100,8856,0.1923561450961503,0.29896698399837957
23715,0.1968269751192183,3,7,3,584851,20759,99103,8853,0.1922913038645374,0.298966635147913
23716,0.196828743118247,12,39,12,584890,20720,99115,8841,0.1919300455741228,0.2990764859104902
23717,0.1968320067156966,6,10,6,584900,20710,99121,8835,0.19183741524324724,0.2990353697749196
23718,0.1968401522937829,0,1,0,584901,20709,99121,8835,0.1918281522101597,0.2990454914703493
23719,0.1968406122177221,1,4,1,584905,20705,99122,8834,0.19179110007780947,0.29906225667761266
23720,0.1968408380771859,4,6,4,584911,20699,99126,8830,0.19173552187928417,0.2990280740966508
23721,0.1968438175164587,2,3,2,584914,20696,99128,8828,0.19170773278002148,0.2990109741227476
23722,0.1968465064308835,1,7,1,584921,20689,99129,8827,0.1916428915484086,0.29905813795907304
23723,0.1968477984376885,6,19,6,584940,20670,99135,8821,0.19146689391974508,0.2991082025024584
23724,0.1968503904121741,5,9,5,584949,20661,99140,8816,0.1913835266219571,0.2990806391423822
23725,0.196851736776056,2,1,2,584950,20660,99142,8814,0.19137426358886955,0.29904322453688
23726,0.1968520761477529,14,45,14,584995,20615,99156,8800,0.1909574270999296,0.29916709161992183
23727,0.19685217597474,3,5,3,585000,20610,99159,8797,0.19091111193449184,0.29914646172679976
23728,0.1968532590798498,1,7,1,585007,20603,99160,8796,0.19084627070287896,0.29919385013095684
23729,0.1968669662945072,1,2,1,585009,20601,99161,8795,0.19082774463670385,0.2991903660361954
23730,0.196870793486079,3,9,3,585018,20592,99164,8792,0.19074437733891586,0.29921045466920776
23731,0.1968750002204507,4,7,4,585025,20585,99168,8788,0.19067953610730298,0.2991863275797501
23732,0.1968788938577422,7,12,7,585037,20573,99175,8781,0.1905683797102523,0.29914151393336513
23733,0.1968792955435221,1,5,1,585042,20568,99176,8780,0.19052206454481455,0.2991685975194221
23734,0.1968810439781335,8,16,8,585058,20552,99184,8772,0.19037385601541368,0.2991406356567999
23735,0.1968836147994819,3,3,3,585061,20549,99187,8769,0.19034606691615102,0.29909952929940653
23736,0.1968915959144207,6,9,6,585070,20540,99193,8763,0.19026269961836303,0.29904787905675184
23737,0.1968916466683381,0,3,0,585073,20537,99193,8763,0.19023491051910038,0.29907849829351535
23738,0.1968917349521335,2,23,2,585096,20514,99195,8761,0.19002186075808664,0.299265584970111
23739,0.1968927406998063,1,3,1,585099,20511,99196,8760,0.18999407165882395,0.29927231731064874
23740,0.1969031120283633,0,4,0,585103,20507,99196,8760,0.18995701952647376,0.299313219667202
23741,0.1969056384552638,11,27,11,585130,20480,99207,8749,0.1897069176331098,0.2993260118375586
23742,0.1969205188696967,6,10,6,585140,20470,99213,8743,0.18961428730223423,0.2992845650908842
23743,0.1969216833715777,3,5,3,585145,20465,99216,8740,0.18956797213679646,0.2992638246875535
23744,0.196935644629237,1,0,1,585145,20465,99217,8739,0.18956797213679646,0.299239830160252
23745,0.1969365559976765,2,3,2,585148,20462,99219,8737,0.1895401830375338,0.2992225761156204
23746,0.1969384333618222,19,57,19,585205,20405,99238,8718,0.18901219015154322,0.2993510283967998
23747,0.1969496878687136,1,12,1,585217,20393,99239,8717,0.18890103375449258,0.2994503607007901
23748,0.1969605700237197,1,1,1,585218,20392,99240,8716,0.188891770721405,0.2994365810086574
23749,0.1969621032462644,5,6,5,585224,20386,99245,8711,0.1888361925228797,0.29937794274323815
23750,0.1969713932325675,20,62,20,585286,20324,99265,8691,0.18826188447145134,0.29953472341892123
23751,0.1969744565263398,34,77,34,585363,20247,99299,8657,0.18754863092370966,0.2995087185164683
23752,0.1969778448292834,1,1,1,585364,20246,99300,8656,0.18753936789062212,0.29949484464742926
23753,0.1969816228057958,7,14,7,585378,20232,99307,8649,0.18740968542739633,0.2994702399501402
23754,0.196989512695491,4,0,4,585378,20232,99311,8645,0.18740968542739633,0.2993732035876303
23755,0.1970009845068316,1,3,1,585381,20229,99312,8644,0.18738189632813368,0.29938004363938625
23756,0.1970045468784935,0,2,0,585383,20227,99312,8644,0.18736337026195857,0.29940078279242144
23757,0.1970048839368696,13,66,13,585449,20161,99325,8631,0.18675201007818,0.2997707696582384
23758,0.1970050510971319,1,3,1,585452,20158,99326,8630,0.18672422097891733,0.29977768514658887
23759,0.1970175027728991,21,62,21,585514,20096,99347,8609,0.18614991292748898,0.2999129071590315
23760,0.1970272684674631,1,0,1,585514,20096,99348,8608,0.18614991292748898,0.29988851727982163
23761,0.1970321787062313,14,29,14,585543,20067,99362,8594,0.1858812849679499,0.2998499703429748
23762,0.197032431558803,5,16,5,585559,20051,99367,8589,0.18573307643854903,0.299895251396648
23763,0.197043135024502,0,1,0,585560,20050,99367,8589,0.18572381340546149,0.2999057229651873
23764,0.1970456068456622,6,22,6,585582,20028,99373,8583,0.18552002667753528,0.2999895145223865
23765,0.1970585224561819,22,43,22,585625,19985,99395,8561,0.18512171625477047,0.29990191270230504
23766,0.1970605664034898,8,20,8,585645,19965,99403,8553,0.18493645559301938,0.2999158426257101
23767,0.1970629733751953,7,12,7,585657,19953,99410,8546,0.18482529919596874,0.2998701708831889
23768,0.1970762212245294,48,92,48,585749,19861,99458,8498,0.18397310015191373,0.29965795690962305
23769,0.1970778924763854,1,1,1,585750,19860,99459,8497,0.1839638371188262,0.2996438269210424
23770,0.1970796478428771,6,4,6,585754,19856,99465,8491,0.18392678498647597,0.2995378699686034
23771,0.1970983752522416,13,58,13,585812,19798,99478,8478,0.18338952906739783,0.2998302447305135
23772,0.1971006831558536,17,44,17,585856,19754,99495,8461,0.18298195561154545,0.29987595250753146
23773,0.1971075692669619,16,31,16,585887,19723,99511,8445,0.18269480158583126,0.29980829309855156
23774,0.1971144164541192,6,21,6,585908,19702,99517,8439,0.18250027789099263,0.29988273337834476
23775,0.1971144515010501,1,5,1,585913,19697,99518,8438,0.18245396272555486,0.29991114270481606
23776,0.1971202353055429,3,5,3,585918,19692,99521,8435,0.1824076475601171,0.29988978561524515
23777,0.1971236972563269,5,9,5,585927,19683,99526,8430,0.1823242802623291,0.2998612741436346
23778,0.1971237588488591,1,5,1,585932,19678,99527,8429,0.18227796509689131,0.2998897071903796
23779,0.1971268449777048,4,6,4,585938,19672,99531,8425,0.182222386898366,0.2998540769477168
23780,0.1971347151671297,1,0,1,585938,19672,99532,8424,0.182222386898366,0.29982915717539865
23781,0.1971352703717319,16,47,16,585985,19625,99548,8408,0.18178702434325095,0.299932222737488
23782,0.1971371869882899,1,3,1,585988,19622,99549,8407,0.1817592352439883,0.2999393485318777
23783,0.1971484055398406,0,2,0,585990,19620,99549,8407,0.18174070917781318,0.29996075213187284
23784,0.1971484659139532,7,10,7,586000,19610,99556,8400,0.18164807884693765,0.299892895394502
23785,0.1971523643885985,1,6,1,586006,19604,99557,8399,0.1815925006484123,0.29993215012677216
23786,0.1971547632221701,7,27,7,586033,19577,99564,8392,0.18134239875504835,0.3000464800314634
23787,0.1971678013671572,15,31,15,586064,19546,99579,8377,0.18105524472933418,0.30000358127708343
23788,0.1971788933244829,1,8,1,586072,19538,99580,8376,0.18098114046463373,0.3000644837715842
23789,0.1971790604847453,0,1,0,586073,19537,99580,8376,0.1809718774315462,0.30007523376204637
23790,0.1971822457780326,1,5,1,586078,19532,99581,8375,0.18092556226610843,0.3001039165800695
23791,0.1971915121605124,1,3,1,586081,19529,99582,8374,0.18089777316684574,0.30011109916496437
23792,0.1971942726158382,5,24,5,586105,19505,99587,8369,0.18067546037274446,0.30024395494008754
23793,0.1971946743016182,1,4,1,586109,19501,99588,8368,0.18063840824039423,0.30026193978973054
23794,0.1971960558453958,9,20,9,586129,19481,99597,8359,0.18045314757864314,0.3002514367816092
23795,0.1971961782061911,3,5,3,586134,19476,99600,8356,0.18040683241320538,0.30022995113538375
23796,0.1971989540799039,11,31,11,586165,19445,99611,8345,0.1801196783874912,0.30028787333573226
23797,0.1972069746725168,2,15,2,586180,19430,99613,8343,0.17998073289117789,0.3003996687430238
23798,0.197216234863754,1,1,1,586181,19429,99614,8342,0.17997146985809034,0.30038529401173886
23799,0.1972268505143597,6,17,6,586198,19412,99620,8336,0.1798139982956019,0.30041804814761425
23800,0.1972279219102844,2,9,2,586207,19403,99622,8334,0.17973063099781392,0.3004650827414645
23801,0.1972325318437952,1,4,1,586211,19399,99623,8333,0.17969357886546372,0.3004831963075148
23802,0.1972345757911031,1,3,1,586214,19396,99624,8332,0.17966578976620104,0.30049047893825737
23803,0.1972370621296737,3,11,3,586225,19385,99627,8329,0.17956389640223794,0.30053402612398067
23804,0.1972371159250047,2,4,2,586229,19381,99629,8327,0.17952684426988774,0.300526923632164
23805,0.1972373739427557,3,8,3,586237,19373,99632,8324,0.1794527400051873,0.3005379644004766
23806,0.1972417069204072,18,24,18,586261,19349,99650,8306,0.179230427211086,0.3003435183511119
23807,0.1972440153308008,3,4,3,586265,19345,99653,8303,0.17919337507873578,0.30031105324074076
23808,0.1972550970590347,20,45,20,586310,19300,99673,8283,0.17877653858979584,0.30029365913787476
23809,0.1972616148986892,25,78,25,586388,19222,99698,8258,0.1780540220089666,0.300509461426492
23810,0.1972686750544946,4,19,4,586407,19203,99702,8254,0.1778780243803031,0.30061550788505664
23811,0.1972839994292827,0,1,0,586408,19202,99702,8254,0.17786876134721552,0.3006264568764569
23812,0.1972856445307912,1,0,1,586408,19202,99703,8253,0.17786876134721552,0.3006009834274267
23813,0.1972876359880236,2,10,2,586418,19192,99705,8251,0.17777613101634,0.3006595488831396
23814,0.1972910425463324,8,31,8,586449,19161,99713,8243,0.17748897699062582,0.30079550430594076
23815,0.1972925620771844,45,68,45,586517,19093,99758,8198,0.17685909074067213,0.3003920706460005
23816,0.1972942446931562,0,1,0,586518,19092,99758,8198,0.17684982770758456,0.300403078050568
23817,0.1972991565906142,1,3,1,586521,19089,99759,8197,0.1768220386083219,0.3004104669061057
23818,0.197304891453587,1,4,1,586525,19085,99760,8196,0.17678498647597168,0.30042886990946077
23819,0.1973152534180015,17,52,17,586577,19033,99777,8179,0.17630330875541889,0.30056592679700134
23820,0.1973267472031525,1,9,1,586586,19024,99778,8178,0.1762199414576309,0.3006396588486141
23821,0.1973285007379467,2,10,2,586596,19014,99780,8176,0.17612731112675534,0.30069878631849944
23822,0.1973319690522501,11,23,11,586619,18991,99791,8165,0.1759142613657416,0.3006702017970246
23823,0.1973320622296153,16,26,16,586645,18965,99807,8149,0.1756734225054652,0.30054584347569524
23824,0.1973731479670299,36,132,36,586777,18833,99843,8113,0.17445070213790803,0.30108364877903954
23825,0.1973749128706889,1,8,1,586785,18825,99844,8112,0.1743765978732076,0.3011471210602517
23826,0.1973823686245299,1,1,1,586786,18824,99845,8111,0.17436733484012004,0.30113235567105995
23827,0.1973846437170775,3,8,3,586794,18816,99848,8108,0.17429323057541962,0.3011439607784876
23828,0.1973863753555141,20,49,20,586843,18767,99868,8088,0.17383934195412945,0.3011729659281326
23829,0.1973959540973368,4,25,4,586868,18742,99872,8084,0.1736077661269406,0.30134943711324835
23830,0.1974001437007106,2,4,2,586872,18738,99874,8082,0.1735707139945904,0.30134228187919465
23831,0.1974221087352273,6,12,6,586884,18726,99880,8076,0.17345955759753973,0.3013207969554511
23832,0.1974221731291301,0,1,0,586885,18725,99880,8076,0.17345029456445218,0.3013320398492594
23833,0.1974287032486571,0,2,0,586887,18723,99880,8076,0.17343176849827707,0.3013545281540356
23834,0.1974297952122153,9,18,9,586905,18705,99889,8067,0.1732650339027011,0.301322277005827
23835,0.1974329264290952,13,33,13,586938,18672,99902,8054,0.17295935381081182,0.30135448626805356
23836,0.1974356242863026,3,8,3,586946,18664,99905,8051,0.17288524954611137,0.30136627362904733
23837,0.1974502087180515,9,20,9,586966,18644,99914,8042,0.1726999888843603,0.301356516525519
23838,0.1974546818017453,12,29,12,586995,18615,99926,8030,0.17243136092482123,0.3013698630136986
23839,0.1974650519339458,1,7,1,587002,18608,99927,8029,0.17236651969320835,0.30142283290160304
23840,0.1974664930133167,3,0,3,587002,18608,99930,8026,0.17236651969320835,0.30134414657955993
23841,0.1974721246110354,0,2,0,587004,18606,99930,8026,0.17234799362703324,0.3013667768098528
23842,0.1974757818803339,16,28,16,587032,18578,99946,8010,0.17208862870058173,0.3012637279975929
23843,0.1974791735758922,3,4,3,587036,18574,99949,8007,0.1720515765682315,0.3012302020240021
23844,0.1974814554312342,0,2,0,587038,18572,99949,8007,0.1720330505020564,0.3012528688062004
23845,0.1974838107869254,3,7,3,587045,18565,99952,8004,0.1719682092704435,0.3012533403590651
23846,0.1974892628056149,0,3,0,587048,18562,99952,8004,0.17194042017118086,0.3012873597831815
23847,0.1974976245361286,2,3,2,587051,18559,99954,8002,0.17191263107191818,0.3012687775309665
23848,0.1975007565907658,2,2,2,587053,18557,99956,8000,0.1718941050057431,0.3012388447490304
23849,0.1975059784398634,2,6,2,587059,18551,99958,7998,0.17183852680721776,0.3012542845304908
23850,0.1975060716172287,1,0,1,587059,18551,99959,7997,0.17183852680721776,0.30122796444176586
23851,0.197507215811183,1,0,1,587059,18551,99960,7996,0.17183852680721776,0.30120164237013597
23852,0.1975243721261513,4,14,4,587073,18537,99964,7992,0.171708844343992,0.301255230125523
23853,0.197524602114384,2,15,2,587088,18522,99966,7990,0.17156989884767868,0.3013729631864816
23854,0.1975249162466867,1,1,1,587089,18521,99967,7989,0.17156063581459113,0.3013579781214636
23855,0.1975340752843386,1,4,1,587093,18517,99968,7988,0.1715235836822409,0.30137709866063006
23856,0.1975469655653112,1,1,1,587094,18516,99969,7987,0.17151432064915337,0.301362109949817
23857,0.197554064962008,15,58,15,587152,18458,99984,7972,0.1709770647300752,0.3016269390843738
23858,0.1975543672541552,7,9,7,587161,18449,99991,7965,0.17089369743228722,0.3015446354206103
23859,0.1975593940888968,1,0,1,587161,18449,99992,7964,0.17089369743228722,0.3015181917994927
23860,0.1975640543519021,1,3,1,587164,18446,99993,7963,0.17086590833302456,0.3015259949259722
23861,0.1975855716504382,8,21,8,587185,18425,100001,7955,0.17067138463818593,0.3015542077331312
23862,0.1975887000140698,20,32,20,587217,18393,100021,7935,0.1703749675793842,0.3013901549680948
23863,0.197588793191435,8,29,8,587246,18364,100029,7927,0.17010633961984511,0.30151002244113956
23864,0.1975915693213079,0,3,0,587249,18361,100029,7927,0.17007855052058246,0.30154443091905053
23865,0.197596636264352,4,13,4,587262,18348,100033,7923,0.16995813109044425,0.30158730158730157
23866,0.1976019046082519,0,2,0,587264,18346,100033,7923,0.16993960502426914,0.30161026304769883
23867,0.1976097621256036,0,3,0,587267,18343,100033,7923,0.16991181592500648,0.3016447117947156
23868,0.1976104888446382,15,34,15,587301,18309,100048,7908,0.16959687280002964,0.3016363428309875
23869,0.1976137918429971,0,2,0,587303,18307,100048,7908,0.16957834673385452,0.3016593553309174
23870,0.1976186870471256,0,1,0,587304,18306,100048,7908,0.16956908370076698,0.30167086289768824
23871,0.1976286911893587,7,12,7,587316,18294,100055,7901,0.16945792730371634,0.3016224470318763
23872,0.1976310652944046,35,61,35,587377,18233,100090,7866,0.16889288228537552,0.3013908578872754
23873,0.1976432019764924,9,18,9,587395,18215,100099,7857,0.16872614768979954,0.30135777845965017
23874,0.1976461339986487,1,0,1,587395,18215,100100,7856,0.16872614768979954,0.30133098078324577
23875,0.1976511268964998,4,7,4,587402,18208,100104,7852,0.16866130645818667,0.301304681504221
23876,0.1976542500093757,24,83,24,587485,18125,100128,7828,0.16789247471191968,0.3016221631410627
23877,0.1976601772381253,1,8,1,587493,18117,100129,7827,0.16781837044721923,0.3016882516188714
23878,0.1976765161378335,33,118,33,587611,17999,100162,7794,0.16672533254288785,0.302175008723297
23879,0.197677151793066,4,7,4,587618,17992,100166,7790,0.16666049131127497,0.30214878597471106
23880,0.1976783181685515,5,8,5,587626,17984,100171,7785,0.16658638704657452,0.30210718304940043
23881,0.1977053500366915,1,4,1,587630,17980,100172,7784,0.1665493349142243,0.3021269989132122
23882,0.1977098009009548,1,4,1,587634,17976,100173,7783,0.1665122827818741,0.3021468224698164
23883,0.1977109547809241,27,65,27,587699,17911,100200,7756,0.16591018563118307,0.3021778937935871
23884,0.197711412763565,23,30,23,587729,17881,100223,7733,0.16563229463855644,0.30190520808932614
23885,0.197716718447348,27,39,27,587768,17842,100250,7706,0.16527103634814183,0.30162830749960856
23886,0.1977189562204131,1,0,1,587768,17842,100251,7705,0.16527103634814183,0.3016009707597761
23887,0.1977280743496214,4,4,4,587772,17838,100255,7701,0.1652339842157916,0.301538822976624
23888,0.1977457928747524,8,11,8,587783,17827,100263,7693,0.16513209085182853,0.3014498432601881
23889,0.1977494487896026,14,24,14,587807,17803,100277,7679,0.16490977805772722,0.30134997252962875
23890,0.197754828837038,15,51,15,587858,17752,100292,7664,0.16443736337026196,0.3015423355366698
23891,0.197758447086078,11,17,11,587875,17735,100303,7653,0.16427989180777353,0.30144162596502283
23892,0.1977627094016831,2,11,2,587886,17724,100305,7651,0.16417799844381045,0.30151724137931035
23893,0.1977628025790483,2,8,2,587894,17716,100307,7649,0.16410389417911,0.3015572639463828
23894,0.1977648657755527,6,10,6,587904,17706,100313,7643,0.16401126384823447,0.3015109077281155
23895,0.1977699399614318,1,5,1,587909,17701,100314,7642,0.1639649486827967,0.3015428323402912
23896,0.1977837715132169,0,1,0,587910,17700,100314,7642,0.16395568564970914,0.30155473127614235
23897,0.1977837966674186,9,21,9,587931,17679,100323,7633,0.1637611619548705,0.30155657395701646
23898,0.1977853427029573,9,16,9,587947,17663,100332,7624,0.16361295342546964,0.3014987938466406
23899,0.1977877778516796,2,4,2,587951,17659,100334,7622,0.1635759012931194,0.30149123847949055
23900,0.1977929080108435,0,1,0,587952,17658,100334,7622,0.16356663826003187,0.301503164556962
23901,0.1978033366115454,5,8,5,587960,17650,100339,7617,0.16349253399533142,0.3014604028970594
23902,0.1978039758002942,16,65,16,588025,17585,100355,7601,0.1628904368446404,0.3017946478202176
23903,0.1978051641548807,16,73,16,588098,17512,100371,7585,0.16221423542924895,0.30222735785153604
23904,0.1978102943140446,4,22,4,588120,17490,100375,7581,0.16201044870132275,0.30238123728610744
23905,0.1978276047354414,8,13,8,588133,17477,100383,7573,0.16189002927118457,0.30231536926147706
23906,0.1978341866257386,1,3,1,588136,17474,100384,7572,0.16186224017192188,0.3023237243472012
23907,0.1978354558757465,8,18,8,588154,17456,100392,7564,0.16169550557634593,0.30231814548361313
23908,0.1978393475589976,1,0,1,588154,17456,100393,7563,0.16169550557634593,0.3022902594028538
23909,0.1978410289322304,2,5,2,588159,17451,100395,7561,0.16164919041090814,0.3022948984487446
23910,0.1978462651053908,3,9,3,588168,17442,100398,7558,0.16156582311312015,0.30232
23911,0.1978494540424347,1,2,1,588170,17440,100399,7557,0.16154729704694507,0.3023162779533544
23912,0.1978536001494538,8,41,8,588211,17399,100407,7549,0.16116751269035534,0.3025893859227193
23913,0.1978623443234072,2,5,2,588216,17394,100409,7547,0.16112119752491755,0.3025941221282226
23914,0.1978794331099981,2,4,2,588220,17390,100411,7545,0.16108414539256735,0.3025867254862643
23915,0.1978843754950808,6,12,6,588232,17378,100417,7539,0.16097298899551668,0.3025645141871012
23916,0.1978854221511784,2,15,2,588247,17363,100419,7537,0.16083404349920338,0.3026907630522088
23917,0.197892307862483,11,24,11,588271,17339,100430,7526,0.16061173070510207,0.3026744419867283
23918,0.1978947458162175,1,1,1,588272,17338,100431,7525,0.16060246767201453,0.30265856895788923
23919,0.1979038325390172,3,22,3,588294,17316,100434,7522,0.16039868094408832,0.3028424188743055
23920,0.197912015022448,2,6,2,588300,17310,100436,7520,0.16034310274556302,0.30285944422070077
23921,0.197917283366348,0,1,0,588301,17309,100436,7520,0.16033383971247545,0.3028716420314954
23922,0.1979228056506353,9,38,9,588339,17271,100445,7511,0.1599818444551484,0.30308288273747075
23923,0.1979258676027342,15,41,15,588380,17230,100460,7496,0.15960206009855868,0.3031626627841139
23924,0.1979541789771161,9,26,9,588406,17204,100469,7487,0.15936122123828225,0.3032278968045037
23925,0.1979650025337893,1,4,1,588410,17200,100470,7486,0.15932416910593206,0.30324880499068296
23926,0.1979732998178783,2,7,2,588417,17193,100472,7484,0.15925932787431918,0.3032783563642258
23927,0.1979749638675213,0,2,0,588419,17191,100472,7484,0.15924080180814407,0.30330293819655524
23928,0.1979755902945914,11,8,11,588427,17183,100483,7473,0.15916669754344362,0.30309052563270605
23929,0.1979831468074966,5,15,5,588442,17168,100488,7468,0.15902775204713032,0.3031336255885696
23930,0.1979902879236273,1,6,1,588448,17162,100489,7467,0.158972173848605,0.30317917901660646
23931,0.1979906644093557,34,128,34,588576,17034,100523,7433,0.15778650561339805,0.30379695099521803
23932,0.1979910422363521,0,5,0,588581,17029,100523,7433,0.15774019044796028,0.30385904668465374
23933,0.1979936969266476,3,10,3,588591,17019,100526,7430,0.15764756011708475,0.3038979099349667
23934,0.1980016141230547,2,4,2,588595,17015,100528,7428,0.15761050798473453,0.30389068444953565
23935,0.1980040149213584,2,4,2,588599,17011,100530,7426,0.1575734558523843,0.30388345541596756
23936,0.1980109420149661,1,2,1,588601,17009,100531,7425,0.1575549297862092,0.30387983956781534
23937,0.1980212589801478,2,3,2,588604,17006,100533,7423,0.15752714068694654,0.3038601661959147
23938,0.1980295130723447,0,2,0,588606,17004,100533,7423,0.15750861462077143,0.3038850452368281
23939,0.1980380507602209,13,55,13,588661,16949,100546,7410,0.15699914780095595,0.3041996797898108
23940,0.1980510733972911,0,3,0,588664,16946,100546,7410,0.1569713587016933,0.30423714895713583
23941,0.1980589022717133,8,44,8,588708,16902,100554,7402,0.1565637852458409,0.3045589203423305
23942,0.1980671054962275,27,93,27,588801,16809,100581,7375,0.15570232316869836,0.30495368838901754
23943,0.1980674851883754,2,3,2,588804,16806,100583,7373,0.15567453406943568,0.3049340336655776
23944,0.1980734700513402,0,5,0,588809,16801,100583,7373,0.15562821890399792,0.30499710432696286
23945,0.1980761611284054,0,5,0,588814,16796,100583,7373,0.15558190373856015,0.30506020108403326
23946,0.1980787713388795,1,1,1,588815,16795,100584,7372,0.1555726407054726,0.30504406835767783
23947,0.198081868066255,2,1,2,588816,16794,100586,7370,0.15556337767238504,0.30499917232246315
23948,0.1980837256351589,1,9,1,588825,16785,100587,7369,0.15548001037459705,0.30508404405067485
23949,0.1980884720980039,19,45,19,588870,16740,100606,7350,0.15506317388565713,0.30510585305105853
23950,0.1980908563545412,28,71,28,588941,16669,100634,7322,0.15440549853644078,0.3051977825017715
23951,0.1980955950639862,0,1,0,588942,16668,100634,7322,0.1543962355033532,0.3052105043768237
23952,0.1981106926073428,26,104,26,589046,16564,100660,7296,0.1534328800622476,0.3057837384744342
23953,0.1981131305610773,4,14,4,589060,16550,100664,7292,0.15330319759902183,0.3058468249307944
23954,0.1981175646119069,9,15,9,589075,16535,100673,7283,0.1531642521027085,0.30577714333697203
23955,0.1981270175409557,10,23,10,589098,16512,100683,7273,0.15295120234169476,0.3057809543830145
23956,0.198143503892116,5,7,5,589105,16505,100688,7268,0.1528863611100819,0.30572498212257604
23957,0.1981439904523188,1,0,1,589105,16505,100689,7267,0.1528863611100819,0.30569577654383306
23958,0.1981480505925484,14,56,14,589161,16449,100703,7253,0.15236763125717884,0.30600793182009955
23959,0.1981495996822047,1,8,1,589169,16441,100704,7252,0.15229352699247842,0.30608196513738234
23960,0.1981558303534182,0,1,0,589170,16440,100704,7252,0.15228426395939088,0.3060948843491474
23961,0.1981646737969691,5,13,5,589183,16427,100709,7247,0.15216384452925266,0.30611641463208583
23962,0.1981931512375644,1,5,1,589188,16422,100710,7246,0.1521175293638149,0.30615176609768463
23963,0.1982158799164618,2,10,2,589198,16412,100712,7244,0.15202489903293934,0.3062225228271897
23964,0.198217447929433,20,41,20,589239,16371,100732,7224,0.1516451146763496,0.30616656071201526
23965,0.1982243628835539,8,8,8,589247,16363,100740,7216,0.1515710104116492,0.3060350311718054
23966,0.1982299605678952,8,12,8,589259,16351,100748,7208,0.15145985401459855,0.3059552612589668
23967,0.1982300307796979,4,9,4,589268,16342,100752,7204,0.15137648671681056,0.30595430221693704
23968,0.1982357727150836,6,4,6,589272,16338,100758,7198,0.15133943458446034,0.3058293677770224
23969,0.1982411148838408,1,3,1,589275,16335,100759,7197,0.15131164548519768,0.30583885772565017
23970,0.1982555259080179,0,3,0,589278,16332,100759,7197,0.151283856385935,0.3058778528624251
23971,0.19825961224591,4,5,4,589283,16327,100763,7193,0.15123754122049723,0.3058248299319728
23972,0.1982624814856173,3,9,3,589292,16318,100766,7190,0.15115417392270925,0.3058533265271397
23973,0.1982635188092607,0,7,0,589299,16311,100766,7190,0.15108933269109637,0.30594442789668524
23974,0.1982658094183232,7,12,7,589311,16299,100773,7183,0.15097817629404572,0.3058938761604633
23975,0.1982668744937691,4,4,4,589315,16295,100777,7179,0.1509411241616955,0.3058277242907046
23976,0.1982726750464009,0,4,0,589319,16291,100777,7179,0.15090407202934528,0.30587984661269707
23977,0.1982851483572177,2,0,2,589319,16291,100779,7177,0.15090407202934528,0.30582069200613604
23978,0.1982970656279652,2,6,2,589325,16285,100781,7175,0.15084849383081997,0.3058397271952259
23979,0.1982977898918086,1,4,1,589329,16281,100782,7174,0.15081144169846974,0.30586228949051375
23980,0.1983010269285691,3,3,3,589332,16278,100785,7171,0.1507836525992071,0.30581261461043113
23981,0.1983036020389969,0,1,0,589333,16277,100785,7171,0.15077438956611952,0.3058256567724326
23982,0.1983159430261817,2,4,2,589337,16273,100787,7169,0.15073733743376933,0.3058186161590308
23983,0.198318902186381,0,2,0,589339,16271,100787,7169,0.1507188113675942,0.3058447098976109
23984,0.1983226978956073,0,3,0,589342,16268,100787,7169,0.15069102226833153,0.3058838588556556
23985,0.1983263207730622,1,2,1,589344,16266,100788,7168,0.15067249620215645,0.3058803447981565
23986,0.1983279889091808,5,5,5,589349,16261,100793,7163,0.15062618103671865,0.3057974726775956
23987,0.198328231251248,11,16,11,589365,16245,100804,7152,0.1504779725073178,0.30568021541223234
23988,0.1983313481331741,1,1,1,589366,16244,100805,7151,0.15046870947423024,0.30566360333404574
23989,0.1983336387422365,4,5,4,589371,16239,100809,7147,0.15042239430879248,0.3056101941332421
23990,0.1983437410727063,5,17,5,589388,16222,100814,7142,0.15026492274630404,0.3056839582263311
23991,0.1983445944713738,26,50,26,589438,16172,100840,7116,0.14980177109192633,0.30556509790450015
23992,0.1983469945874758,4,5,4,589443,16167,100844,7112,0.14975545592648856,0.3055114051290863
23993,0.1983697346827024,7,18,7,589461,16149,100851,7105,0.14958872133091258,0.30553883202889826
23994,0.1983780360022501,1,0,1,589461,16149,100852,7104,0.14958872133091258,0.3055089665849568
23995,0.1983828639464715,1,6,1,589467,16143,100853,7103,0.14953314313238728,0.30555794545298115
23996,0.1983891589039529,2,1,2,589468,16142,100855,7101,0.1495238800992997,0.30551133674654735
23997,0.1983941500969755,0,3,0,589471,16139,100855,7101,0.14949609100003705,0.3055507745266781
23998,0.1983954223054512,10,14,10,589485,16125,100865,7091,0.1493664085368113,0.3054359062715369
23999,0.1984032568115674,8,35,8,589520,16090,100873,7083,0.1490422023787469,0.3056574461657964
24000,0.1984040401673113,1,3,1,589523,16087,100874,7082,0.14901441327948423,0.30566705511675085
24001,0.1984041041445207,12,26,12,589549,16061,100886,7070,0.14877357441920783,0.3056504258354589
24002,0.1984210980472136,2,15,2,589564,16046,100888,7068,0.1486346289228945,0.3057886994894869
24003,0.1984219021329768,21,37,21,589601,16009,100909,7047,0.148291896698655,0.30564712005551703
24004,0.1984634293506444,19,66,19,589667,15943,100928,7028,0.14768053651487642,0.30595098167254364
24005,0.1984719334684341,4,1,4,589668,15942,100932,7024,0.14767127348178888,0.305843420708874
24006,0.1985169376898533,15,45,15,589713,15897,100947,7009,0.14725443699284893,0.30598969702261414
24007,0.1985312586745578,6,15,6,589728,15882,100953,7003,0.14711549149653563,0.3060083023814726
24008,0.1985334211092735,1,3,1,589731,15879,100954,7002,0.14708770239727295,0.30601809361478954
24009,0.198536020091971,19,55,19,589786,15824,100973,6983,0.14657823557745747,0.30617792782917524
24010,0.1985372869312408,0,2,0,589788,15822,100973,6983,0.1465597095112824,0.3062047796535847
24011,0.1985412181076785,5,12,5,589800,15810,100978,6978,0.14644855311423172,0.3062137967351237
24012,0.1985525666934297,3,4,3,589804,15806,100981,6975,0.14641150098188152,0.306176199464466
24013,0.1985537965897849,2,1,2,589805,15805,100983,6973,0.14640223794879395,0.30612872069540786
24014,0.1985660030217234,3,8,3,589813,15797,100986,6970,0.14632813368409353,0.3061448587868406
24015,0.1985805997037404,4,17,4,589830,15780,100990,6966,0.1461706621216051,0.3062516486415194
24016,0.1985811881764192,10,31,10,589861,15749,101000,6956,0.14588350809589093,0.30636423695221315
24017,0.1985847670137666,7,13,7,589874,15736,101007,6949,0.14576308866575272,0.3063257659246198
24018,0.1985881194275622,28,52,28,589926,15684,101035,6921,0.1452814109451999,0.30617120106171203
24019,0.1985910375294222,1,6,1,589932,15678,101036,6920,0.14522583274667458,0.3062217895388972
24020,0.1985959115205901,5,13,5,589945,15665,101041,6915,0.14510541331653637,0.3062444641275465
24021,0.1986294332723668,7,15,7,589960,15650,101048,6908,0.14496646782022304,0.3062328220586931
24022,0.198643610009344,15,36,15,589996,15614,101063,6893,0.1446329986290711,0.3062602745812414
24023,0.1986479467504579,14,47,14,590043,15567,101077,6879,0.14419763607395605,0.30646885859395884
24024,0.1986490175003326,1,4,1,590047,15563,101078,6878,0.14416058394160583,0.30649258054453904
24025,0.1986585980427468,2,5,2,590052,15558,101080,6876,0.14411426877616806,0.3064990639208344
24026,0.1986625096790872,4,6,4,590058,15552,101084,6872,0.14405869057764276,0.30645736710667143
24027,0.1986713866538553,3,4,3,590062,15548,101087,6869,0.14402163844529253,0.30641923540170407
24028,0.1986759843459479,46,74,46,590136,15474,101133,6823,0.1433361739968135,0.3060052921917747
24029,0.1986836274987374,7,25,7,590161,15449,101140,6816,0.14310459816962467,0.3061306984055693
24030,0.1987067902468742,4,16,4,590177,15433,101144,6812,0.1429563896402238,0.30622611822881546
24031,0.1987078568652988,1,1,1,590178,15432,101145,6811,0.14294712660713624,0.3062086948702963
24032,0.1987278059773982,0,1,0,590179,15431,101145,6811,0.1429378635740487,0.30622246200881215
24033,0.1987321721275191,0,1,0,590180,15430,101145,6811,0.14292860054096113,0.3062362303853244
24034,0.1987452610828668,4,9,4,590189,15421,101149,6807,0.14284523324317314,0.3062353788015116
24035,0.1987588698842541,3,1,3,590190,15420,101152,6804,0.1428359702100856,0.30615550755939525
24036,0.1987629667964831,0,1,0,590191,15419,101152,6804,0.14282670717699802,0.3061692840750574
24037,0.1987662991758755,1,12,1,590203,15407,101153,6803,0.14271555077994738,0.3063034669067987
24038,0.1987932563417553,4,5,4,590208,15402,101157,6799,0.14266923561450962,0.3062474663303455
24039,0.198793891052866,4,10,4,590218,15392,101161,6795,0.14257660528363408,0.3062604227700906
24040,0.1988237522701469,1,1,1,590219,15391,101162,6794,0.1425673422505465,0.3062429569528961
24041,0.1988341284997888,0,2,0,590221,15389,101162,6794,0.1425488161843714,0.3062705675517288
24042,0.1988366532557127,4,6,4,590227,15383,101166,6790,0.1424932379858461,0.30622829567491994
24043,0.1988381751518274,10,53,10,590280,15330,101176,6780,0.14200229723220573,0.3066485753052917
24044,0.1988741232112572,9,12,9,590292,15318,101185,6771,0.14189114083515506,0.3065326633165829
24045,0.1988774379288549,1,1,1,590293,15317,101186,6770,0.1418818778020675,0.30651514465522706
24046,0.1988782013310841,4,7,4,590300,15310,101190,6766,0.14181703657045464,0.30648668236999455
24047,0.1988959784618364,5,10,5,590310,15300,101195,6761,0.14172440623957908,0.3064684284483931
24048,0.1989060044757407,4,12,4,590322,15288,101199,6757,0.14161324984252843,0.30650941256520753
24049,0.1989405201491097,3,7,3,590329,15281,101202,6754,0.14154840861091555,0.30651236668935783
24050,0.1989460306549974,1,4,1,590333,15277,101203,6753,0.14151135647856533,0.306536541080345
24051,0.1989632311728803,22,86,22,590419,15191,101225,6731,0.1407147356330357,0.3070431529969893
24052,0.1989672657293686,0,1,0,590420,15190,101225,6731,0.14070547259994812,0.307057159801104
24053,0.199008712856199,6,17,6,590437,15173,101231,6725,0.1405480010374597,0.3071056717508448
24054,0.1990122757977258,18,24,18,590461,15149,101249,6707,0.1403256882433584,0.3068722547584187
24055,0.1990343690303403,43,163,43,590624,14986,101292,6664,0.13881581385008707,0.30780600461893765
24056,0.1990368519457468,4,17,4,590641,14969,101296,6660,0.13865834228759866,0.30791992232650606
24057,0.1990428322248836,1,2,1,590643,14967,101297,6659,0.13863981622142355,0.30791639692962175
24058,0.1990499873035749,5,10,5,590653,14957,101302,6654,0.138547185890548,0.3078987552635232
24059,0.1990667961151887,2,8,2,590661,14949,101304,6652,0.13847308162584757,0.3079487060784223
24060,0.1990830796157886,7,18,7,590679,14931,101311,6645,0.1383063470302716,0.3079810901001112
24061,0.1991145295367231,1,2,1,590681,14929,101312,6644,0.13828782096409648,0.30797756454827796
24062,0.1991209482527673,3,0,3,590681,14929,101315,6641,0.13828782096409648,0.30788131664348634
24063,0.1991263460990852,9,7,9,590688,14922,101324,6632,0.1382229797324836,0.3076923076923077
24064,0.1991344785508321,15,36,15,590724,14886,101339,6617,0.13788951054133167,0.30772450355764314
24065,0.1991438650894524,5,12,5,590736,14874,101344,6612,0.137778354144281,0.3077352694777995
24066,0.1991535539099234,27,52,27,590788,14822,101371,6585,0.1372966764237282,0.30760966039146076
24067,0.1991555021079628,1,2,1,590790,14820,101372,6584,0.13727815035755309,0.3076060549430013
24068,0.1991639156883832,4,24,4,590814,14796,101376,6580,0.13705583756345177,0.30782185628742514
24069,0.1991746597584164,3,4,3,590818,14792,101379,6577,0.13701878543110155,0.3077823014647386
24070,0.1991935800891801,2,12,2,590830,14780,101381,6575,0.1369076290340509,0.30789042378834
24071,0.1992023078747454,6,15,6,590845,14765,101387,6569,0.1367686835377376,0.3079122527421018
24072,0.1992113252644323,17,30,17,590875,14735,101404,6552,0.13649079254511098,0.30779348898388686
24073,0.1992213832338368,3,14,3,590889,14721,101407,6549,0.1363611100818852,0.3078984485190409
24074,0.1992354452320802,1,1,1,590890,14720,101408,6548,0.13635184704879766,0.3078803836750047
24075,0.199240805502802,2,1,2,590891,14719,101410,6546,0.13634258401571012,0.3078297672231366
24076,0.1992427878161256,5,13,5,590904,14706,101415,6541,0.1362221645855719,0.30785522662022874
24077,0.1992437973408078,0,2,0,590906,14704,101415,6541,0.1362036385193968,0.30788420804895267
24078,0.1992614094130935,0,2,0,590908,14702,101415,6541,0.13618511245322168,0.30791319493480207
24079,0.1992702487123666,0,1,0,590909,14701,101415,6541,0.13617584942013414,0.3079276904246305
24080,0.1992707242630194,12,12,12,590921,14689,101427,6529,0.13606469302308347,0.3077104345367141
24081,0.1992714327000442,5,14,5,590935,14675,101432,6524,0.1359350105598577,0.3077503655832822
24082,0.1992850487660055,2,1,2,590936,14674,101434,6522,0.13592574752677017,0.30769956595584075
24083,0.1992887988475814,6,13,6,590949,14661,101440,6516,0.13580532809663196,0.3076923076923077
24084,0.1992949576403807,1,0,1,590949,14661,101441,6515,0.13580532809663196,0.3076596146581035
24085,0.1992975980086194,14,36,14,590985,14625,101455,6501,0.13547185890548,0.3077250781028117
24086,0.1992993934136054,4,17,4,591002,14608,101459,6497,0.1353143873429916,0.30784174366263917
24087,0.1993006297053676,0,2,0,591004,14606,101459,6497,0.13529586127681648,0.3078709188267071
24088,0.1993090008798573,2,8,2,591012,14598,101461,6495,0.13522175701211606,0.3079220594510027
24089,0.1993171545757153,7,23,7,591035,14575,101468,6488,0.1350087072511023,0.3080282960641884
24090,0.1993233942653803,2,4,2,591039,14571,101470,6486,0.1349716551187521,0.30802108562473285
24091,0.1993235270770084,1,0,1,591039,14571,101471,6485,0.1349716551187521,0.3079882218844985
24092,0.1993285244245441,0,2,0,591041,14569,101471,6485,0.13495312905257698,0.3080174788638739
24093,0.1993337695374836,23,86,23,591127,14483,101494,6462,0.1341565082070473,0.3085223203628551
24094,0.199343742034103,2,1,2,591128,14482,101496,6460,0.13414724517395976,0.3084710151847961
24095,0.1993720115277064,3,3,3,591131,14479,101499,6457,0.1341194560746971,0.3084161253343523
24096,0.199377679214587,0,6,0,591137,14473,101499,6457,0.13406387787617177,0.30850453893932156
24097,0.1993779400493791,4,14,4,591151,14459,101503,6453,0.13393419541294602,0.3085788064269319
24098,0.199400979358087,1,2,1,591153,14457,101504,6452,0.1339156693467709,0.30857525467502034
24099,0.199408734718343,1,5,1,591158,14452,101505,6451,0.13386935418133314,0.3086159881356743
24100,0.1994220910946584,8,13,8,591171,14439,101513,6443,0.13374893475119493,0.30854324298438845
24101,0.199426432841293,2,6,2,591177,14433,101515,6441,0.13369335655266962,0.308565679793044
24102,0.1994353221767308,0,2,0,591179,14431,101515,6441,0.1336748304864945,0.30859524722115755
24103,0.1994404398600203,2,5,2,591184,14426,101517,6439,0.13362851532105674,0.30860292355619456
24104,0.1994695201920069,0,7,0,591191,14419,101517,6439,0.13356367408944383,0.3087064915140474
24105,0.1994707828401223,3,9,3,591200,14410,101520,6436,0.13348030679165587,0.30874028590616903
24106,0.1994830102674706,1,15,1,591215,14395,101521,6435,0.13334136129534255,0.30892942870859336
24107,0.1994970174640928,25,50,25,591265,14345,101546,6410,0.13287820964096483,0.3088412430739581
24108,0.1994975364646217,1,0,1,591265,14345,101547,6409,0.13287820964096483,0.3088079406379493
24109,0.1995015581857492,1,3,1,591268,14342,101548,6408,0.13285042054170218,0.3088192771084337
24110,0.199507778925097,1,12,1,591280,14330,101549,6407,0.13273926414465154,0.30896465255340694
24111,0.1995287652281286,26,93,26,591373,14237,101575,6381,0.131877802067509,0.3094868561451159
24112,0.1995320200026481,0,1,0,591374,14236,101575,6381,0.13186853903442144,0.309501867390988
24113,0.199533468373532,9,14,9,591388,14222,101584,6372,0.13173885657119566,0.3094105079149267
24114,0.1995354883000854,17,32,17,591420,14190,101601,6355,0.13144243951239393,0.30932100267705037
24115,0.1995508107528632,1,0,1,591420,14190,101602,6354,0.13144243951239393,0.3092873831775701
24116,0.1995516377527012,0,2,0,591422,14188,101602,6354,0.13142391344621884,0.30931749586213614
24117,0.1995516886022003,0,1,0,591423,14187,101602,6354,0.13141465041313127,0.30933255440338836
24118,0.1995595127827377,3,8,3,591431,14179,101605,6351,0.13134054614843085,0.30935216755966877
24119,0.1995623386210148,0,8,0,591439,14171,101605,6351,0.1312664418837304,0.30947276093947956
24120,0.1995657318416769,3,9,3,591448,14162,101608,6348,0.13118307458594242,0.30950755728912727
24121,0.1995713616677845,0,1,0,591449,14161,101608,6348,0.13117381155285487,0.3095226485933005
24122,0.1995778169940296,0,4,0,591453,14157,101608,6348,0.13113675942050465,0.30958302852962694
24123,0.1995861030211154,3,9,3,591462,14148,101611,6345,0.13105339212271666,0.3096179183135705
24124,0.1995905004993033,32,77,32,591539,14071,101643,6313,0.13034013857497498,0.30970368916797486
24125,0.199596594552042,11,31,11,591570,14040,101654,6302,0.1300529845492608,0.3098023793137351
24126,0.1996003294981651,3,1,3,591571,14039,101657,6299,0.13004372151617324,0.30971580293047496
24127,0.1996090864650408,4,9,4,591580,14030,101661,6295,0.12996035421838525,0.30971709717097173
24128,0.1996202477272509,3,6,3,591586,14024,101664,6292,0.12990477601985995,0.30970663516440244
24129,0.1996273421066511,0,2,0,591588,14022,101664,6292,0.12988624995368483,0.30973712710446
24130,0.1996344225915094,2,6,2,591594,14016,101666,6290,0.1298306717551595,0.30976066187333795
24131,0.1996474991057215,2,1,2,591595,14015,101668,6288,0.12982140872207196,0.3097079249372014
24132,0.199658610065272,1,5,1,591600,14010,101669,6287,0.1297750935566342,0.3097502093905503
24133,0.1996693971366574,0,2,0,591602,14008,101669,6287,0.12975656749045908,0.30978073417097807
24134,0.1996745148199469,8,7,8,591609,14001,101677,6279,0.1296917262588462,0.3096153846153846
24135,0.199687871678949,21,56,21,591665,13945,101698,6258,0.12917299640594315,0.3097559768351235
24136,0.1996941445640785,6,23,6,591688,13922,101704,6252,0.1289599466449294,0.30990383662139387
24137,0.1997260027341372,2,1,2,591689,13921,101706,6250,0.12895068361184187,0.30985077586634274
24138,0.1997279647573248,3,11,3,591700,13910,101709,6247,0.12884879024787876,0.30991715036959866
24139,0.1997363480086282,0,3,0,591703,13907,101709,6247,0.1288210011486161,0.30996328272303264
24140,0.1997397412292903,1,2,1,591705,13905,101710,6246,0.128802475082441,0.30995980348369806
24141,0.199741811599389,2,5,2,591710,13900,101712,6244,0.12875615991700323,0.3099682287529786
24142,0.199746870463593,12,17,12,591727,13883,101724,6232,0.1285986883545148,0.30981854337559034
24143,0.1997645098869166,3,9,3,591736,13874,101727,6229,0.1285153210567268,0.3098542506093618
24144,0.1997660949625747,1,1,1,591737,13873,101728,6228,0.12850605802363926,0.3098353315755435
24145,0.1997857247067063,3,1,3,591738,13872,101731,6225,0.1284967949905517,0.30974772354082697
24146,0.1997884505066113,11,19,11,591757,13853,101742,6214,0.12832079736188817,0.3096626301888673
24147,0.1997942571148642,1,1,1,591758,13852,101743,6213,0.12831153432880063,0.3096436581111388
24148,0.1998019733368515,19,94,19,591852,13758,101762,6194,0.12744080921857054,0.31044506816359263
24149,0.1998041029889385,1,10,1,591862,13748,101763,6193,0.12734817888769498,0.3105661702020962
24150,0.1998096409233024,0,1,0,591863,13747,101763,6193,0.12733891585460744,0.31058174523570714
24151,0.1998146997875064,1,2,1,591865,13745,101764,6192,0.12732038978843233,0.3105783217133972
24152,0.199816615004669,5,15,5,591880,13730,101769,6187,0.127181444292119,0.31063915248280366
24153,0.1998174183369918,2,11,2,591891,13719,101771,6185,0.12707955092815593,0.31074155948553056
24154,0.1998365029525238,0,2,0,591893,13717,101771,6185,0.12706102486198081,0.31077278665460756
24155,0.1998684975514361,1,0,1,591893,13717,101772,6184,0.12706102486198081,0.310738153861615
24156,0.1998872218190271,9,37,9,591930,13680,101781,6175,0.12671829263774131,0.31100478468899523
24157,0.1998935534794793,7,12,7,591942,13668,101788,6168,0.12660713624069064,0.31094978826376285
24158,0.1999132970797838,6,23,6,591965,13645,101794,6162,0.1263940864796769,0.3111021356086232
24159,0.1999153410270917,7,8,7,591973,13637,101801,6155,0.12631998221497648,0.3109842360549717
24160,0.1999179971646541,5,6,5,591979,13631,101806,6150,0.12626440401645114,0.3109044032152065
24161,0.1999190971479598,3,7,3,591986,13624,101809,6147,0.12619956278483827,0.31090991856759903
24162,0.199919441462726,31,79,31,592065,13545,101840,6116,0.1254677831709215,0.31107268195920856
24163,0.1999280611462182,2,9,2,592074,13536,101842,6114,0.1253844158731335,0.3111450381679389
24164,0.1999282195240052,20,52,20,592126,13484,101862,6094,0.12490273815258068,0.3112677495147615
24165,0.1999319108129759,16,30,16,592156,13454,101878,6078,0.12462484715995406,0.311181650624616
24166,0.1999331913053821,0,2,0,592158,13452,101878,6078,0.12460632109377895,0.31121351766513056
24167,0.1999371217196254,44,141,44,592299,13311,101922,6034,0.12330023342843381,0.3119152235719824
24168,0.1999600776940639,1,0,1,592299,13311,101923,6033,0.12330023342843381,0.3118796526054591
24169,0.1999613143393206,4,4,4,592303,13307,101927,6029,0.12326318129608359,0.3118018204385602
24170,0.1999804921438334,6,7,6,592310,13300,101933,6023,0.12319834006447071,0.31170108161258603
24171,0.1999848251214849,17,36,17,592346,13264,101950,6006,0.12286487087331877,0.31167618059159313
24172,0.1999869264718732,0,1,0,592347,13263,101950,6006,0.12285560784023121,0.31169235559707303
24173,0.1999878006466894,4,12,4,592359,13251,101954,6002,0.12274445144318055,0.311743624370228
24174,0.1999881694930244,9,23,9,592382,13228,101963,5993,0.12253140168216681,0.3117943915509079
24175,0.1999921556160285,8,12,8,592394,13216,101971,5985,0.12242024528511616,0.3117025154939847
24176,0.1999926962866398,5,16,5,592410,13200,101976,5980,0.1222720367557153,0.31178310740354537
24177,0.2000010513407433,0,3,0,592413,13197,101976,5980,0.12224424765645263,0.3118318819419096
24178,0.20001676847707,5,8,5,592421,13189,101981,5975,0.1221701433917522,0.3117825088707994
24179,0.2000169242736548,27,61,27,592482,13128,102008,5948,0.1216050983734114,0.3118054099391906
24180,0.2000197996666329,4,11,4,592493,13117,102012,5944,0.12150320500944829,0.3118409317454488
24181,0.2000234909556037,4,10,4,592503,13107,102016,5940,0.12141057467857275,0.3118601354544023
24182,0.2000360482967781,26,72,26,592575,13035,102042,5914,0.12074363629626884,0.31210090242229144
24183,0.2000433435154209,4,14,4,592589,13021,102046,5910,0.12061395383304309,0.3121863609951931
24184,0.2000489881207689,15,28,15,592617,12993,102061,5895,0.12035458890659158,0.3121029224904701
24185,0.2000608339507582,1,6,1,592623,12987,102062,5894,0.12029901070806624,0.31216566919125044
24186,0.2000666683776682,6,24,6,592647,12963,102068,5888,0.12007669791396496,0.31234417272293247
24187,0.2000707257747088,19,30,19,592677,12933,102087,5869,0.11979880692133832,0.31214764386767363
24188,0.2000764052641127,2,3,2,592680,12930,102089,5867,0.11977101782207566,0.31212427515028995
24189,0.2000842764292675,1,3,1,592683,12927,102090,5866,0.119743228722813,0.3121374980045762
24190,0.200089350414705,3,1,3,592684,12926,102093,5863,0.11973396568972544,0.3120442812283783
24191,0.2000900831295227,15,69,15,592753,12857,102108,5848,0.1190948164066842,0.31264367816091954
24192,0.2000926538942579,18,64,18,592817,12793,102126,5830,0.11850198228908074,0.3130537507383343
24193,0.200116557400572,2,6,2,592823,12787,102128,5828,0.11844640409055542,0.3130808487778673
24194,0.2001173473047322,2,1,2,592824,12786,102130,5826,0.11843714105746786,0.31302385557704704
24195,0.2001197778252347,0,2,0,592826,12784,102130,5826,0.11841861499129275,0.3130574959699087
24196,0.2001198715188486,1,1,1,592827,12783,102131,5825,0.11840935195820519,0.31303740326741186
24197,0.2001276284394059,7,20,7,592847,12763,102138,5818,0.11822409129645411,0.3131155481405737
24198,0.2001410689034338,1,0,1,592847,12763,102139,5817,0.11822409129645411,0.31307857911733045
24199,0.200151644182573,1,2,1,592849,12761,102140,5816,0.118205565230279,0.31307530817677776
24200,0.200157912453436,15,19,15,592868,12742,102155,5801,0.11802956760161547,0.31284042495820524
24201,0.2001661650036418,0,4,0,592872,12738,102155,5801,0.11799251546926526,0.3129079238362371
24202,0.2001700280416034,7,30,7,592902,12708,102162,5794,0.11771462447663864,0.3131553345584261
24203,0.2001842340368857,2,13,2,592915,12695,102164,5792,0.11759420504650042,0.31330123870828147
24204,0.2001843867244853,1,0,1,592915,12695,102165,5791,0.11759420504650042,0.3132640917451044
24205,0.2001868368532172,7,8,7,592923,12687,102172,5784,0.11752010078179999,0.313139515998051
24206,0.2001909336612681,6,10,6,592933,12677,102178,5778,0.11742747045092446,0.31308588458412356
24207,0.2001980532331968,1,1,1,592934,12676,102179,5777,0.1174182074178369,0.3130656261854441
24208,0.200202499399441,6,6,6,592940,12670,102185,5771,0.11736262921931156,0.31294398351499375
24209,0.2002120964726734,5,11,5,592951,12659,102190,5766,0.11726073585534848,0.31294436906377204
24210,0.2002137533458788,6,9,6,592960,12650,102196,5760,0.11717736855756049,0.3128734383487235
24211,0.2002189000814116,23,61,23,593021,12589,102219,5737,0.11661232353921969,0.3130524937247626
24212,0.2002344759060559,4,8,4,593029,12581,102223,5733,0.11653821927451925,0.31303920497979687
24213,0.2002348433383716,1,1,1,593030,12580,102224,5732,0.1165289562414317,0.3130187854958497
24214,0.2002447351623221,1,3,1,593033,12577,102225,5731,0.11650116714216903,0.3130325540747214
24215,0.2002488865778482,4,8,4,593041,12569,102229,5727,0.1164270628774686,0.31301923917796237
24216,0.2002548945248357,4,8,4,593049,12561,102233,5723,0.11635295861276816,0.31300590680376283
24217,0.2002736552354745,25,96,25,593145,12465,102258,5698,0.11546370743636296,0.31371469470902386
24218,0.20028161338124,6,6,6,593151,12459,102264,5692,0.11540812923783764,0.31359153765632747
24219,0.2002858901417363,1,4,1,593155,12455,102265,5691,0.11537107710548743,0.31362283698886806
24220,0.2002867435404038,0,2,0,593157,12453,102265,5691,0.11535255103931231,0.3136574074074074
24221,0.2002940386430883,15,31,15,593188,12422,102280,5676,0.11506539701359814,0.3136258150071831
24222,0.2002987297989225,4,8,4,593196,12414,102284,5672,0.1149912927488977,0.31361273913524274
24223,0.2003023052299692,1,4,1,593200,12410,102285,5671,0.11495424061654748,0.31364415684973174
24224,0.2003104802240394,2,10,2,593210,12400,102287,5669,0.11486161028567195,0.3137417676683823
24225,0.2003155213217374,2,8,2,593218,12392,102289,5667,0.11478750602097151,0.31380475109363754
24226,0.2003267288541846,27,63,27,593281,12329,102316,5640,0.11420393493645559,0.3138738939284323
24227,0.2003274567365284,20,58,20,593339,12271,102336,5620,0.11366667901737745,0.3141244200994914
24228,0.2003440374292168,2,4,2,593343,12267,102338,5618,0.11362962688502723,0.3141179759575063
24229,0.2003516462591518,0,1,0,593344,12266,102338,5618,0.11362036385193967,0.31413554014761796
24230,0.2003608462408305,1,0,1,593344,12266,102339,5617,0.11362036385193967,0.3140971872728289
24231,0.2003705581882949,6,20,6,593364,12246,102345,5611,0.1134351031901886,0.31421851374811
24232,0.2003765087870543,0,1,0,593365,12245,102345,5611,0.11342584015710104,0.3142361111111111
24233,0.2003844411828785,0,1,0,593366,12244,102345,5611,0.11341657712401348,0.3142537104452534
24234,0.2003844419650567,2,10,2,593376,12234,102347,5609,0.11332394679313794,0.31435296755029984
24235,0.2003861058602867,0,1,0,593377,12233,102347,5609,0.1133146837600504,0.31437058625714603
24236,0.2003897714851066,1,3,1,593380,12230,102348,5608,0.11328689466078773,0.3143850207422357
24237,0.2004004335593452,3,5,3,593385,12225,102351,5605,0.11324057949534996,0.3143578238923163
24238,0.2004071014643653,3,0,3,593385,12225,102354,5602,0.11324057949534996,0.3142424412408145
24239,0.2004180893166038,6,19,6,593404,12206,102360,5596,0.11306458186668643,0.3143467026176834
24240,0.2004183089968124,0,19,0,593423,12187,102360,5596,0.1128885842380229,0.31468256199741323
24241,0.2004216309439304,0,2,0,593425,12185,102360,5596,0.1128700581718478,0.3147179573702266
24242,0.2004228959654615,2,7,2,593432,12178,102362,5594,0.1128052169402349,0.3147647985595318
24243,0.2004235853011311,5,19,5,593451,12159,102367,5589,0.11262921931157138,0.31490872210953347
24244,0.200431936158668,3,3,3,593454,12156,102370,5586,0.11260143021230871,0.3148461278322624
24245,0.2004435678150368,5,15,5,593469,12141,102375,5581,0.1124624847159954,0.3149193093330324
24246,0.2004476646230878,4,15,4,593484,12126,102379,5577,0.11232353921968209,0.3150313506185392
24247,0.2004524368448567,1,0,1,593484,12126,102380,5576,0.11232353921968209,0.31499265619703987
24248,0.2004595597442209,12,41,12,593525,12085,102392,5564,0.11194375486309237,0.3152586548812964
24249,0.2004818301308867,1,1,1,593526,12084,102393,5563,0.11193449183000481,0.3152377174590582
24250,0.2004933887831664,5,14,5,593540,12070,102398,5558,0.11180480936677906,0.31529385069208077
24251,0.2004997654825813,0,3,0,593543,12067,102398,5558,0.11177702026751639,0.31534751773049646
24252,0.2005014661241417,4,6,4,593549,12061,102402,5554,0.11172144206899107,0.31529946068691456
24253,0.2005020467125485,27,49,27,593598,12012,102429,5527,0.11126755344770091,0.3151262899823251
24254,0.2005139886230996,2,1,2,593599,12011,102431,5525,0.11125829041461337,0.3150661496350365
24255,0.2005183192967887,0,1,0,593600,12010,102431,5525,0.11124902738152581,0.3150841174793271
24256,0.2005226322407147,2,2,2,593602,12008,102433,5523,0.1112305013153507,0.31504192573156126
24257,0.2005246062565494,0,1,0,593603,12007,102433,5523,0.11122123828226314,0.3150598973188819
24258,0.2005273890681342,4,8,4,593611,11999,102437,5519,0.11114713401756271,0.31504737983788106
24259,0.2005425836439038,32,133,32,593744,11866,102469,5487,0.109915150616918,0.3161989281392266
24260,0.2005439950385512,0,3,0,593747,11863,102469,5487,0.10988736151765534,0.3162536023054755
24261,0.2005445675759083,1,1,1,593748,11862,102470,5486,0.10987809848456778,0.3162324187226193
24262,0.2005460892308466,5,8,5,593756,11854,102475,5481,0.10980399421986735,0.3161811364291895
24263,0.2005598536552608,3,11,3,593767,11843,102478,5478,0.10970210085590426,0.31626349517926217
24264,0.2005606060346924,5,1,5,593768,11842,102483,5473,0.1096928378228167,0.31608431995379727
24265,0.2005664521822329,5,32,5,593800,11810,102488,5468,0.10939642076401497,0.31647181386734574
24266,0.2005673055809005,5,7,5,593807,11803,102493,5463,0.10933157953240209,0.3164021776902583
24267,0.2005715823413968,2,18,2,593825,11785,102495,5461,0.10916484493682611,0.3166531369592949
24268,0.2005924355804627,0,1,0,593826,11784,102495,5461,0.10915558190373856,0.31667149898521313
24269,0.2005936268551763,2,14,2,593840,11770,102497,5459,0.1090258994405128,0.31684949793952055
24270,0.2006141085570185,1,5,1,593845,11765,102498,5458,0.10897958427507504,0.31690181733728157
24271,0.2006175772026501,0,2,0,593847,11763,102498,5458,0.10896105820889992,0.31693862145055457
24272,0.2006195568710874,13,47,13,593894,11716,102511,5445,0.10852569565378488,0.3172892022609405
24273,0.2006229354412093,7,15,7,593909,11701,102518,5438,0.10838675015747157,0.3172880564793745
24274,0.2006272891501146,10,14,10,593923,11687,102528,5428,0.1082570676942458,0.3171486999707859
24275,0.2006376693734744,1,2,1,593925,11685,102529,5427,0.1082385416280707,0.3171458625525947
24276,0.200665923851713,23,33,23,593958,11652,102552,5404,0.10793286153618141,0.31683864915572235
24277,0.2006670250172479,3,0,3,593958,11652,102555,5401,0.10793286153618141,0.3167184659590688
24278,0.2006724563815694,29,83,29,594041,11569,102584,5372,0.1071640297899144,0.3171005253526947
24279,0.2006746663599383,25,87,25,594128,11482,102609,5347,0.10635814591129719,0.317725355041892
24280,0.2006754636847671,0,1,0,594129,11481,102609,5347,0.10634888287820964,0.3177442357974804
24281,0.2006819378809319,5,2,5,594131,11479,102614,5342,0.10633035681203454,0.3175792164556209
24282,0.2007002148757465,3,11,3,594142,11468,102617,5339,0.10622846344807144,0.31766525852323435
24283,0.2007165930315171,3,6,3,594148,11462,102620,5336,0.10617288524954611,0.3176568639123705
24284,0.2007312789101145,0,1,0,594149,11461,102620,5336,0.10616362221645856,0.31767577543608977
24285,0.2007334680746998,9,10,9,594159,11451,102629,5327,0.10607099188558301,0.31749910597210634
24286,0.2007346154223057,0,1,0,594160,11450,102629,5327,0.10606172885249546,0.31751803063718187
24287,0.2007486586617823,1,2,1,594162,11448,102630,5326,0.10604320278632036,0.31751520209848577
24288,0.2007538805108799,15,37,15,594199,11411,102645,5311,0.10570047056208084,0.31760554957540965
24289,0.2007575039943408,3,6,3,594205,11405,102648,5308,0.10564489236355552,0.317597080117274
24290,0.2007749385023169,17,52,17,594257,11353,102665,5291,0.10516321464300271,0.3178923335736602
24291,0.2007935662587008,0,5,0,594262,11348,102665,5291,0.10511689947756493,0.3179878598473466
24292,0.2007988813372854,4,9,4,594271,11339,102669,5287,0.10503353217977694,0.3179959100204499
24293,0.2008012985377279,1,0,1,594271,11339,102670,5286,0.10503353217977694,0.3179548872180451
24294,0.2008020030396122,4,14,4,594285,11325,102674,5282,0.10490384971655119,0.31805864996688143
24295,0.2008042130179811,15,19,15,594304,11306,102689,5267,0.10472785208788765,0.3178060701140409
24296,0.2008261381725812,2,12,2,594316,11294,102691,5265,0.10461669569083701,0.3179539827284256
24297,0.2008296872382117,0,2,0,594318,11292,102691,5265,0.1045981696246619,0.31799238992571116
24298,0.2008355096957288,0,3,0,594321,11289,102691,5265,0.10457038052539924,0.31805001812250816
24299,0.2008427678262302,1,7,1,594328,11282,102692,5264,0.10450553929378635,0.3181433579112776
24300,0.2008521443818935,13,34,13,594362,11248,102705,5251,0.10419059616880952,0.3182617128310807
24301,0.200866100694121,11,21,11,594383,11227,102716,5240,0.10399607247397087,0.31821218193963685
24302,0.2008909221823095,12,38,12,594421,11189,102728,5228,0.10364407721664382,0.31845038679417675
24303,0.2008930966445209,4,12,4,594433,11177,102732,5224,0.10353292081959317,0.31851716358758614
24304,0.2009226680493957,2,0,2,594433,11177,102734,5222,0.10353292081959317,0.3184340508567596
24305,0.2009252298650552,0,2,0,594435,11175,102734,5222,0.10351439475341806,0.31847289138256996
24306,0.2009278898984933,1,7,1,594442,11168,102735,5221,0.10344955352180518,0.31856733174690344
24307,0.2009569718624148,0,1,0,594443,11167,102735,5221,0.10344029048871763,0.3185867708079082
24308,0.2009685670980609,8,12,8,594455,11155,102743,5213,0.10332913409166697,0.31848729227761485
24309,0.2009738213675248,28,52,28,594507,11103,102771,5185,0.10284745637111416,0.3183325147347741
24310,0.2010030871783813,5,11,5,594518,11092,102776,5180,0.10274556300715106,0.31833824975417896
24311,0.2010106114726996,21,34,21,594552,11058,102797,5159,0.10243061988217422,0.3181229573903928
24312,0.2010248263164151,0,2,0,594554,11056,102797,5159,0.10241209381599911,0.3181621954979957
24313,0.2010281625211214,1,1,1,594555,11055,102798,5158,0.10240283078291156,0.31813976438660335
24314,0.2010695846556554,1,0,1,594555,11055,102799,5157,0.10240283078291156,0.3180977054034049
24315,0.2010791458330127,28,79,28,594634,10976,102827,5129,0.10167105116899477,0.3184725240608507
24316,0.2010791642582229,4,3,4,594637,10973,102831,5125,0.10164326206973211,0.318362529506771
24317,0.2010859241579434,1,4,1,594641,10969,102832,5124,0.1016062099373819,0.3183993040452371
24318,0.2010880321276795,29,103,29,594744,10866,102861,5095,0.10065211752936382,0.3192155879957396
24319,0.2010946673210091,1,13,1,594757,10853,102862,5094,0.10053169809922562,0.31943312221734493
24320,0.2011337969534463,1,3,1,594760,10850,102863,5093,0.10050390899996295,0.31945054255786237
24321,0.2011478307551382,4,14,4,594774,10836,102867,5089,0.1003742265367372,0.31956043956043956
24322,0.2011496843034998,15,30,15,594804,10806,102882,5074,0.10009633554411056,0.3195214105793451
24323,0.2011534743334623,0,2,0,594806,10804,102882,5074,0.10007780947793546,0.3195616576395012
24324,0.2011537534818567,2,0,2,594806,10804,102884,5072,0.10007780947793546,0.31947593852355755
24325,0.2011576472141207,6,11,6,594817,10793,102890,5066,0.09997591611397236,0.3194400655779053
24326,0.2011614821391179,3,7,3,594824,10786,102893,5063,0.09991107488235948,0.31945233137737394
24327,0.2011796122703073,10,27,10,594851,10759,102903,5053,0.09966097298899551,0.3195674171515305
24328,0.2011823860745659,9,6,9,594857,10753,102912,5044,0.09960539479047019,0.319301133126543
24329,0.201184620860313,2,8,2,594865,10745,102914,5042,0.09953129052576976,0.31937670235003485
24330,0.2011925094500352,5,5,5,594870,10740,102919,5037,0.09948497536033199,0.31926221715154973
24331,0.2012109220647158,0,1,0,594871,10739,102919,5037,0.09947571232724443,0.3192824543610548
24332,0.2012175136274132,1,5,1,594876,10734,102920,5036,0.09942939716180667,0.31934051997463536
24333,0.2012283150923952,1,0,1,594876,10734,102921,5035,0.09942939716180667,0.31929735557105715
24334,0.2012426640620754,0,1,0,594877,10733,102921,5035,0.09942013412871911,0.3193176052765094
24335,0.2012441405438058,21,55,21,594932,10678,102942,5014,0.09891066730890363,0.31952587305633445
24336,0.201251909266844,30,66,30,594998,10612,102972,4984,0.09829930712512505,0.31956912028725315
24337,0.201253155220626,3,2,3,595000,10610,102975,4981,0.09828078105894994,0.3194791867102816
24338,0.2012542592977215,9,29,9,595029,10581,102984,4972,0.09801215309941087,0.3196810904648621
24339,0.201268950536907,3,3,3,595032,10578,102987,4969,0.0979843640001482,0.31961150061105037
24340,0.2012738438066114,1,8,1,595040,10570,102988,4968,0.09791025973544777,0.319732269275325
24341,0.2012871938721635,0,3,0,595043,10567,102988,4968,0.09788247063618512,0.3197940135178629
24342,0.2012910287971608,0,3,0,595046,10564,102988,4968,0.09785468153692245,0.31985578161215555
24343,0.2012927301337141,6,28,6,595074,10536,102994,4962,0.09759531661047094,0.32017034456058846
24344,0.2013053883569118,5,7,5,595081,10529,102999,4957,0.09753047537885805,0.3200955701924319
24345,0.2013138547207819,1,3,1,595084,10526,103000,4956,0.0975026862795954,0.3201136804030487
24346,0.201315078552473,4,14,4,595098,10512,103004,4952,0.09737300381636964,0.32022762545266426
24347,0.2013213404655631,1,0,1,595098,10512,103005,4951,0.09737300381636964,0.32018366423074435
24348,0.2013342222557698,0,2,0,595100,10510,103005,4951,0.09735447775019453,0.3202250824655585
24349,0.2013434894094718,11,15,11,595115,10495,103016,4940,0.09721553225388121,0.3200518302559119
24350,0.2013480104459482,2,6,2,595121,10489,103018,4938,0.09715995405535588,0.3200881571271148
24351,0.2013533688596279,8,8,8,595129,10481,103026,4930,0.09708584979065545,0.3199013691519045
24352,0.2013608322791961,1,3,1,595132,10478,103027,4929,0.09705806069139279,0.3199195171026157
24353,0.2013629294357013,5,6,5,595138,10472,103032,4924,0.09700248249286747,0.31982333073525593
24354,0.2013736872018486,2,13,2,595151,10459,103034,4922,0.09688206306272926,0.32000520122228726
24355,0.2013874560739753,7,15,7,595166,10444,103041,4915,0.09674311756641595,0.32000781300865944
24356,0.2013945430163189,1,4,1,595170,10440,103042,4914,0.09670606543406574,0.32004689331770225
24357,0.2014046138335594,0,2,0,595172,10438,103042,4914,0.09668753936789062,0.320088587806149
24358,0.2014158397698615,3,3,3,595175,10435,103045,4911,0.09665975026862796,0.3200182457969503
24359,0.2014260902233952,0,1,0,595176,10434,103045,4911,0.0966504872355404,0.320039100684262
24360,0.201434036373959,5,12,5,595188,10422,103050,4906,0.09653933083848976,0.3200678496868476
24361,0.2014391665331228,0,1,0,595189,10421,103050,4906,0.0965300678054022,0.32008873230247276
24362,0.201444181001285,0,1,0,595190,10420,103050,4906,0.09652080477231464,0.32010961764322066
24363,0.2014449490022557,4,8,4,595198,10412,103054,4902,0.09644670050761421,0.3200992555831266
24364,0.2014650630615959,24,44,24,595242,10368,103078,4878,0.09603912705176183,0.31995277449822906
24365,0.2014680782742265,4,13,4,595255,10355,103082,4874,0.09591870762162362,0.3200472782191871
24366,0.2014903789372389,1,2,1,595257,10353,103083,4873,0.09590018155544852,0.3200446604492316
24367,0.2014953498531764,0,1,0,595258,10352,103083,4873,0.09589091852236097,0.3200656814449918
24368,0.2014961939761872,1,0,1,595258,10352,103084,4872,0.09589091852236097,0.3200210194429848
24369,0.2015079187665381,2,10,2,595268,10342,103086,4870,0.09579828819148542,0.3201419931632921
24370,0.2015103835566338,21,43,21,595311,10299,103107,4849,0.09539997776872058,0.3201082651175073
24371,0.2015117133694149,1,0,1,595311,10299,103108,4848,0.09539997776872058,0.3200633788869083
24372,0.2015166084259567,0,3,0,595314,10296,103108,4848,0.09537218866945793,0.3201267828843106
24373,0.2015209414036083,0,2,0,595316,10294,103108,4848,0.09535366260328282,0.320169066173557
24374,0.2015328923855092,1,7,1,595323,10287,103109,4847,0.09528882137166994,0.32027223470331706
24375,0.201538836874512,1,2,1,595325,10285,103110,4846,0.09527029530549483,0.32026964509946465
24376,0.2015506377766178,4,9,4,595334,10276,103114,4842,0.09518692800770684,0.32028046037835695
24377,0.2015543044102939,11,9,11,595343,10267,103125,4831,0.09510356070991885,0.3199761557822228
24378,0.2015577331594772,22,57,22,595400,10210,103147,4809,0.09457556782392827,0.32019442040082563
24379,0.2015585446596723,0,3,0,595403,10207,103147,4809,0.0945477787246656,0.3202583910495472
24380,0.2015752090708545,33,81,33,595484,10126,103180,4776,0.09379747304457371,0.32049389343712253
24381,0.2015780714273827,1,7,1,595491,10119,103181,4775,0.09373263181296083,0.32059889888545723
24382,0.2015790541612103,4,12,4,595503,10107,103185,4771,0.09362147541591019,0.3206748218846619
24383,0.2015818035842843,0,3,0,595506,10104,103185,4771,0.09359368631664752,0.32073949579831934
24384,0.2016184671005312,1,4,1,595510,10100,103186,4770,0.09355663418429731,0.32078009414929387
24385,0.2016199144554303,2,9,2,595519,10091,103188,4768,0.09347326688650932,0.3208829665522579
24386,0.2016255624833905,1,4,1,595523,10087,103189,4767,0.0934362147541591,0.32092365692742697
24387,0.2016287701763813,4,10,4,595533,10077,103193,4763,0.09334358442328355,0.3209568733153639
24388,0.2016428558456681,15,34,15,595567,10043,103208,4748,0.09302864129830672,0.32100601717260496
24389,0.201643491476198,25,59,25,595626,9984,103233,4723,0.09248212234614102,0.3211395933909023
24390,0.2016449413715804,0,1,0,595627,9983,103233,4723,0.09247285931305346,0.32116143070855435
24391,0.201658385291423,4,4,4,595631,9979,103237,4719,0.09243580718070325,0.3210640903524289
24392,0.2016625657461448,3,2,3,595633,9977,103240,4716,0.09241728111452814,0.32096916899203703
24393,0.2016706343038381,5,10,5,595643,9967,103245,4711,0.0923246507836526,0.3209565335876822
24394,0.2016838510683367,0,6,0,595649,9961,103245,4711,0.09226907258512727,0.321087786259542
24395,0.2016843929442471,4,9,4,595658,9952,103249,4707,0.09218570528733928,0.32109966573436116
24396,0.2017047557288973,3,11,3,595669,9941,103252,4704,0.0920838119233762,0.3212017753499488
24397,0.2017106851695814,1,4,1,595673,9937,103253,4703,0.09204675979102597,0.3212431693989071
24398,0.2017127682131169,2,4,2,595677,9933,103255,4701,0.09200970765867576,0.3212382123821238
24399,0.2017197285736195,2,4,2,595681,9929,103257,4699,0.09197265552632554,0.32123325129887886
24400,0.2017203503190091,1,0,1,595681,9929,103258,4698,0.09197265552632554,0.3211868462432488
24401,0.2017268895016019,0,2,0,595683,9927,103258,4698,0.09195412946015043,0.3212307692307692
24402,0.201752080814996,0,1,0,595684,9926,103258,4698,0.09194486642706287,0.3212527352297593
24403,0.2017550163635349,0,8,0,595692,9918,103258,4698,0.09187076216236244,0.32142857142857145
24404,0.2017805595571401,2,2,2,595694,9916,103260,4696,0.09185223609618734,0.32137968792773064
24405,0.2017955678363316,1,0,1,595694,9916,103261,4695,0.09185223609618734,0.32133324207788655
24406,0.2018168829713892,0,6,0,595700,9910,103261,4695,0.091796657897662,0.3214652516261554
24407,0.2018270921275109,0,1,0,595701,9909,103261,4695,0.09178739486457446,0.3214872637633525
24408,0.2018465965061627,0,1,0,595702,9908,103261,4695,0.0917781318314869,0.32150927891529135
24409,0.2018628451363079,0,6,0,595708,9902,103261,4695,0.09172255363296157,0.3216414331711996
24410,0.2018786439636989,0,2,0,595710,9900,103261,4695,0.09170402756678647,0.32168550873586843
24411,0.2018868327049512,0,4,0,595714,9896,103261,4695,0.09166697543443625,0.3217736961140429
24412,0.2018924908057632,1,0,1,595714,9896,103262,4694,0.09166697543443625,0.3217272104180946
24413,0.2019008988892152,0,1,0,595715,9895,103262,4694,0.09165771240134869,0.32174926314346425
24414,0.2019283013878901,1,5,1,595720,9890,103263,4693,0.09161139723591093,0.3218130700130289
24415,0.2019544252789357,1,1,1,595721,9889,103264,4692,0.09160213420282337,0.3217886290377889
24416,0.2019582346037641,17,32,17,595753,9857,103281,4675,0.09130571714402164,0.32170382603908615
24417,0.2019590039417507,1,4,1,595757,9853,103282,4674,0.09126866501167143,0.3217457148757486
24418,0.2019603201296765,0,1,0,595758,9852,103282,4674,0.09125940197858387,0.3217678645187939
24419,0.2019707433891987,31,84,31,595842,9768,103313,4643,0.09048130719922931,0.32218444243980293
24420,0.2019718215640595,1,4,1,595846,9764,103314,4642,0.0904442550668791,0.3222268499236429
24421,0.2019726132917846,15,20,15,595866,9744,103329,4627,0.09025899440512801,0.3219678519240136
24422,0.2019784128475789,0,1,0,595867,9743,103329,4627,0.09024973137204047,0.3219902574808629
24423,0.2019831868878098,2,0,2,595867,9743,103331,4625,0.09024973137204047,0.3218958797327394
24424,0.2019836204634215,0,1,0,595868,9742,103331,4625,0.09024046833895291,0.32191828495858565
24425,0.2019908923590025,0,2,0,595870,9740,103331,4625,0.0902219422727778,0.3219631047685346
24426,0.201999365441018,23,35,23,595905,9705,103354,4602,0.0898977361147134,0.32166072551897673
24427,0.2020260639276774,4,4,4,595909,9701,103358,4598,0.08986068398236319,0.3215609483180642
24428,0.2020454675032809,3,6,3,595915,9695,103361,4595,0.08980510578383787,0.32155353393981806
24429,0.20207540495686,0,13,0,595928,9682,103361,4595,0.08968468635369965,0.321846326259018
24430,0.2021002900472415,2,12,2,595940,9670,103363,4593,0.08957352995664901,0.32202201500385613
24431,0.2021190510608713,26,31,26,595971,9639,103389,4567,0.08928637593093483,0.3214838800506828
24432,0.2021289120990609,1,4,1,595975,9635,103390,4566,0.0892493237985846,0.3215266530526019
24433,0.2021300498108811,6,13,6,595988,9622,103396,4560,0.08912890436844641,0.32153433930334224
24434,0.2021534955050546,1,4,1,595992,9618,103397,4559,0.08909185223609618,0.32157720251110955
24435,0.2021576298510349,1,1,1,595993,9617,103398,4558,0.08908258920300863,0.3215520282186949
24436,0.2021623763478167,4,6,4,595999,9611,103402,4554,0.0890270110044833,0.32149664666431343
24437,0.2021864230091611,3,3,3,596002,9608,103405,4551,0.08899922190522065,0.32142100430821385
24438,0.2021868803847846,5,5,5,596007,9603,103410,4546,0.08895290673978287,0.3212947911513181
24439,0.202194022721795,1,2,1,596009,9601,103411,4545,0.08893438067360776,0.3212922380885056
24440,0.2022020401338363,4,2,4,596011,9599,103415,4541,0.08891585460743266,0.32114568599717114
24441,0.2022371143861977,3,2,3,596013,9597,103418,4538,0.08889732854125755,0.32104704633887515
24442,0.2022398297443982,0,3,0,596016,9594,103418,4538,0.08886953944199488,0.3211151995471271
24443,0.2022446961414113,2,5,2,596021,9589,103420,4536,0.08882322427655712,0.3211327433628319
24444,0.2022583054914451,13,25,13,596046,9564,103433,4523,0.08859164844936826,0.32107616951799534
24445,0.2022746540382354,0,10,0,596056,9554,103433,4523,0.08849901811849271,0.32130425516800454
24446,0.2022831669774039,6,3,6,596059,9551,103439,4517,0.08847122901923006,0.3210833096388968
24447,0.2022918490506068,2,7,2,596066,9544,103441,4515,0.08840638778761718,0.32114659648623656
24448,0.2022953399202658,1,0,1,596066,9544,103442,4514,0.08840638778761718,0.3210983070138
24449,0.2023028898563056,6,12,6,596078,9532,103448,4508,0.08829523139056653,0.3210826210826211
24450,0.2023040591984944,0,1,0,596079,9531,103448,4508,0.08828596835747897,0.32110549184414844
24451,0.2023048565650262,3,7,3,596086,9524,103451,4505,0.08822112712586609,0.3211205360325041
24452,0.2023102494054949,0,3,0,596089,9521,103451,4505,0.08819333802660344,0.3211892200199629
24453,0.2023286945288254,0,1,0,596090,9520,103451,4505,0.08818407499351588,0.3212121212121212
24454,0.2023390244583743,1,1,1,596091,9519,103452,4504,0.08817481196042833,0.3211866219781787
24455,0.2023604323967744,1,1,1,596092,9518,103453,4503,0.08816554892734077,0.32116111546965265
24456,0.2023614359390569,5,12,5,596104,9506,103458,4498,0.08805439253029011,0.3211939445872608
24457,0.2023867807727008,4,13,4,596117,9493,103462,4494,0.08793397310015191,0.3212983484664331
24458,0.202390783714956,2,4,2,596121,9489,103464,4492,0.0878969209678017,0.32129318360632286
24459,0.2024000627794688,2,3,2,596124,9486,103466,4490,0.08786913186853904,0.32126502575844307
24460,0.2024126703975956,2,6,2,596130,9480,103468,4488,0.08781355367001371,0.32130584192439865
24461,0.2024213957086496,0,3,0,596133,9477,103468,4488,0.08778576457075105,0.321374865735768
24462,0.2024330991791975,2,7,2,596140,9470,103470,4486,0.08772092333913817,0.321438807681284
24463,0.2024431539709808,4,4,4,596144,9466,103474,4482,0.08768387120678794,0.32133639231431027
24464,0.2024486634258487,1,1,1,596145,9465,103475,4481,0.0876746081737004,0.3213107701132941
24465,0.2024592313152176,1,6,1,596151,9459,103476,4480,0.08761902997517507,0.3214003874022527
24466,0.2024627996877801,1,2,1,596153,9457,103477,4479,0.08760050390899997,0.32139781859931116
24467,0.2024737087186901,7,9,7,596162,9448,103484,4472,0.08751713661121198,0.32126436781609197
24468,0.2024833925473557,0,1,0,596163,9447,103484,4472,0.08750787357812442,0.3212874488109778
24469,0.2024886143964533,0,1,0,596164,9446,103484,4472,0.08749861054503687,0.32131053312257507
24470,0.2024909825970998,0,1,0,596165,9445,103484,4472,0.08748934751194931,0.32133362075159877
24471,0.2024974055257208,1,0,1,596165,9445,103485,4471,0.08748934751194931,0.3212848519689566
24472,0.2025022399963837,2,5,2,596170,9440,103487,4469,0.08744303234651155,0.3213027536127687
24473,0.2025029954303356,10,24,10,596194,9416,103497,4459,0.08722071955241024,0.3213693693693694
24474,0.202508104872978,0,2,0,596196,9414,103497,4459,0.08720219348623513,0.321415699560297
24475,0.2025132630521298,2,0,2,596196,9414,103499,4457,0.08720219348623513,0.32131785740033164
24476,0.2025313850000551,5,6,5,596202,9408,103504,4452,0.08714661528770981,0.3212121212121212
24477,0.2025543798304079,0,1,0,596203,9407,103504,4452,0.08713735225462226,0.3212352983620752
24478,0.2025607901603141,2,2,2,596205,9405,103506,4450,0.08711882618844714,0.32118368819920606
24479,0.2025652361004842,1,5,1,596210,9400,103507,4449,0.08707251102300938,0.3212506318145715
24480,0.2025709954683675,4,5,4,596215,9395,103511,4445,0.0870261958575716,0.3211705202312139
24481,0.2025887779732604,0,3,0,596218,9392,103511,4445,0.08699840675830894,0.3212401532124015
24482,0.202610238950595,1,0,1,596218,9392,103512,4444,0.08699840675830894,0.3211910956923966
24483,0.2026137330957697,6,18,6,596236,9374,103518,4438,0.08683167216273296,0.32131479872574575
24484,0.2026171633585941,0,3,0,596239,9371,103518,4438,0.0868038830634703,0.32138460424360926
24485,0.202657401934969,0,2,0,596241,9369,103518,4438,0.0867853569972952,0.321431158108206
24486,0.2026588776125404,0,3,0,596244,9366,103518,4438,0.08675756789803253,0.32150101419878296
24487,0.2027053132383974,1,9,1,596253,9357,103519,4437,0.08667420060024454,0.3216615919965202
24488,0.2027082880295116,23,46,23,596299,9311,103542,4414,0.08624810107821705,0.32160291438979965
24489,0.2027215618685427,9,47,9,596346,9264,103551,4405,0.085812738523102,0.3222620528202502
24490,0.2027392454880976,1,1,1,596347,9263,103552,4404,0.08580347549001445,0.3222360430233409
24491,0.202745345358273,2,5,2,596352,9258,103554,4402,0.08575716032457668,0.32225475841874085
24492,0.2027672656737835,0,2,0,596354,9256,103554,4402,0.08573863425840157,0.3223019475765119
24493,0.2027681680475425,1,4,1,596358,9252,103555,4401,0.08570158212605135,0.32234673698088334
24494,0.2027748299047893,1,0,1,596358,9252,103556,4400,0.08570158212605135,0.32229709932610606
24495,0.202776185049589,1,0,1,596358,9252,103557,4399,0.08570158212605135,0.32224745439894514
24496,0.2027771325850774,5,5,5,596363,9247,103562,4394,0.08565526696061358,0.3221171468367422
24497,0.2027784851514412,1,2,1,596365,9245,103563,4393,0.08563674089443847,0.32211467957178475
24498,0.2027880255489673,10,3,10,596368,9242,103573,4383,0.08560895179517582,0.3216880733944954
24499,0.2028131420111704,4,6,4,596374,9236,103577,4379,0.08555337359665048,0.3216305545354389
24500,0.202821822384447,4,6,4,596380,9230,103581,4375,0.08549779539812516,0.32157295112091144
24501,0.2028219670623039,2,8,2,596388,9222,103583,4373,0.08542369113342473,0.3216623758734829
24502,0.2028359973714559,1,0,1,596388,9222,103584,4372,0.08542369113342473,0.3216124760923937
24503,0.2028378346875544,5,13,5,596401,9209,103589,4367,0.08530327170328653,0.32167059516794344
24504,0.2028409116130049,2,5,2,596406,9204,103591,4365,0.08525695653784875,0.3216891443732036
24505,0.2028469302396304,4,7,4,596413,9197,103595,4361,0.08519211530623587,0.3216551113733589
24506,0.2028478080556963,12,24,12,596437,9173,103607,4349,0.08496980251213457,0.32162402011536756
24507,0.2028480107210704,3,0,3,596437,9173,103610,4346,0.08496980251213457,0.32147348176640284
24508,0.2028498309888103,5,8,5,596445,9165,103615,4341,0.08489569824743413,0.3214127054642381
24509,0.2028716988972567,13,49,13,596494,9116,103628,4328,0.08444180962614399,0.32192799761975605
24510,0.2028796056915951,1,0,1,596494,9116,103629,4327,0.08444180962614399,0.3218775570929108
24511,0.2028833876853811,1,6,1,596500,9110,103630,4326,0.08438623142761865,0.3219708246501935
24512,0.2029043765628321,1,2,1,596502,9108,103631,4325,0.08436770536144356,0.32196828705426933
24513,0.2029156085743601,0,1,0,596503,9107,103631,4325,0.084358442328356,0.32199225729600955
24514,0.2029193547458863,1,0,1,596503,9107,103632,4324,0.084358442328356,0.32194177648723105
24515,0.2029212380944126,0,1,0,596504,9106,103632,4324,0.08434917929526844,0.3219657483246463
24516,0.202925617708691,1,2,1,596506,9104,103633,4323,0.08433065322909333,0.32196320846056453
24517,0.2029298966784276,2,8,2,596514,9096,103635,4321,0.0842565489643929,0.32205411045688304
24518,0.2029322612431416,1,0,1,596514,9096,103636,4320,0.0842565489643929,0.3220035778175313
24519,0.202939388198324,2,11,2,596525,9085,103638,4318,0.0841546556004298,0.32216667910169366
24520,0.2029429260549149,3,3,3,596528,9082,103641,4315,0.08412686650116714,0.322087034410689
24521,0.2029556368284693,11,38,11,596566,9044,103652,4304,0.08377487124384009,0.32244531015882527
24522,0.2029578087744065,1,1,1,596567,9043,103653,4303,0.08376560821075253,0.3224187022328788
24523,0.2029724862448252,1,0,1,596567,9043,103654,4302,0.08376560821075253,0.3223679280629449
24524,0.2029934470326043,0,1,0,596568,9042,103654,4302,0.08375634517766498,0.32239208633093525
24525,0.2029959764499172,2,1,2,596569,9041,103656,4300,0.08374708214457742,0.32231466906528744
24526,0.2030129343434239,1,2,1,596571,9039,103657,4299,0.08372855607840231,0.32231219073324335
24527,0.2030209396272437,0,1,0,596572,9038,103657,4299,0.08371929304531475,0.32233635750168704
24528,0.2030339894309502,31,46,31,596618,8992,103688,4268,0.08329319352328726,0.32187028657616895
24529,0.20304570828487,0,14,0,596632,8978,103688,4268,0.0831635110600615,0.32221047863505964
24530,0.2030472169710971,3,7,3,596639,8971,103691,4265,0.08309866982844863,0.3222272589906316
24531,0.2030579162179333,6,12,6,596651,8959,103697,4259,0.08298751343139797,0.3222121349674686
24532,0.2030607786063104,2,5,2,596656,8954,103699,4257,0.0829411982659602,0.3222314737718568
24533,0.2030835468056386,5,5,5,596661,8949,103704,4252,0.08289488310052244,0.32209681084766306
24534,0.2030896179619734,2,0,2,596661,8949,103706,4250,0.08289488310052244,0.3219940904613986
24535,0.2031018187548635,10,16,10,596677,8933,103716,4240,0.08274667457112157,0.32187049267440976
24536,0.2031026481870944,0,1,0,596678,8932,103716,4240,0.08273741153803402,0.32189492863650165
24537,0.20310366120145,0,9,0,596687,8923,103716,4240,0.08265404424024603,0.3221150193724835
24538,0.2031075145841075,0,5,0,596692,8918,103716,4240,0.08260772907480826,0.32223742210062317
24539,0.2031121617629814,1,0,1,596692,8918,103717,4239,0.08260772907480826,0.32218590864178764
24540,0.2031284298590764,14,46,14,596738,8872,103731,4225,0.08218162955278076,0.3225929602198977
24541,0.2031318181620199,0,4,0,596742,8868,103731,4225,0.08214457742043055,0.3226915145497594
24542,0.2031372052864292,8,8,8,596750,8860,103739,4217,0.08207047315573011,0.32247457367897836
24543,0.2031433879439037,0,2,0,596752,8858,103739,4217,0.082051947089555,0.32252390057361374
24544,0.2031459854201001,2,6,2,596758,8852,103741,4215,0.08199636889102968,0.32256830182903495
24545,0.2031703333523352,5,9,5,596767,8843,103746,4210,0.08191300159324169,0.3225312188768865
24546,0.2031757565533047,0,3,0,596770,8840,103746,4210,0.08188521249397902,0.3226053639846743
24547,0.2031922713702391,4,12,4,596782,8828,103750,4206,0.08177405609692838,0.3226944913303667
24548,0.203192391761523,7,7,7,596789,8821,103757,4199,0.0817092148653155,0.3225038402457757
24549,0.2031975499406748,1,0,1,596789,8821,103758,4198,0.0817092148653155,0.3224518012136109
24550,0.2031989862749528,1,0,1,596789,8821,103759,4197,0.0817092148653155,0.322399754186511
24551,0.2032007171587345,0,1,0,596790,8820,103759,4197,0.08169995183222795,0.3224245217792118
24552,0.2032037419056092,0,1,0,596791,8819,103759,4197,0.08169068879914039,0.32244929317762755
24553,0.2032145397362262,3,5,3,596796,8814,103762,4194,0.08164437363370262,0.3224169741697417
24554,0.203217033883125,7,14,7,596810,8800,103769,4187,0.08151469117047686,0.3223993223993224
24555,0.2032227700104444,5,9,5,596819,8791,103774,4182,0.08143132387268888,0.3223618284128575
24556,0.2032347879939237,0,1,0,596820,8790,103774,4182,0.08142206083960132,0.32238667900092505
24557,0.2032366168525086,1,4,1,596824,8786,103775,4181,0.0813850087072511,0.3224338705945863
24558,0.2032451174422072,1,1,1,596825,8785,103776,4180,0.08137574567416354,0.3224064789818743
24559,0.203264188628342,3,5,3,596830,8780,103779,4177,0.08132943050872578,0.32237400632862545
24560,0.2032660431999186,0,1,0,596831,8779,103779,4177,0.08132016747563822,0.3223988885458475
24561,0.2032718413431687,1,7,1,596838,8772,103780,4176,0.08125532624402534,0.32252085264133457
24562,0.2032776705890634,1,1,1,596839,8771,103781,4175,0.08124606321093779,0.32249343426541016
24563,0.2032801783596741,3,13,3,596852,8758,103784,4172,0.08112564378079959,0.3226604795050271
24564,0.2033024392466897,1,3,1,596855,8755,103785,4171,0.08109785468153692,0.3226829645675383
24565,0.2033112146740426,1,2,1,596857,8753,103786,4170,0.08107932861536181,0.3226804921457866
24566,0.2033219384195658,0,2,0,596859,8751,103786,4170,0.08106080254918671,0.3227304388205247
24567,0.2033237286160042,2,2,2,596861,8749,103788,4168,0.0810422764830116,0.3226755438569327
24568,0.2033246412497445,0,5,0,596866,8744,103788,4168,0.08099596131757382,0.3228004956629492
24569,0.2033266748112471,12,39,12,596905,8705,103800,4156,0.08063470302715921,0.32314750019438615
24570,0.2033270815210132,1,0,1,596905,8705,103801,4155,0.08063470302715921,0.32309486780715396
24571,0.2033662807578524,0,1,0,596906,8704,103801,4155,0.08062543999407167,0.3231199937786764
24572,0.2033696834924133,0,4,0,596910,8700,103801,4155,0.08058838786172144,0.323220536756126
24573,0.2033717585023019,0,1,0,596911,8699,103801,4155,0.08057912482863389,0.32324568227789013
24574,0.2033885491238396,2,4,2,596915,8695,103803,4153,0.08054207269628368,0.3232409713574097
24575,0.2033937352863848,2,4,2,596919,8691,103805,4151,0.08050502056393345,0.32323625603488554
24576,0.2033939362482489,5,13,5,596932,8678,103810,4146,0.08038460113379525,0.3233000623830318
24577,0.2034007274602345,2,3,2,596935,8675,103812,4144,0.08035681203453258,0.32327014587721353
24578,0.2034191268298205,0,2,0,596937,8673,103812,4144,0.08033828596835747,0.3233205898416166
24579,0.2034541879077873,1,0,1,596937,8673,103813,4143,0.08033828596835747,0.3232677902621723
24580,0.2034562214692899,2,5,2,596942,8668,103815,4141,0.08029197080291971,0.32328831290498866
24581,0.2034582926068215,3,2,3,596944,8666,103818,4138,0.0802734447367446,0.3231802561699469
24582,0.2034614487529652,5,10,5,596954,8656,103823,4133,0.08018081440586906,0.32316834779888964
24583,0.2034625642929569,15,18,15,596972,8638,103838,4118,0.08001407981029308,0.3228284728755096
24584,0.2034665385421421,3,5,3,596977,8633,103841,4115,0.0799677646448553,0.3227957326639473
24585,0.2034713146015281,6,7,6,596984,8626,103847,4109,0.07990292341324243,0.322654102866117
24586,0.2034820725880968,3,3,3,596987,8623,103850,4106,0.07987513431397977,0.3225705082881609
24587,0.2034999195889578,0,3,0,596990,8620,103850,4106,0.0798473452147171,0.32264655036932266
24588,0.2035058636612566,2,3,2,596993,8617,103852,4104,0.07981955611545444,0.3226161465293609
24589,0.2035059163030953,7,4,7,596997,8613,103859,4097,0.07978250398310423,0.3223446105428796
24590,0.2035160183777524,2,2,2,596999,8611,103861,4095,0.07976397791692912,0.32228868251219894
24591,0.2035160959168306,0,2,0,597001,8609,103861,4095,0.07974545185075402,0.32233942065491183
24592,0.2035261219307349,2,3,2,597004,8606,103863,4093,0.07971766275149135,0.3223088432160013
24593,0.2035381487685405,2,12,2,597016,8594,103865,4091,0.07960650635444069,0.3225068979109184
24594,0.2035541444355847,4,4,4,597020,8590,103869,4087,0.07956945422209048,0.32239488838053165
24595,0.2035625219005751,1,9,1,597029,8581,103870,4086,0.0794860869243025,0.3225704586721402
24596,0.2035679456358623,3,5,3,597034,8576,103873,4083,0.07943977175886473,0.32253732522316136
24597,0.2035796057079664,6,7,6,597041,8569,103879,4077,0.07937493052725185,0.32239443302229953
24598,0.2035974438038843,1,0,1,597041,8569,103880,4076,0.07937493052725185,0.32234084618426256
24599,0.2035974964457231,0,2,0,597043,8567,103880,4076,0.07935640446107674,0.3223918373803686
24600,0.2036008612595709,1,4,1,597047,8563,103881,4075,0.07931935232872651,0.3224402595347365
24601,0.2036086551344818,4,22,4,597069,8541,103885,4071,0.07911556560080032,0.32278782112274024
24602,0.2036165481316866,0,6,0,597075,8535,103885,4071,0.079059987402275,0.3229414564493098
24603,0.2036260979437719,1,5,1,597080,8530,103886,4070,0.07901367223683722,0.32301587301587303
24604,0.2036541020432029,0,3,0,597083,8527,103886,4070,0.07898588313757457,0.3230927998729856
24605,0.2036740102972508,3,2,3,597085,8525,103889,4067,0.07896735707139946,0.3229828462515883
24606,0.2036900277653657,2,2,2,597087,8523,103891,4065,0.07894883100522435,0.3229265967588179
24607,0.2037032037911333,0,4,0,597091,8519,103891,4065,0.07891177887287414,0.3230292434837889
24608,0.2037422031064783,15,32,15,597123,8487,103906,4050,0.0786153618140724,0.3230437903804738
24609,0.2037444286845833,5,12,5,597135,8475,103911,4045,0.07850420541702174,0.3230830670926518
24610,0.2037460947897293,1,0,1,597135,8475,103912,4044,0.07850420541702174,0.32302899592619216
24611,0.2037487976199081,0,3,0,597138,8472,103912,4044,0.07847641631775909,0.3231064237775647
24612,0.2037508311814107,6,22,6,597160,8450,103918,4038,0.0782726295898329,0.32335041639974377
24613,0.2037689219951311,1,2,1,597162,8448,103919,4037,0.07825410352365779,0.3233480176211454
24614,0.203772749339572,1,4,1,597166,8444,103920,4036,0.07821705139130757,0.3233974358974359
24615,0.2037736713649176,1,4,1,597170,8440,103921,4035,0.07817999925895736,0.32344689378757513
24616,0.2037826645220952,0,4,0,597174,8436,103921,4035,0.07814294712660713,0.3235506374789512
24617,0.2037965968605018,5,5,5,597179,8431,103926,4030,0.07809663196116937,0.32340903619292194
24618,0.2038122592281368,9,10,9,597189,8421,103935,4021,0.07800400163029382,0.323179553126507
24619,0.2038136422049973,10,15,10,597204,8406,103945,4011,0.07786505613398051,0.3230248852379802
24620,0.2038141505708618,2,3,2,597207,8403,103947,4009,0.07783726703471784,0.32299387689332903
24621,0.2038396083839496,6,10,6,597217,8393,103953,4003,0.07774463670384231,0.3229267505646983
24622,0.2038426255649571,2,4,2,597221,8389,103955,4001,0.07770758457149209,0.3229217110573043
24623,0.2038653860963015,7,23,7,597244,8366,103962,3994,0.07749453481047834,0.3231391585760518
24624,0.2038717497645211,2,10,2,597254,8356,103964,3992,0.0774019044796028,0.32329122125040494
24625,0.2038803778394535,1,2,1,597256,8354,103965,3991,0.0773833784134277,0.32328878088294855
24626,0.2038881770031296,1,3,1,597259,8351,103966,3990,0.07735558931416503,0.3233125354509359
24627,0.2038908417180135,1,1,1,597260,8350,103967,3989,0.07734632628107747,0.3232838965880541
24628,0.2038937083321831,8,12,8,597272,8338,103975,3981,0.07723516988402683,0.32315934734962254
24629,0.2038996955988333,1,4,1,597276,8334,103976,3980,0.0771981177516766,0.3232093552054572
24630,0.2039052223476251,0,2,0,597278,8332,103976,3980,0.0771795916855015,0.32326185834957766
24631,0.2039147623608146,1,1,1,597279,8331,103977,3979,0.07717032865241395,0.3232331437855402
24632,0.2039184380721966,1,0,1,597279,8331,103978,3978,0.07717032865241395,0.3231781623202535
24633,0.2039467587271854,2,0,2,597279,8331,103980,3976,0.07717032865241395,0.3230681725847079
24634,0.2039543649973405,4,18,4,597297,8313,103984,3972,0.07700359405683797,0.32332112332112334
24635,0.2039691550419924,0,2,0,597299,8311,103984,3972,0.07698506799066286,0.3233737686233005
24636,0.2039842102738707,1,10,1,597309,8301,103985,3971,0.07689243765978732,0.32358213820078224
24637,0.2039881599584752,0,1,0,597310,8300,103985,3971,0.07688317462669976,0.32360850786406975
24638,0.2040115608835785,0,2,0,597312,8298,103985,3971,0.07686464856052466,0.3236612600863966
24639,0.2040221943212538,0,1,0,597313,8297,103985,3971,0.0768553855274371,0.3236876426475383
24640,0.2040298304593708,1,3,1,597316,8294,103986,3970,0.07682759642817444,0.3237116764514025
24641,0.2040389585240277,0,6,0,597322,8288,103986,3970,0.07677201822964912,0.32387012563224016
24642,0.2040393954839149,3,5,3,597327,8283,103989,3967,0.07672570306421135,0.3238367346938775
24643,0.2040485497080879,28,58,28,597385,8225,104017,3939,0.0761884471451332,0.32382439986846434
24644,0.2040546141947916,1,3,1,597388,8222,104018,3938,0.07616065804587054,0.3238486842105263
24645,0.2040677177197964,2,2,2,597390,8220,104020,3936,0.07614213197969544,0.32379072063178677
24646,0.2040879008217038,0,1,0,597391,8219,104020,3936,0.07613286894660788,0.32381735911147674
24647,0.2040930850307842,4,2,4,597393,8217,104024,3932,0.07611434288043277,0.323648036875463
24648,0.2040979514277973,7,13,7,597406,8204,104031,3925,0.07599392345029457,0.32360458405474485
24649,0.2041033696350847,1,12,1,597418,8192,104032,3924,0.07588276705324391,0.3238692637834269
24650,0.2041312380547095,7,20,7,597438,8172,104039,3917,0.07569750639149284,0.3240135660517826
24651,0.20413642226379,4,10,4,597448,8162,104043,3913,0.07560487606061729,0.32405797101449274
24652,0.2041401298507157,8,11,8,597459,8151,104051,3905,0.07550298269665419,0.3239051094890511
24653,0.2041446377420922,18,61,18,597520,8090,104069,3887,0.07493793767831339,0.3245386991734157
24654,0.2041471915158671,0,2,0,597522,8088,104069,3887,0.07491941161213828,0.32459290187891443
24655,0.2041639238862439,4,17,4,597539,8071,104073,3883,0.07476194004964985,0.32482850928559476
24656,0.2041661933969945,7,5,7,597544,8066,104080,3876,0.07471562488421209,0.32456874895327414
24657,0.2041663594766418,10,20,10,597564,8046,104090,3866,0.074530364222461,0.3245466756212223
24658,0.2041685051820706,2,1,2,597565,8045,104092,3864,0.07452110118937345,0.3244604920648249
24659,0.2041855702711918,1,1,1,597566,8044,104093,3863,0.0745118381562859,0.3244310069706895
24660,0.2041953244013113,2,4,2,597570,8040,104095,3861,0.07447478602393567,0.32442651877993445
24661,0.2042062204761096,4,3,4,597573,8037,104099,3857,0.07444699692467302,0.3242811501597444
24662,0.204207474142574,5,4,5,597577,8033,104104,3852,0.0744099447923228,0.32410601598653765
24663,0.2042265394987403,6,7,6,597584,8026,104110,3846,0.07434510356070992,0.323955525606469
24664,0.2042409412356904,3,8,3,597592,8018,104113,3843,0.07427099929600949,0.324003035157238
24665,0.2042555040288717,1,0,1,597592,8018,104114,3842,0.07427099929600949,0.3239460370994941
24666,0.2042697437554365,6,17,6,597609,8001,104120,3836,0.07411352773352106,0.32406859846244823
24667,0.2042809908736922,4,7,4,597616,7994,104124,3832,0.07404868650190818,0.32403179435142904
24668,0.2042950465640431,1,3,1,597619,7991,104125,3831,0.07402089740264552,0.3240568431737439
24669,0.2042959061346846,0,1,0,597620,7990,104125,3831,0.07401163436955797,0.32408425683106334
24670,0.2043186471297056,1,3,1,597623,7987,104126,3830,0.0739838452702953,0.3241093340103241
24671,0.2043313623754027,7,5,7,597628,7982,104133,3823,0.07393753010485754,0.32384582803896655
24672,0.2043375730793498,4,6,4,597634,7976,104137,3819,0.0738819519063322,0.32378126324713863
24673,0.2043516844888194,2,5,2,597639,7971,104139,3817,0.07383563674089444,0.3238038683406854
24674,0.2043560861567832,2,3,2,597642,7968,104141,3815,0.07380784764163177,0.32377153526266655
24675,0.2043686925032644,1,3,1,597645,7965,104142,3814,0.07378005854236912,0.32379658714661685
24676,0.2043888059155721,3,5,3,597650,7960,104145,3811,0.07373374337693134,0.3237617874437176
24677,0.2043896091878263,6,17,6,597667,7943,104151,3805,0.07357627181444291,0.3238849165815458
24678,0.204412063857357,1,1,1,597668,7942,104152,3804,0.07356700878135537,0.32385492933764687
24679,0.2044149506233037,1,0,1,597668,7942,104153,3803,0.07356700878135537,0.3237973605789698
24680,0.20441693025437,8,13,8,597681,7929,104161,3795,0.07344658935121716,0.3236949846468782
24681,0.2044277535563637,0,1,0,597682,7928,104161,3795,0.0734373263181296,0.3237225966049646
24682,0.2044432646314472,0,1,0,597683,7927,104161,3795,0.07342806328504205,0.3237502132741853
24683,0.204451885596655,2,9,2,597692,7918,104163,3793,0.07334469598725407,0.3238835283067202
24684,0.2044550002613056,1,3,1,597695,7915,104164,3792,0.0733169068879914,0.323908772529256
24685,0.2044554010903627,12,19,12,597714,7896,104176,3780,0.07314090925932787,0.3237410071942446
24686,0.2044566352394855,2,0,2,597714,7896,104178,3778,0.07314090925932787,0.3236251499057735
24687,0.2044797527796968,1,9,1,597723,7887,104179,3777,0.07305754196153989,0.3238168724279835
24688,0.2044810166009718,0,4,0,597727,7883,104179,3777,0.07302048982918967,0.3239279588336192
24689,0.2044811893304541,1,1,1,597728,7882,104180,3776,0.07301122679610211,0.3238977526162292
24690,0.2044903564326476,1,4,1,597732,7878,104181,3775,0.0729741746637519,0.32395091392774394
24691,0.2045316108504939,3,6,3,597738,7872,104184,3772,0.07291859646522657,0.323943661971831
24692,0.2045577558238206,5,3,5,597741,7869,104189,3767,0.07289080736596391,0.32373667927122723
24693,0.2045579001339967,4,6,4,597747,7863,104193,3763,0.07283522916743859,0.3236710820574574
24694,0.2045732251380002,3,5,3,597752,7858,104196,3760,0.07278891400200081,0.32363573764847653
24695,0.2045758754657133,8,18,8,597770,7840,104204,3752,0.07262217940642483,0.32367149758454106
24696,0.2046494802766245,2,5,2,597775,7835,104206,3750,0.07257586424098707,0.32369443245576174
24697,0.2046537621673102,1,0,1,597775,7835,104207,3749,0.07257586424098707,0.3236360497237569
24698,0.2046622494583578,0,1,0,597776,7834,104207,3749,0.07256660120789951,0.323663990330657
24699,0.204664805280628,2,8,2,597784,7826,104209,3747,0.07249249694319908,0.3237708459345027
24700,0.2046840270555661,3,4,3,597788,7822,104212,3744,0.07245544481084887,0.3237074182950026
24701,0.204701966170066,1,7,1,597795,7815,104213,3743,0.07239060357923599,0.3238449558747188
24702,0.2047159659286855,0,8,0,597803,7807,104213,3743,0.07231649931453556,0.32406926406926406
24703,0.2047217772731612,6,8,6,597811,7799,104219,3737,0.07224239504983512,0.32394244105409153
24704,0.2047232877794523,0,2,0,597813,7797,104219,3737,0.07222386898366001,0.32399861279694814
24705,0.2047358953975792,0,4,0,597817,7793,104219,3737,0.07218681685130979,0.3241110147441457
24706,0.2047498848533266,1,11,1,597828,7782,104220,3736,0.0720849234873467,0.3243618683799271
24707,0.204783441125403,0,1,0,597829,7781,104220,3736,0.07207566045425914,0.3243900321264218
24708,0.2047837838688272,2,1,2,597830,7780,104222,3734,0.07206639742117159,0.32430085113774537
24709,0.2047935463126938,0,2,0,597832,7778,104222,3734,0.07204787135499648,0.32435719249478806
24710,0.2047969337186737,3,2,3,597834,7776,104225,3731,0.07202934528882138,0.3242374207004432
24711,0.204813357415789,3,3,3,597837,7773,104228,3728,0.07200155618955871,0.3241457264585688
24712,0.2048153969259522,23,41,23,597878,7732,104251,3705,0.07162177183296899,0.3239485879164116
24713,0.2048327663504234,1,16,1,597894,7716,104252,3704,0.07147356330356812,0.3243432574430823
24714,0.2048510644651357,1,5,1,597899,7711,104253,3703,0.07142724813813035,0.3244261433327493
24715,0.2048813713190105,0,3,0,597902,7708,104253,3703,0.07139945903886769,0.32451143633336255
24716,0.2048865294981623,0,1,0,597903,7707,104253,3703,0.07139019600578013,0.3245398773006135
24717,0.2048899753162989,1,0,1,597903,7707,104254,3702,0.07139019600578013,0.3244806731527741
24718,0.2049077331206141,4,8,4,597911,7699,104258,3698,0.0713160917410797,0.32447135211020445
24719,0.2049235068192468,0,11,0,597922,7688,104258,3698,0.07121419837711661,0.3247848234674161
24720,0.2049276514716484,8,2,8,597924,7686,104266,3690,0.0711956723109415,0.32436708860759494
24721,0.204944943583995,3,12,3,597936,7674,104269,3687,0.07108451591389084,0.3245312912595722
24722,0.2049501238169661,3,4,3,597940,7670,104272,3684,0.07104746378154063,0.3244671481416241
24723,0.2049726968905052,0,2,0,597942,7668,104272,3684,0.07102893771536552,0.32452431289640593
24724,0.20498667657783,0,1,0,597943,7667,104272,3684,0.07101967468227796,0.3245529028279447
24725,0.2050147470660303,10,13,10,597956,7654,104282,3674,0.07089925525213976,0.3243290960451977
24726,0.2050150869618746,6,4,6,597960,7650,104288,3668,0.07086220311978954,0.32408552747835306
24727,0.2050179531408795,3,0,3,597960,7650,104291,3665,0.07086220311978954,0.3239063190455148
24728,0.2050192316142762,1,1,1,597961,7649,104292,3664,0.070852940086702,0.3238751878370017
24729,0.205030388376629,8,3,8,597964,7646,104300,3656,0.07082515098743933,0.3234825694567333
24730,0.2050405148306469,1,3,1,597967,7643,104301,3655,0.07079736188817666,0.32350858559037
24731,0.2050409416682315,0,1,0,597968,7642,104301,3655,0.0707880988550891,0.32353722227139947
24732,0.2050512669985568,1,10,1,597978,7632,104302,3654,0.07069546852421357,0.3237639553429027
24733,0.2050629573622987,15,13,15,597991,7619,104317,3639,0.07057504909407536,0.32323680937999644
24734,0.2050744782503547,1,4,1,597995,7615,104318,3638,0.07053799696172515,0.3232915666933262
24735,0.2050783376653936,1,4,1,597999,7611,104319,3637,0.07050094482937493,0.32334637268847793
24736,0.2050897378345494,1,5,1,598004,7606,104320,3636,0.07045462966393716,0.32342999466287137
24737,0.2051216748983993,1,2,1,598006,7604,104321,3635,0.07043610359776205,0.3234273511878281
24738,0.2051307866862121,1,4,1,598010,7600,104322,3634,0.07039905146541184,0.3234822859177497
24739,0.2051442937240731,6,2,6,598012,7598,104328,3628,0.07038052539923673,0.32317833600570106
24740,0.2051467062781186,0,2,0,598014,7596,104328,3628,0.07036199933306161,0.32323592302209553
24741,0.2051641366129885,0,1,0,598015,7595,104328,3628,0.07035273629997406,0.3232647242270338
24742,0.2052183044081264,3,2,3,598017,7593,104331,3625,0.07033421023379896,0.3231413799251203
24743,0.2052220653055874,3,6,3,598023,7587,104334,3622,0.07027863203527362,0.32313319653849587
24744,0.2052342260120127,0,1,0,598024,7586,104334,3622,0.07026936900218607,0.32316202712348324
24745,0.2052449691781419,0,2,0,598026,7584,104334,3622,0.07025084293601097,0.3232197037301446
24746,0.205256922720587,3,2,3,598028,7582,104337,3619,0.07023231686983586,0.3230961521292742
24747,0.2052723636952763,5,5,5,598033,7577,104342,3614,0.0701860017043981,0.32293807523903134
24748,0.2052957112448088,5,4,5,598037,7573,104347,3609,0.07014894957204787,0.32275084957968164
24749,0.205314498306642,8,19,8,598056,7554,104355,3601,0.06997295194338435,0.3228148812191842
24750,0.2053276652734526,0,2,0,598058,7552,104355,3601,0.06995442587720924,0.3228727696583879
24751,0.2053327131426251,0,3,0,598061,7549,104355,3601,0.06992663677794657,0.3229596412556054
24752,0.2053705305895482,7,20,7,598081,7529,104362,3594,0.06974137611619549,0.32311426773352514
24753,0.2053745158361848,1,4,1,598085,7525,104363,3593,0.06970432398384527,0.32316963482640765
24754,0.2053826729281581,0,2,0,598087,7523,104363,3593,0.06968579791767016,0.32322777977689815
24755,0.2053864693786298,0,1,0,598088,7522,104363,3593,0.06967653488458261,0.32325686009896537
24756,0.2053912233494781,0,2,0,598090,7520,104363,3593,0.0696580088184075,0.32331503644380455
24757,0.2053916248917863,3,19,3,598109,7501,104366,3590,0.06948201118974397,0.3236858714272834
24758,0.2054025007010468,1,1,1,598110,7500,104367,3589,0.06947274815665641,0.32365407160248894
24759,0.2054060784492698,0,3,0,598113,7497,104367,3589,0.06944495905739376,0.3237416561428829
24760,0.2054073670980598,2,1,2,598114,7496,104369,3587,0.0694356960243062,0.3236488315438058
24761,0.2054074864727501,8,11,8,598125,7485,104377,3579,0.0693338026603431,0.32348156182212584
24762,0.2054129792212432,2,9,2,598134,7476,104379,3577,0.06925043536255511,0.3236225459151362
24763,0.2054311826639658,0,4,0,598138,7472,104379,3577,0.0692133832302049,0.3237397049506743
24764,0.2054416811446694,1,0,1,598138,7472,104380,3576,0.0692133832302049,0.3236784938450398
24765,0.2054458379340525,1,0,1,598138,7472,104381,3575,0.0692133832302049,0.32361727165746357
24766,0.20545697066457,0,2,0,598140,7470,104381,3575,0.06919485716402979,0.32367587143503845
24767,0.2054586295920383,1,4,1,598144,7466,104382,3574,0.06915780503167958,0.32373188405797104
24768,0.205462110732176,4,6,4,598150,7460,104386,3570,0.06910222683315424,0.3236627379873073
24769,0.2054708554478119,2,3,2,598153,7457,104388,3568,0.06907443773389159,0.3236281179138322
24770,0.2054724689744394,1,3,1,598156,7454,104389,3567,0.06904664863462892,0.32365484075855183
24771,0.2055082915789361,1,2,1,598158,7452,104390,3566,0.06902812256845381,0.3236522054819386
24772,0.2055211845917244,0,1,0,598159,7451,104390,3566,0.06901885953536627,0.3236815830080784
24773,0.2055312099894813,1,4,1,598163,7447,104391,3565,0.06898180740301604,0.3237377406465674
24774,0.2055485508071978,0,1,0,598164,7446,104391,3565,0.06897254436992849,0.3237671419489601
24775,0.2055607293220086,3,4,3,598168,7442,104394,3562,0.06893549223757828,0.3237004725554344
24776,0.2055675045704247,0,1,0,598169,7441,104394,3562,0.06892622920449072,0.3237298918476779
24777,0.2055814958603634,7,5,7,598174,7436,104401,3555,0.06887991403905294,0.32344645619142937
24778,0.2055819375181575,1,9,1,598183,7427,104402,3554,0.06879654674126497,0.32364994080684817
24779,0.20558194104433,0,3,0,598186,7424,104402,3554,0.0687687576420023,0.32373838586263437
24780,0.2055892681999022,0,1,0,598187,7423,104402,3554,0.06875949460891474,0.32376787829097203
24781,0.2056050047111467,2,8,2,598195,7415,104404,3552,0.06868539034421431,0.32388073310841614
24782,0.2056227901321091,0,3,0,598198,7412,104404,3552,0.06865760124495164,0.3239693542502736
24783,0.2056464783620527,2,2,2,598200,7410,104406,3550,0.06863907517877654,0.3239051094890511
24784,0.205648355853606,11,8,11,598208,7402,104417,3539,0.06856497091407611,0.32346220637967277
24785,0.2056503065209967,0,3,0,598211,7399,104417,3539,0.06853718181481344,0.3235509233863595
24786,0.2056629141391236,2,1,2,598212,7398,104419,3537,0.06852791878172589,0.3234567901234568
24787,0.2056642174345698,4,19,4,598231,7379,104423,3533,0.06835192115306236,0.3237719941348974
24788,0.2056647799878886,12,16,12,598247,7363,104435,3521,0.0682037126236615,0.3235023888276369
24789,0.2056667482059537,3,2,3,598249,7361,104438,3518,0.06818518655748639,0.32337531023071975
24790,0.2056667751232047,1,0,1,598249,7361,104439,3517,0.06818518655748639,0.32331310902739474
24791,0.205700209846453,10,26,10,598275,7335,104449,3507,0.06794434769720997,0.323464305478694
24792,0.2057065361763366,1,0,1,598275,7335,104450,3506,0.06794434769720997,0.32340190019370907
24793,0.205723952460218,11,9,11,598284,7326,104461,3495,0.06786098039942198,0.3229830884391461
24794,0.205736208542465,10,22,10,598306,7304,104471,3485,0.0676571936714958,0.3230141811103902
24795,0.2057563601305164,2,1,2,598307,7303,104473,3483,0.06764793063840824,0.3229185981828296
24796,0.2057565476474724,0,4,0,598311,7299,104473,3483,0.06761087850605803,0.32303839732888145
24797,0.2057582279135071,1,0,1,598311,7299,104474,3482,0.06761087850605803,0.32297560523142566
24798,0.2057801821155579,2,0,2,598311,7299,104476,3480,0.06761087850605803,0.3228499860840523
24799,0.2057950184834651,0,3,0,598314,7296,104476,3480,0.06758308940679536,0.32293986636971045
24800,0.2058068767913849,1,1,1,598315,7295,104477,3479,0.0675738263737078,0.3229069983293113
24801,0.2058072523458166,2,0,2,598315,7295,104479,3477,0.0675738263737078,0.3227812848124768
24802,0.2058125833980085,0,4,0,598319,7291,104479,3477,0.0675367742413576,0.32290118870728085
24803,0.2058297565044959,0,1,0,598320,7290,104479,3477,0.06752751120827004,0.3229311786012817
24804,0.2058347518621585,4,3,4,598323,7287,104483,3473,0.06749972210900737,0.32276951672862453
24805,0.2058382268221831,5,7,5,598330,7280,104488,3468,0.06743488087739449,0.32266468180126534
24806,0.205840757593567,2,1,2,598331,7279,104490,3466,0.06742561784430694,0.3225686365751512
24807,0.205859183595889,0,2,0,598333,7277,104490,3466,0.06740709177813183,0.3226286884482919
24808,0.205861061525518,0,1,0,598334,7276,104490,3466,0.06739782874504428,0.32265872277043384
24809,0.2058657552005078,1,17,1,598351,7259,104491,3465,0.06724035718255586,0.32310704960835507
24810,0.2058751187605821,0,2,0,598353,7257,104491,3465,0.06722183111638075,0.32316731952993843
24811,0.2058754944732508,1,2,1,598355,7255,104492,3464,0.06720330505020564,0.32316447429797557
24812,0.2058804298321963,12,15,12,598370,7240,104504,3452,0.06706435955389232,0.3228582117471006
24813,0.2058814916707278,0,7,0,598377,7233,104504,3452,0.06699951832227945,0.3230697239120262
24814,0.2058871673976124,8,17,8,598394,7216,104512,3444,0.06684204675979102,0.3230769230769231
24815,0.205890465289471,14,21,14,598415,7195,104526,3430,0.06664752306495239,0.32282352941176473
24816,0.2058988324884443,4,0,4,598415,7195,104530,3426,0.06664752306495239,0.32256849637510593
24817,0.2059002617024828,0,1,0,598416,7194,104530,3426,0.06663826003186483,0.3225988700564972
24818,0.2059030289785763,10,10,10,598426,7184,104540,3416,0.06654562970098929,0.3222641509433962
24819,0.2059234791677734,1,6,1,598432,7178,104541,3415,0.06649005150246397,0.32238270556027565
24820,0.2059347074647394,0,1,0,598433,7177,104541,3415,0.06648078846937641,0.3224131419939577
24821,0.2059355586825431,7,17,7,598450,7160,104548,3408,0.06632331690688799,0.32248296744890237
24822,0.2059365327943454,0,2,0,598452,7158,104548,3408,0.06630479084071288,0.3225440090857467
24823,0.2059491404124722,2,1,2,598453,7157,104550,3406,0.06629552780762533,0.32244627473255705
24824,0.2059722076054615,2,1,2,598454,7156,104552,3404,0.06628626477453778,0.32234848484848483
24825,0.2059811269812669,4,1,4,598455,7155,104556,3400,0.06627700174145022,0.3221222169587873
24826,0.2059820454320988,2,3,2,598458,7152,104558,3398,0.06624921264218755,0.322085308056872
24827,0.2059844933410956,2,4,2,598462,7148,104560,3396,0.06621216050983735,0.3220789074355083
24828,0.2059865927856218,1,0,1,598462,7148,104561,3395,0.06621216050983735,0.3220146068481457
24829,0.205995745785834,0,1,0,598463,7147,104561,3395,0.06620289747674979,0.32204515272244355
24830,0.2060101787335668,3,10,3,598473,7137,104564,3392,0.06611026714587424,0.3221578497483142
24831,0.2060175094153114,0,1,0,598474,7136,104564,3392,0.06610100411278669,0.3221884498480243
24832,0.2060474672417659,0,1,0,598475,7135,104564,3392,0.06609174107969913,0.3222190557613755
24833,0.2060651053405859,6,7,6,598482,7128,104570,3386,0.06602689984808625,0.3220467947498573
24834,0.2060693143598282,2,4,2,598486,7124,104572,3384,0.06598984771573604,0.3220403502093643
24835,0.2060770383661896,4,10,4,598496,7114,104576,3380,0.0658972173848605,0.3220888126548504
24836,0.2060911553545328,0,5,0,598501,7109,104576,3380,0.06585090221942273,0.32224234912765753
24837,0.2060950652934185,0,3,0,598504,7106,104576,3380,0.06582311312016006,0.32233454129315275
24838,0.2060974885553867,2,2,2,598506,7104,104578,3378,0.06580458705398495,0.3222667429879794
24839,0.2061069659681129,1,7,1,598513,7097,104579,3377,0.06573974582237208,0.3224174145503151
24840,0.2061071769723103,2,3,2,598516,7094,104581,3375,0.06571195672310942,0.3223803610660044
24841,0.2061243662166166,5,8,5,598524,7086,104586,3370,0.06563785245840899,0.32230298393267026
24842,0.2061254308078219,1,0,1,598524,7086,104587,3369,0.06563785245840899,0.3222381635581062
24843,0.2061608109602426,0,1,0,598525,7085,104587,3369,0.06562858942532143,0.32226898794719727
24844,0.2061864691289164,0,1,0,598526,7084,104587,3369,0.06561932639223388,0.32229981823399984
24845,0.2061866454360463,1,1,1,598527,7083,104588,3368,0.06561006335914632,0.32226581188403025
24846,0.2061914298748598,0,1,0,598528,7082,104588,3368,0.06560080032605876,0.32229665071770336
24847,0.2061987571149381,0,1,0,598529,7081,104588,3368,0.06559153729297121,0.32232749545411044
24848,0.2062073200485402,1,1,1,598530,7080,104589,3367,0.06558227425988365,0.322293481382215
24849,0.2062094652771356,0,2,0,598532,7078,104589,3367,0.06556374819370855,0.32235519387266637
24850,0.2062268483077504,0,3,0,598535,7075,104589,3367,0.06553595909444589,0.32244780693353764
24851,0.2062433237474415,1,1,1,598536,7074,104590,3366,0.06552669606135833,0.32241379310344825
24852,0.2062476697751871,14,20,14,598556,7054,104604,3352,0.06534143539960725,0.3221218527772439
24853,0.2062539128746594,1,1,1,598557,7053,104605,3351,0.0653321723665197,0.3220876585928489
24854,0.206254276116118,3,3,3,598560,7050,104608,3348,0.06530438326725703,0.32198499711482975
24855,0.2062578935552845,0,1,0,598561,7049,104608,3348,0.06529512023416947,0.32201596614408
24856,0.2062629733006622,1,2,1,598563,7047,104609,3347,0.06527659416799436,0.3220126996344045
24857,0.206265319143743,0,2,0,598565,7045,104609,3347,0.06525806810181926,0.3220746728252502
24858,0.2062663520235661,3,1,3,598566,7044,104612,3344,0.06524880506873171,0.32190989603388526
24859,0.2062701855407561,2,5,2,598571,7039,104614,3342,0.06520248990329393,0.3219343030536557
24860,0.2062861406111797,12,15,12,598586,7024,104626,3330,0.06506354440698062,0.32161483484643616
24861,0.2063010454197634,0,1,0,598587,7023,104626,3330,0.06505428137389306,0.32164589973920604
24862,0.2063037356886601,1,2,1,598589,7021,104627,3329,0.06503575530771796,0.32164251207729466
24863,0.2063086563767487,0,3,0,598592,7018,104627,3329,0.0650079662084553,0.32173576882188076
24864,0.2063368667065831,0,2,0,598594,7016,104627,3329,0.06498944014228018,0.32179797003383276
24865,0.2063384275099532,4,8,4,598602,7008,104631,3325,0.06491533587757975,0.32178457369592567
24866,0.2063399979627875,5,4,5,598606,7004,104636,3320,0.06487828374522954,0.32158078264238665
24867,0.2063424071690545,2,2,2,598608,7002,104638,3318,0.06485975767905443,0.32151162790697674
24868,0.2063458562587458,0,2,0,598610,7000,104638,3318,0.06484123161287932,0.32157394843962006
24869,0.2063483298755816,0,1,0,598611,6999,104638,3318,0.06483196857979177,0.3216051177667927
24870,0.2063629486801487,0,2,0,598613,6997,104638,3318,0.06481344251361666,0.32166747455162387
24871,0.2063773816278815,2,4,2,598617,6993,104640,3316,0.06477639038126644,0.32166068483849064
24872,0.2063920047827916,0,3,0,598620,6990,104640,3316,0.06474860128200378,0.3217543178730836
24873,0.2063935335343641,3,6,3,598626,6984,104643,3313,0.06469302308347845,0.3217441973390308
24874,0.2063941164109186,2,0,2,598626,6984,104645,3311,0.06469302308347845,0.3216124332200097
24875,0.2064147071847567,1,2,1,598628,6982,104646,3310,0.06467449701730335,0.3216090167120093
24876,0.206414955516051,6,3,6,598631,6979,104652,3304,0.06464670791804068,0.3213070115724983
24877,0.2064232512517075,4,10,4,598641,6969,104656,3300,0.06455407758716514,0.32135553607946243
24878,0.2064255048347865,0,2,0,598643,6967,104656,3300,0.06453555152099004,0.3214181357748125
24879,0.2064353103204805,0,1,0,598644,6966,104656,3300,0.06452628848790248,0.32144944476914084
24880,0.2064490323426857,0,1,0,598645,6965,104656,3300,0.06451702545481493,0.32148075986361424
24881,0.2064531780207493,1,2,1,598647,6963,104657,3299,0.06449849938863982,0.3214772948742935
24882,0.2064612922915017,4,8,4,598655,6955,104661,3295,0.06442439512393938,0.32146341463414635
24883,0.2065000346380465,2,2,2,598657,6953,104663,3293,0.06440586905776427,0.32139371462033967
24884,0.2065065356586788,2,1,2,598658,6952,104665,3291,0.06439660602467671,0.3212925900615054
24885,0.2065089562597018,0,1,0,598659,6951,104665,3291,0.06438734299158917,0.3213239601640305
24886,0.2065147985842087,3,6,3,598665,6945,104668,3288,0.06433176479306384,0.32131339783054824
24887,0.2065170849774143,2,3,2,598668,6942,104670,3286,0.06430397569380118,0.32127493156042236
24888,0.2065783520587582,0,1,0,598669,6941,104670,3286,0.06429471266071363,0.321306345947003
24889,0.2065884445234301,3,10,3,598679,6931,104673,3283,0.06420208232983808,0.32142157822596434
24890,0.2065916147806742,0,1,0,598680,6930,104673,3283,0.06419281929675053,0.32145305003427005
24891,0.2065972606393209,4,3,4,598683,6927,104677,3279,0.06416503019748787,0.3212815990593768
24892,0.2065991381308741,3,2,3,598685,6925,104680,3276,0.06414650413131276,0.32114498578570727
24893,0.2066036520384946,1,7,1,598692,6918,104681,3275,0.06408166289969988,0.3212989306386736
24894,0.2066190182401084,1,0,1,598692,6918,104682,3274,0.06408166289969988,0.32123233908948196
24895,0.2066241197096138,0,4,0,598696,6914,104682,3274,0.06404461076734966,0.32135846093443265
24896,0.2066461813826715,1,1,1,598697,6913,104683,3273,0.0640353477342621,0.32132338503828783
24897,0.2066625905456064,3,7,3,598704,6906,104686,3270,0.06397050650264922,0.32134433962264153
24898,0.2066955224118542,0,2,0,598706,6904,104686,3270,0.06395198043647411,0.32140750933752704
24899,0.2067057523000211,0,1,0,598707,6903,104686,3270,0.06394271740338657,0.3214391035092893
24900,0.2067072008571022,0,2,0,598709,6901,104686,3270,0.06392419133721146,0.32150231049061057
24901,0.2067459389516492,0,1,0,598710,6900,104686,3270,0.0639149283041239,0.3215339233038348
24902,0.2067469844911623,2,16,2,598726,6884,104688,3268,0.06376671977472304,0.3219070133963751
24903,0.2067652371972976,9,8,9,598734,6876,104697,3259,0.0636926155100226,0.3215589541193883
24904,0.2067731475184875,0,1,0,598735,6875,104697,3259,0.06368335247693505,0.3215906848233669
24905,0.2067854553271549,1,16,1,598751,6859,104698,3258,0.06353514394753418,0.32203222299100526
24906,0.2068030021785727,3,0,3,598751,6859,104701,3255,0.06353514394753418,0.3218311251730275
24907,0.2068122476731255,1,9,1,598760,6850,104702,3254,0.06345177664974619,0.32205067300079177
24908,0.2068379496748806,0,3,0,598763,6847,104702,3254,0.06342398755048353,0.32214632214632216
24909,0.206850316319293,0,3,0,598766,6844,104702,3254,0.06339619845122087,0.3222420281243811
24910,0.2068568173399254,0,1,0,598767,6843,104702,3254,0.06338693541813331,0.3222739427552738
24911,0.2068635515358897,0,1,0,598768,6842,104702,3254,0.06337767238504576,0.32230586370839936
24912,0.2068761591540166,0,2,0,598770,6840,104702,3254,0.06335914631887066,0.32236972458886465
24913,0.2068820014785234,0,1,0,598771,6839,104702,3254,0.0633498832857831,0.3224016645199643
24914,0.2068938665756231,5,2,5,598773,6837,104707,3249,0.06333135721960799,0.32212968471148123
24915,0.2069070401343174,15,21,15,598794,6816,104722,3234,0.06313683352476936,0.3217910447761194
24916,0.2069315929517797,2,5,2,598799,6811,104724,3232,0.06309051835933158,0.32181619038136017
24917,0.2069325488366155,0,1,0,598800,6810,104724,3232,0.06308125532624402,0.3218482374029078
24918,0.2069371974751112,1,2,1,598802,6808,104725,3231,0.06306272926006892,0.321844805259488
24919,0.2069418964619208,0,1,0,598803,6807,104725,3231,0.06305346622698137,0.3218768679019725
24920,0.2069556474177448,3,11,3,598814,6796,104728,3228,0.06295157286301827,0.32202713487629686
24921,0.2069749301847853,3,12,3,598826,6784,104731,3225,0.06284041646596762,0.3222100109901089
24922,0.20699092249888,4,12,4,598838,6772,104735,3221,0.06272926006891696,0.3223256279395577
24923,0.2070048873637038,0,1,0,598839,6771,104735,3221,0.06271999703582941,0.3223578863090472
24924,0.2070109011699502,1,1,1,598840,6770,104736,3220,0.06271073400274185,0.32232232232232233
24925,0.207011959062494,0,1,0,598841,6769,104736,3220,0.06270147096965431,0.322354590049054
24926,0.2070606098019553,0,1,0,598842,6768,104736,3220,0.06269220793656675,0.3223868642370845
24927,0.2070825026415078,1,1,1,598843,6767,104737,3219,0.0626829449034792,0.32235129180853195
24928,0.207105393142153,0,1,0,598844,6766,104737,3219,0.06267368187039164,0.32238357536304457
24929,0.2071342557411766,0,2,0,598846,6764,104737,3219,0.06265515580421653,0.3224481618751878
24930,0.2071794505674402,0,1,0,598847,6763,104737,3219,0.06264589277112897,0.32248046483670606
24931,0.2072074897126525,2,4,2,598851,6759,104739,3217,0.06260884063877876,0.32247393744987973
24932,0.2072172851514402,2,1,2,598852,6758,104741,3215,0.06259957760569121,0.3223704000802166
24933,0.2072404888885348,0,5,0,598857,6753,104741,3215,0.06255326244025344,0.32253210272873195
24934,0.2072441482568697,2,6,2,598863,6747,104743,3213,0.062497684241728114,0.3225903614457831
24935,0.2072557559874328,3,5,3,598868,6742,104746,3210,0.06245136907629034,0.322548231511254
24936,0.2072606223844459,8,6,8,598874,6736,104754,3202,0.06239579087776501,0.32219762527671564
24937,0.2072742430286321,1,3,1,598877,6733,104755,3201,0.06236800177850235,0.32222669619488625
24938,0.2072973400895944,2,3,2,598880,6730,104757,3199,0.06234021267923969,0.3221875314734616
24939,0.2072990932204385,6,18,6,598898,6712,104763,3193,0.06217347808366371,0.3223624432104997
24940,0.2073044003694258,0,1,0,598899,6711,104763,3193,0.06216421505057616,0.3223949919224556
24941,0.207328864353643,0,3,0,598902,6708,104763,3193,0.062136425951313495,0.32249267750732247
24942,0.2073464827827718,1,4,1,598906,6704,104764,3192,0.06209937381896328,0.322554567502021
24943,0.2073837801646162,8,12,8,598918,6692,104772,3184,0.06198821742191263,0.3223977318752531
24944,0.20742781269627,1,0,1,598918,6692,104773,3183,0.06198821742191263,0.3223291139240506
24945,0.2074375665951093,11,13,11,598931,6679,104784,3172,0.06186779799177443,0.32199776672419045
24946,0.2074642206744722,1,2,1,598933,6677,104785,3171,0.06184927192559932,0.32199431356620634
24947,0.2074788619704839,13,15,13,598948,6662,104798,3158,0.061710326429286005,0.3215885947046843
24948,0.2075014586354913,0,1,0,598949,6661,104798,3158,0.06170106339619845,0.321621346369284
24949,0.2075184177144051,2,3,2,598952,6658,104800,3156,0.06167327429693579,0.3215814143060933
24950,0.2075204921703851,1,0,1,598952,6658,104801,3155,0.06167327429693579,0.3215122796290635
24951,0.2075863028039757,1,7,1,598959,6651,104802,3154,0.06160843306532291,0.3216726160122387
24952,0.2075893551957839,1,1,1,598960,6650,104803,3153,0.061599170032235355,0.3216362338059778
24953,0.2076084086285267,0,3,0,598963,6647,104803,3153,0.061571380932972694,0.32173469387755105
24954,0.207609997857033,1,2,1,598965,6645,104804,3152,0.06155285486679758,0.3217311421863836
24955,0.2076145565533036,3,2,3,598967,6643,104807,3149,0.06153432880062248,0.3215890522875817
24956,0.2076398396499613,4,5,4,598972,6638,104811,3145,0.061488013635184705,0.32147602984769497
24957,0.2076530273892962,8,3,8,598975,6635,104819,3137,0.061460224535922044,0.32101923864101517
24958,0.2076835925595917,1,12,1,598987,6623,104820,3136,0.06134906813887139,0.3213444000409878
24959,0.207691172027171,2,3,2,598990,6620,104822,3134,0.06132127903960873,0.32130408037728114
24960,0.2076912229522544,4,2,4,598992,6618,104826,3130,0.06130275297343362,0.32109150594993846
24961,0.2077340618458628,4,10,4,599002,6608,104830,3126,0.06121012264255808,0.32114238750770496
24962,0.2077392664146698,3,4,3,599006,6604,104833,3123,0.061173070510207865,0.3210650765909325
24963,0.2077450597556824,6,12,6,599018,6592,104839,3117,0.061061914113157215,0.32104233185703984
24964,0.207760312191589,0,2,0,599020,6590,104839,3117,0.0610433880469821,0.32110847841763673
24965,0.2077751727022194,1,3,1,599023,6587,104840,3116,0.06101559894771944,0.3211377924353293
24966,0.2077776121021929,0,2,0,599025,6585,104840,3116,0.06099707288154433,0.3212039995876714
24967,0.2077953995473141,1,2,1,599027,6583,104841,3115,0.060978546815369225,0.3212002474737059
24968,0.2077997797734727,1,1,1,599028,6582,104842,3114,0.06096928378228167,0.32116336633663367
24969,0.207804769489424,0,1,0,599029,6581,104842,3114,0.06096002074919411,0.32119649303764825
24970,0.2078092350860933,0,1,0,599030,6580,104842,3114,0.060950757716106564,0.321229626573138
24971,0.2078136888652295,17,15,17,599045,6565,104859,3097,0.060811812219793246,0.32053405092113435
24972,0.2078153670086099,1,1,1,599046,6564,104860,3096,0.0608025491867057,0.3204968944099379
24973,0.2078256419884906,1,4,1,599050,6560,104861,3095,0.06076549705435548,0.32055929570170894
24974,0.2078315165789197,0,1,0,599051,6559,104861,3095,0.060756234021267924,0.32059250051792004
24975,0.2078430337657953,1,7,1,599058,6552,104862,3094,0.060691392789655046,0.32075471698113206
24976,0.2078565343911042,2,5,2,599063,6547,104864,3092,0.060645077624217274,0.3207801639174188
24977,0.2078652323398677,1,4,1,599067,6543,104865,3091,0.06060802549186706,0.3208428482457961
24978,0.2078940301183936,2,3,2,599070,6540,104867,3089,0.060580236392604396,0.3208017447294631
24979,0.2079014012145942,1,6,1,599076,6534,104868,3088,0.06052465819407907,0.32093119933485764
24980,0.2079030183406475,4,10,4,599086,6524,104872,3084,0.06043202786320353,0.32098251457119065
24981,0.207905162518141,0,3,0,599089,6521,104872,3084,0.06040423876394087,0.3210827693909422
24982,0.2079249462053569,1,1,1,599090,6520,104873,3083,0.06039497573085331,0.3210455066125169
24983,0.2079444098957605,3,4,3,599094,6516,104876,3080,0.060357923598503095,0.32096706961233845
24984,0.207947953914074,6,11,6,599105,6505,104882,3074,0.06025603023454,0.3209103246685458
24985,0.2079565951387747,2,1,2,599106,6504,104884,3072,0.060246767201452445,0.3208020050125313
24986,0.2079618594423069,1,0,1,599106,6504,104885,3071,0.060246767201452445,0.32073107049608357
24987,0.2079639927584063,1,3,1,599109,6501,104886,3070,0.060218978102189784,0.3207606310730331
24988,0.2079786905750872,0,1,0,599110,6500,104886,3070,0.06020971506910223,0.3207941483803553
24989,0.2080170431534086,0,2,0,599112,6498,104886,3070,0.060191189002927116,0.3208612040133779
24990,0.208030947872637,1,1,1,599113,6497,104887,3069,0.06018192596983957,0.32082375078402675
24991,0.2080325649986903,1,4,1,599117,6493,104888,3068,0.06014487383748935,0.32088693651291705
24992,0.2080338742408383,4,9,4,599126,6484,104892,3064,0.06006150653970136,0.32090490155006285
24993,0.2080680808653705,0,9,0,599135,6475,104892,3064,0.05997813924191337,0.32120767376035225
24994,0.2080818453098017,0,3,0,599138,6472,104892,3064,0.05995035014265071,0.3213087248322148
24995,0.2081064693089846,1,2,1,599140,6470,104893,3063,0.0599318240764756,0.32130494073219346
24996,0.2081219633016874,2,1,2,599141,6469,104895,3061,0.05992256104338805,0.32119622245540397
24997,0.2081254543834661,0,2,0,599143,6467,104895,3061,0.05990403497721294,0.3212636439966415
24998,0.2081278937834395,2,2,2,599145,6465,104897,3059,0.05988550891103783,0.3211885762284754
24999,0.2081380021460197,1,2,1,599147,6463,104898,3058,0.05986698284486272,0.3211847495011028
25000,0.2081582719899207,5,13,5,599160,6450,104903,3053,0.059746563414724514,0.3212669683257919
25001,0.2081675076300791,4,11,4,599171,6439,104907,3049,0.05964467005076142,0.3213532883642496
25002,0.2081755287267035,2,5,2,599176,6434,104909,3047,0.05959835488532365,0.3213796013078789
25003,0.2081808917595442,8,2,8,599178,6432,104917,3039,0.05957982881914854,0.32087424770351597
25004,0.2081810856161642,7,9,7,599187,6423,104924,3032,0.05949646152136055,0.3206768905341089
25005,0.2082219761918539,0,6,0,599193,6417,104924,3032,0.05944088332283523,0.3208805164567679
25006,0.2082595595424207,4,9,4,599202,6408,104928,3028,0.05935751602504724,0.32089868588384907
25007,0.2082726657587919,0,3,0,599205,6405,104928,3028,0.05932972692578458,0.32100074207569174
25008,0.2083255575847578,1,5,1,599210,6400,104929,3027,0.05928341176034681,0.32109897104062796
25009,0.208332281377534,0,3,0,599213,6397,104929,3027,0.05925562266108415,0.3212011884550085
25010,0.2083334037335502,4,4,4,599217,6393,104933,3023,0.05921857052873393,0.3210492778249788
25011,0.2083425661362731,0,2,0,599219,6391,104933,3023,0.05920004446255882,0.32111748459740813
25012,0.2083511396850484,2,1,2,599220,6390,104935,3021,0.05919078142947127,0.32100733184571245
25013,0.2083890136014236,0,2,0,599222,6388,104935,3021,0.05917225536329616,0.3210755659474971
25014,0.2084112396862792,1,0,1,599222,6388,104936,3020,0.05917225536329616,0.3210034013605442
25015,0.2084150029517403,10,12,10,599234,6376,104946,3010,0.05906109896624551,0.3206903899424675
25016,0.2084312609833977,0,1,0,599235,6375,104946,3010,0.05905183593315795,0.32072456046883324
25017,0.2084477259980082,3,14,3,599249,6361,104949,3007,0.058922153469932195,0.3209863364645602
25018,0.2084551042428006,1,1,1,599250,6360,104950,3006,0.05891289043684464,0.32094811018577835
25019,0.2085347105243938,0,2,0,599252,6358,104950,3006,0.058894364370669534,0.32101665954720204
25020,0.2085370850812438,0,1,0,599253,6357,104950,3006,0.05888510133758198,0.32105094520986865
25021,0.2085417231301813,1,3,1,599256,6354,104951,3005,0.05885731223831932,0.3210813121059942
25022,0.2085427686696943,2,11,2,599267,6343,104953,3003,0.058755418874356216,0.32131393109351597
25023,0.2085668583915056,1,1,1,599268,6342,104954,3002,0.05874615584126867,0.3212756849315068
25024,0.2085749175537408,2,3,2,599271,6339,104956,3000,0.058718366742006,0.32123353678123995
25025,0.208581239505687,7,8,7,599279,6331,104963,2993,0.058644262477305566,0.320999570999571
25026,0.2085890123393537,4,1,4,599280,6330,104967,2989,0.05863499944421802,0.3207425689451658
25027,0.2085892161348447,1,3,1,599283,6327,104968,2988,0.05860721034495535,0.3207729468599034
25028,0.208612503251712,5,5,5,599288,6322,104973,2983,0.05856089517951758,0.3205803331542182
25029,0.2086217353856216,2,2,2,599290,6320,104975,2981,0.05854236911334247,0.3205031717019675
25030,0.2086276869708373,1,5,1,599295,6315,104976,2980,0.058496053947904705,0.32060247444862827
25031,0.2086308927428494,1,6,1,599301,6309,104977,2979,0.05844047574937938,0.32073643410852715
25032,0.2086335264044604,1,2,1,599303,6307,104978,2978,0.05842194968320427,0.32073236402800215
25033,0.2086463466552338,1,7,1,599310,6300,104979,2977,0.05835710845159139,0.32090115339010455
25034,0.2087098060792639,1,0,1,599310,6300,104980,2976,0.05835710845159139,0.3208279430789133
25035,0.2087110944688572,1,1,1,599311,6299,104981,2975,0.05834784541850384,0.32078930342894113
25036,0.2087482769152566,0,2,0,599313,6297,104981,2975,0.058329319352328726,0.32085849870578087
25037,0.2087562535444143,0,1,0,599314,6296,104981,2975,0.05832005631924117,0.32089310753963973
25038,0.208758535320464,0,4,0,599318,6292,104981,2975,0.05828300418689095,0.32103161756771337
25039,0.2087688447106238,8,12,8,599330,6280,104989,2967,0.0581718477898403,0.3208608197253163
25040,0.2087835531326486,9,7,9,599337,6273,104998,2958,0.058107006558227425,0.32044198895027626
25041,0.2087938160430635,3,0,3,599337,6273,105001,2955,0.058107006558227425,0.32022106631989594
25042,0.2087947243804069,0,3,0,599340,6270,105001,2955,0.058079217458964764,0.3203252032520325
25043,0.2088118533917901,1,4,1,599344,6266,105002,2954,0.05804216532661455,0.32039045553145334
25044,0.2088321812596854,2,7,2,599351,6259,105004,2952,0.05797732409500167,0.3204863749864293
25045,0.2088612703915208,1,0,1,599351,6259,105005,2951,0.05797732409500167,0.3204125950054289
25046,0.2088772772979805,1,1,1,599352,6258,105006,2950,0.057968061061914114,0.32037358818418765
25047,0.2088983913686666,3,4,3,599356,6254,105009,2947,0.0579310089295639,0.3202912726877513
25048,0.2089147750356745,11,10,11,599366,6244,105020,2936,0.05783837859868835,0.3198257080610022
25049,0.208919218604121,0,3,0,599369,6241,105020,2936,0.05781058949942569,0.31993026043369294
25050,0.2089528505341486,1,0,1,599369,6241,105021,2935,0.05781058949942569,0.3198561464690497
25051,0.2089576894401137,3,3,3,599372,6238,105024,2932,0.05778280040016303,0.31973827699018537
25052,0.2089678254306768,1,0,1,599372,6238,105025,2931,0.05778280040016303,0.3196640855055077
25053,0.2089811744240959,4,5,4,599377,6233,105029,2927,0.05773648523472526,0.31954148471615723
25054,0.2089950996069149,2,3,2,599380,6230,105031,2925,0.057708696135462596,0.3194975423265975
25055,0.2090303286460799,0,1,0,599381,6229,105031,2925,0.05769943310237504,0.31953244483286
25056,0.2090326275870699,1,2,1,599383,6227,105032,2924,0.057680907036199935,0.31952792044585293
25057,0.2090377897172306,0,1,0,599384,6226,105032,2924,0.05767164400311238,0.31956284153005465
25058,0.2090513425301733,4,9,4,599393,6217,105036,2920,0.05758827670532439,0.31957973076502133
25059,0.2090727545667237,1,0,1,599393,6217,105037,2919,0.05758827670532439,0.3195052539404553
25060,0.2090887844232878,2,0,2,599393,6217,105039,2917,0.05758827670532439,0.31935625136851326
25061,0.2091013479491001,1,1,1,599394,6216,105040,2916,0.057579013672236834,0.3193166885676741
25062,0.2091507560269633,3,2,3,599396,6214,105043,2913,0.05756048760606173,0.3191629231949162
25063,0.2091515927558629,1,5,1,599401,6209,105044,2912,0.057514172440623956,0.3192632386799693
25064,0.2091867765358733,3,2,3,599403,6207,105047,2909,0.05749564637444885,0.31910925844668714
25065,0.2091930010807874,2,11,2,599414,6196,105049,2907,0.05739375301048576,0.3193452707898495
25066,0.2091993841540001,1,0,1,599414,6196,105050,2906,0.05739375301048576,0.3192704900021973
25067,0.2092066369746832,1,0,1,599414,6196,105051,2905,0.05739375301048576,0.31919569278101306
25068,0.2092115520727674,1,0,1,599414,6196,105052,2904,0.05739375301048576,0.3191208791208791
25069,0.2092444801922953,1,2,1,599416,6194,105053,2903,0.057375226944310645,0.31911619215125864
25070,0.2092604224750946,4,3,4,599419,6191,105057,2899,0.057347437845047984,0.3189218921892189
25071,0.2092946979283837,1,0,1,599419,6191,105058,2898,0.057347437845047984,0.31884695786115086
25072,0.2093031322153952,0,2,0,599421,6189,105058,2898,0.05732891177887287,0.31891713436777813
25073,0.2093225477388302,2,2,2,599423,6187,105060,2896,0.05731038571269777,0.31883738852801935
25074,0.2093980429901599,6,7,6,599430,6180,105066,2890,0.05724554448108489,0.31863285556780596
25075,0.2094183789684842,6,14,6,599444,6166,105072,2884,0.05711586201785913,0.31867403314917125
25076,0.2094281981943973,1,3,1,599447,6163,105073,2883,0.057088072918596466,0.3187043997346894
25077,0.2094516296303467,0,1,0,599448,6162,105073,2883,0.05707880988550891,0.3187396351575456
25078,0.209471177479616,1,0,1,599448,6162,105074,2882,0.05707880988550891,0.3186643078283945
25079,0.2095187956501777,1,1,1,599449,6161,105075,2881,0.057069546852421354,0.318624198186242
25080,0.2095197783370251,0,1,0,599450,6160,105075,2881,0.057060283819333805,0.3186594403273974
25081,0.2095432097729745,0,1,0,599451,6159,105075,2881,0.05705102078624625,0.31869469026548675
25082,0.209553979430188,0,1,0,599452,6158,105075,2881,0.057041757753158694,0.3187299480030977
25083,0.2095720523777733,0,2,0,599454,6156,105075,2881,0.05702323168698359,0.31880048688724133
25084,0.2095733653967781,6,2,6,599456,6154,105081,2875,0.05700470562080848,0.31841842950492855
25085,0.2095818689909653,1,3,1,599459,6151,105082,2874,0.056976916521545816,0.3184487534626039
25086,0.2095854163780538,1,1,1,599460,6150,105083,2873,0.05696765348845826,0.3184085115815139
25087,0.209593706560672,6,14,6,599474,6136,105089,2867,0.056837971025232505,0.31844940575363767
25088,0.2096139799404168,7,9,7,599483,6127,105096,2860,0.056754603727444515,0.3182374541003672
25089,0.2096159181723582,4,5,4,599488,6122,105100,2856,0.05670828856200674,0.3181109378480731
25090,0.2096239632481503,4,3,4,599491,6119,105104,2852,0.05668049946274408,0.31791327611191617
25091,0.2096276253694094,0,2,0,599493,6117,105104,2852,0.05666197339656897,0.3179841676887055
25092,0.2096547739519796,2,6,2,599499,6111,105106,2850,0.05660639519804365,0.3180448610646133
25093,0.2096795123191784,0,2,0,599501,6109,105106,2850,0.056587869131868536,0.3181158611452171
25094,0.2096852867032997,5,0,5,599501,6109,105111,2845,0.056587869131868536,0.3177350904623632
25095,0.209737032632177,1,3,1,599504,6106,105112,2844,0.056560080032605875,0.31776536312849163
25096,0.2097435265984596,2,0,2,599504,6106,105114,2842,0.056560080032605875,0.31761287438533753
25097,0.2097710924618062,1,0,1,599504,6106,105115,2841,0.056560080032605875,0.31753660444841847
25098,0.2097856189114749,6,13,6,599517,6093,105121,2835,0.05643966060246767,0.3175403225806452
25099,0.2098048505723186,0,1,0,599518,6092,105121,2835,0.05643039756938012,0.31757589335723085
25100,0.2098133300804949,1,4,1,599522,6088,105122,2834,0.0563933454370299,0.317641784353284
25101,0.2098240897474675,10,14,10,599536,6074,105132,2824,0.05626366297380414,0.31737469094178467
25102,0.2098257727558039,0,1,0,599537,6073,105132,2824,0.05625439994071659,0.3174103630437226
25103,0.2098935854959861,3,6,3,599543,6067,105135,2821,0.05619882174219126,0.3173942394239424
25104,0.2098986534006481,1,2,1,599545,6065,105136,2820,0.05618029567601616,0.317388857625211
25105,0.2099096554478108,1,8,1,599553,6057,105137,2819,0.056106191411315724,0.317598017124831
25106,0.2099428767385378,1,0,1,599553,6057,105138,2818,0.056106191411315724,0.3175211267605634
25107,0.2099439882419186,10,16,10,599569,6041,105148,2808,0.05595798288191486,0.3173239914114589
25108,0.2099481262838035,3,2,3,599571,6039,105151,2805,0.055939456815739745,0.31716417910447764
25109,0.2099831210666729,0,1,0,599572,6038,105151,2805,0.05593019378265219,0.317200045233518
25110,0.20998509347567,7,4,7,599576,6034,105158,2798,0.05589314165030197,0.31680253623188404
25111,0.2099902335432758,0,1,0,599577,6033,105158,2798,0.05588387861721442,0.31683841014607633
25112,0.2099911271570371,0,2,0,599579,6031,105158,2798,0.05586535255103931,0.3169101823536074
25113,0.2099937635939966,0,4,0,599583,6027,105158,2798,0.055828300418689095,0.3170538243626062
25114,0.2100049655581859,2,2,2,599585,6025,105160,2796,0.05580977435251399,0.3169708649812946
25115,0.2100355683845463,1,1,1,599586,6024,105161,2795,0.055800511319426434,0.31692935706996256
25116,0.2100615815341383,2,0,2,599586,6024,105163,2793,0.055800511319426434,0.3167744130656686
25117,0.2100766736182977,1,0,1,599586,6024,105164,2792,0.055800511319426434,0.31669691470054445
25118,0.2100786114974072,3,2,3,599588,6022,105167,2789,0.05578198525325132,0.31653614799682217
25119,0.2100901420381077,2,0,2,599588,6022,105169,2787,0.05578198525325132,0.31638097400385967
25120,0.2101367324854268,0,1,0,599589,6021,105169,2787,0.05577272222016377,0.31641689373297005
25121,0.2101464446331502,5,12,5,599601,6009,105174,2782,0.05566156582311312,0.3164600159253782
25122,0.2101601347808286,3,6,3,599607,6003,105177,2779,0.055605987624587794,0.3164427237531314
25123,0.2102465896175321,1,0,1,599607,6003,105178,2778,0.055605987624587794,0.31636487871540825
25124,0.2102749362498001,1,3,1,599610,6000,105179,2777,0.05557819852532513,0.3163951236185485
25125,0.2103353751569164,4,6,4,599616,5994,105183,2773,0.055522620326799804,0.31629976046538155
25126,0.2103487176880021,0,1,0,599617,5993,105183,2773,0.055513357293712255,0.3163358430298882
25127,0.2103910120122199,12,18,12,599635,5975,105195,2761,0.055346622698136276,0.3160485347985348
25128,0.2104044829078429,1,1,1,599636,5974,105196,2760,0.05533735966504872,0.31600641172429583
25129,0.210445814391722,1,2,1,599638,5972,105197,2759,0.055318833598873615,0.31600045813767036
25130,0.2104825921548477,1,1,1,599639,5971,105198,2758,0.05530957056578606,0.31595829991980756
25131,0.2104935356779308,4,3,4,599642,5968,105202,2754,0.0552817814665234,0.3157532675991745
25132,0.2105136475274649,0,3,0,599645,5965,105202,2754,0.05525399236726074,0.31586191076958364
25133,0.2105273376751433,1,1,1,599646,5964,105203,2753,0.05524472933417318,0.31581966272800277
25134,0.2105835614837202,1,6,1,599652,5958,105204,2752,0.05518915113564786,0.31595866819747415
25135,0.2105897684824194,23,35,23,599687,5923,105227,2729,0.05486494497758346,0.3154184003698567
25136,0.2106645974441546,0,2,0,599689,5921,105227,2729,0.05484641891140835,0.31549132947976877
25137,0.2106675450655441,2,2,2,599691,5919,105229,2727,0.05482789284523324,0.3154059680777238
25138,0.2106878149094451,2,4,2,599695,5915,105231,2725,0.054790840712883024,0.31539351851851855
25139,0.2106990926199637,1,4,1,599699,5911,105232,2724,0.05475378858053281,0.31546033584250144
25140,0.2107159205823168,0,1,0,599700,5910,105232,2724,0.05474452554744526,0.31549687282835304
25141,0.2107193151404622,4,4,4,599704,5906,105236,2720,0.05470747341509504,0.3153257593322513
25142,0.2107624901357197,2,7,2,599711,5899,105238,2718,0.05464263218348216,0.31542300104444704
25143,0.2107769589034114,0,2,0,599713,5897,105238,2718,0.05462410611730705,0.3154962275101567
25144,0.2107823989272178,6,9,6,599722,5888,105244,2712,0.05454073881951906,0.31534883720930235
25145,0.2107891186224975,11,16,11,599738,5872,105255,2701,0.054392530290118195,0.31505890586725765
25146,0.2108213191890394,7,15,7,599753,5857,105262,2694,0.05425358479380488,0.31505087124312947
25147,0.2108618242970584,1,0,1,599753,5857,105263,2693,0.05425358479380488,0.3149707602339181
25148,0.2108728692757963,1,0,1,599753,5857,105264,2692,0.05425358479380488,0.31489063048309746
25149,0.2108739790698456,1,2,1,599755,5855,105265,2691,0.05423505872762978,0.314884156330447
25150,0.2108839044141359,8,17,8,599772,5838,105273,2683,0.054077587165141355,0.3148691468137543
25151,0.2109186652805403,4,5,4,599777,5833,105277,2679,0.05403127199970358,0.31473214285714285
25152,0.2109213284059743,0,2,0,599779,5831,105277,2679,0.05401274593352848,0.3148061104582844
25153,0.2109445458712647,5,7,5,599786,5824,105282,2674,0.05394790470191559,0.31466227347611203
25154,0.2109549744130842,0,1,0,599787,5823,105282,2674,0.053938641668828044,0.31469930563728377
25155,0.2109953285766527,2,4,2,599791,5819,105284,2672,0.05390158953647783,0.3146861382640443
25156,0.2110780501508591,6,6,6,599797,5813,105290,2666,0.0538460113379525,0.314423870739474
25157,0.2111185552588781,0,1,0,599798,5812,105290,2666,0.05383674830486494,0.31446095777305966
25158,0.2111280326716043,0,2,0,599800,5810,105290,2666,0.05381822223868984,0.3145351580934403
25159,0.2111296930300344,4,3,4,599803,5807,105294,2662,0.05379043313942718,0.3143228244184674
25160,0.2111423797458297,7,2,7,599805,5805,105301,2655,0.053771907073252065,0.31382978723404253
25161,0.2111441617977261,0,1,0,599806,5804,105301,2655,0.05376264404016451,0.3138668873389289
25162,0.2112089404879304,0,1,0,599807,5803,105301,2655,0.05375338100707696,0.31390399621659965
25163,0.2112520595384724,8,7,8,599814,5796,105309,2647,0.053688539775464075,0.3135141537368234
25164,0.2112562184976214,0,1,0,599815,5795,105309,2647,0.053679276742376526,0.31355129116323144
25165,0.2112757364295465,5,4,5,599819,5791,105314,2642,0.05364222461002631,0.31329301553421085
25166,0.2113168616948655,13,9,13,599828,5782,105327,2629,0.05355885731223832,0.31256687670907146
25167,0.211321106124033,0,1,0,599829,5781,105327,2629,0.053549594279150764,0.3126040428061831
25168,0.2114144308749279,11,13,11,599842,5768,105338,2618,0.05342917484901256,0.3121869782971619
25169,0.2114443179551989,5,6,5,599848,5762,105343,2613,0.053373596650487236,0.312
25170,0.2114908710824788,4,10,4,599858,5752,105347,2609,0.05328096631961169,0.31204401387393854
25171,0.2115665361159932,4,5,4,599863,5747,105351,2605,0.053234651154173925,0.31190134099616856
25172,0.2115951479257239,1,0,1,599863,5747,105352,2604,0.053234651154173925,0.31181894383906117
25173,0.2116183273428123,2,1,2,599864,5746,105354,2602,0.05322538812108637,0.3116914230953522
25174,0.2116347921598533,1,0,1,599864,5746,105355,2601,0.05322538812108637,0.31160896130346233
25175,0.2116960827740361,2,3,2,599867,5743,105357,2599,0.05319759902182371,0.3115559817789499
25176,0.2117039776449557,4,12,4,599879,5731,105361,2595,0.05308644262477306,0.3116742733605573
25177,0.2117134778629914,2,5,2,599884,5726,105363,2593,0.053040127459335284,0.3116961173217935
25178,0.2117263723024811,0,1,0,599885,5725,105363,2593,0.05303086442624773,0.31173358980524163
25179,0.2117816337692426,2,1,2,599886,5724,105365,2591,0.05302160139316018,0.3116055321707757
25180,0.2117991102259725,1,1,1,599887,5723,105366,2590,0.053012338360072624,0.3115602069048478
25181,0.2118575775053057,1,0,1,599887,5723,105367,2589,0.053012338360072624,0.31147738209817133
25182,0.211880515272561,3,2,3,599889,5721,105370,2586,0.05299381229389751,0.311303719754424
25183,0.2119623508200387,0,1,0,599890,5720,105370,2586,0.05298454926080996,0.3113411991331568
25184,0.2119628008136216,7,3,7,599893,5717,105377,2579,0.052956760161547295,0.31087270973963355
25185,0.2119926966647912,12,21,12,599914,5696,105389,2567,0.05276223646670866,0.3106619871717294
25186,0.2120543809562494,0,1,0,599915,5695,105389,2567,0.052752973433621106,0.31069958847736623
25187,0.2120796722664692,1,5,1,599920,5690,105390,2566,0.05270665826818333,0.31080426356589147
25188,0.2120807178059822,1,6,1,599926,5684,105391,2565,0.05265108006965801,0.3109467814280519
25189,0.2121191886419748,3,5,3,599931,5679,105394,2562,0.05260476490422024,0.31088460138332724
25190,0.2122467096760388,0,1,0,599932,5678,105394,2562,0.05259550187113268,0.31092233009708736
25191,0.2122477552155518,1,1,1,599933,5677,105395,2561,0.05258623883804513,0.31087642631706724
25192,0.2123130824948682,2,6,2,599939,5671,105397,2559,0.052530660639519805,0.3109356014580802
25193,0.2123598995591059,1,2,1,599941,5669,105398,2558,0.05251213457334469,0.3109274340585876
25194,0.2123916770034819,1,2,1,599943,5667,105399,2557,0.05249360850716959,0.3109192607003891
25195,0.2123987282557637,40,99,40,600042,5568,105439,2517,0.051576568231501724,0.31131725417439704
25196,0.2124311333899745,15,50,15,600092,5518,105454,2502,0.05111341657712401,0.31197007481296757
25197,0.212499307083426,15,26,15,600118,5492,105469,2487,0.050872577716847604,0.31169319463591927
25198,0.2125212236615247,1,0,1,600118,5492,105470,2486,0.050872577716847604,0.3116069190273251
25199,0.2125221666672683,3,4,3,600122,5488,105473,2483,0.05083552558449739,0.3115042027349141
25200,0.2125282749138065,10,20,10,600142,5468,105483,2473,0.0506502649227463,0.3114217352978214
25201,0.2125599725725127,6,0,6,600142,5468,105489,2467,0.0506502649227463,0.31090107120352867
25202,0.2125853597791789,20,54,20,600196,5414,105509,2447,0.05015006113601838,0.31128355171097827
25203,0.2125980783958418,26,60,26,600256,5354,105535,2421,0.04959427915076513,0.31138263665594856
25204,0.2126288537414688,6,6,6,600262,5348,105541,2415,0.0495387009522398,0.31109107303877365
25205,0.2126573098507739,12,8,12,600270,5340,105553,2403,0.049464596687539365,0.3103448275862069
25206,0.2126918146686295,15,40,15,600310,5300,105568,2388,0.0490940753640372,0.3106139438085328
25207,0.2126986572235041,18,15,18,600325,5285,105586,2370,0.048955129867723886,0.30960156760287394
25208,0.2127168255896351,18,57,18,600382,5228,105604,2352,0.0484271369817333,0.31029023746701845
25209,0.2127276250538846,8,10,8,600392,5218,105612,2344,0.048334506650857756,0.30997090716741604
25210,0.2127526001422933,5,8,5,600400,5210,105617,2339,0.04826040238615732,0.3098423632269175
25211,0.2127552964256277,29,66,29,600466,5144,105646,2310,0.04764904220237875,0.30990072444325195
25212,0.2127593691667923,1,2,1,600468,5142,105647,2309,0.047630516136203636,0.30989128975976377
25213,0.2127601062651696,3,6,3,600474,5136,105650,2306,0.047574937937678315,0.3098629400698737
25214,0.2127833948112573,8,8,8,600482,5128,105658,2298,0.04750083367297788,0.3094532722865607
25215,0.2128282038815469,2,3,2,600485,5125,105660,2296,0.04747304457371522,0.30939226519337015
25216,0.2128420907409986,32,61,32,600546,5064,105692,2264,0.04690799955537441,0.3089519650655022
25217,0.2128441802849211,1,3,1,600549,5061,105693,2263,0.04688021045611175,0.3089841616602949
25218,0.2128588995526123,14,15,14,600564,5046,105707,2249,0.04674126495979844,0.30829335161069227
25219,0.2128893695615831,1,1,1,600565,5045,105708,2248,0.046732001926710884,0.30824077882901413
25220,0.2129258896285562,21,46,21,600611,4999,105729,2227,0.04630590240468339,0.30819263769720456
25221,0.2129430020504344,7,11,7,600622,4988,105736,2220,0.04620400904072029,0.30799112097669257
25222,0.212981472886427,7,14,7,600636,4974,105743,2213,0.04607432657749454,0.30791707249199946
25223,0.21298667510222,5,16,5,600652,4958,105748,2208,0.04592611804809367,0.3081216857382082
25224,0.2130161001286119,0,4,0,600656,4954,105748,2208,0.04588906591574345,0.30829377268919295
25225,0.213017469771184,4,7,4,600663,4947,105752,2204,0.04582422468413057,0.30820864214795135
25226,0.2130245199717611,13,30,13,600693,4917,105765,2191,0.045546333691503946,0.308244231851435
25227,0.2130329089402257,2,1,2,600694,4916,105767,2189,0.04553707065841639,0.30809289232934556
25228,0.2130396031021486,0,1,0,600695,4915,105767,2189,0.04552780762532884,0.30813626126126126
25229,0.2130562850975423,1,1,1,600696,4914,105768,2188,0.045518544592241285,0.30808223035764576
25230,0.2130782552448478,0,4,0,600700,4910,105768,2188,0.04548149245989107,0.30825584671738515
25231,0.2130809022850051,22,59,22,600759,4851,105790,2166,0.04493497350772537,0.30867892261650276
25232,0.2131050556685436,5,11,5,600770,4840,105795,2161,0.04483308014376227,0.308670189972861
25233,0.213115630514432,7,16,7,600786,4824,105802,2154,0.0446848716143614,0.30868443680137575
25234,0.2131292216437947,1,2,1,600788,4822,105803,2153,0.0446663455481863,0.30867383512544805
25235,0.2131515749301385,27,48,27,600836,4774,105830,2126,0.044221719959983696,0.3081159420289855
25236,0.2132123604038024,9,12,9,600848,4762,105839,2117,0.044110563562933046,0.30774821921790957
25237,0.2132431550727663,7,21,7,600869,4741,105846,2110,0.043916039868094406,0.307984235877974
25238,0.2132532335269512,1,8,1,600877,4733,105847,2109,0.04384193560339397,0.30824320374159603
25239,0.2132549116726184,2,1,2,600878,4732,105849,2107,0.04383267257030642,0.30808597748208805
25240,0.2132587683018375,1,0,1,600878,4732,105850,2106,0.04383267257030642,0.30798479087452474
25241,0.213279065056157,2,1,2,600879,4731,105852,2104,0.04382340953721887,0.30782735918068765
25242,0.2132896399020453,2,3,2,600882,4728,105854,2102,0.043795620437956206,0.3077598828696925
25243,0.2133039405464302,1,4,1,600886,4724,105855,2101,0.04375856830560599,0.3078388278388278
25244,0.2133398987298571,13,41,13,600927,4683,105868,2088,0.043378783949016265,0.30837394771821003
25245,0.2133544420584384,8,19,8,600946,4664,105876,2080,0.04320278632035274,0.3084223013048636
25246,0.2133617866303633,6,6,6,600952,4658,105882,2074,0.04314720812182741,0.30808080808080807
25247,0.213382780184994,2,0,2,600952,4658,105884,2072,0.04314720812182741,0.30787518573551265
25248,0.2133917228660758,5,11,5,600963,4647,105889,2067,0.043045314757864314,0.30786416443252906
25249,0.213423487991857,4,1,4,600964,4646,105893,2063,0.04303605172477676,0.3074973915635713
25250,0.2135284514460518,4,4,4,600968,4642,105897,2059,0.04299899959242654,0.3072675720041785
25251,0.2135357960179766,2,1,2,600969,4641,105899,2057,0.04298973655933899,0.30710659898477155
25252,0.2135927824521768,9,5,9,600974,4636,105908,2048,0.04294342139390122,0.3064033512866547
25253,0.213636911884522,6,13,6,600987,4623,105914,2042,0.04282300196376301,0.30637659414853713
25254,0.2136773898971146,4,17,4,601004,4606,105918,2038,0.04266553040127459,0.30674292594822394
25255,0.2137071016241719,6,4,6,601008,4602,105924,2032,0.04262847826892437,0.30630087428399155
25256,0.2137160209999773,18,45,18,601053,4557,105942,2014,0.04221164177998444,0.3064982498858621
25257,0.2138450936996869,3,3,3,601056,4554,105945,2011,0.04218385268072178,0.3063214013709063
25258,0.2138615587142974,3,2,3,601058,4552,105948,2008,0.042165326614546667,0.30609756097560975
25259,0.2139522906426181,5,18,5,601076,4534,105953,2003,0.041998592018970694,0.306409668043445
25260,0.2140041147788368,1,1,1,601077,4533,105954,2002,0.04198932898588314,0.3063504208110176
25261,0.2140079579746179,1,5,1,601082,4528,105955,2001,0.041943013820445366,0.30647878695052844
25262,0.2140355681019108,0,2,0,601084,4526,105955,2001,0.04192448775427026,0.3065726980235943
25263,0.2140598518588723,2,3,2,601087,4523,105957,1999,0.04189669865500759,0.3065010732904017
25264,0.2140832238942921,4,16,4,601103,4507,105961,1995,0.041748490125606726,0.30682866810212245
25265,0.2141233089129688,1,7,1,601110,4500,105962,1994,0.04168364889399385,0.30705266399753617
25266,0.2141621815280625,4,10,4,601120,4490,105966,1990,0.04159101856311831,0.30709876543209874
25267,0.2142338612464856,0,2,0,601122,4488,105966,1990,0.0415724924969432,0.30719357826489657
25268,0.2142479044859622,4,8,4,601130,4480,105970,1986,0.041498388232242764,0.3071450665017012
25269,0.2142746498078908,0,10,0,601140,4470,105970,1986,0.041405757901367225,0.3076208178438662
25270,0.2142858828003359,4,12,4,601152,4458,105974,1982,0.041294601504316575,0.3077639751552795
25271,0.2142936501742785,2,1,2,601153,4457,105976,1980,0.04128533847122902,0.3075967065403138
25272,0.2143165828206919,0,7,0,601160,4450,105976,1980,0.04122049723961614,0.30793157076205285
25273,0.2143194935369328,2,2,2,601162,4448,105978,1978,0.04120197117344103,0.3078120136943666
25274,0.2143284129127382,7,21,7,601183,4427,105985,1971,0.041007447478602396,0.30806502031884964
25275,0.2143321210102711,5,4,5,601187,4423,105990,1966,0.04097039534625218,0.30771638754108627
25276,0.2143448966889987,4,14,4,601201,4409,105994,1962,0.04084071288302642,0.30795793439020563
25277,0.2144219138735756,0,2,0,601203,4407,105994,1962,0.04082218681685131,0.3080546396608573
25278,0.214447873727723,4,11,4,601214,4396,105998,1958,0.04072029345288821,0.30815234497954047
25279,0.2144863445637156,3,14,3,601228,4382,106001,1955,0.040590610989662455,0.30850560201988325
25280,0.2144905118072835,0,2,0,601230,4380,106001,1955,0.04057208492348734,0.30860299921073403
25281,0.2145046354477819,2,8,2,601238,4372,106003,1953,0.04049798065878691,0.30877470355731224
25282,0.2145087247678174,2,8,2,601246,4364,106005,1951,0.04042387639408648,0.30894695170229614
25283,0.2145601751760485,20,45,20,601291,4319,106025,1931,0.04000703990514654,0.30896
25284,0.2145664448408326,21,53,21,601344,4266,106046,1910,0.03951609915150617,0.30926165803108807
25285,0.2145715749999965,4,18,4,601362,4248,106050,1906,0.039349364555930195,0.3097172570685733
25286,0.2146026234142986,20,46,20,601408,4202,106070,1886,0.0389232650339027,0.30978975032851513
25287,0.2146096789857948,0,3,0,601411,4199,106070,1886,0.03889547593464004,0.30994248151191456
25288,0.21461162172081,1,2,1,601413,4197,106071,1885,0.03887694986846493,0.3099309437684972
25289,0.2146786448353952,1,5,1,601418,4192,106072,1884,0.03883063470302716,0.31007241606319946
25290,0.2146942035569263,4,8,4,601426,4184,106076,1880,0.038756530438326726,0.3100263852242744
25291,0.214695615807053,0,2,0,601428,4182,106076,1880,0.038738004372151615,0.31012867040580666
25292,0.2147012591284226,0,1,0,601429,4181,106076,1880,0.038728741339064066,0.3101798383105098
25293,0.2147344100693999,2,9,2,601438,4172,106078,1878,0.038645374041276076,0.31041322314049585
25294,0.2147411683788528,0,1,0,601439,4171,106078,1878,0.03863611100818852,0.3104645395933212
25295,0.2147690530591623,6,17,6,601456,4154,106084,1872,0.0384786394457001,0.3106538333886492
25296,0.2147842250345137,6,32,6,601488,4122,106090,1866,0.03818222238689837,0.31162324649298595
25297,0.2148163549046261,2,2,2,601490,4120,106092,1864,0.03816369632072326,0.3114973262032086
25298,0.2148366983742252,24,76,24,601566,4044,106116,1840,0.03745970580606914,0.3127124405166553
25299,0.2148437539457214,2,1,2,601567,4043,106118,1838,0.03745044277298158,0.31253188233293655
25300,0.2148521370404932,21,58,21,601625,3985,106139,1817,0.03691318685390344,0.31316787314719063
25301,0.2148755539341445,26,53,26,601678,3932,106165,1791,0.03642224610026307,0.31294775467412195
25302,0.2149273780703632,4,9,4,601687,3923,106169,1787,0.036338878802475084,0.3129597197898424
25303,0.2149282785168529,4,11,4,601698,3912,106173,1783,0.03623698543851198,0.31308165057067605
25304,0.2149414979352814,3,6,3,601704,3906,106176,1780,0.03618140723998666,0.31304959549771366
25305,0.2149524087452811,10,19,10,601723,3887,106186,1770,0.03600540961132313,0.3128866890578045
25306,0.2149600815157703,9,24,9,601747,3863,106195,1761,0.03578309681722183,0.31312233285917496
25307,0.2149903642922394,2,5,2,601752,3858,106197,1759,0.03573678165178406,0.31315648922912587
25308,0.2149927242872404,9,19,9,601771,3839,106206,1750,0.03556078402312053,0.3131150474145643
25309,0.215004407531716,1,6,1,601777,3833,106207,1749,0.0355052058245952,0.31332855607309207
25310,0.2150096293808137,7,28,7,601805,3805,106214,1742,0.035245840898143685,0.31404362718586626
25311,0.215010401495313,7,12,7,601817,3793,106221,1735,0.035134684501093034,0.3138567293777135
25312,0.2150291835775437,15,59,15,601876,3734,106236,1720,0.03458816554892734,0.31536486982031536
25313,0.2150357780909735,2,5,2,601881,3729,106238,1718,0.03454185038348957,0.3154029741141913
25314,0.2150516616583981,1,6,1,601887,3723,106239,1717,0.034486272184964244,0.315625
25315,0.2150694392473039,1,7,1,601894,3716,106240,1716,0.034421430953351366,0.3159057437407953
25316,0.2150699172341742,17,37,17,601931,3679,106257,1699,0.03407869872911186,0.3159166976571216
25317,0.2150940713829053,56,123,56,602054,3556,106313,1643,0.03293934565934269,0.3160223119830737
25318,0.2151083880701668,17,52,17,602106,3504,106330,1626,0.032457667938789875,0.3169590643274854
25319,0.2151567029914032,8,19,8,602125,3485,106338,1618,0.03228167031012635,0.3170683911424652
25320,0.2151587302355865,7,16,7,602141,3469,106345,1611,0.03213346178072548,0.31712598425196853
25321,0.2151610193899317,0,1,0,602142,3468,106345,1611,0.03212419874763792,0.31718842291789723
25322,0.2151653247490163,1,1,1,602143,3467,106346,1610,0.032114935714550374,0.31711640732716173
25323,0.2151754692979398,31,48,31,602191,3419,106377,1579,0.03167031012634777,0.3159263705482193
25324,0.2151784169193294,1,3,1,602194,3416,106378,1578,0.03164252102708511,0.315979175010012
25325,0.215183638768427,1,2,1,602196,3414,106379,1577,0.03162399496091,0.31596874373872974
25326,0.215194156475697,9,25,9,602221,3389,106388,1568,0.03139241913372114,0.31632035505345973
25327,0.2152236180409481,6,20,6,602241,3369,106394,1562,0.031207158471970062,0.3167714459541675
25328,0.2152381009449417,14,37,14,602278,3332,106408,1548,0.030864426247730555,0.31721311475409836
25329,0.2152427568284592,1,11,1,602289,3321,106409,1547,0.03076253288376746,0.3177896466721446
25330,0.2152663603426333,14,27,14,602316,3294,106423,1533,0.0305124309904035,0.3175885643256681
25331,0.2152765717809343,19,38,19,602354,3256,106442,1514,0.03016043573307644,0.31740041928721174
25332,0.2152857366183248,2,7,2,602361,3249,106444,1512,0.030095594501463558,0.31758034026465026
25333,0.2152960936949735,9,21,9,602382,3228,106453,1503,0.02990107080662492,0.31769181991122386
25334,0.2153081030453365,5,6,5,602388,3222,106458,1498,0.029845492608099596,0.3173728813559322
25335,0.215312663019635,2,4,2,602392,3218,106460,1496,0.02980844047574938,0.3173525668222317
25336,0.2153345645309662,13,23,13,602415,3195,106473,1483,0.029595390714735634,0.31701581872595125
25337,0.2153494786855532,4,6,4,602421,3189,106477,1479,0.02953981251621031,0.31683804627249357
25338,0.2154198417772794,14,25,14,602446,3164,106491,1465,0.029308236689021452,0.31648304169367036
25339,0.2154322002597595,36,79,36,602525,3085,106527,1429,0.028576457075104672,0.31657066902968545
25340,0.2154372650318998,45,89,45,602614,2996,106572,1384,0.02775204713031235,0.31598173515981737
25341,0.2154403697302466,3,5,3,602619,2991,106575,1381,0.027705731964874577,0.3158737419945105
25342,0.2154533399477073,14,19,14,602638,2972,106589,1367,0.02752973433621105,0.315049550587693
25343,0.2155114219199072,6,5,6,602643,2967,106595,1361,0.02748341917077328,0.31446395563770796
25344,0.2155405403181656,35,89,35,602732,2878,106630,1326,0.026659009225980954,0.3154138915318744
25345,0.2155828866057501,3,12,3,602744,2866,106633,1323,0.026547852828930307,0.31582716638815944
25346,0.2156062096473729,3,6,3,602750,2860,106636,1320,0.02649227463040498,0.3157894736842105
25347,0.2156141949356669,1,7,1,602757,2853,106637,1319,0.0264274333987921,0.31615532118887824
25348,0.2156280417777311,4,1,4,602758,2852,106641,1315,0.026418170365704548,0.31557475401967844
25349,0.2156321204607934,9,18,9,602776,2834,106650,1306,0.026251435770128572,0.3154589371980676
25350,0.2156798659139498,0,1,0,602777,2833,106650,1306,0.026242172737041016,0.31553515341870014
25351,0.2157661324265675,10,25,10,602802,2808,106660,1296,0.026010596909852163,0.3157894736842105
25352,0.2157741406570379,30,68,30,602870,2740,106690,1266,0.025380710659898477,0.3160259610584124
25353,0.2158241485859614,16,20,16,602890,2720,106706,1250,0.025195449998147393,0.3148614609571788
25354,0.2158316160232182,35,78,35,602968,2642,106741,1215,0.024472933417318165,0.3150116670987814
25355,0.2158849340596252,4,4,4,602972,2638,106745,1211,0.02443588128496795,0.3146271758898415
25356,0.2159157287285892,2,6,2,602978,2632,106747,1209,0.024380303086442626,0.31476178078625355
25357,0.2159295736937629,1,9,1,602987,2623,106748,1208,0.024296935788654637,0.3153223701383451
25358,0.2159401418141808,7,4,7,602991,2619,106755,1201,0.02425988365630442,0.3143979057591623
25359,0.215961162681261,11,12,11,603003,2607,106766,1190,0.02414872725925377,0.31340531998946536
25360,0.215976514202253,1,2,1,603005,2605,106767,1189,0.02413020119307866,0.31338956246705324
25361,0.2159952446720458,0,2,0,603007,2603,106767,1189,0.024111675126903553,0.3135548523206751
25362,0.2160119463779941,6,12,6,603019,2591,106773,1183,0.024000518729852902,0.3134605193428723
25363,0.2160582235458881,19,33,19,603052,2558,106792,1164,0.023694838637963615,0.31273508866200966
25364,0.2161190090195519,6,21,6,603073,2537,106798,1158,0.023500314943124975,0.31339648173207035
25365,0.2161413435513526,9,22,9,603095,2515,106807,1149,0.023296528215198786,0.31359170305676853
25366,0.2161498036885159,3,9,3,603104,2506,106810,1146,0.023213160917410797,0.3138006571741512
25367,0.2162066897682298,4,12,4,603116,2494,106814,1142,0.023102004520360146,0.3140814081408141
25368,0.2162105891621797,0,6,0,603122,2488,106814,1142,0.02304642632183482,0.3146005509641873
25369,0.2162376908572978,32,106,32,603228,2382,106846,1110,0.02206454481455408,0.3178694158075601
25370,0.2162440872803006,2,5,2,603233,2377,106848,1108,0.022018229649116306,0.31793400286944046
25371,0.2162760258576675,15,26,15,603259,2351,106863,1093,0.021777390788839897,0.3173635307781649
25372,0.2163273251360901,15,40,15,603299,2311,106878,1078,0.02140686946533773,0.31808793154322806
25373,0.2163457899225629,8,22,8,603321,2289,106886,1070,0.02120308273741154,0.3185471866626972
25374,0.2163610496191571,0,5,0,603326,2284,106886,1070,0.021156767571973767,0.3190220632081097
25375,0.2163791492723088,3,7,3,603333,2277,106889,1067,0.02109192634036089,0.3190789473684211
25376,0.2164117002449111,10,11,10,603344,2266,106899,1057,0.02099003297639779,0.318086066807102
25377,0.2164500352452809,0,1,0,603345,2265,106899,1057,0.02098076994331024,0.3181818181818182
25378,0.2164714931451625,29,54,29,603399,2211,106928,1028,0.020480566156582312,0.3173819079962952
25379,0.2165052473161895,23,31,23,603430,2180,106951,1005,0.020193412130868133,0.315541601255887
25380,0.2165152731726016,2,8,2,603438,2172,106953,1003,0.0201193078661677,0.3159055118110236
25381,0.2165327568194872,15,16,15,603454,2156,106968,988,0.019971099336766832,0.3142493638676845
25382,0.2165456191963324,7,11,7,603465,2145,106975,981,0.019869205972803734,0.31381957773512476
25383,0.2165495656311009,5,2,5,603467,2143,106980,976,0.019850679906628626,0.3129208079512664
25384,0.2165660327898533,4,10,4,603477,2133,106984,972,0.019758049575753084,0.3130434782608696
25385,0.2165720719728247,15,29,15,603506,2104,106999,957,0.019489421616214014,0.31264292714799086
25386,0.2165809816948432,0,1,0,603507,2103,106999,957,0.019480158583126458,0.3127450980392157
25387,0.2165968274588173,3,10,3,603517,2093,107002,954,0.019387528252250916,0.3130948473908763
25388,0.2166010398032053,7,17,7,603534,2076,107009,947,0.019230056689762496,0.313264968574264
25389,0.2166112901746153,0,2,0,603536,2074,107009,947,0.019211530623587388,0.3134723601456471
25390,0.216624338290755,7,8,7,603544,2066,107016,940,0.019137426358886954,0.31270791749833665
25391,0.2166389744448751,3,16,3,603560,2050,107019,937,0.018989217829486087,0.3136926682289923
25392,0.2166467418188176,1,1,1,603561,2049,107020,936,0.018979954796398534,0.3135678391959799
25393,0.2166576129324811,5,4,5,603565,2045,107025,931,0.018942902664048317,0.31283602150537637
25394,0.216661168680659,10,24,10,603589,2021,107035,921,0.018720589869947016,0.3130523453433039
25395,0.2166708432852406,24,39,24,603628,1982,107059,897,0.0183593315795324,0.3115665161514415
25396,0.2166852126548102,2,0,2,603628,1982,107061,895,0.0183593315795324,0.3110879388251651
25397,0.2166945280304049,4,9,4,603637,1973,107065,891,0.018275964281744415,0.31110335195530725
25398,0.2167016186308676,5,6,5,603643,1967,107070,886,0.01822038608321909,0.3105502979320014
25399,0.2167067662071005,0,2,0,603645,1965,107070,886,0.01820186001704398,0.3107681515257804
25400,0.2167129928168776,1,10,1,603655,1955,107071,885,0.01810922968616844,0.31161971830985913
25401,0.2167235750187143,2,2,2,603657,1953,107073,883,0.01809070361999333,0.3113540197461213
25402,0.2167714221129028,6,15,6,603672,1938,107079,877,0.01795175812368002,0.31154529307282414
25403,0.2167715683634936,18,43,18,603715,1895,107097,859,0.017553447700915187,0.31190994916485115
25404,0.2168003899432834,5,6,5,603721,1889,107102,854,0.01749786950238986,0.3113379511483777
25405,0.2168009653722621,2,5,2,603726,1884,107104,852,0.017451554336952092,0.31140350877192985
25406,0.2168062965929206,7,18,7,603744,1866,107111,845,0.017284819741376117,0.3116931021763187
25407,0.2168101047877755,3,6,3,603750,1860,107114,842,0.01722924154285079,0.31162102146558107
25408,0.2168130070028271,0,5,0,603755,1855,107114,842,0.01718292637741302,0.3121987393400074
25409,0.2168394362082548,6,2,6,603757,1853,107120,836,0.01716440031123791,0.3108962439568613
25410,0.2168452653456283,0,4,0,603761,1849,107120,836,0.017127348178887693,0.31135940409683427
25411,0.2168615437353399,1,6,1,603767,1843,107121,835,0.017071769980362368,0.3117998506348021
25412,0.2168666738945038,0,2,0,603769,1841,107121,835,0.01705324391418726,0.31203288490284004
25413,0.2169009687709457,3,7,3,603776,1834,107124,832,0.016988402682574382,0.31207801950487624
25414,0.2169016849304033,0,1,0,603777,1833,107124,832,0.01697913964948683,0.3121951219512195
25415,0.2169055909259534,20,37,20,603814,1796,107144,812,0.016636407425247322,0.3113496932515337
25416,0.2169195364853718,17,47,17,603861,1749,107161,795,0.016201044870132277,0.3125
25417,0.2169246666445357,5,11,5,603872,1738,107166,790,0.01609915150616918,0.3125
25418,0.216939717048851,6,14,6,603886,1724,107172,784,0.01596946904294342,0.31259968102073366
25419,0.216945577751107,1,3,1,603889,1721,107173,783,0.01594167994368076,0.31269968051118213
25420,0.216980305980534,1,5,1,603894,1716,107174,782,0.01589536477824299,0.3130504403522818
25421,0.2169915411850697,1,7,1,603901,1709,107175,781,0.01583052354663011,0.3136546184738956
25422,0.2170283715749737,1,5,1,603906,1704,107176,780,0.01578420838119234,0.3140096618357488
25423,0.2170441797477021,1,8,1,603914,1696,107177,779,0.015710104116491905,0.3147474747474747
25424,0.2170451081369271,8,13,8,603927,1683,107185,771,0.015589684686353699,0.3141809290953545
25425,0.217101996307448,2,5,2,603932,1678,107187,769,0.015543369520915928,0.31426236207601144
25426,0.2171283857609232,0,4,0,603936,1674,107187,769,0.015506317388565711,0.3147769136307818
25427,0.2171306345519231,4,9,4,603945,1665,107191,765,0.015422950090777725,0.3148148148148148
25428,0.21713575989033,1,1,1,603946,1664,107192,764,0.015413687057690171,0.31466227347611203
25429,0.2171472359350004,6,5,6,603951,1659,107198,758,0.0153673718922524,0.31361191559784857
25430,0.2172052286850323,21,56,21,604007,1603,107219,737,0.014848642039349364,0.31495726495726495
25431,0.2172191175245404,2,5,2,604012,1598,107221,735,0.014802326873911593,0.3150450064294899
25432,0.2172455561140191,0,1,0,604013,1597,107221,735,0.01479306384082404,0.315180102915952
25433,0.2172601812099659,0,3,0,604016,1594,107221,735,0.014765274741561377,0.31558608844997854
25434,0.2172727938202681,4,6,4,604022,1588,107225,731,0.014709696543036051,0.3152220784821044
25435,0.2172760056950613,1,2,1,604024,1586,107226,730,0.014691170476860943,0.31519861830742657
25436,0.2172772141832284,10,19,10,604043,1567,107236,720,0.014515172848197413,0.314822912111937
25437,0.2173055003898202,7,21,7,604064,1546,107243,713,0.014320649153358777,0.315626383355467
25438,0.2173069199431658,4,1,4,604065,1545,107247,709,0.014311386120271222,0.31455190771960956
25439,0.2174069837252227,0,13,0,604078,1532,107247,709,0.014190966690133018,0.31637661758143687
25440,0.2174955886552379,1,1,1,604079,1531,107248,708,0.014181703657045464,0.3162125949084413
25441,0.2175097946359423,8,10,8,604089,1521,107256,700,0.014089073326169922,0.31517334533993696
25442,0.2175179828387143,12,17,12,604106,1504,107268,688,0.0139316017636815,0.31386861313868614
25443,0.2175476015822814,20,55,20,604161,1449,107288,668,0.013422134943866019,0.31554085970713275
25444,0.2175609348721152,4,2,4,604163,1447,107292,664,0.01340360887769091,0.31454287067740405
25445,0.2175911925894808,13,24,13,604187,1423,107305,651,0.013181296083589611,0.31388621022179364
25446,0.2176296634254734,14,28,14,604215,1395,107319,637,0.012921931157138094,0.31348425196850394
25447,0.2176410586851494,1,8,1,604223,1387,107320,636,0.01284782689243766,0.3143845773603559
25448,0.2176444170775432,3,8,3,604231,1379,107323,633,0.012773722627737226,0.31461232604373757
25449,0.217732363926407,6,4,6,604235,1375,107329,627,0.01273667049538701,0.3131868131868132
25450,0.2177420129031267,4,2,4,604237,1373,107333,623,0.012718144429211901,0.312124248496994
25451,0.2177480216916426,6,4,6,604241,1369,107339,617,0.012681092296861684,0.31067472306143
25452,0.2177505179373609,0,3,0,604244,1366,107339,617,0.012653303197599022,0.3111447302067574
25453,0.217790356676439,33,59,33,604303,1307,107372,584,0.012106784245433325,0.30883130618720256
25454,0.2178396018342704,2,2,2,604305,1305,107374,582,0.012088258179258217,0.30842607313195547
25455,0.2178629803403775,18,50,18,604355,1255,107392,564,0.011625106524880507,0.31006047278724574
25456,0.2178851857330291,1,6,1,604361,1249,107393,563,0.011569528326355182,0.3107064017660044
25457,0.2179148044765962,3,7,3,604368,1242,107396,560,0.011504687094742302,0.31076581576026635
25458,0.2179385705644508,3,11,3,604379,1231,107399,557,0.011402793730779206,0.31152125279642057
25459,0.2179801506934734,5,8,5,604387,1223,107404,552,0.011328689466078772,0.31098591549295773
25460,0.2179851480953009,18,50,18,604437,1173,107422,534,0.010865537811701064,0.31282952548330406
25461,0.2180072488991805,1,2,1,604439,1171,107423,533,0.010847011745525955,0.31279342723004694
25462,0.2180767282379287,3,7,3,604446,1164,107426,530,0.010782170513913076,0.31286894923258557
25463,0.2180880824554507,1,6,1,604452,1158,107427,529,0.01072659231538775,0.3135743924125667
25464,0.2180924154331023,5,21,5,604473,1137,107432,524,0.010532068620549112,0.31547260686333534
25465,0.2180929854223215,2,3,2,604476,1134,107434,522,0.01050427952128645,0.31521739130434784
25466,0.2181125799520641,0,2,0,604478,1132,107434,522,0.010485753455111341,0.31559854897218864
25467,0.2181684474449139,4,5,4,604483,1127,107438,518,0.01043943828967357,0.3148936170212766
25468,0.2181839955757301,2,1,2,604484,1126,107440,516,0.010430175256586016,0.31425091352009743
25469,0.2181953015262704,0,10,0,604494,1116,107440,516,0.010337544925710474,0.3161764705882353
25470,0.2182192230552276,27,54,27,604548,1062,107467,489,0.009837341138982549,0.3152804642166344
25471,0.2182225320803643,1,4,1,604552,1058,107468,488,0.009800289006632332,0.31565329883570503
25472,0.2182301832346923,2,14,2,604566,1044,107470,486,0.009670606543406573,0.3176470588235294
25473,0.2182668957162658,2,7,2,604573,1037,107472,484,0.009605765311793694,0.31821170282708744
25474,0.2182955294515695,8,15,8,604588,1022,107480,476,0.00946681981548038,0.3177570093457944
25475,0.218300089425868,2,2,2,604590,1020,107482,474,0.009448293749305272,0.3172690763052209
25476,0.2183108031978554,7,10,7,604600,1010,107489,467,0.00935566341842973,0.3161814488828707
25477,0.2183264903930289,10,18,10,604618,992,107499,457,0.009188928822853755,0.31538992408557626
25478,0.2183424568325273,1,1,1,604619,991,107500,456,0.0091796657897662,0.3151347615756738
25479,0.2183693109138838,1,2,1,604621,989,107501,455,0.009161139723591092,0.31509695290858725
25480,0.2184176615783975,1,17,1,604638,972,107502,454,0.009003668161102672,0.31837307152875177
25481,0.2184180705356567,2,8,2,604646,964,107504,452,0.008929563896402239,0.3192090395480226
25482,0.2184231116333547,1,4,1,604650,960,107505,451,0.008892511764052022,0.3196314670446492
25483,0.2185070209831147,1,2,1,604652,958,107506,450,0.008873985697876913,0.3196022727272727
25484,0.2185146917759825,0,2,0,604654,956,107506,450,0.008855459631701805,0.3200568990042674
25485,0.2186016213418998,1,2,1,604656,954,107507,449,0.008836933565526697,0.32002851033499646
25486,0.218615468183964,3,6,3,604662,948,107510,446,0.008781355367001371,0.3199426111908178
25487,0.2186340986105805,1,2,1,604664,946,107511,445,0.008762829300826263,0.3199137311286844
25488,0.218681030370728,1,1,1,604665,945,107512,444,0.008753566267738709,0.31965442764578833
25489,0.2186843866102088,3,7,3,604672,938,107515,441,0.00868872503612583,0.3197969543147208
25490,0.2186950736102046,4,8,4,604680,930,107519,437,0.008614620771425396,0.3196781272860278
25491,0.2186994448274578,0,2,0,604682,928,107519,437,0.008596094705250287,0.3201465201465201
25492,0.2187002954593023,8,25,8,604707,903,107527,429,0.008364518878061432,0.32207207207207206
25493,0.2187262868123176,32,105,32,604812,798,107559,397,0.0073919004038682425,0.3322175732217573
25494,0.2187735141633303,14,20,14,604832,778,107573,383,0.0072066397421171585,0.3298880275624462
25495,0.2188139332682516,0,1,0,604833,777,107573,383,0.007197376709029604,0.33017241379310347
25496,0.2188418179485611,3,3,3,604836,774,107576,380,0.0071695876097669425,0.3292894280762565
25497,0.2188558334703604,8,18,8,604854,756,107584,372,0.007002853014190967,0.32978723404255317
25498,0.2188650943059581,2,2,2,604856,754,107586,370,0.006984326948015858,0.3291814946619217
25499,0.2188661353764285,24,61,24,604917,693,107610,346,0.006419281929675053,0.33301251203079885
25500,0.218869082997818,0,1,0,604918,692,107610,346,0.006410018896587499,0.3333333333333333
25501,0.2188743048469156,1,5,1,604923,687,107611,345,0.006363703731149728,0.33430232558139533
25502,0.2189170000999959,5,6,5,604929,681,107616,340,0.006308125532624402,0.3330068560235064
25503,0.2189340733393823,0,1,0,604930,680,107616,340,0.006298862499536848,0.3333333333333333
25504,0.2189570264211219,8,19,8,604949,661,107624,332,0.006122864870873318,0.33434038267875127
25505,0.218963710583014,22,53,22,605002,608,107646,310,0.005631924117232946,0.33769063180827885
25506,0.2189826710782788,0,2,0,605004,606,107646,310,0.005613398051057838,0.3384279475982533
25507,0.2190401447640418,5,6,5,605010,600,107651,305,0.005557819852532514,0.3370165745856354
25508,0.2191019484669425,16,37,16,605047,563,107667,289,0.005215087628293008,0.3392018779342723
25509,0.2191085429803723,0,2,0,605049,561,107667,289,0.0051965615621179,0.34
25510,0.2191228663382481,15,66,15,605115,495,107682,274,0.004585201378339323,0.3563068920676203
25511,0.2191310358087352,4,5,4,605120,490,107686,270,0.004538886212901552,0.35526315789473684
25512,0.219144403467887,35,78,35,605198,412,107721,235,0.003816369632072326,0.36321483771251933
25513,0.219214635379879,1,7,1,605205,405,107722,234,0.0037515284004594465,0.36619718309859156
25514,0.2192197655390429,0,1,0,605206,404,107722,234,0.0037422653673718923,0.3667711598746082
25515,0.2192314951249853,7,2,7,605208,402,107729,227,0.003723739301196784,0.36089030206677264
25516,0.2192359836105147,8,18,8,605226,384,107737,219,0.0035570047056208086,0.36318407960199006
25517,0.2192968757258614,3,9,3,605235,375,107740,216,0.003473637407832821,0.36548223350253806
25518,0.2193309134773287,10,21,10,605256,354,107750,206,0.003279113712994183,0.3678571428571429
25519,0.2193332163287959,11,18,11,605274,336,107761,195,0.0031123791174182073,0.3672316384180791
25520,0.219396259694206,4,14,4,605288,322,107765,191,0.002982696654192449,0.3723196881091618
25521,0.2194336572062766,4,0,4,605288,322,107769,187,0.002982696654192449,0.36738703339882123
25522,0.2194567985050561,15,25,15,605313,297,107784,172,0.002751120827003594,0.36673773987206826
25523,0.2194638314526305,31,67,31,605380,230,107815,141,0.0021304976101374634,0.38005390835579517
25524,0.2195003275795396,5,4,5,605384,226,107820,136,0.0020934454777872466,0.3756906077348066
25525,0.2195261048371061,19,15,19,605399,211,107839,117,0.001954499981473934,0.3567073170731707
25526,0.2195933781106733,9,10,9,605409,201,107848,108,0.001861869650598392,0.34951456310679613
25527,0.2196308078926694,1,3,1,605412,198,107849,107,0.0018340805513357293,0.35081967213114756
25528,0.2196485950868919,9,22,9,605434,176,107858,98,0.0016302938234095373,0.35766423357664234
25529,0.2196556514951489,4,3,4,605437,173,107862,94,0.0016025047241468747,0.352059925093633
25530,0.2197004192231106,2,5,2,605442,168,107864,92,0.0015561895587091036,0.35384615384615387
25531,0.2197351891223085,3,10,3,605452,158,107867,89,0.0014635592278335618,0.3603238866396761
25532,0.2198008601005913,1,1,1,605453,157,107868,88,0.0014542961947460076,0.35918367346938773
25533,0.2198048935304496,1,1,1,605454,156,107869,87,0.0014450331616584534,0.35802469135802467
25534,0.2199283569357863,27,71,27,605525,85,107896,60,0.000787357812442106,0.41379310344827586
25535,0.2200157979812066,3,5,3,605530,80,107899,57,0.0007410426470043351,0.41605839416058393
25536,0.2200854555709462,6,4,6,605534,76,107905,51,0.0007039905146541183,0.4015748031496063
25537,0.2201023663233997,6,8,6,605542,68,107911,45,0.0006298862499536849,0.39823008849557523
25538,0.2201158121671561,2,4,2,605546,64,107913,43,0.0005928341176034681,0.40186915887850466
25539,0.2201676363033748,1,0,1,605546,64,107914,42,0.0005928341176034681,0.39622641509433965
25540,0.220192629468778,1,5,1,605551,59,107915,41,0.0005465189521656972,0.41
25541,0.2202842096114058,0,1,0,605552,58,107915,41,0.000537255919078143,0.41414141414141414
25542,0.2204267044287046,2,4,2,605556,54,107917,39,0.0005002037867279261,0.41935483870967744
25543,0.2204667841092045,14,20,14,605576,34,107931,25,0.00031494312497684244,0.423728813559322
25544,0.2204830150614709,1,0,1,605576,34,107932,24,0.00031494312497684244,0.41379310344827586
25545,0.2205359314241169,3,5,3,605581,29,107935,21,0.0002686279595390715,0.42
25546,0.2205483612783481,1,0,1,605581,29,107936,20,0.0002686279595390715,0.40816326530612246
25547,0.2207628499813354,3,8,3,605589,21,107939,17,0.00019452369483863796,0.4473684210526316
25548,0.2207926623859366,1,1,1,605590,20,107940,16,0.00018526066175108378,0.4444444444444444
25549,0.2208339870035192,1,1,1,605591,19,107941,15,0.00017599762866352957,0.4411764705882353
25550,0.2208923966393782,1,0,1,605591,19,107942,14,0.00017599762866352957,0.42424242424242425
25551,0.2209666717735499,0,2,0,605593,17,107942,14,0.00015747156248842122,0.45161290322580644
25552,0.221351884841364,4,2,4,605595,15,107946,10,0.00013894549631331284,0.4
25553,0.2214564656422419,2,3,2,605598,12,107948,8,0.00011115639705065027,0.4
25554,0.2217252008517337,2,5,2,605603,7,107950,6,6.484123161287932e-05,0.46153846153846156
25555,0.2218236685365567,0,1,0,605604,6,107950,6,5.5578198525325135e-05,0.5
25556,0.2218591135234026,4,6,4,605610,0,107954,2,0.0,1.0
25557,0.2218890147534339,2,0,2,605610,0,107956,0,0.0,
