,y_proba,y_test,Neg,Pos,TN,FP,FN,TP,FP/P,Prec
0,0.1071,33,666,33,666,604944,33,107923,5.603616288117381,0.15139289657116967
1,0.1072,17,408,17,1074,604536,50,107906,5.599836970617659,0.15145934686613086
2,0.1074,0,17,0,1091,604519,50,107906,5.599679499055171,0.15146296101344
3,0.1076,51,1164,51,2255,603355,101,107855,5.5888973285412575,0.15165000492119066
4,0.1078,27,484,27,2739,602871,128,107828,5.584414020526881,0.1517210520909696
5,0.108,30,738,30,3477,602133,158,107798,5.577577902108266,0.15184292558009158
6,0.1081,1,10,1,3487,602123,159,107797,5.577485271777391,0.15184386973180078
7,0.1082,42,1188,42,4675,600935,201,107755,5.566480788469376,0.15204814516925594
8,0.1083,4,318,4,4993,600617,205,107751,5.563535143947534,0.15211161430217063
9,0.1085,3,61,3,5054,600556,208,107748,5.562970098929194,0.15212112313356976
10,0.1086,10,304,10,5358,600252,218,107738,5.560154136870577,0.15217446574104154
11,0.1087,3,294,3,5652,599958,221,107735,5.557430805142836,0.15223409020578133
12,0.1088,9,474,9,6126,599484,230,107726,5.553040127459336,0.15232533476619392
13,0.1089,33,786,33,6912,598698,263,107693,5.545759383452518,0.15245522663793848
14,0.109,16,494,16,7406,598204,279,107677,5.541183445107266,0.15254270904019232
15,0.1091,14,473,14,7879,597731,293,107663,5.536802030456853,0.1526281765935066
16,0.1092,8,153,8,8032,597578,301,107655,5.535384786394457,0.1526516768217029
17,0.1093,3,44,3,8076,597534,304,107652,5.534977212938605,0.15265759671916346
18,0.1094,0,31,0,8107,597503,304,107652,5.53469005891289,0.15266430784721088
19,0.1095,8,174,8,8281,597329,312,107644,5.533078291155656,0.15269237261568883
20,0.1096,12,138,12,8419,597191,324,107632,5.5317999925895736,0.15270784296199189
21,0.1097,4,114,4,8533,597077,328,107628,5.530744006817592,0.15272773713823515
22,0.1098,1,28,1,8561,597049,329,107627,5.530484641891141,0.1527326033524627
23,0.1099,4,22,4,8583,597027,333,107623,5.530280855163214,0.15273256226495424
24,0.1102,1,31,1,8614,596996,334,107622,5.5299937011375,0.15273807935647402
25,0.1105,64,1096,64,9710,595900,398,107558,5.5198414168735415,0.15289896482803522
26,0.1106,7,125,7,9835,595775,405,107551,5.518683537737597,0.15291770814672
27,0.1107,35,726,35,10561,595049,440,107516,5.511958575716032,0.15303352714695437
28,0.1108,27,639,27,11200,594410,467,107489,5.506039497573085,0.15314026661955638
29,0.1109,24,552,24,11752,593858,491,107465,5.500926303308756,0.15323182043081432
30,0.111,119,2589,119,14341,591269,610,107346,5.476944310645077,0.1536554468484072
31,0.1111,40,693,40,15034,590576,650,107306,5.470525028715403,0.1537595180847192
32,0.1112,83,1706,83,16740,588870,733,107223,5.454722294268035,0.15403545215940972
33,0.1113,47,937,47,17677,587933,780,107176,5.446042832264997,0.1541858902704468
34,0.1114,60,1082,60,18759,586851,840,107116,5.436020230464263,0.1543531608851718
35,0.1115,81,1681,81,20440,585170,921,107035,5.420449071844085,0.1546290477531945
36,0.1116,130,2466,130,22906,582704,1051,106905,5.397606432250176,0.1550226287649958
37,0.1117,80,1441,80,24347,581263,1131,106825,5.38425840157101,0.15524903791375522
38,0.1118,50,1061,50,25408,580202,1181,106775,5.374430323465115,0.15542732871697307
39,0.1119,194,4038,194,29446,576164,1375,106581,5.337026195857572,0.1561065990962951
40,0.112,63,1193,63,30639,574971,1438,106518,5.325975397384119,0.15630186253923395
41,0.1121,64,1165,64,31804,573806,1502,106454,5.315183963837119,0.15649016552494635
42,0.1122,50,1251,50,33055,572555,1552,106404,5.303595909444589,0.1567163849363511
43,0.1123,54,913,54,33968,571642,1606,106350,5.295138760235652,0.15686025793814676
44,0.1124,38,1009,38,34977,570633,1644,106312,5.285792359850309,0.15704673200924743
45,0.1125,21,653,21,35630,569980,1665,106291,5.279743599244137,0.15717219871915253
46,0.1126,28,594,28,36224,569386,1693,106263,5.274241357590129,0.1572754492347358
47,0.1127,11,137,11,36361,569249,1704,106252,5.272972322057134,0.15729362354755952
48,0.1128,27,665,27,37026,568584,1731,106225,5.266812405053911,0.15741491296055624
49,0.1129,12,221,12,37247,568363,1743,106213,5.264765274741562,0.1574514954578876
50,0.113,12,347,12,37594,568016,1755,106201,5.26155100226018,0.1575175351555953
51,0.1131,17,250,17,37844,567766,1772,106184,5.259235243988291,0.15755471474144966
52,0.1132,5,106,5,37950,567660,1777,106179,5.25825336248101,0.15757324820914195
53,0.1133,11,242,11,38192,567418,1788,106168,5.256011708473823,0.15761610247243857
54,0.1134,9,232,9,38424,567186,1797,106159,5.25386268479751,0.15765914947018245
55,0.1135,4,97,4,38521,567089,1801,106155,5.252964170588017,0.15767686009827048
56,0.1136,7,178,7,38699,566911,1808,106148,5.251315350698433,0.15770979958666329
57,0.1137,18,84,18,38783,566827,1826,106130,5.250537255919078,0.15770695601650625
58,0.1138,0,15,0,38798,566812,1826,106130,5.2503983104227645,0.15771047133333926
59,0.1139,3,72,3,38870,566740,1829,106127,5.249731372040461,0.157723591735068
60,0.114,24,410,24,39280,566330,1853,106103,5.245933528474564,0.1577896980070877
61,0.1141,7,200,7,39480,566130,1860,106096,5.244080921857053,0.15782787336401746
62,0.1142,27,626,27,40106,565504,1887,106069,5.238282263144244,0.15794113223729958
63,0.1143,173,2580,173,42686,562924,2060,105896,5.214383637778354,0.15833258574803385
64,0.1144,123,1865,123,44551,561059,2183,105773,5.197108081070065,0.15862016219977446
65,0.1145,146,2414,146,46965,558645,2329,105627,5.174747119196709,0.1590116699183467
66,0.1146,227,3009,227,49974,555636,2556,105400,5.146874652636259,0.15944668671600337
67,0.1147,88,1787,88,51761,553849,2644,105312,5.1303216125088,0.159766733772174
68,0.1148,179,2375,179,54136,551474,2823,105133,5.108321908925858,0.16011556379995948
69,0.1149,60,850,60,54986,550624,2883,105073,5.100448330801438,0.16024627228735225
70,0.115,196,3378,196,58364,547246,3079,104877,5.069157805031679,0.16082395499008623
71,0.1151,119,1942,119,60306,545304,3198,104758,5.051168994775649,0.16115078254074228
72,0.1152,34,559,34,60865,544745,3232,104724,5.045990959279707,0.1612455713821599
73,0.1153,46,608,46,61473,544137,3278,104678,5.040359035162473,0.16133720706210553
74,0.1154,45,503,45,61976,543634,3323,104633,5.0356997295194335,0.1614041745145133
75,0.1155,69,1093,69,63069,542541,3392,104564,5.025575234354737,0.1615873776280511
76,0.1156,46,653,46,63722,541888,3438,104518,5.019526473748564,0.16169094965083863
77,0.1157,143,2216,143,65938,539672,3581,104375,4.998999592426544,0.16206115392199638
78,0.1158,155,2480,155,68418,537192,3736,104220,4.97602727036941,0.1624852668799461
79,0.1159,151,2238,151,70656,534954,3887,104069,4.955296602319463,0.16285642300824854
80,0.116,117,1722,117,72378,533232,4004,103952,4.939345659342695,0.1631428284451587
81,0.1161,116,1452,116,73830,531780,4120,103836,4.925895735299567,0.16336278507778282
82,0.1162,59,734,59,74564,531046,4179,103777,4.919096669013301,0.1634739132010025
83,0.1163,16,249,16,74813,530797,4195,103761,4.9167901737745,0.16351696771611104
84,0.1164,11,146,11,74959,530651,4206,103750,4.915437770943718,0.16354009530249794
85,0.1165,36,429,36,75388,530222,4242,103714,4.911463929749157,0.16360326594482724
86,0.1166,24,358,24,75746,529864,4266,103690,4.908147763903813,0.16366402863844282
87,0.1167,27,259,27,76005,529605,4293,103663,4.905748638334136,0.16369530751593322
88,0.1168,17,192,17,76197,529413,4310,103646,4.903970135981326,0.16372249663933378
89,0.1169,41,462,41,76659,528951,4351,103605,4.899690614694876,0.16378787016485497
90,0.117,26,289,26,76948,528662,4377,103579,4.897013598132572,0.16382835026516787
91,0.1171,20,166,20,77114,528496,4397,103559,4.8954759346400385,0.16384491855930258
92,0.1172,11,116,11,77230,528380,4408,103548,4.894401422801883,0.1638604397969389
93,0.1173,6,88,6,77318,528292,4414,103542,4.893586275890177,0.16387532168259383
94,0.1174,2,35,2,77353,528257,4416,103540,4.893262069732113,0.1638817531580555
95,0.1175,32,356,32,77709,527901,4448,103508,4.8899644299529434,0.16393177797592368
96,0.1176,23,281,23,77990,527620,4471,103485,4.887361517655341,0.16397429904690977
97,0.1177,12,109,12,78099,527511,4483,103473,4.886351847048798,0.16398672549541668
98,0.1178,52,522,52,78621,526989,4535,103421,4.881516543777094,0.16405355244999287
99,0.1179,90,1114,90,79735,525875,4625,103331,4.871197524917559,0.16422443524060482
100,0.118,53,603,53,80338,525272,4678,103278,4.865611915965764,0.16431151061968022
101,0.1181,42,482,42,80820,524790,4720,103236,4.861147134017563,0.1643817294188457
102,0.1182,104,1175,104,81995,523615,4824,103132,4.850263070139687,0.1645512463561852
103,0.1183,48,814,48,82809,522801,4872,103084,4.842722961206418,0.16470118312469542
104,0.1184,38,269,38,83078,522532,4910,103046,4.840231205305865,0.16472126577341276
105,0.1185,35,339,35,83417,522193,4945,103011,4.837091037089184,0.1647638210887966
106,0.1186,7,143,7,83560,522050,4952,103004,4.835766423357664,0.1647921619572069
107,0.1187,66,781,66,84341,521269,5018,102938,4.828531994516284,0.16491003785603173
108,0.1188,117,1419,117,85760,519850,5135,102821,4.815387750565045,0.16512893646885754
109,0.1189,55,601,55,86361,519249,5190,102766,4.809820667679425,0.16521466524119194
110,0.119,47,642,47,87003,518607,5237,102719,4.8038738004372155,0.1653222301979959
111,0.1191,62,721,62,87724,517886,5299,102657,4.797195153581089,0.1654309209837191
112,0.1192,45,450,45,88174,517436,5344,102612,4.793026788691689,0.16549041364539518
113,0.1193,47,610,47,88784,516826,5391,102565,4.787376338508281,0.16559007153801072
114,0.1194,50,581,50,89365,516245,5441,102515,4.781994516284412,0.1656781304544573
115,0.1195,107,1178,107,90543,515067,5548,102408,4.771082663307273,0.16584962953965748
116,0.1196,18,175,18,90718,514892,5566,102390,4.769461632516951,0.16587232415654435
117,0.1197,47,574,47,91292,514318,5613,102343,4.7641446515246955,0.16596314668837497
118,0.1198,73,715,73,92007,513603,5686,102270,4.757521582867094,0.16605696304270523
119,0.1199,50,435,50,92442,513168,5736,102220,4.753492163474008,0.16610658641377474
120,0.12,16,173,16,92615,512995,5752,102204,4.751889658749861,0.16613160944669936
121,0.1201,13,194,13,92809,512801,5765,102191,4.750092630330876,0.1661663891562817
122,0.1202,45,567,45,93376,512234,5810,102146,4.744840490570232,0.16625866727432534
123,0.1203,46,495,46,93871,511739,5856,102100,4.740255289191893,0.16633025923735703
124,0.1204,40,405,40,94276,511334,5896,102060,4.736503760791433,0.16638571619546327
125,0.1205,41,432,41,94708,510902,5937,102019,4.73250213049761,0.16644722566203474
126,0.1206,24,269,24,94977,510633,5961,101995,4.730010374597058,0.16648765645709956
127,0.1207,16,164,16,95141,510469,5977,101979,4.728491237170699,0.16651046292909766
128,0.1208,3,54,3,95195,510415,5980,101976,4.727991033383971,0.16652106252377974
129,0.1209,29,284,29,95479,510131,6009,101947,4.725360331987106,0.16655883727237378
130,0.121,21,212,21,95691,509919,6030,101926,4.723396568972545,0.1665879430247857
131,0.1211,76,903,76,96594,509016,6106,101850,4.715032050094483,0.1667305104556482
132,0.1212,50,445,50,97039,508571,6156,101800,4.7109100003705215,0.16678380853611985
133,0.1213,91,927,91,97966,507644,6247,101709,4.702323168698358,0.16691310291407443
134,0.1214,29,388,29,98354,507256,6276,101680,4.698729111860388,0.16697978112642378
135,0.1215,63,792,63,99146,506464,6339,101617,4.691392789655045,0.1671109605463746
136,0.1216,43,475,43,99621,505989,6382,101574,4.6869928489384565,0.16718266253869968
137,0.1217,61,703,61,100324,505286,6443,101513,4.680480936677906,0.16729262902542688
138,0.1218,37,423,37,100747,504863,6480,101476,4.67656267368187,0.16735852386206396
139,0.1219,86,1044,86,101791,503819,6566,101390,4.6668920671384635,0.16752890323838543
140,0.122,21,216,21,102007,503603,6587,101369,4.664891251991552,0.1675598209503911
141,0.1221,40,341,40,102348,503262,6627,101329,4.661732557708696,0.16759925304875528
142,0.1222,4,15,4,102363,503247,6631,101325,4.661593612212383,0.16759790397173538
143,0.1223,17,149,17,102512,503098,6648,101308,4.6602134202823375,0.16761580791719474
144,0.1224,16,207,16,102719,502891,6664,101292,4.658295972433214,0.16765119177467755
145,0.1225,7,84,7,102803,502807,6671,101285,4.657517877653859,0.1676648589949875
146,0.1226,7,37,7,102840,502770,6678,101278,4.657175145429619,0.1676654835377321
147,0.1227,29,272,29,103112,502498,6707,101249,4.6546556004298045,0.16770104033643232
148,0.1228,17,83,17,103195,502415,6724,101232,4.653886768683538,0.16770065949139148
149,0.1229,3,17,3,103212,502398,6727,101229,4.653729297121049,0.1677012459681227
150,0.123,24,196,24,103408,502202,6751,101205,4.651913742635888,0.1677226150840146
151,0.1231,3,36,3,103444,502166,6754,101202,4.651580273444737,0.16772848410920035
152,0.1232,6,31,6,103475,502135,6760,101196,4.651293119419022,0.16772882547059575
153,0.1233,9,54,9,103529,502081,6769,101187,4.6507929156322945,0.1677314228502092
154,0.1234,9,119,9,103648,501962,6778,101178,4.649690614694876,0.16775209735716418
155,0.1235,63,616,63,104264,501346,6841,101115,4.643984586312943,0.1678365902523151
156,0.1236,20,204,20,104468,501142,6861,101095,4.642094927563082,0.1678658069829652
157,0.1237,150,1474,150,105942,499668,7011,100945,4.628441216792027,0.16806995519577497
158,0.1238,25,233,25,106175,499435,7036,100920,4.626282930082627,0.1681005405135295
159,0.1239,167,1547,167,107722,497888,7203,100753,4.61195301789618,0.16830287267327163
160,0.124,82,782,82,108504,497106,7285,100671,4.6047093260217125,0.16840895517893797
161,0.1241,104,1070,104,109574,496036,7389,100567,4.59479788061803,0.16856603134747897
162,0.1242,63,508,63,110082,495528,7452,100504,4.590092259809552,0.16862181896274026
163,0.1243,66,616,66,110698,494912,7518,100438,4.584386231427619,0.16870412362475853
164,0.1244,16,93,16,110791,494819,7534,100422,4.583524769350476,0.16870813670429288
165,0.1245,42,337,42,111128,494482,7576,100380,4.58040312719997,0.16874501985334414
166,0.1246,32,199,32,111327,494283,7608,100348,4.578559783615547,0.1687567583930202
167,0.1247,122,1068,122,112395,493215,7730,100226,4.568666864278039,0.1688895779024368
168,0.1248,33,325,33,112720,492890,7763,100193,4.565656378524584,0.16893588249873964
169,0.1249,88,987,88,113707,491903,7851,100105,4.5565137648671685,0.1690939987297469
170,0.125,64,400,64,114107,491503,7915,100041,4.552808551632147,0.16911844258415265
171,0.1251,12,95,12,114202,491408,7927,100029,4.551928563488829,0.16912874913135295
172,0.1252,23,165,23,114367,491243,7950,100006,4.550400163029383,0.16914362645856484
173,0.1253,19,174,19,114541,491069,7969,99987,4.5487883952721475,0.16916671178365503
174,0.1254,45,298,45,114839,490771,8014,99942,4.546028011412057,0.16918876002390332
175,0.1255,26,196,26,115035,490575,8040,99916,4.544212456926896,0.1692083367909079
176,0.1256,12,120,12,115155,490455,8052,99904,4.54310089295639,0.16922584393563916
177,0.1257,37,334,37,115489,490121,8089,99867,4.540007039905147,0.16926954446531117
178,0.1258,26,188,26,115677,489933,8115,99841,4.538265589684686,0.1692868793809154
179,0.1259,48,559,48,116236,489374,8163,99793,4.533087554188744,0.16937981930420407
180,0.126,49,554,49,116790,488820,8212,99744,4.527955833858239,0.16947010010805963
181,0.1261,5,35,5,116825,488785,8217,99739,4.527631627700174,0.16947312259143213
182,0.1262,63,958,63,117783,487827,8280,99676,4.5187576420022975,0.16966041024471365
183,0.1263,64,768,64,118551,487059,8344,99612,4.511643632591055,0.1697919276732615
184,0.1264,37,468,37,119019,486591,8381,99575,4.50730853310608,0.16987508657956962
185,0.1265,45,829,45,119848,485762,8426,99530,4.499629478676498,0.17005187154445986
186,0.1266,45,466,45,120314,485296,8471,99485,4.4953129052576974,0.1701235163249148
187,0.1267,47,545,47,120859,484751,8518,99438,4.49026455222498,0.17021546109221503
188,0.1268,54,717,54,121576,484034,8572,99384,4.483622957501204,0.17034784665539973
189,0.1269,36,376,36,121952,483658,8608,99348,4.480140057060284,0.17040647952165158
190,0.127,24,303,24,122255,483355,8632,99324,4.4773333580347545,0.17046092273790545
191,0.1271,68,496,68,122751,482859,8700,99256,4.472738893623328,0.1705092636334745
192,0.1272,35,440,35,123191,482419,8735,99221,4.468663159064804,0.1705883364280311
193,0.1273,60,467,60,123658,481952,8795,99161,4.464337322612916,0.17063978950737635
194,0.1274,78,636,78,124294,481316,8873,99083,4.458446033569232,0.1707153182552003
195,0.1275,83,921,83,125215,480395,8956,99000,4.449914780095595,0.17086788805564426
196,0.1276,48,439,48,125654,479956,9004,98952,4.445848308570159,0.1709287140616471
197,0.1277,77,560,77,126214,479396,9081,98875,4.4406610100411275,0.1709838466739643
198,0.1278,46,495,46,126709,478901,9127,98829,4.436075808662789,0.17106433801256643
199,0.1279,57,464,57,127173,478437,9184,98772,4.431777761310164,0.17111999293150315
200,0.128,27,218,27,127391,478219,9211,98745,4.429758420097077,0.1711458600536602
201,0.1281,36,258,36,127649,477961,9247,98709,4.427368557560488,0.17117068687464235
202,0.1282,36,329,36,127978,477632,9283,98673,4.424321019674682,0.17121663008302895
203,0.1283,31,284,31,128262,477348,9314,98642,4.4216903182778164,0.17125644542439972
204,0.1284,70,685,70,128947,476663,9384,98572,4.415345140612843,0.17135953132198145
205,0.1285,75,746,75,129693,475917,9459,98497,4.408434917929527,0.17147388468944003
206,0.1286,48,529,48,130222,475388,9507,98449,4.403534773426211,0.17156265629438325
207,0.1287,42,567,42,130789,474821,9549,98407,4.398282633665567,0.17167165595539646
208,0.1288,102,1209,102,131998,473612,9651,98305,4.387083626662714,0.17188682973228633
209,0.1289,58,987,58,132985,472625,9709,98247,4.377941013005298,0.17209987527852127
210,0.129,153,1712,153,134697,470913,9862,98094,4.362082700359406,0.1723950671960099
211,0.1291,89,1109,89,135806,469804,9951,98005,4.351809996665308,0.17260205456412278
212,0.1292,56,957,56,136763,468847,10007,97949,4.3429452740005186,0.17281173473348435
213,0.1293,64,865,64,137628,467982,10071,97885,4.334932750379784,0.17298234390766734
214,0.1294,48,677,48,138305,467305,10119,97837,4.32866167697951,0.17311932222344117
215,0.1295,63,906,63,139211,466399,10182,97774,4.320269369002186,0.173304996871527
216,0.1296,23,351,23,139562,466048,10205,97751,4.317018044388455,0.17337916526989228
217,0.1297,56,428,56,139990,465620,10261,97695,4.3130534662269815,0.17342872105305202
218,0.1298,118,849,118,140839,464771,10379,97577,4.3051891511356475,0.17351711040138845
219,0.1299,29,295,29,141134,464476,10408,97548,4.302456556374819,0.1735655416850526
220,0.13,149,1368,149,142502,463108,10557,97399,4.289784727111045,0.17376946229039067
221,0.1301,89,768,89,143270,462340,10646,97310,4.282670717699804,0.17387652997409095
222,0.1302,116,958,116,144228,461382,10762,97194,4.273796732001927,0.17400317951362035
223,0.1303,57,616,57,144844,460766,10819,97137,4.268090703619993,0.17411091175347687
224,0.1304,58,785,58,145629,459981,10877,97079,4.260819222646263,0.17427027609234194
225,0.1305,36,386,36,146015,459595,10913,97043,4.257243691874467,0.1743377203856007
226,0.1306,29,286,29,146301,459309,10942,97014,4.254594464411427,0.1743843055203542
227,0.1307,35,310,35,146611,458999,10977,96979,4.251722924154285,0.1744295637597171
228,0.1308,73,496,73,147107,458503,11050,96906,4.247128459742858,0.17447682698695915
229,0.1309,43,348,43,147455,458155,11093,96863,4.2439049242283895,0.1745222677462713
230,0.131,70,735,70,148190,457420,11163,96793,4.237096594909037,0.1746494578799126
231,0.1311,86,691,86,148881,456729,11249,96707,4.230695839045537,0.17473926524476183
232,0.1312,73,692,73,149573,456037,11322,96634,4.22428582014895,0.1748490512438684
233,0.1313,50,383,50,149956,455654,11372,96584,4.220738078476416,0.17489560660439882
234,0.1314,69,517,69,150473,455137,11441,96515,4.215949090370151,0.17495631303792972
235,0.1315,38,413,38,150886,454724,11479,96477,4.212123457704991,0.17503052425521726
236,0.1316,42,401,42,151287,454323,11521,96435,4.2084089814368815,0.17509505082086868
237,0.1317,42,342,42,151629,453981,11563,96393,4.205241024120938,0.1751409041851541
238,0.1318,50,405,50,152034,453576,11613,96343,4.2014894957204785,0.17519489233868987
239,0.1319,15,213,15,152247,453363,11628,96328,4.1995164696728295,0.17524027135245074
240,0.132,64,535,64,152782,452828,11692,96264,4.194560746970988,0.17531488348036395
241,0.1321,66,366,66,153148,452462,11758,96198,4.191170476860943,0.17533262858600954
242,0.1322,35,239,35,153387,452223,11793,96163,4.188956611953018,0.17535640953634848
243,0.1323,32,337,32,153724,451886,11825,96131,4.185834969802512,0.17541609110666276
244,0.1324,25,219,25,153943,451667,11850,96106,4.183806365556338,0.17544858910534109
245,0.1325,82,534,82,154477,451133,11932,96024,4.178859905887584,0.17549624696385133
246,0.1326,22,196,22,154673,450937,11954,96002,4.177044351402423,0.17552597273187687
247,0.1327,18,252,18,154925,450685,11972,95984,4.1747100670643595,0.17557973837916546
248,0.1328,38,412,38,155337,450273,12010,95946,4.170893697432287,0.1756548197700922
249,0.1329,63,333,63,155670,449940,12073,95883,4.167809107414132,0.17566683705157166
250,0.133,29,304,29,155974,449636,12102,95854,4.164993145355515,0.17572091147408753
251,0.1331,58,410,58,156384,449226,12160,95796,4.161195301789618,0.17576538194788469
252,0.1332,22,129,22,156513,449097,12182,95774,4.160000370521323,0.17577371524636107
253,0.1333,25,229,25,156742,448868,12207,95749,4.157879135944274,0.17580978926474936
254,0.1334,26,284,26,157026,448584,12233,95723,4.155248434547408,0.17586215132269106
255,0.1335,41,280,41,157306,448304,12274,95682,4.152654785282893,0.17589055600695605
256,0.1336,18,149,18,157455,448155,12292,95664,4.151274593352848,0.17591147054442746
257,0.1337,46,314,46,157769,447841,12338,95618,4.148366000963356,0.17594335543251652
258,0.1338,36,319,36,158088,447522,12374,95582,4.145411093408426,0.17599207518265378
259,0.1339,88,545,88,158633,446977,12462,95494,4.140362740375709,0.1760352166290917
260,0.134,38,274,38,158907,446703,12500,95456,4.137824669309719,0.17606643069653
261,0.1341,44,364,44,159271,446339,12544,95412,4.134452925265849,0.17611781058087572
262,0.1342,48,467,48,159738,445872,12592,95364,4.130127088813961,0.17619670531893666
263,0.1343,47,417,47,160155,445455,12639,95317,4.126264404016451,0.17626097505048338
264,0.1344,31,348,31,160503,445107,12670,95286,4.123040868501982,0.17632722851702373
265,0.1345,39,358,39,160861,444749,12709,95247,4.1197247026566375,0.17638463988622138
266,0.1346,75,606,75,161467,444143,12784,95172,4.11411130460558,0.1764682977480693
267,0.1347,44,241,44,161708,443902,12828,95128,4.11187891363148,0.1764799732853459
268,0.1348,97,538,97,162246,443364,12925,95031,4.106895401830375,0.17650795419719723
269,0.1349,65,426,65,162672,442938,12990,94966,4.102949349735077,0.17654823165471906
270,0.135,45,271,45,162943,442667,13035,94921,4.10043906776835,0.17656830137577476
271,0.1351,22,163,22,163106,442504,13057,94899,4.098929193375079,0.176588147070262
272,0.1352,66,433,66,163539,442071,13123,94833,4.0949183000481675,0.1766293415582674
273,0.1353,121,671,121,164210,441400,13244,94712,4.088702804846419,0.1766645775509595
274,0.1354,43,325,43,164535,441075,13287,94669,4.0856923190929635,0.17670566539242624
275,0.1355,38,351,38,164886,440724,13325,94631,4.082440994479232,0.1767630824406235
276,0.1356,34,309,34,165195,440415,13359,94597,4.079578717255178,0.17681285653405904
277,0.1357,21,406,21,165601,440009,13380,94576,4.075817925821631,0.17691480307154148
278,0.1358,32,223,32,165824,439786,13412,94544,4.073752269443107,0.17693934459977917
279,0.1359,40,284,40,166108,439502,13452,94504,4.071121568046241,0.17697179432440835
280,0.136,14,104,14,166212,439398,13466,94490,4.070158212605135,0.1769846859266363
281,0.1361,27,266,27,166478,439132,13493,94463,4.067694245803846,0.17703126903363037
282,0.1362,31,261,31,166739,438871,13524,94432,4.065276594167995,0.17707007086028018
283,0.1363,19,248,19,166987,438623,13543,94413,4.062979361962281,0.17712312114003556
284,0.1364,21,161,21,167148,438462,13564,94392,4.061488013635184,0.17714420835726108
285,0.1365,32,256,32,167404,438206,13596,94360,4.059116677164771,0.1771799176064563
286,0.1366,59,511,59,167915,437695,13655,94301,4.05438326725703,0.17725885157031257
287,0.1367,85,747,85,168662,436948,13740,94216,4.047463781540627,0.17737647882763138
288,0.1368,77,683,77,169345,436265,13817,94139,4.041137129941828,0.17748546391052858
289,0.1369,271,2725,271,172070,433540,14088,93868,4.015895364778243,0.17797985620240875
290,0.137,94,974,94,173044,432566,14182,93774,4.006873170550965,0.17816240452939164
291,0.1371,118,1312,118,174356,431254,14300,93656,3.9947200711400943,0.17842296774685185
292,0.1372,146,1325,146,175681,429929,14446,93510,3.9824465522990846,0.1786454582100302
293,0.1373,81,759,81,176440,429170,14527,93429,3.9754159101856312,0.17877760960124303
294,0.1374,101,723,101,177163,428447,14628,93328,3.9687187372633295,0.1788663696037564
295,0.1375,111,1206,111,178369,427241,14739,93217,3.957547519359739,0.17910571073938722
296,0.1376,56,529,56,178898,426712,14795,93161,3.952647374856423,0.1791995352711143
297,0.1377,63,461,63,179359,426251,14858,93098,3.9483771166030603,0.17925903390590914
298,0.1378,54,483,54,179842,425768,14912,93044,3.943903071621772,0.17934049328080306
299,0.1379,53,584,53,180426,425184,14965,92991,3.9384934602986403,0.17945867708785643
300,0.138,21,188,21,180614,424996,14986,92970,3.93675201007818,0.1794905457114946
301,0.1381,20,184,20,180798,424812,15006,92950,3.93504761199007,0.17952263781428532
302,0.1382,55,463,55,181261,424349,15061,92895,3.9307588276705325,0.17959609004647709
303,0.1383,28,211,28,181472,424138,15089,92867,3.9288043276890585,0.17962495527122563
304,0.1384,100,739,100,182211,423399,15189,92767,3.921958946237356,0.17972318982652868
305,0.1385,73,662,73,182873,422737,15262,92694,3.9158268183333953,0.17983784444474624
306,0.1386,223,1891,223,184764,420846,15485,92471,3.89831042276483,0.18014404354424265
307,0.1387,238,2274,238,187038,418572,15723,92233,3.8772462855237317,0.18056401170701147
308,0.1388,234,2414,234,189452,416158,15957,91999,3.854885323650376,0.18104444098969413
309,0.1389,272,2174,272,191626,413984,16229,91727,3.8347474897180334,0.18138225191858592
310,0.139,294,2569,294,194195,411415,16523,91433,3.8109507577161064,0.18183029464172076
311,0.1391,221,2005,221,196200,409410,16744,91212,3.7923783763755603,0.18219734650095282
312,0.1392,108,1147,108,197347,408263,16852,91104,3.7817536774241356,0.18243896773315016
313,0.1393,161,1479,161,198826,406784,17013,90943,3.768053651487643,0.18271662979906655
314,0.1394,139,1146,139,199972,405638,17152,90804,3.757438215569306,0.18290958460404236
315,0.1395,58,493,58,200465,405145,17210,90746,3.752871540257142,0.1829958599772934
316,0.1396,112,1030,112,201495,404115,17322,90634,3.743330616176961,0.183191881135687
317,0.1397,46,398,46,201893,403717,17368,90588,3.7396439290081145,0.18326336978181487
318,0.1398,27,209,27,202102,403508,17395,90561,3.7377079550928154,0.18329626023895448
319,0.1399,34,419,34,202521,403089,17429,90527,3.7338267442291304,0.18339559495640337
320,0.14,56,579,56,203100,402510,17485,90471,3.7284634480714365,0.18351822889725974
321,0.1401,59,397,59,203497,402113,17544,90412,3.7247860239356774,0.18356834678442718
322,0.1402,44,435,44,203932,401678,17588,90368,3.7207566045425913,0.18365762550655834
323,0.1403,107,632,107,204564,401046,17695,90261,3.7149023676312574,0.18371608790430424
324,0.1404,68,582,68,205146,400464,17763,90193,3.709511282374301,0.18382087690586296
325,0.1405,41,345,41,205491,400119,17804,90152,3.7063155359590945,0.1838819754788678
326,0.1406,76,479,76,205970,399640,17880,90076,3.701878543110156,0.18393517875666712
327,0.1407,88,681,88,206651,398959,17968,89988,3.6955704175775317,0.1840444874393339
328,0.1408,104,549,104,207200,398410,18072,89884,3.690485012412464,0.18407762536504646
329,0.1409,93,775,93,207975,397635,18165,89791,3.6833061617696097,0.18421462950273476
330,0.141,111,748,111,208723,396887,18276,89680,3.6763774130201194,0.1843117186327885
331,0.1411,131,1056,131,209779,395831,18407,89549,3.666595650079662,0.18449256252832832
332,0.1412,174,1563,174,211342,394268,18581,89375,3.652117529363815,0.18479539660452027
333,0.1413,197,1426,197,212768,392842,18778,89178,3.6389084441809625,0.1850089207916684
334,0.1414,120,1056,120,213824,391786,18898,89058,3.629126681240505,0.18521183585528778
335,0.1415,176,1586,176,215410,390200,19074,88882,3.6144355107636446,0.18552565114114075
336,0.1416,82,771,82,216181,389429,19156,88800,3.6072937122531403,0.1856851006526162
337,0.1417,201,1289,201,217470,388140,19357,88599,3.5953536626032827,0.18584382649625897
338,0.1418,121,1029,121,218499,387111,19478,88478,3.5858220015561897,0.18603878559007883
339,0.1419,90,741,90,219240,386370,19568,88388,3.578958094038312,0.18617485118734176
340,0.142,75,524,75,219764,385846,19643,88313,3.5741042647004333,0.18625186909876223
341,0.1421,68,608,68,220372,385238,19711,88245,3.5684723405832006,0.18637416760475034
342,0.1422,50,504,50,220876,384734,19761,88195,3.5638037719070734,0.1864867665125209
343,0.1423,86,904,86,221780,383830,19847,88109,3.555429989995924,0.1866957382204056
344,0.1424,174,1534,174,223314,382296,20021,87935,3.541220497239616,0.18700383428570214
345,0.1425,193,1294,193,224608,381002,20214,87742,3.529234132424321,0.18718532930554843
346,0.1426,223,1786,223,226394,379216,20437,87519,3.512690355329949,0.1875132569873697
347,0.1427,221,2099,221,228493,377117,20658,87298,3.493247248879173,0.1879741179763789
348,0.1428,384,2893,384,231386,374224,21042,86914,3.4664492941568787,0.18847720205231405
349,0.1429,291,2238,291,233624,371986,21333,86623,3.4457186261069324,0.18888203240669066
350,0.143,181,1383,181,235007,370603,21514,86442,3.432907851346845,0.18913236114605783
351,0.1431,241,1571,241,236578,369032,21755,86201,3.4183556263662975,0.18935578044649662
352,0.1432,222,1710,222,238288,367322,21977,85979,3.4025158397865796,0.18967308697752708
353,0.1433,112,871,112,239159,366451,22089,85867,3.39444773796732,0.18983768056986455
354,0.1434,140,802,140,239961,365649,22229,85727,3.3870187854311014,0.189923699975187
355,0.1435,100,871,100,240832,364778,22329,85627,3.378950683611842,0.19011112221223123
356,0.1436,133,1243,133,242075,363535,22462,85494,3.367436733484012,0.19039750216578438
357,0.1437,134,961,134,243036,362574,22596,85360,3.3585349586868722,0.19056378841525762
358,0.1438,63,446,63,243482,362128,22659,85297,3.3544036459298234,0.19063977202883164
359,0.1439,118,822,118,244304,361306,22777,85179,3.3467894327318537,0.19077684580669002
360,0.144,99,635,99,244939,360671,22876,85080,3.3409074067212567,0.19086889317129968
361,0.1441,102,745,102,245684,359926,22978,84978,3.334006447071029,0.19100300289500657
362,0.1442,119,771,119,246455,359155,23097,84859,3.3268646485605244,0.1911178476354349
363,0.1443,85,539,85,246994,358616,23182,84774,3.321871873726333,0.19119511039942264
364,0.1444,107,691,107,247685,357925,23289,84667,3.315471117862833,0.19129808039910345
365,0.1445,106,785,106,248470,357140,23395,84561,3.308199636889103,0.1914439858637404
366,0.1446,91,619,91,249089,356521,23486,84470,3.302465819407907,0.1915458592125463
367,0.1447,180,1507,180,250596,355014,23666,84290,3.2885064285449626,0.1918716879427458
368,0.1448,268,1792,268,252388,353222,23934,84022,3.271907073252066,0.19216272836219594
369,0.1449,582,4078,582,256466,349144,24516,83440,3.23413242432102,0.19288739296876445
370,0.145,401,2813,401,259279,346331,24917,83039,3.20807551224573,0.19339730302536273
371,0.1451,709,4702,709,263981,341629,25626,82330,3.16452073066805,0.19419330642821594
372,0.1452,638,4168,638,268149,337461,26264,81692,3.125912408759124,0.19489780581315175
373,0.1453,396,2829,396,270978,334632,26660,81296,3.099707288154433,0.19545690600296206
374,0.1454,313,2327,313,273305,332305,26973,80983,3.0781522101596948,0.19594810398559842
375,0.1455,237,1678,237,274983,330627,27210,80746,3.0626088406387786,0.1962841508801015
376,0.1456,285,2534,285,277517,328093,27495,80461,3.0391363147949164,0.19694091845875944
377,0.1457,142,961,142,278478,327132,27637,80319,3.030234539997777,0.1971255439304358
378,0.1458,144,1263,144,279741,325869,27781,80175,3.018535329208196,0.1974539705056595
379,0.1459,160,936,160,280677,324933,27941,80015,3.009865130238245,0.1975932712348252
380,0.146,61,363,61,281040,324570,28002,79954,3.006502649227463,0.19764958321385134
381,0.1461,112,583,112,281623,323987,28114,79842,3.001102300937419,0.1977123980694799
382,0.1462,91,560,91,282183,323427,28205,79751,2.9959150024083887,0.19780593187128265
383,0.1463,104,690,104,282873,322737,28309,79647,2.9895235095779764,0.1979377907670285
384,0.1464,161,952,161,283825,321785,28470,79486,2.9807051020786246,0.1980855830598274
385,0.1465,119,722,119,284547,321063,28589,79367,2.9740171921894105,0.1982044302374947
386,0.1466,107,618,107,285165,320445,28696,79260,2.968292637741302,0.19829624347956618
387,0.1467,141,818,141,285983,319627,28837,79119,2.9607154766756825,0.19841954527443537
388,0.1468,97,609,97,286592,319018,28934,79022,2.955074289525362,0.1985277861521455
389,0.1469,152,720,152,287312,318298,29086,78870,2.9484049057023234,0.19858095314828988
390,0.147,238,1193,238,288505,317105,29324,78632,2.937354107228871,0.1986976198839128
391,0.1471,85,591,85,289096,316514,29409,78547,2.9318796546741264,0.19882246032891124
392,0.1472,430,2667,430,291763,313847,29839,78117,2.9071751454296195,0.19929636395179148
393,0.1473,228,1316,228,293079,312531,30067,77889,2.894984993886398,0.19950053788228062
394,0.1474,501,3159,501,296238,309372,30568,77388,2.8657230723628144,0.200093080980453
395,0.1475,218,1477,218,297715,307895,30786,77170,2.852041572492497,0.20040772337137885
396,0.1476,743,4298,743,302013,303597,31529,76427,2.812229056282189,0.20111098246426543
397,0.1477,205,1270,205,303283,302327,31734,76222,2.800465004260995,0.2013530612945748
398,0.1478,712,4227,712,307510,298100,32446,75510,2.7613101633999038,0.20210915125398143
399,0.1479,401,2760,401,310270,295340,32847,75109,2.735744192078254,0.20275125590837065
400,0.148,333,2338,333,312608,293002,33180,74776,2.7140872207195526,0.20331830615208088
401,0.1481,140,1063,140,313671,291939,33320,74636,2.7042406165474824,0.2036036281797722
402,0.1482,119,898,119,314569,291041,33439,74517,2.6959224128348587,0.20384453356238955
403,0.1483,175,1223,175,315792,289818,33614,74342,2.68459372336878,0.20414652899824254
404,0.1484,58,452,58,316244,289366,33672,74284,2.6804068324132055,0.2042733397497594
405,0.1485,176,1160,176,317404,288206,33848,74108,2.6696617140316423,0.2045408126652572
406,0.1486,141,915,141,318319,287291,33989,73967,2.6611860387565303,0.2047484069556937
407,0.1487,117,730,117,319049,286561,34106,73850,2.654424024602616,0.20490495573109588
408,0.1488,151,1017,151,320066,285544,34257,73699,2.6450035199525734,0.2051508310530755
409,0.1489,136,880,136,320946,284664,34393,73563,2.6368520508355258,0.20535303034109656
410,0.149,223,1146,223,322092,283518,34616,73340,2.6262366149171883,0.20551591949739112
411,0.1491,218,1237,218,323329,282281,34834,73122,2.614778242987884,0.20574390199294884
412,0.1492,221,1268,221,324597,281013,35055,72901,2.6030327170328653,0.20598506981922163
413,0.1493,265,1712,265,326309,279301,35320,72636,2.5871744043869724,0.20638921170550412
414,0.1494,102,651,102,326960,278650,35422,72534,2.581144169846975,0.20654130028702902
415,0.1495,264,1523,264,328483,277127,35686,72270,2.5670365704546296,0.2068420736297106
416,0.1496,240,1456,240,329939,275671,35926,72030,2.5535495942791506,0.2071607501847852
417,0.1497,352,1893,352,331832,273778,36278,71678,2.5360146726444106,0.20748807373442638
418,0.1498,384,1972,384,333804,271806,36662,71294,2.517747971395754,0.20779364616729817
419,0.1499,381,2153,381,335957,269653,37043,70913,2.49780466115825,0.20822102030149808
420,0.15,296,1847,296,337804,267806,37339,70617,2.480695839045537,0.20866489570744307
421,0.1501,228,1307,228,339111,266499,37567,70389,2.4685890548001037,0.20893887582816842
422,0.1502,143,948,143,340059,265551,37710,70246,2.459807699433102,0.20919186294100306
423,0.1503,222,1232,222,341291,264319,37932,70024,2.4483956426692357,0.209437613468803
424,0.1504,192,1213,192,342504,263106,38124,69832,2.4371595835340325,0.20974475728213662
425,0.1505,233,1474,233,343978,261632,38357,69599,2.4235058727629775,0.2101222409738219
426,0.1506,236,1433,236,345411,260199,38593,69363,2.4102319463485125,0.21047026052760937
427,0.1507,170,1017,170,346428,259182,38763,69193,2.40081144169847,0.2107133612485725
428,0.1508,137,650,137,347078,258532,38900,69056,2.3947904701915594,0.2108013724556455
429,0.1509,179,775,179,347853,257757,39079,68877,2.387611619548705,0.2108690460882823
430,0.151,187,979,187,348832,256778,39266,68690,2.3785431101559893,0.21104993424852828
431,0.1511,112,534,112,349366,256244,39378,68578,2.3735966504872357,0.21112486223223798
432,0.1512,152,835,152,350201,255409,39530,68426,2.365862017859128,0.21129896397856934
433,0.1513,180,1094,180,351295,254315,39710,68246,2.3557282596613436,0.21157548494703327
434,0.1514,215,1097,215,352392,253218,39925,68031,2.3455667123642967,0.21177030901263505
435,0.1515,300,1667,300,354059,251551,40225,67731,2.3301252362073437,0.21213535369986408
436,0.1516,88,608,88,354667,250943,40313,67643,2.3244933120901106,0.2123225753799602
437,0.1517,213,1175,213,355842,249768,40526,67430,2.313609248212235,0.21258015498206168
438,0.1518,221,1166,221,357008,248602,40747,67209,2.3028085516321464,0.21281399317946492
439,0.1519,151,872,151,357880,247730,40898,67058,2.2947311867797993,0.2130259095009975
440,0.152,228,1167,228,359047,246563,41126,66830,2.2839212271666236,0.21324662644028425
441,0.1521,288,1492,288,360539,245071,41414,66542,2.2701007817999925,0.2135405133932153
442,0.1522,267,1428,267,361967,243643,41681,66275,2.256873170550965,0.2138468885318052
443,0.1523,442,2360,442,364327,241283,42123,65833,2.235012412464337,0.21435874392737597
444,0.1524,301,1685,301,366012,239598,42424,65532,2.2194042017118085,0.21476747615770328
445,0.1525,572,3160,572,369172,236438,42996,64960,2.190133017155137,0.2155289683408649
446,0.1526,183,1141,183,370313,235297,43179,64777,2.179563896402238,0.21587008537893987
447,0.1527,284,1575,284,371888,233722,43463,64493,2.16497461928934,0.21626343409955903
448,0.1528,212,1233,212,373121,232489,43675,64281,2.1535532994923856,0.21660208242072987
449,0.1529,276,1462,276,374583,231027,43951,64005,2.1400107451183814,0.21694256894167413
450,0.153,213,1150,213,375733,229877,44164,63792,2.129358257067694,0.21722415372409073
451,0.1531,290,1676,290,377409,228201,44454,63502,2.1138334136129533,0.21769402440153168
452,0.1532,303,1665,303,379074,226536,44757,63199,2.0984104635221756,0.2181269090720831
453,0.1533,155,848,155,379922,225688,44912,63044,2.0905554114639298,0.21834781042627766
454,0.1534,295,1589,295,381511,224099,45207,62749,2.075836451887806,0.21875348616688978
455,0.1535,104,546,104,382057,223553,45311,62645,2.0707788358220016,0.21888692443692828
456,0.1536,148,790,148,382847,222763,45459,62497,2.0634610396828337,0.2190878496809928
457,0.1537,245,1416,245,384263,221347,45704,62252,2.050344584830857,0.21950712097010214
458,0.1538,227,1124,227,385387,220223,45931,62025,2.0399329356404463,0.21975355006944247
459,0.1539,152,800,152,386187,219423,46083,61873,2.032522509170403,0.21995691371366816
460,0.154,217,1089,217,387276,218334,46300,61656,2.022435066138056,0.22020786456659167
461,0.1541,297,1568,297,388844,216766,46597,61359,2.007910630256771,0.22061662921348316
462,0.1542,190,905,190,389749,215861,46787,61169,1.9995275853125347,0.2208028011406707
463,0.1543,180,1178,180,390927,214683,46967,60989,1.988615732335396,0.22123755767723963
464,0.1544,151,728,151,391655,213955,47118,60838,1.9818722442476564,0.22139574152180005
465,0.1545,318,1709,318,393364,212246,47436,60520,1.9660417207010263,0.22187516039389074
466,0.1546,202,1155,202,394519,211091,47638,60318,1.9553429174849013,0.22224023521696037
467,0.1547,194,1188,194,395707,209903,47832,60124,1.9443384341768868,0.2226592155599255
468,0.1548,196,1124,196,396831,208779,48028,59928,1.933926784986476,0.22302359075126438
469,0.1549,116,602,116,397433,208177,48144,59812,1.9283504390677684,0.22318826518998913
470,0.155,192,765,192,398198,207412,48336,59620,1.9212642187557893,0.22326912130381377
471,0.1551,237,1141,237,399339,206271,48573,59383,1.91069509800289,0.22353512463580447
472,0.1552,463,2549,463,401888,203722,49036,58920,1.8870836266627145,0.22433578787855712
473,0.1553,273,1194,273,403082,202528,49309,58647,1.8760235651561747,0.2245505886857471
474,0.1554,163,772,163,403854,201756,49472,58484,1.8688725036125828,0.2247310175222871
475,0.1555,253,1653,253,405507,200103,49725,58231,1.8535607099188558,0.22540974087808804
476,0.1556,218,1172,218,406679,198931,49943,58013,1.8427044351402424,0.22578071486393922
477,0.1557,153,906,153,407585,198025,50096,57860,1.8343121271629181,0.22611720108642555
478,0.1558,198,1053,198,408638,196972,50294,57662,1.8245581533217237,0.2264505132857356
479,0.1559,265,1296,265,409934,195676,50559,57397,1.8125532624402534,0.2268001722823059
480,0.156,184,1058,184,410992,194618,50743,57213,1.8027529734336212,0.227188074542054
481,0.1561,156,740,156,411732,193878,50899,57057,1.795898328948831,0.22737760774702612
482,0.1562,253,1625,253,413357,192253,51152,56804,1.7808459001815555,0.2280763038180015
483,0.1563,577,2879,577,416236,189374,51729,56227,1.754177627922487,0.2289363642656178
484,0.1564,425,2068,425,418304,187306,52154,55802,1.7350216754974248,0.2295358441515705
485,0.1565,303,1772,303,420076,185534,52457,55499,1.7186075808662788,0.2302547783913406
486,0.1566,197,1174,197,421250,184360,52654,55302,1.7077327800214903,0.23074997287847052
487,0.1567,228,1139,228,422389,183221,52882,55074,1.697182185334766,0.23111689292683438
488,0.1568,181,990,181,423379,182231,53063,54893,1.6880117825780874,0.23149491405340666
489,0.1569,284,1434,284,424813,180797,53347,54609,1.6747285931305347,0.23197794448739625
490,0.157,395,2031,395,426844,178766,53742,54214,1.655915372929712,0.23269808567258993
491,0.1571,337,1727,337,428571,177039,54079,53877,1.639918114787506,0.2333186093644442
492,0.1572,354,1858,354,430429,175181,54433,53523,1.6227073993108303,0.2340273891143137
493,0.1573,223,1035,223,431464,174146,54656,53300,1.6131201600652119,0.23434133816378394
494,0.1574,141,900,141,432364,173246,54797,53159,1.604783430286413,0.23479605132395487
495,0.1575,116,452,116,432816,172794,54913,53043,1.6005965393308386,0.23487293933235032
496,0.1576,140,683,140,433499,172111,55053,52903,1.594269887732039,0.23510981538926468
497,0.1577,165,867,165,434366,171244,55218,52738,1.5862388380451296,0.2354564206052272
498,0.1578,359,1764,359,436130,169480,55577,52379,1.569898847678684,0.23609139137920931
499,0.1579,352,1568,352,437698,167912,55929,52027,1.5553744117973989,0.23655195304152515
500,0.158,198,861,198,438559,167051,56127,51829,1.5473989403090147,0.23679184941520467
501,0.1581,173,683,173,439242,166368,56300,51656,1.5410722887102153,0.23692804461894104
502,0.1582,222,1093,222,440335,165275,56522,51434,1.5309477935455185,0.2373413194652737
503,0.1583,264,1118,264,441453,164157,56786,51170,1.520591722553633,0.23763856831702482
504,0.1584,129,593,129,442046,163564,56915,51041,1.5150987439327133,0.23783695626849327
505,0.1585,317,1299,317,443345,162265,57232,50724,1.5030660639519804,0.23815314405908286
506,0.1586,164,682,164,444027,161583,57396,50560,1.4967486753862684,0.2383298058385146
507,0.1587,222,990,222,445017,160593,57618,50338,1.4875782726295899,0.2386467612631619
508,0.1588,198,945,198,445962,159648,57816,50140,1.4788247063618511,0.23900318416687322
509,0.1589,362,1558,362,447520,158090,58178,49778,1.4643929008114418,0.2394692785806377
510,0.159,216,888,216,448408,157202,58394,49562,1.4561673274296936,0.23970323654021009
511,0.1591,256,1247,256,449655,155955,58650,49306,1.4446163251695134,0.24021124324640336
512,0.1592,338,1512,338,451167,154443,58988,48968,1.4306106191411316,0.24073427690734522
513,0.1593,151,795,151,451962,153648,59139,48817,1.423246507836526,0.24111327883831773
514,0.1594,108,446,108,452408,153202,59247,48709,1.419115195079477,0.24123995225619208
515,0.1595,227,1017,227,453425,152185,59474,48482,1.4096946904294343,0.24160424982682754
516,0.1596,378,1632,378,455057,150553,59852,48104,1.3945774204305459,0.2421460104602405
517,0.1597,217,1015,217,456072,149538,60069,47887,1.3851754418466782,0.2425579333924275
518,0.1598,141,535,141,456607,149003,60210,47746,1.3802197191448369,0.24267467687256353
519,0.1599,129,605,129,457212,148398,60339,47617,1.3746155841268666,0.2429252863301278
520,0.16,87,352,87,457564,148046,60426,47530,1.3713549964800473,0.2430257291283184
521,0.1601,195,1009,195,458573,147037,60621,47335,1.3620085960947053,0.24352787438519952
522,0.1602,124,503,124,459076,146534,60745,47211,1.3573492904516655,0.2436759658313763
523,0.1603,81,375,81,459451,146159,60826,47130,1.3538756530438327,0.24383177521742055
524,0.1604,157,783,157,460234,145376,60983,46973,1.3466226981362777,0.2442071443054032
525,0.1605,123,574,123,460808,144802,61106,46850,1.3413057171440217,0.24445348861478094
526,0.1606,92,399,92,461207,144403,61198,46758,1.3376097669420874,0.24460010148513556
527,0.1607,149,706,149,461913,143697,61347,46609,1.3310700655822743,0.24491608251973138
528,0.1608,96,480,96,462393,143217,61443,46513,1.3266238097002483,0.24515363938228008
529,0.1609,145,623,145,463016,142594,61588,46368,1.320852940086702,0.2453826695314402
530,0.161,186,798,186,463814,141796,61774,46182,1.3134610396828337,0.2456776856866229
531,0.1611,118,566,118,464380,141230,61892,46064,1.308218162955278,0.2459448781060792
532,0.1612,83,327,83,464707,140903,61975,45981,1.305189151135648,0.24604032447935617
533,0.1613,123,575,123,465282,140328,62098,45858,1.2998629071103043,0.24630208501176243
534,0.1614,186,918,186,466200,139410,62284,45672,1.2913594427359294,0.24676629818134665
535,0.1615,216,943,216,467143,138467,62500,45456,1.2826244025343658,0.24714690386737928
536,0.1616,170,808,170,467951,137659,62670,45286,1.275139871799622,0.2475388778048047
537,0.1617,111,458,111,468409,137201,62781,45175,1.2708974026455222,0.24770254858095364
538,0.1618,128,492,128,468901,136709,62909,45047,1.2663399903664456,0.24784326239573934
539,0.1619,98,420,98,469321,136289,63007,44949,1.2624495164696727,0.24801090279080545
540,0.162,164,887,164,470208,135402,63171,44785,1.2542332061210122,0.24854734248308702
541,0.1621,169,641,169,470849,134761,63340,44616,1.24829560191189,0.24872754032010794
542,0.1622,111,471,111,471320,134290,63451,44505,1.243932713327652,0.24891635672138482
543,0.1623,58,227,58,471547,134063,63509,44447,1.2418300048167772,0.2489888521651448
544,0.1624,192,714,192,472261,133349,63701,44255,1.2352161991922634,0.24917794644264768
545,0.1625,75,377,75,472638,132972,63776,44180,1.2317240357182555,0.24939035404624277
546,0.1626,198,770,198,473408,132202,63974,43982,1.224591500240839,0.24963674340462244
547,0.1627,108,379,108,473787,131823,64082,43874,1.2210808107006559,0.24971399625491614
548,0.1628,108,407,108,474194,131416,64190,43766,1.2173107562340213,0.24983160370357685
549,0.1629,186,846,186,475040,130570,64376,43580,1.2094742302419503,0.2502440424921045
550,0.163,162,704,162,475744,129866,64538,43418,1.2029530549483123,0.2505597747051084
551,0.1631,106,480,106,476224,129386,64644,43312,1.1985067990662863,0.2507961875644188
552,0.1632,117,455,117,476679,128931,64761,43195,1.194292119011449,0.2509498855489583
553,0.1633,97,383,97,477062,128548,64858,43098,1.190744377338916,0.2510865385735758
554,0.1634,174,696,174,477758,127852,65032,42924,1.1842973063099782,0.2513467934604394
555,0.1635,98,427,98,478185,127425,65130,42826,1.1803419911815924,0.25154624642439694
556,0.1636,78,353,78,478538,127072,65208,42748,1.177072140501686,0.25172535625956893
557,0.1637,87,400,87,478938,126672,65295,42661,1.1733669272666643,0.25193553530617185
558,0.1638,99,448,99,479386,126224,65394,42562,1.1692170884434399,0.25216546396028106
559,0.1639,111,454,111,479840,125770,65505,42451,1.1650116714216903,0.25235256002520495
560,0.164,141,588,141,480428,125182,65646,42310,1.1595650079662085,0.25260907983664893
561,0.1641,217,764,217,481192,124418,65863,42093,1.152488050687317,0.25279410969845834
562,0.1642,97,399,97,481591,124019,65960,41996,1.148792100485383,0.25296509351564617
563,0.1643,89,370,89,481961,123649,66049,41907,1.1453647782429879,0.2531288506608036
564,0.1644,98,388,98,482349,123261,66147,41809,1.1417707214050168,0.25328042648573335
565,0.1645,49,234,49,482583,123027,66196,41760,1.1396031716625292,0.2534180487538459
566,0.1646,115,451,115,483034,122576,66311,41645,1.1354255437400422,0.2535911972281255
567,0.1647,39,177,39,483211,122399,66350,41606,1.1337859868835451,0.253687387579647
568,0.1648,106,425,106,483636,121974,66456,41500,1.1298491978213345,0.2538629996207348
569,0.1649,115,434,115,484070,121540,66571,41385,1.125829041461336,0.25401258247659964
570,0.165,147,516,147,484586,121024,66718,41238,1.121049316388158,0.25414453168332696
571,0.1651,80,379,80,484965,120645,66798,41158,1.117538626847975,0.254371056160887
572,0.1652,41,241,41,485206,120404,66839,41117,1.1153062358738746,0.2545613263909956
573,0.1653,66,249,66,485455,120155,66905,41051,1.1129997406350736,0.25464933067007434
574,0.1654,151,580,151,486035,119575,67056,40900,1.1076271814442922,0.2548683595575635
575,0.1655,93,307,93,486342,119268,67149,40807,1.104783430286413,0.2549242542558176
576,0.1656,81,277,81,486619,118991,67230,40726,1.1022175701211605,0.25498851092870517
577,0.1657,71,205,71,486824,118786,67301,40655,1.100318648338212,0.25498460245482657
578,0.1658,63,262,63,487086,118524,67364,40592,1.0978917336692726,0.25510947987631666
579,0.1659,138,515,138,487601,118009,67502,40454,1.0931212716291823,0.2552898783943255
580,0.166,133,413,133,488014,117596,67635,40321,1.0892956389640225,0.2553303317565557
581,0.1661,84,256,84,488270,117340,67719,40237,1.0869243024936086,0.2553481789855118
582,0.1662,61,188,61,488458,117152,67780,40176,1.0851828522731484,0.25536458863012307
583,0.1663,85,332,85,488790,116820,67865,40091,1.0821075252880803,0.25550152634295875
584,0.1664,61,222,61,489012,116598,67926,40030,1.0800511319426433,0.2555737160660929
585,0.1665,164,548,164,489560,116050,68090,39866,1.0749749898106635,0.2556889607224403
586,0.1666,92,348,92,489908,115702,68182,39774,1.0717514542961948,0.2558208340837171
587,0.1667,146,506,146,490414,115196,68328,39628,1.0670643595538922,0.2559551490724952
588,0.1668,122,465,122,490879,114731,68450,39506,1.0627570491681797,0.256138280697887
589,0.1669,35,162,35,491041,114569,68485,39471,1.0612564378079958,0.2562386393144638
590,0.167,167,476,167,491517,114093,68652,39304,1.0568472340583202,0.2562240461025965
591,0.1671,32,113,32,491630,113980,68684,39272,1.0558005113194264,0.2562576671103803
592,0.1672,54,161,54,491791,113819,68738,39218,1.0543091629923302,0.256264824846279
593,0.1673,81,249,81,492040,113570,68819,39137,1.0520026677535292,0.2562881858722914
594,0.1674,42,159,42,492199,113411,68861,39095,1.0505298454926082,0.2563505698136467
595,0.1675,45,185,45,492384,113226,68906,39050,1.0488161843714106,0.2564422495994116
596,0.1676,30,81,30,492465,113145,68936,39020,1.0480658786913186,0.25643216245522954
597,0.1677,32,105,32,492570,113040,68968,38988,1.0470932602171255,0.2564527587023443
598,0.1678,30,98,30,492668,112942,68998,38958,1.0461854829745452,0.25647136273864385
599,0.1679,25,98,25,492766,112844,69023,38933,1.0452777057319649,0.2565144916555209
600,0.168,85,309,85,493075,112535,69108,38848,1.0424154285079106,0.2566206245086965
601,0.1681,53,186,53,493261,112349,69161,38795,1.0406925043536255,0.2566757529243635
602,0.1682,46,159,46,493420,112190,69207,38749,1.0392196820927044,0.25671960195840704
603,0.1683,9,48,9,493468,112142,69216,38740,1.0387750565045017,0.25675693588367066
604,0.1684,60,207,60,493675,111935,69276,38680,1.036857608655378,0.2568137303721409
605,0.1685,9,63,9,493738,111872,69285,38671,1.0362740375708621,0.25687677274931414
606,0.1686,36,103,36,493841,111769,69321,38635,1.035319945162844,0.2568748171591181
607,0.1687,21,97,21,493938,111672,69342,38614,1.0344214309533513,0.2569367738844603
608,0.1688,17,65,17,494003,111607,69359,38597,1.0338193338026604,0.25696386248036
609,0.1689,44,154,44,494157,111453,69403,38553,1.032392826707177,0.25700971961121555
610,0.169,46,182,46,494339,111271,69449,38507,1.030706954685242,0.2570938322049967
611,0.1691,26,85,26,494424,111186,69475,38481,1.0299195968728,0.25711078594479747
612,0.1692,14,63,14,494487,111123,69489,38467,1.0293360257882842,0.25714954208168994
613,0.1693,21,53,21,494540,111070,69510,38446,1.0288450850346438,0.2571363599882287
614,0.1694,28,107,28,494647,110963,69538,38418,1.0278539404942755,0.25718130150420737
615,0.1695,33,118,33,494765,110845,69571,38385,1.026760902589944,0.2572203980432889
616,0.1696,13,36,13,494801,110809,69584,38372,1.0264274333987922,0.25721774220577687
617,0.1697,39,82,39,494883,110727,69623,38333,1.0256678646856126,0.2571649000402522
618,0.1698,74,212,74,495095,110515,69697,38259,1.023704101671051,0.2571618696815304
619,0.1699,36,74,36,495169,110441,69733,38223,1.0230186372225722,0.2571099930043588
620,0.17,67,213,67,495382,110228,69800,38156,1.021045611174923,0.25714362734526636
621,0.1701,32,106,32,495488,110122,69832,38124,1.0200637296676425,0.25716714110330124
622,0.1702,18,66,18,495554,110056,69850,38106,1.0194523694838638,0.25719145259918197
623,0.1703,131,432,131,495986,109624,69981,37975,1.0154507391900405,0.2572849409548845
624,0.1704,21,29,21,496015,109595,70002,37954,1.0151821112305013,0.2572298016252228
625,0.1705,30,99,30,496114,109496,70032,37924,1.0142650709548335,0.2572513905847239
626,0.1706,31,68,31,496182,109428,70063,37893,1.0136351847048797,0.2572138391675321
627,0.1707,18,52,18,496234,109376,70081,37875,1.013153506984327,0.25721387291088005
628,0.1708,15,46,15,496280,109330,70096,37860,1.0127274074622994,0.2572185610435492
629,0.1709,13,78,13,496358,109252,70109,37847,1.0120048908814703,0.25728930856090115
630,0.171,34,81,34,496439,109171,70143,37813,1.0112545852013783,0.2572592935285473
631,0.1711,33,103,33,496542,109068,70176,37780,1.0103004927933603,0.2572728263238178
632,0.1712,5,13,5,496555,109055,70181,37775,1.010180073363222,0.2572703126064156
633,0.1713,26,57,26,496612,108998,70207,37749,1.0096520804772315,0.2572386488309812
634,0.1714,22,62,22,496674,108936,70229,37727,1.009077772425803,0.2572359763539543
635,0.1715,41,146,41,496820,108790,70270,37686,1.0077253695950201,0.257284469810754
636,0.1716,42,104,42,496924,108686,70312,37644,1.0067620141539146,0.2572541515752067
637,0.1717,29,87,29,497011,108599,70341,37615,1.0059561302752973,0.25725990671207954
638,0.1718,26,77,26,497088,108522,70367,37589,1.0052428767275556,0.2572633135082232
639,0.1719,14,21,14,497109,108501,70381,37575,1.005048353032717,0.25722911361209233
640,0.172,41,141,41,497250,108360,70422,37534,1.003742265367372,0.2572689761059399
641,0.1721,5,18,5,497268,108342,70427,37529,1.003575530771796,0.25727526376044585
642,0.1722,5,26,5,497294,108316,70432,37524,1.0033346919115196,0.2572956664838179
643,0.1723,2,9,2,497303,108307,70434,37522,1.0032513246137316,0.2573013598118344
644,0.1724,2,6,2,497309,108301,70436,37520,1.0031957464152061,0.25730176037744906
645,0.1725,19,22,19,497331,108279,70455,37501,1.00299195968728,0.2572437920153656
646,0.1726,17,35,17,497366,108244,70472,37484,1.0026677535292157,0.2572189284145806
647,0.1727,38,93,38,497459,108151,70510,37446,1.0018062914520731,0.25718936516549107
648,0.1728,13,40,13,497499,108111,70523,37433,1.001435770128571,0.25719370087396254
649,0.1729,38,85,38,497584,108026,70561,37395,1.0006484123161288,0.257149930202653
650,0.173,15,60,15,497644,107966,70576,37380,1.0000926303308755,0.2571794201422812
651,0.1731,16,33,16,497677,107933,70592,37364,0.9997869502389862,0.2571560321272979
652,0.1732,15,39,15,497716,107894,70607,37349,0.9994256919485717,0.2571483651535702
653,0.1733,19,81,19,497797,107813,70626,37330,0.9986753862684797,0.25719462874544413
654,0.1734,16,37,16,497834,107776,70642,37314,0.9983326540442402,0.2571783031222
655,0.1735,90,174,90,498008,107602,70732,37224,0.9967208862870058,0.2570256721859335
656,0.1736,26,66,26,498074,107536,70758,37198,0.9961095261032272,0.2570094103666036
657,0.1737,48,108,48,498182,107428,70806,37150,0.9951091185297714,0.25695472340190073
658,0.1738,23,40,23,498222,107388,70829,37127,0.9947385972062692,0.2569075874476698
659,0.1739,31,51,31,498273,107337,70860,37096,0.9942661825188039,0.2568388110750313
660,0.174,7,41,7,498314,107296,70867,37089,0.9938863981622142,0.2568757142362434
661,0.1741,31,91,31,498405,107205,70898,37058,0.9930434621512468,0.25687806298219223
662,0.1742,34,126,34,498531,107079,70932,37024,0.9918763199822149,0.25692733669666834
663,0.1743,36,99,36,498630,106980,70968,36988,0.9909592797065471,0.25691820404534343
664,0.1744,8,37,8,498667,106943,70976,36980,0.9906165474823077,0.2569429486600474
665,0.1745,14,87,14,498754,106856,70990,36966,0.9898106636036904,0.25702604608474366
666,0.1746,11,28,11,498782,106828,71001,36955,0.9895512986772389,0.2570192581876856
667,0.1747,28,89,28,498871,106739,71029,36927,0.9887268887324465,0.25703367533027993
668,0.1748,64,191,64,499062,106548,71093,36863,0.9869576494127237,0.257044438711117
669,0.1749,42,137,42,499199,106411,71135,36821,0.9856886138797287,0.2570724419124218
670,0.175,70,149,70,499348,106262,71205,36751,0.9843084219496832,0.25697663848741026
671,0.1751,19,49,19,499397,106213,71224,36732,0.983854533328393,0.25696596593095244
672,0.1752,16,49,16,499446,106164,71240,36716,0.9834006447071029,0.25697088465845463
673,0.1753,28,75,28,499521,106089,71268,36688,0.9827059172255364,0.2569601546467568
674,0.1754,46,111,46,499632,105978,71314,36642,0.9816777205528178,0.25692048801009676
675,0.1755,82,125,82,499757,105853,71396,36560,0.9805198414168735,0.25671813668695975
676,0.1756,53,121,53,499878,105732,71449,36507,0.9793990144132795,0.2566595659418303
677,0.1757,20,93,20,499971,105639,71469,36487,0.9785375523361369,0.2567229078423371
678,0.1758,63,177,63,500148,105462,71532,36424,0.9768979954796398,0.25671313589783346
679,0.1759,10,41,10,500189,105421,71542,36414,0.9765182111230502,0.2567349384848592
680,0.176,15,49,15,500238,105372,71557,36399,0.97606432250176,0.25674503248196034
681,0.1761,48,170,48,500408,105202,71605,36351,0.9744896068768758,0.2568013394276349
682,0.1762,42,176,42,500584,105026,71647,36309,0.9728593130534662,0.25690027240244806
683,0.1763,49,147,49,500731,104879,71696,36260,0.9714976471895957,0.2569098548239679
684,0.1764,18,93,18,500824,104786,71714,36242,0.9706361851124532,0.25698442862410303
685,0.1765,39,163,39,500987,104623,71753,36203,0.9691263107191819,0.25707610810503745
686,0.1766,51,188,51,501175,104435,71804,36152,0.9673848604987217,0.25715037663510854
687,0.1767,25,60,25,501235,104375,71829,36127,0.9668290785134684,0.2571280124126347
688,0.1768,44,219,44,501454,104156,71873,36083,0.9648004742672941,0.25729647245060216
689,0.1769,54,306,54,501760,103850,71927,36029,0.9619659861425025,0.2575726163326875
690,0.177,67,207,67,501967,103643,71994,35962,0.9600485382933788,0.2575982235593281
691,0.1771,78,265,78,502232,103378,72072,35884,0.9575938345251769,0.2576725883586334
692,0.1772,89,383,89,502615,102995,72161,35795,0.9540460928526436,0.2579076302327257
693,0.1773,58,209,58,502824,102786,72219,35737,0.9521101189373449,0.25798603841961265
694,0.1774,51,165,51,502989,102621,72270,35686,0.9505817184778984,0.258020201435936
695,0.1775,33,82,33,503071,102539,72303,35653,0.949822149764719,0.2579961213384277
696,0.1776,39,214,39,503285,102325,72342,35614,0.9478398606839824,0.2581865897244434
697,0.1777,61,159,61,503444,102166,72403,35553,0.9463670384230612,0.2581561004654405
698,0.1778,47,197,47,503641,101969,72450,35506,0.9445422209048131,0.25827241316603017
699,0.1779,69,238,69,503879,101731,72519,35437,0.9423376190299751,0.25834742797153853
700,0.178,46,108,46,503987,101623,72565,35391,0.9413372114565193,0.2583020713211789
701,0.1781,29,111,29,504098,101512,72594,35362,0.9403090147838008,0.25835439893624795
702,0.1782,60,196,60,504294,101316,72654,35302,0.9384934602986402,0.2583993324452122
703,0.1783,15,53,15,504347,101263,72669,35287,0.9380025195449998,0.25841816184547783
704,0.1784,47,117,47,504464,101146,72716,35240,0.936918744673756,0.2583842916428372
705,0.1785,21,64,21,504528,101082,72737,35219,0.9363259105561526,0.25839135442880096
706,0.1786,67,216,67,504744,100866,72804,35152,0.9343250954092408,0.2584363834198415
707,0.1787,19,128,19,504872,100738,72823,35133,0.9331394271740339,0.25857614943586194
708,0.1788,73,212,73,505084,100526,72896,35060,0.9311756641594724,0.25858126945259835
709,0.1789,120,322,120,505406,100204,73016,34940,0.9281929675052799,0.2585390398389866
710,0.179,51,159,51,505565,100045,73067,34889,0.9267201452443589,0.2585634458327775
711,0.1791,50,170,50,505735,99875,73117,34839,0.9251454296194745,0.2586145463723147
712,0.1792,51,239,51,505974,99636,73168,34788,0.9229315647115491,0.2587930726655954
713,0.1793,72,294,72,506268,99342,73240,34716,0.9202082329838083,0.25896253860269436
714,0.1794,149,522,149,506790,98820,73389,34567,0.9153729297121049,0.2591481928523769
715,0.1795,103,375,103,507165,98445,73492,34464,0.9118992923042721,0.25930523892287205
716,0.1796,148,560,148,507725,97885,73640,34316,0.9067119937752418,0.259574435896854
717,0.1797,107,476,107,508201,97409,73747,34209,0.902302790025566,0.25991125833852513
718,0.1798,146,536,146,508737,96873,73893,34063,0.8973378042906369,0.2601499969450724
719,0.1799,98,313,98,509050,96560,73991,33965,0.8944384749342325,0.2602183489752921
720,0.18,166,508,166,509558,96052,74157,33799,0.889732854125755,0.2602906408113915
721,0.1801,66,252,66,509810,95800,74223,33733,0.8873985697876913,0.2604201246014529
722,0.1802,39,132,39,509942,95668,74262,33694,0.8861758494201342,0.2604628870920363
723,0.1803,102,291,102,510233,95377,74364,33592,0.8834803067916559,0.26046569330614333
724,0.1804,134,349,134,510582,95028,74498,33458,0.8802475082440995,0.2604019114923027
725,0.1805,106,358,106,510940,94670,74604,33352,0.876931342398755,0.2605177235162706
726,0.1806,157,570,157,511510,94100,74761,33195,0.8716514135388491,0.26077222200400646
727,0.1807,78,199,78,511709,93901,74839,33117,0.8698080699544258,0.2607268261191327
728,0.1808,138,457,138,512166,93444,74977,32979,0.8655748638334136,0.2608623430863055
729,0.1809,117,322,117,512488,93122,75094,32862,0.8625921671792212,0.2608426466852934
730,0.181,37,126,37,512614,92996,75131,32825,0.8614250250101894,0.26088649748452164
731,0.1811,138,395,138,513009,92601,75269,32687,0.8577661269406054,0.26089489815465167
732,0.1812,106,379,106,513388,92222,75375,32581,0.8542554374004224,0.261059429661146
733,0.1813,122,328,122,513716,91894,75497,32459,0.8512171625477046,0.2610230553344109
734,0.1814,81,330,81,514046,91564,75578,32378,0.8481603616288117,0.2612350938342128
735,0.1815,151,376,151,514422,91188,75729,32227,0.8446774611878913,0.2611270915204797
736,0.1816,175,615,175,515037,90573,75904,32052,0.8389806958390456,0.2613822629969419
737,0.1817,158,481,158,515518,90092,76062,31894,0.834525176923932,0.26145623268243895
738,0.1818,122,412,122,515930,89680,76184,31772,0.8307088072918597,0.2616012910450219
739,0.1819,145,483,145,516413,89197,76329,31627,0.826234762310571,0.26176090842878896
740,0.182,95,291,95,516704,88906,76424,31532,0.8235392196820926,0.26181105631113105
741,0.1821,103,297,103,517001,88609,76527,31429,0.8207880988550891,0.2618254219497159
742,0.1822,84,256,84,517257,88353,76611,31345,0.8184167623846752,0.2618673662049491
743,0.1823,70,197,70,517454,88156,76681,31275,0.816591944866427,0.26186668452914236
744,0.1824,71,285,71,517739,87871,76752,31204,0.8139519804364741,0.26205332773462103
745,0.1825,98,299,98,518038,87572,76850,31106,0.8111823335432954,0.2621041810613593
746,0.1826,140,390,140,518428,87182,76990,30966,0.8075697506391493,0.26209499949216236
747,0.1827,108,306,108,518734,86876,77098,30858,0.8047352625143577,0.2620993086109365
748,0.1828,95,266,95,519000,86610,77193,30763,0.8022712957130683,0.2620960527548925
749,0.1829,147,327,147,519327,86283,77340,30616,0.7992422838934381,0.2619012994123132
750,0.183,131,382,131,519709,85901,77471,30485,0.7957038052539923,0.2619301290533226
751,0.1831,134,395,134,520104,85506,77605,30351,0.7920449071844085,0.2619694968797742
752,0.1832,67,237,67,520341,85269,77672,30284,0.7898495683426581,0.2620788728981506
753,0.1833,88,225,88,520566,85044,77760,30196,0.7877653858979584,0.2620270739326623
754,0.1834,168,496,168,521062,84548,77928,30028,0.7831709214865316,0.2620793185309314
755,0.1835,131,362,131,521424,84186,78059,29897,0.779817703508837,0.2620635852843982
756,0.1836,243,679,243,522103,83507,78302,29654,0.7735281040423876,0.26205141347283956
757,0.1837,165,460,165,522563,83047,78467,29489,0.7692671088221127,0.2620405914551788
758,0.1838,171,552,171,523115,82495,78638,29318,0.7641539145577828,0.2622056469283536
759,0.1839,149,493,149,523608,82002,78787,29169,0.7595872392456186,0.26237957740777723
760,0.184,186,535,186,524143,81467,78973,28983,0.7546315165437771,0.2624083295608873
761,0.1841,96,349,96,524492,81118,79069,28887,0.7513987179962207,0.2625971546747875
762,0.1842,97,312,97,524804,80806,79166,28790,0.7485086516729038,0.2626920690536151
763,0.1843,74,248,74,525052,80558,79240,28716,0.7462114194671904,0.2627889525413182
764,0.1844,84,266,84,525318,80292,79324,28632,0.7437474526659009,0.2628621791340751
765,0.1845,141,362,141,525680,79930,79465,28491,0.7403942346882063,0.2627811955248522
766,0.1846,115,295,115,525975,79635,79580,28376,0.7376616399273778,0.2627139828350816
767,0.1847,68,193,68,526168,79442,79648,28308,0.7358738745414799,0.26271925754060327
768,0.1848,84,266,84,526434,79176,79732,28224,0.7334099077401904,0.26279329608938545
769,0.1849,84,242,84,526676,78934,79816,28140,0.7311682537330023,0.2628088985187814
770,0.185,105,244,105,526920,78690,79921,28035,0.7289080736596392,0.26268446943078005
771,0.1851,100,237,100,527157,78453,80021,27935,0.7267127348178888,0.2625766063841787
772,0.1852,104,319,104,527476,78134,80125,27831,0.723757827262959,0.2626433256263861
773,0.1853,63,184,63,527660,77950,80188,27768,0.722053429174849,0.26266104163907755
774,0.1854,149,469,149,528129,77481,80337,27619,0.7177090666567861,0.26278782112274024
775,0.1855,77,201,77,528330,77280,80414,27542,0.7158471970061877,0.2627501860296503
776,0.1856,136,417,136,528747,76863,80550,27406,0.7119845122086776,0.2628393865866173
777,0.1857,119,265,119,529012,76598,80669,27287,0.7095298084404758,0.2626654473696876
778,0.1858,91,212,91,529224,76386,80760,27196,0.7075660454259143,0.2625552702206947
779,0.1859,89,290,89,529514,76096,80849,27107,0.7048797658305236,0.2626570933015513
780,0.186,60,242,60,529756,75854,80909,27047,0.7026381118233355,0.26284487031224185
781,0.1861,67,228,67,529984,75626,80976,26980,0.7005261402793731,0.2629475859111553
782,0.1862,57,141,57,530125,75485,81033,26923,0.699220052614028,0.262899382860714
783,0.1863,116,294,116,530419,75191,81149,26807,0.696496720886287,0.26281887880154514
784,0.1864,73,211,73,530630,74980,81222,26734,0.6945422209048131,0.2628350079635055
785,0.1865,75,280,75,530910,74700,81297,26659,0.6919485716402979,0.26301561775471344
786,0.1866,160,491,160,531401,74209,81457,26499,0.6874004223943088,0.26312706041228107
787,0.1867,73,343,73,531744,73866,81530,26426,0.6842232020452778,0.26349060742631514
788,0.1868,167,505,167,532249,73361,81697,26259,0.6795453703360629,0.2635916482634009
789,0.1869,133,448,133,532697,72913,81830,26126,0.6753955315128386,0.2637950706287422
790,0.187,152,484,152,533181,72429,81982,25974,0.6709122234984624,0.2639553672144142
791,0.1871,165,624,165,533805,71805,82147,25809,0.6651320908518286,0.2643985493884074
792,0.1872,178,447,178,534252,71358,82325,25631,0.6609915150616918,0.2642670818340224
793,0.1873,198,671,198,534923,70687,82523,25433,0.6547760198599429,0.26459633791094467
794,0.1874,138,482,138,535405,70205,82661,25295,0.6503112379117418,0.26486910994764395
795,0.1875,86,258,86,535663,69947,82747,25209,0.6479213753751528,0.2649228635083442
796,0.1876,90,197,90,535860,69750,82837,25119,0.6460965578569047,0.2647756379850109
797,0.1877,151,439,151,536299,69311,82988,24968,0.6420300863314684,0.26483098038799735
798,0.1878,107,321,107,536620,68990,83095,24861,0.6390566527103635,0.2648986158911466
799,0.1879,106,401,106,537021,68589,83201,24755,0.6353421764422542,0.2652018340761056
800,0.188,103,291,103,537312,68298,83304,24652,0.632646633813776,0.2652178590640129
801,0.1881,130,444,130,537756,67854,83434,24522,0.628533847122902,0.2654585606651078
802,0.1882,73,223,73,537979,67631,83507,24449,0.6264681907443773,0.2655191138140747
803,0.1883,137,451,137,538430,67180,83644,24312,0.6222905628218904,0.2657281510951777
804,0.1884,68,159,68,538589,67021,83712,24244,0.6208177405609693,0.265644003725415
805,0.1885,65,209,65,538798,66812,83777,24179,0.6188817666456704,0.26572957765053684
806,0.1886,79,232,79,539030,66580,83856,24100,0.6167327429693579,0.2657697397441553
807,0.1887,54,121,54,539151,66459,83910,24046,0.6156119159657638,0.26568697861996576
808,0.1888,64,170,64,539321,66289,83974,23982,0.6140372003408796,0.26566671467027064
809,0.1889,93,292,93,539613,65997,84067,23889,0.6113323946793138,0.26576997530204927
810,0.189,34,98,34,539711,65899,84101,23855,0.6104246174367335,0.26578202642779153
811,0.1891,150,422,150,540133,65477,84251,23705,0.6065156174737856,0.26580475880783117
812,0.1892,45,120,45,540253,65357,84296,23660,0.6054040535032791,0.26579192738465685
813,0.1893,64,120,64,540373,65237,84360,23596,0.6042924895327726,0.26562200983868606
814,0.1894,114,309,114,540682,64928,84474,23482,0.6014302123087184,0.26560343852505375
815,0.1895,152,365,152,541047,64563,84626,23330,0.5980492052317611,0.26543638287463167
816,0.1896,64,281,64,541328,64282,84690,23266,0.5954462929341584,0.2657513592543519
817,0.1897,333,949,333,542277,63333,85023,22933,0.5866556745340694,0.2658405397259639
818,0.1898,158,502,158,542779,62831,85181,22775,0.5820056319241173,0.2660444361376539
819,0.1899,93,307,93,543086,62524,85274,22682,0.5791618807662381,0.2662019106635683
820,0.19,346,1190,346,544276,61334,85620,22336,0.5681388713920487,0.26695350782837335
821,0.1901,135,358,135,544634,60976,85755,22201,0.5648227055467042,0.26691272827825
822,0.1902,324,1181,324,545815,59795,86079,21877,0.5538830634703027,0.26786413948476834
823,0.1903,219,571,219,546386,59224,86298,21658,0.5485938715773093,0.26777280482678467
824,0.1904,152,489,152,546875,58735,86450,21506,0.5440642483974952,0.2680175969890704
825,0.1905,244,579,244,547454,58156,86694,21262,0.5387009522398014,0.2677226825152988
826,0.1906,236,730,236,548184,57426,86930,21026,0.5319389380858869,0.26801101310355374
827,0.1907,196,551,196,548735,56875,87126,20830,0.5268350068546445,0.26806511807476996
828,0.1908,268,1023,268,549758,55852,87394,20562,0.5173589240060765,0.2690868165519407
829,0.1909,355,1093,355,550851,54759,87749,20207,0.5072344288413798,0.26954886215084173
830,0.191,301,916,301,551767,53843,88050,19906,0.4987494905331802,0.2699155242782953
831,0.1911,286,969,286,552736,52874,88336,19620,0.4897736114713402,0.27064308770380996
832,0.1912,292,1059,292,553795,51815,88628,19328,0.4799640594316203,0.27167816932094513
833,0.1913,331,1051,331,554846,50764,88959,18997,0.47022861165660085,0.2723154771290549
834,0.1914,325,1024,325,555870,49740,89284,18672,0.46074326577494534,0.27293457288195055
835,0.1915,164,503,164,556373,49237,89448,18508,0.4560839601319056,0.27320097424164147
836,0.1916,116,281,116,556654,48956,89564,18392,0.4534810478343029,0.2730890301122528
837,0.1917,238,658,238,557312,48298,89802,18154,0.4473859720626922,0.2731896707397821
838,0.1918,76,199,76,557511,48099,89878,18078,0.4455426284782689,0.27317648125481664
839,0.1919,300,849,300,558360,47250,90178,17778,0.4376783133869354,0.2733899243402842
840,0.192,164,434,164,558794,46816,90342,17614,0.4336581570269369,0.27338196492317246
841,0.1921,212,659,212,559453,46157,90554,17402,0.4275538182222387,0.273792853883793
842,0.1922,191,644,191,560097,45513,90745,17211,0.4215884249138538,0.2743925770040176
843,0.1923,116,274,116,560371,45239,90861,17095,0.41905035384786393,0.2742484037603876
844,0.1924,29,77,29,560448,45162,90890,17066,0.4183371003001223,0.2742495339718455
845,0.1925,345,1047,345,561495,44115,91235,16721,0.40863870465745306,0.2748537050430666
846,0.1926,111,332,111,561827,43783,91346,16610,0.40556337767238504,0.2750318745549981
847,0.1927,46,160,46,561987,43623,91392,16564,0.40408129237837637,0.2752089321614302
848,0.1928,168,550,168,562537,43073,91560,16396,0.39898662418022157,0.27570667070238275
849,0.1929,192,657,192,563194,42416,91752,16204,0.39290081144169847,0.2764244285226885
850,0.193,47,119,47,563313,42297,91799,16157,0.3917985105042795,0.2764053785882917
851,0.1931,116,435,116,563748,41862,91915,16041,0.38776909111119345,0.2770322781203046
852,0.1932,333,1015,333,564763,40847,92248,15708,0.37836711252732597,0.27774732561223586
853,0.1933,255,822,255,565585,40025,92503,15453,0.3707528993293564,0.2785428458127546
854,0.1934,219,691,219,566276,39334,92722,15234,0.3643521434658565,0.27917460782876413
855,0.1935,263,797,263,567073,38537,92985,14971,0.3569695060950758,0.2797899379532033
856,0.1936,260,904,260,567977,37633,93245,14711,0.34859572418392676,0.2810446278465536
857,0.1937,192,479,192,568456,37154,93437,14519,0.3441587313349883,0.2809784607048168
858,0.1938,465,1519,465,569975,35635,93902,14054,0.3300881840749935,0.28283926019843425
859,0.1939,448,1472,448,571447,34163,94350,13606,0.31645299937011373,0.28482907324834095
860,0.194,134,340,134,571787,33823,94484,13472,0.3133035681203453,0.28485040701976955
861,0.1941,325,1023,325,572810,32800,94809,13147,0.3038274852717774,0.28613402398415566
862,0.1942,127,331,127,573141,32469,94936,13020,0.30076142131979694,0.28622304293345646
863,0.1943,246,852,246,573993,31617,95182,12774,0.2928693171292008,0.2877610326417517
864,0.1944,169,506,169,574499,31111,95351,12605,0.2881822223868984,0.28833836581571964
865,0.1945,138,383,138,574882,30728,95489,12467,0.2846344807143651,0.28862136821391365
866,0.1946,240,732,240,575614,29996,95729,12227,0.2778539404942754,0.28958150770906854
867,0.1947,391,1014,391,576628,28982,96120,11836,0.2684612249434955,0.28997011122543975
868,0.1948,305,899,305,577527,28083,96425,11531,0.2601337581977843,0.29108396021608524
869,0.1949,293,869,293,578396,27214,96718,11238,0.2520841824446997,0.2922604805991886
870,0.195,132,312,132,578708,26902,96850,11106,0.24919411612138279,0.29220164175962954
871,0.1951,242,670,242,579378,26232,97092,10864,0.24298788395272147,0.29286176407159803
872,0.1952,100,224,100,579602,26008,97192,10764,0.24091296454110933,0.29272272381159575
873,0.1953,81,243,81,579845,25765,97273,10683,0.23866204750083367,0.2931025021949078
874,0.1954,167,489,167,580334,25276,97440,10516,0.23413242432101966,0.2938086723290121
875,0.1955,188,458,188,580792,24818,97628,10328,0.22988995516691985,0.2938598987082456
876,0.1956,214,527,214,581319,24291,97842,10114,0.2250083367297788,0.29396889986920505
877,0.1957,133,404,133,581723,23887,97975,9981,0.22126607136240692,0.2947029644502185
878,0.1958,54,150,54,581873,23737,98029,9927,0.21987661639927378,0.2948847433460076
879,0.1959,94,205,94,582078,23532,98123,9833,0.21797769461632516,0.294710025475798
880,0.196,165,417,165,582495,23115,98288,9668,0.21411500981881507,0.29490894671018514
881,0.1961,79,223,79,582718,22892,98367,9589,0.2120493534402905,0.29521874326529357
882,0.1962,90,263,90,582981,22629,98457,9499,0.20961317573826374,0.29566110557768926
883,0.1963,54,119,54,583100,22510,98511,9445,0.2085108748008448,0.29557189798153655
884,0.1964,86,228,86,583328,22282,98597,9359,0.20639890325688243,0.2957871116589236
885,0.1965,128,433,128,583761,21849,98725,9231,0.20238800992997147,0.297007722007722
886,0.1966,85,255,85,584016,21594,98810,9146,0.20002593649264516,0.2975276512687053
887,0.1967,150,382,150,584398,21212,98960,8996,0.19648745785319946,0.297801906779661
888,0.1968,175,542,175,584940,20670,99135,8821,0.19146689391974508,0.2991082025024584
889,0.1969,104,277,104,585217,20393,99239,8717,0.18890103375449258,0.2994503607007901
890,0.197,134,365,134,585582,20028,99373,8583,0.18552002667753528,0.2999895145223865
891,0.1971,183,418,183,586000,19610,99556,8400,0.18164807884693765,0.299892895394502
892,0.1972,97,265,97,586265,19345,99653,8303,0.17919337507873578,0.30031105324074076
893,0.1973,154,380,154,586645,18965,99807,8149,0.1756734225054652,0.30054584347569524
894,0.1974,98,301,98,586946,18664,99905,8051,0.17288524954611137,0.30136627362904733
895,0.1975,64,148,64,587094,18516,99969,7987,0.17151432064915337,0.301362109949817
896,0.1976,131,301,131,587395,18215,100100,7856,0.16872614768979954,0.30133098078324577
897,0.1977,177,412,177,587807,17803,100277,7679,0.16490977805772722,0.30134997252962875
898,0.1978,122,363,122,588170,17440,100399,7557,0.16154729704694507,0.3023162779533544
899,0.1979,61,210,61,588380,17230,100460,7496,0.15960206009855868,0.3031626627841139
900,0.198,86,281,86,588661,16949,100546,7410,0.15699914780095595,0.3041996797898108
901,0.1981,158,508,158,589169,16441,100704,7252,0.15229352699247842,0.30608196513738234
902,0.1982,55,106,55,589275,16335,100759,7197,0.15131164548519768,0.30583885772565017
903,0.1983,85,168,85,589443,16167,100844,7112,0.14975545592648856,0.3055114051290863
904,0.1984,65,158,65,589601,16009,100909,7047,0.148291896698655,0.30564712005551703
905,0.1985,69,199,69,589800,15810,100978,6978,0.14644855311423172,0.3062137967351237
906,0.1986,100,247,100,590047,15563,101078,6878,0.14416058394160583,0.30649258054453904
907,0.1987,71,142,71,590189,15421,101149,6807,0.14284523324317314,0.3062353788015116
908,0.1988,27,91,27,590280,15330,101176,6780,0.14200229723220573,0.3066485753052917
909,0.1989,27,53,27,590333,15277,101203,6753,0.14151135647856533,0.306536541080345
910,0.199,99,320,99,590653,14957,101302,6654,0.138547185890548,0.3078987552635232
911,0.1991,42,83,42,590736,14874,101344,6612,0.137778354144281,0.3077352694777995
912,0.1992,71,170,71,590906,14704,101415,6541,0.1362036385193968,0.30788420804895267
913,0.1993,81,222,81,591128,14482,101496,6460,0.13414724517395976,0.3084710151847961
914,0.1994,21,56,21,591184,14426,101517,6439,0.13362851532105674,0.30860292355619456
915,0.1995,84,236,84,591420,14190,101601,6355,0.13144243951239393,0.30932100267705037
916,0.1996,67,175,67,591595,14015,101668,6288,0.12982140872207196,0.3097079249372014
917,0.1997,56,132,56,591727,13883,101724,6232,0.1285986883545148,0.30981854337559034
918,0.1998,47,166,47,591893,13717,101771,6185,0.12706102486198081,0.31077278665460756
919,0.1999,151,406,151,592299,13311,101922,6034,0.12330023342843381,0.3119152235719824
920,0.2,139,318,139,592617,12993,102061,5895,0.12035458890659158,0.3121029224904701
921,0.2001,78,230,78,592847,12763,102139,5817,0.11822409129645411,0.31307857911733045
922,0.2002,90,194,90,593041,12569,102229,5727,0.1164270628774686,0.31301923917796237
923,0.2003,109,302,109,593343,12267,102338,5618,0.11362962688502723,0.3141179759575063
924,0.2004,41,141,41,593484,12126,102379,5577,0.11232353921968209,0.3150313506185392
925,0.2005,96,272,96,593756,11854,102475,5481,0.10980399421986735,0.3161811364291895
926,0.2006,54,169,54,593925,11685,102529,5427,0.1082385416280707,0.3171458625525947
927,0.2007,101,237,101,594162,11448,102630,5326,0.10604320278632036,0.31751520209848577
928,0.2008,62,166,62,594328,11282,102692,5264,0.10450553929378635,0.3181433579112776
929,0.2009,43,114,43,594442,11168,102735,5221,0.10344955352180518,0.31856733174690344
930,0.201,63,113,63,594555,11055,102798,5158,0.10240283078291156,0.31813976438660335
931,0.2011,84,249,84,594804,10806,102882,5074,0.10009633554411056,0.3195214105793451
932,0.2012,60,128,60,594932,10678,102942,5014,0.09891066730890363,0.31952587305633445
933,0.2013,76,189,76,595121,10489,103018,4938,0.09715995405535588,0.3200881571271148
934,0.2014,36,77,36,595198,10412,103054,4902,0.09644670050761421,0.3200992555831266
935,0.2015,56,127,56,595325,10285,103110,4846,0.09527029530549483,0.32026964509946465
936,0.2016,123,302,123,595627,9983,103233,4723,0.09247285931305346,0.32116143070855435
937,0.2017,25,56,25,595683,9927,103258,4698,0.09195412946015043,0.3212307692307692
938,0.2018,3,19,3,595702,9908,103261,4695,0.0917781318314869,0.32150927891529135
939,0.2019,2,18,2,595720,9890,103263,4693,0.09161139723591093,0.3218130700130289
940,0.202,98,195,98,595915,9695,103361,4595,0.08980510578383787,0.32155353393981806
941,0.2021,35,73,35,595988,9622,103396,4560,0.08912890436844641,0.32153433930334224
942,0.2022,24,33,24,596021,9589,103420,4536,0.08882322427655712,0.3211327433628319
943,0.2023,32,70,32,596091,9519,103452,4504,0.08817481196042833,0.3211866219781787
944,0.2024,23,54,23,596145,9465,103475,4481,0.0876746081737004,0.3213107701132941
945,0.2025,29,57,29,596202,9408,103504,4452,0.08714661528770981,0.3212121212121212
946,0.2026,14,37,14,596239,9371,103518,4438,0.0868038830634703,0.32138460424360926
947,0.2027,36,113,36,596352,9258,103554,4402,0.08575716032457668,0.32225475841874085
948,0.2028,61,93,61,596445,9165,103615,4341,0.08489569824743413,0.3214127054642381
949,0.2029,26,83,26,596528,9082,103641,4315,0.08412686650116714,0.322087034410689
950,0.203,50,111,50,596639,8971,103691,4265,0.08309866982844863,0.3222272589906316
951,0.2031,50,119,50,596758,8852,103741,4215,0.08199636889102968,0.32256830182903495
952,0.2032,35,67,35,596825,8785,103776,4180,0.08137574567416354,0.3224064789818743
953,0.2033,25,80,25,596905,8705,103801,4155,0.08063470302715921,0.32309486780715396
954,0.2034,11,32,11,596937,8673,103812,4144,0.08033828596835747,0.3233205898416166
955,0.2035,53,79,53,597016,8594,103865,4091,0.07960650635444069,0.3225068979109184
956,0.2036,21,64,21,597080,8530,103886,4070,0.07901367223683722,0.32301587301587303
957,0.2037,26,58,26,597138,8472,103912,4044,0.07847641631775909,0.3231064237775647
958,0.2038,43,83,43,597221,8389,103955,4001,0.07770758457149209,0.3229217110573043
959,0.2039,25,58,25,597279,8331,103980,3976,0.07717032865241395,0.3230681725847079
960,0.204,37,106,37,597385,8225,104017,3939,0.0761884471451332,0.32382439986846434
961,0.2041,52,137,52,597522,8088,104069,3887,0.07491941161213828,0.32459290187891443
962,0.2042,44,70,44,597592,8018,104113,3843,0.07427099929600949,0.324003035157238
963,0.2043,24,42,24,597634,7976,104137,3819,0.0738819519063322,0.32378126324713863
964,0.2044,24,49,24,597683,7927,104161,3795,0.07342806328504205,0.3237502132741853
965,0.2045,23,55,23,597738,7872,104184,3772,0.07291859646522657,0.323943661971831
966,0.2046,22,37,22,597775,7835,104206,3750,0.07257586424098707,0.32369443245576174
967,0.2047,14,53,14,597828,7782,104220,3736,0.0720849234873467,0.3243618683799271
968,0.2048,32,66,32,597894,7716,104252,3704,0.07147356330356812,0.3243432574430823
969,0.2049,17,42,17,597936,7674,104269,3687,0.07108451591389084,0.3245312912595722
970,0.205,32,32,32,597968,7642,104301,3655,0.0707880988550891,0.32353722227139947
971,0.2051,27,46,27,598014,7596,104328,3628,0.07036199933306161,0.32323592302209553
972,0.2052,6,12,6,598026,7584,104334,3622,0.07025084293601097,0.3232197037301446
973,0.2053,21,35,21,598061,7549,104355,3601,0.06992663677794657,0.3229596412556054
974,0.2054,26,77,26,598138,7472,104381,3575,0.0692133832302049,0.32361727165746357
975,0.2055,10,26,10,598164,7446,104391,3565,0.06897254436992849,0.3237671419489601
976,0.2056,26,44,26,598208,7402,104417,3539,0.06856497091407611,0.32346220637967277
977,0.2057,54,98,54,598306,7304,104471,3485,0.0676571936714958,0.3230141811103902
978,0.2058,19,25,19,598331,7279,104490,3466,0.06742561784430694,0.3225686365751512
979,0.2059,60,122,60,598453,7157,104550,3406,0.06629552780762533,0.32244627473255705
980,0.206,14,22,14,598475,7135,104564,3392,0.06609174107969913,0.3222190557613755
981,0.2061,23,49,23,598524,7086,104587,3369,0.06563785245840899,0.3222381635581062
982,0.2062,17,32,17,598556,7054,104604,3352,0.06534143539960725,0.3221218527772439
983,0.2063,34,55,34,598611,6999,104638,3318,0.06483196857979177,0.3216051177667927
984,0.2064,18,34,18,598645,6965,104656,3300,0.06451702545481493,0.32148075986361424
985,0.2065,14,23,14,598668,6942,104670,3286,0.06430397569380118,0.32127493156042236
986,0.2066,13,29,13,598697,6913,104683,3273,0.0640353477342621,0.32132338503828783
987,0.2067,5,29,5,598726,6884,104688,3268,0.06376671977472304,0.3219070133963751
988,0.2068,14,37,14,598763,6847,104702,3254,0.06342398755048353,0.32214632214632216
989,0.2069,23,40,23,598803,6807,104725,3231,0.06305346622698137,0.3218768679019725
990,0.207,11,38,11,598841,6769,104736,3220,0.06270147096965431,0.322354590049054
991,0.2071,1,5,1,598846,6764,104737,3219,0.06265515580421653,0.3224481618751878
992,0.2072,6,17,6,598863,6747,104743,3213,0.062497684241728114,0.3225903614457831
993,0.2073,21,43,21,598906,6704,104764,3192,0.06209937381896328,0.322554567502021
994,0.2074,20,25,20,598931,6679,104784,3172,0.06186779799177443,0.32199776672419045
995,0.2075,17,21,17,598952,6658,104801,3155,0.06167327429693579,0.3215122796290635
996,0.2076,10,20,10,598972,6638,104811,3145,0.061488013635184705,0.32147602984769497
997,0.2077,28,46,28,599018,6592,104839,3117,0.061061914113157215,0.32104233185703984
998,0.2078,23,40,23,599058,6552,104862,3094,0.060691392789655046,0.32075471698113206
999,0.2079,20,47,20,599105,6505,104882,3074,0.06025603023454,0.3209103246685458
1000,0.208,10,21,10,599126,6484,104892,3064,0.06006150653970136,0.32090490155006285
1001,0.2081,6,21,6,599147,6463,104898,3058,0.05986698284486272,0.3211847495011028
1002,0.2082,26,46,26,599193,6417,104924,3032,0.05944088332283523,0.3208805164567679
1003,0.2083,9,26,9,599219,6391,104933,3023,0.05920004446255882,0.32111748459740813
1004,0.2084,16,30,16,599249,6361,104949,3007,0.058922153469932195,0.3209863364645602
1005,0.2085,4,18,4,599267,6343,104953,3003,0.058755418874356216,0.32131393109351597
1006,0.2086,26,43,26,599310,6300,104979,2977,0.05835710845159139,0.32090115339010455
1007,0.2087,2,3,2,599313,6297,104981,2975,0.058329319352328726,0.32085849870578087
1008,0.2088,23,38,23,599351,6259,105004,2952,0.05797732409500167,0.3204863749864293
1009,0.2089,16,18,16,599369,6241,105020,2936,0.05781058949942569,0.31993026043369294
1010,0.209,12,15,12,599384,6226,105032,2924,0.05767164400311238,0.31956284153005465
1011,0.2091,8,10,8,599394,6216,105040,2916,0.057579013672236834,0.3193166885676741
1012,0.2092,13,22,13,599416,6194,105053,2903,0.057375226944310645,0.31911619215125864
1013,0.2093,7,7,7,599423,6187,105060,2896,0.05731038571269777,0.31883738852801935
1014,0.2094,13,24,13,599447,6163,105073,2883,0.057088072918596466,0.3187043997346894
1015,0.2095,2,4,2,599451,6159,105075,2881,0.05705102078624625,0.31869469026548675
1016,0.2096,29,42,29,599493,6117,105104,2852,0.05666197339656897,0.3179841676887055
1017,0.2097,10,11,10,599504,6106,105114,2842,0.056560080032605875,0.31761287438533753
1018,0.2098,18,33,18,599537,6073,105132,2824,0.05625439994071659,0.3174103630437226
1019,0.2099,19,34,19,599571,6039,105151,2805,0.055939456815739745,0.31716417910447764
1020,0.21,10,15,10,599586,6024,105161,2795,0.055800511319426434,0.31692935706996256
1021,0.2101,13,15,13,599601,6009,105174,2782,0.05566156582311312,0.3164600159253782
1022,0.2102,4,6,4,599607,6003,105178,2778,0.055605987624587794,0.31636487871540825
1023,0.2103,5,10,5,599617,5993,105183,2773,0.055513357293712255,0.3163358430298882
1024,0.2104,14,21,14,599638,5972,105197,2759,0.055318833598873615,0.31600045813767036
1025,0.2105,6,8,6,599646,5964,105203,2753,0.05524472933417318,0.31581966272800277
1026,0.2106,24,41,24,599687,5923,105227,2729,0.05486494497758346,0.3154184003698567
1027,0.2107,9,17,9,599704,5906,105236,2720,0.05470747341509504,0.3153257593322513
1028,0.2108,26,49,26,599753,5857,105262,2694,0.05425358479380488,0.31505087124312947
1029,0.2109,20,33,20,599786,5824,105282,2674,0.05394790470191559,0.31466227347611203
1030,0.211,2,5,2,599791,5819,105284,2672,0.05390158953647783,0.3146861382640443
1031,0.2111,17,15,17,599806,5804,105301,2655,0.05376264404016451,0.3138668873389289
1032,0.2112,0,1,0,599807,5803,105301,2655,0.05375338100707696,0.31390399621659965
1033,0.2113,26,22,26,599829,5781,105327,2629,0.053549594279150764,0.3126040428061831
1034,0.2114,16,19,16,599848,5762,105343,2613,0.053373596650487236,0.312
1035,0.2115,4,10,4,599858,5752,105347,2609,0.05328096631961169,0.31204401387393854
1036,0.2116,8,6,8,599864,5746,105355,2601,0.05322538812108637,0.31160896130346233
1037,0.2117,8,21,8,599885,5725,105363,2593,0.05303086442624773,0.31173358980524163
1038,0.2118,3,2,3,599887,5723,105366,2590,0.053012338360072624,0.3115602069048478
1039,0.2119,4,2,4,599889,5721,105370,2586,0.05299381229389751,0.311303719754424
1040,0.212,19,25,19,599914,5696,105389,2567,0.05276223646670866,0.3106619871717294
1041,0.2121,5,17,5,599931,5679,105394,2562,0.05260476490422024,0.31088460138332724
1042,0.2122,1,2,1,599933,5677,105395,2561,0.05258623883804513,0.31087642631706724
1043,0.2123,2,6,2,599939,5671,105397,2559,0.052530660639519805,0.3109356014580802
1044,0.2124,57,153,57,600092,5518,105454,2502,0.05111341657712401,0.31197007481296757
1045,0.2125,29,50,29,600142,5468,105483,2473,0.0506502649227463,0.3114217352978214
1046,0.2126,58,120,58,600262,5348,105541,2415,0.0495387009522398,0.31109107303877365
1047,0.2127,71,130,71,600392,5218,105612,2344,0.048334506650857756,0.30997090716741604
1048,0.2128,81,157,81,600549,5061,105693,2263,0.04688021045611175,0.3089841616602949
1049,0.2129,43,73,43,600622,4988,105736,2220,0.04620400904072029,0.30799112097669257
1050,0.213,31,73,31,600695,4915,105767,2189,0.04552780762532884,0.30813626126126126
1051,0.2131,36,93,36,600788,4822,105803,2153,0.0446663455481863,0.30867383512544805
1052,0.2132,43,81,43,600869,4741,105846,2110,0.043916039868094406,0.307984235877974
1053,0.2133,22,58,22,600927,4683,105868,2088,0.043378783949016265,0.30837394771821003
1054,0.2134,25,37,25,600964,4646,105893,2063,0.04303605172477676,0.3074973915635713
1055,0.2135,6,5,6,600969,4641,105899,2057,0.04298973655933899,0.30710659898477155
1056,0.2136,15,18,15,600987,4623,105914,2042,0.04282300196376301,0.30637659414853713
1057,0.2137,28,66,28,601053,4557,105942,2014,0.04221164177998444,0.3064982498858621
1058,0.2138,3,3,3,601056,4554,105945,2011,0.04218385268072178,0.3063214013709063
1059,0.2139,3,2,3,601058,4552,105948,2008,0.042165326614546667,0.30609756097560975
1060,0.214,7,26,7,601084,4526,105955,2001,0.04192448775427026,0.3065726980235943
1061,0.2141,7,26,7,601110,4500,105962,1994,0.04168364889399385,0.30705266399753617
1062,0.2142,8,20,8,601130,4480,105970,1986,0.041498388232242764,0.3071450665017012
1063,0.2143,24,71,24,601201,4409,105994,1962,0.04084071288302642,0.30795793439020563
1064,0.2144,4,13,4,601214,4396,105998,1958,0.04072029345288821,0.30815234497954047
1065,0.2145,7,32,7,601246,4364,106005,1951,0.04042387639408648,0.30894695170229614
1066,0.2146,66,167,66,601413,4197,106071,1885,0.03887694986846493,0.3099309437684972
1067,0.2147,7,26,7,601439,4171,106078,1878,0.03863611100818852,0.3104645395933212
1068,0.2148,40,128,40,601567,4043,106118,1838,0.03745044277298158,0.31253188233293655
1069,0.2149,58,137,58,601704,3906,106176,1780,0.03618140723998666,0.31304959549771366
1070,0.215,62,177,62,601881,3729,106238,1718,0.03454185038348957,0.3154029741141913
1071,0.2151,92,225,92,602106,3504,106330,1626,0.032457667938789875,0.3169590643274854
1072,0.2152,79,183,79,602289,3321,106409,1547,0.03076253288376746,0.3177896466721446
1073,0.2153,68,132,68,602421,3189,106477,1479,0.02953981251621031,0.31683804627249357
1074,0.2154,98,198,98,602619,2991,106575,1381,0.027705731964874577,0.3158737419945105
1075,0.2155,55,113,55,602732,2878,106630,1326,0.026659009225980954,0.3154138915318744
1076,0.2156,20,44,20,602776,2834,106650,1306,0.026251435770128572,0.3154589371980676
1077,0.2157,0,1,0,602777,2833,106650,1306,0.026242172737041016,0.31553515341870014
1078,0.2158,91,191,91,602968,2642,106741,1215,0.024472933417318165,0.3150116670987814
1079,0.2159,14,23,14,602991,2619,106755,1201,0.02425988365630442,0.3143979057591623
1080,0.216,18,28,18,603019,2591,106773,1183,0.024000518729852902,0.3134605193428723
1081,0.2161,37,85,37,603104,2506,106810,1146,0.023213160917410797,0.3138006571741512
1082,0.2162,38,129,38,603233,2377,106848,1108,0.022018229649116306,0.31793400286944046
1083,0.2163,38,88,38,603321,2289,106886,1070,0.02120308273741154,0.3185471866626972
1084,0.2164,13,23,13,603344,2266,106899,1057,0.02099003297639779,0.318086066807102
1085,0.2165,81,123,81,603467,2143,106980,976,0.019850679906628626,0.3129208079512664
1086,0.2166,40,94,40,603561,2049,107020,936,0.018979954796398534,0.3135678391959799
1087,0.2167,53,96,53,603657,1953,107073,883,0.01809070361999333,0.3113540197461213
1088,0.2168,47,104,47,603761,1849,107120,836,0.017127348178887693,0.31135940409683427
1089,0.2169,53,128,53,603889,1721,107173,783,0.01594167994368076,0.31269968051118213
1090,0.217,12,38,12,603927,1683,107185,771,0.015589684686353699,0.3141809290953545
1091,0.2171,13,24,13,603951,1659,107198,758,0.0153673718922524,0.31361191559784857
1092,0.2172,23,62,23,604013,1597,107221,735,0.01479306384082404,0.315180102915952
1093,0.2173,26,52,26,604065,1545,107247,709,0.014311386120271222,0.31455190771960956
1094,0.2174,0,13,0,604078,1532,107247,709,0.014190966690133018,0.31637661758143687
1095,0.2175,41,83,41,604161,1449,107288,668,0.013422134943866019,0.31554085970713275
1096,0.2176,35,70,35,604231,1379,107323,633,0.012773722627737226,0.31461232604373757
1097,0.2177,16,10,16,604241,1369,107339,617,0.012681092296861684,0.31067472306143
1098,0.2178,35,64,35,604305,1305,107374,582,0.012088258179258217,0.30842607313195547
1099,0.2179,25,74,25,604379,1231,107399,557,0.011402793730779206,0.31152125279642057
1100,0.218,24,60,24,604439,1171,107423,533,0.010847011745525955,0.31279342723004694
1101,0.2181,11,39,11,604478,1132,107434,522,0.010485753455111341,0.31559854897218864
1102,0.2182,36,88,36,604566,1044,107470,486,0.009670606543406573,0.3176470588235294
1103,0.2183,30,53,30,604619,991,107500,456,0.0091796657897662,0.3151347615756738
1104,0.2184,5,31,5,604650,960,107505,451,0.008892511764052022,0.3196314670446492
1105,0.2185,1,4,1,604654,956,107506,450,0.008855459631701805,0.3200568990042674
1106,0.2186,5,10,5,604664,946,107511,445,0.008762829300826263,0.3199137311286844
1107,0.2187,48,148,48,604812,798,107559,397,0.0073919004038682425,0.3322175732217573
1108,0.2188,17,24,17,604836,774,107576,380,0.0071695876097669425,0.3292894280762565
1109,0.2189,40,94,40,604930,680,107616,340,0.006298862499536848,0.3333333333333333
1110,0.219,35,80,35,605010,600,107651,305,0.005557819852532514,0.3370165745856354
1111,0.2191,70,188,70,605198,412,107721,235,0.003816369632072326,0.36321483771251933
1112,0.2192,16,28,16,605226,384,107737,219,0.0035570047056208086,0.36318407960199006
1113,0.2193,24,48,24,605274,336,107761,195,0.0031123791174182073,0.3672316384180791
1114,0.2194,8,14,8,605288,322,107769,187,0.002982696654192449,0.36738703339882123
1115,0.2195,70,111,70,605399,211,107839,117,0.001954499981473934,0.3567073170731707
1116,0.2196,19,35,19,605434,176,107858,98,0.0016302938234095373,0.35766423357664234
1117,0.2197,9,18,9,605452,158,107867,89,0.0014635592278335618,0.3603238866396761
1118,0.2198,2,2,2,605454,156,107869,87,0.0014450331616584534,0.35802469135802467
1119,0.2199,27,71,27,605525,85,107896,60,0.000787357812442106,0.41379310344827586
1120,0.22,3,5,3,605530,80,107899,57,0.0007410426470043351,0.41605839416058393
1121,0.2201,14,16,14,605546,64,107913,43,0.0005928341176034681,0.40186915887850466
1122,0.2202,2,5,2,605551,59,107915,41,0.0005465189521656972,0.41
1123,0.2203,0,1,0,605552,58,107915,41,0.000537255919078143,0.41414141414141414
1124,0.2204,2,4,2,605556,54,107917,39,0.0005002037867279261,0.41935483870967744
1125,0.2205,19,25,19,605581,29,107936,20,0.0002686279595390715,0.40816326530612246
1126,0.2208,5,10,5,605591,19,107941,15,0.00017599762866352957,0.4411764705882353
1127,0.2209,1,0,1,605591,19,107942,14,0.00017599762866352957,0.42424242424242425
1128,0.221,0,2,0,605593,17,107942,14,0.00015747156248842122,0.45161290322580644
1129,0.2214,4,2,4,605595,15,107946,10,0.00013894549631331284,0.4
1130,0.2215,2,3,2,605598,12,107948,8,0.00011115639705065027,0.4
1131,0.2217,2,5,2,605603,7,107950,6,6.484123161287932e-05,0.46153846153846156
1132,0.2218,0,1,0,605604,6,107950,6,5.5578198525325135e-05,0.5
1133,0.2219,6,6,6,605610,0,107956,0,0.0,
