,y_proba,y_test,Neg,Pos,TN,FP,FN,TP,FP/P,Prec
0,0.1164,0,4,0,4,605606,0,107956,5.609748416021342,0.15129168873903037
1,0.1166,0,21,0,25,605585,0,107956,5.609553892326503,0.15129614135697877
2,0.1167,0,8,0,33,605577,0,107956,5.609479788061803,0.1512978376613275
3,0.1168,0,21,0,54,605556,0,107956,5.609285264366965,0.15130229064122258
4,0.1169,0,10,0,64,605546,0,107956,5.609192634036089,0.1513044111999686
5,0.117,1,19,1,83,605527,1,107955,5.609016636407425,0.15130725091873376
6,0.1171,1,28,1,111,605499,2,107954,5.6087572714809735,0.15131199952905097
7,0.1172,0,11,0,122,605488,2,107954,5.60865537811701,0.15131433248953663
8,0.1173,0,16,0,138,605472,2,107954,5.60850716958761,0.15131772601503168
9,0.1174,1,15,1,153,605457,3,107953,5.608368224091296,0.1513197179742364
10,0.1175,0,34,0,187,605423,3,107953,5.6080532809663195,0.15132692997802
11,0.1176,1,41,1,228,605382,4,107952,5.6076734966097295,0.15133443800519814
12,0.1177,2,23,2,251,605359,6,107950,5.607460446848716,0.15133693812919788
13,0.1178,1,109,1,360,605250,7,107949,5.6064507762421725,0.15135887739607037
14,0.1179,4,73,4,433,605177,11,107945,5.605774574826781,0.15136961137084537
15,0.118,14,310,14,743,604867,25,107931,5.602903034569639,0.15141877502462128
16,0.1181,12,267,12,1010,604600,37,107919,5.6004298047352625,0.1514612241919163
17,0.1182,10,338,10,1348,604262,47,107909,5.597298899551669,0.15152119364590808
18,0.1183,23,675,23,2023,603587,70,107886,5.59104635221757,0.15163751821924373
19,0.1184,21,503,21,2526,603084,91,107865,5.58638704657453,0.15171974361030116
20,0.1185,19,572,19,3098,602512,110,107846,5.58108859164845,0.15181922354643715
21,0.1186,11,488,11,3586,602024,121,107835,5.576568231501723,0.15191044982172516
22,0.1187,21,593,21,4179,601431,142,107814,5.571075252880803,0.1520123511621513
23,0.1188,19,507,19,4686,600924,161,107795,5.566378895105413,0.15209836338520627
24,0.1189,19,372,19,5058,600552,180,107776,5.562933046796843,0.15215549858257757
25,0.119,19,335,19,5393,600217,199,107757,5.559829930712512,0.1522047419820502
26,0.1191,10,392,10,5785,599825,209,107747,5.556198821742191,0.15227708275624247
27,0.1192,31,693,31,6478,599132,240,107716,5.5497795398125165,0.1523891982434696
28,0.1193,30,604,30,7082,598528,270,107686,5.544184667827634,0.15248352482392022
29,0.1194,34,1101,34,8183,597427,304,107652,5.533986068398236,0.1526807634321828
30,0.1195,49,996,49,9179,596431,353,107603,5.524760087443032,0.1528377890840499
31,0.1196,70,1738,70,10917,594693,423,107533,5.508660935936863,0.15313161289955085
32,0.1197,64,1349,64,12266,593344,487,107469,5.4961651043017525,0.153349038901961
33,0.1198,79,1659,79,13925,591685,566,107390,5.4807977324095,0.1536172799771126
34,0.1199,66,1246,66,15171,590439,632,107324,5.469255993182408,0.1538115377284264
35,0.12,44,1276,44,16447,589163,676,107280,5.457436362962689,0.15403988553262793
36,0.1201,51,928,51,17375,588235,727,107229,5.448840268257438,0.15418339410810625
37,0.1202,38,1134,38,18509,587101,765,107191,5.438335988736152,0.1543889314582337
38,0.1203,29,646,29,19155,586455,794,107162,5.432352069361592,0.1544973667023732
39,0.1204,23,729,23,19884,585726,817,107139,5.4255993182407645,0.15463185469030763
40,0.1205,38,701,38,20585,585025,855,107101,5.4191059320463895,0.15474205563726837
41,0.1206,73,1064,73,21649,583961,928,107028,5.409250064841232,0.15489103299763093
42,0.1207,55,969,55,22618,582992,983,106973,5.4002741857793914,0.15504119774191444
43,0.1208,45,1087,45,23705,581905,1028,106928,5.3902052688132205,0.15523065822920795
44,0.1209,54,1143,54,24848,580762,1082,106874,5.379617621994146,0.15542234554328163
45,0.121,69,1253,69,26101,579509,1151,106805,5.36801104153544,0.15562118796935515
46,0.1211,32,734,32,26835,578775,1183,106773,5.361211975249176,0.1557483939855415
47,0.1212,38,729,38,27564,578046,1221,106735,5.354459224128348,0.15586735029155308
48,0.1213,35,622,35,28186,577424,1256,106700,5.34869761754789,0.1559658775309739
49,0.1214,61,944,61,29130,576480,1317,106639,5.339953314313239,0.15610603716190005
50,0.1215,26,620,26,29750,575860,1343,106613,5.334210233798955,0.15621570377143126
51,0.1216,44,735,44,30485,575125,1387,106569,5.327401904479602,0.15632967284441407
52,0.1217,39,702,39,31187,574423,1426,106530,5.32089925525214,0.15644251512218904
53,0.1218,25,654,25,31841,573769,1451,106505,5.3148412316128795,0.15656191475787698
54,0.1219,19,672,19,32513,573097,1470,106486,5.308616473378043,0.1566931485925928
55,0.122,31,539,31,33052,572558,1501,106455,5.303623698543851,0.15677903074020674
56,0.1221,38,614,38,33666,571944,1539,106417,5.297936196228093,0.1568736999915974
57,0.1222,34,584,34,34250,571360,1573,106383,5.292526584904961,0.156966578776911
58,0.1223,31,464,31,34714,570896,1604,106352,5.288228537552336,0.15703553203553203
59,0.1224,37,460,37,35174,570436,1641,106315,5.283967542332062,0.15709618456418978
60,0.1225,34,527,34,35701,569909,1675,106281,5.27908592389492,0.15717623744805453
61,0.1226,38,611,38,36312,569298,1713,106243,5.273426210678425,0.1572709872531793
62,0.1227,49,688,49,37000,568610,1762,106194,5.267053243914187,0.1573701400703019
63,0.1228,37,560,37,37560,568050,1799,106157,5.261865945385157,0.15745460963769287
64,0.1229,45,776,45,38336,567274,1844,106112,5.254677831709214,0.1575797536628323
65,0.123,38,724,38,39060,566550,1882,106074,5.247971395753826,0.1577017769214301
66,0.1231,45,767,45,39827,565783,1927,106029,5.240866649375672,0.15782540353551291
67,0.1232,42,787,42,40614,564996,1969,105987,5.233576642335766,0.157957802209594
68,0.1233,50,699,50,41313,564297,2019,105937,5.227101782207566,0.1580597224253022
69,0.1234,37,542,37,41855,563755,2056,105900,5.222081218274112,0.15814113237413294
70,0.1235,44,729,44,42584,563026,2100,105856,5.2153284671532845,0.15825810830609882
71,0.1236,32,599,32,43183,562427,2132,105824,5.20977991033384,0.15835965827211632
72,0.1237,37,738,37,43921,561689,2169,105787,5.202943791915224,0.1584880954521211
73,0.1238,34,632,34,44553,561057,2203,105753,5.197089555003891,0.15859540198857244
74,0.1239,45,654,45,45207,560403,2248,105708,5.19103153136463,0.15869427167544148
75,0.124,40,787,40,45994,559616,2288,105668,5.1837415243247245,0.1588314163575255
76,0.1241,62,1094,62,47088,558522,2350,105606,5.17360776612694,0.15901452732003468
77,0.1242,62,893,62,47981,557629,2412,105544,5.165335877579754,0.15915002570973186
78,0.1243,49,923,49,48904,556706,2461,105495,5.156786098039942,0.15930963559402658
79,0.1244,57,963,57,49867,555743,2518,105438,5.147865797176627,0.1594691922484161
80,0.1245,53,1088,53,50955,554655,2571,105385,5.137787617177368,0.15966456578389188
81,0.1246,72,980,72,51935,553675,2643,105313,5.128709844751565,0.15981019381233041
82,0.1247,68,1277,68,53212,552398,2711,105245,5.116880951498759,0.1600336352701998
83,0.1248,52,925,52,54137,551473,2763,105193,5.108312645892771,0.16019254841883088
84,0.1249,65,1315,65,55452,550158,2828,105128,5.096131757382637,0.16043071269644094
85,0.125,56,812,56,56264,549346,2884,105072,5.088610174515543,0.16055793086375986
86,0.1251,43,859,43,57123,548487,2927,105029,5.080653229093334,0.16071373921985077
87,0.1252,62,850,62,57973,547637,2989,104967,5.072779650968913,0.16084332918584623
88,0.1253,35,617,35,58590,547020,3024,104932,5.067064359553893,0.16095049942327042
89,0.1254,37,632,37,59222,546388,3061,104895,5.061210122642558,0.16105901735497472
90,0.1255,64,972,64,60194,545416,3125,104831,5.052206454481455,0.16121719900284046
91,0.1256,45,657,45,60851,544759,3170,104786,5.046120641742933,0.1613221562786258
92,0.1257,122,1809,122,62660,542950,3292,104664,5.029363814887547,0.1616147890564441
93,0.1258,46,785,46,63445,542165,3338,104618,5.022092333913816,0.1617513138100414
94,0.1259,116,1818,116,65263,540347,3454,104502,5.0052521397606435,0.1620565434698666
95,0.126,62,1031,62,66294,539316,3516,104440,4.995701952647375,0.16223538110712754
96,0.1261,95,1481,95,67775,537835,3611,104345,4.981983400644707,0.16248559593883335
97,0.1262,78,1249,78,69024,536586,3689,104267,4.9704138723183515,0.16270033845515275
98,0.1263,91,1471,91,70495,535115,3780,104176,4.95678795064656,0.16295552416661582
99,0.1264,68,1191,68,71686,533924,3848,104108,4.945755678239283,0.1631704992853023
100,0.1265,48,1070,48,72756,532854,3896,104060,4.9358442328356,0.1633815554376258
101,0.1266,96,1300,96,74056,531554,3992,103964,4.923802289821779,0.16358938692531133
102,0.1267,63,1011,63,75067,530543,4055,103901,4.914437363370262,0.16376701489808398
103,0.1268,104,1600,104,76667,528943,4159,103797,4.899616510430175,0.16404368302936434
104,0.1269,47,1028,47,77695,527915,4206,103750,4.890094112416169,0.16424845448141023
105,0.127,91,1401,91,79096,526514,4297,103659,4.877116603060506,0.16449292495870182
106,0.1271,63,980,63,80076,525534,4360,103596,4.868038830634703,0.16466549043917791
107,0.1272,80,1253,80,81329,524281,4440,103516,4.856432250175998,0.16488769458917452
108,0.1273,72,1009,72,82338,523272,4512,103444,4.8470858497906555,0.16505721889978875
109,0.1274,70,1107,70,83445,522165,4582,103374,4.836831672162733,0.16525588332621946
110,0.1275,73,1046,73,84491,521119,4655,103301,4.827142539553151,0.16543512379488165
111,0.1276,102,1357,102,85848,519762,4757,103199,4.81457260365334,0.16565884541728937
112,0.1277,89,1181,89,87029,518581,4846,103110,4.803632961576938,0.16585409793611294
113,0.1278,106,1584,106,88613,516997,4952,103004,4.788960317166253,0.16613521591094207
114,0.1279,92,1536,92,90149,515461,5044,102912,4.774732298343769,0.16642382510232498
115,0.128,76,1538,76,91687,513923,5120,102836,4.760485753455112,0.16673611572753702
116,0.1281,90,1417,90,93104,512506,5210,102746,4.747360035570047,0.16699823812031492
117,0.1282,104,1364,104,94468,511142,5314,102642,4.7347252584386235,0.16722821057570741
118,0.1283,95,1328,95,95796,509814,5409,102547,4.722423950498351,0.16746167701731496
119,0.1284,103,1204,103,97000,508610,5512,102444,4.711271258660936,0.16765130414005963
120,0.1285,99,1184,99,98184,507426,5611,102345,4.700303827485272,0.16784169794890214
121,0.1286,86,934,86,99118,506492,5697,102259,4.691652154581496,0.16798165423958236
122,0.1287,70,994,70,100112,505498,5767,102189,4.682444699692467,0.16816058266838027
123,0.1288,78,985,78,101097,504513,5845,102111,4.673320612101226,0.16832667352429181
124,0.1289,66,931,66,102028,503582,5911,102045,4.664696728296714,0.16849479960437694
125,0.129,70,911,70,102939,502671,5981,101975,4.6562581051539516,0.1686524015705057
126,0.1291,71,906,71,103845,501765,6052,101904,4.647865797176627,0.16880774066582846
127,0.1292,86,991,86,104836,500774,6138,101818,4.638686131386861,0.1689667303913759
128,0.1293,56,836,56,105672,499938,6194,101762,4.630942235725666,0.16912414824663455
129,0.1294,104,1021,104,106693,498917,6298,101658,4.621484678943273,0.16926778503933732
130,0.1295,55,703,55,107396,498214,6353,101603,4.6149727666827225,0.1693899972825045
131,0.1296,84,908,84,108304,497306,6437,101519,4.606561932639224,0.1695303302300338
132,0.1297,75,846,75,109150,496460,6512,101444,4.598725406647152,0.1696660333431454
133,0.1298,59,827,59,109977,495633,6571,101385,4.5910648782837455,0.1698190004321478
134,0.1299,58,849,58,110826,494784,6629,101327,4.5832005631924115,0.1699800876011347
135,0.13,88,804,88,111630,493980,6717,101239,4.575753084590018,0.1700869763902026
136,0.1301,51,691,51,112321,493289,6768,101188,4.569352328726518,0.1702134817663257
137,0.1302,65,797,65,113118,492492,6833,101123,4.5619696913557375,0.17035115352543315
138,0.1303,59,777,59,113895,491715,6892,101064,4.554772314646708,0.17049186965125282
139,0.1304,47,657,47,114552,491058,6939,101017,4.548686501908185,0.17061520922180468
140,0.1305,65,739,65,115291,490319,7004,100952,4.541841120456482,0.1707372761390293
141,0.1306,52,708,52,115999,489611,7056,100900,4.535282893030494,0.1708689592573212
142,0.1307,55,690,55,116689,488921,7111,100845,4.528891400200082,0.1709915457995205
143,0.1308,38,629,38,117318,488292,7149,100807,4.52306495238801,0.17112064355906223
144,0.1309,77,810,77,118128,487482,7226,100730,4.515561895587091,0.17124778141214392
145,0.131,82,746,82,118874,486736,7308,100648,4.508651672903776,0.17134957710799067
146,0.1311,69,877,69,119751,485859,7377,100579,4.50052799288599,0.1715083265409131
147,0.1312,69,766,69,120517,485093,7446,100510,4.493432509540924,0.17163504968383017
148,0.1313,100,970,100,121487,484123,7546,100410,4.484447367445997,0.17177815452677608
149,0.1314,61,641,61,122128,483482,7607,100349,4.478509763236874,0.17188021876193624
150,0.1315,78,896,78,123024,482586,7685,100271,4.470210085590426,0.17203362059647564
151,0.1316,56,752,56,123776,481834,7741,100215,4.463244284708585,0.17217622571295543
152,0.1317,63,777,63,124553,481057,7804,100152,4.456046907999555,0.17231667093936948
153,0.1318,59,750,59,125303,480307,7863,100093,4.44909963318389,0.1724552033080634
154,0.1319,79,769,79,126072,479538,7942,100014,4.44197636073956,0.17257122743084313
155,0.132,61,862,61,126934,478676,8003,99953,4.433991626218089,0.1727410828008966
156,0.1321,61,733,61,127667,477943,8064,99892,4.4272018229649115,0.17287287893602846
157,0.1322,86,844,86,128511,477099,8150,99806,4.419383823039016,0.17300248741127222
158,0.1323,96,1089,96,129600,476010,8246,99710,4.409296380006669,0.17319182936149516
159,0.1324,72,999,72,130599,475011,8318,99638,4.4000426099522025,0.17338932113342231
160,0.1325,133,1415,133,132014,473596,8451,99505,4.386935418133314,0.1736255913006608
161,0.1326,110,1418,110,133432,472178,8561,99395,4.373800437215162,0.17389729745806748
162,0.1327,126,1399,126,134831,470779,8687,99269,4.360841453925674,0.1741414758055462
163,0.1328,137,1960,137,136791,468819,8824,99132,4.342685909074067,0.17454322644030912
164,0.1329,117,1318,117,138109,467501,8941,99015,4.330477231464671,0.17477882354602517
165,0.133,158,2114,158,140223,465387,9099,98857,4.310895179517582,0.17520257193696345
166,0.1331,128,1571,128,141794,463816,9227,98729,4.2963429545370335,0.1755041818876712
167,0.1332,118,1333,118,143127,462483,9345,98611,4.283995331431324,0.1757477356735235
168,0.1333,130,1589,130,144716,460894,9475,98481,4.2692763718552005,0.1760554189944134
169,0.1334,130,1300,130,146016,459594,9605,98351,4.25723442884138,0.17627364704406348
170,0.1335,138,1510,138,147526,458084,9743,98213,4.243247248879173,0.17654777933370125
171,0.1336,96,1247,96,148773,456837,9839,98117,4.231696246618993,0.1768020412502658
172,0.1337,112,1155,112,149928,455682,9951,98005,4.220997443402868,0.1770043363849973
173,0.1338,125,1368,125,151296,454314,10076,97880,4.208325614139094,0.17725654389580472
174,0.1339,98,1100,98,152396,453214,10174,97782,4.198136277742784,0.17746408322383467
175,0.134,89,987,89,153383,452227,10263,97693,4.188993664085368,0.17764947628746
176,0.1341,139,1372,139,154755,450855,10402,97554,4.176284782689244,0.17788548327981488
177,0.1342,139,1318,139,156073,449537,10541,97415,4.164076105079848,0.17810520850092879
178,0.1343,137,1285,137,157358,448252,10678,97278,4.15217310756234,0.17831833263065275
179,0.1344,123,1336,123,158694,446916,10801,97155,4.139797695357368,0.17857044393103105
180,0.1345,132,1456,132,160150,445460,10933,97023,4.126310719181889,0.17884984414258143
181,0.1346,135,1221,135,161371,444239,11068,96888,4.115000555781985,0.1790485412851327
182,0.1347,145,1471,145,162842,442768,11213,96743,4.101374634110193,0.1793160843801146
183,0.1348,127,1306,127,164148,441462,11340,96616,4.089277112897848,0.17955761060664066
184,0.1349,118,1115,118,165263,440347,11458,96498,4.078948831005224,0.17975020722927473
185,0.135,144,1362,144,166625,438985,11602,96354,4.066332579939975,0.17998688681377595
186,0.1351,100,1188,100,167813,437797,11702,96254,4.055328096631961,0.18023372299649285
187,0.1352,110,1105,110,168918,436692,11812,96144,4.045092445070214,0.18043825867621557
188,0.1353,113,1214,113,170132,435478,11925,96031,4.033847122901923,0.18067615035681428
189,0.1354,95,967,95,171099,434511,12020,95936,4.024889769906258,0.18085878513781772
190,0.1355,97,921,97,172020,433590,12117,95839,4.0163585164326205,0.18102332890718112
191,0.1356,85,944,85,172964,432646,12202,95754,4.00761421319797,0.18121498864496594
192,0.1357,139,1080,139,174044,431566,12341,95615,3.997610137463411,0.1813703452893788
193,0.1358,122,992,122,175036,430574,12463,95493,3.988421208640557,0.18152250568843892
194,0.1359,104,1031,104,176067,429543,12567,95389,3.978871021527289,0.18171686999458977
195,0.136,102,994,102,177061,428549,12669,95287,3.96966356663826,0.18190235111752534
196,0.1361,74,901,74,177962,427648,12743,95213,3.9613175738263737,0.18210002275939494
197,0.1362,90,882,90,178844,426766,12833,95123,3.9531475786431507,0.18226672721594056
198,0.1363,90,915,90,179759,425851,12923,95033,3.9446719033680386,0.1824456116908947
199,0.1364,82,927,82,180686,424924,13005,94951,3.936085071695876,0.1826419812454917
200,0.1365,96,862,96,181548,424062,13101,94855,3.9281003371744045,0.18279416554092465
201,0.1366,99,1003,99,182551,423059,13200,94756,3.9188095149875877,0.18299199521064471
202,0.1367,80,781,80,183332,422278,13280,94676,3.9115750861462075,0.183142020373186
203,0.1368,161,1217,161,184549,421061,13441,94515,3.9003019748786545,0.18331923906465777
204,0.1369,99,1108,99,185657,419953,13540,94416,3.890038534217644,0.1835569406398908
205,0.137,163,1462,163,187119,418491,13703,94253,3.87649597984364,0.1838207760597881
206,0.1371,121,1468,121,188587,417023,13824,94132,3.8628978472711104,0.18415549099588188
207,0.1372,199,1739,199,190326,415284,14023,93933,3.8467894327318537,0.1844655618331674
208,0.1373,221,2173,221,192499,413111,14244,93712,3.8266608618325986,0.18490084309512395
209,0.1374,246,2445,246,194944,410666,14490,93466,3.8040127459335284,0.18539985559337635
210,0.1375,271,2723,271,197667,407943,14761,93195,3.7787895068361186,0.1859667397004418
211,0.1376,274,2978,274,200645,404965,15035,92921,3.751204194301382,0.1866310761901319
212,0.1377,215,2078,215,202723,402887,15250,92706,3.7319556115454446,0.18706075348118315
213,0.1378,244,2464,244,205187,400423,15494,92462,3.709131498017711,0.18759345486269616
214,0.1379,166,1615,166,206802,398808,15660,92296,3.694171699581311,0.18793575291587933
215,0.138,227,2077,227,208879,396731,15887,92069,3.6749323798584608,0.18835720130932898
216,0.1381,198,1918,198,210797,394813,16085,91871,3.657165882396532,0.188769304106977
217,0.1382,220,2073,220,212870,392740,16305,91651,3.637963614806032,0.1892087177507427
218,0.1383,304,2772,304,215642,389968,16609,91347,3.612286487087332,0.18978631457569367
219,0.1384,308,2534,308,218176,387434,16917,91039,3.5888139612434697,0.19026987938713366
220,0.1385,341,3101,341,221277,384333,17258,90698,3.560089295638964,0.1909306971545015
221,0.1386,312,2647,312,223924,381686,17570,90386,3.535570047056208,0.1914665559490925
222,0.1387,332,2778,332,226702,378908,17902,90054,3.5098373411389825,0.19202835197734572
223,0.1388,274,2616,274,229318,376292,18176,89780,3.4856052465819407,0.19263118144835992
224,0.1389,255,2046,255,231364,374246,18431,89525,3.466653080884805,0.19303708080065377
225,0.139,246,2065,246,233429,372181,18677,89279,3.4475249175590057,0.19347072335630391
226,0.1391,247,2082,247,235511,370099,18924,89032,3.4282392826707175,0.1939141552193165
227,0.1392,255,2098,255,237609,368001,19179,88777,3.408805439253029,0.19435480693028123
228,0.1393,195,1689,195,239298,366312,19374,88582,3.39316017636815,0.19473108020769675
229,0.1394,263,2274,263,241572,364038,19637,88319,3.372096039127052,0.1952418112243206
230,0.1395,198,1925,198,243497,362113,19835,88121,3.35426470043351,0.19572266865674293
231,0.1396,289,2456,289,245953,359657,20124,87832,3.3315146911704767,0.1962774503954287
232,0.1397,238,1862,238,247815,357795,20362,87594,3.314266923561451,0.1966685302061793
233,0.1398,297,2342,297,250157,355453,20659,87297,3.292572900070399,0.1971699604743083
234,0.1399,217,1771,217,251928,353682,20876,87080,3.2761680684723404,0.1975669408887336
235,0.14,256,1862,256,253790,351820,21132,86824,3.2589203008633145,0.19793727943389172
236,0.1401,208,1702,208,255492,350118,21340,86616,3.2431546185482976,0.19832667023863496
237,0.1402,230,1915,230,257407,348203,21570,86386,3.2254159101856312,0.19877631509311097
238,0.1403,252,2006,252,259413,346197,21822,86134,3.2068342658119975,0.19923160726387884
239,0.1404,257,1910,257,261323,344287,22079,85877,3.189141872614769,0.1996378125552115
240,0.1405,321,2341,321,263664,341946,22400,85556,3.1674571121568045,0.2001300578710743
241,0.1406,259,2015,259,265679,339931,22659,85297,3.148792100485383,0.2005912122437845
242,0.1407,347,2248,347,267927,337683,23006,84950,3.127968802104561,0.20100181481332505
243,0.1408,285,2053,285,269980,335630,23291,84665,3.1089517951758125,0.20144184441880109
244,0.1409,339,2277,339,272257,333353,23630,84326,3.0878598688354515,0.20189188347989726
245,0.141,301,2202,301,274459,331151,23931,84025,3.067462669976657,0.20238404917432606
246,0.1411,238,1891,238,276350,329260,24169,83787,3.049946274408092,0.20285100727035907
247,0.1412,335,2144,335,278494,327116,24504,83452,3.030086331468376,0.2032598741256016
248,0.1413,273,1835,273,280329,325281,24777,83179,3.013088665752714,0.20364050335406159
249,0.1414,267,2112,267,282441,323169,25044,82912,2.9935251398717995,0.20417601414496123
250,0.1415,267,1942,267,284383,321227,25311,82645,2.9755363296157693,0.2046316654781713
251,0.1416,408,2837,408,287220,318390,25719,82237,2.949257104746378,0.20527073811800003
252,0.1417,249,1865,249,289085,316525,25968,81988,2.9319815480380895,0.2057348191903401
253,0.1418,359,2528,359,291613,313997,26327,81629,2.9085646003927526,0.2063287043824218
254,0.1419,301,2095,301,293708,311902,26628,81328,2.8891585460743268,0.206820435877222
255,0.142,394,2563,394,296271,309339,27022,80934,2.8654173922709254,0.20737791238440784
256,0.1421,446,2697,446,298968,306642,27468,80488,2.8404349920337917,0.2079094877689665
257,0.1422,467,2844,467,301812,303798,27935,80021,2.8140909259327875,0.20848629171562638
258,0.1423,397,2873,397,304685,300925,28332,79624,2.787478231872244,0.20923455323755943
259,0.1424,393,2620,393,307305,298305,28725,79231,2.763209085182852,0.20986343024241397
260,0.1425,480,3078,480,310383,295227,29205,78751,2.7346974693393604,0.21057655797934638
261,0.1426,389,2408,389,312791,292819,29594,78362,2.71239208566453,0.21111533187312928
262,0.1427,348,2120,348,314911,290699,29942,78014,2.692754455518915,0.2115846200161101
263,0.1428,307,1923,307,316834,288776,30249,77707,2.6749416428915485,0.2120343917726061
264,0.1429,248,1532,248,318366,287244,30497,77459,2.6607506762014155,0.21238925920543567
265,0.143,228,1444,228,319810,285800,30725,77231,2.6473748564229873,0.2127394079293504
266,0.1431,192,1277,192,321087,284523,30917,77039,2.6355459631701805,0.21307272335035207
267,0.1432,233,1528,233,322615,282995,31150,76806,2.621392048612398,0.21346800036686947
268,0.1433,229,1369,229,323984,281626,31379,76577,2.608710956315536,0.2137810124426652
269,0.1434,231,1549,231,325533,280077,31610,76346,2.5943625180629146,0.21420054261369215
270,0.1435,279,1892,279,327425,278185,31889,76067,2.576836859461262,0.2147256755078306
271,0.1436,277,1981,277,329406,276204,32166,75790,2.558486790914817,0.2153161701619914
272,0.1437,307,2096,307,331502,274108,32473,75483,2.5390714735633035,0.21591802992639972
273,0.1438,317,1881,317,333383,272227,32790,75166,2.5216477083256144,0.21637165976286224
274,0.1439,328,1904,328,335287,270323,33118,74838,2.504010893326911,0.21682055620420615
275,0.144,309,1968,309,337255,268355,33427,74529,2.4857812442106044,0.21735922352749035
276,0.1441,362,2246,362,339501,266109,33789,74167,2.4649764718959575,0.21796130200190433
277,0.1442,353,2014,353,341515,264095,34142,73814,2.4463207232576236,0.2184434270765206
278,0.1443,383,2233,383,343748,261862,34525,73431,2.425636370373115,0.21900546686032812
279,0.1444,362,2199,362,345947,259663,34887,73069,2.4052669606135835,0.21960316410805092
280,0.1445,258,1680,258,347627,257983,35145,72811,2.3897050650264924,0.22010979642919762
281,0.1446,339,2038,339,349665,255945,35484,72472,2.370827003594057,0.22067067173745575
282,0.1447,268,1552,268,351217,254393,35752,72204,2.356450776242173,0.22107980171281427
283,0.1448,308,1753,308,352970,252640,36060,71896,2.3402126792396905,0.22153474498977002
284,0.1449,228,1356,228,354326,251284,36288,71668,2.3276520063729667,0.22191533107087122
285,0.145,256,1537,256,355863,249747,36544,71412,2.313414724517396,0.22235715019663158
286,0.1451,236,1451,236,357314,248296,36780,71176,2.2999740635073547,0.22279260780287474
287,0.1452,304,1467,304,358781,246829,37084,70872,2.286385193967913,0.22307767366171338
288,0.1453,254,1517,254,360298,245312,37338,70618,2.272333172774093,0.2235241983983794
289,0.1454,246,1443,246,361741,243869,37584,70372,2.2589666160287525,0.22394277003955562
290,0.1455,261,1352,261,363093,242517,37845,70111,2.2464429952943794,0.22426334173522525
291,0.1456,272,1501,272,364594,241016,38117,69839,2.2325391826299605,0.22466744945392547
292,0.1457,290,1606,290,366200,239410,38407,69549,2.2176627514913485,0.22510753854071253
293,0.1458,250,1531,250,367731,237879,38657,69299,2.2034810478343028,0.22559883845848336
294,0.1459,290,1614,290,369345,236265,38947,69009,2.1885305124309906,0.22605593663397472
295,0.146,267,1449,267,370794,234816,39214,68742,2.1751083774871245,0.22645425256458404
296,0.1461,314,1658,314,372452,233158,39528,68428,2.1597502686279597,0.2268938213312289
297,0.1462,296,1570,296,374022,231588,39824,68132,2.1452073066804993,0.22731883090884825
298,0.1463,316,1653,316,375675,229935,40140,67816,2.1298955129867725,0.2277607799805878
299,0.1464,271,1321,271,376996,228614,40411,67545,2.1176590462781135,0.22807005696264507
300,0.1465,259,1464,259,378460,227150,40670,67286,2.104097965837934,0.22852504449184202
301,0.1466,293,1377,293,379837,225773,40963,66993,2.091342769276372,0.22882780104247077
302,0.1467,215,1115,215,380952,224658,41178,66778,2.081014487383749,0.22913435539878396
303,0.1468,241,1128,241,382080,223530,41419,66537,2.0705657860609876,0.22938493520462513
304,0.1469,216,1086,216,383166,222444,41635,66321,2.060506132127904,0.22967118591242014
305,0.147,216,1089,216,384255,221355,41851,66105,2.0504186890955576,0.2299624295554164
306,0.1471,217,1086,217,385341,220269,42068,65888,2.0403590351624734,0.23025122572573797
307,0.1472,200,1065,200,386406,219204,42268,65688,2.0304939049242283,0.23057158502169242
308,0.1473,202,1067,202,387473,218137,42470,65486,2.020610248619808,0.23089100672371424
309,0.1474,160,949,160,388422,217188,42630,65326,2.011819630219719,0.23123101863978424
310,0.1475,215,1014,215,389436,216174,42845,65111,2.002426914668939,0.2314769717546261
311,0.1476,192,910,192,390346,215264,43037,64919,1.993997554559265,0.2317021375315419
312,0.1477,162,861,162,391207,214403,43199,64757,1.9860220830708808,0.23197091273821466
313,0.1478,204,1011,204,392218,213392,43403,64553,1.9766571566193634,0.23225098490708593
314,0.1479,162,812,162,393030,212580,43565,64391,1.9691355737522696,0.2324828231114449
315,0.148,196,964,196,393994,211616,43761,64195,1.9602060098558671,0.2327499628368702
316,0.1481,134,764,134,394758,210852,43895,64061,1.9531290525769758,0.233022810852888
317,0.1482,162,809,162,395567,210043,44057,63899,1.9456352588091446,0.23325740485212199
318,0.1483,177,917,177,396484,209126,44234,63722,1.9371410574678574,0.23354395121093063
319,0.1484,198,914,198,397398,208212,44432,63524,1.9286746452258328,0.23377101304207024
320,0.1485,166,912,166,398310,207300,44598,63358,1.9202267590499833,0.2340887762416038
321,0.1486,165,828,165,399138,206472,44763,63193,1.9125569676534884,0.23433890197096396
322,0.1487,180,1051,180,400189,205421,44943,63013,1.902821519878469,0.23474299082828554
323,0.1488,135,957,135,401146,204464,45078,62878,1.8939567972136797,0.2351968639420667
324,0.1489,167,967,167,402113,203497,45245,62711,1.8849994442180147,0.23557143286452698
325,0.149,185,916,185,403029,202581,45430,62526,1.8765145059098152,0.2358519390283923
326,0.1491,182,1009,182,404038,201572,45612,62344,1.8671681055244729,0.23622667818548326
327,0.1492,197,949,197,404987,200623,45809,62147,1.858377487124384,0.23650721162994254
328,0.1493,192,1069,192,406056,199554,46001,61955,1.8484753047537885,0.23691345230948074
329,0.1494,212,1178,212,407234,198376,46213,61743,1.8375634517766497,0.2373644370461212
330,0.1495,176,946,176,408180,197430,46389,61567,1.8288006224758235,0.2377131781449206
331,0.1496,201,1189,201,409369,196241,46590,61366,1.8177868761347216,0.2382155764400812
332,0.1497,181,881,181,410250,195360,46771,61185,1.8096261439845862,0.23849617026252704
333,0.1498,178,946,178,411196,194414,46949,61007,1.80086331468376,0.2388488025651767
334,0.1499,166,795,166,411991,193619,47115,60841,1.7934992033791544,0.23909848306217088
335,0.15,142,793,142,412784,192826,47257,60699,1.786153618140724,0.23942017552509615
336,0.1501,136,862,136,413646,191964,47393,60563,1.7781688836192522,0.2398278203914829
337,0.1502,119,680,119,414326,191284,47512,60444,1.7718700211197154,0.24011631602364458
338,0.1503,142,788,142,415114,190496,47654,60302,1.7645707510467228,0.240440513879696
339,0.1504,120,704,120,415818,189792,47774,60182,1.7580495757530845,0.24075303831598485
340,0.1505,147,760,147,416578,189032,47921,60035,1.7510096706065434,0.24103955963656365
341,0.1506,132,624,132,417202,188408,48053,59903,1.7452295379599096,0.2412418298021433
342,0.1507,146,748,146,417950,187660,48199,59757,1.738300789210419,0.2415234199751836
343,0.1508,142,708,142,418658,186952,48341,59615,1.7317425617844306,0.24178012467199586
344,0.1509,131,660,131,419318,186292,48472,59484,1.725628959946645,0.24202525877221534
345,0.151,107,570,107,419888,185722,48579,59377,1.720349031086739,0.24225721035173542
346,0.1511,127,687,127,420575,185035,48706,59250,1.7139853273555894,0.24254456884376854
347,0.1512,110,614,110,421189,184421,48816,59140,1.708297825039831,0.24281391519988832
348,0.1513,151,673,151,421862,183748,48967,58989,1.7020638037719071,0.24301610384902178
349,0.1514,107,631,107,422493,183117,49074,58882,1.6962188298936605,0.24331505502088852
350,0.1515,123,663,123,423156,182454,49197,58759,1.690077438956612,0.24359798186664897
351,0.1516,104,586,104,423742,181868,49301,58655,1.6846493015673052,0.243864412135222
352,0.1517,99,600,99,424342,181268,49400,58556,1.6790914817147726,0.24416238574954968
353,0.1518,114,562,114,424904,180706,49514,58442,1.6738856571195673,0.2443758676635389
354,0.1519,97,573,97,425477,180133,49611,58345,1.6685779391603988,0.244655691510328
355,0.152,95,514,95,425991,179619,49706,58250,1.6638167401533959,0.24488268752969072
356,0.1521,105,548,105,426539,179071,49811,58145,1.658740598021416,0.2451141575610414
357,0.1522,108,631,108,427170,178440,49919,58037,1.6528956241431694,0.24542344498619317
358,0.1523,94,560,94,427730,177880,50013,57943,1.6477083256141392,0.24570546553983283
359,0.1524,132,633,132,428363,177247,50145,57811,1.6418448256697173,0.24594355435679705
360,0.1525,99,599,99,428962,176648,50244,57712,1.6362962688502722,0.24625362689878819
361,0.1526,141,613,141,429575,176035,50385,57571,1.6306180295676016,0.24644486871056395
362,0.1527,148,720,148,430295,175315,50533,57423,1.6239486457445627,0.24672808050253933
363,0.1528,161,862,161,431157,174453,50694,57262,1.6159639112230908,0.2471225427788447
364,0.1529,152,859,152,432016,173594,50846,57110,1.6080069658008818,0.24754663985019765
365,0.153,161,802,161,432818,172792,51007,56949,1.6005780132646634,0.24788348618661885
366,0.1531,166,915,166,433733,171877,51173,56783,1.5921023379895514,0.24832939735852358
367,0.1532,142,807,142,434540,171070,51315,56641,1.584627070287895,0.24874072837939318
368,0.1533,152,839,152,435379,170231,51467,56489,1.5768553855274372,0.2491575511644319
369,0.1534,143,848,143,436227,169383,51610,56346,1.569000333469191,0.2496179046555826
370,0.1535,166,773,166,437000,168610,51776,56180,1.5618400088925117,0.24992214956181324
371,0.1536,143,791,143,437791,167819,51919,56037,1.5545129497202563,0.25032610249446074
372,0.1537,150,951,150,438742,166868,52069,55887,1.5457038052539924,0.25088999124598776
373,0.1538,167,882,167,439624,165986,52236,55720,1.5375338100707696,0.2513238252460466
374,0.1539,115,794,115,440418,165192,52351,55605,1.5301789617992516,0.25183766083778314
375,0.154,161,851,161,441269,164341,52512,55444,1.522296120641743,0.25226471324248695
376,0.1541,151,767,151,442036,163574,52663,55293,1.515191374263589,0.25263287750094804
377,0.1542,152,753,152,442789,162821,52815,55141,1.5082163103486605,0.2529844651820042
378,0.1543,126,756,126,443545,162065,52941,55015,1.5012134573344695,0.25343191450156627
379,0.1544,138,695,138,444240,161370,53079,54877,1.4947756493386195,0.25376999449703347
380,0.1545,137,676,137,444916,160694,53216,54740,1.4885138389714327,0.2540917403938097
381,0.1546,130,740,130,445656,159954,53346,54610,1.4816591944866426,0.25451613504595366
382,0.1547,120,639,120,446295,159315,53466,54490,1.4757401163436956,0.25485839900844226
383,0.1548,131,868,131,447163,158447,53597,54359,1.4676998036236986,0.25543922633760324
384,0.1549,154,752,154,447915,157695,53751,54205,1.4607340027418578,0.25580462482302974
385,0.155,152,852,152,448767,156843,53903,54053,1.4528418985512617,0.25630168424247024
386,0.1551,167,812,167,449579,156031,54070,53886,1.4453203156841676,0.256701458195382
387,0.1552,172,829,172,450408,155202,54242,53714,1.4376412612545852,0.25710812000995614
388,0.1553,186,896,186,451304,154306,54428,53528,1.4293415836081367,0.2575516999143547
389,0.1554,179,932,179,452236,153374,54607,53349,1.420708436770536,0.25806997769962703
390,0.1555,144,823,144,453059,152551,54751,53205,1.413084960539479,0.2585829817842493
391,0.1556,166,829,166,453888,151722,54917,53039,1.4054059061098967,0.25902881896454893
392,0.1557,157,777,157,454665,150945,55074,52882,1.398208529400867,0.2594455101630304
393,0.1558,148,747,148,455412,150198,55222,52734,1.391289043684464,0.25986044586363904
394,0.1559,147,678,147,456090,149520,55369,52587,1.3850087072511024,0.2601938577090353
395,0.156,120,618,120,456708,148902,55489,52467,1.3792841528029938,0.26055152481265736
396,0.1561,112,604,112,457312,148298,55601,52355,1.3736892808181111,0.26092308612380577
397,0.1562,98,472,98,457784,147826,55699,52257,1.3693171292007855,0.2611766117061419
398,0.1563,109,528,109,458312,147298,55808,52148,1.3644262477305569,0.2614642559890898
399,0.1564,122,529,122,458841,146769,55930,52026,1.3595261032272408,0.2617067833698031
400,0.1565,96,528,96,459369,146241,56026,51930,1.3546352217570121,0.2620464144602389
401,0.1566,89,438,89,459807,145803,56115,51841,1.3505780132646634,0.26229483313432234
402,0.1567,115,510,115,460317,145293,56230,51726,1.3458538663900108,0.2625432064927748
403,0.1568,94,460,94,460777,144833,56324,51632,1.3415928711697358,0.26280507978520345
404,0.1569,104,498,104,461275,144335,56428,51528,1.3369798806921338,0.26308184802642665
405,0.157,102,520,102,461795,143815,56530,51426,1.3321631034866057,0.2633975445731173
406,0.1571,105,476,105,462271,143339,56635,51321,1.3277538997369298,0.2636443028870852
407,0.1572,96,528,96,462799,142811,56731,51225,1.3228630182667012,0.26399740254385784
408,0.1573,105,533,105,463332,142278,56836,51120,1.3179258216310348,0.26432538082089785
409,0.1574,109,505,109,463837,141773,56945,51011,1.31324798992182,0.26460183417711014
410,0.1575,114,503,114,464340,141270,57059,50897,1.3085886842787802,0.26485817023734565
411,0.1576,94,400,94,464740,140870,57153,50803,1.3048834710437585,0.2650503722485692
412,0.1577,112,516,112,465256,140354,57265,50691,1.3001037459705806,0.2653353921850873
413,0.1578,92,462,92,465718,139892,57357,50599,1.2958242246841305,0.2656240977264018
414,0.1579,117,566,117,466284,139326,57474,50482,1.2905813479565749,0.2659634999578521
415,0.158,95,441,95,466725,138885,57569,50387,1.2864963503649636,0.26621475971089226
416,0.1581,95,537,95,467262,138348,57664,50292,1.281522101596947,0.2666030534351145
417,0.1582,108,484,108,467746,137864,57772,50184,1.2770387935825707,0.2668680336935251
418,0.1583,111,489,111,468235,137375,57883,50073,1.2725091704027567,0.26713008407665056
419,0.1584,91,466,91,468701,136909,57974,49982,1.2681925969839565,0.2674393095440658
420,0.1585,108,456,108,469157,136453,58082,49874,1.2639686538960317,0.2676692052144885
421,0.1586,111,490,111,469647,135963,58193,49763,1.25942976768313,0.267937714697996
422,0.1587,105,487,105,470134,135476,58298,49658,1.2549186705694912,0.2682273380362332
423,0.1588,107,453,107,470587,135023,58405,49551,1.2507225165808293,0.268461430103915
424,0.1589,113,438,113,471025,134585,58518,49438,1.2466653080884804,0.2686512012085446
425,0.159,119,535,119,471560,134050,58637,49319,1.241709585386639,0.268960402249017
426,0.1591,93,474,93,472034,133576,58730,49226,1.2373189077031383,0.26928589402741765
427,0.1592,134,596,134,472630,132980,58864,49092,1.231798139982956,0.26962959708247286
428,0.1593,145,506,145,473136,132474,59009,48947,1.2271110452406535,0.26979787345456147
429,0.1594,107,464,107,473600,132010,59116,48840,1.2228129978880284,0.27005805916505393
430,0.1595,97,519,97,474119,131491,59213,48743,1.2180054837155878,0.2704428687151148
431,0.1596,155,613,155,474732,130878,59368,48588,1.2123272444329172,0.27073651833773527
432,0.1597,94,481,94,475213,130397,59462,48494,1.2078717255178035,0.27108127295392165
433,0.1598,130,558,130,475771,129839,59592,48364,1.2027029530549482,0.2713983490738091
434,0.1599,111,494,111,476265,129345,59703,48253,1.1981270147096965,0.2716978794806248
435,0.16,129,622,129,476887,128723,59832,48124,1.1923654081292379,0.2721222299501829
436,0.1601,118,442,118,477329,128281,59950,48006,1.1882711475045389,0.2723173007652294
437,0.1602,99,446,99,477775,127835,60049,47907,1.1841398347474896,0.27259846820907924
438,0.1603,113,507,113,478282,127328,60162,47794,1.1794434769720998,0.2729183083793013
439,0.1604,110,421,110,478703,126907,60272,47684,1.1755437400422395,0.2731183165226157
440,0.1605,101,440,101,479143,126467,60373,47583,1.1714680054837157,0.27338695777075556
441,0.1606,96,386,96,479529,126081,60469,47487,1.1678924747119197,0.27359305862831856
442,0.1607,119,446,119,479975,125635,60588,47368,1.1637611619548704,0.273798720253406
443,0.1608,95,364,95,480339,125271,60683,47273,1.1603894179110008,0.27397649295252224
444,0.1609,138,524,138,480863,124747,60821,47135,1.1555355885731224,0.2742288314075936
445,0.161,101,456,101,481319,124291,60922,47034,1.1513116454851977,0.2745308623960309
446,0.1611,115,445,115,481764,123846,61037,46919,1.1471895957612361,0.2747577079612333
447,0.1612,88,424,88,482188,123422,61125,46831,1.143262069732113,0.2750671060128162
448,0.1613,132,581,132,482769,122841,61257,46699,1.1378802475082441,0.2754453226377256
449,0.1614,148,577,148,483346,122264,61405,46551,1.1325354774167253,0.2757515623611646
450,0.1615,103,485,103,483831,121779,61508,46448,1.1280429063692616,0.27610312256653213
451,0.1616,136,525,136,484356,121254,61644,46312,1.1231798139982956,0.27638065001253237
452,0.1617,150,649,150,485005,120605,61794,46162,1.1171681055244729,0.27680536317137083
453,0.1618,147,579,147,485584,120026,61941,46015,1.1118048093667792,0.2771303473238537
454,0.1619,122,526,122,486110,119500,62063,45893,1.1069324539627257,0.277478490625359
455,0.162,129,543,129,486653,118957,62192,45764,1.1019026269961836,0.2778273565604871
456,0.1621,115,417,115,487070,118540,62307,45649,1.0980399421986735,0.2780271516362241
457,0.1622,95,424,95,487494,118116,62402,45554,1.0941124161695506,0.27832834361825626
458,0.1623,82,384,82,487878,117732,62484,45472,1.0905554114639298,0.27862062204357735
459,0.1624,125,469,125,488347,117263,62609,45347,1.0862110489458667,0.2788696882110571
460,0.1625,133,589,133,488936,116674,62742,45214,1.0807551224572973,0.2792918560980431
461,0.1626,140,494,140,489430,116180,62882,45074,1.0761791841120456,0.27952174829771664
462,0.1627,153,601,153,490031,115579,63035,44921,1.0706121012264256,0.2798816199376947
463,0.1628,145,624,145,490655,114955,63180,44776,1.0648319685797918,0.2803212901690968
464,0.1629,164,679,164,491334,114276,63344,44612,1.0585423691133424,0.2807763959518655
465,0.163,155,672,155,492006,113604,63499,44457,1.052317610878506,0.2812648281359728
466,0.1631,109,438,109,492444,113166,63608,44348,1.0482604023861573,0.2815495765455769
467,0.1632,110,554,110,492998,112612,63718,44238,1.0431286820556522,0.2820401657634683
468,0.1633,133,613,133,493611,111999,63851,44105,1.0374504427729816,0.28253600163993237
469,0.1634,115,588,115,494199,111411,63966,43990,1.0320037793174996,0.283074111492204
470,0.1635,165,688,165,494887,110723,64131,43825,1.0256308125532625,0.283568858865854
471,0.1636,130,544,130,495431,110179,64261,43695,1.020591722553633,0.2839661021355135
472,0.1637,117,565,117,495996,109614,64378,43578,1.0153581088591648,0.2844665517781607
473,0.1638,129,463,129,496459,109151,64507,43449,1.0110693245396272,0.2847247706422018
474,0.1639,135,586,135,497045,108565,64642,43314,1.0056411871503206,0.28518755061595086
475,0.164,138,475,138,497520,108090,64780,43176,1.0012412464337324,0.2854309626750228
476,0.1641,147,624,147,498144,107466,64927,43029,0.9954611137870985,0.2859164756304196
477,0.1642,156,556,156,498700,106910,65083,42873,0.9903108673904183,0.28623408531008193
478,0.1643,136,525,136,499225,106385,65219,42737,0.9854477750194524,0.2865908450798675
479,0.1644,107,370,107,499595,106015,65326,42630,0.9820204527770573,0.28679067577113254
480,0.1645,118,483,118,500078,105532,65444,42512,0.9775464077957686,0.2871578719840048
481,0.1646,81,374,81,500452,105158,65525,42431,0.9740820334210234,0.2874943254578593
482,0.1647,84,410,84,500862,104748,65609,42347,0.9702841898551262,0.28788877936027735
483,0.1648,100,361,100,501223,104387,65709,42247,0.9669402349105191,0.2881118976499311
484,0.1649,119,418,119,501641,103969,65828,42128,0.9630682870799214,0.28835636597602965
485,0.165,93,418,93,502059,103551,65921,42035,0.9591963392493238,0.2887296855466872
486,0.1651,89,386,89,502445,103165,66010,41946,0.9556208084775278,0.2890614770761693
487,0.1652,98,436,98,502881,102729,66108,41848,0.9515821260513543,0.28945129584927065
488,0.1653,102,405,102,503286,102324,66210,41746,0.9478305976508948,0.28976192128826267
489,0.1654,101,370,101,503656,101954,66311,41645,0.9444032754084998,0.29000898334946623
490,0.1655,117,465,117,504121,101489,66428,41528,0.940095965022787,0.29037107476733537
491,0.1656,104,307,104,504428,101182,66532,41424,0.937252213864908,0.29047866148689394
492,0.1657,76,303,76,504731,100879,66608,41348,0.934445514839379,0.29071835868013807
493,0.1658,113,455,113,505186,100424,66721,41235,0.9302308347845418,0.2910863411431677
494,0.1659,105,414,105,505600,100010,66826,41130,0.9263959390862944,0.2914127816352558
495,0.166,92,364,92,505964,99646,66918,41038,0.9230241950424247,0.2917033919990902
496,0.1661,108,452,108,506416,99194,67026,40930,0.9188373040868502,0.2920984271074191
497,0.1662,123,537,123,506953,98657,67149,40807,0.9138630553188336,0.29259880686055184
498,0.1663,69,289,69,507242,98368,67218,40738,0.9111860387565305,0.2928558078012451
499,0.1664,121,508,121,507750,97860,67339,40617,0.9064804179480529,0.29331224679910745
500,0.1665,101,435,101,508185,97425,67440,40516,0.9024509985549668,0.2937197787459856
501,0.1666,113,428,113,508613,96997,67553,40403,0.8984864203934937,0.2940538573508006
502,0.1667,88,331,88,508944,96666,67641,40315,0.8954203564415132,0.2943108898314365
503,0.1668,184,709,184,509653,95957,67825,40131,0.8888528659824373,0.294890071130445
504,0.1669,98,352,98,510005,95605,67923,40033,0.8855922783356183,0.29514590306551264
505,0.167,103,515,103,510520,95090,68026,39930,0.8808218162955278,0.29573396533846835
506,0.1671,137,504,137,511024,94586,68163,39793,0.8761532476194005,0.29612513860052536
507,0.1672,135,551,135,511575,94035,68298,39658,0.8710493163881582,0.29663482755267667
508,0.1673,132,593,132,512168,93442,68430,39526,0.8655563377672385,0.29725949100535465
509,0.1674,94,407,94,512575,93035,68524,39432,0.8617862833006039,0.29767413770976925
510,0.1675,130,455,130,513030,92580,68654,39302,0.8575716032457668,0.29800882607179147
511,0.1676,153,730,153,513760,91850,68807,39149,0.8508095890918522,0.29884960953900414
512,0.1677,129,655,129,514415,91195,68936,39020,0.8447423024195042,0.29965825749721614
513,0.1678,122,521,122,514936,90674,69058,38898,0.8399162621808886,0.3002037477232736
514,0.1679,115,465,115,515401,90209,69173,38783,0.8356089517951758,0.30066205656164724
515,0.168,163,628,163,516029,89581,69336,38620,0.8297917670161917,0.3012457001115436
516,0.1681,115,374,115,516403,89207,69451,38505,0.8263273926414465,0.3014986845402155
517,0.1682,164,609,164,517012,88598,69615,38341,0.820686205491126,0.30204271342928496
518,0.1683,128,574,128,517586,88024,69743,38213,0.81536922449887,0.30270839769639646
519,0.1684,135,471,135,518057,87553,69878,38078,0.8110063359146319,0.3030939815809792
520,0.1685,168,671,168,518728,86882,70046,37910,0.804790840712883,0.3037854990704532
521,0.1686,144,550,144,519278,86332,70190,37766,0.7996961725147282,0.3043240019984206
522,0.1687,114,487,114,519765,85845,70304,37652,0.7951850754010893,0.30488189996518134
523,0.1688,120,389,120,520154,85456,70424,37532,0.7915817555300307,0.30516798386834487
524,0.1689,180,574,180,520728,84882,70604,37352,0.7862647745377747,0.3055778261367541
525,0.169,112,435,112,521163,84447,70716,37240,0.7822353551446886,0.3060310468661402
526,0.1691,146,538,146,521701,83909,70862,37094,0.7772518433435844,0.3065543829491831
527,0.1692,135,399,135,522100,83510,70997,36959,0.7735558931416503,0.3067926188480024
528,0.1693,170,627,170,522727,82883,71167,36789,0.7677479713957538,0.30741526840029415
529,0.1694,178,590,178,523317,82293,71345,36611,0.7622827818740968,0.30790385521092645
530,0.1695,94,349,94,523666,81944,71439,36517,0.7590499833265404,0.30826179080034777
531,0.1696,175,530,175,524196,81414,71614,36342,0.7541405757901367,0.30862121675328646
532,0.1697,103,414,103,524610,81000,71717,36239,0.7503056800918892,0.3091036259265262
533,0.1698,93,330,93,524940,80670,71810,36146,0.7472488791729964,0.3094267908505684
534,0.1699,160,493,160,525433,80177,71970,35986,0.7426822038608322,0.3097888312113151
535,0.17,101,389,101,525822,79788,72071,35885,0.7390788839897736,0.31022797022641413
536,0.1701,146,542,146,526364,79246,72217,35739,0.7340583200563192,0.31081445405922514
537,0.1702,131,494,131,526858,78752,72348,35608,0.7294823817110675,0.3113676110528157
538,0.1703,198,593,198,527451,78159,72546,35410,0.7239894030901478,0.31179283079009235
539,0.1704,134,457,134,527908,77702,72680,35276,0.7197561969691356,0.31223778080688275
540,0.1705,146,504,146,528412,77198,72826,35130,0.7150876282930083,0.3127448187451036
541,0.1706,148,515,148,528927,76683,72974,34982,0.7103171662529179,0.3132763175569785
542,0.1707,169,556,169,529483,76127,73143,34813,0.7051669198562377,0.3138002523886786
543,0.1708,132,426,132,529909,75701,73275,34681,0.7012208677609396,0.31419071950136795
544,0.1709,179,524,179,530433,75177,73454,34502,0.6963670384230612,0.31457252527831214
545,0.171,147,455,147,530888,74722,73601,34355,0.6921523583682241,0.31496099085966794
546,0.1711,106,378,106,531266,74344,73707,34249,0.6886509318611286,0.3153886530439347
547,0.1712,206,684,206,531950,73660,73913,34043,0.6823150172292416,0.31608218898266527
548,0.1713,86,247,86,532197,73413,73999,33957,0.6800270480566156,0.3162615255658005
549,0.1714,201,549,201,532746,72864,74200,33756,0.6749416428915485,0.3166010129431626
550,0.1715,99,292,99,533038,72572,74299,33657,0.6722368372299826,0.3168343860904273
551,0.1716,101,331,101,533369,72241,74400,33556,0.6691707732780021,0.3171734548238608
552,0.1717,92,280,92,533649,71961,74492,33464,0.666577124013487,0.3174199668010434
553,0.1718,78,218,78,533867,71743,74570,33386,0.6645577828004001,0.3175717451892437
554,0.1719,101,226,101,534093,71517,74671,33285,0.6624643373226129,0.31759890078433617
555,0.172,84,280,84,534373,71237,74755,33201,0.6598706880580978,0.3179015300944101
556,0.1721,100,269,100,534642,70968,74855,33101,0.6573789321575456,0.31806782038839615
557,0.1722,106,312,106,534954,70656,74961,32995,0.6544888658342287,0.3183278501895785
558,0.1723,135,389,135,535343,70267,75096,32860,0.6508855459631702,0.3186362446304072
559,0.1724,69,232,69,535575,70035,75165,32791,0.6487365222868576,0.3188979440997413
560,0.1725,109,377,109,535952,69658,75274,32682,0.6452443588128497,0.31934727379323824
561,0.1726,115,350,115,536302,69308,75389,32567,0.6420022972322057,0.3196760736196319
562,0.1727,116,325,116,536627,68983,75505,32451,0.6389918114787506,0.3199223140169963
563,0.1728,122,373,122,537000,68610,75627,32329,0.6355367001370928,0.32028254688475216
564,0.1729,101,320,101,537320,68290,75728,32228,0.6325725295490755,0.32061919258242305
565,0.173,96,276,96,537596,68014,75824,32132,0.6300159324169106,0.3208515567271783
566,0.1731,124,371,124,537967,67643,75948,32008,0.626579347141428,0.3212009914601961
567,0.1732,97,250,97,538217,67393,76045,31911,0.6242635888695395,0.3213465721421091
568,0.1733,135,419,135,538636,66974,76180,31776,0.6203823780058543,0.32178227848101265
569,0.1734,114,290,114,538926,66684,76294,31662,0.6176960984104635,0.32194496980050025
570,0.1735,94,240,94,539166,66444,76388,31568,0.6154729704694505,0.3220830102436436
571,0.1736,96,257,96,539423,66187,76484,31472,0.613092370965949,0.3222642050399861
572,0.1737,102,362,102,539785,65825,76586,31370,0.6097391529882544,0.3227532280467102
573,0.1738,135,340,135,540125,65485,76721,31235,0.606589721738486,0.3229425144747725
574,0.1739,88,297,88,540422,65188,76809,31147,0.6038386009114824,0.32331966574972754
575,0.174,106,305,106,540727,64883,76915,31041,0.6010133758197784,0.32359993328051373
576,0.1741,115,376,115,541103,64507,77030,30926,0.5975304753788581,0.3240598115955697
577,0.1742,110,331,110,541434,64176,77140,30816,0.5944644114268777,0.32440626579080345
578,0.1743,139,429,139,541863,63747,77279,30677,0.5904905702323169,0.3248856222994154
579,0.1744,93,294,93,542157,63453,77372,30584,0.5877672385045759,0.3252336846135032
580,0.1745,114,365,114,542522,63088,77486,30470,0.5843862314276187,0.32568032664229674
581,0.1746,124,392,124,542914,62696,77610,30346,0.5807551224572974,0.3261537800133273
582,0.1747,69,245,69,543159,62451,77679,30277,0.5784856793508466,0.32651410577171947
583,0.1748,117,402,117,543561,62049,77796,30160,0.5747619400496499,0.32708303961652335
584,0.1749,132,416,132,543977,61633,77928,30028,0.5709085182852273,0.32759843335769845
585,0.175,70,225,70,544202,61408,77998,29958,0.5688243358405276,0.32789002473567846
586,0.1751,57,267,57,544469,61141,78055,29901,0.5663511060061507,0.3284308341205158
587,0.1752,117,334,117,544803,60807,78172,29784,0.5632572529549076,0.32877438156108224
588,0.1753,126,327,126,545130,60480,78298,29658,0.5602282411352774,0.32902882247220927
589,0.1754,91,259,91,545389,60221,78389,29567,0.5578291155656008,0.32929790172406115
590,0.1755,93,254,93,545643,59967,78482,29474,0.555476305161362,0.32953567156002284
591,0.1756,64,216,64,545859,59751,78546,29410,0.5534754900144503,0.3298527383048642
592,0.1757,91,318,91,546177,59433,78637,29319,0.5505298454926081,0.3303474851270957
593,0.1758,101,335,101,546512,59098,78738,29218,0.5474267294082774,0.3308347298337787
594,0.1759,55,171,55,546683,58927,78793,29163,0.5458427507503056,0.3310591440572142
595,0.176,73,244,73,546927,58683,78866,29090,0.5435825706769425,0.33142310277648024
596,0.1761,112,299,112,547226,58384,78978,28978,0.5408129237837638,0.33170028158696
597,0.1762,83,281,83,547507,58103,79061,28895,0.538210011486161,0.3321340720476333
598,0.1763,71,208,71,547715,57895,79132,28824,0.5362833006039498,0.3323839066409899
599,0.1764,88,294,88,548009,57601,79220,28736,0.5335599688762088,0.3328352849878963
600,0.1765,82,176,82,548185,57425,79302,28654,0.5319296750527993,0.3328802611554502
601,0.1766,51,209,51,548394,57216,79353,28603,0.5299937011375004,0.33329449189573407
602,0.1767,112,310,112,548704,56906,79465,28491,0.5271221608803587,0.3336299870018853
603,0.1768,60,193,60,548897,56713,79525,28431,0.5253343954944607,0.3339166588367941
604,0.1769,95,306,95,549203,56407,79620,28336,0.5224999073696691,0.3343757006478411
605,0.177,73,229,73,549432,56178,79693,28263,0.5203786727926192,0.3347070735780012
606,0.1771,88,271,88,549703,55907,79781,28175,0.517868390825892,0.3350895554339811
607,0.1772,124,278,124,549981,55629,79905,28051,0.515293267627552,0.33521749521988525
608,0.1773,88,276,88,550257,55353,79993,27963,0.512736670495387,0.33562581016851506
609,0.1774,83,208,83,550465,55145,80076,27880,0.5108099596131758,0.3358024691358025
610,0.1775,70,209,70,550674,54936,80146,27810,0.5088739856978769,0.3360887535349141
611,0.1776,95,262,95,550936,54674,80241,27715,0.5064470710289377,0.3363919940768792
612,0.1777,59,133,59,551069,54541,80300,27656,0.505215087628293,0.3364599681253574
613,0.1778,82,205,82,551274,54336,80382,27574,0.5033161658453444,0.3366377731656696
614,0.1779,55,120,55,551394,54216,80437,27519,0.5022046018748378,0.33668563039089744
615,0.178,58,146,58,551540,54070,80495,27461,0.500852199044055,0.33681667095951234
616,0.1781,59,142,59,551682,53928,80554,27402,0.4995368483456223,0.33692364441165623
617,0.1782,56,125,56,551807,53803,80610,27346,0.498378969209678,0.33698505218795055
618,0.1783,52,109,52,551916,53694,80662,27294,0.4973692986031346,0.33701289079863683
619,0.1784,40,114,40,552030,53580,80702,27254,0.49631331283115343,0.33716010589603385
620,0.1785,49,120,49,552150,53460,80751,27205,0.49520174886064694,0.3372590342775677
621,0.1786,56,123,56,552273,53337,80807,27149,0.49406239579087774,0.33731332157145344
622,0.1787,35,108,35,552381,53229,80842,27114,0.4930619882174219,0.33747806280572046
623,0.1788,60,138,60,552519,53091,80902,27054,0.49178368965133945,0.33756316676024706
624,0.1789,49,149,49,552668,52942,80951,27005,0.4904034977212939,0.33778628341276096
625,0.179,28,79,28,552747,52863,80979,26977,0.4896717181073771,0.3378882765531062
626,0.1791,38,102,38,552849,52761,81017,26939,0.4887268887324466,0.33800501882057715
627,0.1792,43,97,43,552946,52664,81060,26896,0.4878283745229538,0.33805932629462043
628,0.1793,47,129,47,553075,52535,81107,26849,0.4866334432546593,0.33821676912224125
629,0.1794,35,79,35,553154,52456,81142,26814,0.4859016636407425,0.3382616374416551
630,0.1795,41,102,41,553256,52354,81183,26773,0.484956834265812,0.33835479671919827
631,0.1796,34,115,34,553371,52239,81217,26739,0.4838915854607433,0.33856263769657374
632,0.1797,31,110,31,553481,52129,81248,26708,0.48287265182111233,0.3387749407004325
633,0.1798,54,115,54,553596,52014,81302,26654,0.4818074030160436,0.33881629124930085
634,0.1799,30,90,30,553686,51924,81332,26624,0.4809737300381637,0.33895197840810715
635,0.18,33,111,33,553797,51813,81365,26591,0.47994553336544515,0.3391536146114994
636,0.1801,37,117,37,553914,51696,81402,26554,0.4788617584942013,0.3393482428115016
637,0.1802,33,73,33,553987,51623,81435,26521,0.4781855570788099,0.33938626126126126
638,0.1803,17,82,17,554069,51541,81452,26504,0.47742598836563044,0.3395989493241079
639,0.1804,43,129,43,554198,51412,81495,26461,0.47623105709733593,0.3397968487152158
640,0.1805,13,67,13,554265,51345,81508,26448,0.4756104338804698,0.33997917550422274
641,0.1806,26,89,26,554354,51256,81534,26422,0.4747860239356775,0.34014778959293496
642,0.1807,21,71,21,554425,51185,81555,26401,0.47412834858646113,0.3402804629701235
643,0.1808,32,71,32,554496,51114,81587,26369,0.4734706732372448,0.3403198120878128
644,0.1809,26,73,26,554569,51041,81613,26343,0.47279447182185336,0.3404192081050346
645,0.181,28,87,28,554656,50954,81641,26315,0.4719885879432361,0.3405634860034425
646,0.1811,36,91,36,554747,50863,81677,26279,0.4711456519322687,0.34065748878691243
647,0.1812,34,86,34,554833,50777,81711,26245,0.47034903108673903,0.3407467996156942
648,0.1813,24,85,24,554918,50692,81735,26221,0.46956167327429693,0.34091766021348796
649,0.1814,33,96,33,555014,50596,81768,26188,0.4686724220978917,0.34106063763284017
650,0.1815,27,89,27,555103,50507,81795,26161,0.4678480121530994,0.3412245004434705
651,0.1816,29,114,29,555217,50393,81824,26132,0.4667920263811182,0.34148317543286505
652,0.1817,33,89,33,555306,50304,81857,26099,0.4659676164363259,0.3415965341675065
653,0.1818,27,101,27,555407,50203,81884,26072,0.46503205009448295,0.34181579809898394
654,0.1819,25,98,25,555505,50105,81909,26047,0.4641242728519026,0.34203960500052527
655,0.182,20,105,20,555610,50000,81929,26027,0.46315165437770944,0.3423389059150039
656,0.1821,17,99,17,555709,49901,81946,26010,0.4622346141020416,0.34263808934146567
657,0.1822,19,78,19,555787,49823,81965,25991,0.46151209752121236,0.34282586329701636
658,0.1823,26,97,26,555884,49726,81991,25965,0.4606135833117196,0.3430394630801548
659,0.1824,25,112,25,555996,49614,82016,25940,0.45957612360591354,0.34333059798289967
660,0.1825,21,90,21,556086,49524,82037,25919,0.45874245062803365,0.34355738769667166
661,0.1826,37,122,37,556208,49402,82074,25882,0.457612360591352,0.34379150948408693
662,0.1827,14,59,14,556267,49343,82088,25868,0.45706584163918634,0.3439390514685352
663,0.1828,28,99,28,556366,49244,82116,25840,0.4561488013635185,0.3441478876991103
664,0.1829,24,99,24,556465,49145,82140,25816,0.45523176108785063,0.34439241739037635
665,0.183,29,69,29,556534,49076,82169,25787,0.45459261180480937,0.3444558727275156
666,0.1831,13,80,13,556614,48996,82182,25774,0.45385156915780506,0.34471044536578843
667,0.1832,19,88,19,556702,48908,82201,25755,0.45303642224610025,0.3449499752219975
668,0.1833,13,62,13,556764,48846,82214,25742,0.4524621141946719,0.3451225398187376
669,0.1834,25,94,25,556858,48752,82239,25717,0.4515913890844418,0.3453383287005331
670,0.1835,17,98,17,556956,48654,82256,25700,0.4506836118418615,0.3456438120343223
671,0.1836,19,69,19,557025,48585,82275,25681,0.45004446255882025,0.3457975385775456
672,0.1837,25,96,25,557121,48489,82300,25656,0.44915521138241504,0.3460246813675905
673,0.1838,30,109,30,557230,48380,82330,25626,0.44814554077587165,0.3462692214144799
674,0.1839,29,108,29,557338,48272,82359,25597,0.4471451332024158,0.34651883740134565
675,0.184,37,73,37,557411,48199,82396,25560,0.44646893178702435,0.3465339822936862
676,0.1841,31,92,31,557503,48107,82427,25529,0.44561673274296937,0.34669183551523713
677,0.1842,24,83,24,557586,48024,82451,25505,0.44484790099670235,0.34686994247167785
678,0.1843,31,103,31,557689,47921,82482,25474,0.44389380858868427,0.3470808638190612
679,0.1844,18,76,18,557765,47845,82500,25456,0.4431898180740302,0.34728039180911585
680,0.1845,27,106,27,557871,47739,82527,25429,0.4422079365667494,0.34754264159195275
681,0.1846,14,75,14,557946,47664,82541,25415,0.4415132090851829,0.34777432641388084
682,0.1847,33,83,33,558029,47581,82574,25382,0.44074437733891586,0.3478749503172841
683,0.1848,16,115,16,558144,47466,82590,25366,0.4396791285338471,0.34828097539543057
684,0.1849,29,86,29,558230,47380,82619,25337,0.43888250768831744,0.3484329661564696
685,0.185,28,81,28,558311,47299,82647,25309,0.43813220200822556,0.34857040546496254
686,0.1851,23,103,23,558414,47196,82670,25286,0.4371781096002075,0.3488590270687895
687,0.1852,23,116,23,558530,47080,82693,25263,0.4361035977620512,0.34921139571209375
688,0.1853,27,108,27,558638,46972,82720,25236,0.43510319018859533,0.34949036117881677
689,0.1854,27,72,27,558710,46900,82747,25209,0.4344362518062915,0.34959575087714434
690,0.1855,16,69,16,558779,46831,82763,25193,0.4337971025232502,0.3497861823836499
691,0.1856,31,98,31,558877,46733,82794,25162,0.4328893252806699,0.3499826135336254
692,0.1857,27,61,27,558938,46672,82821,25135,0.4323242802623291,0.3500355118581754
693,0.1858,18,67,18,559005,46605,82839,25117,0.431703657045463,0.3501993809430858
694,0.1859,19,81,19,559086,46524,82858,25098,0.43095335136537105,0.35042305436876936
695,0.186,23,88,23,559174,46436,82881,25075,0.4301382044536663,0.35064535526002993
696,0.1861,24,99,24,559273,46337,82905,25051,0.42922116417799844,0.35091331876505855
697,0.1862,22,87,22,559360,46250,82927,25029,0.42841528029938125,0.3511412898609689
698,0.1863,23,58,23,559418,46192,82950,25006,0.4278780243803031,0.3512177308351358
699,0.1864,29,112,29,559530,46080,82979,24977,0.426840564674497,0.3515065370055026
700,0.1865,19,61,19,559591,46019,82998,24958,0.42627551965615623,0.3516350367020302
701,0.1866,23,75,23,559666,45944,83021,24935,0.42558079217458966,0.35179672399441303
702,0.1867,20,76,20,559742,45868,83041,24915,0.4248768016599355,0.3519912973454078
703,0.1868,28,75,28,559817,45793,83069,24887,0.42418207417836895,0.35210809281267685
704,0.1869,25,80,25,559897,45713,83094,24862,0.42344103153136464,0.3522777187389302
705,0.187,24,77,24,559974,45636,83118,24838,0.42272777798362293,0.3524420353605585
706,0.1871,20,48,20,560022,45588,83138,24818,0.42228315239542036,0.35249836661648154
707,0.1872,21,74,21,560096,45514,83159,24797,0.42159768794694136,0.35267596819843267
708,0.1873,18,69,18,560165,45445,83177,24779,0.4209585386639001,0.3528565732513101
709,0.1874,12,65,12,560230,45380,83189,24767,0.4203564415132091,0.3530728327654782
710,0.1875,23,78,23,560308,45302,83212,24744,0.41963392493237983,0.35325357622134024
711,0.1876,23,84,23,560392,45218,83235,24721,0.4188558301530253,0.35346516249874893
712,0.1877,13,69,13,560461,45149,83248,24708,0.4182166808699841,0.35369397483430437
713,0.1878,38,79,38,560540,45070,83286,24670,0.4174849012560673,0.353742472039002
714,0.1879,16,70,16,560610,45000,83302,24654,0.4168364889399385,0.3539495219226462
715,0.188,20,85,20,560695,44915,83322,24634,0.41604913112749636,0.35419632201757034
716,0.1881,18,59,18,560754,44856,83340,24616,0.4155026121753307,0.35432980193459235
717,0.1882,13,60,13,560814,44796,83353,24603,0.41494683019007744,0.3545151947434401
718,0.1883,16,50,16,560864,44746,83369,24587,0.41448367853569973,0.35462189722065973
719,0.1884,15,58,15,560922,44688,83384,24572,0.41394642261662157,0.35477909327172974
720,0.1885,26,77,26,560999,44611,83410,24546,0.4132331690688799,0.3549315325997368
721,0.1886,12,72,12,561071,44539,83422,24534,0.412566230686576,0.3551894372620271
722,0.1887,17,34,17,561105,44505,83439,24517,0.4122512875615992,0.3552055866245545
723,0.1888,18,71,18,561176,44434,83457,24499,0.41159361221238283,0.35540307254870673
724,0.1889,12,63,12,561239,44371,83469,24487,0.41101004112786693,0.3556159051962009
725,0.189,17,65,17,561304,44306,83486,24470,0.4104079439771759,0.3557927183901361
726,0.1891,18,49,18,561353,44257,83504,24452,0.40995405535588575,0.35587768705700856
727,0.1892,19,59,19,561412,44198,83523,24433,0.40940753640372,0.3560053037257216
728,0.1893,14,69,14,561481,44129,83537,24419,0.4087683871206788,0.35623212931084786
729,0.1894,17,48,17,561529,44081,83554,24402,0.4083237615324762,0.35632200692142574
730,0.1895,19,74,19,561603,44007,83573,24383,0.4076382970839972,0.35652873227079984
731,0.1896,16,61,16,561664,43946,83589,24367,0.40707325206565637,0.3566963828261092
732,0.1897,21,58,21,561722,43888,83610,24346,0.40653599614657826,0.35680159451299936
733,0.1898,22,67,22,561789,43821,83632,24324,0.4059153729297121,0.35694475016508914
734,0.1899,16,62,16,561851,43759,83648,24308,0.40534106487828375,0.35711872125993505
735,0.19,30,103,30,561954,43656,83678,24278,0.40438697247026567,0.35737627697471075
736,0.1901,13,85,13,562039,43571,83691,24265,0.40359961465782357,0.3577009257621322
737,0.1902,22,55,22,562094,43516,83713,24243,0.40309014783800806,0.35778272996945054
738,0.1903,19,67,19,562161,43449,83732,24224,0.40246952462114194,0.3579566444519971
739,0.1904,21,60,21,562221,43389,83753,24203,0.4019137426358887,0.35807492010888864
740,0.1905,31,68,31,562289,43321,83784,24172,0.401283856385935,0.35814084423569853
741,0.1906,30,70,30,562359,43251,83814,24142,0.4006354440698062,0.3582271155758016
742,0.1907,27,68,27,562427,43183,83841,24115,0.40000555781985253,0.35833159975036405
743,0.1908,20,69,20,562496,43114,83861,24095,0.39936640853681127,0.35850853308336683
744,0.1909,30,68,30,562564,43046,83891,24065,0.39873652228685763,0.3585850307699185
745,0.191,18,73,18,562637,42973,83909,24047,0.39806032087146614,0.3588033422858848
746,0.1911,22,72,22,562709,42901,83931,24025,0.39739338248916223,0.35897857334966976
747,0.1912,36,80,36,562789,42821,83967,23989,0.3966523398421579,0.35906301451878464
748,0.1913,10,65,10,562854,42756,83977,23979,0.3960502426914669,0.35931670038210833
749,0.1914,26,88,26,562942,42668,84003,23953,0.3952350957797621,0.35954128578075983
750,0.1915,23,84,23,563026,42584,84026,23930,0.3944570010004076,0.3597738821902156
751,0.1916,35,96,35,563122,42488,84061,23895,0.3935677498240024,0.3599566153985207
752,0.1917,22,71,22,563193,42417,84083,23873,0.39291007447478604,0.36012973299140144
753,0.1918,23,64,23,563257,42353,84106,23850,0.3923172403571826,0.36025557754180326
754,0.1919,25,83,25,563340,42270,84131,23825,0.39154840861091555,0.36046599591497086
755,0.192,25,64,25,563404,42206,84156,23800,0.3909555744933121,0.36057328121685905
756,0.1921,26,65,26,563469,42141,84182,23774,0.39035347734262105,0.36067662899188346
757,0.1922,16,67,16,563536,42074,84198,23758,0.3897328541257549,0.3608883217887957
758,0.1923,21,74,21,563610,42000,84219,23737,0.3890473896772759,0.3610904057075924
759,0.1924,19,79,19,563689,41921,84238,23718,0.38831561006335913,0.36134005697832083
760,0.1925,28,65,28,563754,41856,84266,23690,0.38771351291266815,0.3614255637262381
761,0.1926,16,59,16,563813,41797,84282,23674,0.3871669939605024,0.36159521009301826
762,0.1927,19,67,19,563880,41730,84301,23655,0.3865463707436363,0.36178022482220695
763,0.1928,20,73,20,563953,41657,84321,23635,0.38587016932824486,0.36198921766832076
764,0.1929,14,57,14,564010,41600,84335,23621,0.38534217644225427,0.3621686266693243
765,0.193,27,65,27,564075,41535,84362,23594,0.38474007929156323,0.36226565738764605
766,0.1931,22,56,22,564131,41479,84384,23572,0.3842213494386602,0.3623618391723417
767,0.1932,23,78,23,564209,41401,84407,23549,0.383498832857831,0.3625712086220169
768,0.1933,23,71,23,564280,41330,84430,23526,0.38284115750861464,0.36274207475021586
769,0.1934,25,72,25,564352,41258,84455,23501,0.3821742191263107,0.36289936533918066
770,0.1935,19,70,19,564422,41188,84474,23482,0.38152580681018194,0.36310499458790785
771,0.1936,18,59,18,564481,41129,84492,23464,0.3809792878580162,0.3632591766909727
772,0.1937,23,60,23,564541,41069,84515,23441,0.38042350587276297,0.36337002015191444
773,0.1938,17,62,17,564603,41007,84532,23424,0.37984919782133464,0.363551706476696
774,0.1939,20,61,20,564664,40946,84552,23404,0.3792841528029938,0.3636985236985237
775,0.194,19,55,19,564719,40891,84571,23385,0.3787746859831783,0.36382164415956186
776,0.1941,15,71,15,564790,40820,84586,23370,0.37811701063396197,0.36407540115282755
777,0.1942,26,75,26,564865,40745,84612,23344,0.3774222831523954,0.3642434739190813
778,0.1943,21,48,21,564913,40697,84633,23323,0.3769776575641928,0.3643080287410184
779,0.1944,18,69,18,564982,40628,84651,23305,0.37633850828115156,0.3645222342139427
780,0.1945,19,75,19,565057,40553,84670,23286,0.375643780799585,0.36476135277808236
781,0.1946,19,44,19,565101,40509,84689,23267,0.37523620734373264,0.3648237581535374
782,0.1947,21,53,21,565154,40456,84710,23246,0.3747452665900923,0.3649178989670654
783,0.1948,19,60,19,565214,40396,84729,23227,0.37418948460483903,0.3650723794854062
784,0.1949,21,60,21,565274,40336,84750,23206,0.3736337026195858,0.3652072644864814
785,0.195,12,61,12,565335,40275,84762,23194,0.37306865760124497,0.3654382454426571
786,0.1951,15,60,15,565395,40215,84777,23179,0.3725128756159917,0.36563397166924316
787,0.1952,14,71,14,565466,40144,84791,23165,0.3718552002667754,0.36590374196401776
788,0.1953,25,58,25,565524,40086,84816,23140,0.3713179443476972,0.3659886755448708
789,0.1954,15,54,15,565578,40032,84831,23125,0.3708177405609693,0.36615102047279
790,0.1955,17,60,17,565638,39972,84848,23108,0.37026195857571603,0.3663284717818643
791,0.1956,14,68,14,565706,39904,84862,23094,0.36963207232576234,0.3665830661290835
792,0.1957,13,65,13,565771,39839,84875,23081,0.3690299751750713,0.3668308963763509
793,0.1958,18,64,18,565835,39775,84893,23063,0.36843714105746783,0.367023138865018
794,0.1959,27,70,27,565905,39705,84920,23036,0.36778872874133905,0.36716023015253185
795,0.196,21,63,21,565968,39642,84941,23015,0.36720515765682316,0.36731729894505005
796,0.1961,14,84,14,566052,39558,84955,23001,0.3664270628774686,0.3676689205390112
797,0.1962,17,66,17,566118,39492,84972,22984,0.36581570269369,0.36788526794289006
798,0.1963,19,87,19,566205,39405,84991,22965,0.36500981881507283,0.3682058682058682
799,0.1964,19,76,19,566281,39329,85010,22946,0.3643058283004187,0.3684624648735448
800,0.1965,21,74,21,566355,39255,85031,22925,0.3636203638519397,0.36868768092634285
801,0.1966,25,75,25,566430,39180,85056,22900,0.3629256363703731,0.36887886597938147
802,0.1967,21,86,21,566516,39094,85077,22879,0.36212901552484345,0.3691768996175754
803,0.1968,18,62,18,566578,39032,85095,22861,0.3615547074734151,0.3693632559417058
804,0.1969,14,59,14,566637,38973,85109,22847,0.3610081885212494,0.36957295373665483
805,0.197,18,63,18,566700,38910,85127,22829,0.3604246174367335,0.36976627415410035
806,0.1971,26,56,26,566756,38854,85153,22803,0.35990588758383046,0.36983635272556237
807,0.1972,20,94,20,566850,38760,85173,22783,0.35903516247360034,0.3701964480119591
808,0.1973,21,88,21,566938,38672,85194,22762,0.3582200155618956,0.3705114431747892
809,0.1974,25,75,25,567013,38597,85219,22737,0.357525288080329,0.370707927087749
810,0.1975,18,98,18,567111,38499,85237,22719,0.35661751083774873,0.3711163383318632
811,0.1976,24,87,24,567198,38412,85261,22695,0.3558116269591315,0.37139771220973045
812,0.1977,14,54,14,567252,38358,85275,22681,0.35531142317240355,0.37158210324546603
813,0.1978,38,119,38,567371,38239,85313,22643,0.35420912223498463,0.3719161656975789
814,0.1979,19,68,19,567439,38171,85332,22624,0.35357923598503094,0.3721358664363846
815,0.198,25,84,25,567523,38087,85357,22599,0.3528011412056764,0.3723923145371255
816,0.1981,25,65,25,567588,38022,85382,22574,0.35219904405498537,0.37253284045151497
817,0.1982,13,94,13,567682,37928,85395,22561,0.35132831894475525,0.3729769048917985
818,0.1983,32,93,32,567775,37835,85427,22529,0.35046685686761275,0.37321913723411304
819,0.1984,18,86,18,567861,37749,85445,22511,0.3496702360220831,0.37356455360106205
820,0.1985,20,83,20,567944,37666,85465,22491,0.34890140427581606,0.37387170237877554
821,0.1986,18,80,18,568024,37586,85483,22473,0.34816036162881175,0.3741820543132586
822,0.1987,21,100,21,568124,37486,85504,22452,0.3472340583200563,0.3745870733090861
823,0.1988,22,57,22,568181,37429,85526,22430,0.34670606543406574,0.3747139110242403
824,0.1989,25,85,25,568266,37344,85551,22405,0.34591870762162363,0.3749853554034377
825,0.199,29,74,29,568340,37270,85580,22376,0.34523324317314463,0.3751466988565872
826,0.1991,24,67,24,568407,37203,85604,22352,0.3446126199562785,0.37531693392662246
827,0.1992,18,83,18,568490,37120,85622,22334,0.3438437882100115,0.3756517643892757
828,0.1993,27,70,27,568560,37050,85649,22307,0.3431953758938827,0.37581077210775476
829,0.1994,22,83,22,568643,36967,85671,22285,0.3424265441476157,0.3761054479173699
830,0.1995,21,77,21,568720,36890,85692,22264,0.34171329059987404,0.3763735334888596
831,0.1996,23,92,23,568812,36798,85715,22241,0.34086109155581906,0.37671708531648573
832,0.1997,26,71,26,568883,36727,85741,22215,0.3402034162066027,0.37689593159377016
833,0.1998,28,81,28,568964,36646,85769,22187,0.3394531105265108,0.37711828395628305
834,0.1999,32,103,32,569067,36543,85801,22155,0.3384990181184927,0.37744045793723807
835,0.2,20,88,20,569155,36455,85821,22135,0.33768387120678794,0.377794845536781
836,0.2001,25,77,25,569232,36378,85846,22110,0.3369706176590463,0.37802626179729176
837,0.2002,35,108,35,569340,36270,85881,22075,0.3359702100855904,0.37835290084840173
838,0.2003,23,68,23,569408,36202,85904,22052,0.3353403238356367,0.3785491125072956
839,0.2004,34,64,34,569472,36138,85938,22018,0.33474748971803325,0.37860237980603895
840,0.2005,34,86,34,569558,36052,85972,21984,0.33395086887250364,0.378799365910814
841,0.2006,21,68,21,569626,35984,85993,21963,0.33332098262254994,0.3790187585207172
842,0.2007,25,89,25,569715,35895,86018,21938,0.3324965726777576,0.37933359846454445
843,0.2008,25,64,25,569779,35831,86043,21913,0.33190373856015415,0.37948531449154893
844,0.2009,26,68,26,569847,35763,86069,21887,0.33127385231020046,0.37965307892454464
845,0.201,29,76,29,569923,35687,86098,21858,0.3305698617955463,0.37984186288991223
846,0.2011,23,86,23,570009,35601,86121,21835,0.3297732409500167,0.38016226756737936
847,0.2012,22,76,22,570085,35525,86143,21813,0.32906925043536256,0.3804283372283651
848,0.2013,29,70,29,570155,35455,86172,21784,0.3284208381192338,0.38057967469732173
849,0.2014,33,88,33,570243,35367,86205,21751,0.32760569120752897,0.38080815154592246
850,0.2015,15,66,15,570309,35301,86220,21736,0.3269943310237504,0.381085961744131
851,0.2016,22,78,22,570387,35223,86242,21714,0.3262718144429212,0.3813688813952263
852,0.2017,26,76,26,570463,35147,86268,21688,0.32556782392826705,0.38159584762910176
853,0.2018,29,74,29,570537,35073,86297,21659,0.32488235947978805,0.3817774800817881
854,0.2019,35,88,35,570625,34985,86332,21624,0.3240672125680833,0.38198872970729036
855,0.202,36,108,36,570733,34877,86368,21588,0.3230668049946274,0.38232533427787124
856,0.2021,35,104,35,570837,34773,86403,21553,0.3221034495535218,0.3826474452295565
857,0.2022,28,105,28,570942,34668,86431,21525,0.3211308310793286,0.3830548288932785
858,0.2023,38,107,38,571049,34561,86469,21487,0.3201396865389603,0.3833678275763631
859,0.2024,29,95,29,571144,34466,86498,21458,0.31925969839564267,0.3836993062012732
860,0.2025,31,82,31,571226,34384,86529,21427,0.3185001296824632,0.3839207324720933
861,0.2026,45,111,45,571337,34273,86574,21382,0.3174719330097447,0.3841883029377414
862,0.2027,37,110,37,571447,34163,86611,21345,0.31645299937011373,0.38453916552569
863,0.2028,30,91,30,571538,34072,86641,21315,0.3156100633591463,0.3848375972701175
864,0.2029,64,145,64,571683,33927,86705,21251,0.314266923561451,0.38513538004277065
865,0.203,44,99,44,571782,33828,86749,21207,0.3133498832857831,0.38533660397928593
866,0.2031,40,113,40,571895,33715,86789,21167,0.31230316054688945,0.38568200867315333
867,0.2032,28,73,28,571968,33642,86817,21139,0.311626959131498,0.38588196637520306
868,0.2033,35,102,35,572070,33540,86852,21104,0.3106821297565675,0.3862089158919552
869,0.2034,41,90,41,572160,33450,86893,21063,0.3098484567786876,0.38638489901491385
870,0.2035,39,87,39,572247,33363,86932,21024,0.3090425729000704,0.3865629654145292
871,0.2036,30,100,30,572347,33263,86962,20994,0.308116269591315,0.3869362478574193
872,0.2037,39,78,39,572425,33185,87001,20955,0.30739375301048577,0.3870520871813816
873,0.2038,54,101,54,572526,33084,87055,20901,0.3064581866686428,0.38716310086135036
874,0.2039,38,105,38,572631,32979,87093,20863,0.3054855681944496,0.38748560603246535
875,0.204,34,102,34,572733,32877,87127,20829,0.30454073881951904,0.3878337615908837
876,0.2041,48,131,48,572864,32746,87175,20781,0.30332728148504945,0.38823397537691257
877,0.2042,46,116,46,572980,32630,87221,20735,0.3022527696468932,0.38855054811205847
878,0.2043,38,118,38,573098,32512,87259,20697,0.3011597317425618,0.38897554924918715
879,0.2044,59,148,59,573246,32364,87318,20638,0.2997888028456038,0.3893815327723482
880,0.2045,51,127,51,573373,32237,87369,20587,0.2986123976434844,0.38972815386945325
881,0.2046,65,113,65,573486,32124,87434,20522,0.29756567490459074,0.389811191733465
882,0.2047,54,102,54,573588,32022,87488,20468,0.2966208455296602,0.3899409411316441
883,0.2048,53,137,53,573725,31885,87541,20415,0.2953518099966653,0.39034416826003826
884,0.2049,63,145,63,573870,31740,87604,20352,0.2940086701989699,0.3906933886201336
885,0.205,43,119,43,573989,31621,87647,20309,0.292906369261551,0.3910841517427306
886,0.2051,55,99,55,574088,31522,87702,20254,0.29198932898588315,0.39118510506798515
887,0.2052,46,111,46,574199,31411,87748,20208,0.2909611323131646,0.39148375598132473
888,0.2053,58,128,58,574327,31283,87806,20150,0.2897754640779577,0.3917718196488636
889,0.2054,47,106,47,574433,31177,87853,20103,0.28879358257067694,0.3920241809672387
890,0.2055,72,110,72,574543,31067,87925,20031,0.287774648931046,0.3920114290187483
891,0.2056,51,115,51,574658,30952,87976,19980,0.28670940012597723,0.39228775622398493
892,0.2057,61,128,61,574786,30824,88037,19919,0.2855237318907703,0.3925467552174684
893,0.2058,44,111,44,574897,30713,88081,19875,0.2844955352180518,0.3928797343243457
894,0.2059,60,115,60,575012,30598,88141,19815,0.28343028641298307,0.3930533790887271
895,0.206,62,116,62,575128,30482,88203,19753,0.2823557745748268,0.39321190405096046
896,0.2061,45,94,45,575222,30388,88248,19708,0.2814850494645967,0.3934046630469499
897,0.2062,51,98,51,575320,30290,88299,19657,0.2805772722220164,0.3935571706008369
898,0.2063,61,107,61,575427,30183,88360,19596,0.2795861276816481,0.3936599770987766
899,0.2064,61,102,61,575529,30081,88421,19535,0.2786412983067176,0.39372379877458885
900,0.2065,61,137,61,575666,29944,88482,19474,0.2773722627737226,0.3940669391719616
901,0.2066,50,102,50,575768,29842,88532,19424,0.2764274333987921,0.39426785206836357
902,0.2067,71,154,71,575922,29688,88603,19353,0.27500092630330875,0.39462898391142104
903,0.2068,58,120,58,576042,29568,88661,19295,0.27388936233280226,0.39487956122219264
904,0.2069,53,92,53,576134,29476,88714,19242,0.2730371632887473,0.3949669526663656
905,0.207,52,116,52,576250,29360,88766,19190,0.271962651450591,0.3952626158599382
906,0.2071,48,84,48,576334,29276,88814,19142,0.2711845566712364,0.3953488372093023
907,0.2072,48,120,48,576454,29156,88862,19094,0.27007299270072993,0.3957305699481865
908,0.2073,39,94,39,576548,29062,88901,19055,0.2692022675904998,0.3960138828272752
909,0.2074,41,99,41,576647,28963,88942,19014,0.26828522731483195,0.3963149008900098
910,0.2075,67,105,67,576752,28858,89009,18947,0.2673126088406388,0.39633929505281873
911,0.2076,57,98,57,576850,28760,89066,18890,0.26640483159805844,0.3964323189926548
912,0.2077,43,100,43,576950,28660,89109,18847,0.2654785282893031,0.39672048329719833
913,0.2078,54,106,54,577056,28554,89163,18793,0.2644966467820223,0.39692060743024904
914,0.2079,50,92,50,577148,28462,89213,18743,0.2636444477379673,0.39705539667408113
915,0.208,42,85,42,577233,28377,89255,18701,0.2628570899255252,0.39723437699137604
916,0.2081,52,84,52,577317,28293,89307,18649,0.26207899514617067,0.3972774913723318
917,0.2082,47,90,47,577407,28203,89354,18602,0.2612453221682908,0.39743617134921483
918,0.2083,48,103,48,577510,28100,89402,18554,0.2602912297602727,0.39769365970763493
919,0.2084,35,85,35,577595,28015,89437,18519,0.2595038719478306,0.3979670778355611
920,0.2085,62,122,62,577717,27893,89499,18457,0.258373781911149,0.39820927723840344
921,0.2086,45,82,45,577799,27811,89544,18412,0.25761421319796957,0.39832983579603226
922,0.2087,68,109,68,577908,27702,89612,18344,0.2566045425914261,0.398384224471181
923,0.2088,38,87,38,577995,27615,89650,18306,0.25579865871280894,0.3986411445743777
924,0.2089,51,91,51,578086,27524,89701,18255,0.25495572270184147,0.39876362524301534
925,0.209,34,88,34,578174,27436,89735,18221,0.2541405757901367,0.3990844777361631
926,0.2091,45,105,45,578279,27331,89780,18176,0.25316795731594355,0.3994110796141253
927,0.2092,38,101,38,578380,27230,89818,18138,0.25223239097410055,0.3997972138952566
928,0.2093,34,94,34,578474,27136,89852,18104,0.2513616658638705,0.4001768346595933
929,0.2094,44,102,44,578576,27034,89896,18060,0.2504168364889399,0.4004967401428128
930,0.2095,38,80,38,578656,26954,89934,18022,0.2496757938419356,0.4007025969405905
931,0.2096,31,70,31,578726,26884,89965,17991,0.2490273815258068,0.40091364902506965
932,0.2097,48,78,48,578804,26806,90013,17943,0.24830486494497758,0.4009698540749514
933,0.2098,42,63,42,578867,26743,90055,17901,0.24772129386046168,0.4009721351133411
934,0.2099,43,83,43,578950,26660,90098,17858,0.24695246211419467,0.40114111146053283
935,0.21,43,83,43,579033,26577,90141,17815,0.24618363036792767,0.4013110470355019
936,0.2101,45,84,45,579117,26493,90186,17770,0.24540553558857311,0.40146397668481576
937,0.2102,36,88,36,579205,26405,90222,17734,0.24459038867686836,0.4017762069824871
938,0.2103,27,85,27,579290,26320,90249,17707,0.24380303086442626,0.40218502282690166
939,0.2104,46,81,46,579371,26239,90295,17661,0.24305272518433435,0.40230068337129843
940,0.2105,33,74,33,579445,26165,90328,17628,0.24236726073585535,0.40253008471673557
941,0.2106,54,82,54,579527,26083,90382,17574,0.2416076920226759,0.4025471287536936
942,0.2107,35,77,35,579604,26006,90417,17539,0.24089443847493422,0.40277873464232405
943,0.2108,54,113,54,579717,25893,90471,17485,0.2398477157360406,0.40308451288671676
944,0.2109,43,59,43,579776,25834,90514,17442,0.2393011967838749,0.4030409464830391
945,0.211,28,77,28,579853,25757,90542,17414,0.23858794323613325,0.40337263440735677
946,0.2111,29,91,29,579944,25666,90571,17385,0.2377450072251658,0.4038233722793896
947,0.2112,39,87,39,580031,25579,90610,17346,0.2369391233465486,0.4041001747233547
948,0.2113,38,75,38,580106,25504,90648,17308,0.23624439586498203,0.40427917406334674
949,0.2114,44,85,44,580191,25419,90692,17264,0.23545703805253992,0.40447016376543354
950,0.2115,34,77,34,580268,25342,90726,17230,0.23474378450479824,0.404726111058912
951,0.2116,44,96,44,580364,25246,90770,17186,0.23385453332839304,0.4050245098039216
952,0.2117,31,70,31,580434,25176,90801,17155,0.23320612101226426,0.4052585575582906
953,0.2118,39,78,39,580512,25098,90840,17116,0.23248360443143504,0.40545790496043965
954,0.2119,38,93,38,580605,25005,90878,17078,0.2316221423542925,0.40581707577881804
955,0.212,32,113,32,580718,24892,90910,17046,0.23057541961539887,0.40645715103247654
956,0.2121,36,88,36,580806,24804,90946,17010,0.2297602727036941,0.4068015497201894
957,0.2122,32,74,32,580880,24730,90978,16978,0.2290748082552151,0.4070681883571497
958,0.2123,43,92,43,580972,24638,91021,16935,0.2282226092111601,0.40735573569383976
959,0.2124,37,94,37,581066,24544,91058,16898,0.22735188410093002,0.407750591187684
960,0.2125,30,85,30,581151,24459,91088,16868,0.22656452628848792,0.4081593147337092
961,0.2126,46,97,46,581248,24362,91134,16822,0.22566601207899514,0.40845959595959597
962,0.2127,27,97,27,581345,24265,91161,16795,0.2247674978695024,0.40903555772040917
963,0.2128,43,74,43,581419,24191,91204,16752,0.22408203342102337,0.40915418997142367
964,0.2129,39,92,39,581511,24099,91243,16713,0.2232298343769684,0.4095119082622758
965,0.213,39,71,39,581582,24028,91282,16674,0.22257215902775204,0.40966045894550634
966,0.2131,21,86,21,581668,23942,91303,16653,0.2217755381822224,0.4102229338588496
967,0.2132,42,100,42,581768,23842,91345,16611,0.22084923487346697,0.410624675549403
968,0.2133,43,91,43,581859,23751,91388,16568,0.22000629886249953,0.41092288995262777
969,0.2134,26,96,26,581955,23655,91414,16542,0.21911704768609433,0.41152324800358236
970,0.2135,54,93,54,582048,23562,91468,16488,0.2182555856089518,0.41168539325842696
971,0.2136,58,76,58,582124,23486,91526,16430,0.21755159509429767,0.4116143902194609
972,0.2137,56,83,56,582207,23403,91582,16374,0.21678276334803068,0.4116449204314051
973,0.2138,47,110,47,582317,23293,91629,16327,0.21576382970839972,0.41208985360928824
974,0.2139,52,97,52,582414,23196,91681,16275,0.21486531549890697,0.41232803830660486
975,0.214,52,96,52,582510,23100,91733,16223,0.21397606432250177,0.41255753630190983
976,0.2141,42,93,42,582603,23007,91775,16181,0.21311460224535922,0.4129070123507196
977,0.2142,40,110,40,582713,22897,91815,16141,0.21209566860572826,0.41346892771146065
978,0.2143,67,87,67,582800,22810,91882,16074,0.21128978472711105,0.4133833967698796
979,0.2144,41,113,41,582913,22697,91923,16033,0.21024306198821743,0.4139684998709011
980,0.2145,41,78,41,582991,22619,91964,15992,0.2095205454073882,0.4141824868560773
981,0.2146,39,106,39,583097,22513,92003,15953,0.20853866390010745,0.4147298913326054
982,0.2147,58,107,58,583204,22406,92061,15895,0.20754751935973914,0.41500221926320463
983,0.2148,56,93,56,583297,22313,92117,15839,0.20668605728259662,0.41515516879849024
984,0.2149,34,101,34,583398,22212,92151,15805,0.20575049094075365,0.41573506589157483
985,0.215,58,98,58,583496,22114,92209,15747,0.20484271369817333,0.41591611420723174
986,0.2151,62,121,62,583617,21993,92271,15685,0.20372188669457927,0.41629067360263283
987,0.2152,53,124,53,583741,21869,92324,15632,0.20257327059172256,0.4168422175408656
988,0.2153,47,124,47,583865,21745,92371,15585,0.20142465448886585,0.41749263327082775
989,0.2154,68,88,68,583953,21657,92439,15517,0.20060950757716106,0.41741539785871845
990,0.2155,39,106,39,584059,21551,92478,15478,0.19962762606988033,0.41799670528504684
991,0.2156,70,97,70,584156,21454,92548,15408,0.19872911186038755,0.41799142748630025
992,0.2157,40,83,40,584239,21371,92588,15368,0.19796028011412056,0.418302076812107
993,0.2158,56,111,56,584350,21260,92644,15312,0.19693208344140206,0.41868095811002953
994,0.2159,69,112,69,584462,21148,92713,15243,0.195894623735596,0.4188673023549779
995,0.216,52,140,52,584602,21008,92765,15191,0.1945977991033384,0.41965247658775107
996,0.2161,64,110,64,584712,20898,92829,15127,0.19357886546370745,0.4199028452463567
997,0.2162,56,86,56,584798,20812,92885,15071,0.19278224461817778,0.4200039015689881
998,0.2163,56,112,56,584910,20700,92941,15015,0.1917447849123717,0.4204115917681646
999,0.2164,48,88,48,584998,20612,92989,14967,0.19092963800066695,0.42066949605104137
1000,0.2165,46,87,46,585085,20525,93035,14921,0.19012375412204974,0.4209501777351464
1001,0.2166,58,128,58,585213,20397,93093,14863,0.1889380858868428,0.4215258082813386
1002,0.2167,63,112,63,585325,20285,93156,14800,0.18790062618103673,0.4218326920336326
1003,0.2168,37,82,37,585407,20203,93193,14763,0.18714105746785728,0.4222101469999428
1004,0.2169,96,122,96,585529,20081,93289,14667,0.18601096743117568,0.4220962357545758
1005,0.217,61,113,61,585642,19968,93350,14606,0.18496424469228204,0.422456180945219
1006,0.2171,39,85,39,585727,19883,93389,14567,0.18417688687983994,0.42284470246734396
1007,0.2172,57,94,57,585821,19789,93446,14510,0.18330616176960984,0.4230444036269279
1008,0.2173,95,123,95,585944,19666,93541,14415,0.18216680869984067,0.42296294122825034
1009,0.2174,66,116,66,586060,19550,93607,14349,0.18109229686168438,0.4232868226201363
1010,0.2175,60,110,60,586170,19440,93667,14289,0.18007336322205342,0.4236413768567108
1011,0.2176,64,117,64,586287,19323,93731,14225,0.17898958835080958,0.4240193156074878
1012,0.2177,47,96,47,586383,19227,93778,14178,0.17810033717440438,0.42442748091603055
1013,0.2178,69,79,69,586462,19148,93847,14109,0.1773685575604876,0.42424151306491864
1014,0.2179,76,122,76,586584,19026,93923,14033,0.176238467523806,0.42448349919840284
1015,0.218,61,108,61,586692,18918,93984,13972,0.17523805995035013,0.4248099726360596
1016,0.2181,65,123,65,586815,18795,94049,13907,0.174098706880581,0.4252645098159134
1017,0.2182,43,90,43,586905,18705,94092,13864,0.1732650339027011,0.4256808621695477
1018,0.2183,75,108,75,587013,18597,94167,13789,0.17226462632924525,0.4257703946149571
1019,0.2184,60,111,60,587124,18486,94227,13729,0.17123642965652675,0.4261679341921465
1020,0.2185,62,115,62,587239,18371,94289,13667,0.170171180851458,0.42658717772644983
1021,0.2186,68,105,68,587344,18266,94357,13599,0.1691985623772648,0.4267691824886239
1022,0.2187,62,75,62,587419,18191,94419,13537,0.16850383489569826,0.4266578416540595
1023,0.2188,77,131,77,587550,18060,94496,13460,0.16729037756122864,0.4270304568527919
1024,0.2189,74,94,74,587644,17966,94570,13386,0.16641965245099855,0.4269584077570809
1025,0.219,58,111,58,587755,17855,94628,13328,0.16539145577828004,0.42741237212583777
1026,0.2191,51,76,51,587831,17779,94679,13277,0.16468746526362593,0.42751803194229776
1027,0.2192,55,74,55,587905,17705,94734,13222,0.1640020008151469,0.4275228764509975
1028,0.2193,49,106,49,588011,17599,94783,13173,0.16302011930786617,0.4280839724424802
1029,0.2194,64,89,64,588100,17510,94847,13109,0.16219570936307384,0.4281328586825174
1030,0.2195,68,106,68,588206,17404,94915,13041,0.1612138278557931,0.4283461980620792
1031,0.2196,49,93,49,588299,17311,94964,12992,0.16035236577865056,0.42873642873642875
1032,0.2197,61,93,61,588392,17218,95025,12931,0.15949090370150804,0.4289031145311619
1033,0.2198,65,101,65,588493,17117,95090,12866,0.15855533735966504,0.42910982890304505
1034,0.2199,86,91,86,588584,17026,95176,12780,0.15771240134869763,0.4287727303227538
1035,0.22,60,109,60,588693,16917,95236,12720,0.1567027307421542,0.4291932381820022
1036,0.2201,61,105,61,588798,16812,95297,12659,0.15573011226796102,0.42954090461809913
1037,0.2202,62,96,62,588894,16716,95359,12597,0.15484086109155581,0.42974107051478866
1038,0.2203,56,96,56,588990,16620,95415,12541,0.1539516099151506,0.4300606975069442
1039,0.2204,71,104,71,589094,16516,95486,12470,0.152988254474045,0.43020768646933
1040,0.2205,40,88,40,589182,16428,95526,12430,0.1521731075623402,0.43072978030355535
1041,0.2206,43,70,43,589252,16358,95569,12387,0.15152469524621143,0.43092711775961035
1042,0.2207,79,87,79,589339,16271,95648,12308,0.1507188113675942,0.430665873543511
1043,0.2208,51,106,51,589445,16165,95699,12257,0.14973692986031345,0.4312504398001548
1044,0.2209,47,70,47,589515,16095,95746,12210,0.14908851754418467,0.43137254901960786
1045,0.221,46,90,46,589605,16005,95792,12164,0.14825484456630478,0.431822215911108
1046,0.2211,41,71,41,589676,15934,95833,12123,0.14759716921708843,0.432084684748904
1047,0.2212,57,84,57,589760,15850,95890,12066,0.1468190744377339,0.43222524717008165
1048,0.2213,37,74,37,589834,15776,95927,12029,0.14613360998925487,0.43262003236827906
1049,0.2214,30,61,30,589895,15715,95957,11999,0.14556856497091408,0.4329580717326983
1050,0.2215,42,86,42,589981,15629,95999,11957,0.1447719441253844,0.43344450083375624
1051,0.2216,44,96,44,590077,15533,96043,11913,0.1438826929489792,0.43405232092108137
1052,0.2217,48,92,48,590169,15441,96091,11865,0.14303049390492423,0.4345198857393979
1053,0.2218,56,87,56,590256,15354,96147,11809,0.142224610026307,0.43474579391083457
1054,0.2219,48,70,48,590326,15284,96195,11761,0.1415761977101782,0.43486781290441856
1055,0.222,44,71,44,590397,15213,96239,11717,0.14091852236096186,0.4350909766060156
1056,0.2221,38,99,38,590496,15114,96277,11679,0.140001482085294,0.4358974358974359
1057,0.2222,44,78,44,590574,15036,96321,11635,0.13927896550446478,0.436241610738255
1058,0.2223,49,76,49,590650,14960,96370,11586,0.13857497498981067,0.43644993596021997
1059,0.2224,38,60,38,590710,14900,96408,11548,0.13801919300455742,0.4366303690260133
1060,0.2225,40,74,40,590784,14826,96448,11508,0.1373337285560784,0.4370015948963317
1061,0.2226,46,72,46,590856,14754,96494,11462,0.1366667901737745,0.43721391516631064
1062,0.2227,47,57,47,590913,14697,96541,11415,0.1361387972877839,0.4371553308823529
1063,0.2228,59,74,59,590987,14623,96600,11356,0.1354533328393049,0.43712229108125794
1064,0.2229,42,62,42,591049,14561,96642,11314,0.13487902478787656,0.43725603864734297
1065,0.223,46,56,46,591105,14505,96688,11268,0.1343602949349735,0.43720172273309277
1066,0.2231,42,80,42,591185,14425,96730,11226,0.13361925228796917,0.43764375657869087
1067,0.2232,38,51,38,591236,14374,96768,11188,0.13314683760050391,0.4376809326343792
1068,0.2233,53,90,53,591326,14284,96821,11135,0.13231316462262402,0.4380581454817263
1069,0.2234,40,72,40,591398,14212,96861,11095,0.13164622624032013,0.4384162484688031
1070,0.2235,41,53,41,591451,14159,96902,11054,0.13115528548667976,0.4384246222186967
1071,0.2236,61,51,61,591502,14108,96963,10993,0.1306828707992145,0.43795067925580655
1072,0.2237,33,70,33,591572,14038,96996,10960,0.1300344584830857,0.4384350748059845
1073,0.2238,27,46,27,591618,13992,97023,10933,0.1296083589610582,0.4386359077231695
1074,0.2239,54,63,54,591681,13929,97077,10879,0.12902478787654229,0.43852789422766847
1075,0.224,34,64,34,591745,13865,97111,10845,0.12843195375893882,0.4388911371914205
1076,0.2241,44,85,44,591830,13780,97155,10801,0.12764459594649671,0.43940441804645863
1077,0.2242,44,73,44,591903,13707,97199,10757,0.12696839453110526,0.4397073250490517
1078,0.2243,63,62,63,591965,13645,97262,10694,0.1263940864796769,0.43937713135297257
1079,0.2244,29,60,29,592025,13585,97291,10665,0.12583830449442365,0.4397938144329897
1080,0.2245,43,73,43,592098,13512,97334,10622,0.1251621030790322,0.4401259633711776
1081,0.2246,31,59,31,592157,13453,97365,10591,0.1246155841268665,0.44048411246048913
1082,0.2247,38,74,38,592231,13379,97403,10553,0.12393011967838749,0.44095771352164465
1083,0.2248,34,82,34,592313,13297,97437,10519,0.12317055096520804,0.44167786362109507
1084,0.2249,43,62,43,592375,13235,97480,10476,0.12259624291377968,0.4418202522036186
1085,0.225,44,84,44,592459,13151,97524,10432,0.12181814813442514,0.4423525420854005
1086,0.2251,44,66,44,592525,13085,97568,10388,0.12120678795064656,0.4425510160610063
1087,0.2252,30,73,30,592598,13012,97598,10358,0.1205305865352551,0.44321780059905863
1088,0.2253,39,51,39,592649,12961,97637,10319,0.12005817184778984,0.44325601374570445
1089,0.2254,45,57,45,592706,12904,97682,10274,0.11953017896179925,0.44326516524290277
1090,0.2255,45,75,45,592781,12829,97727,10229,0.11883545148023268,0.4436204354237141
1091,0.2256,52,64,52,592845,12765,97779,10177,0.11824261736262921,0.44359689652166334
1092,0.2257,52,77,52,592922,12688,97831,10125,0.11752936381488754,0.4438258887476439
1093,0.2258,37,65,37,592987,12623,97868,10088,0.11692726666419652,0.4441900400686892
1094,0.2259,38,85,38,593072,12538,97906,10050,0.11613990885175442,0.4449265096511422
1095,0.226,47,76,47,593148,12462,97953,10003,0.1154359183371003,0.44527042065435124
1096,0.2261,46,66,46,593214,12396,97999,9957,0.11482455815332172,0.44544356462219836
1097,0.2262,38,73,38,593287,12323,98037,9919,0.11414835673793026,0.44595809729340885
1098,0.2263,53,86,53,593373,12237,98090,9866,0.1133517358924006,0.44636474686694116
1099,0.2264,50,73,50,593446,12164,98140,9816,0.11267553447700915,0.44658780709736123
1100,0.2265,61,89,61,593535,12075,98201,9755,0.11185112453221682,0.44686211635364176
1101,0.2266,57,73,57,593608,12002,98258,9698,0.11117492311682538,0.44691244239631334
1102,0.2267,39,67,39,593675,11935,98297,9659,0.11055429989995924,0.4473001759748078
1103,0.2268,44,77,44,593752,11858,98341,9615,0.10984104635221757,0.4477716201741722
1104,0.2269,62,67,62,593819,11791,98403,9553,0.10922042313535144,0.4475730884557721
1105,0.227,64,81,64,593900,11710,98467,9489,0.10847011745525956,0.4476154535591301
1106,0.2271,60,76,60,593976,11634,98527,9429,0.10776612694060543,0.4476570289132602
1107,0.2272,72,74,72,594050,11560,98599,9357,0.10708066249212642,0.447339484629727
1108,0.2273,40,64,40,594114,11496,98639,9317,0.10648782837452295,0.4476529092394177
1109,0.2274,56,74,56,594188,11422,98695,9261,0.10580236392604395,0.447759029154378
1110,0.2275,54,56,54,594244,11366,98749,9207,0.10528363407314091,0.4475283138093618
1111,0.2276,49,87,49,594331,11279,98798,9158,0.1044777501945237,0.4481088222341831
1112,0.2277,47,87,47,594418,11192,98845,9111,0.10367186631590648,0.4487514160468896
1113,0.2278,49,72,49,594490,11120,98894,9062,0.10300492793360258,0.4490139728470915
1114,0.2279,48,79,48,594569,11041,98942,9014,0.1022731483196858,0.4494639740713039
1115,0.228,39,80,39,594649,10961,98981,8975,0.10153210567268146,0.4501906099518459
1116,0.2281,39,79,39,594728,10882,99020,8936,0.10080032605876468,0.45090321929558985
1117,0.2282,53,78,53,594806,10804,99073,8883,0.10007780947793546,0.45121145933864987
1118,0.2283,46,72,46,594878,10732,99119,8837,0.09941087109563156,0.4515815831161531
1119,0.2284,58,84,58,594962,10648,99177,8779,0.098632776316277,0.45189684459772483
1120,0.2285,53,73,53,595035,10575,99230,8726,0.09795657490088555,0.4521009274130874
1121,0.2286,66,66,66,595101,10509,99296,8660,0.09734521471710697,0.4517710887370233
1122,0.2287,58,67,58,595168,10442,99354,8602,0.09672459150024083,0.45169082125603865
1123,0.2288,60,63,60,595231,10379,99414,8542,0.09614102041572492,0.4514560541197611
1124,0.2289,63,65,63,595296,10314,99477,8479,0.09553892326503391,0.45117863034108446
1125,0.229,75,68,75,595364,10246,99552,8404,0.09490903701508022,0.4506166219839142
1126,0.2291,57,92,57,595456,10154,99609,8347,0.09405683797102524,0.45116480190259983
1127,0.2292,40,61,40,595517,10093,99649,8307,0.09349179295268442,0.4514673913043478
1128,0.2293,51,81,51,595598,10012,99700,8256,0.09274148727259254,0.45193781475804684
1129,0.2294,39,51,39,595649,9961,99739,8217,0.09226907258512727,0.45202992628451977
1130,0.2295,48,69,48,595718,9892,99787,8169,0.09162992330208604,0.45230053706882234
1131,0.2296,33,58,33,595776,9834,99820,8136,0.09109266738300789,0.45275459098497495
1132,0.2297,54,70,54,595846,9764,99874,8082,0.0904442550668791,0.4528745937464978
1133,0.2298,43,70,43,595916,9694,99917,8039,0.08979584275075031,0.4533355890148311
1134,0.2299,47,80,47,595996,9614,99964,7992,0.08905480010374597,0.45393615812791094
1135,0.23,58,71,58,596067,9543,100022,7934,0.08839712475452963,0.45396807232362535
1136,0.2301,46,77,46,596144,9466,100068,7888,0.08768387120678794,0.45453497752679495
1137,0.2302,54,72,54,596216,9394,100122,7834,0.08701693282448406,0.4547248664964012
1138,0.2303,66,85,66,596301,9309,100188,7768,0.08622957501204194,0.4548808338701177
1139,0.2304,42,80,42,596381,9229,100230,7726,0.0854885323650376,0.45567679150693013
1140,0.2305,45,67,45,596448,9162,100275,7681,0.08486790914817148,0.4560351481327555
1141,0.2306,53,78,53,596526,9084,100328,7628,0.08414539256734226,0.45643848731450454
1142,0.2307,55,88,55,596614,8996,100383,7573,0.08333024565563749,0.45705836200132777
1143,0.2308,67,84,67,596698,8912,100450,7506,0.08255215087628293,0.45718114264831283
1144,0.2309,55,68,55,596766,8844,100505,7451,0.08192226462632925,0.45725682724762196
1145,0.231,50,58,50,596824,8786,100555,7401,0.0813850087072511,0.4572187557916847
1146,0.2311,47,51,47,596875,8735,100602,7354,0.08091259401978584,0.45708247871216356
1147,0.2312,53,80,53,596955,8655,100655,7301,0.08017155137278151,0.4575708197543244
1148,0.2313,32,52,32,597007,8603,100687,7269,0.07968987365222868,0.45797631048387094
1149,0.2314,64,84,64,597091,8519,100751,7205,0.07891177887287414,0.4582167387433223
1150,0.2315,40,60,40,597151,8459,100791,7165,0.07835599688762088,0.458589349718382
1151,0.2316,61,56,61,597207,8403,100852,7104,0.07783726703471784,0.4581156896885278
1152,0.2317,54,77,54,597284,8326,100906,7050,0.07712401348697617,0.45850676378772115
1153,0.2318,39,72,39,597356,8254,100945,7011,0.07645707510467227,0.4592859482476253
1154,0.2319,52,63,52,597419,8191,100997,6959,0.07587350402015636,0.45933993399339934
1155,0.232,44,89,44,597508,8102,101041,6915,0.07504909407536403,0.46047812479190253
1156,0.2321,58,53,58,597561,8049,101099,6857,0.07455815332172366,0.4600161008989669
1157,0.2322,38,60,38,597621,7989,101137,6819,0.07400237133647042,0.4604943273905997
1158,0.2323,54,68,54,597689,7921,101191,6765,0.07337248508651673,0.4606427890507967
1159,0.2324,40,51,40,597740,7870,101231,6725,0.07290007039905147,0.460774237752655
1160,0.2325,65,76,65,597816,7794,101296,6660,0.07219607988439734,0.46077210460772106
1161,0.2326,51,61,51,597877,7733,101347,6609,0.07163103486605654,0.4608143912982848
1162,0.2327,48,57,48,597934,7676,101395,6561,0.07110304198006595,0.46084146941069043
1163,0.2328,55,64,55,597998,7612,101450,6506,0.07051020786246248,0.46083014591301885
1164,0.2329,55,61,55,598059,7551,101505,6451,0.06994516284412168,0.4607198971575489
1165,0.233,40,68,40,598127,7483,101545,6411,0.06931527659416799,0.4614221966316396
1166,0.2331,48,61,48,598188,7422,101593,6363,0.06875023157582719,0.46158868335146896
1167,0.2332,40,53,40,598241,7369,101633,6323,0.06825929082218682,0.46180251241600934
1168,0.2333,70,74,70,598315,7295,101703,6253,0.0675738263737078,0.46154413935636257
1169,0.2334,39,47,39,598362,7248,101742,6214,0.06713846381859276,0.4615956024364879
1170,0.2335,52,67,52,598429,7181,101794,6162,0.06651784060172664,0.4618151839916061
1171,0.2336,51,62,51,598491,7119,101845,6111,0.06594353255029826,0.46190476190476193
1172,0.2337,47,63,47,598554,7056,101892,6064,0.06535996146578235,0.46219512195121953
1173,0.2338,54,64,54,598618,6992,101946,6010,0.06476712734817888,0.46223657898784803
1174,0.2339,46,67,46,598685,6925,101992,5964,0.06414650413131276,0.4627201489642331
1175,0.234,53,53,53,598738,6872,102045,5911,0.06365556337767239,0.4624110146288039
1176,0.2341,43,53,43,598791,6819,102088,5868,0.06316462262403201,0.46252069047056044
1177,0.2342,60,62,60,598853,6757,102148,5808,0.06259031457260365,0.46223637087146835
1178,0.2343,36,70,36,598923,6687,102184,5772,0.06194190225647486,0.46327955694678546
1179,0.2344,50,57,50,598980,6630,102234,5722,0.06141390937048427,0.4632448186528497
1180,0.2345,45,47,45,599027,6583,102279,5677,0.060978546815369225,0.4630505709624796
1181,0.2346,40,45,40,599072,6538,102319,5637,0.060561710326429284,0.4629979466119096
1182,0.2347,49,62,49,599134,6476,102368,5588,0.05998740227500093,0.46319628647214856
1183,0.2348,64,49,64,599183,6427,102432,5524,0.05953351365371077,0.4622207346665551
1184,0.2349,33,69,33,599252,6358,102465,5491,0.058894364370669534,0.4634146341463415
1185,0.235,42,54,42,599306,6304,102507,5449,0.058394160583941604,0.46362630817663575
1186,0.2351,36,51,36,599357,6253,102543,5413,0.05792174589647634,0.4639979427395851
1187,0.2352,36,57,36,599414,6196,102579,5377,0.05739375301048576,0.4646159163570379
1188,0.2353,50,60,50,599474,6136,102629,5327,0.056837971025232505,0.4647125534327837
1189,0.2354,44,47,44,599521,6089,102673,5283,0.05640260847011745,0.46456208230742174
1190,0.2355,47,50,47,599571,6039,102720,5236,0.055939456815739745,0.46439024390243905
1191,0.2356,46,41,46,599612,5998,102766,5190,0.05555967245915002,0.4638898820164462
1192,0.2357,36,43,36,599655,5955,102802,5154,0.05516136203638519,0.4639481501485282
1193,0.2358,32,43,32,599698,5912,102834,5122,0.05476305161362036,0.4642015588181983
1194,0.2359,26,38,26,599736,5874,102860,5096,0.05441105635629331,0.46453965360072924
1195,0.236,28,45,28,599781,5829,102888,5068,0.053994219867353366,0.4650821326970726
1196,0.2361,47,51,47,599832,5778,102935,5021,0.0535218051798881,0.46495045837577553
1197,0.2362,34,42,34,599874,5736,102969,4987,0.05313275779021083,0.46507507227455
1198,0.2363,49,71,49,599945,5665,103018,4938,0.052475082440994476,0.4657172498349524
1199,0.2364,39,57,39,600002,5608,103057,4899,0.05194708955500389,0.46626058817930904
1200,0.2365,41,47,41,600049,5561,103098,4858,0.051511726999888846,0.46626355696324023
1201,0.2366,52,60,52,600109,5501,103150,4806,0.050955945014635594,0.46628504899582807
1202,0.2367,37,44,37,600153,5457,103187,4769,0.05054837155878321,0.4663602581654606
1203,0.2368,29,48,29,600201,5409,103216,4740,0.05010374597058061,0.4670410877919007
1204,0.2369,53,55,53,600256,5354,103269,4687,0.04959427915076513,0.46678617667562994
1205,0.237,33,54,33,600310,5300,103302,4654,0.0490940753640372,0.46755073337351816
1206,0.2371,39,41,39,600351,5259,103341,4615,0.04871429100744748,0.4673891026939437
1207,0.2372,44,32,44,600383,5227,103385,4571,0.048417873948645745,0.46652378036333947
1208,0.2373,31,38,31,600421,5189,103416,4540,0.04806587869131868,0.46664610956932884
1209,0.2374,48,55,48,600476,5134,103464,4492,0.0475564118715032,0.4666528152919177
1210,0.2375,28,29,28,600505,5105,103492,4464,0.047287783911964136,0.46650642700386663
1211,0.2376,34,37,34,600542,5068,103526,4430,0.04694505168772463,0.4664139818909244
1212,0.2377,39,72,39,600614,4996,103565,4391,0.046278113305420726,0.4677745818685416
1213,0.2378,46,53,46,600667,4943,103611,4345,0.04578717255178035,0.46780792420327305
1214,0.2379,37,34,37,600701,4909,103648,4308,0.04547222942680351,0.4673972008245633
1215,0.238,38,43,38,600744,4866,103686,4270,0.04507391900403868,0.4673817863397548
1216,0.2381,46,59,46,600803,4807,103732,4224,0.04452740005187299,0.46772228989037756
1217,0.2382,44,50,44,600853,4757,103776,4180,0.04406424839749527,0.46771847376076986
1218,0.2383,28,39,28,600892,4718,103804,4152,0.04370299010708066,0.4680947012401353
1219,0.2384,27,27,27,600919,4691,103831,4125,0.0434528882137167,0.46789927404718695
1220,0.2385,44,53,44,600972,4638,103875,4081,0.042961947460076325,0.46805826356233515
1221,0.2386,37,50,37,601022,4588,103912,4044,0.04249879580569862,0.4684893419833179
1222,0.2387,50,56,50,601078,4532,103962,3994,0.04198006595279558,0.46844944874501526
1223,0.2388,40,47,40,601125,4485,104002,3954,0.04154470339768054,0.46853892641308215
1224,0.2389,40,49,40,601174,4436,104042,3914,0.04109081477639038,0.46874251497005986
1225,0.239,28,36,28,601210,4400,104070,3886,0.04075734558523843,0.4689838281438571
1226,0.2391,44,59,44,601269,4341,104114,3842,0.04021082663307273,0.46950995967249176
1227,0.2392,35,54,35,601323,4287,104149,3807,0.03971062284634481,0.4703484062268347
1228,0.2393,43,60,43,601383,4227,104192,3764,0.039154840861091555,0.47102990864722816
1229,0.2394,37,44,37,601427,4183,104229,3727,0.03874726740523917,0.4711757269279393
1230,0.2395,42,58,42,601485,4125,104271,3685,0.03821001148616103,0.47183098591549294
1231,0.2396,24,38,24,601523,4087,104295,3661,0.03785801622883397,0.4725090345895715
1232,0.2397,32,39,32,601562,4048,104327,3629,0.037496757938419355,0.47271069428162044
1233,0.2398,32,52,32,601614,3996,104359,3597,0.037015080217866536,0.47372580007902015
1234,0.2399,32,44,32,601658,3952,104391,3565,0.03660750676201415,0.4742583477451111
1235,0.24,46,48,46,601706,3904,104437,3519,0.036162881173811556,0.47406708877812204
1236,0.2401,47,42,47,601748,3862,104484,3472,0.035773833784134276,0.4734115080447232
1237,0.2402,33,50,33,601798,3812,104517,3439,0.03531068212975657,0.47427940973658805
1238,0.2403,26,43,26,601841,3769,104543,3413,0.03491237170699174,0.4752158173210805
1239,0.2404,27,32,27,601873,3737,104570,3386,0.034615954648190006,0.4753615049838551
1240,0.2405,40,49,40,601922,3688,104610,3346,0.03416206602689985,0.4756895081034973
1241,0.2406,34,50,34,601972,3638,104644,3312,0.03369891437252214,0.47654676258992806
1242,0.2407,36,34,36,602006,3604,104680,3276,0.033383971247545295,0.4761627906976744
1243,0.2408,25,46,25,602052,3558,104705,3251,0.032957871725517805,0.47745630782787485
1244,0.2409,32,36,32,602088,3522,104737,3219,0.032624402534365854,0.4775255896751224
1245,0.241,29,39,29,602127,3483,104766,3190,0.03226314424395124,0.4780458564363854
1246,0.2411,37,33,37,602160,3450,104803,3153,0.03195746415206195,0.47751022262607906
1247,0.2412,24,26,24,602186,3424,104827,3129,0.031716625291785545,0.4774912253929498
1248,0.2413,42,71,42,602257,3353,104869,3087,0.031058949942569195,0.47934782608695653
1249,0.2414,39,36,39,602293,3317,104908,3048,0.030725480751417244,0.4788688138256088
1250,0.2415,43,38,43,602331,3279,104951,3005,0.030373485494090184,0.47819859961807765
1251,0.2416,37,29,37,602360,3250,104988,2968,0.030104857534551114,0.47732389835960115
1252,0.2417,40,36,40,602396,3214,105028,2928,0.029771388343399163,0.47671768153695865
1253,0.2418,25,42,25,602438,3172,105053,2903,0.029382340953721886,0.47786008230452676
1254,0.2419,30,51,30,602489,3121,105083,2873,0.028909926266256623,0.47931264597931267
1255,0.242,35,32,35,602521,3089,105118,2838,0.02861350920745489,0.47882571283954783
1256,0.2421,32,26,32,602547,3063,105150,2806,0.02837267034717848,0.47810529902879534
1257,0.2422,21,27,21,602574,3036,105171,2785,0.028122568453814518,0.47844013056175916
1258,0.2423,33,40,33,602614,2996,105204,2752,0.02775204713031235,0.47877522616562285
1259,0.2424,41,36,41,602650,2960,105245,2711,0.0274185779391604,0.47804619996473285
1260,0.2425,28,31,28,602681,2929,105273,2683,0.02713142391344622,0.4780826799714897
1261,0.2426,34,39,34,602720,2890,105307,2649,0.026770165623031604,0.4782451706084131
1262,0.2427,30,48,30,602768,2842,105337,2619,0.026325540034829006,0.479582494048709
1263,0.2428,41,38,41,602806,2804,105378,2578,0.025973544777501946,0.4790040876997399
1264,0.2429,40,29,40,602835,2775,105418,2538,0.025704916817962872,0.4776962168266516
1265,0.243,31,55,31,602890,2720,105449,2507,0.025195449998147393,0.4796250239142912
1266,0.2431,29,27,29,602917,2693,105478,2478,0.02494534810478343,0.4792109843357184
1267,0.2432,24,29,24,602946,2664,105502,2454,0.024676720145244357,0.4794841735052755
1268,0.2433,22,26,22,602972,2638,105524,2432,0.02443588128496795,0.4796844181459566
1269,0.2434,25,28,25,603000,2610,105549,2407,0.024176516358516434,0.4797687861271676
1270,0.2435,25,27,25,603027,2583,105574,2382,0.02392641446515247,0.4797583081570997
1271,0.2436,30,29,30,603056,2554,105604,2352,0.0236577865056134,0.47941296371789643
1272,0.2437,23,40,23,603096,2514,105627,2329,0.02328726518211123,0.4809002684286599
1273,0.2438,26,17,26,603113,2497,105653,2303,0.02312979361962281,0.47979166666666667
1274,0.2439,20,29,20,603142,2468,105673,2283,0.022861165660083737,0.4805304146495475
1275,0.244,27,36,27,603178,2432,105700,2256,0.022527696468931786,0.4812286689419795
1276,0.2441,27,37,27,603215,2395,105727,2229,0.022184964244692282,0.4820501730103806
1277,0.2442,35,34,35,603249,2361,105762,2194,0.02187002111971544,0.48166849615806806
1278,0.2443,16,28,16,603277,2333,105778,2178,0.02161065619326392,0.4828197738860563
1279,0.2444,35,42,35,603319,2291,105813,2143,0.021221608803586648,0.4833107803337844
1280,0.2445,32,33,32,603352,2258,105845,2111,0.020915928711697358,0.4831769283588922
1281,0.2446,20,38,20,603390,2220,105865,2091,0.020563933454370298,0.4850382741823243
1282,0.2447,25,39,25,603429,2181,105890,2066,0.020202675163955686,0.4864610313162232
1283,0.2448,19,25,19,603454,2156,105909,2047,0.019971099336766832,0.48703307161551274
1284,0.2449,20,33,20,603487,2123,105929,2027,0.019665419244877542,0.48843373493975906
1285,0.245,27,28,27,603515,2095,105956,2000,0.019406054318426024,0.4884004884004884
1286,0.2451,24,30,24,603545,2065,105980,1976,0.0191281633257994,0.48898787428854246
1287,0.2452,31,35,31,603580,2030,106011,1945,0.018803957167735003,0.48930817610062893
1288,0.2453,21,18,21,603598,2012,106032,1924,0.018637222572159027,0.4888211382113821
1289,0.2454,24,15,24,603613,1997,106056,1900,0.018498277075845716,0.48755452912496794
1290,0.2455,25,26,25,603639,1971,106081,1875,0.018257438215569306,0.4875195007800312
1291,0.2456,22,26,22,603665,1945,106103,1853,0.018016599355292897,0.48788836229594523
1292,0.2457,24,24,24,603689,1921,106127,1829,0.017794286561191596,0.48773333333333335
1293,0.2458,17,27,17,603716,1894,106144,1812,0.017544184667827634,0.48893685914732865
1294,0.2459,18,20,18,603736,1874,106162,1794,0.01735892400607655,0.48909487459105777
1295,0.246,29,29,29,603765,1845,106191,1765,0.017090296046537477,0.4889196675900277
1296,0.2461,18,18,18,603783,1827,106209,1747,0.016923561450961504,0.48880805819809736
1297,0.2462,38,26,38,603809,1801,106247,1709,0.016682722590685095,0.48689458689458687
1298,0.2463,17,15,17,603824,1786,106264,1692,0.01654377709437178,0.4864864864864865
1299,0.2464,18,30,18,603854,1756,106282,1674,0.016265886101745154,0.4880466472303207
1300,0.2465,30,30,30,603884,1726,106312,1644,0.015987995109118528,0.4878338278931751
1301,0.2466,27,16,27,603900,1710,106339,1617,0.015839786579717664,0.4860234445446348
1302,0.2467,32,17,32,603917,1693,106371,1585,0.01568231501722924,0.48352654057352046
1303,0.2468,23,34,23,603951,1659,106394,1562,0.0153673718922524,0.48494256442098727
1304,0.2469,20,20,20,603971,1639,106414,1542,0.015182111230501316,0.48475322225715184
1305,0.247,29,20,29,603991,1619,106443,1513,0.014996850568750232,0.4830779054916986
1306,0.2471,18,19,18,604010,1600,106461,1495,0.014820852940086702,0.48303715670436187
1307,0.2472,19,30,19,604040,1570,106480,1476,0.014542961947460076,0.48456992777413
1308,0.2473,20,37,20,604077,1533,106500,1456,0.014200229723220572,0.48711943793911006
1309,0.2474,21,29,21,604106,1504,106521,1435,0.0139316017636815,0.4882613133718952
1310,0.2475,22,20,22,604126,1484,106543,1413,0.013746341101930416,0.48774594408008287
1311,0.2476,14,16,14,604142,1468,106557,1399,0.013598132572529549,0.487966515521451
1312,0.2477,33,22,33,604164,1446,106590,1366,0.013394345844603356,0.48577524893314367
1313,0.2478,20,10,20,604174,1436,106610,1346,0.013301715513727814,0.48382458662832495
1314,0.2479,20,25,20,604199,1411,106630,1326,0.01307013968653896,0.484472049689441
1315,0.248,19,22,19,604221,1389,106649,1307,0.012866352958612768,0.48479228486646886
1316,0.2481,14,22,14,604243,1367,106663,1293,0.012662566230686576,0.4860902255639098
1317,0.2482,24,22,24,604265,1345,106687,1269,0.012458779502760383,0.4854628921193573
1318,0.2483,20,14,20,604279,1331,106707,1249,0.012329097039534625,0.48410852713178293
1319,0.2484,16,21,16,604300,1310,106723,1233,0.012134573344695988,0.4848604011010617
1320,0.2485,25,23,25,604323,1287,106748,1208,0.011921523583682241,0.4841683366733467
1321,0.2486,16,12,16,604335,1275,106764,1192,0.01181036718663159,0.48317794892582083
1322,0.2487,13,10,13,604345,1265,106777,1179,0.011717736855756049,0.48240589198036005
1323,0.2488,16,18,16,604363,1247,106793,1163,0.011551002260180073,0.4825726141078838
1324,0.2489,16,13,16,604376,1234,106809,1147,0.011430582830041868,0.48173036539269215
1325,0.249,18,21,18,604397,1213,106827,1129,0.01123605913520323,0.482066609735269
1326,0.2491,19,23,19,604420,1190,106846,1110,0.011023009374189485,0.4826086956521739
1327,0.2492,16,24,16,604444,1166,106862,1094,0.010800696580088184,0.484070796460177
1328,0.2493,12,28,12,604472,1138,106874,1082,0.010541331653636667,0.4873873873873874
1329,0.2494,22,20,22,604492,1118,106896,1060,0.010356070991885583,0.4866850321395776
1330,0.2495,16,22,16,604514,1096,106912,1044,0.01015228426395939,0.48785046728971965
1331,0.2496,22,17,22,604531,1079,106934,1022,0.00999481270147097,0.4864350309376487
1332,0.2497,10,17,10,604548,1062,106944,1012,0.009837341138982549,0.4879459980713597
1333,0.2498,15,26,15,604574,1036,106959,997,0.00959650227870614,0.49040826364977863
1334,0.2499,18,18,18,604592,1018,106977,979,0.009429767683130164,0.4902353530295443
1335,0.25,13,12,13,604604,1006,106990,966,0.009318611286079513,0.4898580121703854
1336,0.2501,10,15,10,604619,991,107000,956,0.0091796657897662,0.49101181304571134
1337,0.2502,19,15,19,604634,976,107019,937,0.009040720293452889,0.48980658651332987
1338,0.2503,11,18,11,604652,958,107030,926,0.008873985697876913,0.49150743099787686
1339,0.2504,15,19,15,604671,939,107045,911,0.008697988069213384,0.49243243243243245
1340,0.2505,16,14,16,604685,925,107061,895,0.008568305605987625,0.49175824175824173
1341,0.2506,13,15,13,604700,910,107074,882,0.008429360109674312,0.4921875
1342,0.2507,10,8,10,604708,902,107084,872,0.008355255844973878,0.4915445321307779
1343,0.2508,7,12,7,604720,890,107091,865,0.008244099447923228,0.4928774928774929
1344,0.2509,10,12,10,604732,878,107101,855,0.008132943050872577,0.4933641084824005
1345,0.251,15,12,15,604744,866,107116,840,0.008021786653821927,0.492379835873388
1346,0.2511,19,20,19,604764,846,107135,821,0.007836525992070844,0.49250149970005996
1347,0.2512,18,10,18,604774,836,107153,803,0.007743895661195301,0.4899328859060403
1348,0.2513,12,17,12,604791,819,107165,791,0.007586424098706881,0.49130434782608695
1349,0.2514,10,17,10,604808,802,107175,781,0.007428952536218459,0.4933670246367656
1350,0.2515,9,9,9,604817,793,107184,772,0.0073455852384304715,0.49329073482428115
1351,0.2516,9,9,9,604826,784,107193,763,0.007262217940642484,0.49321266968325794
1352,0.2517,9,9,9,604835,775,107202,754,0.007178850642854497,0.49313276651406146
1353,0.2518,15,9,15,604844,766,107217,739,0.007095483345066509,0.49102990033222593
1354,0.2519,13,9,13,604853,757,107230,726,0.007012116047278521,0.48954821308159135
1355,0.252,12,12,12,604865,745,107242,714,0.006900959650227871,0.4893762851267992
1356,0.2521,6,14,6,604879,731,107248,708,0.006771277187002112,0.49200833912439196
1357,0.2522,13,12,13,604891,719,107261,695,0.006660120789951461,0.4915134370579915
1358,0.2523,11,21,11,604912,698,107272,684,0.006465597095112824,0.49493487698986977
1359,0.2524,10,8,10,604920,690,107282,674,0.00639149283041239,0.4941348973607038
1360,0.2525,10,15,10,604935,675,107292,664,0.006252547334099077,0.4958924570575056
1361,0.2526,8,7,8,604942,668,107300,656,0.006187706102486198,0.4954682779456193
1362,0.2527,16,7,16,604949,661,107316,640,0.006122864870873318,0.49192928516525747
1363,0.2528,12,10,12,604959,651,107328,628,0.006030234539997777,0.4910086004691165
1364,0.2529,5,8,5,604967,643,107333,623,0.0059561302752973435,0.4921011058451817
1365,0.253,8,15,8,604982,628,107341,615,0.0058171847789840305,0.49477071600965405
1366,0.2531,14,17,14,604999,611,107355,601,0.005659713216495609,0.49587458745874585
1367,0.2532,12,9,12,605008,602,107367,589,0.005576345918707622,0.4945424013434089
1368,0.2533,21,16,21,605024,586,107388,568,0.005428137389306755,0.49220103986135183
1369,0.2534,5,8,5,605032,578,107393,563,0.005354033124606321,0.4934268185801928
1370,0.2535,7,10,7,605042,568,107400,556,0.005261402793730779,0.49466192170818507
1371,0.2536,11,4,11,605046,564,107411,545,0.005224350661380562,0.4914337240757439
1372,0.2537,12,13,12,605059,551,107423,533,0.005103931231242358,0.49169741697416974
1373,0.2538,10,9,10,605068,542,107433,523,0.005020563933454371,0.49107981220657276
1374,0.2539,5,12,5,605080,530,107438,518,0.00490940753640372,0.49427480916030536
1375,0.254,7,3,7,605083,527,107445,511,0.004881618437141058,0.49229287090558765
1376,0.2541,10,6,10,605089,521,107455,501,0.004826040238615732,0.49021526418786693
1377,0.2542,7,7,7,605096,514,107462,494,0.004761199007002853,0.49007936507936506
1378,0.2543,10,9,10,605105,505,107472,484,0.004677831709214865,0.48938321536905965
1379,0.2544,13,8,13,605113,497,107485,471,0.0046037274445144315,0.4865702479338843
1380,0.2545,12,8,12,605121,489,107497,459,0.004529623179813998,0.48417721518987344
1381,0.2546,4,6,4,605127,483,107501,455,0.0044740449812886735,0.48507462686567165
1382,0.2547,6,11,6,605138,472,107507,449,0.004372151617325577,0.48751357220412594
1383,0.2548,8,2,8,605140,470,107515,441,0.004353625551150469,0.4840834248079034
1384,0.2549,4,10,4,605150,460,107519,437,0.004260995220274927,0.48717948717948717
1385,0.255,6,8,6,605158,452,107525,431,0.004186890955574493,0.4881087202718007
1386,0.2551,7,6,7,605164,446,107532,424,0.004131312757049168,0.48735632183908045
1387,0.2552,10,5,10,605169,441,107542,414,0.004084997591611397,0.4842105263157895
1388,0.2553,5,11,5,605180,430,107547,409,0.003983104227648302,0.48748510131108463
1389,0.2554,9,10,9,605190,420,107556,400,0.003890473896772759,0.4878048780487805
1390,0.2555,3,4,3,605194,416,107559,397,0.0038534217644225427,0.4883148831488315
1391,0.2556,13,10,13,605204,406,107572,384,0.0037607914335470007,0.4860759493670886
1392,0.2557,4,4,4,605208,402,107576,380,0.003723739301196784,0.4859335038363171
1393,0.2558,7,10,7,605218,392,107583,373,0.003631108970321242,0.4875816993464052
1394,0.2559,6,5,6,605223,387,107589,367,0.0035847938048834713,0.48673740053050396
1395,0.256,7,6,7,605229,381,107596,360,0.003529215606358146,0.48582995951417
1396,0.2561,9,10,9,605239,371,107605,351,0.003436585275482604,0.48614958448753465
1397,0.2562,5,12,5,605251,359,107610,346,0.0033254288784319535,0.4907801418439716
1398,0.2563,8,5,8,605256,354,107618,338,0.003279113712994183,0.4884393063583815
1399,0.2564,3,9,3,605265,345,107621,335,0.003195746415206195,0.49264705882352944
1400,0.2565,3,7,3,605272,338,107624,332,0.0031309051835933157,0.4955223880597015
1401,0.2566,4,4,4,605276,334,107628,328,0.003093853051243099,0.4954682779456193
1402,0.2567,5,9,5,605285,325,107633,323,0.0030104857534551115,0.4984567901234568
1403,0.2568,4,2,4,605287,323,107637,319,0.002991959687280003,0.4968847352024922
1404,0.2569,6,7,6,605294,316,107643,313,0.0029271184556671236,0.49761526232114467
1405,0.257,7,4,7,605298,312,107650,306,0.002890066323316907,0.49514563106796117
1406,0.2571,3,9,3,605307,303,107653,303,0.002806699025528919,0.5
1407,0.2572,4,5,4,605312,298,107657,299,0.0027603838600911484,0.5008375209380235
1408,0.2573,6,4,6,605316,294,107663,293,0.0027233317277409316,0.4991482112436116
1409,0.2574,5,4,5,605320,290,107668,288,0.0026862795953907148,0.4982698961937716
1410,0.2575,13,2,13,605322,288,107681,275,0.0026677535292156064,0.48845470692717585
1411,0.2576,5,5,5,605327,283,107686,270,0.0026214383637778354,0.488245931283906
1412,0.2577,5,2,5,605329,281,107691,265,0.002602912297602727,0.48534798534798534
1413,0.2578,2,3,2,605332,278,107693,263,0.0025751231983400643,0.48613678373382624
1414,0.2579,6,11,6,605343,267,107699,257,0.0024732298343769685,0.4904580152671756
1415,0.258,3,11,3,605354,256,107702,254,0.0023713364704138723,0.4980392156862745
1416,0.2581,6,5,6,605359,251,107708,248,0.0023250213049761013,0.4969939879759519
1417,0.2582,7,9,7,605368,242,107715,241,0.002241654007188114,0.4989648033126294
1418,0.2583,8,3,8,605371,239,107723,233,0.0022138649079254513,0.4936440677966102
1419,0.2584,4,5,4,605376,234,107727,229,0.0021675497424876802,0.4946004319654428
1420,0.2585,5,8,5,605384,226,107732,224,0.0020934454777872466,0.49777777777777776
1421,0.2586,7,4,7,605388,222,107739,217,0.00205639334543703,0.49430523917995445
1422,0.2587,4,3,4,605391,219,107743,213,0.002028604246174367,0.4930555555555556
1423,0.2588,0,2,0,605393,217,107743,213,0.0020100781799992588,0.49534883720930234
1424,0.2589,6,5,6,605398,212,107749,207,0.001963763014561488,0.49403341288782815
1425,0.259,6,6,6,605404,206,107755,201,0.001908184816036163,0.49385749385749383
1426,0.2591,7,3,7,605407,203,107762,194,0.0018803957167735003,0.48866498740554154
1427,0.2592,1,2,1,605409,201,107763,193,0.001861869650598392,0.48984771573604063
1428,0.2593,2,3,2,605412,198,107765,191,0.0018340805513357293,0.4910025706940874
1429,0.2594,1,4,1,605416,194,107766,190,0.0017970284189855125,0.4947916666666667
1430,0.2595,8,6,8,605422,188,107774,182,0.0017414502204601875,0.4918918918918919
1431,0.2596,7,5,7,605427,183,107781,175,0.0016951350550224165,0.4888268156424581
1432,0.2597,4,2,4,605429,181,107785,171,0.001676608988847308,0.48579545454545453
1433,0.2598,4,2,4,605431,179,107789,167,0.0016580829226721999,0.48265895953757226
1434,0.2599,4,1,4,605432,178,107793,163,0.0016488198895846457,0.4780058651026393
1435,0.26,4,3,4,605435,175,107797,159,0.001621030790321983,0.47604790419161674
1436,0.2601,5,2,5,605437,173,107802,154,0.0016025047241468747,0.4709480122324159
1437,0.2602,4,6,4,605443,167,107806,150,0.0015469265256215494,0.47318611987381703
1438,0.2603,6,1,6,605444,166,107812,144,0.0015376634925339952,0.4645161290322581
1439,0.2604,2,2,2,605446,164,107814,142,0.001519137426358887,0.46405228758169936
1440,0.2605,2,4,2,605450,160,107816,140,0.0014820852940086702,0.4666666666666667
1441,0.2606,5,3,5,605453,157,107821,135,0.0014542961947460076,0.4623287671232877
1442,0.2607,7,8,7,605461,149,107828,128,0.0013801919300455742,0.4620938628158845
1443,0.2608,0,2,0,605463,147,107828,128,0.0013616658638704658,0.46545454545454545
1444,0.2609,2,5,2,605468,142,107830,126,0.0013153506984326948,0.4701492537313433
1445,0.261,1,2,1,605470,140,107831,125,0.0012968246322575864,0.4716981132075472
1446,0.2611,2,7,2,605477,133,107833,123,0.0012319834006447072,0.48046875
1447,0.2612,4,3,4,605480,130,107837,119,0.0012041943013820445,0.4779116465863454
1448,0.2613,4,3,4,605483,127,107841,115,0.001176405202119382,0.47520661157024796
1449,0.2614,1,2,1,605485,125,107842,114,0.0011578791359442735,0.4769874476987448
1450,0.2615,4,6,4,605491,119,107846,110,0.0011023009374189485,0.48034934497816595
1451,0.2616,2,1,2,605492,118,107848,108,0.0010930379043313943,0.4778761061946903
1452,0.2617,2,7,2,605499,111,107850,106,0.001028196672718515,0.48847926267281105
1453,0.2618,2,1,2,605500,110,107852,104,0.0010189336396309607,0.48598130841121495
1454,0.2619,1,8,1,605508,102,107853,103,0.0009448293749305273,0.5024390243902439
1455,0.262,4,1,4,605509,101,107857,99,0.0009355663418429731,0.495
1456,0.2621,2,1,2,605510,100,107859,97,0.0009263033087554189,0.49238578680203043
1457,0.2622,3,5,3,605515,95,107862,94,0.000879988143317648,0.4973544973544973
1458,0.2623,3,2,3,605517,93,107865,91,0.0008614620771425395,0.4945652173913043
1459,0.2624,0,1,0,605518,92,107865,91,0.0008521990440549853,0.4972677595628415
1460,0.2625,2,3,2,605521,89,107867,89,0.0008244099447923228,0.5
1461,0.2626,4,3,4,605524,86,107871,85,0.0007966208455296602,0.49707602339181284
1462,0.2627,5,2,5,605526,84,107876,80,0.0007780947793545518,0.4878048780487805
1463,0.2628,0,3,0,605529,81,107876,80,0.0007503056800918893,0.4968944099378882
1464,0.2629,0,1,0,605530,80,107876,80,0.0007410426470043351,0.5
1465,0.263,1,1,1,605531,79,107877,79,0.0007317796139167809,0.5
1466,0.2631,2,7,2,605538,72,107879,77,0.0006669383823039016,0.5167785234899329
1467,0.2632,3,5,3,605543,67,107882,74,0.0006206232168661307,0.524822695035461
1468,0.2633,1,1,1,605544,66,107883,73,0.0006113601837785765,0.5251798561151079
1469,0.2634,3,5,3,605549,61,107886,70,0.0005650450183408056,0.5343511450381679
1470,0.2635,3,3,3,605552,58,107889,67,0.000537255919078143,0.536
1471,0.2636,1,0,1,605552,58,107890,66,0.000537255919078143,0.532258064516129
1472,0.2638,8,3,8,605555,55,107898,58,0.0005094668198154803,0.5132743362831859
1473,0.2639,3,4,3,605559,51,107901,55,0.00047241468746526364,0.5188679245283019
1474,0.264,2,2,2,605561,49,107903,53,0.00045388862129015523,0.5196078431372549
1475,0.2641,1,1,1,605562,48,107904,52,0.0004446255882026011,0.52
1476,0.2642,0,1,0,605563,47,107904,52,0.0004353625551150469,0.5252525252525253
1477,0.2644,2,0,2,605563,47,107906,50,0.0004353625551150469,0.5154639175257731
1478,0.2645,0,1,0,605564,46,107906,50,0.00042609952202749267,0.5208333333333334
1479,0.2646,0,5,0,605569,41,107906,50,0.00037978435658972176,0.5494505494505495
1480,0.2647,1,1,1,605570,40,107907,49,0.00037052132350216756,0.550561797752809
1481,0.2648,2,2,2,605572,38,107909,47,0.00035199525732705915,0.5529411764705883
1482,0.2649,0,1,0,605573,37,107909,47,0.000342732224239505,0.5595238095238095
1483,0.265,0,2,0,605575,35,107909,47,0.0003242061580643966,0.573170731707317
1484,0.2651,0,1,0,605576,34,107909,47,0.00031494312497684244,0.5802469135802469
1485,0.2652,1,0,1,605576,34,107910,46,0.00031494312497684244,0.575
1486,0.2653,1,1,1,605577,33,107911,45,0.00030568009188928824,0.5769230769230769
1487,0.2654,0,1,0,605578,32,107911,45,0.00029641705880173404,0.5844155844155844
1488,0.2656,1,2,1,605580,30,107912,44,0.0002778909926266257,0.5945945945945946
1489,0.2657,0,2,0,605582,28,107912,44,0.0002593649264515173,0.6111111111111112
1490,0.2658,3,0,3,605582,28,107915,41,0.0002593649264515173,0.5942028985507246
1491,0.2659,5,1,5,605583,27,107920,36,0.00025010189336396307,0.5714285714285714
1492,0.266,1,0,1,605583,27,107921,35,0.00025010189336396307,0.5645161290322581
1493,0.2661,0,3,0,605586,24,107921,35,0.00022231279410130054,0.5932203389830508
1494,0.2662,6,0,6,605586,24,107927,29,0.00022231279410130054,0.5471698113207547
1495,0.2665,5,5,5,605591,19,107932,24,0.00017599762866352957,0.5581395348837209
1496,0.2666,0,3,0,605594,16,107932,24,0.00014820852940086702,0.6
1497,0.2667,1,1,1,605595,15,107933,23,0.00013894549631331284,0.6052631578947368
1498,0.2668,2,0,2,605595,15,107935,21,0.00013894549631331284,0.5833333333333334
1499,0.2669,1,1,1,605596,14,107936,20,0.00012968246322575864,0.5882352941176471
1500,0.267,1,0,1,605596,14,107937,19,0.00012968246322575864,0.5757575757575758
1501,0.2671,1,0,1,605596,14,107938,18,0.00012968246322575864,0.5625
1502,0.2672,1,0,1,605596,14,107939,17,0.00012968246322575864,0.5483870967741935
1503,0.2673,0,1,0,605597,13,107939,17,0.00012041943013820446,0.5666666666666667
1504,0.2675,1,0,1,605597,13,107940,16,0.00012041943013820446,0.5517241379310345
1505,0.2676,0,2,0,605599,11,107940,16,0.00010189336396309608,0.5925925925925926
1506,0.2677,1,2,1,605601,9,107941,15,8.33672977879877e-05,0.625
1507,0.2678,1,0,1,605601,9,107942,14,8.33672977879877e-05,0.6086956521739131
1508,0.2685,0,1,0,605602,8,107942,14,7.410426470043351e-05,0.6363636363636364
1509,0.2687,0,1,0,605603,7,107942,14,6.484123161287932e-05,0.6666666666666666
1510,0.2688,1,0,1,605603,7,107943,13,6.484123161287932e-05,0.65
1511,0.2689,2,2,2,605605,5,107945,11,4.6315165437770945e-05,0.6875
1512,0.2691,1,0,1,605605,5,107946,10,4.6315165437770945e-05,0.6666666666666666
1513,0.2692,1,0,1,605605,5,107947,9,4.6315165437770945e-05,0.6428571428571429
1514,0.2693,1,1,1,605606,4,107948,8,3.7052132350216754e-05,0.6666666666666666
1515,0.2696,2,0,2,605606,4,107950,6,3.7052132350216754e-05,0.6
1516,0.2706,1,0,1,605606,4,107951,5,3.7052132350216754e-05,0.5555555555555556
1517,0.2707,1,0,1,605606,4,107952,4,3.7052132350216754e-05,0.5
1518,0.2709,1,0,1,605606,4,107953,3,3.7052132350216754e-05,0.42857142857142855
1519,0.271,0,1,0,605607,3,107953,3,2.7789099262662567e-05,0.5
1520,0.2712,1,0,1,605607,3,107954,2,2.7789099262662567e-05,0.4
1521,0.2713,1,0,1,605607,3,107955,1,2.7789099262662567e-05,0.25
1522,0.2715,0,2,0,605609,1,107955,1,9.263033087554189e-06,0.5
1523,0.2719,0,1,0,605610,0,107955,1,0.0,1.0
1524,0.2725,1,0,1,605610,0,107956,0,0.0,
