,min,max,Neg,Pos,$\frac{\text{Pos}}{\text{Neg}+\text{Pos}}$,TN,FP,FN,TP,Prec,Rec,FP/P
0,0.4826595348062426,0.4847949019158481,"8,411",835,0.0903,"8,411","597,199",835,"107,121",0.1521,0.9923,5.5319
1,0.4847951528673192,0.4857104957430932,"5,584","1,003",0.1523,"13,995","591,615","1,838","106,118",0.1521,0.9830,5.4801
2,0.4857112012474546,0.4874309904263835,"7,361","1,001",0.1197,"21,356","584,254","2,839","105,117",0.1525,0.9737,5.4120
3,0.4874310541571405,0.48786905822236,"6,945","1,001",0.1260,"28,301","577,309","3,840","104,116",0.1528,0.9644,5.3476
4,0.4878693068291818,0.4889117149809004,"7,820","1,004",0.1138,"36,121","569,489","4,844","103,112",0.1533,0.9551,5.2752
5,0.4889124207147031,0.4897729539119295,"6,309","1,002",0.1371,"42,430","563,180","5,846","102,110",0.1535,0.9458,5.2168
6,0.4897730206256937,0.4903507823852075,"4,971","1,006",0.1683,"47,401","558,209","6,852","101,104",0.1533,0.9365,5.1707
7,0.4903511459285685,0.4912655075582479,"8,072","1,000",0.1102,"55,473","550,137","7,852","100,104",0.1539,0.9273,5.0959
8,0.4912657576766908,0.4917104424567954,"6,694","1,001",0.1301,"62,167","543,443","8,853","99,103",0.1542,0.9180,5.0339
9,0.4917111648951139,0.4921864208270379,"7,593","1,000",0.1164,"69,760","535,850","9,853","98,103",0.1547,0.9087,4.9636
10,0.4921869096683306,0.4924926410368734,"6,537","1,000",0.1327,"76,297","529,313","10,853","97,103",0.1550,0.8995,4.9030
11,0.4924926585058108,0.4927821280325722,"6,413","1,000",0.1349,"82,710","522,900","11,853","96,103",0.1553,0.8902,4.8436
12,0.492782191884368,0.4931475654367956,"8,343","1,002",0.1072,"91,053","514,557","12,855","95,101",0.1560,0.8809,4.7664
13,0.4931476307938134,0.4935300934814026,"7,602","1,000",0.1163,"98,655","506,955","13,855","94,101",0.1566,0.8717,4.6959
14,0.4935302255622921,0.4938837131481076,"9,148","1,004",0.0989,"107,803","497,807","14,859","93,097",0.1576,0.8624,4.6112
15,0.4938837748158688,0.4940223802252426,"9,180","1,001",0.0983,"116,983","488,627","15,860","92,096",0.1586,0.8531,4.5262
16,0.4940224205815807,0.494132495182256,"5,958","1,001",0.1438,"122,941","482,669","16,861","91,095",0.1588,0.8438,4.4710
17,0.4941326208598194,0.4942739434424144,"8,134","1,003",0.1098,"131,075","474,535","17,864","90,092",0.1596,0.8345,4.3956
18,0.4942741423799081,0.4944013887114225,"6,480","1,005",0.1343,"137,555","468,055","18,869","89,087",0.1599,0.8252,4.3356
19,0.4944014166539374,0.4945006351714046,"4,389","1,006",0.1865,"141,944","463,666","19,875","88,081",0.1596,0.8159,4.2950
20,0.494500655089342,0.4946987866654289,"7,275","1,000",0.1208,"149,219","456,391","20,875","87,081",0.1602,0.8066,4.2276
21,0.494698888915642,0.4948476886646837,"7,770","1,000",0.1140,"156,989","448,621","21,875","86,081",0.1610,0.7974,4.1556
22,0.4948480817076505,0.4949560248426543,"7,383","1,000",0.1193,"164,372","441,238","22,875","85,081",0.1617,0.7881,4.0872
23,0.4949560971245209,0.4950630095787946,"6,956","1,000",0.1257,"171,328","434,282","23,875","84,081",0.1622,0.7788,4.0228
24,0.495063241555857,0.4951495216140769,"7,550","1,000",0.1170,"178,878","426,732","24,875","83,081",0.1630,0.7696,3.9528
25,0.4951495493105871,0.4952332607127016,"6,921","1,000",0.1262,"185,799","419,811","25,875","82,081",0.1635,0.7603,3.8887
26,0.4952332752137213,0.4953003015923276,"6,214","1,000",0.1386,"192,013","413,597","26,875","81,081",0.1639,0.7511,3.8312
27,0.4953003362499862,0.495379266690271,"6,077","1,007",0.1422,"198,090","407,520","27,882","80,074",0.1642,0.7417,3.7749
28,0.4953793600875694,0.4954679151365937,"6,386","1,002",0.1356,"204,476","401,134","28,884","79,072",0.1647,0.7324,3.7157
29,0.4954680080976086,0.495527328501448,"5,631","1,002",0.1511,"210,107","395,503","29,886","78,070",0.1649,0.7232,3.6636
30,0.4955275231911893,0.4956181404495149,"6,087","1,000",0.1411,"216,194","389,416","30,886","77,070",0.1652,0.7139,3.6072
31,0.4956181443770741,0.4956995724274178,"5,825","1,000",0.1465,"222,019","383,591","31,886","76,070",0.1655,0.7046,3.5532
32,0.495699599809346,0.4958474721149896,"6,366","1,004",0.1362,"228,385","377,225","32,890","75,066",0.1660,0.6953,3.4942
33,0.4958474827574934,0.4959552799446044,"6,066","1,000",0.1415,"234,451","371,159","33,890","74,066",0.1664,0.6861,3.4381
34,0.4959555277499671,0.4960672267391195,"7,816","1,005",0.1139,"242,267","363,343","34,895","73,061",0.1674,0.6768,3.3657
35,0.4960672679533841,0.4961819684223472,"7,978","1,000",0.1114,"250,245","355,365","35,895","72,061",0.1686,0.6675,3.2918
36,0.4961820506653199,0.4962703502289404,"7,188","1,002",0.1223,"257,433","348,177","36,897","71,059",0.1695,0.6582,3.2252
37,0.496270352381064,0.496342510702282,"5,761","1,003",0.1483,"263,194","342,416","37,900","70,056",0.1698,0.6489,3.1718
38,0.4963426672196614,0.4964079931860206,"5,704","1,000",0.1492,"268,898","336,712","38,900","69,056",0.1702,0.6397,3.1190
39,0.4964081405413147,0.4964716527034893,"5,965","1,003",0.1439,"274,863","330,747","39,903","68,053",0.1706,0.6304,3.0637
40,0.4964716856192323,0.4965505947515835,"4,732","1,001",0.1746,"279,595","326,015","40,904","67,052",0.1706,0.6211,3.0199
41,0.4965506812224882,0.4966272944220484,"5,696","1,000",0.1493,"285,291","320,319","41,904","66,052",0.1710,0.6118,2.9671
42,0.4966273761019226,0.496792369405277,"5,678","1,000",0.1497,"290,969","314,641","42,904","65,052",0.1713,0.6026,2.9145
43,0.4967924927406081,0.4968617343873923,"4,658","1,000",0.1767,"295,627","309,983","43,904","64,052",0.1712,0.5933,2.8714
44,0.4968617791921647,0.4969866326850422,"6,961","1,000",0.1256,"302,588","303,022","44,904","63,052",0.1722,0.5841,2.8069
45,0.4969867221967015,0.4970923486011453,"4,998","1,000",0.1667,"307,586","298,024","45,904","62,052",0.1723,0.5748,2.7606
46,0.4970929280984455,0.4971819105039608,"5,214","1,006",0.1617,"312,800","292,810","46,910","61,046",0.1725,0.5655,2.7123
47,0.4971820271561148,0.4972645618150657,"5,056","1,001",0.1653,"317,856","287,754","47,911","60,045",0.1726,0.5562,2.6655
48,0.4972645668896738,0.4973688528755562,"4,150","1,001",0.1943,"322,006","283,604","48,912","59,044",0.1723,0.5469,2.6270
49,0.4973690098333265,0.4974785739706387,"5,278","1,000",0.1593,"327,284","278,326","49,912","58,044",0.1726,0.5377,2.5781
50,0.4974787828946217,0.4976290457992232,"4,833","1,001",0.1716,"332,117","273,493","50,913","57,043",0.1726,0.5284,2.5334
51,0.4976290580492373,0.4977837136925683,"4,675","1,000",0.1762,"336,792","268,818","51,913","56,043",0.1725,0.5191,2.4901
52,0.4977839056226475,0.497939779701586,"5,434","1,000",0.1554,"342,226","263,384","52,913","55,043",0.1729,0.5099,2.4397
53,0.4979400611023175,0.4980786331361407,"7,070","1,000",0.1239,"349,296","256,314","53,913","54,043",0.1741,0.5006,2.3742
54,0.4980786643974984,0.4981782983588144,"5,952","1,000",0.1438,"355,248","250,362","54,913","53,043",0.1748,0.4913,2.3191
55,0.4981783633893089,0.4982603501943669,"6,498","1,003",0.1337,"361,746","243,864","55,916","52,040",0.1759,0.4820,2.2589
56,0.4982603645278899,0.498352200687583,"5,905","1,001",0.1449,"367,651","237,959","56,917","51,039",0.1766,0.4728,2.2042
57,0.4983522075915904,0.4984242417316939,"5,321","1,000",0.1582,"372,972","232,638","57,917","50,039",0.1770,0.4635,2.1549
58,0.498424266014023,0.4984816688031672,"4,511","1,001",0.1816,"377,483","228,127","58,918","49,038",0.1769,0.4542,2.1131
59,0.4984816957579926,0.4986035989425462,"6,698","1,001",0.1300,"384,181","221,429","59,919","48,037",0.1783,0.4450,2.0511
60,0.4986037196007095,0.4987392904659745,"8,017","1,000",0.1109,"392,198","213,412","60,919","47,037",0.1806,0.4357,1.9768
61,0.498739340173381,0.498819528516909,"7,969","1,000",0.1115,"400,167","205,443","61,919","46,037",0.1831,0.4264,1.9030
62,0.4988195363814419,0.4988711468034928,"5,770","1,010",0.1490,"405,937","199,673","62,929","45,027",0.1840,0.4171,1.8496
63,0.498871256499392,0.4989276121242248,"5,830","1,005",0.1470,"411,767","193,843","63,934","44,022",0.1851,0.4078,1.7956
64,0.4989276396231653,0.4989883829715241,"5,308","1,001",0.1587,"417,075","188,535","64,935","43,021",0.1858,0.3985,1.7464
65,0.4989883975782751,0.4990344383385074,"4,803","1,000",0.1723,"421,878","183,732","65,935","42,021",0.1861,0.3892,1.7019
66,0.4990344748643556,0.4991321584521377,"5,412","1,000",0.1560,"427,290","178,320","66,935","41,021",0.1870,0.3800,1.6518
67,0.4991322960293798,0.4992199242744969,"7,970","1,000",0.1115,"435,260","170,350","67,935","40,021",0.1902,0.3707,1.5780
68,0.4992200258770799,0.499308844524497,"7,328","1,001",0.1202,"442,588","163,022","68,936","39,020",0.1931,0.3614,1.5101
69,0.499308936725628,0.4993777885526529,"6,869","1,000",0.1271,"449,457","156,153","69,936","38,020",0.1958,0.3522,1.4465
70,0.4993778468860546,0.4994273012649289,"5,973","1,002",0.1437,"455,430","150,180","70,938","37,018",0.1977,0.3429,1.3911
71,0.4994273231528592,0.499477291021183,"5,514","1,000",0.1535,"460,944","144,666","71,938","36,018",0.1993,0.3336,1.3400
72,0.4994773664815257,0.4995333450259608,"5,053","1,000",0.1652,"465,997","139,613","72,938","35,018",0.2005,0.3244,1.2932
73,0.4995333729375704,0.4995690067723624,"3,834","1,000",0.2069,"469,831","135,779","73,938","34,018",0.2003,0.3151,1.2577
74,0.4995690531549869,0.4996202936855293,"4,416","1,000",0.1846,"474,247","131,363","74,938","33,018",0.2009,0.3058,1.2168
75,0.4996203627599569,0.4996899136179626,"4,588","1,002",0.1792,"478,835","126,775","75,940","32,016",0.2016,0.2966,1.1743
76,0.4996899452229686,0.4997922449026205,"5,029","1,000",0.1659,"483,864","121,746","76,940","31,016",0.2030,0.2873,1.1277
77,0.4997923382689892,0.499890876753407,"4,319","1,000",0.1880,"488,183","117,427","77,940","30,016",0.2036,0.2780,1.0877
78,0.4998909169216283,0.4999848283590009,"5,704","1,000",0.1492,"493,887","111,723","78,940","29,016",0.2062,0.2688,1.0349
79,0.4999848996202031,0.5000749871142787,"4,121","1,000",0.1953,"498,008","107,602","79,940","28,016",0.2066,0.2595,0.9967
80,0.5000751968432399,0.500170572717094,"5,725","1,000",0.1487,"503,733","101,877","80,940","27,016",0.2096,0.2503,0.9437
81,0.5001706245286466,0.5002665880006952,"5,361","1,002",0.1575,"509,094","96,516","81,942","26,014",0.2123,0.2410,0.8940
82,0.5002666245219946,0.5003570775202485,"4,101","1,000",0.1960,"513,195","92,415","82,942","25,014",0.2130,0.2317,0.8560
83,0.5003571908905367,0.5004940715461703,"3,952","1,001",0.2021,"517,147","88,463","83,943","24,013",0.2135,0.2224,0.8194
84,0.5004940897505202,0.500861296175706,"4,698","1,000",0.1755,"521,845","83,765","84,943","23,013",0.2155,0.2132,0.7759
85,0.5008613161160902,0.5011692751096584,"5,272","1,000",0.1594,"527,117","78,493","85,943","22,013",0.2190,0.2039,0.7271
86,0.5011693078207325,0.5014100895760878,"4,537","1,000",0.1806,"531,654","73,956","86,943","21,013",0.2213,0.1946,0.6851
87,0.5014101490340982,0.5015865121474865,"3,927","1,000",0.2030,"535,581","70,029","87,943","20,013",0.2223,0.1854,0.6487
88,0.501586704427125,0.5017543580862969,"3,868","1,002",0.2057,"539,449","66,161","88,945","19,011",0.2232,0.1761,0.6129
89,0.5017544267833243,0.5019610098544034,"3,707","1,000",0.2124,"543,156","62,454","89,945","18,011",0.2238,0.1668,0.5785
90,0.501961075303269,0.5020996432492959,"3,309","1,000",0.2321,"546,465","59,145","90,945","17,011",0.2234,0.1576,0.5479
91,0.5020996564241023,0.5023193336550137,"3,658","1,007",0.2159,"550,123","55,487","91,952","16,004",0.2239,0.1482,0.5140
92,0.5023193375340266,0.5026536924225413,"4,361","1,000",0.1865,"554,484","51,126","92,952","15,004",0.2269,0.1390,0.4736
93,0.5026546749915959,0.5031298356079001,"4,523","1,000",0.1811,"559,007","46,603","93,952","14,004",0.2311,0.1297,0.4317
94,0.5031299244702641,0.5034350161775368,"5,094","1,001",0.1642,"564,101","41,509","94,953","13,003",0.2385,0.1204,0.3845
95,0.5034351364560796,0.5037136790213148,"3,224","1,000",0.2367,"567,325","38,285","95,953","12,003",0.2387,0.1112,0.3546
96,0.5037140870013785,0.5043611299928298,"3,549","1,000",0.2198,"570,874","34,736","96,953","11,003",0.2406,0.1019,0.3218
97,0.5043616567780014,0.5051803539007772,"3,777","1,001",0.2095,"574,651","30,959","97,954","10,002",0.2442,0.0926,0.2868
98,0.5051804398012277,0.5054984940761698,"3,204","1,000",0.2379,"577,855","27,755","98,954","9,002",0.2449,0.0834,0.2571
99,0.5054986154134693,0.5060125407277656,"3,494","1,000",0.2225,"581,349","24,261","99,954","8,002",0.2480,0.0741,0.2247
100,0.5060127627849244,0.5067645200255817,"3,290","1,000",0.2331,"584,639","20,971","100,954","7,002",0.2503,0.0649,0.1943
101,0.5067645794990933,0.507388110834266,"3,050","1,000",0.2469,"587,689","17,921","101,954","6,002",0.2509,0.0556,0.1660
102,0.5073884062388865,0.5080062320278049,"2,786","1,000",0.2641,"590,475","15,135","102,954","5,002",0.2484,0.0463,0.1402
103,0.5080065983723681,0.5090431784139687,"3,364","1,001",0.2293,"593,839","11,771","103,955","4,001",0.2537,0.0371,0.1090
104,0.5090445016834974,0.5105715520700327,"3,190","1,001",0.2388,"597,029","8,581","104,956","3,000",0.2590,0.0278,0.0795
105,0.5105716027687238,0.511809299622211,"3,107","1,000",0.2435,"600,136","5,474","105,956","2,000",0.2676,0.0185,0.0507
106,0.5118157539853674,0.5147162357536781,"2,592","1,000",0.2784,"602,728","2,882","106,956","1,000",0.2576,0.0093,0.0267
107,0.5147174395515336,0.5938367147329835,"2,882","1,000",0.2576,"605,610",0,"107,956",0,nan,0.0000,0.0000
