,min,max,Neg,Pos,$\frac{\text{Pos}}{\text{Neg}+\text{Pos}}$,TN,FP,FN,TP,Prec,Rec,FP/P
0,0.0000,0.1283,"33,789",406,0.0119,"33,789","642,655",406,"125,850",0.1638,0.9968,5.0901
1,0.1300,0.1892,"46,823","1,046",0.0219,"80,612","595,832","1,452","124,804",0.1732,0.9885,4.7192
2,0.1900,0.2300,"41,751","1,217",0.0283,"122,363","554,081","2,669","123,587",0.1824,0.9789,4.3886
3,0.2300,0.2600,"35,653","1,275",0.0345,"158,016","518,428","3,944","122,312",0.1909,0.9688,4.1062
4,0.2600,0.2800,"25,479","1,049",0.0395,"183,495","492,949","4,993","121,263",0.1974,0.9605,3.9044
5,0.2800,0.2993,"26,786","1,286",0.0458,"210,281","466,163","6,279","119,977",0.2047,0.9503,3.6922
6,0.3000,0.3200,"27,249","1,401",0.0489,"237,530","438,914","7,680","118,576",0.2127,0.9392,3.4764
7,0.3200,0.3393,"27,743","1,707",0.0580,"265,273","411,171","9,387","116,869",0.2213,0.9257,3.2566
8,0.3400,0.3567,"28,118","1,853",0.0618,"293,391","383,053","11,240","115,016",0.2309,0.9110,3.0339
9,0.3567,0.3693,"14,476","1,002",0.0647,"307,867","368,577","12,242","114,014",0.2363,0.9030,2.9193
10,0.3700,0.3800,"13,942","1,149",0.0761,"321,809","354,635","13,391","112,865",0.2414,0.8939,2.8089
11,0.3800,0.3892,"14,028","1,132",0.0747,"335,837","340,607","14,523","111,733",0.2470,0.8850,2.6977
12,0.3900,0.3993,"13,862","1,230",0.0815,"349,699","326,745","15,753","110,503",0.2527,0.8752,2.5880
13,0.4000,0.4093,"13,938","1,276",0.0839,"363,637","312,807","17,029","109,227",0.2588,0.8651,2.4776
14,0.4100,0.4200,"13,649","1,400",0.0930,"377,286","299,158","18,429","107,827",0.2649,0.8540,2.3695
15,0.4200,0.4300,"13,490","1,391",0.0935,"390,776","285,668","19,820","106,436",0.2714,0.8430,2.2626
16,0.4300,0.4392,"13,299","1,516",0.1023,"404,075","272,369","21,336","104,920",0.2781,0.8310,2.1573
17,0.4400,0.4500,"13,134","1,633",0.1106,"417,209","259,235","22,969","103,287",0.2849,0.8181,2.0532
18,0.4500,0.4600,"12,951","1,594",0.1096,"430,160","246,284","24,563","101,693",0.2922,0.8055,1.9507
19,0.4600,0.4693,"12,701","1,650",0.1150,"442,861","233,583","26,213","100,043",0.2999,0.7924,1.8501
20,0.4700,0.4800,"12,413","1,731",0.1224,"455,274","221,170","27,944","98,312",0.3077,0.7787,1.7518
21,0.4800,0.4893,"12,123","1,841",0.1318,"467,397","209,047","29,785","96,471",0.3158,0.7641,1.6557
22,0.4900,0.5000,"11,962","1,848",0.1338,"479,359","197,085","31,633","94,623",0.3244,0.7495,1.5610
23,0.5000,0.5100,"11,457","1,894",0.1419,"490,816","185,628","33,527","92,729",0.3331,0.7345,1.4703
24,0.5100,0.5200,"11,091","2,069",0.1572,"501,907","174,537","35,596","90,660",0.3419,0.7181,1.3824
25,0.5200,0.5297,"10,584","2,093",0.1651,"512,491","163,953","37,689","88,567",0.3507,0.7015,1.2986
26,0.5300,0.5400,"10,432","2,104",0.1678,"522,923","153,521","39,793","86,463",0.3603,0.6848,1.2160
27,0.5400,0.5500,"9,960","2,165",0.1786,"532,883","143,561","41,958","84,298",0.3700,0.6677,1.1371
28,0.5500,0.5600,"9,528","2,158",0.1847,"542,411","134,033","44,116","82,140",0.3800,0.6506,1.0616
29,0.5600,0.5697,"9,175","2,219",0.1948,"551,586","124,858","46,335","79,921",0.3903,0.6330,0.9889
30,0.5700,0.5795,"8,799","2,266",0.2048,"560,385","116,059","48,601","77,655",0.4009,0.6151,0.9192
31,0.5800,0.5892,"8,368","2,265",0.2130,"568,753","107,691","50,866","75,390",0.4118,0.5971,0.8530
32,0.5900,0.5998,"7,863","2,425",0.2357,"576,616","99,828","53,291","72,965",0.4223,0.5779,0.7907
33,0.6000,0.6100,"7,431","2,353",0.2405,"584,047","92,397","55,644","70,612",0.4332,0.5593,0.7318
34,0.6100,0.6193,"7,229","2,379",0.2476,"591,276","85,168","58,023","68,233",0.4448,0.5404,0.6746
35,0.6200,0.6297,"6,642","2,431",0.2679,"597,918","78,526","60,454","65,802",0.4559,0.5212,0.6220
36,0.6300,0.6400,"6,366","2,542",0.2854,"604,284","72,160","62,996","63,260",0.4671,0.5010,0.5715
37,0.6400,0.6492,"5,964","2,425",0.2891,"610,248","66,196","65,421","60,835",0.4789,0.4818,0.5243
38,0.6500,0.6593,"5,512","2,468",0.3093,"615,760","60,684","67,889","58,367",0.4903,0.4623,0.4806
39,0.6600,0.6698,"5,193","2,506",0.3255,"620,953","55,491","70,395","55,861",0.5017,0.4424,0.4395
40,0.6700,0.6800,"4,820","2,563",0.3471,"625,773","50,671","72,958","53,298",0.5126,0.4221,0.4013
41,0.6800,0.6897,"4,567","2,549",0.3582,"630,340","46,104","75,507","50,749",0.5240,0.4020,0.3652
42,0.6900,0.6998,"4,257","2,401",0.3606,"634,597","41,847","77,908","48,348",0.5360,0.3829,0.3314
43,0.7000,0.7092,"4,011","2,400",0.3744,"638,608","37,836","80,308","45,948",0.5484,0.3639,0.2997
44,0.7100,0.7193,"3,642","2,452",0.4024,"642,250","34,194","82,760","43,496",0.5599,0.3445,0.2708
45,0.7200,0.7295,"3,419","2,453",0.4177,"645,669","30,775","85,213","41,043",0.5715,0.3251,0.2438
46,0.7300,0.7400,"3,153","2,353",0.4274,"648,822","27,622","87,566","38,690",0.5835,0.3064,0.2188
47,0.7400,0.7500,"2,853","2,450",0.4620,"651,675","24,769","90,016","36,240",0.5940,0.2870,0.1962
48,0.7500,0.7600,"2,702","2,429",0.4734,"654,377","22,067","92,445","33,811",0.6051,0.2678,0.1748
49,0.7600,0.7695,"2,487","2,328",0.4835,"656,864","19,580","94,773","31,483",0.6166,0.2494,0.1551
50,0.7700,0.7800,"2,343","2,311",0.4966,"659,207","17,237","97,084","29,172",0.6286,0.2311,0.1365
51,0.7800,0.7898,"2,220","2,206",0.4984,"661,427","15,017","99,290","26,966",0.6423,0.2136,0.1189
52,0.7900,0.7997,"1,970","2,262",0.5345,"663,397","13,047","101,552","24,704",0.6544,0.1957,0.1033
53,0.8000,0.8099,"1,787","2,217",0.5537,"665,184","11,260","103,769","22,487",0.6663,0.1781,0.0892
54,0.8100,0.8197,"1,663","2,142",0.5629,"666,847","9,597","105,911","20,345",0.6795,0.1611,0.0760
55,0.8200,0.8294,"1,442","2,073",0.5898,"668,289","8,155","107,984","18,272",0.6914,0.1447,0.0646
56,0.8300,0.8392,"1,344","2,065",0.6057,"669,633","6,811","110,049","16,207",0.7041,0.1284,0.0539
57,0.8400,0.8500,"1,162","1,911",0.6219,"670,795","5,649","111,960","14,296",0.7168,0.1132,0.0447
58,0.8500,0.8588,"1,048","1,784",0.6299,"671,843","4,601","113,744","12,512",0.7311,0.0991,0.0364
59,0.8600,0.8791,"1,702","3,250",0.6563,"673,545","2,899","116,994","9,262",0.7616,0.0734,0.0230
60,0.8800,0.9083,"1,584","3,890",0.7106,"675,129","1,315","120,884","5,372",0.8033,0.0425,0.0104
61,0.9100,1.0000,"1,315","5,372",0.8033,"676,444",0,"126,256",0,nan,0.0000,0.0000
