,y_proba,y_test,Neg,Pos,TN,FP,FN,TP,FP/P,Prec
0,0.0,175,4643,175,4643,671801,175,126081,5.3209431630971995,0.15801960690929234
1,0.0002,1,7,1,4650,671794,176,126080,5.320887720187556,0.15801993798519565
2,0.0004,0,24,0,4674,671770,176,126080,5.320697630211633,0.1580246913580247
3,0.0006,1,19,1,4693,671751,177,126079,5.3205471423140285,0.1580273993206573
4,0.0007,0,11,0,4704,671740,177,126079,5.320460017741731,0.15802957813739707
5,0.0008,1,27,1,4731,671713,178,126078,5.320246166518819,0.15803387102637156
6,0.0009,0,14,0,4745,671699,178,126078,5.320135280699531,0.15803664432541925
7,0.001,4,38,4,4783,671661,182,126074,5.3198343049043215,0.15803995061016504
8,0.0011,3,18,3,4801,671643,185,126071,5.31969173742238,0.15804035030098507
9,0.0012,1,52,1,4853,671591,186,126070,5.319279875807882,0.15804959751072198
10,0.0013,0,12,0,4865,671579,186,126070,5.319184830819921,0.15805197524224315
11,0.0014,2,63,2,4928,671516,188,126068,5.318685844633126,0.15806234829184135
12,0.0015,3,81,3,5009,671435,191,126065,5.31804429096439,0.15807523510971788
13,0.0016,1,21,1,5030,671414,192,126064,5.317877962235458,0.1580783419730701
14,0.0017,0,74,0,5104,671340,192,126064,5.317291851476366,0.15809301182336682
15,0.0018,1,53,1,5157,671287,193,126063,5.316872069446204,0.15810246441336928
16,0.0019,0,10,0,5167,671277,193,126063,5.31679286528957,0.15810444728723003
17,0.002,1,47,1,5214,671230,194,126062,5.31642060575339,0.15811271152852405
18,0.0021,0,32,0,5246,671198,194,126062,5.31616715245216,0.15811905777287208
19,0.0022,2,45,2,5291,671153,196,126060,5.315810733747307,0.15812587100310707
20,0.0023,2,20,2,5311,671133,198,126058,5.315652325434039,0.1581277259778397
21,0.0025,9,172,9,5483,670961,207,126049,5.314290013939932,0.15815234438714695
22,0.0026,1,14,1,5497,670947,208,126048,5.314179128120644,0.15815406621120584
23,0.0027,4,44,4,5541,670903,212,126044,5.313830629831454,0.15815857265288658
24,0.0028,0,19,0,5560,670884,212,126044,5.313680141933848,0.15816234339865082
25,0.0029,1,63,1,5623,670821,213,126043,5.313181155747054,0.15817379126174605
26,0.003,1,24,1,5647,670797,214,126042,5.312991065771132,0.15817749884230065
27,0.0031,0,36,0,5683,670761,214,126042,5.312705930807248,0.15818464538913635
28,0.0032,0,24,0,5707,670737,214,126042,5.312515840831327,0.15818941011246532
29,0.0033,14,225,14,5932,670512,228,126028,5.310733747307059,0.15821929846586485
30,0.0034,1,13,1,5945,670499,229,126027,5.310630781903434,0.15822082392790693
31,0.0035,1,28,1,5973,670471,230,126026,5.310409010264859,0.1582253291600596
32,0.0036,2,47,2,6020,670424,232,126024,5.3100367507286785,0.1582325525332476
33,0.0037,2,49,2,6069,670375,234,126022,5.309648650361171,0.15824017418448336
34,0.0038,0,38,0,6107,670337,234,126022,5.309347674565961,0.15824772495821607
35,0.0039,0,6,0,6113,670331,234,126022,5.309300152071981,0.15824891725152038
36,0.004,3,98,3,6211,670233,237,126019,5.308523951336966,0.15826522256772982
37,0.0041,1,24,1,6235,670209,238,126018,5.308333861361044,0.15826893586879118
38,0.0042,0,39,0,6274,670170,238,126018,5.308024965150171,0.15827668842032283
39,0.0043,2,63,2,6337,670107,240,126016,5.307525978963376,0.15828709885281544
40,0.0044,3,28,3,6365,670079,243,126013,5.3073042073248,0.15828949417906474
41,0.0045,2,30,2,6395,670049,245,126011,5.307066594854898,0.1582933447227596
42,0.0046,4,47,4,6442,670002,249,126007,5.306694335318718,0.15829846144955648
43,0.0047,0,16,0,6458,669986,249,126007,5.306567608668103,0.15830164335616018
44,0.0048,1,5,1,6463,669981,250,126006,5.306528006589786,0.15830158030219085
45,0.0049,0,15,0,6478,669966,250,126006,5.306409200354834,0.15830456347710722
46,0.005,16,271,16,6749,669695,266,125990,5.30426276771005,0.1583415547609921
47,0.0052,3,37,3,6786,669658,269,125987,5.303969712330503,0.15834574464742443
48,0.0053,3,36,3,6822,669622,272,125984,5.30368457736662,0.15834973592456567
49,0.0054,0,20,0,6842,669602,272,125984,5.3035261690533515,0.15835371663151437
50,0.0055,1,18,1,6860,669584,273,125983,5.303383601571411,0.1583562415233412
51,0.0056,1,29,1,6889,669555,274,125982,5.303153909517172,0.15836095618431323
52,0.0057,1,35,1,6924,669520,275,125981,5.302876694968952,0.1583668656607597
53,0.0058,5,68,5,6992,669452,280,125976,5.30233810670384,0.15837511377522542
54,0.0059,1,15,1,7007,669437,281,125975,5.302219300468889,0.15837704233780733
55,0.006,2,115,2,7122,669322,283,125973,5.301308452667596,0.15839782722134554
56,0.0061,4,23,4,7145,669299,287,125969,5.301126283107338,0.15839817520634553
57,0.0062,5,59,5,7204,669240,292,125964,5.300658978583196,0.15840463579157046
58,0.0063,2,26,2,7230,669214,294,125962,5.300453047775948,0.15840769842148153
59,0.0064,0,36,0,7266,669178,294,125962,5.300167912812064,0.1584148703372991
60,0.0065,2,22,2,7288,669156,296,125960,5.299993663667469,0.15841713661905935
61,0.0066,0,10,0,7298,669146,296,125960,5.299914459510835,0.1584191290217908
62,0.0067,9,124,9,7422,669022,305,125951,5.298932327968572,0.15843431160555138
63,0.0068,1,14,1,7436,669008,306,125950,5.298821442149284,0.1584360431620287
64,0.0069,1,11,1,7447,668997,307,125949,5.2987343175769865,0.15843717686484365
65,0.007,0,27,0,7474,668970,307,125949,5.298520466354074,0.15844255829839266
66,0.0071,2,37,2,7511,668933,309,125947,5.298227410974528,0.1584478160225443
67,0.0072,0,35,0,7546,668898,309,125947,5.297950196426308,0.15845479307286325
68,0.0073,5,66,5,7612,668832,314,125942,5.297427448992523,0.1584626573088702
69,0.0074,0,14,0,7626,668818,314,125942,5.2973165631732355,0.15846544868891238
70,0.0075,8,93,8,7719,668725,322,125934,5.296579964516538,0.15847552220512195
71,0.0076,1,37,1,7756,668688,323,125933,5.296286909136992,0.15848184228707773
72,0.0077,0,15,0,7771,668673,323,125933,5.29616810290204,0.15848483399319915
73,0.0078,2,16,2,7787,668657,325,125931,5.296041376251425,0.1584859071619506
74,0.0079,6,43,6,7830,668614,331,125925,5.295700798377899,0.15848812959464545
75,0.008,4,54,4,7884,668560,335,125921,5.295273095932075,0.15849466507065618
76,0.0081,0,25,0,7909,668535,335,125921,5.295075085540489,0.1584996525924658
77,0.0082,3,24,3,7933,668511,338,125918,5.294884995564567,0.15850126317140992
78,0.0083,0,44,0,7977,668467,338,125918,5.294536497275377,0.15851004235981295
79,0.0084,2,15,2,7992,668452,340,125916,5.294417691040426,0.1585109168546568
80,0.0085,0,7,0,7999,668445,340,125916,5.294362248130782,0.1585123136709884
81,0.0086,1,24,1,8023,668421,341,125915,5.2941721581548595,0.15851604358860735
82,0.0087,2,57,2,8080,668364,343,125913,5.293720694462046,0.15852530036750404
83,0.0088,0,30,0,8110,668334,343,125913,5.293483081992143,0.1585312881257342
84,0.0089,0,30,0,8140,668304,343,125913,5.29324546952224,0.15853727633631615
85,0.009,4,46,4,8186,668258,347,125909,5.292881130401724,0.15854222096863757
86,0.0091,3,29,3,8215,668229,350,125906,5.292651438347485,0.15854483179811996
87,0.0092,2,64,2,8279,668165,352,125904,5.292144531745026,0.15855549076969383
88,0.0093,1,21,1,8300,668144,353,125903,5.291978203016094,0.15855862436354523
89,0.0094,0,11,0,8311,668133,353,125903,5.291891078443797,0.1585608209199583
90,0.0095,1,31,1,8342,668102,354,125902,5.2916455455582305,0.158565951808807
91,0.0096,0,27,0,8369,668075,354,125902,5.291431694335318,0.15857134400618658
92,0.0097,0,14,0,8383,668061,354,125902,5.291320808516031,0.1585741401047656
93,0.0098,1,20,1,8403,668041,355,125901,5.291162400202762,0.15857707489967782
94,0.0099,0,2,0,8405,668039,355,125901,5.291146559371436,0.1585774743683402
95,0.01,27,561,27,8966,667478,382,125874,5.286703206184261,0.1586609726829957
96,0.0101,1,6,1,8972,667472,383,125873,5.28665568369028,0.15866111212650233
97,0.0102,0,11,0,8983,667461,383,125873,5.286568559117982,0.15866331204763692
98,0.0103,0,24,0,9007,667437,383,125873,5.28637846914206,0.1586681120873303
99,0.0104,3,21,3,9028,667416,386,125870,5.286212140413129,0.1586691306792254
100,0.0105,0,16,0,9044,667400,386,125870,5.286085413762514,0.1586723309844063
101,0.0106,1,26,1,9070,667374,387,125869,5.2858794829552656,0.15867647114440342
102,0.0107,0,47,0,9117,667327,387,125869,5.285507223419085,0.15868587335286613
103,0.0108,2,59,2,9176,667268,389,125867,5.2850399188949435,0.15869555624200168
104,0.0109,0,4,0,9180,667264,389,125867,5.28500823723229,0.15869635659178621
105,0.011,2,33,2,9213,667231,391,125865,5.284746863515397,0.15870083823395906
106,0.0111,4,22,4,9235,667209,395,125861,5.284572614370802,0.1587009973898899
107,0.0112,7,61,7,9296,667148,402,125854,5.284089469015334,0.15870577880005346
108,0.0113,3,30,3,9326,667118,405,125851,5.283851856545431,0.15870860021009647
109,0.0114,3,28,3,9354,667090,408,125848,5.283630084906856,0.1587110215426679
110,0.0115,0,38,0,9392,667052,408,125848,5.283329109111646,0.15871862782191953
111,0.0116,2,31,2,9423,667021,410,125846,5.283083576226081,0.15872271137530003
112,0.0117,2,48,2,9471,666973,412,125844,5.282703396274236,0.15873019877222613
113,0.0118,2,26,2,9497,666947,414,125842,5.282497465466988,0.1587332821217247
114,0.0119,0,11,0,9508,666936,414,125842,5.28241034089469,0.15873548458711015
115,0.012,4,28,4,9536,666908,418,125838,5.282188569256115,0.15873684635431778
116,0.0121,3,43,3,9579,666865,421,125835,5.2818479913825875,0.15874227324334553
117,0.0122,2,29,2,9608,666836,423,125833,5.281618299328349,0.15874595827514384
118,0.0123,2,12,2,9620,666824,425,125831,5.281523254340388,0.1587462389059553
119,0.0124,1,26,1,9646,666798,426,125830,5.281317323533139,0.15875038479589418
120,0.0125,2,87,2,9733,666711,428,125828,5.280628247370422,0.15876568850239547
121,0.0126,1,36,1,9769,666675,429,125827,5.280343112406539,0.15877183906160489
122,0.0127,3,30,3,9799,666645,432,125824,5.280105499936637,0.15877466500266887
123,0.0128,1,58,1,9857,666587,433,125823,5.279646115828158,0.15878522482048435
124,0.0129,1,31,1,9888,666556,434,125822,5.279400582942593,0.1587903753006772
125,0.013,2,38,2,9926,666518,436,125820,5.2790996071473835,0.15879586742021712
126,0.0131,2,19,2,9945,666499,438,125818,5.278949119249778,0.15879755198992324
127,0.0132,2,30,2,9975,666469,440,125816,5.278711506779876,0.15880144140050614
128,0.0133,3,76,3,10051,666393,443,125813,5.278109555189456,0.15881349043051934
129,0.0134,0,6,0,10057,666387,443,125813,5.278062032695476,0.15881469325927797
130,0.0135,1,29,1,10086,666358,444,125812,5.277832340641237,0.15881944532108008
131,0.0136,4,59,4,10145,666299,448,125808,5.277365036117096,0.15882702715668465
132,0.0137,4,33,4,10178,666266,452,125804,5.277103662400203,0.15882939639173305
133,0.0138,0,51,0,10229,666215,452,125804,5.276699721201369,0.15883962379690386
134,0.0139,1,23,1,10252,666192,453,125803,5.27651755164111,0.15884317451499064
135,0.014,2,93,2,10345,666099,455,125801,5.275780952984412,0.15885970450814496
136,0.0141,0,15,0,10360,666084,455,125801,5.275662146749461,0.15886271365160345
137,0.0142,2,46,2,10406,666038,457,125799,5.275297807628944,0.15886981790444246
138,0.0143,3,25,3,10431,666013,460,125796,5.275099797237359,0.15887164707650456
139,0.0144,2,20,2,10451,665993,462,125794,5.27494138892409,0.15887353543314048
140,0.0145,1,46,1,10497,665947,463,125793,5.274577049803574,0.15888170358956222
141,0.0146,1,37,1,10534,665910,464,125792,5.274283994424027,0.15888806646945441
142,0.0147,1,14,1,10548,665896,465,125791,5.27417310860474,0.15888981377741457
143,0.0148,4,28,4,10576,665868,469,125787,5.273951336966164,0.15889118365954866
144,0.0149,0,23,0,10599,665845,469,125787,5.273769167405906,0.1588958000687188
145,0.015,4,174,4,10773,665671,473,125783,5.272391015080472,0.15892648214551952
146,0.0151,2,35,2,10808,665636,475,125781,5.272113800532252,0.15893138509786875
147,0.0152,1,44,1,10852,665592,476,125780,5.271765302243062,0.15893915882795953
148,0.0153,4,40,4,10892,665552,480,125776,5.271448485616525,0.15894294148570504
149,0.0154,0,17,0,10909,665535,480,125776,5.271313838550247,0.15894635611030303
150,0.0156,8,58,8,10967,665477,488,125768,5.2708544544417695,0.1589495036303547
151,0.0157,0,38,0,11005,665439,488,125768,5.270553478646559,0.15895713763907549
152,0.0158,1,23,1,11028,665416,489,125767,5.2703713090863005,0.15896069556600687
153,0.0159,0,15,0,11043,665401,489,125767,5.27025250285135,0.15896370935123766
154,0.016,3,56,3,11099,665345,492,125764,5.269808959574198,0.15897177253703346
155,0.0161,0,8,0,11107,665337,492,125764,5.2697455962488915,0.1589733801373023
156,0.0162,5,43,5,11150,665294,497,125759,5.269405018375364,0.1589767057327385
157,0.0163,0,31,0,11181,665263,497,125759,5.269159485489799,0.1589829359992516
158,0.0164,5,23,5,11204,665240,502,125754,5.26897731592954,0.15898224259602475
159,0.0165,3,46,3,11250,665194,505,125751,5.268612976809023,0.15898829880712312
160,0.0166,3,27,3,11277,665167,508,125748,5.268399125586111,0.1589905362776025
161,0.0167,6,80,6,11357,665087,514,125742,5.267765492333037,0.15900023898971838
162,0.0168,3,37,3,11394,665050,517,125739,5.267472436953491,0.15900448792282137
163,0.0169,1,41,1,11435,665009,518,125738,5.267147699911291,0.15901166871325467
164,0.017,2,38,2,11473,664971,520,125736,5.266846724116082,0.159017183356161
165,0.0171,2,25,2,11498,664946,522,125734,5.266648713724496,0.15902008397834774
166,0.0172,5,58,5,11556,664888,527,125729,5.266189329616018,0.159026431255589
167,0.0173,1,29,1,11585,664859,528,125728,5.265959637561779,0.15903120086720374
168,0.0174,1,51,1,11636,664808,529,125727,5.265555696362945,0.15904039669337852
169,0.0175,1,61,1,11697,664747,530,125726,5.265072551007477,0.15905160581069816
170,0.0176,3,30,3,11727,664717,533,125723,5.264834938537574,0.15905445068569404
171,0.0177,4,43,4,11770,664674,537,125719,5.264494360664048,0.1590588479402019
172,0.0178,0,12,0,11782,664662,537,125719,5.264399315676087,0.15906126285930455
173,0.0179,1,38,1,11820,664624,538,125718,5.264098339880877,0.15906784657781062
174,0.018,3,30,3,11850,664594,541,125715,5.263860727410974,0.1590706926025137
175,0.0181,0,25,0,11875,664569,541,125715,5.263662717019389,0.15907572467619235
176,0.0182,2,26,2,11901,664543,543,125713,5.26345678621214,0.15907883015124213
177,0.0183,1,37,1,11938,664506,544,125712,5.263163730832594,0.1590852144598073
178,0.0184,0,39,0,11977,664467,544,125712,5.262854834621721,0.15909306625460815
179,0.0185,2,18,2,11995,664449,546,125710,5.262712267139779,0.1590945619805634
180,0.0186,0,27,0,12022,664422,546,125710,5.262498415916867,0.1590999984812664
181,0.0187,1,43,1,12065,664379,547,125709,5.262157838043341,0.15910759307823938
182,0.0188,6,47,6,12112,664332,553,125703,5.26178557850716,0.15911067231198617
183,0.0189,0,27,0,12139,664305,553,125703,5.261571727284248,0.1591161102166054
184,0.019,2,28,2,12167,664277,555,125701,5.261349955645672,0.15911962105273816
185,0.0191,0,10,0,12177,664267,555,125701,5.261270751489038,0.1591216353067466
186,0.0192,1,26,1,12203,664241,556,125700,5.261064820681789,0.15912580812997426
187,0.0193,1,37,1,12240,664204,557,125699,5.260771765302243,0.15913219724447178
188,0.0194,0,11,0,12251,664193,557,125699,5.260684640729946,0.15913441331219963
189,0.0195,2,7,2,12258,664186,559,125697,5.260629197820301,0.1591336944838666
190,0.0196,1,24,1,12282,664162,560,125696,5.2604391078443795,0.15913746521526653
191,0.0197,1,57,1,12339,664105,561,125695,5.259987644151565,0.1591478855406432
192,0.0198,0,34,0,12373,664071,561,125695,5.259718350019009,0.15915473697272356
193,0.0199,1,27,1,12400,664044,562,125694,5.259504498796097,0.15915911352879056
194,0.02,10,180,10,12580,663864,572,125684,5.258078823976683,0.1591847487423184
195,0.0201,1,5,1,12585,663859,573,125683,5.258039221898366,0.15918469188466225
196,0.0202,0,27,0,12612,663832,573,125683,5.257825370675453,0.15919013571623086
197,0.0203,1,25,1,12637,663807,574,125682,5.257627360283868,0.1591941116342343
198,0.0204,2,15,2,12652,663792,576,125680,5.257508554048917,0.15919500628268007
199,0.0205,1,32,1,12684,663760,577,125679,5.257255100747687,0.15920039420398535
200,0.0206,2,18,2,12702,663742,579,125677,5.257112533265746,0.15920189405119461
201,0.0207,2,35,2,12737,663707,581,125675,5.256835318717527,0.15920682255232574
202,0.0208,1,31,1,12768,663676,582,125674,5.25658978583196,0.1592120098815481
203,0.0209,0,24,0,12792,663652,582,125674,5.256399695856039,0.15921685083222903
204,0.021,2,48,2,12840,663604,584,125672,5.256019515904194,0.15922440312387556
205,0.0211,2,36,2,12876,663568,586,125670,5.255734380940312,0.15922953532394538
206,0.0212,1,33,1,12909,663535,587,125669,5.2554730072234195,0.15923512805307627
207,0.0213,1,36,1,12945,663499,588,125668,5.255187872259536,0.159241326614012
208,0.0214,3,29,3,12974,663470,591,125665,5.254958180205297,0.1592439823350884
209,0.0215,4,66,4,13040,663404,595,125661,5.254435432771512,0.15925303999036836
210,0.0216,1,45,1,13085,663359,596,125660,5.254079014066658,0.15926105708481036
211,0.0217,2,75,2,13160,663284,598,125658,5.253484982891902,0.15927406577416336
212,0.0218,1,27,1,13187,663257,599,125657,5.25327113166899,0.15927845113662578
213,0.0219,2,74,2,13261,663183,601,125655,5.252685020909897,0.1592912613236178
214,0.022,3,25,3,13286,663158,604,125652,5.252487010518312,0.15929311240983254
215,0.0221,0,23,0,13309,663135,604,125652,5.252304840958053,0.15929775718920317
216,0.0222,3,15,3,13324,663120,607,125649,5.252186034723103,0.15929758902796637
217,0.0223,0,4,0,13328,663116,607,125649,5.252154353060448,0.1592983968609155
218,0.0224,3,51,3,13379,663065,610,125646,5.2517504118616145,0.15930549973310884
219,0.0225,5,79,5,13458,662986,615,125641,5.251124699024205,0.15931612790330538
220,0.0226,1,17,1,13475,662969,616,125640,5.250990051957927,0.1593184962383133
221,0.0227,1,36,1,13511,662933,617,125639,5.250704916994044,0.1593247033878961
222,0.0228,1,27,1,13538,662906,618,125638,5.250491065771132,0.15932909260611963
223,0.0229,2,53,2,13591,662853,620,125636,5.25007128374097,0.15933766989774112
224,0.023,1,50,1,13641,662803,621,125635,5.2496752629578,0.15934670830173076
225,0.0231,1,20,1,13661,662783,622,125634,5.249516854644532,0.15934968424070003
226,0.0232,0,24,0,13685,662759,622,125634,5.24932676466861,0.15935453511129602
227,0.0233,1,58,1,13743,662701,623,125633,5.248867380560132,0.1593651929258411
228,0.0234,2,14,2,13757,662687,625,125631,5.248756494740844,0.15936589041478186
229,0.0235,0,22,0,13779,662665,625,125631,5.248582245596249,0.15937033804560724
230,0.0236,0,38,0,13817,662627,625,125631,5.248281269801039,0.15937802090178596
231,0.0237,2,47,2,13864,662580,627,125629,5.247909010264859,0.15938539143805766
232,0.0238,2,20,2,13884,662560,629,125627,5.247750601951591,0.15938730275937055
233,0.0239,1,10,1,13894,662550,630,125626,5.2476713977949565,0.15938825846003937
234,0.024,2,31,2,13925,662519,632,125624,5.24742586490939,0.15939239452738907
235,0.0241,1,31,1,13956,662488,633,125623,5.247180332023825,0.15939759754653848
236,0.0242,3,36,3,13992,662452,636,125620,5.246895197059942,0.15940167903440294
237,0.0243,1,46,1,14038,662406,637,125619,5.246530857939424,0.15940991719805844
238,0.0244,2,17,2,14055,662389,639,125617,5.246396210873146,0.15941122275718714
239,0.0245,1,22,1,14077,662367,640,125616,5.246221961728551,0.15941460666029597
240,0.0246,5,38,5,14115,662329,645,125611,5.245920985933342,0.15941696068228545
241,0.0247,4,46,4,14161,662283,649,125607,5.245556646812824,0.15942200053306935
242,0.0248,1,22,1,14183,662261,650,125606,5.245382397668229,0.15942538524903316
243,0.0249,0,17,0,14200,662244,650,125606,5.245247750601951,0.15942882528400076
244,0.025,3,87,3,14287,662157,653,125603,5.244558674439235,0.15944323144104802
245,0.0251,1,16,1,14303,662141,654,125602,5.24443194778862,0.1594454028788577
246,0.0252,0,26,0,14329,662115,654,125602,5.244226016981371,0.15945066565784413
247,0.0253,1,20,1,14349,662095,655,125601,5.244067608668103,0.15945364709227924
248,0.0254,1,38,1,14387,662057,656,125600,5.243766632872894,0.15946027268214463
249,0.0255,1,36,1,14423,662021,657,125599,5.24348149790901,0.15946649399456592
250,0.0256,3,22,3,14445,661999,660,125596,5.243307248764415,0.15946774674801134
251,0.0257,4,49,4,14494,661950,664,125592,5.242919148396908,0.1594733995139307
252,0.0258,1,33,1,14527,661917,665,125591,5.242657774680016,0.15947901481635743
253,0.0259,2,23,2,14550,661894,667,125589,5.242475605119757,0.15948153801415396
254,0.026,3,55,3,14605,661839,670,125586,5.242039982258269,0.15948947518811316
255,0.0261,5,37,5,14642,661802,675,125581,5.241746926878722,0.1594916324076085
256,0.0262,2,24,2,14666,661778,677,125579,5.2415568369028005,0.1594943589756616
257,0.0263,3,34,3,14700,661744,680,125576,5.241287542770245,0.15949804399735812
258,0.0264,3,34,3,14734,661710,683,125573,5.241018248637689,0.15950172936542514
259,0.0265,0,15,0,14749,661695,683,125573,5.240899442402737,0.1595047683889095
260,0.0266,0,26,0,14775,661669,683,125573,5.240693511595489,0.15951003630395735
261,0.0267,7,78,7,14853,661591,690,125566,5.240075719173742,0.15951836800028457
262,0.0268,3,33,3,14886,661558,693,125563,5.23981434545685,0.1595218524216734
263,0.0269,3,37,3,14923,661521,696,125560,5.239521290077303,0.1595261478805866
264,0.027,2,37,2,14960,661484,698,125558,5.239228234697757,0.1595315116601147
265,0.0271,0,12,0,14972,661472,698,125558,5.239133189709796,0.15953394406820579
266,0.0272,3,50,3,15022,661422,701,125555,5.238737168926625,0.15954087603576725
267,0.0273,0,28,0,15050,661394,701,125555,5.23851539728805,0.15954655257202183
268,0.0274,2,51,2,15101,661343,703,125553,5.238111456089215,0.1595547569183221
269,0.0275,8,88,8,15189,661255,711,125545,5.237414459510835,0.1595640569395018
270,0.0276,4,24,4,15213,661231,715,125541,5.237224369534913,0.15956465151276356
271,0.0277,3,19,3,15232,661212,718,125538,5.237073881637309,0.15956530028598664
272,0.0278,0,13,0,15245,661199,718,125538,5.236970916233684,0.15956793693445204
273,0.0279,0,15,0,15260,661184,718,125538,5.236852109998733,0.15957097932942005
274,0.028,4,26,4,15286,661158,722,125534,5.236646179191484,0.1595719798853935
275,0.0281,1,43,1,15329,661115,723,125533,5.236305601317957,0.15957963409301237
276,0.0282,1,29,1,15358,661086,724,125532,5.236075909263718,0.15958444886844694
277,0.0283,2,38,2,15396,661048,726,125530,5.235774933468509,0.1595900215871789
278,0.0284,1,31,1,15427,661017,727,125529,5.2355294005829425,0.159595242999138
279,0.0285,2,25,2,15452,660992,729,125527,5.235331390191357,0.15959817881068353
280,0.0286,1,15,1,15467,660977,730,125526,5.235212583956406,0.15960015409985723
281,0.0287,1,53,1,15520,660924,731,125525,5.234792801926245,0.15960984119758562
282,0.0288,1,27,1,15547,660897,732,125524,5.234578950703333,0.15961425241696242
283,0.0289,0,28,0,15575,660869,732,125524,5.234357179064757,0.15961993557928414
284,0.029,2,55,2,15630,660814,734,125522,5.23392155620327,0.15962896268261914
285,0.0291,1,19,1,15649,660795,735,125521,5.233771068305665,0.15963175110261016
286,0.0292,4,59,4,15708,660736,739,125517,5.233303763781524,0.15963945447584937
287,0.0293,1,35,1,15743,660701,740,125516,5.233026549233304,0.1596454922750335
288,0.0294,2,30,2,15773,660671,742,125514,5.232788936763401,0.15964944637712497
289,0.0295,1,14,1,15787,660657,743,125513,5.232678050944114,0.15965122047394328
290,0.0296,2,43,2,15830,660614,745,125511,5.2323374730705865,0.15965781523294642
291,0.0297,1,68,1,15898,660546,746,125510,5.231798884805475,0.1596705578228523
292,0.0298,2,15,2,15913,660531,748,125508,5.231680078570523,0.15967146668295085
293,0.0299,4,23,4,15936,660508,752,125504,5.2314979090102645,0.15967186251609392
294,0.03,5,163,5,16099,660345,757,125499,5.2302068812571285,0.1596996350420694
295,0.0301,0,21,0,16120,660324,757,125499,5.230040552528196,0.1597039027872689
296,0.0302,1,20,1,16140,660304,758,125498,5.229882144214929,0.15970689817536735
297,0.0303,2,26,2,16166,660278,760,125496,5.2296762134076795,0.15971004385484885
298,0.0304,2,35,2,16201,660243,762,125494,5.22939899885946,0.15971501914762828
299,0.0305,6,47,6,16248,660196,768,125488,5.22902673932328,0.15971815640893794
300,0.0306,2,20,2,16268,660176,770,125486,5.228868331010012,0.1597200831909905
301,0.0307,2,40,2,16308,660136,772,125484,5.228551514383475,0.1597260762200555
302,0.0308,1,26,1,16334,660110,773,125483,5.2283455835762265,0.15973029291248778
303,0.0309,2,13,2,16347,660097,775,125481,5.228242618172602,0.15973079694186956
304,0.031,1,38,1,16385,660059,776,125480,5.227941642377392,0.15973745415568164
305,0.0311,2,34,2,16419,660025,778,125478,5.227672348244836,0.15974222886481657
306,0.0312,2,39,2,16458,659986,780,125476,5.227363452033963,0.15974802090998674
307,0.0313,5,30,5,16488,659956,785,125471,5.22712583956406,0.159748773597037
308,0.0314,3,33,3,16521,659923,788,125468,5.226864465847168,0.1597522762547572
309,0.0315,0,13,0,16534,659910,788,125468,5.226761500443543,0.15975492056054535
310,0.0316,2,14,2,16548,659896,790,125466,5.226650614624256,0.15975562861457518
311,0.0317,6,56,6,16604,659840,796,125460,5.226207071347105,0.15976060104418693
312,0.0318,4,22,4,16626,659818,800,125456,5.226032822202509,0.15976079686835423
313,0.0319,4,32,4,16658,659786,804,125452,5.22577936890128,0.15976302726052483
314,0.032,4,69,4,16727,659717,808,125448,5.225232860220505,0.1597727866117313
315,0.0321,0,34,0,16761,659683,808,125448,5.224963566087948,0.15977970555232185
316,0.0322,2,19,2,16780,659664,810,125446,5.224813078190343,0.15978143190126223
317,0.0323,2,34,2,16814,659630,812,125444,5.224543784057787,0.15978621123613826
318,0.0324,1,46,1,16860,659584,813,125443,5.2241794449372705,0.15979450388330593
319,0.0325,4,65,4,16925,659519,817,125439,5.223664617919148,0.15980345445234012
320,0.0326,2,26,2,16951,659493,819,125437,5.2234586871119,0.1598066069585823
321,0.0327,5,41,5,16992,659452,824,125432,5.2231339500697,0.15980960243806727
322,0.0328,5,36,5,17028,659416,829,125427,5.2228488151058166,0.159811580150425
323,0.0329,1,45,1,17073,659371,830,125426,5.2224923964009635,0.15981967311291964
324,0.033,3,32,3,17105,659339,833,125423,5.222238943099734,0.15982297817682303
325,0.0331,2,15,2,17120,659324,835,125421,5.222120136864783,0.15982389183747586
326,0.0332,2,26,2,17146,659298,837,125419,5.221914206057534,0.15982704592865962
327,0.0333,1,35,1,17181,659263,838,125418,5.221636991509315,0.1598331041531527
328,0.0334,1,10,1,17191,659253,839,125417,5.221557787352681,0.1598340703735328
329,0.0335,0,13,0,17204,659240,839,125417,5.221454821949056,0.15983671846424616
330,0.0336,1,33,1,17237,659207,840,125416,5.221193448232163,0.1598423701573877
331,0.0337,2,30,2,17267,659177,842,125414,5.220955835762261,0.15984634032253747
332,0.0338,2,31,2,17298,659146,844,125412,5.220710302876695,0.15985051455724114
333,0.0339,7,23,7,17321,659123,851,125405,5.220528133316437,0.15984770460710135
334,0.034,0,34,0,17355,659089,851,125405,5.22025883918388,0.15985463241273992
335,0.0341,1,9,1,17364,659080,852,125404,5.22018755544291,0.15985539539366003
336,0.0342,2,42,2,17406,659038,854,125402,5.219854897985046,0.15986181224822804
337,0.0343,1,19,1,17425,659019,855,125401,5.2197044100874415,0.15986461334489177
338,0.0344,2,28,2,17453,658991,857,125399,5.2194826384488655,0.15986817781970702
339,0.0345,1,6,1,17459,658985,858,125398,5.2194351159548855,0.15986832962978545
340,0.0346,3,44,3,17503,658941,861,125395,5.219086617665695,0.15987408457599805
341,0.0347,3,26,3,17529,658915,864,125392,5.218880686858446,0.1598761709381658
342,0.0348,1,34,1,17563,658881,865,125391,5.21861139272589,0.1598820307240345
343,0.0349,4,57,4,17620,658824,869,125387,5.218159929033075,0.1598893665097786
344,0.035,8,57,8,17677,658767,877,125379,5.2177084653402614,0.15989241799358792
345,0.0351,1,28,1,17705,658739,878,125378,5.2174866937016855,0.15989705617911612
346,0.0352,2,46,2,17751,658693,880,125376,5.217122354581169,0.15990429413737822
347,0.0353,1,31,1,17782,658662,881,125375,5.216876821695602,0.15990954508524471
348,0.0354,2,26,2,17808,658636,883,125373,5.216670890888354,0.15991270508374267
349,0.0355,3,35,3,17843,658601,886,125370,5.216393676340134,0.159916629569206
350,0.0356,0,26,0,17869,658575,886,125370,5.216187745532886,0.15992193329889215
351,0.0357,2,24,2,17893,658551,888,125368,5.215997655556964,0.15992468609639515
352,0.0358,1,23,1,17916,658528,889,125367,5.215815485996705,0.15992830672475267
353,0.0359,1,20,1,17936,658508,890,125366,5.215657077683437,0.1599313154920306
354,0.036,3,39,3,17975,658469,893,125363,5.215348181472564,0.1599360577266557
355,0.0361,0,12,0,17987,658457,893,125363,5.215253136484603,0.15993850628970938
356,0.0362,4,57,4,18044,658400,897,125359,5.214801672791788,0.15994585070155495
357,0.0363,2,24,2,18068,658376,899,125357,5.214611582815866,0.159948604945817
358,0.0364,1,15,1,18083,658361,900,125356,5.214492776580915,0.15995059441099274
359,0.0365,2,26,2,18109,658335,902,125354,5.214286845773667,0.15995375716642699
360,0.0366,1,19,1,18128,658316,903,125353,5.214136357876061,0.1599565632939417
361,0.0367,5,65,5,18193,658251,908,125348,5.21362153085794,0.15996447162387906
362,0.0368,1,18,1,18211,658233,909,125347,5.213478963375998,0.15996707419791215
363,0.0369,0,37,0,18248,658196,909,125347,5.2131859079964515,0.15997462806763638
364,0.037,1,28,1,18276,658168,910,125346,5.2129641363578765,0.1599792728655774
365,0.0371,3,54,3,18330,658114,913,125343,5.212536433912052,0.15998708289031816
366,0.0372,3,30,3,18360,658084,916,125340,5.2122988214421495,0.1599899926476595
367,0.0373,2,22,2,18382,658062,918,125338,5.212124572297554,0.15999234107735513
368,0.0374,1,13,1,18395,658049,919,125337,5.21202160689393,0.15999392381278196
369,0.0375,3,55,3,18450,657994,922,125334,5.211585984032442,0.1600019404387434
370,0.0376,3,25,3,18475,657969,925,125331,5.211387973640857,0.16000382995021065
371,0.0377,2,15,2,18490,657954,927,125329,5.211269167405906,0.16000474924133423
372,0.0378,1,12,1,18502,657942,928,125328,5.211174122417945,0.1600061281550423
373,0.0379,0,24,0,18526,657918,928,125328,5.210984032442022,0.1600110310170751
374,0.038,2,28,2,18554,657890,930,125326,5.210762260803447,0.16001460644317786
375,0.0381,1,16,1,18570,657874,931,125325,5.210635534152832,0.16001680288151543
376,0.0382,2,37,2,18607,657837,933,125323,5.210342478773286,0.16002221768221053
377,0.0383,2,65,2,18672,657772,935,125321,5.209827651755164,0.1600333549144227
378,0.0384,2,26,2,18698,657746,937,125319,5.209621720947915,0.16003652314941927
379,0.0385,1,28,1,18726,657718,938,125318,5.20939994930934,0.16004117307505658
380,0.0386,3,29,3,18755,657689,941,125315,5.209170257255101,0.16004388227901772
381,0.0387,1,27,1,18782,657662,942,125314,5.208956406032189,0.16004832842896846
382,0.0388,0,20,0,18802,657642,942,125314,5.2087979977189205,0.16005241673861623
383,0.0389,2,35,2,18837,657607,944,125312,5.208520783170701,0.16005742611943252
384,0.039,2,39,2,18876,657568,946,125310,5.208211886959828,0.16006325378922387
385,0.0391,2,16,2,18892,657552,948,125308,5.208085160309213,0.16006437932708276
386,0.0392,3,53,3,18945,657499,951,125305,5.207665378279052,0.16007199758815743
387,0.0393,1,62,1,19007,657437,952,125304,5.20717431250792,0.16008360364411728
388,0.0394,1,13,1,19020,657424,953,125303,5.207071347104296,0.160085189344433
389,0.0395,0,11,0,19031,657413,953,125303,5.206984222531998,0.16008743912223591
390,0.0396,0,28,0,19059,657385,953,125303,5.2067624508934225,0.1600931661147226
391,0.0397,1,61,1,19120,657324,954,125302,5.206279305537954,0.16010457102115186
392,0.0398,1,27,1,19147,657297,955,125301,5.206065454315042,0.16010902148996037
393,0.0399,3,24,3,19171,657273,958,125298,5.2058753643391205,0.16011071199929464
394,0.04,5,127,5,19298,657146,963,125293,5.204869471549867,0.16013133292179965
395,0.0401,4,45,4,19343,657101,967,125289,5.204513052845013,0.16013624918518898
396,0.0402,6,28,6,19371,657073,973,125283,5.204291281206438,0.1601355393196959
397,0.0403,2,39,2,19410,657034,975,125281,5.203982384995564,0.16014137527722208
398,0.0404,2,21,2,19431,657013,977,125279,5.203816056266633,0.1601435269694692
399,0.0405,2,31,2,19462,656982,979,125277,5.203570523381067,0.16014772600890498
400,0.0406,2,25,2,19487,656957,981,125275,5.203372512989482,0.16015069697992412
401,0.0407,0,32,0,19519,656925,981,125275,5.203119059688253,0.16015724878547685
402,0.0408,1,21,1,19540,656904,982,125274,5.20295273095932,0.1601604749813981
403,0.0409,3,31,3,19571,656873,985,125271,5.202707198073755,0.16016360158743148
404,0.041,1,37,1,19608,656836,986,125270,5.2024141426942085,0.16017010481955132
405,0.0411,0,35,0,19643,656801,986,125270,5.202136928145989,0.16017727290744702
406,0.0412,1,15,1,19658,656786,987,125269,5.2020181219110375,0.16017927127887424
407,0.0413,2,11,2,19669,656775,989,125267,5.20193099733874,0.16017937655522338
408,0.0414,0,13,0,19682,656762,989,125267,5.201828031935116,0.16018203928498814
409,0.0415,1,11,1,19693,656751,990,125266,5.201740907362819,0.1601832185233825
410,0.0416,6,40,6,19733,656711,996,125260,5.201424090736282,0.16018496849627417
411,0.0417,3,51,3,19784,656660,999,125257,5.201020149537448,0.16019219431218404
412,0.0418,1,21,1,19805,656639,1000,125256,5.200853820808516,0.16019542265905268
413,0.0419,1,37,1,19842,656602,1001,125255,5.200560765428969,0.16020192950884882
414,0.042,2,39,2,19881,656563,1003,125253,5.200251869218096,0.16020777267285397
415,0.0421,2,40,2,19921,656523,1005,125251,5.19993505259156,0.16021382138572016
416,0.0422,2,42,2,19963,656481,1007,125249,5.199602395133697,0.16022028065956276
417,0.0423,1,37,1,20000,656444,1008,125248,5.1993093397541505,0.16022679009123797
418,0.0424,2,41,2,20041,656403,1010,125246,5.19898460271195,0.16023304577885983
419,0.0425,2,49,2,20090,656354,1012,125244,5.198596502344443,0.16024094227467317
420,0.0426,1,18,1,20108,656336,1013,125243,5.198453934862502,0.16024355823275702
421,0.0427,2,26,2,20134,656310,1015,125241,5.198248004055253,0.1602467401359604
422,0.0428,6,38,6,20172,656272,1021,125235,5.197947028260043,0.16024808479002747
423,0.0429,0,17,0,20189,656255,1021,125235,5.197812381193765,0.1602515707174756
424,0.043,3,46,3,20235,656209,1024,125232,5.197448042073248,0.1602577801779021
425,0.0431,3,10,3,20245,656199,1027,125229,5.197368837916614,0.16025660713463044
426,0.0432,1,44,1,20289,656155,1028,125228,5.197020339627423,0.1602645565618909
427,0.0433,5,51,5,20340,656104,1033,125223,5.196616398428589,0.1602696438239047
428,0.0434,2,11,2,20351,656093,1035,125221,5.196529273856292,0.16026975070202248
429,0.0435,3,36,3,20387,656057,1038,125218,5.196244138892409,0.16027391123484047
430,0.0436,0,25,0,20412,656032,1038,125218,5.196046128500824,0.16027904
431,0.0437,4,36,4,20448,655996,1042,125214,5.195760993536941,0.16028212644487397
432,0.0438,1,44,1,20492,655952,1043,125213,5.1954124952477505,0.1602900795606562
433,0.0439,1,31,1,20523,655921,1044,125212,5.195166962362185,0.1602953658339873
434,0.044,3,41,3,20564,655880,1047,125209,5.194842225319984,0.16030055473832047
435,0.0441,2,25,2,20589,655855,1049,125207,5.1946442149284,0.16030353544276896
436,0.0442,1,29,1,20618,655826,1050,125206,5.19441452287416,0.16030841245941269
437,0.0443,3,55,3,20673,655771,1053,125203,5.193978900012673,0.16031647660485496
438,0.0444,2,26,2,20699,655745,1055,125201,5.1937729692054235,0.16031966358749516
439,0.0445,3,39,3,20738,655706,1058,125198,5.1934640729945505,0.1603244444899757
440,0.0446,2,36,2,20774,655670,1060,125196,5.193178938030668,0.16032968524689256
441,0.0447,4,36,4,20810,655634,1064,125192,5.192893803066785,0.1603327758040844
442,0.0448,2,67,2,20877,655567,1066,125190,5.192363135217336,0.16034438371990262
443,0.0449,2,33,2,20910,655534,1068,125188,5.192101761500443,0.16034901027510431
444,0.045,2,53,2,20963,655481,1070,125186,5.191681979470283,0.16035774536390035
445,0.0451,4,24,4,20987,655457,1074,125182,5.191491889494361,0.1603583730764156
446,0.0452,3,35,3,21022,655422,1077,125179,5.191214674946141,0.160362336199928
447,0.0453,2,47,2,21069,655375,1079,125177,5.190842415409961,0.1603698408305917
448,0.0454,2,16,2,21085,655359,1081,125175,5.190715688759346,0.16037097679281107
449,0.0455,1,36,1,21121,655323,1082,125174,5.190430553795463,0.1603772980549573
450,0.0456,1,54,1,21175,655269,1083,125173,5.190002851349639,0.16038731898078268
451,0.0457,1,12,1,21187,655257,1084,125172,5.189907806361678,0.16038870928681534
452,0.0458,1,37,1,21224,655220,1085,125171,5.189614750982131,0.1603952377718349
453,0.0459,3,23,3,21247,655197,1088,125168,5.189432581421873,0.16039673742415408
454,0.046,0,23,0,21270,655174,1088,125168,5.1892504118616145,0.16040146499868008
455,0.0461,0,42,0,21312,655132,1088,125168,5.188917754403751,0.16041009867999487
456,0.0462,1,36,1,21348,655096,1089,125167,5.188632619439868,0.16041642369303682
457,0.0463,1,47,1,21395,655049,1090,125166,5.188260359903688,0.16042501105464518
458,0.0464,0,31,0,21426,655018,1090,125166,5.188014827018122,0.1604313854167735
459,0.0465,1,22,1,21448,654996,1091,125165,5.187840577873526,0.1604348333228654
460,0.0466,0,19,0,21467,654977,1091,125165,5.187690089975922,0.1604387406395246
461,0.0467,8,75,8,21542,654902,1099,125157,5.187096058801166,0.1604455560412738
462,0.0468,1,49,1,21591,654853,1100,125156,5.186707958433659,0.1604545588576542
463,0.0469,0,28,0,21619,654825,1100,125156,5.186486186795083,0.1604603189052041
464,0.047,0,31,0,21650,654794,1100,125156,5.186240653909517,0.1604666965831143
465,0.0471,0,38,0,21688,654756,1100,125156,5.185939678114307,0.16047451507349547
466,0.0472,0,21,0,21709,654735,1100,125156,5.185773349385376,0.16047883614505104
467,0.0473,3,31,3,21740,654704,1103,125153,5.1855278164998095,0.16048198579996076
468,0.0474,0,28,0,21768,654676,1103,125153,5.1853060448612345,0.1604877479550004
469,0.0475,2,53,2,21821,654623,1105,125151,5.184886262831073,0.1604965028328721
470,0.0476,5,55,5,21876,654568,1110,125146,5.184450639969586,0.16050244063849053
471,0.0477,1,19,1,21895,654549,1111,125145,5.184300152071981,0.1605052751464036
472,0.0478,1,19,1,21914,654530,1112,125144,5.184149664174376,0.16050810979973681
473,0.0479,0,18,0,21932,654512,1112,125144,5.184007096692435,0.1605118154673343
474,0.048,1,26,1,21958,654486,1113,125143,5.1838011658851855,0.16051609162819752
475,0.0481,1,30,1,21988,654456,1114,125142,5.183563553415283,0.16052119169110235
476,0.0482,2,19,2,22007,654437,1116,125140,5.183413065517678,0.16052295026661895
477,0.0483,2,34,2,22041,654403,1118,125138,5.183143771385122,0.16052779776817383
478,0.0484,1,28,1,22069,654375,1119,125137,5.182921999746546,0.16053248699186157
479,0.0485,3,27,3,22096,654348,1122,125134,5.182708148523634,0.16053481671161104
480,0.0486,1,16,1,22112,654332,1123,125133,5.18258142187302,0.16053703501760824
481,0.0487,1,11,1,22123,654321,1124,125132,5.182494297300722,0.16053822360039668
482,0.0488,3,13,3,22136,654308,1127,125129,5.182391331897098,0.16053767013883097
483,0.0489,0,14,0,22150,654294,1127,125129,5.18228044607781,0.16054055371730114
484,0.049,3,32,3,22182,654262,1130,125126,5.1820269927765805,0.16054391394273457
485,0.0491,3,37,3,22219,654225,1133,125123,5.181733937397035,0.1605483044801552
486,0.0492,4,48,4,22267,654177,1137,125119,5.181353757445191,0.16055388453167987
487,0.0493,0,33,0,22300,654144,1137,125119,5.1810923837282985,0.1605606836202925
488,0.0494,1,29,1,22329,654115,1138,125118,5.180862691674059,0.16056558179645883
489,0.0495,5,59,5,22388,654056,1143,125113,5.180395387149917,0.16057235336621453
490,0.0496,1,26,1,22414,654030,1144,125112,5.180189456342669,0.1605766342977275
491,0.0497,1,21,1,22435,654009,1145,125111,5.180023127613737,0.1605798849984598
492,0.0498,4,23,4,22458,653986,1149,125107,5.179840958053479,0.16058031582879065
493,0.0499,0,19,0,22477,653967,1149,125107,5.179690470155874,0.1605842320498438
494,0.05,1,64,1,22541,653903,1150,125106,5.179183563553416,0.16059634741062043
495,0.0501,2,48,2,22589,653855,1152,125104,5.178803383601571,0.16060408827678993
496,0.0502,0,89,0,22678,653766,1152,125104,5.178098466607527,0.16062244020183086
497,0.0503,7,24,7,22702,653742,1159,125097,5.177908376631605,0.1606198456933975
498,0.0504,1,23,1,22725,653719,1160,125096,5.1777262070713475,0.1606235113602075
499,0.0505,2,32,2,22757,653687,1162,125094,5.177472753770118,0.16062795574108768
500,0.0506,1,9,1,22766,653678,1163,125093,5.177401470029147,0.1606287342492209
501,0.0507,1,60,1,22826,653618,1164,125092,5.1769262450893425,0.16064003287488282
502,0.0508,1,34,1,22860,653584,1165,125091,5.176656950956787,0.1606459691142004
503,0.0509,2,19,2,22879,653565,1167,125089,5.176506463059181,0.16064773313949457
504,0.051,1,20,1,22899,653545,1168,125088,5.176348054745913,0.16065078156204526
505,0.0511,0,16,0,22915,653529,1168,125088,5.1762213280952984,0.16065408281607002
506,0.0512,2,26,2,22941,653503,1170,125086,5.17601539728805,0.16065729158773115
507,0.0513,2,43,2,22984,653460,1172,125084,5.175674819414523,0.16066400871370148
508,0.0514,2,39,2,23023,653421,1174,125082,5.17536592320365,0.16066990107937926
509,0.0515,3,52,3,23075,653369,1177,125079,5.174954061589152,0.16067739913263313
510,0.0516,3,47,3,23122,653322,1180,125076,5.1745818020529715,0.16068386609420887
511,0.0517,7,28,7,23150,653294,1187,125069,5.174360030414396,0.16068209819839843
512,0.0518,1,8,1,23158,653286,1188,125068,5.174296667089089,0.16068267138088838
513,0.0519,2,25,2,23183,653261,1190,125066,5.174098656697503,0.16068567581492096
514,0.052,1,29,1,23212,653232,1191,125065,5.1738689646432645,0.1606905846996712
515,0.0521,2,14,2,23226,653218,1193,125063,5.173758078823977,0.1606913184312607
516,0.0522,4,45,4,23271,653173,1197,125059,5.173401660119123,0.1606962962201503
517,0.0523,2,32,2,23303,653141,1199,125057,5.173148206817894,0.1607007471106325
518,0.0524,4,30,4,23333,653111,1203,125053,5.172910594347991,0.16070262823774936
519,0.0525,3,37,3,23370,653074,1206,125050,5.172617538968445,0.16070703384036478
520,0.0526,2,75,2,23445,652999,1208,125048,5.172023507793689,0.1607203677926912
521,0.0527,1,34,1,23479,652965,1209,125047,5.171754213661133,0.16072631270468837
522,0.0528,3,42,3,23521,652923,1212,125044,5.17142155620327,0.160731753403422
523,0.0529,3,37,3,23558,652886,1215,125041,5.171128500823723,0.1607361616192779
524,0.053,0,18,0,23576,652868,1215,125041,5.170985933341782,0.16073988088581054
525,0.0531,0,13,0,23589,652855,1215,125041,5.170882967938158,0.16074256712979626
526,0.0532,0,17,0,23606,652838,1215,125041,5.170748320871879,0.16074608004586832
527,0.0533,4,85,4,23691,652753,1219,125037,5.170075085540489,0.16075933092479974
528,0.0534,1,41,1,23732,652712,1220,125036,5.169750348498289,0.16076672649752877
529,0.0535,3,36,3,23768,652676,1223,125033,5.169465213534406,0.16077093102947246
530,0.0536,0,40,0,23808,652636,1223,125033,5.16914839690787,0.16077920040531382
531,0.0537,3,64,3,23872,652572,1226,125030,5.168641490305411,0.16078919550104037
532,0.0538,1,30,1,23902,652542,1227,125029,5.168403877835509,0.16079431974700703
533,0.0539,2,25,2,23927,652517,1229,125027,5.168205867443923,0.16079733108351424
534,0.054,0,30,0,23957,652487,1229,125027,5.167968254974021,0.1608035353704242
535,0.0541,2,16,2,23973,652471,1231,125025,5.1678415283234065,0.16080468581188842
536,0.0542,4,50,4,24023,652421,1235,125021,5.1674455075402355,0.16081070999508645
537,0.0543,3,16,3,24039,652405,1238,125018,5.167318780889621,0.16081078126065218
538,0.0544,4,35,4,24074,652370,1242,125014,5.1670415663414015,0.16081370339497597
539,0.0545,2,34,2,24108,652336,1244,125012,5.166772272208846,0.16081857803712107
540,0.0546,0,37,0,24145,652299,1244,125012,5.166479216829299,0.16082623300069085
541,0.0547,0,13,0,24158,652286,1244,125012,5.166376251425675,0.16082892275549404
542,0.0548,4,35,4,24193,652251,1248,125008,5.166099036877456,0.16083184627003355
543,0.0549,1,24,1,24217,652227,1249,125007,5.165908946901533,0.16083573286809377
544,0.055,0,44,0,24261,652183,1249,125007,5.165560448612343,0.1608448384564907
545,0.0551,2,38,2,24299,652145,1251,125005,5.165259472817134,0.16085054365309143
546,0.0552,2,28,2,24327,652117,1253,125003,5.165037701178558,0.1608541795346922
547,0.0553,0,15,0,24342,652102,1253,125003,5.1649188949436065,0.16085728440815592
548,0.0554,0,10,0,24352,652092,1253,125003,5.164839690786972,0.16085935439038984
549,0.0555,2,45,2,24397,652047,1255,125001,5.164483272082119,0.16086651017697748
550,0.0556,1,25,1,24422,652022,1256,125000,5.164285261690534,0.16087060598026826
551,0.0557,5,36,5,24458,651986,1261,124995,5.16400012672665,0.16087265969180714
552,0.0558,3,50,3,24508,651936,1264,124992,5.16360410594348,0.16087977264302483
553,0.0559,3,31,3,24539,651905,1267,124989,5.163358573057914,0.1608829518570101
554,0.056,2,22,2,24561,651883,1269,124987,5.163184323913319,0.16088534761285672
555,0.0561,1,13,1,24574,651870,1270,124986,5.163081358509695,0.16088695974543546
556,0.0562,1,26,1,24600,651844,1271,124985,5.162875427702446,0.16089126435805048
557,0.0563,1,23,1,24623,651821,1272,124984,5.162693258142188,0.1608949478955465
558,0.0564,0,9,0,24632,651812,1272,124984,5.162621974401216,0.16089681203301767
559,0.0565,5,26,5,24658,651786,1277,124979,5.162416043593968,0.16089679632836185
560,0.0566,1,21,1,24679,651765,1278,124978,5.162249714865036,0.16090006604501103
561,0.0567,2,33,2,24712,651732,1280,124976,5.1619883411481435,0.1609047415502351
562,0.0568,2,34,2,24746,651698,1282,124974,5.161719047015588,0.160909624654938
563,0.0569,2,27,2,24773,651671,1284,124972,5.161505195792675,0.16091305786571178
564,0.057,4,21,4,24794,651650,1288,124968,5.161338867063743,0.16091308725782819
565,0.0571,2,29,2,24823,651621,1290,124966,5.161109175009504,0.16091693525644904
566,0.0572,3,17,3,24840,651604,1293,124963,5.160974527943226,0.1609172164153254
567,0.0573,3,27,3,24867,651577,1296,124960,5.160760676720314,0.16091956983376193
568,0.0574,0,15,0,24882,651562,1296,124960,5.160641870485363,0.16092267830145185
569,0.0575,2,56,2,24938,651506,1298,124958,5.160198327208212,0.16093212306043808
570,0.0576,0,28,0,24966,651478,1298,124958,5.159976555569636,0.16093792662885287
571,0.0577,2,43,2,25009,651435,1300,124956,5.15963597769611,0.1609446786477432
572,0.0578,3,28,3,25037,651407,1303,124953,5.159414206057534,0.1609472409706837
573,0.0579,1,10,1,25047,651397,1304,124952,5.159335001900899,0.16094823333320452
574,0.058,0,17,0,25064,651380,1304,124952,5.1592003548346215,0.16095175775312623
575,0.0581,0,43,0,25107,651337,1304,124952,5.158859776961095,0.16096067315136503
576,0.0582,4,20,4,25127,651317,1308,124948,5.158701368647827,0.16096049673758317
577,0.0583,5,41,5,25168,651276,1313,124943,5.158376631605627,0.1609635940372498
578,0.0584,0,25,0,25193,651251,1313,124943,5.1581786212140415,0.16096877842395071
579,0.0585,0,22,0,25215,651229,1313,124943,5.158004372069446,0.16097334096050875
580,0.0586,3,37,3,25252,651192,1316,124940,5.1577113166899,0.16097777182231887
581,0.0587,2,21,2,25273,651171,1318,124938,5.157544987960968,0.16097996544299834
582,0.0588,4,14,4,25287,651157,1322,124934,5.15743410214168,0.16097854504175413
583,0.0589,0,43,0,25330,651114,1322,124934,5.157093524268154,0.1609874646929056
584,0.059,3,39,3,25369,651075,1325,124931,5.156784628057281,0.16099231191511407
585,0.0591,0,29,0,25398,651046,1325,124931,5.156554936003041,0.16099832855870727
586,0.0592,2,43,2,25441,651003,1327,124929,5.156214358129515,0.1610050880747282
587,0.0593,1,44,1,25485,650959,1328,124928,5.155865859840325,0.1610131372223017
588,0.0594,0,13,0,25498,650946,1328,124928,5.1557628944367,0.16101583504538108
589,0.0595,1,24,1,25522,650922,1329,124927,5.155572804460778,0.16101973451019463
590,0.0596,0,18,0,25540,650904,1329,124927,5.1554302369788365,0.16102347031763362
591,0.0597,2,40,2,25580,650864,1331,124925,5.1551134203523,0.16102960985525702
592,0.0598,2,39,2,25619,650825,1333,124923,5.154804524141427,0.16103554246997737
593,0.0599,1,21,1,25640,650804,1334,124922,5.154638195412495,0.16103882040823692
594,0.06,2,63,2,25703,650741,1336,124920,5.154139209225701,0.16104973693404723
595,0.0601,2,27,2,25730,650714,1338,124918,5.153925358002788,0.1610531798584896
596,0.0602,1,19,1,25749,650695,1339,124917,5.153774870105183,0.16105604348566036
597,0.0603,0,43,0,25792,650652,1339,124917,5.1534342922316565,0.16106497294244612
598,0.0604,2,32,2,25824,650620,1341,124915,5.153180838930427,0.16106945527925884
599,0.0605,2,31,2,25855,650589,1343,124913,5.152935306044861,0.1610737303063048
600,0.0606,1,40,1,25895,650549,1344,124912,5.152618489418325,0.16108095700492997
601,0.0607,7,68,7,25963,650481,1351,124905,5.152079901153212,0.16108750996277982
602,0.0608,1,32,1,25995,650449,1352,124904,5.151826447851983,0.1610930763149172
603,0.0609,0,12,0,26007,650437,1352,124904,5.151731402864022,0.16109556956229582
604,0.061,4,56,4,26063,650381,1356,124900,5.151287859586871,0.16110287753730582
605,0.0611,1,33,1,26096,650348,1357,124899,5.151026485869979,0.16110865311313685
606,0.0612,1,42,1,26138,650306,1358,124898,5.150693828412115,0.1611162997094958
607,0.0613,2,31,2,26169,650275,1360,124896,5.150448295526549,0.16112057855621534
608,0.0614,2,28,2,26197,650247,1362,124894,5.150226523887974,0.16112423417158941
609,0.0615,2,26,2,26223,650221,1364,124892,5.150020593080725,0.16112747431664803
610,0.0616,0,16,0,26239,650205,1364,124892,5.14989386643011,0.16113080040304634
611,0.0617,4,46,4,26285,650159,1368,124888,5.149529527309594,0.16113603433082122
612,0.0618,1,25,1,26310,650134,1369,124887,5.149331516918008,0.16114014975078095
613,0.0619,2,29,2,26339,650105,1371,124885,5.149101824863769,0.1611440147614808
614,0.062,2,43,2,26382,650062,1373,124883,5.148761246990242,0.16115079134648266
615,0.0621,3,24,3,26406,650038,1376,124880,5.14857115701432,0.16115253484884853
616,0.0622,3,25,3,26431,650013,1379,124877,5.148373146622735,0.1611544864432371
617,0.0623,1,23,1,26454,649990,1380,124876,5.148190977062476,0.1611581873511033
618,0.0624,1,22,1,26476,649968,1381,124875,5.148016727917881,0.16116168049527452
619,0.0625,4,42,4,26518,649926,1385,124871,5.147684070460017,0.16116608608448407
620,0.0626,7,47,7,26565,649879,1392,124864,5.147311810923838,0.16116828419230636
621,0.0627,2,18,2,26583,649861,1394,124862,5.147169243441896,0.16116986329307378
622,0.0628,1,25,1,26608,649836,1395,124861,5.14697123305031,0.1611739815695685
623,0.0629,1,29,1,26637,649807,1396,124860,5.1467415409960715,0.16117893236706868
624,0.063,2,49,2,26686,649758,1398,124858,5.146353440628564,0.16118696231423055
625,0.0631,0,25,0,26711,649733,1398,124858,5.146155430236979,0.16119216463914504
626,0.0632,0,22,0,26733,649711,1398,124858,5.145981181092384,0.16119674296286063
627,0.0633,5,56,5,26789,649655,1403,124853,5.145537637815233,0.16120298305504915
628,0.0634,6,61,6,26850,649594,1409,124847,5.1450544924597645,0.161209181848585
629,0.0635,2,27,2,26877,649567,1411,124845,5.144840641236852,0.16121263616782797
630,0.0636,1,55,1,26932,649512,1412,124844,5.144405018375364,0.16122300337312553
631,0.0637,4,42,4,26974,649470,1416,124840,5.144072360917501,0.1612274153762705
632,0.0638,2,27,2,27001,649443,1418,124838,5.143858509694589,0.16123087096286748
633,0.0639,1,25,1,27026,649418,1419,124837,5.143660499303003,0.16123499363904656
634,0.064,1,23,1,27049,649395,1420,124836,5.143478329742745,0.16123870007788374
635,0.0641,1,24,1,27073,649371,1421,124835,5.143288239766823,0.16124261501460851
636,0.0642,1,20,1,27093,649351,1422,124834,5.143129831453555,0.16124569708790534
637,0.0643,1,36,1,27129,649315,1423,124833,5.1428446964896715,0.16125211199925596
638,0.0644,0,18,0,27147,649297,1423,124833,5.142702129007731,0.16125586141862477
639,0.0645,0,15,0,27162,649282,1423,124833,5.142583322772779,0.1612589860679615
640,0.0646,5,20,5,27182,649262,1428,124828,5.142424914459511,0.16125773488870804
641,0.0647,2,56,2,27238,649206,1430,124826,5.14198137118236,0.1612672344295843
642,0.0648,4,63,4,27301,649143,1434,124822,5.141482384995564,0.16127602669371355
643,0.0649,1,47,1,27348,649096,1435,124821,5.1411101254593845,0.16128473725218595
644,0.065,2,42,2,27390,649054,1437,124819,5.140777468001521,0.16129132299485832
645,0.0651,1,21,1,27411,649033,1438,124818,5.140611139272589,0.16129461614703605
646,0.0652,2,20,2,27431,649013,1440,124816,5.14045273095932,0.16129661721129604
647,0.0653,1,17,1,27448,648996,1441,124815,5.1403180838930425,0.16129907690637638
648,0.0654,0,15,0,27463,648981,1441,124815,5.140199277658091,0.16130220368159048
649,0.0655,1,25,1,27488,648956,1442,124814,5.1400012672665065,0.16130633133876993
650,0.0656,2,50,2,27538,648906,1444,124812,5.1396052464833355,0.16131458748536287
651,0.0657,1,43,1,27581,648863,1445,124811,5.139264668609808,0.16132246915367454
652,0.0658,2,40,2,27621,648823,1447,124809,5.138947851983272,0.16132864204169425
653,0.0659,1,14,1,27635,648809,1448,124808,5.138836966163984,0.16133047748433657
654,0.066,1,60,1,27695,648749,1449,124807,5.1383617412241795,0.16134190672685622
655,0.0661,3,39,3,27734,648710,1452,124804,5.1380528450133065,0.16134678881054512
656,0.0662,1,34,1,27768,648676,1453,124803,5.137783550880751,0.16135279690851334
657,0.0663,7,39,7,27807,648637,1460,124796,5.1374746546698775,0.16135334282348957
658,0.0664,1,36,1,27843,648601,1461,124795,5.137189519705994,0.16135976912215735
659,0.0665,1,25,1,27868,648576,1462,124794,5.1369915093144085,0.16136390084952867
660,0.0666,3,20,3,27888,648556,1465,124791,5.13683310100114,0.1613648207079099
661,0.0667,0,33,0,27921,648523,1465,124791,5.136571727284248,0.16137170670646075
662,0.0668,0,27,0,27948,648496,1465,124791,5.136357876061336,0.1613773411424219
663,0.0669,3,32,3,27980,648464,1468,124788,5.1361044227601065,0.1613807659081386
664,0.067,1,56,1,28036,648408,1469,124787,5.1356608794829555,0.16139136957688552
665,0.0671,6,37,6,28073,648371,1475,124781,5.135367824103409,0.1613925851578991
666,0.0672,8,48,8,28121,648323,1483,124773,5.134987644151565,0.1613939277916326
667,0.0673,1,16,1,28137,648307,1484,124772,5.1348609175009505,0.16139618331373637
668,0.0674,0,21,0,28158,648286,1484,124772,5.134694588772018,0.16140056761588392
669,0.0675,1,28,1,28186,648258,1485,124771,5.134472817133443,0.16140532890745365
670,0.0676,0,17,0,28203,648241,1485,124771,5.134338170067165,0.161408878516763
671,0.0677,0,7,0,28210,648234,1485,124771,5.1342827271575215,0.16141034016597564
672,0.0678,0,20,0,28230,648214,1485,124771,5.134124318844253,0.1614145164524538
673,0.0679,0,35,0,28265,648179,1485,124771,5.133847104296033,0.16142182547383402
674,0.068,0,33,0,28298,648146,1485,124771,5.13358573057914,0.16142871744314072
675,0.0681,2,21,2,28319,648125,1487,124769,5.133419401850209,0.16143093360797212
676,0.0682,2,18,2,28337,648107,1489,124767,5.133276834368267,0.161432523283226
677,0.0683,0,50,0,28387,648057,1489,124767,5.132880813585097,0.16144296760970156
678,0.0684,3,85,3,28472,647972,1492,124764,5.132207578253706,0.16145747059797913
679,0.0685,4,55,4,28527,647917,1496,124760,5.131771955392219,0.16146462234543024
680,0.0686,3,33,3,28560,647884,1499,124757,5.131510581675326,0.1614682627507471
681,0.0687,0,22,0,28582,647862,1499,124757,5.131336332530731,0.16147286049139356
682,0.0688,4,42,4,28624,647820,1503,124753,5.131003675072868,0.16147729729100033
683,0.0689,0,38,0,28662,647782,1503,124753,5.130702699277658,0.16148524015093169
684,0.069,1,62,1,28724,647720,1504,124752,5.130211633506526,0.1614971157530629
685,0.0691,0,15,0,28739,647705,1504,124752,5.130092827271575,0.161500251793951
686,0.0692,2,56,2,28795,647649,1506,124750,5.129649283994424,0.16150978962945317
687,0.0693,2,36,2,28831,647613,1508,124748,5.1293641490305415,0.1615151464146947
688,0.0694,4,26,4,28857,647587,1512,124744,5.129158218223292,0.16151624109352078
689,0.0695,5,38,5,28895,647549,1517,124739,5.128857242428083,0.16151875984088837
690,0.0696,0,32,0,28927,647517,1517,124739,5.128603789126854,0.16152545269962293
691,0.0697,1,28,1,28955,647489,1518,124738,5.128382017488278,0.16153022362595454
692,0.0698,4,23,4,28978,647466,1522,124734,5.128199847928019,0.16153069153069152
693,0.0699,1,20,1,28998,647446,1523,124733,5.128041439614751,0.16153378944519342
694,0.07,2,76,2,29074,647370,1525,124731,5.127439488024332,0.1615475177470305
695,0.0701,2,36,2,29110,647334,1527,124729,5.127154353060448,0.16155287845680988
696,0.0702,1,51,1,29161,647283,1528,124728,5.1267504118616145,0.16156246478353287
697,0.0703,2,33,2,29194,647250,1530,124726,5.1264890381447215,0.1615671989802792
698,0.0704,5,44,5,29238,647206,1535,124721,5.126140539855531,0.16157097756653155
699,0.0705,4,82,4,29320,647124,1539,124717,5.125491065771132,0.1615837976992671
700,0.0706,3,24,3,29344,647100,1542,124714,5.12530097579521,0.16158556336112068
701,0.0707,0,14,0,29358,647086,1542,124714,5.125190089975922,0.16158849442860845
702,0.0708,0,61,0,29419,647025,1542,124714,5.124706944620454,0.16160126674950986
703,0.0709,1,8,1,29427,647017,1543,124713,5.124643581295146,0.161601855571249
704,0.071,5,42,5,29469,646975,1548,124708,5.124310923837283,0.16160521872323222
705,0.0711,1,24,1,29493,646951,1549,124707,5.124120833861361,0.16160915846139093
706,0.0712,2,17,2,29510,646934,1551,124705,5.123986186795083,0.16161054586406337
707,0.0713,0,36,0,29546,646898,1551,124705,5.1237010518312,0.16161808598463198
708,0.0714,2,53,2,29599,646845,1553,124703,5.123281269801039,0.1616270147806747
709,0.0715,3,28,3,29627,646817,1556,124700,5.123059498162464,0.16162962060460107
710,0.0716,2,16,2,29643,646801,1558,124698,5.122932771511849,0.16163079926221552
711,0.0717,0,22,0,29665,646779,1558,124698,5.122758522367254,0.16163540844380325
712,0.0718,4,24,4,29689,646755,1562,124694,5.122568432391332,0.1616360900072461
713,0.0719,1,25,1,29714,646730,1563,124693,5.122370421999746,0.16164024147581807
714,0.072,3,53,3,29767,646677,1566,124690,5.121950639969586,0.16164808709732204
715,0.0721,1,24,1,29791,646653,1567,124689,5.121760549993664,0.16165202983890414
716,0.0722,3,21,3,29812,646632,1570,124686,5.121594221264732,0.16165317028774123
717,0.0723,3,32,3,29844,646600,1573,124683,5.121340767963503,0.16165661631333764
718,0.0724,3,24,3,29868,646576,1576,124680,5.121150677987581,0.16165838580186087
719,0.0725,2,68,2,29936,646508,1578,124678,5.120612089722469,0.16167046600949705
720,0.0726,2,24,2,29960,646484,1580,124676,5.120421999746546,0.1616733233051507
721,0.0727,4,45,4,30005,646439,1584,124672,5.120065581041693,0.16167840946374776
722,0.0728,1,44,1,30049,646395,1585,124671,5.119717082752503,0.16168654823322517
723,0.0729,2,11,2,30060,646384,1587,124669,5.119629958180205,0.16168668042274656
724,0.073,3,56,3,30116,646328,1590,124666,5.119186414903054,0.16169516234886394
725,0.0731,1,19,1,30135,646309,1591,124665,5.1190359270054495,0.16169805985675262
726,0.0732,3,67,3,30202,646242,1594,124662,5.1185052591560005,0.161708850907506
727,0.0733,1,49,1,30251,646193,1595,124661,5.118117158788493,0.16171804258653388
728,0.0734,5,22,5,30273,646171,1600,124656,5.117942909643898,0.1617172205955422
729,0.0735,0,38,0,30311,646133,1600,124656,5.117641933848688,0.16172519327598084
730,0.0736,2,52,2,30363,646081,1602,124654,5.117230072234191,0.1617339293012514
731,0.0737,0,32,0,30395,646049,1602,124654,5.116976618932962,0.16174064458033768
732,0.0738,3,35,3,30430,646014,1605,124651,5.116699404384742,0.16174472695658945
733,0.0739,0,41,0,30471,645973,1605,124651,5.1163746673425425,0.16175333236442155
734,0.074,0,46,0,30517,645927,1605,124651,5.116010328222025,0.16176298830228739
735,0.0741,0,9,0,30526,645918,1605,124651,5.115939044481054,0.16176487764236558
736,0.0742,0,24,0,30550,645894,1605,124651,5.115748954505133,0.16176991609834598
737,0.0743,1,50,1,30600,645844,1606,124650,5.115352933721962,0.16177932599085781
738,0.0744,1,36,1,30636,645808,1607,124649,5.115067798758079,0.1617857972605869
739,0.0745,2,33,2,30669,645775,1609,124647,5.114806425041186,0.16179055115248525
740,0.0746,2,26,2,30695,645749,1611,124645,5.114600494233938,0.16179383536216532
741,0.0747,3,38,3,30733,645711,1614,124642,5.114299518438727,0.16179855209235247
742,0.0748,1,24,1,30757,645687,1615,124641,5.114109428462806,0.16180250490700065
743,0.0749,2,27,2,30784,645660,1617,124639,5.1138955772398935,0.1618060000077892
744,0.075,5,44,5,30828,645616,1622,124634,5.113547078950703,0.16180980201233366
745,0.0751,1,41,1,30869,645575,1623,124633,5.113222341908504,0.16181732726743944
746,0.0752,5,28,5,30897,645547,1628,124628,5.113000570269928,0.16181776868893433
747,0.0753,1,38,1,30935,645509,1629,124627,5.1126995944747184,0.16182466473454038
748,0.0754,0,7,0,30942,645502,1629,124627,5.112644151565074,0.16182613562143486
749,0.0755,1,36,1,30978,645466,1630,124626,5.112359016601191,0.16183261220737263
750,0.0756,4,27,4,31005,645439,1634,124622,5.112145165378279,0.16183393263650542
751,0.0757,3,28,3,31033,645411,1637,124619,5.111923393739703,0.16183655182265627
752,0.0758,2,87,2,31120,645324,1639,124617,5.1112343175769865,0.16185266143769458
753,0.0759,1,16,1,31136,645308,1640,124616,5.1111075909263715,0.16185493633137815
754,0.076,2,47,2,31183,645261,1642,124614,5.110735331390192,0.16186264003896736
755,0.0761,0,15,0,31198,645246,1642,124614,5.1106165251552405,0.1618657937806874
756,0.0762,7,68,7,31266,645178,1649,124607,5.110077936890128,0.16187247088472756
757,0.0763,0,35,0,31301,645143,1649,124607,5.109800722341909,0.16187983111399806
758,0.0764,1,25,1,31326,645118,1650,124606,5.109602711950323,0.16188399997921332
759,0.0765,1,27,1,31353,645091,1651,124605,5.109388860727411,0.1618885897809005
760,0.0766,1,20,1,31373,645071,1652,124604,5.109230452414143,0.16189170753889628
761,0.0767,3,52,3,31425,645019,1655,124601,5.108818590799645,0.1618993789142694
762,0.0768,2,49,2,31474,644970,1657,124599,5.108430490432138,0.1619075092681748
763,0.0769,1,29,1,31503,644941,1658,124598,5.108200798377899,0.1619125216525738
764,0.077,0,15,0,31518,644926,1658,124598,5.108081992142948,0.16191567774364413
765,0.0771,4,38,4,31556,644888,1662,124594,5.1077810163477375,0.16191931715101848
766,0.0772,0,14,0,31570,644874,1662,124594,5.10767013052845,0.16192226317403713
767,0.0773,2,52,2,31622,644822,1664,124592,5.107258268913952,0.16193102802912346
768,0.0774,4,34,4,31656,644788,1668,124588,5.106988974781396,0.1619338268934825
769,0.0775,1,35,1,31691,644753,1669,124587,5.106711760233177,0.16194010450516028
770,0.0776,3,30,3,31721,644723,1672,124584,5.106474147763275,0.16194315143369292
771,0.0777,4,37,4,31758,644686,1676,124580,5.1061810923837285,0.16194658284650562
772,0.0778,1,34,1,31792,644652,1677,124579,5.105911798251173,0.16195265141420456
773,0.0779,2,33,2,31825,644619,1679,124577,5.1056504245342795,0.16195742047540548
774,0.078,0,19,0,31844,644600,1679,124577,5.105499936636675,0.1619614211033351
775,0.0781,0,28,0,31872,644572,1679,124577,5.105278164998099,0.16196731712581047
776,0.0782,2,69,2,31941,644503,1681,124575,5.104731656317323,0.16197966916229564
777,0.0783,2,32,2,31973,644471,1683,124573,5.104478203016094,0.1619842297709884
778,0.0784,0,22,0,31995,644449,1683,124573,5.104303953871499,0.16198886377762925
779,0.0785,3,42,3,32037,644407,1686,124570,5.1039712964136355,0.16199444196640472
780,0.0786,2,43,2,32080,644364,1688,124568,5.103630718540109,0.16200132131319805
781,0.0787,1,25,1,32105,644339,1689,124567,5.103432708148524,0.16200549872156025
782,0.0788,2,37,2,32142,644302,1691,124565,5.103139652768977,0.16201111505631013
783,0.0789,1,8,1,32150,644294,1692,124564,5.10307628944367,0.16201171087509006
784,0.079,2,21,2,32171,644273,1694,124562,5.102909960714738,0.16201395618045483
785,0.0791,3,50,3,32221,644223,1697,124559,5.102513939931567,0.16202122318160414
786,0.0792,6,56,6,32277,644167,1703,124553,5.102070396654416,0.1620264855864294
787,0.0793,1,36,1,32313,644131,1704,124552,5.101785261690534,0.162032983687684
788,0.0794,1,17,1,32330,644114,1705,124551,5.101650614624256,0.16203547709340219
789,0.0795,1,39,1,32369,644075,1706,124550,5.101341718413383,0.16204260855423647
790,0.0796,4,32,4,32401,644043,1710,124546,5.101088265112153,0.16204499413860984
791,0.0797,2,56,2,32457,643987,1712,124544,5.1006447218350015,0.16205462108880447
792,0.0798,2,59,2,32516,643928,1714,124542,5.10017741731086,0.16206488216846462
793,0.0799,4,36,4,32552,643892,1718,124538,5.0998922823469774,0.16206811290553466
794,0.08,8,66,8,32618,643826,1726,124530,5.099369534913192,0.16207330976786802
795,0.0801,4,37,4,32655,643789,1730,124526,5.099076479533646,0.1620767523737009
796,0.0802,3,49,3,32704,643740,1733,124523,5.098688379166139,0.1620838176509867
797,0.0803,0,37,0,32741,643703,1733,124523,5.098395323786592,0.16209162407937247
798,0.0804,2,23,2,32764,643680,1735,124521,5.098213154226333,0.16209429563356464
799,0.0805,2,19,2,32783,643661,1737,124519,5.098062666328729,0.16209612330443385
800,0.0806,5,42,5,32825,643619,1742,124514,5.097730008870865,0.1620995322424632
801,0.0807,0,14,0,32839,643605,1742,124514,5.097619123051578,0.1621024867240623
802,0.0808,1,27,1,32866,643578,1743,124513,5.0974052718286655,0.16210709408130025
803,0.0809,1,37,1,32903,643541,1744,124512,5.097112216449119,0.16211381245825485
804,0.081,3,38,3,32941,643503,1747,124509,5.09681124065391,0.1621185606474899
805,0.0811,0,37,0,32978,643466,1747,124509,5.0965181852743635,0.16212637130114912
806,0.0812,3,40,3,33018,643426,1750,124506,5.096201368647827,0.16213154289702733
807,0.0813,2,54,2,33072,643372,1752,124504,5.095773666202002,0.1621407623105814
808,0.0814,2,36,2,33108,643336,1754,124502,5.09548853123812,0.16214618187690633
809,0.0815,1,17,1,33125,643319,1755,124501,5.095353884171842,0.1621486806803678
810,0.0816,6,28,6,33153,643291,1761,124495,5.095132112533266,0.16214804646086278
811,0.0817,4,29,4,33182,643262,1765,124491,5.094902420479027,0.16214980599229178
812,0.0818,4,58,4,33240,643204,1769,124487,5.094443036370548,0.16215769105017513
813,0.0819,6,25,6,33265,643179,1775,124481,5.094245025978964,0.16215642341661674
814,0.082,2,19,2,33284,643160,1777,124479,5.094094538081358,0.16215825407515772
815,0.0821,3,50,3,33334,643110,1780,124476,5.093698517298188,0.16216554236267988
816,0.0822,6,73,6,33407,643037,1786,124470,5.093120326954758,0.1621744166502716
817,0.0823,2,34,2,33441,643003,1788,124468,5.092851032822202,0.1621794178542251
818,0.0824,5,48,5,33489,642955,1793,124463,5.092470852870359,0.16218410305726474
819,0.0825,4,50,4,33539,642905,1797,124459,5.092074832087188,0.16219030342835994
820,0.0826,1,20,1,33559,642885,1798,124458,5.091916423773919,0.16219343891844976
821,0.0827,0,29,0,33588,642856,1798,124458,5.091686731719681,0.16219956888574952
822,0.0828,0,19,0,33607,642837,1798,124458,5.091536243822076,0.16220358532246398
823,0.0829,3,72,3,33679,642765,1801,124455,5.09096597389431,0.16221553139907718
824,0.083,2,23,2,33702,642742,1803,124453,5.090783804334052,0.16221821049407256
825,0.0831,3,21,3,33723,642721,1806,124450,5.09061747560512,0.16221937481995538
826,0.0832,0,23,0,33746,642698,1806,124450,5.090435306044861,0.16222423834775038
827,0.0833,2,49,2,33795,642649,1808,124448,5.090047205677354,0.1622324165001297
828,0.0834,2,26,2,33821,642623,1810,124446,5.089841274870105,0.1622357310750402
829,0.0835,0,18,0,33839,642605,1810,124446,5.089698707388163,0.16223953817933878
830,0.0836,2,74,2,33913,642531,1812,124444,5.089112596629071,0.16225300694285993
831,0.0837,0,55,0,33968,642476,1812,124444,5.088676973767583,0.16226464298753454
832,0.0838,5,41,5,34009,642435,1817,124439,5.088352236725384,0.16226785625800327
833,0.0839,1,25,1,34034,642410,1818,124438,5.088154226333798,0.16227205391420463
834,0.084,3,41,3,34075,642369,1821,124435,5.087829489291598,0.16227745290843554
835,0.0841,1,35,1,34110,642334,1822,124434,5.087552274743379,0.16228376771070258
836,0.0842,5,56,5,34166,642278,1827,124429,5.087108731466228,0.162290157778656
837,0.0843,0,19,0,34185,642259,1827,124429,5.086958243568622,0.1622941796402187
838,0.0844,0,17,0,34202,642242,1827,124429,5.086823596502344,0.16229777831690517
839,0.0845,0,16,0,34218,642226,1827,124429,5.08669686985173,0.16230116545251774
840,0.0846,0,29,0,34247,642197,1827,124429,5.086467177797491,0.16230730499617807
841,0.0847,0,33,0,34280,642164,1827,124429,5.086205804080598,0.16231429193848626
842,0.0848,4,36,4,34316,642128,1831,124425,5.085920669116716,0.16231754360102954
843,0.0849,3,24,3,34340,642104,1834,124422,5.085730579140793,0.16231934728893735
844,0.085,1,31,1,34371,642073,1835,124421,5.0854850462552275,0.16232481924189882
845,0.0851,1,53,1,34424,642020,1836,124420,5.085065264225067,0.16233495120296434
846,0.0852,2,42,2,34466,641978,1838,124418,5.084732606767203,0.16234166149092635
847,0.0853,3,50,3,34516,641928,1841,124415,5.084336585984032,0.16234897428436093
848,0.0854,0,41,0,34557,641887,1841,124415,5.084011848941833,0.16235766055680398
849,0.0855,0,21,0,34578,641866,1841,124415,5.0838455202129005,0.1623621099831524
850,0.0856,2,23,2,34601,641843,1843,124413,5.0836633506526425,0.1623647971435134
851,0.0857,3,52,3,34653,641791,1846,124410,5.083251489038145,0.16237253671034102
852,0.0858,2,22,2,34675,641769,1848,124408,5.08307723989355,0.16237501256237136
853,0.0859,2,36,2,34711,641733,1850,124406,5.082792104929666,0.16238045576585972
854,0.086,1,43,1,34754,641690,1851,124405,5.08245152705614,0.16238847662496167
855,0.0861,5,41,5,34795,641649,1856,124400,5.08212679001394,0.1623917007919859
856,0.0862,3,21,3,34816,641628,1859,124397,5.081960461285008,0.16239287229529062
857,0.0863,8,47,8,34863,641581,1867,124389,5.081588201748827,0.1623940885413267
858,0.0864,2,29,2,34892,641552,1869,124387,5.081358509694589,0.16239804997525914
859,0.0865,5,41,5,34933,641511,1874,124382,5.081033772652389,0.16240127537397522
860,0.0866,5,78,5,35011,641433,1879,124377,5.080415980230643,0.16241234771026755
861,0.0867,4,44,4,35055,641389,1883,124373,5.080067481941453,0.16241730459333317
862,0.0868,3,27,3,35082,641362,1886,124370,5.0798536307185405,0.16241974999085843
863,0.0869,3,24,3,35106,641338,1889,124367,5.079663540742618,0.1624215592166696
864,0.087,1,29,1,35135,641309,1890,124366,5.079433848688379,0.16242661703725472
865,0.0871,0,8,0,35143,641301,1890,124366,5.0793704853630715,0.16242831413656328
866,0.0872,11,35,11,35178,641266,1901,124355,5.079093270814853,0.16242370572385031
867,0.0873,5,22,5,35200,641244,1906,124350,5.0789190216702575,0.16242290300080722
868,0.0874,3,24,3,35224,641220,1909,124347,5.078728931694335,0.16242471266394712
869,0.0875,0,52,0,35276,641168,1909,124347,5.078317070079838,0.1624357458704271
870,0.0876,1,33,1,35309,641135,1910,124346,5.078055696362945,0.16244165433237404
871,0.0877,3,35,3,35344,641100,1913,124343,5.077778481814725,0.1624457993606317
872,0.0878,4,38,4,35382,641062,1917,124339,5.077477506019516,0.1624494872622325
873,0.0879,1,24,1,35406,641038,1918,124338,5.077287416043594,0.16245348691362155
874,0.088,1,66,1,35472,640972,1919,124337,5.076764668609808,0.1624664024596601
875,0.0881,3,11,3,35483,640961,1922,124334,5.076677544037511,0.1624654544979387
876,0.0882,5,47,5,35530,640914,1927,124329,5.076305284501331,0.1624699605223439
877,0.0883,2,52,2,35582,640862,1929,124327,5.075893422886833,0.16247881242412004
878,0.0884,4,86,4,35668,640776,1933,124323,5.075212267139779,0.16249269702352245
879,0.0885,1,33,1,35701,640743,1934,124322,5.074950893422887,0.16249861122911125
880,0.0886,1,36,1,35737,640707,1935,124321,5.074665758459004,0.1625051632097126
881,0.0887,2,12,2,35749,640695,1937,124319,5.074570713471043,0.1625055227747466
882,0.0888,1,26,1,35775,640669,1938,124318,5.074364782663794,0.16250995114949665
883,0.0889,1,27,1,35802,640642,1939,124317,5.074150931440882,0.16251459228533816
884,0.089,2,32,2,35834,640610,1941,124315,5.073897478139653,0.16251920122887864
885,0.0891,1,39,1,35873,640571,1942,124314,5.07358858192878,0.16252639285644246
886,0.0892,4,60,4,35933,640511,1946,124310,5.073113356988975,0.1625347630360568
887,0.0893,1,50,1,35983,640461,1947,124309,5.0727173362058045,0.1625442943630111
888,0.0894,4,25,4,36008,640436,1951,124305,5.072519325814219,0.16254522773069574
889,0.0895,2,22,2,36030,640414,1953,124303,5.072345076669624,0.1625477137293927
890,0.0896,0,46,0,36076,640368,1953,124303,5.071980737549106,0.1625574920455987
891,0.0897,2,40,2,36116,640328,1955,124301,5.07166392092257,0.16256380545336366
892,0.0898,4,66,4,36182,640262,1959,124297,5.071141173488785,0.16257345737869805
893,0.0899,2,33,2,36215,640229,1961,124295,5.070879799771892,0.16257828400416469
894,0.09,3,74,3,36289,640155,1964,124292,5.070293689012799,0.1625907355251574
895,0.0901,1,36,1,36325,640119,1965,124291,5.070008554048917,0.16259729726194058
896,0.0902,1,37,1,36362,640082,1966,124290,5.06971549866937,0.16260407236267158
897,0.0903,0,7,0,36369,640075,1966,124290,5.0696600557597264,0.16260556147913627
898,0.0904,0,26,0,36395,640049,1966,124290,5.069454124952477,0.16261109272194668
899,0.0905,3,35,3,36430,640014,1969,124287,5.069176910404258,0.16261525236784985
900,0.0906,2,23,2,36453,639991,1971,124285,5.0689947408439995,0.16261795477026625
901,0.0907,1,16,1,36469,639975,1972,124284,5.068868014193385,0.16262026354939882
902,0.0908,6,87,6,36556,639888,1978,124278,5.068178938030668,0.1626322029506678
903,0.0909,1,25,1,36581,639863,1979,124277,5.067980927639082,0.16263642787970792
904,0.091,2,23,2,36604,639840,1981,124275,5.067798758078824,0.1626391315443356
905,0.0911,2,15,2,36619,639825,1983,124273,5.067679951843873,0.16264013254844273
906,0.0912,4,49,4,36668,639776,1987,124269,5.067291851476366,0.1626461792171927
907,0.0913,2,46,2,36714,639730,1989,124267,5.066927512355848,0.16265378005411016
908,0.0914,3,30,3,36744,639700,1992,124264,5.066689899885946,0.16265687911995852
909,0.0915,0,45,0,36789,639655,1992,124264,5.0663334811810925,0.1626664607111487
910,0.0916,1,24,1,36813,639631,1993,124263,5.066143391205171,0.16267047522300215
911,0.0917,1,38,1,36851,639593,1994,124262,5.065842415409961,0.16267747150964515
912,0.0918,1,27,1,36878,639566,1995,124261,5.065628564187048,0.16268212566458112
913,0.0919,2,25,2,36903,639541,1997,124259,5.065430553795463,0.1626852579209217
914,0.092,2,27,2,36930,639514,1999,124257,5.065216702572551,0.16268881641224922
915,0.0921,2,29,2,36959,639485,2001,124255,5.064987010518312,0.16269280121507318
916,0.0922,7,77,7,37036,639408,2008,124248,5.064377138512229,0.16270153053207204
917,0.0923,5,58,5,37094,639350,2013,124243,5.063917754403751,0.16270840617973187
918,0.0924,3,37,3,37131,639313,2016,124240,5.063624699024205,0.16271300093117308
919,0.0925,3,51,3,37182,639262,2019,124237,5.063220757825371,0.16272057985668612
920,0.0926,3,36,3,37218,639226,2022,124234,5.062935622861488,0.16272496266994996
921,0.0927,8,42,8,37260,639184,2030,124226,5.062602965403625,0.1627251411430293
922,0.0928,2,37,2,37297,639147,2032,124224,5.062309910024078,0.16273083467933677
923,0.0929,1,19,1,37316,639128,2033,124223,5.062159422126474,0.16273378825730234
924,0.093,4,25,4,37341,639103,2037,124219,5.061961411734888,0.16273473055931834
925,0.0931,3,31,3,37372,639072,2040,124216,5.061715878849322,0.16273804907190995
926,0.0932,1,27,1,37399,639045,2041,124215,5.0615020276264096,0.1627427089065325
927,0.0933,4,36,4,37435,639009,2045,124211,5.061216892662527,0.16274599722229502
928,0.0934,0,50,0,37485,638959,2045,124211,5.060820871879356,0.16275665972194925
929,0.0935,2,21,2,37506,638938,2047,124209,5.060654543150425,0.16275894421389325
930,0.0936,2,25,2,37531,638913,2049,124207,5.060456532758839,0.1627620819792431
931,0.0937,5,60,5,37591,638853,2054,124202,5.059981307819035,0.16276939408037427
932,0.0938,0,15,0,37606,638838,2054,124202,5.0598625015840835,0.16277259383518558
933,0.0939,3,47,3,37653,638791,2057,124199,5.059490242047903,0.1627793286936919
934,0.094,0,31,0,37684,638760,2057,124199,5.0592447091623365,0.16278594262601268
935,0.0941,0,16,0,37700,638744,2057,124199,5.059117982511722,0.1627893564787933
936,0.0942,3,57,3,37757,638687,2060,124196,5.0586665188189075,0.1627982272510988
937,0.0943,1,23,1,37780,638664,2061,124195,5.0584843492586495,0.1628020381223791
938,0.0944,1,37,1,37817,638627,2062,124194,5.058191293879103,0.1628088371977174
939,0.0945,0,18,0,37835,638609,2062,124194,5.058048726397161,0.16281267902721935
940,0.0946,0,38,0,37873,638571,2062,124194,5.057747750601951,0.16282079015161943
941,0.0947,1,31,1,37904,638540,2063,124193,5.057502217716386,0.16282631012425056
942,0.0948,0,34,0,37938,638506,2063,124193,5.05723292358383,0.1628335686817473
943,0.0949,4,24,4,37962,638482,2067,124189,5.057042833607908,0.1628343020778291
944,0.095,6,70,6,38032,638412,2073,124183,5.056488404511469,0.1628426622256899
945,0.0951,0,39,0,38071,638373,2073,124183,5.056179508300596,0.16285099061577116
946,0.0952,0,34,0,38105,638339,2073,124183,5.05591021416804,0.16285825195863202
947,0.0953,4,52,4,38157,638287,2077,124179,5.055498352553542,0.16286496709361467
948,0.0954,1,18,1,38175,638269,2078,124178,5.0553557850716,0.16286771408373305
949,0.0955,3,59,3,38234,638210,2081,124175,5.054888480547459,0.16287702407576224
950,0.0956,4,37,4,38271,638173,2085,124171,5.054595425167912,0.16288053687049417
951,0.0957,2,23,2,38294,638150,2087,124169,5.054413255607654,0.16288325491034594
952,0.0958,1,33,1,38327,638117,2088,124168,5.054151881890761,0.1628892081045803
953,0.0959,1,31,1,38358,638086,2089,124167,5.053906349005196,0.16289473442544666
954,0.096,2,41,2,38399,638045,2091,124165,5.053581611962996,0.16290130016662074
955,0.0961,2,21,2,38420,638024,2093,124163,5.053415283234064,0.1629035919006753
956,0.0962,3,24,3,38444,638000,2096,124160,5.053225193258142,0.1629054266820615
957,0.0963,1,42,1,38486,637958,2097,124159,5.052892535800279,0.1629133059622079
958,0.0964,2,20,2,38506,637938,2099,124157,5.05273412748701,0.16291538456491644
959,0.0965,1,18,1,38524,637920,2100,124156,5.0525915600050695,0.16291813414934994
960,0.0966,1,35,1,38559,637885,2101,124155,5.05231434545685,0.16292451839798436
961,0.0967,3,30,3,38589,637855,2104,124152,5.052076732986947,0.16292763714769024
962,0.0968,5,37,5,38626,637818,2109,124147,5.051783677607401,0.16293005584245995
963,0.0969,1,12,1,38638,637806,2110,124146,5.05168863261944,0.16293152324555876
964,0.097,1,32,1,38670,637774,2111,124145,5.051435179318211,0.16293726760981153
965,0.0971,6,27,6,38697,637747,2117,124139,5.0512213280952984,0.16293644981007657
966,0.0972,1,16,1,38713,637731,2118,124138,5.051094601444684,0.1629387729386548
967,0.0973,4,24,4,38737,637707,2122,124134,5.050904511468762,0.16293951100032683
968,0.0974,0,7,0,38744,637700,2122,124134,5.050849068559118,0.16294100814613158
969,0.0975,4,33,4,38777,637667,2126,124130,5.050587694842226,0.16294367134551593
970,0.0976,3,83,3,38860,637584,2129,124127,5.049930300342162,0.16295812978938207
971,0.0977,0,50,0,38910,637534,2129,124127,5.0495342795589915,0.16296882733919685
972,0.0978,1,11,1,38921,637523,2130,124126,5.0494471549866935,0.16297008201940788
973,0.0979,0,48,0,38969,637475,2130,124126,5.04906697503485,0.1629803532295782
974,0.098,4,34,4,39003,637441,2134,124122,5.048797680902294,0.16298323316652727
975,0.0981,4,37,4,39040,637404,2138,124118,5.048504625522748,0.1629867554712799
976,0.0982,0,15,0,39055,637389,2138,124118,5.048385819287796,0.16298996594909831
977,0.0983,3,34,3,39089,637355,2141,124115,5.0481165251552405,0.16299394592039082
978,0.0984,2,38,2,39127,637317,2143,124113,5.04781554936003,0.16299988180134747
979,0.0985,1,47,1,39174,637270,2144,124112,5.04744328982385,0.16300884444339372
980,0.0986,4,30,4,39204,637240,2148,124108,5.047205677353947,0.16301087019339383
981,0.0987,5,63,5,39267,637177,2153,124103,5.046706691167152,0.16301886296763346
982,0.0988,1,31,1,39298,637146,2154,124102,5.046461158281587,0.1630244020345538
983,0.0989,1,15,1,39313,637131,2155,124101,5.0463423520466355,0.1630265149126679
984,0.099,4,46,4,39359,637085,2159,124097,5.045978012926119,0.1630319687013093
985,0.0991,0,28,0,39387,637057,2159,124097,5.045756241287543,0.16303796603578252
986,0.0992,3,36,3,39423,637021,2162,124094,5.04547110632366,0.1630423786155837
987,0.0993,0,30,0,39453,636991,2162,124094,5.0452334938537575,0.16304880532397828
988,0.0994,1,25,1,39478,636966,2163,124093,5.045035483462172,0.16305306158918034
989,0.0995,3,23,3,39501,636943,2166,124090,5.044853313901913,0.1630546901382726
990,0.0996,0,24,0,39525,636919,2166,124090,5.044663223925991,0.16305983240671268
991,0.0997,2,27,2,39552,636892,2168,124088,5.044449372703079,0.16306341822386922
992,0.0998,7,71,7,39623,636821,2175,124081,5.043887023190977,0.16307093423331784
993,0.0999,3,13,3,39636,636808,2178,124078,5.043784057787352,0.16307042053605927
994,0.1,3,58,3,39694,636750,2181,124075,5.043324673678875,0.16307955180231984
995,0.1001,11,40,11,39734,636710,2192,124064,5.043007857052338,0.16307602520590872
996,0.1002,2,52,2,39786,636658,2194,124062,5.042595995437841,0.16308497213166473
997,0.1003,5,87,5,39873,636571,2199,124057,5.041906919275124,0.1630981241815973
998,0.1004,2,43,2,39916,636528,2201,124055,5.041566341401596,0.16310514434322093
999,0.1005,1,34,1,39950,636494,2202,124054,5.04129704726904,0.1631113355107107
1000,0.1006,1,30,1,39980,636464,2203,124053,5.041059434799139,0.16311666931837157
1001,0.1007,1,67,1,40047,636397,2204,124052,5.04052876694969,0.16312994033787934
1002,0.1008,7,75,7,40122,636322,2211,124045,5.039934735774933,0.163138326623854
1003,0.1009,3,31,3,40153,636291,2214,124042,5.039689202889368,0.16314167608140118
1004,0.101,3,20,3,40173,636271,2217,124039,5.039530794576099,0.16314266549170733
1005,0.1011,4,47,4,40220,636224,2221,124035,5.039158535039919,0.1631483481287298
1006,0.1012,2,27,2,40247,636197,2223,124033,5.038944683817006,0.1631519408600029
1007,0.1013,3,11,3,40258,636186,2226,124030,5.038857559244709,0.16315099918970397
1008,0.1014,1,37,1,40295,636149,2227,124029,5.038564503865163,0.16315783934815267
1009,0.1015,4,30,4,40325,636119,2231,124025,5.03832689139526,0.1631598749710581
1010,0.1016,1,18,1,40343,636101,2232,124024,5.038184323913319,0.16316263772405853
1011,0.1017,4,40,4,40383,636061,2236,124020,5.037867507286783,0.16316682037835442
1012,0.1018,3,49,3,40432,636012,2239,124017,5.037479406919275,0.1631740367801755
1013,0.1019,1,16,1,40448,635996,2240,124016,5.03735268026866,0.16317637089940684
1014,0.102,1,27,1,40475,635969,2241,124015,5.037138829045748,0.16318106696983095
1015,0.1021,0,24,0,40499,635945,2241,124015,5.036948739069826,0.16318622032738564
1016,0.1022,6,20,6,40519,635925,2247,124009,5.036790330756558,0.16318390807622768
1017,0.1023,4,39,4,40558,635886,2251,124005,5.036481434545685,0.1631878782614875
1018,0.1024,0,6,0,40564,635880,2251,124005,5.036433912051704,0.16318916678181566
1019,0.1025,5,62,5,40626,635818,2256,124000,5.035942846280573,0.1631969761179651
1020,0.1026,2,24,2,40650,635794,2258,123998,5.0357527563046505,0.16319992840145725
1021,0.1027,0,17,0,40667,635777,2258,123998,5.0356181092383725,0.16320358000723897
1022,0.1028,1,40,1,40707,635737,2259,123997,5.035301292611837,0.16321107124335624
1023,0.1029,0,15,0,40722,635722,2259,123997,5.035182486376885,0.16321429370596233
1024,0.103,1,39,1,40761,635683,2260,123996,5.034873590166012,0.1632215712162637
1025,0.1031,3,56,3,40817,635627,2263,123993,5.03443004688886,0.16323029936020642
1026,0.1032,3,24,3,40841,635603,2266,123990,5.034239956912939,0.16323215195506013
1027,0.1033,2,44,2,40885,635559,2268,123988,5.033891458623748,0.16323940453981123
1028,0.1034,2,30,2,40915,635529,2270,123986,5.033653846153846,0.16324364890752652
1029,0.1035,4,38,4,40953,635491,2274,123982,5.0333528703586365,0.16324740971700114
1030,0.1036,0,21,0,40974,635470,2274,123982,5.033186541629704,0.16325192375555006
1031,0.1037,3,40,3,41014,635430,2277,123979,5.032869725003168,0.16325721712542254
1032,0.1038,5,36,5,41050,635394,2282,123974,5.032584590039285,0.16325944732988484
1033,0.1039,0,32,0,41082,635362,2282,123974,5.032331136738056,0.16326632742290634
1034,0.104,1,40,1,41122,635322,2283,123973,5.03201432011152,0.1632738263784168
1035,0.1041,0,17,0,41139,635305,2283,123973,5.031879673045242,0.16327748202898015
1036,0.1042,0,35,0,41174,635270,2283,123973,5.031602458497022,0.16328500888384878
1037,0.1043,0,28,0,41202,635242,2283,123973,5.031380686858446,0.1632910308674091
1038,0.1044,0,28,0,41230,635214,2283,123973,5.031158915219871,0.1632970532951697
1039,0.1045,2,30,2,41260,635184,2285,123971,5.030921302749968,0.1633013021056306
1040,0.1046,4,49,4,41309,635135,2289,123967,5.030533202382461,0.16330743431054062
1041,0.1047,1,21,1,41330,635114,2290,123966,5.030366873653529,0.1633108499762871
1042,0.1048,5,35,5,41365,635079,2295,123961,5.03008965910531,0.16331286888701518
1043,0.1049,0,27,0,41392,635052,2295,123961,5.029875807882398,0.16331867833620767
1044,0.105,1,67,1,41459,634985,2296,123960,5.029345140032949,0.16333199375448815
1045,0.1051,4,29,4,41488,634956,2300,123956,5.02911544797871,0.16333382526564344
1046,0.1052,5,70,5,41558,634886,2305,123951,5.028561018882271,0.16334337940822602
1047,0.1053,0,21,0,41579,634865,2305,123951,5.028394690153339,0.1633478998861384
1048,0.1054,3,22,3,41601,634843,2308,123948,5.028220441008744,0.16334932807584698
1049,0.1055,2,30,2,41631,634813,2310,123946,5.027982828538842,0.163353581308426
1050,0.1056,1,32,1,41663,634781,2311,123945,5.027729375237612,0.1633593682040684
1051,0.1057,0,35,0,41698,634746,2311,123945,5.027452160689393,0.163366904312823
1052,0.1058,2,49,2,41747,634697,2313,123943,5.0270640603218855,0.16337525044817042
1053,0.1059,3,56,3,41803,634641,2316,123940,5.0266205170447344,0.1633840024994035
1054,0.106,4,38,4,41841,634603,2320,123936,5.026319541249525,0.16338777571093904
1055,0.1061,1,30,1,41871,634573,2321,123935,5.026081928779623,0.16339313494386348
1056,0.1062,1,43,1,41914,634530,2322,123934,5.025741350906095,0.16340129524934605
1057,0.1063,1,48,1,41962,634482,2323,123933,5.025361170954252,0.16341053381064458
1058,0.1064,8,48,8,42010,634434,2331,123925,5.0249809910024075,0.1634120515481454
1059,0.1065,3,22,3,42032,634412,2334,123922,5.024806741857812,0.1634134827134218
1060,0.1066,2,24,2,42056,634388,2336,123920,5.024616651881891,0.1634164481978299
1061,0.1067,3,41,3,42097,634347,2339,123917,5.024291914839691,0.16342197440469283
1062,0.1068,4,48,4,42145,634299,2343,123913,5.023911734887847,0.16342790670683133
1063,0.1069,3,27,3,42172,634272,2346,123910,5.023697883664934,0.16343041644354522
1064,0.107,1,39,1,42211,634233,2347,123909,5.023388987454061,0.16343772011048063
1065,0.1071,3,40,3,42251,634193,2350,123906,5.023072170827525,0.163443033165853
1066,0.1072,1,18,1,42269,634175,2351,123905,5.022929603345584,0.16344581046855214
1067,0.1073,2,28,2,42297,634147,2353,123903,5.022707831707008,0.16344964052503133
1068,0.1074,3,36,3,42333,634111,2356,123900,5.022422696743125,0.16345409235486028
1069,0.1075,6,59,6,42392,634052,2362,123894,5.021955392218984,0.16346019373411827
1070,0.1076,0,24,0,42416,634028,2362,123894,5.021765302243062,0.16346536978739237
1071,0.1077,7,52,7,42468,633976,2369,123887,5.021353440628564,0.1634688591473657
1072,0.1078,5,17,5,42485,633959,2374,123882,5.021218793562286,0.16346700693153313
1073,0.1079,0,36,0,42521,633923,2374,123882,5.020933658598404,0.16347477253383128
1074,0.108,4,38,4,42559,633885,2378,123878,5.0206326828031935,0.16347855464043506
1075,0.1081,1,23,1,42582,633862,2379,123877,5.020450513242935,0.16348241280968775
1076,0.1082,3,33,3,42615,633829,2382,123874,5.0201891395260425,0.1634862208543453
1077,0.1083,1,14,1,42629,633815,2383,123873,5.020078253706754,0.16348813759753356
1078,0.1084,9,99,9,42728,633716,2392,123864,5.019294132556077,0.16349956440243935
1079,0.1085,2,60,2,42788,633656,2394,123862,5.0188189076162715,0.1635103060257314
1080,0.1086,6,36,6,42824,633620,2400,123856,5.018533772652389,0.16351145118789243
1081,0.1087,4,36,4,42860,633584,2404,123852,5.018248637688506,0.16351480521126538
1082,0.1088,1,26,1,42886,633558,2405,123851,5.018042706881257,0.16351931387136937
1083,0.1089,1,27,1,42913,633531,2406,123850,5.017828855658345,0.1635240387598844
1084,0.109,3,13,3,42926,633518,2409,123847,5.01772589025472,0.16352353224667102
1085,0.1091,2,31,2,42957,633487,2411,123845,5.017480357369155,0.16352801677467743
1086,0.1092,1,35,1,42992,633452,2412,123844,5.017203142820935,0.16353447000908494
1087,0.1093,1,48,1,43040,633404,2413,123843,5.0168229628690915,0.1635437314376947
1088,0.1094,5,36,5,43076,633368,2418,123838,5.016537827905209,0.16354598352363822
1089,0.1095,4,40,4,43116,633328,2422,123834,5.016221011278672,0.16355020457973327
1090,0.1096,6,58,6,43174,633270,2428,123828,5.0157616271701935,0.16355610502207113
1091,0.1097,2,23,2,43197,633247,2430,123826,5.0155794576099355,0.16355886420464077
1092,0.1098,5,46,5,43243,633201,2435,123821,5.015215118489419,0.1635632782138432
1093,0.1099,1,39,1,43282,633162,2436,123820,5.014906222278545,0.1635706000935293
1094,0.11,4,68,4,43350,633094,2440,123816,5.014367634013433,0.16358087487283826
1095,0.1101,5,29,5,43379,633065,2445,123811,5.014137941959194,0.1635816170680534
1096,0.1102,4,68,4,43447,632997,2449,123807,5.013599353694082,0.16359189433459653
1097,0.1103,0,33,0,43480,632964,2449,123807,5.013337979977189,0.16359902797543774
1098,0.1104,1,15,1,43495,632949,2450,123806,5.013219173742238,0.16360116550270562
1099,0.1105,2,21,2,43516,632928,2452,123804,5.0130528450133065,0.1636034950286231
1100,0.1106,3,57,3,43573,632871,2455,123801,5.012601381320492,0.1636125031717838
1101,0.1107,5,39,5,43612,632832,2460,123796,5.012292485109619,0.16361540942180305
1102,0.1108,8,62,8,43674,632770,2468,123788,5.011801419338487,0.1636199736173565
1103,0.1109,2,40,2,43714,632730,2470,123786,5.01148460271195,0.1636264137176213
1104,0.111,1,31,1,43745,632699,2471,123785,5.0112390698263845,0.1636320133671036
1105,0.1111,6,41,6,43786,632658,2477,123779,5.010914332784185,0.1636342484569105
1106,0.1112,6,60,6,43846,632598,2483,123773,5.0104391078443795,0.16364059436440584
1107,0.1113,4,38,4,43884,632560,2487,123769,5.01013813204917,0.16364439285020144
1108,0.1114,1,27,1,43911,632533,2488,123768,5.009924280826258,0.1636491291165819
1109,0.1115,4,27,4,43938,632506,2492,123764,5.009710429603346,0.16365054808467874
1110,0.1116,0,8,0,43946,632498,2492,123764,5.009647066278038,0.16365227923656087
1111,0.1117,4,42,4,43988,632456,2496,123760,5.009314408820175,0.16365694457668178
1112,0.1118,3,46,3,44034,632410,2499,123757,5.008950069699658,0.1636635822510107
1113,0.1119,2,33,2,44067,632377,2501,123755,5.008688695982765,0.16366851290515413
1114,0.112,1,31,1,44098,632346,2502,123754,5.0084431630971995,0.16367411718026717
1115,0.1121,5,32,5,44130,632314,2507,123749,5.00818970979597,0.16367551381300235
1116,0.1122,4,42,4,44172,632272,2511,123745,5.007857052338107,0.16368018179485383
1117,0.1123,4,24,4,44196,632248,2515,123741,5.007666962362185,0.16368095302973984
1118,0.1124,1,17,1,44213,632231,2516,123740,5.007532315295907,0.1636835275427232
1119,0.1125,2,26,2,44239,632205,2518,123738,5.007326384488658,0.16368694465058872
1120,0.1126,8,139,8,44378,632066,2526,123730,5.0062254467114435,0.1637081963916189
1121,0.1127,3,36,3,44414,632030,2529,123727,5.005940311747561,0.16371267484125188
1122,0.1128,2,51,2,44465,631979,2531,123725,5.005536370548726,0.16372151000920995
1123,0.1129,3,17,3,44482,631962,2534,123722,5.005401723482448,0.16372187316391507
1124,0.113,2,45,2,44527,631917,2536,123720,5.005045304777595,0.16372940975627187
1125,0.1131,2,43,2,44570,631874,2538,123718,5.004704726904068,0.1637365138858008
1126,0.1132,0,30,0,44600,631844,2538,123718,5.004467114434165,0.1637430151331062
1127,0.1133,4,49,4,44649,631795,2542,123714,5.004079014066658,0.16374920748793198
1128,0.1134,2,25,2,44674,631770,2544,123712,5.0038810036750725,0.16375241236720398
1129,0.1135,1,41,1,44715,631729,2545,123711,5.003556266632873,0.16376019273535952
1130,0.1136,1,17,1,44732,631712,2546,123710,5.003421619566595,0.16376277100746336
1131,0.1137,2,27,2,44759,631685,2548,123708,5.003207768343683,0.1637664103321053
1132,0.1138,3,50,3,44809,631635,2551,123705,5.002811747560512,0.1637739296210978
1133,0.1139,1,29,1,44838,631606,2552,123704,5.002582055506273,0.16377911056387442
1134,0.114,2,28,2,44866,631578,2554,123702,5.002360283867698,0.16378296790594216
1135,0.1141,0,15,0,44881,631563,2554,123702,5.002241477632746,0.16378622073047208
1136,0.1142,3,32,3,44913,631531,2557,123699,5.001988024331517,0.16378983885703693
1137,0.1143,2,45,2,44958,631486,2559,123697,5.001631605626663,0.1637973842101848
1138,0.1144,4,49,4,45007,631437,2563,123693,5.001243505259156,0.16380358348893567
1139,0.1145,7,61,7,45068,631376,2570,123686,5.000760359903688,0.16380906468607875
1140,0.1146,5,20,5,45088,631356,2575,123681,5.000601951590419,0.16380786636946268
1141,0.1147,1,30,1,45118,631326,2576,123680,5.000364339120517,0.1638132677091308
1142,0.1148,5,36,5,45154,631290,2581,123675,5.000079204156634,0.16381554111780017
1143,0.1149,5,52,5,45206,631238,2586,123670,4.9996673425421365,0.16382128683230274
1144,0.115,2,32,2,45238,631206,2588,123668,4.999413889240907,0.16382601599737176
1145,0.1151,4,21,4,45259,631185,2592,123664,4.999247560511976,0.16382614271198612
1146,0.1152,2,27,2,45286,631158,2594,123662,4.999033709289064,0.16382978723404254
1147,0.1153,2,36,2,45322,631122,2596,123660,4.99874857432518,0.16383538558153216
1148,0.1154,4,52,4,45374,631070,2600,123656,4.9983367127106835,0.1638422420852071
1149,0.1155,0,23,0,45397,631047,2600,123656,4.998154543150425,0.16384723527003336
1150,0.1156,1,31,1,45428,631016,2601,123655,4.997909010264859,0.16385285773535752
1151,0.1157,2,24,2,45452,630992,2603,123653,4.9977189202889365,0.16385585275195622
1152,0.1158,2,27,2,45479,630965,2605,123651,4.997505069066024,0.16385949940101985
1153,0.1159,2,34,2,45513,630931,2607,123649,4.997235774933468,0.1638646664369583
1154,0.116,1,22,1,45535,630909,2608,123648,4.997061525788873,0.16386833599052159
1155,0.1161,2,27,2,45562,630882,2610,123646,4.996847674565961,0.16387198354467958
1156,0.1162,2,37,2,45599,630845,2612,123644,4.996554619186415,0.16387780338745828
1157,0.1163,5,45,5,45644,630800,2617,123639,4.996198200481562,0.16388203685122324
1158,0.1164,3,20,3,45664,630780,2620,123636,4.996039792168293,0.16388305656295732
1159,0.1165,3,66,3,45730,630714,2623,123633,4.995517044734508,0.16389406997045128
1160,0.1166,1,21,1,45751,630693,2624,123632,4.995350716005576,0.1638975242766712
1161,0.1167,0,34,0,45785,630659,2624,123632,4.99508142187302,0.1639049120299725
1162,0.1168,3,48,3,45833,630611,2627,123629,4.994701241921176,0.16391201739499364
1163,0.1169,4,102,4,45935,630509,2631,123625,4.993893359523508,0.16392975253734748
1164,0.117,3,40,3,45975,630469,2634,123622,4.993576542896971,0.16393512188847234
1165,0.1171,2,22,2,45997,630447,2636,123620,4.993402293752376,0.16393768723468868
1166,0.1172,6,42,6,46039,630405,2642,123614,4.993069636294512,0.16394016596398764
1167,0.1173,6,30,6,46069,630375,2648,123608,4.992832023824611,0.16394003578330016
1168,0.1174,2,39,2,46108,630336,2650,123606,4.992523127613737,0.16394629825636456
1169,0.1175,0,30,0,46138,630306,2650,123606,4.992285515143835,0.16395282208003056
1170,0.1176,3,59,3,46197,630247,2653,123603,4.9918182106196936,0.16396232672282285
1171,0.1177,5,66,5,46263,630181,2658,123598,4.991295463185908,0.16397113742887504
1172,0.1178,1,15,1,46278,630166,2659,123597,4.991176656950957,0.16397329133958552
1173,0.1179,2,30,2,46308,630136,2661,123595,4.990939044481054,0.16397759943534232
1174,0.118,2,20,2,46328,630116,2663,123593,4.990780636167786,0.16397973223087425
1175,0.1181,6,59,6,46387,630057,2669,123587,4.9903133316436445,0.16398591377361194
1176,0.1182,3,30,3,46417,630027,2672,123584,4.990075719173742,0.16398911374701272
1177,0.1183,3,39,3,46456,629988,2675,123581,4.989766822962869,0.16399427258817706
1178,0.1184,5,68,5,46524,629920,2680,123576,4.989228234697757,0.1640035249025874
1179,0.1185,2,40,2,46564,629880,2682,123574,4.98891141807122,0.164010012555511
1180,0.1186,4,38,4,46602,629842,2686,123570,4.988610442276011,0.16401384634170946
1181,0.1187,1,28,1,46630,629814,2687,123569,4.988388670637435,0.16401883238671433
1182,0.1188,2,43,2,46673,629771,2689,123567,4.988048092763909,0.16402597506033148
1183,0.1189,6,46,6,46719,629725,2695,123561,4.987683753643391,0.1640293328164867
1184,0.119,2,41,2,46760,629684,2697,123559,4.987359016601191,0.16403604148993087
1185,0.1191,2,29,2,46789,629655,2699,123557,4.987129324546952,0.16404013743806525
1186,0.1192,4,57,4,46846,629598,2703,123553,4.986677860854138,0.16404811252989107
1187,0.1193,3,28,3,46874,629570,2706,123550,4.986456089215562,0.16405088166560441
1188,0.1194,1,34,1,46908,629536,2707,123549,4.986186795083006,0.16405717814058174
1189,0.1195,2,31,2,46939,629505,2709,123547,4.98594126219744,0.16406171154183244
1190,0.1196,2,15,2,46954,629490,2711,123545,4.985822455962489,0.1640627593670945
1191,0.1197,0,45,0,46999,629445,2711,123545,4.985466037257635,0.16407256404467524
1192,0.1198,4,44,4,47043,629401,2715,123541,4.985117538968445,0.16407771116500341
1193,0.1199,3,22,3,47065,629379,2718,123538,4.98494328982385,0.1640791747297511
1194,0.12,7,85,7,47150,629294,2725,123531,4.98427005449246,0.16408992793809982
1195,0.1201,3,29,3,47179,629265,2728,123528,4.984040362438221,0.1640929179734668
1196,0.1202,3,42,3,47221,629223,2731,123525,4.9837077049803575,0.1640987422085479
1197,0.1203,0,24,0,47245,629199,2731,123525,4.983517615004436,0.16410397436510593
1198,0.1204,2,64,2,47309,629135,2733,123523,4.983010708401977,0.16411570726677988
1199,0.1205,5,34,5,47343,629101,2738,123518,4.982741414269421,0.16411756811879583
1200,0.1206,2,28,2,47371,629073,2740,123516,4.982519642630845,0.16412145274512382
1201,0.1207,3,46,3,47417,629027,2743,123513,4.9821553035103285,0.1641281526563372
1202,0.1208,0,23,0,47440,629004,2743,123513,4.98197313395007,0.16413316908455225
1203,0.1209,2,23,2,47463,628981,2745,123511,4.981790964389811,0.16413596423616464
1204,0.121,6,26,6,47489,628955,2751,123505,4.981585033582562,0.16413497062966803
1205,0.1211,3,30,3,47519,628925,2754,123502,4.98134742111266,0.1641381821758124
1206,0.1212,2,27,2,47546,628898,2756,123500,4.981133569889748,0.1641418504568061
1207,0.1213,0,33,0,47579,628865,2756,123500,4.9808721961728555,0.16414904999568028
1208,0.1214,7,30,7,47609,628835,2763,123493,4.980634583702953,0.16414781850469476
1209,0.1215,0,17,0,47626,628818,2763,123493,4.980499936636675,0.16415152775913153
1210,0.1216,2,38,2,47664,628780,2765,123491,4.980198960841465,0.1641575974615531
1211,0.1217,4,40,4,47704,628740,2769,123487,4.979882144214929,0.16416188198509227
1212,0.1218,2,46,2,47750,628694,2771,123485,4.979517805094411,0.16416969896793185
1213,0.1219,9,40,9,47790,628654,2780,123476,4.979200988467875,0.16416842833020887
1214,0.122,4,73,4,47863,628581,2784,123472,4.978622798124445,0.16417991817066085
1215,0.1221,1,52,1,47915,628529,2785,123471,4.978210936509948,0.1641901595744681
1216,0.1222,0,45,0,47960,628484,2785,123471,4.977854517805095,0.16419998537146505
1217,0.1223,2,34,2,47994,628450,2787,123469,4.977585223672539,0.16420518699487577
1218,0.1224,1,22,1,48016,628428,2788,123468,4.977410974527944,0.16420887995148264
1219,0.1225,2,39,2,48055,628389,2790,123466,4.9771020783170705,0.1642151744684813
1220,0.1226,0,24,0,48079,628365,2790,123466,4.976911988341148,0.16422041655638037
1221,0.1227,3,38,3,48117,628327,2793,123463,4.976611012545939,0.1642253820880831
1222,0.1228,2,28,2,48145,628299,2795,123461,4.976389240907363,0.16422927530062786
1223,0.1229,1,22,1,48167,628277,2796,123460,4.976214991762768,0.16423296977533366
1224,0.123,2,45,2,48212,628232,2798,123458,4.975858573057914,0.1642405778978036
1225,0.1231,2,25,2,48237,628207,2800,123456,4.975660562666329,0.1642438167104141
1226,0.1232,5,64,5,48301,628143,2805,123451,4.9751536560638705,0.16425224256713067
1227,0.1233,1,27,1,48328,628116,2806,123450,4.974939804840958,0.16425703131860675
1228,0.1234,3,21,3,48349,628095,2809,123447,4.974773476112026,0.16425828496610967
1229,0.1235,2,30,2,48379,628065,2811,123445,4.9745358636421235,0.1642626179292358
1230,0.1236,3,38,3,48417,628027,2814,123442,4.974234887846914,0.16426758788453016
1231,0.1237,3,64,3,48481,627963,2817,123439,4.973727981244456,0.16427824253861448
1232,0.1238,3,51,3,48532,627912,2820,123436,4.973324040045622,0.16428605652773415
1233,0.1239,0,43,0,48575,627869,2820,123436,4.9729834621720945,0.16429545923426572
1234,0.124,5,43,5,48618,627826,2825,123431,4.972642884298568,0.16429930103812676
1235,0.1241,1,35,1,48653,627791,2826,123430,4.972365669750348,0.16430584342024518
1236,0.1242,3,35,3,48688,627756,2829,123427,4.972088455202129,0.1643101614386907
1237,0.1243,1,37,1,48725,627719,2830,123426,4.971795399822582,0.16431714249578977
1238,0.1244,1,14,1,48739,627705,2831,123425,4.971684514003295,0.16431909256719876
1239,0.1245,0,23,0,48762,627682,2831,123425,4.971502344443036,0.16432412425926
1240,0.1246,3,46,3,48808,627636,2834,123422,4.971138005322519,0.16433085061340136
1241,0.1247,5,35,5,48843,627601,2839,123417,4.970860790774299,0.1643329454154228
1242,0.1248,3,66,3,48909,627535,2842,123414,4.970338043340514,0.1643440499954058
1243,0.1249,3,35,3,48944,627500,2845,123411,4.970060828792295,0.16434837151140413
1244,0.125,12,47,12,48991,627453,2857,123399,4.969688569256115,0.1643453037349571
1245,0.1251,4,63,4,49054,627390,2861,123395,4.969189583069319,0.16435464214122553
1246,0.1252,5,37,5,49091,627353,2866,123390,4.968896527689773,0.16435717682349352
1247,0.1253,7,14,7,49105,627339,2873,123383,4.968785641870485,0.1643524500414268
1248,0.1254,2,30,2,49135,627309,2875,123381,4.968548029400583,0.16435679175158854
1249,0.1255,3,32,3,49167,627277,2878,123378,4.968294576099353,0.16436045853288128
1250,0.1256,1,24,1,49191,627253,2879,123377,4.968104486123432,0.1643646004023287
1251,0.1257,3,42,3,49233,627211,2882,123374,4.967771828665568,0.16437045770965314
1252,0.1258,3,31,3,49264,627180,2885,123371,4.967526295780003,0.164373906636591
1253,0.1259,4,38,4,49302,627142,2889,123367,4.967225319984792,0.16437777561628175
1254,0.126,3,66,3,49368,627076,2892,123364,4.966702572551007,0.1643888918501146
1255,0.1261,1,27,1,49395,627049,2893,123363,4.966488721328095,0.16439369306460985
1256,0.1262,3,39,3,49434,627010,2896,123360,4.966179825117222,0.16439889654437145
1257,0.1263,1,17,1,49451,626993,2897,123359,4.966045178050944,0.16440150755911892
1258,0.1264,1,33,1,49484,626960,2898,123358,4.965783804334052,0.1644076245005451
1259,0.1265,0,22,0,49506,626938,2898,123358,4.965609555189456,0.1644124452216192
1260,0.1266,0,30,0,49536,626908,2898,123358,4.965371942719554,0.16441901938779047
1261,0.1267,3,48,3,49584,626860,2901,123355,4.96499176276771,0.16442619782329065
1262,0.1268,4,20,4,49604,626840,2905,123351,4.964833354454441,0.16442612614654134
1263,0.1269,4,52,4,49656,626788,2909,123347,4.964421492839945,0.16443306871429808
1264,0.127,2,35,2,49691,626753,2911,123345,4.964144278291725,0.16443851336758664
1265,0.1271,1,33,1,49724,626720,2912,123344,4.963882904574832,0.16444463405789372
1266,0.1272,3,101,3,49825,626619,2915,123341,4.963082942592827,0.16446343805002933
1267,0.1273,3,136,3,49961,626483,2918,123338,4.962005766062603,0.16448992492874967
1268,0.1274,0,20,0,49981,626463,2918,123338,4.961847357749335,0.16449431249091426
1269,0.1275,1,28,1,50009,626435,2919,123337,4.961625586110759,0.16449934113303777
1270,0.1276,2,24,2,50033,626411,2921,123335,4.961435496134837,0.16450237813872964
1271,0.1277,5,72,5,50105,626339,2926,123330,4.960865226207071,0.16451260489629424
1272,0.1278,1,39,1,50144,626300,2927,123329,4.960556329996198,0.1645200492510295
1273,0.1279,0,54,0,50198,626246,2927,123329,4.9601286275503735,0.16453190141079946
1274,0.128,1,26,1,50224,626220,2928,123328,4.959922696743125,0.16453649399371353
1275,0.1281,1,21,1,50245,626199,2929,123327,4.959756368014193,0.16453998927322067
1276,0.1282,3,27,3,50272,626172,2932,123324,4.959542516791281,0.1645425726087931
1277,0.1283,1,32,1,50304,626140,2933,123323,4.959289063490052,0.1645484833807673
1278,0.1284,6,152,6,50456,625988,2939,123317,4.958085160309213,0.16457517299364077
1279,0.1285,3,42,3,50498,625946,2942,123314,4.95775250285135,0.1645810533059285
1280,0.1286,1,20,1,50518,625926,2943,123313,4.957594094538082,0.16458433156843144
1281,0.1287,2,57,2,50575,625869,2945,123311,4.957142630845267,0.16459462345497744
1282,0.1288,6,115,6,50690,625754,2951,123305,4.956231783043974,0.1646132013633105
1283,0.1289,1,19,1,50709,625735,2952,123304,4.956081295146369,0.164616261636577
1284,0.129,9,71,9,50780,625664,2961,123295,4.9555189456342665,0.16462182843119583
1285,0.1291,1,26,1,50806,625638,2962,123294,4.955313014827018,0.16462642803351973
1286,0.1292,3,52,3,50858,625586,2965,123291,4.9549011532125204,0.1646345127437483
1287,0.1293,4,63,4,50921,625523,2969,123287,4.954402167025726,0.16464390165729625
1288,0.1294,2,26,2,50947,625497,2971,123285,4.954196236218476,0.16464738735706788
1289,0.1295,1,45,1,50992,625452,2972,123284,4.953839817513623,0.16465616719377724
1290,0.1296,1,18,1,51010,625434,2973,123283,4.953697250031682,0.16465901001312913
1291,0.1297,5,31,5,51041,625403,2978,123278,4.953451717146116,0.1646602491581862
1292,0.1298,1,24,1,51065,625379,2979,123277,4.9532616271701935,0.16466441195956488
1293,0.1299,2,60,2,51125,625319,2981,123275,4.952786402230389,0.164675378108828
1294,0.13,4,40,4,51165,625279,2985,123271,4.952469585603852,0.16467971411395366
1295,0.1301,10,186,10,51351,625093,2995,123261,4.9509963882904575,0.16470948241073075
1296,0.1302,3,42,3,51393,625051,2998,123258,4.950663730832594,0.16471537827287924
1297,0.1303,1,54,1,51447,624997,2999,123257,4.95023602838677,0.16472614914186895
1298,0.1304,4,66,4,51513,624931,3003,123253,4.9497132809529845,0.16473621462100232
1299,0.1305,1,34,1,51547,624897,3004,123252,4.9494439868204285,0.16474258469903721
1300,0.1306,2,25,2,51572,624872,3006,123250,4.949245976428843,0.16474585695915905
1301,0.1307,2,15,2,51587,624857,3008,123248,4.949127170193892,0.16474692723615
1302,0.1308,1,19,1,51606,624838,3009,123247,4.948976682296287,0.16474999498720067
1303,0.1309,3,35,3,51641,624803,3012,123244,4.948699467748067,0.16475435367029076
1304,0.131,1,22,1,51663,624781,3013,123243,4.948525218603472,0.16475808262836486
1305,0.1311,2,35,2,51698,624746,3015,123241,4.948248004055253,0.1647635587249511
1306,0.1312,2,25,2,51723,624721,3017,123239,4.948049993663667,0.1647668324509332
1307,0.1313,1,11,1,51734,624710,3018,123238,4.94796286909137,0.16476813896153208
1308,0.1314,3,35,3,51769,624675,3021,123235,4.94768565454315,0.16477249936489685
1309,0.1315,2,25,2,51794,624650,3023,123233,4.947487644151565,0.16477577375070698
1310,0.1316,2,35,2,51829,624615,3025,123231,4.947210429603346,0.16478125175504046
1311,0.1317,6,55,6,51884,624560,3031,123225,4.946774806741858,0.1647866699652975
1312,0.1318,8,82,8,51966,624478,3039,123217,4.9461253326574575,0.16479580577641953
1313,0.1319,2,23,2,51989,624455,3041,123215,4.9459431630971995,0.1647986411117204
1314,0.132,6,73,6,52062,624382,3047,123209,4.9453649727537705,0.16480803005921688
1315,0.1321,4,36,4,52098,624346,3051,123205,4.945079837789887,0.1648114978108517
1316,0.1322,2,29,2,52127,624317,3053,123203,4.944850145735648,0.1648156571061644
1317,0.1323,2,36,2,52163,624281,3055,123201,4.944565010771766,0.16482136024680194
1318,0.1324,1,11,1,52174,624270,3056,123200,4.944477886199468,0.16482266846829974
1319,0.1325,5,71,5,52245,624199,3061,123195,4.943915536687365,0.1648327388231642
1320,0.1326,2,13,2,52258,624186,3063,123193,4.943812571283741,0.1648333710205933
1321,0.1327,7,56,7,52314,624130,3070,123186,4.94336902800659,0.16483789989776748
1322,0.1328,4,37,4,52351,624093,3074,123182,4.943075972627043,0.16484159111438226
1323,0.1329,4,42,4,52393,624051,3078,123178,4.94274331516918,0.16484638577999516
1324,0.133,0,35,0,52428,624016,3078,123178,4.942466100620961,0.16485410750086324
1325,0.1331,2,31,2,52459,623985,3080,123176,4.9422205677353945,0.16485871184389977
1326,0.1332,3,70,3,52529,623915,3083,123173,4.941666138638956,0.1648708050457242
1327,0.1333,1,29,1,52558,623886,3084,123172,4.941436446584717,0.1648760872649781
1328,0.1334,0,19,0,52577,623867,3084,123172,4.941285958687112,0.16488028068146376
1329,0.1335,10,41,10,52618,623826,3094,123162,4.940961221644912,0.16487815065302253
1330,0.1336,4,40,4,52658,623786,3098,123158,4.940644405018375,0.1648825079256276
1331,0.1337,9,67,9,52725,623719,3107,123149,4.940113737168927,0.16488723576321385
1332,0.1338,4,49,4,52774,623670,3111,123145,4.93972563680142,0.16489358140905044
1333,0.1339,1,51,1,52825,623619,3112,123144,4.939321695602585,0.16490372447483337
1334,0.134,2,36,2,52861,623583,3114,123142,4.939036560638702,0.16490943787873716
1335,0.1341,5,58,5,52919,623525,3119,123137,4.938577176530225,0.1649166557290983
1336,0.1342,5,86,5,53005,623439,3124,123132,4.937896020783171,0.16493006023539622
1337,0.1343,2,27,2,53032,623412,3126,123130,4.937682169560259,0.16493378805211228
1338,0.1344,6,61,6,53093,623351,3132,123124,4.93719902420479,0.16494055393683646
1339,0.1345,0,45,0,53138,623306,3132,123124,4.936842605499937,0.16495049770239675
1340,0.1346,3,49,3,53187,623257,3135,123121,4.93645450513243,0.16495797035818313
1341,0.1347,0,21,0,53208,623236,3135,123121,4.936288176403497,0.16496261172602386
1342,0.1348,2,41,2,53249,623195,3137,123119,4.935963439361298,0.16496943645704087
1343,0.1349,3,41,3,53290,623154,3140,123116,4.935638702319098,0.1649751430447425
1344,0.135,5,56,5,53346,623098,3145,123111,4.935195159041947,0.1649819286553767
1345,0.1351,3,52,3,53398,623046,3148,123108,4.934783297427449,0.16499006907421257
1346,0.1352,8,62,8,53460,622984,3156,123100,4.934292231656317,0.16499482631982457
1347,0.1353,1,35,1,53495,622949,3157,123099,4.934015017108098,0.16500144762803465
1348,0.1354,2,43,2,53538,622906,3159,123097,4.933674439234571,0.16500871980407586
1349,0.1355,4,52,4,53590,622854,3163,123093,4.933262577620074,0.16501574508644717
1350,0.1356,2,53,2,53643,622801,3165,123091,4.932842795589912,0.16502523153486026
1351,0.1357,4,42,4,53685,622759,3169,123087,4.9325101381320495,0.1650300464170888
1352,0.1358,4,50,4,53735,622709,3173,123083,4.9321141173488785,0.16503663219771733
1353,0.1359,6,59,6,53794,622650,3179,123077,4.931646812824737,0.16504297148956656
1354,0.136,4,44,4,53838,622606,3183,123073,4.931298314535547,0.16504823120940781
1355,0.1361,2,22,2,53860,622584,3185,123071,4.931124065390952,0.16505086132326613
1356,0.1362,2,76,2,53936,622508,3187,123069,4.930522113800532,0.1650654459566215
1357,0.1363,4,40,4,53976,622468,3191,123065,4.930205297173996,0.16506982252965327
1358,0.1364,1,52,1,54028,622416,3192,123064,4.929793435559498,0.1650802167730858
1359,0.1365,1,27,1,54055,622389,3193,123063,4.929579584336586,0.16508507590025917
1360,0.1366,1,11,1,54066,622378,3194,123062,4.929492459764289,0.16508639192959862
1361,0.1367,1,15,1,54081,622363,3195,123061,4.929373653529337,0.16508859387409044
1362,0.1368,3,65,3,54146,622298,3198,123058,4.928858826511215,0.16509963024380298
1363,0.1369,4,70,4,54216,622228,3202,123054,4.928304397414776,0.1651106561006438
1364,0.137,1,37,1,54253,622191,3203,123053,4.92801134203523,0.16511773325246495
1365,0.1371,4,29,4,54282,622162,3207,123049,4.927781649980991,0.1651196775141537
1366,0.1372,2,26,2,54308,622136,3209,123047,4.927575719173742,0.16512319792587862
1367,0.1373,2,36,2,54344,622100,3211,123045,4.927290584209859,0.16512893463688275
1368,0.1374,3,10,3,54354,622090,3214,123042,4.927211380053225,0.1651277894386498
1369,0.1375,2,38,2,54392,622052,3216,123040,4.926910404258016,0.1651339700332308
1370,0.1376,3,58,3,54450,621994,3219,123037,4.926451020149537,0.16514346382902187
1371,0.1377,3,50,3,54500,621944,3222,123034,4.926054999366367,0.16515118567259704
1372,0.1378,5,35,5,54535,621909,3227,123029,4.925777784818147,0.16515334162037645
1373,0.1379,0,29,0,54564,621880,3227,123029,4.925548092763909,0.16515977119352834
1374,0.138,2,41,2,54605,621839,3229,123027,4.925223355721708,0.16516662057336487
1375,0.1381,0,41,0,54646,621798,3229,123027,4.924898618679508,0.1651757124156681
1376,0.1382,3,58,3,54704,621740,3232,123024,4.924439234571031,0.16518521303392752
1377,0.1383,2,50,2,54754,621690,3234,123022,4.92404321378786,0.16519406159696634
1378,0.1384,7,32,7,54786,621658,3241,123015,4.92378976048663,0.16519331303807175
1379,0.1385,5,39,5,54825,621619,3246,123010,4.923480864275757,0.16519635952937636
1380,0.1386,10,54,10,54879,621565,3256,123000,4.923053161829933,0.16519712852470905
1381,0.1387,3,45,3,54924,621520,3259,122997,4.922696743125079,0.16520374954500702
1382,0.1388,5,53,5,54977,621467,3264,122992,4.922276961094918,0.16520990410486003
1383,0.1389,4,28,4,55005,621439,3268,122988,4.9220551894563425,0.1652116325710916
1384,0.139,4,36,4,55041,621403,3272,122984,4.92177005449246,0.16521513675010444
1385,0.1391,5,74,5,55115,621329,3277,122979,4.921183943733367,0.1652259548466495
1386,0.1392,4,55,4,55170,621274,3281,122975,4.920748320871879,0.16523367851350826
1387,0.1393,1,57,1,55227,621217,3282,122974,4.920296857179065,0.16524521258655372
1388,0.1394,2,27,2,55254,621190,3284,122972,4.920083005956153,0.16524896460716887
1389,0.1395,3,28,3,55282,621162,3287,122969,4.919861234317577,0.165251817220355
1390,0.1396,3,63,3,55345,621099,3290,122966,4.919362248130782,0.16526244346932056
1391,0.1397,5,28,5,55373,621071,3295,122961,4.919140476492206,0.16526305320201282
1392,0.1398,6,33,6,55406,621038,3301,122955,4.918879102775314,0.1652636516741421
1393,0.1399,3,49,3,55455,620989,3304,122952,4.918491002407807,0.1652711706976763
1394,0.14,1,30,1,55485,620959,3305,122951,4.918253389937904,0.16527671358094392
1395,0.1401,2,47,2,55532,620912,3307,122949,4.917881130401724,0.1652849121005134
1396,0.1402,3,94,3,55626,620818,3310,122946,4.917136611329362,0.16530243464324706
1397,0.1403,0,43,0,55669,620775,3310,122946,4.916796033455836,0.16531199199699886
1398,0.1404,2,36,2,55705,620739,3312,122944,4.9165108984919526,0.16531774963257195
1399,0.1405,1,42,1,55747,620697,3313,122943,4.916178241034089,0.16532596417621429
1400,0.1406,3,61,3,55808,620636,3316,122940,4.915695095678621,0.16533615931659978
1401,0.1407,5,16,5,55824,620620,3321,122935,4.915568369028007,0.1653341044038437
1402,0.1408,2,28,2,55852,620592,3323,122933,4.915346597389431,0.165338085471235
1403,0.1409,4,97,4,55949,620495,3327,122929,4.91457831707008,0.16535516744146006
1404,0.141,1,48,1,55997,620447,3328,122928,4.914198137118236,0.16536472170842442
1405,0.1411,6,33,6,56030,620414,3334,122922,4.9139367634013436,0.16536532604367338
1406,0.1412,0,31,0,56061,620383,3334,122922,4.913691230515777,0.16537222270804044
1407,0.1413,1,47,1,56108,620336,3335,122921,4.913318970979597,0.16538155711954278
1408,0.1414,5,36,5,56144,620300,3340,122916,4.913033836015714,0.16538395298271297
1409,0.1415,6,32,6,56176,620268,3346,122910,4.912780382714485,0.16538433591952398
1410,0.1416,3,32,3,56208,620236,3349,122907,4.912526929413255,0.16538808816069048
1411,0.1417,5,66,5,56274,620170,3354,122902,4.91200418197947,0.16539716205159125
1412,0.1418,1,44,1,56318,620126,3355,122901,4.91165568369028,0.16540583316622412
1413,0.1419,5,32,5,56350,620094,3360,122896,4.911402230389051,0.165407340610237
1414,0.142,1,53,1,56403,620041,3361,122895,4.91098244835889,0.1654180171643318
1415,0.1421,1,20,1,56423,620021,3362,122894,4.910824040045622,0.16542134699124394
1416,0.1422,2,39,2,56462,619982,3364,122892,4.910515143834749,0.1654277845233512
1417,0.1423,3,50,3,56512,619932,3367,122889,4.910119123051578,0.1654355490757531
1418,0.1424,4,51,4,56563,619881,3371,122885,4.909715181852744,0.16544241389616648
1419,0.1425,12,114,12,56677,619767,3383,122873,4.908812254467114,0.16545432511041688
1420,0.1426,4,43,4,56720,619724,3387,122869,4.908471676593588,0.16545941047114637
1421,0.1427,3,65,3,56785,619659,3390,122866,4.9079568495754655,0.16547052287801758
1422,0.1428,5,44,5,56829,619615,3395,122861,4.907608351286275,0.16547470894682118
1423,0.1429,3,27,3,56856,619588,3398,122858,4.907394500063363,0.16547735458201673
1424,0.143,4,53,4,56909,619535,3402,122854,4.906974718033203,0.165484671782583
1425,0.1431,3,51,3,56960,619484,3405,122851,4.906570776834369,0.16549266840442658
1426,0.1432,0,29,0,56989,619455,3405,122851,4.906341084780129,0.16549913378040862
1427,0.1433,2,31,2,57020,619424,3407,122849,4.9060955518945635,0.16550379712046645
1428,0.1434,5,47,5,57067,619377,3412,122844,4.905723292358383,0.16550865577772658
1429,0.1435,3,42,3,57109,619335,3415,122841,4.905390634900519,0.16551464881645325
1430,0.1436,4,68,4,57177,619267,3419,122837,4.9048520466354075,0.1655253172062137
1431,0.1437,12,90,12,57267,619177,3431,122825,4.904139209225701,0.1655318988358522
1432,0.1438,7,69,7,57336,619108,3438,122818,4.903592700544925,0.16553942037346042
1433,0.1439,2,19,2,57355,619089,3440,122816,4.903442212647319,0.16554141028837924
1434,0.144,1,25,1,57380,619064,3441,122815,4.903244202255735,0.16554586394816406
1435,0.1441,6,32,6,57412,619032,3447,122809,4.9029907489545055,0.16554625586884522
1436,0.1442,2,40,2,57452,618992,3449,122807,4.902673932327969,0.16555293280255162
1437,0.1443,9,58,9,57510,618934,3458,122798,4.902214548219491,0.16555575329094604
1438,0.1444,4,26,4,57536,618908,3462,122794,4.902008617412242,0.16555705660764025
1439,0.1445,5,31,5,57567,618877,3467,122789,4.901763084526676,0.16555835106368635
1440,0.1446,1,14,1,57581,618863,3468,122788,4.901652198707388,0.165560351162474
1441,0.1447,3,12,3,57593,618851,3471,122785,4.901557153719427,0.1655596546014487
1442,0.1448,1,41,1,57634,618810,3472,122784,4.901232416677227,0.1655676825864287
1443,0.1449,5,49,5,57683,618761,3477,122779,4.90084431630972,0.1655729967365213
1444,0.145,11,148,11,57831,618613,3488,122768,4.899672094791534,0.16559366911210296
1445,0.1451,9,64,9,57895,618549,3497,122759,4.899165188189076,0.1655978351778208
1446,0.1452,0,14,0,57909,618535,3497,122759,4.899054302369788,0.16560096264100344
1447,0.1453,3,41,3,57950,618494,3500,122756,4.898729565327589,0.16560674536256323
1448,0.1454,2,43,2,57993,618451,3502,122754,4.898388987454061,0.16561410136197138
1449,0.1455,3,43,3,58036,618408,3505,122751,4.898048409580535,0.16562033247926558
1450,0.1456,3,42,3,58078,618366,3508,122748,4.8977157521226715,0.16562634088682712
1451,0.1457,1,25,1,58103,618341,3509,122747,4.897517741731086,0.1656308022798912
1452,0.1458,3,38,3,58141,618303,3512,122744,4.897216765935877,0.16563591782977327
1453,0.1459,2,81,2,58222,618222,3514,122742,4.89657521226714,0.1656517725557517
1454,0.146,4,71,4,58293,618151,3518,122738,4.896012862755037,0.16566314252202421
1455,0.1461,5,58,5,58351,618093,3523,122733,4.895553478646559,0.1656704813275992
1456,0.1462,6,35,6,58386,618058,3529,122727,4.89527626409834,0.1656715511248203
1457,0.1463,4,74,4,58460,617984,3533,122723,4.894690153339247,0.16568359688783824
1458,0.1464,2,34,2,58494,617950,3535,122721,4.894420859206691,0.1656889496146062
1459,0.1465,3,30,3,58524,617920,3538,122718,4.894183246736789,0.16569228151944676
1460,0.1466,1,25,1,58549,617895,3539,122717,4.893985236345204,0.16569674809481888
1461,0.1467,4,43,4,58592,617852,3543,122713,4.893644658471676,0.16570186276694146
1462,0.1468,4,62,4,58654,617790,3547,122709,4.8931535927005445,0.16571122985986478
1463,0.1469,2,25,2,58679,617765,3549,122707,4.89295558230896,0.1657145712464482
1464,0.147,3,48,3,58727,617717,3552,122704,4.8925754023571155,0.1657219338727562
1465,0.1471,7,45,7,58772,617672,3559,122697,4.8922189836522625,0.16572411864894399
1466,0.1472,1,22,1,58794,617650,3560,122696,4.8920447345076665,0.1657279164066531
1467,0.1473,3,38,3,58832,617612,3563,122693,4.891743758712457,0.16573304246222842
1468,0.1474,6,20,6,58852,617592,3569,122687,4.891585350399189,0.16573075826816647
1469,0.1475,2,48,2,58900,617544,3571,122685,4.891205170447345,0.16573925096152678
1470,0.1476,2,36,2,58936,617508,3573,122683,4.890920035483462,0.16574505769456802
1471,0.1477,4,31,4,58967,617477,3577,122679,4.890674502597896,0.16574749106945022
1472,0.1478,0,22,0,58989,617455,3577,122679,4.890500253453301,0.16575241780542443
1473,0.1479,2,43,2,59032,617412,3579,122677,4.890159675579774,0.16575979375453492
1474,0.148,0,32,0,59064,617380,3579,122677,4.889906222278545,0.16576696119352968
1475,0.1481,1,17,1,59081,617363,3580,122676,4.889771575212267,0.16576964187022575
1476,0.1482,1,10,1,59091,617353,3581,122675,4.889692371055633,0.16577075462009547
1477,0.1483,7,46,7,59137,617307,3588,122668,4.889328031935116,0.16577316801243286
1478,0.1484,2,63,2,59200,617244,3590,122666,4.888829045748321,0.16578502790879973
1479,0.1485,5,37,5,59237,617207,3595,122661,4.888535990368775,0.16578768104580818
1480,0.1486,2,35,2,59272,617172,3597,122659,4.888258775820555,0.16579326900332644
1481,0.1487,1,15,1,59287,617157,3598,122658,4.888139969585604,0.1657955029297865
1482,0.1488,2,53,2,59340,617104,3600,122656,4.887720187555443,0.16580512598680652
1483,0.1489,1,31,1,59371,617073,3601,122655,4.8874746546698775,0.1658109467263643
1484,0.149,2,46,2,59417,617027,3603,122653,4.88711031554936,0.16581900281202683
1485,0.1491,5,47,5,59464,616980,3608,122648,4.886738056013179,0.16582390066357683
1486,0.1492,5,46,5,59510,616934,3613,122643,4.886373716892662,0.1658285749827266
1487,0.1493,5,38,5,59548,616896,3618,122638,4.886072741097453,0.16583145602501034
1488,0.1494,2,36,2,59584,616860,3620,122636,4.88578760613357,0.165837272953471
1489,0.1495,8,73,8,59657,616787,3628,122628,4.885209415790141,0.1658446204093777
1490,0.1496,2,26,2,59683,616761,3630,122626,4.885003484982892,0.16584819587036287
1491,0.1497,5,54,5,59737,616707,3635,122621,4.884575782537068,0.16585466802285317
1492,0.1498,2,43,2,59780,616664,3637,122619,4.884235204663541,0.1658620582375085
1493,0.1499,5,64,5,59844,616600,3642,122614,4.883728298061082,0.1658707762569432
1494,0.15,0,58,0,59902,616542,3642,122614,4.883268913952604,0.165883791784143
1495,0.1501,1,31,1,59933,616511,3643,122613,4.883023381067038,0.1658896206861095
1496,0.1502,4,40,4,59973,616471,3647,122609,4.882706564440502,0.16589408453753315
1497,0.1503,2,10,2,59983,616461,3649,122607,4.882627360283868,0.16589407199337544
1498,0.1504,3,43,3,60026,616418,3652,122604,4.882286782410341,0.16590033855555045
1499,0.1505,4,32,4,60058,616386,3656,122600,4.882033329109111,0.16590300763478605
1500,0.1506,2,28,2,60086,616358,3658,122598,4.881811557470536,0.16590703641353477
1501,0.1507,5,51,5,60137,616307,3663,122593,4.8814076162717015,0.1659128434158885
1502,0.1508,1,30,1,60167,616277,3664,122592,4.8811700038018,0.16591845103800537
1503,0.1509,4,57,4,60224,616220,3668,122588,4.880718540108985,0.16592673603967473
1504,0.151,7,43,7,60267,616177,3675,122581,4.880377962235458,0.16592849079130106
1505,0.1511,6,29,6,60296,616148,3681,122575,4.880148270181219,0.16592823020266054
1506,0.1512,8,82,8,60378,616066,3689,122567,4.8794987960968195,0.16593761719284136
1507,0.1513,3,45,3,60423,616021,3692,122564,4.8791423773919655,0.16594433951407084
1508,0.1514,5,31,5,60454,615990,3697,122559,4.8788968445064,0.16594565831109379
1509,0.1515,5,78,5,60532,615912,3702,122554,4.878279052084653,0.16595753900653518
1510,0.1516,1,41,1,60573,615871,3703,122553,4.877954315042453,0.16596562408589102
1511,0.1517,3,49,3,60622,615822,3706,122550,4.877566214674946,0.16597324925647236
1512,0.1518,3,128,3,60750,615694,3709,122547,4.876552401470029,0.16599863730136907
1513,0.1519,9,33,9,60783,615661,3718,122538,4.876291027753137,0.16599588999714168
1514,0.152,9,170,9,60953,615491,3727,122529,4.874944557090356,0.16602395599035258
1515,0.1521,0,65,0,61018,615426,3727,122529,4.874429730072234,0.16603857958818627
1516,0.1522,1,31,1,61049,615395,3728,122528,4.874184197186668,0.16604442468929684
1517,0.1523,5,39,5,61088,615356,3733,122523,4.873875300975795,0.16604754980152572
1518,0.1524,4,29,4,61117,615327,3737,122519,4.8736456089215565,0.16604955505620414
1519,0.1525,7,179,7,61296,615148,3744,122512,4.8722278545178055,0.1660819347666947
1520,0.1526,5,17,5,61313,615131,3749,122507,4.872093207451527,0.16608010975573384
1521,0.1527,1,23,1,61336,615108,3750,122506,4.871911037891269,0.16608415783865274
1522,0.1528,6,57,6,61393,615051,3756,122500,4.871459574198454,0.1660902093550141
1523,0.1529,3,45,3,61438,615006,3759,122497,4.8711031554936,0.16609695147002793
1524,0.153,2,94,2,61532,614912,3761,122495,4.87035863642124,0.16611586274608187
1525,0.1531,3,34,3,61566,614878,3764,122492,4.870089342288684,0.1661201296499722
1526,0.1532,0,27,0,61593,614851,3764,122492,4.8698754910657716,0.1661262126310279
1527,0.1533,1,26,1,61619,614825,3765,122491,4.869669560258522,0.16613093978701127
1528,0.1534,5,25,5,61644,614800,3770,122486,4.869471549866937,0.16613091798840612
1529,0.1535,3,47,3,61691,614753,3773,122483,4.869099290330756,0.16613811588148164
1530,0.1536,1,23,1,61714,614730,3774,122482,4.868917120770498,0.1661421680602052
1531,0.1537,0,34,0,61748,614696,3774,122482,4.868647826637942,0.16614983084139787
1532,0.1538,3,57,3,61805,614639,3777,122479,4.8681963629451275,0.1661592852162069
1533,0.1539,1,39,1,61844,614600,3778,122478,4.867887466734254,0.1661669456963849
1534,0.154,1,47,1,61891,614553,3779,122477,4.867515207198074,0.16617641072954967
1535,0.1541,7,55,7,61946,614498,3786,122470,4.867079584336586,0.166180892521792
1536,0.1542,0,31,0,61977,614467,3786,122470,4.86683405145102,0.16618788308905647
1537,0.1543,4,65,4,62042,614402,3790,122466,4.866319224432898,0.16619801646970692
1538,0.1544,1,45,1,62087,614357,3791,122465,4.865962805728045,0.1662070350776714
1539,0.1545,5,49,5,62136,614308,3796,122460,4.865574705360538,0.16621243050729673
1540,0.1546,3,46,3,62182,614262,3799,122457,4.86521036624002,0.16621941337199123
1541,0.1547,3,27,3,62209,614235,3802,122454,4.864996515017108,0.1662221100084296
1542,0.1548,1,26,1,62235,614209,3803,122453,4.864790584209859,0.1662268448759404
1543,0.1549,4,25,4,62260,614184,3807,122449,4.864592573818274,0.16622795883431776
1544,0.155,5,165,5,62425,614019,3812,122444,4.86328570523381,0.16625954053360453
1545,0.1551,1,41,1,62466,613978,3813,122443,4.862960968191611,0.16626766482759184
1546,0.1552,0,25,0,62491,613953,3813,122443,4.862762957800025,0.16627330946936159
1547,0.1553,3,42,3,62533,613911,3816,122440,4.862430300342162,0.1662793966464363
1548,0.1554,6,57,6,62590,613854,3822,122434,4.861978836649348,0.16628547524881568
1549,0.1555,1,22,1,62612,613832,3823,122433,4.861804587504753,0.16628931159297264
1550,0.1556,2,34,2,62646,613798,3825,122431,4.861535293372196,0.16629472623327796
1551,0.1557,8,129,8,62775,613669,3833,122423,4.860513559751616,0.16631480847502758
1552,0.1558,3,40,3,62815,613629,3836,122420,4.860196743125079,0.16632044877447016
1553,0.1559,0,43,0,62858,613586,3836,122420,4.859856165251553,0.16633016578669196
1554,0.156,3,56,3,62914,613530,3839,122417,4.859412621974402,0.16633942389873183
1555,0.1561,4,38,4,62952,613492,3843,122413,4.8591116461791914,0.16634348183529124
1556,0.1562,2,53,2,63005,613439,3845,122411,4.858691864149031,0.1663531969830808
1557,0.1563,1,13,1,63018,613426,3846,122410,4.858588898745406,0.16635500301697662
1558,0.1564,7,62,7,63080,613364,3853,122403,4.858097832974274,0.16636108985589187
1559,0.1565,5,43,5,63123,613321,3858,122398,4.857757255100748,0.16636514756313212
1560,0.1566,3,16,3,63139,613305,3861,122395,4.857630528450133,0.16636536631779258
1561,0.1567,0,31,0,63170,613274,3861,122395,4.857384995564567,0.16637237670745947
1562,0.1568,1,28,1,63198,613246,3862,122394,4.857163223925991,0.16637757598825512
1563,0.1569,1,45,1,63243,613201,3863,122393,4.856806805221138,0.16638662088054007
1564,0.157,9,121,9,63364,613080,3872,122384,4.855848434925865,0.16640379406741868
1565,0.1571,3,26,3,63390,613054,3875,122381,4.855642504118616,0.1664062765574116
1566,0.1572,5,31,5,63421,613023,3880,122376,4.85539697123305,0.16640762361656733
1567,0.1573,6,48,6,63469,612975,3886,122370,4.855016791281207,0.16641168431144565
1568,0.1574,8,55,8,63524,612920,3894,122362,4.854581168419719,0.16641506252023033
1569,0.1575,6,33,6,63557,612887,3900,122356,4.854319794702826,0.16641572922149547
1570,0.1576,4,14,4,63571,612873,3904,122352,4.854208908883538,0.1664143629501173
1571,0.1577,5,34,5,63605,612839,3909,122347,4.853939614750982,0.16641638986596588
1572,0.1578,3,17,3,63622,612822,3912,122344,4.853804967684704,0.16641683646958647
1573,0.1579,1,26,1,63648,612796,3913,122343,4.853599036877456,0.1664215882982674
1574,0.158,5,64,5,63712,612732,3918,122338,4.853092130274997,0.16643040798835484
1575,0.1581,1,40,1,63752,612692,3919,122337,4.85277531364846,0.16643833100462702
1576,0.1582,8,94,8,63846,612598,3927,122329,4.852030794576099,0.16645054542832144
1577,0.1583,6,48,6,63894,612550,3933,122323,4.851650614624256,0.16645461188531896
1578,0.1584,3,89,3,63983,612461,3936,122320,4.850945697630212,0.16647137038110676
1579,0.1585,1,44,1,64027,612417,3937,122319,4.8505971993410215,0.1664802051349056
1580,0.1586,2,41,2,64068,612376,3939,122317,4.850272462298822,0.16648722663752072
1581,0.1587,2,111,2,64179,612265,3941,122315,4.849393296160183,0.16651011462332216
1582,0.1588,1,35,1,64214,612230,3942,122314,4.849116081611963,0.166516913894879
1583,0.1589,0,14,0,64228,612216,3942,122314,4.849005195792675,0.16652008767511198
1584,0.159,3,191,3,64419,612025,3945,122311,4.8474923964009635,0.1665599943350183
1585,0.1591,1,18,1,64437,612007,3946,122310,4.847349828919022,0.16656294216258102
1586,0.1592,10,95,10,64532,611912,3956,122300,4.846597389430998,0.16657314236215154
1587,0.1593,3,39,3,64571,611873,3959,122297,4.846288493220124,0.16657858534126974
1588,0.1594,2,47,2,64618,611826,3961,122295,4.845916233683944,0.16658697953062235
1589,0.1595,0,18,0,64636,611808,3961,122295,4.845773666202002,0.16659106419671355
1590,0.1596,6,56,6,64692,611752,3967,122289,4.845330122924851,0.1665969612051643
1591,0.1597,1,31,1,64723,611721,3968,122288,4.845084590039285,0.16660286181777062
1592,0.1598,2,69,2,64792,611652,3970,122286,4.844538081358509,0.1666162536890037
1593,0.1599,2,30,2,64822,611622,3972,122284,4.8443004688886075,0.16662079339860963
1594,0.16,9,69,9,64891,611553,3981,122275,4.843753960207832,0.166626239391247
1595,0.1601,1,31,1,64922,611522,3982,122274,4.8435084273222655,0.16663214299342052
1596,0.1602,3,34,3,64956,611488,3985,122271,4.8432391331897096,0.16663645692931875
1597,0.1603,6,72,6,65028,611416,3991,122265,4.842668863261944,0.16664599464890054
1598,0.1604,2,44,2,65072,611372,3993,122263,4.842320364972754,0.16665371744804977
1599,0.1605,8,54,8,65126,611318,4001,122255,4.84189266252693,0.1666568971322554
1600,0.1606,7,52,7,65178,611266,4008,122248,4.841480800912432,0.16666075903118413
1601,0.1607,3,19,3,65197,611247,4011,122245,4.841330313014827,0.16666166774825084
1602,0.1608,14,128,14,65325,611119,4025,122231,4.84031649980991,0.1666748482989023
1603,0.1609,1,20,1,65345,611099,4026,122230,4.840158091496642,0.1666782576442497
1604,0.161,1,39,1,65384,611060,4027,122229,4.839849195285769,0.16668598601642737
1605,0.1611,3,30,3,65414,611030,4030,122226,4.839611582815866,0.16668939633634092
1606,0.1612,3,32,3,65446,610998,4033,122223,4.839358129514637,0.16669326164962542
1607,0.1613,0,11,0,65457,610987,4033,122223,4.839271004942339,0.16669576246914253
1608,0.1614,2,21,2,65478,610966,4035,122221,4.839104676213408,0.16669826388083803
1609,0.1615,10,100,10,65578,610866,4045,122211,4.838312634647067,0.16670963623193744
1610,0.1616,5,41,5,65619,610825,4050,122206,4.837987897604866,0.166713276791841
1611,0.1617,5,30,5,65649,610795,4055,122201,4.837750285134964,0.16671441590404312
1612,0.1618,2,69,2,65718,610726,4057,122199,4.837203776454189,0.16672783709110756
1613,0.1619,3,35,3,65753,610691,4060,122196,4.836926561905969,0.16673238848553734
1614,0.162,2,41,2,65794,610650,4062,122194,4.836601824863769,0.1667394425007232
1615,0.1621,2,28,2,65822,610622,4064,122192,4.836380053225193,0.1667435392882778
1616,0.1622,2,47,2,65869,610575,4066,122190,4.836007793689013,0.16675196004175963
1617,0.1623,0,29,0,65898,610546,4066,122190,4.835778101634774,0.16675855969953707
1618,0.1624,3,32,3,65930,610514,4069,122187,4.835524648333545,0.16676243105987298
1619,0.1625,4,33,4,65963,610481,4073,122183,4.8352632746166515,0.16676539314064837
1620,0.1626,2,14,2,65977,610467,4075,122181,4.835152388797364,0.16676630523798605
1621,0.1627,1,35,1,66012,610432,4076,122180,4.834875174249144,0.16677313502918326
1622,0.1628,3,42,3,66054,610390,4079,122177,4.834542516791281,0.166779284352148
1623,0.1629,4,69,4,66123,610321,4083,122173,4.833996008110506,0.16679044469988832
1624,0.163,5,50,5,66173,610271,4088,122168,4.833599987327335,0.1667961427504543
1625,0.1631,2,26,2,66199,610245,4090,122166,4.833394056520087,0.16679978864326178
1626,0.1632,7,85,7,66284,610160,4097,122159,4.832720821188696,0.1668111847432608
1627,0.1633,5,70,5,66354,610090,4102,122154,4.832166392092257,0.16682144203298355
1628,0.1634,5,84,5,66438,610006,4107,122149,4.83150107717653,0.16683489151887237
1629,0.1635,6,53,6,66491,609953,4113,122143,4.831081295146369,0.1668401411836699
1630,0.1636,8,47,8,66538,609906,4121,122135,4.830709035610189,0.16684174793488343
1631,0.1637,3,61,3,66599,609845,4124,122132,4.83022589025472,0.16685223716045722
1632,0.1638,5,83,5,66682,609762,4129,122127,4.829568495754657,0.1668654673044683
1633,0.1639,4,64,4,66746,609698,4133,122123,4.829061589152198,0.1668755064421491
1634,0.164,3,22,3,66768,609676,4136,122120,4.828887340007603,0.1668771078278646
1635,0.1641,2,77,2,66845,609599,4138,122118,4.828277468001521,0.16689239145735305
1636,0.1642,5,35,5,66880,609564,4143,122113,4.828000253453301,0.16689468166964386
1637,0.1643,0,32,0,66912,609532,4143,122113,4.827746800152072,0.16690198115206145
1638,0.1644,2,45,2,66957,609487,4145,122111,4.827390381447218,0.16690996968280394
1639,0.1645,4,65,4,67022,609422,4149,122107,4.826875554429097,0.16692024513040496
1640,0.1646,10,61,10,67083,609361,4159,122097,4.8263924090736285,0.16692277615392817
1641,0.1647,1,27,1,67110,609334,4160,122096,4.826178557850716,0.16692779896914264
1642,0.1648,7,104,7,67214,609230,4167,122089,4.825354834621721,0.16694356361587762
1643,0.1649,3,23,3,67237,609207,4170,122086,4.825172665061462,0.16694539671513334
1644,0.165,3,43,3,67280,609164,4173,122083,4.824832087187936,0.1669517960415564
1645,0.1651,1,74,1,67354,609090,4174,122082,4.824245976428843,0.1669675534621129
1646,0.1652,8,50,8,67404,609040,4182,122074,4.823849955645672,0.16696985695801203
1647,0.1653,11,190,11,67594,608850,4193,122063,4.822345076669624,0.1670007237523481
1648,0.1654,7,97,7,67691,608753,4200,122056,4.821576796350272,0.16701491087274514
1649,0.1655,3,32,3,67723,608721,4203,122053,4.821323343049043,0.16701880471937972
1650,0.1656,5,63,5,67786,608658,4208,122048,4.820824356862248,0.16702750490621399
1651,0.1657,2,48,2,67834,608610,4210,122046,4.820444176910404,0.1670361976087242
1652,0.1658,1,34,1,67868,608576,4211,122045,4.820174882777848,0.1670428306878669
1653,0.1659,2,64,2,67932,608512,4213,122043,4.819667976175389,0.16705518407238332
1654,0.166,2,78,2,68010,608434,4215,122041,4.819050183753643,0.16707074164071323
1655,0.1661,0,20,0,68030,608414,4215,122041,4.818891775440375,0.1670753160701207
1656,0.1662,3,82,3,68112,608332,4218,122038,4.818242301355975,0.16709065268288675
1657,0.1663,3,35,3,68147,608297,4221,122035,4.817965086807756,0.16709523887766112
1658,0.1664,3,30,3,68177,608267,4224,122032,4.817727474337853,0.1670986814989477
1659,0.1665,3,33,3,68210,608234,4227,122029,4.817466100620961,0.16710281090511228
1660,0.1666,1,19,1,68229,608215,4228,122028,4.817315612723355,0.16710601813368975
1661,0.1667,3,38,3,68267,608177,4231,122025,4.817014636928146,0.1671112924916667
1662,0.1668,7,97,7,68364,608080,4238,122018,4.8162463566087945,0.16712550917821992
1663,0.1669,0,16,0,68380,608064,4238,122018,4.81611962995818,0.16712917179166176
1664,0.167,6,50,6,68430,608014,4244,122012,4.815723609175009,0.16713377331766266
1665,0.1671,9,38,9,68468,607976,4253,122003,4.8154226333798,0.16713220517302552
1666,0.1672,2,66,2,68534,607910,4255,122001,4.814899885946015,0.1671450354906283
1667,0.1673,4,24,4,68558,607886,4259,121997,4.814709795970092,0.16714596723036432
1668,0.1674,1,18,1,68576,607868,4260,121996,4.814567228488151,0.16714894829721702
1669,0.1675,0,14,0,68590,607854,4260,121996,4.814456342668863,0.16715215455230528
1670,0.1676,3,25,3,68615,607829,4263,121993,4.814258332277278,0.16715445684016103
1671,0.1677,0,19,0,68634,607810,4263,121993,4.814107844379673,0.16715880860999474
1672,0.1678,4,50,4,68684,607760,4267,121989,4.813711823596503,0.16716569669845385
1673,0.1679,7,52,7,68736,607708,4274,121982,4.813299961982005,0.1671696199756061
1674,0.168,6,44,6,68780,607664,4280,121976,4.812951463692815,0.16717285236555013
1675,0.1681,10,134,10,68914,607530,4290,121966,4.811890127993917,0.16719214361696294
1676,0.1682,0,63,0,68977,607467,4290,121966,4.811391141807122,0.16720658374381198
1677,0.1683,3,78,3,69055,607389,4293,121963,4.810773349385376,0.16722104004650704
1678,0.1684,1,31,1,69086,607358,4294,121962,4.8105278164998095,0.16722700597817144
1679,0.1685,4,46,4,69132,607312,4298,121958,4.810163477379293,0.1672329864110686
1680,0.1686,4,27,4,69159,607285,4302,121954,4.8099496261563806,0.1672346103266556
1681,0.1687,10,97,10,69256,607188,4312,121944,4.80918134583703,0.16724543704020672
1682,0.1688,8,68,8,69324,607120,4320,121936,4.808642757571917,0.16725189834525742
1683,0.1689,6,63,6,69387,607057,4326,121930,4.808143771385122,0.16725949845470495
1684,0.169,2,10,2,69397,607047,4328,121928,4.808064567228488,0.16725950821358757
1685,0.1691,2,47,2,69444,607000,4330,121926,4.8076923076923075,0.16726800800081215
1686,0.1692,5,43,5,69487,606957,4335,121921,4.807351729818781,0.16727216351707694
1687,0.1693,2,67,2,69554,606890,4337,121919,4.806821061969332,0.16728525580776307
1688,0.1694,1,35,1,69589,606855,4338,121918,4.806543847421112,0.16729214721182042
1689,0.1695,2,47,2,69636,606808,4340,121916,4.806171587884932,0.1673006515498323
1690,0.1696,0,24,0,69660,606784,4340,121916,4.80598149790901,0.16730616165774667
1691,0.1697,2,46,2,69706,606738,4342,121914,4.805617158788493,0.16731443816801436
1692,0.1698,1,17,1,69723,606721,4343,121913,4.805482511722215,0.16731719903271053
1693,0.1699,4,19,4,69742,606702,4347,121909,4.805332023824611,0.16731699082226317
1694,0.17,3,58,3,69800,606644,4350,121906,4.804872639716132,0.16732688216320088
1695,0.1701,2,40,2,69840,606604,4352,121904,4.804555823089596,0.16733378356860873
1696,0.1702,4,46,4,69886,606558,4356,121900,4.8041914839690785,0.1673397779968097
1697,0.1703,1,50,1,69936,606508,4357,121899,4.803795463185908,0.1673501215666516
1698,0.1704,2,38,2,69974,606470,4359,121897,4.803494487390698,0.1673565661266916
1699,0.1705,6,66,6,70040,606404,4365,121891,4.802971739956913,0.16736487275073975
1700,0.1706,6,48,6,70088,606356,4371,121885,4.8025915600050695,0.16736904403899258
1701,0.1707,4,42,4,70130,606314,4375,121881,4.802258902547206,0.1673741236893964
1702,0.1708,4,57,4,70187,606257,4379,121877,4.801807438854391,0.16738265209425737
1703,0.1709,2,37,2,70224,606220,4381,121875,4.801514383474845,0.16738887095777336
1704,0.171,6,39,6,70263,606181,4387,121869,4.801205487263972,0.16739097589451274
1705,0.1711,8,76,8,70339,606105,4395,121861,4.800603535673552,0.1673993016157348
1706,0.1712,5,56,5,70395,606049,4400,121856,4.800159992396401,0.1674064610079612
1707,0.1713,5,55,5,70450,605994,4405,121851,4.799724369534913,0.1674133915874946
1708,0.1714,5,51,5,70501,605943,4410,121846,4.799320428336079,0.16741940315118806
1709,0.1715,4,39,4,70540,605904,4414,121842,4.799011532125206,0.16742379896282494
1710,0.1716,1,19,1,70559,605885,4415,121841,4.798861044227601,0.16742702610597945
1711,0.1717,4,46,4,70605,605839,4419,121837,4.798496705107084,0.16743303338298912
1712,0.1718,1,56,1,70661,605783,4420,121836,4.798053161829933,0.16744477535633345
1713,0.1719,0,26,0,70687,605757,4420,121836,4.7978472310226845,0.1674507588720617
1714,0.172,4,26,4,70713,605731,4424,121832,4.797641300215435,0.1674521656543832
1715,0.1721,2,26,2,70739,605705,4426,121830,4.797435369408187,0.1674558612300439
1716,0.1722,4,54,4,70793,605651,4430,121826,4.7970076669623625,0.16746371362943432
1717,0.1723,2,53,2,70846,605598,4432,121824,4.796587884932201,0.16747362603825564
1718,0.1724,4,30,4,70876,605568,4436,121820,4.796350272462298,0.1674759550611228
1719,0.1725,1,33,1,70909,605535,4437,121819,4.796088898745406,0.16748240884081203
1720,0.1726,9,162,9,71071,605373,4446,121810,4.794805791407933,0.16750941647425752
1721,0.1727,5,116,5,71187,605257,4451,121805,4.793887023190977,0.16753041693830786
1722,0.1728,1,41,1,71228,605216,4452,121804,4.793562286148777,0.1675387197050975
1723,0.1729,10,56,10,71284,605160,4462,121794,4.793118742871626,0.1675401744814665
1724,0.173,1,21,1,71305,605139,4463,121793,4.792952414142694,0.16754386930276835
1725,0.1731,6,31,6,71336,605108,4469,121787,4.7927068812571285,0.16754414323939495
1726,0.1732,17,175,17,71511,604933,4486,121770,4.791320808516031,0.1675650162446006
1727,0.1733,2,41,2,71552,604892,4488,121768,4.790996071473831,0.16757217956128037
1728,0.1734,1,15,1,71567,604877,4489,121767,4.79087726523888,0.1675744931493276
1729,0.1735,0,40,0,71607,604837,4489,121767,4.790560448612343,0.1675837182289115
1730,0.1736,1,17,1,71624,604820,4490,121766,4.790425801546065,0.16758649354653132
1731,0.1737,1,28,1,71652,604792,4491,121765,4.79020402990749,0.16759180628636156
1732,0.1738,5,39,5,71691,604753,4496,121760,4.789895133696616,0.1675950740041816
1733,0.1739,3,45,3,71736,604708,4499,121757,4.789538714991763,0.1676020179912315
1734,0.174,4,54,4,71790,604654,4503,121753,4.789111012545939,0.1676098936271264
1735,0.1741,6,50,6,71840,604604,4509,121747,4.788714991762768,0.16761455549727336
1736,0.1742,5,57,5,71897,604547,4514,121742,4.788263528069953,0.16762197968026502
1737,0.1743,0,61,0,71958,604486,4514,121742,4.787780382714485,0.16763605919903943
1738,0.1744,6,32,6,71990,604454,4520,121736,4.787526929413255,0.16763656894201243
1739,0.1745,8,57,8,72047,604397,4528,121728,4.787075465720441,0.16764055775520745
1740,0.1746,1,29,1,72076,604368,4529,121727,4.786845773666202,0.16764610691438447
1741,0.1747,4,40,4,72116,604328,4533,121723,4.786528957039666,0.16765075731594611
1742,0.1748,7,115,7,72231,604213,4540,121716,4.7856181092383725,0.1676692899718843
1743,0.1749,2,32,2,72263,604181,4542,121714,4.785364655937143,0.1676743881690878
1744,0.175,14,135,14,72398,604046,4556,121700,4.784295399822582,0.16768952222954037
1745,0.1751,3,28,3,72426,604018,4559,121697,4.784073628184007,0.16769255148370918
1746,0.1752,3,22,3,72448,603996,4562,121694,4.783899379039412,0.1676941944907605
1747,0.1753,3,62,3,72510,603934,4565,121691,4.78340831326828,0.16770508182601207
1748,0.1754,2,36,2,72546,603898,4567,121689,4.783123178304398,0.1677111083853487
1749,0.1755,4,33,4,72579,603865,4571,121685,4.782861804587505,0.16771414788780925
1750,0.1756,6,38,6,72617,603827,4577,121679,4.782560828792295,0.1677160492125496
1751,0.1757,8,182,8,72799,603645,4585,121671,4.781119313141554,0.16774895355955197
1752,0.1758,2,46,2,72845,603599,4587,121669,4.780754974021036,0.16775729799191472
1753,0.1759,2,39,2,72884,603560,4589,121667,4.780446077810163,0.167764024229655
1754,0.176,3,35,3,72919,603525,4592,121664,4.780168863261944,0.16776867823422584
1755,0.1761,4,31,4,72950,603494,4596,121660,4.779923330376378,0.16777125962209408
1756,0.1762,3,39,3,72989,603455,4599,121657,4.779614434165505,0.16777683999161508
1757,0.1763,4,26,4,73015,603429,4603,121653,4.7794085033582565,0.16777826507898416
1758,0.1764,7,100,7,73115,603329,4610,121646,4.7786164617919145,0.16779337218524776
1759,0.1765,7,84,7,73199,603245,4617,121639,4.777951146876188,0.16780477979925063
1760,0.1766,17,95,17,73294,603150,4634,121622,4.777198707388163,0.1678072552471674
1761,0.1767,2,34,2,73328,603116,4636,121620,4.7769294132556075,0.16781283115506887
1762,0.1768,3,66,3,73394,603050,4639,121617,4.776406665821822,0.16782466981385932
1763,0.1769,4,51,4,73445,602999,4643,121613,4.776002724622988,0.16783188796210938
1764,0.177,4,43,4,73488,602956,4647,121609,4.775662146749461,0.16783725407658387
1765,0.1771,7,123,7,73611,602833,4654,121602,4.774687935622861,0.16785770980143147
1766,0.1772,5,45,5,73656,602788,4659,121597,4.774331516918008,0.16786239361665412
1767,0.1773,4,49,4,73705,602739,4663,121593,4.773943416550501,0.16786915392389126
1768,0.1774,3,43,3,73748,602696,4666,121590,4.7736028386769735,0.16787567342182508
1769,0.1775,14,111,14,73859,602585,4680,121576,4.772723672538334,0.16788531832009732
1770,0.1776,6,31,6,73890,602554,4686,121570,4.772478139652769,0.1678856107517497
1771,0.1777,2,107,2,73997,602447,4688,121568,4.771630655176784,0.167908123450481
1772,0.1778,6,49,6,74046,602398,4694,121562,4.771242554809277,0.16791259185590365
1773,0.1779,3,50,3,74096,602348,4697,121559,4.770846534026106,0.1679207412001818
1774,0.178,2,42,2,74138,602306,4699,121557,4.770513876568242,0.167928185305783
1775,0.1781,6,150,6,74288,602156,4705,121551,4.76932581421873,0.16795609272813444
1776,0.1782,3,29,3,74317,602127,4708,121548,4.769096122164491,0.16795937402839672
1777,0.1783,6,78,6,74395,602049,4714,121542,4.768478329742745,0.16797058006525786
1778,0.1784,4,36,4,74431,602013,4718,121538,4.768193194778862,0.16797433767626607
1779,0.1785,1,50,1,74481,601963,4719,121537,4.7677971739956915,0.16798479612992398
1780,0.1786,1,15,1,74496,601948,4720,121536,4.76767836776074,0.16798712894825593
1781,0.1787,0,21,0,74517,601927,4720,121536,4.767512039031808,0.16799200511981954
1782,0.1788,1,19,1,74536,601908,4721,121535,4.767361551134203,0.1679952670770192
1783,0.1789,6,28,6,74564,601880,4727,121529,4.767139779495628,0.1679948687395374
1784,0.179,2,14,2,74578,601866,4729,121527,4.76702889367634,0.16799581969966532
1785,0.1791,4,37,4,74615,601829,4733,121523,4.7667358382967935,0.16799981198641878
1786,0.1792,3,44,3,74659,601785,4736,121520,4.766387340007603,0.1680065809029386
1787,0.1793,3,48,3,74707,601737,4739,121517,4.76600716005576,0.1680142799071972
1788,0.1794,7,24,7,74731,601713,4746,121510,4.765817070079838,0.16801180272198202
1789,0.1795,6,76,6,74807,601637,4752,121504,4.765215118489419,0.16802255714998873
1790,0.1796,2,30,2,74837,601607,4754,121502,4.764977506019516,0.16802722687727575
1791,0.1797,3,37,3,74874,601570,4757,121499,4.76468445063997,0.1680323731206842
1792,0.1798,2,25,2,74899,601545,4759,121497,4.764486440248384,0.16803588173301137
1793,0.1799,7,55,7,74954,601490,4766,121490,4.764050817386896,0.16804060969874685
1794,0.18,1,73,1,75027,601417,4767,121489,4.763472627043467,0.16805642780665814
1795,0.1801,3,189,3,75216,601228,4770,121486,4.761975668483082,0.1680969235409858
1796,0.1802,6,50,6,75266,601178,4776,121480,4.761579647699912,0.16810164697547111
1797,0.1803,4,49,4,75315,601129,4780,121476,4.761191547332404,0.1681084409878149
1798,0.1804,2,38,2,75353,601091,4782,121474,4.760890571537194,0.16811497927522093
1799,0.1805,6,36,6,75389,601055,4788,121468,4.760605436573312,0.1681164475040933
1800,0.1806,1,32,1,75421,601023,4789,121467,4.760351983272082,0.16812274218328283
1801,0.1807,6,162,6,75583,600861,4795,121461,4.759068875934609,0.1681535381727263
1802,0.1808,13,121,13,75704,600740,4808,121448,4.758110505639336,0.16816673774695787
1803,0.1809,5,45,5,75749,600695,4813,121443,4.757754086934482,0.1681714575330477
1804,0.181,10,92,10,75841,600603,4823,121433,4.7570254086934485,0.1681813649180927
1805,0.1811,6,36,6,75877,600567,4829,121427,4.756740273729565,0.16818283808452703
1806,0.1812,3,117,3,75994,600450,4832,121424,4.755813585096946,0.16820663993993412
1807,0.1813,1,69,1,76063,600381,4833,121423,4.75526707641617,0.16822156707361002
1808,0.1814,4,78,4,76141,600303,4837,121419,4.754649283994424,0.16823513762917022
1809,0.1815,1,51,1,76192,600252,4838,121418,4.75424534279559,0.1682458741530062
1810,0.1816,6,52,6,76244,600200,4844,121412,4.7538334811810925,0.16825108229907484
1811,0.1817,4,52,4,76296,600148,4848,121408,4.753421619566595,0.16825859669935528
1812,0.1818,8,81,8,76377,600067,4856,121400,4.752780065897858,0.16826826452214724
1813,0.1819,1,52,1,76429,600015,4857,121399,4.752368204283361,0.16827924049159013
1814,0.182,3,40,3,76469,599975,4860,121396,4.752051387656825,0.16828511265354443
1815,0.1821,7,68,7,76537,599907,4867,121389,4.751512799391712,0.1682929061023491
1816,0.1822,1,23,1,76560,599884,4868,121388,4.751330629831454,0.168297119533269
1817,0.1823,0,46,0,76606,599838,4868,121388,4.750966290710936,0.1683078535715573
1818,0.1824,8,117,8,76723,599721,4876,121380,4.750039602078317,0.16832593492451126
1819,0.1825,1,71,1,76794,599650,4877,121379,4.749477252566215,0.16834135658898602
1820,0.1826,5,53,5,76847,599597,4882,121374,4.749057470536053,0.16834796406512884
1821,0.1827,5,31,5,76878,599566,4887,121369,4.748811937650488,0.16834943510857428
1822,0.1828,4,38,4,76916,599528,4891,121365,4.7485109618552785,0.16835369465371422
1823,0.1829,3,42,3,76958,599486,4894,121362,4.748178304397415,0.16836004261647394
1824,0.183,5,61,5,77019,599425,4899,121357,4.747695159041947,0.1683685219664198
1825,0.1831,7,50,7,77069,599375,4906,121350,4.747299138258776,0.16837212529050608
1826,0.1832,2,35,2,77104,599340,4908,121348,4.747021923710556,0.168377994360944
1827,0.1833,1,35,1,77139,599305,4909,121347,4.7467447091623365,0.16838501801146738
1828,0.1834,3,26,3,77165,599279,4912,121344,4.746538778355088,0.1683876312579532
1829,0.1835,1,35,1,77200,599244,4913,121343,4.746261563806868,0.16839465602349196
1830,0.1836,4,65,4,77265,599179,4917,121339,4.745746736788747,0.16840523068125987
1831,0.1837,1,52,1,77317,599127,4918,121338,4.745334875174249,0.168416231184027
1832,0.1838,14,122,14,77439,599005,4932,121324,4.744368584463313,0.16842859304567773
1833,0.1839,2,42,2,77481,598963,4934,121322,4.7440359270054495,0.16843610515282145
1834,0.184,7,58,7,77539,598905,4941,121315,4.743576542896971,0.16844158729277164
1835,0.1841,6,61,6,77600,598844,4947,121309,4.743093397541503,0.16844892682527185
1836,0.1842,4,55,4,77655,598789,4951,121305,4.742657774680016,0.1684571736467739
1837,0.1843,7,62,7,77717,598727,4958,121298,4.742166708908884,0.16846359501406202
1838,0.1844,4,35,4,77752,598692,4962,121294,4.741889494360664,0.16846716463931244
1839,0.1845,4,49,4,77801,598643,4966,121290,4.741501393993157,0.16847401077600277
1840,0.1846,1,20,1,77821,598623,4967,121289,4.741342985679888,0.1684775361433064
1841,0.1847,2,26,2,77847,598597,4969,121287,4.74113705487264,0.16848131087786367
1842,0.1848,2,42,2,77889,598555,4971,121285,4.740804397414776,0.1684888308513003
1843,0.1849,8,112,8,78001,598443,4979,121277,4.7399173108604735,0.16850580781414995
1844,0.185,8,49,8,78050,598394,4987,121269,4.739529210492966,0.16850803778991
1845,0.1851,5,47,5,78097,598347,4992,121264,4.739156950956787,0.16851326619520823
1846,0.1852,3,46,3,78143,598301,4995,121261,4.738792611836269,0.16852057223699973
1847,0.1853,6,175,6,78318,598126,5001,121255,4.737406539095172,0.1685546323853424
1848,0.1854,2,37,2,78355,598089,5003,121253,4.737113483715626,0.16856099046072662
1849,0.1855,3,32,3,78387,598057,5006,121250,4.736860030414396,0.16856502161107845
1850,0.1856,4,82,4,78469,597975,5010,121246,4.736210556329996,0.1685796160012013
1851,0.1857,4,49,4,78518,597926,5014,121242,4.735822455962489,0.1685864777075732
1852,0.1858,4,24,4,78542,597902,5018,121238,4.735632365986567,0.1685874794893901
1853,0.1859,8,52,8,78594,597850,5026,121230,4.735220504372069,0.16859042109361963
1854,0.186,6,31,6,78625,597819,5032,121224,4.734974971486504,0.16859075187436634
1855,0.1861,3,48,3,78673,597771,5035,121221,4.73459479153466,0.1685985379531344
1856,0.1862,0,22,0,78695,597749,5035,121221,4.7344205423900645,0.1686036969553667
1857,0.1863,4,109,4,78804,597640,5039,121217,4.733557217082753,0.16862463605418046
1858,0.1864,2,72,2,78876,597568,5041,121215,4.732986947154987,0.1686392137821846
1859,0.1865,4,50,4,78926,597518,5045,121211,4.732590926371816,0.1686463187098336
1860,0.1866,5,37,5,78963,597481,5050,121206,4.732297870992269,0.16864921725312967
1861,0.1867,5,64,5,79027,597417,5055,121201,4.731790964389811,0.16865845275236635
1862,0.1868,2,19,2,79046,597398,5057,121199,4.731640476492206,0.1686605983604162
1863,0.1869,4,58,4,79104,597340,5061,121195,4.7311810923837285,0.16866958464097087
1864,0.187,2,36,2,79140,597304,5063,121193,4.730895957419845,0.16867572168011835
1865,0.1871,2,31,2,79171,597273,5065,121191,4.7306504245342795,0.16868068546231962
1866,0.1872,9,116,9,79287,597157,5074,121182,4.729731656317323,0.1686975091147773
1867,0.1873,4,64,4,79351,597093,5078,121178,4.729224749714865,0.16870791108091515
1868,0.1874,4,52,4,79403,597041,5082,121174,4.728812888100368,0.16871549605619487
1869,0.1875,5,74,5,79477,596967,5087,121169,4.728226777341275,0.16872709347533058
1870,0.1876,5,131,5,79608,596836,5092,121164,4.727189202889368,0.16875208913649026
1871,0.1877,7,215,7,79823,596621,5099,121157,4.725486313521734,0.1687945297849753
1872,0.1878,4,105,4,79928,596516,5103,121153,4.724654669877075,0.16881459279974473
1873,0.1879,7,54,7,79982,596462,5110,121146,4.7242269674312505,0.1688191881918819
1874,0.188,0,23,0,80005,596439,5110,121146,4.7240447978709925,0.1688245991764042
1875,0.1881,6,155,6,80160,596284,5116,121140,4.722817133443163,0.1688541225272642
1876,0.1882,5,30,5,80190,596254,5121,121135,4.722579520973261,0.16885539086883128
1877,0.1883,8,114,8,80304,596140,5129,121127,4.721676593587632,0.1688729580477005
1878,0.1884,1,50,1,80354,596090,5130,121126,4.721280572804461,0.16888357203408735
1879,0.1885,4,40,4,80394,596050,5134,121122,4.720963756177924,0.1688883559313526
1880,0.1886,6,70,6,80464,595980,5140,121116,4.7204093270814855,0.1688978881488671
1881,0.1887,4,36,4,80500,595944,5144,121112,4.720124192117602,0.16890173152445556
1882,0.1888,2,55,2,80555,595889,5146,121110,4.719688569256115,0.16891236947331864
1883,0.1889,1,16,1,80571,595873,5147,121109,4.7195618426055,0.1689149797344982
1884,0.189,7,84,7,80655,595789,5154,121102,4.718896527689773,0.1689266569115807
1885,0.1891,5,29,5,80684,595760,5159,121097,4.718666835635534,0.16892769408682623
1886,0.1892,7,71,7,80755,595689,5166,121090,4.718104486123432,0.16893631091312664
1887,0.1893,3,33,3,80788,595656,5169,121087,4.717843112406539,0.16894061051171758
1888,0.1894,2,26,2,80814,595630,5171,121085,4.71763718159929,0.16894442002748652
1889,0.1895,2,34,2,80848,595596,5173,121083,4.717367887466734,0.1689501157421942
1890,0.1896,2,38,2,80886,595558,5175,121081,4.717066911671525,0.1689567550747308
1891,0.1897,3,42,3,80928,595516,5178,121078,4.716734254213661,0.1689631785920619
1892,0.1898,4,78,4,81006,595438,5182,121074,4.7161164617919145,0.16897693269617256
1893,0.1899,2,39,2,81045,595399,5184,121072,4.715807565581041,0.1689838109288443
1894,0.19,10,102,10,81147,595297,5194,121062,4.714999683183374,0.16899627142256884
1895,0.1901,11,69,11,81216,595228,5205,121051,4.714453174502598,0.16899978918829114
1896,0.1902,5,27,5,81243,595201,5210,121046,4.714239323279686,0.1690003588147664
1897,0.1903,3,38,3,81281,595163,5213,121043,4.713938347484476,0.16900584468714308
1898,0.1904,4,26,4,81307,595137,5217,121039,4.713732416677227,0.16900733897812828
1899,0.1905,1,46,1,81353,595091,5218,121038,4.71336807755671,0.16901703464040696
1900,0.1906,7,41,7,81394,595050,5225,121031,4.71304334051451,0.16901858867921365
1901,0.1907,6,61,6,81455,594989,5231,121025,4.712560195159042,0.1690260246308033
1902,0.1908,8,80,8,81535,594909,5239,121017,4.711926561905969,0.16903562658710536
1903,0.1909,2,36,2,81571,594873,5241,121015,4.711641426942086,0.1690418054220772
1904,0.191,5,46,5,81617,594827,5246,121010,4.711277087821569,0.1690468640207198
1905,0.1911,0,22,0,81639,594805,5246,121010,4.7111028386769735,0.16905205954052374
1906,0.1912,2,15,2,81654,594790,5248,121008,4.710984032442022,0.16905328039474823
1907,0.1913,4,29,4,81683,594761,5252,121004,4.710754340387783,0.1690554860883111
1908,0.1914,3,56,3,81739,594705,5255,121001,4.710310797110632,0.1690652306952855
1909,0.1915,5,39,5,81778,594666,5260,120996,4.710001900899759,0.16906863854724716
1910,0.1916,0,30,0,81808,594636,5260,120996,4.709764288429857,0.16907572607150043
1911,0.1917,12,144,12,81952,594492,5272,120984,4.708623748574325,0.1690958187276722
1912,0.1918,3,75,3,82027,594417,5275,120981,4.708029717399569,0.16911006181174676
1913,0.1919,7,138,7,82165,594279,5282,120974,4.706936700038018,0.16913455798158133
1914,0.192,1,68,1,82233,594211,5283,120973,4.706398111772906,0.16914947761694893
1915,0.1921,5,36,5,82269,594175,5288,120968,4.706112976809023,0.1691521835493041
1916,0.1922,6,92,6,82361,594083,5294,120962,4.705384298567989,0.16916697550503815
1917,0.1923,2,46,2,82407,594037,5296,120960,4.705019959447472,0.16917553500224478
1918,0.1924,3,60,3,82467,593977,5299,120957,4.7045447345076665,0.16918624656261977
1919,0.1925,7,103,7,82570,593874,5306,120950,4.703728931694335,0.16920248900428636
1920,0.1926,2,29,2,82599,593845,5308,120948,4.703499239640096,0.16920702916788496
1921,0.1927,7,57,7,82656,593788,5315,120941,4.703047775947281,0.1692123867927564
1922,0.1928,5,77,5,82733,593711,5320,120936,4.702437903941199,0.16922480609307813
1923,0.1929,1,55,1,82788,593656,5321,120935,4.702002281079711,0.1692366682479908
1924,0.193,4,45,4,82833,593611,5325,120931,4.701645862374858,0.16924267572794882
1925,0.1931,5,38,5,82871,593573,5330,120926,4.701344886579648,0.1692458631852529
1926,0.1932,2,59,2,82930,593514,5332,120924,4.700877582055506,0.1692575142979517
1927,0.1933,4,60,4,82990,593454,5336,120920,4.700402357115702,0.16926707858908638
1928,0.1934,2,27,2,83017,593427,5338,120918,4.70018850589279,0.16927115049450894
1929,0.1935,12,128,12,83145,593299,5350,120906,4.699174692687873,0.16928752949083248
1930,0.1936,0,35,0,83180,593264,5350,120906,4.698897478139653,0.16929582592379966
1931,0.1937,5,59,5,83239,593205,5355,120901,4.698430173615511,0.16930399688561643
1932,0.1938,2,27,2,83266,593178,5357,120899,4.698216322392599,0.1693080718185854
1933,0.1939,7,34,7,83300,593144,5364,120892,4.697947028260043,0.16930799007332964
1934,0.194,5,82,5,83382,593062,5369,120887,4.697297554175643,0.1693216182108246
1935,0.1941,3,37,3,83419,593025,5372,120884,4.697004498796097,0.16932690300864675
1936,0.1942,10,206,10,83625,592819,5382,120874,4.695372893169433,0.1693641383620128
1937,0.1943,1,7,1,83632,592812,5383,120873,4.69531745025979,0.16936463565858886
1938,0.1944,5,39,5,83671,592773,5388,120868,4.695008554048917,0.16936807162144552
1939,0.1945,3,49,3,83720,592724,5391,120865,4.694620453681409,0.16937620955479976
1940,0.1946,8,61,8,83781,592663,5399,120857,4.694137308325941,0.16938137683596816
1941,0.1947,8,49,8,83830,592614,5407,120849,4.693749207958434,0.16938369614121546
1942,0.1948,5,41,5,83871,592573,5412,120844,4.693424470916233,0.1693876092103216
1943,0.1949,4,43,4,83914,592530,5416,120840,4.693083893042707,0.16939316203372723
1944,0.195,7,71,7,83985,592459,5423,120833,4.692521543530605,0.16940187188416525
1945,0.1951,10,68,10,84053,592391,5433,120823,4.691982955265492,0.16940637732854374
1946,0.1952,1,34,1,84087,592357,5434,120822,4.691713661132936,0.16941328894989896
1947,0.1953,7,71,7,84158,592286,5441,120815,4.691151311620834,0.16942200333473098
1948,0.1954,3,49,3,84207,592237,5444,120812,4.690763211253326,0.16943015136407175
1949,0.1955,7,63,7,84270,592174,5451,120805,4.690264225066532,0.16943696798923952
1950,0.1956,4,62,4,84332,592112,5455,120801,4.6897731592954,0.1694470433278675
1951,0.1957,5,21,5,84353,592091,5460,120796,4.689606830566468,0.16944620956757522
1952,0.1958,2,35,2,84388,592056,5462,120794,4.689329616018249,0.16945219891982885
1953,0.1959,3,37,3,84425,592019,5465,120791,4.689036560638702,0.16945749919333342
1954,0.196,6,77,6,84502,591942,5471,120785,4.688426688632619,0.16946881484776077
1955,0.1961,5,38,5,84540,591904,5476,120780,4.68812571283741,0.1694720240667673
1956,0.1962,8,47,8,84587,591857,5484,120772,4.687753453301229,0.16947387771196512
1957,0.1963,5,77,5,84664,591780,5489,120767,4.687143581295146,0.16948636370653444
1958,0.1964,3,32,3,84696,591748,5492,120764,4.686890127993917,0.169490478756849
1959,0.1965,5,65,5,84761,591683,5497,120759,4.686375300975795,0.16950011369346557
1960,0.1966,8,50,8,84811,591633,5505,120751,4.685979280192624,0.16950268394573714
1961,0.1967,6,47,6,84858,591586,5511,120745,4.685607020656444,0.16950687250730348
1962,0.1968,11,79,11,84937,591507,5522,120734,4.684981307819035,0.1695128474771882
1963,0.1969,12,155,12,85092,591352,5534,120722,4.6837536433912055,0.1695357504978415
1964,0.197,1,31,1,85123,591321,5535,120721,4.683508110505639,0.1695419652211527
1965,0.1971,3,83,3,85206,591238,5538,120718,4.682850716005576,0.16955823112664264
1966,0.1972,4,44,4,85250,591194,5542,120714,4.682502217716386,0.16956404479230464
1967,0.1973,1,16,1,85266,591178,5543,120713,4.6823754910657716,0.16956668928248847
1968,0.1974,6,71,6,85337,591107,5549,120707,4.681813141553668,0.16957660287659418
1969,0.1975,9,55,9,85392,591052,5558,120698,4.681377518692181,0.1695792061819459
1970,0.1976,10,80,10,85472,590972,5568,120688,4.6807438854391075,0.16958660034286036
1971,0.1977,5,43,5,85515,590929,5573,120683,4.680403307565581,0.16959101308016167
1972,0.1978,2,36,2,85551,590893,5575,120681,4.6801181726016985,0.16959725903419742
1973,0.1979,3,32,3,85583,590861,5578,120678,4.679864719300469,0.16960138516651935
1974,0.198,6,43,6,85626,590818,5584,120672,4.679524141426942,0.1696046325317292
1975,0.1981,2,21,2,85647,590797,5586,120670,4.679357812698011,0.16960730434440388
1976,0.1982,3,22,3,85669,590775,5589,120667,4.679183563553416,0.1696090475400665
1977,0.1983,6,68,6,85737,590707,5595,120661,4.678644975288303,0.16961825665478347
1978,0.1984,3,34,3,85771,590673,5598,120658,4.678375681155747,0.16962286193066237
1979,0.1985,11,91,11,85862,590582,5609,120647,4.677654923330376,0.16963172199108867
1980,0.1986,12,147,12,86009,590435,5621,120635,4.676490622227854,0.1696527768011588
1981,0.1987,7,73,7,86082,590362,5628,120628,4.675912431884425,0.1696620205628771
1982,0.1988,4,66,4,86148,590296,5632,120624,4.67538968445064,0.16967309964552973
1983,0.1989,4,43,4,86191,590253,5636,120620,4.675049106577113,0.16967869084913903
1984,0.199,9,177,9,86368,590076,5645,120611,4.673647193004689,0.16971043511419232
1985,0.1991,12,81,12,86449,589995,5657,120599,4.673005639335952,0.1697157589284458
1986,0.1992,3,40,3,86489,589955,5660,120596,4.672688822709416,0.1697218074423933
1987,0.1993,4,74,4,86563,589881,5664,120592,4.672102711950323,0.16973481047133387
1988,0.1994,10,35,10,86598,589846,5674,120582,4.671825497402104,0.16973148580855485
1989,0.1995,11,58,11,86656,589788,5685,120571,4.671366113293626,0.1697324873761014
1990,0.1996,1,38,1,86694,589750,5686,120570,4.671065137498416,0.16974039869354657
1991,0.1997,2,79,2,86773,589671,5688,120568,4.670439424661006,0.16975694097339064
1992,0.1998,2,47,2,86820,589624,5690,120566,4.670067165124825,0.1697658373111421
1993,0.1999,0,42,0,86862,589582,5690,120566,4.669734507666963,0.16977587770436586
1994,0.2,4,87,4,86949,589495,5694,120562,4.669045431504245,0.16979200261387467
1995,0.2001,6,141,6,87090,589354,5700,120556,4.667928652895704,0.16981870941386937
1996,0.2002,10,77,10,87167,589277,5710,120546,4.667318780889621,0.16982543535501105
1997,0.2003,1,31,1,87198,589246,5711,120545,4.667073248004055,0.1698316828474861
1998,0.2004,7,81,7,87279,589165,5718,120538,4.666431694335318,0.1698428779362635
1999,0.2005,6,73,6,87352,589092,5724,120532,4.665853503991889,0.16985333077798948
2000,0.2006,3,40,3,87392,589052,5727,120529,4.6655366873653525,0.1698593958970153
2001,0.2007,2,42,2,87434,589010,5729,120527,4.66520402990749,0.1698671105241869
2002,0.2008,7,124,7,87558,588886,5736,120520,4.664221898365226,0.1698886110351477
2003,0.2009,6,52,6,87610,588834,5742,120514,4.6638100367507285,0.16989404354421242
2004,0.201,6,113,6,87723,588721,5748,120508,4.662915029780763,0.16991408980738237
2005,0.2011,5,43,5,87766,588678,5753,120503,4.662574451907236,0.16991853983679767
2006,0.2012,8,55,8,87821,588623,5761,120495,4.662138829045748,0.16992235424851718
2007,0.2013,4,32,4,87853,588591,5765,120491,4.661885375744519,0.16992534008760624
2008,0.2014,5,56,5,87909,588535,5770,120486,4.661441832467368,0.16993290748793055
2009,0.2015,4,38,4,87947,588497,5774,120482,4.661140856672158,0.16993733241746228
2010,0.2016,4,53,4,88000,588444,5778,120478,4.660721074641997,0.16994535364962576
2011,0.2017,7,105,7,88105,588339,5785,120471,4.659889430997339,0.1699623312312185
2012,0.2018,1,26,1,88131,588313,5786,120470,4.65968350019009,0.16996739481618492
2013,0.2019,5,151,5,88282,588162,5791,120465,4.6584875174249145,0.16999775622436064
2014,0.202,7,74,7,88356,588088,5798,120458,4.657901406665822,0.17000731074623243
2015,0.2021,1,38,1,88394,588050,5799,120457,4.6576004308706125,0.17001525743570636
2016,0.2022,0,35,0,88429,588015,5799,120457,4.657323216322393,0.17002365654535395
2017,0.2023,4,20,4,88449,587995,5803,120453,4.657164808009124,0.17002377026965987
2018,0.2024,0,44,0,88493,587951,5803,120453,4.656816309719934,0.1700343306926556
2019,0.2025,7,66,7,88559,587885,5810,120446,4.656293562286149,0.17004197190296627
2020,0.2026,0,25,0,88584,587860,5810,120446,4.6560955518945635,0.17004797361592305
2021,0.2027,1,51,1,88635,587809,5811,120445,4.65569161069573,0.1700590466132207
2022,0.2028,2,47,2,88682,587762,5813,120443,4.655319351159549,0.17006798878855697
2023,0.2029,2,39,2,88721,587723,5815,120441,4.655010454948676,0.17007501087318758
2024,0.203,5,77,5,88798,587646,5820,120436,4.654400582942593,0.17008764521623201
2025,0.2031,7,59,7,88857,587587,5827,120429,4.653933278418451,0.17009361370364512
2026,0.2032,7,107,7,88964,587480,5834,120422,4.653085793942466,0.1701111170755274
2027,0.2033,5,64,5,89028,587416,5839,120417,4.652578887340008,0.17012063579968723
2028,0.2034,2,14,2,89042,587402,5841,120415,4.652468001520719,0.17012165573870083
2029,0.2035,9,69,9,89111,587333,5850,120406,4.651921492839945,0.1701276883144775
2030,0.2036,0,18,0,89129,587315,5850,120406,4.651778925358003,0.17013201529981448
2031,0.2037,5,51,5,89180,587264,5855,120401,4.651374984159169,0.1701384129496301
2032,0.2038,6,45,6,89225,587219,5861,120395,4.651018565454315,0.17014219616909784
2033,0.2039,7,104,7,89329,587115,5868,120388,4.65019484222532,0.170158995792244
2034,0.204,1,21,1,89350,587094,5869,120387,4.650028513496388,0.17016287363194205
2035,0.2041,5,45,5,89395,587049,5874,120382,4.649672094791534,0.17016783262254553
2036,0.2042,11,124,11,89519,586925,5885,120371,4.6486899632492715,0.17018475998733204
2037,0.2043,3,43,3,89562,586882,5888,120368,4.648349385375744,0.17019158713326263
2038,0.2044,3,51,3,89613,586831,5891,120365,4.64794544417691,0.17020034049966346
2039,0.2045,2,98,2,89711,586733,5893,120363,4.647169243441896,0.17022158235939674
2040,0.2046,4,32,4,89743,586701,5897,120359,4.646915790140667,0.17022459197239273
2041,0.2047,3,33,3,89776,586668,5900,120356,4.6466544164237735,0.17022901627101766
2042,0.2048,7,76,7,89852,586592,5907,120349,4.646052464833354,0.17023910057557845
2043,0.2049,5,49,5,89901,586543,5912,120344,4.645664364465847,0.17024503209140923
2044,0.205,9,73,9,89974,586470,5921,120335,4.645086174122418,0.1702520497166828
2045,0.2051,2,108,2,90082,586362,5923,120333,4.644230769230769,0.17027572007726105
2046,0.2052,6,30,6,90112,586332,5929,120327,4.6439931567608665,0.17027590393669365
2047,0.2053,13,113,13,90225,586219,5942,120314,4.643098149790901,0.17028787048871036
2048,0.2054,9,78,9,90303,586141,5951,120305,4.642480357369155,0.17029610189596942
2049,0.2055,4,59,4,90362,586082,5955,120301,4.642013052845013,0.1703056274004329
2050,0.2056,10,144,10,90506,585938,5965,120291,4.640872512989482,0.1703286044611592
2051,0.2057,4,40,4,90546,585898,5969,120287,4.640555696362945,0.17033355282256066
2052,0.2058,7,103,7,90649,585795,5976,120280,4.6397398935496135,0.17035017526466736
2053,0.2059,2,44,2,90693,585751,5978,120278,4.639391395260423,0.17035844136713932
2054,0.206,7,102,7,90795,585649,5985,120271,4.638583512862755,0.17037483000906617
2055,0.2061,7,46,7,90841,585603,5992,120264,4.638219173742238,0.1703777057150993
2056,0.2062,5,43,5,90884,585560,5997,120259,4.637878595868711,0.17038220846987684
2057,0.2063,0,45,0,90929,585515,5997,120259,4.6375221771638575,0.17039307200321915
2058,0.2064,2,35,2,90964,585480,5999,120257,4.637244962615638,0.1703991713627031
2059,0.2065,3,128,3,91092,585352,6002,120254,4.636231149410721,0.17042655532974493
2060,0.2066,3,41,3,91133,585311,6005,120251,4.635906412368521,0.1704329314787361
2061,0.2067,4,72,4,91205,585239,6009,120247,4.635336142440755,0.17044562188335416
2062,0.2068,3,33,3,91238,585206,6012,120244,4.635074768723863,0.17045006733290807
2063,0.2069,3,39,3,91277,585167,6015,120241,4.63476587251299,0.1704559630738523
2064,0.207,3,39,3,91316,585128,6018,120238,4.634456976302117,0.1704618595169033
2065,0.2071,4,54,4,91370,585074,6022,120234,4.634029273856292,0.17047020592422035
2066,0.2072,7,74,7,91444,585000,6029,120227,4.6334431630971995,0.17047985967638787
2067,0.2073,4,42,4,91486,584958,6033,120223,4.633110505639336,0.1704853080273008
2068,0.2074,5,57,5,91543,584901,6038,120218,4.632659041946521,0.1704932075295092
2069,0.2075,1,53,1,91596,584848,6039,120217,4.632239259916361,0.17050484707083743
2070,0.2076,5,25,5,91621,584823,6044,120212,4.632041249524775,0.17050501038955512
2071,0.2077,3,129,3,91750,584694,6047,120209,4.631019515904194,0.17053268322024448
2072,0.2078,1,50,1,91800,584644,6048,120208,4.630623495121024,0.17054360347987946
2073,0.2079,12,56,12,91856,584588,6060,120196,4.630179951843873,0.1705430316238734
2074,0.208,8,37,8,91893,584551,6068,120188,4.629886896464327,0.170542569660541
2075,0.2081,2,38,2,91931,584513,6070,120186,4.629585920669117,0.17054941187656006
2076,0.2082,5,65,5,91996,584448,6075,120181,4.629071093650995,0.1705592588440158
2077,0.2083,2,30,2,92026,584418,6077,120179,4.6288334811810925,0.17056416646678882
2078,0.2084,7,67,7,92093,584351,6084,120172,4.6283028133316435,0.17057214597678144
2079,0.2085,1,11,1,92104,584340,6085,120171,4.628215688759346,0.17057363192341923
2080,0.2086,2,18,2,92122,584322,6087,120169,4.628073121277405,0.17057563545879223
2081,0.2087,8,102,8,92224,584220,6095,120161,4.627265238879737,0.17059091599574663
2082,0.2088,7,109,7,92333,584111,6102,120154,4.626401913572424,0.17060907470909387
2083,0.2089,5,47,5,92380,584064,6107,120149,4.626029654036244,0.17061457257960305
2084,0.209,4,59,4,92439,584005,6111,120145,4.625562349512102,0.17062415678477597
2085,0.2091,2,56,2,92495,583949,6113,120143,4.625118806234951,0.1706353715139499
2086,0.2092,3,82,3,92577,583867,6116,120140,4.624469332150551,0.1706517122699064
2087,0.2093,0,10,0,92587,583857,6116,120140,4.624390127993917,0.17065413631023996
2088,0.2094,2,27,2,92614,583830,6118,120138,4.624176276771005,0.1706583253784263
2089,0.2095,5,31,5,92645,583799,6123,120133,4.623930743885439,0.17065995010881732
2090,0.2096,7,49,7,92694,583750,6130,120126,4.623542643517932,0.17066358279015054
2091,0.2097,8,59,8,92753,583691,6138,120118,4.62307533899379,0.17066846260846338
2092,0.2098,3,18,3,92771,583673,6141,120115,4.622932771511849,0.17066929245738774
2093,0.2099,8,87,8,92858,583586,6149,120107,4.622243695349132,0.1706809645683558
2094,0.21,7,59,7,92917,583527,6156,120100,4.621776390824991,0.17068702593845886
2095,0.2101,2,43,2,92960,583484,6158,120098,4.621435812951463,0.1706951002157531
2096,0.2102,3,44,3,93004,583440,6161,120095,4.621087314662273,0.170702239405289
2097,0.2103,12,154,12,93158,583286,6173,120083,4.619867570650108,0.17072546558065538
2098,0.2104,9,96,9,93254,583190,6182,120074,4.61910721074642,0.17073815807435044
2099,0.2105,6,29,6,93283,583161,6188,120068,4.618877518692181,0.1707381237121905
2100,0.2106,10,50,10,93333,583111,6198,120058,4.61848149790901,0.1707384711214516
2101,0.2107,5,51,5,93384,583060,6203,120053,4.618077556710176,0.17074495849173604
2102,0.2108,4,33,4,93417,583027,6207,120049,4.617816182993283,0.1707482548117131
2103,0.2109,3,41,3,93458,582986,6210,120046,4.617491445951083,0.17075467404044198
2104,0.211,4,47,4,93505,582939,6214,120042,4.617119186414903,0.17076137192897106
2105,0.2111,6,32,6,93537,582907,6220,120036,4.6168657331136735,0.17076206747915548
2106,0.2112,2,77,2,93614,582830,6222,120034,4.616255861107591,0.1707784151699333
2107,0.2113,4,59,4,93673,582771,6226,120030,4.61578855658345,0.1707880324586903
2108,0.2114,2,59,2,93732,582712,6228,120028,4.615321252059308,0.17080001138401116
2109,0.2115,8,122,8,93854,582590,6236,120020,4.614354961348371,0.1708202274376966
2110,0.2116,5,36,5,93890,582554,6241,120015,4.614069826384489,0.17082307929897278
2111,0.2117,6,36,6,93926,582518,6247,120009,4.613784691420606,0.1708247512195261
2112,0.2118,6,58,6,93984,582460,6253,120003,4.613325307312127,0.17083177334606947
2113,0.2119,10,63,10,94047,582397,6263,119993,4.612826321125333,0.17083529093523542
2114,0.212,4,46,4,94093,582351,6267,119989,4.612461982004816,0.17084175755332176
2115,0.2121,8,58,8,94151,582293,6275,119981,4.612002597896337,0.17084642176700263
2116,0.2122,7,84,7,94235,582209,6282,119974,4.611337282980611,0.17085859384234595
2117,0.2123,2,61,2,94296,582148,6284,119972,4.610854137625142,0.1708710761693158
2118,0.2124,3,77,3,94373,582071,6287,119969,4.61024426561906,0.17088627428636544
2119,0.2125,5,59,5,94432,582012,6292,119964,4.609776961094918,0.17089473144381004
2120,0.2126,3,26,3,94458,581986,6295,119961,4.609571030287669,0.17089751790377336
2121,0.2127,6,90,6,94548,581896,6301,119955,4.608858192877962,0.17091234464295127
2122,0.2128,6,77,6,94625,581819,6307,119949,4.608248320871879,0.17092400907422395
2123,0.2129,10,119,10,94744,581700,6317,119939,4.607305791407933,0.17094118200385097
2124,0.213,2,51,2,94795,581649,6319,119937,4.606901850209099,0.17095124475117804
2125,0.2131,9,75,9,94870,581574,6328,119928,4.606307819034343,0.17095888536312084
2126,0.2132,6,38,6,94908,581536,6334,119922,4.6060068432391335,0.17096105540174894
2127,0.2133,6,86,6,94994,581450,6340,119916,4.60532568749208,0.17097492607283502
2128,0.2134,4,23,4,95017,581427,6344,119912,4.605143517931821,0.17097580485328778
2129,0.2135,9,59,9,95076,581368,6353,119903,4.6046762134076795,0.17097954998852083
2130,0.2136,14,137,14,95213,581231,6367,119889,4.603591116461792,0.17099640575079872
2131,0.2137,8,99,8,95312,581132,6375,119881,4.602806995311114,0.17101109394547603
2132,0.2138,6,58,6,95370,581074,6381,119875,4.602347611202636,0.17101814825329661
2133,0.2139,7,58,7,95428,581016,6388,119868,4.6018882270941575,0.1710240210933621
2134,0.214,11,50,11,95478,580966,6399,119857,4.601492206310987,0.1710232112815932
2135,0.2141,3,24,3,95502,580942,6402,119854,4.601302116335066,0.17102551955205222
2136,0.2142,5,74,5,95576,580868,6407,119849,4.600716005575973,0.17103766570527046
2137,0.2143,9,86,9,95662,580782,6416,119840,4.600034849828919,0.171048011623957
2138,0.2144,2,42,2,95704,580740,6418,119838,4.599702192371056,0.17105589955722275
2139,0.2145,9,74,9,95778,580666,6427,119829,4.599116081611963,0.17106331950977524
2140,0.2146,8,69,8,95847,580597,6435,119821,4.598569572931187,0.17107070349419917
2141,0.2147,2,61,2,95908,580536,6437,119819,4.598086427575719,0.1710832363587038
2142,0.2148,3,37,3,95945,580499,6440,119816,4.597793372196173,0.1710887243597524
2143,0.2149,5,62,5,96007,580437,6445,119811,4.597302306425041,0.17109795386777257
2144,0.215,5,37,5,96044,580400,6450,119806,4.5970092510454945,0.17110107596907195
2145,0.2151,8,72,8,96116,580328,6458,119798,4.596438981117729,0.1711092003439381
2146,0.2152,7,109,7,96225,580219,6465,119791,4.595575655810417,0.17112755532063828
2147,0.2153,5,54,5,96279,580165,6470,119786,4.5951479533645925,0.17113483658141784
2148,0.2154,18,160,18,96439,580005,6488,119768,4.593880686858446,0.17115264521494827
2149,0.2155,15,135,15,96574,579870,6503,119753,4.592811430743885,0.17116790042637248
2150,0.2156,1,38,1,96612,579832,6504,119752,4.592510454948676,0.17117601317354314
2151,0.2157,3,52,3,96664,579780,6507,119749,4.592098593334178,0.17118518317324943
2152,0.2158,4,40,4,96704,579740,6511,119745,4.591781776707641,0.17119023281414184
2153,0.2159,10,101,10,96805,579639,6521,119735,4.5909818147256365,0.1712031044905873
2154,0.216,9,128,9,96933,579511,6530,119726,4.589968001520719,0.17122377677382633
2155,0.2161,5,60,5,96993,579451,6535,119721,4.589492776580915,0.171232543637331
2156,0.2162,14,110,14,97103,579341,6549,119707,4.58862153085794,0.17124289033084997
2157,0.2163,3,58,3,97161,579283,6552,119704,4.588162146749461,0.1712535426266869
2158,0.2164,6,82,6,97243,579201,6558,119698,4.587512672665062,0.17126652062744402
2159,0.2165,2,33,2,97276,579168,6560,119696,4.587251298948169,0.171272236085991
2160,0.2166,5,68,5,97344,579100,6565,119691,4.586712710683057,0.1712829730205455
2161,0.2167,7,81,7,97425,579019,6572,119684,4.58607115701432,0.17129452714529636
2162,0.2168,5,70,5,97495,578949,6577,119679,4.585516727917881,0.17130575928820488
2163,0.2169,3,28,3,97523,578921,6580,119676,4.585294956279306,0.17130906660062956
2164,0.217,4,55,4,97578,578866,6584,119672,4.584859333417818,0.17131780948208974
2165,0.2171,7,88,7,97666,578778,6591,119665,4.584162336839437,0.17133108929433039
2166,0.2172,5,82,5,97748,578696,6596,119660,4.583512862755037,0.1713452737572241
2167,0.2173,8,46,8,97794,578650,6604,119652,4.58314852363452,0.17134706760112386
2168,0.2174,3,49,3,97843,578601,6607,119649,4.582760423267013,0.17135553168635875
2169,0.2175,5,55,5,97898,578546,6612,119644,4.582324800405526,0.17136309600538535
2170,0.2176,3,71,3,97969,578475,6615,119641,4.5817624508934225,0.1713769631407961
2171,0.2177,11,90,11,98059,578385,6626,119630,4.5810496134837155,0.17138600173348711
2172,0.2178,2,37,2,98096,578348,6628,119628,4.580756558104169,0.17139271264341469
2173,0.2179,6,100,6,98196,578248,6634,119622,4.579964516537828,0.17141014802183788
2174,0.218,3,47,3,98243,578201,6637,119619,4.579592257001647,0.17141813075005016
2175,0.2181,5,109,5,98352,578092,6642,119614,4.578728931694335,0.1714389728624951
2176,0.2182,8,74,8,98426,578018,6650,119606,4.578142820935243,0.1714476566173182
2177,0.2183,5,56,5,98482,577962,6655,119601,4.577699277658091,0.17145548144038603
2178,0.2184,5,40,5,98522,577922,6660,119596,4.577382461031555,0.17145937452510185
2179,0.2185,5,36,5,98558,577886,6665,119591,4.577097326067672,0.1714622847778493
2180,0.2186,12,222,12,98780,577664,6677,119579,4.575338993790394,0.17150261816898843
2181,0.2187,11,84,11,98864,577580,6688,119568,4.574673678874667,0.1715102101705807
2182,0.2188,4,101,4,98965,577479,6692,119564,4.573873716892662,0.17153030731246136
2183,0.2189,2,24,2,98989,577455,6694,119562,4.573683626916741,0.1715338363339775
2184,0.219,9,92,9,99081,577363,6703,119553,4.572954948675706,0.17154578170109452
2185,0.2191,2,36,2,99117,577327,6705,119551,4.572669813711824,0.17155226596333936
2186,0.2192,3,32,3,99149,577295,6708,119548,4.572416360410594,0.1715565773065095
2187,0.2193,5,64,5,99213,577231,6713,119543,4.571909453808136,0.1715663902499232
2188,0.2194,5,67,5,99280,577164,6718,119538,4.571378785958687,0.1715769439444698
2189,0.2195,7,45,7,99325,577119,6725,119531,4.571022367253834,0.17157970286370489
2190,0.2196,3,50,3,99375,577069,6728,119528,4.570626346470663,0.17158845071109982
2191,0.2197,4,40,4,99415,577029,6732,119524,4.570309529844126,0.17159354708112665
2192,0.2198,5,111,5,99526,576918,6737,119519,4.569430363705488,0.1716149486601085
2193,0.2199,3,57,3,99583,576861,6740,119516,4.568978900012673,0.17162542703162223
2194,0.22,6,45,6,99628,576816,6746,119510,4.568622481307819,0.1716293804913216
2195,0.2201,4,26,4,99654,576790,6750,119506,4.5684165505005705,0.17163103048128955
2196,0.2202,4,39,4,99693,576751,6754,119502,4.5681076542896975,0.17163588523137424
2197,0.2203,1,67,1,99760,576684,6755,119501,4.5675769864402485,0.1716512133987374
2198,0.2204,4,74,4,99834,576610,6759,119497,4.566990875681156,0.1716647009726953
2199,0.2205,4,55,4,99889,576555,6763,119493,4.566555252819668,0.17167350527549824
2200,0.2206,13,91,13,99980,576464,6776,119480,4.565834494994298,0.1716804800386238
2201,0.2207,5,40,5,100020,576424,6781,119475,4.565517678367761,0.17168439672998526
2202,0.2208,5,33,5,100053,576391,6786,119470,4.565256304650868,0.17168658683271515
2203,0.2209,3,35,3,100088,576356,6789,119467,4.564979090102649,0.1716916514688362
2204,0.221,2,16,2,100104,576340,6791,119465,4.564852363452034,0.1716932186460287
2205,0.2211,7,68,7,100172,576272,6798,119458,4.564313775186922,0.17170166587613012
2206,0.2212,2,51,2,100223,576221,6800,119456,4.563909833988088,0.17171187203256683
2207,0.2213,4,28,4,100251,576193,6804,119452,4.563688062349512,0.1717140208008395
2208,0.2214,4,114,4,100365,576079,6808,119448,4.562785134963883,0.17173740199877216
2209,0.2215,9,78,9,100443,576001,6817,119439,4.5621673425421365,0.17174594501322904
2210,0.2216,11,136,11,100579,575865,6828,119428,4.561090166011912,0.17176643515755227
2211,0.2217,7,81,7,100660,575784,6835,119421,4.560448612343175,0.17177810861544437
2212,0.2218,3,104,3,100764,575680,6838,119418,4.559624889114181,0.17180023536249564
2213,0.2219,21,263,21,101027,575417,6859,119397,4.557541819794703,0.17184023350133992
2214,0.222,5,43,5,101070,575374,6864,119392,4.557201241921176,0.17184490893336749
2215,0.2221,5,51,5,101121,575323,6869,119387,4.556797300722342,0.17185156396194096
2216,0.2222,6,49,6,101170,575274,6875,119381,4.556409200354834,0.17185653309916432
2217,0.2223,12,92,12,101262,575182,6887,119369,4.555680522113801,0.1718649890360823
2218,0.2224,11,54,11,101316,575128,6898,119358,4.5552528196679765,0.17186523558430264
2219,0.2225,3,38,3,101354,575090,6901,119355,4.554951843872766,0.17187106250314999
2220,0.2226,0,23,0,101377,575067,6901,119355,4.554769674312508,0.17187675505672342
2221,0.2227,4,48,4,101425,575019,6905,119351,4.554389494360664,0.1718838659504299
2222,0.2228,4,150,4,101575,574869,6909,119347,4.553201432011152,0.17191623356419328
2223,0.2229,12,53,12,101628,574816,6921,119335,4.552781649980991,0.17191504442117062
2224,0.223,2,41,2,101669,574775,6923,119333,4.552456912938791,0.17192281316452196
2225,0.2231,10,165,10,101834,574610,6933,119323,4.551150044354328,0.1719517590314915
2226,0.2232,6,43,6,101877,574567,6939,119317,4.550809466480801,0.17195525476880863
2227,0.2233,8,75,8,101952,574492,6947,119309,4.550215435306045,0.17196429523739515
2228,0.2234,8,79,8,102031,574413,6955,119301,4.549589722468635,0.1719743294787189
2229,0.2235,14,144,14,102175,574269,6969,119287,4.548449182613104,0.17199332137563514
2230,0.2236,6,57,6,102232,574212,6975,119281,4.547997718920289,0.17200029416302687
2231,0.2237,11,83,11,102315,574129,6986,119270,4.547340324420226,0.1720077473431603
2232,0.2238,8,81,8,102396,574048,6994,119262,4.546698770751489,0.17201828907703626
2233,0.2239,7,54,7,102450,573994,7001,119255,4.546271068305665,0.17202332783747254
2234,0.224,4,51,4,102501,573943,7005,119251,4.54586712710683,0.17203120627126028
2235,0.2241,10,75,10,102576,573868,7015,119241,4.545273095932075,0.17203787571651788
2236,0.2242,5,69,5,102645,573799,7020,119236,4.544726587251299,0.17204903071273456
2237,0.2243,2,59,2,102704,573740,7022,119234,4.5442592827271575,0.17206128945674729
2238,0.2244,3,50,3,102754,573690,7025,119231,4.5438632619439865,0.1720701205476526
2239,0.2245,4,57,4,102811,573633,7029,119227,4.543411798251173,0.17207949657939556
2240,0.2246,2,38,2,102849,573595,7031,119225,4.543110822455962,0.17208654484570307
2241,0.2247,3,40,3,102889,573555,7034,119222,4.542794005829426,0.1720928956937081
2242,0.2248,2,30,2,102919,573525,7036,119220,4.542556393359524,0.1720979581231189
2243,0.2249,4,34,4,102953,573491,7040,119216,4.542287099226967,0.17210162449635993
2244,0.225,15,131,15,103084,573360,7055,119201,4.54124952477506,0.17211624679992088
2245,0.2251,7,124,7,103208,573236,7062,119194,4.540267393232797,0.17213869994078823
2246,0.2252,8,85,8,103293,573151,7070,119186,4.539594157901407,0.17215026786088278
2247,0.2253,12,104,12,103397,573047,7082,119174,4.538770434672411,0.17216178070298357
2248,0.2254,2,35,2,103432,573012,7084,119172,4.5384932201241925,0.17216809403280053
2249,0.2255,5,74,5,103506,572938,7089,119167,4.5379071093651,0.17218052174164325
2250,0.2256,3,24,3,103530,572914,7092,119164,4.537717019389177,0.17218290423911756
2251,0.2257,2,44,2,103574,572870,7094,119162,4.537368521099987,0.1721914593544807
2252,0.2258,7,51,7,103625,572819,7101,119155,4.536964579901153,0.17219577614187817
2253,0.2259,6,89,6,103714,572730,7107,119149,4.536259662907109,0.17221074783307486
2254,0.226,1,20,1,103734,572710,7108,119148,4.5361012545938415,0.17221452957109695
2255,0.2261,3,37,3,103771,572673,7111,119145,4.535808199214295,0.17222015038637328
2256,0.2262,12,144,12,103915,572529,7123,119133,4.534667659358763,0.17224164404000797
2257,0.2263,7,60,7,103975,572469,7130,119126,4.534192434418959,0.1722482088505556
2258,0.2264,4,64,4,104039,572405,7134,119122,4.5336855278165,0.17225936225194388
2259,0.2265,8,63,8,104102,572342,7142,119114,4.533186541629704,0.17226548037763792
2260,0.2266,10,114,10,104216,572228,7152,119104,4.532283614244076,0.17228191375489635
2261,0.2267,5,123,5,104339,572105,7157,119099,4.531309403117476,0.1723065838739359
2262,0.2268,11,157,11,104496,571948,7168,119088,4.53006589785832,0.1723325557568636
2263,0.2269,7,54,7,104550,571894,7175,119081,4.529638195412495,0.17233763884366293
2264,0.227,6,55,6,104605,571839,7181,119075,4.529202572551007,0.1723441701861592
2265,0.2271,5,66,5,104671,571773,7186,119070,4.528679825117222,0.17235464497722347
2266,0.2272,9,106,9,104777,571667,7195,119061,4.5278402610569,0.17237031074460568
2267,0.2273,19,212,19,104989,571455,7214,119042,4.526161132936257,0.1724004593792587
2268,0.2274,13,150,13,105139,571305,7227,119029,4.524973070586745,0.17242233469595877
2269,0.2275,5,99,5,105238,571206,7232,119024,4.524188949436066,0.1724410703678484
2270,0.2276,6,72,6,105310,571134,7238,119018,4.5236186795083,0.17245186567596704
2271,0.2277,3,63,3,105373,571071,7241,119015,4.523119693321505,0.1724640117318711
2272,0.2278,4,72,4,105445,570999,7245,119011,4.522549423393739,0.1724772104752105
2273,0.2279,8,101,8,105546,570898,7253,119003,4.521749461411735,0.17249286491829988
2274,0.228,4,63,4,105609,570835,7257,118999,4.52125047522494,0.17250381975953635
2275,0.2281,4,56,4,105665,570779,7261,118995,4.520806931947789,0.17251302600561924
2276,0.2282,14,134,14,105799,570645,7275,118981,4.5197455962488915,0.17252974800834076
2277,0.2283,3,104,3,105903,570541,7278,118978,4.518921873019896,0.17255217042605062
2278,0.2284,9,102,9,106005,570439,7287,118969,4.518113990622228,0.17256689797623467
2279,0.2285,4,31,4,106036,570408,7291,118965,4.517868457736662,0.17256985695697394
2280,0.2286,4,35,4,106071,570373,7295,118961,4.517591243188442,0.17257381762686883
2281,0.2287,8,76,8,106147,570297,7303,118953,4.516989291598023,0.17258324265505984
2282,0.2288,8,77,8,106224,570220,7311,118945,4.5163794195919404,0.17259292041818722
2283,0.2289,8,83,8,106307,570137,7319,118937,4.515722025091877,0.1726041034780009
2284,0.229,5,77,5,106384,570060,7324,118932,4.515112153085794,0.1726173888811481
2285,0.2291,5,55,5,106439,570005,7329,118927,4.514676530224306,0.1726251647477545
2286,0.2292,8,56,8,106495,569949,7337,118919,4.514232986947155,0.1726295894133564
2287,0.2293,3,7,3,106502,569942,7340,118916,4.514177544037511,0.1726277404051343
2288,0.2294,5,59,5,106561,569883,7345,118911,4.51371023951337,0.17263652122405249
2289,0.2295,10,81,10,106642,569802,7355,118901,4.513068685844633,0.1726448120597703
2290,0.2296,5,82,5,106724,569720,7360,118896,4.512419211760233,0.1726593631283618
2291,0.2297,10,72,10,106796,569648,7370,118886,4.511848941832468,0.17266540214426593
2292,0.2298,4,67,4,106863,569581,7374,118882,4.511318273983019,0.1726773987854104
2293,0.2299,4,52,4,106915,569529,7378,118878,4.510906412368521,0.17268563509667972
2294,0.23,11,121,11,107036,569408,7389,118867,4.509948042073248,0.17270277142130688
2295,0.2301,7,98,7,107134,569310,7396,118860,4.509171841338233,0.17271895025938358
2296,0.2302,2,36,2,107170,569274,7398,118858,4.5088867063743505,0.17272558171978633
2297,0.2303,4,14,4,107184,569260,7402,118854,4.508775820555063,0.17272428696407863
2298,0.2304,3,74,3,107258,569186,7405,118851,4.50818970979597,0.1727392567550873
2299,0.2305,2,39,2,107297,569147,7407,118849,4.507880813585097,0.1727466438758365
2300,0.2306,10,57,10,107354,569090,7417,118839,4.507429349892282,0.17274893193919721
2301,0.2307,3,78,3,107432,569012,7420,118836,4.506811557470536,0.17276491317849293
2302,0.2308,7,86,7,107518,568926,7427,118829,4.506130401723483,0.17277809685134968
2303,0.2309,1,27,1,107545,568899,7428,118828,4.5059165505005705,0.1727836772440227
2304,0.231,6,56,6,107601,568843,7434,118822,4.5054730072234195,0.17279053027273455
2305,0.2311,5,63,5,107664,568780,7439,118817,4.504974021036624,0.17280034671471806
2306,0.2312,3,34,3,107698,568746,7442,118814,4.504704726904068,0.17280528244807725
2307,0.2313,3,49,3,107747,568697,7445,118811,4.504316626536561,0.1728139890735817
2308,0.2314,6,123,6,107870,568574,7451,118805,4.503342415409961,0.17283769216109307
2309,0.2315,10,105,10,107975,568469,7461,118795,4.502510771765302,0.1728520626716953
2310,0.2316,22,199,22,108174,568270,7483,118773,4.500934609048283,0.17287564242703876
2311,0.2317,5,46,5,108220,568224,7488,118768,4.500570269927766,0.17288119803432936
2312,0.2318,9,60,9,108280,568164,7497,118759,4.500095044987961,0.1728854616893014
2313,0.2319,5,37,5,108317,568127,7502,118754,4.4998019896084145,0.17288875365601902
2314,0.232,2,52,2,108369,568075,7504,118752,4.499390127993917,0.1728994346465704
2315,0.2321,3,92,3,108461,567983,7507,118749,4.498661449752883,0.17291898440730882
2316,0.2322,6,35,6,108496,567948,7513,118743,4.4983842352046635,0.17292057126130966
2317,0.2323,0,23,0,108519,567925,7513,118743,4.498202065644405,0.17292636324978009
2318,0.2324,9,52,9,108571,567873,7522,118734,4.497790204029908,0.17292861855471908
2319,0.2325,2,31,2,108602,567842,7524,118732,4.497544671144341,0.17293401730913202
2320,0.2326,6,43,6,108645,567799,7530,118726,4.497204093270815,0.17293762062561452
2321,0.2327,3,45,3,108690,567754,7533,118723,4.496847674565961,0.1729453426698928
2322,0.2328,3,29,3,108719,567725,7536,118720,4.496617982511722,0.17294903451842464
2323,0.2329,9,57,9,108776,567668,7545,118711,4.4961665188189075,0.1729525524527994
2324,0.233,2,40,2,108816,567628,7547,118709,4.495849702192371,0.17296022216491316
2325,0.2331,6,77,6,108893,567551,7553,118703,4.495239830186288,0.17297239797509378
2326,0.2332,8,44,8,108937,567507,7561,118695,4.494891331897098,0.17297384735107155
2327,0.2333,12,147,12,109084,567360,7573,118683,4.4937270307945765,0.17299644482925997
2328,0.2334,6,42,6,109126,567318,7579,118677,4.493394373336713,0.1729998032055627
2329,0.2335,5,54,5,109180,567264,7584,118672,4.492966670890889,0.1730073942758508
2330,0.2336,16,158,16,109338,567106,7600,118656,4.491715245216069,0.17302796013777375
2331,0.2337,9,73,9,109411,567033,7609,118647,4.49113705487264,0.17303552677633882
2332,0.2338,26,207,26,109618,566826,7635,118621,4.489497528830313,0.17305641428148347
2333,0.2339,4,56,4,109674,566770,7639,118617,4.489053985553162,0.17306572782967872
2334,0.234,3,44,3,109718,566726,7642,118614,4.488705487263972,0.1730732191321096
2335,0.2341,3,48,3,109766,566678,7645,118611,4.488325307312127,0.17308172172616224
2336,0.2342,9,63,9,109829,566615,7654,118602,4.487826321125333,0.17308677397087346
2337,0.2343,4,62,4,109891,566553,7658,118598,4.487335255354201,0.17309760914017494
2338,0.2344,16,105,16,109996,566448,7674,118582,4.4865036117095425,0.17310482752580178
2339,0.2345,6,72,6,110068,566376,7680,118576,4.485933341781776,0.17311578037585115
2340,0.2346,19,162,19,110230,566214,7699,118557,4.484650234444303,0.1731337921728578
2341,0.2347,7,55,7,110285,566159,7706,118550,4.484214611582816,0.17313924601546057
2342,0.2348,6,88,6,110373,566071,7712,118544,4.483517615004436,0.1731542545810419
2343,0.2349,12,188,12,110561,565883,7724,118532,4.4820285768597135,0.1731873205584331
2344,0.235,7,99,7,110660,565784,7731,118525,4.481244455709035,0.1732039181130162
2345,0.2351,11,71,11,110731,565713,7742,118514,4.480682106196933,0.17320859890065723
2346,0.2352,10,115,10,110846,565598,7752,118504,4.47977125839564,0.1732256300960968
2347,0.2353,7,88,7,110934,565510,7759,118497,4.47907426181726,0.17323945515177477
2348,0.2354,5,111,5,111045,565399,7764,118492,4.478195095678621,0.1732615285184335
2349,0.2355,5,62,5,111107,565337,7769,118487,4.47770402990749,0.1732711925875664
2350,0.2356,6,129,6,111236,565208,7775,118481,4.476682296286909,0.17329663048549854
2351,0.2357,5,55,5,111291,565153,7780,118476,4.476246673425421,0.173304526285456
2352,0.2358,1,39,1,111330,565114,7781,118475,4.475937777214548,0.17331320427917946
2353,0.2359,13,109,13,111439,565005,7794,118462,4.475074451907236,0.17332512030573533
2354,0.236,9,132,9,111571,564873,7803,118453,4.474028957039666,0.17334771397546705
2355,0.2361,2,24,2,111595,564849,7805,118451,4.473838867063743,0.1733513829942924
2356,0.2362,5,64,5,111659,564785,7810,118446,4.473331960461285,0.17336157170854366
2357,0.2363,0,14,0,111673,564771,7810,118446,4.473221074641997,0.17336512411137311
2358,0.2364,0,49,0,111722,564722,7810,118446,4.47283297427449,0.1733775586678533
2359,0.2365,4,30,4,111752,564692,7814,118442,4.472595361804587,0.17338033240916131
2360,0.2366,4,62,4,111814,564630,7818,118438,4.472104296033456,0.17339122898452278
2361,0.2367,4,45,4,111859,564585,7822,118434,4.471747877328602,0.1733978117739038
2362,0.2368,7,81,7,111940,564504,7829,118427,4.471106323659866,0.1734099052466501
2363,0.2369,4,39,4,111979,564465,7833,118423,4.470797427448993,0.17341496702241072
2364,0.237,7,29,7,112008,564436,7840,118416,4.470567735394754,0.1734138583470503
2365,0.2371,2,72,2,112080,564364,7842,118414,4.469997465466988,0.17342972386339336
2366,0.2372,2,60,2,112140,564304,7844,118412,4.469522240527183,0.17344254419114244
2367,0.2373,5,70,5,112210,564234,7849,118407,4.468967811430744,0.17345427538047084
2368,0.2374,8,82,8,112292,564152,7857,118399,4.468318337346344,0.1734654260267731
2369,0.2375,9,128,9,112420,564024,7866,118390,4.467304524141427,0.17348706210599432
2370,0.2376,8,98,8,112518,563926,7874,118382,4.466528323406412,0.17350228928870834
2371,0.2377,2,28,2,112546,563898,7876,118380,4.466306551767837,0.1735069868880427
2372,0.2378,5,41,5,112587,563857,7881,118375,4.4659818147256365,0.17351135684048827
2373,0.2379,7,45,7,112632,563812,7888,118368,4.4656253960207835,0.1735143217332669
2374,0.238,3,77,3,112709,563735,7891,118365,4.4650155240147,0.17353027415334996
2375,0.2381,6,82,6,112791,563653,7897,118359,4.4643660499303,0.1735438672633326
2376,0.2382,9,121,9,112912,563532,7906,118350,4.4634076796350275,0.17356375443258512
2377,0.2383,4,43,4,112955,563489,7910,118346,4.4630671017615,0.17356985194365207
2378,0.2384,13,95,13,113050,563394,7923,118333,4.462314662273476,0.17357827986862776
2379,0.2385,2,25,2,113075,563369,7925,118331,4.462116651881891,0.1735822209182925
2380,0.2386,1,56,1,113131,563313,7926,118330,4.46167310860474,0.17359526907780173
2381,0.2387,5,63,5,113194,563250,7931,118325,4.461174122417945,0.1736052525400726
2382,0.2388,9,157,9,113351,563093,7940,118316,4.459930617158789,0.17363433708683038
2383,0.2389,4,51,4,113402,563042,7944,118312,4.459526675959954,0.17364248246873137
2384,0.239,4,55,4,113457,562987,7948,118308,4.459091053098467,0.1736516486984346
2385,0.2391,6,41,6,113498,562946,7954,118302,4.458766316056266,0.1736548217389262
2386,0.2392,4,46,4,113544,562900,7958,118298,4.4584019769357495,0.17366169601202588
2387,0.2393,6,121,6,113665,562779,7964,118292,4.457443606640476,0.17368526923037392
2388,0.2394,4,45,4,113710,562734,7968,118288,4.457087187935623,0.17369189247924444
2389,0.2395,15,74,15,113784,562660,7983,118273,4.45650107717653,0.17369256593526822
2390,0.2396,3,47,3,113831,562613,7986,118270,4.45612881764035,0.17370091484146322
2391,0.2397,8,52,8,113883,562561,7994,118262,4.455716956025852,0.17370447238122097
2392,0.2398,7,48,7,113931,562513,8001,118255,4.455336776074009,0.1737082236532857
2393,0.2399,4,38,4,113969,562475,8005,118251,4.455035800278798,0.17371306516865817
2394,0.24,8,51,8,114020,562424,8013,118243,4.4546318590799645,0.17371636938473586
2395,0.2401,2,35,2,114055,562389,8015,118241,4.454354644531745,0.17372287439578038
2396,0.2402,3,70,3,114125,562319,8018,118238,4.453800215435306,0.17373710063962314
2397,0.2403,7,79,7,114204,562240,8025,118231,4.453174502597896,0.17374877107180173
2398,0.2404,5,46,5,114250,562194,8030,118226,4.45281016347738,0.17375444578348667
2399,0.2405,1,41,1,114291,562153,8031,118225,4.452485426435179,0.17376370194215568
2400,0.2406,7,46,7,114337,562107,8038,118218,4.452121087314662,0.17376694961966707
2401,0.2407,24,292,24,114629,561815,8062,118194,4.449808325940945,0.17381240542404586
2402,0.2408,6,103,6,114732,561712,8068,118188,4.448992523127614,0.17383144580085308
2403,0.2409,11,153,11,114885,561559,8079,118177,4.447780699531111,0.17385720338484353
2404,0.241,11,93,11,114978,561466,8090,118166,4.447044100874414,0.17386762247804693
2405,0.2411,8,113,8,115091,561353,8098,118158,4.446149093904448,0.17388680977938548
2406,0.2412,5,36,5,115127,561317,8103,118153,4.445863958940565,0.17388994363253713
2407,0.2413,14,144,14,115271,561173,8117,118139,4.444723419085034,0.17390977930612148
2408,0.2414,10,111,10,115382,561062,8127,118129,4.443844252946395,0.1739260384781306
2409,0.2415,4,30,4,115412,561032,8131,118125,4.443606640476492,0.17392885591991247
2410,0.2416,4,31,4,115443,561001,8135,118121,4.443361107590927,0.1739319297563619
2411,0.2417,10,102,10,115545,560899,8145,118111,4.442553225193258,0.17394589181308082
2412,0.2418,2,23,2,115568,560876,8147,118109,4.442371055633,0.1739493508693123
2413,0.2419,7,131,7,115699,560745,8154,118102,4.4413334811810925,0.17397440071179515
2414,0.242,9,40,9,115739,560705,8163,118093,4.441016664554556,0.1739737005707147
2415,0.2421,6,62,6,115801,560643,8169,118087,4.440525598783424,0.1739822904542307
2416,0.2422,3,35,3,115836,560608,8172,118084,4.440248384235205,0.17398761146440506
2417,0.2423,5,74,5,115910,560534,8177,118079,4.439662273476112,0.17400049807474952
2418,0.2424,9,61,9,115971,560473,8186,118070,4.439179128120644,0.1740051846382617
2419,0.2425,8,75,8,116046,560398,8194,118062,4.4385850969458875,0.17401468030539752
2420,0.2426,5,114,5,116160,560284,8199,118057,4.437682169560259,0.17403783642740156
2421,0.2427,8,44,8,116204,560240,8207,118049,4.437333671271069,0.1740393843921986
2422,0.2428,5,34,5,116238,560206,8212,118044,4.437064377138512,0.17404201990416512
2423,0.2429,4,47,4,116285,560159,8216,118040,4.436692117602332,0.17404920974522228
2424,0.243,3,64,3,116349,560095,8219,118037,4.436185210999874,0.17406198203299653
2425,0.2431,6,87,6,116436,560008,8225,118031,4.435496134837156,0.17407700736978257
2426,0.2432,9,88,9,116524,559920,8234,118022,4.434799138258776,0.17408863885111114
2427,0.2433,5,72,5,116596,559848,8239,118017,4.43422886833101,0.1741010378172645
2428,0.2434,11,70,11,116666,559778,8250,118006,4.433674439234571,0.17410561476812672
2429,0.2435,6,71,6,116737,559707,8256,118000,4.433112089722469,0.17411654298981713
2430,0.2436,9,56,9,116793,559651,8265,117991,4.432668546445317,0.17411996304833527
2431,0.2437,9,57,9,116850,559594,8274,117982,4.432217082752503,0.17412364074288345
2432,0.2438,15,219,15,117069,559375,8289,117967,4.430482511722215,0.17416164950645316
2433,0.2439,6,36,6,117105,559339,8295,117961,4.430197376758333,0.17416359072789014
2434,0.244,21,347,21,117452,558992,8316,117940,4.427448992523128,0.17422724882262916
2435,0.2441,5,39,5,117491,558953,8321,117935,4.427140096312255,0.17423118743425794
2436,0.2442,9,42,9,117533,558911,8330,117926,4.426807438854391,0.17423101869430896
2437,0.2443,5,83,5,117616,558828,8335,117921,4.426150044354328,0.17424628628930372
2438,0.2444,11,59,11,117675,558769,8346,117910,4.425682739830187,0.17424805557731213
2439,0.2445,7,69,7,117744,558700,8353,117903,4.425136231149411,0.17425728233543156
2440,0.2446,8,73,8,117817,558627,8361,117895,4.424558040805982,0.17426632097699704
2441,0.2447,5,91,5,117908,558536,8366,117890,4.423837282980611,0.17428366147960014
2442,0.2448,3,36,3,117944,558500,8369,117887,4.423552148016728,0.17428927522261664
2443,0.2449,9,64,9,118008,558436,8378,117878,4.423045241414269,0.1742947802352162
2444,0.245,6,59,6,118067,558377,8384,117872,4.422577936890128,0.17430266070633746
2445,0.2451,14,156,14,118223,558221,8398,117858,4.4213423520466355,0.17432578145453417
2446,0.2452,7,73,7,118296,558148,8405,117851,4.4207641617032065,0.17433605671014307
2447,0.2453,11,107,11,118403,558041,8416,117840,4.419916677227221,0.1743502184556157
2448,0.2454,4,52,4,118455,557989,8420,117836,4.419504815612723,0.17435874671697554
2449,0.2455,9,76,9,118531,557913,8429,117827,4.418902864022304,0.17436736022730637
2450,0.2456,20,217,20,118748,557696,8449,117807,4.417184133823343,0.174398929390395
2451,0.2457,7,58,7,118806,557638,8456,117800,4.416724749714865,0.17440534882550285
2452,0.2458,19,269,19,119075,557369,8475,117781,4.414594157901407,0.17445160334740428
2453,0.2459,10,137,10,119212,557232,8485,117771,4.413509060955519,0.1744747801120884
2454,0.246,6,86,6,119298,557146,8491,117765,4.412827905208466,0.1744896734532405
2455,0.2461,6,50,6,119348,557096,8497,117759,4.4124318844252945,0.1744952619451586
2456,0.2462,8,57,8,119405,557039,8505,117751,4.41198042073248,0.1745002148816669
2457,0.2463,12,154,12,119559,556885,8517,117739,4.410760676720314,0.1745253652404895
2458,0.2464,10,164,10,119723,556721,8527,117729,4.4094617285515145,0.17455556379272
2459,0.2465,1,38,1,119761,556683,8528,117728,4.409160752756304,0.17456417525811413
2460,0.2466,12,138,12,119899,556545,8540,117716,4.408067735394754,0.17458521255122275
2461,0.2467,9,63,9,119962,556482,8549,117707,4.407568749207958,0.17459050800294873
2462,0.2468,15,129,15,120091,556353,8564,117692,4.406547015587378,0.17460555304171085
2463,0.2469,10,115,10,120206,556238,8574,117682,4.405636167786086,0.17462310066476733
2464,0.247,7,140,7,120346,556098,8581,117675,4.404527309593208,0.1746508096940661
2465,0.2471,4,52,4,120398,556046,8585,117671,4.40411544797871,0.1746593896250206
2466,0.2472,10,75,10,120473,555971,8595,117661,4.403521416803954,0.174666583535224
2467,0.2473,5,101,5,120574,555870,8600,117656,4.402721454821949,0.174686649067742
2468,0.2474,13,220,13,120794,555650,8613,117643,4.400978963375998,0.1747277931004778
2469,0.2475,10,53,10,120847,555597,8623,117633,4.400559181345837,0.17472929013858562
2470,0.2476,6,99,6,120946,555498,8629,117627,4.399775060195159,0.1747476323119777
2471,0.2477,11,138,11,121084,555360,8640,117616,4.398682042833608,0.17476997693825636
2472,0.2478,8,87,8,121171,555273,8648,117608,4.397992966670891,0.1747827624795469
2473,0.2479,9,55,9,121226,555218,8657,117599,4.397557343809403,0.17478601164952728
2474,0.248,7,98,7,121324,555120,8664,117592,4.396781143074389,0.17480288741690353
2475,0.2481,5,18,5,121342,555102,8669,117587,4.396638575592447,0.17480143127061687
2476,0.2482,3,45,3,121387,555057,8672,117584,4.396282156887594,0.17480944515722355
2477,0.2483,18,215,18,121602,554842,8690,117566,4.394579267519959,0.17484324993158915
2478,0.2484,12,98,12,121700,554744,8702,117554,4.393803066784945,0.17485400819279545
2479,0.2485,8,126,8,121826,554618,8710,117546,4.392805094411354,0.17487696455031806
2480,0.2486,8,91,8,121917,554527,8718,117538,4.392084336585984,0.17489082157231817
2481,0.2487,10,43,10,121960,554484,8728,117528,4.391743758712457,0.17488973411189085
2482,0.2488,15,185,15,122145,554299,8743,117513,4.390278481814725,0.17491947151881776
2483,0.2489,3,46,3,122191,554253,8746,117510,4.3899141426942085,0.17492776470272997
2484,0.249,8,59,8,122250,554194,8754,117502,4.389446838170067,0.17493330316095376
2485,0.2491,3,22,3,122272,554172,8757,117499,4.389272589025472,0.17493534781165185
2486,0.2492,6,73,6,122345,554099,8763,117493,4.388694398682043,0.17494699162586808
2487,0.2493,8,119,8,122464,553980,8771,117485,4.387751869218096,0.17496816662074718
2488,0.2494,9,60,9,122524,553920,8780,117476,4.387276644278292,0.17497274335861399
2489,0.2495,4,47,4,122571,553873,8784,117472,4.386904384742111,0.17498007730749465
2490,0.2496,8,74,8,122645,553799,8792,117464,4.386318273983019,0.17498953465333258
2491,0.2497,11,94,11,122739,553705,8803,117453,4.3855737549106575,0.1750005214867438
2492,0.2498,2,57,2,122796,553648,8805,117451,4.385122291217843,0.17501292655778058
2493,0.2499,7,47,7,122843,553601,8812,117444,4.384750031681663,0.1750165786199137
2494,0.25,5,58,5,122901,553543,8817,117439,4.384290647573184,0.17502555955301335
2495,0.2501,13,178,13,123079,553365,8830,117426,4.382880813585097,0.1750560159572803
2496,0.2502,5,43,5,123122,553322,8835,117421,4.38254023571157,0.17506108897148387
2497,0.2503,2,36,2,123158,553286,8837,117419,4.382255100747687,0.1750680254359219
2498,0.2504,6,39,6,123197,553247,8843,117413,4.381946204536814,0.17507082575373512
2499,0.2505,10,51,10,123248,553196,8853,117403,4.38154226333798,0.17507183875907956
2500,0.2506,1,15,1,123263,553181,8854,117402,4.381423457103029,0.1750745247046227
2501,0.2507,3,45,3,123308,553136,8857,117399,4.381067038398175,0.17508258331034174
2502,0.2508,5,49,5,123357,553087,8862,117394,4.380678938030668,0.17508922698778936
2503,0.2509,11,89,11,123446,552998,8873,117383,4.379974021036624,0.17509893627653528
2504,0.251,6,68,6,123514,552930,8879,117377,4.379435432771512,0.17510931558226306
2505,0.2511,8,62,8,123576,552868,8887,117369,4.37894436700038,0.1751156680398128
2506,0.2512,13,108,13,123684,552760,8900,117356,4.378088962108731,0.17512788830590525
2507,0.2513,5,73,5,123757,552687,8905,117351,4.377510771765302,0.1751408129091186
2508,0.2514,12,90,12,123847,552597,8917,117339,4.376797934355595,0.1751495665257577
2509,0.2515,6,90,6,123937,552507,8923,117333,4.3760850969458875,0.1751657112146184
2510,0.2516,10,149,10,124086,552358,8933,117323,4.374904955012039,0.17519236770940194
2511,0.2517,8,67,8,124153,552291,8941,117315,4.37437428716259,0.1752000430103673
2512,0.2518,11,164,11,124317,552127,8952,117304,4.37307533899379,0.17522941124626734
2513,0.2519,8,93,8,124410,552034,8960,117296,4.372338740337093,0.17524390061703496
2514,0.252,14,158,14,124568,551876,8974,117282,4.371087314662273,0.17526802339656702
2515,0.2521,3,38,3,124606,551838,8977,117279,4.370786338867064,0.17527427938611634
2516,0.2522,9,52,9,124658,551786,8986,117270,4.370374477252566,0.17527680792041325
2517,0.2523,5,84,5,124742,551702,8991,117265,4.369709162336839,0.17529265270185226
2518,0.2524,6,54,6,124796,551648,8997,117259,4.369281459891015,0.1752994063449777
2519,0.2525,10,63,10,124859,551585,9007,117249,4.36878247370422,0.17530358803529725
2520,0.2526,9,145,9,125004,551440,9016,117240,4.367634013433025,0.17533050188430938
2521,0.2527,6,92,6,125096,551348,9022,117234,4.366905335191991,0.17534722741563488
2522,0.2528,6,102,6,125198,551246,9028,117228,4.366097452794323,0.1753665811983712
2523,0.2529,6,69,6,125267,551177,9034,117222,4.365550944113547,0.17537728213237902
2524,0.253,20,222,20,125489,550955,9054,117202,4.363792611836269,0.17541086900234526
2525,0.2531,8,90,8,125579,550865,9062,117194,4.363079774426562,0.17542462566928968
2526,0.2532,24,234,24,125813,550631,9086,117170,4.361226397161323,0.17545646083189453
2527,0.2533,7,95,7,125908,550536,9093,117163,4.360473957673299,0.1754727803995513
2528,0.2534,16,208,16,126116,550328,9109,117147,4.358826511215309,0.17550769691748755
2529,0.2535,7,37,7,126153,550291,9116,117140,4.3585334558357625,0.1755087791846648
2530,0.2536,13,196,13,126349,550095,9129,117127,4.3569810543657335,0.17554427162173908
2531,0.2537,12,94,12,126443,550001,9141,117115,4.356236535293372,0.1755541764850491
2532,0.2538,8,123,8,126566,549878,9149,117107,4.355262324166772,0.17557666214382633
2533,0.2539,7,80,7,126646,549798,9156,117100,4.3546286909136995,0.1755890705925044
2534,0.254,12,112,12,126758,549686,9168,117088,4.353741604359397,0.17560372779982422
2535,0.2541,8,73,8,126831,549613,9176,117080,4.353163414015968,0.17561306328400028
2536,0.2542,12,69,12,126900,549544,9188,117068,4.352616905335192,0.17561640054484468
2537,0.2543,2,59,2,126959,549485,9190,117066,4.3521496008110505,0.17562947171334226
2538,0.2544,6,29,6,126988,549456,9196,117060,4.351919908756812,0.17562969231046216
2539,0.2545,6,60,6,127048,549396,9202,117054,4.351444683817006,0.17563808237677245
2540,0.2546,3,62,3,127110,549334,9205,117051,4.350953618045875,0.17565071242599997
2541,0.2547,1,34,1,127144,549300,9206,117050,4.350684323913319,0.17565843775793502
2542,0.2548,9,102,9,127246,549198,9215,117041,4.349876441515651,0.17567419499609
2543,0.2549,9,25,9,127271,549173,9224,117032,4.349678431124065,0.1756696512334792
2544,0.255,6,160,6,127431,549013,9230,117026,4.348411164617919,0.17570442571681238
2545,0.2551,4,30,4,127461,548983,9234,117022,4.348173552148017,0.1757073895841623
2546,0.2552,9,159,9,127620,548824,9243,117013,4.346914206057534,0.17573820619761293
2547,0.2553,18,156,18,127776,548668,9261,116995,4.3456786212140415,0.17575710231753905
2548,0.2554,13,87,13,127863,548581,9274,116982,4.344989545051324,0.17576397726436116
2549,0.2555,15,226,15,128089,548355,9289,116967,4.3431995311113925,0.17580509888444992
2550,0.2556,7,22,7,128111,548333,9296,116960,4.343025281966797,0.1758022405165844
2551,0.2557,12,158,12,128269,548175,9308,116948,4.3417738562919785,0.17582913235597025
2552,0.2558,5,126,5,128395,548049,9313,116943,4.340775883918388,0.1758562509022665
2553,0.2559,7,46,7,128441,548003,9320,116936,4.340411544797871,0.17585974051755124
2554,0.256,9,56,9,128497,547947,9329,116927,4.339968001520719,0.17586339667365547
2555,0.2561,4,64,4,128561,547883,9333,116923,4.339461094918262,0.17587536815251367
2556,0.2562,6,31,6,128592,547852,9339,116917,4.339215562032695,0.17587613140805303
2557,0.2563,7,105,7,128697,547747,9346,116910,4.338383918388037,0.17589523618949324
2558,0.2564,10,169,10,128866,547578,9356,116900,4.33704536814092,0.1759275702130093
2559,0.2565,6,38,6,128904,547540,9362,116894,4.33674439234571,0.17593019020700326
2560,0.2566,2,50,2,128954,547490,9364,116892,4.33634837156254,0.17594094963439708
2561,0.2567,15,291,15,129245,547199,9379,116877,4.334043530604486,0.1759994337997458
2562,0.2568,11,159,11,129404,547040,9390,116866,4.332784184514003,0.17602793166502487
2563,0.2569,12,62,12,129466,546978,9402,116854,4.3322931187428715,0.17602947733763966
2564,0.257,2,33,2,129499,546945,9404,116852,4.332031745025979,0.17603574586808918
2565,0.2571,1,20,1,129519,546925,9405,116851,4.331873336712711,0.17603980861013355
2566,0.2572,14,170,14,129689,546755,9419,116837,4.33052686604993,0.17606752341800383
2567,0.2573,5,53,5,129742,546702,9424,116832,4.33010708401977,0.176075378202172
2568,0.2574,5,42,5,129784,546660,9429,116827,4.329774426561906,0.1760803150626915
2569,0.2575,8,56,8,129840,546604,9437,116819,4.329330883284754,0.17608524274859327
2570,0.2576,8,53,8,129893,546551,9445,116811,4.328911101254594,0.17608937503203378
2571,0.2577,5,35,5,129928,546516,9450,116806,4.328633886706374,0.1760924558510045
2572,0.2578,4,21,4,129949,546495,9454,116802,4.328467557977443,0.17609306238381903
2573,0.2579,21,144,21,130093,546351,9475,116781,4.3273270181219115,0.1761052098224788
2574,0.258,20,286,20,130379,546065,9495,116761,4.325061779242175,0.17615633665547217
2575,0.2581,18,111,18,130490,545954,9513,116743,4.3241826131035355,0.1761634653544531
2576,0.2582,21,256,21,130746,545698,9534,116722,4.322154986693702,0.17620542858005495
2577,0.2583,10,95,10,130841,545603,9544,116712,4.321402547205677,0.17621826472297925
2578,0.2584,11,84,11,130925,545519,9555,116701,4.32073723228995,0.17622693364742834
2579,0.2585,4,52,4,130977,545467,9559,116697,4.320325370675453,0.17623579657003402
2580,0.2586,5,64,5,131041,545403,9564,116692,4.319818464072995,0.17624661113586418
2581,0.2587,8,41,8,131082,545362,9572,116684,4.319493727030794,0.17624757192098434
2582,0.2588,7,68,7,131150,545294,9579,116677,4.318955138765682,0.17625696593959553
2583,0.2589,13,103,13,131253,545191,9592,116664,4.318139335952351,0.17626821584788208
2584,0.259,16,304,16,131557,544887,9608,116648,4.315731529590673,0.1763292947463097
2585,0.2591,22,246,22,131803,544641,9630,116626,4.313783107337473,0.17636748847288614
2586,0.2592,9,165,9,131968,544476,9639,116617,4.31247623875301,0.1764002946635345
2587,0.2593,5,58,5,132026,544418,9644,116612,4.312016854644532,0.17640954268338804
2588,0.2594,12,71,12,132097,544347,9656,116600,4.31145450513243,0.17641353996613948
2589,0.2595,17,230,17,132327,544117,9673,116583,4.309632809529844,0.17645376116240352
2590,0.2596,7,30,7,132357,544087,9680,116576,4.309395197059942,0.1764530479230712
2591,0.2597,2,54,2,132411,544033,9682,116574,4.308967494614118,0.17646497842136097
2592,0.2598,13,112,13,132523,543921,9695,116561,4.308080408059815,0.1764786928334156
2593,0.2599,6,88,6,132611,543833,9701,116555,4.307383411481434,0.17649472734210797
2594,0.26,5,37,5,132648,543796,9706,116550,4.307090356101888,0.17649838115169927
2595,0.2601,10,112,10,132760,543684,9716,116540,4.306203269547586,0.17651584916634355
2596,0.2602,15,120,15,132880,543564,9731,116525,4.3052528196679765,0.17652922560442608
2597,0.2603,7,64,7,132944,543500,9738,116518,4.304745913065518,0.17653760958034478
2598,0.2604,13,187,13,133131,543313,9751,116505,4.303264795336459,0.1765714181789524
2599,0.2605,5,27,5,133158,543286,9756,116500,4.303050944113547,0.17657240377940725
2600,0.2606,3,56,3,133214,543230,9759,116497,4.302607400836396,0.17658364747842667
2601,0.2607,7,103,7,133317,543127,9766,116490,4.3017915980230645,0.1766024829560184
2602,0.2608,14,137,14,133454,542990,9780,116476,4.300706501077176,0.17662169088322976
2603,0.2609,11,197,11,133651,542793,9791,116465,4.299146179191484,0.17666073070027213
2604,0.261,4,47,4,133698,542746,9795,116461,4.298773919655304,0.17666833028168694
2605,0.2611,8,85,8,133783,542661,9803,116453,4.298100684323913,0.1766811204131607
2606,0.2612,4,99,4,133882,542562,9807,116449,4.2973165631732355,0.17670266505414933
2607,0.2613,7,140,7,134022,542422,9814,116442,4.2962077049803575,0.17673146506714588
2608,0.2614,12,83,12,134105,542339,9826,116430,4.295550310480294,0.17673873542926277
2609,0.2615,4,31,4,134136,542308,9830,116426,4.295304777594728,0.17674205369693988
2610,0.2616,6,74,6,134210,542234,9836,116420,4.294718666835635,0.17675441126904262
2611,0.2617,2,36,2,134246,542198,9838,116418,4.294433531871753,0.1767615727525599
2612,0.2618,6,81,6,134327,542117,9844,116412,4.293791978203016,0.17677581397326467
2613,0.2619,14,164,14,134491,541953,9858,116398,4.292493030034216,0.1768023440383625
2614,0.262,6,122,6,134613,541831,9864,116392,4.29152673932328,0.17682761009566667
2615,0.2621,17,106,17,134719,541725,9881,116375,4.290687175262958,0.17683482753380944
2616,0.2622,1,44,1,134763,541681,9882,116374,4.290338676973768,0.17684540046044783
2617,0.2623,8,73,8,134836,541608,9890,116366,4.289760486630338,0.17685501250809302
2618,0.2624,2,43,2,134879,541565,9892,116364,4.289419908756812,0.17686406891929068
2619,0.2625,5,50,5,134929,541515,9897,116359,4.289023887973641,0.17687125498195702
2620,0.2626,6,38,6,134967,541477,9903,116353,4.288722912178431,0.17687396439809677
2621,0.2627,3,34,3,135001,541443,9906,116350,4.288453618045875,0.17687935262308963
2622,0.2628,14,185,14,135186,541258,9920,116336,4.2869883411481435,0.17691158982594124
2623,0.2629,1,35,1,135221,541223,9921,116335,4.286711126599924,0.17691975460719814
2624,0.263,6,89,6,135310,541134,9927,116329,4.28600620960588,0.17693619260703644
2625,0.2631,8,126,8,135436,541008,9935,116321,4.28500823723229,0.1769600915219015
2626,0.2632,6,170,6,135606,540838,9941,116315,4.28366176656951,0.17699835502538983
2627,0.2633,6,66,6,135672,540772,9947,116309,4.283139019135724,0.17700861841995127
2628,0.2634,26,329,26,136001,540443,9973,116283,4.280533202382461,0.17706471191943063
2629,0.2635,4,27,4,136028,540416,9977,116279,4.280319351159549,0.17706697934353086
2630,0.2636,6,62,6,136090,540354,9983,116273,4.279828285388417,0.17707617871333345
2631,0.2637,15,136,15,136226,540218,9998,116258,4.278751108858193,0.17709405979807336
2632,0.2638,6,57,6,136283,540161,10004,116252,4.2782996451653785,0.1771019160193354
2633,0.2639,11,139,11,136422,540022,10015,116241,4.277198707388163,0.17712563408267723
2634,0.264,7,47,7,136469,539975,10022,116234,4.276826447851983,0.1771295425695167
2635,0.2641,3,25,3,136494,539950,10025,116231,4.276628437460398,0.1771325289820949
2636,0.2642,1,53,1,136547,539897,10026,116230,4.276208655430237,0.17714558309595552
2637,0.2643,7,76,7,136623,539821,10033,116223,4.275606703839817,0.17715732481357957
2638,0.2644,7,86,7,136709,539735,10040,116216,4.274925548092764,0.1771717704523661
2639,0.2645,7,59,7,136768,539676,10047,116209,4.274458243568622,0.17717892618370598
2640,0.2646,6,44,6,136812,539632,10053,116203,4.274109745279432,0.17718328543002432
2641,0.2647,5,77,5,136889,539555,10058,116198,4.27349987327335,0.17719781686092173
2642,0.2648,13,82,13,136971,539473,10071,116185,4.2728503991889495,0.177203664105372
2643,0.2649,9,107,9,137078,539366,10080,116176,4.272002914712965,0.17722129169450623
2644,0.265,9,56,9,137134,539310,10089,116167,4.271559371435813,0.1772251352831602
2645,0.2651,2,31,2,137165,539279,10091,116165,4.271313838550247,0.17723100676793135
2646,0.2652,5,39,5,137204,539240,10096,116160,4.271004942339374,0.17723527616722612
2647,0.2653,1,71,1,137275,539169,10097,116159,4.270442592827272,0.17725322281361394
2648,0.2654,7,94,7,137369,539075,10104,116152,4.269698073754911,0.17726986220042826
2649,0.2655,9,76,9,137445,538999,10113,116143,4.269096122164491,0.17727912422039802
2650,0.2656,17,222,17,137667,538777,10130,116126,4.267337789887213,0.17731786233991903
2651,0.2657,6,54,6,137721,538723,10136,116120,4.2669100874413886,0.17732494659025141
2652,0.2658,5,41,5,137762,538682,10141,116115,4.266585350399189,0.17732976785171586
2653,0.2659,8,86,8,137848,538596,10149,116107,4.265904194652135,0.17734300896742491
2654,0.266,9,66,9,137914,538530,10158,116098,4.26538144721835,0.1773495786920205
2655,0.2661,6,56,6,137970,538474,10164,116092,4.264937903941199,0.17735721073199648
2656,0.2662,4,68,4,138038,538406,10168,116088,4.264399315676087,0.17737060996739465
2657,0.2663,14,176,14,138214,538230,10182,116074,4.263005322519326,0.17740071893187265
2658,0.2664,3,55,3,138269,538175,10185,116071,4.262569699657838,0.17741186037056397
2659,0.2665,15,272,15,138541,537903,10200,116056,4.260415346597389,0.17746678308578978
2660,0.2666,3,44,3,138585,537859,10203,116053,4.260066848308199,0.17747495075790015
2661,0.2667,1,38,1,138623,537821,10204,116052,4.25976587251299,0.1774840068331312
2662,0.2668,21,269,21,138892,537552,10225,116031,4.257635280699531,0.17753062732659816
2663,0.2669,6,64,6,138956,537488,10231,116025,4.257128374097072,0.17754046208721172
2664,0.267,3,34,3,138990,537454,10234,116022,4.256859079964516,0.17754592364524482
2665,0.2671,11,142,11,139132,537312,10245,116011,4.255734380940312,0.17757066565848745
2666,0.2672,4,75,4,139207,537237,10249,116007,4.255140349765556,0.17758601686353032
2667,0.2673,10,99,10,139306,537138,10259,115997,4.254356228614878,0.1776003429612561
2668,0.2674,5,62,5,139368,537076,10264,115992,4.253865162843746,0.1776109072868369
2669,0.2675,2,54,2,139422,537022,10266,115990,4.2534374603979215,0.1776230758393414
2670,0.2676,7,96,7,139518,536926,10273,115983,4.252677100494234,0.17764037561130264
2671,0.2677,11,97,11,139615,536829,10284,115972,4.251908820174883,0.17765291413462908
2672,0.2678,8,64,8,139679,536765,10292,115964,4.251401913572424,0.17766025410239164
2673,0.2679,7,49,7,139728,536716,10299,115957,4.251013813204917,0.17766477240517073
2674,0.268,10,43,10,139771,536673,10309,115947,4.25067323533139,0.17766387790751126
2675,0.2681,4,69,4,139840,536604,10313,115943,4.250126726650614,0.17767762322100936
2676,0.2682,6,59,6,139899,536545,10319,115937,4.249659422126474,0.17768612773992232
2677,0.2683,9,36,9,139935,536509,10328,115928,4.24937428716259,0.17768458870358364
2678,0.2684,5,55,5,139990,536454,10333,115923,4.248938664301103,0.17769326631686894
2679,0.2685,6,64,6,140054,536390,10339,115917,4.248431757698644,0.17770313671323473
2680,0.2686,12,108,12,140162,536282,10351,115905,4.247576352806996,0.177717433803495
2681,0.2687,2,40,2,140202,536242,10353,115903,4.247259536180459,0.17772581251102132
2682,0.2688,20,179,20,140381,536063,10373,115883,4.245841781776708,0.17774938415144811
2683,0.2689,13,73,13,140454,535990,10386,115870,4.245263591433279,0.17775289172521708
2684,0.269,5,34,5,140488,535956,10391,115865,4.244994297300722,0.17775585628569807
2685,0.2691,23,112,23,140600,535844,10414,115842,4.24410721074642,0.1777573862258818
2686,0.2692,3,67,3,140667,535777,10417,115839,4.243576542896971,0.17777187791582771
2687,0.2693,14,128,14,140795,535649,10431,115825,4.242562729692054,0.17778913663476978
2688,0.2694,6,90,6,140885,535559,10437,115819,4.241849892282347,0.17780612793186137
2689,0.2695,12,80,12,140965,535479,10449,115807,4.241216259029274,0.1778128195600704
2690,0.2696,5,29,5,140994,535450,10454,115802,4.240986566975035,0.1778144251380418
2691,0.2697,10,114,10,141108,535336,10464,115792,4.240083639589406,0.17783292993082772
2692,0.2698,17,215,17,141323,535121,10481,115775,4.238380750221772,0.1778701973894447
2693,0.2699,7,81,7,141404,535040,10488,115768,4.237739196553035,0.17788349252006735
2694,0.27,14,120,14,141524,534920,10502,115754,4.236788746673425,0.17789860974927538
2695,0.2701,3,80,3,141604,534840,10505,115751,4.236155113420352,0.17791669420572986
2696,0.2702,10,99,10,141703,534741,10515,115741,4.235370992269674,0.17793113414360429
2697,0.2703,2,55,2,141758,534686,10517,115739,4.234935369408187,0.17794365222738978
2698,0.2704,14,161,14,141919,534525,10531,115725,4.233660182486377,0.17797001153402536
2699,0.2705,4,76,4,141995,534449,10535,115721,4.233058230895957,0.1779857575710968
2700,0.2706,10,106,10,142101,534343,10545,115711,4.232218666835635,0.17800213520722893
2701,0.2707,11,156,11,142257,534187,10556,115700,4.230983081992143,0.17803094999592237
2702,0.2708,21,207,21,142464,533980,10577,115679,4.229343555949816,0.17806110590325078
2703,0.2709,6,39,6,142503,533941,10583,115673,4.229034659738943,0.17806420428131167
2704,0.271,2,54,2,142557,533887,10585,115671,4.228606957293119,0.17807647661948586
2705,0.2711,16,70,16,142627,533817,10601,115655,4.22805252819668,0.17807542126527395
2706,0.2712,5,58,5,142685,533759,10606,115650,4.2275931440882015,0.17808499728214422
2707,0.2713,7,36,7,142721,533723,10613,115643,4.227308009124319,0.1780860100467225
2708,0.2714,2,51,2,142772,533672,10615,115641,4.226904067925485,0.17809746609108396
2709,0.2715,5,50,5,142822,533622,10620,115636,4.226508047142314,0.1781048520002834
2710,0.2716,5,56,5,142878,533566,10625,115631,4.226064503865163,0.17811388530754146
2711,0.2717,8,64,8,142942,533502,10633,115623,4.225557597262704,0.17812131715771232
2712,0.2718,3,46,3,142988,533456,10636,115620,4.225193258142188,0.17813014192482854
2713,0.2719,2,51,2,143039,533405,10638,115618,4.224789316943353,0.1781416066919046
2714,0.272,9,131,9,143170,533274,10647,115609,4.223751742491446,0.17816617171354465
2715,0.2721,0,45,0,143215,533229,10647,115609,4.223395323786592,0.17817852838458906
2716,0.2722,3,67,3,143282,533162,10650,115606,4.222864655937143,0.17819312913090657
2717,0.2723,4,106,4,143388,533056,10654,115602,4.222025091876822,0.17821718070231155
2718,0.2724,3,17,3,143405,533039,10657,115599,4.221890444810544,0.1782180507463331
2719,0.2725,7,95,7,143500,532944,10664,115592,4.221138005322519,0.17823528686148493
2720,0.2726,8,111,8,143611,532833,10672,115584,4.22025883918388,0.17825565955241765
2721,0.2727,8,92,8,143703,532741,10680,115576,4.219530160942846,0.178270815048811
2722,0.2728,15,154,15,143857,532587,10695,115561,4.218310416930681,0.178294155038664
2723,0.2729,6,58,6,143915,532529,10701,115555,4.217851032822202,0.17830250399639552
2724,0.273,24,256,24,144171,532273,10725,115531,4.215823406412368,0.17834252335582984
2725,0.2731,7,122,7,144293,532151,10732,115524,4.214857115701432,0.17836723665418613
2726,0.2732,1,30,1,144323,532121,10733,115523,4.214619503231529,0.17837423028700952
2727,0.2733,5,64,5,144387,532057,10738,115518,4.214112596629071,0.1783855151912906
2728,0.2734,8,69,8,144456,531988,10746,115510,4.213566087948296,0.17839437341891404
2729,0.2735,9,68,9,144524,531920,10755,115501,4.213027499683183,0.17840168916361995
2730,0.2736,6,110,6,144634,531810,10761,115495,4.212156253960208,0.17842439035694146
2731,0.2737,13,170,13,144804,531640,10774,115482,4.210809783297427,0.17845475814452297
2732,0.2738,8,125,8,144929,531515,10782,115474,4.2098197313395005,0.17847907769683874
2733,0.2739,2,69,2,144998,531446,10784,115472,4.209273222658725,0.17849557440046498
2734,0.274,5,77,5,145075,531369,10789,115467,4.2086633506526425,0.1785104725154444
2735,0.2741,12,101,12,145176,531268,10801,115455,4.207863388670638,0.17852310803852653
2736,0.2742,14,116,14,145292,531152,10815,115441,4.206944620453681,0.17853734884231656
2737,0.2743,11,175,11,145467,530977,10826,115430,4.205558547712584,0.17857170482374107
2738,0.2744,12,111,12,145578,530866,10838,115418,4.204679381573945,0.17858712268909643
2739,0.2745,7,78,7,145656,530788,10845,115411,4.204061589152198,0.17859978118195788
2740,0.2746,11,156,11,145812,530632,10856,115400,4.202826004308706,0.17862892240632042
2741,0.2747,8,108,8,145920,530524,10864,115392,4.2019705994170575,0.1786486168480112
2742,0.2748,11,173,11,146093,530351,10875,115381,4.2006003675072865,0.17868248747158264
2743,0.2749,5,47,5,146140,530304,10880,115376,4.200228107971106,0.1786891339363152
2744,0.275,8,25,8,146165,530279,10888,115368,4.200030097579521,0.17868587633799893
2745,0.2751,10,84,10,146249,530195,10898,115358,4.199364782663794,0.17869640447802118
2746,0.2752,10,72,10,146321,530123,10908,115348,4.198794512736028,0.17870361333042073
2747,0.2753,9,91,9,146412,530032,10917,115339,4.1980737549106575,0.17871735792280719
2748,0.2754,25,234,25,146646,529798,10942,115314,4.196220377645419,0.17875035652723867
2749,0.2755,9,167,9,146813,529631,10951,115305,4.194897668229629,0.1787851817854795
2750,0.2756,5,65,5,146878,529566,10956,115300,4.194382841211507,0.17879683531152207
2751,0.2757,9,86,9,146964,529480,10965,115291,4.193701685464453,0.17880922063802498
2752,0.2758,17,250,17,147214,529230,10982,115274,4.1917215815486,0.1788569194295148
2753,0.2759,12,232,12,147446,528998,10994,115262,4.189884045114687,0.17890603172632166
2754,0.276,8,85,8,147531,528913,11002,115254,4.189210809783297,0.1789194416975722
2755,0.2761,5,110,5,147641,528803,11007,115249,4.188339564060322,0.17894362566997696
2756,0.2762,3,41,3,147682,528762,11010,115246,4.188014827018122,0.17895119315288008
2757,0.2763,1,25,1,147707,528737,11011,115245,4.187816816626537,0.1789568652539978
2758,0.2764,2,93,2,147800,528644,11013,115243,4.187080217969839,0.17898016266829428
2759,0.2765,11,173,11,147973,528471,11024,115232,4.185709986060068,0.17901423482568823
2760,0.2766,6,55,6,148028,528416,11030,115226,4.18527436319858,0.17902187862196686
2761,0.2767,9,110,9,148138,528306,11039,115217,4.184403117475605,0.1790409977576559
2762,0.2768,17,249,17,148387,528057,11056,115200,4.182430933975415,0.1790886068865166
2763,0.2769,4,83,4,148470,527974,11060,115196,4.181773539475351,0.1791066125596654
2764,0.277,6,87,6,148557,527887,11066,115190,4.181084463312635,0.17912318431540858
2765,0.2771,2,97,2,148654,527790,11068,115188,4.180316182993283,0.17914765357446133
2766,0.2772,12,144,12,148798,527646,11080,115176,4.179175643137752,0.1791724614278914
2767,0.2773,4,46,4,148844,527600,11084,115172,4.178811304017235,0.17918017586329213
2768,0.2774,11,85,11,148929,527515,11095,115161,4.178138068685844,0.17918982504403463
2769,0.2775,16,143,16,149072,527372,11111,115145,4.177005449245977,0.17920926605832999
2770,0.2776,3,60,3,149132,527312,11114,115142,4.1765302243061715,0.17922216999193716
2771,0.2777,7,116,7,149248,527196,11121,115135,4.175611456089215,0.17924559144740018
2772,0.2778,5,54,5,149302,527142,11126,115130,4.175183753643391,0.17925427233321709
2773,0.2779,6,17,6,149319,527125,11132,115124,4.175049106577113,0.1792513495544563
2774,0.278,6,88,6,149407,527037,11138,115118,4.174352109998733,0.17926824520559678
2775,0.2781,7,33,7,149440,527004,11145,115111,4.1740907362818405,0.17926851109224984
2776,0.2782,7,68,7,149508,526936,11152,115104,4.173552148016728,0.17927854962307643
2777,0.2783,16,163,16,149671,526773,11168,115088,4.172261120263592,0.17930361869625977
2778,0.2784,2,31,2,149702,526742,11170,115086,4.172015587378025,0.17930972160765812
2779,0.2785,9,132,9,149834,526610,11179,115077,4.170970092510455,0.17933509639434803
2780,0.2786,4,36,4,149870,526574,11183,115073,4.170684957546572,0.17934004211038157
2781,0.2787,8,127,8,149997,526447,11191,115065,4.169679064757318,0.17936531195051691
2782,0.2788,11,215,11,150212,526232,11202,115054,4.1679761753896845,0.17941137027784795
2783,0.2789,8,75,8,150287,526157,11210,115046,4.167382144214929,0.17942211748853326
2784,0.279,17,199,17,150486,525958,11227,115029,4.165805981497909,0.1794560576111528
2785,0.2791,6,118,6,150604,525840,11233,115023,4.1648713724496265,0.1794814180253814
2786,0.2792,9,74,9,150678,525766,11242,115014,4.164285261690534,0.17949062080589281
2787,0.2793,8,52,8,150730,525714,11250,115006,4.163873400076036,0.1794949431889125
2788,0.2794,5,94,5,150824,525620,11255,115001,4.163128881003675,0.17951487697093912
2789,0.2795,7,109,7,150933,525511,11262,114994,4.162265555696363,0.17953645951241598
2790,0.2796,21,303,21,151236,525208,11283,114973,4.159865669750348,0.17959452092455103
2791,0.2797,6,158,6,151394,525050,11289,114967,4.158614244075529,0.17963116604715187
2792,0.2798,7,46,7,151440,525004,11296,114960,4.158249904955012,0.1796351044746267
2793,0.2799,15,176,15,151616,524828,11311,114945,4.156855911798251,0.17966528753167138
2794,0.28,23,142,23,151758,524686,11334,114922,4.155731212774047,0.17967567635176546
2795,0.2801,13,112,13,151870,524574,11347,114909,4.154844126219744,0.17969046870675218
2796,0.2802,8,94,8,151964,524480,11355,114901,4.1540996071473835,0.1797066224989482
2797,0.2803,6,65,6,152029,524415,11361,114895,4.153584780129261,0.17971719510096823
2798,0.2804,16,184,16,152213,524231,11377,114879,4.152127423647193,0.17974840011891538
2799,0.2805,2,22,2,152235,524209,11379,114877,4.151953174502598,0.17975202085478323
2800,0.2806,10,51,10,152286,524158,11389,114867,4.151549233303764,0.1797535307695317
2801,0.2807,12,111,12,152397,524047,11401,114855,4.150670067165125,0.1797693542984683
2802,0.2808,5,45,5,152442,524002,11406,114850,4.150313648460271,0.1797755974779761
2803,0.2809,15,199,15,152641,523803,11421,114835,4.1487374857432515,0.17981235065874565
2804,0.281,8,68,8,152709,523735,11429,114827,4.14819889747814,0.17982122331112718
2805,0.2811,2,40,2,152749,523695,11431,114825,4.147882080851603,0.17982991918812252
2806,0.2812,11,102,11,152851,523593,11442,114814,4.147074198453935,0.17984451924869244
2807,0.2813,5,74,5,152925,523519,11447,114809,4.146488087694842,0.17985894399117694
2808,0.2814,4,30,4,152955,523489,11451,114805,4.14625047522494,0.17986225783103085
2809,0.2815,23,215,23,153170,523274,11474,114782,4.144547585857306,0.17989330090148828
2810,0.2816,16,128,16,153298,523146,11490,114766,4.143533772652389,0.1799088275498815
2811,0.2817,8,61,8,153359,523085,11498,114758,4.143050627296921,0.1799157472920452
2812,0.2818,5,62,5,153421,523023,11503,114753,4.142559561525789,0.17992680815835027
2813,0.2819,11,73,11,153494,522950,11514,114742,4.14198137118236,0.1799332593164098
2814,0.282,7,70,7,153564,522880,11521,114735,4.14142694208592,0.1799440101001388
2815,0.2821,19,144,19,153708,522736,11540,114716,4.140286402230389,0.17996021661238806
2816,0.2822,16,106,16,153814,522630,11556,114700,4.139446838170067,0.1799695605102537
2817,0.2823,8,54,8,153868,522576,11564,114692,4.139019135724243,0.17997451621609747
2818,0.2824,22,167,22,154035,522409,11586,114670,4.137696426308453,0.17999337601773094
2819,0.2825,12,63,12,154098,522346,11598,114658,4.137197440121658,0.17999573001111452
2820,0.2826,4,33,4,154131,522313,11602,114654,4.136936066404765,0.17999990580359737
2821,0.2827,10,94,10,154225,522219,11612,114644,4.136191547332404,0.18001359790096144
2822,0.2828,6,40,6,154265,522179,11618,114638,4.135874730705868,0.1800171791896259
2823,0.2829,3,42,3,154307,522137,11621,114635,4.135542073248004,0.18002518954979177
2824,0.283,7,30,7,154337,522107,11628,114628,4.1353044607781015,0.18002465703942772
2825,0.2831,9,77,9,154414,522030,11637,114619,4.134694588772018,0.18003483866306239
2826,0.2832,7,48,7,154462,521982,11644,114612,4.134314408820175,0.18003939716679704
2827,0.2833,20,115,20,154577,521867,11664,114592,4.133403561018882,0.18004616165377502
2828,0.2834,19,198,19,154775,521669,11683,114573,4.131835318717527,0.1800777062815721
2829,0.2835,11,108,11,154883,521561,11694,114562,4.130979913825877,0.18009410129801942
2830,0.2836,4,55,4,154938,521506,11698,114558,4.13054429096439,0.1801045177843739
2831,0.2837,10,115,10,155053,521391,11708,114548,4.129633443163097,0.18012419430165472
2832,0.2838,13,163,13,155216,521228,11721,114535,4.128342415409961,0.18015361070084293
2833,0.2839,16,176,16,155392,521052,11737,114519,4.1269484222532,0.18018285919275737
2834,0.284,16,156,16,155548,520896,11753,114503,4.125712837409707,0.18020645295318374
2835,0.2841,4,38,4,155586,520858,11757,114499,4.125411861614498,0.18021206974976273
2836,0.2842,17,178,17,155764,520680,11774,114482,4.1240020276264096,0.1802406315239262
2837,0.2843,23,132,23,155896,520548,11797,114459,4.122956532758839,0.1802484067104772
2838,0.2844,9,74,9,155970,520474,11806,114450,4.122370421999746,0.18025779463368843
2839,0.2845,7,167,7,156137,520307,11813,114443,4.121047712583956,0.18029617959826705
2840,0.2846,19,252,19,156389,520055,11832,114424,4.119051767836776,0.18034324225072856
2841,0.2847,5,64,5,156453,519991,11837,114419,4.118544861234318,0.18035497548903706
2842,0.2848,4,103,4,156556,519888,11841,114415,4.117729058420986,0.1803790932724581
2843,0.2849,5,43,5,156599,519845,11846,114410,4.117388480547459,0.18038486097862846
2844,0.285,8,51,8,156650,519794,11854,114402,4.116984539348625,0.18038902799765372
2845,0.2851,9,147,9,156797,519647,11863,114393,4.115820238246103,0.18041921645322062
2846,0.2852,5,59,5,156856,519588,11868,114388,4.115352933721962,0.18042954307418577
2847,0.2853,9,68,9,156924,519520,11877,114379,4.11481434545685,0.18043726208749344
2848,0.2854,6,56,6,156980,519464,11883,114373,4.114370802179699,0.1804454457534035
2849,0.2855,3,60,3,157040,519404,11886,114370,4.1138955772398935,0.18045864929769917
2850,0.2856,15,148,15,157188,519256,11901,114355,4.112723355721708,0.18048139947065314
2851,0.2857,4,55,4,157243,519201,11905,114351,4.112287732860221,0.18049189332525192
2852,0.2858,3,33,3,157276,519168,11908,114348,4.112026359143328,0.18049741442994335
2853,0.2859,4,82,4,157358,519086,11912,114344,4.111376885058928,0.18051560551284276
2854,0.286,7,135,7,157493,518951,11919,114337,4.110307628944367,0.18054502848624954
2855,0.2861,5,54,5,157547,518897,11924,114332,4.109879926498543,0.18055395441459568
2856,0.2862,8,64,8,157611,518833,11932,114324,4.1093730198960845,0.18056185116803572
2857,0.2863,11,68,11,157679,518765,11943,114313,4.108834431630972,0.18056700754093494
2858,0.2864,13,147,13,157826,518618,11956,114300,4.10767013052845,0.1805921146183234
2859,0.2865,5,57,5,157883,518561,11961,114295,4.107218666835635,0.18060190627883752
2860,0.2866,4,73,4,157956,518488,11965,114291,4.106640476492206,0.18061756158153164
2861,0.2867,2,85,2,158041,518403,11967,114289,4.105967241160816,0.18063923678503915
2862,0.2868,6,28,6,158069,518375,11973,114283,4.10574546952224,0.1806394608145317
2863,0.2869,11,76,11,158145,518299,11984,114272,4.105143517931821,0.18064691552410717
2864,0.287,15,129,15,158274,518170,11999,114257,4.104121784311241,0.18066432963804518
2865,0.2871,9,118,9,158392,518052,12008,114248,4.103187175262958,0.18068638304602247
2866,0.2872,10,100,10,158492,517952,12018,114238,4.102395133696616,0.1807020041443237
2867,0.2873,13,94,13,158586,517858,12031,114225,4.101650614624256,0.18071202674332326
2868,0.2874,11,112,11,158698,517746,12042,114214,4.100763528069953,0.180729793024875
2869,0.2875,10,55,10,158753,517691,12052,114204,4.100327905208466,0.18073255841555955
2870,0.2876,5,38,5,158791,517653,12057,114199,4.100026929413255,0.18073694472756277
2871,0.2877,8,137,8,158928,517516,12065,114191,4.098941832467368,0.18076576640752753
2872,0.2878,19,206,19,159134,517310,12084,114172,4.097310226840705,0.18080008614655682
2873,0.2879,5,46,5,159180,517264,12089,114167,4.096945887720188,0.18080677065269207
2874,0.288,9,147,9,159327,517117,12098,114158,4.095781586617666,0.1808371945665518
2875,0.2881,6,58,6,159385,517059,12104,114152,4.0953222025091875,0.18084602454646703
2876,0.2882,3,29,3,159414,517030,12107,114149,4.095092510454949,0.18085044020792834
2877,0.2883,6,91,6,159505,516939,12113,114143,4.094371752629578,0.1808687302125556
2878,0.2884,18,198,18,159703,516741,12131,114125,4.092803510328222,0.18090212501545494
2879,0.2885,4,78,4,159781,516663,12135,114121,4.092185717906475,0.18091930042613635
2880,0.2886,6,76,6,159857,516587,12141,114115,4.091583766316056,0.18093330923320364
2881,0.2887,11,63,11,159920,516524,12152,114104,4.091084780129261,0.18093709762332152
2882,0.2888,16,178,16,160098,516346,12168,114088,4.089674946141174,0.18096739706297565
2883,0.2889,11,56,11,160154,516290,12179,114077,4.089231402864022,0.1809691814450947
2884,0.289,4,29,4,160183,516261,12183,114073,4.089001710809783,0.18097230991823382
2885,0.2891,5,38,5,160221,516223,12188,114068,4.088700735014574,0.180976723449962
2886,0.2892,13,164,13,160385,516059,12201,114055,4.087401786845773,0.1810069289049283
2887,0.2893,7,172,7,160557,515887,12208,114048,4.086039475351667,0.1810472509068396
2888,0.2894,11,58,11,160615,515829,12219,114037,4.085580091243188,0.18104962007792133
2889,0.2895,5,42,5,160657,515787,12224,114032,4.085247433785325,0.18105519204723897
2890,0.2896,11,167,11,160824,515620,12235,114021,4.083924724369535,0.1810889062179877
2891,0.2897,6,41,6,160865,515579,12241,114015,4.083599987327335,0.18109289478616378
2892,0.2898,3,29,3,160894,515550,12244,114012,4.083370295273096,0.18109733433720587
2893,0.2899,14,127,14,161021,515423,12258,113998,4.082364402483842,0.18111566026554562
2894,0.29,4,56,4,161077,515367,12262,113994,4.081920859206691,0.1811265712365399
2895,0.2901,8,176,8,161253,515191,12270,113986,4.08052686604993,0.18116682586934996
2896,0.2902,1,41,1,161294,515150,12271,113985,4.080202129007731,0.1811773307795624
2897,0.2903,12,138,12,161432,515012,12283,113973,4.079109111646179,0.18120145949426458
2898,0.2904,9,109,9,161541,514903,12292,113964,4.078245786338867,0.1812211485099393
2899,0.2905,9,221,9,161762,514682,12301,113955,4.076495374477252,0.1812731353706511
2900,0.2906,0,72,0,161834,514610,12301,113955,4.075925104549487,0.18129389959670042
2901,0.2907,14,96,14,161930,514514,12315,113941,4.075164744645799,0.18130335505326556
2902,0.2908,18,149,18,162079,514365,12333,113923,4.07398460271195,0.18132289650606093
2903,0.2909,15,76,15,162155,514289,12348,113908,4.0733826511215305,0.1813252849026659
2904,0.291,9,103,9,162258,514186,12357,113899,4.072566848308199,0.1813432895229149
2905,0.2911,3,90,3,162348,514096,12360,113896,4.071854010898492,0.1813653677116906
2906,0.2912,11,66,11,162414,514030,12371,113885,4.071331263464707,0.1813700899007031
2907,0.2913,8,88,8,162502,513942,12379,113877,4.0706342668863265,0.181385080731867
2908,0.2914,6,81,6,162583,513861,12385,113871,4.06999271321759,0.1814006614287626
2909,0.2915,9,142,9,162725,513719,12394,113862,4.068868014193385,0.18142996680906529
2910,0.2916,17,124,17,162849,513595,12411,113845,4.0678858826511215,0.18144364401377025
2911,0.2917,13,57,13,162906,513538,12424,113832,4.067434418958307,0.1814431675088066
2912,0.2918,9,64,9,162970,513474,12433,113823,4.066927512355848,0.18144993519815972
2913,0.2919,6,109,6,163079,513365,12439,113817,4.066064187048537,0.18147363923071771
2914,0.292,14,73,14,163152,513292,12453,113803,4.065485996705107,0.1814764908028289
2915,0.2921,10,65,10,163217,513227,12463,113793,4.064971169686985,0.18148224937003604
2916,0.2922,10,47,10,163264,513180,12473,113783,4.064598910150805,0.18148279882544904
2917,0.2923,5,51,5,163315,513129,12478,113778,4.064194968951971,0.18149103455536467
2918,0.2924,7,105,7,163420,513024,12485,113771,4.0633633253073125,0.18151229668392377
2919,0.2925,7,80,7,163500,512944,12492,113764,4.062729692054239,0.18152632485942416
2920,0.2926,2,25,2,163525,512919,12494,113762,4.062531681662653,0.18153095434519317
2921,0.2927,6,104,6,163629,512815,12500,113756,4.061707958433659,0.1815532477564394
2922,0.2928,10,48,10,163677,512767,12510,113746,4.0613277784818145,0.18155409384960886
2923,0.2929,8,106,8,163783,512661,12518,113738,4.060488214421492,0.18157436394374832
2924,0.293,7,85,7,163868,512576,12525,113731,4.059814979090103,0.18158985928626056
2925,0.2931,13,145,13,164013,512431,12538,113718,4.0586665188189075,0.1816149191326665
2926,0.2932,5,48,5,164061,512383,12543,113713,4.058286338867064,0.18162230712223046
2927,0.2933,11,85,11,164146,512298,12554,113702,4.057613103535673,0.18163258785942493
2928,0.2934,7,74,7,164220,512224,12561,113695,4.0570269927765805,0.18164490932532804
2929,0.2935,8,46,8,164266,512178,12569,113687,4.056662653656064,0.18164779944556733
2930,0.2936,11,63,11,164329,512115,12580,113676,4.056163667469269,0.1816517016064469
2931,0.2937,14,156,14,164485,511959,12594,113662,4.054928082625776,0.18167868405951845
2932,0.2938,7,72,7,164557,511887,12601,113655,4.054357812698011,0.1816904380521212
2933,0.2939,11,56,11,164613,511831,12612,113644,4.05391426942086,0.18169231384148046
2934,0.294,13,84,13,164697,511747,12625,113631,4.053248954505133,0.18169970801659158
2935,0.2941,14,100,14,164797,511647,12639,113617,4.052456912938791,0.1817104455078175
2936,0.2942,5,71,5,164868,511576,12644,113612,4.051894563426688,0.18172453725919244
2937,0.2943,12,94,12,164962,511482,12656,113600,4.051150044354328,0.18173615621630443
2938,0.2944,11,89,11,165051,511393,12667,113589,4.050445127360284,0.18174763433186875
2939,0.2945,12,107,12,165158,511286,12679,113577,4.049597642884298,0.18176304245890698
2940,0.2946,6,60,6,165218,511226,12685,113571,4.049122417944494,0.1817726397533919
2941,0.2947,26,147,26,165365,511079,12711,113545,4.047958116841972,0.18178135966597506
2942,0.2948,22,137,22,165502,510942,12733,113523,4.0468730198960845,0.1817924143066465
2943,0.2949,14,175,14,165677,510767,12747,113509,4.045486947154987,0.18182502611024612
2944,0.295,10,93,10,165770,510674,12757,113499,4.044750348498289,0.18183900937720793
2945,0.2951,5,28,5,165798,510646,12762,113494,4.0445285768597135,0.18184061268305188
2946,0.2952,10,110,10,165908,510536,12772,113484,4.043657331136738,0.1818595557834685
2947,0.2953,10,119,10,166027,510417,12782,113474,4.042714801672791,0.18188112987685348
2948,0.2954,5,38,5,166065,510379,12787,113469,4.042413825877582,0.18188565163309012
2949,0.2955,14,176,14,166241,510203,12801,113455,4.0410198327208215,0.18191861565152695
2950,0.2956,7,51,7,166292,510152,12808,113448,4.040615891521987,0.18192431045542015
2951,0.2957,2,53,2,166345,510099,12810,113446,4.040196109491826,0.18193714968446545
2952,0.2958,8,68,8,166413,510031,12818,113438,4.039657521226714,0.18194649613693703
2953,0.2959,5,82,5,166495,509949,12823,113433,4.039008047142314,0.18196386806163797
2954,0.296,16,104,16,166599,509845,12839,113417,4.038184323913319,0.1819732311612131
2955,0.2961,5,87,5,166686,509758,12844,113412,4.037495247750602,0.18199207278912657
2956,0.2962,3,54,3,166740,509704,12847,113409,4.037067545304778,0.18200390619357965
2957,0.2963,6,78,6,166818,509626,12853,113403,4.036449752883032,0.18201881453351287
2958,0.2964,12,78,12,166896,509548,12865,113391,4.035831960461285,0.18202584843780853
2959,0.2965,2,37,2,166933,509511,12867,113389,4.035538905081738,0.18203403435543425
2960,0.2966,4,78,4,167011,509433,12871,113385,4.034921112659992,0.18205157847075712
2961,0.2967,8,89,8,167100,509344,12879,113377,4.034216195665948,0.18206708943491548
2962,0.2968,13,122,13,167222,509222,12892,113364,4.033249904955012,0.1820856877604058
2963,0.2969,15,84,15,167306,509138,12907,113349,4.032584590039285,0.18209054968216204
2964,0.297,11,138,11,167444,509000,12918,113338,4.0314915726777345,0.18211647047103022
2965,0.2971,17,126,17,167570,508874,12935,113321,4.030493600304144,0.18213100394570833
2966,0.2972,12,95,12,167665,508779,12947,113309,4.02974116081612,0.18214304085595606
2967,0.2973,6,51,6,167716,508728,12953,113303,4.029337219617285,0.1821500857674296
2968,0.2974,5,53,5,167769,508675,12958,113298,4.028917437587125,0.1821590326268182
2969,0.2975,7,70,7,167839,508605,12965,113291,4.028363008490685,0.18217033073054015
2970,0.2976,32,176,32,168015,508429,12997,113259,4.026969015333925,0.18217980723449706
2971,0.2977,11,110,11,168125,508319,13008,113248,4.026097769610949,0.1821975748390761
2972,0.2978,7,60,7,168185,508259,13015,113241,4.025622544671144,0.1822059533386967
2973,0.2979,5,59,5,168244,508200,13020,113236,4.0251552401470025,0.18221667235242245
2974,0.298,12,92,12,168336,508108,13032,113224,4.024426561905969,0.18222785885806622
2975,0.2981,5,55,5,168391,508053,13037,113219,4.023990939044481,0.18223740970138683
2976,0.2982,1,103,1,168494,507950,13038,113218,4.023175136231149,0.18226631120727405
2977,0.2983,6,71,6,168565,507879,13044,113212,4.022612786719047,0.18227924732446615
2978,0.2984,7,52,7,168617,507827,13051,113205,4.022200925104549,0.18228529286735626
2979,0.2985,15,88,15,168705,507739,13066,113190,4.021503928526169,0.18229137308774432
2980,0.2986,2,77,2,168782,507662,13068,113188,4.020894056520087,0.18231134734637996
2981,0.2987,2,23,2,168805,507639,13070,113186,4.020711886959828,0.18231546732170903
2982,0.2988,12,93,12,168898,507546,13082,113174,4.01997528830313,0.1823269751256605
2983,0.2989,21,151,21,169049,507395,13103,113153,4.018779305537954,0.18234367043323
2984,0.299,4,75,4,169124,507320,13107,113149,4.018185274363199,0.18236044024761913
2985,0.2991,6,74,6,169198,507246,13113,113143,4.017599163604106,0.1823742845214857
2986,0.2992,10,61,10,169259,507185,13123,113133,4.017116018248638,0.1823790378483294
2987,0.2993,6,78,6,169337,507107,13129,113127,4.016498225826892,0.18239406417577883
2988,0.2994,16,197,16,169534,506910,13145,113111,4.014937903941199,0.18243091766246627
2989,0.2995,12,128,12,169662,506782,13157,113099,4.013924090736282,0.18245276109446812
2990,0.2996,7,48,7,169710,506734,13164,113092,4.013543910784438,0.182457657471613
2991,0.2997,6,88,6,169798,506646,13170,113086,4.012846914206057,0.18247565076516947
2992,0.2998,11,49,11,169847,506597,13181,113075,4.01245881383855,0.18247556771969686
2993,0.2999,10,126,10,169973,506471,13191,113065,4.01146084146496,0.18249948348441414
2994,0.3,8,96,8,170069,506375,13199,113057,4.010700481561273,0.1825172093143396
2995,0.3001,20,239,20,170308,506136,13219,113037,4.008807502217716,0.1825612550934876
2996,0.3002,5,47,5,170355,506089,13224,113032,4.008435242681536,0.182568512455562
2997,0.3003,10,125,10,170480,505964,13234,113022,4.007445190723609,0.1825921749441829
2998,0.3004,13,142,13,170622,505822,13247,113009,4.006320491699404,0.18261690186819987
2999,0.3005,6,82,6,170704,505740,13253,113003,4.005671017615004,0.18263317726422765
3000,0.3006,4,79,4,170783,505661,13257,112999,4.005045304777595,0.18265121391394304
3001,0.3007,2,22,2,170805,505639,13259,112997,4.004871055633,0.18265506695374986
3002,0.3008,11,87,11,170892,505552,13270,112986,4.004181979470283,0.18266622260879686
3003,0.3009,10,83,10,170975,505469,13280,112976,4.0035245849702195,0.18267752184915392
3004,0.301,9,90,9,171065,505379,13289,112967,4.002811747560512,0.1826922143912955
3005,0.3011,13,252,13,171317,505127,13302,112954,4.000815802813332,0.18274951017746865
3006,0.3012,7,56,7,171373,505071,13309,112947,4.000372259536181,0.1827568129083619
3007,0.3013,5,139,5,171512,504932,13314,112942,3.999271321758966,0.18279131343930963
3008,0.3014,3,74,3,171586,504858,13317,112939,3.998685210999873,0.18280923992832598
3009,0.3015,7,57,7,171643,504801,13324,112932,3.998233747307059,0.18281684805571338
3010,0.3016,12,100,12,171743,504701,13336,112920,3.997441705740717,0.18283057085170357
3011,0.3017,8,53,8,171796,504648,13344,112912,3.997021923710556,0.1828356758857439
3012,0.3018,12,139,12,171935,504509,13356,112900,3.995920985933342,0.18286095602752794
3013,0.3019,1,21,1,171956,504488,13357,112899,3.9957546572044103,0.1828658523746046
3014,0.302,4,29,4,171985,504459,13361,112895,3.995524965150171,0.18286914800908394
3015,0.3021,4,32,4,172017,504427,13365,112891,3.9952715118489417,0.18287333270696787
3016,0.3022,12,84,12,172101,504343,13377,112879,3.994606196933215,0.18288233407104737
3017,0.3023,10,112,10,172213,504231,13387,112869,3.9937191103789127,0.1829022848808945
3018,0.3024,5,86,5,172299,504145,13392,112864,3.993037954631859,0.18292115674163587
3019,0.3025,10,62,10,172361,504083,13402,112854,3.9925468888607276,0.1829262955536789
3020,0.3026,11,106,11,172467,503977,13413,112843,3.9917073248004056,0.18294316007911546
3021,0.3027,3,47,3,172514,503930,13416,112840,3.991335065264225,0.1829531267733515
3022,0.3028,25,146,25,172660,503784,13441,112815,3.9901786845773666,0.18296331975887084
3023,0.3029,0,21,0,172681,503763,13441,112815,3.990012355848435,0.18296955129764603
3024,0.303,9,103,9,172784,503660,13450,112806,3.9891965530351032,0.18298819399610036
3025,0.3031,11,96,11,172880,503564,13461,112795,3.9884361931314154,0.1830021140277014
3026,0.3032,4,37,4,172917,503527,13465,112791,3.988143137751869,0.18300779792250105
3027,0.3033,19,116,19,173033,503411,13484,112772,3.987224369534913,0.18301705824406062
3028,0.3034,15,110,15,173143,503301,13499,112757,3.986353123811938,0.18302984459255459
3029,0.3035,2,61,2,173204,503240,13501,112755,3.9858699784564693,0.18304531692627377
3030,0.3036,7,61,7,173265,503179,13508,112748,3.985386833101001,0.18305416063916666
3031,0.3037,3,42,3,173307,503137,13511,112745,3.9850541756431377,0.18306266460133597
3032,0.3038,13,62,13,173369,503075,13524,112732,3.9845631098720062,0.18306384955026495
3033,0.3039,4,70,4,173439,503005,13528,112728,3.9840086807755672,0.18307935420060317
3034,0.304,7,119,7,173558,502886,13535,112721,3.983066151311621,0.18310545526610322
3035,0.3041,7,64,7,173622,502822,13542,112714,3.9825592447091624,0.18311520365989967
3036,0.3042,23,143,23,173765,502679,13565,112691,3.981426625269294,0.18312722427157646
3037,0.3043,3,40,3,173805,502639,13568,112688,3.9811098086427577,0.18313514602804687
3038,0.3044,6,57,6,173862,502582,13574,112682,3.980658344949943,0.18314414625266554
3039,0.3045,8,74,8,173936,502508,13582,112674,3.9800722341908505,0.18315555396614336
3040,0.3046,3,23,3,173959,502485,13585,112671,3.9798900646305917,0.18315841835241792
3041,0.3047,3,101,3,174060,502384,13588,112668,3.979090102648587,0.1831845112283189
3042,0.3048,12,50,12,174110,502334,13600,112656,3.978694081865416,0.1831834663978276
3043,0.3049,2,59,2,174169,502275,13602,112654,3.9782267773412747,0.18319838550466802
3044,0.305,8,115,8,174284,502160,13610,112646,3.9773159295399823,0.18322202450854416
3045,0.3051,23,193,23,174477,501967,13633,112623,3.9757872893169433,0.1832489952651361
3046,0.3052,22,125,22,174602,501842,13655,112601,3.9747972373590166,0.18325703116481107
3047,0.3053,8,40,8,174642,501802,13663,112593,3.97448042073248,0.18325832729758543
3048,0.3054,6,78,6,174720,501724,13669,112587,3.9738626283107337,0.1832736187370892
3049,0.3055,10,109,10,174829,501615,13679,112577,3.9729993030034216,0.1832928465365879
3050,0.3056,10,113,10,174942,501502,13689,112567,3.972104296033456,0.18331327586964982
3051,0.3057,12,75,12,175017,501427,13701,112555,3.9715102648586997,0.18331970644090542
3052,0.3058,1,9,1,175026,501418,13702,112554,3.971438981117729,0.18332106350126715
3053,0.3059,6,111,6,175137,501307,13708,112548,3.97055981497909,0.18334622997287633
3054,0.306,10,67,10,175204,501240,13718,112538,3.970029147129641,0.183352938684671
3055,0.3061,11,86,11,175290,501154,13729,112527,3.9693479913825875,0.18336399530049
3056,0.3062,3,42,3,175332,501112,13732,112524,3.9690153339247245,0.1833725531096611
3057,0.3063,7,50,7,175382,501062,13739,112517,3.9686193131415535,0.18337817950092816
3058,0.3064,15,98,15,175480,500964,13754,112502,3.967843112406539,0.18338750639807258
3059,0.3065,12,153,12,175633,500811,13766,112490,3.966631288810037,0.18341727797606722
3060,0.3066,16,120,16,175753,500691,13782,112474,3.965680838930427,0.18343186581099705
3061,0.3067,4,68,4,175821,500623,13786,112470,3.965142250665315,0.1834468832624088
3062,0.3068,11,93,11,175914,500530,13797,112459,3.9644056520086175,0.1834600620892055
3063,0.3069,3,43,3,175957,500487,13800,112456,3.9640650741350907,0.18346893593694683
3064,0.307,7,90,7,176047,500397,13807,112449,3.9633522367253833,0.18348655290236046
3065,0.3071,14,78,14,176125,500319,13821,112435,3.962734444303637,0.1834912542390584
3066,0.3072,8,78,8,176203,500241,13829,112427,3.9621166518818907,0.1835039532014076
3067,0.3073,3,76,3,176279,500165,13832,112424,3.9615147002914712,0.18352272078016418
3068,0.3074,6,66,6,176345,500099,13838,112418,3.960991952857686,0.18353449781801975
3069,0.3075,12,86,12,176431,500013,13850,112406,3.9603107971106324,0.1835442727936266
3070,0.3076,6,94,6,176525,499919,13856,112400,3.9595662780382717,0.1835644492494925
3071,0.3077,3,31,3,176556,499888,13859,112397,3.9593207451527057,0.18356974284851008
3072,0.3078,9,66,9,176622,499822,13868,112388,3.9587979977189205,0.18357753058591006
3073,0.3079,8,70,8,176692,499752,13876,112380,3.9582435686224815,0.18358785360020388
3074,0.308,7,33,7,176725,499719,13883,112373,3.9579821949055884,0.18358841481345942
3075,0.3081,10,56,10,176781,499663,13893,112363,3.9575386516284374,0.1835918735478558
3076,0.3082,5,96,5,176877,499567,13898,112358,3.9567782917247496,0.18361400498427094
3077,0.3083,16,113,16,176990,499454,13914,112342,3.955883284754784,0.18362656833323526
3078,0.3084,7,107,7,177097,499347,13921,112335,3.9550358002787984,0.1836493472098247
3079,0.3085,10,79,10,177176,499268,13931,112325,3.954410087441389,0.18365972141603976
3080,0.3086,14,94,14,177270,499174,13945,112311,3.953665568369028,0.18366926416837698
3081,0.3087,4,47,4,177317,499127,13949,112307,3.9532933088328477,0.18367804211084107
3082,0.3088,14,102,14,177419,499025,13963,112293,3.9524854264351794,0.18368999440553035
3083,0.3089,21,247,21,177666,498778,13984,112272,3.950529083766316,0.1837361918009983
3084,0.309,14,98,14,177764,498680,13998,112258,3.9497528830313016,0.18374695959328116
3085,0.3091,7,58,7,177822,498622,14005,112251,3.9492934989228234,0.1837550521957919
3086,0.3092,9,72,9,177894,498550,14014,112242,3.948723228995058,0.1837646858505023
3087,0.3093,20,157,20,178051,498393,14034,112222,3.947479723735902,0.1837852001670447
3088,0.3094,4,105,4,178156,498288,14038,112218,3.946648080091243,0.18381146131241954
3089,0.3095,2,40,2,178196,498248,14040,112216,3.9463312634647068,0.18382083136761546
3090,0.3096,14,173,14,178369,498075,14054,112202,3.944961031554936,0.1838542170194846
3091,0.3097,12,91,12,178460,497984,14066,112190,3.9442402737295654,0.18386558588205987
3092,0.3098,3,35,3,178495,497949,14069,112187,3.9439630591813457,0.18387212031415948
3093,0.3099,6,85,6,178580,497864,14075,112181,3.943289823849956,0.18388971305395505
3094,0.31,10,109,10,178689,497755,14085,112171,3.9424264985426434,0.18390919554175425
3095,0.3101,23,248,23,178937,497507,14108,112148,3.9404622354581167,0.1839532194437838
3096,0.3102,7,55,7,178992,497452,14115,112141,3.940026612596629,0.18396044574002654
3097,0.3103,2,35,2,179027,497417,14117,112139,3.9397493980484097,0.18396833104751656
3098,0.3104,12,98,12,179125,497319,14129,112127,3.938973197313395,0.18398184580750387
3099,0.3105,11,105,11,179230,497214,14140,112116,3.9381415536687365,0.18399881837427995
3100,0.3106,6,47,6,179277,497167,14146,112110,3.937769294132556,0.1840049763900492
3101,0.3107,8,130,8,179407,497037,14154,112102,3.936739640096312,0.18403352929298566
3102,0.3108,8,71,8,179478,496966,14162,112094,3.93617729058421,0.18404426493284734
3103,0.3109,3,83,3,179561,496883,14165,112091,3.9355198960841467,0.18406532955429952
3104,0.311,4,61,4,179622,496822,14169,112087,3.935036750728678,0.18407840908904285
3105,0.3111,4,47,4,179669,496775,14173,112083,3.934664491192498,0.1840872584412129
3106,0.3112,10,118,10,179787,496657,14183,112073,3.933729882144215,0.18410953953312634
3107,0.3113,14,109,14,179896,496548,14197,112059,3.932866556836903,0.1841237448797007
3108,0.3114,11,155,11,180051,496393,14208,112048,3.9316388924090737,0.1841559000790545
3109,0.3115,14,111,14,180162,496282,14222,112034,3.9307597262704346,0.18417072705633256
3110,0.3116,7,62,7,180224,496220,14229,112027,3.930268660499303,0.18418011104041615
3111,0.3117,22,197,22,180421,496023,14251,112005,3.9287083386136104,0.1842102666324577
3112,0.3118,19,86,19,180507,495937,14270,111986,3.9280271828665567,0.18421082933200422
3113,0.3119,4,122,4,180629,495815,14274,111982,3.9270608921556205,0.18424243620814187
3114,0.312,9,64,9,180693,495751,14283,111973,3.926553985553162,0.18424975811388064
3115,0.3121,11,178,11,180871,495573,14294,111962,3.9251441515650742,0.18428897100578567
3116,0.3122,16,147,16,181018,495426,14310,111946,3.9239798504625525,0.1843120855093748
3117,0.3123,15,104,15,181122,495322,14325,111931,3.923156127233557,0.18432350272456455
3118,0.3124,8,63,8,181185,495259,14333,111923,3.9226571410467623,0.18433188072110174
3119,0.3125,15,70,15,181255,495189,14348,111908,3.9221027119503233,0.18433298138518228
3120,0.3126,2,38,2,181293,495151,14350,111906,3.9218017361551136,0.1843418328097691
3121,0.3127,7,32,7,181325,495119,14357,111899,3.9215482828538843,0.1843421447139953
3122,0.3128,11,128,11,181453,494991,14368,111888,3.9205344696489672,0.18436624104640298
3123,0.3129,13,134,13,181587,494857,14381,111875,3.9194731339500697,0.18438948333036662
3124,0.313,13,142,13,181729,494715,14394,111862,3.918348434925865,0.18441516905520652
3125,0.3131,18,133,18,181862,494582,14412,111844,3.917295019642631,0.18443140630513863
3126,0.3132,3,29,3,181891,494553,14415,111841,3.917065327588392,0.1844361916509728
3127,0.3133,5,52,5,181943,494501,14420,111836,3.9166534659738943,0.1844452837283557
3128,0.3134,13,85,13,182028,494416,14433,111823,3.915980230642504,0.18445365606633687
3129,0.3135,6,28,6,182056,494388,14439,111817,3.9157584590039285,0.18445410380976732
3130,0.3136,2,30,2,182086,494358,14441,111815,3.9155208465340263,0.18446054179252458
3131,0.3137,13,128,13,182214,494230,14454,111802,3.914507033329109,0.1844820075507564
3132,0.3138,8,79,8,182293,494151,14462,111794,3.9138813204916993,0.18449529247704
3133,0.3139,13,164,13,182457,493987,14475,111781,3.9125823723228996,0.18452773999286856
3134,0.314,9,80,9,182537,493907,14484,111772,3.9119487390698264,0.18453999560823472
3135,0.3141,5,69,5,182606,493838,14489,111767,3.9114022303890508,0.1845542886865201
3136,0.3142,10,88,10,182694,493750,14499,111757,3.9107052338106705,0.18456764331378497
3137,0.3143,9,92,9,182786,493658,14508,111748,3.9099765555696364,0.18458356871256645
3138,0.3144,5,45,5,182831,493613,14513,111743,3.9096201368647825,0.18459055497921883
3139,0.3145,9,58,9,182889,493555,14522,111734,3.909160752756305,0.1845961185483298
3140,0.3146,7,74,7,182963,493481,14529,111727,3.908574641997212,0.18460925830458288
3141,0.3147,11,143,11,183106,493338,14540,111716,3.9074420225573436,0.184638065362761
3142,0.3148,6,54,6,183160,493284,14546,111710,3.9070143201115193,0.18464645930372864
3143,0.3149,9,59,9,183219,493225,14555,111701,3.906547015587378,0.18465233764129826
3144,0.315,17,84,17,183303,493141,14572,111684,3.9058817006716513,0.18465506551481833
3145,0.3151,11,91,11,183394,493050,14583,111673,3.9051609428462806,0.1846680215569773
3146,0.3152,10,78,10,183472,492972,14593,111663,3.9045431504245345,0.18467835967153737
3147,0.3153,17,197,17,183669,492775,14610,111646,3.9029828285388417,0.18471562040365905
3148,0.3154,12,123,12,183792,492652,14622,111634,3.9020086174122417,0.18473702849313073
3149,0.3155,12,90,12,183882,492562,14634,111622,3.9012957800025347,0.18474835480582075
3150,0.3156,14,104,14,183986,492458,14648,111608,3.9004720567735394,0.1847612678084845
3151,0.3157,9,62,9,184048,492396,14657,111599,3.899980991002408,0.18476808582852508
3152,0.3158,22,188,22,184236,492208,14679,111577,3.898491952857686,0.1847959124522802
3153,0.3159,13,113,13,184349,492095,14692,111564,3.89759694588772,0.18481294903248358
3154,0.316,2,26,2,184375,492069,14694,111562,3.8973910150804714,0.18481820847504518
3155,0.3161,8,73,8,184448,491996,14702,111554,3.8968128247370424,0.18482975726948886
3156,0.3162,8,113,8,184561,491883,14710,111546,3.8959178177670766,0.18485356189377705
3157,0.3163,8,24,8,184585,491859,14718,111538,3.8957277277911544,0.18485010697766147
3158,0.3164,3,50,3,184635,491809,14721,111535,3.895331707007984,0.18486137261661673
3159,0.3165,21,116,21,184751,491693,14742,111514,3.8944129387910276,0.18486854429739707
3160,0.3166,2,43,2,184794,491650,14744,111512,3.8940723609175008,0.18487902089322603
3161,0.3167,13,155,13,184949,491495,14757,111499,3.892844696489672,0.18490897090186637
3162,0.3168,4,55,4,185004,491440,14761,111495,3.8924090736281842,0.1849204308922189
3163,0.3169,11,133,11,185137,491307,14772,111484,3.89135565834495,0.18494635785869398
3164,0.317,1,28,1,185165,491279,14773,111483,3.8911338867063745,0.18495359694207664
3165,0.3171,17,141,17,185306,491138,14790,111466,3.890017108097833,0.18497388002734796
3166,0.3172,3,45,3,185351,491093,14793,111463,3.8896606893929793,0.18498363637570617
3167,0.3173,10,52,10,185403,491041,14803,111453,3.889248827778482,0.18498607455012
3168,0.3174,5,50,5,185453,490991,14808,111448,3.888852806995311,0.18499466336010784
3169,0.3175,16,141,16,185594,490850,14824,111432,3.8877360283867697,0.18501632125814818
3170,0.3176,6,60,6,185654,490790,14830,111426,3.887260803446965,0.18502663496154204
3171,0.3177,5,78,5,185732,490712,14835,111421,3.886643011025219,0.18504383583029
3172,0.3178,6,59,6,185791,490653,14841,111415,3.8861757065010774,0.18505384773812925
3173,0.3179,8,52,8,185843,490601,14849,111407,3.8857638448865797,0.18505900253817226
3174,0.318,14,116,14,185959,490485,14863,111393,3.8848450766696234,0.18507571301825287
3175,0.3181,4,33,4,185992,490452,14867,111389,3.884583702952731,0.18508044483509764
3176,0.3182,11,71,11,186063,490381,14878,111378,3.8840213534406285,0.18508738548156323
3177,0.3183,9,58,9,186121,490323,14887,111369,3.8835619693321504,0.18509303763387247
3178,0.3184,8,52,8,186173,490271,14895,111361,3.883150107717653,0.18509819956385298
3179,0.3185,9,46,9,186219,490225,14904,111352,3.882785768597136,0.18510016174155594
3180,0.3186,10,86,10,186305,490139,14914,111342,3.8821046128500822,0.18511307921613485
3181,0.3187,4,56,4,186361,490083,14918,111338,3.881661069572931,0.18512489587161074
3182,0.3188,13,39,13,186400,490044,14931,111325,3.881352173362058,0.18511928616207354
3183,0.3189,14,84,14,186484,489960,14945,111311,3.880686858446331,0.18512617438725631
3184,0.319,17,168,17,186652,489792,14962,111294,3.8793562286148777,0.18515486968586858
3185,0.3191,7,49,7,186701,489743,14969,111287,3.8789681282473705,0.18516047451874282
3186,0.3192,3,49,3,186750,489694,14972,111284,3.8785800278798632,0.1851715037821684
3187,0.3193,8,69,8,186819,489625,14980,111276,3.8780335191990876,0.1851819184857406
3188,0.3194,4,113,4,186932,489512,14984,111272,3.8771385122291218,0.18521132387014302
3189,0.3195,12,82,12,187014,489430,14996,111260,3.876489038144722,0.18522032995388638
3190,0.3196,6,84,6,187098,489346,15002,111254,3.875823723228995,0.18523809523809523
3191,0.3197,8,46,8,187144,489300,15010,111246,3.875459384108478,0.18524143029842843
3192,0.3198,13,108,13,187252,489192,15023,111233,3.8746039792168294,0.18525710954740393
3193,0.3199,26,183,26,187435,489009,15049,111207,3.8731545431504246,0.18527829981206764
3194,0.32,9,86,9,187521,488923,15058,111198,3.872473387403371,0.1852926326524151
3195,0.3201,10,95,10,187616,488828,15068,111188,3.8717209479153465,0.1853083917762193
3196,0.3202,11,69,11,187685,488759,15079,111177,3.871174439234571,0.18531476690847024
3197,0.3203,6,55,6,187740,488704,15085,111171,3.870738816373083,0.18532360908522608
3198,0.3204,7,75,7,187815,488629,15092,111164,3.870144785198327,0.18533727469310246
3199,0.3205,15,128,15,187943,488501,15107,111149,3.8691309719934104,0.1853564579337947
3200,0.3206,15,127,15,188070,488374,15122,111134,3.8681250792041566,0.18537534111304604
3201,0.3207,5,94,5,188164,488280,15127,111129,3.867380560131796,0.18539761665240262
3202,0.3208,18,144,18,188308,488136,15145,111111,3.866240020276264,0.1854176992125117
3203,0.3209,8,44,8,188352,488092,15153,111103,3.865891521987074,0.1854204390891112
3204,0.321,23,190,23,188542,487902,15176,111080,3.8643866430110254,0.18544797673385843
3205,0.3211,7,101,7,188643,487801,15183,111073,3.8635866810290205,0.1854697315295037
3206,0.3212,19,70,19,188713,487731,15202,111054,3.8630322519325815,0.18546556777474385
3207,0.3213,12,48,12,188761,487683,15214,111042,3.8626520719807376,0.1854641112363773
3208,0.3214,29,318,29,189079,487365,15243,111013,3.860133379799772,0.1855231977111458
3209,0.3215,5,49,5,189128,487316,15248,111008,3.8597452794322646,0.18553158489380336
3210,0.3216,10,209,10,189337,487107,15258,110998,3.858089912558611,0.18558279900686334
3211,0.3217,19,92,19,189429,487015,15277,110979,3.857361234317577,0.18558547410174683
3212,0.3218,13,115,13,189544,486900,15290,110966,3.8564503865162845,0.1856034629833441
3213,0.3219,8,53,8,189597,486847,15298,110958,3.8560306044861234,0.1856090196636027
3214,0.322,9,102,9,189699,486745,15307,110949,3.855222722088455,0.18562843194008974
3215,0.3221,12,49,12,189748,486696,15319,110937,3.854834621720948,0.18562729969730588
3216,0.3222,6,55,6,189803,486641,15325,110931,3.8543989988594602,0.185636207854451
3217,0.3223,7,78,7,189881,486563,15332,110924,3.8537812064377137,0.18565090119115563
3218,0.3224,3,41,3,189922,486522,15335,110921,3.853456469395514,0.1856595524593978
3219,0.3225,2,59,2,189981,486463,15337,110919,3.8529891648713726,0.18567516262625924
3220,0.3226,8,106,8,190087,486357,15345,110911,3.8521496008110505,0.1856972079535485
3221,0.3227,12,89,12,190176,486268,15357,110899,3.851444683817007,0.18570852039714184
3222,0.3228,8,66,8,190242,486202,15365,110891,3.8509219363832212,0.1857181377105409
3223,0.3229,5,49,5,190291,486153,15370,110886,3.850533836015714,0.18572656057644477
3224,0.323,7,59,7,190350,486094,15377,110879,3.8500665314915725,0.1857353682662365
3225,0.3231,13,90,13,190440,486004,15390,110866,3.8493536940818656,0.18574563975405028
3226,0.3232,4,50,4,190490,485954,15394,110862,3.8489576732986945,0.18575574381383878
3227,0.3233,15,95,15,190585,485859,15409,110847,3.8482052338106705,0.18576484902112597
3228,0.3234,3,56,3,190641,485803,15412,110844,3.847761690533519,0.18577819045432223
3229,0.3235,13,80,13,190721,485723,15425,110831,3.8471280572804463,0.1857853605876417
3230,0.3236,9,106,9,190827,485617,15434,110822,3.8462884932201242,0.18580609249227498
3231,0.3237,6,51,6,190878,485566,15440,110816,3.84588455202129,0.18581379048998797
3232,0.3238,31,260,31,191138,485306,15471,110785,3.8438252439488023,0.18585249567599577
3233,0.3239,12,135,12,191273,485171,15483,110773,3.8427559878342414,0.18587820332111743
3234,0.324,34,305,34,191578,484866,15517,110739,3.8403402610569004,0.18592691464980984
3235,0.3241,25,199,25,191777,484667,15542,110714,3.838764098339881,0.18595487595338112
3236,0.3242,5,80,5,191857,484587,15547,110709,3.8381304650868078,0.18597302854378325
3237,0.3243,4,68,4,191925,484519,15551,110705,3.8375918768216954,0.1859888042148838
3238,0.3244,12,113,12,192038,484406,15563,110693,3.8366968698517296,0.1860077062808037
3239,0.3245,19,105,19,192143,484301,15582,110674,3.8358652262070714,0.18601453842598428
3240,0.3246,17,147,17,192290,484154,15599,110657,3.8347009251045496,0.18603724544435124
3241,0.3247,16,169,16,192459,483985,15615,110641,3.8333623748574324,0.186068217669594
3242,0.3248,8,59,8,192518,483926,15623,110633,3.832895070333291,0.18607573007893244
3243,0.3249,8,52,8,192570,483874,15631,110625,3.8324832087187937,0.18608105312204057
3244,0.325,6,56,6,192626,483818,15637,110619,3.832039665441642,0.18609036786068162
3245,0.3251,18,131,18,192757,483687,15655,110601,3.831002090989735,0.18610673612793796
3246,0.3252,18,191,18,192948,483496,15673,110583,3.829489291598023,0.18614191041932135
3247,0.3253,9,74,9,193022,483422,15682,110574,3.8289031808389304,0.18615276870551317
3248,0.3254,6,43,6,193065,483379,15688,110568,3.8285626029654036,0.18615802420081254
3249,0.3255,10,91,10,193156,483288,15698,110558,3.827841845140033,0.18617284615876845
3250,0.3256,9,124,9,193280,483164,15707,110549,3.8268597135977696,0.18619939263583582
3251,0.3257,11,104,11,193384,483060,15718,110538,3.8260359903687746,0.18621693469317618
3252,0.3258,10,76,10,193460,482984,15728,110528,3.825434038778355,0.18622706870290745
3253,0.3259,7,37,7,193497,482947,15735,110521,3.825140983398809,0.1862290805906974
3254,0.326,8,107,8,193604,482840,15743,110513,3.8242934989228234,0.18625169165741134
3255,0.3261,6,66,6,193670,482774,15749,110507,3.8237707514890382,0.1862641817283884
3256,0.3262,27,203,27,193873,482571,15776,110480,3.822162907109365,0.18629089235158527
3257,0.3263,8,54,8,193927,482517,15784,110472,3.8217352046635407,0.18629687903148287
3258,0.3264,13,67,13,193994,482450,15797,110459,3.821204536814092,0.18630008989575128
3259,0.3265,7,65,7,194059,482385,15804,110452,3.8206897097959702,0.18631090839471895
3260,0.3266,10,69,10,194128,482316,15814,110442,3.8201432011151946,0.18631886874576134
3261,0.3267,8,93,8,194221,482223,15822,110434,3.819406602458497,0.18633712248400003
3262,0.3268,5,46,5,194267,482177,15827,110429,3.81904226333798,0.18634472145067718
3263,0.3269,25,163,25,194430,482014,15852,110404,3.8177512355848435,0.18636165680313563
3264,0.327,7,67,7,194497,481947,15859,110397,3.8172205677353945,0.18637312102426967
3265,0.3271,7,75,7,194572,481872,15866,110390,3.816626536560639,0.18638710570659606
3266,0.3272,11,86,11,194658,481786,15877,110379,3.8159453808135853,0.18639906107250512
3267,0.3273,16,98,16,194756,481688,15893,110363,3.8151691800785703,0.18640792769541814
3268,0.3274,18,87,18,194843,481601,15911,110345,3.8144801039158533,0.18641058474928457
3269,0.3275,8,131,8,194974,481470,15919,110337,3.8134425294639462,0.18644084980407463
3270,0.3276,6,47,6,195021,481423,15925,110331,3.8130702699277657,0.18644740888950476
3271,0.3277,12,172,12,195193,481251,15937,110319,3.8117079584336584,0.18648511587808714
3272,0.3278,6,70,6,195263,481181,15943,110313,3.8111535293372194,0.18649893320980432
3273,0.3279,16,113,16,195376,481068,15959,110297,3.810258522367254,0.18651255992491947
3274,0.328,8,75,8,195451,480993,15967,110289,3.809664491192498,0.18652521132048666
3275,0.3281,5,101,5,195552,480892,15972,110284,3.808864529210493,0.18655019824891403
3276,0.3282,15,119,15,195671,480773,15987,110269,3.8079219997465468,0.18656711367381676
3277,0.3283,8,73,8,195744,480700,15995,110261,3.8073438094031173,0.18657914820098112
3278,0.3284,4,21,4,195765,480679,15999,110257,3.8071774806741856,0.18658027265219923
3279,0.3285,2,18,2,195783,480661,16001,110255,3.8070349131922443,0.1865832030271646
3280,0.3286,7,68,7,195851,480593,16008,110248,3.806496324927132,0.1865950399515267
3281,0.3287,1,19,1,195870,480574,16009,110247,3.8063458370295273,0.18659966385758123
3282,0.3288,8,97,8,195967,480477,16017,110239,3.805577556710176,0.18661928913386466
3283,0.3289,16,119,16,196086,480358,16033,110223,3.80463502724623,0.18663485618399508
3284,0.329,23,221,23,196307,480137,16056,110200,3.8028846153846154,0.18667303590999718
3285,0.3291,13,149,13,196456,479988,16069,110187,3.8017044734507666,0.186702249332825
3286,0.3292,9,86,9,196542,479902,16078,110178,3.801023317703713,0.18671705531453361
3287,0.3293,7,82,7,196624,479820,16085,110171,3.800373843619313,0.1867333569495128
3288,0.3294,6,54,6,196678,479766,16091,110165,3.7999461411734887,0.18674217832254958
3289,0.3295,14,68,14,196746,479698,16105,110151,3.799407552908377,0.1867444040762975
3290,0.3296,10,121,10,196867,479577,16115,110141,3.7984491826131035,0.18676893023445104
3291,0.3297,27,204,27,197071,479373,16142,110114,3.796833417817767,0.18679631611893052
3292,0.3298,9,85,9,197156,479288,16151,110105,3.796160182486377,0.18681083759053807
3293,0.3299,8,121,8,197277,479167,16159,110097,3.7952018121911038,0.18683815743028592
3294,0.33,14,110,14,197387,479057,16173,110083,3.7943305664681284,0.18685371898020844
3295,0.3301,7,62,7,197449,478995,16180,110076,3.7938395006969965,0.1868637227091471
3296,0.3302,11,121,11,197570,478874,16191,110065,3.7928811304017236,0.1868869271690277
3297,0.3303,21,265,21,197835,478609,16212,110044,3.790782220250919,0.18694205244855627
3298,0.3304,7,96,7,197931,478513,16219,110037,3.790021860347231,0.18696287486194885
3299,0.3305,12,204,12,198135,478309,16231,110025,3.7884060955518946,0.18701111953414218
3300,0.3306,3,37,3,198172,478272,16234,110022,3.788113040172348,0.18701873553019407
3301,0.3307,13,137,13,198309,478135,16247,110009,3.7870279432264606,0.18704432927990425
3302,0.3308,8,65,8,198374,478070,16255,110001,3.7865131162083387,0.18705394416660573
3303,0.3309,6,54,6,198428,478016,16261,109995,3.7860854137625144,0.18706282705595645
3304,0.331,22,161,22,198589,477855,16283,109973,3.7848102268407047,0.18708363671005804
3305,0.3311,10,59,10,198648,477796,16293,109963,3.784342922316563,0.18708858562778283
3306,0.3312,8,61,8,198709,477735,16301,109955,3.783859776961095,0.18709693886232537
3307,0.3313,27,134,27,198843,477601,16328,109928,3.7827984412621976,0.18710225367598876
3308,0.3314,27,143,27,198986,477458,16355,109901,3.781665821822329,0.18711043842011443
3309,0.3315,22,215,22,199201,477243,16377,109879,3.779962932454695,0.18714849724588756
3310,0.3316,6,62,6,199263,477181,16383,109873,3.7794718666835636,0.18715995462086962
3311,0.3317,8,47,8,199310,477134,16391,109865,3.779099607147383,0.18716386228937357
3312,0.3318,14,102,14,199412,477032,16405,109851,3.7782917247497148,0.18717700120807726
3313,0.3319,11,101,11,199513,476931,16416,109840,3.7774917627677103,0.18719398197934117
3314,0.332,13,116,13,199629,476815,16429,109827,3.776572994550754,0.18721298509141862
3315,0.3321,8,85,8,199714,476730,16437,109819,3.7758997592193637,0.1872290294587494
3316,0.3322,6,58,6,199772,476672,16443,109813,3.775440375110886,0.18723923032984646
3317,0.3323,6,48,6,199820,476624,16449,109807,3.775060195159042,0.18724624039315793
3318,0.3324,20,172,20,199992,476452,16469,109787,3.773697883664935,0.18727344990694922
3319,0.3325,12,100,12,200092,476352,16481,109775,3.7729058420985933,0.18728876165063202
3320,0.3326,4,83,4,200175,476269,16485,109771,3.77224844759853,0.18730973994949152
3321,0.3327,7,75,7,200250,476194,16492,109764,3.771654416423774,0.1873240061574379
3322,0.3328,22,92,22,200342,476102,16514,109742,3.77092573818274,0.18732290507370564
3323,0.3329,10,93,10,200435,476009,16524,109732,3.7701891395260425,0.18733877259744494
3324,0.333,7,79,7,200514,475930,16531,109725,3.7695634266886326,0.18735432976752525
3325,0.3331,5,49,5,200563,475881,16536,109720,3.7691753263211254,0.18736306802754776
3326,0.3332,9,45,9,200608,475836,16545,109711,3.768818907616272,0.18736497667992494
3327,0.3333,8,44,8,200652,475792,16553,109703,3.7684704093270813,0.18736795361190103
3328,0.3334,20,180,20,200832,475612,16573,109683,3.767044734507667,0.1873978079430031
3329,0.3335,14,103,14,200935,475509,16587,109669,3.7662289316943354,0.18741135175963552
3330,0.3336,5,66,5,201001,475443,16592,109664,3.76570618426055,0.18742554780578596
3331,0.3337,10,57,10,201058,475386,16602,109654,3.7652547205677354,0.1874299193217558
3332,0.3338,7,29,7,201087,475357,16609,109647,3.7650250285134965,0.18742948766162282
3333,0.3339,9,78,9,201165,475279,16618,109638,3.76440723609175,0.1874419789474404
3334,0.334,11,120,11,201285,475159,16629,109627,3.7634567862121404,0.18746515819462162
3335,0.3341,11,48,11,201333,475111,16640,109616,3.7630766062602965,0.1874652615665088
3336,0.3342,15,98,15,201431,475013,16655,109601,3.762300405525282,0.1874758387585655
3337,0.3343,14,60,14,201491,474953,16669,109587,3.761825180585477,0.18747562185650254
3338,0.3344,8,94,8,201585,474859,16677,109579,3.761080661513116,0.18749465298286558
3339,0.3345,10,115,10,201700,474744,16687,109569,3.7601698137118236,0.18751764893130907
3340,0.3346,13,95,13,201795,474649,16700,109556,3.759417374223799,0.1875300622213093
3341,0.3347,2,35,2,201830,474614,16702,109554,3.75914015967558,0.18753851631722382
3342,0.3348,8,59,8,201889,474555,16710,109546,3.7586728551514383,0.18754633188438302
3343,0.3349,10,169,10,202058,474386,16720,109536,3.7573343049043215,0.18758669822339286
3344,0.335,12,114,12,202172,474272,16732,109524,3.7564313775186924,0.18760662971311898
3345,0.3351,6,53,6,202225,474219,16738,109518,3.7560115954885314,0.187615313060505
3346,0.3352,23,255,23,202480,473964,16761,109495,3.7539918894943605,0.18766528582128308
3347,0.3353,7,76,7,202556,473888,16768,109488,3.753389937903941,0.1876799868352486
3348,0.3354,24,113,24,202669,473775,16792,109464,3.7524949309339752,0.1876829224383143
3349,0.3355,2,48,2,202717,473727,16794,109462,3.7521147509821318,0.187695584107382
3350,0.3356,11,120,11,202837,473607,16805,109451,3.7511643011025217,0.18771888902990783
3351,0.3357,16,208,16,203045,473399,16821,109435,3.749516854644532,0.187763582769708
3352,0.3358,16,193,16,203238,473206,16837,109419,3.747988214421493,0.18780347564900235
3353,0.3359,8,112,8,203350,473094,16845,109411,3.7471011278671904,0.18782843065724758
3354,0.336,6,41,6,203391,473053,16851,109405,3.7467763908249907,0.187833285833485
3355,0.3361,15,142,15,203533,472911,16866,109390,3.7456516918007856,0.18785816957209417
3356,0.3362,20,138,20,203671,472773,16886,109370,3.7445586744392347,0.18787480052152133
3357,0.3363,9,83,9,203754,472690,16895,109361,3.743901279939171,0.18788903377882693
3358,0.3364,5,49,5,203803,472641,16900,109356,3.743513179571664,0.1878978757622462
3359,0.3365,10,70,10,203873,472571,16910,109346,3.742958750475225,0.18790652275152642
3360,0.3366,7,95,7,203968,472476,16917,109339,3.742206310987201,0.18792743397815456
3361,0.3367,5,86,5,204054,472390,16922,109334,3.741525155240147,0.18794823662080298
3362,0.3368,4,64,4,204118,472326,16926,109330,3.7410182486376886,0.18796333227887274
3363,0.3369,9,181,9,204299,472145,16935,109321,3.7395846534026105,0.1880092731131313
3364,0.337,15,109,15,204408,472036,16950,109306,3.7387213280952984,0.18802357304306244
3365,0.3371,13,77,13,204485,471959,16963,109293,3.7381114560892157,0.18803032075588558
3366,0.3372,6,85,6,204570,471874,16969,109287,3.7374382207578254,0.18804943896785917
3367,0.3373,12,74,12,204644,471800,16981,109275,3.7368521099987326,0.18805661919717764
3368,0.3374,22,166,22,204810,471634,17003,109253,3.735537320998606,0.18807960928717635
3369,0.3375,10,109,10,204919,471525,17013,109243,3.7346739956912938,0.18810092842580858
3370,0.3376,10,48,10,204967,471477,17023,109233,3.73429381573945,0.18810249522136696
3371,0.3377,6,68,6,205035,471409,17029,109227,3.733755227474338,0.1881161347212367
3372,0.3378,9,62,9,205097,471347,17038,109218,3.733264161703206,0.18812363818004874
3373,0.3379,22,222,22,205319,471125,17060,109196,3.7315058294259282,0.18816482601870343
3374,0.338,11,52,11,205371,471073,17071,109185,3.7310939678114305,0.1881662984396596
3375,0.3381,7,29,7,205400,471044,17078,109178,3.7308642757571917,0.18816590891072726
3376,0.3382,18,125,18,205525,470919,17096,109160,3.729874223799265,0.188181264965634
3377,0.3383,10,68,10,205593,470851,17106,109150,3.7293356355341527,0.1881893307080505
3378,0.3384,3,62,3,205655,470789,17109,109147,3.7288445697630213,0.18820525023450863
3379,0.3385,22,129,22,205784,470660,17131,109125,3.727822836142441,0.1882163215674776
3380,0.3386,6,72,6,205856,470588,17137,109119,3.727252566214675,0.18823129615478165
3381,0.3387,9,103,9,205959,470485,17146,109110,3.726436763401343,0.18825214158162165
3382,0.3388,9,112,9,206071,470373,17155,109101,3.725549676847041,0.18827591919568437
3383,0.3389,17,212,17,206283,470161,17172,109084,3.723870548726397,0.18832100406563718
3384,0.339,6,86,6,206369,470075,17178,109078,3.7231893929793434,0.18834055940312835
3385,0.3391,9,59,9,206428,470016,17187,109069,3.722722088455202,0.1883471338404552
3386,0.3392,16,117,16,206545,469899,17203,109053,3.721795399822583,0.18836276582514613
3387,0.3393,8,104,8,206649,469795,17211,109045,3.720971676593588,0.18838539147260036
3388,0.3394,10,82,10,206731,469713,17221,109035,3.7203222025091875,0.1883980592589521
3389,0.3395,8,137,8,206868,469576,17229,109027,3.7192371055633,0.18843144608652218
3390,0.3396,4,71,4,206939,469505,17233,109023,3.7186747560511977,0.18844896011947562
3391,0.3397,14,146,14,207085,469359,17247,109009,3.7175183753643393,0.1884768866880602
3392,0.3398,10,104,10,207189,469255,17257,108999,3.716694652135344,0.1884967505629014
3393,0.3399,17,177,17,207366,469078,17274,108982,3.71529273856292,0.18853060235961666
3394,0.34,32,211,32,207577,468867,17306,108950,3.7136215308579392,0.18855450774207058
3395,0.3401,6,64,6,207641,468803,17312,108944,3.713114624255481,0.1885669678942513
3396,0.3402,18,99,18,207740,468704,17330,108926,3.712330503104803,0.18857400065786056
3397,0.3403,18,158,18,207898,468546,17348,108908,3.7110790774299836,0.18860030409348624
3398,0.3404,7,85,7,207983,468461,17355,108901,3.7104058420985933,0.18861823258198496
3399,0.3405,25,209,25,208192,468252,17380,108876,3.7087504752249396,0.1886513910259076
3400,0.3406,13,175,13,208367,468077,17393,108863,3.7073644024838424,0.18869033175026867
3401,0.3407,9,84,9,208451,467993,17402,108854,3.7066990875681154,0.18870515058585727
3402,0.3408,4,70,4,208521,467923,17406,108850,3.7061446584716764,0.18872242632716857
3403,0.3409,16,125,16,208646,467798,17422,108834,3.7051546065137497,0.18874082603809708
3404,0.341,13,134,13,208780,467664,17435,108821,3.704093270814852,0.18876640328889738
3405,0.3411,24,202,24,208982,467462,17459,108797,3.7024933468508427,0.1887987866566943
3406,0.3412,10,67,10,209049,467395,17469,108787,3.701962679001394,0.1888066617839502
3407,0.3413,2,27,2,209076,467368,17471,108785,3.701748827778482,0.1888126938504182
3408,0.3414,32,250,32,209326,467118,17503,108753,3.6997687238626282,0.18884958610522148
3409,0.3415,6,66,6,209392,467052,17509,108747,3.699245976428843,0.1888627802410216
3410,0.3416,14,118,14,209510,466934,17523,108733,3.69831136738056,0.18888176671582704
3411,0.3417,14,86,14,209596,466848,17537,108719,3.6976302116335065,0.18889025951800573
3412,0.3418,3,69,3,209665,466779,17540,108716,3.697083702952731,0.18890867861580032
3413,0.3419,6,75,6,209740,466704,17546,108710,3.6964896717779747,0.1889248436777694
3414,0.342,9,68,9,209808,466636,17555,108701,3.695951083512863,0.18893448535380133
3415,0.3421,29,190,29,209998,466446,17584,108672,3.6944462045368143,0.18895600555016537
3416,0.3422,7,43,7,210041,466403,17591,108665,3.6941056266632875,0.18896026209074404
3417,0.3423,11,77,11,210118,466326,17602,108654,3.6934957546572043,0.1889700511322133
3418,0.3424,13,93,13,210211,466233,17615,108641,3.692759156000507,0.18898228133469247
3419,0.3425,14,78,14,210289,466155,17629,108627,3.6921413635787608,0.18898817290729356
3420,0.3426,22,140,22,210429,466015,17651,108605,3.691032505385883,0.18900316731057046
3421,0.3427,11,117,11,210546,465898,17662,108594,3.690105816753263,0.1890261309121798
3422,0.3428,12,82,12,210628,465816,17674,108582,3.6894563426688634,0.18903617352428106
3423,0.3429,16,106,16,210734,465710,17690,108566,3.6886167786085413,0.18904847146668152
3424,0.343,8,85,8,210819,465625,17698,108558,3.687943543277151,0.18906515866892612
3425,0.3431,11,65,11,210884,465560,17709,108547,3.687428716259029,0.18907102682949345
3426,0.3432,16,105,16,210989,465455,17725,108531,3.686597072614371,0.1890830089932507
3427,0.3433,19,188,19,211177,465267,17744,108512,3.685108034469649,0.1891181099343127
3428,0.3434,14,115,14,211292,465152,17758,108498,3.6841971866683565,0.18913623289462217
3429,0.3435,12,65,12,211357,465087,17770,108486,3.6836823596502346,0.18914070222970747
3430,0.3436,12,187,12,211544,464900,17782,108474,3.682201241921176,0.1891854182435897
3431,0.3437,26,138,26,211682,464762,17808,108448,3.6811082245596247,0.18919418712164826
3432,0.3438,4,51,4,211733,464711,17812,108444,3.680704283360791,0.18920536329614154
3433,0.3439,10,50,10,211783,464661,17822,108434,3.6803082625776202,0.1892077229778658
3434,0.344,19,69,19,211852,464592,17841,108415,3.6797617538968446,0.18920362229431753
3435,0.3441,13,144,13,211996,464448,17854,108402,3.678621214041313,0.18923278345116523
3436,0.3442,7,89,7,212085,464359,17861,108395,3.677916297047269,0.18925227933807534
3437,0.3443,9,136,9,212221,464223,17870,108386,3.6768391205170445,0.18928448557392566
3438,0.3444,10,66,10,212287,464157,17880,108376,3.6763163730832593,0.1892921456055808
3439,0.3445,7,55,7,212342,464102,17887,108369,3.6758807502217716,0.18930041871116615
3440,0.3446,21,99,21,212441,464003,17908,108348,3.675096629071094,0.18930341695917366
3441,0.3447,5,54,5,212495,463949,17913,108343,3.6746689266252694,0.18931419624946705
3442,0.3448,8,70,8,212565,463879,17921,108335,3.6741144975288305,0.18932602138360824
3443,0.3449,7,65,7,212630,463814,17928,108328,3.6735996705107086,0.1893376119914287
3444,0.345,17,124,17,212754,463690,17945,108311,3.6726175389684452,0.18935456406544743
3445,0.3451,6,76,6,212830,463614,17951,108305,3.672015587378026,0.18937122214859098
3446,0.3452,8,52,8,212882,463562,17959,108297,3.671603725763528,0.18937710169814587
3447,0.3453,5,68,5,212950,463494,17964,108292,3.671065137498416,0.18939253496937666
3448,0.3454,12,73,12,213023,463421,17976,108280,3.670486947154987,0.1893997036912652
3449,0.3455,15,129,15,213152,463292,17991,108265,3.6694652135344064,0.18942117759033658
3450,0.3456,15,94,15,213246,463198,18006,108250,3.668720694462045,0.1894310593439823
3451,0.3457,9,73,9,213319,463125,18015,108241,3.668142504118616,0.18944249395308788
3452,0.3458,10,71,10,213390,463054,18025,108231,3.667580154606514,0.18945184977725654
3453,0.3459,10,69,10,213459,462985,18035,108221,3.667033645925738,0.18946054488223163
3454,0.346,19,139,19,213598,462846,18054,108202,3.6659327081485236,0.18947969347585492
3455,0.3461,10,99,10,213697,462747,18064,108192,3.6651485869978457,0.18949835271368745
3456,0.3462,12,100,12,213797,462647,18076,108180,3.664356545431504,0.18951451140187833
3457,0.3463,9,52,9,213849,462595,18085,108171,3.663944683817007,0.1895189972773431
3458,0.3464,16,165,16,214014,462430,18101,108155,3.6626378152325434,0.18955107477413533
3459,0.3465,5,75,5,214089,462355,18106,108150,3.6620437840577873,0.1895688907196256
3460,0.3466,15,51,15,214140,462304,18121,108135,3.6616398428589534,0.1895645283720082
3461,0.3467,13,119,13,214259,462185,18134,108122,3.660697313395007,0.18958560915436773
3462,0.3468,16,150,16,214409,462035,18150,108106,3.659509251045495,0.18961274491748534
3463,0.3469,12,101,12,214510,461934,18162,108094,3.65870928906349,0.18962928136863452
3464,0.347,17,83,17,214593,461851,18179,108077,3.658051894563427,0.18963272553726085
3465,0.3471,6,67,6,214660,461784,18185,108071,3.657521226713978,0.18964648901913644
3466,0.3472,14,55,14,214715,461729,18199,108057,3.65708560385249,0.1896448842196895
3467,0.3473,3,31,3,214746,461698,18202,108054,3.656840070966924,0.1896509358457715
3468,0.3474,13,85,13,214831,461613,18215,108041,3.6561668356355344,0.18966074143251868
3469,0.3475,8,68,8,214899,461545,18223,108033,3.655628247370422,0.1896720027810063
3470,0.3476,14,174,14,215073,461371,18237,108019,3.654250095044988,0.1897100405697325
3471,0.3477,2,41,2,215114,461330,18239,108017,3.653925358002788,0.18972085564690777
3472,0.3478,22,149,22,215263,461181,18261,107995,3.652745216068939,0.1897392019340239
3473,0.3479,3,50,3,215313,461131,18264,107992,3.6523491952857685,0.1897516002691861
3474,0.348,7,128,7,215441,461003,18271,107985,3.6513353820808514,0.1897843188257046
3475,0.3481,7,111,7,215552,460892,18278,107978,3.6504562159422127,0.1898113804559917
3476,0.3482,30,159,30,215711,460733,18308,107948,3.6491968698517296,0.1898217102382531
3477,0.3483,9,90,9,215801,460643,18317,107939,3.6484840324420227,0.18983893264296092
3478,0.3484,22,139,22,215940,460504,18339,107917,3.647383094664808,0.18985399906055547
3479,0.3485,8,49,8,215989,460455,18347,107909,3.646994994297301,0.18985896362190427
3480,0.3486,17,87,17,216076,460368,18364,107892,3.646305918134584,0.18986379474184353
3481,0.3487,17,110,17,216186,460258,18381,107875,3.645434672411608,0.18987631417291373
3482,0.3488,27,264,27,216450,459994,18408,107848,3.6433436826764667,0.18992607098453443
3483,0.3489,8,73,8,216523,459921,18416,107840,3.6427654923330377,0.18993907647760236
3484,0.349,15,132,15,216655,459789,18431,107825,3.641719997465467,0.1899618402646869
3485,0.3491,18,110,18,216765,459679,18449,107807,3.6408487517424915,0.18997296849613912
3486,0.3492,13,76,13,216841,459603,18462,107794,3.640246800152072,0.18997985537463188
3487,0.3493,30,240,30,217081,459363,18492,107764,3.6383459003928524,0.19001740350926688
3488,0.3494,7,75,7,217156,459288,18499,107757,3.6377518692180963,0.19003253710023013
3489,0.3495,23,238,23,217394,459050,18522,107734,3.635866810290204,0.19007946589882566
3490,0.3496,9,61,9,217455,458989,18531,107725,3.6353836649347357,0.19008706331588773
3491,0.3497,10,77,10,217532,458912,18541,107715,3.634773792928653,0.19009860101971843
3492,0.3498,28,250,28,217782,458662,18569,107687,3.632793689012799,0.19014247398688794
3493,0.3499,22,139,22,217921,458523,18591,107665,3.631692751235585,0.19015768613958614
3494,0.35,13,165,13,218086,458358,18604,107652,3.6303858826511215,0.19019451953145705
3495,0.3501,16,157,16,218243,458201,18620,107636,3.6291423773919655,0.19022439324399076
3496,0.3502,9,68,9,218311,458133,18629,107627,3.628603789126853,0.190234375
3497,0.3503,15,150,15,218461,457983,18644,107612,3.6274157267773415,0.1902633509843616
3498,0.3504,12,130,12,218591,457853,18656,107600,3.6263860727410973,0.1902899091524848
3499,0.3505,13,78,13,218669,457775,18669,107587,3.625768280319351,0.1902975438745441
3500,0.3506,13,94,13,218763,457681,18682,107574,3.6250237612469904,0.19031056779683506
3501,0.3507,8,99,8,218862,457582,18690,107566,3.624239640096312,0.19033244389080384
3502,0.3508,8,67,8,218929,457515,18698,107558,3.6237089722468636,0.19034354853266747
3503,0.3509,5,39,5,218968,457476,18703,107553,3.6234000760359906,0.1903495218829476
3504,0.351,13,112,13,219080,457364,18716,107540,3.622512989481688,0.1903686290059904
3505,0.3511,14,113,14,219193,457251,18730,107526,3.6216179825117223,0.19038664818149464
3506,0.3512,13,90,13,219283,457161,18743,107513,3.620905145102015,0.19039835374038827
3507,0.3513,17,68,17,219351,457093,18760,107496,3.620366556836903,0.19039690819339378
3508,0.3514,1,51,1,219402,457042,18761,107495,3.6199626156380686,0.1904126744571215
3509,0.3515,6,112,6,219514,456930,18767,107489,3.619075529083766,0.19044185259532367
3510,0.3516,4,81,4,219595,456849,18771,107485,3.6184339754150296,0.19046344895044423
3511,0.3517,9,64,9,219659,456785,18780,107476,3.617927068812571,0.19047213966586385
3512,0.3518,13,147,13,219806,456638,18793,107463,3.6167627677100493,0.19050311912228485
3513,0.3519,17,118,17,219924,456520,18810,107446,3.6158281586617664,0.19051857736104658
3514,0.352,18,151,18,220075,456369,18828,107428,3.614632175896591,0.1905437595446588
3515,0.3521,16,166,16,220241,456203,18844,107412,3.6133173868964645,0.19057690089866308
3516,0.3522,10,81,10,220322,456122,18854,107402,3.612675833227728,0.19058993050872722
3517,0.3523,21,188,21,220510,455934,18875,107381,3.611186795083006,0.1906233634822435
3518,0.3524,10,101,10,220611,455833,18885,107371,3.610386833101001,0.19064317725016158
3519,0.3525,15,124,15,220735,455709,18900,107356,3.609404701558738,0.1906636001172156
3520,0.3526,16,114,16,220849,455595,18916,107340,3.6085017741731087,0.1906792080790855
3521,0.3527,15,92,15,220941,455503,18931,107325,3.6077730959320746,0.19068880723773515
3522,0.3528,9,94,9,221035,455409,18940,107316,3.6070285768597135,0.1907077169132347
3523,0.3529,5,39,5,221074,455370,18945,107311,3.6067196806488404,0.19071374366648242
3524,0.353,17,120,17,221194,455250,18962,107294,3.605769230769231,0.190729969566825
3525,0.3531,18,142,18,221336,455108,18980,107276,3.604644531745026,0.1907522262368773
3526,0.3532,29,115,29,221451,454993,19009,107247,3.6037336839437333,0.19074950199203186
3527,0.3533,25,147,25,221598,454846,19034,107222,3.6025693828412115,0.19076339517638435
3528,0.3534,2,32,2,221630,454814,19036,107220,3.6023159295399823,0.1907713768206194
3529,0.3535,14,55,14,221685,454759,19050,107206,3.6018803066784946,0.19076988780440063
3530,0.3536,10,44,10,221729,454715,19060,107196,3.6015318083893044,0.19077042449782972
3531,0.3537,8,56,8,221785,454659,19068,107188,3.601088265112153,0.1907779164078477
3532,0.3538,6,55,6,221840,454604,19074,107182,3.6006526422506653,0.19078795128394085
3533,0.3539,9,66,9,221906,454538,19083,107173,3.60012989481688,0.19079740293496122
3534,0.354,14,91,14,221997,454447,19097,107159,3.5994091369915093,0.19080814663661
3535,0.3541,17,73,17,222070,454374,19114,107142,3.59883094664808,0.19080845425597845
3536,0.3542,16,99,16,222169,454275,19130,107126,3.598046825497402,0.190819040222586
3537,0.3543,12,111,12,222280,454164,19142,107114,3.5971676593587634,0.19083947705058812
3538,0.3544,11,122,11,222402,454042,19153,107103,3.5962013686478267,0.19086510616685526
3539,0.3545,11,66,11,222468,453976,19164,107092,3.5956786212140415,0.19087169469654303
3540,0.3546,6,79,6,222547,453897,19170,107086,3.5950529083766316,0.19088992001540153
3541,0.3547,6,26,6,222573,453871,19176,107080,3.5948469775693828,0.1908901133967138
3542,0.3548,21,104,21,222677,453767,19197,107059,3.594023254340388,0.19089521527175987
3543,0.3549,14,80,14,222757,453687,19211,107045,3.5933896210873146,0.19090224920282772
3544,0.355,19,138,19,222895,453549,19230,107026,3.5922966037257633,0.19092182134415556
3545,0.3551,11,92,11,222987,453457,19241,107015,3.5915679254847293,0.19093728143421973
3546,0.3552,23,154,23,223141,453303,19264,106992,3.5903481814725637,0.19095654967472492
3547,0.3553,7,86,7,223227,453217,19271,106985,3.58966702572551,0.1909757551740265
3548,0.3554,19,146,19,223373,453071,19290,106966,3.5885106450386517,0.1909980947687385
3549,0.3555,14,69,14,223442,453002,19304,106952,3.587964136357876,0.1910014036867314
3550,0.3556,14,95,14,223537,452907,19318,106938,3.5872116968698515,0.1910135841170324
3551,0.3557,8,60,8,223597,452847,19326,106930,3.5867364719300467,0.19102249645841113
3552,0.3558,27,233,27,223830,452614,19353,106903,3.5848910150804714,0.1910630061285001
3553,0.3559,15,109,15,223939,452505,19368,106888,3.5840276897731593,0.1910785440647273
3554,0.356,13,94,13,224033,452411,19381,106875,3.583283170700798,0.19109185640262763
3555,0.3561,9,136,9,224169,452275,19390,106866,3.582205994170574,0.19112531543921837
3556,0.3562,22,167,22,224336,452108,19412,106844,3.580883284754784,0.19115058180308864
3557,0.3563,8,67,8,224403,452041,19420,106836,3.5803526169053352,0.1911619193489802
3558,0.3564,13,124,13,224527,451917,19433,106823,3.579370485363072,0.19118552457314672
3559,0.3565,13,81,13,224608,451836,19446,106810,3.5787289316943354,0.19119442366006378
3560,0.3566,10,83,10,224691,451753,19456,106800,3.5780715371942717,0.19120835444443052
3561,0.3567,9,80,9,224771,451673,19465,106791,3.577437903941199,0.19122271086408435
3562,0.3568,13,189,13,224960,451484,19478,106778,3.5759409453808138,0.1912686158112141
3563,0.3569,9,78,9,225038,451406,19487,106769,3.575323152959067,0.19128230393693735
3564,0.357,6,50,6,225088,451356,19493,106763,3.5749271321758966,0.19129074623870537
3565,0.3571,22,156,22,225244,451200,19515,106741,3.573691547332404,0.19131234306136313
3566,0.3572,13,148,13,225392,451052,19528,106728,3.572519325814219,0.19134425759259924
3567,0.3573,15,88,15,225480,450964,19543,106713,3.571822329235838,0.19135270057757447
3568,0.3574,10,97,10,225577,450867,19553,106703,3.571054048916487,0.19137148698818085
3569,0.3575,15,125,15,225702,450742,19568,106688,3.5700639969585604,0.19139264122849506
3570,0.3576,11,84,11,225786,450658,19579,106677,3.5693986820428334,0.19140552809351646
3571,0.3577,10,87,10,225873,450571,19589,106667,3.5687096058801164,0.19142090094358247
3572,0.3578,6,44,6,225917,450527,19595,106661,3.5683611075909263,0.19142730999231858
3573,0.3579,12,49,12,225966,450478,19607,106649,3.567973007223419,0.19142673035053048
3574,0.358,9,54,9,226020,450424,19616,106640,3.5675453047775947,0.1914322232274927
3575,0.3581,20,169,20,226189,450255,19636,106620,3.566206754530478,0.19146127946127947
3576,0.3582,7,100,7,226289,450155,19643,106613,3.5654147129641363,0.19148550204034714
3577,0.3583,10,105,10,226394,450050,19653,106603,3.564583069319478,0.19150709688082163
3578,0.3584,18,126,18,226520,449924,19671,106585,3.5635850969458875,0.1915243059860667
3579,0.3585,3,55,3,226575,449869,19674,106582,3.5631494740844,0.19153887763702465
3580,0.3586,19,161,19,226736,449708,19693,106563,3.56187428716259,0.19156670040322074
3581,0.3587,25,184,25,226920,449524,19718,106538,3.560416930680522,0.19159374314375016
3582,0.3588,29,175,29,227095,449349,19747,106509,3.5590308579394248,0.19161188648899538
3583,0.3589,6,79,6,227174,449270,19753,106503,3.558405145102015,0.1916303958630592
3584,0.359,6,74,6,227248,449196,19759,106497,3.557819034342922,0.19164718648606335
3585,0.3591,11,45,11,227293,449151,19770,106486,3.5574626156380686,0.19164670459310665
3586,0.3592,10,51,10,227344,449100,19780,106476,3.5570586744392347,0.19164974728929976
3587,0.3593,17,106,17,227450,448994,19797,106459,3.5562191103789127,0.19166158072780234
3588,0.3594,2,55,2,227505,448939,19799,106457,3.555783487517425,0.1916776498210286
3589,0.3595,30,172,30,227677,448767,19829,106427,3.5544211760233178,0.19169335403480586
3590,0.3596,22,147,22,227824,448620,19851,106405,3.553256874920796,0.19171208504121437
3591,0.3597,7,92,7,227916,448528,19858,106398,3.552528196679762,0.1917336725977878
3592,0.3598,23,142,23,228058,448386,19881,106375,3.551403497655557,0.19174923976270863
3593,0.3599,16,76,16,228134,448310,19897,106359,3.5508015460651374,0.19175219815782024
3594,0.36,12,94,12,228228,448216,19909,106347,3.5500570269927767,0.19176721129970806
3595,0.3601,15,116,15,228344,448100,19924,106332,3.5491382587758205,0.19178546692831583
3596,0.3602,11,103,11,228447,447997,19935,106321,3.548322455962489,0.19180506496271094
3597,0.3603,19,178,19,228625,447819,19954,106302,3.546912621974401,0.19183896657950159
3598,0.3604,13,74,13,228699,447745,19967,106289,3.5463265112153084,0.1918456268026872
3599,0.3605,22,326,22,229025,447419,19989,106267,3.5437444557090356,0.19192647096007484
3600,0.3606,14,111,14,229136,447308,20003,106253,3.5428652895703965,0.19194451921287808
3601,0.3607,4,71,4,229207,447237,20007,106249,3.542302940058294,0.19196330169146103
3602,0.3608,14,129,14,229336,447108,20021,106235,3.5412812064377137,0.19198760985500857
3603,0.3609,7,73,7,229409,447035,20028,106228,3.5407030160942847,0.192002718417823
3604,0.361,19,134,19,229543,446901,20047,106209,3.539641680395387,0.1920214785485708
3605,0.3611,13,99,13,229642,446802,20060,106196,3.5388575592447093,0.1920368608928061
3606,0.3612,9,97,9,229739,446705,20069,106187,3.538089278925358,0.19205739999855306
3607,0.3613,25,123,25,229862,446582,20094,106162,3.537115067798758,0.1920635954438221
3608,0.3614,9,48,9,229910,446534,20103,106153,3.5367348878469143,0.1920671193641247
3609,0.3615,9,84,9,229994,446450,20112,106144,3.5360695729311873,0.19208315689276395
3610,0.3616,19,169,19,230163,446281,20131,106125,3.5347310226840705,0.19211413344532827
3611,0.3617,3,59,3,230222,446222,20134,106122,3.534263718159929,0.19213026664542388
3612,0.3618,12,83,12,230305,446139,20146,106110,3.533606323659866,0.19214158830527533
3613,0.3619,4,19,4,230324,446120,20150,106106,3.5334558357622607,0.1921423475171397
3614,0.362,17,95,17,230419,446025,20167,106089,3.5327033962742367,0.19215053412882122
3615,0.3621,14,167,14,230586,445858,20181,106075,3.5313806868584465,0.19218818226125273
3616,0.3622,14,119,14,230705,445739,20195,106061,3.5304381573945,0.1922091337441102
3617,0.3623,6,45,6,230750,445694,20201,106055,3.5300817386896464,0.19221602576533894
3618,0.3624,11,80,11,230830,445614,20212,106044,3.529448105436573,0.19222779330672266
3619,0.3625,8,57,8,230887,445557,20220,106036,3.528996641743759,0.19223594208048325
3620,0.3626,17,158,17,231045,445399,20237,106019,3.527745216068939,0.19226612116398087
3621,0.3627,15,86,15,231131,445313,20252,106004,3.527064060321886,0.19227413629545254
3622,0.3628,29,242,29,231373,445071,20281,105975,3.5251473197313397,0.1923160679870646
3623,0.3629,21,151,21,231524,444920,20302,105954,3.523951336966164,0.19233799380620614
3624,0.363,30,221,30,231745,444699,20332,105924,3.5222009251045496,0.19237118681929377
3625,0.3631,13,146,13,231891,444553,20345,105911,3.521044544417691,0.1924031362632252
3626,0.3632,5,53,5,231944,444500,20350,105906,3.52062476238753,0.19241432687870408
3627,0.3633,20,122,20,232066,444378,20370,105886,3.5196584716765935,0.19242763473532704
3628,0.3634,5,85,5,232151,444293,20375,105881,3.518985236345203,0.19245002490121307
3629,0.3635,18,121,18,232272,444172,20393,105863,3.5180268660499303,0.19246593398601908
3630,0.3636,7,51,7,232323,444121,20400,105856,3.5176229248510964,0.19247350343741648
3631,0.3637,5,83,5,232406,444038,20405,105851,3.5169655303510328,0.19249521267019343
3632,0.3638,19,83,19,232489,443955,20424,105832,3.5163081358509696,0.19249636677476914
3633,0.3639,12,94,12,232583,443861,20436,105820,3.5155636167786084,0.19251165676092133
3634,0.364,28,252,28,232835,443609,20464,105792,3.5135676720314284,0.19255880495303065
3635,0.3641,23,177,23,233012,443432,20487,105769,3.512165758459004,0.1925870491859993
3636,0.3642,13,157,13,233169,443275,20500,105756,3.510922253199848,0.19262300307268623
3637,0.3643,23,182,23,233351,443093,20523,105733,3.5094807375491066,0.19265304486303492
3638,0.3644,15,152,15,233503,442941,20538,105718,3.5082768343682678,0.19268434492098005
3639,0.3645,11,126,11,233629,442815,20549,105707,3.5072788619946773,0.19271241627500812
3640,0.3646,7,58,7,233687,442757,20556,105700,3.5068194778861996,0.1927224923740603
3641,0.3647,4,83,4,233770,442674,20560,105696,3.506162083386136,0.19274577383883146
3642,0.3648,10,49,10,233819,442625,20570,105686,3.5057739830186287,0.19274827606960285
3643,0.3649,18,214,18,234033,442411,20588,105668,3.504079014066658,0.19279702378671687
3644,0.365,14,118,14,234151,442293,20602,105654,3.5031444050183755,0.19281791852131686
3645,0.3651,13,171,13,234322,442122,20615,105641,3.5017900139399316,0.1928589554241524
3646,0.3652,28,259,28,234581,441863,20643,105613,3.4997386262831074,0.1929089129021181
3647,0.3653,7,57,7,234638,441806,20650,105606,3.4992871625902926,0.1929186791666971
3648,0.3654,17,88,17,234726,441718,20667,105589,3.4985901660119123,0.19292462913867353
3649,0.3655,29,216,29,234942,441502,20696,105560,3.496879356228615,0.19295801938354337
3650,0.3656,17,158,17,235100,441344,20713,105543,3.4956279305537956,0.19298867956268845
3651,0.3657,16,184,16,235284,441160,20729,105527,3.4941705740717275,0.19303001534699013
3652,0.3658,15,59,15,235343,441101,20744,105512,3.493703269547586,0.19302870586685644
3653,0.3659,24,147,24,235490,440954,20768,105488,3.492538968445064,0.19304519052342242
3654,0.366,20,123,20,235613,440831,20788,105468,3.4915647573184643,0.1930591123176136
3655,0.3661,9,52,9,235665,440779,20797,105459,3.4911528957039666,0.19306419546058678
3656,0.3662,14,110,14,235775,440669,20811,105445,3.490281649980991,0.19308239671570404
3657,0.3663,6,60,6,235835,440609,20817,105439,3.489806425041186,0.19309474624941397
3658,0.3664,11,100,11,235935,440509,20828,105428,3.489014383474845,0.19311385745974352
3659,0.3665,20,120,20,236055,440389,20848,105408,3.4880639335952353,0.19312674858967713
3660,0.3666,14,104,14,236159,440285,20862,105394,3.48724021036624,0.1931428550484809
3661,0.3667,21,86,21,236245,440199,20883,105373,3.4865590546191862,0.19314224337026092
3662,0.3668,18,115,18,236360,440084,20901,105355,3.485648206817894,0.19315633828897458
3663,0.3669,5,59,5,236419,440025,20906,105350,3.4851809022937523,0.1931698372679349
3664,0.367,27,204,27,236623,439821,20933,105323,3.483565137498416,0.19320216309819058
3665,0.3671,22,191,22,236814,439630,20955,105301,3.482052338106704,0.19323730894370114
3666,0.3672,8,81,8,236895,439549,20963,105293,3.4814107844379674,0.19325419112329814
3667,0.3673,17,151,17,237046,439398,20980,105276,3.480214801672792,0.19328258738254442
3668,0.3674,21,156,21,237202,439242,21001,105255,3.4789792168292992,0.19330685017548305
3669,0.3675,9,59,9,237261,439183,21010,105246,3.4785119123051578,0.19331446341028857
3670,0.3676,13,68,13,237329,439115,21023,105233,3.4779733240400454,0.1933193471823172
3671,0.3677,6,63,6,237392,439052,21029,105227,3.4774743378532507,0.1933328311399117
3672,0.3678,18,125,18,237517,438927,21047,105209,3.476484285895324,0.19335055941896878
3673,0.3679,12,57,12,237574,438870,21059,105197,3.476032822202509,0.1933530245355811
3674,0.368,21,89,21,237663,438781,21080,105176,3.475327905208465,0.1933535187524014
3675,0.3681,5,51,5,237714,438730,21085,105171,3.474923964009631,0.19336423356456414
3676,0.3682,8,64,8,237778,438666,21093,105163,3.4744170574071727,0.193375123430343
3677,0.3683,11,93,11,237871,438573,21104,105152,3.4736804587504753,0.19339188008644076
3678,0.3684,11,80,11,237951,438493,21115,105141,3.473046825497402,0.19340401814456049
3679,0.3685,2,39,2,237990,438454,21117,105139,3.472737929286529,0.19341492624077206
3680,0.3686,5,51,5,238041,438403,21122,105134,3.4723339880876947,0.19342565455525568
3681,0.3687,11,114,11,238155,438289,21133,105123,3.4714310607020655,0.1934499054124679
3682,0.3688,24,134,24,238289,438155,21157,105099,3.470369725003168,0.19346199015561782
3683,0.3689,22,138,22,238427,438017,21179,105077,3.469276707641617,0.1934784770223939
3684,0.369,41,255,41,238682,437762,21220,105036,3.4672570016474467,0.193508450657519
3685,0.3691,17,76,17,238758,437686,21237,105019,3.466655050057027,0.1935102864355405
3686,0.3692,10,115,10,238873,437571,21247,105009,3.4657442022557343,0.1935364370231118
3687,0.3693,11,89,11,238962,437482,21258,104998,3.4650392852616907,0.19355183601238754
3688,0.3694,12,120,12,239082,437362,21270,104986,3.4640888353820807,0.19357681783651826
3689,0.3695,30,171,30,239253,437191,21300,104956,3.462734444303637,0.19359325053906043
3690,0.3696,8,83,8,239336,437108,21308,104948,3.4620770498035736,0.19361099222220582
3691,0.3697,8,51,8,239387,437057,21316,104940,3.4616731086047396,0.19361730784487738
3692,0.3698,4,47,4,239434,437010,21320,104936,3.461300849068559,0.19362814745380535
3693,0.3699,17,117,17,239551,436893,21337,104919,3.4603741604359395,0.19364465903302253
3694,0.37,19,104,19,239655,436789,21356,104900,3.4595504372069446,0.19365355397654374
3695,0.3701,24,263,24,239918,436526,21380,104876,3.4574673678874666,0.19371188137465323
3696,0.3702,8,89,8,240007,436437,21388,104868,3.456762450893423,0.19373181478094606
3697,0.3703,18,235,18,240242,436202,21406,104850,3.4549011532125204,0.19378913671883663
3698,0.3704,19,120,19,240362,436082,21425,104831,3.453950703332911,0.1938038094850743
3699,0.3705,13,53,13,240415,436029,21438,104818,3.45353092130275,0.19380342314924554
3700,0.3706,13,86,13,240501,435943,21451,104805,3.4528497655556962,0.19381486385525235
3701,0.3707,16,170,16,240671,435773,21467,104789,3.451503294892916,0.19385195407742312
3702,0.3708,24,167,24,240838,435606,21491,104765,3.450180585477126,0.19387605922597623
3703,0.3709,9,70,9,240908,435536,21500,104756,3.449626156380687,0.1938877495872602
3704,0.371,12,130,12,241038,435406,21512,104744,3.448596502344443,0.19391650467462743
3705,0.3711,22,106,22,241144,435300,21534,104722,3.447756938284121,0.19392172911473976
3706,0.3712,21,192,21,241336,435108,21555,104701,3.4462362184767454,0.19395934487939254
3707,0.3713,14,103,14,241439,435005,21569,104687,3.445420415663414,0.19397545266559446
3708,0.3714,28,178,28,241617,434827,21597,104659,3.444010581675326,0.19399761995677367
3709,0.3715,6,72,6,241689,434755,21603,104653,3.4434403117475605,0.19401454928365913
3710,0.3716,12,98,12,241787,434657,21615,104641,3.442664111012546,0.19403187106201025
3711,0.3717,7,70,7,241857,434587,21622,104634,3.442109681916107,0.19404659684990014
3712,0.3718,31,192,31,242049,434395,21653,104603,3.4405889621087313,0.19406936574903802
3713,0.3719,13,96,13,242145,434299,21666,104590,3.439828602205044,0.19408449606505235
3714,0.372,10,142,10,242287,434157,21676,104580,3.438703903180839,0.1941206933995623
3715,0.3721,19,131,19,242418,434026,21695,104561,3.4376663287289317,0.19413947978692392
3716,0.3722,9,180,9,242598,433846,21704,104552,3.4362406539095174,0.1941909145279143
3717,0.3723,17,106,17,242704,433740,21721,104535,3.4354010898491953,0.19420370628396266
3718,0.3724,25,173,25,242877,433567,21746,104510,3.4340308579394248,0.19422870704378742
3719,0.3725,14,117,14,242994,433450,21760,104496,3.433104169306805,0.19424998048131226
3720,0.3726,11,127,11,243121,433323,21771,104485,3.432098276517552,0.19427937107666676
3721,0.3727,10,85,10,243206,433238,21781,104475,3.4314250411861615,0.19429509794258276
3722,0.3728,15,133,15,243339,433105,21796,104460,3.4303716259029273,0.19432068680066597
3723,0.3729,5,41,5,243380,433064,21801,104455,3.4300468888607276,0.19432801445158218
3724,0.373,29,170,29,243550,432894,21830,104426,3.428700418197947,0.1943460135487233
3725,0.3731,8,93,8,243643,432801,21838,104418,3.4279638195412496,0.19436766011626544
3726,0.3732,17,144,17,243787,432657,21855,104401,3.426823279685718,0.19439427398902911
3727,0.3733,9,71,9,243858,432586,21864,104392,3.4262609301736155,0.19440647475315562
3728,0.3734,12,152,12,244010,432434,21876,104380,3.4250570269927767,0.19444351302313279
3729,0.3735,12,90,12,244100,432344,21888,104368,3.4243441895830693,0.19445810788653878
3730,0.3736,5,70,5,244170,432274,21893,104363,3.4237897604866303,0.19447596792617727
3731,0.3737,17,168,17,244338,432106,21910,104346,3.422459130655177,0.19451134491063507
3732,0.3738,8,89,8,244427,432017,21918,104338,3.4217542136611327,0.1945316068648563
3733,0.3739,8,48,8,244475,431969,21926,104330,3.4213740337092893,0.19453700267947543
3734,0.374,17,151,17,244626,431818,21943,104313,3.4201780509441138,0.19456625339702424
3735,0.3741,18,110,18,244736,431708,21961,104295,3.419306805221138,0.19457913481827527
3736,0.3742,15,124,15,244860,431584,21976,104280,3.4183246736788746,0.19460161533523432
3737,0.3743,35,228,35,245088,431356,22011,104245,3.4165188189076163,0.19463182480988647
3738,0.3744,3,59,3,245147,431297,22014,104242,3.416051514383475,0.19464875573954465
3739,0.3745,15,120,15,245267,431177,22029,104227,3.4151010645038653,0.19466981942607825
3740,0.3746,6,37,6,245304,431140,22035,104221,3.414808009124319,0.1946742478439782
3741,0.3747,20,136,20,245440,431004,22055,104201,3.4137308325940947,0.19469362207004792
3742,0.3748,14,118,14,245558,430886,22069,104187,3.412796223545812,0.19471548741947362
3743,0.3749,9,52,9,245610,430834,22078,104178,3.412384361931314,0.194720866074032
3744,0.375,8,54,8,245664,430780,22086,104170,3.4119566594854898,0.19472847929713058
3745,0.3751,18,121,18,245785,430659,22104,104152,3.410998289190217,0.19474543343349332
3746,0.3752,9,76,9,245861,430583,22113,104143,3.4103963375997974,0.19475955910129675
3747,0.3753,12,138,12,245999,430445,22125,104131,3.409303320238246,0.19479176019873695
3748,0.3754,10,106,10,246105,430339,22135,104121,3.408463756177924,0.1948153276204019
3749,0.3755,20,179,20,246284,430160,22155,104101,3.407046001774173,0.19485045698637932
3750,0.3756,13,86,13,246370,430074,22168,104088,3.4063648460271194,0.19486223280577802
3751,0.3757,14,78,14,246448,429996,22182,104074,3.4057470536053733,0.19486958638380736
3752,0.3758,6,60,6,246508,429936,22188,104068,3.4052718286655685,0.19488243533756303
3753,0.3759,26,121,26,246629,429815,22214,104042,3.404313458370295,0.19488739493909418
3754,0.376,20,89,20,246718,429726,22234,104022,3.4036085413762516,0.19488972324018075
3755,0.3761,20,108,20,246826,429618,22254,104002,3.402753136484603,0.19489899179191184
3756,0.3762,12,84,12,246910,429534,22266,103990,3.402087821568876,0.19491156911404173
3757,0.3763,1,52,1,246962,429482,22267,103989,3.401675959954378,0.194929058936662
3758,0.3764,15,138,15,247100,429344,22282,103974,3.4005829425928273,0.19495685500958151
3759,0.3765,7,92,7,247192,429252,22289,103967,3.3998542643517933,0.19497992382116916
3760,0.3766,19,89,19,247281,429163,22308,103948,3.399149347357749,0.19498378386489867
3761,0.3767,18,136,18,247417,429027,22326,103930,3.398072170827525,0.19500635135667604
3762,0.3768,13,82,13,247499,428945,22339,103917,3.397422696743125,0.1950167210272078
3763,0.3769,9,105,9,247604,428840,22348,103908,3.3965910530984664,0.19504155811002574
3764,0.377,5,58,5,247662,428782,22353,103903,3.3961316689899887,0.19505523902493968
3765,0.3771,11,87,11,247749,428695,22364,103892,3.395442592827272,0.19507047674839978
3766,0.3772,15,77,15,247826,428618,22379,103877,3.3948327208211886,0.19507601010338124
3767,0.3773,12,120,12,247946,428498,22391,103865,3.393882270941579,0.1951018384072522
3768,0.3774,21,173,21,248119,428325,22412,103844,3.3925120390318084,0.19513350082398637
3769,0.3775,5,82,5,248201,428243,22417,103839,3.3918625649474086,0.19515600978796502
3770,0.3776,9,161,9,248362,428082,22426,103830,3.390587378025599,0.19520146189595272
3771,0.3777,20,123,20,248485,427959,22446,103810,3.389613166898999,0.19521634393881554
3772,0.3778,6,36,6,248521,427923,22452,103804,3.389328031935116,0.19522047968224296
3773,0.3779,5,102,5,248623,427821,22457,103799,3.3885201495374475,0.19525036680335578
3774,0.378,4,36,4,248659,427785,22461,103795,3.388235014573565,0.19525753414349675
3775,0.3781,1,77,1,248736,427708,22462,103794,3.387625142567482,0.1952843074908467
3776,0.3782,15,134,15,248870,427574,22477,103779,3.3865638068685846,0.19531083855741851
3777,0.3783,17,81,17,248951,427493,22494,103762,3.385922253199848,0.1953148676247753
3778,0.3784,34,194,34,249145,427299,22528,103728,3.3843856925611457,0.19533470049545504
3779,0.3785,14,107,14,249252,427192,22542,103714,3.3835382080851604,0.19535284965700142
3780,0.3786,26,234,26,249486,426958,22568,103688,3.381684830819921,0.19539956958122742
3781,0.3787,26,217,26,249703,426741,22594,103662,3.3799661006209605,0.19544007104032218
3782,0.3788,25,145,25,249848,426596,22619,103637,3.3788176403497654,0.19545558273438282
3783,0.3789,10,109,10,249957,426487,22629,103627,3.3779543150424534,0.19548059473999932
3784,0.379,10,45,10,250002,426442,22639,103617,3.3775978963376,0.19548201237975396
3785,0.3791,16,94,16,250096,426348,22655,103601,3.3768533772652387,0.1954923964381478
3786,0.3792,15,94,15,250190,426254,22670,103586,3.376108858192878,0.19550430318586742
3787,0.3793,14,64,14,250254,426190,22684,103572,3.3756019515904194,0.1955066614819485
3788,0.3794,19,188,19,250442,426002,22703,103553,3.3741129134456975,0.19554720472849846
3789,0.3795,16,73,16,250515,425929,22719,103537,3.3735347231022685,0.19554985589254079
3790,0.3796,13,132,13,250647,425797,22732,103524,3.3724892282346977,0.19557886424305856
3791,0.3797,13,108,13,250755,425689,22745,103511,3.371633823343049,0.19559901738473168
3792,0.3798,21,96,21,250851,425593,22766,103490,3.370873463439361,0.1956025803134858
3793,0.3799,14,71,14,250922,425522,22780,103476,3.370311113927259,0.19560754483003717
3794,0.38,15,87,15,251009,425435,22795,103461,3.369622037764542,0.19561690767182963
3795,0.3801,7,68,7,251077,425367,22802,103454,3.36908344949943,0.19563141403234743
3796,0.3802,11,73,11,251150,425294,22813,103443,3.3685052591560005,0.19564168953562924
3797,0.3803,16,116,16,251266,425178,22829,103427,3.3675864909390443,0.19566027563114236
3798,0.3804,24,206,24,251472,424972,22853,103403,3.365954885312381,0.19570002365744027
3799,0.3805,9,56,9,251528,424916,22862,103394,3.36551134203523,0.19570706592720183
3800,0.3806,12,90,12,251618,424826,22874,103382,3.3647985046255227,0.1957221397631236
3801,0.3807,19,158,19,251776,424668,22893,103363,3.3635470789507034,0.1957517645744284
3802,0.3808,6,34,6,251810,424634,22899,103357,3.3632777848181474,0.19575523067628048
3803,0.3809,15,50,15,251860,424584,22914,103342,3.3628817640349764,0.1957509196364642
3804,0.381,3,48,3,251908,424536,22917,103339,3.3625015840831325,0.19576414870944825
3805,0.3811,16,131,16,252039,424405,22933,103323,3.3614640096312254,0.1957883606706485
3806,0.3812,13,79,13,252118,424326,22946,103310,3.360838296793816,0.19579786064635468
3807,0.3813,10,78,10,252196,424248,22956,103300,3.3602205043720694,0.1958115659617703
3808,0.3814,5,42,5,252238,424206,22961,103295,3.359887846914206,0.19581953399140475
3809,0.3815,11,59,11,252297,424147,22972,103284,3.3594205423900645,0.19582466711285457
3810,0.3816,24,166,24,252463,423981,22996,103260,3.358105753389938,0.1958497157846222
3811,0.3817,17,101,17,252564,423880,23013,103243,3.357305791407933,0.1958613075126678
3812,0.3818,12,74,12,252638,423806,23025,103231,3.3567196806488404,0.19587049865569212
3813,0.3819,13,90,13,252728,423716,23038,103218,3.356006843239133,0.19588411451908588
3814,0.382,12,129,12,252857,423587,23050,103206,3.3549851096185526,0.19591376498928423
3815,0.3821,23,149,23,253006,423438,23073,103183,3.353804967684704,0.19593407782826738
3816,0.3822,15,119,15,253125,423319,23088,103168,3.352862438220758,0.19595545569026396
3817,0.3823,25,222,25,253347,423097,23113,103143,3.35110410594348,0.19599992398905441
3818,0.3824,28,174,28,253521,422923,23141,103115,3.3497259536180457,0.19602196039069422
3819,0.3825,15,102,15,253623,422821,23156,103100,3.3489180712203774,0.19603704738924668
3820,0.3826,15,127,15,253750,422694,23171,103085,3.347912178431124,0.19606146308620162
3821,0.3827,26,217,26,253967,422477,23197,103059,3.3461934482321634,0.19610264567983926
3822,0.3828,6,47,6,254014,422430,23203,103053,3.3458211886959828,0.19611100644549873
3823,0.3829,13,123,13,254137,422307,23216,103040,3.3448469775693828,0.19613702943007194
3824,0.383,4,22,4,254159,422285,23220,103036,3.3446727284247877,0.19613912255554222
3825,0.3831,20,117,20,254276,422168,23240,103016,3.343746039792168,0.19615220570314404
3826,0.3832,15,110,15,254386,422058,23255,103001,3.3428747940691927,0.19617033514328866
3827,0.3833,21,167,21,254553,421891,23276,102980,3.3415520846534026,0.19620059024026856
3828,0.3834,30,236,30,254789,421655,23306,102950,3.3396828665568368,0.19624288750583774
3829,0.3835,13,82,13,254871,421573,23319,102937,3.339033392472437,0.19625364626031916
3830,0.3836,14,98,14,254969,421475,23333,102923,3.3382571917374224,0.19626886448842293
3831,0.3837,11,64,11,255033,421411,23344,102912,3.337750285134964,0.1962759596660837
3832,0.3838,18,168,18,255201,421243,23362,102894,3.3364196553035104,0.1963112697634397
3833,0.3839,13,109,13,255310,421134,23375,102881,3.3355563299961983,0.19633216606394854
3834,0.384,13,97,13,255407,421037,23388,102868,3.334788049676847,0.19634857464616676
3835,0.3841,14,107,14,255514,420930,23402,102854,3.333940565200862,0.19636720480197944
3836,0.3842,8,61,8,255575,420869,23410,102846,3.3334574198453937,0.19637780090316298
3837,0.3843,9,90,9,255665,420779,23419,102837,3.3327445824356863,0.19639774185662776
3838,0.3844,6,99,6,255764,420680,23425,102831,3.3319604612850084,0.19642567204891587
3839,0.3845,20,141,20,255905,420539,23445,102811,3.3308436826764667,0.19644788382535588
3840,0.3846,22,109,22,256014,420430,23467,102789,3.3299803573691547,0.19645502170219353
3841,0.3847,14,155,14,256169,420275,23481,102775,3.3287526929413254,0.19649173119204666
3842,0.3848,11,159,11,256328,420116,23492,102764,3.3274933468508427,0.1965345777233782
3843,0.3849,10,101,10,256429,420015,23502,102754,3.326693384868838,0.19655717917474066
3844,0.385,15,125,15,256554,419890,23517,102739,3.325703332910911,0.19658113116570264
3845,0.3851,26,134,26,256688,419756,23543,102713,3.3246419972120136,0.19659156811217507
3846,0.3852,9,101,9,256789,419655,23552,102704,3.3238420352300087,0.19661573745259486
3847,0.3853,14,122,14,256911,419533,23566,102690,3.3228757445190724,0.1966401326636322
3848,0.3854,34,291,34,257202,419242,23600,102656,3.320570903561019,0.19669743896316905
3849,0.3855,12,82,12,257284,419160,23612,102644,3.319921429476619,0.19670987573878315
3850,0.3856,18,130,18,257414,419030,23630,102626,3.3188917754403753,0.19673117916788074
3851,0.3857,11,104,11,257518,418926,23641,102615,3.31806805221138,0.1967534671291423
3852,0.3858,25,241,25,257759,418685,23666,102590,3.3161592320364974,0.1968059085895161
3853,0.3859,13,87,13,257846,418598,23679,102577,3.3154701558737805,0.19681872691514365
3854,0.386,20,86,20,257932,418512,23699,102557,3.314789000126727,0.1968203827132299
3855,0.3861,9,98,9,258030,418414,23708,102548,3.314012799391712,0.19684353177391056
3856,0.3862,21,175,21,258205,418239,23729,102527,3.3126267266506146,0.19687729229634807
3857,0.3863,8,73,8,258278,418166,23737,102519,3.312048536307185,0.1968925549996639
3858,0.3864,6,80,6,258358,418086,23743,102513,3.3114149030541125,0.19691355534682164
3859,0.3865,8,63,8,258421,418023,23751,102505,3.3109159168673172,0.1969250453385793
3860,0.3866,11,87,11,258508,417936,23762,102494,3.3102268407046003,0.19694099110351057
3861,0.3867,3,59,3,258567,417877,23765,102491,3.309759536180459,0.19695869077268394
3862,0.3868,13,123,13,258690,417754,23778,102478,3.308785325053859,0.1969851912223777
3863,0.3869,13,135,13,258825,417619,23791,102465,3.307716068939298,0.19701625122095662
3864,0.387,15,67,15,258892,417552,23806,102450,3.3071854010898494,0.19701847300587305
3865,0.3871,22,134,22,259026,417418,23828,102428,3.306124065390952,0.19703527583168862
3866,0.3872,15,115,15,259141,417303,23843,102413,3.305213217589659,0.19705569965134803
3867,0.3873,18,118,18,259259,417185,23861,102395,3.3042786085413764,0.19707263559028446
3868,0.3874,14,128,14,259387,417057,23875,102381,3.3032647953364593,0.19709955759878947
3869,0.3875,17,129,17,259516,416928,23892,102364,3.302243061715879,0.19712223565932077
3870,0.3876,19,99,19,259615,416829,23911,102345,3.301458940565201,0.19713044181719425
3871,0.3877,12,97,12,259712,416732,23923,102333,3.30069066024585,0.19714871933187558
3872,0.3878,23,187,23,259899,416545,23946,102310,3.2992095425167913,0.19718418440604793
3873,0.3879,6,101,6,260000,416444,23952,102304,3.2984095805347864,0.19721329046087888
3874,0.388,21,137,21,260137,416307,23973,102283,3.297324483588899,0.1972328814670549
3875,0.3881,7,32,7,260169,416275,23980,102276,3.2970710302876696,0.19723421611374772
3876,0.3882,7,85,7,260254,416190,23987,102269,3.2963977949562793,0.1972557135665501
3877,0.3883,34,216,34,260470,415974,24021,102235,3.294686985172982,0.19728526521152662
3878,0.3884,10,124,10,260594,415850,24031,102225,3.2937048536307185,0.19731699078318776
3879,0.3885,15,107,15,260701,415743,24046,102210,3.292857369154733,0.19733450718501486
3880,0.3886,14,70,14,260771,415673,24060,102196,3.292302940058294,0.19733948160635217
3881,0.3887,19,100,19,260871,415573,24079,102177,3.291510898491953,0.19734814099468856
3882,0.3888,21,114,21,260985,415459,24100,102156,3.290607971106324,0.19735904098606108
3883,0.3889,25,172,25,261157,415287,24125,102131,3.2892456596122166,0.19738586597296576
3884,0.389,10,87,10,261244,415200,24135,102121,3.2885565834494996,0.19740354634743226
3885,0.3891,16,136,16,261380,415064,24151,102105,3.287479406919275,0.1974306271257558
3886,0.3892,14,128,14,261508,414936,24165,102091,3.2864655937143583,0.19745777299831538
3887,0.3893,6,38,6,261546,414898,24171,102085,3.2861646179191486,0.19746297267028123
3888,0.3894,12,48,12,261594,414850,24183,102073,3.2857844379673047,0.1974626781938509
3889,0.3895,25,289,25,261883,414561,24208,102048,3.283495437840578,0.19753430544183317
3890,0.3896,24,196,24,262079,414365,24232,102024,3.281943036370549,0.19757198546057333
3891,0.3897,8,88,8,262167,414277,24240,102016,3.281246039792168,0.19759322710166513
3892,0.3898,10,48,10,262215,414229,24250,102006,3.2808658598403246,0.19759605605974023
3893,0.3899,9,83,9,262298,414146,24259,101997,3.280208465340261,0.1976138395754665
3894,0.39,17,92,17,262390,414054,24276,101980,3.279479787099227,0.197622637268087
3895,0.3901,20,132,20,262522,413922,24296,101960,3.2784342922316565,0.19764209644841263
3896,0.3902,23,231,23,262753,413691,24319,101937,3.276604676213408,0.19769484977541948
3897,0.3903,22,155,22,262908,413536,24341,101915,3.2753770117855785,0.19772005486457492
3898,0.3904,15,166,15,263074,413370,24356,101900,3.2740622227854517,0.19776039746152502
3899,0.3905,8,94,8,263168,413276,24364,101892,3.273317703713091,0.1977840238524132
3900,0.3906,7,84,7,263252,413192,24371,101885,3.272652388797364,0.19780537667183742
3901,0.3907,20,123,20,263375,413069,24391,101865,3.271678177670764,0.1978214683823558
3902,0.3908,14,145,14,263520,412924,24405,101851,3.2705297173995693,0.19785537370695935
3903,0.3909,6,30,6,263550,412894,24411,101845,3.2702921049296667,0.1978575549938901
3904,0.391,4,35,4,263585,412859,24415,101841,3.2700148903814474,0.1978647755974354
3905,0.3911,21,152,21,263737,412707,24436,101820,3.268810987200608,0.19789048971191017
3906,0.3912,12,116,12,263853,412591,24448,101808,3.2678922189836523,0.1979164034144701
3907,0.3913,18,108,18,263961,412483,24466,101790,3.2670368140920036,0.19792989326680577
3908,0.3914,11,83,11,264044,412400,24477,101779,3.26637941959194,0.1979446846331725
3909,0.3915,10,75,10,264119,412325,24487,101769,3.2657853884171844,0.19795796099545998
3910,0.3916,7,107,7,264226,412218,24494,101762,3.264937903941199,0.19798824856998326
3911,0.3917,21,160,21,264386,412058,24515,101741,3.2636706374350526,0.19801712342764388
3912,0.3918,4,34,4,264420,412024,24519,101737,3.2634013433024966,0.19802398391469964
3913,0.3919,15,107,15,264527,411917,24534,101722,3.2625538588265113,0.19804181536059373
3914,0.392,8,63,8,264590,411854,24542,101714,3.262054872639716,0.19805361704779115
3915,0.3921,27,180,27,264770,411674,24569,101687,3.2606291978203017,0.19808088265372711
3916,0.3922,10,48,10,264818,411626,24579,101677,3.2602490178684578,0.19808378287288406
3917,0.3923,16,159,16,264977,411467,24595,101661,3.2589896717779747,0.1981201571537706
3918,0.3924,18,156,18,265133,411311,24613,101643,3.2577540869344825,0.19815227096386812
3919,0.3925,8,52,8,265185,411259,24621,101635,3.257342225319985,0.1981598536929658
3920,0.3926,15,191,15,265376,411068,24636,101620,3.2558294259282725,0.19821021752020723
3921,0.3927,10,66,10,265442,411002,24646,101610,3.2553066784944873,0.19822009629115198
3922,0.3928,22,132,22,265574,410870,24668,101588,3.254261183626917,0.19823673354694432
3923,0.3929,14,58,14,265632,410812,24682,101574,3.2538017995184387,0.1982372664358511
3924,0.393,33,205,33,265837,410607,24715,101541,3.252178114307439,0.19826495466154315
3925,0.3931,7,49,7,265886,410558,24722,101534,3.2517900139399316,0.19827296657631832
3926,0.3932,18,100,18,265986,410458,24740,101516,3.25099797237359,0.19828350658431873
3927,0.3933,9,98,9,266084,410360,24749,101507,3.2502217716385755,0.19830737281364105
3928,0.3934,23,97,23,266181,410263,24772,101484,3.2494534913192243,0.1983089299986126
3929,0.3935,21,153,21,266334,410110,24793,101463,3.248241667722722,0.19833533044159876
3930,0.3936,17,81,17,266415,410029,24810,101446,3.2476001140539856,0.19834009482379392
3931,0.3937,13,102,13,266517,409927,24823,101433,3.2467922316563174,0.1983592772215269
3932,0.3938,7,68,7,266585,409859,24830,101426,3.246253643391205,0.19837468339575776
3933,0.3939,23,137,23,266722,409722,24853,101403,3.2451685464453175,0.19839178283198827
3934,0.394,6,87,6,266809,409635,24859,101397,3.2444794702826005,0.19841614615131734
3935,0.3941,7,62,7,266871,409573,24866,101390,3.2439884045114686,0.19842924047338065
3936,0.3942,19,116,19,266987,409457,24885,101371,3.243069636294513,0.19844448620670754
3937,0.3943,9,40,9,267027,409417,24894,101362,3.242752819667976,0.19844590321841735
3938,0.3944,3,45,3,267072,409372,24897,101359,3.2423964009631225,0.19845867981383547
3939,0.3945,15,74,15,267146,409298,24912,101344,3.2418102902040298,0.19846389447009843
3940,0.3946,20,172,20,267318,409126,24932,101324,3.2404479787099225,0.19849936330688608
3941,0.3947,16,139,16,267457,408987,24948,101308,3.2393470409327083,0.1985283022565379
3942,0.3948,12,85,12,267542,408902,24960,101296,3.238673805601318,0.1985425266269174
3943,0.3949,7,61,7,267603,408841,24967,101289,3.23819066024585,0.1985552702252367
3944,0.395,13,80,13,267683,408761,24980,101276,3.2375570269927767,0.19856598638922274
3945,0.3951,6,41,6,267724,408720,24986,101270,3.2372322899505765,0.19857252102982412
3946,0.3952,10,29,10,267753,408691,24996,101260,3.2370025978963377,0.19856809771919262
3947,0.3953,2,30,2,267783,408661,24998,101258,3.236764985426435,0.19857663668151215
3948,0.3954,22,99,22,267882,408562,25020,101236,3.2359808642757573,0.19858061428251975
3949,0.3955,5,68,5,267950,408494,25025,101231,3.235442276010645,0.19859924469076462
3950,0.3956,15,86,15,268036,408408,25040,101216,3.2347611202635913,0.1986091706826994
3951,0.3957,4,35,4,268071,408373,25044,101212,3.234483905715372,0.19861652128692955
3952,0.3958,6,99,6,268170,408274,25050,101206,3.2336997845646938,0.19864567794614116
3953,0.3959,12,52,12,268222,408222,25062,101194,3.2332879229501965,0.19864707822290623
3954,0.396,17,102,17,268324,408120,25079,101177,3.2324800405525282,0.19866011384319954
3955,0.3961,8,51,8,268375,408069,25087,101169,3.232076099353694,0.19866742073450921
3956,0.3962,26,204,26,268579,407865,25113,101143,3.230460334558358,0.1987061107094584
3957,0.3963,14,73,14,268652,407792,25127,101129,3.2298821442149284,0.19871257032034442
3958,0.3964,38,255,38,268907,407537,25165,101091,3.227862438220758,0.1987523297970226
3959,0.3965,20,133,20,269040,407404,25185,101071,3.2268090229375237,0.1987728010226658
3960,0.3966,12,89,12,269129,407315,25197,101059,3.22610410594348,0.1987886870689689
3961,0.3967,13,62,13,269191,407253,25210,101046,3.225613040172348,0.19879244303057847
3962,0.3968,15,112,15,269303,407141,25225,101031,3.2247259536180457,0.19881260675519313
3963,0.3969,24,137,24,269440,407004,25249,101007,3.223640856672158,0.1988283718265943
3964,0.397,31,259,31,269699,406745,25280,100976,3.221589469015334,0.19888088142897378
3965,0.3971,13,112,13,269811,406633,25293,100963,3.2207023824610315,0.19890424668437104
3966,0.3972,26,192,26,270003,406441,25319,100937,3.2191816626536562,0.19893846402484933
3967,0.3973,22,85,22,270088,406356,25341,100915,3.218508427322266,0.19893705731256076
3968,0.3974,13,116,13,270204,406240,25354,100902,3.2175896591053097,0.19896202641469254
3969,0.3975,12,42,12,270246,406198,25366,100890,3.2172570016474467,0.19895954942731833
3970,0.3976,21,189,21,270435,406009,25387,100869,3.2157600430870614,0.19900054845544687
3971,0.3977,11,81,11,270516,405928,25398,100858,3.2151184894183245,0.19901496884286465
3972,0.3978,9,104,9,270620,405824,25407,100849,3.2142947661893295,0.19904159092748183
3973,0.3979,26,136,26,270756,405688,25433,100823,3.2132175896591053,0.19905391985563986
3974,0.398,21,196,21,270952,405492,25454,100802,3.2116651881890763,0.19909775742947775
3975,0.3981,19,152,19,271104,405340,25473,100783,3.210461285008237,0.19912748482088347
3976,0.3982,11,53,11,271157,405287,25484,100772,3.2100415029780764,0.19913093137361454
3977,0.3983,31,243,31,271400,405044,25515,100741,3.208116841971867,0.1991775161382801
3978,0.3984,8,70,8,271470,404974,25523,100733,3.207562412875428,0.19919241774387145
3979,0.3985,9,60,9,271530,404914,25532,100724,3.2070871879356226,0.19920180049758918
3980,0.3986,18,153,18,271683,404761,25550,100706,3.2058753643391205,0.1992335800358876
3981,0.3987,26,172,26,271855,404589,25576,100680,3.204513052845013,0.19926019605398312
3982,0.3988,31,137,31,271992,404452,25607,100649,3.2034279558991257,0.1992650974755544
3983,0.3989,15,105,15,272097,404347,25622,100634,3.202596312254467,0.199282745291407
3984,0.399,18,94,18,272191,404253,25640,100616,3.201851793182106,0.19929130130786402
3985,0.3991,11,122,11,272313,404131,25651,100605,3.2008855024711695,0.19932202180942116
3986,0.3992,8,59,8,272372,404072,25659,100597,3.200418197947028,0.19933263188347214
3987,0.3993,33,224,33,272596,403848,25692,100564,3.1986440248384236,0.1993687699737516
3988,0.3994,23,99,23,272695,403749,25715,100541,3.1978599036877458,0.19937139344424834
3989,0.3995,18,155,18,272850,403594,25733,100523,3.1966322392599165,0.19940410658636784
3990,0.3996,23,135,23,272985,403459,25756,100500,3.1955629831453556,0.19942098464359204
3991,0.3997,21,97,21,273082,403362,25777,100479,3.1947947028260044,0.1994260093958213
3992,0.3998,8,56,8,273138,403306,25785,100471,3.194351159548853,0.19943546450115826
3993,0.3999,19,129,19,273267,403177,25804,100452,3.1933294259282725,0.19945634584187963
3994,0.4,17,133,17,273400,403044,25821,100435,3.1922760106450387,0.1994820042146743
3995,0.4001,19,147,19,273547,402897,25840,100416,3.191111709542517,0.19951004643233933
3996,0.4002,14,72,14,273619,402825,25854,100402,3.190541439614751,0.19951632166000632
3997,0.4003,7,81,7,273700,402744,25861,100395,3.1898998859460144,0.1995373048004627
3998,0.4004,22,135,22,273835,402609,25883,100373,3.1888306298314535,0.19955584891705866
3999,0.4005,22,128,22,273963,402481,25905,100351,3.1878168166265364,0.19957162630858816
4000,0.4006,7,71,7,274034,402410,25912,100344,3.187254467114434,0.19958866562971156
4001,0.4007,9,55,9,274089,402355,25921,100335,3.1868188442529464,0.19959617259145795
4002,0.4008,18,99,18,274188,402256,25939,100317,3.1860347231022685,0.19960682328736323
4003,0.4009,18,156,18,274344,402100,25957,100299,3.184799138258776,0.19964012667222666
4004,0.401,20,110,20,274454,401990,25977,100279,3.1839278925358,0.19965197931785558
4005,0.4011,24,209,24,274663,401781,26001,100255,3.182272525662147,0.1996968344899569
4006,0.4012,17,112,17,274775,401669,26018,100238,3.1813854391078444,0.19971428969908767
4007,0.4013,31,173,31,274948,401496,26049,100207,3.180015207198074,0.19973370699397852
4008,0.4014,8,68,8,275016,401428,26057,100199,3.1794766189329615,0.19974801994310515
4009,0.4015,23,158,23,275174,401270,26080,100176,3.1782251932581422,0.19977425286072678
4010,0.4016,9,101,9,275275,401169,26089,100167,3.1774252312761373,0.19980013404184022
4011,0.4017,14,85,14,275360,401084,26103,100153,3.176751995944747,0.19981166593846822
4012,0.4018,16,155,16,275515,400929,26119,100137,3.175524331516918,0.19984792422555112
4013,0.4019,23,170,23,275685,400759,26142,100114,3.1741778608541376,0.19987901124636384
4014,0.402,14,136,14,275821,400623,26156,100100,3.1731006843239133,0.1999109287969596
4015,0.4021,19,123,19,275944,400500,26175,100081,3.1721264731973133,0.19992968170985315
4016,0.4022,6,85,6,276029,400415,26181,100075,3.171453237865923,0.19995404503586486
4017,0.4023,5,62,5,276091,400353,26186,100070,3.1709621720947916,0.19997082468231875
4018,0.4024,17,126,17,276217,400227,26203,100053,3.1699641997212016,0.19999400335811945
4019,0.4025,10,71,10,276288,400156,26213,100043,3.169401850209099,0.20000639745381338
4020,0.4026,24,193,24,276481,399963,26237,100019,3.1678732099860603,0.20004520162725858
4021,0.4027,16,181,16,276662,399782,26253,100003,3.166439614750982,0.20009203957701813
4022,0.4028,20,177,20,276839,399605,26273,99983,3.1650377011785578,0.2001309078680833
4023,0.4029,11,62,11,276901,399543,26284,99972,3.1645466354074263,0.20013813398997027
4024,0.403,17,100,17,277001,399443,26301,99955,3.1637545938410847,0.2001509817820656
4025,0.4031,15,119,15,277120,399324,26316,99940,3.1628120643771385,0.2001746570952442
4026,0.4032,7,39,7,277159,399285,26323,99933,3.1625031681662654,0.20017908008124707
4027,0.4033,14,119,14,277278,399166,26337,99919,3.161560638702319,0.20020437400442812
4028,0.4034,13,107,13,277385,399059,26350,99906,3.160713154226334,0.20022646879039613
4029,0.4035,25,142,25,277527,398917,26375,99881,3.159588455202129,0.20024338509777506
4030,0.4036,19,142,19,277669,398775,26394,99862,3.158463756177924,0.20026993584511377
4031,0.4037,20,178,20,277847,398597,26414,99842,3.1570539221898364,0.20030936584015296
4032,0.4038,12,69,12,277916,398528,26426,99830,3.156507413509061,0.20031784379903603
4033,0.4039,13,166,13,278082,398362,26439,99817,3.1551926245089343,0.2003637246853039
4034,0.404,24,141,24,278223,398221,26463,99793,3.154075845900393,0.2003819169742216
4035,0.4041,14,178,14,278401,398043,26477,99779,3.1526660119123053,0.20043107777478697
4036,0.4042,15,173,15,278574,397870,26492,99764,3.1512957800025347,0.20047665553398683
4037,0.4043,17,82,17,278656,397788,26509,99747,3.1506463059181344,0.20048237812415207
4038,0.4044,15,78,15,278734,397710,26524,99732,3.1500285134963883,0.20048970533248098
4039,0.4045,26,148,26,278882,397562,26550,99706,3.148856291978203,0.20050757338095354
4040,0.4046,15,129,15,279011,397433,26565,99691,3.147834558357623,0.20053548008142838
4041,0.4047,16,92,16,279103,397341,26581,99675,3.1471058801165883,0.20054686368245692
4042,0.4048,11,80,11,279183,397261,26592,99664,3.1464722468635156,0.20056145293555366
4043,0.4049,8,34,8,279217,397227,26600,99656,3.146202952730959,0.200562305411938
4044,0.405,33,243,33,279460,396984,26633,99623,3.1442782917247496,0.20060732128222114
4045,0.4051,28,149,28,279609,396835,26661,99595,3.143098149790901,0.200622444251959
4046,0.4052,21,133,21,279742,396702,26682,99574,3.142044734507667,0.20064238447960409
4047,0.4053,7,61,7,279803,396641,26689,99567,3.141561589152199,0.20065577338535454
4048,0.4054,15,117,15,279920,396524,26704,99552,3.1406349005195793,0.20067892822873915
4049,0.4055,20,188,20,280108,396336,26724,99532,3.1391458623748574,0.20072277299603927
4050,0.4056,12,88,12,280196,396248,26736,99520,3.138448865796477,0.200739055364606
4051,0.4057,27,209,27,280405,396039,26763,99493,3.1367934989228234,0.2007801716135386
4052,0.4058,33,185,33,280590,395854,26796,99460,3.135328222025092,0.20080191555255858
4053,0.4059,16,84,16,280674,395770,26812,99444,3.134662907109365,0.20081015480176248
4054,0.406,11,82,11,280756,395688,26823,99433,3.134013433024965,0.2008256567586509
4055,0.4061,28,134,28,280890,395554,26851,99405,3.1329520973260676,0.2008348166211747
4056,0.4062,21,96,21,280986,395458,26872,99384,3.1321917374223798,0.20083986403740992
4057,0.4063,16,83,16,281069,395375,26888,99368,3.1315343429223166,0.20084771285293576
4058,0.4064,7,45,7,281114,395330,26895,99361,3.131177924217463,0.20085467493849696
4059,0.4065,31,164,31,281278,395166,26926,99330,3.129878976048663,0.20087119006018248
4060,0.4066,11,109,11,281387,395057,26937,99319,3.129015650741351,0.20089769729922163
4061,0.4067,16,104,16,281491,394953,26953,99303,3.128191927512356,0.2009141011945227
4062,0.4068,25,172,25,281663,394781,26978,99278,3.1268296160182487,0.20094361199775734
4063,0.4069,18,95,18,281758,394686,26996,99260,3.126077176530224,0.2009531406267082
4064,0.407,16,118,16,281876,394568,27012,99244,3.1251425674819413,0.20097526994078718
4065,0.4071,30,235,30,282111,394333,27042,99214,3.1232812698010393,0.20102239503026054
4066,0.4072,24,94,24,282205,394239,27066,99190,3.122536750728678,0.20102182887507625
4067,0.4073,28,125,28,282330,394114,27094,99162,3.1215466987707514,0.2010274166997786
4068,0.4074,10,53,10,282383,394061,27104,99152,3.1211269167405904,0.20103281949178145
4069,0.4075,11,88,11,282471,393973,27115,99141,3.12042992016221,0.20105087261769083
4070,0.4076,13,91,13,282562,393882,27128,99128,3.1197091623368394,0.20106691547838787
4071,0.4077,23,121,23,282683,393761,27151,99105,3.1187507920415665,0.201078995102117
4072,0.4078,11,88,11,282771,393673,27162,99094,3.1180537954631857,0.20109707021777026
4073,0.4079,23,149,23,282920,393524,27185,99071,3.1168736535293373,0.20112059602716229
4074,0.408,6,67,6,282987,393457,27191,99065,3.1163429856798883,0.201138223267184
4075,0.4081,10,179,10,283166,393278,27201,99055,3.1149252312761373,0.20119512606305082
4076,0.4082,5,36,5,283202,393242,27206,99050,3.1146400963122542,0.20120172580501003
4077,0.4083,45,324,45,283526,392918,27251,99005,3.112073881637308,0.2012611729884555
4078,0.4084,24,152,24,283678,392766,27275,98981,3.1108699784564693,0.20128440031154232
4079,0.4085,6,102,6,283780,392664,27281,98975,3.110062096058801,0.20131641305917553
4080,0.4086,17,77,17,283857,392587,27298,98958,3.1094522240527183,0.20132032672491837
4081,0.4087,7,84,7,283941,392503,27305,98951,3.1087869091369913,0.20134336072145104
4082,0.4088,15,126,15,284067,392377,27320,98936,3.1077889367634013,0.20137061303079706
4083,0.4089,32,208,32,284275,392169,27352,98904,3.1061414903054114,0.20140386459854237
4084,0.409,16,109,16,284384,392060,27368,98888,3.105278164998099,0.201422553916097
4085,0.4091,23,131,23,284515,391929,27391,98865,3.104240590546192,0.20143889289600117
4086,0.4092,14,98,14,284613,391831,27405,98851,3.1034643898111773,0.201456340358929
4087,0.4093,21,124,21,284737,391707,27426,98830,3.102482258268914,0.2014730795026675
4088,0.4094,7,55,7,284792,391652,27433,98823,3.1020466354074263,0.20148427544727052
4089,0.4095,10,70,10,284862,391582,27443,98813,3.1014922063109873,0.2014967526177877
4090,0.4096,21,148,21,285010,391434,27464,98792,3.100319984792802,0.20152337901294504
4091,0.4097,45,255,45,285265,391179,27509,98747,3.0983002787986313,0.2015549287035185
4092,0.4098,28,240,28,285505,390939,27537,98719,3.096399379039412,0.20160806113654836
4093,0.4099,25,143,25,285648,390796,27562,98694,3.095266759599544,0.20162618235306135
4094,0.41,21,131,21,285779,390665,27583,98673,3.0942291851476367,0.20164589710997308
4095,0.4101,42,209,42,285988,390456,27625,98631,3.092573818273983,0.2016635077194855
4096,0.4102,11,80,11,286068,390376,27636,98620,3.09194018502091,0.20167854133776145
4097,0.4103,12,86,12,286154,390290,27648,98608,3.091259029273856,0.20169442296757198
4098,0.4104,13,95,13,286249,390195,27661,98595,3.090506589785832,0.20171239182470999
4099,0.4105,29,194,29,286443,390001,27690,98566,3.08897002914713,0.2017451035374882
4100,0.4106,14,85,14,286528,389916,27704,98552,3.0882967938157395,0.20175733108412425
4101,0.4107,28,129,28,286657,389787,27732,98524,3.087275060195159,0.20176485887067871
4102,0.4108,42,310,42,286967,389477,27774,98482,3.0848197313395005,0.20182433360179852
4103,0.4109,7,68,7,287035,389409,27781,98475,3.0842811430743886,0.20184101138795288
4104,0.411,21,154,21,287189,389255,27802,98454,3.0830613990622227,0.20187037762272175
4105,0.4111,8,53,8,287242,389202,27810,98446,3.0826416170320616,0.2018792243585537
4106,0.4112,15,94,15,287336,389108,27825,98431,3.081897097959701,0.2018935921023754
4107,0.4113,13,93,13,287429,389015,27838,98418,3.0811604993030035,0.20191082671874905
4108,0.4114,21,137,21,287566,388878,27859,98397,3.0800754023571155,0.20193319993843312
4109,0.4115,11,124,11,287690,388754,27870,98386,3.079093270814852,0.2019665804491522
4110,0.4116,29,175,29,287865,388579,27899,98357,3.077707198073755,0.2019916375047234
4111,0.4117,9,65,9,287930,388514,27908,98348,3.077192371055633,0.20200385324794295
4112,0.4118,18,81,18,288011,388433,27926,98330,3.0765508173868965,0.20200795869858637
4113,0.4119,13,60,13,288071,388373,27939,98317,3.0760755924470917,0.2020115473915634
4114,0.412,18,89,18,288160,388284,27957,98299,3.0753706754530477,0.2020189772351274
4115,0.4121,20,134,20,288294,388150,27977,98279,3.07430933975415,0.20204181905272917
4116,0.4122,14,127,14,288421,388023,27991,98265,3.0733034469648968,0.20207161188431547
4117,0.4123,36,226,36,288647,387797,28027,98229,3.071513433024965,0.20210647167023987
4118,0.4124,13,121,13,288768,387676,28040,98216,3.0705550627296923,0.2021354539691948
4119,0.4125,39,225,39,288993,387451,28079,98177,3.068772969205424,0.20216503167033203
4120,0.4126,25,121,25,289114,387330,28104,98152,3.0678145989101506,0.20217433396088835
4121,0.4127,19,126,19,289240,387204,28123,98133,3.0668166265365606,0.20219558780805913
4122,0.4128,28,119,28,289359,387085,28151,98105,3.0658740970726144,0.20219913848183185
4123,0.4129,11,65,11,289424,387020,28162,98094,3.0653592700544925,0.20220814076691251
4124,0.413,8,62,8,289486,386958,28170,98086,3.0648682042833606,0.20222082945052408
4125,0.4131,17,113,17,289599,386845,28187,98069,3.063973197313395,0.2022399848220509
4126,0.4132,12,67,12,289666,386778,28199,98057,3.0634425294639462,0.20224818752771562
4127,0.4133,11,76,11,289742,386702,28210,98046,3.062840577873527,0.2022617937567561
4128,0.4134,22,198,22,289940,386504,28232,98024,3.0612723355721707,0.2023082257372123
4129,0.4135,8,73,8,290013,386431,28240,98016,3.0606941452287417,0.20232553819096827
4130,0.4136,14,65,14,290078,386366,28254,98002,3.06017931821062,0.20232963366696397
4131,0.4137,13,135,13,290213,386231,28267,97989,3.059110062096059,0.20236462764858948
4132,0.4138,4,52,4,290265,386179,28271,97985,3.0586982004815613,0.20237977214332334
4133,0.4139,23,214,23,290479,385965,28294,97962,3.0570032315295905,0.20243135844869165
4134,0.414,22,159,22,290638,385806,28316,97940,3.055743885439108,0.2024616224216841
4135,0.4141,11,95,11,290733,385711,28327,97929,3.0549914459510834,0.20248325200562403
4136,0.4142,24,178,24,290911,385533,28351,97905,3.0535816119629957,0.2025182132972584
4137,0.4143,39,216,39,291127,385317,28390,97866,3.0518708021796983,0.20254437759606608
4138,0.4144,15,115,15,291242,385202,28405,97851,3.050959954378406,0.20256783417140561
4139,0.4145,12,61,12,291303,385141,28417,97839,3.0504768090229377,0.20257360553232018
4140,0.4146,15,90,15,291393,385051,28432,97824,3.0497639716132303,0.20258659073259125
4141,0.4147,24,104,24,291497,384947,28456,97800,3.0489402483842354,0.20259059093065312
4142,0.4148,22,111,22,291608,384836,28478,97778,3.0480610822455962,0.20260083627909675
4143,0.4149,10,67,10,291675,384769,28488,97768,3.0475304143961477,0.20261244215469487
4144,0.415,9,157,9,291832,384612,28497,97759,3.0462869091369913,0.20266351003688032
4145,0.4151,4,20,4,291852,384592,28501,97755,3.0461285008237233,0.20266530112139186
4146,0.4152,28,137,28,291989,384455,28529,97727,3.0450434038778353,0.20267658270113775
4147,0.4153,15,126,15,292115,384329,28544,97712,3.0440454315042453,0.20270474918108625
4148,0.4154,43,348,43,292463,383981,28587,97669,3.041289126853377,0.2027800269905533
4149,0.4155,22,102,22,292565,383879,28609,97647,3.040481244455709,0.20278655773520018
4150,0.4156,21,168,21,292733,383711,28630,97626,3.0391506146242553,0.20282255467583002
4151,0.4157,21,104,21,292837,383607,28651,97605,3.0383268913952604,0.20283160020947108
4152,0.4158,19,188,19,293025,383419,28670,97586,3.0368378532505385,0.20287938794815022
4153,0.4159,24,188,24,293213,383231,28694,97562,3.0353488151058166,0.2029189276882151
4154,0.416,19,190,19,293403,383041,28713,97543,3.033843936129768,0.20296763937209727
4155,0.4161,17,82,17,293485,382959,28730,97526,3.033194462045368,0.20297407827507621
4156,0.4162,26,190,26,293675,382769,28756,97500,3.0316895830693196,0.2030112291236786
4157,0.4163,11,81,11,293756,382688,28767,97489,3.031048029400583,0.20302721704704724
4158,0.4164,21,140,21,293896,382548,28788,97468,3.029939171207705,0.20305156494783508
4159,0.4165,12,117,12,294013,382431,28800,97456,3.0290124825750855,0.20308114201885027
4160,0.4166,13,135,13,294148,382296,28813,97443,3.0279432264605246,0.20311669470274463
4161,0.4167,17,133,17,294281,382163,28830,97426,3.0268898111772904,0.20314477604782427
4162,0.4168,22,105,22,294386,382058,28852,97404,3.026058167532632,0.2031527003182734
4163,0.4169,27,151,27,294537,381907,28879,97377,3.0248621847674566,0.20317181462348002
4164,0.417,8,50,8,294587,381857,28887,97369,3.024466163984286,0.20317971061670276
4165,0.4171,21,146,21,294733,381711,28908,97348,3.0233097832974276,0.20320670314094924
4166,0.4172,24,151,24,294884,381560,28932,97324,3.022113800532252,0.2032308450480701
4167,0.4173,16,45,16,294929,381515,28948,97308,3.021757381827398,0.20322332051718484
4168,0.4174,14,78,14,295007,381437,28962,97294,3.021139589405652,0.20323313092321157
4169,0.4175,9,103,9,295110,381334,28971,97285,3.0203237865923205,0.20326188471414633
4170,0.4176,23,124,23,295234,381210,28994,97262,3.019341655050057,0.20327626276981725
4171,0.4177,58,328,58,295562,380882,29052,97204,3.0167437587124573,0.20331906811745168
4172,0.4178,18,144,18,295706,380738,29070,97186,3.0156032188569255,0.20335032348239468
4173,0.4179,15,88,15,295794,380650,29085,97171,3.014906222278545,0.20336276555446495
4174,0.418,14,96,14,295890,380554,29099,97157,3.0141458623748574,0.2033802864074723
4175,0.4181,32,167,32,296057,380387,29131,97125,3.012823152959067,0.20339802978773308
4176,0.4182,19,107,19,296164,380280,29150,97106,3.011975668483082,0.2034119140485896
4177,0.4183,30,218,30,296382,380062,29180,97076,3.0102490178684578,0.2034547657071958
4178,0.4184,24,145,24,296527,379917,29204,97052,3.0091005575972627,0.20347653621094872
4179,0.4185,10,89,10,296616,379828,29214,97042,3.008395640603219,0.20349780862708913
4180,0.4186,16,87,16,296703,379741,29230,97026,3.0077065644405017,0.2035082126069967
4181,0.4187,10,99,10,296802,379642,29240,97016,3.006922443289824,0.2035337705440798
4182,0.4188,13,102,13,296904,379540,29253,97003,3.0061145608921556,0.20355560778355783
4183,0.4189,27,160,27,297064,379380,29280,96976,3.004847294386009,0.2035788359966076
4184,0.419,8,83,8,297147,379297,29288,96968,3.004189899885946,0.20360093645344504
4185,0.4191,10,105,10,297252,379192,29298,96958,3.0033582562412877,0.2036291084742203
4186,0.4192,14,91,14,297343,379101,29312,96944,3.002637498415917,0.20364461342940268
4187,0.4193,25,132,25,297475,378969,29337,96919,3.001592003548346,0.20365926436472448
4188,0.4194,36,98,36,297573,378871,29373,96883,3.0008158028133316,0.20364095730146253
4189,0.4195,26,235,26,297808,378636,29399,96857,2.9989545051324296,0.20369805654341916
4190,0.4196,8,69,8,297877,378567,29407,96849,2.998407996451654,0.2037142208087233
4191,0.4197,32,212,32,298089,378355,29439,96817,2.99672886833101,0.20375148367328041
4192,0.4198,11,121,11,298210,378234,29450,96806,2.995770498035737,0.20378494442573258
4193,0.4199,10,99,10,298309,378135,29460,96796,2.994986376885059,0.20381065881149052
4194,0.42,57,409,57,298718,377726,29517,96739,2.9917469268787227,0.20389069794400008
4195,0.4201,6,84,6,298802,377642,29523,96733,2.9910816119629957,0.2039167325428195
4196,0.4202,9,114,9,298916,377528,29532,96724,2.9901786845773666,0.20395064227457133
4197,0.4203,8,28,8,298944,377500,29540,96716,2.989956912938791,0.20394925519172696
4198,0.4204,26,122,26,299066,377378,29566,96690,2.9889906222278544,0.20395808196292514
4199,0.4205,26,207,26,299273,377171,29592,96664,2.987351096185528,0.204003503329218
4200,0.4206,8,36,8,299309,377135,29600,96656,2.987065961221645,0.20400556363459837
4201,0.4207,11,63,11,299372,377072,29611,96645,2.98656697503485,0.20401421101628187
4202,0.4208,9,59,9,299431,377013,29620,96636,2.9860996705107086,0.20402449915443716
4203,0.4209,5,81,5,299512,376932,29625,96631,2.985458116841972,0.20405099215943814
4204,0.421,20,152,20,299664,376780,29645,96611,2.9842542136611327,0.20408288286004592
4205,0.4211,17,97,17,299761,376683,29662,96594,2.9834859333417816,0.20409612129894333
4206,0.4212,22,143,22,299904,376540,29684,96572,2.9823533139019136,0.20412080014880196
4207,0.4213,14,49,14,299953,376491,29698,96558,2.9819652135344064,0.20411838942688812
4208,0.4214,37,212,37,300165,376279,29735,96521,2.9802860854137627,0.20414763113367174
4209,0.4215,17,134,17,300299,376145,29752,96504,2.979224749714865,0.20417688390327707
4210,0.4216,15,147,15,300446,375998,29767,96489,2.978060448612343,0.20421514242719904
4211,0.4217,15,67,15,300513,375931,29782,96474,2.9775297807628944,0.20421883764989787
4212,0.4218,31,198,31,300711,375733,29813,96443,2.9759615384615383,0.20425222798278608
4213,0.4219,7,67,7,300778,375666,29820,96436,2.9754308706120898,0.20426941635494025
4214,0.422,11,46,11,300824,375620,29831,96425,2.9750665314915725,0.20427077926892565
4215,0.4221,26,177,26,301001,375443,29857,96399,2.9736646179191486,0.20430355924228874
4216,0.4222,19,117,19,301118,375326,29876,96380,2.972737929286529,0.20432218373308797
4217,0.4223,1,35,1,301153,375291,29877,96379,2.9724607147383093,0.20433565840524096
4218,0.4224,6,63,6,301216,375228,29883,96373,2.9719617285515145,0.20435283216108532
4219,0.4225,24,107,24,301323,375121,29907,96349,2.971114244075529,0.20435870787112648
4220,0.4226,16,114,16,301437,375007,29923,96333,2.9702113166899,0.2043811261509738
4221,0.4227,19,100,19,301537,374907,29942,96314,2.9694192751235584,0.20439241884381215
4222,0.4228,22,121,22,301658,374786,29964,96292,2.9684609048282855,0.20440776262105215
4223,0.4229,14,131,14,301789,374655,29978,96278,2.967423330376378,0.20444097143330367
4224,0.423,11,89,11,301878,374566,29989,96267,2.9667184133823343,0.20446102970692367
4225,0.4231,3,90,3,301968,374476,29992,96264,2.966005575972627,0.20449505034626334
4226,0.4232,36,202,36,302170,374274,30028,96228,2.9644056520086175,0.2045219786525881
4227,0.4233,26,172,26,302342,374102,30054,96202,2.9630433405145102,0.20455279989113426
4228,0.4234,29,245,29,302587,373857,30083,96173,2.9611028386769735,0.20461034402059444
4229,0.4235,12,117,12,302704,373740,30095,96161,2.9601761500443544,0.20464097756761532
4230,0.4236,17,83,17,302787,373657,30112,96144,2.959518755544291,0.20464835111036375
4231,0.4237,14,95,14,302882,373562,30126,96130,2.9587663160562667,0.20466603646645035
4232,0.4238,22,173,22,303055,373389,30148,96108,2.957396084146496,0.20470418341331253
4233,0.4239,22,101,22,303156,373288,30170,96086,2.956596122164491,0.20471095544278123
4234,0.424,15,106,15,303262,373182,30185,96071,2.955756558104169,0.20473177582242416
4235,0.4241,12,80,12,303342,373102,30197,96059,2.9551229248510964,0.20474634507130815
4236,0.4242,14,71,14,303413,373031,30211,96045,2.9545605753389936,0.20475360069583606
4237,0.4243,8,65,8,303478,372966,30219,96037,2.9540457483208717,0.20476841299522605
4238,0.4244,14,119,14,303597,372847,30233,96023,2.9531032188569255,0.2047966387271525
4239,0.4245,16,86,16,303683,372761,30249,96007,2.952422063109872,0.20480706874189364
4240,0.4246,28,145,28,303828,372616,30277,95979,2.951273602838677,0.20482292811489666
4241,0.4247,8,77,8,303905,372539,30285,95971,2.950663730832594,0.2048430129559668
4242,0.4248,18,116,18,304021,372423,30303,95953,2.9497449626156382,0.20486318684134114
4243,0.4249,8,89,8,304110,372334,30311,95945,2.949040045621594,0.2048885386703226
4244,0.425,40,368,40,304478,371966,30351,95905,2.946125332657458,0.20498171504538645
4245,0.4251,7,71,7,304549,371895,30358,95898,2.9455629831453556,0.20500092989848073
4246,0.4252,11,93,11,304642,371802,30369,95887,2.9448263844886577,0.20502299605079444
4247,0.4253,16,90,16,304732,371712,30385,95871,2.944113547078951,0.2050352557727719
4248,0.4254,14,110,14,304842,371602,30399,95857,2.943242301355975,0.20505969507486219
4249,0.4255,10,93,10,304935,371509,30409,95847,2.9425057026992776,0.20508349095764256
4250,0.4256,15,90,15,305025,371419,30424,95832,2.94179286528957,0.20509747437672685
4251,0.4257,9,69,9,305094,371350,30433,95823,2.941246356608795,0.20511245298850747
4252,0.4258,13,172,13,305266,371178,30446,95810,2.9398840451146877,0.20516587149991006
4253,0.4259,11,102,11,305368,371076,30457,95799,2.9390761627170194,0.20519196787148594
4254,0.426,20,111,20,305479,370965,30477,95779,2.9381969965783803,0.20520670860257442
4255,0.4261,11,98,11,305577,370867,30488,95768,2.937420795843366,0.20523106925112775
4256,0.4262,14,111,14,305688,370756,30502,95754,2.936541629704727,0.20525605024543955
4257,0.4263,13,80,13,305768,370676,30515,95741,2.935907996451654,0.20526910468529236
4258,0.4264,9,97,9,305865,370579,30524,95732,2.9351397161323027,0.2052964652345752
4259,0.4265,5,96,5,305961,370483,30529,95727,2.934379356228615,0.20533021599708287
4260,0.4266,7,51,7,306012,370432,30536,95720,2.9339754150297805,0.2053407472240814
4261,0.4267,11,101,11,306113,370331,30547,95709,2.933175453047776,0.20536649214659686
4262,0.4268,22,162,22,306275,370169,30569,95687,2.931892345710303,0.20540038123368595
4263,0.4269,20,119,20,306394,370050,30589,95667,2.9309498162463568,0.20541874142451316
4264,0.427,20,110,20,306504,369940,30609,95647,2.930078570523381,0.205433141389257
4265,0.4271,20,85,20,306589,369855,30629,95627,2.929405335191991,0.20543651526804474
4266,0.4272,17,117,17,306706,369738,30646,95610,2.9284786465593715,0.2054591402563243
4267,0.4273,9,42,9,306748,369696,30655,95601,2.928145989101508,0.20546231761649011
4268,0.4274,27,228,27,306976,369468,30682,95574,2.9263401343302498,0.20551692105229205
4269,0.4275,32,214,32,307190,369254,30714,95542,2.924645165378279,0.20555684644446165
4270,0.4276,9,66,9,307256,369188,30723,95533,2.924122417944494,0.20557065422048929
4271,0.4277,15,144,15,307400,369044,30738,95518,2.922981878088962,0.20560872391629104
4272,0.4278,29,226,29,307626,368818,30767,95489,2.9211918641490304,0.20565918670190197
4273,0.4279,39,313,39,307939,368505,30806,95450,2.918712774046382,0.20573115927191216
4274,0.428,14,109,14,308048,368396,30820,95436,2.91784944873907,0.20575553217544285
4275,0.4281,6,67,6,308115,368329,30826,95430,2.9173187808896213,0.20577498226449514
4276,0.4282,32,182,32,308297,368147,30858,95398,2.91587726523888,0.20580094704936952
4277,0.4283,24,185,24,308482,367962,30882,95374,2.9144119883411483,0.20584198076557833
4278,0.4284,45,204,45,308686,367758,30927,95329,2.912796223545812,0.20585548719786995
4279,0.4285,21,117,21,308803,367641,30948,95308,2.9118695349131922,0.20587148908411076
4280,0.4286,20,120,20,308923,367521,30968,95288,2.9109190850335827,0.2058905509616278
4281,0.4287,13,140,13,309063,367381,30981,95275,2.9098102268407047,0.2059305401853645
4282,0.4288,12,65,12,309128,367316,30993,95263,2.909295399822583,0.20593887746741638
4283,0.4289,18,118,18,309246,367198,31011,95245,2.9083607907743,0.20596051837740004
4284,0.429,46,275,46,309521,366923,31057,95199,2.906182676466861,0.20600404222261653
4285,0.4291,16,157,16,309678,366766,31073,95183,2.904939171207705,0.20604655492272955
4286,0.4292,26,167,26,309845,366599,31099,95157,2.903616461791915,0.20607636933791873
4287,0.4293,30,135,30,309980,366464,31129,95127,2.902547205677354,0.20608504065287234
4288,0.4294,31,189,31,310169,366275,31160,95096,2.901050247116969,0.20611611913189168
4289,0.4295,7,88,7,310257,366187,31167,95089,2.900353250538588,0.2061433935431282
4290,0.4296,14,91,14,310348,366096,31181,95075,2.8996324927132178,0.2061599710302686
4291,0.4297,20,101,20,310449,365995,31201,95055,2.898832530731213,0.20617069732133175
4292,0.4298,12,91,12,310540,365904,31213,95043,2.898111772905842,0.20619073342488398
4293,0.4299,11,91,11,310631,365813,31224,95032,2.8973910150804714,0.20621250094934304
4294,0.43,16,122,16,310753,365691,31240,95016,2.896424724369535,0.2062395405322689
4295,0.4301,9,70,9,310823,365621,31249,95007,2.895870295273096,0.20625537309933395
4296,0.4302,41,287,41,311110,365334,31290,94966,2.893597135977696,0.2063132739517706
4297,0.4303,26,145,26,311255,365189,31316,94940,2.892448675706501,0.2063334412740775
4298,0.4304,15,96,15,311351,365093,31331,94925,2.8916883158028135,0.20635062106265406
4299,0.4305,14,75,14,311426,365018,31345,94911,2.8910942846280574,0.20636011210425956
4300,0.4306,33,188,33,311614,364830,31378,94878,2.8896052464833355,0.2063875329557023
4301,0.4307,21,136,21,311750,364694,31399,94857,2.8885280699531113,0.2064123459637777
4302,0.4308,16,129,16,311879,364565,31415,94841,2.887506336332531,0.20644266727034474
4303,0.4309,32,210,32,312089,364355,31447,94809,2.885843049043214,0.20648177993048236
4304,0.431,28,177,28,312266,364178,31475,94781,2.8844411354707895,0.20651300007190185
4305,0.4311,36,195,36,312461,363983,31511,94745,2.882896654416424,0.20653851519854904
4306,0.4312,19,126,19,312587,363857,31530,94726,2.8818986820428334,0.20656238892414241
4307,0.4313,23,157,23,312744,363700,31553,94703,2.8806551767836774,0.206593325087314
4308,0.4314,9,75,9,312819,363625,31562,94694,2.8800611456089213,0.20661155221581476
4309,0.4315,15,146,15,312965,363479,31577,94679,2.878904764922063,0.20665141719668761
4310,0.4316,27,156,27,313121,363323,31604,94652,2.8776691800785703,0.20667503684698946
4311,0.4317,19,155,19,313276,363168,31623,94633,2.8764415156507415,0.20671208669268962
4312,0.4318,36,215,36,313491,362953,31659,94597,2.8747386262831074,0.20674680362801878
4313,0.4319,14,133,14,313624,362820,31673,94583,2.873685210999873,0.20678264025378057
4314,0.432,25,172,25,313796,362648,31698,94558,2.872322899505766,0.20681705839380934
4315,0.4321,20,144,20,313940,362504,31718,94538,2.8711823596502346,0.20684751073205526
4316,0.4322,25,160,25,314100,362344,31743,94513,2.869915093144088,0.2068765499926673
4317,0.4323,14,181,14,314281,362163,31757,94499,2.86848149790901,0.20693423144470088
4318,0.4324,12,152,12,314433,362011,31769,94487,2.8672775947281712,0.206982286888442
4319,0.4325,41,270,41,314703,361741,31810,94446,2.8651390824990495,0.2070335191489455
4320,0.4326,10,88,10,314791,361653,31820,94436,2.864442085920669,0.2070560789670437
4321,0.4327,23,113,23,314904,361540,31843,94413,2.8635470789507034,0.20706739510431996
4322,0.4328,6,74,6,314978,361466,31849,94407,2.8629609681916106,0.20709057127752686
4323,0.4329,9,60,9,315038,361406,31858,94398,2.862485743251806,0.20710217549648532
4324,0.433,5,65,5,315103,361341,31863,94393,2.861970916233684,0.2071230147410551
4325,0.4331,11,110,11,315213,361231,31874,94382,2.8610996705107086,0.20715387840118699
4326,0.4332,18,118,18,315331,361113,31892,94364,2.8601650614624257,0.20717621306893652
4327,0.4333,10,127,10,315458,360986,31902,94354,2.859159168673172,0.20721658540870558
4328,0.4334,29,226,29,315684,360760,31931,94325,2.8573691547332403,0.20726897173055583
4329,0.4335,25,163,25,315847,360597,31956,94300,2.856078126980104,0.20729967443179445
4330,0.4336,26,141,26,315988,360456,31982,94274,2.8549613483715626,0.20731862863677347
4331,0.4337,9,55,9,316043,360401,31991,94265,2.854525725510075,0.20732801660999503
4332,0.4338,12,75,12,316118,360326,32003,94253,2.853931694335319,0.20734129821219194
4333,0.4339,27,104,27,316222,360222,32030,94226,2.853107971106324,0.20734165405062846
4334,0.434,26,136,26,316358,360086,32056,94200,2.852030794576099,0.20735836015197476
4335,0.4341,20,112,20,316470,359974,32076,94180,2.851143708021797,0.20737459099776728
4336,0.4342,26,155,26,316625,359819,32102,94154,2.849916043593968,0.20739999955944516
4337,0.4343,6,28,6,316653,359791,32108,94148,2.8496942719553924,0.20740231617023433
4338,0.4344,21,144,21,316797,359647,32129,94127,2.8485537320998606,0.20743145266145702
4339,0.4345,10,90,10,316887,359557,32139,94117,2.8478408946901532,0.20745513298095108
4340,0.4346,10,23,10,316910,359534,32149,94107,2.847658725129895,0.2074481803893387
4341,0.4347,16,207,16,317117,359327,32165,94091,2.8460191990875683,0.2075149200075868
4342,0.4348,21,222,21,317339,359105,32186,94070,2.84426086681029,0.20757985325757158
4343,0.4349,28,223,28,317562,358882,32214,94042,2.842494614117349,0.2076330686826046
4344,0.435,21,181,21,317743,358701,32235,94021,2.841061018882271,0.207679326385729
4345,0.4351,21,107,21,317850,358594,32256,94000,2.8402135344062858,0.20769166184262275
4346,0.4352,46,263,46,318113,358331,32302,93954,2.8381304650868078,0.2077318504924992
4347,0.4353,9,34,9,318147,358297,32311,93945,2.837861170954252,0.20773170116884324
4348,0.4354,20,119,20,318266,358178,32331,93925,2.8369186414903056,0.20775133100200618
4349,0.4355,13,136,13,318402,358042,32344,93912,2.835841464960081,0.20779105838204773
4350,0.4356,14,89,14,318491,357953,32358,93898,2.8351365479660373,0.20780744094845424
4351,0.4357,16,113,16,318604,357840,32374,93882,2.8342415409960715,0.20783136530875185
4352,0.4358,9,69,9,318673,357771,32383,93873,2.833695032315296,0.20784733108377396
4353,0.4359,15,88,15,318761,357683,32398,93858,2.8329980357369156,0.2078615230953557
4354,0.436,26,121,26,318882,357562,32424,93832,2.832039665441642,0.20787161548447697
4355,0.4361,31,123,31,319005,357439,32455,93801,2.8310654543150426,0.20787385870046982
4356,0.4362,12,69,12,319074,357370,32467,93789,2.830518945634267,0.20788458171066077
4357,0.4363,28,156,28,319230,357214,32495,93761,2.8292833607907744,0.2079073119352514
4358,0.4364,15,81,15,319311,357133,32510,93746,2.828641807122038,0.20791831067758756
4359,0.4365,22,72,22,319383,357061,32532,93724,2.8280715371942717,0.20791286311656332
4360,0.4366,22,85,22,319468,356976,32554,93702,2.827398301862882,0.20791341046157125
4361,0.4367,6,62,6,319530,356914,32560,93696,2.82690723609175,0.2079314706730876
4362,0.4368,22,151,22,319681,356763,32582,93674,2.8257112533265745,0.20796248975994422
4363,0.4369,19,94,19,319775,356669,32601,93655,2.8249667342542137,0.20797248203515692
4364,0.437,14,67,14,319842,356602,32615,93641,2.8244360664047647,0.20797880255772994
4365,0.4371,15,105,15,319947,356497,32630,93626,2.8236044227601065,0.208000924191832
4366,0.4372,5,41,5,319988,356456,32635,93621,2.8232796857179063,0.20801107366072916
4367,0.4373,12,65,12,320053,356391,32647,93609,2.8227648586997844,0.20802
4368,0.4374,38,274,38,320327,356117,32685,93571,2.820594664808009,0.20807982423369092
4369,0.4375,12,77,12,320404,356040,32697,93559,2.819984792801926,0.20809432405321185
4370,0.4376,9,91,9,320495,355949,32706,93550,2.8192640349765554,0.20812059648631032
4371,0.4377,28,122,28,320617,355827,32734,93522,2.818297744265619,0.20812775815680018
4372,0.4378,24,194,24,320811,355633,32758,93498,2.816761183626917,0.20817534305135918
4373,0.4379,10,80,10,320891,355553,32768,93488,2.8161275503738437,0.20819479735703422
4374,0.438,21,118,21,321009,355435,32789,93467,2.8151929413255607,0.2082124829027271
4375,0.4381,19,149,19,321158,355286,32808,93448,2.814012799391712,0.20824809352534018
4376,0.4382,21,114,21,321272,355172,32829,93427,2.8131098720060828,0.20826395065526226
4377,0.4383,34,207,34,321479,354965,32863,93393,2.8114703459637562,0.208300063788312
4378,0.4384,30,173,30,321652,354792,32893,93363,2.8101001140539856,0.2083274759848713
4379,0.4385,20,124,20,321776,354668,32913,93343,2.8091179825117223,0.20834979498271247
4380,0.4386,14,58,14,321834,354610,32927,93329,2.808658598403244,0.20835203007552366
4381,0.4387,17,141,17,321975,354469,32944,93312,2.807541819794703,0.2083875823226086
4382,0.4388,12,85,12,322060,354384,32956,93300,2.8068685844633126,0.208405929182191
4383,0.4389,7,66,7,322126,354318,32963,93293,2.8063458370295273,0.2084242791173586
4384,0.439,41,349,41,322475,353969,33004,93252,2.8035816119629957,0.20851435867278145
4385,0.4391,25,124,25,322599,353845,33029,93227,2.8025994804207324,0.2085279328609262
4386,0.4392,23,157,23,322756,353688,33052,93204,2.8013559751615764,0.20856045756021588
4387,0.4393,4,33,4,322789,353655,33056,93200,2.801094601444684,0.20856877510601873
4388,0.4394,24,138,24,322927,353517,33080,93176,2.8000015840831325,0.2085906875639421
4389,0.4395,39,254,39,323181,353263,33119,93137,2.7979897985046254,0.20864023297491038
4390,0.4396,23,183,23,323364,353080,33142,93114,2.7965403624382206,0.20868501145241755
4391,0.4397,7,71,7,323435,353009,33149,93107,2.7959780129261183,0.2087058074581499
4392,0.4398,18,83,18,323518,352926,33167,93089,2.795320618426055,0.20871271145589274
4393,0.4399,54,312,54,323830,352614,33221,93035,2.79284944873907,0.208762950214182
4394,0.44,32,211,32,324041,352403,33253,93003,2.7911782410340895,0.20880500038167424
4395,0.4401,18,154,18,324195,352249,33271,92985,2.7899584970219236,0.20884523643746883
4396,0.4402,26,144,26,324339,352105,33297,92959,2.7888179571663922,0.20886658997357682
4397,0.4403,28,199,28,324538,351906,33325,92931,2.787241794449373,0.20891023003931777
4398,0.4404,16,158,16,324696,351748,33341,92915,2.785990368774553,0.20895599588902158
4399,0.4405,13,111,13,324807,351637,33354,92902,2.7851112026359144,0.20898503843307337
4400,0.4406,61,421,61,325228,351216,33415,92841,2.781776707641617,0.20907451070470684
4401,0.4407,24,128,24,325356,351088,33439,92817,2.7807628944367,0.2090920354580372
4402,0.4408,19,105,19,325461,350983,33458,92798,2.7799312507920417,0.20910764543772717
4403,0.4409,10,81,10,325542,350902,33468,92788,2.779289697123305,0.20912799477112398
4404,0.441,15,95,15,325637,350807,33483,92773,2.7785372576352807,0.20914603904594437
4405,0.4411,24,142,24,325779,350665,33507,92749,2.777412558611076,0.20917021113451537
4406,0.4412,50,246,50,326025,350419,33557,92699,2.775464136357876,0.20919709874119308
4407,0.4413,23,184,23,326209,350235,33580,92676,2.774006779875808,0.20924294045530592
4408,0.4414,11,82,11,326291,350153,33591,92665,2.773357305791408,0.2092620444516709
4409,0.4415,13,85,13,326376,350068,33604,92652,2.7726840704600177,0.20927900252981568
4410,0.4416,24,134,24,326510,349934,33628,92628,2.77162273476112,0.20929948798134498
4411,0.4417,24,214,24,326724,349720,33652,92604,2.7699277658091495,0.20935784628462395
4412,0.4418,7,112,7,326836,349608,33659,92597,2.7690406792548474,0.2093983559661243
4413,0.4419,8,103,8,326939,349505,33667,92589,2.768224876441516,0.20943283555081046
4414,0.442,20,138,20,327077,349367,33687,92569,2.7671318590799645,0.20946245610224104
4415,0.4421,8,62,8,327139,349305,33695,92561,2.766640793308833,0.20947753391299626
4416,0.4422,11,65,11,327204,349240,33706,92550,2.7661259662907107,0.2094886710880735
4417,0.4423,6,91,6,327295,349149,33712,92544,2.7654052084653404,0.20952109270466138
4418,0.4424,39,225,39,327520,348924,33751,92505,2.763623114941072,0.20955804897276797
4419,0.4425,24,80,24,327600,348844,33775,92481,2.762989481687999,0.20955305047300743
4420,0.4426,22,119,22,327719,348725,33797,92459,2.7620469522240527,0.20957015666932619
4421,0.4427,38,262,38,327981,348463,33835,92421,2.759971803320238,0.209626568439771
4422,0.4428,6,65,6,328046,348398,33841,92415,2.759456976302116,0.20964672094516268
4423,0.4429,23,169,23,328215,348229,33864,92392,2.7581184260549994,0.20968587516255466
4424,0.443,10,49,10,328264,348180,33874,92382,2.757730325687492,0.20969125798412028
4425,0.4431,16,116,16,328380,348064,33890,92366,2.756811557470536,0.20971777581000386
4426,0.4432,13,46,13,328426,348018,33903,92353,2.756447218350019,0.20971635280252332
4427,0.4433,5,68,5,328494,347950,33908,92348,2.7559086300849067,0.20973976715769774
4428,0.4434,29,192,29,328686,347758,33937,92319,2.7543879102775315,0.2097791977313061
4429,0.4435,29,175,29,328861,347583,33966,92290,2.753001837536434,0.2098105589567898
4430,0.4436,18,135,18,328996,347448,33984,92272,2.751932581421873,0.20984262712635313
4431,0.4437,22,155,22,329151,347293,34006,92250,2.750704916994044,0.20987707687302493
4432,0.4438,10,62,10,329213,347231,34016,92240,2.750213851222912,0.20988870710467813
4433,0.4439,25,142,25,329355,347089,34041,92215,2.7490891521987075,0.20991158742010088
4434,0.444,14,115,14,329470,346974,34055,92201,2.7481783043974146,0.2099413673364832
4435,0.4441,13,113,13,329583,346861,34068,92188,2.747283297427449,0.20997200768023613
4436,0.4442,9,92,9,329675,346769,34077,92179,2.7465546191864147,0.2099998177460656
4437,0.4443,19,81,19,329756,346688,34096,92160,2.745913065517678,0.21000437509114772
4438,0.4444,22,98,22,329854,346590,34118,92138,2.7451368647826637,0.21001167010083696
4439,0.4445,20,100,20,329954,346490,34138,92118,2.7443448232163226,0.2100235289825995
4440,0.4446,40,189,40,330143,346301,34178,92078,2.7428478646559373,0.21004199562479042
4441,0.4447,19,94,19,330237,346207,34197,92059,2.742103345583576,0.21005279898509124
4442,0.4448,28,306,28,330543,345901,34225,92031,2.7396796983905713,0.21014906423828356
4443,0.4449,8,58,8,330601,345843,34233,92023,2.7392203142820937,0.21016246979669578
4444,0.445,33,145,33,330746,345698,34266,91990,2.7380718540108986,0.21017254299866572
4445,0.4451,61,276,61,331022,345422,34327,91929,2.7358858192877964,0.21019501498796161
4446,0.4452,23,140,23,331162,345282,34350,91906,2.7347769610949184,0.21022077458667668
4447,0.4453,16,65,16,331227,345217,34366,91890,2.7342621340767965,0.21022312614531452
4448,0.4454,38,177,38,331404,345040,34404,91852,2.732860220504372,0.21023960154912427
4449,0.4455,35,178,35,331582,344862,34439,91817,2.7314503865162845,0.2102620002335812
4450,0.4456,15,105,15,331687,344757,34454,91802,2.7306187428716258,0.21028543679090342
4451,0.4457,33,266,33,331953,344491,34487,91769,2.7285119123051578,0.21035391738871315
4452,0.4458,31,209,31,332162,344282,34518,91738,2.726856545431504,0.2103986055685519
4453,0.4459,14,96,14,332258,344186,34532,91724,2.7260961855278163,0.21041958202381225
4454,0.446,22,81,22,332339,344105,34554,91702,2.7254546318590798,0.21041883218947838
4455,0.4461,23,149,23,332488,343956,34577,91679,2.7242744899252314,0.21044911451100118
4456,0.4462,18,164,18,332652,343792,34595,91661,2.722975541756431,0.21049573662369991
4457,0.4463,37,235,37,332887,343557,34632,91624,2.721114244075529,0.21054228010873635
4458,0.4464,31,215,31,333102,343342,34663,91593,2.719411354707895,0.21059008817409497
4459,0.4465,25,171,25,333273,343171,34688,91568,2.718056963629451,0.21062752594085188
4460,0.4466,19,98,19,333371,343073,34707,91549,2.7172807628944367,0.21064051060461736
4461,0.4467,23,183,23,333554,342890,34730,91526,2.715831326828032,0.21068745165923908
4462,0.4468,23,106,23,333660,342784,34753,91503,2.7149917627677103,0.21069707359419002
4463,0.4469,13,98,13,333758,342686,34766,91490,2.7142155620326953,0.21072099793632076
4464,0.447,16,76,16,333834,342610,34782,91474,2.713613610442276,0.2107287990342883
4465,0.4471,4,42,4,333876,342568,34786,91470,2.7132809529844124,0.2107419166063801
4466,0.4472,32,226,32,334102,342342,34818,91438,2.7114909390444812,0.21079348978744986
4467,0.4473,21,155,21,334257,342187,34839,91417,2.710263274616652,0.21083061964373023
4468,0.4474,15,110,15,334367,342077,34854,91402,2.709392028893676,0.2108568119793577
4469,0.4475,22,128,22,334495,341949,34876,91380,2.7083782156887595,0.21087903186724175
4470,0.4476,22,125,22,334620,341824,34898,91358,2.707388163730833,0.21089980654782517
4471,0.4477,31,153,31,334773,341671,34929,91327,2.70617634013433,0.21091783333872213
4472,0.4478,10,43,10,334816,341628,34939,91317,2.7058357622608034,0.21092055572878773
4473,0.4479,33,224,33,335040,341404,34972,91284,2.704061589152199,0.21096956698591132
4474,0.448,19,110,19,335150,341294,34991,91265,2.703190343429223,0.21098855878620026
4475,0.4481,19,124,19,335274,341170,35010,91246,2.7022082118869597,0.21101439354695478
4476,0.4482,10,77,10,335351,341093,35020,91236,2.701598339880877,0.2110337266294882
4477,0.4483,29,192,29,335543,340901,35049,91207,2.7000776200735013,0.21107454617827023
4478,0.4484,13,116,13,335659,340785,35062,91194,2.6991588518565455,0.21110748439160237
4479,0.4485,10,74,10,335733,340711,35072,91184,2.6985727410974527,0.21112538927285568
4480,0.4486,20,99,20,335832,340612,35092,91164,2.697788619946775,0.2111372563551471
4481,0.4487,23,179,23,336011,340433,35115,91141,2.696370865543024,0.2111827867295064
4482,0.4488,28,188,28,336199,340245,35143,91113,2.694881827398302,0.21122362399677297
4483,0.4489,9,28,9,336227,340217,35152,91104,2.6946600557597264,0.21122087725846875
4484,0.449,16,97,16,336324,340120,35168,91088,2.6938917754403753,0.21123912357841226
4485,0.4491,15,112,15,336436,340008,35183,91073,2.693004688886073,0.21126656011283262
4486,0.4492,13,71,13,336507,339937,35196,91060,2.6924423393739705,0.2112775726977218
4487,0.4493,10,59,10,336566,339878,35206,91050,2.691975034849829,0.211288196636097
4488,0.4494,20,143,20,336709,339735,35226,91030,2.6908424154099606,0.2113217183383051
4489,0.4495,29,232,29,336941,339503,35255,91001,2.6890048789760486,0.21138247263672347
4490,0.4496,12,99,12,337040,339404,35267,90989,2.6882207578253707,0.21140910749013112
4491,0.4497,25,95,25,337135,339309,35292,90964,2.6874683183373462,0.21140996530109954
4492,0.4498,19,97,19,337232,339212,35311,90945,2.686700038017995,0.2114228060917293
4493,0.4499,24,108,24,337340,339104,35335,90921,2.6858446331263464,0.21143189349456426
4494,0.45,34,243,34,337583,338861,35369,90887,2.6839199721201368,0.2114890587041708
4495,0.4501,37,244,37,337827,338617,35406,90850,2.681987390698264,0.21154128256653015
4496,0.4502,18,116,18,337943,338501,35424,90832,2.6810686224813076,0.21156538165014102
4497,0.4503,23,99,23,338042,338402,35447,90809,2.68028450133063,0.21157193082190345
4498,0.4504,13,185,13,338227,338217,35460,90796,2.6788192244328983,0.21163927433434418
4499,0.4505,20,92,20,338319,338125,35480,90776,2.6780905461918643,0.21164790942431935
4500,0.4506,15,64,15,338383,338061,35495,90761,2.6775836395894057,0.21165192084361342
4501,0.4507,20,147,20,338530,337914,35515,90741,2.676419338486884,0.21168772089442559
4502,0.4508,22,90,22,338620,337824,35537,90719,2.6757065010771766,0.21169170888335592
4503,0.4509,15,85,15,338705,337739,35552,90704,2.6750332657457863,0.2117061079303431
4504,0.451,13,74,13,338779,337665,35565,90691,2.6744471549866935,0.2117187572953338
4505,0.4511,14,103,14,338882,337562,35579,90677,2.673631352173362,0.21174390935902615
4506,0.4512,37,237,37,339119,337325,35616,90640,2.6717542136611327,0.21179302045728038
4507,0.4513,26,178,26,339297,337147,35642,90614,2.670344379673045,0.21183324332980333
4508,0.4514,24,148,24,339445,336999,35666,90590,2.66917215815486,0.21186232573803349
4509,0.4515,25,137,25,339582,336862,35691,90565,2.6680870612089724,0.21188413460076225
4510,0.4516,24,149,24,339731,336713,35715,90541,2.6669069192751236,0.21191375621995348
4511,0.4517,17,99,17,339830,336614,35732,90524,2.6661227981244457,0.21193150691345655
4512,0.4518,33,160,33,339990,336454,35765,90491,2.6648555316182994,0.21195001698111
4513,0.4519,18,97,18,340087,336357,35783,90473,2.664087251298948,0.211964950917227
4514,0.452,35,174,35,340261,336183,35818,90438,2.6627090989735143,0.21198675170701864
4515,0.4521,14,52,14,340313,336131,35832,90424,2.6622972373590166,0.2119867309022283
4516,0.4522,30,169,30,340482,335962,35862,90394,2.6609586871118998,0.21201531114842995
4517,0.4523,6,84,6,340566,335878,35868,90388,2.660293372196173,0.2120459994463551
4518,0.4524,16,111,16,340677,335767,35884,90372,2.659414206057534,0.21207164798340447
4519,0.4525,27,164,27,340841,335603,35911,90345,2.658115257888734,0.21210335533914937
4520,0.4526,33,143,33,340984,335460,35944,90312,2.656982638448866,0.21211352554888532
4521,0.4527,21,107,21,341091,335353,35965,90291,2.6561351539728806,0.21212797549125562
4522,0.4528,25,211,25,341302,335142,35990,90266,2.6544639462679003,0.21218688882202497
4523,0.4529,19,146,19,341448,334996,36009,90247,2.653307565581042,0.21222453985133205
4524,0.453,15,61,15,341509,334935,36024,90232,2.6528244202255733,0.21222719543144222
4525,0.4531,21,128,21,341637,334807,36045,90211,2.6518106070206566,0.21225218696619907
4526,0.4532,10,77,10,341714,334730,36055,90201,2.6512007350145734,0.21227211006022154
4527,0.4533,25,148,25,341862,334582,36080,90176,2.6500285134963883,0.21229970948163424
4528,0.4534,34,158,34,342020,334424,36114,90142,2.648777087821569,0.21231563526047775
4529,0.4535,11,58,11,342078,334366,36125,90131,2.648317703713091,0.21232423315123547
4530,0.4536,20,148,20,342226,334218,36145,90111,2.6471454821949054,0.21236116315406206
4531,0.4537,12,107,12,342333,334111,36157,90099,2.6462979977189205,0.21239244713703118
4532,0.4538,29,203,29,342536,333908,36186,90070,2.6446901533392473,0.2124402681271198
4533,0.4539,22,131,22,342667,333777,36208,90048,2.64365257888734,0.21246505043355157
4534,0.454,21,105,21,342772,333672,36229,90027,2.6428209352426815,0.21247866999922113
4535,0.4541,28,202,28,342974,333470,36257,89999,2.641221011278672,0.21252795364005395
4536,0.4542,35,185,35,343159,333285,36292,89964,2.63975573438094,0.21255572960597663
4537,0.4543,37,192,37,343351,333093,36329,89927,2.638235014573565,0.2125833293934093
4538,0.4544,25,155,25,343506,332938,36354,89902,2.6370073501457356,0.2126147005959701
4539,0.4545,20,124,20,343630,332814,36374,89882,2.6360252186034723,0.21263981679504892
4540,0.4546,18,79,18,343709,332735,36392,89864,2.6353995057660624,0.21264603087087286
4541,0.4547,7,89,7,343798,332646,36399,89857,2.634694588772019,0.21267777980274696
4542,0.4548,27,188,27,343986,332458,36426,89830,2.633205550627297,0.21272212329026635
4543,0.4549,18,132,18,344118,332326,36444,89812,2.6321600557597264,0.21275507061671775
4544,0.455,31,181,31,344299,332145,36475,89781,2.6307264605246483,0.2127884984570754
4545,0.4551,38,228,38,344527,331917,36513,89743,2.62892060575339,0.2128326139543708
4546,0.4552,14,121,14,344648,331796,36527,89729,2.6279622354581167,0.21286756420141154
4547,0.4553,23,178,23,344826,331618,36550,89706,2.626552401470029,0.21291452658761428
4548,0.4554,23,115,23,344941,331503,36573,89683,2.6256415536687365,0.21292967952401076
4549,0.4555,18,73,18,345014,331430,36591,89665,2.625063363325307,0.2129329486220449
4550,0.4556,14,91,14,345105,331339,36605,89651,2.624342605499937,0.21295280172925724
4551,0.4557,38,185,38,345290,331154,36643,89613,2.622877328602205,0.21297535215451782
4552,0.4558,25,166,25,345456,330988,36668,89588,2.6215625396020785,0.21301263029749676
4553,0.4559,36,211,36,345667,330777,36704,89552,2.6198913318970978,0.21305215676291667
4554,0.456,27,99,27,345766,330678,36731,89525,2.61910721074642,0.21305178687443926
4555,0.4561,9,41,9,345807,330637,36740,89516,2.61878247370422,0.21305572017812557
4556,0.4562,12,67,12,345874,330570,36752,89504,2.6182518058547712,0.21306722148954707
4557,0.4563,16,66,16,345940,330504,36768,89488,2.617729058420986,0.21307072515666964
4558,0.4564,22,116,22,346056,330388,36790,89466,2.6168102902040298,0.2130883592867997
4559,0.4565,12,80,12,346136,330308,36802,89454,2.6161766569509566,0.21310647462133303
4560,0.4566,14,129,14,346265,330179,36816,89440,2.6151549233303766,0.21314573458303843
4561,0.4567,20,127,20,346392,330052,36836,89420,2.614149030541123,0.21317275050539727
4562,0.4568,7,57,7,346449,329995,36843,89413,2.613697566848308,0.21318858963109907
4563,0.4569,38,253,38,346702,329742,36881,89375,2.6116937016854647,0.21324594325689486
4564,0.457,36,258,36,346960,329484,36917,89339,2.6096502344443038,0.2133096797453817
4565,0.4571,21,125,21,347085,329359,36938,89318,2.608660182486377,0.21333390656759268
4566,0.4572,10,66,10,347151,329293,36948,89308,2.6081374350525914,0.21334874976409515
4567,0.4573,13,76,13,347227,329217,36961,89295,2.607535483462172,0.21336305769010208
4568,0.4574,23,151,23,347378,329066,36984,89272,2.6063395006969965,0.21339682266492643
4569,0.4575,36,220,36,347598,328846,37020,89236,2.6045970092510453,0.21344138231256068
4570,0.4576,38,250,38,347848,328596,37058,89198,2.602616905335192,0.21349756099896122
4571,0.4577,15,131,15,347979,328465,37073,89183,2.601579330883285,0.2135362793548634
4572,0.4578,25,158,25,348137,328307,37098,89158,2.600327905208465,0.21356999988022948
4573,0.4579,11,88,11,348225,328219,37109,89147,2.599630908630085,0.21359430332130552
4574,0.458,18,115,18,348340,328104,37127,89129,2.5987200608287924,0.21361924871714366
4575,0.4581,10,69,10,348409,328035,37137,89119,2.5981735521480167,0.2136357316482642
4576,0.4582,11,96,11,348505,327939,37148,89108,2.597413192244329,0.2136641673480447
4577,0.4583,24,200,24,348705,327739,37172,89084,2.595829109111646,0.21372141172632028
4578,0.4584,23,174,23,348879,327565,37195,89061,2.594450956786212,0.21376726368493565
4579,0.4585,16,98,16,348977,327467,37211,89045,2.5936747560511977,0.21378735786724032
4580,0.4586,25,145,25,349122,327322,37236,89020,2.5925262957800026,0.2138146043397015
4581,0.4587,11,64,11,349186,327258,37247,89009,2.592019389177544,0.21382670257310812
4582,0.4588,21,139,21,349325,327119,37268,88988,2.5909184514003294,0.21385845467632122
4583,0.4589,24,84,24,349409,327035,37292,88964,2.590253136484603,0.21385628330837333
4584,0.459,14,126,14,349535,326909,37306,88950,2.5892551641110124,0.2138946133184565
4585,0.4591,28,248,28,349783,326661,37334,88922,2.5872909010264857,0.2139692913328986
4586,0.4592,15,106,15,349889,326555,37349,88907,2.586451336966164,0.21399550380058827
4587,0.4593,21,170,21,350059,326385,37370,88886,2.5851048663033835,0.2140433596374416
4588,0.4594,18,135,18,350194,326250,37388,88868,2.5840356101888227,0.2140788884124514
4589,0.4595,23,136,23,350330,326114,37411,88845,2.5829584336585985,0.21410548993996997
4590,0.4596,14,56,14,350386,326058,37425,88831,2.5825148903814474,0.21410786981578206
4591,0.4597,31,156,31,350542,325902,37456,88800,2.581279305537955,0.21412966419260096
4592,0.4598,15,132,15,350674,325770,37471,88785,2.580233810670384,0.21416941057278285
4593,0.4599,13,92,13,350766,325678,37484,88772,2.57950513242935,0.2141923030522379
4594,0.46,18,113,18,350879,325565,37502,88754,2.578610125459384,0.2142165819091087
4595,0.4601,23,118,23,350997,325447,37525,88731,2.577675516411101,0.21423397669600994
4596,0.4602,14,105,14,351102,325342,37539,88717,2.576843872766443,0.21426173564636924
4597,0.4603,22,139,22,351241,325203,37561,88695,2.5757429349892282,0.2142919269965064
4598,0.4604,20,121,20,351362,325082,37581,88675,2.5747845646939553,0.21431661579139447
4599,0.4605,30,208,30,351570,324874,37611,88645,2.573137118235965,0.21436741721662125
4600,0.4606,28,141,28,351711,324733,37639,88617,2.5720203396274237,0.21438732309181083
4601,0.4607,21,114,21,351825,324619,37660,88596,2.5711174122417946,0.21440654380891302
4602,0.4608,13,93,13,351918,324526,37673,88583,2.5703808135850967,0.2144300898794265
4603,0.4609,30,216,30,352134,324310,37703,88553,2.5686700038017993,0.21448519242460573
4604,0.461,7,69,7,352203,324241,37710,88546,2.568123495121024,0.21450772432271364
4605,0.4611,14,135,14,352338,324106,37724,88532,2.5670542390064632,0.21455125315651977
4606,0.4612,16,58,16,352396,324048,37740,88516,2.566594854897985,0.21455095451857167
4607,0.4613,22,154,22,352550,323894,37762,88494,2.565375110885819,0.2145891733028119
4608,0.4614,9,116,9,352666,323778,37771,88485,2.5644563426688634,0.2146324069829211
4609,0.4615,30,233,30,352899,323545,37801,88455,2.562610885819288,0.21469660194174758
4610,0.4616,24,145,24,353044,323400,37825,88431,2.561462425548093,0.21472642904492376
4611,0.4617,33,242,33,353286,323158,37858,88398,2.5595456849575466,0.21478972484910924
4612,0.4618,15,171,15,353457,322987,37873,88383,2.5581912938791027,0.21485037800520213
4613,0.4619,12,71,12,353528,322916,37885,88371,2.5576289443670004,0.21486455929800843
4614,0.462,14,87,14,353615,322829,37899,88357,2.5569398682042834,0.214883288827927
4615,0.4621,26,145,26,353760,322684,37925,88331,2.5557914079330883,0.21490943152926292
4616,0.4622,34,166,34,353926,322518,37959,88297,2.5544766189329615,0.21493129510850384
4617,0.4623,31,202,31,354128,322316,37990,88266,2.552876694968952,0.21497776327262277
4618,0.4624,20,117,20,354245,322199,38010,88246,2.5519500063363325,0.21500079182350862
4619,0.4625,14,101,14,354346,322098,38024,88232,2.5511500443543276,0.21502692954451294
4620,0.4626,13,82,13,354428,322016,38037,88219,2.5505005702699277,0.21504503516277257
4621,0.4627,22,120,22,354548,321896,38059,88197,2.549550120390318,0.21506585091674327
4622,0.4628,11,103,11,354651,321793,38070,88186,2.5487343175769865,0.21509882213479228
4623,0.4629,13,78,13,354729,321715,38083,88173,2.54811652515524,0.21511486064485907
4624,0.463,13,113,13,354842,321602,38096,88160,2.547221518185274,0.21514928177820294
4625,0.4631,32,223,32,355065,321379,38128,88128,2.545455265492333,0.2152051124889196
4626,0.4632,14,96,14,355161,321283,38142,88114,2.544694905588645,0.21522873885250746
4627,0.4633,32,162,32,355323,321121,38174,88082,2.543411798251172,0.21525257634963577
4628,0.4634,22,163,22,355486,320958,38196,88060,2.5421207704980358,0.21529614833577007
4629,0.4635,43,201,43,355687,320757,38239,88017,2.5405287669496897,0.21531946748080846
4630,0.4636,29,181,29,355868,320576,38268,87988,2.5390951717146115,0.2153591603763425
4631,0.4637,30,186,30,356054,320390,38298,87958,2.5376219744012167,0.21539961013645223
4632,0.4638,25,191,25,356245,320199,38323,87933,2.5361091750095044,0.2154523536502896
4633,0.4639,24,156,24,356401,320043,38347,87909,2.5348735901660118,0.2154885868925756
4634,0.464,29,216,29,356617,319827,38376,87880,2.5331627803827144,0.21554694915711528
4635,0.4641,15,130,15,356747,319697,38391,87865,2.5321331263464706,0.2155868309606882
4636,0.4642,25,226,25,356973,319471,38416,87840,2.530343112406539,0.21565830532443267
4637,0.4643,31,168,31,357141,319303,38447,87809,2.5290124825750855,0.2156875749179587
4638,0.4644,29,148,29,357289,319155,38476,87780,2.5278402610569004,0.21571012569574993
4639,0.4645,30,228,30,357517,318927,38506,87750,2.5260344062856417,0.2157732057628044
4640,0.4646,46,270,46,357787,318657,38552,87704,2.52389589405652,0.21582779843538136
4641,0.4647,19,129,19,357916,318528,38571,87685,2.5228741604359395,0.2158596598336341
4642,0.4648,46,167,46,358083,318361,38617,87639,2.5215514510201493,0.21585960591133005
4643,0.4649,18,118,18,358201,318243,38635,87621,2.520616841971867,0.2158875879604991
4644,0.465,19,134,19,358335,318109,38654,87602,2.5195555062729693,0.21592217120068227
4645,0.4651,13,156,13,358491,317953,38667,87589,2.5183199214294767,0.2159800957730642
4646,0.4652,35,273,35,358764,317680,38702,87554,2.5161576479533645,0.2160578826060992
4647,0.4653,34,160,34,358924,317520,38736,87520,2.5148903814472185,0.21607742445190598
4648,0.4654,35,208,35,359132,317312,38771,87485,2.5132429349892282,0.21612067283107336
4649,0.4655,14,124,14,359256,317188,38785,87471,2.512260803446965,0.21615977897439573
4650,0.4656,16,106,16,359362,317082,38801,87455,2.511421239386643,0.21618541690871293
4651,0.4657,17,109,17,359471,316973,38818,87438,2.510557914079331,0.21621073610757374
4652,0.4658,40,282,40,359753,316691,38858,87398,2.508324356862248,0.21628403643751748
4653,0.4659,18,130,18,359883,316561,38876,87380,2.5072947028260044,0.21631871981304202
4654,0.466,18,94,18,359977,316467,38894,87362,2.5065501837536432,0.21633414143115032
4655,0.4661,51,271,51,360248,316196,38945,87311,2.504403751108858,0.21638038497473402
4656,0.4662,27,174,27,360422,316022,38972,87284,2.5030255987834242,0.21642127813620426
4657,0.4663,20,105,20,360527,315917,38992,87264,2.5021939551387655,0.21643877067619754
4658,0.4664,43,202,43,360729,315715,39035,87221,2.500594031174756,0.2164636567593861
4659,0.4665,24,117,24,360846,315598,39059,87197,2.4996673425421365,0.2164798470686081
4660,0.4666,20,113,20,360959,315485,39079,87177,2.4987723355721707,0.21650168131087613
4661,0.4667,9,68,9,361027,315417,39088,87168,2.498233747307059,0.21652073475166736
4662,0.4668,31,229,31,361256,315188,39119,87137,2.4964199721201368,0.21658360777978003
4663,0.4669,14,106,14,361362,315082,39133,87123,2.495580408059815,0.21661341853035143
4664,0.467,13,100,13,361462,314982,39146,87110,2.4947883664934736,0.21664196253593704
4665,0.4671,16,126,16,361588,314856,39162,87094,2.4937903941198836,0.2166786913795248
4666,0.4672,15,81,15,361669,314775,39177,87079,2.493148840451147,0.2166931273547109
4667,0.4673,11,84,11,361753,314691,39188,87068,2.49248352553542,0.21671698704945005
4668,0.4674,23,129,23,361882,314562,39211,87045,2.4914617919148396,0.2167417400593117
4669,0.4675,32,132,32,362014,314430,39243,87013,2.490416297047269,0.21675057231039027
4670,0.4676,13,85,13,362099,314345,39256,87000,2.489743061715879,0.21677110715220071
4671,0.4677,9,65,9,362164,314280,39265,86991,2.489228234697757,0.21678865405175057
4672,0.4678,25,128,25,362292,314152,39290,86966,2.48821442149284,0.21680901879247502
4673,0.4679,20,184,20,362476,313968,39310,86946,2.4867570650107718,0.2168694532992113
4674,0.468,39,247,39,362723,313721,39349,86907,2.4848007223419084,0.21692692472817676
4675,0.4681,15,74,15,362797,313647,39364,86892,2.4842146115828156,0.21693767648094192
4676,0.4682,21,101,21,362898,313546,39385,86871,2.483414649600811,0.21695132824030947
4677,0.4683,9,72,9,362970,313474,39394,86862,2.482844379673045,0.21697274289596738
4678,0.4684,37,178,37,363148,313296,39431,86825,2.4814345456849574,0.21699685845031877
4679,0.4685,29,138,29,363286,313158,39460,86796,2.4803415283234065,0.2170149567200228
4680,0.4686,18,126,18,363412,313032,39478,86778,2.479343555949816,0.21704809784647708
4681,0.4687,45,327,45,363739,312705,39523,86733,2.47675358002788,0.217137578297508
4682,0.4688,11,57,11,363796,312648,39534,86722,2.476302116335065,0.2171470065352931
4683,0.4689,40,286,40,364082,312362,39574,86682,2.4740368774553287,0.21722416575615722
4684,0.469,17,116,17,364198,312246,39591,86665,2.473118109238373,0.2172539739440627
4685,0.4691,30,154,30,364352,312092,39621,86635,2.471898365226207,0.21727899038690632
4686,0.4692,14,64,14,364416,312028,39635,86621,2.4713914586237484,0.21728638476454223
4687,0.4693,35,150,35,364566,311878,39670,86586,2.4702033962742367,0.2172994298104722
4688,0.4694,24,140,24,364706,311738,39694,86562,2.4690945380813587,0.2173286467486819
4689,0.4695,32,139,32,364845,311599,39726,86530,2.467993600304144,0.21734161540606187
4690,0.4696,26,183,26,365028,311416,39752,86504,2.4665441642377393,0.21739043023723362
4691,0.4697,14,92,14,365120,311324,39766,86490,2.465815485996705,0.2174131629354422
4692,0.4698,17,122,17,365242,311202,39783,86473,2.4648491952857685,0.21744640724209469
4693,0.4699,32,206,32,365448,310996,39815,86441,2.4632175896591053,0.21749610630112445
4694,0.47,10,76,10,365524,310920,39825,86431,2.462615638068686,0.21751801304136645
4695,0.4701,28,130,28,365654,310790,39853,86403,2.461585984032442,0.2175340451619238
4696,0.4702,22,113,22,365767,310677,39875,86381,2.4606909770624763,0.21755259936835425
4697,0.4703,13,121,13,365888,310556,39888,86368,2.459732606767203,0.2175932924186998
4698,0.4704,16,98,16,365986,310458,39904,86352,2.4589564060321885,0.21761548348075904
4699,0.4705,16,75,16,366061,310383,39920,86336,2.4583623748574324,0.21762506963367018
4700,0.4706,12,87,12,366148,310296,39932,86324,2.4576732986947154,0.21764913519237558
4701,0.4707,24,148,24,366296,310148,39956,86300,2.4565010771765303,0.2176830252643474
4702,0.4708,21,98,21,366394,310050,39977,86279,2.455724876441516,0.21769539952917905
4703,0.4709,40,193,40,366587,309857,40017,86239,2.454196236218477,0.21772247132008402
4704,0.471,16,85,16,366672,309772,40033,86223,2.4535230008870865,0.21773759769694062
4705,0.4711,15,102,15,366774,309670,40048,86208,2.4527151184894183,0.21776405862412157
4706,0.4712,29,195,29,366969,309475,40077,86179,2.4511706374350526,0.21781404964944118
4707,0.4713,17,67,17,367036,309408,40094,86162,2.450639969585604,0.21781732689536618
4708,0.4714,40,238,40,367274,309170,40134,86122,2.448754910657711,0.21786932191898647
4709,0.4715,20,103,20,367377,309067,40154,86102,2.4479391078443795,0.21788652449964446
4710,0.4716,43,213,43,367590,308854,40197,86059,2.4462520593080725,0.21791888339963486
4711,0.4717,24,135,24,367725,308719,40221,86035,2.4451828031935117,0.21794585995328736
4712,0.4718,18,127,18,367852,308592,40239,86017,2.444176910404258,0.21798032989617572
4713,0.4719,16,109,16,367961,308483,40255,86001,2.443313585096946,0.2180088419302177
4714,0.472,35,204,35,368165,308279,40290,85966,2.4416978203016093,0.218052226407437
4715,0.4721,22,118,22,368283,308161,40312,85944,2.4407632112533264,0.21807386356427855
4716,0.4722,23,127,23,368410,308034,40335,85921,2.439757318464073,0.21809851378964604
4717,0.4723,23,122,23,368532,307912,40358,85898,2.4387910277531364,0.21812041339732358
4718,0.4724,14,82,14,368614,307830,40372,85884,2.4381415536687365,0.21813803928740153
4719,0.4725,34,170,34,368784,307660,40406,85850,2.436795083005956,0.21816472262458386
4720,0.4726,16,94,16,368878,307566,40422,85834,2.436050563933595,0.21818505338078292
4721,0.4727,16,119,16,368997,307447,40438,85818,2.435108034469649,0.21821926690653884
4722,0.4728,29,172,29,369169,307275,40467,85789,2.4337457229755417,0.21825707772780006
4723,0.4729,26,196,26,369365,307079,40493,85763,2.4321933215055127,0.21831423320317073
4724,0.473,23,151,23,369516,306928,40516,85740,2.430997338740337,0.2183523994825145
4725,0.4731,30,154,30,369670,306774,40546,85710,2.4297775947281712,0.2183783287981166
4726,0.4732,25,78,25,369748,306696,40571,85685,2.429159802306425,0.21837193951796852
4727,0.4733,7,48,7,369796,306648,40578,85678,2.4287796223545812,0.2183847106742862
4728,0.4734,49,212,49,370008,306436,40627,85629,2.4271004942339376,0.21840511139734484
4729,0.4735,26,167,26,370175,306269,40653,85603,2.4257777848181474,0.2184463294136861
4730,0.4736,26,190,26,370365,306079,40679,85577,2.4242729058420984,0.2185004187348081
4731,0.4737,25,142,25,370507,305937,40704,85552,2.423148206817894,0.21852976711989353
4732,0.4738,16,134,16,370641,305803,40720,85536,2.4220868711189962,0.21857264417806557
4733,0.4739,26,125,26,370766,305678,40746,85510,2.4210968191610696,0.21859054981236642
4734,0.474,21,133,21,370899,305545,40767,85489,2.4200434038778353,0.21862293304418542
4735,0.4741,26,179,26,371078,305366,40793,85463,2.4186256494740843,0.2186710812145465
4736,0.4742,19,125,19,371203,305241,40812,85444,2.4176355975161576,0.21870304721194825
4737,0.4743,14,120,14,371323,305121,40826,85430,2.416685147636548,0.21874223852966707
4738,0.4744,11,73,11,371396,305048,40837,85419,2.4161069572931186,0.2187611244996376
4739,0.4745,10,81,10,371477,304967,40847,85409,2.415465403624382,0.21878650326864357
4740,0.4746,15,83,15,371560,304884,40862,85394,2.414808009124319,0.21880300708725575
4741,0.4747,21,123,21,371683,304761,40883,85373,2.413833797997719,0.21882994048198823
4742,0.4748,41,255,41,371938,304506,40924,85332,2.4118140920035485,0.21889092392224463
4743,0.4749,31,124,31,372062,304382,40955,85301,2.410831960461285,0.21889843796111197
4744,0.475,19,100,19,372162,304282,40974,85282,2.4100399188949435,0.21891653232844924
4745,0.4751,14,91,14,372253,304191,40988,85268,2.409319161069573,0.21893960596622494
4746,0.4752,19,129,19,372382,304062,41007,85249,2.4082974274489923,0.21897403361322954
4747,0.4753,33,164,33,372546,303898,41040,85216,2.4069984792801926,0.21900008737799206
4748,0.4754,7,34,7,372580,303864,41047,85209,2.4067291851476367,0.21900517383627238
4749,0.4755,14,145,14,372725,303719,41061,85195,2.4055807248764416,0.2190587122088688
4750,0.4756,18,94,18,372819,303625,41079,85177,2.4048362058040804,0.21907551915885207
4751,0.4757,33,169,33,372988,303456,41112,85144,2.4034976555569636,0.2191044776119403
4752,0.4758,19,145,19,373133,303311,41131,85125,2.4023491952857685,0.21914807072464962
4753,0.4759,32,177,32,373310,303134,41163,85093,2.400947281713344,0.21918362195313568
4754,0.476,32,135,32,373445,302999,41195,85061,2.3998780255987833,0.21919548523424212
4755,0.4761,12,108,12,373553,302891,41207,85049,2.3990226207071346,0.21923235551889467
4756,0.4762,22,126,22,373679,302765,41229,85027,2.3980246483335446,0.21925929364195237
4757,0.4763,17,65,17,373744,302700,41246,85010,2.3975098213154227,0.21926181940109876
4758,0.4764,25,138,25,373882,302562,41271,84985,2.3964168039538714,0.21928953133426396
4759,0.4765,41,209,41,374091,302353,41312,84944,2.394761437080218,0.21932522069626154
4760,0.4766,17,90,17,374181,302263,41329,84927,2.3940485996705108,0.21934192515302564
4761,0.4767,14,85,14,374266,302178,41343,84913,2.3933753643391205,0.21936185548101092
4762,0.4768,28,154,28,374420,302024,41371,84885,2.392155620326955,0.2193926737294816
4763,0.4769,27,189,27,374609,301835,41398,84858,2.3906586617665697,0.21944539983914887
4764,0.477,6,75,6,374684,301760,41404,84852,2.3900646305918136,0.2194758569314972
4765,0.4771,31,191,31,374875,301569,41435,84821,2.3885518312001013,0.21952172675276274
4766,0.4772,16,118,16,374993,301451,41451,84805,2.3876172221518184,0.21955645996437595
4767,0.4773,13,68,13,375061,301383,41464,84792,2.3870786338867065,0.21956884832006215
4768,0.4774,26,150,26,375211,301233,41490,84766,2.3858905715371943,0.21960160518550567
4769,0.4775,33,155,33,375366,301078,41523,84733,2.384662907109365,0.2196230796944618
4770,0.4776,20,92,20,375458,300986,41543,84713,2.383934228868331,0.21963500035001388
4771,0.4777,57,342,57,375800,300644,41600,84656,2.3812254467114435,0.21971450817544771
4772,0.4778,41,223,41,376023,300421,41641,84615,2.379459194018502,0.21975867191639223
4773,0.4779,7,34,7,376057,300387,41648,84608,2.379189899885946,0.2197638930375719
4774,0.478,17,85,17,376142,300302,41665,84591,2.3785166645545557,0.21977796426539323
4775,0.4781,24,153,24,376295,300149,41689,84567,2.3773048409580535,0.21981669595233888
4776,0.4782,20,126,20,376421,300023,41709,84547,2.3763068685844635,0.21984814208076553
4777,0.4783,26,119,26,376540,299904,41735,84521,2.3753643391205173,0.21986343239903752
4778,0.4784,21,92,21,376632,299812,41756,84500,2.3746356608794827,0.21987343616644808
4779,0.4785,23,93,23,376725,299719,41779,84477,2.3738990622227853,0.21987995710522754
4780,0.4786,27,117,27,376842,299602,41806,84450,2.372972373590166,0.21989209794506995
4781,0.4787,37,168,37,377010,299434,41843,84413,2.3716417437587123,0.21991314247603863
4782,0.4788,6,57,6,377067,299377,41849,84407,2.371190280065898,0.2199336084881079
4783,0.4789,43,199,43,377266,299178,41892,84364,2.3696141173488785,0.219960265107863
4784,0.479,26,199,26,377465,298979,41918,84338,2.368037954631859,0.22002154874425084
4785,0.4791,19,94,19,377559,298885,41937,84319,2.3672934355594983,0.22003684721453848
4786,0.4792,31,187,31,377746,298698,41968,84288,2.3658123178304398,0.2200811517914493
4787,0.4793,20,122,20,377868,298576,41988,84268,2.364846027119503,0.22011054110812758
4788,0.4794,18,142,18,378010,298434,42006,84250,2.3637213280952984,0.2201555330246365
4789,0.4795,11,67,11,378077,298367,42017,84239,2.36319066024585,0.22017166484582051
4790,0.4796,33,133,33,378210,298234,42050,84206,2.3621372449626157,0.22018094341596067
4791,0.4797,23,153,23,378363,298081,42073,84183,2.3609254213661135,0.22022215013707805
4792,0.4798,20,147,20,378510,297934,42093,84163,2.3597611202635913,0.22026605809519573
4793,0.4799,21,97,21,378607,297837,42114,84142,2.35899283994424,0.2202791252922281
4794,0.48,21,92,21,378699,297745,42135,84121,2.358264161703206,0.22028931614754915
4795,0.4801,7,60,7,378759,297685,42142,84114,2.3577889367634013,0.22030963936521572
4796,0.4802,37,192,37,378951,297493,42179,84077,2.356268216956026,0.22034489084571637
4797,0.4803,7,99,7,379050,297394,42186,84070,2.355484095805348,0.22038776922592956
4798,0.4804,15,71,15,379121,297323,42201,84055,2.3549217462932455,0.22039813518346626
4799,0.4805,12,75,12,379196,297248,42213,84043,2.3543277151184894,0.22041695188189597
4800,0.4806,13,94,13,379290,297154,42226,84030,2.3535831960461286,0.22044471961047682
4801,0.4807,26,120,26,379410,297034,42252,84004,2.3526327461665186,0.22046095140117258
4802,0.4808,14,76,14,379486,296958,42266,83990,2.352030794576099,0.22047628547728298
4803,0.4809,22,91,22,379577,296867,42288,83968,2.3513100367507285,0.22048393661296886
4804,0.481,15,110,15,379687,296757,42303,83953,2.350438791027753,0.22051692889601007
4805,0.4811,17,77,17,379764,296680,42320,83936,2.3498289190216703,0.22052672509826177
4806,0.4812,17,80,17,379844,296600,42337,83919,2.349195285768597,0.22053826484354264
4807,0.4813,18,149,18,379993,296451,42355,83901,2.3480151438347483,0.22058777132761231
4808,0.4814,12,40,12,380033,296411,42367,83889,2.347698327208212,0.22058637917433604
4809,0.4815,16,129,16,380162,296282,42383,83873,2.3466765935876315,0.22062842787810236
4810,0.4816,21,138,21,380300,296144,42404,83852,2.34558357622608,0.22066548068927042
4811,0.4817,16,104,16,380404,296040,42420,83836,2.3447598529970852,0.220693068264381
4812,0.4818,59,259,59,380663,295781,42479,83777,2.342708465340261,0.22072252462074307
4813,0.4819,43,201,43,380864,295580,42522,83734,2.341116461791915,0.22075114548896166
4814,0.482,20,97,20,380961,295483,42542,83714,2.3403481814725637,0.22076651450301557
4815,0.4821,13,53,13,381014,295430,42555,83701,2.3399283994424027,0.2207706571079653
4816,0.4822,15,113,15,381127,295317,42570,83686,2.339033392472437,0.22080564006089662
4817,0.4823,38,222,38,381349,295095,42608,83648,2.337275060195159,0.22085688712398646
4818,0.4824,49,210,49,381559,294885,42657,83599,2.335611772905842,0.2208785576140603
4819,0.4825,18,136,18,381695,294749,42675,83581,2.334534596375618,0.2209208891708297
4820,0.4826,21,94,21,381789,294655,42696,83560,2.3337900773032567,0.22093253837103236
4821,0.4827,29,139,29,381928,294516,42725,83531,2.3326891395260425,0.2209540083640394
4822,0.4828,13,63,13,381991,294453,42738,83518,2.3321901533392473,0.22096404221487892
4823,0.4829,16,110,16,382101,294343,42754,83502,2.331318907616272,0.22099538170413793
4824,0.483,47,361,47,382462,293982,42801,83455,2.3284596375617794,0.2211097481169043
4825,0.4831,28,83,28,382545,293899,42829,83427,2.327802243061716,0.22110058676052008
4826,0.4832,28,171,28,382716,293728,42857,83399,2.326447851983272,0.22114301017959467
4827,0.4833,17,77,17,382793,293651,42874,83382,2.325837979977189,0.22115305556808024
4828,0.4834,31,190,31,382983,293461,42905,83351,2.3243331010011405,0.22120049255331573
4829,0.4835,21,146,21,383129,293315,42926,83330,2.323176720314282,0.22124281485218175
4830,0.4836,14,53,14,383182,293262,42940,83316,2.322756938284121,0.221245001035642
4831,0.4837,25,92,25,383274,293170,42965,83291,2.322028260043087,0.22124735364353812
4832,0.4838,17,82,17,383356,293088,42982,83274,2.321378785958687,0.2212603822915172
4833,0.4839,35,149,35,383505,292939,43017,83239,2.3201986440248383,0.22127556635422593
4834,0.484,18,163,18,383668,292776,43035,83221,2.318907616271702,0.22133421277297424
4835,0.4841,11,116,11,383784,292660,43046,83210,2.3179888480547457,0.2213797323542714
4836,0.4842,34,194,34,383978,292466,43080,83176,2.316452287416044,0.2214235894814744
4837,0.4843,22,156,22,384134,292310,43102,83154,2.315216702572551,0.22146996782647604
4838,0.4844,37,189,37,384323,292121,43139,83117,2.313719744012166,0.2215047516509522
4839,0.4845,40,149,40,384472,291972,43179,83077,2.312539602078317,0.22150972272956335
4840,0.4846,35,277,35,384749,291695,43214,83042,2.3103456469395516,0.22160074932552698
4841,0.4847,18,95,18,384844,291600,43232,83024,2.309593207451527,0.2216195438626463
4842,0.4848,18,102,18,384946,291498,43250,83006,2.308785325053859,0.22164249247004036
4843,0.4849,11,52,11,384998,291446,43261,82995,2.308373463439361,0.22165040687317894
4844,0.485,19,119,19,385117,291327,43280,82976,2.307430933975415,0.22168136509726077
4845,0.4851,39,183,39,385300,291144,43319,82937,2.30598149790901,0.22170866737417833
4846,0.4852,25,149,25,385449,290995,43344,82912,2.3048013559751617,0.22174497936652698
4847,0.4853,34,148,34,385597,290847,43378,82878,2.303629134456976,0.22176199076861328
4848,0.4854,6,48,6,385645,290799,43384,82872,2.3032489545051322,0.22177798116524963
4849,0.4855,13,82,13,385727,290717,43397,82859,2.3025994804207324,0.22179958027282268
4850,0.4856,21,86,21,385813,290631,43418,82838,2.3019183246736787,0.22180689695798045
4851,0.4857,23,145,23,385958,290486,43441,82815,2.3007698644024837,0.2218451062279501
4852,0.4858,15,119,15,386077,290367,43456,82800,2.2998273349385374,0.22188457178689433
4853,0.4859,32,165,32,386242,290202,43488,82768,2.2985204663540744,0.22191597179397807
4854,0.486,29,212,29,386454,289990,43517,82739,2.2968413382334303,0.22198165423135843
4855,0.4861,21,164,21,386618,289826,43538,82718,2.2955423900646306,0.22203551795224188
4856,0.4862,10,71,10,386689,289755,43548,82708,2.2949800405525282,0.22205695599294425
4857,0.4863,13,124,13,386813,289631,43561,82695,2.293997909010265,0.2221037477909144
4858,0.4864,25,192,25,387005,289439,43586,82670,2.2924771892028892,0.22216608574369337
4859,0.4865,11,88,11,387093,289351,43597,82659,2.291780192624509,0.22219563990215316
4860,0.4866,22,96,22,387189,289255,43619,82637,2.291019832720821,0.22220698482355092
4861,0.4867,14,84,14,387273,289171,43633,82623,2.2903545178050946,0.2222279003964561
4862,0.4868,27,123,27,387396,289048,43660,82596,2.2893803066784946,0.22224494408627612
4863,0.4869,20,84,20,387480,288964,43680,82576,2.2887149917627676,0.22225332400279915
4864,0.487,14,73,14,387553,288891,43694,82562,2.2881368014193386,0.22226768931735644
4865,0.4871,15,135,15,387688,288756,43709,82547,2.2870675453047777,0.2223170833524103
4866,0.4872,22,171,22,387859,288585,43731,82525,2.285713154226334,0.22237342027970144
4867,0.4873,23,129,23,387988,288456,43754,82502,2.2846914206057534,0.22240253613616637
4868,0.4874,57,247,57,388235,288209,43811,82445,2.28273507793689,0.222431162215975
4869,0.4875,38,183,38,388418,288026,43849,82407,2.281285641870485,0.22246128179724808
4870,0.4876,22,124,22,388542,287902,43871,82385,2.280303510328222,0.22248958240499936
4871,0.4877,12,59,12,388601,287843,43883,82373,2.2798362058040804,0.22249983793245023
4872,0.4878,18,91,18,388692,287752,43901,82355,2.27911544797871,0.2225167316478748
4873,0.4879,11,100,11,388792,287652,43912,82344,2.2783234064123685,0.22255375733791716
4874,0.488,12,81,12,388873,287571,43924,82332,2.277681852743632,0.22257727025733773
4875,0.4881,24,110,24,388983,287461,43948,82308,2.2768106070206566,0.22259302429354544
4876,0.4882,7,68,7,389051,287393,43955,82301,2.2762720187555443,0.2226192472693633
4877,0.4883,11,98,11,389149,287295,43966,82290,2.27549581802053,0.22265514022484678
4878,0.4884,20,93,20,389242,287202,43986,82270,2.2747592193638324,0.22266910618395983
4879,0.4885,27,142,27,389384,287060,44013,82243,2.2736345203396273,0.22269789305800386
4880,0.4886,9,58,9,389442,287002,44022,82234,2.273175136231149,0.22271392821935024
4881,0.4887,8,64,8,389506,286938,44030,82226,2.272668229628691,0.22273569470479246
4882,0.4888,15,74,15,389580,286864,44045,82211,2.2720821188695983,0.22274876380139538
4883,0.4889,30,153,30,389733,286711,44075,82181,2.270870295273096,0.22277794042700844
4884,0.489,17,78,17,389811,286633,44092,82164,2.2702525028513496,0.2227892309319219
4885,0.4891,22,179,22,389990,286454,44114,82142,2.2688347484475986,0.22285103473721907
4886,0.4892,33,166,33,390156,286288,44147,82109,2.2675199594474718,0.22288183671419692
4887,0.4893,31,136,31,390292,286152,44178,82078,2.2664427829172475,0.22289873177090405
4888,0.4894,30,174,30,390466,285978,44208,82048,2.2650646305918136,0.22294077048904154
4889,0.4895,19,128,19,390594,285850,44227,82029,2.2640508173868965,0.22297820750844707
4890,0.4896,29,98,29,390692,285752,44256,82000,2.263274616651882,0.22297635362961996
4891,0.4897,26,150,26,390842,285602,44282,81974,2.26208655430237,0.22301238383354735
4892,0.4898,19,108,19,390950,285494,44301,81955,2.261231149410721,0.22303775489931937
4893,0.4899,16,147,16,391097,285347,44317,81939,2.2600668483081994,0.22309317534564346
4894,0.49,20,115,20,391212,285232,44337,81919,2.2591560005069065,0.22312073234173405
4895,0.4901,45,271,45,391483,284961,44382,81874,2.2570095678621214,0.22319026265214606
4896,0.4902,44,267,44,391750,284694,44426,81830,2.25489481687999,0.22325959555172376
4897,0.4903,24,169,24,391919,284525,44450,81806,2.253556266632873,0.2233117044421575
4898,0.4904,22,144,22,392063,284381,44472,81784,2.2524157267773415,0.22335286004943128
4899,0.4905,15,67,15,392130,284314,44487,81769,2.2518850589278925,0.22336191519409532
4900,0.4906,18,57,18,392187,284257,44505,81751,2.251433595235078,0.2233585058250093
4901,0.4907,27,200,27,392387,284057,44532,81724,2.249849512102395,0.2234233052017464
4902,0.4908,11,64,11,392451,283993,44543,81713,2.249342605499937,0.22343904666590103
4903,0.4909,30,153,30,392604,283840,44573,81683,2.248130781903434,0.22346883780227236
4904,0.491,17,88,17,392692,283752,44590,81666,2.247433785325054,0.22348652775725333
4905,0.4911,11,89,11,392781,283663,44601,81655,2.24672886833101,0.22351759289167247
4906,0.4912,42,312,42,393093,283351,44643,81613,2.244257698644025,0.2236193158777304
4907,0.4913,36,158,36,393251,283193,44679,81577,2.2430062729692053,0.22363955369136718
4908,0.4914,16,100,16,393351,283093,44695,81561,2.242214231402864,0.2236668184086833
4909,0.4915,20,128,20,393479,282965,44715,81541,2.241200418197947,0.22370276483789017
4910,0.4916,8,76,8,393555,282889,44723,81533,2.2405984666075276,0.22373237620121728
4911,0.4917,23,126,23,393681,282763,44746,81510,2.2396004942339376,0.22376075086542235
4912,0.4918,26,192,26,393873,282571,44772,81484,2.238079774426562,0.22382332339893699
4913,0.4919,22,124,22,393997,282447,44794,81462,2.2370976428842986,0.22385266646331914
4914,0.492,22,122,22,394119,282325,44816,81440,2.236131352173362,0.22388080216623368
4915,0.4921,13,70,13,394189,282255,44829,81427,2.235576923076923,0.22389615103304536
4916,0.4922,16,84,16,394273,282171,44845,81411,2.2349116081611964,0.22391372510190274
4917,0.4923,10,99,10,394372,282072,44855,81401,2.234127487010518,0.22395336104745056
4918,0.4924,25,128,25,394500,281944,44880,81376,2.2331136738056014,0.22397886160960034
4919,0.4925,8,63,8,394563,281881,44888,81368,2.232614687618806,0.22400061665689375
4920,0.4926,14,95,14,394658,281786,44902,81354,2.2318622481307817,0.22402929999449248
4921,0.4927,20,97,20,394755,281689,44922,81334,2.2310939678114305,0.22404641028254407
4922,0.4928,38,197,38,394952,281492,44960,81296,2.229533645925738,0.22408679449154878
4923,0.4929,12,84,12,395036,281408,44972,81284,2.2288683310100113,0.22411302151687934
4924,0.493,15,105,15,395141,281303,44987,81269,2.228036687365353,0.22414582482927528
4925,0.4931,17,104,17,395245,281199,45004,81252,2.227212964136358,0.22417375038281037
4926,0.4932,24,137,24,395382,281062,45028,81228,2.22612786719047,0.22420712688730024
4927,0.4933,8,56,8,395438,281006,45036,81220,2.225684323913319,0.22422465532568064
4928,0.4934,22,128,22,395566,280878,45058,81198,2.224670510708402,0.22425678586816028
4929,0.4935,18,73,18,395639,280805,45076,81180,2.224092320364973,0.22426343633023468
4930,0.4936,19,71,19,395710,280734,45095,81161,2.22352997085287,0.22426670719407563
4931,0.4937,18,81,18,395791,280653,45113,81143,2.2228884171841337,0.22427832259063119
4932,0.4938,14,118,14,395909,280535,45127,81129,2.2219538081358507,0.22432146965138913
4933,0.4939,22,181,22,396090,280354,45149,81107,2.220520212900773,0.22438658665803504
4934,0.494,11,72,11,396162,280282,45160,81096,2.2199499429730074,0.2244076839209913
4935,0.4941,24,94,24,396256,280188,45184,81072,2.2192054239006462,0.22441454907822622
4936,0.4942,16,119,16,396375,280069,45200,81056,2.2182628944367,0.22445413637937003
4937,0.4943,28,117,28,396492,279952,45228,81028,2.2173362058040804,0.22446672945869578
4938,0.4944,8,73,8,396565,279879,45236,81020,2.2167580154606514,0.2244949417981208
4939,0.4945,21,115,21,396680,279764,45257,80999,2.215847167659359,0.22452136166957254
4940,0.4946,13,60,13,396740,279704,45270,80986,2.2153719427195537,0.22453076048684467
4941,0.4947,15,99,15,396839,279605,45285,80971,2.214587821568876,0.22456014820731274
4942,0.4948,24,181,24,397020,279424,45309,80947,2.213154226333798,0.2246212930563225
4943,0.4949,21,114,21,397134,279310,45330,80926,2.2122512989481686,0.22464717574034798
4944,0.495,19,77,19,397211,279233,45349,80907,2.211641426942086,0.2246543011051258
4945,0.4951,29,118,29,397329,279115,45378,80878,2.210706817893803,0.2246654796065479
4946,0.4952,28,149,28,397478,278966,45406,80850,2.2095266759599546,0.2246981790693021
4947,0.4953,14,54,14,397532,278912,45420,80836,2.20909897351413,0.22470173565940602
4948,0.4954,12,68,12,397600,278844,45432,80824,2.208560385249018,0.22471835136848428
4949,0.4955,26,153,26,397753,278691,45458,80798,2.2073485616525157,0.22475792027016125
4950,0.4956,20,142,20,397895,278549,45478,80778,2.2062238626283106,0.22480359115791465
4951,0.4957,32,100,32,397995,278449,45510,80746,2.2054318210619694,0.22479711577276967
4952,0.4958,17,101,17,398096,278348,45527,80729,2.2046318590799645,0.22482364506777097
4953,0.4959,11,55,11,398151,278293,45538,80718,2.204196236218477,0.2248343365523619
4954,0.496,32,217,32,398368,278076,45570,80686,2.202477506019516,0.22490118797420017
4955,0.4961,35,187,35,398555,277889,45605,80651,2.2009963882904575,0.22494282367378815
4956,0.4962,14,110,14,398665,277779,45619,80637,2.200125142567482,0.22498158564349804
4957,0.4963,15,104,15,398769,277675,45634,80622,2.1993014193384868,0.22501444332495107
4958,0.4964,38,166,38,398935,277509,45672,80584,2.19798663033836,0.22503651286118412
4959,0.4965,21,102,21,399037,277407,45693,80563,2.197178747940692,0.22505517222113586
4960,0.4966,47,285,47,399322,277122,45740,80516,2.194921429476619,0.22513267605791332
4961,0.4967,15,81,15,399403,277041,45755,80501,2.1942798758078825,0.22515117105123314
4962,0.4968,22,174,22,399577,276867,45777,80479,2.192901723482448,0.2252130987894086
4963,0.4969,44,220,44,399797,276647,45821,80435,2.1911592320364974,0.2252563836877804
4964,0.497,11,85,11,399882,276562,45832,80424,2.190485996705107,0.22528614567518054
4965,0.4971,28,233,28,400115,276329,45860,80396,2.1886405398555318,0.22537248580839583
4966,0.4972,33,202,33,400317,276127,45893,80363,2.187040615891522,0.22542848326741283
4967,0.4973,30,161,30,400478,275966,45923,80333,2.185765428969712,0.2254651290068173
4968,0.4974,16,72,16,400550,275894,45939,80317,2.1851951590419465,0.22547591174893533
4969,0.4975,16,107,16,400657,275787,45955,80301,2.184347674565961,0.2255088629776909
4970,0.4976,27,139,27,400796,275648,45982,80274,2.1832467367887465,0.22553817971353274
4971,0.4977,14,99,14,400895,275549,45996,80260,2.1824626156380686,0.22557046055608487
4972,0.4978,23,112,23,401007,275437,46019,80237,2.181575529083766,0.22559141236075733
4973,0.4979,14,110,14,401117,275327,46033,80223,2.180704283360791,0.22563071297989032
4974,0.498,29,180,29,401297,275147,46062,80194,2.1792786085413764,0.2256818098671417
4975,0.4981,52,208,52,401505,274939,46114,80142,2.177631162083386,0.2257006147893016
4976,0.4982,14,88,14,401593,274851,46128,80128,2.176934165505006,0.22572602886367926
4977,0.4983,17,84,17,401677,274767,46145,80111,2.176268850589279,0.2257423677996382
4978,0.4984,30,101,30,401778,274666,46175,80081,2.175468888607274,0.22574116201123617
4979,0.4985,23,87,23,401865,274579,46198,80058,2.174779812444557,0.22574632652543306
4980,0.4986,21,186,21,402051,274393,46219,80037,2.173306615131162,0.225818920520272
4981,0.4987,20,101,20,402152,274292,46239,80017,2.1725066531491573,0.22583959199455841
4982,0.4988,18,97,18,402249,274195,46257,79999,2.171738372829806,0.22586209817218814
4983,0.4989,26,146,26,402395,274049,46283,79973,2.1705819921429477,0.22589839049550592
4984,0.499,17,101,17,402496,273948,46300,79956,2.1697820301609427,0.22592567475925673
4985,0.4991,36,118,36,402614,273830,46336,79920,2.16884742111266,0.22592226148409894
4986,0.4992,37,196,37,402810,273634,46373,79883,2.167295019642631,0.22596650231813464
4987,0.4993,36,177,36,402987,273457,46409,79847,2.1658931060702065,0.2260008378054027
4988,0.4994,40,215,40,403202,273242,46449,79807,2.1641902167025724,0.22605077482162533
4989,0.4995,37,176,37,403378,273066,46486,79770,2.162796223545812,0.22608237254701902
4990,0.4996,19,89,19,403467,272977,46505,79751,2.1620913065517677,0.22609772969540268
4991,0.4997,49,240,49,403707,272737,46554,79702,2.1601904067925486,0.22614409869509333
4992,0.4998,24,130,24,403837,272607,46578,79678,2.159160752756305,0.22617483003817931
4993,0.4999,21,110,21,403947,272497,46599,79657,2.158289507033329,0.22619933324625022
4994,0.5,28,126,28,404073,272371,46627,79629,2.157291534659739,0.22621875
4995,0.5001,30,133,30,404206,272238,46657,79599,2.156238119376505,0.22623828647925034
4996,0.5002,42,205,42,404411,272033,46699,79557,2.154614434165505,0.22627776671691457
4997,0.5003,30,149,30,404560,271884,46729,79527,2.1534342922316565,0.22630765684625695
4998,0.5004,17,80,17,404640,271804,46746,79510,2.1528006589785833,0.22632175205087188
4999,0.5005,23,152,23,404792,271652,46769,79487,2.1515967557977445,0.2263690447372693
5000,0.5006,19,117,19,404909,271535,46788,79468,2.150670067165125,0.22640262333940167
5001,0.5007,16,117,16,405026,271418,46804,79452,2.1497433785325053,0.2264428420782626
5002,0.5008,27,168,27,405194,271250,46831,79425,2.148412748701052,0.2264917658800884
5003,0.5009,24,129,24,405323,271121,46855,79401,2.1473910150804714,0.226522158380929
5004,0.501,21,159,21,405482,270962,46876,79380,2.1461316689899887,0.2265786003390972
5005,0.5011,7,66,7,405548,270896,46883,79373,2.145608921556203,0.22660583722795907
5006,0.5012,25,115,25,405663,270781,46908,79348,2.1446980737549106,0.22662504391238658
5007,0.5013,17,144,17,405807,270637,46925,79331,2.143557533899379,0.2266807250948658
5008,0.5014,24,125,24,405932,270512,46949,79307,2.142567481941452,0.22670866934043032
5009,0.5015,41,213,41,406145,270299,46990,79266,2.1408804334051452,0.2267561111667358
5010,0.5016,35,145,35,406290,270154,47025,79231,2.13973197313395,0.22677275784592926
5011,0.5017,14,76,14,406366,270078,47039,79217,2.1391300215435307,0.22679110780286005
5012,0.5018,14,92,14,406458,269986,47053,79203,2.1384013433024966,0.22681985973212215
5013,0.5019,10,119,10,406577,269867,47063,79193,2.1374588138385504,0.2268750358104624
5014,0.502,27,155,27,406732,269712,47090,79166,2.136231149410721,0.2269159992891498
5015,0.5021,27,140,27,406872,269572,47117,79139,2.135122291217843,0.22694724284579496
5016,0.5022,24,137,24,407009,269435,47141,79115,2.1340371942719556,0.2269832161813226
5017,0.5023,13,69,13,407078,269366,47154,79102,2.13349068559118,0.22699932274986512
5018,0.5024,19,128,19,407206,269238,47173,79083,2.132476872386263,0.22704057464235575
5019,0.5025,12,86,12,407292,269152,47185,79071,2.131795716639209,0.227070009735141
5020,0.5026,46,226,46,407518,268926,47231,79025,2.1300057026992776,0.2271153122135013
5021,0.5027,30,178,30,407696,268748,47261,78995,2.12859586871119,0.22716488901286294
5022,0.5028,38,190,38,407886,268558,47299,78957,2.1270909897351413,0.22720458109721883
5023,0.5029,19,101,19,407987,268457,47318,78938,2.1262910277531364,0.22722837116250955
5024,0.503,25,109,25,408096,268348,47343,78913,2.1254277024458244,0.22724406138322473
5025,0.5031,25,130,25,408226,268218,47368,78888,2.1243980484095806,0.2272735129902681
5026,0.5032,16,67,16,408293,268151,47384,78872,2.1238673805601316,0.2272817651855929
5027,0.5033,23,111,23,408404,268040,47407,78849,2.122988214421493,0.22730325839101267
5028,0.5034,19,116,19,408520,267924,47426,78830,2.1220694462045366,0.22733695934293477
5029,0.5035,51,220,51,408740,267704,47477,78779,2.120326954758586,0.2273675764756135
5030,0.5036,24,191,24,408931,267513,47501,78755,2.1188141553668736,0.22743943997135166
5031,0.5037,19,118,19,409049,267395,47520,78736,2.1178795463185907,0.22747456887710144
5032,0.5038,30,154,30,409203,267241,47550,78706,2.116659802306425,0.22750883805900904
5033,0.5039,22,152,22,409355,267089,47572,78684,2.1154558991255863,0.22755969957168432
5034,0.504,13,112,13,409467,266977,47585,78671,2.114568812571284,0.22760438365041893
5035,0.5041,23,131,23,409598,266846,47608,78648,2.1135312381193767,0.2276392643577023
5036,0.5042,36,151,36,409749,266695,47644,78612,2.112335255354201,0.22765828668402321
5037,0.5043,19,111,19,409860,266584,47663,78593,2.111456089215562,0.2276889827537756
5038,0.5044,12,51,12,409911,266533,47675,78581,2.111052148016728,0.22769577588854698
5039,0.5045,28,165,28,410076,266368,47703,78553,2.1097452794322646,0.22774200469092923
5040,0.5046,14,67,14,410143,266301,47717,78539,2.1092146115828156,0.22775490082357036
5041,0.5047,31,138,31,410281,266163,47748,78508,2.1081215942212648,0.22777663336921297
5042,0.5048,34,109,34,410390,266054,47782,78474,2.1072582689139527,0.22777248873821576
5043,0.5049,15,78,15,410468,265976,47797,78459,2.106640476492206,0.2277904394152743
5044,0.505,28,134,28,410602,265842,47825,78431,2.1055791407933087,0.2278162969503853
5045,0.5051,16,106,16,410708,265736,47841,78415,2.104739576732987,0.22785056559475347
5046,0.5052,27,125,27,410833,265611,47868,78388,2.1037495247750604,0.22787275544405652
5047,0.5053,15,107,15,410940,265504,47883,78373,2.102902040299075,0.22790997944032315
5048,0.5054,19,70,19,411010,265434,47902,78354,2.102347611202636,0.22791371426576845
5049,0.5055,31,147,31,411157,265287,47933,78323,2.101183310100114,0.22794156165420099
5050,0.5056,11,83,11,411240,265204,47944,78312,2.1005259156000506,0.22797191397198383
5051,0.5057,17,90,17,411330,265114,47961,78295,2.0998130781903432,0.22799344222195692
5052,0.5058,17,94,17,411424,265020,47978,78278,2.0990685591179825,0.22801764065039704
5053,0.5059,26,150,26,411574,264870,48004,78252,2.0978804967684703,0.22805882455802892
5054,0.506,18,94,18,411668,264776,48022,78234,2.0971359776961096,0.22808081397043817
5055,0.5061,17,130,17,411798,264646,48039,78217,2.096106323659866,0.22812901946258418
5056,0.5062,20,113,20,411911,264533,48059,78197,2.0952113166899,0.2281591923671695
5057,0.5063,29,147,29,412058,264386,48088,78168,2.094047015587378,0.22819175954739981
5058,0.5064,15,89,15,412147,264297,48103,78153,2.093342098593334,0.22821725799386772
5059,0.5065,38,159,38,412306,264138,48141,78115,2.092082752502851,0.22823759032061078
5060,0.5066,27,141,27,412447,263997,48168,78088,2.09096597389431,0.22827075142143036
5061,0.5067,9,38,9,412485,263959,48177,78079,2.0906649980991,0.22827580561224192
5062,0.5068,26,190,26,412675,263769,48203,78053,2.0891601191230516,0.2283439919022181
5063,0.5069,16,111,16,412786,263658,48219,78037,2.0882809529844124,0.22838203661159806
5064,0.507,30,120,30,412906,263538,48249,78007,2.087330503104803,0.22839450145661627
5065,0.5071,35,172,35,413078,263366,48284,77972,2.0859681916106956,0.22843047067715871
5066,0.5072,22,110,22,413188,263256,48306,77950,2.08509694588772,0.22845436481187317
5067,0.5073,13,82,13,413270,263174,48319,77937,2.0844474718033204,0.22847987898367395
5068,0.5074,13,89,13,413359,263085,48332,77924,2.0837425548092763,0.22851009797395377
5069,0.5075,5,54,5,413413,263031,48337,77919,2.083314852363452,0.22853497580290366
5070,0.5076,12,93,12,413506,262938,48349,77907,2.0825782537067545,0.22857017119218412
5071,0.5077,22,154,22,413660,262784,48371,77885,2.0813585096945886,0.22862367870278774
5072,0.5078,38,214,38,413874,262570,48409,77847,2.0796635407426183,0.2286812938249265
5073,0.5079,61,343,61,414217,262227,48470,77786,2.076946838170067,0.2287736057150756
5074,0.508,12,111,12,414328,262116,48482,77774,2.0760676720314284,0.22882108917590985
5075,0.5081,8,73,8,414401,262043,48490,77766,2.075489481687999,0.22885209043904076
5076,0.5082,29,90,29,414491,261953,48519,77737,2.0747766442782916,0.22884688981129853
5077,0.5083,29,96,29,414587,261857,48548,77708,2.074016284374604,0.22884572909457687
5078,0.5084,27,128,27,414715,261729,48575,77681,2.073002471169687,0.22887068736925842
5079,0.5085,28,190,28,414905,261539,48603,77653,2.0714975921936385,0.22893523432156418
5080,0.5086,6,54,6,414959,261485,48609,77647,2.071069889747814,0.22895804583466026
5081,0.5087,19,123,19,415082,261362,48628,77628,2.070095678621214,0.22899790554293636
5082,0.5088,13,105,13,415187,261257,48641,77615,2.0692640349765554,0.22903928326919898
5083,0.5089,17,118,17,415305,261139,48658,77598,2.0683294259282725,0.22908037799236575
5084,0.509,17,103,17,415408,261036,48675,77581,2.067513623114941,0.2291113558976661
5085,0.5091,43,155,43,415563,260881,48718,77538,2.066285958687112,0.22911834146427948
5086,0.5092,35,177,35,415740,260704,48753,77503,2.0648840451146877,0.2291584739523428
5087,0.5093,26,117,26,415857,260587,48779,77477,2.063957356482068,0.22917849874579962
5088,0.5094,38,256,38,416113,260331,48817,77439,2.0619297300722343,0.22926547650768275
5089,0.5095,25,135,25,416248,260196,48842,77414,2.0608604739576735,0.22930007997393442
5090,0.5096,14,94,14,416342,260102,48856,77400,2.0601159548853123,0.229331974329041
5091,0.5097,16,104,16,416446,259998,48872,77384,2.0592922316563174,0.22936611911720245
5092,0.5098,25,104,25,416550,259894,48897,77359,2.0584685084273224,0.2293797238275123
5093,0.5099,20,132,20,416682,259762,48917,77339,2.0574230135597515,0.22942382253389934
5094,0.51,25,108,25,416790,259654,48942,77314,2.056567608668103,0.22944018423114362
5095,0.5101,13,59,13,416849,259595,48955,77301,2.0561003041439614,0.22945063164893617
5096,0.5102,17,127,17,416976,259468,48972,77284,2.055094411354708,0.22949826578609778
5097,0.5103,16,89,16,417065,259379,48988,77268,2.054389494360664,0.22952231863049424
5098,0.5104,37,199,37,417264,259180,49025,77231,2.0528133316436445,0.22957334926622494
5099,0.5105,18,94,18,417358,259086,49043,77213,2.052068812571284,0.22959628188011263
5100,0.5106,52,265,52,417623,258821,49095,77161,2.049969902420479,0.2296581364477859
5101,0.5107,27,155,27,417778,258666,49122,77134,2.04874223799265,0.22970220369267422
5102,0.5108,15,145,15,417923,258521,49137,77119,2.047593777721455,0.2297670122750566
5103,0.5109,22,122,22,418045,258399,49159,77097,2.046627487010518,0.2298000572287002
5104,0.511,18,77,18,418122,258322,49177,77079,2.0460176150044354,0.22981147939332322
5105,0.5111,40,191,40,418313,258131,49217,77039,2.0445048156127235,0.229850523614882
5106,0.5112,26,113,26,418426,258018,49243,77013,2.0436098086427577,0.22986828084565308
5107,0.5113,33,146,33,418572,257872,49276,76980,2.0424534279558992,0.22989260927215605
5108,0.5114,16,130,16,418702,257742,49292,76964,2.0414237739196555,0.22994508613529485
5109,0.5115,21,133,21,418835,257609,49313,76943,2.0403703586364212,0.22998816327506635
5110,0.5116,28,182,28,419017,257427,49341,76915,2.03892884298568,0.2300488721129861
5111,0.5117,25,109,25,419126,257318,49366,76890,2.0380655176783677,0.23006630601302183
5112,0.5118,20,74,20,419200,257244,49386,76870,2.037479406919275,0.23007117331210306
5113,0.5119,15,85,15,419285,257159,49401,76855,2.036806171587885,0.23009514571245518
5114,0.512,16,93,16,419378,257066,49417,76839,2.0360695729311873,0.23012234018658
5115,0.5121,29,166,29,419544,256900,49446,76810,2.034754783931061,0.23016990800395554
5116,0.5122,17,85,17,419629,256815,49463,76793,2.0340815485996706,0.23018932399702646
5117,0.5123,16,64,16,419693,256751,49479,76777,2.033574641997212,0.23019656520591975
5118,0.5124,15,80,15,419773,256671,49494,76762,2.032941008744139,0.23021716506764478
5119,0.5125,21,117,21,419890,256554,49515,76741,2.0320143201115193,0.23024947869004936
5120,0.5126,10,64,10,419954,256490,49525,76731,2.031507413509061,0.2302706011926019
5121,0.5127,29,111,29,420065,256379,49554,76702,2.030628247370422,0.23028032220390837
5122,0.5128,17,101,17,420166,256278,49571,76685,2.029828285388417,0.23031087538255002
5123,0.5129,35,152,35,420318,256126,49606,76650,2.0286243822075782,0.230335120321177
5124,0.513,15,93,15,420411,256033,49621,76635,2.027887783550881,0.23036480815708155
5125,0.5131,24,106,24,420517,255927,49645,76611,2.027048219490559,0.23038269310575032
5126,0.5132,10,77,10,420594,255850,49655,76601,2.026438347484476,0.23041290295411956
5127,0.5133,11,57,11,420651,255793,49666,76590,2.0259868837916613,0.23042694722654286
5128,0.5134,13,90,13,420741,255703,49679,76577,2.0252740463819543,0.23045925123389913
5129,0.5135,8,43,8,420784,255660,49687,76569,2.0249334685084275,0.23047054892860044
5130,0.5136,16,63,16,420847,255597,49703,76553,2.0244344823216323,0.23047719403883787
5131,0.5137,59,226,59,421073,255371,49762,76494,2.0226444683817006,0.23049734078616305
5132,0.5138,17,106,17,421179,255265,49779,76477,2.0218049043213786,0.23053155765625094
5133,0.5139,21,136,21,421315,255129,49800,76456,2.0207277277911544,0.23057737834944284
5134,0.514,44,203,44,421518,254926,49844,76412,2.0191198834114816,0.2306164701905607
5135,0.5141,11,94,11,421612,254832,49855,76401,2.0183753643391205,0.2306563657606579
5136,0.5142,39,180,39,421792,254652,49894,76362,2.016949689519706,0.2306911490148453
5137,0.5143,11,49,11,421841,254603,49905,76351,2.016561589152199,0.23069973470633381
5138,0.5144,35,168,35,422009,254435,49940,76316,2.0152309593207454,0.23073550798032358
5139,0.5145,28,140,28,422149,254295,49968,76288,2.0141221011278674,0.2307680673234861
5140,0.5146,10,73,10,422222,254222,49978,76278,2.013543910784438,0.23079576399394855
5141,0.5147,30,189,30,422411,254033,50008,76248,2.0120469522240527,0.23085796639830933
5142,0.5148,18,97,18,422508,253936,50026,76230,2.0112786719047016,0.23088385842273282
5143,0.5149,23,151,23,422659,253785,50049,76207,2.010082689139526,0.23093590147639942
5144,0.515,45,191,45,422850,253594,50094,76162,2.008569889747814,0.23096471330316962
5145,0.5151,21,49,21,422899,253545,50115,76141,2.008181789380307,0.23095005550736156
5146,0.5152,37,184,37,423083,253361,50152,76104,2.0067244328982383,0.23099266993459092
5147,0.5153,17,103,17,423186,253258,50169,76087,2.0059086300849067,0.23102521671803125
5148,0.5154,49,230,49,423416,253028,50218,76038,2.004086934482322,0.23107218612679523
5149,0.5155,36,154,36,423570,252874,50254,76002,2.002867190470156,0.23109621863559518
5150,0.5156,32,152,32,423722,252722,50286,75970,2.001663287289317,0.2311282294670999
5151,0.5157,28,121,28,423843,252601,50314,75942,2.000704916994044,0.23114782539880624
5152,0.5158,22,118,22,423961,252483,50336,75920,1.999770307945761,0.23117937412264808
5153,0.5159,21,98,21,424059,252385,50357,75899,1.9989941072107464,0.23119920556591245
5154,0.516,36,134,36,424193,252251,50393,75863,1.997932771511849,0.2312092748252132
5155,0.5161,28,168,28,424361,252083,50421,75835,1.9966021416803954,0.23126208381363633
5156,0.5162,16,92,16,424453,251991,50437,75819,1.9958734634393613,0.23128946645922943
5157,0.5163,54,244,54,424697,251747,50491,75765,1.9939408820174882,0.23133503505215075
5158,0.5164,30,156,30,424853,251591,50521,75735,1.9927052971739956,0.23137483731814765
5159,0.5165,51,264,51,425117,251327,50572,75684,1.9906143074388545,0.2314417557819156
5160,0.5166,22,109,22,425226,251218,50594,75662,1.9897509821315422,0.2314672050905531
5161,0.5167,32,136,32,425362,251082,50626,75630,1.988673805601318,0.2314882832586498
5162,0.5168,35,176,35,425538,250906,50661,75595,1.987279812444557,0.23153068443894506
5163,0.5169,27,135,27,425673,250771,50688,75568,1.986210556329996,0.23156288399486424
5164,0.517,12,115,12,425788,250656,50700,75556,1.9852997085287036,0.23161624955550378
5165,0.5171,23,73,23,425861,250583,50723,75533,1.9847215181852744,0.2316139042549277
5166,0.5172,20,142,20,426003,250441,50743,75513,1.9835968191610696,0.23166765862667738
5167,0.5173,18,113,18,426116,250328,50761,75495,1.9827018121911038,0.2317055579256222
5168,0.5174,37,208,37,426324,250120,50798,75458,1.9810543657331137,0.2317662741340017
5169,0.5175,43,210,43,426534,249910,50841,75415,1.9793910784437967,0.2318143395066472
5170,0.5176,25,98,25,426632,249812,50866,75390,1.9786148777087822,0.23182514252679873
5171,0.5177,25,176,25,426808,249636,50891,75365,1.9772208845520214,0.23189159417971023
5172,0.5178,17,70,17,426878,249566,50908,75348,1.9766664554555824,0.23190136466880468
5173,0.5179,33,159,33,427037,249407,50941,75315,1.9754071093650996,0.23193685675747255
5174,0.518,31,211,31,427248,249196,50972,75284,1.973735901660119,0.23201429980276134
5175,0.5181,31,170,31,427418,249026,51003,75253,1.9723894309973387,0.23206251406967457
5176,0.5182,36,191,36,427609,248835,51039,75217,1.9708766316056268,0.2321139817066397
5177,0.5183,22,92,22,427701,248743,51061,75195,1.9701479533645925,0.23212775284159315
5178,0.5184,18,71,18,427772,248672,51079,75177,1.9695856038524902,0.23213596460078617
5179,0.5185,30,163,30,427935,248509,51109,75147,1.9682945760993538,0.2321816990879205
5180,0.5186,39,184,39,428119,248325,51148,75108,1.9668372196172854,0.2322212019181716
5181,0.5187,17,85,17,428204,248240,51165,75091,1.9661639842858953,0.23224188215791247
5182,0.5188,18,96,18,428300,248144,51183,75073,1.9654036243822075,0.2322681047098389
5183,0.5189,22,119,22,428419,248025,51205,75051,1.9644610949182613,0.23230137800393716
5184,0.519,9,79,9,428498,247946,51214,75042,1.9638353820808516,0.23233680508254176
5185,0.5191,12,65,12,428563,247881,51226,75030,1.9633205550627297,0.2323550451982125
5186,0.5192,27,121,27,428684,247760,51253,75003,1.9623621847674566,0.23237793675235388
5187,0.5193,30,117,30,428801,247643,51283,74973,1.9614354961348373,0.23239082996503582
5188,0.5194,43,216,43,429017,247427,51326,74930,1.9597246863515396,0.2324441535316435
5189,0.5195,42,157,42,429174,247270,51368,74888,1.9584811810923837,0.23245736564046213
5190,0.5196,18,93,18,429267,247177,51386,74870,1.9577445824356863,0.2324815943014529
5191,0.5197,31,172,31,429439,247005,51417,74839,1.956382270941579,0.23253190986937772
5192,0.5198,20,118,20,429557,246887,51437,74819,1.955447661893296,0.23256948891223664
5193,0.5199,21,91,21,429648,246796,51458,74798,1.9547269040679254,0.2325851850469847
5194,0.52,30,136,30,429784,246660,51488,74768,1.9536497275377012,0.23261196908794504
5195,0.5201,18,116,18,429900,246544,51506,74750,1.9527309593207451,0.2326529595946392
5196,0.5202,13,79,13,429979,246465,51519,74737,1.9521052464833355,0.23267912404032354
5197,0.5203,22,82,22,430061,246383,51541,74715,1.9514557723989354,0.23268597126111032
5198,0.5204,29,147,29,430208,246236,51570,74686,1.9502914712964137,0.232723216233228
5199,0.5205,24,137,24,430345,246099,51594,74662,1.949206374350526,0.2327652052462737
5200,0.5206,40,169,40,430514,245930,51634,74622,1.9478678241034089,0.23279218348349098
5201,0.5207,39,196,39,430710,245734,51673,74583,1.9463154226333799,0.23284121666973653
5202,0.5208,23,103,23,430813,245631,51696,74560,1.9454996198200483,0.23286101108400922
5203,0.5209,31,225,31,431038,245406,51727,74529,1.94371752629578,0.23295044305874632
5204,0.521,23,134,23,431172,245272,51750,74506,1.9426561905968824,0.23299288881661653
5205,0.5211,42,219,42,431391,245053,51792,74464,1.9409216195665948,0.2330517625040295
5206,0.5212,37,191,37,431582,244862,51829,74427,1.9394088201748827,0.2331022991709705
5207,0.5213,24,139,24,431721,244723,51853,74403,1.9383078823976683,0.2331461554370374
5208,0.5214,27,81,27,431802,244642,51880,74376,1.9376663287289317,0.23314044975518622
5209,0.5215,27,144,27,431946,244498,51907,74349,1.9365257888734,0.23318080458652582
5210,0.5216,14,98,14,432044,244400,51921,74335,1.9357495881383855,0.23321881814046153
5211,0.5217,32,194,32,432238,244206,51953,74303,1.9342130274996832,0.23328383185404494
5212,0.5218,30,133,30,432371,244073,51983,74273,1.9331596122164492,0.23330904110621775
5213,0.5219,44,190,44,432561,243883,52027,74229,1.9316547332404004,0.23334234483452368
5214,0.522,30,139,30,432700,243744,52057,74199,1.930553795463186,0.23337201951293157
5215,0.5221,13,80,13,432780,243664,52070,74186,1.9299201622101128,0.23339940223375807
5216,0.5222,36,196,36,432976,243468,52106,74150,1.9283677607400835,0.23345654213552128
5217,0.5223,13,94,13,433070,243374,52119,74137,1.9276232416677228,0.2334942726393731
5218,0.5224,16,87,16,433157,243287,52135,74121,1.9269341655050056,0.2335196340356891
5219,0.5225,20,148,20,433305,243139,52155,74101,1.9257619439868203,0.23358025469675955
5220,0.5226,36,173,36,433478,242966,52191,74065,1.9243917120770497,0.23362068693597787
5221,0.5227,33,157,33,433635,242809,52224,74032,1.9231482068178938,0.23365662903475246
5222,0.5228,24,103,24,433738,242706,52248,74008,1.9223324040045622,0.23367454548899005
5223,0.5229,31,158,31,433896,242548,52279,73977,1.9210809783297427,0.23371613616617962
5224,0.523,20,139,20,434035,242409,52299,73957,1.9199800405525282,0.2337703798764722
5225,0.5231,35,189,35,434224,242220,52334,73922,1.918483081992143,0.2338253063496783
5226,0.5232,29,174,29,434398,242046,52363,73893,1.9171049296667089,0.23388375604151435
5227,0.5233,26,132,26,434530,241914,52389,73867,1.9160594347991382,0.23391844347823335
5228,0.5234,12,54,12,434584,241860,52401,73855,1.9156317323533139,0.23392933500150453
5229,0.5235,31,166,31,434750,241694,52432,73824,1.9143169433531873,0.23397714235004025
5230,0.5236,11,64,11,434814,241630,52443,73813,1.9138100367507287,0.23399790136411333
5231,0.5237,35,136,35,434950,241494,52478,73778,1.9127328602205045,0.23401380395341165
5232,0.5238,28,119,28,435069,241375,52506,73750,1.911790330756558,0.23403411344704483
5233,0.5239,20,94,20,435163,241281,52526,73730,1.9110458116841973,0.2340553187031564
5234,0.524,34,195,34,435358,241086,52560,73696,1.9095013306298314,0.23411757978537528
5235,0.5241,8,77,8,435435,241009,52568,73688,1.9088914586237486,0.23415539391859472
5236,0.5242,11,77,11,435512,240932,52579,73677,1.9082815866176657,0.23418592602245963
5237,0.5243,28,108,28,435620,240824,52607,73649,1.907426181726017,0.23419816645626174
5238,0.5244,22,116,22,435736,240708,52629,73627,1.906507413509061,0.23423099559387278
5239,0.5245,14,80,14,435816,240628,52643,73613,1.9058737802559877,0.23425651013075952
5240,0.5246,13,81,13,435897,240547,52656,73600,1.9052322265872512,0.23428522315985828
5241,0.5247,23,99,23,435996,240448,52679,73577,1.9044481054365734,0.23430300135339543
5242,0.5248,22,136,22,436132,240312,52701,73555,1.903370928906349,0.23435085561718816
5243,0.5249,22,129,22,436261,240183,52723,73533,1.9023491952857685,0.2343935279042191
5244,0.525,16,86,16,436347,240097,52739,73517,1.9016680395387149,0.23441874406117075
5245,0.5251,21,107,21,436454,239990,52760,73496,1.9008205550627297,0.23444747133843297
5246,0.5252,14,63,14,436517,239927,52774,73482,1.9003215688759345,0.23446040158387282
5247,0.5253,30,117,30,436634,239810,52804,73452,1.8993948802433152,0.23447465699638004
5248,0.5254,29,114,29,436748,239696,52833,73423,1.898491952857686,0.23448912394329313
5249,0.5255,10,51,10,436799,239645,52843,73413,1.8980880116588519,0.23450287167234188
5250,0.5256,33,143,33,436942,239502,52876,73380,1.8969553922189837,0.23452931136978158
5251,0.5257,22,138,22,437080,239364,52898,73358,1.8958623748574326,0.23457895511028964
5252,0.5258,23,78,23,437158,239286,52921,73335,1.8952445824356863,0.23458117017090982
5253,0.5259,32,182,32,437340,239104,52953,73303,1.8938030667849448,0.23463942869397933
5254,0.526,28,156,28,437496,238948,52981,73275,1.8925674819414522,0.23468802746754724
5255,0.5261,25,123,25,437619,238825,53006,73250,1.8915932708148524,0.23471921813666585
5256,0.5262,34,116,34,437735,238709,53040,73216,1.8906745025978964,0.23472309048649515
5257,0.5263,18,97,18,437832,238612,53058,73198,1.8899062222785452,0.2347519322664443
5258,0.5264,19,102,19,437934,238510,53077,73179,1.889098339880877,0.2347821065228481
5259,0.5265,31,163,31,438097,238347,53108,73148,1.8878073121277406,0.23482880945119505
5260,0.5266,16,114,16,438211,238233,53124,73132,1.8869043847421112,0.23487546769868162
5261,0.5267,27,123,27,438334,238110,53151,73105,1.8859301736155114,0.2349019166813939
5262,0.5268,31,151,31,438485,237959,53182,73074,1.8847341908503359,0.23493970093205543
5263,0.5269,29,132,29,438617,237827,53211,73045,1.8836886959827652,0.23496808976041586
5264,0.527,17,127,17,438744,237700,53228,73028,1.8826828031935117,0.23502227028140368
5265,0.5271,37,128,37,438872,237572,53265,72991,1.8816689899885946,0.23502799753995163
5266,0.5272,32,104,32,438976,237468,53297,72959,1.8808452667595996,0.23502788095107707
5267,0.5273,12,76,12,439052,237392,53309,72947,1.88024331516918,0.2350558582711164
5268,0.5274,19,109,19,439161,237283,53328,72928,1.879379989861868,0.2350915989439446
5269,0.5275,27,119,27,439280,237164,53355,72901,1.8784374603979217,0.23511521777691774
5270,0.5276,23,143,23,439423,237021,53378,72878,1.8773048409580535,0.23516694148738782
5271,0.5277,15,123,15,439546,236898,53393,72863,1.8763306298314535,0.2352232850487957
5272,0.5278,42,234,42,439780,236664,53435,72821,1.8744772525662148,0.23529734882142914
5273,0.5279,33,116,33,439896,236548,53468,72788,1.8735584843492588,0.23530400599994827
5274,0.528,20,136,20,440032,236412,53488,72768,1.8724813078190343,0.2353580438579468
5275,0.5281,26,105,26,440137,236307,53514,72742,1.8716496641743758,0.23537367860759945
5276,0.5282,5,68,5,440205,236239,53519,72737,1.8711110759092637,0.23541310651960023
5277,0.5283,37,209,37,440414,236030,53556,72700,1.86945570903561,0.23548084086418553
5278,0.5284,22,111,22,440525,235919,53578,72678,1.8685765428969712,0.23551103866855477
5279,0.5285,31,130,31,440655,235789,53609,72647,1.8675468888607274,0.2355334656136119
5280,0.5286,12,78,12,440733,235711,53621,72635,1.866929096438981,0.23556329577811938
5281,0.5287,37,183,37,440916,235528,53658,72598,1.8654796603725763,0.23561140572363254
5282,0.5288,19,91,19,441007,235437,53677,72579,1.8647589025472058,0.2356338631759389
5283,0.5289,33,158,33,441165,235279,53710,72546,1.8635074768723863,0.2356728660765045
5284,0.529,8,39,8,441204,235240,53718,72538,1.8631985806615132,0.23568286232284308
5285,0.5291,19,107,19,441311,235133,53737,72519,1.8623510961855279,0.23571762900940024
5286,0.5292,42,199,42,441510,234934,53779,72477,1.8607749334685084,0.23576579888162752
5287,0.5293,19,86,19,441596,234848,53798,72458,1.8600937777214548,0.23578452747424392
5288,0.5294,13,39,13,441635,234809,53811,72445,1.8597848815105817,0.23578212163226517
5289,0.5295,17,116,17,441751,234693,53828,72428,1.8588661132936257,0.2358288752641467
5290,0.5296,47,253,47,442004,234440,53875,72381,1.856862248130782,0.23590627760159832
5291,0.5297,14,42,14,442046,234398,53889,72367,1.8565295906729185,0.2359037047903118
5292,0.5298,22,120,22,442166,234278,53911,72345,1.8555791407933089,0.23594120467153476
5293,0.5299,20,88,20,442254,234190,53931,72325,1.8548821442149284,0.2359590884622286
5294,0.53,23,86,23,442340,234104,53954,72302,1.8542009884678747,0.23596796407381057
5295,0.5301,28,172,28,442512,233932,53982,72274,1.8528386769737675,0.23603064603567533
5296,0.5302,17,79,17,442591,233853,53999,72257,1.8522129641363578,0.23604913266472838
5297,0.5303,29,180,29,442771,233673,54028,72228,1.8507872893169433,0.23611560602940168
5298,0.5304,33,165,33,442936,233508,54061,72195,1.84948042073248,0.23616058723663164
5299,0.5305,21,101,21,443037,233407,54082,72174,1.8486804587504753,0.23618615031693724
5300,0.5306,15,81,15,443118,233326,54097,72159,1.8480389050817387,0.23621127060248456
5301,0.5307,32,125,32,443243,233201,54129,72127,1.8470488531238118,0.23622792537860923
5302,0.5308,25,98,25,443341,233103,54154,72102,1.8462726523887973,0.2362412149211186
5303,0.5309,29,181,29,443522,232922,54183,72073,1.8448390571537194,0.23630879194740897
5304,0.531,37,167,37,443689,232755,54220,72036,1.8435163477379293,0.23634556138468654
5305,0.5311,30,168,30,443857,232587,54250,72006,1.8421857179064758,0.23640070520333692
5306,0.5312,19,89,19,443946,232498,54269,71987,1.841480800912432,0.23642215544279685
5307,0.5313,41,196,41,444142,232302,54310,71946,1.8399283994424027,0.2364715626725566
5308,0.5314,15,76,15,444218,232226,54325,71931,1.8393264478519833,0.2364929953938262
5309,0.5315,40,168,40,444386,232058,54365,71891,1.8379958180205298,0.2365232325159813
5310,0.5316,41,155,41,444541,231903,54406,71850,1.8367681535927005,0.2365408736703835
5311,0.5317,41,174,41,444715,231729,54447,71809,1.8353900012672666,0.23657334501775726
5312,0.5318,22,114,22,444829,231615,54469,71787,1.8344870738816372,0.236606878003441
5313,0.5319,24,159,24,444988,231456,54493,71763,1.8332277277911544,0.23667052526391816
5314,0.532,27,161,27,445149,231295,54520,71736,1.831952540869345,0.23672825552501228
5315,0.5321,22,80,22,445229,231215,54542,71714,1.8313189076162717,0.23673534062437074
5316,0.5322,34,144,34,445373,231071,54576,71680,1.8301783677607402,0.23676222374162265
5317,0.5323,13,75,13,445448,230996,54589,71667,1.829584336585984,0.23678811086918453
5318,0.5324,8,89,8,445537,230907,54597,71659,1.8288794195919402,0.23683758254397388
5319,0.5325,21,71,21,445608,230836,54618,71638,1.8283170700798377,0.23684019122304728
5320,0.5326,22,147,22,445755,230689,54640,71616,1.827152768977316,0.23689981971849622
5321,0.5327,30,148,30,445903,230541,54670,71586,1.8259805474591306,0.23694009472837582
5322,0.5328,7,74,7,445977,230467,54677,71579,1.825394436700038,0.23698045992994446
5323,0.5329,32,133,32,446110,230334,54709,71547,1.8243410214168039,0.23700398501396244
5324,0.533,24,90,24,446200,230244,54733,71523,1.8236281840070967,0.23701398761295966
5325,0.5331,13,42,13,446242,230202,54746,71510,1.8232955265492332,0.23701410616747096
5326,0.5332,42,149,42,446391,230053,54788,71468,1.8221153846153846,0.23702495016930827
5327,0.5333,15,92,15,446483,229961,54803,71453,1.8213867063743505,0.23705932703855825
5328,0.5334,33,170,33,446653,229791,54836,71420,1.8200402357115701,0.2371095345123518
5329,0.5335,32,136,32,446789,229655,54868,71388,1.818963059181346,0.23713555870756006
5330,0.5336,21,125,21,446914,229530,54889,71367,1.817973007223419,0.23718082932033221
5331,0.5337,32,142,32,447056,229388,54921,71335,1.8168483081992144,0.23721165324900323
5332,0.5338,24,160,24,447216,229228,54945,71311,1.815581041693068,0.23727702561065286
5333,0.5339,45,149,45,447365,229079,54990,71266,1.8144008997592194,0.23728046080340942
5334,0.534,21,137,21,447502,228942,55011,71245,1.8133158028133316,0.23733539427090447
5335,0.5341,9,77,9,447579,228865,55020,71236,1.8127059308072488,0.23737341761606925
5336,0.5342,31,117,31,447696,228748,55051,71205,1.8117792421746293,0.23738719065987005
5337,0.5343,28,205,28,447901,228543,55079,71177,1.8101555569636294,0.2374783130922194
5338,0.5344,21,90,21,447991,228453,55100,71156,1.8094427195539222,0.23749620338507854
5339,0.5345,30,128,30,448119,228325,55130,71126,1.808428906349005,0.23752133070185105
5340,0.5346,30,132,30,448251,228193,55160,71096,1.8073834114814344,0.23754965935934833
5341,0.5347,24,121,24,448372,228072,55184,71072,1.8064250411861615,0.23758457465300992
5342,0.5348,21,158,21,448530,227914,55205,71051,1.805173615511342,0.2376565818741324
5343,0.5349,38,187,38,448717,227727,55243,71013,1.8036924977822837,0.2377083751757381
5344,0.535,29,135,29,448852,227592,55272,70984,1.8026232416677228,0.23774181447939552
5345,0.5351,25,155,25,449007,227437,55297,70959,1.8013955772398935,0.23780144505958525
5346,0.5352,24,142,24,449149,227295,55321,70935,1.8002708782156887,0.23785333467458003
5347,0.5353,31,135,31,449284,227160,55352,70904,1.7992016221011278,0.23788179719791722
5348,0.5354,10,64,10,449348,227096,55362,70894,1.7986947154986694,0.23790731232591697
5349,0.5355,15,88,15,449436,227008,55377,70879,1.797997718920289,0.23793921856274358
5350,0.5356,36,128,36,449564,226880,55413,70843,1.796983905715372,0.2379493690443802
5351,0.5357,29,117,29,449681,226763,55442,70814,1.7960572170827525,0.2379686602123148
5352,0.5358,23,113,23,449794,226650,55465,70791,1.7951622101127866,0.23800014120447416
5353,0.5359,32,114,32,449908,226536,55497,70759,1.7942592827271575,0.23800938461797205
5354,0.536,9,57,9,449965,226479,55506,70750,1.793807819034343,0.23803195515915337
5355,0.5361,18,77,18,450042,226402,55524,70732,1.79319794702826,0.23804748026143088
5356,0.5362,30,164,30,450206,226238,55554,70702,1.7918989988594602,0.23810197346265238
5357,0.5363,17,94,17,450300,226144,55571,70685,1.7911544797870993,0.23813374030165516
5358,0.5364,48,172,48,450472,225972,55619,70637,1.789792168292992,0.238148538985668
5359,0.5365,27,145,27,450617,225827,55646,70610,1.788643708021797,0.2381956368469523
5360,0.5366,29,194,29,450811,225633,55675,70581,1.7871071473830946,0.23827705645242966
5361,0.5367,16,115,16,450926,225518,55691,70565,1.7861962995818021,0.2383284416869594
5362,0.5368,21,120,21,451046,225398,55712,70544,1.7852458497021924,0.23837103216170735
5363,0.5369,24,107,24,451153,225291,55736,70520,1.784398365226207,0.23839546196726963
5364,0.537,14,60,14,451213,225231,55750,70506,1.7839231402864022,0.23840777447529393
5365,0.5371,34,147,34,451360,225084,55784,70472,1.7827588391838805,0.23843873918986588
5366,0.5372,14,62,14,451422,225022,55798,70458,1.7822677734127488,0.2384526871531068
5367,0.5373,16,118,16,451540,224904,55814,70442,1.7813331643644659,0.2385067006155492
5368,0.5374,26,130,26,451670,224774,55840,70416,1.780303510328222,0.23854466614722722
5369,0.5375,8,70,8,451740,224704,55848,70408,1.779749081231783,0.23858060668491962
5370,0.5376,13,99,13,451839,224605,55861,70395,1.778964960081105,0.2386271186440678
5371,0.5377,24,117,24,451956,224488,55885,70371,1.7780382714484857,0.23865983402236324
5372,0.5378,30,155,30,452111,224333,55915,70341,1.7768106070206564,0.23870786021162368
5373,0.5379,23,87,23,452198,224246,55938,70318,1.7761215308579394,0.23871892016675494
5374,0.538,31,155,31,452353,224091,55969,70287,1.7748938664301102,0.23876444571265515
5375,0.5381,30,141,30,452494,223950,55999,70257,1.7737770878215688,0.23880125217958784
5376,0.5382,28,111,28,452605,223839,56027,70229,1.77289792168293,0.23881891263245236
5377,0.5383,13,89,13,452694,223750,56040,70216,1.772193004688886,0.23885755495533498
5378,0.5384,20,161,20,452855,223589,56060,70196,1.7709178177670764,0.23893663733682796
5379,0.5385,29,100,29,452955,223489,56089,70167,1.770125776200735,0.23894284468902388
5380,0.5386,21,116,21,453071,223373,56110,70146,1.769207007983779,0.2389828256433144
5381,0.5387,37,141,37,453212,223232,56147,70109,1.7680902293752376,0.2390017079099069
5382,0.5388,21,92,21,453304,223140,56168,70088,1.7673615511342036,0.23902219433341973
5383,0.5389,19,69,19,453373,223071,56187,70069,1.766815042453428,0.23902913283755203
5384,0.539,31,155,31,453528,222916,56218,70038,1.7655873780255988,0.23907507663319155
5385,0.5391,25,127,25,453655,222789,56243,70013,1.7645814852363453,0.23911380386745992
5386,0.5392,25,146,25,453801,222643,56268,69988,1.7634251045494869,0.2391680990735773
5387,0.5393,31,181,31,453982,222462,56299,69957,1.7619915093144087,0.2392354805946262
5388,0.5394,32,149,32,454131,222313,56331,69925,1.76081136738056,0.23927415325864534
5389,0.5395,23,166,23,454297,222147,56354,69902,1.7594965783804335,0.2393502460203596
5390,0.5396,26,110,26,454407,222037,56380,69876,1.758625332657458,0.2393726898082648
5391,0.5397,11,66,11,454473,221971,56391,69865,1.7581025852236725,0.2393981551282227
5392,0.5398,37,162,37,454635,221809,56428,69828,1.7568194778861994,0.2394346396376317
5393,0.5399,21,117,21,454752,221692,56449,69807,1.75589278925358,0.23947595017478618
5394,0.54,50,201,50,454953,221491,56499,69757,1.7543007857052337,0.23951065758391474
5395,0.5401,51,228,51,455181,221263,56550,69706,1.7524949309339755,0.2395650395746626
5396,0.5402,20,124,20,455305,221139,56570,69686,1.7515127993917121,0.23961488867875871
5397,0.5403,27,104,27,455409,221035,56597,69659,1.750689076162717,0.23962998892305998
5398,0.5404,7,39,7,455448,220996,56604,69652,1.750380179951844,0.2396438303377281
5399,0.5405,38,153,38,455601,220843,56642,69614,1.7491683563553415,0.23967058807327762
5400,0.5406,31,163,31,455764,220680,56673,69583,1.7478773286022051,0.23972397446453733
5401,0.5407,31,101,31,455865,220579,56704,69552,1.7470773666202002,0.23972619265090597
5402,0.5408,27,135,27,456000,220444,56731,69525,1.7460081105056393,0.2397670095768858
5403,0.5409,10,72,10,456072,220372,56741,69515,1.7454378405778734,0.23980033599299036
5404,0.541,27,70,27,456142,220302,56768,69488,1.7448834114814344,0.23978743227854654
5405,0.5411,23,105,23,456247,220197,56791,69465,1.7440517678367762,0.2398139900988048
5406,0.5412,13,40,13,456287,220157,56804,69452,1.7437349512102396,0.23981298923721292
5407,0.5413,54,264,54,456551,219893,56858,69398,1.7416439614750983,0.23988993781348192
5408,0.5414,15,74,15,456625,219819,56873,69383,1.7410578507160055,0.23991189549173242
5409,0.5415,33,186,33,456811,219633,56906,69350,1.7395846534026105,0.23997951436589696
5410,0.5416,9,64,9,456875,219569,56915,69341,1.7390777468001521,0.24000899934235576
5411,0.5417,20,92,20,456967,219477,56935,69321,1.738349068559118,0.24003282571208942
5412,0.5418,47,169,47,457136,219308,56982,69274,1.737010518312001,0.24004962194454263
5413,0.5419,35,197,35,457333,219111,57017,69239,1.7354501964263085,0.24012138026703658
5414,0.542,22,116,22,457449,218995,57039,69217,1.7345314282093525,0.24016002109558243
5415,0.5421,37,158,37,457607,218837,57076,69180,1.733280002534533,0.2401941552061163
5416,0.5422,33,111,33,457718,218726,57109,69147,1.732400836395894,0.24019967138286674
5417,0.5423,33,157,33,457875,218569,57142,69114,1.731157331136738,0.24024360146411153
5418,0.5424,37,137,37,458012,218432,57179,69077,1.7300722341908503,0.2402603048948033
5419,0.5425,32,129,32,458141,218303,57211,69045,1.7290505005702699,0.2402835586118574
5420,0.5426,22,106,22,458247,218197,57233,69023,1.728210936509948,0.2403140449829399
5421,0.5427,25,111,25,458358,218086,57258,68998,1.7273317703713091,0.2403408061751961
5422,0.5428,12,76,12,458434,218010,57270,68986,1.7267298187808897,0.2403726881210888
5423,0.5429,15,118,15,458552,217892,57285,68971,1.7257952097326068,0.2404318437721142
5424,0.543,25,117,25,458669,217775,57310,68946,1.7248685210999872,0.2404637260612233
5425,0.5431,13,107,13,458776,217668,57323,68933,1.724021036624002,0.24051904913102187
5426,0.5432,11,98,11,458874,217570,57334,68922,1.7232448358889874,0.240572162573475
5427,0.5433,33,209,33,459083,217361,57367,68889,1.721589469015334,0.2406602620087336
5428,0.5434,18,87,18,459170,217274,57385,68871,1.720900392852617,0.24068566635796537
5429,0.5435,36,97,36,459267,217177,57421,68835,1.7201321125332658,0.24067172006768947
5430,0.5436,33,138,33,459405,217039,57454,68802,1.7190390951717147,0.24070024943937363
5431,0.5437,34,188,34,459593,216851,57488,68768,1.7175500570269928,0.24076829622679163
5432,0.5438,23,146,23,459739,216705,57511,68745,1.7163936763401344,0.24083026799789806
5433,0.5439,24,126,24,459865,216579,57535,68721,1.7153957039665442,0.24087276550998948
5434,0.544,32,169,32,460034,216410,57567,68689,1.7140571537194271,0.24093034349471587
5435,0.5441,29,136,29,460170,216274,57596,68660,1.712979977189203,0.24096808383695872
5436,0.5442,27,133,27,460303,216141,57623,68633,1.711926561905969,0.24100865949840927
5437,0.5443,11,55,11,460358,216086,57634,68622,1.711490939044481,0.24102589319583573
5438,0.5444,31,135,31,460493,215951,57665,68591,1.7104216829299201,0.24105755916525504
5439,0.5445,13,74,13,460567,215877,57678,68578,1.7098355721708276,0.24108558471462974
5440,0.5446,27,104,27,460671,215773,57705,68551,1.7090118489418324,0.24110170087646488
5441,0.5447,54,184,54,460855,215589,57759,68497,1.7075544924597643,0.24111360644311933
5442,0.5448,19,107,19,460962,215482,57778,68478,1.706707007983779,0.2411536836174109
5443,0.5449,36,162,36,461124,215320,57814,68442,1.705423900646306,0.24119508602279374
5444,0.545,27,78,27,461202,215242,57841,68415,1.7048061082245596,0.24118918271010412
5445,0.5451,29,129,29,461331,215113,57870,68386,1.7037843746039791,0.2412213094226082
5446,0.5452,28,104,28,461435,215009,57898,68358,1.7029606513749842,0.24123486503368424
5447,0.5453,24,107,24,461542,214902,57922,68334,1.7021131668989988,0.24126170402067534
5448,0.5454,19,124,19,461666,214778,57941,68315,1.7011310353567355,0.2413164578424758
5449,0.5455,24,112,24,461778,214666,57965,68291,1.7002439488024332,0.24134762525754797
5450,0.5456,13,82,13,461860,214584,57978,68278,1.6995944747180332,0.24138272373100664
5451,0.5457,17,90,17,461950,214494,57995,68261,1.698881637308326,0.24141394493466076
5452,0.5458,14,97,14,462047,214397,58009,68247,1.6981133569889748,0.2414592207865725
5453,0.5459,23,153,23,462200,214244,58032,68224,1.6969015333924724,0.24152824390727445
5454,0.546,30,140,30,462340,214104,58062,68194,1.6957926751995944,0.24156742166079817
5455,0.5461,36,167,36,462507,213937,58098,68158,1.6944699657838043,0.24161364079476771
5456,0.5462,18,74,18,462581,213863,58116,68140,1.6938838550247117,0.2416286351563636
5457,0.5463,41,145,41,462726,213718,58157,68099,1.6927353947535166,0.24164262624327135
5458,0.5464,29,118,29,462844,213600,58186,68070,1.6918007857052337,0.24166577910320589
5459,0.5465,30,126,30,462970,213474,58216,68040,1.6908028133316437,0.24169313071463586
5460,0.5466,25,97,25,463067,213377,58241,68015,1.6900345330122926,0.24170907488485813
5461,0.5467,17,86,17,463153,213291,58258,67998,1.689353377265239,0.2417371457824515
5462,0.5468,27,129,27,463282,213162,58285,67971,1.6883316436446585,0.24177524516865684
5463,0.5469,21,102,21,463384,213060,58306,67950,1.6875237612469902,0.24180634141133767
5464,0.547,20,88,20,463472,212972,58326,67930,1.6868267646686097,0.2418281108714071
5465,0.5471,2,40,2,463512,212932,58328,67928,1.6865099480420733,0.24185715302997934
5466,0.5472,23,88,23,463600,212844,58351,67905,1.6858129514636928,0.2418708526121197
5467,0.5473,13,79,13,463679,212765,58364,67892,1.6851872386262832,0.24190381854006848
5468,0.5474,33,143,33,463822,212622,58397,67859,1.684054619186415,0.24193795658172923
5469,0.5475,10,71,10,463893,212551,58407,67849,1.6834922696743124,0.24197218259629102
5470,0.5476,36,215,36,464108,212336,58443,67813,1.6817893803066786,0.24206047496153832
5471,0.5477,22,133,22,464241,212203,58465,67791,1.6807359650234444,0.24211590248362466
5472,0.5478,37,145,37,464386,212058,58502,67754,1.6795875047522495,0.24214115191628666
5473,0.5479,25,134,25,464520,211924,58527,67729,1.678526169053352,0.2421894276120764
5474,0.548,25,113,25,464633,211811,58552,67704,1.6776311620833861,0.24221955887877217
5475,0.5481,33,138,33,464771,211673,58585,67671,1.676538144721835,0.2422496992954923
5476,0.5482,28,104,28,464875,211569,58613,67643,1.67571442149284,0.24226394281048091
5477,0.5483,30,142,30,465017,211427,58643,67613,1.6745897224686352,0.2423057626146789
5478,0.5484,11,61,11,465078,211366,58654,67602,1.674106577113167,0.2423288692609905
5479,0.5485,16,72,16,465150,211294,58670,67586,1.673536307185401,0.24234796328169822
5480,0.5486,25,134,25,465284,211160,58695,67561,1.6724749714865037,0.24239651838218146
5481,0.5487,41,157,41,465441,211003,58736,67520,1.6712314662273475,0.2424216312476887
5482,0.5488,26,97,26,465538,210906,58762,67494,1.6704631859079964,0.24243534482758622
5483,0.5489,17,85,17,465623,210821,58779,67477,1.6697899505766063,0.24246311507808177
5484,0.549,22,122,22,465745,210699,58801,67455,1.6688236598656698,0.24250954507215428
5485,0.5491,26,148,26,465893,210551,58827,67429,1.6676514383474845,0.24256781063385854
5486,0.5492,24,102,24,465995,210449,58851,67405,1.6668435559498163,0.24259143291080928
5487,0.5493,40,157,40,466152,210292,58891,67365,1.6656000506906603,0.2426194909546671
5488,0.5494,18,103,18,466255,210189,58909,67347,1.6647842478773287,0.24266041162227603
5489,0.5495,47,148,47,466403,210041,58956,67300,1.6636120263591434,0.24266156103857706
5490,0.5496,23,108,23,466511,209933,58979,67277,1.6627566214674947,0.24269326503372896
5491,0.5497,12,74,12,466585,209859,58991,67265,1.662170510708402,0.24272527821480636
5492,0.5498,22,138,22,466723,209721,59013,67243,1.6610774933468508,0.2427860660591268
5493,0.5499,11,82,11,466805,209639,59024,67232,1.660428019262451,0.24282788735548325
5494,0.55,38,199,38,467004,209440,59062,67194,1.6588518565454315,0.24289855910697888
5495,0.5501,24,85,24,467089,209355,59086,67170,1.6581786212140412,0.2429075128831028
5496,0.5502,33,176,33,467265,209179,59119,67137,1.6567846280572804,0.24297181487861724
5497,0.5503,33,160,33,467425,209019,59152,67104,1.6555173615511343,0.24302213144142285
5498,0.5504,28,188,28,467613,208831,59180,67076,1.6540283234064124,0.2431109033116231
5499,0.5505,28,119,28,467732,208712,59208,67048,1.6530857939424661,0.24313896141572383
5500,0.5506,37,170,37,467902,208542,59245,67011,1.6517393232796858,0.243187336011584
5501,0.5507,8,39,8,467941,208503,59253,67003,1.6514304270688125,0.24319978512264706
5502,0.5508,31,125,31,468066,208378,59284,66972,1.6504403751108858,0.24322498638096968
5503,0.5509,20,63,20,468129,208315,59304,66952,1.6499413889240908,0.24322566816945002
5504,0.551,35,126,35,468255,208189,59339,66917,1.6489434165505006,0.2432407871874841
5505,0.5511,24,111,24,468366,208078,59363,66893,1.6480642504118617,0.24327292696320704
5506,0.5512,36,158,36,468524,207920,59399,66857,1.6468128247370422,0.24331366890241904
5507,0.5513,21,90,21,468614,207830,59420,66836,1.646099987327335,0.24333554207655844
5508,0.5514,23,97,23,468711,207733,59443,66813,1.6453317070079838,0.24335812577855806
5509,0.5515,41,219,41,468930,207514,59484,66772,1.6435971359776962,0.24343932975069818
5510,0.5516,29,127,29,469057,207387,59513,66743,1.6425912431884426,0.2434720752927443
5511,0.5517,10,54,10,469111,207333,59523,66733,1.6421635407426183,0.24349244342603607
5512,0.5518,39,201,39,469312,207132,59562,66694,1.640571537194272,0.2435634307918167
5513,0.5519,25,92,25,469404,207040,59587,66669,1.639842858953238,0.24357620684741824
5514,0.552,24,111,24,469515,206929,59611,66645,1.638963692814599,0.24360867626309518
5515,0.5521,13,84,13,469599,206845,59624,66632,1.6382983778988722,0.2436475462287505
5516,0.5522,31,115,31,469714,206730,59655,66601,1.6373875300975795,0.24366427518283693
5517,0.5523,21,117,21,469831,206613,59676,66580,1.6364608414649602,0.24371049038591766
5518,0.5524,30,139,30,469970,206474,59706,66550,1.6353599036877455,0.2437514650726676
5519,0.5525,14,76,14,470046,206398,59720,66536,1.634757952097326,0.24378054767819327
5520,0.5526,15,133,15,470179,206265,59735,66521,1.6337045368140921,0.24385782261553013
5521,0.5527,57,244,57,470423,206021,59792,66464,1.631771955392219,0.24391801383562398
5522,0.5528,16,59,16,470482,205962,59808,66448,1.6313046508680775,0.2439264344187071
5523,0.5529,34,139,34,470621,205823,59842,66414,1.630203713090863,0.2439565525626568
5524,0.553,39,246,39,470867,205577,59881,66375,1.628255290837663,0.24406880625992822
5525,0.5531,18,118,18,470985,205459,59899,66357,1.6273206817893804,0.24412470200429703
5526,0.5532,19,114,19,471099,205345,59918,66338,1.626417754403751,0.24417427663858246
5527,0.5533,22,120,22,471219,205225,59940,66316,1.6254673045241415,0.24422094637642197
5528,0.5534,32,98,32,471317,205127,59972,66284,1.624691103789127,0.24422002055922568
5529,0.5535,20,121,20,471438,205006,59992,66264,1.6237327334938538,0.24427323330998635
5530,0.5536,40,151,40,471589,204855,60032,66224,1.6225367507286783,0.2442977877297762
5531,0.5537,43,180,43,471769,204675,60075,66181,1.6211110759092637,0.24434016599226158
5532,0.5538,14,88,14,471857,204587,60089,66167,1.6204140793308832,0.24438050776719827
5533,0.5539,22,128,22,471985,204459,60111,66145,1.6194002661259663,0.24443467206693176
5534,0.554,44,202,44,472187,204257,60155,66101,1.6178003421619567,0.24449433713816496
5535,0.5541,32,127,32,472314,204130,60187,66069,1.6167944493727031,0.24451977986595066
5536,0.5542,27,133,27,472447,203997,60214,66042,1.6157410340894691,0.24456467399153456
5537,0.5543,10,96,10,472543,203901,60224,66032,1.6149806741857813,0.24462366587264248
5538,0.5544,33,122,33,472665,203779,60257,65999,1.6140143834748448,0.24464189073979345
5539,0.5545,42,181,42,472846,203598,60299,65957,1.612580788239767,0.2446884680306431
5540,0.5546,26,119,26,472965,203479,60325,65931,1.6116382587758205,0.24472365539512267
5541,0.5547,13,79,13,473044,203400,60338,65918,1.6110125459384108,0.24475898380353336
5542,0.5548,16,95,16,473139,203305,60354,65902,1.6102601064503865,0.24480046952716683
5543,0.5549,28,72,28,473211,203233,60382,65874,1.6096898365226207,0.2447873894027283
5544,0.555,36,118,36,473329,203115,60418,65838,1.6087552274743377,0.24479370001450068
5545,0.5551,17,74,17,473403,203041,60435,65821,1.6081691167152452,0.2448133243076374
5546,0.5552,41,154,41,473557,202887,60476,65780,1.6069493727030795,0.244838405907685
5547,0.5553,21,179,21,473736,202708,60497,65759,1.6055316182993284,0.2449425813973412
5548,0.5554,9,93,9,473829,202615,60506,65750,1.6047950196426308,0.24500214260428893
5549,0.5555,18,92,18,473921,202523,60524,65732,1.6040663414015968,0.24503550725988332
5550,0.5556,24,86,24,474007,202437,60548,65708,1.6033851856545431,0.24504652333625465
5551,0.5557,19,118,19,474125,202319,60567,65689,1.6024505766062602,0.24510089251067133
5552,0.5558,19,98,19,474223,202221,60586,65670,1.6016743758712457,0.24513701468134427
5553,0.5559,17,57,17,474280,202164,60603,65653,1.6012229121784312,0.2451412718386062
5554,0.556,27,106,27,474386,202058,60630,65626,1.6003833481181093,0.24516220618341028
5555,0.5561,25,83,25,474469,201975,60655,65601,1.599725953618046,0.2451677280473585
5556,0.5562,32,170,32,474639,201805,60687,65569,1.5983794829552656,0.24523326875462834
5557,0.5563,27,145,27,474784,201660,60714,65542,1.5972310226840705,0.24529008016407064
5558,0.5564,21,102,21,474886,201558,60735,65521,1.5964231402864022,0.24532441712002814
5559,0.5565,24,94,24,474980,201464,60759,65497,1.5956786212140412,0.24534295271593978
5560,0.5566,12,84,12,475064,201380,60771,65485,1.5950133062983145,0.24538624398103911
5561,0.5567,34,162,34,475226,201218,60805,65451,1.5937301989608414,0.24543910240785394
5562,0.5568,28,134,28,475360,201084,60833,65423,1.592668863261944,0.24548323308581013
5563,0.5569,33,116,33,475476,200968,60866,65390,1.5917500950449879,0.2454966623867126
5564,0.557,57,296,57,475772,200672,60923,65333,1.5894056520086175,0.2456081652600515
5565,0.5571,22,96,22,475868,200576,60945,65311,1.5886452921049297,0.24563442364613539
5566,0.5572,20,91,20,475959,200485,60965,65291,1.587924534279559,0.24566176027933298
5567,0.5573,31,112,31,476071,200373,60996,65260,1.5870374477252567,0.2456773066599406
5568,0.5574,14,93,14,476164,200280,61010,65246,1.586300849068559,0.24572358262467706
5569,0.5575,36,159,36,476323,200121,61046,65210,1.5850415029780762,0.24576849293900827
5570,0.5576,33,172,33,476495,199949,61079,65177,1.5836791914839692,0.2458340562600424
5571,0.5577,25,110,25,476605,199839,61104,65152,1.5828079457609936,0.24586495390409485
5572,0.5578,11,31,11,476636,199808,61115,65141,1.5825624128754276,0.24586241125650596
5573,0.5579,40,150,40,476786,199658,61155,65101,1.5813743505259157,0.24588776963200495
5574,0.558,51,245,51,477031,199413,61206,65050,1.5794338486883792,0.24597013570896495
5575,0.5581,13,66,13,477097,199347,61219,65037,1.5789111012545938,0.24599446259985475
5576,0.5582,22,123,22,477220,199224,61241,65015,1.577936890127994,0.246046193029795
5577,0.5583,30,144,30,477364,199080,61271,64985,1.5767963502724622,0.2460947115293583
5578,0.5584,23,107,23,477471,198973,61294,64962,1.575948865796477,0.2461287817076174
5579,0.5585,32,143,32,477614,198830,61326,64930,1.5748162463566089,0.24617076129814983
5580,0.5586,33,171,33,477785,198659,61359,64897,1.573461855278165,0.2462360940369409
5581,0.5587,43,162,43,477947,198497,61402,64854,1.572178747940692,0.24626449111641877
5582,0.5588,23,80,23,478027,198417,61425,64831,1.5715451146876187,0.24627347596183066
5583,0.5589,23,97,23,478124,198320,61448,64808,1.5707768343682675,0.24629837949591074
5584,0.559,21,83,21,478207,198237,61469,64787,1.5701194398682043,0.24631592554291623
5585,0.5591,36,191,36,478398,198046,61505,64751,1.5686066404764922,0.24639170157954618
5586,0.5592,41,168,41,478566,197878,61546,64710,1.5672760106450387,0.246431672429814
5587,0.5593,24,123,24,478689,197755,61570,64686,1.5663017995184387,0.24647825606517274
5588,0.5594,22,139,22,478828,197616,61592,64664,1.565200861741224,0.24654567637639163
5589,0.5595,24,94,24,478922,197522,61616,64640,1.5644563426688634,0.2465651009681037
5590,0.5596,16,86,16,479008,197436,61632,64624,1.5637751869218097,0.24660001526368008
5591,0.5597,32,192,32,479200,197244,61664,64592,1.5622544671144343,0.24668876701446707
5592,0.5598,23,167,23,479367,197077,61687,64569,1.5609317576986441,0.24678000045863496
5593,0.5599,24,130,24,479497,196947,61711,64545,1.5599021036624001,0.24683355513744207
5594,0.56,40,130,40,479627,196817,61751,64505,1.5588724496261563,0.24684106198483097
5595,0.5601,22,96,22,479723,196721,61773,64483,1.5581120897224687,0.24686834811105496
5596,0.5602,19,80,19,479803,196641,61792,64464,1.5574784564693955,0.24688918251278222
5597,0.5603,14,111,14,479914,196530,61806,64450,1.5565992903307566,0.24695378956241856
5598,0.5604,10,122,10,480036,196408,61816,64440,1.5556329996198202,0.24704042200821935
5599,0.5605,16,80,16,480116,196328,61832,64424,1.554999366366747,0.2470700128858072
5600,0.5606,7,61,7,480177,196267,61839,64417,1.5545162210112786,0.24710760921268662
5601,0.5607,20,73,20,480250,196194,61859,64397,1.5539380306678494,0.2471190486240891
5602,0.5608,41,244,41,480494,195950,61900,64356,1.5520054492459765,0.24723210375481164
5603,0.5609,55,273,55,480767,195677,61955,64301,1.5498431757698643,0.24733246659332714
5604,0.561,26,127,26,480894,195550,61981,64275,1.5488372829806107,0.24737804291349946
5605,0.5611,7,70,7,480964,195480,61988,64268,1.5482828538841718,0.2474244267520828
5606,0.5612,27,133,27,481097,195347,62015,64241,1.5472294386009378,0.24747291862489793
5607,0.5613,14,72,14,481169,195275,62029,64227,1.5466591686731719,0.24750098265138612
5608,0.5614,26,173,26,481342,195102,62055,64201,1.5452889367634013,0.24759065649066922
5609,0.5615,30,115,30,481457,194987,62085,64171,1.5443780889621088,0.2476134250148558
5610,0.5616,6,62,6,481519,194925,62091,64165,1.5438870231909771,0.24765525493071905
5611,0.5617,15,93,15,481612,194832,62106,64150,1.5431504245342795,0.24770061239777283
5612,0.5618,38,154,38,481766,194678,62144,64112,1.5419306805221138,0.2477375478186947
5613,0.5619,27,139,27,481905,194539,62171,64085,1.5408297427448991,0.24779216159366493
5614,0.562,46,252,46,482157,194287,62217,64039,1.538833797997719,0.2478999403854045
5615,0.5621,23,130,23,482287,194157,62240,64016,1.5378041439614751,0.24795776475464126
5616,0.5622,10,80,10,482367,194077,62250,64006,1.537170510708402,0.24800548660702176
5617,0.5623,74,284,74,482651,193793,62324,63932,1.5349211126599924,0.24806285769715783
5618,0.5624,35,151,35,482802,193642,62359,63897,1.533725129894817,0.24810611208399505
5619,0.5625,16,83,16,482885,193559,62375,63881,1.5330677353947535,0.2481393722809198
5620,0.5626,19,135,19,483020,193424,62394,63862,1.5319984792801926,0.24821404973453667
5621,0.5627,17,119,17,483139,193305,62411,63845,1.5310559498162464,0.24827921446626483
5622,0.5628,31,114,31,483253,193191,62442,63814,1.5301530224306172,0.2482986712320772
5623,0.5629,35,162,35,483415,193029,62477,63779,1.5288699150931442,0.24835285505124452
5624,0.563,9,58,9,483473,192971,62486,63770,1.528410530984666,0.2483826112697232
5625,0.5631,24,86,24,483559,192885,62510,63746,1.5277293752376124,0.24839555626561094
5626,0.5632,32,172,32,483731,192713,62542,63714,1.5263670637435052,0.24846837501511151
5627,0.5633,9,64,9,483795,192649,62551,63705,1.5258601571410468,0.24850402178237904
5628,0.5634,31,76,31,483871,192573,62582,63674,1.5252582055506272,0.24848681155291574
5629,0.5635,19,97,19,483968,192476,62601,63655,1.5244899252312762,0.24852516876129793
5630,0.5636,26,115,26,484083,192361,62627,63629,1.5235790774299836,0.2485604906441658
5631,0.5637,24,102,24,484185,192259,62651,63605,1.5227711950323153,0.2485890942062971
5632,0.5638,31,136,31,484321,192123,62682,63574,1.521694018502091,0.24863021466814236
5633,0.5639,25,97,25,484418,192026,62707,63549,1.52092573818274,0.24865108089601878
5634,0.564,27,117,27,484535,191909,62734,63522,1.5199990495501203,0.24868555500311237
5635,0.5641,18,79,18,484614,191830,62752,63504,1.5193733367127107,0.24870953339547416
5636,0.5642,25,151,25,484765,191679,62777,63479,1.5181773539475352,0.24878310693766215
5637,0.5643,14,73,14,484838,191606,62791,63465,1.517599163604106,0.24881307557503596
5638,0.5644,15,60,15,484898,191546,62806,63450,1.5171239386643012,0.24882743258717785
5639,0.5645,20,118,20,485016,191428,62826,63430,1.5161893296160183,0.24888369209520597
5640,0.5646,27,133,27,485149,191295,62853,63403,1.5151359143327843,0.24893403167673087
5641,0.5647,31,98,31,485247,191197,62884,63372,1.5143597135977696,0.2489384017692649
5642,0.5648,30,153,30,485400,191044,62914,63342,1.5131478900012674,0.24899955186213077
5643,0.5649,12,70,12,485470,190974,62926,63330,1.5125934609048284,0.2490326538316346
5644,0.565,35,148,35,485618,190826,62961,63295,1.511421239386643,0.2490742598998115
5645,0.5651,22,131,22,485749,190695,62983,63273,1.5103836649347357,0.24913768663768665
5646,0.5652,25,90,25,485839,190605,63008,63248,1.5096708275250286,0.24915206832300582
5647,0.5653,18,75,18,485914,190530,63026,63230,1.5090767963502725,0.24917244640605296
5648,0.5654,41,163,41,486077,190367,63067,63189,1.5077857685971359,0.24921121961223555
5649,0.5655,28,129,28,486206,190238,63095,63161,1.5067640349765556,0.24925512728937368
5650,0.5656,28,89,28,486295,190149,63123,63133,1.5060591179825118,0.24925971841662653
5651,0.5657,13,118,13,486413,190031,63136,63120,1.5051245089342289,0.2493373520152004
5652,0.5658,45,133,45,486546,189898,63181,63075,1.504071093650995,0.24933490925909088
5653,0.5659,23,141,23,486687,189757,63204,63052,1.5029543150424534,0.2494056778041921
5654,0.566,25,105,25,486792,189652,63229,63027,1.5021226713977949,0.24943505396174592
5655,0.5661,25,121,25,486913,189531,63254,63002,1.501164301102522,0.2494802659454408
5656,0.5662,13,98,13,487011,189433,63267,62989,1.5003881003675072,0.24953847129014112
5657,0.5663,27,90,27,487101,189343,63294,62962,1.4996752629578,0.24954717504607518
5658,0.5664,39,189,39,487290,189154,63333,62923,1.4981783043974148,0.24961817222515342
5659,0.5665,43,134,43,487424,189020,63376,62880,1.4971169686985173,0.24962286621675267
5660,0.5666,27,147,27,487571,188873,63403,62853,1.4959526675959955,0.249688152991745
5661,0.5667,37,186,37,487757,188687,63440,62816,1.4944794702826005,0.2497624282811736
5662,0.5668,10,83,10,487840,188604,63450,62806,1.4938220757825371,0.2498150431565968
5663,0.5669,15,81,15,487921,188523,63465,62791,1.4931805221138006,0.2498507842778357
5664,0.567,19,107,19,488028,188416,63484,62772,1.4923330376378152,0.24990047295252957
5665,0.5671,20,98,20,488126,188318,63504,62752,1.4915568369028007,0.24993826422909945
5666,0.5672,19,125,19,488251,188193,63523,62733,1.4905667849448738,0.25000597785801393
5667,0.5673,22,90,22,488341,188103,63545,62711,1.4898539475351666,0.25002990263701386
5668,0.5674,24,131,24,488472,187972,63569,62687,1.4888163730832593,0.2500887660127903
5669,0.5675,29,82,29,488554,187890,63598,62658,1.4881668989988595,0.2500838162747258
5670,0.5676,43,174,43,488728,187716,63641,62615,1.4867887466734255,0.2501288294298349
5671,0.5677,36,127,36,488855,187589,63677,62579,1.4857828538841718,0.25014790061078956
5672,0.5678,21,75,21,488930,187514,63698,62558,1.4851888227094159,0.25015995393326723
5673,0.5679,25,120,25,489050,187394,63723,62533,1.484238372829806,0.2502050598774842
5674,0.568,23,99,23,489149,187295,63746,62510,1.483454251679128,0.2502351834430856
5675,0.5681,36,173,36,489322,187122,63782,62474,1.4820840197693574,0.25030048558470486
5676,0.5682,33,138,33,489460,186984,63815,62441,1.4809910024078063,0.2503397814974441
5677,0.5683,24,89,24,489549,186895,63839,62417,1.4802860854137625,0.2503569824156078
5678,0.5684,11,50,11,489599,186845,63850,62406,1.479890064630592,0.2503741208661149
5679,0.5685,17,108,17,489707,186737,63867,62389,1.479034659738943,0.25043150855390445
5680,0.5686,17,66,17,489773,186671,63884,62372,1.4785119123051578,0.2504467100059026
5681,0.5687,21,136,21,489909,186535,63905,62351,1.4774347357749336,0.2505203185394116
5682,0.5688,24,148,24,490057,186387,63929,62327,1.4762625142567483,0.25059707133494696
5683,0.5689,16,86,16,490143,186301,63945,62311,1.4755813585096946,0.25063552845397646
5684,0.569,14,92,14,490235,186209,63959,62297,1.4748526802686606,0.2506861001344032
5685,0.5691,21,57,21,490292,186152,63980,62276,1.474401216575846,0.25068027758545736
5686,0.5692,36,189,36,490481,185963,64016,62240,1.4729042580154605,0.2507624807113532
5687,0.5693,24,154,24,490635,185809,64040,62216,1.4716845140032948,0.25084568087894366
5688,0.5694,23,103,23,490738,185706,64063,62193,1.4708687111899632,0.2508803988721213
5689,0.5695,27,127,27,490865,185579,64090,62166,1.4698628184007096,0.2509273648307736
5690,0.5696,21,96,21,490961,185483,64111,62145,1.469102458497022,0.25096111909800184
5691,0.5697,6,39,6,491000,185444,64117,62139,1.4687935622861488,0.25098249879838275
5692,0.5698,35,158,35,491158,185286,64152,62104,1.4675421366113293,0.2510368244472291
5693,0.5699,21,99,21,491257,185187,64173,62083,1.4667580154606514,0.25107372507785014
5694,0.57,23,101,23,491358,185086,64196,62060,1.4659580534786465,0.2511066333260502
5695,0.5701,20,78,20,491436,185008,64216,62040,1.4653402610569002,0.25112528739354295
5696,0.5702,29,111,29,491547,184897,64245,62011,1.4644610949182613,0.2511502259951075
5697,0.5703,45,196,45,491743,184701,64290,61966,1.4629086934482323,0.2512131740362513
5698,0.5704,36,160,36,491903,184541,64326,61930,1.4616414269420859,0.2512668833250159
5699,0.5705,18,74,18,491977,184467,64344,61912,1.4610553161829933,0.2512876503273412
5700,0.5706,18,69,18,492046,184398,64362,61894,1.4605088075022177,0.2513033310054732
5701,0.5707,20,128,20,492174,184270,64382,61874,1.4594949942973008,0.2513731799271971
5702,0.5708,36,118,36,492292,184152,64418,61838,1.4585603852490179,0.25138420260986216
5703,0.5709,39,135,39,492427,184017,64457,61799,1.457491129134457,0.25140348878836205
5704,0.571,27,148,27,492575,183869,64484,61772,1.4563189076162717,0.2514726776067513
5705,0.5711,18,90,18,492665,183779,64502,61754,1.4556060702065645,0.2515099803285098
5706,0.5712,7,42,7,492707,183737,64509,61747,1.455273412748701,0.25153166805168564
5707,0.5713,28,94,28,492801,183643,64537,61719,1.45452889367634,0.2515426186614064
5708,0.5714,13,80,13,492881,183563,64550,61706,1.453895260423267,0.2515849944346819
5709,0.5715,26,105,26,492986,183458,64576,61680,1.4530636167786086,0.25161337695502123
5710,0.5716,29,152,29,493138,183306,64605,61651,1.4518597135977696,0.2516809072612744
5711,0.5717,7,52,7,493190,183254,64612,61644,1.451447851983272,0.25171295804784033
5712,0.5718,29,150,29,493340,183104,64641,61615,1.45025978963376,0.2517785705237436
5713,0.5719,26,62,26,493402,183042,64667,61589,1.4497687238626282,0.251762859163393
5714,0.572,22,122,22,493524,182920,64689,61567,1.4488024331516918,0.25182116022528805
5715,0.5721,27,155,27,493679,182765,64716,61540,1.4475747687238627,0.2518982419516588
5716,0.5722,14,45,14,493724,182720,64730,61526,1.447218350019009,0.2519017711651368
5717,0.5723,16,53,16,493777,182667,64746,61510,1.446798567988848,0.25190742780851594
5718,0.5724,51,217,51,493994,182450,64797,61459,1.4450798377898872,0.2519751218692217
5719,0.5725,19,52,19,494046,182398,64816,61440,1.4446679761753898,0.2519705706247591
5720,0.5726,18,74,18,494120,182324,64834,61422,1.444081865416297,0.2519918275581958
5721,0.5727,26,145,26,494265,182179,64860,61396,1.442933405145102,0.2520619932259058
5722,0.5728,28,107,28,494372,182072,64888,61368,1.4420859206691168,0.2520867564903056
5723,0.5729,20,49,20,494421,182023,64908,61348,1.4416978203016095,0.2520760485020812
5724,0.573,16,92,16,494513,181931,64924,61332,1.4409691420605752,0.2521221887422255
5725,0.5731,23,112,23,494625,181819,64947,61309,1.440082055506273,0.2521675825079793
5726,0.5732,18,133,18,494758,181686,64965,61291,1.439028640223039,0.25225021298312184
5727,0.5733,21,109,21,494867,181577,64986,61270,1.4381653149157267,0.2522987724781447
5728,0.5734,19,111,19,494978,181466,65005,61251,1.4372861487770878,0.2523556240395193
5729,0.5735,31,169,31,495147,181297,65036,61220,1.4359475985299708,0.25243591170928226
5730,0.5736,18,80,18,495227,181217,65054,61202,1.4353139652768978,0.2524637095277185
5731,0.5737,18,112,18,495339,181105,65072,61184,1.4344268787225953,0.25252487731593265
5732,0.5738,44,153,44,495492,180952,65116,61140,1.433215055126093,0.2525486178808056
5733,0.5739,23,117,23,495609,180835,65139,61117,1.4322883664934736,0.252599689194551
5734,0.574,19,122,19,495731,180713,65158,61098,1.4313220757825371,0.25266840631733045
5735,0.5741,17,74,17,495805,180639,65175,61081,1.4307359650234444,0.2526931987423465
5736,0.5742,34,147,34,495952,180492,65209,61047,1.4295716639209226,0.2527417932507794
5737,0.5743,18,54,18,496006,180438,65227,61029,1.4291439614750983,0.25274261079153676
5738,0.5744,24,114,24,496120,180324,65251,61005,1.4282410340894691,0.2527876881767214
5739,0.5745,15,70,15,496190,180254,65266,60990,1.4276866049930301,0.25281457777188243
5740,0.5746,23,90,23,496280,180164,65289,60967,1.4269737675833227,0.25283766915079353
5741,0.5747,22,87,22,496367,180077,65311,60945,1.4262846914206058,0.25286073470471576
5742,0.5748,13,63,13,496430,180014,65324,60932,1.4257857052338108,0.25288653889253193
5743,0.5749,28,149,28,496579,179865,65352,60904,1.424605563299962,0.2529561529931179
5744,0.575,62,241,62,496820,179624,65414,60842,1.4226967431250792,0.2530170585446591
5745,0.5751,11,57,11,496877,179567,65425,60831,1.4222452794322646,0.2530428705729665
5746,0.5752,37,174,37,497051,179393,65462,60794,1.4208671271068305,0.2531111175875464
5747,0.5753,36,165,36,497216,179228,65498,60758,1.4195602585223672,0.2531731017642696
5748,0.5754,27,133,27,497349,179095,65525,60731,1.4185068432391332,0.25322942466621634
5749,0.5755,12,70,12,497419,179025,65537,60719,1.4179524141426942,0.2532659837159637
5750,0.5756,21,95,21,497514,178930,65558,60698,1.41719997465467,0.2533009498055319
5751,0.5757,21,67,21,497581,178863,65579,60677,1.4166693068052212,0.2533063371461969
5752,0.5758,24,100,24,497681,178763,65603,60653,1.4158772652388798,0.2533372873993384
5753,0.5759,39,181,39,497862,178582,65642,60614,1.414443670003802,0.25340724761283634
5754,0.576,27,128,27,497990,178454,65669,60587,1.4134298567988848,0.2534586117025949
5755,0.5761,24,80,24,498070,178374,65693,60563,1.4127962235458116,0.25346848750925977
5756,0.5762,23,98,23,498168,178276,65716,60540,1.412020022810797,0.2535006029746751
5757,0.5763,9,76,9,498244,178200,65725,60531,1.4114180712203777,0.25355316234590397
5758,0.5764,11,46,11,498290,178154,65736,60520,1.4110537320998606,0.25356762781031866
5759,0.5765,15,61,15,498351,178093,65751,60505,1.4105705867443923,0.25358552879739144
5760,0.5766,14,72,14,498423,178021,65765,60491,1.4100003168166266,0.2536182665861676
5761,0.5767,37,145,37,498568,177876,65802,60454,1.4088518565454315,0.2536566944992238
5762,0.5768,10,49,10,498617,177827,65812,60444,1.4084637561779243,0.25367753524348324
5763,0.5769,46,133,46,498750,177694,65858,60398,1.40741034089469,0.25367504998067975
5764,0.577,29,114,29,498864,177580,65887,60369,1.406507413509061,0.2537056259954864
5765,0.5771,42,189,42,499053,177391,65929,60327,1.4050104549486757,0.25377548187348037
5766,0.5772,36,158,36,499211,177233,65965,60291,1.4037590292738562,0.2538311917953554
5767,0.5773,19,67,19,499278,177166,65984,60272,1.4032283614244077,0.2538431085167496
5768,0.5774,14,59,14,499337,177107,65998,60258,1.4027610569002662,0.2538621953531481
5769,0.5775,32,113,32,499450,176994,66030,60226,1.4018660499303004,0.2538824719669505
5770,0.5776,22,138,22,499588,176856,66052,60204,1.4007730325687493,0.2539610225259428
5771,0.5777,25,85,25,499673,176771,66077,60179,1.400099797237359,0.25397341211226
5772,0.5778,23,85,23,499758,176686,66100,60156,1.399426561905969,0.2539921128853835
5773,0.5779,15,107,15,499865,176579,66115,60141,1.3985790774299836,0.25405964852990875
5774,0.578,16,83,16,499948,176496,66131,60125,1.3979216829299201,0.2540983260150198
5775,0.5781,7,32,7,499980,176464,66138,60118,1.3976682296286909,0.254110625491373
5776,0.5782,32,141,32,500121,176323,66170,60086,1.3965514510201495,0.2541612205965086
5777,0.5783,20,105,20,500226,176218,66190,60066,1.395719807375491,0.2542110341792081
5778,0.5784,28,103,28,500329,176115,66218,60038,1.3949040045621595,0.25423348422421055
5779,0.5785,38,154,38,500483,175961,66256,60000,1.3936842605499937,0.2542793088688385
5780,0.5786,21,111,21,500594,175850,66277,59979,1.3928050944113548,0.25433258844332124
5781,0.5787,26,146,26,500740,175704,66303,59953,1.3916487137244962,0.2544078894325227
5782,0.5788,42,169,42,500909,175535,66345,59911,1.3903101634773793,0.25445749768524417
5783,0.5789,18,97,18,501006,175438,66363,59893,1.3895418831580282,0.2545053562854023
5784,0.579,16,66,16,501072,175372,66379,59877,1.3890191357242427,0.2545260553711174
5785,0.5791,30,119,30,501191,175253,66409,59847,1.3880766062602965,0.2545597618034879
5786,0.5792,41,160,41,501351,175093,66450,59806,1.3868093397541503,0.25460304215854473
5787,0.5793,34,123,34,501474,174970,66484,59772,1.3858351286275503,0.25462848574179314
5788,0.5794,23,102,23,501576,174868,66507,59749,1.385027246229882,0.2546661154136316
5789,0.5795,20,84,20,501660,174784,66527,59729,1.3843619313141553,0.25469376964176826
5790,0.5796,29,97,29,501757,174687,66556,59700,1.3835936509948041,0.254706959003699
5791,0.5797,23,146,23,501903,174541,66579,59677,1.3824372703079457,0.2547925436986056
5792,0.5798,33,130,33,502033,174411,66612,59644,1.381407616271702,0.2548289931853624
5793,0.5799,17,59,17,502092,174352,66629,59627,1.3809403117475605,0.25483910949273225
5794,0.58,51,205,51,502297,174147,66680,59576,1.3793166265365606,0.25490003123355426
5795,0.5801,24,86,24,502383,174061,66704,59552,1.378635470789507,0.2549173205258269
5796,0.5802,28,156,28,502539,173905,66732,59524,1.3773998859460144,0.2549983078366441
5797,0.5803,25,131,25,502670,173774,66757,59499,1.3763623114941073,0.25506166594505153
5798,0.5804,20,107,20,502777,173667,66777,59479,1.3755148270181219,0.25511482075609276
5799,0.5805,29,184,29,502961,173483,66806,59450,1.3740574705360538,0.25522360507098607
5800,0.5806,22,64,22,503025,173419,66828,59428,1.3735505639335952,0.2552233870309688
5801,0.5807,19,92,19,503117,173327,66847,59409,1.3728218856925611,0.25526347449470643
5802,0.5808,20,110,20,503227,173217,66867,59389,1.3719506399695856,0.25532015511207795
5803,0.5809,36,136,36,503363,173081,66903,59353,1.3708734634393613,0.2553542080762711
5804,0.581,13,72,13,503435,173009,66916,59340,1.3703031935115955,0.25539167373218735
5805,0.5811,37,201,37,503636,172808,66953,59303,1.3687111899632494,0.2554941385802482
5806,0.5812,17,59,17,503695,172749,66970,59286,1.368243885439108,0.255504557502101
5807,0.5813,22,137,22,503832,172612,66992,59264,1.3671587884932201,0.2555848815746347
5808,0.5814,15,82,15,503914,172530,67007,59249,1.3665093144088203,0.2556271275654826
5809,0.5815,16,58,16,503972,172472,67023,59233,1.3660499303003422,0.25563971429187976
5810,0.5816,26,142,26,504114,172330,67049,59207,1.3649252312761373,0.2557129098157098
5811,0.5817,15,86,15,504200,172244,67064,59192,1.3642440755290837,0.2557596916642182
5812,0.5818,17,74,17,504274,172170,67081,59175,1.3636579647699911,0.25578681190429875
5813,0.5819,12,68,12,504342,172102,67093,59163,1.363119376504879,0.25582340604933734
5814,0.582,11,82,11,504424,172020,67104,59152,1.362469902420479,0.2558787396397488
5815,0.5821,16,103,16,504527,171917,67120,59136,1.3616540996071473,0.25594127754238205
5816,0.5822,23,56,23,504583,171861,67143,59113,1.361210556329996,0.25592923878878143
5817,0.5823,23,143,23,504726,171718,67166,59090,1.360077936890128,0.2560136563723961
5818,0.5824,15,76,15,504802,171642,67181,59075,1.3594759852997085,0.25604961923048586
5819,0.5825,19,108,19,504910,171534,67200,59056,1.3586205804080598,0.2561082440695607
5820,0.5826,32,102,32,505012,171432,67232,59024,1.3578126980103915,0.25611830457874823
5821,0.5827,47,162,47,505174,171270,67279,58977,1.3565295906729185,0.2561466598913341
5822,0.5828,22,103,22,505277,171167,67301,58955,1.3557137878595868,0.25619019476625443
5823,0.5829,24,117,24,505394,171050,67325,58931,1.3547870992269675,0.25624290702275404
5824,0.583,21,63,21,505457,170987,67346,58910,1.3542881130401723,0.25624518806248014
5825,0.5831,15,51,15,505508,170936,67361,58895,1.3538841718413381,0.2562535080124091
5826,0.5832,14,79,14,505587,170857,67375,58881,1.3532584590039285,0.25629630274486587
5827,0.5833,29,110,29,505697,170747,67404,58852,1.352387213280953,0.2563251582106194
5828,0.5834,27,95,27,505792,170652,67431,58825,1.3516347737929286,0.256343773014289
5829,0.5835,20,123,20,505915,170529,67451,58805,1.3506605626663288,0.2564164057662623
5830,0.5836,29,101,29,506016,170428,67480,58776,1.349860600684324,0.2564353152650041
5831,0.5837,17,85,17,506101,170343,67497,58759,1.3491873653529338,0.2564752817522326
5832,0.5838,20,110,20,506211,170233,67517,58739,1.3483161196299582,0.25653354995370614
5833,0.5839,53,225,53,506436,170008,67570,58686,1.34653402610569,0.25661364093504857
5834,0.584,41,199,41,506635,169809,67611,58645,1.3449578633886707,0.2567037565549301
5835,0.5841,18,57,18,506692,169752,67629,58627,1.344506399695856,0.2567092420931872
5836,0.5842,41,203,41,506895,169549,67670,58586,1.342898555316183,0.2568040853003704
5837,0.5843,55,211,55,507106,169338,67725,58531,1.3412273476112027,0.2568624955566576
5838,0.5844,30,91,30,507197,169247,67755,58501,1.340506589785832,0.25686723922932364
5839,0.5845,12,77,12,507274,169170,67767,58489,1.3398967177797492,0.25691494735547465
5840,0.5846,25,131,25,507405,169039,67792,58464,1.3388591433278418,0.2569812266211874
5841,0.5847,10,64,10,507469,168975,67802,58454,1.3383522367253833,0.2570208724481047
5842,0.5848,30,124,30,507593,168851,67832,58424,1.33737010518312,0.2570630293697063
5843,0.5849,46,184,46,507777,168667,67878,58378,1.3359127487010518,0.2571208350767469
5844,0.585,26,84,26,507861,168583,67904,58352,1.335247433785325,0.25713089651221716
5845,0.5851,26,118,26,507979,168465,67930,58326,1.3343128247370422,0.25717951770572905
5846,0.5852,33,172,33,508151,168293,67963,58293,1.332950513242935,0.2572665566275057
5847,0.5853,10,69,10,508220,168224,67973,58283,1.3324040045621595,0.2573121360487755
5848,0.5854,24,125,24,508345,168099,67997,58259,1.3314139526042326,0.25737548485143
5849,0.5855,22,95,22,508440,168004,68019,58237,1.3306615131162083,0.2574113445396723
5850,0.5856,27,133,27,508573,167871,68046,58210,1.3296080978329743,0.2574740911443244
5851,0.5857,31,154,31,508727,167717,68077,58179,1.3283883538208086,0.25754772107518503
5852,0.5858,27,98,27,508825,167619,68104,58152,1.3276121530857938,0.25757072431800365
5853,0.5859,33,116,33,508941,167503,68137,58119,1.3266933848688378,0.25759456081410503
5854,0.586,26,119,26,509060,167384,68163,58093,1.3257508554048916,0.2576449039148117
5855,0.5861,32,167,32,509227,167217,68195,58061,1.3244281459891014,0.25773044860128375
5856,0.5862,20,97,20,509324,167120,68215,58041,1.3236598656697502,0.25777554727506097
5857,0.5863,36,117,36,509441,167003,68251,58005,1.322733177037131,0.2577908341036763
5858,0.5864,14,48,14,509489,166955,68265,57991,1.322352997085287,0.2577996496937043
5859,0.5865,14,77,14,509566,166878,68279,57977,1.3217431250792042,0.25784172021969715
5860,0.5866,47,167,47,509733,166711,68326,57930,1.320420415663414,0.2578781255425323
5861,0.5867,26,117,26,509850,166594,68352,57904,1.3194937270307945,0.2579265739561154
5862,0.5868,29,147,29,509997,166447,68381,57875,1.3183294259282727,0.25799966120130885
5863,0.5869,30,87,30,510084,166360,68411,57845,1.3176403497655558,0.2580004906224214
5864,0.587,15,98,15,510182,166262,68426,57830,1.316864149030541,0.2580636524284669
5865,0.5871,15,77,15,510259,166185,68441,57815,1.3162542770244583,0.25810267857142855
5866,0.5872,14,80,14,510339,166105,68455,57801,1.315620643771385,0.25814850874920725
5867,0.5873,26,119,26,510458,165986,68481,57775,1.3146781143074389,0.258199596891326
5868,0.5874,25,77,25,510535,165909,68506,57750,1.3140682423013559,0.2582055718750419
5869,0.5875,35,99,35,510634,165810,68541,57715,1.313284121150678,0.2582037803377698
5870,0.5876,22,98,22,510732,165712,68563,57693,1.3125079204156633,0.25824399632953604
5871,0.5877,19,61,19,510793,165651,68582,57674,1.3120247750601952,0.25825142729206313
5872,0.5878,22,95,22,510888,165556,68604,57652,1.311272335572171,0.25828823339665247
5873,0.5879,19,74,19,510962,165482,68623,57633,1.3106862248130782,0.25831073661564663
5874,0.588,21,56,21,511018,165426,68644,57612,1.310242681535927,0.25830575955666746
5875,0.5881,30,141,30,511159,165285,68674,57582,1.3091259029273856,0.2583693413560554
5876,0.5882,28,114,28,511273,165171,68702,57554,1.3082229755417565,0.25840835110562355
5877,0.5883,19,77,19,511350,165094,68721,57535,1.3076131035356735,0.25843443576533154
5878,0.5884,13,105,13,511455,164989,68734,57522,1.306781459891015,0.2585130622755729
5879,0.5885,30,133,30,511588,164856,68764,57492,1.305728044607781,0.25856765070969834
5880,0.5886,37,181,37,511769,164675,68801,57455,1.3042944493727031,0.2586548417593301
5881,0.5887,7,67,7,511836,164608,68808,57448,1.3037637815232543,0.2587095147170083
5882,0.5888,37,111,37,511947,164497,68845,57411,1.3028846153846154,0.25871532346738285
5883,0.5889,25,108,25,512055,164389,68870,57386,1.3020292104929667,0.2587577499718183
5884,0.589,11,94,11,512149,164295,68881,57375,1.3012846914206058,0.25883069427527405
5885,0.5891,43,159,43,512308,164136,68924,57332,1.300025345330123,0.25887261365073055
5886,0.5892,15,73,15,512381,164063,68939,57317,1.2994471549866937,0.25890776041196134
5887,0.5893,8,46,8,512427,164017,68947,57309,1.2990828158661767,0.2589347839838067
5888,0.5894,30,116,30,512543,163901,68977,57279,1.2981640476492207,0.2589700696265485
5889,0.5895,35,172,35,512715,163729,69012,57244,1.2968017361551134,0.259054273599037
5890,0.5896,41,167,41,512882,163562,69053,57203,1.2954790267393232,0.2591126310782959
5891,0.5897,42,141,42,513023,163421,69095,57161,1.294362248130782,0.2591371916112829
5892,0.5898,31,155,31,513178,163266,69126,57130,1.2931345837029526,0.2592152307664386
5893,0.5899,39,145,39,513323,163121,69165,57091,1.2919861234317578,0.25925471818066226
5894,0.59,19,57,19,513380,163064,69184,57072,1.291534659738943,0.2592579132899662
5895,0.5901,47,209,47,513589,162855,69231,57025,1.2898792928652896,0.2593460069128616
5896,0.5902,28,68,28,513657,162787,69259,56997,1.2893407046001775,0.25933188949150077
5897,0.5903,22,91,22,513748,162696,69281,56975,1.2886199467748067,0.25936514150707196
5898,0.5904,19,76,19,513824,162620,69300,56956,1.2880179951843873,0.25939082595547786
5899,0.5905,22,59,22,513883,162561,69322,56934,1.2875506906602459,0.2593863185949566
5900,0.5906,26,96,26,513979,162465,69348,56908,1.286790330756558,0.2594120516198438
5901,0.5907,7,46,7,514025,162419,69355,56901,1.286425991636041,0.2594428232719314
5902,0.5908,18,100,18,514125,162319,69373,56883,1.2856339500696996,0.25950036952217587
5903,0.5909,24,125,24,514250,162194,69397,56859,1.284643898111773,0.259567319324547
5904,0.591,19,83,19,514333,162111,69416,56840,1.2839865036117095,0.25960146334111284
5905,0.5911,20,65,20,514398,162046,69436,56820,1.2834716765935876,0.25961090347518573
5906,0.5912,23,130,23,514528,161916,69459,56797,1.2824420225573439,0.2596873528322505
5907,0.5913,17,98,17,514626,161818,69476,56780,1.2816658218223291,0.2597462007886623
5908,0.5914,30,96,30,514722,161722,69506,56750,1.2809054619186415,0.2597586876121425
5909,0.5915,16,75,16,514797,161647,69522,56734,1.2803114307438854,0.2597936633681502
5910,0.5916,29,177,29,514974,161470,69551,56705,1.278909517171461,0.259906038730377
5911,0.5917,14,63,14,515037,161407,69565,56691,1.278410530984666,0.2599336078276738
5912,0.5918,25,124,25,515161,161283,69590,56666,1.2774283994424027,0.25999660471027625
5913,0.5919,28,114,28,515275,161169,69618,56638,1.2765254720567736,0.2600375561850629
5914,0.592,8,48,8,515323,161121,69626,56630,1.2761452921049297,0.26006769199682206
5915,0.5921,31,127,31,515450,160994,69657,56599,1.275139399315676,0.260114066169408
5916,0.5922,29,77,29,515527,160917,69686,56570,1.2745295273095931,0.26010750067820143
5917,0.5923,10,48,10,515575,160869,69696,56560,1.2741493473577494,0.26013089330310124
5918,0.5924,12,36,12,515611,160833,69708,56548,1.2738642123938664,0.2601331303103767
5919,0.5925,16,82,16,515693,160751,69724,56532,1.2732147383094665,0.26017682009176973
5920,0.5926,25,100,25,515793,160651,69749,56507,1.2724226967431251,0.26021145893773195
5921,0.5927,34,131,34,515924,160520,69783,56473,1.2713851222912178,0.2602526348776228
5922,0.5928,29,102,29,516026,160418,69812,56444,1.2705772398935495,0.26027612029770086
5923,0.5929,16,102,16,516128,160316,69828,56428,1.2697693574958815,0.2603440002952792
5924,0.593,18,105,18,516233,160211,69846,56410,1.268937713851223,0.26040873230203904
5925,0.5931,15,86,15,516319,160125,69861,56395,1.2682565581041694,0.2604609273970072
5926,0.5932,22,88,22,516407,160037,69883,56373,1.2675595615257889,0.26049165935030727
5927,0.5933,11,98,11,516505,159939,69894,56362,1.2667833607907744,0.26057207317580594
5928,0.5934,31,147,31,516652,159792,69925,56331,1.2656190596882524,0.26064324481892254
5929,0.5935,32,84,32,516736,159708,69957,56299,1.2649537447725256,0.26063507201155517
5930,0.5936,30,120,30,516856,159588,69987,56269,1.264003294892916,0.2606772075957694
5931,0.5937,21,91,21,516947,159497,70008,56248,1.2632825370675453,0.26071519618067623
5932,0.5938,22,137,22,517084,159360,70030,56226,1.2621974401216576,0.2608054326347722
5933,0.5939,19,146,19,517230,159214,70049,56207,1.2610410594347992,0.2609169950933289
5934,0.594,29,129,29,517359,159085,70078,56178,1.2600193258142187,0.26097378555534395
5935,0.5941,25,73,25,517432,159012,70103,56153,1.2594411354707895,0.26097645992610324
5936,0.5942,23,97,23,517529,158915,70126,56130,1.2586728551514383,0.26101513636680695
5937,0.5943,22,84,22,517613,158831,70148,56108,1.2580075402357116,0.261041504799036
5938,0.5944,19,124,19,517737,158707,70167,56089,1.2570254086934483,0.26112683662638037
5939,0.5945,33,90,33,517827,158617,70200,56056,1.256312571283741,0.26112273085110843
5940,0.5946,31,164,31,517991,158453,70231,56025,1.2550136231149411,0.2612156025326607
5941,0.5947,23,116,23,518107,158337,70254,56002,1.2540948548979851,0.2612776956130242
5942,0.5948,33,118,33,518225,158219,70287,55969,1.2531602458497022,0.26130782303397015
5943,0.5949,22,143,22,518368,158076,70309,55947,1.252027626409834,0.2614064843498129
5944,0.595,19,104,19,518472,157972,70328,55928,1.2512039031808389,0.2614679756895746
5945,0.5951,23,110,23,518582,157862,70351,55905,1.2503326574578635,0.2615230601542801
5946,0.5952,52,191,52,518773,157671,70403,55853,1.2488198580661514,0.2615771529195781
5947,0.5953,14,66,14,518839,157605,70417,55839,1.248297110632366,0.2616096025186934
5948,0.5954,24,87,24,518926,157518,70441,55815,1.247608034469649,0.2616332213019083
5949,0.5955,16,77,16,519003,157441,70457,55799,1.246998162463566,0.2616722941286813
5950,0.5956,38,160,38,519163,157281,70495,55761,1.2457308959574198,0.261737122257583
5951,0.5957,9,66,9,519229,157215,70504,55752,1.2452081485236346,0.261787037428334
5952,0.5958,21,67,21,519296,157148,70525,55731,1.2446774806741858,0.2617966074624552
5953,0.5959,18,82,18,519378,157066,70543,55713,1.2440280065897857,0.26183504951146497
5954,0.596,17,54,17,519432,157012,70560,55696,1.2436003041439614,0.26184252590405627
5955,0.5961,22,89,22,519521,156923,70582,55674,1.2428953871499175,0.26187575553747233
5956,0.5962,26,114,26,519635,156809,70608,55648,1.2419924597642884,0.2619259426613385
5957,0.5963,14,72,14,519707,156737,70622,55634,1.2414221898365225,0.26196608764850193
5958,0.5964,38,157,38,519864,156580,70660,55596,1.2401786845773666,0.26202775054671595
5959,0.5965,24,125,24,519989,156455,70684,55572,1.23918863261944,0.26209869497752647
5960,0.5966,16,65,16,520054,156390,70700,55556,1.238673805601318,0.26212337104734224
5961,0.5967,23,86,23,520140,156304,70723,55533,1.2379926498542644,0.2621496716815287
5962,0.5968,44,187,44,520327,156117,70767,55489,1.236511532125206,0.2622279141423211
5963,0.5969,22,111,22,520438,156006,70789,55467,1.235632365986567,0.2622888028258927
5964,0.597,25,97,25,520535,155909,70814,55442,1.2348640856672157,0.2623219194609914
5965,0.5971,25,88,25,520623,155821,70839,55417,1.2341670890888354,0.26234389645802364
5966,0.5972,23,129,23,520752,155692,70862,55394,1.233145355468255,0.26242384620486436
5967,0.5973,18,83,18,520835,155609,70880,55376,1.2324879609681916,0.2624641562196365
5968,0.5974,19,83,19,520918,155526,70899,55357,1.2318305664681282,0.2625010076677589
5969,0.5975,12,75,12,520993,155451,70911,55345,1.2312365352933723,0.26255242034953225
5970,0.5976,30,141,30,521134,155310,70941,55315,1.2301197566848308,0.26262314540059345
5971,0.5977,25,130,25,521264,155180,70966,55290,1.229090102648587,0.26269777165391744
5972,0.5978,29,118,29,521382,155062,70995,55261,1.228155493600304,0.2627434945298422
5973,0.5979,27,140,27,521522,154922,71022,55234,1.227046635407426,0.2628238070766478
5974,0.598,42,172,42,521694,154750,71064,55192,1.225684323913319,0.26289165579064694
5975,0.5981,24,70,24,521764,154680,71088,55168,1.22512989481688,0.26289504784415385
5976,0.5982,28,76,28,521840,154604,71116,55140,1.2245279432264606,0.26289190632389964
5977,0.5983,26,117,26,521957,154487,71142,55114,1.223601254593841,0.26294721876326926
5978,0.5984,30,119,30,522076,154368,71172,55084,1.2226587251298948,0.2629910432939289
5979,0.5985,19,112,19,522188,154256,71191,55065,1.2217716385755923,0.263064862101748
5980,0.5986,23,114,23,522302,154142,71214,55042,1.2208687111899632,0.2631271990209576
5981,0.5987,34,108,34,522410,154034,71248,55008,1.2200133062983145,0.2631432917786856
5982,0.5988,26,93,26,522503,153941,71274,54982,1.219276707641617,0.26316872723443563
5983,0.5989,27,129,27,522632,153812,71301,54955,1.2182549740210367,0.2632360478428104
5984,0.599,31,161,31,522793,153651,71332,54924,1.216979787099227,0.2633297375044948
5985,0.5991,26,83,26,522876,153568,71358,54898,1.2163223925991635,0.26334270336649623
5986,0.5992,20,64,20,522940,153504,71378,54878,1.2158154859967052,0.2633528807670528
5987,0.5993,29,121,29,523061,153383,71407,54849,1.214857115701432,0.26340331937454375
5988,0.5994,17,66,17,523127,153317,71424,54832,1.2143343682676466,0.2634266799263989
5989,0.5995,28,124,28,523251,153193,71452,54804,1.2133522367253833,0.263484569488983
5990,0.5996,25,104,25,523355,153089,71477,54779,1.2125285134963883,0.26352781572921274
5991,0.5997,10,29,10,523384,153060,71487,54769,1.2122988214421493,0.2635291513696356
5992,0.5998,18,84,18,523468,152976,71505,54751,1.2116335065264225,0.26357189965676103
5993,0.5999,30,127,30,523595,152849,71535,54721,1.210627613737169,0.2636267283326107
5994,0.6,36,139,36,523734,152710,71571,54685,1.2095266759599543,0.2636755948793365
5995,0.6001,48,175,48,523909,152535,71619,54637,1.2081406032188569,0.26372772382368276
5996,0.6002,31,87,31,523996,152448,71650,54606,1.20745152705614,0.2637283027615984
5997,0.6003,25,90,25,524086,152358,71675,54581,1.2067386896464327,0.2637540531267668
5998,0.6004,28,90,28,524176,152268,71703,54553,1.2060258522367253,0.26376915303571685
5999,0.6005,39,151,39,524327,152117,71742,54514,1.2048298694715498,0.2638229500897736
6000,0.6006,13,40,13,524367,152077,71755,54501,1.2045130528450132,0.2638277067257888
6001,0.6007,22,92,22,524459,151985,71777,54479,1.2037843746039791,0.2638668242405456
6002,0.6008,13,57,13,524516,151928,71790,54466,1.2033329109111646,0.26389333023246797
6003,0.6009,27,142,27,524658,151786,71817,54439,1.20220821188696,0.2639786640804946
6004,0.601,21,116,21,524774,151670,71838,54418,1.201289443670004,0.264052249524475
6005,0.6011,40,138,40,524912,151532,71878,54378,1.2001964263084526,0.2640862512748288
6006,0.6012,27,86,27,524998,151446,71905,54351,1.1995152705613992,0.2641000597676351
6007,0.6013,23,77,23,525075,151369,71928,54328,1.1989053985553162,0.2641166375785743
6008,0.6014,50,140,50,525215,151229,71978,54278,1.1977965403624382,0.26411752397728544
6009,0.6015,22,83,22,525298,151146,72000,54256,1.1971391458623748,0.2641454318847918
6010,0.6016,14,55,14,525353,151091,72014,54242,1.1967035230008871,0.264166013256515
6011,0.6017,23,63,23,525416,151028,72037,54219,1.1962045368140921,0.26416464065248213
6012,0.6018,36,129,36,525545,150899,72073,54183,1.1951828031935117,0.2642016364186033
6013,0.6019,25,118,25,525663,150781,72098,54158,1.1942481941452288,0.26426400050746807
6014,0.602,35,171,35,525834,150610,72133,54123,1.192893803066785,0.26435894555347694
6015,0.6021,7,44,7,525878,150566,72140,54116,1.1925453047775947,0.26439061568677263
6016,0.6022,28,126,28,526004,150440,72168,54088,1.1915473324040045,0.26445278886020496
6017,0.6023,11,46,11,526050,150394,72179,54077,1.1911829932834874,0.2644727125117987
6018,0.6024,23,94,23,526144,150300,72202,54054,1.1904384742111267,0.2645115828415397
6019,0.6025,22,89,22,526233,150211,72224,54032,1.1897335572170828,0.2645476221951303
6020,0.6026,28,105,28,526338,150106,72252,54004,1.1889019135724244,0.2645828229876047
6021,0.6027,35,142,35,526480,149964,72287,53969,1.1877772145482195,0.2646408379222588
6022,0.6028,28,110,28,526590,149854,72315,53941,1.186905968825244,0.26468264677739883
6023,0.6029,37,152,37,526742,149702,72352,53904,1.185702065644405,0.2647466184690039
6024,0.603,34,116,34,526858,149586,72386,53870,1.184783297427449,0.2647746932997798
6025,0.6031,21,72,21,526930,149514,72407,53849,1.1842130274996832,0.26479251387912256
6026,0.6032,25,86,25,527016,149428,72432,53824,1.1835318717526295,0.2648141223702596
6027,0.6033,17,94,17,527110,149334,72449,53807,1.1827873526802686,0.26487513598928825
6028,0.6034,27,103,27,527213,149231,72476,53780,1.181971549866937,0.2649117535503002
6029,0.6035,29,123,29,527336,149108,72505,53751,1.1809973387403372,0.2649672925529555
6030,0.6036,17,77,17,527413,149031,72522,53734,1.1803874667342542,0.2650062880674673
6031,0.6037,16,97,16,527510,148934,72538,53718,1.179619186414903,0.26507510411937707
6032,0.6038,30,107,30,527617,148827,72568,53688,1.1787717019389177,0.26510628842307976
6033,0.6039,46,148,46,527765,148679,72614,53642,1.1775994804207324,0.2651331300260477
6034,0.604,18,74,18,527839,148605,72632,53624,1.1770133696616398,0.26516473898402304
6035,0.6041,43,146,43,527985,148459,72675,53581,1.1758569889747814,0.26519996040388044
6036,0.6042,13,55,13,528040,148404,72688,53568,1.1754213661132937,0.26522488265700195
6037,0.6043,32,107,32,528147,148297,72720,53536,1.1745738816373084,0.2652489929793443
6038,0.6044,16,55,16,528202,148242,72736,53520,1.1741382587758205,0.26526303268207096
6039,0.6045,24,94,24,528296,148148,72760,53496,1.1733937397034597,0.2652992402451846
6040,0.6046,11,73,11,528369,148075,72771,53485,1.1728155493600305,0.26535522921214527
6041,0.6047,18,120,18,528489,147955,72789,53467,1.1718650994804207,0.26544766708701134
6042,0.6048,42,176,42,528665,147779,72831,53425,1.17047110632366,0.26552653028766826
6043,0.6049,20,71,20,528736,147708,72851,53405,1.1699087568115574,0.2655472296669037
6044,0.605,30,100,30,528836,147608,72881,53375,1.169116715245216,0.2655697248025952
6045,0.6051,27,95,27,528931,147513,72908,53348,1.1683642757571917,0.26559660660855017
6046,0.6052,27,110,27,529041,147403,72935,53321,1.1674930300342161,0.26564337099699087
6047,0.6053,28,99,28,529140,147304,72963,53293,1.1667089088835383,0.2656719691720215
6048,0.6054,32,128,32,529268,147176,72995,53261,1.1656950956786212,0.26572439220303634
6049,0.6055,28,96,28,529364,147080,73023,53233,1.1649347357749336,0.2657491026543459
6050,0.6056,20,112,20,529476,146968,73043,53213,1.164047649220631,0.26582442889185287
6051,0.6057,33,125,33,529601,146843,73076,53180,1.1630575972627044,0.26586942501612315
6052,0.6058,28,108,28,529709,146735,73104,53152,1.1622021923710557,0.26591023928519614
6053,0.6059,7,24,7,529733,146711,73111,53145,1.1620121023951338,0.2659164598510928
6054,0.606,21,86,21,529819,146625,73132,53124,1.1613309466480801,0.26595377198383974
6055,0.6061,25,77,25,529896,146548,73157,53099,1.1607210746419971,0.2659644272140328
6056,0.6062,37,165,37,530061,146383,73194,53062,1.1594142060575339,0.2660482839880669
6057,0.6063,17,78,17,530139,146305,73211,53045,1.1587964136357876,0.2660897918234261
6058,0.6064,17,58,17,530197,146247,73228,53028,1.1583370295273097,0.26610462928114414
6059,0.6065,28,96,28,530293,146151,73256,53000,1.1575766696236218,0.26612972066421964
6060,0.6066,18,100,18,530393,146051,73274,52982,1.1567846280572804,0.26619706279863137
6061,0.6067,21,59,21,530452,145992,73295,52961,1.156317323533139,0.2661985494061411
6062,0.6068,17,153,17,530605,145839,73312,52944,1.1551054999366366,0.2663406830563982
6063,0.6069,13,41,13,530646,145798,73325,52931,1.1547807628944367,0.26634763924741733
6064,0.607,30,118,30,530764,145680,73355,52901,1.1538461538461537,0.2663950730432418
6065,0.6071,34,157,34,530921,145523,73389,52867,1.1526026485869978,0.26648016533091384
6066,0.6072,27,80,27,531001,145443,73416,52840,1.1519690153339248,0.2664877977436291
6067,0.6073,14,91,14,531092,145352,73430,52826,1.151248257508554,0.26655834653695165
6068,0.6074,5,46,5,531138,145306,73435,52821,1.150883918388037,0.26660172515608677
6069,0.6075,18,77,18,531215,145229,73453,52803,1.150274046381954,0.2666387250545366
6070,0.6076,25,128,25,531343,145101,73478,52778,1.1492602331770372,0.2667185502251376
6071,0.6077,15,87,15,531430,145014,73493,52763,1.1485711570143202,0.2667802626190103
6072,0.6078,34,125,34,531555,144889,73527,52729,1.1475811050563933,0.26682286026576524
6073,0.6079,12,60,12,531615,144829,73539,52717,1.1471058801165885,0.2668593644012028
6074,0.608,6,97,6,531712,144732,73545,52711,1.1463375997972374,0.26696818828725255
6075,0.6081,24,90,24,531802,144642,73569,52687,1.1456247623875302,0.2670007956255796
6076,0.6082,27,133,27,531935,144509,73596,52660,1.144571347104296,0.26708052482895384
6077,0.6083,28,112,28,532047,144397,73624,52632,1.1436842605499937,0.2671281892513285
6078,0.6084,16,80,16,532127,144317,73640,52616,1.1430506272969205,0.2671771617758324
6079,0.6085,18,85,18,532212,144232,73658,52598,1.1423773919655305,0.26722552456434484
6080,0.6086,26,113,26,532325,144119,73684,52572,1.1414823849955646,0.2672821837298097
6081,0.6087,41,141,41,532466,143978,73725,52531,1.1403656063870231,0.26732108961930495
6082,0.6088,30,154,30,532620,143824,73755,52501,1.1391458623748574,0.2674188208328028
6083,0.6089,18,74,18,532694,143750,73773,52483,1.1385597516157648,0.2674524672200904
6084,0.609,28,110,28,532804,143640,73801,52455,1.1376885058927892,0.26749789642775185
6085,0.6091,56,197,56,533001,143443,73857,52399,1.1361281840070967,0.26755752085865137
6086,0.6092,15,59,15,533060,143384,73872,52384,1.1356608794829552,0.267582035879204
6087,0.6093,33,117,33,533177,143267,73905,52351,1.1347341908503359,0.2676185218129211
6088,0.6094,8,45,8,533222,143222,73913,52343,1.1343777721454822,0.2676501418965561
6089,0.6095,29,109,29,533331,143113,73942,52314,1.1335144468381702,0.2676907489753207
6090,0.6096,25,135,25,533466,142978,73967,52289,1.1324451907236093,0.26778206250928216
6091,0.6097,32,97,32,533563,142881,73999,52257,1.131676910404258,0.2677950988531193
6092,0.6098,9,52,9,533615,142829,74008,52248,1.1312650487897604,0.2678327019587137
6093,0.6099,39,189,39,533804,142640,74047,52209,1.1297680902293752,0.26794594788785164
6094,0.61,13,59,13,533863,142581,74060,52196,1.1293007857052337,0.26797825205234704
6095,0.6101,32,107,32,533970,142474,74092,52164,1.1284533012292486,0.268005219946773
6096,0.6102,33,70,33,534040,142404,74125,52131,1.1278988721328096,0.2679774847713779
6097,0.6103,16,61,16,534101,142343,74141,52115,1.1274157267773413,0.26800131647965114
6098,0.6104,16,60,16,534161,142283,74157,52099,1.1269405018375365,0.26802378821084255
6099,0.6105,12,55,12,534216,142228,74169,52087,1.1265048789760486,0.2680544476751666
6100,0.6106,25,85,25,534301,142143,74194,52062,1.1258316436446585,0.26807754692206687
6101,0.6107,28,152,28,534453,141991,74222,52034,1.1246277404638196,0.2681819353176137
6102,0.6108,34,101,34,534554,141890,74256,52000,1.1238277784818147,0.2681933054824901
6103,0.6109,11,30,11,534584,141860,74267,51989,1.1235901660119123,0.2681932844636805
6104,0.611,11,68,11,534652,141792,74278,51978,1.1230515777468002,0.26824585849202665
6105,0.6111,18,98,18,534750,141694,74296,51960,1.1222753770117855,0.2683135902176046
6106,0.6112,34,126,34,534876,141568,74330,51926,1.1212774046381955,0.2683597424209536
6107,0.6113,27,98,27,534974,141470,74357,51899,1.1205012039031808,0.26839358945849645
6108,0.6114,20,65,20,535039,141405,74377,51879,1.1199863768850589,0.2684081455267896
6109,0.6115,22,80,22,535119,141325,74399,51857,1.119352743631986,0.2684359826484869
6110,0.6116,37,154,37,535273,141171,74436,51820,1.1181329996198202,0.26850993051489447
6111,0.6117,26,88,26,535361,141083,74462,51794,1.1174360030414396,0.2685338324424374
6112,0.6118,26,96,26,535457,140987,74488,51768,1.1166756431377518,0.2685689087183212
6113,0.6119,14,56,14,535513,140931,74502,51754,1.1162320998606008,0.2685938189272647
6114,0.612,28,124,28,535637,140807,74530,51726,1.1152499683183374,0.26866043743150525
6115,0.6121,20,111,20,535748,140696,74550,51706,1.1143708021796983,0.2687394101932412
6116,0.6122,37,126,37,535874,140570,74587,51669,1.1133728298061083,0.26877480636083206
6117,0.6123,23,102,23,535976,140468,74610,51646,1.11256494740844,0.2688299655412932
6118,0.6124,42,160,42,536136,140308,74652,51604,1.1112976809022939,0.26889407645170704
6119,0.6125,20,85,20,536221,140223,74672,51584,1.1106244455709036,0.26893700438461576
6120,0.6126,20,65,20,536286,140158,74692,51564,1.1101096185527817,0.2689519199674529
6121,0.6127,19,71,19,536357,140087,74711,51545,1.1095472690406794,0.2689790849127494
6122,0.6128,33,142,33,536499,139945,74744,51512,1.1084225700164745,0.2690525809972997
6123,0.6129,48,201,48,536700,139744,74792,51464,1.1068305664681282,0.269151918329777
6124,0.613,22,94,22,536794,139650,74814,51442,1.1060860473957674,0.26920017583153666
6125,0.6131,23,75,23,536869,139575,74837,51419,1.1054920162210113,0.269217881189985
6126,0.6132,21,104,21,536973,139471,74858,51398,1.1046682929920162,0.2692841687230509
6127,0.6133,15,114,15,537087,139357,74873,51383,1.103765365606387,0.2693876481073713
6128,0.6134,36,108,36,537195,139249,74909,51347,1.1029099607147383,0.26940229595584375
6129,0.6135,49,178,49,537373,139071,74958,51298,1.1015001267266507,0.2694661420714507
6130,0.6136,32,206,32,537579,138865,74990,51266,1.0998685210999872,0.2696351462938711
6131,0.6137,34,121,34,537700,138744,75024,51232,1.0989101508047143,0.2696761696214259
6132,0.6138,18,104,18,537804,138640,75042,51214,1.0980864275757192,0.2697546535759057
6133,0.6139,28,120,28,537924,138520,75070,51186,1.0971359776961096,0.2698175070899181
6134,0.614,22,69,22,537993,138451,75092,51164,1.096589469015334,0.2698309732879783
6135,0.6141,22,64,22,538057,138387,75114,51142,1.0960825624128754,0.2698373336006627
6136,0.6142,14,55,14,538112,138332,75128,51128,1.0956469395513877,0.2698617122347725
6137,0.6143,14,82,14,538194,138250,75142,51114,1.0949974654669876,0.26992458967913646
6138,0.6144,30,138,30,538332,138112,75172,51084,1.0939044481054365,0.2700057083659274
6139,0.6145,38,112,38,538444,138000,75210,51046,1.0930173615511343,0.2700189371898903
6140,0.6146,15,77,15,538521,137923,75225,51031,1.0924074895450513,0.2700710225769235
6141,0.6147,13,64,13,538585,137859,75238,51018,1.0919005829425927,0.2701122953032926
6142,0.6148,18,53,18,538638,137806,75256,51000,1.091480800912432,0.27011853436861116
6143,0.6149,18,86,18,538724,137720,75274,50982,1.0907996451653783,0.27017201725471907
6144,0.615,24,78,24,538802,137642,75298,50958,1.090181852743632,0.27019088016967124
6145,0.6151,31,115,31,538917,137527,75329,50927,1.0892710049423393,0.27023570738747915
6146,0.6152,30,120,30,539037,137407,75359,50897,1.0883205550627297,0.2702916560455434
6147,0.6153,31,109,31,539146,137298,75390,50866,1.0874572297554175,0.27032801173444443
6148,0.6154,24,92,24,539238,137206,75414,50842,1.0867285515143834,0.27036714030460307
6149,0.6155,34,115,34,539353,137091,75448,50808,1.085817703713091,0.27040058754969426
6150,0.6156,11,46,11,539399,137045,75459,50797,1.085453364592574,0.2704240798117567
6151,0.6157,20,62,20,539461,136983,75479,50777,1.0849622988214422,0.27043566254793355
6152,0.6158,16,76,16,539537,136907,75495,50761,1.0843603472310226,0.2704829805827312
6153,0.6159,51,179,51,539716,136728,75546,50710,1.0829425928272716,0.27054279281682475
6154,0.616,8,38,8,539754,136690,75554,50702,1.0826416170320619,0.2705665129781421
6155,0.6161,11,55,11,539809,136635,75565,50691,1.0822059941705742,0.27060311969507705
6156,0.6162,16,85,16,539894,136550,75581,50675,1.0815327588391839,0.27066364000534116
6157,0.6163,17,63,17,539957,136487,75598,50658,1.0810337726523889,0.27068850356675306
6158,0.6164,7,34,7,539991,136453,75605,50651,1.0807644785198327,0.2707104070463486
6159,0.6165,40,112,40,540103,136341,75645,50611,1.0798773919655305,0.27071654756301083
6160,0.6166,36,155,36,540258,136186,75681,50575,1.0786497275377012,0.27080064895775885
6161,0.6167,42,175,42,540433,136011,75723,50533,1.0772636547966037,0.2708905137661892
6162,0.6168,26,87,26,540520,135924,75749,50507,1.0765745786338867,0.2709152447822519
6163,0.6169,22,68,22,540588,135856,75771,50485,1.0760359903687746,0.2709280297948385
6164,0.617,23,76,23,540664,135780,75794,50462,1.0754340387783552,0.27094855081023617
6165,0.6171,37,128,37,540792,135652,75831,50425,1.074420225573438,0.2709899665192367
6166,0.6172,44,113,44,540905,135539,75875,50381,1.0735252186034723,0.27098214285714284
6167,0.6173,35,174,35,541079,135365,75910,50346,1.0721470662780384,0.2710986425144445
6168,0.6174,9,64,9,541143,135301,75919,50337,1.0716401596755798,0.27115676747217704
6169,0.6175,46,145,46,541288,135156,75965,50291,1.0704916994043847,0.2711879944134982
6170,0.6176,19,68,19,541356,135088,75984,50272,1.0699531111392726,0.2712127751402676
6171,0.6177,20,40,20,541396,135048,76004,50252,1.069636294512736,0.2711926605504587
6172,0.6178,17,62,17,541458,134986,76021,50235,1.0691452287416043,0.2712165467198644
6173,0.6179,13,79,13,541537,134907,76034,50222,1.0685195159041947,0.27128110668776906
6174,0.618,29,85,29,541622,134822,76063,50193,1.0678462805728044,0.2712915169040348
6175,0.6181,21,109,21,541731,134713,76084,50172,1.0669829552654924,0.2713686886442924
6176,0.6182,25,92,25,541823,134621,76109,50147,1.0662542770244583,0.27140522168340836
6177,0.6183,30,120,30,541943,134501,76139,50117,1.0653038271448485,0.27146323760413393
6178,0.6184,25,97,25,542040,134404,76164,50092,1.0645355468254973,0.27150724134940596
6179,0.6185,21,78,21,542118,134326,76185,50071,1.063917754403751,0.27153912482307196
6180,0.6186,29,87,29,542205,134239,76214,50042,1.063228678241034,0.2715526831306537
6181,0.6187,25,113,25,542318,134126,76239,50017,1.0623336712710683,0.2716204254302363
6182,0.6188,24,89,24,542407,134037,76263,49993,1.0616287542770244,0.2716567950877574
6183,0.6189,33,112,33,542519,133925,76296,49960,1.0607416677227222,0.27169154634690157
6184,0.619,16,72,16,542591,133853,76312,49944,1.0601713977949563,0.2717345767341143
6185,0.6191,12,67,12,542658,133786,76324,49932,1.0596407299455075,0.27178610696828837
6186,0.6192,15,72,15,542730,133714,76339,49917,1.0590704600177416,0.2718331872069531
6187,0.6193,31,88,31,542818,133626,76370,49886,1.0583734634393613,0.2718405335890841
6188,0.6194,22,96,22,542914,133530,76392,49864,1.0576131035356735,0.27189548185873036
6189,0.6195,22,86,22,543000,133444,76414,49842,1.0569319477886199,0.2719356633894569
6190,0.6196,25,94,25,543094,133350,76439,49817,1.056187428716259,0.2719758471777121
6191,0.6197,14,94,14,543188,133256,76453,49803,1.0554429096438982,0.2720598277058216
6192,0.6198,26,112,26,543300,133144,76479,49777,1.0545558230895957,0.2721229383176344
6193,0.6199,30,124,30,543424,133020,76509,49747,1.0535736915473324,0.2721880864707524
6194,0.62,12,61,12,543485,132959,76521,49735,1.053090546191864,0.2722311624902843
6195,0.6201,34,125,34,543610,132834,76555,49701,1.0521004942339374,0.2722820281041992
6196,0.6202,26,84,26,543694,132750,76581,49675,1.0514351793182106,0.27230368644648484
6197,0.6203,31,123,31,543817,132627,76612,49644,1.0504609681916106,0.27236367825929525
6198,0.6204,48,127,48,543944,132500,76660,49596,1.049455075402357,0.27236183112204554
6199,0.6205,27,80,27,544024,132420,76687,49569,1.048821442149284,0.27237360499810426
6200,0.6206,9,48,9,544072,132372,76696,49560,1.0484412621974402,0.2724094716707341
6201,0.6207,22,95,22,544167,132277,76718,49538,1.0476888227094159,0.27246376811594203
6202,0.6208,24,102,24,544269,132175,76742,49514,1.0468809403117476,0.27252062590470527
6203,0.6209,10,47,10,544316,132128,76752,49504,1.046508680775567,0.2725510923185342
6204,0.621,18,75,18,544391,132053,76770,49486,1.0459146496008112,0.2725915643470549
6205,0.6211,17,60,17,544451,131993,76787,49469,1.0454394246610061,0.27261354994434095
6206,0.6212,19,81,19,544532,131912,76806,49450,1.0447978709922696,0.2726591016861305
6207,0.6213,17,60,17,544592,131852,76823,49433,1.0443226460524648,0.2726811374355297
6208,0.6214,28,130,28,544722,131722,76851,49405,1.043292992016221,0.27276441391951506
6209,0.6215,21,94,21,544816,131628,76872,49384,1.04254847294386,0.27282169137957707
6210,0.6216,29,131,29,544947,131497,76901,49355,1.0415108984919528,0.2729027049742331
6211,0.6217,22,100,22,545047,131397,76923,49333,1.0407188569256114,0.27296519670226305
6212,0.6218,29,104,29,545151,131293,76952,49304,1.0398951336966165,0.2730056423971605
6213,0.6219,29,125,29,545276,131168,76981,49275,1.0389050817386896,0.2730779248848667
6214,0.622,34,120,34,545396,131048,77015,49241,1.03795463185908,0.27312259760717517
6215,0.6221,34,125,34,545521,130923,77049,49207,1.0369645799011533,0.27317492921778713
6216,0.6222,10,53,10,545574,130870,77059,49197,1.0365447978709923,0.27321496998339506
6217,0.6223,49,135,49,545709,130735,77108,49148,1.0354755417564314,0.27322203876964474
6218,0.6224,24,97,24,545806,130638,77132,49124,1.0347072614370803,0.27327243800135737
6219,0.6225,27,133,27,545939,130505,77159,49097,1.0336538461538463,0.27336555272213003
6220,0.6226,12,48,12,545987,130457,77171,49085,1.0332736662020023,0.27339007028996
6221,0.6227,25,95,25,546082,130362,77196,49060,1.032521226713978,0.2734335811661892
6222,0.6228,21,101,21,546183,130261,77217,49039,1.0317212647319731,0.2735025097601785
6223,0.6229,11,60,11,546243,130201,77228,49028,1.0312460397921683,0.27354948138973045
6224,0.623,21,111,21,546354,130090,77249,49007,1.0303668736535294,0.27363384087952336
6225,0.6231,18,69,18,546423,130021,77267,48989,1.0298203649727538,0.2736662756270599
6226,0.6232,27,86,27,546509,129935,77294,48962,1.0291392092257001,0.2736882116525151
6227,0.6233,17,106,17,546615,129829,77311,48945,1.0282996451653783,0.27378142235448105
6228,0.6234,30,104,30,546719,129725,77341,48915,1.0274759219363832,0.2738188535602329
6229,0.6235,21,72,21,546791,129653,77362,48894,1.0269056520086175,0.27384386184029974
6230,0.6236,15,79,15,546870,129574,77377,48879,1.0262799391712076,0.27390405316806105
6231,0.6237,25,110,25,546980,129464,77402,48854,1.0254086934482323,0.27397121995536067
6232,0.6238,23,96,23,547076,129368,77425,48831,1.0246483335445444,0.27402510676266423
6233,0.6239,20,93,20,547169,129275,77445,48811,1.0239117348878468,0.274086677223364
6234,0.624,24,89,24,547258,129186,77469,48787,1.023206817893803,0.27412585055036437
6235,0.6241,33,104,33,547362,129082,77502,48754,1.022383094664808,0.2741514653950831
6236,0.6242,23,84,23,547446,128998,77525,48731,1.0217177797490813,0.27418710508695826
6237,0.6243,21,99,21,547545,128899,77546,48710,1.0209336585984032,0.2742541200051799
6238,0.6244,22,74,22,547619,128825,77568,48688,1.0203475478393107,0.27427850354621913
6239,0.6245,35,140,35,547759,128685,77603,48653,1.0192386896464327,0.2743518027721075
6240,0.6246,24,110,24,547869,128575,77627,48629,1.0183674439234571,0.274423827904562
6241,0.6247,7,61,7,547930,128514,77634,48622,1.0178842985679888,0.27448965766416766
6242,0.6248,11,29,11,547959,128485,77645,48611,1.01765460651375,0.27448954239508516
6243,0.6249,26,90,26,548049,128395,77671,48585,1.0169417691040425,0.27452254492032996
6244,0.625,28,116,28,548165,128279,77699,48557,1.0160230008870865,0.2745877536248275
6245,0.6251,23,99,23,548264,128180,77722,48534,1.0152388797364085,0.27464717000350847
6246,0.6252,25,102,25,548366,128078,77747,48509,1.0144309973387404,0.274703120841285
6247,0.6253,39,90,39,548456,127988,77786,48470,1.013718159929033,0.2746829273821533
6248,0.6254,39,114,39,548570,127874,77825,48431,1.0128152325434039,0.27470009358781655
6249,0.6255,14,95,14,548665,127779,77839,48417,1.0120627930553796,0.2747905741333515
6250,0.6256,21,55,21,548720,127724,77860,48396,1.0116271701938917,0.2747899159663866
6251,0.6257,28,80,28,548800,127644,77888,48368,1.0109935369408187,0.2747994454923528
6252,0.6258,35,165,35,548965,127479,77923,48333,1.0096866683563552,0.27491297522353425
6253,0.6259,34,118,34,549083,127361,77957,48299,1.0087520593080725,0.2749573038825003
6254,0.626,13,65,13,549148,127296,77970,48286,1.0082372322899507,0.275005410577394
6255,0.6261,23,99,23,549247,127197,77993,48263,1.0074531111392726,0.2750655420038755
6256,0.6262,28,109,28,549356,127088,78021,48235,1.0065897858319606,0.27512077708001803
6257,0.6263,26,81,26,549437,127007,78047,48209,1.0059482321632238,0.2751403981371564
6258,0.6264,14,79,14,549516,126928,78061,48195,1.0053225193258142,0.27520656909714886
6259,0.6265,23,101,23,549617,126827,78084,48172,1.0045225573438095,0.27527014440082515
6260,0.6266,22,80,22,549697,126747,78106,48150,1.0038889240907363,0.2753048937374569
6261,0.6267,34,108,34,549805,126639,78140,48116,1.0030335191990876,0.275334039083288
6262,0.6268,11,82,11,549887,126557,78151,48105,1.0023840451146877,0.27541766383071303
6263,0.6269,23,86,23,549973,126471,78174,48082,1.001702889367634,0.275457883851896
6264,0.627,18,79,18,550052,126392,78192,48064,1.0010771765302242,0.2755078644471958
6265,0.6271,24,99,24,550151,126293,78216,48040,1.0002930553795464,0.27556458042940807
6266,0.6272,26,81,26,550232,126212,78242,48014,0.9996515017108097,0.27558458553832377
6267,0.6273,29,111,29,550343,126101,78271,47985,0.9987723355721708,0.2756396263915536
6268,0.6274,18,65,18,550408,126036,78289,47967,0.9982575085540489,0.27566766090239825
6269,0.6275,23,57,23,550465,125979,78312,47944,0.9978060448612344,0.27566221833800014
6270,0.6276,5,40,5,550505,125939,78317,47939,0.9974892282346978,0.2757048045181104
6271,0.6277,30,93,30,550598,125846,78347,47909,0.9967526295780003,0.27572731719950505
6272,0.6278,10,49,10,550647,125797,78357,47899,0.996364529210493,0.2757634027266028
6273,0.6279,38,135,38,550782,125662,78395,47861,0.995295273095932,0.2758193438333823
6274,0.628,23,80,23,550862,125582,78418,47838,0.9946616398428589,0.27585053627032635
6275,0.6281,33,150,33,551012,125432,78451,47805,0.9934735774933469,0.2759514422438625
6276,0.6282,19,85,19,551097,125347,78470,47786,0.9928003421619567,0.2760074624710483
6277,0.6283,21,99,21,551196,125248,78491,47765,0.9920162210112786,0.2760775201863444
6278,0.6284,16,82,16,551278,125166,78507,47749,0.9913667469268788,0.27614145678512564
6279,0.6285,36,135,36,551413,125031,78543,47713,0.9902974908123179,0.27620640948455516
6280,0.6286,23,87,23,551500,124944,78566,47690,0.9896084146496008,0.2762491745542593
6281,0.6287,20,69,20,551569,124875,78586,47670,0.9890619059688253,0.276275754151091
6282,0.6288,41,191,41,551760,124684,78627,47629,0.9875491065771131,0.27640978916274456
6283,0.6289,19,56,19,551816,124628,78646,47610,0.987105563299962,0.27641983766648476
6284,0.629,24,86,24,551902,124542,78670,47586,0.9864244075529084,0.2764570552147239
6285,0.6291,37,149,37,552051,124393,78707,47549,0.9852442656190596,0.27654092659152507
6286,0.6292,28,87,28,552138,124306,78735,47521,0.9845551894563427,0.27656305470036724
6287,0.6293,24,75,24,552213,124231,78759,47497,0.9839611582815866,0.2765827354886798
6288,0.6294,15,50,15,552263,124181,78774,47482,0.9835651374984159,0.2766000827202134
6289,0.6295,18,67,18,552330,124114,78792,47464,0.9830344696489671,0.2766322022636935
6290,0.6296,5,20,5,552350,124094,78797,47459,0.9828760613356989,0.2766433696875018
6291,0.6297,18,102,18,552452,123992,78815,47441,0.9820681789380307,0.276732017756208
6292,0.6298,8,39,8,552491,123953,78823,47433,0.9817592827271575,0.27676122903854455
6293,0.6299,18,48,18,552539,123905,78841,47415,0.9813791027753136,0.27676278309596075
6294,0.63,11,38,11,552577,123867,78852,47404,0.9810781269801039,0.2767777382043662
6295,0.6301,25,110,25,552687,123757,78877,47379,0.9802068812571284,0.27684999065071053
6296,0.6302,9,56,9,552743,123701,78886,47370,0.9797633379799772,0.2769025726160483
6297,0.6303,22,106,22,552849,123595,78908,47348,0.9789237739196553,0.2769812159608758
6298,0.6304,20,67,20,552916,123528,78928,47328,0.9783931060702066,0.27700519735917967
6299,0.6305,20,92,20,553008,123436,78948,47308,0.9776644278291725,0.2770697652626154
6300,0.6306,18,109,18,553117,123327,78966,47290,0.9768011025218604,0.27717050469765614
6301,0.6307,39,101,39,553218,123226,79005,47251,0.9760011405398555,0.27716935422373695
6302,0.6308,20,84,20,553302,123142,79025,47231,0.9753358256241288,0.27722115593433233
6303,0.6309,23,61,23,553363,123081,79048,47208,0.9748526802686605,0.277222838821063
6304,0.631,27,117,27,553480,122964,79075,47181,0.9739259916360411,0.27729877457462754
6305,0.6311,24,64,24,553544,122900,79099,47157,0.9734190850335825,0.27730114020593094
6306,0.6312,46,135,46,553679,122765,79145,47111,0.9723498289190217,0.2773258141232428
6307,0.6313,36,159,36,553838,122606,79181,47075,0.9710904828285388,0.277432358366582
6308,0.6314,21,51,21,553889,122555,79202,47054,0.9706865416297047,0.2774263158205048
6309,0.6315,22,73,22,553962,122482,79224,47032,0.9701083512862755,0.2774520098634921
6310,0.6316,16,65,16,554027,122417,79240,47016,0.9695935242681536,0.2774902173720586
6311,0.6317,20,71,20,554098,122346,79260,46996,0.9690311747560512,0.2775212292284253
6312,0.6318,21,68,21,554166,122278,79281,46975,0.9684925864909391,0.27754308638547026
6313,0.6319,43,137,43,554303,122141,79324,46932,0.9674074895450513,0.277584238760772
6314,0.632,25,105,25,554408,122036,79349,46907,0.9665758459003928,0.27764985823620986
6315,0.6321,12,96,12,554504,121940,79361,46895,0.9658154859967051,0.27775638937424113
6316,0.6322,40,143,40,554647,121797,79401,46855,0.9646828665568369,0.2778206010008775
6317,0.6323,21,101,21,554748,121696,79422,46834,0.9638829045748321,0.27789711030677033
6318,0.6324,12,52,12,554800,121644,79434,46822,0.9634710429603346,0.2779314520437358
6319,0.6325,22,113,22,554913,121531,79456,46800,0.9625760359903688,0.27802365577344634
6320,0.6326,20,105,20,555018,121426,79476,46780,0.9617443923457103,0.27811136344720166
6321,0.6327,28,82,28,555100,121344,79504,46752,0.9610949182613103,0.2781267846944603
6322,0.6328,26,89,26,555189,121255,79530,46726,0.9603900012672665,0.278162411225079
6323,0.6329,17,40,17,555229,121215,79547,46709,0.96007318464073,0.278155594197375
6324,0.633,14,88,14,555317,121127,79561,46695,0.9593761880623495,0.27824123178129206
6325,0.6331,33,98,33,555415,121029,79594,46662,0.958599987327335,0.2782618029590139
6326,0.6332,14,87,14,555502,120942,79608,46648,0.9579109111646179,0.27834596336296913
6327,0.6333,21,77,21,555579,120865,79629,46627,0.957301039158535,0.2783834451794713
6328,0.6334,26,55,26,555634,120810,79655,46601,0.9568654162970472,0.27836283159410075
6329,0.6335,25,88,25,555722,120722,79680,46576,0.9561684197186668,0.27840141543831964
6330,0.6336,30,146,30,555868,120576,79710,46546,0.9550120390318084,0.27851509675566355
6331,0.6337,32,105,32,555973,120471,79742,46514,0.9541803953871499,0.27855196574542623
6332,0.6338,26,82,26,556055,120389,79768,46488,0.95353092130275,0.2785764365370902
6333,0.6339,34,136,34,556191,120253,79802,46454,0.9524537447725256,0.2786565651112431
6334,0.634,17,48,17,556239,120205,79819,46437,0.9520735648206818,0.2786632421598397
6335,0.6341,27,92,27,556331,120113,79846,46410,0.9513448865796477,0.27870023960654083
6336,0.6342,20,76,20,556407,120037,79866,46390,0.9507429349892282,0.27874082931255145
6337,0.6343,21,99,21,556506,119938,79887,46369,0.9499588138385503,0.2788156842466042
6338,0.6344,18,69,18,556575,119869,79905,46351,0.9494123051577746,0.27885332691613524
6339,0.6345,31,108,31,556683,119761,79936,46320,0.9485569002661259,0.278900054792541
6340,0.6346,12,56,12,556739,119705,79948,46308,0.9481133569889748,0.27894201056543766
6341,0.6347,25,89,25,556828,119616,79973,46283,0.947408439994931,0.2789829956780933
6342,0.6348,18,95,18,556923,119521,79991,46265,0.9466560005069066,0.27906457722606254
6343,0.6349,31,113,31,557036,119408,80022,46234,0.9457609935369408,0.2791200299440963
6344,0.635,46,137,46,557173,119271,80068,46188,0.9446758965910531,0.27915072616176817
6345,0.6351,33,84,33,557257,119187,80101,46155,0.9440105816753264,0.27914867365823565
6346,0.6352,8,46,8,557303,119141,80109,46147,0.9436462425548092,0.2791914718551861
6347,0.6353,15,79,15,557382,119062,80124,46132,0.9430205297173996,0.27925953727132946
6348,0.6354,31,104,31,557486,118958,80155,46101,0.9421968064884045,0.2793001290447658
6349,0.6355,21,92,21,557578,118866,80176,46080,0.9414681282473705,0.2793641555418137
6350,0.6356,16,56,16,557634,118810,80192,46064,0.9410245849702192,0.27938910925919186
6351,0.6357,23,109,23,557743,118701,80215,46041,0.9401612596629071,0.279473358342135
6352,0.6358,14,39,14,557782,118662,80229,46027,0.9398523634520339,0.27947828938180447
6353,0.6359,23,81,23,557863,118581,80252,46004,0.9392108097832974,0.279515144150439
6354,0.636,29,124,29,557987,118457,80281,45975,0.9382286782410341,0.27959886153546754
6355,0.6361,30,83,30,558070,118374,80311,45945,0.9375712837409708,0.27960856626440034
6356,0.6362,30,99,30,558169,118275,80341,45915,0.9367871625902927,0.27964553261465375
6357,0.6363,33,86,33,558255,118189,80374,45882,0.9361060068432391,0.27964722589610597
6358,0.6364,54,190,54,558445,117999,80428,45828,0.9346011278671905,0.27973410976212715
6359,0.6365,26,84,26,558529,117915,80454,45802,0.9339358129514637,0.27976324999847296
6360,0.6366,23,113,23,558642,117802,80477,45779,0.9330408059814979,0.2798552399117257
6361,0.6367,20,58,20,558700,117744,80497,45759,0.9325814218730198,0.2798664244692758
6362,0.6368,16,76,16,558776,117668,80513,45743,0.9319794702826004,0.2799260759679581
6363,0.6369,32,99,32,558875,117569,80545,45711,0.9311953491319225,0.2799546790788829
6364,0.637,21,91,21,558966,117478,80566,45690,0.9304745913065517,0.2800181408119239
6365,0.6371,27,79,27,559045,117399,80593,45663,0.9298488784691421,0.2800345880707952
6366,0.6372,27,91,27,559136,117308,80620,45636,0.9291281206437714,0.2800716810683425
6367,0.6373,17,53,17,559189,117255,80637,45619,0.9287083386136105,0.28008767513538074
6368,0.6374,22,80,22,559269,117175,80659,45597,0.9280747053605373,0.28012803184822943
6369,0.6375,21,95,21,559364,117080,80680,45576,0.927322265872513,0.2801987015542003
6370,0.6376,23,86,23,559450,116994,80703,45553,0.9266411101254594,0.2802450983407876
6371,0.6377,26,91,26,559541,116903,80729,45527,0.9259203523000887,0.2802868928153666
6372,0.6378,27,80,27,559621,116823,80756,45500,0.9252867190470155,0.28030531717624735
6373,0.6379,19,63,19,559684,116760,80775,45481,0.9247877328602205,0.280329879623523
6374,0.638,11,55,11,559739,116705,80786,45470,0.9243521099987327,0.28037613688916296
6375,0.6381,16,95,16,559834,116610,80802,45454,0.9235996705107083,0.28046944417020436
6376,0.6382,23,94,23,559928,116516,80825,45431,0.9228551514383475,0.2805300499546148
6377,0.6383,22,118,22,560046,116398,80847,45409,0.9219205423900646,0.2806368080490955
6378,0.6384,18,82,18,560128,116316,80865,45391,0.9212710683056646,0.2806990420946527
6379,0.6385,14,90,14,560218,116226,80879,45377,0.9205582308959575,0.2807930545843827
6380,0.6386,31,145,31,560363,116081,80910,45346,0.9194097706247624,0.28090715927323184
6381,0.6387,15,91,15,560454,115990,80925,45331,0.9186890127993917,0.28099875403698216
6382,0.6388,16,61,16,560515,115929,80941,45315,0.9182058674439234,0.2810337128823398
6383,0.6389,28,91,28,560606,115838,80969,45287,0.9174851096185528,0.2810674941815361
6384,0.639,17,65,17,560671,115773,80986,45270,0.9169702826004309,0.2811050464782698
6385,0.6391,43,150,43,560821,115623,81029,45227,0.9157822202509188,0.2811750077712154
6386,0.6392,34,111,34,560932,115512,81063,45193,0.9149030541122798,0.28121713699013723
6387,0.6393,28,79,28,561011,115433,81091,45165,0.9142773412748701,0.2812301523057572
6388,0.6394,23,92,23,561103,115341,81114,45142,0.913548663033836,0.28128836076095287
6389,0.6395,8,41,8,561144,115300,81122,45134,0.913223925991636,0.28132440754453547
6390,0.6396,28,101,28,561245,115199,81150,45106,0.9124239640096312,0.2813761267583669
6391,0.6397,24,100,24,561345,115099,81174,45082,0.9116319224432898,0.28144411634338656
6392,0.6398,27,88,27,561433,115011,81201,45055,0.9109349258649094,0.28147764047330476
6393,0.6399,16,82,16,561515,114929,81217,45039,0.9102854517805095,0.2815500600120024
6394,0.64,27,101,27,561616,114828,81244,45012,0.9094854897985046,0.2816066066066066
6395,0.6401,20,66,20,561682,114762,81264,44992,0.9089627423647193,0.28163301075403435
6396,0.6402,21,67,21,561749,114695,81285,44971,0.9084320745152705,0.28165670837874063
6397,0.6403,32,72,32,561821,114623,81317,44939,0.9078618045875048,0.2816397387849237
6398,0.6404,39,125,39,561946,114498,81356,44900,0.906871752629578,0.2816848392075183
6399,0.6405,25,61,25,562007,114437,81381,44875,0.9063886072741097,0.2816799738877172
6400,0.6406,18,77,18,562084,114360,81399,44857,0.9057787352680269,0.28173499061029916
6401,0.6407,28,83,28,562167,114277,81427,44829,0.9051213407679635,0.2817555591869571
6402,0.6408,14,62,14,562229,114215,81441,44815,0.9046302749968318,0.28180217569012134
6403,0.6409,20,84,20,562313,114131,81461,44795,0.903964960081105,0.28186074021871815
6404,0.641,21,60,21,562373,114071,81482,44774,0.9034897351413003,0.28187226541597155
6405,0.6411,31,141,31,562514,113930,81513,44743,0.9023729565327588,0.28198244187732
6406,0.6412,21,96,21,562610,113834,81534,44722,0.9016125966290711,0.2820580741189233
6407,0.6413,15,79,15,562689,113755,81549,44707,0.9009868837916614,0.2821307316580631
6408,0.6414,24,75,24,562764,113680,81573,44683,0.9003928526169054,0.2821555540119851
6409,0.6415,24,98,24,562862,113582,81597,44659,0.8996166518818908,0.2822214217554237
6410,0.6416,22,59,22,562921,113523,81619,44637,0.8991493473577493,0.2822268588770865
6411,0.6417,20,101,20,563022,113422,81639,44617,0.8983493853757445,0.28231639025810085
6412,0.6418,19,88,19,563110,113334,81658,44598,0.8976523887973641,0.2823873565838462
6413,0.6419,27,85,27,563195,113249,81685,44571,0.8969791534659739,0.28241667722722086
6414,0.642,28,99,28,563294,113150,81713,44543,0.896195032315296,0.2824665647809351
6415,0.6421,20,105,20,563399,113045,81733,44523,0.8953633886706375,0.28256371852152723
6416,0.6422,32,100,32,563499,112945,81765,44491,0.8945713471042961,0.2825973729007343
6417,0.6423,25,80,25,563579,112865,81790,44466,0.8939377138512229,0.2826270728591314
6418,0.6424,29,83,29,563662,112782,81819,44437,0.8932803193511596,0.28264395524713937
6419,0.6425,29,118,29,563780,112664,81848,44408,0.8923457103028767,0.2827238463889172
6420,0.6426,42,150,42,563930,112514,81890,44366,0.8911576479533646,0.28280214176440593
6421,0.6427,19,76,19,564006,112438,81909,44347,0.8905556963629452,0.28285231367796665
6422,0.6428,20,81,20,564087,112357,81929,44327,0.8899141426942085,0.2829069975236782
6423,0.6429,10,60,10,564147,112297,81939,44317,0.8894389177544038,0.282969594033739
6424,0.643,21,122,21,564269,112175,81960,44296,0.8884726270434672,0.28309399185791617
6425,0.6431,16,85,16,564354,112090,81976,44280,0.887799391712077,0.2831745219671292
6426,0.6432,14,49,14,564403,112041,81990,44266,0.8874112913445698,0.2831990889723429
6427,0.6433,16,66,16,564469,111975,82006,44250,0.8868885439107844,0.28324531925108015
6428,0.6434,21,68,21,564537,111907,82027,44229,0.8863499556456723,0.28327227545216993
6429,0.6435,13,39,13,564576,111868,82040,44216,0.8860410594347992,0.283283360241921
6430,0.6436,34,75,34,564651,111793,82074,44182,0.8854470282600431,0.2832633434845328
6431,0.6437,18,56,18,564707,111737,82092,44164,0.8850034849828919,0.28328233943335834
6432,0.6438,10,55,10,564762,111682,82102,44154,0.8845678621214041,0.28333632793449526
6433,0.6439,22,65,22,564827,111617,82124,44132,0.8840530351032823,0.28335334416272334
6434,0.644,21,98,21,564925,111519,82145,44111,0.8832768343682676,0.28343507035918525
6435,0.6441,19,78,19,565003,111441,82164,44092,0.8826590419465213,0.28348967743179904
6436,0.6442,8,39,8,565042,111402,82172,44084,0.8823501457356482,0.2835239185521526
6437,0.6443,19,76,19,565118,111326,82191,44065,0.8817481941452288,0.2835749818200539
6438,0.6444,22,67,22,565185,111259,82213,44043,0.88121752629578,0.2835958326357677
6439,0.6445,35,117,35,565302,111142,82248,44008,0.8802908376631605,0.2836480825008057
6440,0.6446,15,62,15,565364,111080,82263,43993,0.8797997718920288,0.2836921965783857
6441,0.6447,22,101,22,565465,110979,82285,43971,0.8789998099100241,0.2837754114230397
6442,0.6448,22,79,22,565544,110900,82307,43949,0.8783740970726144,0.28381842956686837
6443,0.6449,23,107,23,565651,110793,82330,43926,0.8775266125966291,0.28390824656312413
6444,0.645,22,71,22,565722,110722,82352,43904,0.8769642630845267,0.2839367247422814
6445,0.6451,22,63,22,565785,110659,82374,43882,0.8764652768977316,0.28395053739784265
6446,0.6452,15,56,15,565841,110603,82389,43867,0.8760217336205804,0.28398394510260894
6447,0.6453,25,87,25,565928,110516,82414,43842,0.8753326574578634,0.28402803871519455
6448,0.6454,32,106,32,566034,110410,82446,43810,0.8744930933975416,0.28407469848268707
6449,0.6455,24,86,24,566120,110324,82470,43786,0.8738119376504879,0.2841217312309389
6450,0.6456,23,71,23,566191,110253,82493,43763,0.8732495881383855,0.28414580303345105
6451,0.6457,10,40,10,566231,110213,82503,43753,0.8729327715118489,0.28417312913240583
6452,0.6458,22,94,22,566325,110119,82525,43731,0.872188252439488,0.28424439389015277
6453,0.6459,20,56,20,566381,110063,82545,43711,0.8717447091623368,0.2842548155084735
6454,0.646,19,79,19,566460,109984,82564,43692,0.8711189963249272,0.2843124495692236
6455,0.6461,26,96,26,566556,109888,82590,43666,0.8703586364212393,0.2843690167628326
6456,0.6462,16,67,16,566623,109821,82606,43650,0.8698279685717907,0.2844185546455031
6457,0.6463,18,52,18,566675,109769,82624,43632,0.8694161069572931,0.28443100110168773
6458,0.6464,28,80,28,566755,109689,82652,43604,0.86878247370422,0.28444873542823224
6459,0.6465,28,58,28,566813,109631,82680,43576,0.868323089595742,0.28442564634775175
6460,0.6466,17,66,17,566879,109565,82697,43559,0.8678003421619567,0.2844687965309161
6461,0.6467,21,74,21,566953,109491,82718,43538,0.867214231402864,0.2845081651190297
6462,0.6468,19,64,19,567017,109427,82737,43519,0.8667073248004056,0.28453833379101123
6463,0.6469,18,58,18,567075,109369,82755,43501,0.8662479406919276,0.2845620461830313
6464,0.647,21,73,21,567148,109296,82776,43480,0.8656697503484982,0.2845996753416767
6465,0.6471,19,51,19,567199,109245,82795,43461,0.8652658091496642,0.2846057129385879
6466,0.6472,13,40,13,567239,109205,82808,43448,0.8649489925231276,0.2846193654890503
6467,0.6473,32,99,32,567338,109106,82840,43416,0.8641648713724496,0.2846540171253983
6468,0.6474,25,80,25,567418,109026,82865,43391,0.8635312381193765,0.2846860914464922
6469,0.6475,31,97,31,567515,108929,82896,43360,0.8627629578000253,0.2847218118183191
6470,0.6476,27,85,27,567600,108844,82923,43333,0.8620897224686351,0.28475393784868935
6471,0.6477,15,43,15,567643,108801,82938,43318,0.8617491445951083,0.28476390194518764
6472,0.6478,18,86,18,567729,108715,82956,43300,0.8610679888480548,0.2848403118113344
6473,0.6479,48,124,48,567853,108591,83004,43252,0.8600858573057915,0.2848468483894549
6474,0.648,22,95,22,567948,108496,83026,43230,0.8593334178177671,0.28492150323609666
6475,0.6481,11,74,11,568022,108422,83037,43219,0.8587473070586744,0.28500867179720524
6476,0.6482,44,124,44,568146,108298,83081,43175,0.8577651755164111,0.2850342965412978
6477,0.6483,19,83,19,568229,108215,83100,43156,0.8571077810163478,0.2851008449438796
6478,0.6484,36,113,36,568342,108102,83136,43120,0.856212774046382,0.28514369602306544
6479,0.6485,22,124,22,568466,107978,83158,43098,0.8552306425041186,0.285273637109799
6480,0.6486,28,103,28,568569,107875,83186,43070,0.854414839690787,0.285335718307993
6481,0.6487,21,95,21,568664,107780,83207,43049,0.8536624002027626,0.28541593460143605
6482,0.6488,39,150,39,568814,107630,83246,43010,0.8524743378532506,0.28551513542219864
6483,0.6489,37,116,37,568930,107514,83283,42973,0.8515555696362945,0.2855595499943517
6484,0.649,30,112,30,569042,107402,83313,42943,0.8506684830819922,0.2856297183145432
6485,0.6491,41,134,41,569176,107268,83354,42902,0.8496071473830946,0.2856895518412466
6486,0.6492,19,60,19,569236,107208,83373,42883,0.8491319224432898,0.2857133339107608
6487,0.6493,14,92,14,569328,107116,83387,42869,0.8484032442022558,0.28582191552488584
6488,0.6494,9,30,9,569358,107086,83396,42860,0.8481656317323533,0.28583623437770933
6489,0.6495,17,56,17,569414,107030,83413,42843,0.8477220884552021,0.2858620298519413
6490,0.6496,39,135,39,569549,106895,83452,42804,0.8466528323406413,0.2859337737727039
6491,0.6497,33,125,33,569674,106770,83485,42771,0.8456627803827145,0.28601520653198786
6492,0.6498,9,69,9,569743,106701,83494,42762,0.8451162717019389,0.28610425322655103
6493,0.6499,26,77,26,569820,106624,83520,42736,0.8445063996958561,0.2861274772362078
6494,0.65,29,61,29,569881,106563,83549,42707,0.8440232543403878,0.286105714477122
6495,0.6501,12,59,12,569940,106504,83561,42695,0.8435559498162464,0.2861614353983606
6496,0.6502,21,73,21,570013,106431,83582,42674,0.8429777594728172,0.2862009992957983
6497,0.6503,22,60,22,570073,106371,83604,42652,0.8425025345330123,0.28621085335820645
6498,0.6504,22,48,22,570121,106323,83626,42630,0.8421223545811685,0.2861976596644579
6499,0.6505,17,89,17,570210,106234,83643,42613,0.8414174375871246,0.28628726141608496
6500,0.6506,16,36,16,570246,106198,83659,42597,0.8411323026232417,0.2862797809066165
6501,0.6507,12,54,12,570300,106144,83671,42585,0.8407046001774173,0.28632613679914476
6502,0.6508,28,95,28,570395,106049,83699,42557,0.8399521606893929,0.2863747089619531
6503,0.6509,11,64,11,570459,105985,83710,42546,0.8394452540869345,0.28644525385273106
6504,0.651,17,73,17,570532,105912,83727,42529,0.8388670637435053,0.2865044024225113
6505,0.6511,37,129,37,570661,105783,83764,42492,0.8378453301229248,0.2865756196256955
6506,0.6512,27,84,27,570745,105699,83791,42465,0.8371800152071981,0.28660808293512596
6507,0.6513,29,73,29,570818,105626,83820,42436,0.8366018248637689,0.2866096635193365
6508,0.6514,15,43,15,570861,105583,83835,42421,0.8362612469902421,0.2866206318748142
6509,0.6515,24,107,24,570968,105476,83859,42397,0.8354137625142567,0.28671224631947684
6510,0.6516,16,49,16,571017,105427,83875,42381,0.8350256621467494,0.28673008226888935
6511,0.6517,10,48,10,571065,105379,83885,42371,0.8346454821949056,0.28677495769881556
6512,0.6518,22,67,22,571132,105312,83907,42349,0.8341148143454569,0.28679881620739395
6513,0.6519,17,70,17,571202,105242,83924,42332,0.8335603852490179,0.28685269762966376
6514,0.652,9,59,9,571261,105183,83933,42323,0.8330930807248764,0.28692392173877673
6515,0.6521,21,94,21,571355,105089,83954,42302,0.8323485616525155,0.2870053124003501
6516,0.6522,22,102,22,571457,104987,83976,42280,0.8315406792548473,0.2870975846591565
6517,0.6523,13,45,13,571502,104942,83989,42267,0.8311842605499936,0.28712239061470424
6518,0.6524,12,32,12,571534,104910,84001,42255,0.8309308072487644,0.2871266945265518
6519,0.6525,6,30,6,571564,104880,84007,42249,0.8306931947788619,0.28715616907611685
6520,0.6526,21,92,21,571656,104788,84028,42228,0.8299645165378279,0.2872340425531915
6521,0.6527,15,58,15,571714,104730,84043,42213,0.8295051324293499,0.28727465752026293
6522,0.6528,25,59,25,571773,104671,84068,42188,0.8290378279052084,0.2872687407649514
6523,0.6529,9,63,9,571836,104608,84077,42179,0.8285388417184134,0.28734833466178883
6524,0.653,26,98,26,571934,104510,84103,42153,0.8277626409833988,0.2874140035319065
6525,0.6531,12,76,12,572010,104434,84115,42141,0.8271606893929794,0.2875046904315197
6526,0.6532,22,103,22,572113,104331,84137,42119,0.8263448865796477,0.28759986343461935
6527,0.6533,25,75,25,572188,104256,84162,42094,0.8257508554048917,0.28762555517594807
6528,0.6534,24,106,24,572294,104150,84186,42070,0.8249112913445698,0.28771713855833675
6529,0.6535,20,90,20,572384,104060,84206,42050,0.8241984539348625,0.2877968653754021
6530,0.6536,13,62,13,572446,103998,84219,42037,0.8237073881637308,0.2878556510425583
6531,0.6537,25,61,25,572507,103937,84244,42012,0.8232242428082626,0.2878539763890126
6532,0.6538,12,86,12,572593,103851,84256,42000,0.8225430870612089,0.28796511508320133
6533,0.6539,25,94,25,572687,103757,84281,41975,0.8217985679888481,0.2880287102352263
6534,0.654,24,79,24,572766,103678,84305,41951,0.8211728551514383,0.28806762389359264
6535,0.6541,12,77,12,572843,103601,84317,41939,0.8205629831453555,0.28816133021849666
6536,0.6542,18,56,18,572899,103545,84335,41921,0.8201194398682042,0.288184180495786
6537,0.6543,20,103,20,573002,103442,84355,41901,0.8193036370548726,0.288290457744783
6538,0.6544,27,83,27,573085,103359,84382,41874,0.8186462425548092,0.28832290181983433
6539,0.6545,23,75,23,573160,103284,84405,41851,0.8180522113800532,0.28835911392841146
6540,0.6546,15,62,15,573222,103222,84420,41836,0.8175611456089216,0.288408774421266
6541,0.6547,12,46,12,573268,103176,84432,41824,0.8171968064884045,0.2884413793103448
6542,0.6548,24,65,24,573333,103111,84456,41800,0.8166819794702826,0.28845291247731364
6543,0.6549,10,47,10,573380,103064,84466,41790,0.8163097199341022,0.28849738357242466
6544,0.655,20,82,20,573462,102982,84486,41770,0.8156602458497022,0.28856250690836743
6545,0.6551,36,165,36,573627,102817,84522,41734,0.8143533772652389,0.2887147096872384
6546,0.6552,19,61,19,573688,102756,84541,41715,0.8138702319097706,0.2887430695433686
6547,0.6553,30,113,30,573801,102643,84571,41685,0.8129752249398048,0.2888212959370323
6548,0.6554,16,79,16,573880,102564,84587,41669,0.8123495121023951,0.2889005983374124
6549,0.6555,13,68,13,573948,102496,84600,41656,0.8118109238372829,0.2889727509850713
6550,0.6556,15,69,15,574017,102427,84615,41641,0.8112644151565074,0.2890371213593581
6551,0.6557,35,114,35,574131,102313,84650,41606,0.8103614877708782,0.2890931704639415
6552,0.6558,17,65,17,574196,102248,84667,41589,0.8098466607527564,0.28913979017916114
6553,0.6559,21,47,21,574243,102201,84688,41568,0.8094744012165759,0.28913048014523296
6554,0.656,29,92,29,574335,102109,84717,41539,0.8087457229755417,0.289172143016262
6555,0.6561,13,45,13,574380,102064,84730,41526,0.8083893042706881,0.2891984121456926
6556,0.6562,18,89,18,574469,101975,84748,41508,0.8076843872766443,0.2892886265271844
6557,0.6563,34,105,34,574574,101870,84782,41474,0.8068527436319858,0.28933195669159506
6558,0.6564,17,90,17,574664,101780,84799,41457,0.8061399062222785,0.2894294072062386
6559,0.6565,26,79,26,574743,101701,84825,41431,0.8055141933848688,0.2894600788083727
6560,0.6566,16,40,16,574783,101661,84841,41415,0.8051973767583323,0.289461544913193
6561,0.6567,23,85,23,574868,101576,84864,41392,0.8045241414269421,0.28951933299759386
6562,0.6568,21,94,21,574962,101482,84885,41371,0.8037796223545811,0.28960539855655815
6563,0.6569,19,67,19,575029,101415,84904,41352,0.8032489545051325,0.28964676711004644
6564,0.657,35,132,35,575161,101283,84939,41317,0.8022034596375618,0.2897405329593268
6565,0.6571,17,75,17,575236,101208,84956,41300,0.8016094284628057,0.28980829146433884
6566,0.6572,27,121,27,575357,101087,84983,41273,0.8006510581675327,0.28991992132621525
6567,0.6573,18,87,18,575444,101000,85001,41255,0.7999619820048156,0.29000738111138447
6568,0.6574,23,80,23,575524,100920,85024,41232,0.7993283487517425,0.29005571500928584
6569,0.6575,24,72,24,575596,100848,85048,41208,0.7987580788239766,0.29008278425409695
6570,0.6576,14,32,14,575628,100816,85062,41194,0.7985046255227475,0.290078163509612
6571,0.6577,32,90,32,575718,100726,85094,41162,0.7977917881130402,0.29010205232295894
6572,0.6578,36,128,36,575846,100598,85130,41126,0.7967779749081232,0.29018373740509723
6573,0.6579,21,59,21,575905,100539,85151,41105,0.7963106703839817,0.2901993730761628
6574,0.658,27,98,27,576003,100441,85178,41078,0.7955344696489671,0.29026491142532096
6575,0.6581,14,51,14,576054,100390,85192,41064,0.7951305284501331,0.29029931992025676
6576,0.6582,13,51,13,576105,100339,85205,41051,0.794726587251299,0.2903387792630313
6577,0.6583,22,99,22,576204,100240,85227,41029,0.7939424661006209,0.29043172953726576
6578,0.6584,32,129,32,576333,100111,85259,40997,0.7929207324800406,0.29053632678515745
6579,0.6585,20,79,20,576412,100032,85279,40977,0.7922950196426308,0.29059847243792947
6580,0.6586,3,24,3,576436,100008,85282,40974,0.7921049296667089,0.29063284674639317
6581,0.6587,27,94,27,576530,99914,85309,40947,0.791360410594348,0.29069082286793363
6582,0.6588,29,129,29,576659,99785,85338,40918,0.7903386769737676,0.29081114119812657
6583,0.6589,25,78,25,576737,99707,85363,40893,0.7897208845520213,0.29084637268847796
6584,0.659,24,103,24,576840,99604,85387,40869,0.7889050817386897,0.2909384721619101
6585,0.6591,43,123,43,576963,99481,85430,40826,0.7879308706120898,0.2909762164396644
6586,0.6592,24,100,24,577063,99381,85454,40802,0.7871388290457483,0.2910623970096231
6587,0.6593,26,100,26,577163,99281,85480,40776,0.7863467874794069,0.29113860785251716
6588,0.6594,12,74,12,577237,99207,85492,40764,0.7857606767203142,0.2912317551492809
6589,0.6595,12,62,12,577299,99145,85504,40752,0.7852696109491826,0.29130002787765286
6590,0.6596,14,35,14,577334,99110,85518,40738,0.7849923964009631,0.2913019850122991
6591,0.6597,19,113,19,577447,98997,85537,40719,0.7840973894309974,0.2914412093103152
6592,0.6598,17,28,17,577475,98969,85554,40702,0.7838756177924218,0.2914133929018909
6593,0.6599,24,139,24,577614,98830,85578,40678,0.7827746800152072,0.29158184476875876
6594,0.66,23,81,23,577695,98749,85601,40655,0.7821331263464707,0.29163438638776507
6595,0.6601,28,94,28,577789,98655,85629,40627,0.7813886072741097,0.29168880400913255
6596,0.6602,22,78,22,577867,98577,85651,40605,0.7807708148523634,0.291740311247144
6597,0.6603,26,77,26,577944,98500,85677,40579,0.7801609428462806,0.291769426009678
6598,0.6604,10,54,10,577998,98446,85687,40569,0.7797332404004562,0.2918318167104269
6599,0.6605,16,57,16,578055,98389,85703,40553,0.7792817767076416,0.29186998891623844
6600,0.6606,30,83,30,578138,98306,85733,40523,0.7786243822075782,0.29189146359910395
6601,0.6607,17,60,17,578198,98246,85750,40506,0.7781491572677735,0.2919309271217712
6602,0.6608,25,88,25,578286,98158,85775,40481,0.7774521606893929,0.2919885457915882
6603,0.6609,10,57,10,578343,98101,85785,40471,0.7770006969965784,0.29205755852553184
6604,0.661,25,73,25,578416,98028,85810,40446,0.7764225066531492,0.29208371246587805
6605,0.6611,20,54,20,578470,97974,85830,40426,0.7759948042073248,0.29209537572254335
6606,0.6612,38,113,38,578583,97861,85868,40388,0.775099797237359,0.2921395453131668
6607,0.6613,26,98,26,578681,97763,85894,40362,0.7743235965023444,0.29221357466063347
6608,0.6614,29,65,29,578746,97698,85923,40333,0.7738087694842225,0.29220247625533396
6609,0.6615,18,64,18,578810,97634,85941,40315,0.7733018628817641,0.2922456849995288
6610,0.6616,20,75,20,578885,97559,85961,40295,0.772707831707008,0.2923020006673727
6611,0.6617,11,47,11,578932,97512,85972,40284,0.7723355721708275,0.29234520595663155
6612,0.6618,20,95,20,579027,97417,85992,40264,0.7715831326828032,0.292444128093201
6613,0.6619,13,40,13,579067,97377,86005,40251,0.7712663160562666,0.29246228965036186
6614,0.662,32,60,32,579127,97317,86037,40219,0.7707910911164618,0.29242525593299207
6615,0.6621,19,85,19,579212,97232,86056,40200,0.7701178557850716,0.29250829501135106
6616,0.6622,17,45,17,579257,97187,86073,40183,0.7697614370802179,0.2925165611123244
6617,0.6623,14,41,14,579298,97146,86087,40169,0.769436700038018,0.2925317700178422
6618,0.6624,21,97,21,579395,97049,86108,40148,0.7686684197186668,0.29263030532737594
6619,0.6625,20,81,20,579476,96968,86128,40128,0.7680268660499303,0.29270000583532707
6620,0.6626,27,97,27,579573,96871,86155,40101,0.7672585857305791,0.2927678649651024
6621,0.6627,29,92,29,579665,96779,86184,40072,0.7665299074895451,0.29281481319098873
6622,0.6628,13,48,13,579713,96731,86197,40059,0.7661497275377012,0.2928503545580817
6623,0.6629,9,45,9,579758,96686,86206,40050,0.7657933088328476,0.2929001872220922
6624,0.663,28,90,28,579848,96596,86234,40022,0.7650804714231403,0.29294822058586717
6625,0.6631,13,60,13,579908,96536,86247,40009,0.7646052464833355,0.29300963052473544
6626,0.6632,20,83,20,579991,96453,86267,39989,0.7639478519832721,0.293084240922883
6627,0.6633,35,108,35,580099,96345,86302,39954,0.7630924470916234,0.2931349459643871
6628,0.6634,30,67,30,580166,96278,86332,39924,0.7625617792421746,0.29312344899487525
6629,0.6635,19,75,19,580241,96203,86351,39905,0.7619677480674186,0.293186293237723
6630,0.6636,18,48,18,580289,96155,86369,39887,0.7615875681155747,0.2931962188147778
6631,0.6637,35,132,35,580421,96023,86404,39852,0.760542073248004,0.2932989880404784
6632,0.6638,29,104,29,580525,95919,86433,39823,0.759718350019009,0.29337272178102575
6633,0.6639,32,98,32,580623,95821,86465,39791,0.7589421492839944,0.29341798660885465
6634,0.664,20,73,20,580696,95748,86485,39771,0.7583639589405652,0.293471764106878
6635,0.6641,20,82,20,580778,95666,86505,39751,0.7577144848561652,0.29354512358123425
6636,0.6642,20,100,20,580878,95566,86525,39731,0.7569224432898238,0.2936576568586147
6637,0.6643,44,127,44,581005,95439,86569,39687,0.7559165505005703,0.2937036543670352
6638,0.6644,22,88,22,581093,95351,86591,39665,0.7552195539221899,0.2937799964448658
6639,0.6645,25,64,25,581157,95287,86616,39640,0.7547126473197313,0.2937884930369756
6640,0.6646,24,88,24,581245,95199,86640,39616,0.7540156507413509,0.29385454140859696
6641,0.6647,23,75,23,581320,95124,86663,39593,0.7534216195665948,0.2938975778854933
6642,0.6648,23,78,23,581398,95046,86686,39570,0.7528038271448486,0.29394722766981635
6643,0.6649,15,62,15,581460,94984,86701,39555,0.7523127613737169,0.2940039691093289
6644,0.665,29,89,29,581549,94895,86730,39526,0.7516078443796731,0.29404631716770446
6645,0.6651,20,80,20,581629,94815,86750,39506,0.7509742111265999,0.29411633326136644
6646,0.6652,14,61,14,581690,94754,86764,39492,0.7504910657711317,0.2941763627966569
6647,0.6653,26,80,26,581770,94674,86790,39466,0.7498574325180586,0.2942149992545102
6648,0.6654,11,72,11,581842,94602,86801,39455,0.7492871625902927,0.29431510476886696
6649,0.6655,22,68,22,581910,94534,86823,39433,0.7487485743251806,0.2943486082393425
6650,0.6656,28,87,28,581997,94447,86851,39405,0.7480594981624635,0.29439231389893317
6651,0.6657,29,81,29,582078,94366,86880,39376,0.747417944493727,0.29441761002527256
6652,0.6658,31,110,31,582188,94256,86911,39345,0.7465466987707515,0.2944962986803991
6653,0.6659,8,43,8,582231,94213,86919,39337,0.7462061208972247,0.29454885810557846
6654,0.666,20,76,20,582307,94137,86939,39317,0.7456041693068052,0.2946108771561737
6655,0.6661,18,55,18,582362,94082,86957,39299,0.7451685464453175,0.29463716721272143
6656,0.6662,7,53,7,582415,94029,86964,39292,0.7447487644151565,0.2947172613466746
6657,0.6663,15,50,15,582465,93979,86979,39277,0.7443527436319858,0.29474845410337996
6658,0.6664,8,59,8,582524,93920,86987,39269,0.7438854391078443,0.2948366606851917
6659,0.6665,21,70,21,582594,93850,87008,39248,0.7433310100114054,0.29488046401899354
6660,0.6666,21,83,21,582677,93767,87029,39227,0.742673615511342,0.2949531557814638
6661,0.6667,19,66,19,582743,93701,87048,39208,0.7421508680775567,0.294998833788532
6662,0.6668,16,80,16,582823,93621,87064,39192,0.7415172348244836,0.2950915949492896
6663,0.6669,21,75,21,582898,93546,87085,39171,0.7409232036497275,0.2951468161576889
6664,0.667,13,85,13,582983,93461,87098,39158,0.7402499683183373,0.2952668923759039
6665,0.6671,12,59,12,583042,93402,87110,39146,0.7397826637941959,0.2953345203247126
6666,0.6672,21,75,21,583117,93327,87131,39125,0.7391886326194399,0.29539002808564613
6667,0.6673,20,61,20,583178,93266,87151,39105,0.7387054872639716,0.2954196916242984
6668,0.6674,13,35,13,583213,93231,87164,39092,0.7384282727157522,0.2954286102945066
6669,0.6675,23,66,23,583279,93165,87187,39069,0.7379055252819668,0.29545351422478333
6670,0.6676,30,77,30,583356,93088,87217,39039,0.7372956532758839,0.2954657261574092
6671,0.6677,27,87,27,583443,93001,87244,39012,0.7366065771131669,0.29551635066243476
6672,0.6678,11,51,11,583494,92950,87255,39001,0.7362026359143328,0.2955718410622125
6673,0.6679,21,77,21,583571,92873,87276,38980,0.7355927639082499,0.29563225713483954
6674,0.668,26,82,26,583653,92791,87302,38954,0.7349432898238499,0.2956772553038066
6675,0.6681,23,100,23,583753,92691,87325,38931,0.7341512482575085,0.29577882116971327
6676,0.6682,33,125,33,583878,92566,87358,38898,0.7331611962995818,0.2958832836365849
6677,0.6683,12,55,12,583933,92511,87370,38886,0.7327255734380941,0.2959428297449713
6678,0.6684,19,96,19,584029,92415,87389,38867,0.7319652135344062,0.2960573422098993
6679,0.6685,17,55,17,584084,92360,87406,38850,0.7315295906729186,0.296090237024617
6680,0.6686,8,50,8,584134,92310,87414,38842,0.7311335698897478,0.2961601805538612
6681,0.6687,41,114,41,584248,92196,87455,38801,0.7302306425041186,0.2961976228463247
6682,0.6688,18,60,18,584308,92136,87473,38783,0.7297554175643137,0.29623660431259025
6683,0.6689,28,101,28,584409,92035,87501,38755,0.728955455582309,0.2963147029589418
6684,0.669,28,94,28,584503,91941,87529,38727,0.7282109365099481,0.29637707778492056
6685,0.6691,22,85,22,584588,91856,87551,38705,0.7275377011785579,0.2964514671303069
6686,0.6692,29,97,29,584685,91759,87580,38676,0.7267694208592067,0.2965155058074903
6687,0.6693,22,60,22,584745,91699,87602,38654,0.7262941959194018,0.29653325968715716
6688,0.6694,16,85,16,584830,91614,87618,38638,0.7256209605880116,0.29664035868930994
6689,0.6695,13,47,13,584877,91567,87631,38625,0.7252487010518311,0.29667721518987344
6690,0.6696,40,111,40,584988,91456,87671,38585,0.7243695349131922,0.29671411324120855
6691,0.6697,28,104,28,585092,91352,87699,38557,0.7235458116841972,0.2968000677397255
6692,0.6698,24,81,24,585173,91271,87723,38533,0.7229042580154607,0.2968552586977289
6693,0.6699,13,73,13,585246,91198,87736,38520,0.7223260676720314,0.2969518493963829
6694,0.67,29,93,29,585339,91105,87765,38491,0.7215894690153339,0.2970076236920893
6695,0.6701,14,57,14,585396,91048,87779,38477,0.7211380053225194,0.29706234317699287
6696,0.6702,16,73,16,585469,90975,87795,38461,0.72055981497909,0.2971429895855867
6697,0.6703,8,28,8,585497,90947,87803,38453,0.7203380433405145,0.2971638330757342
6698,0.6704,17,55,17,585552,90892,87820,38436,0.7199024204790268,0.2971978225906223
6699,0.6705,12,73,12,585625,90819,87832,38424,0.7193242301355975,0.2973004340660616
6700,0.6706,32,128,32,585753,90691,87864,38392,0.7183104169306805,0.2974210391763439
6701,0.6707,12,49,12,585802,90642,87876,38380,0.7179223165631733,0.2974686487575762
6702,0.6708,18,63,18,585865,90579,87894,38362,0.7174233303763782,0.29751591813309963
6703,0.6709,17,47,17,585912,90532,87911,38345,0.7170510708401977,0.2975317550843052
6704,0.671,16,42,16,585954,90490,87927,38329,0.7167184133823343,0.29754151173351756
6705,0.6711,14,34,14,585988,90456,87941,38315,0.7164491192497783,0.2975437016098345
6706,0.6712,13,52,13,586040,90404,87954,38302,0.7160372576352807,0.29759296380899103
6707,0.6713,17,69,17,586109,90335,87971,38285,0.7154907489545052,0.297659772974654
6708,0.6714,24,70,24,586179,90265,87995,38261,0.7149363198580662,0.29769073961688686
6709,0.6715,9,61,9,586240,90204,88004,38252,0.7144531745025979,0.29778289842436323
6710,0.6716,23,63,23,586303,90141,88027,38229,0.7139541883158028,0.2978032250525824
6711,0.6717,19,46,19,586349,90095,88046,38210,0.7135898491952858,0.2978060091188964
6712,0.6718,11,60,11,586409,90035,88057,38199,0.7131146242554809,0.2978851162718156
6713,0.6719,9,48,9,586457,89987,88066,38190,0.7127344443036371,0.29794736965290186
6714,0.672,27,88,27,586545,89899,88093,38163,0.7120374477252566,0.2980040917680499
6715,0.6721,20,49,20,586594,89850,88113,38143,0.7116493473577493,0.29800848483901465
6716,0.6722,21,71,21,586665,89779,88134,38122,0.7110869978456469,0.2980586547407761
6717,0.6723,20,77,20,586742,89702,88154,38102,0.710477125839564,0.29812838408813497
6718,0.6724,19,60,19,586802,89642,88173,38083,0.7100019008997592,0.2981640242708945
6719,0.6725,20,60,20,586862,89582,88193,38063,0.7095266759599543,0.2981942105056994
6720,0.6726,26,95,26,586957,89487,88219,38037,0.70877423647193,0.29827326620871364
6721,0.6727,23,86,23,587043,89401,88242,38014,0.7080930807248764,0.2983479182199898
6722,0.6728,13,37,13,587080,89364,88255,38001,0.7078000253453302,0.2983629725591803
6723,0.6729,15,91,15,587171,89273,88270,37986,0.7070792675199594,0.2984936232407924
6724,0.673,7,34,7,587205,89239,88277,37979,0.7068099733874034,0.29853479853479853
6725,0.6731,35,94,35,587299,89145,88312,37944,0.7060654543150424,0.2985624247574534
6726,0.6732,24,61,24,587360,89084,88336,37920,0.7055823089595742,0.29857327328273126
6727,0.6733,39,94,39,587454,88990,88375,37881,0.7048377898872132,0.2985788714521049
6728,0.6734,29,100,29,587554,88890,88404,37852,0.7040457483208719,0.2986539584352464
6729,0.6735,19,46,19,587600,88844,88423,37833,0.7036814092003548,0.29865721480616053
6730,0.6736,18,57,18,587657,88787,88441,37815,0.7032299455075403,0.2986919637920412
6731,0.6737,23,78,23,587735,88709,88464,37792,0.702612153085794,0.2987486264930712
6732,0.6738,13,79,13,587814,88630,88477,37779,0.7019864402483842,0.298863213853444
6733,0.6739,13,51,13,587865,88579,88490,37766,0.7015824990495502,0.29891171000039574
6734,0.674,17,65,17,587930,88514,88507,37749,0.7010676720314282,0.29897119504526265
6735,0.6741,23,72,23,588002,88442,88530,37726,0.7004974021036624,0.29901401306194914
6736,0.6742,23,91,23,588093,88351,88553,37703,0.6997766442782917,0.29910197217065704
6737,0.6743,17,52,17,588145,88299,88570,37686,0.6993647826637942,0.2991308489105846
6738,0.6744,16,61,16,588206,88238,88586,37670,0.698881637308326,0.2991867077548686
6739,0.6745,38,111,38,588317,88127,88624,37632,0.6980024711696869,0.2992390206665129
6740,0.6746,13,32,13,588349,88095,88637,37619,0.6977490178684578,0.299242725551649
6741,0.6747,19,51,19,588400,88044,88656,37600,0.6973450766696236,0.2992582216420999
6742,0.6748,10,43,10,588443,88001,88666,37590,0.6970044987960968,0.2993048864966439
6743,0.6749,10,51,10,588494,87950,88676,37580,0.6966005575972627,0.29937066836612763
6744,0.675,14,74,14,588568,87876,88690,37566,0.69601444683817,0.2994690773425169
6745,0.6751,19,56,19,588624,87820,88709,37547,0.6955709035610189,0.2994966777541139
6746,0.6752,15,54,15,588678,87766,88724,37532,0.6951432011151946,0.2995418921291641
6747,0.6753,9,45,9,588723,87721,88733,37523,0.6947867824103409,0.29959918239596306
6748,0.6754,11,44,11,588767,87677,88744,37512,0.6944382841211507,0.29964293987490914
6749,0.6755,24,53,24,588820,87624,88768,37488,0.6940185020909897,0.2996355265681949
6750,0.6756,32,101,32,588921,87523,88800,37456,0.6932185401089849,0.2996983493226862
6751,0.6757,19,45,19,588966,87478,88819,37437,0.6928621214041313,0.2996997958611856
6752,0.6758,41,113,41,589079,87365,88860,37396,0.6919671144341655,0.29974110499274614
6753,0.6759,32,87,32,589166,87278,88892,37364,0.6912780382714485,0.2997705428346785
6754,0.676,24,67,24,589233,87211,88916,37340,0.6907473704219997,0.2997968703583271
6755,0.6761,25,110,25,589343,87101,88941,37315,0.6898761246990242,0.2999212319958848
6756,0.6762,10,36,10,589379,87065,88951,37305,0.6895909897351413,0.2999517568545469
6757,0.6763,18,75,18,589454,86990,88969,37287,0.6889969585603852,0.30003138151065767
6758,0.6764,41,86,41,589540,86904,89010,37246,0.6883158028133316,0.3000080547724527
6759,0.6765,24,99,24,589639,86805,89034,37222,0.6875316816626537,0.3001120723713385
6760,0.6766,30,59,30,589698,86746,89064,37192,0.6870643771385122,0.3000855266342849
6761,0.6767,16,32,16,589730,86714,89080,37176,0.6868109238372829,0.3000726450883849
6762,0.6768,14,33,14,589763,86681,89094,37162,0.6865495501203903,0.3000734801321027
6763,0.6769,6,61,6,589824,86620,89100,37156,0.6860664047649221,0.3001874353671148
6764,0.677,14,44,14,589868,86576,89114,37142,0.6857179064757318,0.3002150050922259
6765,0.6771,19,67,19,589935,86509,89133,37123,0.6851872386262831,0.3002701565937621
6766,0.6772,19,59,19,589994,86450,89152,37104,0.6847199341021417,0.30030593910354986
6767,0.6773,23,84,23,590078,86366,89175,37081,0.6840546191864149,0.3003799201276661
6768,0.6774,31,101,31,590179,86265,89206,37050,0.6832546572044101,0.30045006690183673
6769,0.6775,24,79,24,590258,86186,89230,37026,0.6826289443670004,0.30050644417751515
6770,0.6776,18,67,18,590325,86119,89248,37008,0.6820982765175516,0.30056770651441195
6771,0.6777,22,82,22,590407,86037,89270,36986,0.6814488024331516,0.3006429692008811
6772,0.6778,7,46,7,590453,85991,89277,36979,0.6810844633126346,0.3007156216963487
6773,0.6779,39,70,39,590523,85921,89316,36940,0.6805300342161956,0.3006649791227485
6774,0.678,19,69,19,590592,85852,89335,36921,0.6799835255354201,0.30072572959852734
6775,0.6781,16,63,16,590655,85789,89351,36905,0.679484539348625,0.30078895463510846
6776,0.6782,34,81,34,590736,85708,89385,36871,0.6788429856798884,0.30079377381117484
6777,0.6783,20,39,20,590775,85669,89405,36851,0.6785340894690154,0.30077538361083905
6778,0.6784,25,85,25,590860,85584,89430,36826,0.6778608541376251,0.30084143452332324
6779,0.6785,21,83,21,590943,85501,89451,36805,0.6772034596375618,0.30092554739751115
6780,0.6786,13,37,13,590980,85464,89464,36792,0.6769104042580154,0.30094228504122494
6781,0.6787,25,109,25,591089,85355,89489,36767,0.6760470789507034,0.30106778467434203
6782,0.6788,37,111,37,591200,85244,89526,36730,0.6751679128120643,0.30112974896289374
6783,0.6789,40,90,40,591290,85154,89566,36690,0.6744550754023572,0.3011227471192673
6784,0.679,13,63,13,591353,85091,89579,36677,0.673956089215562,0.301203928782603
6785,0.6791,29,67,29,591420,85024,89608,36648,0.6734254213661133,0.30120323492668816
6786,0.6792,20,44,20,591464,84980,89628,36628,0.6730769230769231,0.3011972896519966
6787,0.6793,25,69,25,591533,84911,89653,36603,0.6725304143961475,0.3012245502575835
6788,0.6794,14,60,14,591593,84851,89667,36589,0.6720551894563427,0.3012928194993412
6789,0.6795,16,33,16,591626,84818,89683,36573,0.67179381573945,0.30128263215559636
6790,0.6796,14,57,14,591683,84761,89697,36559,0.6713423520466354,0.3013435542367293
6791,0.6797,28,74,28,591757,84687,89725,36531,0.6707562412875427,0.3013661337425135
6792,0.6798,19,62,19,591819,84625,89744,36512,0.6702651755164111,0.3014107993428928
6793,0.6799,22,75,22,591894,84550,89766,36490,0.6696711443416551,0.3014705882352941
6794,0.68,25,64,25,591958,84486,89791,36465,0.6691642377391965,0.30148572562442644
6795,0.6801,29,97,29,592055,84389,89820,36436,0.6683959574198454,0.30156010759362717
6796,0.6802,13,68,13,592123,84321,89833,36423,0.6678573691547333,0.301654740608229
6797,0.6803,13,52,13,592175,84269,89846,36410,0.6674455075402357,0.3017094937810224
6798,0.6804,20,59,20,592234,84210,89866,36390,0.6669782030160943,0.3017412935323383
6799,0.6805,14,81,14,592315,84129,89880,36376,0.6663366493473577,0.30186299323679516
6800,0.6806,21,75,21,592390,84054,89901,36355,0.6657426181726017,0.30192925777973406
6801,0.6807,12,57,12,592447,83997,89913,36343,0.6652911544797872,0.30200265913245805
6802,0.6808,18,59,18,592506,83938,89931,36325,0.6648238499556457,0.30204634841971345
6803,0.6809,8,32,8,592538,83906,89939,36317,0.6645703966544164,0.30208030077439424
6804,0.681,37,111,37,592649,83795,89976,36280,0.6636912305157775,0.3021444930251926
6805,0.6811,15,43,15,592692,83752,89991,36265,0.6633506526422507,0.30216552655040535
6806,0.6812,6,19,6,592711,83733,89997,36259,0.6632001647446458,0.30217847856523766
6807,0.6813,31,99,31,592810,83634,90028,36228,0.6624160435939678,0.3022475847224308
6808,0.6814,33,111,33,592921,83523,90061,36195,0.6615368774553289,0.30233548839773466
6809,0.6815,14,47,14,592968,83476,90075,36181,0.6611646179191484,0.3023726150580409
6810,0.6816,18,70,18,593038,83406,90093,36163,0.6606101888227094,0.30244461357040703
6811,0.6817,30,59,30,593097,83347,90123,36133,0.6601428842985679,0.30241881486441247
6812,0.6818,6,47,6,593144,83300,90129,36127,0.6597706247623876,0.30250278412754233
6813,0.6819,19,52,19,593196,83248,90148,36108,0.65935876314789,0.30252354301417606
6814,0.682,16,63,16,593259,83185,90164,36092,0.6588597769610949,0.30258977003110404
6815,0.6821,19,93,19,593352,83092,90183,36073,0.6581231783043974,0.3027147232828431
6816,0.6822,20,85,20,593437,83007,90203,36053,0.6574499429730072,0.3028137073744331
6817,0.6823,33,82,33,593519,82925,90236,36020,0.6568004688886073,0.3028290386313002
6818,0.6824,25,72,25,593591,82853,90261,35995,0.6562301989608414,0.30286584544964995
6819,0.6825,24,87,24,593678,82766,90285,35971,0.6555411227981245,0.30294684891819734
6820,0.6826,34,76,34,593754,82690,90319,35937,0.654939171207705,0.30294115167710556
6821,0.6827,21,72,21,593826,82618,90340,35916,0.6543689012799392,0.3030016704068031
6822,0.6828,10,53,10,593879,82565,90350,35906,0.6539491192497783,0.303078390492188
6823,0.6829,24,78,24,593957,82487,90374,35882,0.653331326828032,0.30313680102053747
6824,0.683,16,62,16,594019,82425,90390,35866,0.6528402610569003,0.3032014269893737
6825,0.6831,19,68,19,594087,82357,90409,35847,0.6523016727917881,0.30326384893912217
6826,0.6832,16,37,16,594124,82320,90425,35831,0.6520086174122418,0.3032644666570744
6827,0.6833,14,44,14,594168,82276,90439,35817,0.6516601191230516,0.30329486083002377
6828,0.6834,22,67,22,594235,82209,90461,35795,0.6511294512736029,0.3033371750110166
6829,0.6835,16,63,16,594298,82146,90477,35779,0.6506304650868078,0.30340470638117445
6830,0.6836,27,82,27,594380,82064,90504,35752,0.6499809910024078,0.30345623684389217
6831,0.6837,15,30,15,594410,82034,90519,35737,0.6497433785325054,0.30344482088120167
6832,0.6838,28,75,28,594485,81959,90547,35709,0.6491493473577493,0.3034724818982221
6833,0.6839,14,55,14,594540,81904,90561,35695,0.6487137244962615,0.3035314926147331
6834,0.684,18,67,18,594607,81837,90579,35677,0.6481830566468129,0.30359786919005394
6835,0.6841,13,46,13,594653,81791,90592,35664,0.6478187175262958,0.30363969179685835
6836,0.6842,10,49,10,594702,81742,90602,35654,0.6474306171587885,0.3037071109748203
6837,0.6843,25,78,25,594780,81664,90627,35629,0.6468128247370422,0.30376066772953203
6838,0.6844,23,46,23,594826,81618,90650,35606,0.6464484856165251,0.3037432607657135
6839,0.6845,10,27,10,594853,81591,90660,35596,0.646234634393613,0.3037538293496719
6840,0.6846,26,102,26,594955,81489,90686,35570,0.6454267519959448,0.30386386352181377
6841,0.6847,19,61,19,595016,81428,90705,35551,0.6449436066404765,0.30390924866856445
6842,0.6848,22,57,22,595073,81371,90727,35529,0.6444921429476619,0.30392643284858856
6843,0.6849,22,64,22,595137,81307,90749,35507,0.6439852363452034,0.3039618538873765
6844,0.685,15,44,15,595181,81263,90764,35492,0.6436367380560132,0.30398698128559803
6845,0.6851,23,70,23,595251,81193,90787,35469,0.6430823089595742,0.30403216128645144
6846,0.6852,24,81,24,595332,81112,90811,35445,0.6424407552908377,0.3041001398457407
6847,0.6853,36,79,36,595411,81033,90847,35409,0.6418150424534279,0.3040913072602669
6848,0.6854,15,63,15,595474,80970,90862,35394,0.6413160562666329,0.30416623698050943
6849,0.6855,20,57,20,595531,80913,90882,35374,0.6408645925738182,0.304195653856407
6850,0.6856,26,74,26,595605,80839,90908,35348,0.6402784818147257,0.3042336922375137
6851,0.6857,16,64,16,595669,80775,90924,35332,0.6397715752122671,0.3043055112956152
6852,0.6858,26,83,26,595752,80692,90950,35306,0.6391141807122038,0.30436731667787376
6853,0.6859,9,69,9,595821,80623,90959,35297,0.6385676720314282,0.3044944789510007
6854,0.686,13,55,13,595876,80568,90972,35284,0.6381320491699405,0.3045609916099852
6855,0.6861,18,70,18,595946,80498,90990,35266,0.6375776200735015,0.3046370201444318
6856,0.6862,36,74,36,596020,80424,91026,35230,0.6369915093144088,0.3046154910336002
6857,0.6863,20,55,20,596075,80369,91046,35210,0.636555886452921,0.30464011628410004
6858,0.6864,25,89,25,596164,80280,91071,35185,0.6358509694588772,0.3047243753518382
6859,0.6865,24,71,24,596235,80209,91095,35161,0.6352886199467748,0.30476727052093266
6860,0.6866,40,96,40,596331,80113,91135,35121,0.634528260043087,0.3047798392835448
6861,0.6867,10,55,10,596386,80058,91145,35111,0.6340926371815993,0.30486502444234126
6862,0.6868,16,54,16,596440,80004,91161,35095,0.6336649347357749,0.30491142407840205
6863,0.6869,21,73,21,596513,79931,91182,35074,0.6330867443923457,0.30497804443285076
6864,0.687,18,67,18,596580,79864,91200,35056,0.6325560765428969,0.30504698920988516
6865,0.6871,20,84,20,596664,79780,91220,35036,0.6318907616271702,0.3051491081382386
6866,0.6872,26,94,26,596758,79686,91246,35010,0.6311462425548092,0.30524168236032645
6867,0.6873,28,103,28,596861,79583,91274,34982,0.6303304397414776,0.30534630995504736
6868,0.6874,8,42,8,596903,79541,91282,34974,0.6299977822836142,0.30540977164563593
6869,0.6875,18,71,18,596974,79470,91300,34956,0.6294354327715118,0.30549001101148343
6870,0.6876,17,55,17,597029,79415,91317,34939,0.6289998099100241,0.3055336936180632
6871,0.6877,24,72,24,597101,79343,91341,34915,0.6284295399822583,0.30558035323565963
6872,0.6878,11,62,11,597163,79281,91352,34904,0.6279384742111266,0.3056793799535841
6873,0.6879,17,55,17,597218,79226,91369,34887,0.6275028513496388,0.3057232742982833
6874,0.688,9,52,9,597270,79174,91378,34878,0.6270909897351413,0.3058078771086873
6875,0.6881,17,86,17,597356,79088,91395,34861,0.6264098339880877,0.3059351113217317
6876,0.6882,16,35,16,597391,79053,91411,34845,0.6261326194398682,0.30593162303113314
6877,0.6883,18,74,18,597465,78979,91429,34827,0.6255465086807755,0.3060207721912729
6878,0.6884,22,73,22,597538,78906,91451,34805,0.6249683183373463,0.30608296470877927
6879,0.6885,19,74,19,597612,78832,91470,34786,0.6243822075782537,0.3061662764702776
6880,0.6886,17,70,17,597682,78762,91487,34769,0.6238277784818147,0.3062511560719099
6881,0.6887,24,57,24,597739,78705,91511,34745,0.6233763147890001,0.30625826355222563
6882,0.6888,12,68,12,597807,78637,91523,34733,0.622837726523888,0.30636852782923174
6883,0.6889,24,73,24,597880,78564,91547,34709,0.6222595361804587,0.30641900541170447
6884,0.689,26,66,26,597946,78498,91573,34683,0.6217367887466734,0.30643835979537204
6885,0.6891,35,89,35,598035,78409,91608,34648,0.6210318717526295,0.30646488054698073
6886,0.6892,17,63,17,598098,78346,91625,34631,0.6205328855658345,0.30653141789921845
6887,0.6893,42,98,42,598196,78248,91667,34589,0.6197566848308199,0.30653952161081915
6888,0.6894,18,70,18,598266,78178,91685,34571,0.6192022557343809,0.306619127442372
6889,0.6895,31,84,31,598350,78094,91716,34540,0.6185369408186542,0.30665695971021184
6890,0.6896,28,111,28,598461,77983,91744,34512,0.6176577746800153,0.30678696830970265
6891,0.6897,12,76,12,598537,77907,91756,34500,0.6170558230895957,0.30692038752035017
6892,0.6898,24,71,24,598608,77836,91780,34476,0.6164934735774934,0.3069663081416055
6893,0.6899,8,37,8,598645,77799,91788,34468,0.616200418197947,0.3070180908013931
6894,0.69,10,47,10,598692,77752,91798,34458,0.6158281586617665,0.30708493004188575
6895,0.6901,18,38,18,598730,77714,91816,34440,0.6155271828665568,0.30707776806890524
6896,0.6902,31,113,31,598843,77601,91847,34409,0.614632175896591,0.3071957860905276
6897,0.6903,21,85,21,598928,77516,91868,34388,0.6139589405652008,0.30729911352587935
6898,0.6904,17,41,17,598969,77475,91885,34371,0.6136342035230009,0.3073064749745185
6899,0.6905,18,75,18,599044,77400,91903,34353,0.6130401723482448,0.3074011435934606
6900,0.6906,31,77,31,599121,77323,91934,34322,0.612430300342162,0.30742084285010524
6901,0.6907,19,71,19,599192,77252,91953,34303,0.6118679508300595,0.3074985433194388
6902,0.6908,21,59,21,599251,77193,91974,34282,0.6114006463059182,0.30753083651042834
6903,0.6909,21,47,21,599298,77146,91995,34261,0.6110283867697377,0.3075300474835513
6904,0.691,30,123,30,599421,77023,92025,34231,0.6100541756431378,0.30768331925144266
6905,0.6911,9,66,9,599487,76957,92034,34222,0.6095314282093525,0.30780992813391017
6906,0.6912,9,41,9,599528,76916,92043,34213,0.6092066911671524,0.30786743334323174
6907,0.6913,15,34,15,599562,76882,92058,34198,0.6089373970345964,0.30786820309686713
6908,0.6914,19,66,19,599628,76816,92077,34179,0.608414649600811,0.30793278976530475
6909,0.6915,9,52,9,599680,76764,92086,34170,0.6080027879863136,0.3080209854508086
6910,0.6916,16,23,16,599703,76741,92102,34154,0.607820618426055,0.30798503088507145
6911,0.6917,17,44,17,599747,76697,92119,34137,0.6074721201368648,0.3080011548802714
6912,0.6918,22,61,22,599808,76636,92141,34115,0.6069889747813966,0.30803333604211247
6913,0.6919,9,29,9,599837,76607,92150,34106,0.6067592827271575,0.3080577709934696
6914,0.692,10,44,10,599881,76563,92160,34096,0.6064107844379673,0.3081177310476328
6915,0.6921,28,80,28,599961,76483,92188,34068,0.6057771511848942,0.308165462094418
6916,0.6922,9,76,9,600037,76407,92197,34059,0.6051751995944747,0.3083211123784694
6917,0.6923,23,56,23,600093,76351,92220,34036,0.6047316563173235,0.30833340882531457
6918,0.6924,25,74,25,600167,76277,92245,34011,0.6041455455582309,0.3083835050050776
6919,0.6925,40,98,40,600265,76179,92285,33971,0.6033693448232164,0.3084067181116659
6920,0.6926,29,94,29,600359,76085,92314,33942,0.6026248257508554,0.3084879166022885
6921,0.6927,20,48,20,600407,76037,92334,33922,0.6022446457990115,0.3084968033539774
6922,0.6928,13,68,13,600475,75969,92347,33909,0.6017060575338994,0.3086059083711025
6923,0.6929,27,103,27,600578,75866,92374,33882,0.6008902547205678,0.3087254437438495
6924,0.693,17,44,17,600622,75822,92391,33865,0.6005417564313775,0.30874214811235606
6925,0.6931,14,46,14,600668,75776,92405,33851,0.6001774173108605,0.30878342014284804
6926,0.6932,3,18,3,600686,75758,92408,33848,0.600034849828919,0.30881521084612157
6927,0.6933,23,40,23,600726,75718,92431,33825,0.5997180332023825,0.30878285239586284
6928,0.6934,15,50,15,600776,75668,92446,33810,0.5993220124192118,0.3088291711576755
6929,0.6935,31,83,31,600859,75585,92477,33779,0.5986646179191484,0.30886763468783146
6930,0.6936,23,66,23,600925,75519,92500,33756,0.598141870485363,0.30890871654083735
6931,0.6937,21,72,21,600997,75447,92521,33735,0.5975716005575973,0.3089795021157334
6932,0.6938,16,46,16,601043,75401,92537,33719,0.5972072614370803,0.309008431085044
6933,0.6939,14,36,14,601079,75365,92551,33705,0.5969221264731973,0.30902172916475656
6934,0.694,12,35,12,601114,75330,92563,33693,0.5966449119249778,0.3090448804380727
6935,0.6941,18,58,18,601172,75272,92581,33675,0.5961855278164998,0.3090952481481821
6936,0.6942,30,61,30,601233,75211,92611,33645,0.5957023824610316,0.3090780480634967
6937,0.6943,25,68,25,601301,75143,92636,33620,0.5951637941959194,0.30911247391116464
6938,0.6944,25,95,25,601396,75048,92661,33595,0.5944113547078951,0.3092237880029086
6939,0.6945,17,55,17,601451,74993,92678,33578,0.5939757318464073,0.30927227344318464
6940,0.6946,19,37,19,601488,74956,92697,33559,0.593682676466861,0.3092567847762982
6941,0.6947,30,66,30,601554,74890,92727,33529,0.5931599290330757,0.3092539130595191
6942,0.6948,18,42,18,601596,74848,92745,33511,0.5928272715752123,0.3092590370896741
6943,0.6949,32,92,32,601688,74756,92777,33479,0.5920985933341781,0.3093176883632836
6944,0.695,16,58,16,601746,74698,92793,33463,0.5916392092257001,0.3093813851573118
6945,0.6951,27,64,27,601810,74634,92820,33436,0.5911323026232417,0.30939206070139724
6946,0.6952,18,54,18,601864,74580,92838,33418,0.5907046001774173,0.3094316561417804
6947,0.6953,26,62,26,601926,74518,92864,33392,0.5902135344062857,0.30944305439718284
6948,0.6954,7,44,7,601970,74474,92871,33385,0.5898650361170954,0.30952447176406234
6949,0.6955,12,50,12,602020,74424,92883,33373,0.5894690153339247,0.30959117600675345
6950,0.6956,18,52,18,602072,74372,92901,33355,0.5890571537194272,0.30962525643524835
6951,0.6957,14,74,14,602146,74298,92915,33341,0.5884710429603346,0.30974832542108344
6952,0.6958,20,65,20,602211,74233,92935,33321,0.5879562159422127,0.30980716663257524
6953,0.6959,23,48,23,602259,74185,92958,33298,0.5875760359903688,0.3097978284938083
6954,0.696,24,55,24,602314,74130,92982,33274,0.587140413128881,0.30980224200216006
6955,0.6961,25,100,25,602414,74030,93007,33249,0.5863483715625396,0.30993018204867684
6956,0.6962,27,54,27,602468,73976,93034,33222,0.5859206691167153,0.30991249836750684
6957,0.6963,19,56,19,602524,73920,93053,33203,0.585477125839564,0.3099521111245951
6958,0.6964,17,70,17,602594,73850,93070,33186,0.584922696743125,0.31004521843118205
6959,0.6965,25,80,25,602674,73770,93095,33161,0.5842890634900519,0.3101158691118572
6960,0.6966,21,62,21,602736,73708,93116,33140,0.5837979977189203,0.3101602276130578
6961,0.6967,21,74,21,602810,73634,93137,33119,0.5832118869598276,0.3102395248845466
6962,0.6968,15,52,15,602862,73582,93152,33104,0.5828000253453302,0.31029375925613484
6963,0.6969,28,69,28,602931,73513,93180,33076,0.5822535166645546,0.31031344697858126
6964,0.697,14,51,14,602982,73462,93194,33062,0.5818495754657205,0.31037137170966167
6965,0.6971,20,53,20,603035,73409,93214,33042,0.5814297934355594,0.3103963325849452
6966,0.6972,7,39,7,603074,73370,93221,33035,0.5811208972246864,0.31046473380010337
6967,0.6973,11,60,11,603134,73310,93232,33024,0.5806456722848815,0.31056858577689167
6968,0.6974,29,82,29,603216,73228,93261,32995,0.5799961982004815,0.3106201105222033
6969,0.6975,22,78,22,603294,73150,93283,32973,0.5793784057787352,0.31070550210604675
6970,0.6976,14,66,14,603360,73084,93297,32959,0.5788556583449499,0.3108078798223362
6971,0.6977,18,55,18,603415,73029,93315,32941,0.5784200354834622,0.31085212796074363
6972,0.6978,16,47,16,603462,72982,93331,32925,0.5780477759472817,0.3108859659890281
6973,0.6979,11,46,11,603508,72936,93342,32914,0.5776834368267647,0.3109494567784601
6974,0.698,14,66,14,603574,72870,93356,32900,0.5771606893929794,0.3110522832561218
6975,0.6981,19,78,19,603652,72792,93375,32881,0.5765428969712331,0.3111580063024614
6976,0.6982,31,64,31,603716,72728,93406,32850,0.5760359903687745,0.31114436719771166
6977,0.6983,39,80,39,603796,72648,93445,32811,0.5754023571157014,0.31112565072682274
6978,0.6984,15,31,15,603827,72617,93460,32796,0.5751568242301356,0.31111912192993274
6979,0.6985,20,49,20,603876,72568,93480,32776,0.5747687238626283,0.31113304981774
6980,0.6986,35,96,35,603972,72472,93515,32741,0.5740083639589406,0.31118778097763583
6981,0.6987,22,95,22,604067,72377,93537,32719,0.5732559244709162,0.31132488391565805
6982,0.6988,23,46,23,604113,72331,93560,32696,0.5728915853503992,0.3113104249383492
6983,0.6989,13,48,13,604161,72283,93573,32683,0.5725114053985553,0.3113674904254711
6984,0.699,35,69,35,604230,72214,93608,32648,0.5719648967177797,0.3113425263679884
6985,0.6991,15,53,15,604283,72161,93623,32633,0.5715451146876188,0.31140141611160943
6986,0.6992,15,49,15,604332,72112,93638,32618,0.5711570143201116,0.31144848658455077
6987,0.6993,8,37,8,604369,72075,93646,32610,0.5708639589405652,0.31150594641066054
6988,0.6994,18,53,18,604422,72022,93664,32592,0.5704441769104043,0.31154529986426294
6989,0.6995,16,44,16,604466,71978,93680,32576,0.570095678621214,0.31157105419209213
6990,0.6996,13,26,13,604492,71952,93693,32563,0.5698897478139653,0.3115629335502081
6991,0.6997,13,51,13,604543,71901,93706,32550,0.5694858066151312,0.3116293764540311
6992,0.6998,12,39,12,604582,71862,93718,32538,0.569176910404258,0.31166666666666665
6993,0.6999,15,36,15,604618,71826,93733,32523,0.5688917754403751,0.3116752436535089
6994,0.7,15,66,15,604684,71760,93748,32508,0.5683690280065898,0.3117735067326505
6995,0.7001,10,39,10,604723,71721,93758,32498,0.5680601317957167,0.31182413955228894
6996,0.7002,19,52,19,604775,71669,93777,32479,0.5676482701812191,0.31185428428774437
6997,0.7003,21,42,21,604817,71627,93798,32458,0.5673156127233557,0.311841283566316
6998,0.7004,18,60,18,604877,71567,93816,32440,0.5668403877835508,0.31190208351360965
6999,0.7005,27,78,27,604955,71489,93843,32413,0.5662225953618046,0.31195742141633465
7000,0.7006,11,50,11,605005,71439,93854,32402,0.5658265745786338,0.31203474542810644
7001,0.7007,19,57,19,605062,71382,93873,32383,0.5653751108858193,0.3120801811786248
7002,0.7008,16,64,16,605126,71318,93889,32367,0.5648682042833608,0.3121666586295028
7003,0.7009,5,13,5,605139,71305,93894,32362,0.5647652388797364,0.31217262967000103
7004,0.701,20,67,20,605206,71238,93914,32342,0.5642345710302876,0.3122417455107164
7005,0.7011,9,41,9,605247,71197,93923,32333,0.5639098339880877,0.3123056118999324
7006,0.7012,13,39,13,605286,71158,93936,32320,0.5636009377772145,0.3123369218577862
7007,0.7013,20,78,20,605364,71080,93956,32300,0.5629831453554682,0.3124395434319985
7008,0.7014,16,65,16,605429,71015,93972,32284,0.5624683183373463,0.31252964694721147
7009,0.7015,20,69,20,605498,70946,93992,32264,0.5619218096565708,0.3126053676969286
7010,0.7016,15,49,15,605547,70897,94007,32249,0.5615337092890635,0.3126539080526632
7011,0.7017,18,55,18,605602,70842,94025,32231,0.5610980864275757,0.3127007072657243
7012,0.7018,38,146,38,605748,70696,94063,32193,0.5599417057407172,0.31289059083089543
7013,0.7019,17,58,17,605806,70638,94080,32176,0.5594823216322392,0.31295348882447915
7014,0.702,16,31,16,605837,70607,94096,32160,0.5592367887466734,0.31294092461587864
7015,0.7021,27,70,27,605907,70537,94123,32133,0.5586823596502345,0.31297360475309244
7016,0.7022,23,73,23,605980,70464,94146,32110,0.5581041693068052,0.31304229141887807
7017,0.7023,24,59,24,606039,70405,94170,32086,0.5576368647826638,0.3130616346801183
7018,0.7024,9,66,9,606105,70339,94179,32077,0.5571141173488785,0.3132030151538822
7019,0.7025,18,60,18,606165,70279,94197,32059,0.5566388924090736,0.31326584455432
7020,0.7026,21,63,21,606228,70216,94218,32038,0.5561399062222785,0.31331781641793965
7021,0.7027,19,52,19,606280,70164,94237,32019,0.555728044607781,0.31334957869704355
7022,0.7028,30,58,30,606338,70106,94267,31989,0.555268660499303,0.31332582398746267
7023,0.7029,16,37,16,606375,70069,94283,31973,0.5549756051197566,0.3133317653515219
7024,0.703,25,60,25,606435,70009,94308,31948,0.5545003801799518,0.31334778386967055
7025,0.7031,10,56,10,606491,69953,94318,31938,0.5540568369028006,0.31345261112365175
7026,0.7032,25,77,25,606568,69876,94343,31913,0.5534469648967177,0.3135211073888141
7027,0.7033,18,70,18,606638,69806,94361,31895,0.5528925358002788,0.3136154020117796
7028,0.7034,16,32,16,606670,69774,94377,31879,0.5526390824990496,0.3136060913106352
7029,0.7035,19,35,19,606705,69739,94396,31860,0.5523618679508301,0.3135857636394059
7030,0.7036,22,94,22,606799,69645,94418,31838,0.5516173488784691,0.3137274223268922
7031,0.7037,7,38,7,606837,69607,94425,31831,0.5513163730832594,0.3137975906465033
7032,0.7038,31,75,31,606912,69532,94456,31800,0.5507223419085033,0.3138199186831406
7033,0.7039,11,36,11,606948,69496,94467,31789,0.5504372069446205,0.31385693834230144
7034,0.704,21,60,21,607008,69436,94488,31768,0.5499619820048156,0.31390063633848464
7035,0.7041,18,58,18,607066,69378,94506,31750,0.5495025978963376,0.3139585475832608
7036,0.7042,11,40,11,607106,69338,94517,31739,0.549185781269801,0.3140081324139023
7037,0.7043,22,63,22,607169,69275,94539,31717,0.548686795083006,0.31405457858048164
7038,0.7044,38,78,38,607247,69197,94577,31679,0.5480690026612597,0.31403901820056307
7039,0.7045,16,58,16,607305,69139,94593,31663,0.5476096185527817,0.3141108311343029
7040,0.7046,14,37,14,607342,69102,94607,31649,0.5473165631732353,0.31413087711288223
7041,0.7047,11,69,11,607411,69033,94618,31638,0.5467700544924597,0.314271239979736
7042,0.7048,22,84,22,607495,68949,94640,31616,0.546104739576733,0.31438373191468205
7043,0.7049,12,66,12,607561,68883,94652,31604,0.5455819921429477,0.31450834436295244
7044,0.705,14,40,14,607601,68843,94666,31590,0.5452651755164111,0.3145380502424502
7045,0.7051,18,80,18,607681,68763,94684,31572,0.544631542263338,0.3146658693377186
7046,0.7052,22,43,22,607724,68720,94706,31550,0.5442909643898112,0.3146504438017353
7047,0.7053,9,60,9,607784,68660,94715,31541,0.5438157394500064,0.31477729763176016
7048,0.7054,24,85,24,607869,68575,94739,31517,0.5431425041186162,0.3148803101146945
7049,0.7055,15,85,15,607954,68490,94754,31502,0.5424692687872259,0.3150452036162893
7050,0.7056,11,47,11,608001,68443,94765,31491,0.5420970092510455,0.31511797786539114
7051,0.7057,17,57,17,608058,68386,94782,31474,0.5416455455582309,0.31518125375525735
7052,0.7058,12,28,12,608086,68358,94794,31462,0.5414237739196553,0.31518733720697256
7053,0.7059,27,61,27,608147,68297,94821,31435,0.540940628564187,0.31519472185457026
7054,0.706,11,55,11,608202,68242,94832,31424,0.5405050057026993,0.3152930788834708
7055,0.7061,18,80,18,608282,68162,94850,31406,0.5398713724496261,0.31542262574321067
7056,0.7062,28,77,28,608359,68085,94878,31378,0.5392615004435433,0.3154740958949559
7057,0.7063,32,73,32,608432,68012,94910,31346,0.538683310100114,0.3154854163731154
7058,0.7064,26,32,26,608464,67980,94936,31320,0.5384298567988848,0.31540785498489426
7059,0.7065,30,68,30,608532,67912,94966,31290,0.5378912685337727,0.31541702788250237
7060,0.7066,13,64,13,608596,67848,94979,31277,0.5373843619313141,0.315530895334174
7061,0.7067,22,63,22,608659,67785,95001,31255,0.5368853757445191,0.315579563812601
7062,0.7068,22,62,22,608721,67723,95023,31233,0.5363943099733874,0.31562512631876793
7063,0.7069,25,66,25,608787,67657,95048,31208,0.5358715625396021,0.3156627724675062
7064,0.707,12,40,12,608827,67617,95060,31196,0.5355547459130655,0.31570744740064566
7065,0.7071,15,71,15,608898,67546,95075,31181,0.5349923964009631,0.3158305225520881
7066,0.7072,22,63,22,608961,67483,95097,31159,0.5344934102141681,0.31587964558707243
7067,0.7073,18,63,18,609024,67420,95115,31141,0.533994424027373,0.3159566156999219
7068,0.7074,33,105,33,609129,67315,95148,31108,0.5331627803827145,0.3160643345559473
7069,0.7075,11,39,11,609168,67276,95159,31097,0.5328538841718413,0.3161131611316113
7070,0.7076,16,27,16,609195,67249,95175,31081,0.5326400329489291,0.31608868097223636
7071,0.7077,15,38,15,609233,67211,95190,31066,0.5323390571537194,0.3161065152578935
7072,0.7078,14,32,14,609265,67179,95204,31052,0.5320856038524902,0.3161120216632224
7073,0.7079,18,40,18,609305,67139,95222,31034,0.5317687872259537,0.3161154288857425
7074,0.708,16,38,16,609343,67101,95238,31018,0.5314678114307438,0.3161263363874479
7075,0.7081,29,60,29,609403,67041,95267,30989,0.5309925864909391,0.3161175150464144
7076,0.7082,22,81,22,609484,66960,95289,30967,0.5303510328222025,0.3162253515373697
7077,0.7083,10,45,10,609529,66915,95299,30957,0.5299946141173488,0.31630088278567925
7078,0.7084,9,42,9,609571,66873,95308,30948,0.5296619566594855,0.3163737847701414
7079,0.7085,19,55,19,609626,66818,95327,30929,0.5292263337979978,0.3164189182276694
7080,0.7086,23,60,23,609686,66758,95350,30906,0.5287511088581929,0.3164523263433814
7081,0.7087,10,42,10,609728,66716,95360,30896,0.5284184514003295,0.3165184608449781
7082,0.7088,25,73,25,609801,66643,95385,30871,0.5278402610569003,0.316580183358287
7083,0.7089,25,61,25,609862,66582,95410,30846,0.5273571157014321,0.31660302992979433
7084,0.709,20,43,20,609905,66539,95430,30826,0.5270165378279053,0.3166024752221024
7085,0.7091,14,42,14,609947,66497,95444,30812,0.5266838803700418,0.3166408040366256
7086,0.7092,27,86,27,610033,66411,95471,30785,0.5260027246229882,0.3167311411992263
7087,0.7093,12,65,12,610098,66346,95483,30773,0.5254878976048662,0.31685869912169606
7088,0.7094,7,57,7,610155,66289,95490,30766,0.5250364339120517,0.3169955180052548
7089,0.7095,9,31,9,610186,66258,95499,30757,0.5247909010264858,0.3170334484358089
7090,0.7096,23,69,23,610255,66189,95522,30734,0.5242443923457103,0.3170970770611723
7091,0.7097,12,41,12,610296,66148,95534,30722,0.5239196553035104,0.317146691442139
7092,0.7098,23,47,23,610343,66101,95557,30699,0.5235473957673299,0.31713842975206613
7093,0.7099,22,64,22,610407,66037,95579,30677,0.5230404891648713,0.31719296068821473
7094,0.71,19,70,19,610477,65967,95598,30658,0.5224860600684323,0.3172884864165589
7095,0.7101,13,54,13,610531,65913,95611,30645,0.522058357622608,0.3173740135462623
7096,0.7102,26,60,26,610591,65853,95637,30619,0.5215831326828032,0.31738742847665646
7097,0.7103,35,64,35,610655,65789,95672,30584,0.5210762260803447,0.31735029520716385
7098,0.7104,9,23,9,610678,65766,95681,30575,0.5208940565200861,0.31736228604643923
7099,0.7105,11,24,11,610702,65742,95692,30564,0.5207039665441643,0.31736340414927416
7100,0.7106,11,32,11,610734,65710,95703,30553,0.520450513242935,0.31739089785275754
7101,0.7107,17,38,17,610772,65672,95720,30536,0.5201495374477253,0.3173956427739897
7102,0.7108,15,45,15,610817,65627,95735,30521,0.5197931187428716,0.3174377002121729
7103,0.7109,11,34,11,610851,65593,95746,30510,0.5195238246103155,0.3174718791296838
7104,0.711,18,64,18,610915,65529,95764,30492,0.5190169180078571,0.3175555347267785
7105,0.7111,13,57,13,610972,65472,95777,30479,0.5185654543150424,0.3176517180644287
7106,0.7112,25,85,25,611057,65387,95802,30454,0.5178922189836522,0.31775544912928705
7107,0.7113,12,74,12,611131,65313,95814,30442,0.5173061082245596,0.31791551355020625
7108,0.7114,15,50,15,611181,65263,95829,30427,0.5169100874413889,0.31797471000104505
7109,0.7115,14,39,14,611220,65224,95843,30413,0.5166011912305157,0.3180045379926179
7110,0.7116,9,62,9,611282,65162,95852,30404,0.5161101254593841,0.31814662118326603
7111,0.7117,12,53,12,611335,65109,95864,30392,0.5156903434292232,0.31823750536643597
7112,0.7118,17,53,17,611388,65056,95881,30375,0.5152705613990622,0.31829279793777704
7113,0.7119,24,62,24,611450,64994,95905,30351,0.5147794956279306,0.3183281766217421
7114,0.712,15,61,15,611511,64933,95920,30336,0.5142963502724623,0.3184246711941975
7115,0.7121,21,100,21,611611,64833,95941,30315,0.5135043087061208,0.31860890402320596
7116,0.7122,12,38,12,611649,64795,95953,30303,0.5132033329109111,0.31865023449494206
7117,0.7123,24,83,24,611732,64712,95977,30279,0.5125459384108478,0.3187565137749892
7118,0.7124,18,52,18,611784,64660,95995,30261,0.5121340767963503,0.3188019510961747
7119,0.7125,12,23,12,611807,64637,96007,30249,0.5119519072360917,0.31879307800940077
7120,0.7126,33,103,33,611910,64534,96040,30216,0.5111361044227601,0.3189023746701847
7121,0.7127,15,46,15,611956,64488,96055,30201,0.5107717653022431,0.3189494027817381
7122,0.7128,18,70,18,612026,64418,96073,30183,0.5102173362058041,0.3190558239342079
7123,0.7129,11,43,11,612069,64375,96084,30172,0.5098767583322773,0.3191217066644103
7124,0.713,13,47,13,612116,64328,96097,30159,0.5095044987960968,0.3191867664334776
7125,0.7131,19,68,19,612184,64260,96116,30140,0.5089659105309846,0.31927966101694916
7126,0.7132,17,54,17,612238,64206,96133,30123,0.5085382080851603,0.31933975765671213
7127,0.7133,17,37,17,612275,64169,96150,30106,0.508245152705614,0.3193423495094139
7128,0.7134,30,66,30,612341,64103,96180,30076,0.5077224052718287,0.31934932415931366
7129,0.7135,17,30,17,612371,64073,96197,30059,0.5074847928019263,0.3193281774529384
7130,0.7136,7,26,7,612397,64047,96204,30052,0.5072788619946775,0.3193657743440419
7131,0.7137,13,59,13,612456,63988,96217,30039,0.5068115574705361,0.3194720665340806
7132,0.7138,31,90,31,612546,63898,96248,30008,0.5060987200608288,0.3195535961493408
7133,0.7139,40,82,40,612628,63816,96288,29968,0.5054492459764288,0.31954277915209417
7134,0.714,13,59,13,612687,63757,96301,29955,0.5049819414522874,0.3196495646235274
7135,0.7141,11,31,11,612718,63726,96312,29944,0.5047364085667215,0.31967545638945233
7136,0.7142,16,55,16,612773,63671,96328,29928,0.5043007857052338,0.31974700584407956
7137,0.7143,11,28,11,612801,63643,96339,29917,0.5040790140666582,0.31976271911073106
7138,0.7144,13,50,13,612851,63593,96352,29904,0.5036829932834875,0.3198391392237184
7139,0.7145,29,62,29,612913,63531,96381,29875,0.5031919275123559,0.31984026722052117
7140,0.7146,13,34,13,612947,63497,96394,29862,0.5029226333797998,0.31986203793956663
7141,0.7147,19,34,19,612981,63463,96413,29843,0.5026533392472436,0.3198400960281225
7142,0.7148,35,105,35,613086,63358,96448,29808,0.5018216956025853,0.3199450443294764
7143,0.7149,19,84,19,613170,63274,96467,29789,0.5011563806868584,0.32009498941577214
7144,0.715,18,57,18,613227,63217,96485,29771,0.5007049169940438,0.32015959048479375
7145,0.7151,17,50,17,613277,63167,96502,29754,0.5003088962108732,0.32020748808127336
7146,0.7152,29,62,29,613339,63105,96531,29725,0.4998178304397415,0.320208984164602
7147,0.7153,12,62,12,613401,63043,96543,29713,0.4993267646686098,0.320335072663763
7148,0.7154,15,57,15,613458,62986,96558,29698,0.4988753009757952,0.32042207932329203
7149,0.7155,22,59,22,613517,62927,96580,29676,0.4984079964516538,0.3204647797587551
7150,0.7156,17,51,17,613568,62876,96597,29659,0.49800405525281966,0.3205165613011293
7151,0.7157,24,65,24,613633,62811,96621,29635,0.49748922823469777,0.32056551933020355
7152,0.7158,8,28,8,613661,62783,96629,29627,0.49726745659612215,0.32060383075424737
7153,0.7159,17,66,17,613727,62717,96646,29610,0.4967447091623368,0.32070791859369413
7154,0.716,37,76,37,613803,62641,96683,29573,0.4961427575719174,0.3206996768386579
7155,0.7161,11,31,11,613834,62610,96694,29562,0.49589722468635156,0.3207264679078245
7156,0.7162,13,45,13,613879,62565,96707,29549,0.4955408059814979,0.3207872853203639
7157,0.7163,13,53,13,613932,62512,96720,29536,0.49512102395133695,0.32087606466191554
7158,0.7164,34,126,34,614058,62386,96754,29502,0.4941230515777468,0.32106477450809684
7159,0.7165,12,43,12,614101,62343,96766,29490,0.49378247370422,0.3211263924732939
7160,0.7166,26,69,26,614170,62274,96792,29464,0.4932359650234444,0.32117552159410495
7161,0.7167,17,51,17,614221,62223,96809,29447,0.49283202382461033,0.32122831897021925
7162,0.7168,24,75,24,614296,62148,96833,29423,0.49223799264985424,0.3213135162879077
7163,0.7169,19,62,19,614358,62086,96852,29404,0.49174692687872257,0.3213903158815171
7164,0.717,20,46,20,614404,62040,96872,29384,0.49138258775820554,0.3214035701785089
7165,0.7171,12,44,12,614448,61996,96884,29372,0.49103408946901533,0.32146922336047634
7166,0.7172,7,52,7,614500,61944,96891,29365,0.4906222278545178,0.32160028036666705
7167,0.7173,18,46,18,614546,61898,96909,29347,0.4902578887340008,0.32162858238807607
7168,0.7174,36,97,36,614643,61801,96945,29311,0.4894896084146496,0.321702958995522
7169,0.7175,26,63,26,614706,61738,96971,29285,0.4889906222278545,0.3217318699669314
7170,0.7176,19,57,19,614763,61681,96990,29266,0.48853915853503993,0.32179181281405655
7171,0.7177,14,34,14,614797,61647,97004,29252,0.4882698644024838,0.3218077206569929
7172,0.7178,11,57,11,614854,61590,97015,29241,0.48781840070966925,0.32192753575321204
7173,0.7179,11,23,11,614877,61567,97026,29230,0.48763623114941074,0.32192693591197946
7174,0.718,11,52,11,614929,61515,97037,29219,0.4872243695349132,0.3220292282936937
7175,0.7181,30,72,30,615001,61443,97067,29189,0.4866540996071474,0.32206064083325975
7176,0.7182,20,65,20,615066,61378,97087,29169,0.48613927258902545,0.3221420919522458
7177,0.7183,22,59,22,615125,61319,97109,29147,0.48567196806488405,0.32218734110052394
7178,0.7184,10,24,10,615149,61295,97119,29137,0.4854818780889621,0.32219789455060155
7179,0.7185,19,53,19,615202,61242,97138,29118,0.4850620960588012,0.3222443559096946
7180,0.7186,12,52,12,615254,61190,97150,29106,0.48465023444430366,0.32233986001594755
7181,0.7187,25,78,25,615332,61112,97175,29081,0.48403244202255735,0.3224307873116539
7182,0.7188,14,35,14,615367,61077,97189,29067,0.48375522747433786,0.3224507454739084
7183,0.7189,12,46,12,615413,61031,97201,29055,0.4833908883538208,0.3225251426414759
7184,0.719,23,42,23,615455,60989,97224,29032,0.4830582308959574,0.3225025271881006
7185,0.7191,20,44,20,615499,60945,97244,29012,0.4827097326067672,0.32250964349633715
7186,0.7192,22,75,22,615574,60870,97266,28990,0.48211570143201116,0.3226129534831961
7187,0.7193,20,53,20,615627,60817,97286,28970,0.4816959194018502,0.3226524998050943
7188,0.7194,36,127,36,615754,60690,97322,28934,0.48069002661259663,0.3228376327769347
7189,0.7195,23,51,23,615805,60639,97345,28911,0.4802860854137625,0.32284757118927976
7190,0.7196,16,64,16,615869,60575,97361,28895,0.479779178811304,0.3229574158935956
7191,0.7197,29,37,29,615906,60538,97390,28866,0.47948612343175767,0.3228714598899378
7192,0.7198,10,36,10,615942,60502,97400,28856,0.4792009884678748,0.32292575930526646
7193,0.7199,8,40,8,615982,60462,97408,28848,0.47888417184133825,0.3230097413503527
7194,0.72,25,54,25,616036,60408,97433,28823,0.4784564693955139,0.32301554392531745
7195,0.7201,17,43,17,616079,60365,97450,28806,0.4781158915219871,0.32304224467595966
7196,0.7202,15,37,15,616116,60328,97465,28791,0.47782283614244075,0.32306242215464714
7197,0.7203,18,33,18,616149,60295,97483,28773,0.4775614624255481,0.3230453136929088
7198,0.7204,15,42,15,616191,60253,97498,28758,0.4772288049676847,0.3230836638168316
7199,0.7205,11,31,11,616222,60222,97509,28747,0.4769832720821189,0.3231125448189819
7200,0.7206,13,59,13,616281,60163,97522,28734,0.4765159675579774,0.3232280054445032
7201,0.7207,14,74,14,616355,60089,97536,28720,0.47592985679888483,0.3233906473443007
7202,0.7208,29,66,29,616421,60023,97565,28691,0.4754071093650995,0.32341005929165634
7203,0.7209,15,74,15,616495,59949,97580,28676,0.47482099860600685,0.32356558533145274
7204,0.721,36,58,36,616553,59891,97616,28640,0.47436161449752884,0.32350250194847
7205,0.7211,16,47,16,616600,59844,97632,28624,0.47398935496134836,0.3235520188090609
7206,0.7212,15,63,15,616663,59781,97647,28609,0.4734903687745533,0.32366783572802355
7207,0.7213,24,68,24,616731,59713,97671,28585,0.47295178050944114,0.3237332668916623
7208,0.7214,15,39,15,616770,59674,97686,28570,0.472642884298568,0.3237613888762975
7209,0.7215,27,52,27,616822,59622,97713,28543,0.47223102268407047,0.323745250382805
7210,0.7216,8,47,8,616869,59575,97721,28535,0.47185876314789,0.3238565429576665
7211,0.7217,9,87,9,616956,59488,97730,28526,0.471169686985173,0.32410752834776285
7212,0.7218,23,56,23,617012,59432,97753,28503,0.4707261437080218,0.3241371467561267
7213,0.7219,19,71,19,617083,59361,97772,28484,0.4701637941959194,0.32425294552905687
7214,0.722,20,60,20,617143,59301,97792,28464,0.4696885692561146,0.32432062895231584
7215,0.7221,11,30,11,617173,59271,97803,28453,0.4694509567862121,0.32434681501071544
7216,0.7222,13,52,13,617225,59219,97816,28440,0.4690390951717146,0.32443901938192315
7217,0.7223,14,45,14,617270,59174,97830,28426,0.46868267646686096,0.3244977168949772
7218,0.7224,25,55,25,617325,59119,97855,28401,0.4682470536053732,0.32450868372943326
7219,0.7225,22,72,22,617397,59047,97877,28379,0.4676767836776074,0.3246059524626541
7220,0.7226,11,34,11,617431,59013,97888,28368,0.46740748954505135,0.3246472345246678
7221,0.7227,24,49,24,617480,58964,97912,28344,0.46701938917754404,0.32464378980162184
7222,0.7228,19,44,19,617524,58920,97931,28325,0.46667089088835384,0.3246604389936386
7223,0.7229,21,60,21,617584,58860,97952,28304,0.466195665948549,0.3247212151805791
7224,0.723,10,37,10,617621,58823,97962,28294,0.4659026105690027,0.32478161552854207
7225,0.7231,18,93,18,617714,58730,97980,28276,0.46516601191230517,0.3249890812127899
7226,0.7232,13,45,13,617759,58685,97993,28263,0.4648095932074515,0.32505635552284123
7227,0.7233,27,55,27,617814,58630,98020,28236,0.4643739703459638,0.3250523795270877
7228,0.7234,21,48,21,617862,58582,98041,28215,0.46399379039411986,0.3250688387847506
7229,0.7235,31,61,31,617923,58521,98072,28184,0.46351064503865164,0.325056225131192
7230,0.7236,26,53,26,617976,58468,98098,28158,0.46309086300849067,0.3250525246461801
7231,0.7237,30,75,30,618051,58393,98128,28128,0.46249683183373463,0.32510026467562786
7232,0.7238,5,22,5,618073,58371,98133,28123,0.4623225826891395,0.3251439406201586
7233,0.7239,10,18,10,618091,58353,98143,28113,0.4621800152071981,0.32513357851641106
7234,0.724,29,79,29,618170,58274,98172,28084,0.4615543023697884,0.32520438175965166
7235,0.7241,34,118,34,618288,58156,98206,28050,0.4606196933215055,0.32538338398719346
7236,0.7242,29,65,29,618353,58091,98235,28021,0.4601048663033836,0.3254018023039762
7237,0.7243,24,89,24,618442,58002,98259,27997,0.45939994930933975,0.32555029709647787
7238,0.7244,22,42,22,618484,57960,98281,27975,0.4590672918514764,0.3255367428870658
7239,0.7245,14,35,14,618519,57925,98295,27961,0.4587900773032569,0.3255594625433714
7240,0.7246,24,54,24,618573,57871,98319,27937,0.45836237485743253,0.3255757038970725
7241,0.7247,11,34,11,618607,57837,98330,27926,0.4580930807248764,0.32561827361449575
7242,0.7248,21,50,21,618657,57787,98351,27905,0.45769705994170573,0.32564300051346684
7243,0.7249,12,54,12,618711,57733,98363,27893,0.4572693574958814,0.32575385980893656
7244,0.725,24,46,24,618757,57687,98387,27869,0.45690501837536435,0.3257398662864089
7245,0.7251,14,33,14,618790,57654,98401,27855,0.4566436446584717,0.3257551836648774
7246,0.7252,25,42,25,618832,57612,98426,27830,0.4563109872006083,0.32571803094496854
7247,0.7253,8,14,8,618846,57598,98434,27822,0.4562001013813205,0.3257082650433154
7248,0.7254,21,51,21,618897,57547,98455,27801,0.45579616018248637,0.3257369827060974
7249,0.7255,16,33,16,618930,57514,98471,27785,0.4555347864655937,0.32573652680570697
7250,0.7256,27,56,27,618986,57458,98498,27758,0.4550912431884425,0.3257369508073601
7251,0.7257,13,37,13,619023,57421,98511,27745,0.4547981878088962,0.325775544231266
7252,0.7258,14,28,14,619051,57393,98525,27731,0.45457641617032063,0.32577181523424653
7253,0.7259,27,48,27,619099,57345,98552,27704,0.45419623621847677,0.3257416312949006
7254,0.726,14,41,14,619140,57304,98566,27690,0.4538714991762768,0.3257877026613643
7255,0.7261,22,49,22,619189,57255,98588,27668,0.4534833988087695,0.32580101974730047
7256,0.7262,10,31,10,619220,57224,98598,27658,0.45323786592320364,0.3258405786857049
7257,0.7263,10,64,10,619284,57160,98608,27648,0.45273095932074514,0.3260069804735402
7258,0.7264,12,42,12,619326,57118,98620,27636,0.45239830186288177,0.3260731056941265
7259,0.7265,16,63,16,619389,57055,98636,27620,0.45189931567608665,0.3261883672866844
7260,0.7266,14,41,14,619430,57014,98650,27606,0.4515745786338867,0.32623493264003783
7261,0.7267,41,86,41,619516,56928,98691,27565,0.4508934228868331,0.32624004355390385
7262,0.7268,25,34,25,619550,56894,98716,27540,0.45062412875427704,0.3261719212639458
7263,0.7269,35,67,35,619617,56827,98751,27505,0.45009346090482827,0.3261514016031874
7264,0.727,12,30,12,619647,56797,98763,27493,0.4498558484349259,0.32617155059912206
7265,0.7271,13,37,13,619684,56760,98776,27480,0.44956279305537955,0.3262108262108262
7266,0.7272,23,71,23,619755,56689,98799,27457,0.4490004435432772,0.32630190383381263
7267,0.7273,36,66,36,619821,56623,98835,27421,0.44847769610949184,0.3262695730807672
7268,0.7274,12,55,12,619876,56568,98847,27409,0.44804207324800405,0.3263869869130833
7269,0.7275,15,46,15,619922,56522,98862,27394,0.447677734127487,0.32644549311215976
7270,0.7276,30,82,30,620004,56440,98892,27364,0.44702826004308704,0.32652379361367
7271,0.7277,28,68,28,620072,56372,98920,27336,0.4464896717779749,0.32656376929325753
7272,0.7278,10,50,10,620122,56322,98930,27326,0.4460936509948042,0.3266784621270084
7273,0.7279,5,28,5,620150,56294,98935,27321,0.44587187935622863,0.326747593135203
7274,0.728,12,35,12,620185,56259,98947,27309,0.44559466480800913,0.3267877656519242
7275,0.7281,17,42,17,620227,56217,98964,27292,0.44526200735014576,0.3268150738243782
7276,0.7282,13,40,13,620267,56177,98977,27279,0.44494519072360916,0.326866851993865
7277,0.7283,12,43,12,620310,56134,98989,27267,0.44460461285008235,0.32693852591695544
7278,0.7284,16,48,16,620358,56086,99005,27251,0.4442244328982385,0.3269976121050674
7279,0.7285,13,41,13,620399,56045,99018,27238,0.4438996958560385,0.32705354033836437
7280,0.7286,17,62,17,620461,55983,99035,27221,0.44340863008490683,0.32715975193500313
7281,0.7287,9,47,9,620508,55936,99044,27212,0.4430363705487264,0.3272718526001828
7282,0.7288,28,66,28,620574,55870,99072,27184,0.4425136231149411,0.32730512678498325
7283,0.7289,10,31,10,620605,55839,99082,27174,0.44226809022937524,0.3273463192512016
7284,0.729,16,52,16,620657,55787,99098,27158,0.4418562286148777,0.32742178552052564
7285,0.7291,15,46,15,620703,55741,99113,27143,0.4414918894943607,0.3274817817672892
7286,0.7292,10,59,10,620762,55682,99123,27133,0.44102458497021924,0.3276338827507094
7287,0.7293,15,64,15,620826,55618,99138,27118,0.44051767836776073,0.32776542254883
7288,0.7294,13,50,13,620876,55568,99151,27105,0.44012165758459004,0.3278579463670122
7289,0.7295,15,33,15,620909,55535,99166,27090,0.4398602838676974,0.3278668683812405
7290,0.7296,32,94,32,621003,55441,99198,27058,0.4391157647953365,0.3279797330876738
7291,0.7297,7,36,7,621039,55405,99205,27051,0.43883062983145354,0.3280658775589405
7292,0.7298,20,56,20,621095,55349,99225,27031,0.43838708655430236,0.3281257586792911
7293,0.7299,19,47,19,621142,55302,99244,27012,0.4380148270181219,0.32815802901086083
7294,0.73,24,57,24,621199,55245,99268,26988,0.4375633633253073,0.3281894130093758
7295,0.7301,13,51,13,621250,55194,99281,26975,0.4371594221264732,0.3282868234979128
7296,0.7302,9,15,9,621265,55179,99290,26966,0.437040615891522,0.3282731754823787
7297,0.7303,12,40,12,621305,55139,99302,26954,0.43672379926498545,0.32833493720536466
7298,0.7304,16,66,16,621371,55073,99318,26938,0.4362010518312001,0.3284681323237127
7299,0.7305,25,65,25,621436,55008,99343,26913,0.43568622481307817,0.3285238217306918
7300,0.7306,37,78,37,621514,54930,99380,26876,0.4350684323913319,0.32853335941129014
7301,0.7307,19,88,19,621602,54842,99399,26857,0.43437143581295146,0.328731073819753
7302,0.7308,18,37,18,621639,54805,99417,26839,0.43407838043340513,0.32873205624418206
7303,0.7309,19,40,19,621679,54765,99436,26820,0.4337615638068686,0.3287369001654716
7304,0.731,17,43,17,621722,54722,99453,26803,0.4334209859333418,0.3287703158540325
7305,0.7311,15,64,15,621786,54658,99468,26788,0.4329140793308833,0.32890504137710874
7306,0.7312,12,38,12,621824,54620,99480,26776,0.43261310353567356,0.3289596540370534
7307,0.7313,12,45,12,621869,54575,99492,26764,0.4322566848308199,0.32904264866792066
7308,0.7314,20,51,20,621920,54524,99512,26744,0.4318527436319858,0.32908401830978984
7309,0.7315,32,75,32,621995,54449,99544,26712,0.43125871245722974,0.3291235938443341
7310,0.7316,9,23,9,622018,54426,99553,26703,0.4310765428969712,0.32914247679621345
7311,0.7317,21,37,21,622055,54389,99574,26682,0.4307834875174249,0.3291189204524429
7312,0.7318,13,28,13,622083,54361,99587,26669,0.43056171587884934,0.3291250154263853
7313,0.7319,14,33,14,622116,54328,99601,26655,0.4303003421619567,0.32914315350135215
7314,0.732,14,36,14,622152,54292,99615,26641,0.43001520719807373,0.3291735138942088
7315,0.7321,21,54,21,622206,54238,99636,26620,0.4295875047522494,0.3292191248856019
7316,0.7322,17,31,17,622237,54207,99653,26603,0.42934197186668355,0.3292043063977231
7317,0.7323,14,43,14,622280,54164,99667,26589,0.4290013939931568,0.3292633091030674
7318,0.7324,7,22,7,622302,54142,99674,26582,0.42882714484856166,0.32929488132401763
7319,0.7325,15,38,15,622340,54104,99689,26567,0.42852616905335195,0.3293252841789491
7320,0.7326,20,79,20,622419,54025,99709,26547,0.4279004562159422,0.32948170580350494
7321,0.7327,25,45,25,622464,53980,99734,26522,0.4275440375110886,0.3294576532260068
7322,0.7328,17,54,17,622518,53926,99751,26505,0.42711633506526425,0.32953711877261255
7323,0.7329,18,40,18,622558,53886,99769,26487,0.42679951843872765,0.3295509686088612
7324,0.733,23,54,23,622612,53832,99792,26464,0.4263718159929033,0.3295805519577563
7325,0.7331,11,24,11,622636,53808,99803,26453,0.42618172601698134,0.3295872216892389
7326,0.7332,15,38,15,622674,53770,99818,26438,0.42588075022177163,0.32961799321763413
7327,0.7333,15,34,15,622708,53736,99833,26423,0.4256114560892156,0.32963235569306004
7328,0.7334,20,53,20,622761,53683,99853,26403,0.4251916740590546,0.32968309067752166
7329,0.7335,11,25,11,622786,53658,99864,26392,0.42499366366746927,0.3296939412866958
7330,0.7336,8,39,8,622825,53619,99872,26384,0.4246847674565961,0.32978763296376384
7331,0.7337,27,81,27,622906,53538,99899,26357,0.4240432137878596,0.32989548782777395
7332,0.7338,16,70,16,622976,53468,99915,26341,0.4234887846914206,0.3300504955581451
7333,0.7339,26,60,26,623036,53408,99941,26315,0.42301355975161575,0.3300804033967613
7334,0.734,20,63,20,623099,53345,99961,26295,0.4225145735648207,0.33017327975891514
7335,0.7341,10,36,10,623135,53309,99971,26285,0.42222943860093776,0.3302384601854411
7336,0.7342,8,30,8,623165,53279,99979,26277,0.42199182613103536,0.33029564080647594
7337,0.7343,13,35,13,623200,53244,99992,26264,0.42171461158281587,0.33033153896463247
7338,0.7344,16,46,16,623246,53198,100008,26248,0.42135027246229884,0.3303879364599854
7339,0.7345,22,63,22,623309,53135,100030,26226,0.4208512862755037,0.3304645858797142
7340,0.7346,15,61,15,623370,53074,100045,26211,0.4203681409200355,0.3305921674970045
7341,0.7347,4,47,4,623417,53027,100049,26207,0.419995881383855,0.33075447408940606
7342,0.7348,15,37,15,623454,52990,100064,26192,0.4197028260043087,0.3307822484908186
7343,0.7349,12,32,12,623486,52958,100076,26180,0.41944937270307947,0.3308145265232884
7344,0.735,22,71,22,623557,52887,100098,26158,0.41888702319097704,0.3309254222278449
7345,0.7351,14,18,14,623575,52869,100112,26144,0.4187444557090356,0.33088225988128533
7346,0.7352,9,35,9,623610,52834,100121,26135,0.41846724116081613,0.3309526523066013
7347,0.7353,21,69,21,623679,52765,100142,26114,0.4179207324800406,0.33106403478745927
7348,0.7354,30,74,30,623753,52691,100172,26084,0.41733462172094793,0.3311202792764202
7349,0.7355,9,54,9,623807,52637,100181,26075,0.4169069192751236,0.33127096249618865
7350,0.7356,14,59,14,623866,52578,100195,26061,0.4164396147509821,0.33140045015831837
7351,0.7357,10,28,10,623894,52550,100205,26051,0.41621784311240656,0.33143344232261673
7352,0.7358,25,79,25,623973,52471,100230,26026,0.4155921302749968,0.3315540721301451
7353,0.7359,22,66,22,624039,52405,100252,26004,0.41506938284121153,0.33164560190794423
7354,0.736,11,17,11,624056,52388,100263,25993,0.41493473577493345,0.3316237353440247
7355,0.7361,32,62,32,624118,52326,100295,25961,0.4144436700038018,0.33161316693703935
7356,0.7362,31,52,31,624170,52274,100326,25930,0.41403180838930426,0.33156871771264895
7357,0.7363,11,32,11,624202,52242,100337,25919,0.41377835508807503,0.3316103939304768
7358,0.7364,14,27,14,624229,52215,100351,25905,0.41356450386516286,0.33160522273425497
7359,0.7365,15,48,15,624277,52167,100366,25890,0.413184323913319,0.3316806948768208
7360,0.7366,20,70,20,624347,52097,100386,25870,0.41262989481688,0.33180704657098514
7361,0.7367,22,30,22,624377,52067,100408,25848,0.41239228234697756,0.331746133607136
7362,0.7368,10,34,10,624411,52033,100418,25838,0.4121229882144215,0.3318051649522929
7363,0.7369,13,40,13,624451,51993,100431,25825,0.4118061715878849,0.33186409314040455
7364,0.737,18,48,18,624499,51945,100449,25807,0.41142599163604104,0.3319142915937854
7365,0.7371,14,42,14,624541,51903,100463,25793,0.41109333417817767,0.3319733319604613
7366,0.7372,20,51,20,624592,51852,100483,25773,0.41068939297934354,0.33201932367149756
7367,0.7373,22,56,22,624648,51796,100505,25751,0.41024584970219236,0.3320695836073607
7368,0.7374,8,29,8,624677,51767,100513,25743,0.41001615764795335,0.33212488711134047
7369,0.7375,28,75,28,624752,51692,100541,25715,0.4094221264731973,0.3322050977301794
7370,0.7376,23,64,23,624816,51628,100564,25692,0.4089152198707388,0.3322814278323849
7371,0.7377,16,56,16,624872,51572,100580,25676,0.40847167659358763,0.33238400994200495
7372,0.7378,19,45,19,624917,51527,100599,25657,0.408115257888734,0.3324134535655058
7373,0.7379,13,24,13,624941,51503,100612,25644,0.4079251679128121,0.33240437087637886
7374,0.738,21,59,21,625000,51444,100633,25623,0.4074578633886706,0.3324769356533925
7375,0.7381,25,71,25,625071,51373,100658,25598,0.40689551387656825,0.3325668108768237
7376,0.7382,15,33,15,625104,51340,100673,25583,0.4066341401596756,0.3325793325793326
7377,0.7383,22,48,22,625152,51292,100695,25561,0.4062539602078317,0.33259599495140074
7378,0.7384,25,52,25,625204,51240,100720,25536,0.4058420985933342,0.33260393873085337
7379,0.7385,17,62,17,625266,51178,100737,25519,0.40535103282220253,0.3327248784176695
7380,0.7386,18,30,18,625296,51148,100755,25501,0.4051134203523001,0.33269840441493037
7381,0.7387,11,19,11,625315,51129,100766,25490,0.4049629324546952,0.3326851042169697
7382,0.7388,24,66,24,625381,51063,100790,25466,0.4044401850209099,0.33276274353513047
7383,0.7389,16,40,16,625421,51023,100806,25450,0.40412336839437335,0.33279719639611366
7384,0.739,9,34,9,625455,50989,100815,25441,0.40385407426181724,0.3328666753892451
7385,0.7391,12,23,12,625478,50966,100827,25429,0.4036719047015587,0.3328620983048629
7386,0.7392,12,57,12,625535,50909,100839,25417,0.40322044100874416,0.33300579094934885
7387,0.7393,18,51,18,625586,50858,100857,25399,0.40281649980991,0.33307106232870426
7388,0.7394,19,30,19,625616,50828,100876,25380,0.40257888734000763,0.3330359017425992
7389,0.7395,28,54,28,625670,50774,100904,25352,0.4021511848941832,0.3330268239497675
7390,0.7396,12,31,12,625701,50743,100916,25340,0.4019056520086174,0.333057318980587
7391,0.7397,15,39,15,625740,50704,100931,25325,0.4015967557977443,0.3330965815675597
7392,0.7398,9,32,9,625772,50672,100940,25316,0.401343302496515,0.3331578670316366
7393,0.7399,16,49,16,625821,50623,100956,25300,0.4009552021290077,0.3332323538321721
7394,0.74,10,49,10,625870,50574,100966,25290,0.40056710176150045,0.33335969629863965
7395,0.7401,23,51,23,625921,50523,100989,25267,0.4001631605626663,0.3333817126269956
7396,0.7402,22,65,22,625986,50458,101011,25245,0.39964833354454443,0.33347423483877786
7397,0.7403,12,36,12,626022,50422,101023,25233,0.3993631985806615,0.33352719582314455
7398,0.7404,20,51,20,626073,50371,101043,25213,0.3989592573818274,0.3335758890770533
7399,0.7405,16,57,16,626130,50314,101059,25197,0.3985077936890128,0.33368648276410057
7400,0.7406,6,29,6,626159,50285,101065,25191,0.3982781016347738,0.33376172558164185
7401,0.7407,23,59,23,626218,50226,101088,25168,0.3978107971106324,0.33381966734753427
7402,0.7408,8,52,8,626270,50174,101096,25160,0.39739893549613486,0.3339793453155282
7403,0.7409,20,42,20,626312,50132,101116,25140,0.39706627803827144,0.3339887341906685
7404,0.741,14,41,14,626353,50091,101130,25126,0.39674154099607145,0.33404682452105244
7405,0.7411,14,52,14,626405,50039,101144,25112,0.39632967938157393,0.3341539034743383
7406,0.7412,27,37,27,626442,50002,101171,25085,0.3960366240020276,0.33407913487021723
7407,0.7413,21,53,21,626495,49949,101192,25064,0.3956168419718667,0.3341287510164905
7408,0.7414,21,33,21,626528,49916,101213,25043,0.39535546825497403,0.334089302151843
7409,0.7415,8,29,8,626557,49887,101221,25035,0.395125776200735,0.3341475134139505
7410,0.7416,16,37,16,626594,49850,101237,25019,0.3948327208211887,0.3341703508795363
7411,0.7417,6,19,6,626613,49831,101243,25013,0.39468223292358384,0.33420180642402864
7412,0.7418,25,52,25,626665,49779,101268,24988,0.3942703713090863,0.3342116174247997
7413,0.7419,19,36,19,626701,49743,101287,24969,0.3939852363452034,0.3342033408287825
7414,0.742,31,66,31,626767,49677,101318,24938,0.39346248891141805,0.334222341352275
7415,0.7421,21,50,21,626817,49627,101339,24917,0.39306646812824736,0.3342589611504615
7416,0.7422,11,45,11,626862,49582,101350,24906,0.3927100494233937,0.3343625818923853
7417,0.7423,14,39,14,626901,49543,101364,24892,0.3924011532125206,0.3344125747296299
7418,0.7424,15,44,15,626945,49499,101379,24877,0.39205265492333036,0.33447617511025063
7419,0.7425,24,55,24,627000,49444,101403,24853,0.3916170320618426,0.3345087957791028
7420,0.7426,17,32,17,627032,49412,101420,24836,0.39136357876061334,0.33450059260855514
7421,0.7427,22,66,22,627098,49346,101442,24814,0.390840831326828,0.3346008629989213
7422,0.7428,15,69,15,627167,49277,101457,24799,0.39029432264605246,0.3347777957773098
7423,0.7429,9,36,9,627203,49241,101466,24790,0.3900091876821696,0.3348597209277195
7424,0.743,14,61,14,627264,49180,101480,24776,0.3895260423267013,0.3350100059494835
7425,0.7431,39,80,39,627344,49100,101519,24737,0.3888924090736282,0.3350217370694909
7426,0.7432,19,41,19,627385,49059,101538,24718,0.3885676720314282,0.3350366645431503
7427,0.7433,9,19,9,627404,49040,101547,24709,0.38841718413382337,0.3350418310756756
7428,0.7434,13,32,13,627436,49008,101560,24696,0.3881637308325941,0.33507000976880497
7429,0.7435,11,39,11,627475,48969,101571,24685,0.38785483462172093,0.3351481250169712
7430,0.7436,5,13,5,627488,48956,101576,24680,0.38775186921809657,0.3351621489488837
7431,0.7437,7,35,7,627523,48921,101583,24673,0.38747465466987707,0.33525830910128546
7432,0.7438,25,59,25,627582,48862,101608,24648,0.3870073501457357,0.3353013195483608
7433,0.7439,26,47,26,627629,48815,101634,24622,0.3866350906095552,0.3352805806337405
7434,0.744,20,61,20,627690,48754,101654,24602,0.3861519452540869,0.3353781558427395
7435,0.7441,17,47,17,627737,48707,101671,24585,0.3857796857179065,0.3354390656551875
7436,0.7442,32,75,32,627812,48632,101703,24553,0.3851856545431504,0.3354922456787593
7437,0.7443,18,48,18,627860,48584,101721,24535,0.38480547459130654,0.335548899738782
7438,0.7444,11,35,11,627895,48549,101732,24524,0.38452826004308704,0.3356095958835685
7439,0.7445,6,8,6,627903,48541,101738,24518,0.3844648967177797,0.3355917819844235
7440,0.7446,11,28,11,627931,48513,101749,24507,0.38424312507920416,0.335620377978636
7441,0.7447,21,38,21,627969,48475,101770,24486,0.38394214928399445,0.33560395279669963
7442,0.7448,27,63,27,628032,48412,101797,24459,0.38344316309719934,0.3356479257866641
7443,0.7449,14,38,14,628070,48374,101811,24445,0.3831421873019896,0.3356953542344718
7444,0.745,22,62,22,628132,48312,101833,24423,0.38265112153085795,0.3357805733140854
7445,0.7451,13,34,13,628166,48278,101846,24410,0.38238182739830184,0.33581884217477437
7446,0.7452,7,33,7,628199,48245,101853,24403,0.3821204536814092,0.3359073890540689
7447,0.7453,26,79,26,628278,48166,101879,24377,0.3814947408439995,0.33603517913513364
7448,0.7454,11,39,11,628317,48127,101890,24366,0.3811858446331263,0.33611521112383264
7449,0.7455,13,30,13,628347,48097,101903,24353,0.38094823216322393,0.3361352657004831
7450,0.7456,31,81,31,628428,48016,101934,24322,0.3803066784944874,0.3362271558516962
7451,0.7457,16,41,16,628469,47975,101950,24306,0.3799819414522874,0.3362709425713535
7452,0.7458,12,38,12,628507,47937,101962,24294,0.3796809656570777,0.3363375835859949
7453,0.7459,19,68,19,628575,47869,101981,24275,0.37914237739196555,0.3364798181414948
7454,0.746,16,50,16,628625,47819,101997,24259,0.37874635660879485,0.3365659424512334
7455,0.7461,16,48,16,628673,47771,102013,24243,0.37836617665695094,0.33664287499652845
7456,0.7462,27,54,27,628727,47717,102040,24216,0.3779384742111266,0.33664660169880306
7457,0.7463,10,35,10,628762,47682,102050,24206,0.3776612596629071,0.33671822835521925
7458,0.7464,19,38,19,628800,47644,102069,24187,0.3773602838676974,0.33672091436844814
7459,0.7465,27,80,27,628880,47564,102096,24160,0.37672665061462424,0.33684680162846464
7460,0.7466,18,53,18,628933,47511,102114,24142,0.3763068685844633,0.3369293679259766
7461,0.7467,31,76,31,629009,47435,102145,24111,0.37570491699404385,0.33699997204595644
7462,0.7468,13,42,13,629051,47393,102158,24098,0.3753722595361805,0.3370773943573317
7463,0.7469,18,32,18,629083,47361,102176,24080,0.3751188062349512,0.3370613513248695
7464,0.747,17,55,17,629138,47306,102193,24063,0.37468318337346346,0.3371631941038826
7465,0.7471,10,17,10,629155,47289,102203,24053,0.3745485363071854,0.33715062655939
7466,0.7472,13,21,13,629176,47268,102216,24040,0.3743822075782537,0.3371290738767039
7467,0.7473,13,40,13,629216,47228,102229,24027,0.37406539095171715,0.3371973896568662
7468,0.7474,13,43,13,629259,47185,102242,24014,0.37372481307819033,0.33728001797778057
7469,0.7475,17,47,17,629306,47138,102259,23997,0.37335255354200986,0.3373444858367892
7470,0.7476,20,46,20,629352,47092,102279,23977,0.3729882144214928,0.3373763525587809
7471,0.7477,23,49,23,629401,47043,102302,23954,0.3726001140539856,0.3373945377973717
7472,0.7478,19,48,19,629449,46995,102321,23935,0.37221993410214166,0.3374453686733399
7473,0.7479,4,26,4,629475,46969,102325,23931,0.3720140032948929,0.3375317348377997
7474,0.748,18,41,18,629516,46928,102343,23913,0.37168926625269294,0.33755875834615545
7475,0.7481,15,29,15,629545,46899,102358,23898,0.37145957419845393,0.3375566761303445
7476,0.7482,13,30,13,629575,46869,102371,23885,0.37122196172855154,0.3375780874579529
7477,0.7483,23,55,23,629630,46814,102394,23862,0.37078633886706375,0.3376252193106571
7478,0.7484,36,67,36,629697,46747,102430,23826,0.37025567101761503,0.3376078670313009
7479,0.7485,12,46,12,629743,46701,102442,23814,0.36989133189709794,0.33771537970644544
7480,0.7486,19,53,19,629796,46648,102461,23795,0.36947154986693703,0.3377908379824823
7481,0.7487,22,58,22,629854,46590,102483,23773,0.369012165758459,0.3378622287281668
7482,0.7488,14,32,14,629886,46558,102497,23759,0.36875871245722974,0.3378841531919735
7483,0.7489,23,52,23,629938,46506,102520,23736,0.3683468508427322,0.3379174852652259
7484,0.749,24,46,24,629984,46460,102544,23712,0.3679825117222152,0.3379125577153281
7485,0.7491,16,61,16,630045,46399,102560,23696,0.3674993663667469,0.33805549611241886
7486,0.7492,13,29,13,630074,46370,102573,23683,0.3672696743125079,0.33807260217264073
7487,0.7493,22,46,22,630120,46324,102595,23661,0.36690533519199087,0.33808673287132956
7488,0.7494,3,36,3,630156,46288,102598,23658,0.366620200228108,0.33823235067051727
7489,0.7495,17,51,17,630207,46237,102615,23641,0.36621625902927385,0.33831821174046195
7490,0.7496,19,43,19,630250,46194,102634,23622,0.36587568115574703,0.3383465108284634
7491,0.7497,23,43,23,630293,46151,102657,23599,0.3655351032822203,0.338336917562724
7492,0.7498,14,50,14,630343,46101,102671,23585,0.3651390824990495,0.33844674683580633
7493,0.7499,18,42,18,630385,46059,102689,23567,0.36480642504118616,0.3384798782064171
7494,0.75,12,37,12,630422,46022,102701,23555,0.36451336966163983,0.33854578380786754
7495,0.7501,18,48,18,630470,45974,102719,23537,0.36413318970979597,0.3386082778265311
7496,0.7502,18,55,18,630525,45919,102737,23519,0.3636975668483082,0.33870503182695355
7497,0.7503,12,64,12,630589,45855,102749,23507,0.36319066024584973,0.3389031458147112
7498,0.7504,7,19,7,630608,45836,102756,23500,0.3630401723482448,0.3389292719510788
7499,0.7505,13,26,13,630634,45810,102769,23487,0.3628342415409961,0.3389324213169401
7500,0.7506,15,23,15,630657,45787,102784,23472,0.36265207198073757,0.33890180337573456
7501,0.7507,10,43,10,630700,45744,102794,23462,0.36231149410721075,0.3390168482501517
7502,0.7508,22,51,22,630751,45693,102816,23440,0.3619075529083766,0.33905660104436375
7503,0.7509,16,42,16,630793,45651,102832,23424,0.36157489545051325,0.3391096634093377
7504,0.751,12,32,12,630825,45619,102844,23412,0.36132144214928397,0.33915197519954804
7505,0.7511,24,26,24,630851,45593,102868,23388,0.36111551134203523,0.3390498833011989
7506,0.7512,26,76,26,630927,45517,102894,23362,0.36051355975161575,0.33917449440322883
7507,0.7513,27,39,27,630966,45478,102921,23335,0.3602046635407426,0.33910743609492394
7508,0.7514,13,63,13,631029,45415,102934,23322,0.35970567735394754,0.33929324817783724
7509,0.7515,12,39,12,631068,45376,102946,23310,0.3593967811430744,0.33937046850886643
7510,0.7516,11,28,11,631096,45348,102957,23299,0.3591750095044988,0.3394030329074832
7511,0.7517,17,56,17,631152,45292,102974,23282,0.3587314662273476,0.33951643480036164
7512,0.7518,22,54,22,631206,45238,102996,23260,0.35830376378152323,0.339571958305352
7513,0.7519,22,56,22,631262,45182,103018,23238,0.35786022050437205,0.33963753288512133
7514,0.752,17,40,17,631302,45142,103035,23221,0.3575434038778355,0.33967204481956614
7515,0.7521,15,48,15,631350,45094,103050,23206,0.35716322392599165,0.3397657393850659
7516,0.7522,11,35,11,631385,45059,103061,23195,0.35688600937777215,0.3398335628681103
7517,0.7523,9,22,9,631407,45037,103070,23186,0.356711760233177,0.3398560602729285
7518,0.7524,12,32,12,631439,45005,103082,23174,0.3564583069319478,0.3398993825078103
7519,0.7525,10,28,10,631467,44977,103092,23164,0.3562365352933722,0.33994217871765897
7520,0.7526,16,29,16,631496,44948,103108,23148,0.3560068432391332,0.33993186090225563
7521,0.7527,14,44,14,631540,44904,103122,23134,0.355658344949943,0.3400158734824657
7522,0.7528,3,15,3,631555,44889,103125,23131,0.3555395387149918,0.34006174654513377
7523,0.7529,21,68,21,631623,44821,103146,23110,0.3550009504498796,0.3401981422325595
7524,0.753,7,31,7,631654,44790,103153,23103,0.3547554175643138,0.340285449162653
7525,0.7531,12,26,12,631680,44764,103165,23091,0.354549486757065,0.3402991673421266
7526,0.7532,11,38,11,631718,44726,103176,23080,0.3542485109618553,0.34038285697430903
7527,0.7533,33,63,33,631781,44663,103209,23047,0.3537495247750602,0.34037808300103384
7528,0.7534,23,66,23,631847,44597,103232,23024,0.3532267773412749,0.3404859437157096
7529,0.7535,20,47,20,631894,44550,103252,23004,0.3528545178050944,0.3405275779376499
7530,0.7536,14,31,14,631925,44519,103266,22990,0.3526089849195286,0.34054718630108577
7531,0.7537,26,59,26,631984,44460,103292,22964,0.3521416803953871,0.3405908875177978
7532,0.7538,12,31,12,632015,44429,103304,22952,0.3518961475098213,0.34063014796455976
7533,0.7539,17,56,17,632071,44373,103321,22935,0.3514526042326701,0.34074701372793725
7534,0.754,26,85,26,632156,44288,103347,22909,0.3507793689012799,0.34092295787014304
7535,0.7541,29,99,29,632255,44189,103376,22880,0.349995247750602,0.34114121278086745
7536,0.7542,24,32,24,632287,44157,103400,22856,0.3497417944493727,0.3410681509557847
7537,0.7543,12,31,12,632318,44126,103412,22844,0.34949626156380686,0.3411079587875168
7538,0.7544,11,32,11,632350,44094,103423,22833,0.34924280826257764,0.3411627594244475
7539,0.7545,17,78,17,632428,44016,103440,22816,0.34862501584083133,0.34139334450562603
7540,0.7546,17,34,17,632462,43982,103457,22799,0.3483557217082752,0.341399499857744
7541,0.7547,23,57,23,632519,43925,103480,22776,0.34790425801546065,0.3414641459648281
7542,0.7548,15,44,15,632563,43881,103495,22761,0.34755575972627045,0.3415413703070136
7543,0.7549,22,42,22,632605,43839,103517,22739,0.347223102268407,0.3415392471987744
7544,0.755,19,35,19,632640,43804,103536,22720,0.34694588772018753,0.3415308760748001
7545,0.7551,15,33,15,632673,43771,103551,22705,0.3466845140032949,0.3415518382574162
7546,0.7552,14,32,14,632705,43739,103565,22691,0.34643106070206564,0.3415776004817101
7547,0.7553,17,27,17,632732,43712,103582,22674,0.34621720947915346,0.3415479167294309
7548,0.7554,10,36,10,632768,43676,103592,22664,0.3459320745152706,0.34163400663249927
7549,0.7555,2,44,2,632812,43632,103594,22662,0.3455835762260803,0.3418408905783329
7550,0.7556,14,34,14,632846,43598,103608,22648,0.34531428209352427,0.3418772454185913
7551,0.7557,22,32,22,632878,43566,103630,22626,0.345060828792295,0.34182378535170416
7552,0.7558,18,41,18,632919,43525,103648,22608,0.34473609175009506,0.34185656177702506
7553,0.7559,23,59,23,632978,43466,103671,22585,0.3442687872259536,0.3419327489364279
7554,0.756,20,40,20,633018,43426,103691,22565,0.34395197059941707,0.34194056765316483
7555,0.7561,20,34,20,633052,43392,103711,22545,0.34368267646686096,0.3419172846808317
7556,0.7562,7,32,7,633084,43360,103718,22538,0.34342922316563174,0.3420134146711585
7557,0.7563,19,58,19,633142,43302,103737,22519,0.3429698390571537,0.3421248537700734
7558,0.7564,22,43,22,633185,43259,103759,22497,0.3426292611836269,0.34212847496806376
7559,0.7565,21,41,21,633226,43218,103780,22476,0.3423045241414269,0.34213170152525346
7560,0.7566,21,36,21,633262,43182,103801,22455,0.34201938917754404,0.34210887152063624
7561,0.7567,16,26,16,633288,43156,103817,22439,0.34181345837029525,0.34208400030490127
7562,0.7568,14,33,14,633321,43123,103831,22425,0.3415520846534026,0.342115701470678
7563,0.7569,24,89,24,633410,43034,103855,22401,0.34084716765935874,0.34233972644609156
7564,0.757,12,48,12,633458,42986,103867,22389,0.3404669877075149,0.34247036328871894
7565,0.7571,24,65,24,633523,42921,103891,22365,0.339952160689393,0.34256961676316516
7566,0.7572,11,29,11,633552,42892,103902,22354,0.339722468635154,0.3426110412898875
7567,0.7573,16,62,16,633614,42830,103918,22338,0.3392314028640223,0.3427755953842377
7568,0.7574,11,58,11,633672,42772,103929,22327,0.3387720187555443,0.34296993809428716
7569,0.7575,25,42,25,633714,42730,103954,22302,0.33843936129768093,0.3429388608684955
7570,0.7576,14,31,14,633745,42699,103968,22288,0.3381938284121151,0.3429608998722821
7571,0.7577,20,50,20,633795,42649,103988,22268,0.33779780762894435,0.34302262889535867
7572,0.7578,22,40,22,633835,42609,104010,22246,0.3374809910024078,0.3430113329735564
7573,0.7579,19,36,19,633871,42573,104029,22227,0.3371958560385249,0.34300925925925924
7574,0.758,7,38,7,633909,42535,104036,22220,0.33689488024331515,0.3431395259053355
7575,0.7581,15,53,15,633962,42482,104051,22205,0.33647509821315424,0.34326835376505327
7576,0.7582,14,26,14,633988,42456,104065,22191,0.33626916740590546,0.3432641885934382
7577,0.7583,24,51,24,634039,42405,104089,22167,0.3358652262070713,0.34329120981230254
7578,0.7584,16,32,16,634071,42373,104105,22151,0.3356117729058421,0.34329861756865665
7579,0.7585,24,69,24,634140,42304,104129,22127,0.33506526422506655,0.3434216448603933
7580,0.7586,14,43,14,634183,42261,104143,22113,0.33472468635153974,0.343508248671824
7581,0.7587,21,48,21,634231,42213,104164,22092,0.3343445063996959,0.34355026825285745
7582,0.7588,12,38,12,634269,42175,104176,22080,0.3340435306044861,0.3436308458485721
7583,0.7589,40,74,40,634343,42101,104216,22040,0.3334574198453935,0.34361796666718636
7584,0.759,25,74,25,634417,42027,104241,22015,0.33287130908630086,0.3437587832984604
7585,0.7591,16,42,16,634459,41985,104257,21999,0.3325386516284375,0.3438203300825206
7586,0.7592,30,90,30,634549,41895,104287,21969,0.3318258142187302,0.3439966178128523
7587,0.7593,18,51,18,634600,41844,104305,21951,0.33142187301989606,0.3440865271573007
7588,0.7594,6,12,6,634612,41832,104311,21945,0.33132682803193514,0.3440895620678301
7589,0.7595,20,40,20,634652,41792,104331,21925,0.33101001140539854,0.3440996908203462
7590,0.7596,20,31,20,634683,41761,104351,21905,0.3307644785198327,0.3440611943580561
7591,0.7597,14,42,14,634725,41719,104365,21891,0.33043182106196933,0.3441440025153278
7592,0.7598,12,50,12,634775,41669,104377,21879,0.33003580027879864,0.34429092969094227
7593,0.7599,11,38,11,634813,41631,104388,21868,0.3297348244835889,0.3443833761161593
7594,0.76,22,58,22,634871,41573,104410,21846,0.32927544037511086,0.3444708998880462
7595,0.7601,18,46,18,634917,41527,104428,21828,0.32891110125459383,0.3445347644226975
7596,0.7602,12,41,12,634958,41486,104440,21816,0.32858636421239384,0.34463366086379577
7597,0.7603,19,39,19,634997,41447,104459,21797,0.32827746800152074,0.34464929479476314
7598,0.7604,5,27,5,635024,41420,104464,21792,0.32806361677860857,0.34474466873378473
7599,0.7605,11,40,11,635064,41380,104475,21781,0.32774680015207197,0.34484887826348537
7600,0.7606,17,32,17,635096,41348,104492,21764,0.32749334685084275,0.34484725567245533
7601,0.7607,10,28,10,635124,41320,104502,21754,0.32727157521226713,0.34489647081206204
7602,0.7608,19,56,19,635180,41264,104521,21735,0.32682803193511595,0.34500547627740125
7603,0.7609,26,64,26,635244,41200,104547,21709,0.32632112533265745,0.34508575879444914
7604,0.761,23,50,23,635294,41150,104570,21686,0.32592510454948675,0.3451206314851359
7605,0.7611,14,24,14,635318,41126,104584,21672,0.3257350145735648,0.345106532055161
7606,0.7612,24,67,24,635385,41059,104608,21648,0.3252043467241161,0.34522461607157096
7607,0.7613,10,29,10,635414,41030,104618,21638,0.32497465466987707,0.34527988766196466
7608,0.7614,15,40,15,635454,40990,104633,21623,0.32465783804334053,0.34534361873732294
7609,0.7615,9,20,9,635474,40970,104642,21614,0.32449942973007223,0.3453598363799054
7610,0.7616,14,42,14,635516,40928,104656,21600,0.32416677227220886,0.34544524053224157
7611,0.7617,7,25,7,635541,40903,104663,21593,0.3239687618806235,0.34551011264720943
7612,0.7618,7,25,7,635566,40878,104670,21586,0.32377075148903817,0.3455750512295082
7613,0.7619,30,59,30,635625,40819,104700,21556,0.3233034469648967,0.3455871743486974
7614,0.762,21,55,21,635680,40764,104721,21535,0.322867824103409,0.3456716801232765
7615,0.7621,13,36,13,635716,40728,104734,21522,0.32258268913952604,0.34573493975903613
7616,0.7622,3,28,3,635744,40700,104737,21519,0.3223609175009505,0.34585898198299553
7617,0.7623,24,48,24,635792,40652,104761,21495,0.32198073754910655,0.3458734934912385
7618,0.7624,24,65,24,635857,40587,104785,21471,0.32146591053098467,0.34598279029295176
7619,0.7625,12,38,12,635895,40549,104797,21459,0.32116493473577495,0.3460682492581602
7620,0.7626,18,33,18,635928,40516,104815,21441,0.3209035610188823,0.346062591797537
7621,0.7627,7,16,7,635944,40500,104822,21434,0.32077683436826765,0.34607808312074145
7622,0.7628,21,62,21,636006,40438,104843,21413,0.320285768597136,0.3462029716576935
7623,0.7629,7,40,7,636046,40398,104850,21406,0.31996895197059944,0.3463529868616918
7624,0.763,21,44,21,636090,40354,104871,21385,0.3196204536814092,0.3463774923468148
7625,0.7631,14,27,14,636117,40327,104885,21371,0.319406602458497,0.3463807578851827
7626,0.7632,18,64,18,636181,40263,104903,21353,0.3188996958560385,0.346549597507141
7627,0.7633,13,36,13,636217,40227,104916,21340,0.3186145608921556,0.3466142576380204
7628,0.7634,16,27,16,636244,40200,104932,21324,0.31840070966924344,0.34659645016578894
7629,0.7635,15,29,15,636273,40171,104947,21309,0.31817101761500444,0.34660052049446977
7630,0.7636,19,65,19,636338,40106,104966,21290,0.31765619059688255,0.346765261580559
7631,0.7637,17,51,17,636389,40055,104983,21273,0.3172522493980484,0.3468725541351422
7632,0.7638,19,47,19,636436,40008,105002,21254,0.31687998986186794,0.34693611047631484
7633,0.7639,9,28,9,636464,39980,105011,21245,0.3166582182232924,0.34699877501020826
7634,0.764,16,49,16,636513,39931,105027,21229,0.31627011785578507,0.34710595160235447
7635,0.7641,14,38,14,636551,39893,105041,21215,0.31596914206057536,0.3471722196766381
7636,0.7642,33,106,33,636657,39787,105074,21182,0.31512957800025343,0.3474224605947285
7637,0.7643,15,37,15,636694,39750,105089,21167,0.31483652262070716,0.34747279084656174
7638,0.7644,12,24,12,636718,39726,105101,21155,0.3146464326447852,0.34748115175506317
7639,0.7645,12,43,12,636761,39683,105113,21143,0.3143058547712584,0.34759806661624965
7640,0.7646,10,43,10,636804,39640,105123,21133,0.31396527689773157,0.34773665937176046
7641,0.7647,14,35,14,636839,39605,105137,21119,0.3136880623495121,0.3477867070680456
7642,0.7648,21,49,21,636888,39556,105158,21098,0.3132999619820048,0.347841857091041
7643,0.7649,9,31,9,636919,39525,105167,21089,0.313054429096439,0.34792292209720527
7644,0.765,12,27,12,636946,39498,105179,21077,0.3128405778735268,0.3479488237721832
7645,0.7651,10,36,10,636982,39462,105189,21067,0.3125554429096439,0.34804804308678483
7646,0.7652,18,62,18,637044,39400,105207,21049,0.3120643771385122,0.34821088851759335
7647,0.7653,13,36,13,637080,39364,105220,21036,0.3117792421746293,0.34827814569536425
7648,0.7654,19,58,19,637138,39306,105239,21017,0.3113198580661513,0.34840773834192595
7649,0.7655,14,37,14,637175,39269,105253,21003,0.311026802686605,0.3484702681178657
7650,0.7656,14,32,14,637207,39237,105267,20989,0.31077334938537576,0.34850396838574704
7651,0.7657,10,32,10,637239,39205,105277,20979,0.3105198960841465,0.34858101821082016
7652,0.7658,12,31,12,637270,39174,105289,20967,0.31027436319858065,0.34863071781313915
7653,0.7659,14,42,14,637312,39132,105303,20953,0.3099417057407173,0.3487226429225264
7654,0.766,9,22,9,637334,39110,105312,20944,0.30976745659612215,0.3487527891564259
7655,0.7661,17,48,17,637382,39062,105329,20927,0.3093872766442783,0.3488472886695894
7656,0.7662,11,37,11,637419,39025,105340,20916,0.30909422126473196,0.3489431274086185
7657,0.7663,20,45,20,637464,38980,105360,20896,0.3087378025598783,0.34898790834391075
7658,0.7664,9,42,9,637506,38938,105369,20887,0.30840514510201494,0.34913497701629753
7659,0.7665,18,33,18,637539,38905,105387,20869,0.3081437713851223,0.3491317295145046
7660,0.7666,22,38,22,637577,38867,105409,20847,0.30784279558991257,0.3491141105938306
7661,0.7667,20,52,20,637629,38815,105429,20827,0.30743093397541504,0.3492002280272291
7662,0.7668,25,57,25,637686,38758,105454,20802,0.3069794702826004,0.34926124916051043
7663,0.7669,16,32,16,637718,38726,105470,20786,0.3067260169813712,0.3492740959806426
7664,0.767,13,25,13,637743,38701,105483,20773,0.30652800658978585,0.3492786763964085
7665,0.7671,4,28,4,637771,38673,105487,20769,0.30630623495121023,0.3493994145553649
7666,0.7672,10,45,10,637816,38628,105497,20759,0.3059498162463566,0.34955461633017326
7667,0.7673,16,41,16,637857,38587,105513,20743,0.30562507920415666,0.34962076521152874
7668,0.7674,28,89,28,637946,38498,105541,20715,0.3049201622101128,0.34983871784912096
7669,0.7675,26,51,26,637997,38447,105567,20689,0.3045162210112787,0.3498545725108225
7670,0.7676,13,53,13,638050,38394,105580,20676,0.3040964389811177,0.3500253936008126
7671,0.7677,16,49,16,638099,38345,105596,20660,0.30370833861361046,0.35013981865943566
7672,0.7678,15,42,15,638141,38303,105611,20645,0.30337568115574703,0.3502239261722196
7673,0.7679,13,33,13,638174,38270,105624,20632,0.30311430743885437,0.35027673084105804
7674,0.768,9,33,9,638207,38237,105633,20623,0.3028529337219617,0.3503737682636765
7675,0.7681,16,29,16,638236,38208,105649,20607,0.3026232416677227,0.35036980362152514
7676,0.7682,9,31,9,638267,38177,105658,20598,0.30237770878215686,0.35045512547851976
7677,0.7683,15,59,15,638326,38118,105673,20583,0.30191040425801546,0.3506413860070527
7678,0.7684,11,28,11,638354,38090,105684,20572,0.30168863261943984,0.35068698646483243
7679,0.7685,21,44,21,638398,38046,105705,20551,0.30134013433024964,0.3507176135297029
7680,0.7686,26,58,26,638456,37988,105731,20525,0.30088075022177163,0.3507767504657085
7681,0.7687,17,34,17,638490,37954,105748,20508,0.3006114560892156,0.35079196743183605
7682,0.7688,6,28,6,638518,37926,105754,20502,0.30038968445063996,0.35089340727048673
7683,0.7689,14,18,14,638536,37908,105768,20488,0.3002471169686985,0.3508459483526269
7684,0.769,11,27,11,638563,37881,105779,20477,0.3000332657457863,0.350885911100449
7685,0.7691,20,51,20,638614,37830,105799,20457,0.29962932454695224,0.3509701991867826
7686,0.7692,13,34,13,638648,37796,105812,20444,0.2993600304143961,0.35103021978021975
7687,0.7693,23,41,23,638689,37755,105835,20421,0.2990352933721962,0.3510210396039604
7688,0.7694,14,43,14,638732,37712,105849,20407,0.2986947154986694,0.3511244171441353
7689,0.7695,18,36,18,638768,37676,105867,20389,0.29840958053478644,0.3511409627141996
7690,0.7696,11,20,11,638788,37656,105878,20378,0.2982511722215182,0.35113898749009204
7691,0.7697,15,30,15,638818,37626,105893,20363,0.29801355975161575,0.35115280484229766
7692,0.7698,5,23,5,638841,37603,105898,20358,0.29783139019135724,0.35123617604941254
7693,0.7699,14,57,14,638898,37546,105912,20344,0.29737992649854267,0.3514251166004491
7694,0.77,26,30,26,638928,37516,105938,20318,0.2971423140286402,0.3513158349759657
7695,0.7701,16,48,16,638976,37468,105954,20302,0.29676213407679636,0.3514280768564999
7696,0.7702,20,64,20,639040,37404,105974,20282,0.29625522747433786,0.3515931075130881
7697,0.7703,20,56,20,639096,37348,105994,20262,0.2958116841971867,0.35170977260892206
7698,0.7704,18,45,18,639141,37303,106012,20244,0.29545526549233303,0.35178202165186717
7699,0.7705,32,46,32,639187,37257,106044,20212,0.295090926371816,0.3517026570846891
7700,0.7706,19,42,19,639229,37215,106063,20193,0.2947582689139526,0.35174540133779264
7701,0.7707,18,47,18,639276,37168,106081,20175,0.29438600937777215,0.35183021467310743
7702,0.7708,10,18,10,639294,37150,106091,20165,0.2942434418958307,0.3518276192968682
7703,0.7709,24,58,24,639352,37092,106115,20141,0.29378405778735267,0.35191235825485295
7704,0.771,14,37,14,639389,37055,106129,20127,0.29349100240780635,0.351981392745969
7705,0.7711,18,35,18,639424,37020,106147,20109,0.29321378785958685,0.35199285826813004
7706,0.7712,11,42,11,639466,36978,106158,20098,0.2928811304017235,0.35212698857663466
7707,0.7713,40,69,40,639535,36909,106198,20058,0.29233462172094793,0.3520985833903839
7708,0.7714,24,66,24,639601,36843,106222,20034,0.2918118742871626,0.35223376760377656
7709,0.7715,16,54,16,639655,36789,106238,20018,0.29138417184133825,0.35238614959424014
7710,0.7716,14,29,14,639684,36760,106252,20004,0.29115447978709924,0.3524064547952928
7711,0.7717,15,28,15,639712,36732,106267,19989,0.2909327081485236,0.3524091606283387
7712,0.7718,16,50,16,639762,36682,106283,19973,0.29053668736535293,0.3525372870885182
7713,0.7719,19,38,19,639800,36644,106302,19954,0.2902357115701432,0.3525566274426658
7714,0.772,18,29,18,639829,36615,106320,19936,0.2900060195159042,0.35253134338915315
7715,0.7721,23,50,23,639879,36565,106343,19913,0.2896099987327335,0.3525797655724353
7716,0.7722,36,84,36,639963,36481,106379,19877,0.2889446838170067,0.35269172078498173
7717,0.7723,24,73,24,640036,36408,106403,19853,0.2883664934735775,0.35287321590444537
7718,0.7724,20,34,20,640070,36374,106423,19833,0.2880971993410214,0.3528564057857562
7719,0.7725,25,51,25,640121,36323,106448,19808,0.2876932581421873,0.3528887780370918
7720,0.7726,13,27,13,640148,36296,106461,19795,0.28747940691927515,0.3529086662744469
7721,0.7727,9,49,9,640197,36247,106470,19786,0.28709130655176784,0.35311334392233146
7722,0.7728,20,49,20,640246,36198,106490,19766,0.28670320618426054,0.35319133728825675
7723,0.7729,10,28,10,640274,36170,106500,19756,0.286481434545685,0.35325251224832815
7724,0.773,8,45,8,640319,36125,106508,19748,0.28612501584083133,0.35344441859216436
7725,0.7731,15,43,15,640362,36082,106523,19733,0.2857844379673045,0.35354295440293826
7726,0.7732,13,65,13,640427,36017,106536,19720,0.28526961094918263,0.3538044745860021
7727,0.7733,22,41,22,640468,35976,106558,19698,0.28494487390698264,0.35380967776700073
7728,0.7734,19,48,19,640516,35928,106577,19679,0.2845646939551388,0.35389429388386356
7729,0.7735,22,49,22,640565,35879,106599,19657,0.2841765935876315,0.35395059060789397
7730,0.7736,12,36,12,640601,35843,106611,19645,0.2838914586237486,0.35404051326412916
7731,0.7737,13,29,13,640630,35814,106624,19632,0.2836617665695096,0.3540742343902175
7732,0.7738,16,24,16,640654,35790,106640,19616,0.28347167659358763,0.3540410785835469
7733,0.7739,10,27,10,640681,35763,106650,19606,0.28325782537067545,0.354097057920497
7734,0.774,10,29,10,640710,35734,106660,19596,0.28302813331643645,0.3541659136092536
7735,0.7741,21,39,21,640749,35695,106681,19575,0.2827192371055633,0.35417043604125203
7736,0.7742,36,92,36,640841,35603,106717,19539,0.28199055886452923,0.3543397047622502
7737,0.7743,11,44,11,640885,35559,106728,19528,0.28164206057533897,0.3544938007152323
7738,0.7744,20,46,20,640931,35513,106748,19508,0.28127772145482194,0.35455553334181494
7739,0.7745,17,24,17,640955,35489,106765,19491,0.28108763147890004,0.3545107311749727
7740,0.7746,11,31,11,640986,35458,106776,19480,0.2808420985933342,0.35458152826822964
7741,0.7747,11,37,11,641023,35421,106787,19469,0.2805490432137879,0.35469120058298415
7742,0.7748,12,37,12,641060,35384,106799,19457,0.28025598783424155,0.3547892999762951
7743,0.7749,13,27,13,641087,35357,106812,19444,0.2800421366113294,0.354811043594095
7744,0.775,21,39,21,641126,35318,106833,19423,0.2797332404004562,0.354816316837471
7745,0.7751,7,28,7,641154,35290,106840,19416,0.2795114687618806,0.35491536577340693
7746,0.7752,10,28,10,641182,35262,106850,19406,0.27928969712330504,0.3549791468500768
7747,0.7753,17,41,17,641223,35221,106867,19389,0.27896496008110505,0.3550448635780992
7748,0.7754,20,48,20,641271,35173,106887,19369,0.2785847801292612,0.35512082431887354
7749,0.7755,24,40,24,641311,35133,106911,19345,0.27826796350272465,0.35509747053856605
7750,0.7756,9,26,9,641337,35107,106920,19336,0.27806203269547586,0.3551604430321621
7751,0.7757,22,47,22,641384,35060,106942,19314,0.2776897731592954,0.35520653253393164
7752,0.7758,14,50,14,641434,35010,106956,19300,0.2772937523761247,0.3553673356656233
7753,0.7759,10,43,10,641477,34967,106966,19290,0.2769531745025979,0.3555301620067457
7754,0.776,15,47,15,641524,34920,106981,19275,0.27658091496641746,0.35566011624688626
7755,0.7761,23,38,23,641562,34882,107004,19252,0.2762799391712077,0.35563601433479886
7756,0.7762,9,26,9,641588,34856,107013,19243,0.27607400836395896,0.3556997356697906
7757,0.7763,12,38,12,641626,34818,107025,19231,0.2757730325687492,0.3558067679328017
7758,0.7764,12,31,12,641657,34787,107037,19219,0.27552749968318335,0.3558678665333481
7759,0.7765,36,51,36,641708,34736,107073,19183,0.2751235584843493,0.3557744023442571
7760,0.7766,10,23,10,641731,34713,107083,19173,0.27494138892409076,0.3558067030397506
7761,0.7767,7,27,7,641758,34686,107090,19166,0.2747275377011786,0.35590135928099237
7762,0.7768,18,50,18,641808,34636,107108,19148,0.27433151691800783,0.35601665922951065
7763,0.7769,13,23,13,641831,34613,107121,19135,0.2741493473577493,0.3560132470045397
7764,0.777,16,38,16,641869,34575,107137,19119,0.2738483715625396,0.3560733042798078
7765,0.7771,16,25,16,641894,34550,107153,19103,0.27365036117095426,0.3560471921420983
7766,0.7772,11,48,11,641942,34502,107164,19092,0.2732701812191104,0.3562339067806098
7767,0.7773,25,54,25,641996,34448,107189,19067,0.27284247877328605,0.3562926282350743
7768,0.7774,10,36,10,642032,34412,107199,19057,0.2725573438094031,0.35641212665282684
7769,0.7775,8,38,8,642070,34374,107207,19049,0.2722563680141934,0.35656926791831234
7770,0.7776,10,54,10,642124,34320,107217,19039,0.27182866556836904,0.3568095354110834
7771,0.7777,18,22,18,642146,34298,107235,19021,0.2716544164237739,0.35673962377388924
7772,0.7778,14,33,14,642179,34265,107249,19007,0.27139304270688125,0.3567915602943385
7773,0.7779,19,52,19,642231,34213,107268,18988,0.2709811810923837,0.3569105843875115
7774,0.778,13,37,13,642268,34176,107281,18975,0.2706881257128374,0.3570017497318959
7775,0.7781,13,29,13,642297,34147,107294,18962,0.2704584336585984,0.3570392965410759
7776,0.7782,21,35,21,642332,34112,107315,18941,0.2701812191103789,0.35702033815241363
7777,0.7783,2,24,2,642356,34088,107317,18939,0.269991129134457,0.35715767439229074
7778,0.7784,18,62,18,642418,34026,107335,18921,0.2695000633633253,0.35735735735735735
7779,0.7785,18,39,18,642457,33987,107353,18903,0.26919116715245217,0.357402155416903
7780,0.7786,11,34,11,642491,33953,107364,18892,0.26892187301989606,0.3574983442142114
7781,0.7787,18,35,18,642526,33918,107382,18874,0.26864465847167657,0.35751629034702226
7782,0.7788,16,35,16,642561,33883,107398,18858,0.2683674439234571,0.3575586355965947
7783,0.7789,10,38,10,642599,33845,107408,18848,0.26806646812824736,0.3576945704363008
7784,0.779,12,26,12,642625,33819,107420,18836,0.2678605373209986,0.357724812458456
7785,0.7791,11,18,11,642643,33801,107431,18825,0.26771796983905716,0.3577129175692623
7786,0.7792,18,28,18,642671,33773,107449,18807,0.26749619820048154,0.35768352985926205
7787,0.7793,18,36,18,642707,33737,107467,18789,0.26721106323659866,0.35770856337813656
7788,0.7794,13,33,13,642740,33704,107480,18776,0.266949689519706,0.35777439024390245
7789,0.7795,14,30,14,642770,33674,107494,18762,0.2667120770498036,0.35780761309024334
7790,0.7796,11,33,11,642803,33641,107505,18751,0.26645070333291093,0.3578981523896778
7791,0.7797,14,26,14,642829,33615,107519,18737,0.26624477252566214,0.3579041870415648
7792,0.7798,16,38,16,642867,33577,107535,18721,0.26594379673045243,0.35796779991586675
7793,0.7799,16,27,16,642894,33550,107551,18705,0.26572994550754026,0.3579561764424457
7794,0.78,19,43,19,642937,33507,107570,18686,0.26538936763401344,0.35801735864962736
7795,0.7801,8,21,8,642958,33486,107578,18678,0.26522303890508175,0.3580630319760755
7796,0.7802,6,18,6,642976,33468,107584,18672,0.2650804714231403,0.35811277330264674
7797,0.7803,21,41,21,643017,33427,107605,18651,0.2647557343809403,0.35813587311340683
7798,0.7804,9,33,9,643050,33394,107614,18642,0.26449436066404763,0.3582519793988777
7799,0.7805,18,47,18,643097,33347,107632,18624,0.2641221011278672,0.35835369725423794
7800,0.7806,15,22,15,643119,33325,107647,18609,0.2639478519832721,0.35832017560750185
7801,0.7807,9,32,9,643151,33293,107656,18600,0.2636943986820428,0.3584298460293296
7802,0.7808,18,32,18,643183,33261,107674,18582,0.2634409453808136,0.3584283316937677
7803,0.7809,15,58,15,643241,33203,107689,18567,0.2629815612723356,0.35864400231794474
7804,0.781,16,33,16,643274,33170,107705,18551,0.2627201875554429,0.35867442624852575
7805,0.7811,19,38,19,643312,33132,107724,18532,0.2624192117602332,0.3587023846392072
7806,0.7812,23,48,23,643360,33084,107747,18509,0.2620390318083893,0.35875021805283663
7807,0.7813,14,27,14,643387,33057,107761,18495,0.2618251805854771,0.35876396648044695
7808,0.7814,12,70,12,643457,32987,107773,18483,0.26127075148903817,0.35910238974159703
7809,0.7815,20,55,20,643512,32932,107793,18463,0.26083512862755037,0.35923727989104
7810,0.7816,12,22,12,643534,32910,107805,18451,0.26066087948295524,0.35924144779112555
7811,0.7817,10,19,10,643553,32891,107815,18441,0.2605103915853504,0.3592495908984649
7812,0.7818,28,55,28,643608,32836,107843,18413,0.26007476872386265,0.3592850592206677
7813,0.7819,17,45,17,643653,32791,107860,18396,0.259718350019009,0.3593881258913396
7814,0.782,11,21,11,643674,32770,107871,18385,0.2595520212900773,0.3593979083178575
7815,0.7821,21,40,21,643714,32730,107892,18364,0.2592352046635407,0.3594159783927663
7816,0.7822,12,34,12,643748,32696,107904,18352,0.25896591053098467,0.359504779815076
7817,0.7823,17,28,17,643776,32668,107921,18335,0.25874413889240905,0.35948865752994924
7818,0.7824,14,37,14,643813,32631,107935,18321,0.2584510835128628,0.35957371643900143
7819,0.7825,10,37,10,643850,32594,107945,18311,0.25815802813331645,0.35970926235143896
7820,0.7826,22,48,22,643898,32546,107967,18289,0.2577778481814726,0.35977181076030296
7821,0.7827,14,47,14,643945,32499,107981,18275,0.2574055886452921,0.35992830976484025
7822,0.7828,13,31,13,643976,32468,107994,18262,0.2571600557597263,0.35998423023851767
7823,0.7829,30,51,30,644027,32417,108024,18232,0.25675611456089215,0.35996762028865326
7824,0.783,15,32,15,644059,32385,108039,18217,0.2565026612596629,0.36000553337812735
7825,0.7831,25,39,25,644098,32346,108064,18192,0.25619376504878977,0.3599667576872848
7826,0.7832,5,8,5,644106,32338,108069,18187,0.25613040172348245,0.35996041563582387
7827,0.7833,5,30,5,644136,32308,108074,18182,0.25589278925358006,0.36011091305208953
7828,0.7834,21,57,21,644193,32251,108095,18161,0.25544132556076543,0.36025152741410776
7829,0.7835,19,24,19,644217,32227,108114,18142,0.25525123558484347,0.3601818578887808
7830,0.7836,14,39,14,644256,32188,108128,18128,0.2549423393739704,0.36028301136815327
7831,0.7837,13,36,13,644292,32152,108141,18115,0.25465720441008743,0.36037559432629757
7832,0.7838,15,59,15,644351,32093,108156,18100,0.25418989988594604,0.3606080529157452
7833,0.7839,10,28,10,644379,32065,108166,18090,0.2539681282473704,0.36068188615292596
7834,0.784,20,33,20,644412,32032,108186,18070,0.25370675453047775,0.36066424494032173
7835,0.7841,12,37,12,644449,31995,108198,18058,0.2534136991509314,0.3607775757696841
7836,0.7842,16,33,16,644482,31962,108214,18042,0.25315232543403876,0.36081113510919127
7837,0.7843,23,38,23,644520,31924,108237,18019,0.25285134963882905,0.3607913020843762
7838,0.7844,17,36,17,644556,31888,108254,18002,0.25256621467494617,0.36083383443575867
7839,0.7845,9,42,9,644598,31846,108263,17993,0.25223355721708274,0.36102249242561046
7840,0.7846,11,32,11,644630,31814,108274,17982,0.2519801039158535,0.36111334243714355
7841,0.7847,19,32,19,644662,31782,108293,17963,0.25172665061462424,0.3611016182530908
7842,0.7848,23,50,23,644712,31732,108316,17940,0.25133062983145354,0.3611692704139153
7843,0.7849,18,31,18,644743,31701,108334,17922,0.2510850969458877,0.36116317030409284
7844,0.785,16,47,16,644790,31654,108350,17906,0.25071283740970723,0.3612994350282486
7845,0.7851,26,51,26,644841,31603,108376,17880,0.25030889621087316,0.36133621647838654
7846,0.7852,19,30,19,644871,31573,108395,17861,0.2500712837409707,0.3613100295343286
7847,0.7853,11,37,11,644908,31536,108406,17850,0.2497782283614244,0.36143846434212124
7848,0.7854,16,53,16,644961,31483,108422,17834,0.24935844633126347,0.3616197254496421
7849,0.7855,11,33,11,644994,31450,108433,17823,0.2490970726143708,0.36171940007712133
7850,0.7856,7,31,7,645025,31419,108440,17816,0.24885153972880497,0.36185640296537014
7851,0.7857,30,69,30,645094,31350,108470,17786,0.2483050310480294,0.36197492673396287
7852,0.7858,16,37,16,645131,31313,108486,17770,0.24801197566848307,0.362039810117556
7853,0.7859,5,19,5,645150,31294,108491,17765,0.2478614877708782,0.36211500438247823
7854,0.786,24,30,24,645180,31264,108515,17741,0.2476238753009758,0.36202428323640445
7855,0.7861,8,23,8,645203,31241,108523,17733,0.24744170574071728,0.3620900886184506
7856,0.7862,23,67,23,645270,31174,108546,17710,0.24691103789126853,0.3622862286228623
7857,0.7863,13,42,13,645312,31132,108559,17697,0.24657838043340516,0.36242806528907
7858,0.7864,18,51,18,645363,31081,108577,17679,0.24617443923457102,0.362571780147662
7859,0.7865,31,49,31,645412,31032,108608,17648,0.24578633886706375,0.36253081347576005
7860,0.7866,16,33,16,645445,30999,108624,17632,0.24552496515017108,0.36256708683761385
7861,0.7867,20,63,20,645508,30936,108644,17612,0.245025978963376,0.3627749855812804
7862,0.7868,15,41,15,645549,30895,108659,17597,0.244701241921176,0.3628845995215706
7863,0.7869,14,36,14,645585,30859,108673,17583,0.24441610695729313,0.3629701498699476
7864,0.787,15,27,15,645612,30832,108688,17568,0.24420225573438095,0.36297520661157023
7865,0.7871,13,49,13,645661,30783,108701,17555,0.24381415536687365,0.3631718316852166
7866,0.7872,11,19,11,645680,30764,108712,17544,0.2436636674692688,0.3631696613397367
7867,0.7873,11,27,11,645707,30737,108723,17533,0.24344981624635662,0.3632276776465714
7868,0.7874,15,45,15,645752,30692,108738,17518,0.24309339754150297,0.36336859572702757
7869,0.7875,18,31,18,645783,30661,108756,17500,0.24284786465593713,0.36336454807832064
7870,0.7876,20,31,20,645814,30630,108776,17480,0.2426023317703713,0.3633340261899813
7871,0.7877,6,35,6,645849,30595,108782,17474,0.24232511722215183,0.36351910794899
7872,0.7878,39,58,39,645907,30537,108821,17435,0.2418657331136738,0.36344117401817727
7873,0.7879,4,24,4,645931,30513,108825,17431,0.24167564313775186,0.3635699983313866
7874,0.788,11,31,11,645962,30482,108836,17420,0.24143011025218603,0.3636591374055363
7875,0.7881,19,26,19,645988,30456,108855,17401,0.24122417944493726,0.36360407045991183
7876,0.7882,12,29,12,646017,30427,108867,17389,0.24099448739069826,0.3636648820478501
7877,0.7883,25,59,25,646076,30368,108892,17364,0.24052718286655683,0.3637811112042236
7878,0.7884,17,20,17,646096,30348,108909,17347,0.24036877455328856,0.3637068875144145
7879,0.7885,20,32,20,646128,30316,108929,17327,0.2401153212520593,0.3636840669143421
7880,0.7886,17,31,17,646159,30285,108946,17310,0.23986978836649347,0.363693665300977
7881,0.7887,23,40,23,646199,30245,108969,17287,0.2395529717399569,0.3636918286627956
7882,0.7888,17,33,17,646232,30212,108986,17270,0.23929159802306424,0.3637167768838718
7883,0.7889,9,30,9,646262,30182,108995,17261,0.23905398555316182,0.36382606496216513
7884,0.789,23,41,23,646303,30141,109018,17238,0.23872924851096186,0.3638320775026911
7885,0.7891,16,46,16,646349,30095,109034,17222,0.2383649093904448,0.3639706659340195
7886,0.7892,7,31,7,646380,30064,109041,17215,0.23811937650487897,0.36411514625943864
7887,0.7893,25,57,25,646437,30007,109066,17190,0.23766791281206437,0.3642180647075026
7888,0.7894,7,24,7,646461,29983,109073,17183,0.23747782283614244,0.36430903617012256
7889,0.7895,11,29,11,646490,29954,109084,17172,0.23724813078190343,0.36438484063998644
7890,0.7896,22,58,22,646548,29896,109106,17150,0.23678874667342542,0.36453683628788847
7891,0.7897,14,49,14,646597,29847,109120,17136,0.23640064630591814,0.36472766745418556
7892,0.7898,14,22,14,646619,29825,109134,17122,0.23622639716132302,0.36470914009414873
7893,0.7899,17,24,17,646643,29801,109151,17105,0.23603630718540108,0.36466550121519636
7894,0.79,23,25,23,646668,29776,109174,17082,0.23583829679381574,0.3645482094839729
7895,0.7901,13,26,13,646694,29750,109187,17069,0.23563236598656698,0.36457421132446227
7896,0.7902,20,65,20,646759,29685,109207,17049,0.23511753896844506,0.36480934651431507
7897,0.7903,8,33,8,646792,29652,109215,17041,0.2348561652515524,0.36495834493393015
7898,0.7904,16,32,16,646824,29620,109231,17025,0.23460271195032315,0.36499088862686246
7899,0.7905,8,35,8,646859,29585,109239,17017,0.23432549740210365,0.36515600188833097
7900,0.7906,12,32,12,646891,29553,109251,17005,0.23407204410087443,0.36524335237767946
7901,0.7907,15,36,15,646927,29517,109266,16990,0.23378690913699152,0.3653213494742727
7902,0.7908,15,34,15,646961,29483,109281,16975,0.23351761500443544,0.36538378750699557
7903,0.7909,10,28,10,646989,29455,109291,16965,0.23329584336585985,0.36546747091770787
7904,0.791,16,43,16,647032,29412,109307,16949,0.23295526549233303,0.3655874549729298
7905,0.7911,8,16,8,647048,29396,109315,16941,0.23282853884171842,0.36560416082180547
7906,0.7912,9,28,9,647076,29368,109324,16932,0.23260676720314283,0.36570194384449245
7907,0.7913,15,50,15,647126,29318,109339,16917,0.2322107464199721,0.36589164053206447
7908,0.7914,17,46,17,647172,29272,109356,16900,0.23184640729945508,0.36602269773888935
7909,0.7915,3,27,3,647199,29245,109359,16897,0.2316325560765429,0.36619565688526723
7910,0.7916,12,45,12,647244,29200,109371,16885,0.23127613737168926,0.36638819572529024
7911,0.7917,9,25,9,647269,29175,109380,16876,0.2310781269801039,0.36646326898438686
7912,0.7918,9,34,9,647303,29141,109389,16867,0.23080883284754783,0.36661015475569464
7913,0.7919,13,41,13,647344,29100,109402,16854,0.23048409580534787,0.36675806241023634
7914,0.792,16,13,16,647357,29087,109418,16838,0.23038113040172348,0.3666412629286881
7915,0.7921,27,43,27,647400,29044,109445,16811,0.2300405525281967,0.3666121469850616
7916,0.7922,14,45,14,647445,28999,109459,16797,0.22968413382334305,0.3667787579701284
7917,0.7923,7,21,7,647466,28978,109466,16790,0.22951780509441136,0.3668502010138088
7918,0.7924,12,27,12,647493,28951,109478,16778,0.22930395387149918,0.36690065385204135
7919,0.7925,15,30,15,647523,28921,109493,16763,0.22906634140159676,0.36693371858856494
7920,0.7926,11,26,11,647549,28895,109504,16752,0.228860410594348,0.3669901636471181
7921,0.7927,13,29,13,647578,28866,109517,16739,0.228630718540109,0.36704308738076963
7922,0.7928,11,23,11,647601,28843,109528,16728,0.22844854897985045,0.3670755524346624
7923,0.7929,13,34,13,647635,28809,109541,16715,0.2281792548472944,0.3671689658202267
7924,0.793,15,47,15,647682,28762,109556,16700,0.22780699531111392,0.36733975627997006
7925,0.7931,8,39,8,647721,28723,109564,16692,0.22749809910024077,0.36754376307387426
7926,0.7932,9,24,9,647745,28699,109573,16683,0.22730800912431884,0.3676127098849764
7927,0.7933,16,27,16,647772,28672,109589,16667,0.22709415790140666,0.3676084607071175
7928,0.7934,7,15,7,647787,28657,109596,16660,0.22697535166645547,0.36763245581128495
7929,0.7935,14,47,14,647834,28610,109610,16646,0.226603092130275,0.3678186317836309
7930,0.7936,26,40,26,647874,28570,109636,16620,0.22628627550373845,0.3677804824076123
7931,0.7937,13,33,13,647907,28537,109649,16607,0.22602490178684578,0.3678672691830587
7932,0.7938,11,32,11,647939,28505,109660,16596,0.22577144848561653,0.3679741025697878
7933,0.7939,17,25,17,647964,28480,109677,16579,0.2255734380940312,0.3679398122461661
7934,0.794,12,45,12,648009,28435,109689,16567,0.22521701938917754,0.36813919381360827
7935,0.7941,5,24,5,648033,28411,109694,16562,0.2250269294132556,0.36826540368665645
7936,0.7942,5,22,5,648055,28389,109699,16557,0.2248526802686605,0.368375383793886
7937,0.7943,12,33,12,648088,28356,109711,16545,0.22459130655176784,0.36847731676354645
7938,0.7944,13,36,13,648124,28320,109724,16532,0.22430617158788493,0.36859002943012575
7939,0.7945,11,37,11,648161,28283,109735,16521,0.2240131162083386,0.3687393982680118
7940,0.7946,26,42,26,648203,28241,109761,16495,0.22368045875047524,0.3687187052932761
7941,0.7947,7,30,7,648233,28211,109768,16488,0.22344284628057282,0.36886731246784044
7942,0.7948,17,40,17,648273,28171,109785,16471,0.22312602965403625,0.3689574839836925
7943,0.7949,13,17,13,648290,28154,109798,16458,0.22299138258775822,0.36891419349054067
7944,0.795,9,34,9,648324,28120,109807,16449,0.22272208845520214,0.3690681864075927
7945,0.7951,24,72,24,648396,28048,109831,16425,0.22215181852743632,0.36932520855350437
7946,0.7952,10,36,10,648432,28012,109841,16415,0.2218666835635534,0.36948252188984176
7947,0.7953,18,29,18,648461,27983,109859,16397,0.2216369915093144,0.3694682289319513
7948,0.7954,11,16,11,648477,27967,109870,16386,0.2215102648586998,0.3694451333618921
7949,0.7955,2,25,2,648502,27942,109872,16384,0.22131225446711444,0.36962505076027613
7950,0.7956,13,33,13,648535,27909,109885,16371,0.22105088075022178,0.3697154471544715
7951,0.7957,13,22,13,648557,27887,109898,16358,0.22087663160562665,0.36971409198779526
7952,0.7958,21,41,21,648598,27846,109919,16337,0.2205518945634267,0.3697575990765679
7953,0.7959,18,36,18,648634,27810,109937,16319,0.22026675959954378,0.36980217090801965
7954,0.796,23,45,23,648679,27765,109960,16296,0.21991034089469016,0.3698508885408865
7955,0.7961,16,38,16,648717,27727,109976,16280,0.21960936509948042,0.3699411457268162
7956,0.7962,13,37,13,648754,27690,109989,16267,0.2193163097199341,0.37006620106012694
7957,0.7963,19,37,19,648791,27653,110008,16248,0.21902325434038777,0.3701054645680053
7958,0.7964,11,19,11,648810,27634,110019,16237,0.21887276644278292,0.37010781609719406
7959,0.7965,14,35,14,648845,27599,110033,16223,0.21859555189456342,0.3702021815526448
7960,0.7966,15,33,15,648878,27566,110048,16208,0.21833417817767076,0.3702654543793119
7961,0.7967,21,44,21,648922,27522,110069,16187,0.21798567988848055,0.3703356288178636
7962,0.7968,13,28,13,648950,27494,110082,16174,0.21776390824990496,0.37038563707978384
7963,0.7969,22,41,22,648991,27453,110104,16152,0.21743917120770498,0.37041623667010665
7964,0.797,22,43,22,649034,27410,110126,16130,0.2170985933341782,0.370463941203491
7965,0.7971,10,23,10,649057,27387,110136,16120,0.21691642377391965,0.3705150895258234
7966,0.7972,11,24,11,649081,27363,110147,16109,0.21672633379799772,0.37056036069193965
7967,0.7973,14,38,14,649119,27325,110161,16095,0.21642535800278798,0.37068171349608475
7968,0.7974,25,48,25,649167,27277,110186,16070,0.21604517805094411,0.3707292315500496
7969,0.7975,14,34,14,649201,27243,110200,16056,0.21577588391838803,0.37081687798794427
7970,0.7976,15,40,15,649241,27203,110215,16041,0.21545906729185146,0.37094163352141335
7971,0.7977,16,41,16,649282,27162,110231,16025,0.2151343302496515,0.3710607358695904
7972,0.7978,15,51,15,649333,27111,110246,16010,0.2147303890508174,0.371280814452355
7973,0.7979,9,46,9,649379,27065,110255,16001,0.21436604993030034,0.37154599916407377
7974,0.798,10,25,10,649404,27040,110265,15991,0.214168039538715,0.3716158118565685
7975,0.7981,17,44,17,649448,26996,110282,15974,0.21381954124952476,0.3717477309750989
7976,0.7982,17,34,17,649482,26962,110299,15957,0.2135502471169687,0.3717933782240965
7977,0.7983,27,49,27,649531,26913,110326,15930,0.2131621467494614,0.3718227014914922
7978,0.7984,13,31,13,649562,26882,110339,15917,0.21291661386389557,0.37190121264515524
7979,0.7985,14,49,14,649611,26833,110353,15903,0.2125285134963883,0.3721218644702359
7980,0.7986,15,23,15,649634,26810,110368,15888,0.21234634393612978,0.37210173778631317
7981,0.7987,20,49,20,649683,26761,110388,15868,0.21195824356862247,0.3722348635905135
7982,0.7988,19,37,19,649720,26724,110407,15849,0.21166518818907618,0.3722782044958072
7983,0.7989,15,36,15,649756,26688,110422,15834,0.21138005322519327,0.37237194863835194
7984,0.799,17,35,17,649791,26653,110439,15817,0.21110283867697377,0.3724275959500824
7985,0.7991,22,43,22,649834,26610,110461,15795,0.21076226080344695,0.3724796604174036
7986,0.7992,16,55,16,649889,26555,110477,15779,0.2103266379419592,0.3727264137572637
7987,0.7993,17,46,17,649935,26509,110494,15762,0.20996229882144216,0.37287975207589125
7988,0.7994,18,23,18,649958,26486,110512,15744,0.20978012926118364,0.37281553398058254
7989,0.7995,10,24,10,649982,26462,110522,15734,0.20959003928526168,0.3728789458716466
7990,0.7996,7,21,7,650003,26441,110529,15727,0.20942371055633,0.3729605387971922
7991,0.7997,11,30,11,650033,26411,110540,15716,0.20918609808642757,0.3730624065326275
7992,0.7998,19,29,19,650062,26382,110559,15697,0.20895640603218857,0.373036431474132
7993,0.7999,8,28,8,650090,26354,110567,15689,0.20873463439361298,0.3731655685845444
7994,0.8,22,42,22,650132,26312,110589,15667,0.20840197693574958,0.3732104147311751
7995,0.8001,12,18,12,650150,26294,110601,15655,0.20825940945380814,0.3731912560490119
7996,0.8002,10,24,10,650174,26270,110611,15645,0.2080693194778862,0.3732553978289395
7997,0.8003,18,17,18,650191,26253,110629,15627,0.20793467241160815,0.3731375358166189
7998,0.8004,9,23,9,650214,26230,110638,15618,0.20775250285134964,0.3732077996558975
7999,0.8005,10,28,10,650242,26202,110648,15608,0.20753073121277404,0.3733078210954317
8000,0.8006,9,24,9,650266,26178,110657,15599,0.2073406412368521,0.3733872705076956
8001,0.8007,12,25,12,650291,26153,110669,15587,0.20714263084526677,0.37343076185912794
8002,0.8008,19,18,19,650309,26135,110688,15568,0.2070000633633253,0.373306476752272
8003,0.8009,15,25,15,650334,26110,110703,15553,0.20680205297173995,0.37330485082687276
8004,0.801,23,41,23,650375,26069,110726,15530,0.20647731592954,0.373326281881776
8005,0.8011,15,37,15,650412,26032,110741,15515,0.20618426054999367,0.3734324981346427
8006,0.8012,8,14,8,650426,26018,110749,15507,0.20607337473070586,0.3734376881396749
8007,0.8013,4,34,4,650460,25984,110753,15503,0.20580408059814978,0.37368332248656205
8008,0.8014,7,22,7,650482,25962,110760,15496,0.20562983145355468,0.3737758695547301
8009,0.8015,22,37,22,650519,25925,110782,15474,0.20533677607400835,0.373777144375468
8010,0.8016,19,41,19,650560,25884,110801,15455,0.2050120390318084,0.3738600353177387
8011,0.8017,21,44,21,650604,25840,110822,15434,0.20466354074261817,0.37394001066046423
8012,0.8018,13,21,13,650625,25819,110835,15421,0.20449721201368648,0.37393307468477205
8013,0.8019,17,42,17,650667,25777,110852,15404,0.20416455455582308,0.3740559966975061
8014,0.802,15,24,15,650691,25753,110867,15389,0.20397446457990115,0.3740459870691751
8015,0.8021,7,22,7,650713,25731,110874,15382,0.20380021543530605,0.37413956656045533
8016,0.8022,11,30,11,650743,25701,110885,15371,0.20356260296540363,0.3742452278924815
8017,0.8023,19,36,19,650779,25665,110904,15352,0.20327746800152072,0.37428383353243777
8018,0.8024,19,34,19,650813,25631,110923,15333,0.20300817386896464,0.37430426716141
8019,0.8025,18,42,18,650855,25589,110941,15315,0.20267551641110126,0.3744132603168394
8020,0.8026,9,21,9,650876,25568,110950,15306,0.20250918768216955,0.3744678768899545
8021,0.8027,36,59,36,650935,25509,110986,15270,0.20204188315802812,0.3744574413300964
8022,0.8028,10,27,10,650962,25482,110996,15260,0.20182803193511595,0.37455205929998525
8023,0.8029,10,32,10,650994,25450,111006,15250,0.2015745786338867,0.3746928746928747
8024,0.803,12,35,12,651029,25415,111018,15238,0.2012973640856672,0.37483088578948665
8025,0.8031,13,16,13,651045,25399,111031,15225,0.2011706374350526,0.3747784560850729
8026,0.8032,10,15,10,651060,25384,111041,15215,0.2010518312001014,0.3747629251952019
8027,0.8033,19,31,19,651091,25353,111060,15196,0.20080629831453556,0.37475646748378505
8028,0.8034,13,37,13,651128,25316,111073,15183,0.20051324293498923,0.3748981456332255
8029,0.8035,18,33,18,651161,25283,111091,15165,0.20025186921809657,0.37492583069620256
8030,0.8036,12,38,12,651199,25245,111103,15153,0.19995089342288683,0.37509282637754343
8031,0.8037,23,17,23,651216,25228,111126,15130,0.1998162463566088,0.37489469250210616
8032,0.8038,11,25,11,651241,25203,111137,15119,0.19961823596502346,0.374956599375031
8033,0.8039,14,45,14,651286,25158,111151,15105,0.1992618172601698,0.3751583339542508
8034,0.804,7,26,7,651312,25132,111158,15098,0.19905588645292105,0.37529207059408404
8035,0.8041,8,27,8,651339,25105,111166,15090,0.19884203523000887,0.37541982833685783
8036,0.8042,16,30,16,651369,25075,111182,15074,0.19860442276010645,0.37545144337343395
8037,0.8043,27,62,27,651431,25013,111209,15047,0.19811335698897478,0.3756115826260609
8038,0.8044,7,19,7,651450,24994,111216,15040,0.19796286909136993,0.37568067142928513
8039,0.8045,10,20,10,651470,24974,111226,15030,0.19780446077810163,0.3757124287571243
8040,0.8046,14,17,14,651487,24957,111240,15016,0.1976698137118236,0.37565356615715606
8041,0.8047,8,18,8,651505,24939,111248,15008,0.19752724622988213,0.3756977995844494
8042,0.8048,16,34,16,651539,24905,111264,14992,0.19725795209732608,0.3757676015740532
8043,0.8049,11,34,11,651573,24871,111275,14981,0.19698865796477,0.3759158887885175
8044,0.805,14,36,14,651609,24835,111289,14967,0.1967035230008871,0.37603638008140294
8045,0.8051,12,16,12,651625,24819,111301,14955,0.19657679635027248,0.37599939659073767
8046,0.8052,6,16,6,651641,24803,111307,14949,0.19645006969965784,0.3760565506138056
8047,0.8053,21,41,21,651682,24762,111328,14928,0.19612533265745785,0.3761148904006047
8048,0.8054,17,20,17,651702,24742,111345,14911,0.19596692434418958,0.37603712203364187
8049,0.8055,17,34,17,651736,24708,111362,14894,0.1956976302116335,0.3760921165597697
8050,0.8056,25,37,25,651773,24671,111387,14869,0.19540457483208717,0.3760495700556399
8051,0.8057,8,11,8,651784,24660,111395,14861,0.19531745025978964,0.37602793451582706
8052,0.8058,25,58,25,651842,24602,111420,14836,0.19485806615131163,0.37618540493939856
8053,0.8059,17,38,17,651880,24564,111437,14819,0.19455709035610189,0.3762791051976741
8054,0.806,18,30,18,651910,24534,111455,14801,0.19431947788619947,0.37628066607347144
8055,0.8061,12,32,12,651942,24502,111467,14789,0.19406602458497021,0.37639663027156345
8056,0.8062,10,37,10,651979,24465,111477,14779,0.1937729692054239,0.37659260014269696
8057,0.8063,9,35,9,652014,24430,111486,14770,0.19349575465720442,0.3767857142857143
8058,0.8064,15,32,15,652046,24398,111501,14755,0.19324230135597517,0.376854902561745
8059,0.8065,25,31,25,652077,24367,111526,14730,0.19299676847040934,0.37675524976340896
8060,0.8066,12,20,12,652097,24347,111538,14718,0.19283836015714104,0.3767566875719954
8061,0.8067,8,14,8,652111,24333,111546,14710,0.19272747433785326,0.37676408062905004
8062,0.8068,10,32,10,652143,24301,111556,14700,0.192474021036624,0.37691341247660315
8063,0.8069,11,25,11,652168,24276,111567,14689,0.19227601064503866,0.37697934043372255
8064,0.807,9,24,9,652192,24252,111576,14680,0.19208592066911673,0.37706770779821225
8065,0.8071,20,36,20,652228,24216,111596,14660,0.19180078570523382,0.37709640909558595
8066,0.8072,11,22,11,652250,24194,111607,14649,0.19162653656063872,0.37713358906366656
8067,0.8073,11,22,11,652272,24172,111618,14638,0.1914522874160436,0.37717083225972686
8068,0.8074,10,19,10,652291,24153,111628,14628,0.19130179951843873,0.3771950181790052
8069,0.8075,6,20,6,652311,24133,111634,14622,0.19114339120517046,0.3772932524835505
8070,0.8076,33,57,33,652368,24076,111667,14589,0.19069192751235584,0.37731798784430365
8071,0.8077,17,44,17,652412,24032,111684,14572,0.19034342922316563,0.37747383690809244
8072,0.8078,11,21,11,652433,24011,111695,14561,0.19017710049423395,0.37750181478792905
8073,0.8079,6,18,6,652451,23993,111701,14555,0.19003453301229248,0.3775811974680917
8074,0.808,28,50,28,652501,23943,111729,14527,0.1896385122291218,0.37761892383675594
8075,0.8081,5,10,5,652511,23933,111734,14522,0.18955930807248764,0.37763619815368615
8076,0.8082,14,20,14,652531,23913,111748,14508,0.18940089975921937,0.37760599672054346
8077,0.8083,19,28,19,652559,23885,111767,14489,0.18917912812064377,0.377573356960442
8078,0.8084,9,21,9,652580,23864,111776,14480,0.1890127993917121,0.377634049655748
8079,0.8085,14,27,14,652607,23837,111790,14466,0.18879894816879988,0.37767276714617654
8080,0.8086,17,38,17,652645,23799,111807,14449,0.18849797237359017,0.37777138673917593
8081,0.8087,11,30,11,652675,23769,111818,14438,0.18826035990368775,0.3778888685319444
8082,0.8088,15,25,15,652700,23744,111833,14423,0.1880623495121024,0.37789189614064506
8083,0.8089,5,25,5,652725,23719,111838,14418,0.18786433912051703,0.37805805385845764
8084,0.809,11,16,11,652741,23703,111849,14407,0.18773761246990242,0.3780372605615324
8085,0.8091,15,35,15,652776,23668,111864,14392,0.18746039792168293,0.37813977929584863
8086,0.8092,16,31,16,652807,23637,111880,14376,0.1872148650361171,0.3781864099123984
8087,0.8093,8,32,8,652839,23605,111888,14368,0.18696141173488784,0.3783741079187844
8088,0.8094,8,29,8,652868,23576,111896,14360,0.18673171968064883,0.37853226486714464
8089,0.8095,6,20,6,652888,23556,111902,14354,0.18657331136738056,0.3786336059087312
8090,0.8096,20,52,20,652940,23504,111922,14334,0.18616144975288304,0.37882551931920294
8091,0.8097,3,15,3,652955,23489,111925,14331,0.18604264351793182,0.3789264939185616
8092,0.8098,2,16,2,652971,23473,111927,14329,0.1859159168673172,0.37905401830590973
8093,0.8099,8,22,8,652993,23451,111935,14321,0.18574166772272208,0.3791432807370539
8094,0.81,15,18,15,653011,23433,111950,14306,0.18559910024078063,0.379077347041522
8095,0.8101,13,38,13,653049,23395,111963,14293,0.1852981244455709,0.3792453831458289
8096,0.8102,12,39,12,653088,23356,111975,14281,0.18498922823469777,0.3794404442436964
8097,0.8103,13,43,13,653131,23313,111988,14268,0.18464865036117095,0.3796599345413906
8098,0.8104,13,16,13,653147,23297,112001,14255,0.18452192371055634,0.37960694503621645
8099,0.8105,8,25,8,653172,23272,112009,14247,0.18432391331897097,0.3797276046802953
8100,0.8106,7,24,7,653196,23248,112016,14240,0.18413382334304904,0.3798548868971404
8101,0.8107,4,7,4,653203,23241,112020,14236,0.18407838043340516,0.3798596472503135
8102,0.8108,16,37,16,653240,23204,112036,14220,0.18378532505385883,0.37997007268063276
8103,0.8109,7,23,7,653263,23181,112043,14213,0.18360315549360032,0.3800877146066214
8104,0.811,7,26,7,653289,23155,112050,14206,0.18339722468635153,0.3802360750515243
8105,0.8111,11,24,11,653313,23131,112061,14195,0.1832071347104296,0.38029791566200505
8106,0.8112,12,34,12,653347,23097,112073,14183,0.18293784057787352,0.38044527896995706
8107,0.8113,13,20,13,653367,23077,112086,14170,0.18277943226460525,0.38043332348914005
8108,0.8114,10,31,10,653398,23046,112096,14160,0.1825338993790394,0.3805837768101919
8109,0.8115,8,18,8,653416,23028,112104,14152,0.18239133189709797,0.3806347498655191
8110,0.8116,10,44,10,653460,22984,112114,14142,0.18204283360790774,0.3809190324839735
8111,0.8117,12,31,12,653491,22953,112126,14130,0.1817973007223419,0.3810371329180487
8112,0.8118,4,16,4,653507,22937,112130,14126,0.1816705740717273,0.3811348244880339
8113,0.8119,16,30,16,653537,22907,112146,14110,0.18143296160182487,0.38117621633303617
8114,0.812,14,33,14,653570,22874,112160,14096,0.1811715878849322,0.3812821206383554
8115,0.8121,12,53,12,653623,22821,112172,14084,0.18075180585477127,0.38162850562254436
8116,0.8122,9,25,9,653648,22796,112181,14075,0.1805537954631859,0.381736323940224
8117,0.8123,18,20,18,653668,22776,112199,14057,0.18039538714991762,0.38164146281866806
8118,0.8124,13,33,13,653701,22743,112212,14044,0.18013401343302496,0.3817652975235817
8119,0.8125,10,23,10,653724,22720,112222,14034,0.17995184387276644,0.3818359906404745
8120,0.8126,16,26,16,653750,22694,112238,14018,0.17974591306551768,0.3818370015253868
8121,0.8127,6,25,6,653775,22669,112244,14012,0.17954790267393234,0.38199612878602
8122,0.8128,11,26,11,653801,22643,112255,14001,0.17934197186668357,0.382081650474839
8123,0.8129,11,37,11,653838,22606,112266,13990,0.17904891648713725,0.3822822166356979
8124,0.813,13,30,13,653868,22576,112279,13977,0.17881130401723483,0.3823762755450989
8125,0.8131,10,23,10,653891,22553,112289,13967,0.1786291344569763,0.38244797371303396
8126,0.8132,16,22,16,653913,22531,112305,13951,0.17845488531238118,0.38240776273230637
8127,0.8133,18,27,18,653940,22504,112323,13933,0.178241034089469,0.38238603617202294
8128,0.8134,19,42,19,653982,22462,112342,13914,0.17790837663160564,0.38250494831757204
8129,0.8135,16,20,16,654002,22442,112358,13898,0.17774996831833734,0.3824435883324161
8130,0.8136,13,16,13,654018,22426,112371,13885,0.17762324166772273,0.3823910109884057
8131,0.8137,17,39,17,654057,22387,112388,13868,0.17731434545684957,0.3825127568611226
8132,0.8138,25,54,25,654111,22333,112413,13843,0.17688664301102522,0.38265701017249004
8133,0.8139,13,21,13,654132,22312,112426,13830,0.17672031428209353,0.38265729622046374
8134,0.814,11,18,11,654150,22294,112437,13819,0.17657774680015206,0.3826599839393016
8135,0.8141,17,29,17,654179,22265,112454,13802,0.17634805474591306,0.3826766850583636
8136,0.8142,16,38,16,654217,22227,112470,13786,0.17604707895070335,0.3828062088690195
8137,0.8143,3,20,3,654237,22207,112473,13783,0.17588867063743505,0.38296749096971383
8138,0.8144,11,29,11,654266,22178,112484,13772,0.17565897858319604,0.3830876216968011
8139,0.8145,13,15,13,654281,22163,112497,13759,0.17554017234824484,0.38302433049384776
8140,0.8146,6,30,6,654311,22133,112503,13753,0.17530255987834242,0.38324137546675585
8141,0.8147,18,29,18,654340,22104,112521,13735,0.17507286782410342,0.3832417199140601
8142,0.8148,17,18,17,654358,22086,112538,13718,0.17493030034216195,0.383141548430343
8143,0.8149,12,21,12,654379,22065,112550,13706,0.17476397161323026,0.3831595426462777
8144,0.815,10,26,10,654405,22039,112560,13696,0.1745580408059815,0.38326570589058345
8145,0.8151,12,27,12,654432,22012,112572,13684,0.17434418958306933,0.38334827431645
8146,0.8152,13,30,13,654462,21982,112585,13671,0.1741065771131669,0.38344599332454493
8147,0.8153,11,42,11,654504,21940,112596,13660,0.1737739196553035,0.38370786516853933
8148,0.8154,22,47,22,654551,21893,112618,13638,0.17340166011912306,0.38383383524246434
8149,0.8155,12,29,12,654580,21864,112630,13626,0.17317196806488405,0.38393913778529165
8150,0.8156,12,20,12,654600,21844,112642,13614,0.17301355975161575,0.3839472051441142
8151,0.8157,10,44,10,654644,21800,112652,13604,0.17266506146242555,0.384250367190148
8152,0.8158,12,39,12,654683,21761,112664,13592,0.1723561652515524,0.3844652504737929
8153,0.8159,4,23,4,654706,21738,112668,13588,0.17217399569129388,0.3846458698975259
8154,0.816,18,29,18,654735,21709,112686,13570,0.17194430363705487,0.38464809093228264
8155,0.8161,10,40,10,654775,21669,112696,13560,0.1716274870105183,0.38491015924380484
8156,0.8162,24,46,24,654821,21623,112720,13536,0.17126314789000127,0.38499388492277936
8157,0.8163,14,27,14,654848,21596,112734,13522,0.1710492966670891,0.38504470641836097
8158,0.8164,11,13,11,654861,21583,112745,13511,0.1709463312634647,0.3849945859691115
8159,0.8165,15,29,15,654890,21554,112760,13496,0.1707166392092257,0.3850499286733238
8160,0.8166,22,49,22,654939,21505,112782,13474,0.17032853884171842,0.38520255010148946
8161,0.8167,14,21,14,654960,21484,112796,13460,0.17016221011278673,0.38518772893772896
8162,0.8168,10,17,10,654977,21467,112806,13450,0.17002756304650868,0.3851991866426096
8163,0.8169,19,42,19,655019,21425,112825,13431,0.16969490558864528,0.3853282074822125
8164,0.817,13,24,13,655043,21401,112838,13418,0.16950481561272335,0.38536431258795484
8165,0.8171,8,21,8,655064,21380,112846,13410,0.16933848688379166,0.38545559068697904
8166,0.8172,13,38,13,655102,21342,112859,13397,0.16903751108858192,0.38564725524626503
8167,0.8173,15,37,15,655139,21305,112874,13382,0.16874445570903562,0.3857929483668233
8168,0.8174,18,32,18,655171,21273,112892,13364,0.16849100240780637,0.38583018159771343
8169,0.8175,13,27,13,655198,21246,112905,13351,0.1682771511848942,0.38590051160505245
8170,0.8176,13,34,13,655232,21212,112918,13338,0.16800785705233812,0.3860492040520984
8171,0.8177,20,38,20,655270,21174,112938,13318,0.16770688125712838,0.3861185202365766
8172,0.8178,12,27,12,655297,21147,112950,13306,0.1674930300342162,0.38620729689722233
8173,0.8179,17,27,17,655324,21120,112967,13289,0.16727917881130402,0.38620709698044114
8174,0.818,11,23,11,655347,21097,112978,13278,0.1670970092510455,0.3862690909090909
8175,0.8181,12,34,12,655381,21063,112990,13266,0.16682771511848943,0.3864371231320458
8176,0.8182,15,14,15,655395,21049,113005,13251,0.16671682929920162,0.3863265306122449
8177,0.8183,12,23,12,655418,21026,113017,13239,0.1665346597389431,0.3863709324383482
8178,0.8184,18,40,18,655458,20986,113035,13221,0.16621784311240653,0.38649983921419595
8179,0.8185,13,14,13,655472,20972,113048,13208,0.16610695729311875,0.38642480983031013
8180,0.8186,24,26,24,655498,20946,113072,13184,0.16590102648587,0.3862877234104893
8181,0.8187,29,40,29,655538,20906,113101,13155,0.16558420985933342,0.3862188426646311
8182,0.8188,15,28,15,655566,20878,113116,13140,0.16536243822075783,0.38626609442060084
8183,0.8189,17,32,17,655598,20846,113133,13123,0.16510898491952858,0.38632282375106713
8184,0.819,6,23,6,655621,20823,113139,13117,0.16492681535927006,0.38647613435474365
8185,0.8191,6,11,6,655632,20812,113145,13111,0.1648396907869725,0.38649293989328776
8186,0.8192,9,25,9,655657,20787,113154,13102,0.16464168039538715,0.3866151258520464
8187,0.8193,10,25,10,655682,20762,113164,13092,0.1644436700038018,0.3867194423111006
8188,0.8194,11,30,11,655712,20732,113175,13081,0.16420605753389939,0.38686304084227957
8189,0.8195,7,22,7,655734,20710,113182,13074,0.16403180838930428,0.38698792327729103
8190,0.8196,9,23,9,655757,20687,113191,13065,0.16384963882904574,0.38708817255273764
8191,0.8197,19,24,19,655781,20663,113210,13046,0.1636595488531238,0.3870183037171082
8192,0.8198,6,17,6,655798,20646,113216,13040,0.16352490178684578,0.3871044350768865
8193,0.8199,13,26,13,655824,20620,113229,13027,0.16331897097959702,0.38716676078105033
8194,0.82,20,36,20,655860,20584,113249,13007,0.1630338360157141,0.3872168140275669
8195,0.8201,14,38,14,655898,20546,113263,12993,0.16273286022050437,0.38739974358209844
8196,0.8202,13,30,13,655928,20516,113276,12980,0.16249524775060195,0.38750895629328874
8197,0.8203,5,10,5,655938,20506,113281,12975,0.1624160435939678,0.38753322780084226
8198,0.8204,18,37,18,655975,20469,113299,12957,0.1621229882144215,0.3876323819781009
8199,0.8205,9,25,9,656000,20444,113308,12948,0.16192497782283613,0.38775754671777674
8200,0.8206,13,34,13,656034,20410,113321,12935,0.16165568369028008,0.38791423001949316
8201,0.8207,12,29,12,656063,20381,113333,12923,0.16142599163604107,0.3880314676915686
8202,0.8208,11,19,11,656082,20362,113344,12912,0.1612755037384362,0.38805073029993387
8203,0.8209,6,25,6,656107,20337,113350,12906,0.16107749334685084,0.3882321090154318
8204,0.821,7,19,7,656126,20318,113357,12899,0.16092700544924599,0.38832525514044014
8205,0.8211,17,17,17,656143,20301,113374,12882,0.16079235838296793,0.3882108308471205
8206,0.8212,10,25,10,656168,20276,113384,12872,0.16059434799138259,0.3883190539399059
8207,0.8213,15,42,15,656210,20234,113399,12857,0.16026169053351919,0.38853464688283823
8208,0.8214,14,27,14,656237,20207,113413,12843,0.160047839310607,0.3885930408472012
8209,0.8215,14,25,14,656262,20182,113427,12829,0.15984982891902166,0.3886280330798825
8210,0.8216,10,28,10,656290,20154,113437,12819,0.15962805728044607,0.3887726321535802
8211,0.8217,9,13,9,656303,20141,113446,12810,0.1595250918768217,0.38875906649267095
8212,0.8218,8,35,8,656338,20106,113454,12802,0.1592478773286022,0.3890239455451562
8213,0.8219,8,25,8,656363,20081,113462,12794,0.15904986693701686,0.38917110266159693
8214,0.822,7,22,7,656385,20059,113469,12787,0.15887561779242174,0.38930158923461
8215,0.8221,7,20,7,656405,20039,113476,12780,0.15871720947915346,0.3894085743014717
8216,0.8222,10,24,10,656429,20015,113486,12770,0.15852711950323153,0.3895073966753088
8217,0.8223,8,21,8,656450,19994,113494,12762,0.15836079077429985,0.38960801074612283
8218,0.8224,17,27,17,656477,19967,113511,12745,0.15814693955138764,0.38961237466373194
8219,0.8225,17,28,17,656505,19939,113528,12728,0.15792516791281205,0.38962867725839534
8220,0.8226,12,21,12,656526,19918,113540,12716,0.15775883918388037,0.38965496108353254
8221,0.8227,7,17,7,656543,19901,113547,12709,0.15762419211760234,0.38972707758356334
8222,0.8228,13,37,13,656580,19864,113560,12696,0.15733113673805602,0.3899262899262899
8223,0.8229,15,28,15,656608,19836,113575,12681,0.15710936509948042,0.3899806255189593
8224,0.823,9,26,9,656634,19810,113584,12672,0.15690343429223166,0.39012376085216427
8225,0.8231,19,20,19,656654,19790,113603,12653,0.15674502597896336,0.39000708935671796
8226,0.8232,8,20,8,656674,19770,113611,12645,0.1565866176656951,0.3900971772327626
8227,0.8233,14,18,14,656692,19752,113625,12631,0.15644405018375365,0.39005033505234227
8228,0.8234,11,14,11,656706,19738,113636,12620,0.15633316436446584,0.3900117436182706
8229,0.8235,10,24,10,656730,19714,113646,12610,0.1561430743885439,0.39011260982551665
8230,0.8236,16,35,16,656765,19679,113662,12594,0.15586585984032442,0.390233321971927
8231,0.8237,15,17,15,656782,19662,113677,12579,0.1557312127740464,0.3901553922024751
8232,0.8238,10,37,10,656819,19625,113687,12569,0.15543815739450006,0.3904143629247686
8233,0.8239,7,25,7,656844,19600,113694,12562,0.15524014700291472,0.3905851626142653
8234,0.824,8,47,8,656891,19553,113702,12554,0.15486788746673424,0.39100507677453517
8235,0.8241,3,11,3,656902,19542,113705,12551,0.1547807628944367,0.39108216745084595
8236,0.8242,14,35,14,656937,19507,113719,12537,0.1545035483462172,0.39124329047559603
8237,0.8243,10,13,10,656950,19494,113729,12527,0.15440058294259282,0.3912120171137691
8238,0.8244,9,23,9,656973,19471,113738,12518,0.1542184133823343,0.39132201694332425
8239,0.8245,22,50,22,657023,19421,113760,12496,0.1538223925991636,0.39151549331077484
8240,0.8246,12,42,12,657065,19379,113772,12484,0.1534897351413002,0.3918024040423061
8241,0.8247,14,25,14,657090,19354,113786,12470,0.15329172474971486,0.3918426344896933
8242,0.8248,5,16,5,657106,19338,113791,12465,0.15316499809910025,0.39194415621167816
8243,0.8249,16,18,16,657124,19320,113807,12449,0.15302243061715878,0.39185998929774307
8244,0.825,10,25,10,657149,19295,113817,12439,0.15282442022557344,0.39197705930547677
8245,0.8251,14,31,14,657180,19264,113831,12425,0.1525788873400076,0.39209189308592884
8246,0.8252,12,29,12,657209,19235,113843,12413,0.1523491952857686,0.3922206774519717
8247,0.8253,10,22,10,657231,19213,113853,12403,0.1521749461411735,0.3923013663967611
8248,0.8254,11,25,11,657256,19188,113864,12392,0.15197693574958815,0.39240025332488915
8249,0.8255,12,22,12,657278,19166,113876,12380,0.15180268660499302,0.39244278196918786
8250,0.8256,21,24,21,657302,19142,113897,12359,0.1516125966290711,0.39233675121424716
8251,0.8257,13,18,13,657320,19124,113910,12346,0.15147002914712965,0.392310136638068
8252,0.8258,8,17,8,657337,19107,113918,12338,0.1513353820808516,0.3923676260136747
8253,0.8259,9,18,9,657355,19089,113927,12329,0.15119281459891015,0.39241835890253995
8254,0.826,11,30,11,657385,19059,113938,12318,0.15095520212900773,0.392580552634095
8255,0.8261,6,16,6,657401,19043,113944,12312,0.1508284754783931,0.39266464678679636
8256,0.8262,12,19,12,657420,19024,113956,12300,0.15067798758078824,0.39267015706806285
8257,0.8263,7,12,7,657432,19012,113963,12293,0.15058294259282728,0.39268487462066765
8258,0.8264,8,29,8,657461,18983,113971,12285,0.15035325053858828,0.39289369323269796
8259,0.8265,12,35,12,657496,18948,113983,12273,0.15007603599036878,0.39310079754011723
8260,0.8266,14,20,14,657516,18928,113997,12259,0.14991762767710048,0.39308045018757815
8261,0.8267,9,43,9,657559,18885,114006,12250,0.1495770498035737,0.39344788822868154
8262,0.8268,11,31,11,657590,18854,114017,12239,0.14933151691800786,0.3936255748882385
8263,0.8269,9,17,9,657607,18837,114026,12230,0.1491968698517298,0.3936653040203431
8264,0.827,7,16,7,657623,18821,114033,12223,0.1490701432011152,0.39373147790233215
8265,0.8271,23,25,23,657648,18796,114056,12200,0.14887213280952985,0.393599174086979
8266,0.8272,16,19,16,657667,18777,114072,12184,0.14872164491192497,0.3935273408481638
8267,0.8273,9,20,9,657687,18757,114081,12175,0.1485632365986567,0.3936053278158541
8268,0.8274,15,31,15,657718,18726,114096,12160,0.14831770371309086,0.39370588616201513
8269,0.8275,15,32,15,657750,18694,114111,12145,0.1480642504118616,0.39381951425143485
8270,0.8276,16,25,16,657775,18669,114127,12129,0.14786624002027626,0.3938242743035262
8271,0.8277,3,19,3,657794,18650,114130,12126,0.1477157521226714,0.3940083181700026
8272,0.8278,21,48,21,657842,18602,114151,12105,0.14733557217082752,0.3942097892988569
8273,0.8279,17,34,17,657876,18568,114168,12088,0.14706627803827144,0.39431106471816285
8274,0.828,9,16,9,657892,18552,114177,12079,0.14693955138765682,0.3943390682641768
8275,0.8281,14,34,14,657926,18518,114191,12065,0.14667025725510074,0.3945002125363764
8276,0.8282,19,40,19,657966,18478,114210,12046,0.14635344062856417,0.39464028305595594
8277,0.8283,14,27,14,657993,18451,114224,12032,0.146139589405652,0.39471180658071714
8278,0.8284,5,15,5,658008,18436,114229,12027,0.1460207831707008,0.3948068148245413
8279,0.8285,11,30,11,658038,18406,114240,12016,0.14578317070079838,0.39497731904542766
8280,0.8286,4,27,4,658065,18379,114244,12012,0.1455693194778862,0.3952485933335527
8281,0.8287,11,21,11,658086,18358,114255,12001,0.1454029907489545,0.3953028755887875
8282,0.8288,15,29,15,658115,18329,114270,11986,0.14517329869471549,0.3953818241794491
8283,0.8289,10,34,10,658149,18295,114280,11976,0.14490400456215943,0.39562617686895046
8284,0.829,11,27,11,658176,18268,114291,11965,0.14469015333924726,0.395759600436609
8285,0.8291,12,21,12,658197,18247,114303,11953,0.14452382461031554,0.395794701986755
8286,0.8292,18,35,18,658232,18212,114321,11935,0.14424661006209605,0.3958934554018642
8287,0.8293,11,21,11,658253,18191,114332,11924,0.14408028133316436,0.3959488626930101
8288,0.8294,18,25,18,658278,18166,114350,11906,0.14388227094157902,0.3959164671455174
8289,0.8295,22,32,22,658310,18134,114372,11884,0.14362881764034977,0.39589579585581985
8290,0.8296,5,17,5,658327,18117,114377,11879,0.14349417057407174,0.39601946926256837
8291,0.8297,20,43,20,658370,18074,114397,11859,0.14315359270054492,0.39618481274847156
8292,0.8298,16,42,16,658412,18032,114413,11843,0.14282093524268152,0.39641841004184103
8293,0.8299,6,7,6,658419,18025,114419,11837,0.14276549233303765,0.39639006094702295
8294,0.83,20,32,20,658451,17993,114439,11817,0.1425120390318084,0.39641060046964105
8295,0.8301,13,16,13,658467,17977,114452,11804,0.14238531238119376,0.3963600953628152
8296,0.8302,18,27,18,658494,17950,114470,11786,0.14217146115828158,0.3963545870325531
8297,0.8303,13,23,13,658517,17927,114483,11773,0.14198929159802307,0.3963973063973064
8298,0.8304,6,12,6,658529,17915,114489,11767,0.14189424661006209,0.3964355501650832
8299,0.8305,7,14,7,658543,17901,114496,11760,0.1417833607907743,0.3964802265601295
8300,0.8306,13,28,13,658571,17873,114509,11747,0.1415615891521987,0.3965901417960837
8301,0.8307,24,40,24,658611,17833,114533,11723,0.14124477252566214,0.3966368926783056
8302,0.8308,12,19,12,658630,17814,114545,11711,0.1410942846280573,0.3966469093988146
8303,0.8309,22,51,22,658681,17763,114567,11689,0.14069034342922315,0.3968830639684911
8304,0.831,5,24,5,658705,17739,114572,11684,0.14050025345330122,0.39710430615504877
8305,0.8311,2,3,2,658708,17736,114574,11682,0.14047649220631098,0.3971038139914338
8306,0.8312,8,11,8,658719,17725,114582,11674,0.14038936763401344,0.3970883363379707
8307,0.8313,12,16,12,658735,17709,114594,11662,0.1402626409833988,0.39705832283544995
8308,0.8314,11,40,11,658775,17669,114605,11651,0.13994582435686226,0.39737380627557983
8309,0.8315,9,23,9,658798,17646,114614,11642,0.13976365479660371,0.3975006828735318
8310,0.8316,9,22,9,658820,17624,114623,11633,0.1395894056520086,0.39761424616331137
8311,0.8317,20,20,20,658840,17604,114643,11613,0.13943099733874034,0.3974740733134819
8312,0.8318,10,25,10,658865,17579,114653,11603,0.139232986947155,0.39760811459118633
8313,0.8319,8,21,8,658886,17558,114661,11595,0.13906665821822328,0.3977292216924502
8314,0.832,13,20,13,658906,17538,114674,11582,0.138908249904955,0.39773351648351646
8315,0.8321,11,33,11,658939,17505,114685,11571,0.13864687618806235,0.39795707800247626
8316,0.8322,16,29,16,658968,17476,114701,11555,0.13841718413382334,0.3980228032103613
8317,0.8323,13,30,13,658998,17446,114714,11542,0.13817957166392092,0.39816475783082655
8318,0.8324,13,24,13,659022,17422,114727,11529,0.137989481687999,0.3982245863700736
8319,0.8325,10,26,10,659048,17396,114737,11519,0.13778355088075023,0.39837454608334777
8320,0.8326,19,38,19,659086,17358,114756,11500,0.1374825750855405,0.3985030147619378
8321,0.8327,10,32,10,659118,17326,114766,11490,0.13722912178431124,0.39873681288173235
8322,0.8328,6,25,6,659143,17301,114772,11484,0.1370311113927259,0.3989577905158937
8323,0.8329,6,16,6,659159,17285,114778,11478,0.13690438474211128,0.3990543406459688
8324,0.833,5,17,5,659176,17268,114783,11473,0.13676973767583323,0.3991858320865662
8325,0.8331,6,18,6,659194,17250,114789,11467,0.13662717019389178,0.3993105129365881
8326,0.8332,11,15,11,659209,17235,114800,11456,0.13650836395894056,0.3992889756369593
8327,0.8333,9,29,9,659238,17206,114809,11447,0.13627867190470155,0.39950441489547345
8328,0.8334,11,25,11,659263,17181,114820,11436,0.1360806615131162,0.3996226019498899
8329,0.8335,6,20,6,659283,17161,114826,11430,0.13592225319984794,0.3997761533349655
8330,0.8336,16,41,16,659324,17120,114842,11414,0.13559751615764795,0.4000140183640569
8331,0.8337,17,19,17,659343,17101,114859,11397,0.1354470282600431,0.3999228016001123
8332,0.8338,8,17,8,659360,17084,114867,11389,0.13531238119376504,0.3999929758016366
8333,0.8339,15,25,15,659385,17059,114882,11374,0.1351143708021797,0.4000281363204727
8334,0.834,5,14,5,659399,17045,114887,11369,0.1350034849828919,0.400119659322869
8335,0.8341,13,23,13,659422,17022,114900,11356,0.13482131542263337,0.40016914511241103
8336,0.8342,17,34,17,659456,16988,114917,11339,0.1345520212900773,0.4002894764712112
8337,0.8343,8,23,8,659479,16965,114925,11331,0.13436985172981877,0.40044529262086515
8338,0.8344,16,21,16,659500,16944,114941,11315,0.1342035230008871,0.4004034113025939
8339,0.8345,13,21,13,659521,16923,114954,11302,0.1340371942719554,0.4004251550044287
8340,0.8346,7,20,7,659541,16903,114961,11295,0.1338787859586871,0.40056032342719344
8341,0.8347,9,26,9,659567,16877,114970,11286,0.13367285515143834,0.4007385576820651
8342,0.8348,14,29,14,659596,16848,114984,11272,0.13344316309719934,0.40085348506401136
8343,0.8349,3,7,3,659603,16841,114987,11269,0.13338772018755543,0.4008893632159374
8344,0.835,12,11,12,659614,16830,114999,11257,0.1333005956152579,0.40079040125324883
8345,0.8351,11,21,11,659635,16809,115010,11246,0.1331342668863262,0.4008554624844056
8346,0.8352,11,23,11,659658,16786,115021,11235,0.13295209732606766,0.4009492880339745
8347,0.8353,8,21,8,659679,16765,115029,11227,0.13278576859713598,0.4010788796799085
8348,0.8354,14,34,14,659713,16731,115043,11213,0.1325164744645799,0.4012668193529917
8349,0.8355,1,14,1,659727,16717,115044,11212,0.13240558864529212,0.40144652511726164
8350,0.8356,4,15,4,659742,16702,115048,11208,0.1322867824103409,0.401576495879613
8351,0.8357,19,31,19,659773,16671,115067,11189,0.13204124952477506,0.4016152189519024
8352,0.8358,11,21,11,659794,16650,115078,11178,0.13187492079584337,0.4016817593790427
8353,0.8359,7,19,7,659813,16631,115085,11171,0.13172443289823849,0.4018056254945687
8354,0.836,8,29,8,659842,16602,115093,11163,0.13149474084399948,0.40205294435440303
8355,0.8361,6,18,6,659860,16584,115099,11157,0.13135217336205804,0.40218449226776254
8356,0.8362,14,25,14,659885,16559,115113,11143,0.1311541629704727,0.4022453252472746
8357,0.8363,11,27,11,659912,16532,115124,11132,0.13094031174756052,0.4024002313475998
8358,0.8364,8,13,8,659925,16519,115132,11124,0.13083734634393612,0.40241652497919905
8359,0.8365,11,31,11,659956,16488,115143,11113,0.1305918134583703,0.4026303394804536
8360,0.8366,20,22,20,659978,16466,115163,11093,0.13041756431377519,0.4025182336078958
8361,0.8367,10,23,10,660001,16443,115173,11083,0.13023539475351667,0.4026375063576255
8362,0.8368,8,15,8,660016,16428,115181,11075,0.13011658851856545,0.4026833436352398
8363,0.8369,5,13,5,660029,16415,115186,11070,0.13001362311494108,0.40276514462434054
8364,0.837,17,31,17,660060,16384,115203,11053,0.12976809022937524,0.4028501658344571
8365,0.8371,6,15,6,660075,16369,115209,11047,0.12964928399442402,0.4029398891158448
8366,0.8372,4,14,4,660089,16355,115213,11043,0.12953839817513624,0.40305861741732973
8367,0.8373,16,24,16,660113,16331,115229,11027,0.1293483081992143,0.4030630894071204
8368,0.8374,6,11,6,660124,16320,115235,11021,0.12926118362691674,0.4030942540506931
8369,0.8375,9,32,9,660156,16288,115244,11012,0.1290077303256875,0.4033699633699634
8370,0.8376,9,17,9,660173,16271,115253,11003,0.12887308325940947,0.4034245068563467
8371,0.8377,13,18,13,660191,16253,115266,10990,0.128730515777468,0.40340637962045295
8372,0.8378,11,25,11,660216,16228,115277,10979,0.12853250538588265,0.4035358547432646
8373,0.8379,4,14,4,660230,16214,115281,10975,0.12842161956659484,0.40365589024973336
8374,0.838,8,19,8,660249,16195,115289,10967,0.12827113166898998,0.40376260952801707
8375,0.8381,9,25,9,660274,16170,115298,10958,0.12807312127740464,0.40393689177233855
8376,0.8382,9,17,9,660291,16153,115307,10949,0.1279384742111266,0.4039923252896465
8377,0.8383,16,29,16,660320,16124,115323,10933,0.1277087821568876,0.4040728831725616
8378,0.8384,10,12,10,660332,16112,115333,10923,0.12761373716892663,0.4040318106158683
8379,0.8385,6,15,6,660347,16097,115339,10917,0.1274949309339754,0.4041237876656548
8380,0.8386,6,10,6,660357,16087,115345,10911,0.12741572677734128,0.4041410474849989
8381,0.8387,16,20,16,660377,16067,115361,10895,0.12725731846407298,0.40408723388472667
8382,0.8388,5,7,5,660384,16060,115366,10890,0.1272018755544291,0.40408163265306124
8383,0.8389,15,26,15,660410,16034,115381,10875,0.12699594474718034,0.40413987885094205
8384,0.839,13,8,13,660418,16026,115394,10862,0.12693258142187303,0.4039720321332937
8385,0.8391,6,30,6,660448,15996,115400,10856,0.1266949689519706,0.4042901832265753
8386,0.8392,12,20,12,660468,15976,115412,10844,0.1265365606387023,0.40432513049962715
8387,0.8393,13,23,13,660491,15953,115425,10831,0.1263543910784438,0.4043832138590203
8388,0.8394,12,23,12,660514,15930,115437,10819,0.12617222151818527,0.40446371826984184
8389,0.8395,8,15,8,660529,15915,115445,10811,0.12605341528323408,0.4045124597769962
8390,0.8396,17,22,17,660551,15893,115462,10794,0.12587916613863895,0.4044665942219058
8391,0.8397,9,17,9,660568,15876,115471,10785,0.12574451907236092,0.4045234612355125
8392,0.8398,11,24,11,660592,15852,115482,10774,0.125554429096439,0.40464207917073536
8393,0.8399,10,24,10,660616,15828,115492,10764,0.12536433912051703,0.40478339350180503
8394,0.84,14,28,14,660644,15800,115506,10750,0.12514256748194144,0.4048964218455744
8395,0.8401,16,25,16,660669,15775,115522,10734,0.1249445570903561,0.4049190840846505
8396,0.8402,20,36,20,660705,15739,115542,10714,0.1246594221264732,0.40502022454920045
8397,0.8403,6,26,6,660731,15713,115548,10708,0.12445349131922444,0.40528367586389613
8398,0.8404,6,18,6,660749,15695,115554,10702,0.12431092383728298,0.4054248588854794
8399,0.8405,7,13,7,660762,15682,115561,10695,0.1242079584336586,0.40546688402775144
8400,0.8406,22,23,22,660785,15659,115583,10673,0.12402578887340007,0.40532432021874526
8401,0.8407,16,31,16,660816,15628,115599,10657,0.12378025598783424,0.40544036522731597
8402,0.8408,12,28,12,660844,15600,115611,10645,0.12355848434925865,0.40560106686987996
8403,0.8409,15,27,15,660871,15573,115626,10630,0.12334463312634647,0.40567873907567836
8404,0.841,15,30,15,660901,15543,115641,10615,0.12310702065644405,0.40580319596299413
8405,0.8411,6,21,6,660922,15522,115647,10609,0.12294069192751235,0.4059928820175271
8406,0.8412,7,12,7,660934,15510,115654,10602,0.12284564693955138,0.4060202205882353
8407,0.8413,23,50,23,660984,15460,115677,10579,0.12244962615638069,0.4062752025807443
8408,0.8414,14,19,14,661003,15441,115691,10565,0.12229913825877582,0.4062524032915481
8409,0.8415,12,22,12,661025,15419,115703,10553,0.1221248891141807,0.4063221931310642
8410,0.8416,5,18,5,661043,15401,115708,10548,0.12198232163223927,0.40648965278045396
8411,0.8417,9,14,9,661057,15387,115717,10539,0.12187143581295147,0.4065031242767878
8412,0.8418,7,10,7,661067,15377,115724,10532,0.12179223165631732,0.4064996719286734
8413,0.8419,9,9,9,661076,15368,115733,10523,0.1217209479153466,0.40643466841759684
8414,0.842,11,29,11,661105,15339,115744,10512,0.1214912558611076,0.4066380410815829
8415,0.8421,18,32,18,661137,15307,115762,10494,0.12123780255987834,0.4067284213790163
8416,0.8422,7,10,7,661147,15297,115769,10487,0.12115859840324421,0.40672510083772884
8417,0.8423,16,18,16,661165,15279,115785,10471,0.12101603092130275,0.40664077669902915
8418,0.8424,12,9,12,661174,15270,115797,10459,0.12094474718033202,0.4065062769637374
8419,0.8425,19,33,19,661207,15237,115816,10440,0.12068337346343937,0.40658955485453907
8420,0.8426,10,22,10,661229,15215,115826,10430,0.12050912431884425,0.40670696042113474
8421,0.8427,10,23,10,661252,15192,115836,10420,0.12032695475858574,0.40684054349523663
8422,0.8428,21,33,21,661285,15159,115857,10399,0.12006558104169307,0.4068784724939354
8423,0.8429,12,15,12,661300,15144,115869,10387,0.11994677480674186,0.40683874505503115
8424,0.843,9,23,9,661323,15121,115878,10378,0.11976460524648333,0.40699635279814894
8425,0.8431,9,13,9,661336,15108,115887,10369,0.11966163984285895,0.40699454409859875
8426,0.8432,13,21,13,661357,15087,115900,10356,0.11949531111392726,0.4070274731753331
8427,0.8433,22,36,22,661393,15051,115922,10334,0.11921017615004435,0.4070908016545204
8428,0.8434,12,39,12,661432,15012,115934,10322,0.11890127993917121,0.407436646404042
8429,0.8435,10,25,10,661457,14987,115944,10312,0.11870326954758585,0.40760504367761574
8430,0.8436,10,20,10,661477,14967,115954,10302,0.11854486123431758,0.40769322094265703
8431,0.8437,10,11,10,661488,14956,115964,10292,0.11845773666202002,0.4076362484157161
8432,0.8438,4,18,4,661506,14938,115968,10288,0.11831516918007857,0.4078331879806549
8433,0.8439,8,18,8,661524,14920,115976,10280,0.11817260169813712,0.40793650793650793
8434,0.844,10,19,10,661543,14901,115986,10270,0.11802211380053225,0.4080092169560208
8435,0.8441,14,21,14,661564,14880,116000,10256,0.11785578507160056,0.40802036919159773
8436,0.8442,11,27,11,661591,14853,116011,10245,0.11764193384868837,0.40819985656227586
8437,0.8443,9,26,9,661617,14827,116020,10236,0.11743600304143961,0.4084108047719746
8438,0.8444,23,34,23,661651,14793,116043,10213,0.11716670890888353,0.408421978725106
8439,0.8445,12,23,12,661674,14770,116055,10201,0.11698453934862502,0.40851387609627166
8440,0.8446,18,19,18,661693,14751,116073,10183,0.11683405145102015,0.4083981711718938
8441,0.8447,20,24,20,661717,14727,116093,10163,0.11664396147509822,0.40831659300924067
8442,0.8448,12,29,12,661746,14698,116105,10151,0.11641426942085921,0.4085073846030021
8443,0.8449,8,8,8,661754,14690,116113,10143,0.11635090609555189,0.40844843554947047
8444,0.845,10,19,10,661773,14671,116123,10133,0.11620041819794703,0.4085228189001774
8445,0.8451,15,32,15,661805,14639,116138,10118,0.11594696489671778,0.4086924910126429
8446,0.8452,6,23,6,661828,14616,116144,10112,0.11576479533645925,0.40892914914267225
8447,0.8453,14,41,14,661869,14575,116158,10098,0.11544005829425928,0.40927329469460544
8448,0.8454,9,23,9,661892,14552,116167,10089,0.11525788873400077,0.40943955196623516
8449,0.8455,14,13,14,661905,14539,116181,10075,0.11515492333037637,0.4093198992443325
8450,0.8456,11,14,11,661919,14525,116192,10064,0.11504403751108858,0.40928870633209974
8451,0.8457,5,13,5,661932,14512,116197,10059,0.1149410721074642,0.4093850474136177
8452,0.8458,11,19,11,661951,14493,116208,10048,0.11479058420985934,0.4094372682449778
8453,0.8459,4,21,4,661972,14472,116212,10044,0.11462425548092764,0.40969162995594716
8454,0.846,10,24,10,661996,14448,116222,10034,0.11443416550500571,0.4098521362633772
8455,0.8461,11,12,11,662008,14436,116233,10023,0.11433912051704473,0.40978780816877225
8456,0.8462,14,28,14,662036,14408,116247,10009,0.11411734887846914,0.40991931850759716
8457,0.8463,11,24,11,662060,14384,116258,9998,0.11392725890254721,0.4100565991305061
8458,0.8464,10,9,10,662069,14375,116268,9988,0.11385597516157649,0.4099659319459837
8459,0.8465,21,39,21,662108,14336,116289,9967,0.11354707895070333,0.41011397769822655
8460,0.8466,13,26,13,662134,14310,116302,9954,0.11334114814345457,0.4102373887240356
8461,0.8467,11,14,11,662148,14296,116313,9943,0.11323026232416677,0.41020669169520196
8462,0.8468,5,14,5,662162,14282,116318,9938,0.11311937650487898,0.4103220478943022
8463,0.8469,14,15,14,662177,14267,116332,9924,0.11300057026992777,0.41023521144227193
8464,0.847,10,22,10,662199,14245,116342,9914,0.11282632112533265,0.4103646674117306
8465,0.8471,10,32,10,662231,14213,116352,9904,0.1125728678241034,0.410664676369366
8466,0.8472,4,9,4,662240,14204,116356,9900,0.11250158408313268,0.41072021241287754
8467,0.8473,9,20,9,662260,14184,116365,9891,0.1123431757698644,0.4108411214953271
8468,0.8474,4,17,4,662277,14167,116369,9887,0.11220852870358636,0.4110335079404673
8469,0.8475,16,35,16,662312,14132,116385,9871,0.11193131415536688,0.41124026163396243
8470,0.8476,8,27,8,662339,14105,116393,9863,0.1117174629324547,0.4115070093457944
8471,0.8477,8,23,8,662362,14082,116401,9855,0.11153529337219617,0.4117057275347788
8472,0.8478,15,17,15,662379,14065,116416,9840,0.11140064630591813,0.4116293662413721
8473,0.8479,11,16,11,662395,14049,116427,9829,0.1112739196553035,0.41163414021274813
8474,0.848,9,22,9,662417,14027,116436,9820,0.1110996705107084,0.4117918396443997
8475,0.8481,6,12,6,662429,14015,116442,9814,0.11100462552274744,0.4118511057954593
8476,0.8482,14,25,14,662454,13990,116456,9800,0.11080661513116208,0.4119377889869693
8477,0.8483,21,30,21,662484,13960,116477,9779,0.11056900266125966,0.41193816083238555
8478,0.8484,11,15,11,662499,13945,116488,9768,0.11045019642630845,0.4119259477923502
8479,0.8485,6,16,6,662515,13929,116494,9762,0.11032346977569382,0.4120552108395593
8480,0.8486,8,15,8,662530,13914,116502,9754,0.11020466354074261,0.41211762717593375
8481,0.8487,12,28,12,662558,13886,116514,9742,0.10998289190216702,0.4123074318605045
8482,0.8488,13,16,13,662574,13870,116527,9729,0.1098561652515524,0.41226323149285987
8483,0.8489,10,20,10,662594,13850,116537,9719,0.10969775693828412,0.4123636980779838
8484,0.849,10,19,10,662613,13831,116547,9709,0.10954726904067925,0.412446898895497
8485,0.8491,13,21,13,662634,13810,116560,9696,0.10938094031174755,0.41249042797583596
8486,0.8492,11,16,11,662650,13794,116571,9685,0.10925421366113294,0.4124962732654713
8487,0.8493,18,41,18,662691,13753,116589,9667,0.10892947661893296,0.4127668659265585
8488,0.8494,5,15,5,662706,13738,116594,9662,0.10881067038398175,0.4129059829059829
8489,0.8495,13,18,13,662724,13720,116607,9649,0.10866810290204029,0.4128974282168685
8490,0.8496,3,12,3,662736,13708,116610,9646,0.10857305791407933,0.4130341697353772
8491,0.8497,7,22,7,662758,13686,116617,9639,0.10839880876948423,0.4132475884244373
8492,0.8498,8,18,8,662776,13668,116625,9631,0.10825624128754277,0.41336538048843297
8493,0.8499,9,23,9,662799,13645,116634,9622,0.10807407172728425,0.41354708385266686
8494,0.85,12,17,12,662816,13628,116646,9610,0.10793942466100621,0.41354677683105256
8495,0.8501,5,21,5,662837,13607,116651,9605,0.10777309593207451,0.4137945890056867
8496,0.8502,15,7,15,662844,13600,116666,9590,0.10771765302243062,0.41354031910306166
8497,0.8503,5,21,5,662865,13579,116671,9585,0.10755132429349892,0.4137886375410119
8498,0.8504,8,20,8,662885,13559,116679,9577,0.10739291598023064,0.4139436376210235
8499,0.8505,10,12,10,662897,13547,116689,9567,0.10729787099226967,0.4139049926451501
8500,0.8506,17,25,17,662922,13522,116706,9550,0.10709986060068433,0.4139216366158114
8501,0.8507,19,36,19,662958,13486,116725,9531,0.10681472563680142,0.4140852413433549
8502,0.8508,5,15,5,662973,13471,116730,9526,0.1066959194018502,0.4142279427751446
8503,0.8509,19,22,19,662995,13449,116749,9507,0.1065216702572551,0.4141400940930476
8504,0.851,4,18,4,663013,13431,116753,9503,0.10637910277531365,0.4143629545652743
8505,0.8511,7,17,7,663030,13414,116760,9496,0.10624445570903561,0.4144914884329987
8506,0.8512,2,10,2,663040,13404,116762,9494,0.10616525155240147,0.41462136431129354
8507,0.8513,8,10,8,663050,13394,116770,9486,0.10608604739576732,0.4145979020979021
8508,0.8514,10,19,10,663069,13375,116780,9476,0.10593555949816247,0.4146864469826266
8509,0.8515,9,18,9,663087,13357,116789,9467,0.10579299201622101,0.414782684893095
8510,0.8516,7,22,7,663109,13335,116796,9460,0.1056187428716259,0.41500329019521826
8511,0.8517,16,10,16,663119,13325,116812,9444,0.10553953871499176,0.4147744740656155
8512,0.8518,9,39,9,663158,13286,116821,9435,0.10523064250411862,0.4152546102724352
8513,0.8519,12,33,12,663191,13253,116833,9423,0.10496926878722596,0.41554947962603633
8514,0.852,8,23,8,663214,13230,116841,9415,0.10478709922696743,0.41576506955177744
8515,0.8521,11,38,11,663252,13192,116852,9404,0.1044861234317577,0.4161798548415649
8516,0.8522,8,17,8,663269,13175,116860,9396,0.10435147636547966,0.4162863851845288
8517,0.8523,4,16,4,663285,13159,116864,9392,0.10422474971486503,0.41647820495765153
8518,0.8524,11,16,11,663301,13143,116875,9381,0.10409802306425041,0.4164890783164624
8519,0.8525,14,33,14,663334,13110,116889,9367,0.10383664934735774,0.4167371090448014
8520,0.8526,12,15,12,663349,13095,116901,9355,0.10371784311240653,0.41670378619153675
8521,0.8527,15,25,15,663374,13070,116916,9340,0.10351983272082119,0.41677822400713965
8522,0.8528,15,32,15,663406,13038,116931,9325,0.10326637941959194,0.41698341009703527
8523,0.8529,8,32,8,663438,13006,116939,9317,0.10301292611836269,0.4173722169959235
8524,0.853,8,21,8,663459,12985,116947,9309,0.102846597389431,0.41755629317305104
8525,0.8531,5,14,5,663473,12971,116952,9304,0.1027357115701432,0.41768799102132437
8526,0.8532,9,21,9,663494,12950,116961,9295,0.1025693828412115,0.41784670712519667
8527,0.8533,15,41,15,663535,12909,116976,9280,0.10224464579901153,0.4182252467438821
8528,0.8534,9,19,9,663554,12890,116985,9271,0.10209415790140666,0.4183475474933442
8529,0.8535,8,22,8,663576,12868,116993,9263,0.10191990875681156,0.4185531607247752
8530,0.8536,9,23,9,663599,12845,117002,9254,0.10173773919655303,0.4187519797275895
8531,0.8537,12,23,12,663622,12822,117014,9242,0.10155556963629452,0.41887237128353877
8532,0.8538,20,17,20,663639,12805,117034,9222,0.10142092257001648,0.41866799836564217
8533,0.8539,10,19,10,663658,12786,117044,9212,0.1012704346724116,0.4187653423038458
8534,0.854,5,12,5,663670,12774,117049,9207,0.10117538968445064,0.41886174423365635
8535,0.8541,13,16,13,663686,12758,117062,9194,0.10104866303383601,0.4188228862973761
8536,0.8542,10,27,10,663713,12731,117072,9184,0.10083481181092384,0.4190736938170203
8537,0.8543,8,13,8,663726,12718,117080,9176,0.10073184640729946,0.4191102585183155
8538,0.8544,5,12,5,663738,12706,117085,9171,0.10063680141933849,0.4192073867532111
8539,0.8545,13,18,13,663756,12688,117098,9158,0.10049423393739704,0.4192071775153346
8540,0.8546,3,8,3,663764,12680,117101,9155,0.10043087061208972,0.4192809709182505
8541,0.8547,8,9,8,663773,12671,117109,9147,0.100359586871119,0.41924099367494727
8542,0.8548,1,8,1,663781,12663,117110,9146,0.10029622354581168,0.4193681507634463
8543,0.8549,5,13,5,663794,12650,117115,9141,0.1001932581421873,0.4194851085310449
8544,0.855,12,25,12,663819,12625,117127,9129,0.09999524775060195,0.4196469614783488
8545,0.8551,13,20,13,663839,12605,117140,9116,0.09983683943733367,0.41968601813912804
8546,0.8552,20,29,20,663868,12576,117160,9096,0.09960714738309466,0.41971207087486156
8547,0.8553,12,25,12,663893,12551,117172,9084,0.09940913699150931,0.41987520221862723
8548,0.8554,11,18,11,663911,12533,117183,9073,0.09926656950956786,0.4199296491715264
8549,0.8555,11,22,11,663933,12511,117194,9062,0.09909232036497276,0.4200621146803875
8550,0.8556,8,12,8,663945,12499,117202,9054,0.09899727537701179,0.4200807312207117
8551,0.8557,15,25,15,663970,12474,117217,9039,0.09879926498542643,0.42016455166643424
8552,0.8558,8,17,8,663987,12457,117225,9031,0.09866461791914839,0.4202810871183917
8553,0.8559,11,20,11,664007,12437,117236,9020,0.09850620960588012,0.4203756349909121
8554,0.856,8,22,8,664029,12415,117244,9012,0.098331960461285,0.42059084332851077
8555,0.8561,9,26,9,664055,12389,117253,9003,0.09812602965403625,0.4208582647718773
8556,0.8562,14,16,14,664071,12373,117267,8989,0.09799930300342162,0.42079393315232655
8557,0.8563,5,10,5,664081,12363,117272,8984,0.09792009884678748,0.42085538951609125
8558,0.8564,6,10,6,664091,12353,117278,8978,0.09784089469015333,0.4208897848202147
8559,0.8565,12,15,12,664106,12338,117290,8966,0.09772208845520212,0.4208599324070597
8560,0.8566,4,11,4,664117,12327,117294,8962,0.09763496388290457,0.4209685753205881
8561,0.8567,11,42,11,664159,12285,117305,8951,0.09730230642504119,0.42150122433603315
8562,0.8568,12,44,12,664203,12241,117317,8939,0.09695380813585097,0.4220491029272899
8563,0.8569,12,19,12,664222,12222,117329,8927,0.0968033202382461,0.4221003357132725
8564,0.857,13,18,13,664240,12204,117342,8914,0.09666075275630465,0.4221043659437447
8565,0.8571,5,6,5,664246,12198,117347,8909,0.09661323026232417,0.42208745913677925
8566,0.8572,10,19,10,664265,12179,117357,8899,0.0964627423647193,0.4221937565233893
8567,0.8573,7,25,7,664290,12154,117364,8892,0.09626473197313395,0.42250308847286894
8568,0.8574,6,20,6,664310,12134,117370,8886,0.09610632365986567,0.42274024738344435
8569,0.8575,9,23,9,664333,12111,117379,8877,0.09592415409960715,0.4229559748427673
8570,0.8576,12,21,12,664354,12090,117391,8865,0.09575782537067545,0.42304939155332855
8571,0.8577,3,11,3,664365,12079,117394,8862,0.0956707007983779,0.4231889594575235
8572,0.8578,13,24,13,664389,12055,117407,8849,0.09548061082245596,0.42331611174894757
8573,0.8579,8,23,8,664412,12032,117415,8841,0.09529844126219744,0.42356153883006753
8574,0.858,10,16,10,664428,12016,117425,8831,0.09517171461158282,0.42361011176668106
8575,0.8581,12,17,12,664445,11999,117437,8819,0.09503706754530478,0.42362378710731097
8576,0.8582,3,19,3,664464,11980,117440,8816,0.0948865796476999,0.42392767839969225
8577,0.8583,5,16,5,664480,11964,117445,8811,0.09475985299708528,0.42411552346570397
8578,0.8584,12,20,12,664500,11944,117457,8799,0.09460144468381701,0.42419129344839224
8579,0.8585,8,20,8,664520,11924,117465,8791,0.09444303637054872,0.42437846970794113
8580,0.8586,10,15,10,664535,11909,117475,8781,0.09432423013559751,0.4244079265345578
8581,0.8587,10,13,10,664548,11896,117485,8771,0.09422126473197313,0.424396380703537
8582,0.8588,13,26,13,664574,11870,117498,8758,0.09401533392472437,0.4245685476051968
8583,0.8589,7,20,7,664594,11850,117505,8751,0.09385692561145609,0.42478520460171837
8584,0.859,12,13,12,664607,11837,117517,8739,0.09375396020783171,0.42471811819595645
8585,0.8591,11,13,11,664620,11824,117528,8728,0.09365099480420733,0.42467886337096145
8586,0.8592,5,21,5,664641,11803,117533,8723,0.09348466607527563,0.42497320471597
8587,0.8593,15,26,15,664667,11777,117548,8708,0.09327873526802687,0.42509153038808883
8588,0.8594,9,10,9,664677,11767,117557,8699,0.09319953111139273,0.4250464184501124
8589,0.8595,17,25,17,664702,11742,117574,8682,0.09300152071980737,0.42508813160987075
8590,0.8596,8,17,8,664719,11725,117582,8674,0.09286687365352933,0.4252169223981568
8591,0.8597,7,17,7,664736,11708,117589,8667,0.0927322265872513,0.4253742331288344
8592,0.8598,16,32,16,664768,11676,117605,8651,0.09247877328602205,0.42559157770453093
8593,0.8599,6,21,6,664789,11655,117611,8645,0.09231244455709035,0.42586206896551726
8594,0.86,11,18,11,664807,11637,117622,8634,0.0921698770751489,0.42592866656800354
8595,0.8601,11,18,11,664825,11619,117633,8623,0.09202730959320746,0.42599545499456576
8596,0.8602,7,8,7,664833,11611,117640,8616,0.09196394626790014,0.4259652939140752
8597,0.8603,9,15,9,664848,11596,117649,8607,0.09184514003294893,0.42602583774686925
8598,0.8604,16,32,16,664880,11564,117665,8591,0.09159168673171968,0.42624658893574796
8599,0.8605,15,13,15,664893,11551,117680,8576,0.0914887213280953,0.4260943011874596
8600,0.8606,12,27,12,664920,11524,117692,8564,0.09127487010518312,0.4263241736360016
8601,0.8607,4,6,4,664926,11518,117696,8560,0.09122734761120263,0.4263372845900986
8602,0.8608,12,13,12,664939,11505,117708,8548,0.09112438220757825,0.426270383483768
8603,0.8609,7,13,7,664952,11492,117715,8541,0.09102141680395387,0.4263465282284231
8604,0.861,7,11,7,664963,11481,117722,8534,0.09093429223165632,0.42638021483887084
8605,0.8611,3,14,3,664977,11467,117725,8531,0.09082340641236852,0.4265926592659266
8606,0.8612,10,16,10,664993,11451,117735,8521,0.0906966797617539,0.4266473062287202
8607,0.8613,14,24,14,665017,11427,117749,8507,0.09050658978583197,0.4267583023979131
8608,0.8614,10,10,10,665027,11417,117759,8497,0.09042738562919782,0.42668474440092397
8609,0.8615,16,43,16,665070,11374,117775,8481,0.09008680775567102,0.42714681440443214
8610,0.8616,9,9,9,665079,11365,117784,8472,0.0900155240147003,0.42708070776831175
8611,0.8617,5,18,5,665097,11347,117789,8467,0.08987295653275884,0.42732411426264255
8612,0.8618,7,17,7,665114,11330,117796,8460,0.0897383094664808,0.42748863062152603
8613,0.8619,14,9,14,665123,11321,117810,8446,0.08966702572551008,0.4272777862093388
8614,0.862,9,20,9,665143,11301,117819,8437,0.0895086174122418,0.42744958962407537
8615,0.8621,6,13,6,665156,11288,117825,8431,0.08940565200861741,0.4275571783559004
8616,0.8622,17,26,17,665182,11262,117842,8414,0.08919972120136865,0.42762756657857287
8617,0.8623,9,13,9,665195,11249,117851,8405,0.08909675579774426,0.42764831586445506
8618,0.8624,7,15,7,665210,11234,117858,8398,0.08897794956279305,0.42777098614506925
8619,0.8625,10,17,10,665227,11217,117868,8388,0.08884330249651502,0.42785003825554707
8620,0.8626,4,15,4,665242,11202,117872,8384,0.08872449626156381,0.4280608597978148
8621,0.8627,3,8,3,665250,11194,117875,8381,0.08866113293625649,0.42814814814814817
8622,0.8628,14,20,14,665270,11174,117889,8367,0.08850272462298821,0.42817665421421625
8623,0.8629,9,20,9,665290,11154,117898,8358,0.08834431630971994,0.4283517835178352
8624,0.863,13,23,13,665313,11131,117911,8345,0.0881621467494614,0.4284760731156295
8625,0.8631,9,11,9,665324,11120,117920,8336,0.08807502217716386,0.4284539473684211
8626,0.8632,21,33,21,665357,11087,117941,8315,0.08781364846027119,0.4285640655602515
8627,0.8633,13,39,13,665396,11048,117954,8302,0.08750475224939805,0.4290439276485788
8628,0.8634,7,22,7,665418,11026,117961,8295,0.08733050310480293,0.4293256042647896
8629,0.8635,9,16,9,665434,11010,117970,8286,0.08720377645418832,0.42941542288557216
8630,0.8636,13,17,13,665451,10993,117983,8273,0.08706912938791028,0.4294093221218727
8631,0.8637,9,8,9,665459,10985,117992,8264,0.08700576606260296,0.4293210036885033
8632,0.8638,17,22,17,665481,10963,118009,8247,0.08683151691800786,0.4293076522644456
8633,0.8639,5,13,5,665494,10950,118014,8242,0.08672855151438348,0.42944977073780743
8634,0.864,12,16,12,665510,10934,118026,8230,0.08660182486376886,0.42945105405969525
8635,0.8641,9,12,9,665522,10922,118035,8221,0.08650677987580788,0.42945201901478347
8636,0.8642,5,10,5,665532,10912,118040,8216,0.08642757571917374,0.42952739439565035
8637,0.8643,21,42,21,665574,10870,118061,8195,0.08609491826131035,0.42984526619459745
8638,0.8644,8,11,8,665585,10859,118069,8187,0.0860077936890128,0.4298540375931954
8639,0.8645,8,15,8,665600,10844,118077,8179,0.0858889874540616,0.42995321452977975
8640,0.8646,11,14,11,665614,10830,118088,8168,0.0857781016347738,0.42993999368354563
8641,0.8647,8,20,8,665634,10810,118096,8160,0.08561969332150551,0.430152872957301
8642,0.8648,8,30,8,665664,10780,118104,8152,0.08538208085160309,0.4305937037819565
8643,0.8649,8,20,8,665684,10760,118112,8144,0.08522367253833481,0.4308082945408379
8644,0.865,12,27,12,665711,10733,118124,8132,0.08500982131542263,0.4310628147362841
8645,0.8651,4,7,4,665718,10726,118128,8128,0.08495437840577874,0.4311021533892012
8646,0.8652,9,17,9,665735,10709,118137,8119,0.0848197313395007,0.43121946037816017
8647,0.8653,7,15,7,665750,10694,118144,8112,0.08470092510454949,0.4313516962671488
8648,0.8654,12,29,12,665779,10665,118156,8100,0.08447123305031048,0.4316546762589928
8649,0.8655,16,15,16,665794,10650,118172,8084,0.08435242681535927,0.43151489270844456
8650,0.8656,13,17,13,665811,10633,118185,8071,0.08421777974908123,0.4315119760479042
8651,0.8657,16,29,16,665840,10604,118201,8055,0.08398808769484223,0.4316951605123533
8652,0.8658,16,29,16,665869,10575,118217,8039,0.08375839564060322,0.43187923068658
8653,0.8659,12,15,12,665884,10560,118229,8027,0.08363958940565201,0.4318609781029752
8654,0.866,7,15,7,665899,10545,118236,8020,0.0835207831707008,0.4319956908160517
8655,0.8661,11,25,11,665924,10520,118247,8009,0.08332277277911544,0.4322413513951104
8656,0.8662,13,9,13,665933,10511,118260,7996,0.08325148903814472,0.432052736802291
8657,0.8663,8,11,8,665944,10500,118268,7988,0.08316436446584717,0.4320640415404587
8658,0.8664,14,22,14,665966,10478,118282,7974,0.08299011532125206,0.4321482766095816
8659,0.8665,1,7,1,665973,10471,118283,7973,0.08293467241160817,0.4322815007590544
8660,0.8666,18,27,18,666000,10444,118301,7955,0.08272082118869599,0.43236045437252024
8661,0.8667,8,8,8,666008,10436,118309,7947,0.08265745786338867,0.43230158298427895
8662,0.8668,8,17,8,666025,10419,118317,7939,0.08252281079711063,0.4324545157424556
8663,0.8669,14,21,14,666046,10398,118331,7925,0.08235648206817894,0.43251650930524477
8664,0.867,10,13,10,666059,10385,118341,7915,0.08225351666455455,0.4325136612021858
8665,0.8671,3,6,3,666065,10379,118344,7912,0.08220599417057407,0.43256246241320867
8666,0.8672,8,19,8,666084,10360,118352,7904,0.0820555062729692,0.43276390713972845
8667,0.8673,11,20,11,666104,10340,118363,7893,0.08189709795970093,0.4328963966434487
8668,0.8674,13,34,13,666138,10306,118376,7880,0.08162780382714485,0.43330034092158803
8669,0.8675,5,18,5,666156,10288,118381,7875,0.0814852363452034,0.4335737488300391
8670,0.8676,6,15,6,666171,10273,118387,7869,0.08136643011025219,0.4337449013339213
8671,0.8677,23,16,23,666187,10257,118410,7846,0.08123970345963756,0.43340882726619895
8672,0.8678,7,19,7,666206,10238,118417,7839,0.08108921556203269,0.4336449632129225
8673,0.8679,13,23,13,666229,10215,118430,7826,0.08090704600177417,0.4337897012360734
8674,0.868,4,19,4,666248,10196,118434,7822,0.0807565581041693,0.4341214341214341
8675,0.8681,9,14,9,666262,10182,118443,7813,0.08064567228488151,0.4341761600444568
8676,0.8682,11,21,11,666283,10161,118454,7802,0.08047934355594982,0.43433724878917773
8677,0.8683,7,5,7,666288,10156,118461,7795,0.08043974147763275,0.43423764692774774
8678,0.8684,6,6,6,666294,10150,118467,7789,0.08039221898365226,0.43419365627961426
8679,0.8685,5,15,5,666309,10135,118472,7784,0.08027341274870105,0.4343992410290753
8680,0.8686,11,17,11,666326,10118,118483,7773,0.08013876568242301,0.43446425577105807
8681,0.8687,13,13,13,666339,10105,118496,7760,0.08003580027879863,0.4343688776938147
8682,0.8688,7,13,7,666352,10092,118503,7753,0.07993283487517425,0.4344634351358924
8683,0.8689,9,20,9,666372,10072,118512,7744,0.07977442656190598,0.4346654692411316
8684,0.869,9,14,9,666386,10058,118521,7735,0.07966354074261817,0.43472151969875794
8685,0.8691,8,17,8,666403,10041,118529,7727,0.07952889367634014,0.434882935614588
8686,0.8692,6,17,6,666420,10024,118535,7721,0.0793942466100621,0.43510848126232743
8687,0.8693,4,14,4,666434,10010,118539,7717,0.0792833607907743,0.43532464602019516
8688,0.8694,11,13,11,666447,9997,118550,7706,0.07918039538714992,0.43529345308704737
8689,0.8695,10,14,10,666461,9983,118560,7696,0.07906950956786211,0.4353187397477233
8690,0.8696,11,15,11,666476,9968,118571,7685,0.0789507033329109,0.43533676995411547
8691,0.8697,9,18,9,666494,9950,118580,7676,0.07880813585096946,0.43549302167252923
8692,0.8698,10,10,10,666504,9940,118590,7666,0.07872893169433531,0.43541974326934
8693,0.8699,7,19,7,666523,9921,118597,7659,0.07857844379673046,0.4356655290102389
8694,0.87,8,24,8,666547,9897,118605,7651,0.07838835382080851,0.4360041030316845
8695,0.8701,9,15,9,666562,9882,118614,7642,0.0782695475858573,0.43608765122118237
8696,0.8702,15,21,15,666583,9861,118629,7627,0.07810321885692562,0.4361276303751144
8697,0.8703,13,16,13,666599,9845,118642,7614,0.07797649220631099,0.43610745174408616
8698,0.8704,7,17,7,666616,9828,118649,7607,0.07784184514003295,0.43630628047031833
8699,0.8705,10,15,10,666631,9813,118659,7597,0.07772303890508174,0.436358414704193
8700,0.8706,7,6,7,666637,9807,118666,7590,0.07767551641110125,0.4362821176064839
8701,0.8707,7,8,7,666645,9799,118673,7583,0.07761215308579394,0.43625589690484406
8702,0.8708,8,19,8,666664,9780,118681,7575,0.07746166518818907,0.4364736387208297
8703,0.8709,13,19,13,666683,9761,118694,7562,0.0773111772905842,0.43652946949142757
8704,0.871,10,26,10,666709,9735,118704,7552,0.07710524648333544,0.43686006825938567
8705,0.8711,14,18,14,666727,9717,118718,7538,0.07696267900139399,0.43685888148362795
8706,0.8712,9,24,9,666751,9693,118727,7529,0.07677258902547206,0.4371733828823598
8707,0.8713,11,12,11,666763,9681,118738,7518,0.07667754403751109,0.4371184371184371
8708,0.8714,7,10,7,666773,9671,118745,7511,0.07659833988087694,0.4371435222907694
8709,0.8715,8,30,8,666803,9641,118753,7503,0.07636072741097452,0.43764582361175924
8710,0.8716,18,22,18,666825,9619,118771,7485,0.07618647826637942,0.43761693171188026
8711,0.8717,8,20,8,666845,9599,118779,7477,0.07602806995311114,0.43786601077535725
8712,0.8718,13,16,13,666861,9583,118792,7464,0.07590134330249651,0.4378483017539743
8713,0.8719,7,13,7,666874,9570,118799,7457,0.07579837789887213,0.437951488811887
8714,0.872,11,9,11,666883,9561,118810,7446,0.07572709415790141,0.43781972129123303
8715,0.8721,7,11,7,666894,9550,118817,7439,0.07563996958560386,0.43787156395314614
8716,0.8722,10,22,10,666916,9528,118827,7429,0.07546572044100874,0.43810815592380725
8717,0.8723,3,5,3,666921,9523,118830,7426,0.07542611836269167,0.4381379432414892
8718,0.8724,3,2,3,666923,9521,118833,7423,0.07541027753136485,0.43809017941454204
8719,0.8725,10,14,10,666937,9507,118843,7413,0.07529939171207704,0.4381205673758865
8720,0.8726,10,19,10,666956,9488,118853,7403,0.07514890381447219,0.4382807412231366
8721,0.8727,8,14,8,666970,9474,118861,7395,0.07503801799518439,0.4383780899875511
8722,0.8728,5,19,5,666989,9455,118866,7390,0.07488753009757952,0.43870584743247254
8723,0.8729,13,13,13,667002,9442,118879,7377,0.07478456469395514,0.43861109459539804
8724,0.873,5,11,5,667013,9431,118884,7372,0.07469744012165759,0.4387311789561388
8725,0.8731,10,35,10,667048,9396,118894,7362,0.0744202255734381,0.439312567132116
8726,0.8732,9,15,9,667063,9381,118903,7353,0.07430141933848688,0.4394048045894586
8727,0.8733,12,6,12,667069,9375,118915,7341,0.0742538968445064,0.4391600861450108
8728,0.8734,9,26,9,667095,9349,118924,7332,0.07404796603725763,0.43954199388525866
8729,0.8735,13,11,13,667106,9338,118937,7319,0.07396084146496008,0.4393948490124272
8730,0.8736,6,20,6,667126,9318,118943,7313,0.0738024331516918,0.4397210029463051
8731,0.8737,16,28,16,667154,9290,118959,7297,0.07358066151311621,0.43992283113281483
8732,0.8738,4,9,4,667163,9281,118963,7293,0.07350937777214549,0.440026547604682
8733,0.8739,4,20,4,667183,9261,118967,7289,0.0733509694588772,0.44042296072507553
8734,0.874,7,18,7,667201,9243,118974,7282,0.07320840197693575,0.44066565809379726
8735,0.8741,8,10,8,667211,9233,118982,7274,0.07312919782030161,0.4406615375295329
8736,0.8742,20,13,20,667224,9220,119002,7254,0.07302623241667723,0.4403302173121282
8737,0.8743,14,19,14,667243,9201,119016,7240,0.07287574451907236,0.44036250836323826
8738,0.8744,10,24,10,667267,9177,119026,7230,0.07268565454315043,0.44066556957396236
8739,0.8745,3,5,3,667272,9172,119029,7227,0.07264605246483335,0.4406976035124093
8740,0.8746,14,26,14,667298,9146,119043,7213,0.0724401216575846,0.44091937159973105
8741,0.8747,6,18,6,667316,9128,119049,7207,0.07229755417564314,0.4411998775635139
8742,0.8748,5,16,5,667332,9112,119054,7202,0.07217082752502851,0.4414613215643006
8743,0.8749,6,7,6,667339,9105,119060,7196,0.07211538461538461,0.4414453101036746
8744,0.875,17,33,17,667372,9072,119077,7179,0.07185401089849196,0.4417574303119808
8745,0.8751,12,20,12,667392,9052,119089,7167,0.07169560258522367,0.4418891423638942
8746,0.8752,14,13,14,667405,9039,119103,7153,0.07159263718159929,0.44176136363636365
8747,0.8753,7,15,7,667420,9024,119110,7146,0.07147383094664808,0.44192949907235624
8748,0.8754,4,10,4,667430,9014,119114,7142,0.07139462679001395,0.4420648675414707
8749,0.8755,7,4,7,667434,9010,119121,7135,0.07136294512736029,0.4419324868380303
8750,0.8756,9,10,9,667444,9000,119130,7126,0.07128374097072615,0.44189507627433955
8751,0.8757,9,12,9,667456,8988,119139,7117,0.07118869598276517,0.4419124495498292
8752,0.8758,13,14,13,667470,8974,119152,7104,0.07107781016347738,0.4418460007463615
8753,0.8759,9,20,9,667490,8954,119161,7095,0.0709194018502091,0.4420836189170665
8754,0.876,8,28,8,667518,8926,119169,7087,0.0706976302116335,0.4425779054518204
8755,0.8761,9,7,9,667525,8919,119178,7078,0.07064218730198961,0.4424579608676627
8756,0.8762,16,19,16,667544,8900,119194,7062,0.07049169940438474,0.4424257611828092
8757,0.8763,10,11,10,667555,8889,119204,7052,0.07040457483208719,0.44238128097359014
8758,0.8764,14,21,14,667576,8868,119218,7038,0.07023824610315549,0.44247453791022257
8759,0.8765,15,19,15,667595,8849,119233,7023,0.07008775820555063,0.4424773185483871
8760,0.8766,11,21,11,667616,8828,119244,7012,0.06992142947661893,0.44267676767676767
8761,0.8767,13,16,13,667632,8812,119257,6999,0.0697947028260043,0.4426664980077161
8762,0.8768,5,12,5,667644,8800,119262,6994,0.06969965783804334,0.44282638976826644
8763,0.8769,13,24,13,667668,8776,119275,6981,0.06950956786212141,0.44304118804340925
8764,0.877,8,13,8,667681,8763,119283,6973,0.06940660245849702,0.4431240467717336
8765,0.8771,4,16,4,667697,8747,119287,6969,0.0692798758078824,0.4434334436243319
8766,0.8772,11,29,11,667726,8718,119298,6958,0.06905018375364338,0.4438632304159224
8767,0.8773,7,18,7,667744,8700,119305,6951,0.06890761627170194,0.44412497603986967
8768,0.8774,7,27,7,667771,8673,119312,6944,0.06869376504878975,0.444643657552667
8769,0.8775,18,13,18,667784,8660,119330,6926,0.06859079964516537,0.4443731553958681
8770,0.8776,12,12,12,667796,8648,119342,6914,0.06849575465720441,0.4442873666623827
8771,0.8777,3,21,3,667817,8627,119345,6911,0.06832942592827272,0.44478053803578327
8772,0.8778,3,12,3,667829,8615,119348,6908,0.06823438094031174,0.44501707144237584
8773,0.8779,1,5,1,667834,8610,119349,6907,0.06819477886199468,0.44512470193980797
8774,0.878,6,14,6,667848,8596,119355,6901,0.06808389304270689,0.4453119958701684
8775,0.8781,8,16,8,667864,8580,119363,6893,0.06795716639209226,0.445485684741162
8776,0.8782,8,18,8,667882,8562,119371,6885,0.0678145989101508,0.44571761507088753
8777,0.8783,13,20,13,667902,8542,119384,6872,0.06765619059688252,0.44582846762683276
8778,0.8784,13,8,13,667910,8534,119397,6859,0.06759282727157521,0.44559215227700905
8779,0.8785,6,4,6,667914,8530,119403,6853,0.06756114560892156,0.4454917766365468
8780,0.8786,1,8,1,667922,8522,119404,6852,0.06749778228361425,0.44568752439183035
8781,0.8787,21,18,21,667940,8504,119425,6831,0.0673552148016728,0.4454515813498533
8782,0.8788,11,23,11,667963,8481,119436,6820,0.06717304524141426,0.44572250179726813
8783,0.8789,10,15,10,667978,8466,119446,6810,0.06705423900646305,0.4457973291437549
8784,0.879,6,18,6,667996,8448,119452,6804,0.06691167152452161,0.44610542879622345
8785,0.8791,8,5,8,668001,8443,119460,6796,0.06687206944620454,0.4459610210643743
8786,0.8792,13,11,13,668012,8432,119473,6783,0.06678494487390699,0.44581005586592176
8787,0.8793,5,15,5,668027,8417,119478,6778,0.06666613863895578,0.446067785455742
8788,0.8794,10,14,10,668041,8403,119488,6768,0.06655525281966798,0.44611429701403993
8789,0.8795,12,21,12,668062,8382,119500,6756,0.06638892409073628,0.4462940943321443
8790,0.8796,16,15,16,668077,8367,119516,6740,0.06627011785578507,0.4461507910240286
8791,0.8797,14,16,14,668093,8351,119530,6726,0.06614339120517045,0.4461099688266897
8792,0.8798,8,13,8,668106,8338,119538,6718,0.06604042580154607,0.4462008501594049
8793,0.8799,7,16,7,668122,8322,119545,6711,0.06591369915093144,0.4464178806625424
8794,0.88,12,27,12,668149,8295,119557,6699,0.06569984792801926,0.44677871148459386
8795,0.8801,8,6,8,668155,8289,119565,6691,0.06565232543403877,0.44666221628838454
8796,0.8802,9,16,9,668171,8273,119574,6682,0.06552559878342415,0.44680708793045804
8797,0.8803,8,8,8,668179,8265,119582,6674,0.06546223545811684,0.4467501171430484
8798,0.8804,1,10,1,668189,8255,119583,6673,0.06538303130148271,0.4470123258306538
8799,0.8805,10,19,10,668208,8236,119593,6663,0.06523254340387784,0.44721122222967985
8800,0.8806,12,19,12,668227,8217,119605,6651,0.06508205550627297,0.4473365617433414
8801,0.8807,7,9,7,668236,8208,119612,6644,0.06501077176530225,0.4473471586318341
8802,0.8808,10,22,10,668258,8186,119622,6634,0.06483652262070713,0.447638326585695
8803,0.8809,4,7,4,668265,8179,119626,6630,0.06478107971106324,0.44770072253359444
8804,0.881,9,8,9,668273,8171,119635,6621,0.06471771638575592,0.44760681449432127
8805,0.8811,15,18,15,668291,8153,119650,6606,0.06457514890381447,0.4475913002235924
8806,0.8812,6,23,6,668314,8130,119656,6600,0.06439297934355595,0.4480651731160896
8807,0.8813,8,16,8,668330,8114,119664,6592,0.06426625269294133,0.44825241398068816
8808,0.8814,13,30,13,668360,8084,119677,6579,0.0640286402230389,0.44868035190615835
8809,0.8815,7,21,7,668381,8063,119684,6572,0.0638623114941072,0.44906047147249745
8810,0.8816,7,13,7,668394,8050,119691,6565,0.06375934609048282,0.4491960314745125
8811,0.8817,10,15,10,668409,8035,119701,6555,0.06364053985553161,0.44928032899246056
8812,0.8818,10,19,10,668428,8016,119711,6545,0.06349005195792676,0.449488359315981
8813,0.8819,7,13,7,668441,8003,119718,6538,0.06338708655430236,0.44962519771680076
8814,0.882,10,15,10,668456,7988,119728,6528,0.06326828031935115,0.44971066409479193
8815,0.8821,10,3,10,668459,7985,119738,6518,0.06324451907236092,0.44942425705026545
8816,0.8822,16,23,16,668482,7962,119754,6502,0.06306234951210239,0.4495298672566372
8817,0.8823,14,22,14,668504,7940,119768,6488,0.06288810036750729,0.4496811754920987
8818,0.8824,13,21,13,668525,7919,119781,6475,0.06272177163857559,0.4498402111991107
8819,0.8825,11,26,11,668551,7893,119792,6464,0.06251584083132683,0.45023333565508117
8820,0.8826,6,14,6,668565,7879,119798,6458,0.062404955012039035,0.45044290995326774
8821,0.8827,9,19,9,668584,7860,119807,6449,0.062254467114434164,0.4506953665525194
8822,0.8828,16,16,16,668600,7844,119823,6433,0.06212774046381954,0.4505848567626252
8823,0.8829,8,14,8,668614,7830,119831,6425,0.062016854644531744,0.4507190459487899
8824,0.883,6,14,6,668628,7816,119837,6419,0.06190596882524395,0.4509308043554619
8825,0.8831,9,12,9,668640,7804,119846,6410,0.06181092383728298,0.450963838469115
8826,0.8832,5,3,5,668643,7801,119851,6405,0.06178716259029274,0.4508658313388709
8827,0.8833,5,17,5,668660,7784,119856,6400,0.0616525155240147,0.4512126339537507
8828,0.8834,5,12,5,668672,7772,119861,6395,0.06155747053605373,0.4514011435025058
8829,0.8835,10,11,10,668683,7761,119871,6385,0.061470345963756175,0.4513643432772515
8830,0.8836,3,12,3,668695,7749,119874,6382,0.06137530097579521,0.45163116552260985
8831,0.8837,13,14,13,668709,7735,119887,6369,0.061264415156507414,0.45157402155416904
8832,0.8838,5,7,5,668716,7728,119892,6364,0.061208972246863516,0.45160374680669885
8833,0.8839,6,16,6,668732,7712,119898,6358,0.06108224559624889,0.45188343994314145
8834,0.884,15,18,15,668750,7694,119913,6343,0.060939678114307436,0.4518771817339887
8835,0.8841,4,15,4,668765,7679,119917,6339,0.060820871879356225,0.4522043087458981
8836,0.8842,7,11,7,668776,7668,119924,6332,0.060733747307058675,0.4522857142857143
8837,0.8843,9,9,9,668785,7659,119933,6323,0.06066246356608795,0.4522242883707624
8838,0.8844,15,21,15,668806,7638,119948,6308,0.060496134837156254,0.45231607629427795
8839,0.8845,10,13,10,668819,7625,119958,6298,0.060393169433531874,0.4523450405803347
8840,0.8846,8,22,8,668841,7603,119966,6290,0.060218920288936766,0.4527459871877924
8841,0.8847,9,12,9,668853,7591,119975,6281,0.06012387530097579,0.45278258362168394
8842,0.8848,8,19,8,668872,7572,119983,6273,0.05997338740337093,0.4530877573131094
8843,0.8849,9,16,9,668888,7556,119992,6264,0.059846660752756305,0.4532561505065123
8844,0.885,12,15,12,668903,7541,120004,6252,0.059727854517805094,0.4532733995504966
8845,0.8851,7,16,7,668919,7525,120011,6245,0.05960112786719047,0.45352214960058096
8846,0.8852,4,10,4,668929,7515,120015,6241,0.05952192371055633,0.45369293399243965
8847,0.8853,7,14,7,668943,7501,120022,6234,0.05941103789126853,0.45387695668001454
8848,0.8854,14,13,14,668956,7488,120036,6220,0.05930807248764415,0.45374963524948936
8849,0.8855,5,5,5,668961,7483,120041,6215,0.05926847040932708,0.45371587093006277
8850,0.8856,3,14,3,668975,7469,120044,6212,0.05915758459003929,0.4540603757035304
8851,0.8857,12,14,12,668989,7455,120056,6200,0.05904669877075149,0.4540461369461736
8852,0.8858,7,8,7,668997,7447,120063,6193,0.05898333544544418,0.45403225806451614
8853,0.8859,6,6,6,669003,7441,120069,6187,0.05893581295146369,0.45399178162606396
8854,0.886,7,11,7,669014,7430,120076,6180,0.05884868837916614,0.45407788390889053
8855,0.8861,23,38,23,669052,7392,120099,6157,0.058547712583956406,0.45442468078825005
8856,0.8862,11,19,11,669071,7373,120110,6146,0.05839722468635154,0.45461942451364745
8857,0.8863,20,25,20,669096,7348,120130,6126,0.05819921429476619,0.45465340656078373
8858,0.8864,8,15,8,669111,7333,120138,6118,0.05808040805981498,0.45483607166753404
8859,0.8865,8,9,8,669120,7324,120146,6110,0.05800912431884425,0.4548161381569153
8860,0.8866,5,3,5,669123,7321,120151,6105,0.057985363071854014,0.4547147326083718
8861,0.8867,12,18,12,669141,7303,120163,6093,0.05784279558991256,0.45483726485518067
8862,0.8868,6,13,6,669154,7290,120169,6087,0.05773983018628818,0.45503476115721014
8863,0.8869,7,5,7,669159,7285,120176,6080,0.057700228107971104,0.4549195660306771
8864,0.887,6,15,6,669174,7270,120182,6074,0.05758142187301989,0.45518585131894485
8865,0.8871,5,12,5,669186,7258,120187,6069,0.05748637688505893,0.4553913108726645
8866,0.8872,15,20,15,669206,7238,120202,6054,0.05732796857179065,0.4554619319891664
8867,0.8873,6,8,6,669214,7230,120208,6048,0.05726460524648334,0.45549028468142794
8868,0.8874,8,12,8,669226,7218,120216,6040,0.057169560258522364,0.4555739930607935
8869,0.8875,3,8,3,669234,7210,120219,6037,0.05710619693321505,0.4557258247150298
8870,0.8876,4,5,4,669239,7205,120223,6033,0.057066594854897984,0.4557334944855718
8871,0.8877,7,7,7,669246,7198,120230,6026,0.057011151945254086,0.455686630369026
8872,0.8878,5,10,5,669256,7188,120235,6021,0.056931947788619944,0.4558255734726323
8873,0.8879,8,3,8,669259,7185,120243,6013,0.056908186541629706,0.45559933323230795
8874,0.888,6,8,6,669267,7177,120249,6007,0.05684482321632239,0.45562803398058255
8875,0.8881,4,7,4,669274,7170,120253,6003,0.056789380306678496,0.45570485083124573
8876,0.8882,6,9,6,669283,7161,120259,5997,0.05671809656570777,0.45576835385316916
8877,0.8883,12,23,12,669306,7138,120271,5985,0.056535927005449245,0.45606949630419874
8878,0.8884,8,14,8,669320,7124,120279,5977,0.05642504118616145,0.4562247156705595
8879,0.8885,7,6,7,669326,7118,120286,5970,0.05637751869218097,0.45614303178484106
8880,0.8886,9,15,9,669341,7103,120295,5961,0.056258712457229756,0.4562921004286589
8881,0.8887,3,10,3,669351,7093,120298,5958,0.056179508300595614,0.45651674201210635
8882,0.8888,6,15,6,669366,7078,120304,5952,0.056060702065644404,0.456792018419033
8883,0.8889,5,9,5,669375,7069,120309,5947,0.055989418324673676,0.45689920098340503
8884,0.889,16,15,16,669390,7054,120325,5931,0.055870612089722466,0.45675779745860606
8885,0.8891,15,7,15,669397,7047,120340,5916,0.05581516918007857,0.4563758389261745
8886,0.8892,7,9,7,669406,7038,120347,5909,0.05574388543910785,0.456399165829922
8887,0.8893,12,13,12,669419,7025,120359,5897,0.05564092003548346,0.4563535056492803
8888,0.8894,5,10,5,669429,7015,120364,5892,0.055561715878849324,0.45649647478112654
8889,0.8895,5,16,5,669445,6999,120369,5887,0.0554349892282347,0.4568523979512649
8890,0.8896,7,19,7,669464,6980,120376,5880,0.05528450133062983,0.4572317262830482
8891,0.8897,1,5,1,669469,6975,120377,5879,0.05524489925231276,0.45736735646491367
8892,0.8898,8,12,8,669481,6963,120385,5871,0.055149854264351796,0.4574567554932211
8893,0.8899,4,8,4,669489,6955,120389,5867,0.05508649093904448,0.45757292154110124
8894,0.89,11,19,11,669508,6936,120400,5856,0.05493600304143961,0.45778611632270166
8895,0.8901,15,21,15,669529,6915,120415,5841,0.05476967431250792,0.4579021636876764
8896,0.8902,10,9,10,669538,6906,120425,5831,0.05469839057153719,0.4578001099159928
8897,0.8903,11,24,11,669562,6882,120436,5820,0.05450830059561526,0.4581955597543694
8898,0.8904,6,20,6,669582,6862,120442,5814,0.054349892282346976,0.4586620384979489
8899,0.8905,9,5,9,669587,6857,120451,5805,0.05431029020402991,0.45845837940293793
8900,0.8906,6,11,6,669598,6846,120457,5799,0.05422316563173235,0.4586002372479241
8901,0.8907,7,6,7,669604,6840,120464,5792,0.05417564313775187,0.4585180493983534
8902,0.8908,10,6,10,669610,6834,120474,5782,0.054128120643771385,0.45830691185795813
8903,0.8909,6,7,6,669617,6827,120480,5776,0.05407267773412749,0.4583035785130524
8904,0.891,5,18,5,669635,6809,120485,5771,0.05393011025218603,0.45874403815580284
8905,0.8911,1,4,1,669639,6805,120486,5770,0.05389842858953238,0.4588469184890656
8906,0.8912,7,20,7,669659,6785,120493,5763,0.0537400202762641,0.4592763787057698
8907,0.8913,9,11,9,669670,6774,120502,5754,0.053652895703966544,0.4592911877394636
8908,0.8914,2,10,2,669680,6764,120504,5752,0.0535736915473324,0.4595717481623522
8909,0.8915,5,13,5,669693,6751,120509,5747,0.05347072614370802,0.45983357337173947
8910,0.8916,5,17,5,669710,6734,120514,5742,0.05333607907742998,0.4602436678422571
8911,0.8917,14,12,14,669722,6722,120528,5728,0.053241034089469015,0.46008032128514054
8912,0.8918,14,25,14,669747,6697,120542,5714,0.05304302369788366,0.4603980340020949
8913,0.8919,6,11,6,669758,6686,120548,5708,0.05295589912558611,0.4605454252057447
8914,0.892,8,10,8,669768,6676,120556,5700,0.05287669496895197,0.46056884292178407
8915,0.8921,11,15,11,669783,6661,120567,5689,0.05275788873400076,0.46064777327935225
8916,0.8922,6,13,6,669796,6648,120573,5683,0.05265492333037638,0.4608709755899765
8917,0.8923,5,14,5,669810,6634,120578,5678,0.05254403751108858,0.4611760883690708
8918,0.8924,12,14,12,669824,6620,120590,5666,0.05243315169180079,0.4611753215041511
8919,0.8925,13,17,13,669841,6603,120603,5653,0.05229850462552275,0.4612434725848564
8920,0.8926,6,11,6,669852,6592,120609,5647,0.05221138005322519,0.4613939047307787
8921,0.8927,10,21,10,669873,6571,120619,5637,0.0520450513242935,0.46174639580602883
8922,0.8928,14,19,14,669892,6552,120633,5623,0.051894563426688634,0.4618480492813142
8923,0.8929,3,7,3,669899,6545,120636,5620,0.051839120517044736,0.4619810933004521
8924,0.893,6,13,6,669912,6532,120642,5614,0.051736155113420355,0.46220978099785937
8925,0.8931,8,14,8,669926,6518,120650,5606,0.05162526929413255,0.4623886506103596
8926,0.8932,8,21,8,669947,6497,120658,5598,0.05145894056520086,0.4628358825961141
8927,0.8933,6,12,6,669959,6485,120664,5592,0.051363895577239894,0.46302889790510887
8928,0.8934,10,17,10,669976,6468,120674,5582,0.051229248510961854,0.46323651452282155
8929,0.8935,14,18,14,669994,6450,120688,5568,0.051086681029020406,0.46330504243634546
8930,0.8936,6,8,6,670002,6442,120694,5562,0.05102331770371309,0.46334555148283907
8931,0.8937,8,11,8,670013,6431,120702,5554,0.050936193131415536,0.46341259908218607
8932,0.8938,10,8,10,670021,6423,120712,5544,0.05087282980610822,0.46327400350965153
8933,0.8939,7,11,7,670032,6412,120719,5537,0.05078570523381067,0.46338605741066197
8934,0.894,14,25,14,670057,6387,120733,5523,0.05058769484222532,0.463727959697733
8935,0.8941,4,9,4,670066,6378,120737,5519,0.05051641110125459,0.4638984617970917
8936,0.8942,5,9,5,670075,6369,120742,5514,0.050445127360283865,0.46402423630396367
8937,0.8943,2,4,2,670079,6365,120744,5512,0.05041344569763021,0.46409025848278185
8938,0.8944,12,18,12,670097,6347,120756,5500,0.050270878215688757,0.46425255338904364
8939,0.8945,11,14,11,670111,6333,120767,5489,0.05015999239640096,0.46430384029774996
8940,0.8946,8,13,8,670124,6320,120775,5481,0.05005702699277658,0.4644521650707567
8941,0.8947,9,14,9,670138,6306,120784,5472,0.049946141173488785,0.46459500764136524
8942,0.8948,11,10,11,670148,6296,120795,5461,0.04986693701685464,0.4644892404524964
8943,0.8949,8,12,8,670160,6284,120803,5453,0.04977189202889368,0.4645991309533952
8944,0.895,5,8,5,670168,6276,120808,5448,0.049708528703586365,0.4646878198567042
8945,0.8951,13,10,13,670178,6266,120821,5435,0.04962932454695222,0.4644902145115802
8946,0.8952,14,15,14,670193,6251,120835,5421,0.04951051831200101,0.4644448252227553
8947,0.8953,10,21,10,670214,6230,120845,5411,0.04934418958306932,0.46482260974143114
8948,0.8954,14,14,14,670228,6216,120859,5397,0.04923330376378152,0.46473779385171793
8949,0.8955,11,5,11,670233,6211,120870,5386,0.049193701685464455,0.4644304561524532
8950,0.8956,4,7,4,670240,6204,120874,5382,0.04913825877582056,0.4645261522527188
8951,0.8957,4,8,4,670248,6196,120878,5378,0.049074895450513245,0.4646621738379126
8952,0.8958,5,17,5,670265,6179,120883,5373,0.048940248384235205,0.46511426592797783
8953,0.8959,4,5,4,670270,6174,120887,5369,0.04890064630591814,0.4651303820497271
8954,0.896,5,8,5,670278,6166,120892,5364,0.048837282980610824,0.4652211621856028
8955,0.8961,1,5,1,670283,6161,120893,5363,0.04879768090229375,0.4653766053453662
8956,0.8962,11,17,11,670300,6144,120904,5352,0.048663033836015716,0.46555323590814196
8957,0.8963,6,9,6,670309,6135,120910,5346,0.04859175009504499,0.46563888163052
8958,0.8964,7,9,7,670318,6126,120917,5339,0.04852046635407426,0.4656781508940253
8959,0.8965,8,16,8,670334,6110,120925,5331,0.048393739703459636,0.4659557730967573
8960,0.8966,9,9,9,670343,6101,120934,5322,0.04832245596248891,0.46590212728705244
8961,0.8967,6,14,6,670357,6087,120940,5316,0.04821157014320111,0.466193107077085
8962,0.8968,13,14,13,670371,6073,120953,5303,0.04810068432391332,0.46615682137834036
8963,0.8969,3,2,3,670373,6071,120956,5300,0.04808484349258649,0.4660979685164014
8964,0.897,5,10,5,670383,6061,120961,5295,0.04800563933595235,0.466273335681578
8965,0.8971,6,10,6,670393,6051,120967,5289,0.04792643517931821,0.46640211640211643
8966,0.8972,1,7,1,670400,6044,120968,5288,0.04787099226967431,0.46664313448641015
8967,0.8973,9,7,9,670407,6037,120977,5279,0.047815549360030414,0.4665075998586073
8968,0.8974,7,9,7,670416,6028,120984,5272,0.047744265619059686,0.46654867256637167
8969,0.8975,4,15,4,670431,6013,120988,5268,0.047625459384108476,0.46697987767041926
8970,0.8976,9,9,9,670440,6004,120997,5259,0.04755417564313775,0.4669271064547634
8971,0.8977,4,3,4,670443,6001,121001,5255,0.04753041439614751,0.46686211798152094
8972,0.8978,3,10,3,670453,5991,121004,5252,0.04745121023951337,0.4671351062883572
8973,0.8979,6,18,6,670471,5973,121010,5246,0.04730864275757192,0.46759960780818255
8974,0.898,3,9,3,670480,5964,121013,5243,0.04723735901660119,0.4678326046221112
8975,0.8981,8,7,8,670487,5957,121021,5235,0.047181916106957295,0.4677448177269478
8976,0.8982,8,10,8,670497,5947,121029,5227,0.04710271195032315,0.46778235188831213
8977,0.8983,7,13,7,670510,5934,121036,5220,0.04699974654669877,0.4679935449166218
8978,0.8984,15,19,15,670529,5915,121051,5205,0.0468492586490939,0.4680755395683453
8979,0.8985,3,6,3,670535,5909,121054,5202,0.04680173615511342,0.4681846818468185
8980,0.8986,4,9,4,670544,5900,121058,5198,0.04673045241414269,0.4683726797621193
8981,0.8987,8,20,8,670564,5880,121066,5190,0.04657204410087441,0.46883468834688347
8982,0.8988,7,15,7,670579,5865,121073,5183,0.0464532378659232,0.4691346850108617
8983,0.8989,5,3,5,670582,5862,121078,5178,0.046429476618932965,0.46902173913043477
8984,0.899,8,11,8,670593,5851,121086,5170,0.04634235204663541,0.4691044369839398
8985,0.8991,10,17,10,670610,5834,121096,5160,0.04620770498035737,0.46934691649990906
8986,0.8992,6,14,6,670624,5820,121102,5154,0.04609681916106957,0.46965554948059046
8987,0.8993,4,13,4,670637,5807,121106,5150,0.04599385375744519,0.470019165830063
8988,0.8994,6,10,6,670647,5797,121112,5144,0.04591464960081105,0.4701581208299059
8989,0.8995,15,16,15,670663,5781,121127,5129,0.04578792295019642,0.4701191567369386
8990,0.8996,11,11,11,670674,5770,121138,5118,0.04570079837789887,0.4700587803085966
8991,0.8997,7,16,7,670690,5754,121145,5111,0.04557407172728425,0.4704095720202485
8992,0.8998,17,9,17,670699,5745,121162,5094,0.04550278798631352,0.46996955438693605
8993,0.8999,2,9,2,670708,5736,121164,5092,0.04543150424534279,0.47026228297007755
8994,0.9,9,15,9,670723,5721,121173,5083,0.04531269801039158,0.47047389855609034
8995,0.9001,11,16,11,670739,5705,121184,5072,0.045185971359776964,0.4706319012712258
8996,0.9002,10,10,10,670749,5695,121194,5062,0.04510676720314282,0.47057729850330016
8997,0.9003,9,16,9,670765,5679,121203,5053,0.044980040552528196,0.4708348863212821
8998,0.9004,6,7,6,670772,5672,121209,5047,0.0449245976428843,0.47084616102248344
8999,0.9005,16,18,16,670790,5654,121225,5031,0.04478203016094284,0.47084698175011697
9000,0.9006,6,3,6,670793,5651,121231,5025,0.044758268913952605,0.47068190333458226
9001,0.9007,12,5,12,670798,5646,121243,5013,0.04471866683563554,0.47030678300028145
9002,0.9008,10,7,10,670805,5639,121253,5003,0.04466322392599164,0.47011839879721856
9003,0.9009,10,10,10,670815,5629,121263,4993,0.0445840197693575,0.4700621351911128
9004,0.901,14,17,14,670832,5612,121277,4979,0.04444937270307946,0.4701161363421773
9005,0.9011,7,10,7,670842,5602,121284,4972,0.044370168546445314,0.47020994893134105
9006,0.9012,10,13,10,670855,5589,121294,4962,0.044267203142820934,0.47028717657094116
9007,0.9013,4,7,4,670862,5582,121298,4958,0.044211760233177036,0.47039848197343453
9008,0.9014,4,1,4,670863,5581,121302,4954,0.04420383981751362,0.4702420503084955
9009,0.9015,5,11,5,670874,5570,121307,4949,0.04411671524521607,0.4704819849795608
9010,0.9016,3,6,3,670880,5564,121310,4946,0.04406919275123559,0.4705994291151285
9011,0.9017,9,6,9,670886,5558,121319,4937,0.0440216702572551,0.47041448308718437
9012,0.9018,9,14,9,670900,5544,121328,4928,0.0439107844379673,0.47058823529411764
9013,0.9019,11,6,11,670906,5538,121339,4917,0.04386326194398682,0.4703012912482066
9014,0.902,10,7,10,670913,5531,121349,4907,0.04380781903434292,0.4701092163249665
9015,0.9021,5,7,5,670920,5524,121354,4902,0.043752376124699024,0.47017072702858237
9016,0.9022,10,12,10,670932,5512,121364,4892,0.04365733113673806,0.47020376778162243
9017,0.9023,7,5,7,670937,5507,121371,4885,0.043617729058420984,0.4700731331793687
9018,0.9024,2,14,2,670951,5493,121373,4883,0.04350684323913319,0.4706052428681573
9019,0.9025,15,11,15,670962,5482,121388,4868,0.04341971866683564,0.4703381642512077
9020,0.9026,10,4,10,670966,5478,121398,4858,0.04338803700418198,0.4700077399380805
9021,0.9027,10,12,10,670978,5466,121408,4848,0.04329299201622101,0.4700407213496219
9022,0.9028,7,9,7,670987,5457,121415,4841,0.043221708275250285,0.470091279860167
9023,0.9029,6,8,6,670995,5449,121421,4835,0.04315834494994297,0.47014780241151305
9024,0.903,5,9,5,671004,5440,121426,4830,0.043087061208972245,0.47030185004868547
9025,0.9031,5,8,5,671012,5432,121431,4825,0.04302369788366493,0.4704104513990446
9026,0.9032,8,9,8,671021,5423,121439,4817,0.04295241414269421,0.47041015625
9027,0.9033,12,15,12,671036,5408,121451,4805,0.042833607907743,0.470478801527465
9028,0.9034,6,11,6,671047,5397,121457,4799,0.042746483335445444,0.4706747744213417
9029,0.9035,11,15,11,671062,5382,121468,4788,0.042627677100494234,0.47079646017699117
9030,0.9036,6,5,6,671067,5377,121474,4782,0.042588075022177166,0.4707156216163008
9031,0.9037,9,14,9,671081,5363,121483,4773,0.04247718920288937,0.47089581689029203
9032,0.9038,14,3,14,671084,5360,121497,4759,0.042453427955899126,0.47030338966301016
9033,0.9039,11,11,11,671095,5349,121508,4748,0.04236630338360157,0.47023868475784886
9034,0.904,15,15,15,671110,5334,121523,4733,0.04224749714865036,0.47014999503327704
9035,0.9041,3,9,3,671119,5325,121526,4730,0.04217621340767964,0.47041272998508205
9036,0.9042,13,23,13,671142,5302,121539,4717,0.041994043847421114,0.4708054696077453
9037,0.9043,4,11,4,671153,5291,121543,4713,0.04190691927512356,0.4711115553778489
9038,0.9044,6,14,6,671167,5277,121549,4707,0.04179603345583576,0.4714543269230769
9039,0.9045,8,14,8,671181,5263,121557,4699,0.041685147636547966,0.4716924312387071
9040,0.9046,16,14,16,671195,5249,121573,4683,0.04157426181726017,0.4715062424486508
9041,0.9047,8,10,8,671205,5239,121581,4675,0.04149505766062603,0.4715553762356264
9042,0.9048,5,17,5,671222,5222,121586,4670,0.041360410594347995,0.4720986655883542
9043,0.9049,4,5,4,671227,5217,121590,4666,0.04132080851603092,0.4721238490336942
9044,0.905,8,10,8,671237,5207,121598,4658,0.041241604359396784,0.47217435377597566
9045,0.9051,4,7,4,671244,5200,121602,4654,0.04118616144975288,0.47229551451187335
9046,0.9052,10,16,10,671260,5184,121612,4644,0.04105943479913826,0.4725274725274725
9047,0.9053,10,13,10,671273,5171,121622,4634,0.040956469395513874,0.47261601223865374
9048,0.9054,10,13,10,671286,5158,121632,4624,0.040853503991889493,0.4727049683091392
9049,0.9055,4,13,4,671299,5145,121636,4620,0.04075053858826511,0.4731182795698925
9050,0.9056,7,8,7,671307,5137,121643,4613,0.0406871752629578,0.47312820512820514
9051,0.9057,7,7,7,671314,5130,121650,4606,0.0406317323533139,0.4730895645028759
9052,0.9058,14,8,14,671322,5122,121664,4592,0.04056836902800659,0.4727197858760552
9053,0.9059,11,16,11,671338,5106,121675,4581,0.040441642377391965,0.4729018271910808
9054,0.906,4,12,4,671350,5094,121679,4577,0.040346597389431,0.4732706028332127
9055,0.9061,6,13,6,671363,5081,121685,4571,0.04024363198580661,0.47358060505594696
9056,0.9062,7,5,7,671368,5076,121692,4564,0.040204029907489544,0.4734439834024896
9057,0.9063,14,11,14,671379,5065,121706,4550,0.040116905335191994,0.47321892875715027
9058,0.9064,4,7,4,671386,5058,121710,4546,0.040061462425548096,0.473344439816743
9059,0.9065,8,11,8,671397,5047,121718,4538,0.03997433785325054,0.4734480959833072
9060,0.9066,3,10,3,671407,5037,121721,4535,0.039895133696616396,0.4737776849143335
9061,0.9067,19,17,19,671424,5020,121740,4516,0.03976048663033836,0.4735738255033557
9062,0.9068,7,10,7,671434,5010,121747,4509,0.03968128247370422,0.47368421052631576
9063,0.9069,8,2,8,671436,5008,121755,4501,0.03966544164237739,0.4733410453254811
9064,0.907,9,16,9,671452,4992,121764,4492,0.039538714991762765,0.47363981442429354
9065,0.9071,1,7,1,671459,4985,121765,4491,0.03948327208211887,0.4739341494301393
9066,0.9072,6,8,6,671467,4977,121771,4485,0.039419908756811554,0.474001268230818
9067,0.9073,9,8,9,671475,4969,121780,4476,0.03935654543150425,0.47390153520381156
9068,0.9074,13,15,13,671490,4954,121793,4463,0.03923773919655304,0.4739301263672082
9069,0.9075,10,18,10,671508,4936,121803,4453,0.03909517171461158,0.4742784109063798
9070,0.9076,11,11,11,671519,4925,121814,4442,0.039008047142314026,0.4742179993594534
9071,0.9077,6,11,6,671530,4914,121820,4436,0.038920922570016475,0.4744385026737968
9072,0.9078,8,6,8,671536,4908,121828,4428,0.03887340007603599,0.47429305912596403
9073,0.9079,7,17,7,671553,4891,121835,4421,0.03873875300975795,0.47476374570446733
9074,0.908,9,11,9,671564,4880,121844,4412,0.038651628437460395,0.4748170469220835
9075,0.9081,9,24,9,671588,4856,121853,4403,0.038461538461538464,0.4755373150448213
9076,0.9082,5,9,5,671597,4847,121858,4398,0.038390254720567736,0.475716603569497
9077,0.9083,9,8,9,671605,4839,121867,4389,0.03832689139526042,0.4756176853055917
9078,0.9084,3,10,3,671615,4829,121870,4386,0.03824768723862628,0.4759631036353771
9079,0.9085,9,14,9,671629,4815,121879,4377,0.038136801419338485,0.47617493472584854
9080,0.9086,3,6,3,671635,4809,121882,4374,0.038089278925358,0.47631492976151585
9081,0.9087,6,10,6,671645,4799,121888,4368,0.03801007476872386,0.4764917639358569
9082,0.9088,12,18,12,671663,4781,121900,4356,0.03786750728678241,0.4767429134289154
9083,0.9089,6,5,6,671668,4776,121906,4350,0.03782790520846534,0.47666009204470744
9084,0.909,12,10,12,671678,4766,121918,4338,0.0377487010518312,0.476493848857645
9085,0.9091,9,21,9,671699,4745,121927,4329,0.03758237232289951,0.47707736389684813
9086,0.9092,10,23,10,671722,4722,121937,4319,0.037400202762640986,0.4777126424068134
9087,0.9093,7,4,7,671726,4718,121944,4312,0.037368521099987326,0.47751937984496123
9088,0.9094,7,13,7,671739,4705,121951,4305,0.037265555696362945,0.47780244173140957
9089,0.9095,2,6,2,671745,4699,121953,4303,0.03721803320238246,0.4780048878027105
9090,0.9096,3,3,3,671748,4696,121956,4300,0.03719427195539222,0.47799021787461093
9091,0.9097,4,3,4,671751,4693,121960,4296,0.03717051070840198,0.477917454666815
9092,0.9098,5,7,5,671758,4686,121965,4291,0.03711506779875808,0.4779993316252646
9093,0.9099,12,11,12,671769,4675,121977,4279,0.037027943226460525,0.47788697788697787
9094,0.91,13,9,13,671778,4666,121990,4266,0.0369566594854898,0.4776085982982535
9095,0.9101,10,10,10,671788,4656,122000,4256,0.03687745532885566,0.47755834829443444
9096,0.9102,7,8,7,671796,4648,122007,4249,0.03681409200354835,0.4775767112509835
9097,0.9103,10,9,10,671805,4639,122017,4239,0.03674280826257762,0.4774724036945258
9098,0.9104,6,16,6,671821,4623,122023,4233,0.036616081611962996,0.4779810298102981
9099,0.9105,4,5,4,671826,4618,122027,4229,0.03657647953364593,0.478015146377303
9100,0.9106,8,7,8,671833,4611,122035,4221,0.03652103662400203,0.4779211956521739
9101,0.9107,9,10,9,671843,4601,122044,4212,0.03644183246736789,0.4779303301940315
9102,0.9108,7,9,7,671852,4592,122051,4205,0.03637054872639716,0.4780038649539616
9103,0.9109,6,9,6,671861,4583,122057,4199,0.03629926498542643,0.4781370986107948
9104,0.911,11,21,11,671882,4562,122068,4188,0.03613293625649474,0.4786285714285714
9105,0.9111,10,10,10,671892,4552,122078,4178,0.036053732099860604,0.47857961053837345
9106,0.9112,3,6,3,671898,4546,122081,4175,0.036006209605880114,0.47872950349730536
9107,0.9113,10,19,10,671917,4527,122091,4165,0.03585572170827525,0.47917625402669123
9108,0.9114,10,9,10,671926,4518,122101,4155,0.035784437967304523,0.4790729851262539
9109,0.9115,10,20,10,671946,4498,122111,4145,0.035626029654036245,0.4795788499363647
9110,0.9116,3,3,3,671949,4495,122114,4142,0.035602268407046,0.4795646636563622
9111,0.9117,11,13,11,671962,4482,122125,4131,0.03549930300342162,0.47962382445141066
9112,0.9118,11,17,11,671979,4465,122136,4120,0.03536465593714358,0.47990681421083287
9113,0.9119,7,11,7,671990,4454,122143,4113,0.03527753136484603,0.4800980506595074
9114,0.912,3,4,3,671994,4450,122146,4110,0.03524584970219237,0.48014018691588783
9115,0.9121,3,6,3,672000,4444,122149,4107,0.03519832720821189,0.48029470237399136
9116,0.9122,8,12,8,672012,4432,122157,4099,0.03510328222025092,0.4804829445551518
9117,0.9123,10,6,10,672018,4426,122167,4089,0.03505575972627043,0.48021139166177335
9118,0.9124,12,16,12,672034,4410,122179,4077,0.03492903307565581,0.48038176033934255
9119,0.9125,14,11,14,672045,4399,122193,4063,0.034841908503358256,0.480146537461593
9120,0.9126,9,12,9,672057,4387,122202,4054,0.03474686351539729,0.48027484895154604
9121,0.9127,5,16,5,672073,4371,122207,4049,0.034620136864782665,0.4808788598574822
9122,0.9128,8,13,8,672086,4358,122215,4041,0.034517171461158284,0.4811287057983093
9123,0.9129,3,7,3,672093,4351,122218,4038,0.03446172855151439,0.4813446179520801
9124,0.913,11,8,11,672101,4343,122229,4027,0.034398365226207074,0.4811230585424134
9125,0.9131,15,14,15,672115,4329,122244,4012,0.03428747940691927,0.48099748231626904
9126,0.9132,3,8,3,672123,4321,122247,4009,0.034224116081611966,0.48127250900360147
9127,0.9133,14,7,14,672130,4314,122261,3995,0.03416867317196806,0.4808039475267782
9128,0.9134,11,11,11,672141,4303,122272,3984,0.03408154859967051,0.48075298660552673
9129,0.9135,6,7,6,672148,4296,122278,3978,0.03402610569002661,0.4807831762146483
9130,0.9136,0,5,0,672153,4291,122278,3978,0.033986503611709545,0.48107389043415166
9131,0.9137,9,15,9,672168,4276,122287,3969,0.033867697376758335,0.4813826561552456
9132,0.9138,9,4,9,672172,4272,122296,3960,0.033836015714104675,0.48104956268221577
9133,0.9139,5,7,5,672179,4265,122301,3955,0.03378057280446078,0.4811435523114355
9134,0.914,3,8,3,672187,4257,122304,3952,0.033717209479153465,0.4814228286027531
9135,0.9141,7,5,7,672192,4252,122311,3945,0.0336776074008364,0.4812736366963523
9136,0.9142,7,13,7,672205,4239,122318,3938,0.03357464199721202,0.48159471688883454
9137,0.9143,4,6,4,672211,4233,122322,3934,0.03352711950323153,0.48169462470919555
9138,0.9144,4,10,4,672221,4223,122326,3930,0.03344791534659739,0.4820311541763768
9139,0.9145,8,11,8,672232,4212,122334,3922,0.033360790774299834,0.48217359232849766
9140,0.9146,2,5,2,672237,4207,122336,3920,0.033321188695982766,0.48234280792420325
9141,0.9147,3,6,3,672243,4201,122339,3917,0.03327366620200228,0.4825080068982508
9142,0.9148,4,1,4,672244,4200,122343,3913,0.03326574578633887,0.4823123382226057
9143,0.9149,9,7,9,672251,4193,122352,3904,0.03321030287669497,0.4821538841546252
9144,0.915,10,11,10,672262,4182,122362,3894,0.03312317830439741,0.4821693907875186
9145,0.9151,4,11,4,672273,4171,122366,3890,0.03303605373209986,0.4825704006947029
9146,0.9152,7,6,7,672279,4165,122373,3883,0.03298853123811938,0.48248011928429424
9147,0.9153,9,8,9,672287,4157,122382,3874,0.03292516791281207,0.4823807744988171
9148,0.9154,6,12,6,672299,4145,122388,3868,0.032830122924851095,0.4827155871708474
9149,0.9155,3,4,3,672303,4141,122391,3865,0.03279844126219744,0.48276292780414687
9150,0.9156,3,5,3,672308,4136,122394,3862,0.03275883918388037,0.48287071767941986
9151,0.9157,12,5,12,672313,4131,122406,3850,0.0327192371055633,0.4823956897631876
9152,0.9158,8,6,8,672319,4125,122414,3842,0.03267171461158282,0.4822392368520146
9153,0.9159,4,8,4,672327,4117,122418,3838,0.032608351286275504,0.48246385920804524
9154,0.916,8,17,8,672344,4100,122426,3830,0.032473704219997464,0.48297604035308955
9155,0.9161,6,6,6,672350,4094,122432,3824,0.03242618172601698,0.48295023995958575
9156,0.9162,4,17,4,672367,4077,122436,3820,0.03229153465973894,0.48372799797391414
9157,0.9163,7,9,7,672376,4068,122443,3813,0.03222025091876822,0.4838218500190331
9158,0.9164,5,7,5,672383,4061,122448,3808,0.032164808009124315,0.483924259753463
9159,0.9165,6,14,6,672397,4047,122454,3802,0.03205392218983652,0.4843929162950694
9160,0.9166,9,10,9,672407,4037,122463,3793,0.031974718033202384,0.48441890166028095
9161,0.9167,4,13,4,672420,4024,122467,3789,0.031871752629578,0.4849609624984001
9162,0.9168,11,11,11,672431,4013,122478,3778,0.03178462805728045,0.4849184957001669
9163,0.9169,5,6,5,672437,4007,122483,3773,0.031737105563299964,0.4849614395886889
9164,0.917,6,12,6,672449,3995,122489,3767,0.03164206057533899,0.4853130636433909
9165,0.9171,5,9,5,672458,3986,122494,3762,0.03157077683436827,0.48554465668559627
9166,0.9172,11,8,11,672466,3978,122505,3751,0.03150741350906096,0.485315047224738
9167,0.9173,3,6,3,672472,3972,122508,3748,0.03145989101508047,0.4854922279792746
9168,0.9174,8,8,8,672480,3964,122516,3740,0.03139652768977316,0.48546209761163034
9169,0.9175,10,19,10,672499,3945,122526,3730,0.031246039792168293,0.4859934853420195
9170,0.9176,1,6,1,672505,3939,122527,3729,0.03119851729818781,0.48630672926447577
9171,0.9177,11,14,11,672519,3925,122538,3718,0.031087631478900014,0.48645819704304594
9172,0.9178,5,11,5,672530,3914,122543,3713,0.031000506906602457,0.4868231283597745
9173,0.9179,2,6,2,672536,3908,122545,3711,0.030952984412621974,0.4870717941987137
9174,0.918,11,6,11,672542,3902,122556,3700,0.03090546191864149,0.48671402262562485
9175,0.9181,4,3,4,672545,3899,122560,3696,0.030881700671651247,0.48663594470046084
9176,0.9182,8,11,8,672556,3888,122568,3688,0.030794576099353693,0.48680042238648363
9177,0.9183,2,10,2,672566,3878,122570,3686,0.030715371942719553,0.4873083024854574
9178,0.9184,17,19,17,672585,3859,122587,3669,0.030564884045114687,0.48738044633368754
9179,0.9185,4,5,4,672590,3854,122591,3665,0.03052528196679762,0.4874318393403378
9180,0.9186,3,7,3,672597,3847,122594,3662,0.030469839057153718,0.4876814489279531
9181,0.9187,4,9,4,672606,3838,122598,3658,0.030398555316182994,0.48799359658484526
9182,0.9188,10,15,10,672621,3823,122608,3648,0.030279749081231783,0.4882880471155133
9183,0.9189,2,0,2,672621,3823,122610,3646,0.030279749081231783,0.4881510242334985
9184,0.919,2,5,2,672626,3818,122612,3644,0.030240147002914712,0.4883409273653176
9185,0.9191,4,9,4,672635,3809,122616,3640,0.030168863261943988,0.4886561954624782
9186,0.9192,8,5,8,672640,3804,122624,3632,0.030129261183626917,0.48843464228079614
9187,0.9193,3,5,3,672645,3799,122627,3629,0.030089659105309845,0.4885568120624663
9188,0.9194,15,10,15,672655,3789,122642,3614,0.030010454948675706,0.48818046737808996
9189,0.9195,4,6,4,672661,3783,122646,3610,0.029962932454695224,0.4882997430001353
9190,0.9196,9,5,9,672666,3778,122655,3601,0.029923330376378152,0.4880065049464697
9191,0.9197,1,6,1,672672,3772,122656,3600,0.02987580788239767,0.48833423765599565
9192,0.9198,12,8,12,672680,3764,122668,3588,0.029812444557090357,0.4880304678998912
9193,0.9199,5,8,5,672688,3756,122673,3583,0.029749081231783044,0.48821365308625153
9194,0.92,9,15,9,672703,3741,122682,3574,0.029630274996831834,0.4885850991114149
9195,0.9201,7,4,7,672707,3737,122689,3567,0.029598593334178178,0.48836254107338445
9196,0.9202,8,5,8,672712,3732,122697,3559,0.029558991255861106,0.48813605815388833
9197,0.9203,3,7,3,672719,3725,122700,3556,0.02950354834621721,0.488394451311633
9198,0.9204,9,6,9,672725,3719,122709,3547,0.029456025852236726,0.48816405174786676
9199,0.9205,5,12,5,672737,3707,122714,3542,0.029360980864275757,0.48861911987860396
9200,0.9206,3,2,3,672739,3705,122717,3539,0.02934514003294893,0.4885422418553286
9201,0.9207,5,4,5,672743,3701,122722,3534,0.029313458370295274,0.4884588804422944
9202,0.9208,13,9,13,672752,3692,122735,3521,0.029242174629324547,0.488146402329128
9203,0.9209,14,17,14,672769,3675,122749,3507,0.02910752756304651,0.48830409356725146
9204,0.921,11,10,11,672779,3665,122760,3496,0.029028323406412367,0.4881999720709398
9205,0.9211,2,5,2,672784,3660,122762,3494,0.0289887213280953,0.48839809896561365
9206,0.9212,12,13,12,672797,3647,122774,3482,0.028885755924470916,0.4884275494459251
9207,0.9213,3,2,3,672799,3645,122777,3479,0.02886991509314409,0.488349241998877
9208,0.9214,10,11,10,672810,3634,122787,3469,0.028782790520846535,0.4883851893566099
9209,0.9215,9,8,9,672818,3626,122796,3460,0.028719427195539222,0.4882867626305391
9210,0.9216,12,13,12,672831,3613,122808,3448,0.02861646179191484,0.4883161025350517
9211,0.9217,4,17,4,672848,3596,122812,3444,0.028481814725636802,0.48920454545454545
9212,0.9218,5,8,5,672856,3588,122817,3439,0.02841845140032949,0.48939803614629285
9213,0.9219,5,5,5,672861,3583,122822,3434,0.028378849322012418,0.4893829271768562
9214,0.922,3,10,3,672871,3573,122825,3431,0.02829964516537828,0.4898629354654483
9215,0.9221,9,12,9,672883,3561,122834,3422,0.02820460017741731,0.4900472576256623
9216,0.9222,5,9,5,672892,3552,122839,3417,0.028133316436446586,0.49031424881618596
9217,0.9223,3,4,3,672896,3548,122842,3414,0.02810163477379293,0.49037632864119507
9218,0.9224,4,1,4,672897,3547,122846,3410,0.028093714358129514,0.49015380192611757
9219,0.9225,10,5,10,672902,3542,122856,3400,0.028054112279812443,0.48977239988475946
9220,0.9226,4,4,4,672906,3538,122860,3396,0.028022430617158787,0.48976059994231325
9221,0.9227,5,3,5,672909,3535,122865,3391,0.027998669370168545,0.4896043892578689
9222,0.9228,3,5,3,672914,3530,122868,3388,0.027959067291851478,0.48973691818444637
9223,0.9229,6,10,6,672924,3520,122874,3382,0.027879863135217335,0.49000289771080846
9224,0.923,7,9,7,672933,3511,122881,3375,0.02780857939424661,0.49012489108335755
9225,0.9231,8,2,8,672935,3509,122889,3367,0.02779273856291978,0.489674229203025
9226,0.9232,3,8,3,672943,3501,122892,3364,0.02772937523761247,0.4900218499635834
9227,0.9233,7,9,7,672952,3492,122899,3357,0.027658091496641744,0.49014454664914586
9228,0.9234,6,6,6,672958,3486,122905,3351,0.027610569002661258,0.4901272487933304
9229,0.9235,4,8,4,672966,3478,122909,3347,0.02754720567735395,0.4904029304029304
9230,0.9236,10,9,10,672975,3469,122919,3337,0.02747592193638322,0.4903026741110785
9231,0.9237,11,19,11,672994,3450,122930,3326,0.027325434038778355,0.49085005903187723
9232,0.9238,2,3,2,672997,3447,122932,3324,0.027301672791788113,0.4909171466548516
9233,0.9239,5,11,5,673008,3436,122937,3319,0.02721454821949056,0.491339748334567
9234,0.924,7,10,7,673018,3426,122944,3312,0.02713534406285642,0.4915405164737311
9235,0.9241,4,6,4,673024,3420,122948,3308,0.027087821568875934,0.49167657550535077
9236,0.9242,5,15,5,673039,3405,122953,3303,0.026969015333924724,0.49239713774597493
9237,0.9243,4,5,4,673044,3400,122957,3299,0.026929413255607656,0.49246156142707864
9238,0.9244,9,8,9,673052,3392,122966,3290,0.026866049930300343,0.492367554624364
9239,0.9245,11,14,11,673066,3378,122977,3279,0.026755164111012544,0.4925642181162686
9240,0.9246,8,9,8,673075,3369,122985,3271,0.02668388037004182,0.49262048192771085
9241,0.9247,8,17,8,673092,3352,122993,3263,0.02654923330376378,0.4932728647014361
9242,0.9248,13,15,13,673107,3337,123006,3250,0.02643042706881257,0.49339608319417033
9243,0.9249,13,12,13,673119,3325,123019,3237,0.026335382080851604,0.49329472721731177
9244,0.925,2,3,2,673122,3322,123021,3235,0.026311620833861363,0.4933658685374409
9245,0.9251,4,5,4,673127,3317,123025,3231,0.02627201875554429,0.4934331093463653
9246,0.9252,9,9,9,673136,3308,123034,3222,0.026200735014573564,0.49341500765696783
9247,0.9253,6,6,6,673142,3302,123040,3216,0.02615321252059308,0.4934028843203437
9248,0.9254,2,10,2,673152,3292,123042,3214,0.026074008363958942,0.49400553335382724
9249,0.9255,2,5,2,673157,3287,123044,3212,0.02603440628564187,0.4942298815202339
9250,0.9256,8,8,8,673165,3279,123052,3204,0.025971042960334558,0.4942156409069875
9251,0.9257,4,7,4,673172,3272,123056,3200,0.02591560005069066,0.49443757725587145
9252,0.9258,7,4,7,673176,3268,123063,3193,0.025883918388037004,0.49419594490017027
9253,0.9259,5,1,5,673177,3267,123068,3188,0.02587599797237359,0.4938807126258714
9254,0.926,8,10,8,673187,3257,123076,3180,0.02579679381573945,0.49401895292838277
9255,0.9261,6,7,6,673194,3250,123082,3174,0.025741350906095552,0.4940846824408468
9256,0.9262,11,17,11,673211,3233,123093,3163,0.025606703839817512,0.49452782989368355
9257,0.9263,13,15,13,673226,3218,123106,3150,0.025487897604866302,0.4946608040201005
9258,0.9264,6,6,6,673232,3212,123112,3144,0.02544037511088582,0.4946507237256136
9259,0.9265,9,14,9,673246,3198,123121,3135,0.025329489291598024,0.4950260540028423
9260,0.9266,9,13,9,673259,3185,123130,3126,0.02522652388797364,0.49532562192996354
9261,0.9267,7,9,7,673268,3176,123137,3119,0.025155240147002916,0.495472597299444
9262,0.9268,3,12,3,673280,3164,123140,3116,0.025060195159041947,0.4961783439490446
9263,0.9269,9,5,9,673285,3159,123149,3107,0.025020593080724875,0.495850622406639
9264,0.927,8,9,8,673294,3150,123157,3099,0.02494930933975415,0.4959193470955353
9265,0.9271,6,5,6,673299,3145,123163,3093,0.02490970726143708,0.49583199743507533
9266,0.9272,12,15,12,673314,3130,123175,3081,0.02479090102648587,0.49605538560618256
9267,0.9273,6,12,6,673326,3118,123181,3075,0.0246958560385249,0.4965283384466333
9268,0.9274,5,12,5,673338,3106,123186,3070,0.024600811050563935,0.49708549222797926
9269,0.9275,8,9,8,673347,3097,123194,3062,0.024529527309593208,0.4971586296476701
9270,0.9276,7,6,7,673353,3091,123201,3055,0.024482004815612725,0.4970712658639766
9271,0.9277,4,8,4,673361,3083,123205,3051,0.024418641490305412,0.4973915878708836
9272,0.9278,14,12,14,673373,3071,123219,3037,0.024323596502344443,0.49721676489849376
9273,0.9279,5,4,5,673377,3067,123224,3032,0.024291914839690787,0.4971306771601902
9274,0.928,8,5,8,673382,3062,123232,3024,0.024252312761373716,0.49687808084127505
9275,0.9281,6,5,6,673387,3057,123238,3018,0.024212710683056648,0.49679012345679013
9276,0.9282,5,5,5,673392,3052,123243,3013,0.024173108604739577,0.4967848309975268
9277,0.9283,17,22,17,673414,3030,123260,2996,0.02399885946014447,0.49717889147029537
9278,0.9284,7,10,7,673424,3020,123267,2989,0.02391965530351033,0.4974205358628724
9279,0.9285,7,9,7,673433,3011,123274,2982,0.023848371562539602,0.49758051059569497
9280,0.9286,3,4,3,673437,3007,123277,2979,0.023816689899885946,0.4976612094888072
9281,0.9287,9,5,9,673442,3002,123286,2970,0.023777087821568874,0.4973208305425318
9282,0.9288,1,3,1,673445,2999,123287,2969,0.023753326574578633,0.49748659517426275
9283,0.9289,0,4,0,673449,2995,123287,2969,0.023721644911924977,0.49782025486250836
9284,0.929,1,6,1,673455,2989,123288,2968,0.023674122417944494,0.4982373678025852
9285,0.9291,5,7,5,673462,2982,123293,2963,0.023618679508300596,0.49840201850294363
9286,0.9292,1,14,1,673476,2968,123294,2962,0.0235077936890128,0.49949409780775716
9287,0.9293,7,13,7,673489,2955,123301,2955,0.023404828285388417,0.5
9288,0.9294,2,4,2,673493,2951,123303,2953,0.02337314662273476,0.5001693766937669
9289,0.9295,2,6,2,673499,2945,123305,2951,0.023325624128754278,0.5005088195386703
9290,0.9296,1,2,1,673501,2943,123306,2950,0.023309783297427448,0.5005939249957577
9291,0.9297,11,10,11,673511,2933,123317,2939,0.02323057914079331,0.5005108991825613
9292,0.9298,5,8,5,673519,2925,123322,2934,0.023167215815485996,0.500768049155146
9293,0.9299,4,0,4,673519,2925,123326,2930,0.023167215815485996,0.5004269854824936
9294,0.93,5,7,5,673526,2918,123331,2925,0.0231117729058421,0.5005990073592332
9295,0.9301,5,12,5,673538,2906,123336,2920,0.02301672791788113,0.5012015104703055
9296,0.9302,5,5,5,673543,2901,123341,2915,0.02297712583956406,0.5012035763411279
9297,0.9303,5,16,5,673559,2885,123346,2910,0.022850399188949436,0.5021570319240725
9298,0.9304,8,5,8,673564,2880,123354,2902,0.022810797110632365,0.5019024558976133
9299,0.9305,7,7,7,673571,2873,123361,2895,0.022755354200988467,0.5019070735090153
9300,0.9306,7,1,7,673572,2872,123368,2888,0.022747433785325052,0.5013888888888889
9301,0.9307,2,7,2,673579,2865,123370,2886,0.022691990875681155,0.5018257694314032
9302,0.9308,9,8,9,673587,2857,123379,2877,0.022628627550373842,0.5017439832577607
9303,0.9309,2,6,2,673593,2851,123381,2875,0.02258110505639336,0.5020957038071953
9304,0.931,13,18,13,673611,2833,123394,2862,0.022438537574451908,0.5025460930640913
9305,0.9311,7,7,7,673618,2826,123401,2855,0.02238309466480801,0.5025523675409259
9306,0.9312,6,7,6,673625,2819,123407,2849,0.022327651755164112,0.5026464361326747
9307,0.9313,5,3,5,673628,2816,123412,2844,0.022303890508173867,0.5024734982332155
9308,0.9314,3,4,3,673632,2812,123415,2841,0.022272208845520215,0.5025650097293473
9309,0.9315,6,7,6,673639,2805,123421,2835,0.022216765935876313,0.5026595744680851
9310,0.9316,1,3,1,673642,2802,123422,2834,0.022193004688886072,0.5028388928317956
9311,0.9317,4,9,4,673651,2793,123426,2830,0.022121720947915348,0.5032900586875333
9312,0.9318,12,8,12,673659,2785,123438,2818,0.022058357622608035,0.5029448509726931
9313,0.9319,8,6,8,673665,2779,123446,2810,0.02201083512862755,0.5027733047056718
9314,0.932,3,4,3,673669,2775,123449,2807,0.021979153465973893,0.502866356144751
9315,0.9321,4,4,4,673673,2771,123453,2803,0.02194747180332024,0.5028704700394689
9316,0.9322,4,2,4,673675,2769,123457,2799,0.02193163097199341,0.5026939655172413
9317,0.9323,3,5,3,673680,2764,123460,2796,0.02189202889367634,0.5028776978417266
9318,0.9324,1,1,1,673681,2763,123461,2795,0.021884108478012927,0.5028787333573228
9319,0.9325,6,10,6,673691,2753,123467,2789,0.021804904321378785,0.5032479249368459
9320,0.9326,12,9,12,673700,2744,123479,2777,0.02173362058040806,0.5029885890237276
9321,0.9327,7,5,7,673705,2739,123486,2770,0.02169401850209099,0.5028135777818116
9322,0.9328,6,7,6,673712,2732,123492,2764,0.02163857559244709,0.5029112081513828
9323,0.9329,7,9,7,673721,2723,123499,2757,0.021567291851476364,0.503102189781022
9324,0.933,6,6,6,673727,2717,123505,2751,0.02151976935749588,0.5031089978054133
9325,0.9331,7,5,7,673732,2712,123512,2744,0.02148016727917881,0.5029325513196481
9326,0.9332,5,5,5,673737,2707,123517,2739,0.021440565200861742,0.5029379360998898
9327,0.9333,6,14,6,673751,2693,123523,2733,0.021329679381573943,0.5036859565057132
9328,0.9334,6,6,6,673757,2687,123529,2727,0.02128215688759346,0.5036941263391208
9329,0.9335,7,3,7,673760,2684,123536,2720,0.02125839564060322,0.5033308660251665
9330,0.9336,6,14,6,673774,2670,123542,2714,0.021147509821315424,0.5040861812778603
9331,0.9337,6,3,6,673777,2667,123548,2708,0.02112374857432518,0.5038139534883721
9332,0.9338,4,6,4,673783,2661,123552,2704,0.021076226080344696,0.5040074557315937
9333,0.9339,7,10,7,673793,2651,123559,2697,0.020997021923710557,0.5043006731488406
9334,0.934,5,13,5,673806,2638,123564,2692,0.020894056520086173,0.5050656660412758
9335,0.9341,0,3,0,673809,2635,123564,2692,0.020870295273095932,0.5053501032476065
9336,0.9342,12,6,12,673815,2629,123576,2680,0.02082277277911545,0.5048031644377472
9337,0.9343,9,6,9,673821,2623,123585,2671,0.020775250285134963,0.5045334340763128
9338,0.9344,3,7,3,673828,2616,123588,2668,0.020719807375491065,0.5049205147615443
9339,0.9345,1,9,1,673837,2607,123589,2667,0.02064852363452034,0.5056882821387941
9340,0.9346,5,9,5,673846,2598,123594,2662,0.020577239893549613,0.506083650190114
9341,0.9347,7,3,7,673849,2595,123601,2655,0.020553478646559372,0.5057142857142857
9342,0.9348,6,5,6,673854,2590,123607,2649,0.0205138765682423,0.5056308455812177
9343,0.9349,8,10,8,673864,2580,123615,2641,0.02043467241160816,0.5058417927600076
9344,0.935,10,9,10,673873,2571,123625,2631,0.020363388670637434,0.505767012687428
9345,0.9351,5,7,5,673880,2564,123630,2626,0.020307945760993536,0.5059730250481695
9346,0.9352,0,4,0,673884,2560,123630,2626,0.02027626409833988,0.5063632857693791
9347,0.9353,10,7,10,673891,2553,123640,2616,0.020220821188695982,0.506094022054556
9348,0.9354,5,2,5,673893,2551,123645,2611,0.020204980357369156,0.5058117008911275
9349,0.9355,5,10,5,673903,2541,123650,2606,0.020125776200735013,0.5063143578783758
9350,0.9356,7,5,7,673908,2536,123657,2599,0.020086174122417946,0.5061343719571567
9351,0.9357,3,7,3,673915,2529,123660,2596,0.020030731212774048,0.5065365853658537
9352,0.9358,11,3,11,673918,2526,123671,2585,0.020006969965783803,0.5057718646057523
9353,0.9359,13,12,13,673930,2514,123684,2572,0.019911924977822838,0.5057019268580417
9354,0.936,9,12,9,673942,2502,123693,2563,0.01981687998986187,0.5060217176702863
9355,0.9361,8,10,8,673952,2492,123701,2555,0.019737675833227726,0.5062413314840499
9356,0.9362,4,7,4,673959,2485,123705,2551,0.01968223292358383,0.5065528196981731
9357,0.9363,2,0,2,673959,2485,123707,2549,0.01968223292358383,0.5063567739372269
9358,0.9364,2,8,2,673967,2477,123709,2547,0.01961886959827652,0.5069665605095541
9359,0.9365,2,6,2,673973,2471,123711,2545,0.019571347104296033,0.5073763955342903
9360,0.9366,5,1,5,673974,2470,123716,2540,0.019563426688632618,0.5069860279441117
9361,0.9367,12,6,12,673980,2464,123728,2528,0.019515904194652135,0.5064102564102564
9362,0.9368,5,3,5,673983,2461,123733,2523,0.019492142947661894,0.5062199036918138
9363,0.9369,3,3,3,673986,2458,123736,2520,0.019468381700671653,0.5062274005624748
9364,0.937,2,4,2,673990,2454,123738,2518,0.019436700038017996,0.5064360418342719
9365,0.9371,1,4,1,673994,2450,123739,2517,0.01940501837536434,0.5067445137910207
9366,0.9372,13,6,13,674000,2444,123752,2504,0.019357495881383854,0.5060630557801131
9367,0.9373,5,0,5,674000,2444,123757,2499,0.019357495881383854,0.505563423022456
9368,0.9374,2,4,2,674004,2440,123759,2497,0.019325814218730197,0.5057727364796435
9369,0.9375,4,5,4,674009,2435,123763,2493,0.01928621214041313,0.5058847402597403
9370,0.9376,3,12,3,674021,2423,123766,2490,0.01919116715245216,0.5068186444127825
9371,0.9377,2,11,2,674032,2412,123768,2488,0.019104042580154607,0.5077551020408163
9372,0.9378,6,15,6,674047,2397,123774,2482,0.018985236345203396,0.5087108013937283
9373,0.9379,4,6,4,674053,2391,123778,2478,0.018937713851222913,0.5089340727048676
9374,0.938,5,9,5,674062,2382,123783,2473,0.018866430110252186,0.5093717816683832
9375,0.9381,8,5,8,674067,2377,123791,2465,0.018826828031935115,0.5090871540685667
9376,0.9382,6,6,6,674073,2371,123797,2459,0.018779305537954632,0.5091097308488612
9377,0.9383,3,8,3,674081,2363,123800,2456,0.01871594221264732,0.509649304835028
9378,0.9385,5,3,5,674084,2360,123805,2451,0.018692180965657078,0.5094574932446477
9379,0.9386,1,16,1,674100,2344,123806,2450,0.018565454315042453,0.5110554860241969
9380,0.9387,5,5,5,674105,2339,123811,2445,0.018525852236725385,0.5110785953177257
9381,0.9388,9,7,9,674112,2332,123820,2436,0.018470409327081484,0.5109060402684564
9382,0.9389,12,7,12,674119,2325,123832,2424,0.018414966417437586,0.5104232469993683
9383,0.939,8,6,8,674125,2319,123840,2416,0.018367443923457103,0.5102428722280887
9384,0.9391,6,11,6,674136,2308,123846,2410,0.01828031935115955,0.5108096651123357
9385,0.9392,11,17,11,674153,2291,123857,2399,0.01814567228488151,0.5115138592750533
9386,0.9393,4,5,4,674158,2286,123861,2395,0.01810607020656444,0.5116428113650929
9387,0.9394,2,4,2,674162,2282,123863,2393,0.018074388543910785,0.5118716577540107
9388,0.9395,6,7,6,674169,2275,123869,2387,0.018018945634266887,0.512012012012012
9389,0.9396,13,6,13,674175,2269,123882,2374,0.0179714231402864,0.5113073443894034
9390,0.9397,4,4,4,674179,2265,123886,2370,0.017939741477632744,0.511326860841424
9391,0.9398,2,5,2,674184,2260,123888,2368,0.017900139399315677,0.5116681071737251
9392,0.9399,5,6,5,674190,2254,123893,2363,0.01785261690533519,0.5118042018626814
9393,0.94,10,10,10,674200,2244,123903,2353,0.01777341274870105,0.5118555579725909
9394,0.9401,7,4,7,674204,2240,123910,2346,0.017741731086047395,0.5115569123419101
9395,0.9402,3,2,3,674206,2238,123913,2343,0.01772589025472057,0.5114603798297315
9396,0.9403,4,7,4,674213,2231,123917,2339,0.01767044734507667,0.5118161925601751
9397,0.9404,0,12,0,674225,2219,123917,2339,0.017575402357115702,0.5131636682755595
9398,0.9405,5,2,5,674227,2217,123922,2334,0.017559561525788872,0.5128543177323666
9399,0.9406,2,5,2,674232,2212,123924,2332,0.017519959447471804,0.5132042253521126
9400,0.9407,5,8,5,674240,2204,123929,2327,0.01745659612216449,0.5135731626572501
9401,0.9408,3,4,3,674244,2200,123932,2324,0.017424914459510835,0.5137046861184792
9402,0.9409,3,3,3,674247,2197,123935,2321,0.017401153212520594,0.5137228862328463
9403,0.941,2,2,2,674249,2195,123937,2319,0.017385312381193764,0.5137350465219318
9404,0.9411,1,1,1,674250,2194,123938,2318,0.017377391965530353,0.5137411347517731
9405,0.9412,4,7,4,674257,2187,123942,2314,0.01732194905588645,0.5141079760053322
9406,0.9413,9,5,9,674262,2182,123951,2305,0.017282346977569384,0.5137062625362158
9407,0.9414,6,4,6,674266,2178,123957,2299,0.017250665314915727,0.5135135135135135
9408,0.9415,11,10,11,674276,2168,123968,2288,0.017171461158281588,0.5134649910233393
9409,0.9416,6,14,6,674290,2154,123974,2282,0.01706057533899379,0.5144274120829576
9410,0.9417,8,7,8,674297,2147,123982,2274,0.01700513242934989,0.5143632662293599
9411,0.9418,12,12,12,674309,2135,123994,2262,0.016910087441388923,0.514441664771435
9412,0.9419,2,6,2,674315,2129,123996,2260,0.01686256494740844,0.5149236728184097
9413,0.942,10,8,10,674323,2121,124006,2250,0.016799201622101127,0.5147563486616334
9414,0.9421,2,5,2,674328,2116,124008,2248,0.01675959954378406,0.5151237396883593
9415,0.9422,10,12,10,674340,2104,124018,2238,0.01666455455582309,0.5154306771073238
9416,0.9423,3,1,3,674341,2103,124021,2235,0.016656634140159676,0.5152143845089903
9417,0.9424,1,1,1,674342,2102,124022,2234,0.01664871372449626,0.5152214022140221
9418,0.9425,8,9,8,674351,2093,124030,2226,0.016577429983525536,0.5153970826580226
9419,0.9426,9,2,9,674353,2091,124039,2217,0.016561589152198707,0.5146239554317549
9420,0.9427,5,10,5,674363,2081,124044,2212,0.016482384995564568,0.5152573957605404
9421,0.9428,9,7,9,674370,2074,124053,2203,0.01642694208592067,0.5150806640168343
9422,0.9429,1,2,1,674372,2072,124054,2202,0.01641110125459384,0.515208235844642
9423,0.943,4,4,4,674376,2068,124058,2198,0.016379419591940184,0.5152367557430848
9424,0.9431,9,9,9,674385,2059,124067,2189,0.01630813585096946,0.51530131826742
9425,0.9432,1,6,1,674391,2053,124068,2188,0.016260613356988973,0.5159160575336006
9426,0.9433,5,7,5,674398,2046,124073,2183,0.016205170447345076,0.5161976826672973
9427,0.9434,4,2,4,674400,2044,124077,2179,0.01618932961601825,0.5159838977030548
9428,0.9435,10,8,10,674408,2036,124087,2169,0.016125966290710936,0.5158145065398335
9429,0.9436,3,1,3,674409,2035,124090,2166,0.01611804587504752,0.515591525827184
9430,0.9437,4,4,4,674413,2031,124094,2162,0.016086364212393865,0.5156212735511567
9431,0.9438,7,5,7,674418,2026,124101,2155,0.016046762134076797,0.5154269313561349
9432,0.9439,7,10,7,674428,2016,124108,2148,0.015967557977442655,0.515850144092219
9433,0.944,4,3,4,674431,2013,124112,2144,0.015943796730452413,0.5157565552080827
9434,0.9441,4,5,4,674436,2008,124116,2140,0.015904194652135346,0.5159112825458052
9435,0.9442,3,5,3,674441,2003,124119,2137,0.015864592573818274,0.5161835748792271
9436,0.9443,6,5,6,674446,1998,124125,2131,0.015824990495501203,0.5161055945749576
9437,0.9444,2,6,2,674452,1992,124127,2129,0.01577746800152072,0.5166221790827469
9438,0.9445,3,7,3,674459,1985,124130,2126,0.015722025091876823,0.517149112138166
9439,0.9446,1,6,1,674465,1979,124131,2125,0.015674502597896336,0.5177875243664717
9440,0.9447,1,2,1,674467,1977,124132,2124,0.01565866176656951,0.5179224579370885
9441,0.9448,10,13,10,674480,1964,124142,2114,0.015555696362945128,0.5183913683178029
9442,0.9449,6,10,6,674490,1954,124148,2108,0.015476492206310987,0.5189561792220581
9443,0.945,14,25,14,674515,1929,124162,2094,0.015278481814725638,0.5205070842654735
9444,0.9451,9,10,9,674525,1919,124171,2085,0.015199277658091497,0.5207292707292708
9445,0.9452,4,8,4,674533,1911,124175,2081,0.015135914332784184,0.5212925851703407
9446,0.9453,5,7,5,674540,1904,124180,2076,0.015080471423140287,0.521608040201005
9447,0.9454,4,9,4,674549,1895,124184,2072,0.01500918768216956,0.5223090496596925
9448,0.9455,3,3,3,674552,1892,124187,2069,0.014985426435179318,0.5223428427164858
9449,0.9456,4,3,4,674555,1889,124191,2065,0.014961665188189076,0.5222559433485079
9450,0.9457,1,6,1,674561,1883,124192,2064,0.014914142694208592,0.5229288066886243
9451,0.9458,3,12,3,674573,1871,124195,2061,0.014819097706247624,0.5241607324516785
9452,0.9459,5,5,5,674578,1866,124200,2056,0.014779495627930553,0.5242223355430903
9453,0.946,5,5,5,674583,1861,124205,2051,0.014739893549613484,0.5242842535787321
9454,0.9461,2,4,2,674587,1857,124207,2049,0.014708211886959827,0.5245775729646698
9455,0.9462,3,2,3,674589,1855,124210,2046,0.014692371055633,0.5244809023327351
9456,0.9463,4,4,4,674593,1851,124214,2042,0.014660689392979343,0.5245312098638583
9457,0.9464,16,8,16,674601,1843,124230,2026,0.014597326067672032,0.5236495218402688
9458,0.9465,4,7,4,674608,1836,124234,2022,0.014541883158028132,0.5241057542768274
9459,0.9466,2,2,2,674610,1834,124236,2020,0.014526042326701306,0.5241307732226258
9460,0.9467,10,9,10,674619,1825,124246,2010,0.014454758585730578,0.5241199478487614
9461,0.9468,3,1,3,674620,1824,124249,2007,0.014446838170067165,0.523884103367267
9462,0.9469,4,17,4,674637,1807,124253,2003,0.014312191103789127,0.5257217847769029
9463,0.947,13,8,13,674645,1799,124266,1990,0.014248827778481814,0.525204539456321
9464,0.9471,3,3,3,674648,1796,124269,1987,0.014225066531491573,0.5252445149352366
9465,0.9472,5,3,5,674651,1793,124274,1982,0.014201305284501331,0.5250331125827814
9466,0.9473,4,8,4,674659,1785,124278,1978,0.014137941959194019,0.5256444326335371
9467,0.9474,0,1,0,674660,1784,124278,1978,0.014130021543530604,0.5257841573631047
9468,0.9475,12,4,12,674664,1780,124290,1966,0.01409833988087695,0.5248264815803524
9469,0.9476,8,9,8,674673,1771,124298,1958,0.014027056139906222,0.5250737463126843
9470,0.9477,1,1,1,674674,1770,124299,1957,0.014019135724242808,0.525087201502549
9471,0.9478,8,10,8,674684,1760,124307,1949,0.013939931567608668,0.525478565651119
9472,0.9479,3,7,3,674691,1753,124310,1946,0.01388448865796477,0.526088131927548
9473,0.948,5,3,5,674694,1750,124315,1941,0.013860727410974528,0.5258737469520455
9474,0.9481,8,5,8,674699,1745,124323,1933,0.013821125332657457,0.5255573681348559
9475,0.9482,4,10,4,674709,1735,124327,1929,0.013741921176023318,0.5264737991266376
9476,0.9483,9,7,9,674716,1728,124336,1920,0.01368647826637942,0.5263157894736842
9477,0.9484,6,6,6,674722,1722,124342,1914,0.013638955772398936,0.5264026402640264
9478,0.9485,0,9,0,674731,1713,124342,1914,0.01356767203142821,0.5277088502894954
9479,0.9486,3,2,3,674733,1711,124345,1911,0.013551831200101382,0.5276090557702926
9480,0.9487,5,8,5,674741,1703,124350,1906,0.01348846787479407,0.5281241341091715
9481,0.9488,2,9,2,674750,1694,124352,1904,0.013417184133823343,0.5291828793774319
9482,0.9489,3,6,3,674756,1688,124355,1901,0.013369661639842859,0.529674003900808
9483,0.949,2,1,2,674757,1687,124357,1899,0.013361741224179446,0.5295593976575572
9484,0.9491,1,8,1,674765,1679,124358,1898,0.013298377898872133,0.5306122448979592
9485,0.9492,3,7,3,674772,1672,124361,1895,0.013242934989228235,0.5312587608634707
9486,0.9493,8,3,8,674775,1669,124369,1887,0.013219173742237992,0.5306524184476941
9487,0.9494,3,3,3,674778,1666,124372,1884,0.013195412495247751,0.5307042253521127
9488,0.9495,9,3,9,674781,1663,124381,1875,0.013171651248257508,0.5299604296212549
9489,0.9496,0,1,0,674782,1662,124381,1875,0.013163730832594095,0.5301102629346904
9490,0.9497,12,8,12,674790,1654,124393,1863,0.013100367507286782,0.5297128234290589
9491,0.9498,3,4,3,674794,1650,124396,1860,0.013068685844633126,0.5299145299145299
9492,0.9499,12,9,12,674803,1641,124408,1848,0.0129974021036624,0.529664660361135
9493,0.95,20,19,20,674822,1622,124428,1828,0.012846914206057533,0.5298550724637681
9494,0.9501,1,0,1,674822,1622,124429,1827,0.012846914206057533,0.5297187590605973
9495,0.9502,3,3,3,674825,1619,124432,1824,0.012823152959067292,0.529770548939878
9496,0.9503,2,3,2,674828,1616,124434,1822,0.01279939171207705,0.5299592786503782
9497,0.9504,2,4,2,674832,1612,124436,1820,0.012767710049423394,0.5303030303030303
9498,0.9505,2,2,2,674834,1610,124438,1818,0.012751869218096566,0.530338389731622
9499,0.9506,7,9,7,674843,1601,124445,1811,0.01268058547712584,0.5307737397420867
9500,0.9507,7,8,7,674851,1593,124452,1804,0.012617222151818527,0.5310568148366206
9501,0.9508,11,9,11,674860,1584,124463,1793,0.012545938410847801,0.5309446254071661
9502,0.9509,3,8,3,674868,1576,124466,1790,0.012482575085540489,0.5317884729649436
9503,0.951,2,6,2,674874,1570,124468,1788,0.012435052591560004,0.532459797498511
9504,0.9511,10,7,10,674881,1563,124478,1778,0.012379609681916107,0.5321759952110147
9505,0.9512,4,3,4,674884,1560,124482,1774,0.012355848434925865,0.5320935812837433
9506,0.9513,2,8,2,674892,1552,124484,1772,0.012292485109618553,0.53309265944645
9507,0.9514,5,6,5,674898,1546,124489,1767,0.012244962615638068,0.5333534560821008
9508,0.9515,5,5,5,674903,1541,124494,1762,0.012205360537320999,0.5334544353617923
9509,0.9516,5,5,5,674908,1536,124499,1757,0.012165758459003929,0.5335560279380505
9510,0.9517,10,4,10,674912,1532,124509,1747,0.012134076796350273,0.532784385483379
9511,0.9518,6,4,6,674916,1528,124515,1741,0.012102395133696616,0.5325787702661364
9512,0.9519,1,1,1,674917,1527,124516,1740,0.012094474718033203,0.5325987144168962
9513,0.952,5,4,5,674921,1523,124521,1735,0.012062793055379547,0.5325352977286679
9514,0.9521,5,6,5,674927,1517,124526,1730,0.012015270561399062,0.53279950723745
9515,0.9522,2,8,2,674935,1509,124528,1728,0.01195190723609175,0.5338276181649676
9516,0.9523,1,0,1,674935,1509,124529,1727,0.01195190723609175,0.5336835599505563
9517,0.9524,1,6,1,674941,1503,124530,1726,0.011904384742111265,0.5345308144936513
9518,0.9525,7,7,7,674948,1496,124537,1719,0.011848941832467368,0.5346811819595645
9519,0.9526,5,12,5,674960,1484,124542,1714,0.0117538968445064,0.5359599749843652
9520,0.9527,0,6,0,674966,1478,124542,1714,0.011706374350525916,0.5369674185463659
9521,0.9528,1,3,1,674969,1475,124543,1713,0.011682613103535673,0.53732747804266
9522,0.9529,3,8,3,674977,1467,124546,1710,0.011619249778228362,0.5382436260623229
9523,0.953,5,3,5,674980,1464,124551,1705,0.011595488531238119,0.5380246134427265
9524,0.9531,3,4,3,674984,1460,124554,1702,0.011563806868584464,0.5382669196710942
9525,0.9532,1,3,1,674987,1457,124555,1701,0.011540045621594221,0.5386320455984801
9526,0.9533,3,11,3,674998,1446,124558,1698,0.011452921049296667,0.5400763358778626
9527,0.9534,2,5,2,675003,1441,124560,1696,0.011413318970979597,0.5406439273190947
9528,0.9535,8,6,8,675009,1435,124568,1688,0.011365796476999113,0.5405059237912264
9529,0.9536,1,0,1,675009,1435,124569,1687,0.011365796476999113,0.5403587443946188
9530,0.9537,2,6,2,675015,1429,124571,1685,0.011318273983018629,0.5411046885035324
9531,0.9538,2,5,2,675020,1424,124573,1683,0.011278671904701559,0.5416800772449308
9532,0.9539,10,6,10,675026,1418,124583,1673,0.011231149410721075,0.5412487868003882
9533,0.954,8,3,8,675029,1415,124591,1665,0.011207388163730833,0.5405844155844156
9534,0.9541,1,2,1,675031,1413,124592,1664,0.011191547332404005,0.5407864803379916
9535,0.9542,6,3,6,675034,1410,124598,1658,0.011167786085413762,0.5404172099087353
9536,0.9543,2,8,2,675042,1402,124600,1656,0.011104422760106451,0.5415304120340092
9537,0.9544,5,5,5,675047,1397,124605,1651,0.01106482068178938,0.5416666666666666
9538,0.9545,3,8,3,675055,1389,124608,1648,0.011001457356482069,0.542640763911755
9539,0.9546,8,14,8,675069,1375,124616,1640,0.010890571537194272,0.5439469320066335
9540,0.9547,1,4,1,675073,1371,124617,1639,0.010858889874540615,0.5445182724252492
9541,0.9548,2,6,2,675079,1365,124619,1637,0.010811367380560133,0.5453031312458361
9542,0.9549,8,5,8,675084,1360,124627,1629,0.010771765302243061,0.5449983271997324
9543,0.955,15,8,15,675092,1352,124642,1614,0.01070840197693575,0.5441672285906946
9544,0.9551,9,5,9,675097,1347,124651,1605,0.010668799898618679,0.5436991869918699
9545,0.9552,3,3,3,675100,1344,124654,1602,0.010645038651628438,0.5437881873727087
9546,0.9553,5,6,5,675106,1338,124659,1597,0.010597516157647953,0.5441226575809199
9547,0.9554,2,7,2,675113,1331,124661,1595,0.010542073248004056,0.5451127819548872
9548,0.9555,4,3,4,675116,1328,124665,1591,0.010518312001013812,0.5450496745460774
9549,0.9556,4,6,4,675122,1322,124669,1587,0.01047078950703333,0.5455482983843245
9550,0.9557,3,2,3,675124,1320,124672,1584,0.010454948675706502,0.5454545454545454
9551,0.9558,4,9,4,675133,1311,124676,1580,0.010383664934735776,0.546523694223452
9552,0.9559,4,1,4,675134,1310,124680,1576,0.01037574451907236,0.546084546084546
9553,0.956,3,3,3,675137,1307,124683,1573,0.01035198327208212,0.5461805555555556
9554,0.9561,3,4,3,675141,1303,124686,1570,0.010320301609428463,0.5464671075530804
9555,0.9562,5,8,5,675149,1295,124691,1565,0.01025693828412115,0.5472027972027972
9556,0.9563,4,6,4,675155,1289,124695,1561,0.010209415790140666,0.547719298245614
9557,0.9564,3,4,3,675159,1285,124698,1558,0.010177734127487011,0.5480126626802673
9558,0.9565,10,4,10,675163,1281,124708,1548,0.010146052464833355,0.5471898197242842
9559,0.9566,4,7,4,675170,1274,124712,1544,0.010090609555189456,0.5479063165365508
9560,0.9567,8,3,8,675173,1271,124720,1536,0.010066848308199214,0.5472034200213751
9561,0.9568,4,1,4,675174,1270,124724,1532,0.010058927892535801,0.5467523197715917
9562,0.9569,5,9,5,675183,1261,124729,1527,0.009987644151565073,0.5477044476327116
9563,0.957,6,4,6,675187,1257,124735,1521,0.009955962488911419,0.5475161987041036
9564,0.9571,1,6,1,675193,1251,124736,1520,0.009908439994930934,0.5485384337784194
9565,0.9572,1,1,1,675194,1250,124737,1519,0.00990051957926752,0.548573492235464
9566,0.9573,4,3,4,675197,1247,124741,1515,0.009876758332277278,0.5485155684286749
9567,0.9574,2,2,2,675199,1245,124743,1513,0.00986091750095045,0.5485859318346628
9568,0.9575,2,7,2,675206,1238,124745,1511,0.009805474591306552,0.5496544197890142
9569,0.9576,5,5,5,675211,1233,124750,1506,0.00976587251298948,0.5498357064622125
9570,0.9577,3,5,3,675216,1228,124753,1503,0.009726270434672411,0.5503478579274991
9571,0.9578,3,0,3,675216,1228,124756,1500,0.009726270434672411,0.5498533724340176
9572,0.9579,1,2,1,675218,1226,124757,1499,0.009710429603345583,0.550091743119266
9573,0.958,2,5,2,675223,1221,124759,1497,0.009670827525028514,0.5507726269315674
9574,0.9581,6,3,6,675226,1218,124765,1491,0.009647066278038272,0.5503875968992248
9575,0.9582,5,3,5,675229,1215,124770,1486,0.009623305031048029,0.5501666049611255
9576,0.9583,4,7,4,675236,1208,124774,1482,0.009567862121404131,0.5509293680297398
9577,0.9584,1,7,1,675243,1201,124775,1481,0.009512419211760234,0.552199850857569
9578,0.9585,4,4,4,675247,1197,124779,1477,0.009480737549106577,0.5523560209424084
9579,0.9586,3,2,3,675249,1195,124782,1474,0.00946489671777975,0.5522667665792431
9580,0.9587,8,7,8,675256,1188,124790,1466,0.009409453808135852,0.5523737754333082
9581,0.9588,2,3,2,675259,1185,124792,1464,0.009385692561145608,0.5526613816534541
9582,0.9589,2,2,2,675261,1183,124794,1462,0.00936985172981878,0.5527410207939508
9583,0.959,4,3,4,675264,1180,124798,1458,0.009346090482828539,0.5526914329037149
9584,0.9591,6,5,6,675269,1175,124804,1452,0.00930648840451147,0.5527217358203274
9585,0.9592,8,6,8,675275,1169,124812,1444,0.009258965910530985,0.5526215078453884
9586,0.9593,4,2,4,675277,1167,124816,1440,0.009243125079204157,0.5523590333716916
9587,0.9594,3,5,3,675282,1162,124819,1437,0.009203523000887087,0.5529049634474797
9588,0.9595,1,10,1,675292,1152,124820,1436,0.009124318844252946,0.5548686244204019
9589,0.9596,2,5,2,675297,1147,124822,1434,0.009084716765935877,0.5555986051917862
9590,0.9597,3,5,3,675302,1142,124825,1431,0.009045114687618806,0.5561601243684415
9591,0.9598,6,8,6,675310,1134,124831,1425,0.008981751362311495,0.5568581477139508
9592,0.9599,3,3,3,675313,1131,124834,1422,0.008957990115321252,0.5569917743830788
9593,0.96,22,15,22,675328,1116,124856,1400,0.008839183880370041,0.5564387917329093
9594,0.9601,2,3,2,675331,1113,124858,1398,0.0088154226333798,0.5567502986857825
9595,0.9602,4,1,4,675332,1112,124862,1394,0.008807502217716385,0.5562649640861931
9596,0.9603,8,1,8,675333,1111,124870,1386,0.008799581802052972,0.5550660792951542
9597,0.9604,2,0,2,675333,1111,124872,1384,0.008799581802052972,0.5547094188376753
9598,0.9605,6,6,6,675339,1105,124878,1378,0.008752059308072487,0.5549738219895288
9599,0.9606,7,5,7,675344,1100,124885,1371,0.008712457229755418,0.5548360987454471
9600,0.9607,5,1,5,675345,1099,124890,1366,0.008704536814092003,0.554158215010142
9601,0.9608,5,3,5,675348,1096,124895,1361,0.008680775567101761,0.5539275539275539
9602,0.9609,1,0,1,675348,1096,124896,1360,0.008680775567101761,0.5537459283387622
9603,0.961,6,3,6,675351,1093,124902,1354,0.00865701432011152,0.553330608908868
9604,0.9611,4,4,4,675355,1089,124906,1350,0.008625332657457864,0.5535055350553506
9605,0.9612,2,3,2,675358,1086,124908,1348,0.00860157141046762,0.5538208709942481
9606,0.9613,6,6,6,675364,1080,124914,1342,0.008554048916487138,0.5540875309661437
9607,0.9614,4,3,4,675367,1077,124918,1338,0.008530287669496895,0.5540372670807453
9608,0.9615,5,2,5,675369,1075,124923,1333,0.008514446838170067,0.5535714285714286
9609,0.9616,5,5,5,675374,1070,124928,1328,0.008474844759852997,0.5537948290241869
9610,0.9617,5,9,5,675383,1061,124933,1323,0.008403561018882271,0.5549496644295302
9611,0.9618,6,9,6,675392,1052,124939,1317,0.008332277277911545,0.5559307724778387
9612,0.9619,4,5,4,675397,1047,124943,1313,0.008292675199594474,0.5563559322033899
9613,0.962,4,5,4,675402,1042,124947,1309,0.008253073121277404,0.5567843470863463
9614,0.9621,3,5,3,675407,1037,124950,1306,0.008213471042960335,0.5574050362782758
9615,0.9622,2,7,2,675414,1030,124952,1304,0.008158028133316437,0.5586975149957155
9616,0.9623,1,1,1,675415,1029,124953,1303,0.008150107717653022,0.5587478559176673
9617,0.9624,2,9,2,675424,1020,124955,1301,0.008078823976682296,0.5605342524773804
9618,0.9625,4,5,4,675429,1015,124959,1297,0.008039221898365227,0.5609861591695502
9619,0.9626,7,5,7,675434,1010,124966,1290,0.007999619820048156,0.5608695652173913
9620,0.9627,4,3,4,675437,1007,124970,1286,0.007975858573057914,0.5608373310074138
9621,0.9628,3,6,3,675443,1001,124973,1283,0.00792833607907743,0.5617338003502627
9622,0.9629,3,8,3,675451,993,124976,1280,0.007864972753770117,0.5631324241091069
9623,0.963,2,3,2,675454,990,124978,1278,0.007841211506779876,0.5634920634920635
9624,0.9631,5,3,5,675457,987,124983,1273,0.007817450259789634,0.5632743362831858
9625,0.9632,0,3,0,675460,984,124983,1273,0.007793689012799392,0.5640230394328755
9626,0.9633,5,3,5,675463,981,124988,1268,0.00776992776580915,0.5638061360604714
9627,0.9634,5,4,5,675467,977,124993,1263,0.0077382461031554935,0.5638392857142858
9628,0.9635,2,4,2,675471,973,124995,1261,0.007706564440501837,0.5644583706356312
9629,0.9636,7,5,7,675476,968,125002,1254,0.007666962362184768,0.5643564356435643
9630,0.9637,3,5,3,675481,963,125005,1251,0.007627360283867697,0.5650406504065041
9631,0.9638,4,2,4,675483,961,125009,1247,0.007611519452540869,0.5647644927536232
9632,0.964,6,10,6,675493,951,125015,1241,0.007532315295906729,0.5661496350364964
9633,0.9641,3,2,3,675495,949,125018,1238,0.007516474464579901,0.5660722450845908
9634,0.9642,13,8,13,675503,941,125031,1225,0.007453111139272589,0.5655586334256695
9635,0.9643,2,3,2,675506,938,125033,1223,0.007429349892282347,0.5659416936603424
9636,0.9644,0,3,0,675509,935,125033,1223,0.007405588645292105,0.566728452270621
9637,0.9645,7,4,7,675513,931,125040,1216,0.007373906982638449,0.5663716814159292
9638,0.9647,3,3,3,675516,928,125043,1213,0.007350145735648207,0.5665576833255488
9639,0.9648,1,0,1,675516,928,125044,1212,0.007350145735648207,0.5663551401869159
9640,0.9649,3,4,3,675520,924,125047,1209,0.007318464072994551,0.5668073136427567
9641,0.965,11,9,11,675529,915,125058,1198,0.007247180332023825,0.5669663984855655
9642,0.9651,6,5,6,675534,910,125064,1192,0.0072075782537067545,0.5670789724072313
9643,0.9652,6,2,6,675536,908,125070,1186,0.007191737422379926,0.5663801337153773
9644,0.9653,5,3,5,675539,905,125075,1181,0.007167976175389684,0.5661553211888782
9645,0.9654,3,3,3,675542,902,125078,1178,0.007144214928399443,0.5663461538461538
9646,0.9655,6,4,6,675546,898,125084,1172,0.007112533265745786,0.5661835748792271
9647,0.9656,2,9,2,675555,889,125086,1170,0.0070412495247750605,0.5682370082564352
9648,0.9657,4,3,4,675558,886,125090,1166,0.007017488277784818,0.5682261208576999
9649,0.9658,7,4,7,675562,882,125097,1159,0.006985806615131162,0.5678588926996571
9650,0.9659,1,1,1,675563,881,125098,1158,0.006977886199467748,0.5679254536537518
9651,0.966,2,4,2,675567,877,125100,1156,0.006946204536814092,0.5686178061977374
9652,0.9661,1,4,1,675571,873,125101,1155,0.006914522874160436,0.5695266272189349
9653,0.9662,5,9,5,675580,864,125106,1150,0.00684323913318971,0.5710029791459782
9654,0.9663,4,3,4,675583,861,125110,1146,0.006819477886199468,0.5710014947683109
9655,0.9664,2,2,2,675585,859,125112,1144,0.00680363705487264,0.5711432850723914
9656,0.9665,1,2,1,675587,857,125113,1143,0.006787796223545812,0.5715
9657,0.9666,5,1,5,675588,856,125118,1138,0.006779875807882398,0.5707121364092277
9658,0.9667,6,6,6,675594,850,125124,1132,0.006732353313901914,0.5711402623612513
9659,0.9668,1,2,1,675596,848,125125,1131,0.006716512482575086,0.5715007579585649
9660,0.9669,0,2,0,675598,846,125125,1131,0.006700671651248258,0.5720789074355084
9661,0.967,2,2,2,675600,844,125127,1129,0.0066848308199214295,0.5722250380131779
9662,0.9671,5,2,5,675602,842,125132,1124,0.006668989988594601,0.5717192268565615
9663,0.9672,5,3,5,675605,839,125137,1119,0.006645228741604359,0.5715015321756894
9664,0.9673,2,2,2,675607,837,125139,1117,0.006629387910277532,0.5716479017400204
9665,0.9674,0,1,0,675608,836,125139,1117,0.006621467494614118,0.5719406041986688
9666,0.9675,5,0,5,675608,836,125144,1112,0.006621467494614118,0.5708418891170431
9667,0.9676,2,3,2,675611,833,125146,1110,0.0065977062476238755,0.5712815234173958
9668,0.9677,3,4,3,675615,829,125149,1107,0.006566024584970219,0.5717975206611571
9669,0.9678,4,4,4,675619,825,125153,1103,0.006534342922316563,0.5720954356846473
9670,0.9679,9,3,9,675622,822,125162,1094,0.0065105816753263214,0.5709812108559499
9671,0.968,3,6,3,675628,816,125165,1091,0.006463059181345837,0.5721027792343996
9672,0.9681,1,1,1,675629,815,125166,1090,0.006455138765682423,0.5721784776902887
9673,0.9682,1,5,1,675634,810,125167,1089,0.006415536687365353,0.5734597156398105
9674,0.9683,3,4,3,675638,806,125170,1086,0.006383855024711697,0.5739957716701902
9675,0.9684,2,1,2,675639,805,125172,1084,0.006375934609048283,0.5738485971413446
9676,0.9685,3,6,3,675645,799,125175,1081,0.0063284121150677984,0.575
9677,0.9686,6,3,6,675648,796,125181,1075,0.006304650868077557,0.5745590593265634
9678,0.9687,17,11,17,675659,785,125198,1058,0.006217526295780002,0.5740640260444927
9679,0.9688,1,4,1,675663,781,125199,1057,0.006185844633126347,0.5750816104461371
9680,0.9689,6,3,6,675666,778,125205,1051,0.0061620833861361045,0.5746309458720612
9681,0.969,4,4,4,675670,774,125209,1047,0.006130401723482448,0.5749588138385503
9682,0.9691,1,1,1,675671,773,125210,1046,0.006122481307819034,0.5750412314458494
9683,0.9692,3,11,3,675682,762,125213,1043,0.00603535673552148,0.5778393351800554
9684,0.9693,3,2,3,675684,760,125216,1040,0.006019515904194652,0.5777777777777777
9685,0.9694,2,7,2,675691,753,125218,1038,0.005964072994550754,0.5795644891122278
9686,0.9695,3,2,3,675693,751,125221,1035,0.005948232163223926,0.5795072788353863
9687,0.9696,4,3,4,675696,748,125225,1031,0.005924470916233684,0.5795390668915121
9688,0.9697,0,2,0,675698,746,125225,1031,0.005908630084906856,0.5801913337084975
9689,0.9698,2,3,2,675701,743,125227,1029,0.005884868837916614,0.5806997742663657
9690,0.9699,4,1,4,675702,742,125231,1025,0.0058769484222532,0.5800792303338993
9691,0.97,23,13,23,675715,729,125254,1002,0.005773983018628818,0.5788561525129983
9692,0.9701,3,4,3,675719,725,125257,999,0.005742301355975162,0.5794663573085846
9693,0.9702,2,1,2,675720,724,125259,997,0.005734380940311748,0.5793143521208599
9694,0.9703,0,2,0,675722,722,125259,997,0.0057185401089849194,0.5799883653286795
9695,0.9705,2,1,2,675723,721,125261,995,0.005710619693321505,0.5798368298368298
9696,0.9707,2,3,2,675726,718,125263,993,0.005686858446331263,0.5803623611922852
9697,0.9708,6,6,6,675732,712,125269,987,0.0056393359523507795,0.5809299587992937
9698,0.971,5,5,5,675737,707,125274,982,0.005599733874033709,0.581409117821196
9699,0.9711,1,3,1,675740,704,125275,981,0.005575972627043467,0.5821958456973294
9700,0.9712,5,1,5,675741,703,125280,976,0.005568052211380054,0.5812983918999405
9701,0.9713,9,1,9,675742,702,125289,967,0.0055601317957166396,0.579388855602157
9702,0.9714,4,5,4,675747,697,125293,963,0.005520529717399569,0.5801204819277108
9703,0.9715,2,1,2,675748,696,125295,961,0.005512609301736155,0.579963789981895
9704,0.9716,1,1,1,675749,695,125296,960,0.005504688886072741,0.5800604229607251
9705,0.9717,5,3,5,675752,692,125301,955,0.005480927639082499,0.5798421372191864
9706,0.9718,1,2,1,675754,690,125302,954,0.005465086807755671,0.5802919708029197
9707,0.9719,0,3,0,675757,687,125302,954,0.005441325560765429,0.5813528336380256
9708,0.972,2,0,2,675757,687,125304,952,0.005441325560765429,0.5808419768151312
9709,0.9721,1,3,1,675760,684,125305,951,0.005417564313775187,0.581651376146789
9710,0.9722,7,1,7,675761,683,125312,944,0.005409643898111773,0.5802089735709896
9711,0.9723,3,6,3,675767,677,125315,941,0.005362121404131288,0.5815822002472187
9712,0.9724,4,0,4,675767,677,125319,937,0.005362121404131288,0.580545229244114
9713,0.9725,13,6,13,675773,671,125332,924,0.005314598910150805,0.5793103448275863
9714,0.9726,1,2,1,675775,669,125333,923,0.005298758078823977,0.5797738693467337
9715,0.9727,3,4,3,675779,665,125336,920,0.00526707641617032,0.580441640378549
9716,0.9728,2,0,2,675779,665,125338,918,0.00526707641617032,0.5799115603284902
9717,0.9729,3,3,3,675782,662,125341,915,0.005243315169180079,0.5802155992390615
9718,0.973,5,1,5,675783,661,125346,910,0.005235394753516665,0.5792488860598345
9719,0.9731,3,4,3,675787,657,125349,907,0.0052037130908630085,0.579923273657289
9720,0.9732,4,8,4,675795,649,125353,903,0.005140349765555697,0.5818298969072165
9721,0.9733,6,7,6,675802,642,125359,897,0.005084906855911798,0.5828460038986355
9722,0.9734,2,4,2,675806,638,125361,895,0.005053225193258142,0.58382257012394
9723,0.9735,0,3,0,675809,635,125361,895,0.0050294639462679005,0.5849673202614379
9724,0.9736,8,4,8,675813,631,125369,887,0.004997782283614244,0.5843214756258235
9725,0.9737,4,1,4,675814,630,125373,883,0.00498986186795083,0.5836087243886319
9726,0.9738,5,0,5,675814,630,125378,878,0.00498986186795083,0.5822281167108754
9727,0.9739,2,2,2,675816,628,125380,876,0.004974021036624002,0.5824468085106383
9728,0.974,5,7,5,675823,621,125385,871,0.004918578126980104,0.5837801608579088
9729,0.9741,1,0,1,675823,621,125386,870,0.004918578126980104,0.5835010060362174
9730,0.9742,1,4,1,675827,617,125387,869,0.004886896464326448,0.5847913862718708
9731,0.9743,6,7,6,675834,610,125393,863,0.004831453554682549,0.5858791581805839
9732,0.9744,7,2,7,675836,608,125400,856,0.004815612723355722,0.5846994535519126
9733,0.9745,2,0,2,675836,608,125402,854,0.004815612723355722,0.5841313269493844
9734,0.9746,4,5,4,675841,603,125406,850,0.004776010645038652,0.5849965588437716
9735,0.9747,5,5,5,675846,598,125411,845,0.004736408566721581,0.5855855855855856
9736,0.9748,2,2,2,675848,596,125413,843,0.004720567735394754,0.5858234885337039
9737,0.9749,1,1,1,675849,595,125414,842,0.00471264731973134,0.5859429366736256
9738,0.975,15,11,15,675860,584,125429,827,0.004625522747433785,0.5861091424521616
9739,0.9751,2,7,2,675867,577,125431,825,0.004570079837789887,0.5884450784593438
9740,0.9752,4,1,4,675868,576,125435,821,0.004562159422126473,0.5876879026485325
9741,0.9753,2,3,2,675871,573,125437,819,0.004538398175136231,0.5883620689655172
9742,0.9754,0,2,0,675873,571,125437,819,0.004522557343809403,0.5892086330935252
9743,0.9755,1,1,1,675874,570,125438,818,0.004514636928145989,0.5893371757925072
9744,0.9756,5,6,5,675880,564,125443,813,0.004467114434165505,0.5904139433551199
9745,0.9757,6,3,6,675883,561,125449,807,0.004443353187175263,0.5899122807017544
9746,0.9758,1,2,1,675885,559,125450,806,0.004427512355848435,0.5904761904761905
9747,0.9759,1,0,1,675885,559,125451,805,0.004427512355848435,0.5901759530791789
9748,0.976,0,2,0,675887,557,125451,805,0.0044116715245216065,0.591042584434655
9749,0.9761,2,1,2,675888,556,125453,803,0.0044037511088581924,0.5908756438557763
9750,0.9762,5,8,5,675896,548,125458,798,0.004340387783550881,0.5928677563150074
9751,0.9763,8,0,8,675896,548,125466,790,0.004340387783550881,0.5904334828101644
9752,0.9764,0,2,0,675898,546,125466,790,0.0043245469522240525,0.5913173652694611
9753,0.9765,9,3,9,675901,543,125475,781,0.00430078570523381,0.5898791540785498
9754,0.9766,0,3,0,675904,540,125475,781,0.004277024458243569,0.5912187736563209
9755,0.9767,8,12,8,675916,528,125483,773,0.004181979470282601,0.5941583397386626
9756,0.9768,3,3,3,675919,525,125486,770,0.0041582182232923585,0.5945945945945946
9757,0.9769,2,4,2,675923,521,125488,768,0.004126536560638702,0.595810705973623
9758,0.9771,8,6,8,675929,515,125496,760,0.004079014066658219,0.596078431372549
9759,0.9772,4,7,4,675936,508,125500,756,0.00402357115701432,0.5981012658227848
9760,0.9773,1,0,1,675936,508,125501,755,0.00402357115701432,0.5977830562153602
9761,0.9774,6,4,6,675940,504,125507,749,0.003991889494360664,0.5977653631284916
9762,0.9775,6,6,6,675946,498,125513,743,0.00394436700038018,0.5987107171635777
9763,0.9776,3,1,3,675947,497,125516,740,0.003936446584716766,0.5982215036378334
9764,0.9777,1,0,1,675947,497,125517,739,0.003936446584716766,0.5978964401294499
9765,0.9779,3,2,3,675949,495,125520,736,0.003920605753389938,0.5978878960194963
9766,0.978,5,5,5,675954,490,125525,731,0.003881003675072868,0.5986895986895987
9767,0.9782,9,2,9,675956,488,125534,722,0.0038651628437460397,0.596694214876033
9768,0.9783,2,5,2,675961,483,125536,720,0.0038255607654289698,0.5985037406483791
9769,0.9784,0,1,0,675962,482,125536,720,0.0038176403497655557,0.5990016638935108
9770,0.9785,4,3,4,675965,479,125540,716,0.0037938791027753134,0.599163179916318
9771,0.9786,1,4,1,675969,475,125541,715,0.0037621974401216575,0.6008403361344538
9772,0.9787,5,3,5,675972,472,125546,710,0.0037384361931314157,0.6006768189509306
9773,0.9788,0,3,0,675975,469,125546,710,0.0037146749461411735,0.6022052586938084
9774,0.9789,3,1,3,675976,468,125549,707,0.0037067545304777594,0.6017021276595744
9775,0.979,2,0,2,675976,468,125551,705,0.0037067545304777594,0.6010230179028133
9776,0.9792,1,2,1,675978,466,125552,704,0.0036909136991509313,0.6017094017094017
9777,0.9793,2,3,2,675981,463,125554,702,0.0036671524521606894,0.6025751072961374
9778,0.9795,6,1,6,675982,462,125560,696,0.0036592320364972754,0.6010362694300518
9779,0.9796,7,4,7,675986,458,125567,689,0.0036275503738436195,0.6006974716652136
9780,0.9797,3,4,3,675990,454,125570,686,0.003595868711189963,0.6017543859649123
9781,0.9798,0,1,0,675991,453,125570,686,0.003587948295526549,0.6022827041264267
9782,0.9799,5,1,5,675992,452,125575,681,0.0035800278798631354,0.6010591350397175
9783,0.98,41,27,41,676019,425,125616,640,0.003366176656950957,0.6009389671361502
9784,0.9801,6,9,6,676028,416,125622,634,0.0032948929159802307,0.6038095238095238
9785,0.9804,0,1,0,676029,415,125622,634,0.0032869725003168166,0.6043851286939943
9786,0.9806,1,2,1,676031,413,125623,633,0.0032711316689899884,0.6051625239005736
9787,0.9807,3,1,3,676032,412,125626,630,0.0032632112533265744,0.6046065259117083
9788,0.9808,4,1,4,676033,411,125630,626,0.0032552908376631607,0.6036644165863067
9789,0.9809,1,0,1,676033,411,125631,625,0.0032552908376631607,0.6032818532818532
9790,0.981,1,2,1,676035,409,125632,624,0.0032394500063363326,0.6040658276863504
9791,0.9811,0,2,0,676037,407,125632,624,0.0032236091750095044,0.6052376333656644
9792,0.9812,1,1,1,676038,406,125633,623,0.0032156887593460903,0.6054421768707483
9793,0.9813,2,4,2,676042,402,125635,621,0.0031840070966924344,0.6070381231671554
9794,0.9814,4,11,4,676053,391,125639,617,0.0030968825243948804,0.6121031746031746
9795,0.9815,1,1,1,676054,390,125640,616,0.0030889621087314663,0.6123260437375746
9796,0.9816,6,5,6,676059,385,125646,610,0.0030493600304143964,0.6130653266331658
9797,0.9817,9,4,9,676063,381,125655,601,0.00301767836776074,0.6120162932790224
9798,0.9818,3,0,3,676063,381,125658,598,0.00301767836776074,0.6108273748723186
9799,0.982,5,4,5,676067,377,125663,593,0.002985996705107084,0.6113402061855671
9800,0.9821,3,0,3,676067,377,125666,590,0.002985996705107084,0.610134436401241
9801,0.9823,4,1,4,676068,376,125670,586,0.00297807628944367,0.6091476091476091
9802,0.9824,1,2,1,676070,374,125671,585,0.002962235458116842,0.6100104275286757
9803,0.9825,5,2,5,676072,372,125676,580,0.0029463946267900137,0.6092436974789915
9804,0.9826,2,1,2,676073,371,125678,578,0.0029384742111266,0.6090621707060063
9805,0.9827,1,2,1,676075,369,125679,577,0.002922633379799772,0.6099365750528541
9806,0.9828,1,0,1,676075,369,125680,576,0.002922633379799772,0.6095238095238096
9807,0.983,7,2,7,676077,367,125687,569,0.0029067925484729438,0.6079059829059829
9808,0.9831,0,1,0,676078,366,125687,569,0.0028988721328095297,0.6085561497326203
9809,0.9832,3,0,3,676078,366,125690,566,0.0028988721328095297,0.6072961373390557
9810,0.9833,6,5,6,676083,361,125696,560,0.0028592700544924597,0.6080347448425625
9811,0.9834,2,2,2,676085,359,125698,558,0.0028434292231656316,0.608505997818975
9812,0.9835,2,1,2,676086,358,125700,556,0.002835508807502218,0.6083150984682714
9813,0.9836,3,2,3,676088,356,125703,553,0.0028196679761753897,0.6083608360836084
9814,0.9839,2,3,2,676091,353,125705,551,0.0027959067291851475,0.6095132743362832
9815,0.984,2,3,2,676094,350,125707,549,0.0027721454821949057,0.610678531701891
9816,0.9841,0,1,0,676095,349,125707,549,0.0027642250665314916,0.611358574610245
9817,0.9842,6,1,6,676096,348,125713,543,0.0027563046508680775,0.6094276094276094
9818,0.9843,6,4,6,676100,344,125719,537,0.0027246229882144216,0.6095346197502838
9819,0.9844,4,4,4,676104,340,125723,533,0.0026929413255607653,0.6105383734249714
9820,0.9846,0,1,0,676105,339,125723,533,0.0026850209098973512,0.6112385321100917
9821,0.9847,1,5,1,676110,334,125724,532,0.0026454188315802813,0.6143187066974596
9822,0.9848,2,1,2,676111,333,125726,530,0.002637498415916867,0.6141367323290846
9823,0.9849,2,1,2,676112,332,125728,528,0.002629578000253453,0.6139534883720931
9824,0.985,12,7,12,676119,325,125740,516,0.002574135090609555,0.6135552913198573
9825,0.9851,4,1,4,676120,324,125744,512,0.0025662146749461413,0.6124401913875598
9826,0.9852,3,0,3,676120,324,125747,509,0.0025662146749461413,0.6110444177671068
9827,0.9853,2,0,2,676120,324,125749,507,0.0025662146749461413,0.6101083032490975
9828,0.9854,4,4,4,676124,320,125753,503,0.002534533012292485,0.6111786148238153
9829,0.9855,7,7,7,676131,313,125760,496,0.002479090102648587,0.6131025957972805
9830,0.9856,1,1,1,676132,312,125761,495,0.002471169686985173,0.6133828996282528
9831,0.9857,3,2,3,676134,310,125764,492,0.002455328855658345,0.6134663341645885
9832,0.9858,1,1,1,676135,309,125765,491,0.002447408439994931,0.61375
9833,0.986,3,3,3,676138,306,125768,488,0.0024236471930046887,0.6146095717884131
9834,0.9861,2,2,2,676140,304,125770,486,0.002407806361677861,0.6151898734177215
9835,0.9862,0,4,0,676144,300,125770,486,0.0023761246990242047,0.6183206106870229
9836,0.9863,4,2,4,676146,298,125774,482,0.002360283867697377,0.617948717948718
9837,0.9864,2,2,2,676148,296,125776,480,0.002344443036370549,0.6185567010309279
9838,0.9865,4,2,4,676150,294,125780,476,0.0023286022050437206,0.6181818181818182
9839,0.9867,15,6,15,676156,288,125795,461,0.0022810797110632366,0.6154873164218959
9840,0.9868,0,1,0,676157,287,125795,461,0.0022731592953998225,0.6163101604278075
9841,0.987,3,1,3,676158,286,125798,458,0.0022652388797364084,0.6155913978494624
9842,0.9871,3,1,3,676159,285,125801,455,0.0022573184640729944,0.6148648648648649
9843,0.9873,6,1,6,676160,284,125807,449,0.0022493980484095807,0.6125511596180082
9844,0.9874,3,1,3,676161,283,125810,446,0.0022414776327461666,0.6117969821673526
9845,0.9875,10,5,10,676166,278,125820,436,0.0022018755544290962,0.6106442577030813
9846,0.9876,1,0,1,676166,278,125821,435,0.0022018755544290962,0.6100981767180925
9847,0.9877,0,2,0,676168,276,125821,435,0.0021860347231022685,0.6118143459915611
9848,0.9879,1,1,1,676169,275,125822,434,0.0021781143074388544,0.61212976022567
9849,0.988,2,0,2,676169,275,125824,432,0.0021781143074388544,0.611032531824611
9850,0.9881,1,1,1,676170,274,125825,431,0.0021701938917754403,0.6113475177304964
9851,0.9882,1,1,1,676171,273,125826,430,0.0021622734761120263,0.6116642958748222
9852,0.9883,4,4,4,676175,269,125830,426,0.0021305918134583704,0.6129496402877698
9853,0.9885,1,4,1,676179,265,125831,425,0.002098910150804714,0.6159420289855072
9854,0.9886,1,2,1,676181,263,125832,424,0.0020830693194778863,0.6171761280931587
9855,0.9887,1,1,1,676182,262,125833,423,0.0020751489038144722,0.6175182481751825
9856,0.9888,5,0,5,676182,262,125838,418,0.0020751489038144722,0.6147058823529412
9857,0.989,1,0,1,676182,262,125839,417,0.0020751489038144722,0.614138438880707
9858,0.9892,6,2,6,676184,260,125845,411,0.002059308072487644,0.6125186289120715
9859,0.9893,1,1,1,676185,259,125846,410,0.00205138765682423,0.6128550074738416
9860,0.9894,1,0,1,676185,259,125847,409,0.00205138765682423,0.6122754491017964
9861,0.9895,1,1,1,676186,258,125848,408,0.002043467241160816,0.6126126126126126
9862,0.9896,1,0,1,676186,258,125849,407,0.002043467241160816,0.6120300751879699
9863,0.9897,1,0,1,676186,258,125850,406,0.002043467241160816,0.6114457831325302
9864,0.9898,2,2,2,676188,256,125852,404,0.002027626409833988,0.6121212121212121
9865,0.9899,1,1,1,676189,255,125853,403,0.002019705994170574,0.6124620060790273
9866,0.99,67,31,67,676220,224,125920,336,0.0017741731086047396,0.6
9867,0.9901,2,3,2,676223,221,125922,334,0.0017504118616144975,0.6018018018018018
9868,0.9902,1,0,1,676223,221,125923,333,0.0017504118616144975,0.6010830324909747
9869,0.9904,2,1,2,676224,220,125925,331,0.0017424914459510834,0.6007259528130672
9870,0.9906,2,1,2,676225,219,125927,329,0.0017345710302876696,0.6003649635036497
9871,0.991,1,0,1,676225,219,125928,328,0.0017345710302876696,0.5996343692870201
9872,0.9911,1,0,1,676225,219,125929,327,0.0017345710302876696,0.5989010989010989
9873,0.9913,0,1,0,676226,218,125929,327,0.0017266506146242555,0.6
9874,0.9914,2,0,2,676226,218,125931,325,0.0017266506146242555,0.5985267034990792
9875,0.9916,1,0,1,676226,218,125932,324,0.0017266506146242555,0.5977859778597786
9876,0.9917,4,2,4,676228,216,125936,320,0.0017108097832974276,0.5970149253731343
9877,0.9918,1,2,1,676230,214,125937,319,0.0016949689519705994,0.5984990619136961
9878,0.992,2,2,2,676232,212,125939,317,0.0016791281206437714,0.5992438563327032
9879,0.9922,0,1,0,676233,211,125939,317,0.0016712077049803574,0.6003787878787878
9880,0.9925,8,9,8,676242,202,125947,309,0.0015999239640096313,0.6046966731898239
9881,0.9926,2,2,2,676244,200,125949,307,0.0015840831326828031,0.6055226824457594
9882,0.9927,1,0,1,676244,200,125950,306,0.0015840831326828031,0.6047430830039525
9883,0.9929,3,1,3,676245,199,125953,303,0.0015761627170193893,0.603585657370518
9884,0.993,1,0,1,676245,199,125954,302,0.0015761627170193893,0.6027944111776448
9885,0.9931,1,0,1,676245,199,125955,301,0.0015761627170193893,0.602
9886,0.9933,8,10,8,676255,189,125963,293,0.0014969585603852491,0.6078838174273858
9887,0.9934,2,0,2,676255,189,125965,291,0.0014969585603852491,0.60625
9888,0.9935,1,1,1,676256,188,125966,290,0.001489038144721835,0.606694560669456
9889,0.9936,0,1,0,676257,187,125966,290,0.001481117729058421,0.6079664570230608
9890,0.9938,2,1,2,676258,186,125968,288,0.0014731973133950069,0.6075949367088608
9891,0.9939,2,0,2,676258,186,125970,286,0.0014731973133950069,0.6059322033898306
9892,0.994,2,1,2,676259,185,125972,284,0.001465276897731593,0.605543710021322
9893,0.9942,2,1,2,676260,184,125974,282,0.001457356482068179,0.6051502145922747
9894,0.9943,2,0,2,676260,184,125976,280,0.001457356482068179,0.603448275862069
9895,0.9945,1,2,1,676262,182,125977,279,0.001441515650741351,0.6052060737527115
9896,0.9947,0,1,0,676263,181,125977,279,0.001433595235077937,0.6065217391304348
9897,0.9949,0,2,0,676265,179,125977,279,0.001417754403751109,0.6091703056768559
9898,0.995,11,16,11,676281,163,125988,268,0.0012910277531364845,0.6218097447795824
9899,0.9953,1,3,1,676284,160,125989,267,0.0012672665061462425,0.6252927400468384
9900,0.9954,1,0,1,676284,160,125990,266,0.0012672665061462425,0.6244131455399061
9901,0.9955,3,2,3,676286,158,125993,263,0.0012514256748194146,0.6247030878859857
9902,0.9957,1,0,1,676286,158,125994,262,0.0012514256748194146,0.6238095238095238
9903,0.9958,2,1,2,676287,157,125996,260,0.0012435052591560005,0.6235011990407674
9904,0.996,0,3,0,676290,154,125996,260,0.0012197440121657585,0.6280193236714976
9905,0.9961,2,1,2,676291,153,125998,258,0.0012118235965023444,0.6277372262773723
9906,0.9963,0,2,0,676293,151,125998,258,0.0011959827651755164,0.6308068459657702
9907,0.9964,2,1,2,676294,150,126000,256,0.0011880623495121023,0.6305418719211823
9908,0.9965,0,2,0,676296,148,126000,256,0.0011722215181852744,0.6336633663366337
9909,0.9966,1,0,1,676296,148,126001,255,0.0011722215181852744,0.6327543424317618
9910,0.9967,10,6,10,676302,142,126011,245,0.0011246990242047904,0.6330749354005168
9911,0.9968,1,1,1,676303,141,126012,244,0.0011167786085413763,0.6337662337662338
9912,0.997,2,0,2,676303,141,126014,242,0.0011167786085413763,0.6318537859007833
9913,0.9971,2,3,2,676306,138,126016,240,0.0010930173615511342,0.6349206349206349
9914,0.9973,1,3,1,676309,135,126017,239,0.0010692561145608922,0.6390374331550802
9915,0.9974,0,1,0,676310,134,126017,239,0.0010613356988974781,0.6407506702412868
9916,0.9975,7,4,7,676314,130,126024,232,0.001029654036243822,0.6408839779005525
9917,0.9978,1,0,1,676314,130,126025,231,0.001029654036243822,0.6398891966759003
9918,0.998,7,2,7,676316,128,126032,224,0.001013813204916994,0.6363636363636364
9919,0.9983,2,6,2,676322,122,126034,222,0.0009662907109365099,0.6453488372093024
9920,0.9986,4,1,4,676323,121,126038,218,0.000958370295273096,0.6430678466076696
9921,0.9988,2,0,2,676323,121,126040,216,0.000958370295273096,0.6409495548961425
9922,0.9989,2,0,2,676323,121,126042,214,0.000958370295273096,0.6388059701492538
9923,0.999,2,0,2,676323,121,126044,212,0.000958370295273096,0.6366366366366366
9924,0.9992,1,1,1,676324,120,126045,211,0.0009504498796096819,0.6374622356495468
9925,1.0,211,120,211,676444,0,126256,0,0.0,
