,min,max,Neg,Pos,$\frac{\text{Pos}}{\text{Neg}+\text{Pos}}$,TN,FP,FN,TP,Prec,Rec,FP/P
0,0.0000,0.0788,"10,236",85,0.0082,"10,236","666,208",85,"126,171",0.1592,0.9993,5.2766
1,0.0800,0.1783,"60,025","1,028",0.0168,"70,261","606,183","1,113","125,143",0.1711,0.9912,4.8012
2,0.1800,0.2186,"39,845","1,048",0.0256,"110,106","566,338","2,161","124,095",0.1797,0.9829,4.4856
3,0.2200,0.2443,"34,646","1,165",0.0325,"144,752","531,692","3,326","122,930",0.1878,0.9737,4.2112
4,0.2450,0.2683,"25,435","1,001",0.0379,"170,187","506,257","4,327","121,929",0.1941,0.9657,4.0098
5,0.2700,0.2893,"26,384","1,160",0.0421,"196,571","479,873","5,487","120,769",0.2011,0.9565,3.8008
6,0.2900,0.3100,"27,427","1,293",0.0450,"223,998","452,446","6,780","119,476",0.2089,0.9463,3.5836
7,0.3100,0.3293,"27,971","1,607",0.0543,"251,969","424,475","8,387","117,869",0.2173,0.9336,3.3620
8,0.3300,0.3447,"28,112","1,782",0.0596,"280,081","396,363","10,169","116,087",0.2265,0.9195,3.1394
9,0.3450,0.3592,"14,881","1,001",0.0630,"294,962","381,482","11,170","115,086",0.2318,0.9115,3.0215
10,0.3600,0.3700,"14,459","1,061",0.0684,"309,421","367,023","12,231","114,025",0.2370,0.9031,2.9070
11,0.3700,0.3792,"14,122","1,143",0.0749,"323,543","352,901","13,374","112,882",0.2423,0.8941,2.7951
12,0.3800,0.3898,"14,386","1,164",0.0749,"337,929","338,515","14,538","111,718",0.2481,0.8849,2.6812
13,0.3900,0.3995,"14,231","1,251",0.0808,"352,160","324,284","15,789","110,467",0.2541,0.8749,2.5685
14,0.4000,0.4100,"14,152","1,264",0.0820,"366,312","310,132","17,053","109,203",0.2604,0.8649,2.4564
15,0.4100,0.4193,"13,875","1,387",0.0909,"380,187","296,257","18,440","107,816",0.2668,0.8539,2.3465
16,0.4200,0.4293,"13,836","1,413",0.0927,"394,023","282,421","19,853","106,403",0.2737,0.8428,2.2369
17,0.4300,0.4390,"13,694","1,456",0.0961,"407,717","268,727","21,309","104,947",0.2809,0.8312,2.1284
18,0.4400,0.4500,"13,394","1,536",0.1029,"421,111","255,333","22,845","103,411",0.2883,0.8191,2.0223
19,0.4500,0.4592,"13,089","1,569",0.1070,"434,200","242,244","24,414","101,842",0.2960,0.8066,1.9187
20,0.4600,0.4692,"12,822","1,747",0.1199,"447,022","229,422","26,161","100,095",0.3038,0.7928,1.8171
21,0.4700,0.4797,"12,708","1,804",0.1243,"459,730","216,714","27,965","98,291",0.3120,0.7785,1.7165
22,0.4800,0.4895,"12,198","1,827",0.1303,"471,928","204,516","29,792","96,464",0.3205,0.7640,1.6199
23,0.4900,0.5000,"11,881","1,849",0.1347,"483,809","192,635","31,641","94,615",0.3294,0.7494,1.5257
24,0.5000,0.5100,"11,476","1,911",0.1428,"495,285","181,159","33,552","92,704",0.3385,0.7343,1.4349
25,0.5100,0.5192,"11,269","2,023",0.1522,"506,554","169,890","35,575","90,681",0.3480,0.7182,1.3456
26,0.5200,0.5292,"10,874","2,084",0.1608,"517,428","159,016","37,659","88,597",0.3578,0.7017,1.2595
27,0.5300,0.5395,"10,369","2,095",0.1681,"527,797","148,647","39,754","86,502",0.3679,0.6851,1.1773
28,0.5400,0.5498,"9,981","2,184",0.1795,"537,778","138,666","41,938","84,318",0.3781,0.6678,1.0983
29,0.5500,0.5595,"9,475","2,187",0.1875,"547,253","129,191","44,125","82,131",0.3887,0.6505,1.0232
30,0.5600,0.5697,"9,125","2,292",0.2008,"556,378","120,066","46,417","79,839",0.3994,0.6324,0.9510
31,0.5700,0.5793,"8,497","2,340",0.2159,"564,875","111,569","48,757","77,499",0.4099,0.6138,0.8837
32,0.5800,0.5893,"8,411","2,266",0.2122,"573,286","103,158","51,023","75,233",0.4217,0.5959,0.8171
33,0.5900,0.5997,"7,728","2,295",0.2290,"581,014","95,430","53,318","72,938",0.4332,0.5777,0.7558
34,0.6000,0.6098,"7,465","2,358",0.2400,"588,479","87,965","55,676","70,580",0.4452,0.5590,0.6967
35,0.6100,0.6200,"6,997","2,446",0.2590,"595,476","80,968","58,122","68,134",0.4570,0.5396,0.6413
36,0.6200,0.6300,"6,527","2,397",0.2686,"602,003","74,441","60,519","65,737",0.4690,0.5207,0.5896
37,0.6300,0.6397,"6,094","2,375",0.2804,"608,097","68,347","62,894","63,362",0.4811,0.5019,0.5413
38,0.6400,0.6492,"5,657","2,434",0.3008,"613,754","62,690","65,328","60,928",0.4929,0.4826,0.4965
39,0.6500,0.6593,"5,294","2,406",0.3125,"619,048","57,396","67,734","58,522",0.5049,0.4635,0.4546
40,0.6600,0.6693,"4,888","2,279",0.3180,"623,936","52,508","70,013","56,243",0.5172,0.4455,0.4159
41,0.6700,0.6797,"4,558","2,366",0.3417,"628,494","47,950","72,379","53,877",0.5291,0.4267,0.3798
42,0.6800,0.6896,"4,269","2,257",0.3458,"632,763","43,681","74,636","51,620",0.5417,0.4089,0.3460
43,0.6900,0.6995,"3,980","2,410",0.3772,"636,743","39,701","77,046","49,210",0.5535,0.3898,0.3144
44,0.7000,0.7100,"3,633","2,428",0.4006,"640,376","36,068","79,474","46,782",0.5647,0.3705,0.2857
45,0.7100,0.7198,"3,411","2,311",0.4039,"643,787","32,657","81,785","44,471",0.5766,0.3522,0.2587
46,0.7200,0.7293,"3,194","2,484",0.4375,"646,981","29,463","84,269","41,987",0.5876,0.3326,0.2334
47,0.7300,0.7400,"3,003","2,337",0.4376,"649,984","26,460","86,606","39,650",0.5998,0.3140,0.2096
48,0.7400,0.7500,"2,806","2,307",0.4512,"652,790","23,654","88,913","37,343",0.6122,0.2958,0.1873
49,0.7500,0.7598,"2,613","2,362",0.4748,"655,403","21,041","91,275","34,981",0.6244,0.2771,0.1667
50,0.7600,0.7700,"2,395","2,466",0.5073,"657,798","18,646","93,741","32,515",0.6355,0.2575,0.1477
51,0.7700,0.7797,"2,203","2,283",0.5089,"660,001","16,443","96,024","30,232",0.6477,0.2395,0.1302
52,0.7800,0.7900,"2,050","2,305",0.5293,"662,051","14,393","98,329","27,927",0.6599,0.2212,0.1140
53,0.7900,0.8000,"1,841","2,363",0.5621,"663,892","12,552","100,692","25,564",0.6707,0.2025,0.0994
54,0.8000,0.8098,"1,742","2,301",0.5691,"665,634","10,810","102,993","23,263",0.6827,0.1843,0.0856
55,0.8100,0.8193,"1,582","2,108",0.5713,"667,216","9,228","105,101","21,155",0.6963,0.1676,0.0731
56,0.8200,0.8292,"1,384","2,160",0.6095,"668,600","7,844","107,261","18,995",0.7077,0.1504,0.0621
57,0.8300,0.8398,"1,285","2,127",0.6234,"669,885","6,559","109,388","16,868",0.7200,0.1336,0.0520
58,0.8400,0.8500,"1,128","1,955",0.6341,"671,013","5,431","111,343","14,913",0.7330,0.1181,0.0430
59,0.8500,0.8690,"1,847","3,655",0.6643,"672,860","3,584","114,998","11,258",0.7585,0.0892,0.0284
60,0.8700,0.8867,"1,296","3,183",0.7106,"674,156","2,288","118,181","8,075",0.7792,0.0640,0.0181
61,0.8867,0.9090,"1,000","2,564",0.7194,"675,156","1,288","120,745","5,511",0.8106,0.0436,0.0102
62,0.9100,1.0000,"1,288","5,511",0.8106,"676,444",0,"126,256",0,nan,0.0000,0.0000
