,y_proba,y_test,Neg,Pos,TN,FP,FN,TP,FP/P,Prec
0,0.0,174,4715,174,4715,671729,174,126082,5.320372893169433,0.15803492305821804
1,0.0005,1,15,1,4730,671714,175,126081,5.320254086934482,0.15803683903759738
2,0.0006,0,16,0,4746,671698,175,126081,5.320127360283868,0.15804000857380301
3,0.0007,0,19,0,4765,671679,175,126081,5.319976872386263,0.1580437725631769
4,0.0008,3,59,3,4824,671620,178,126078,5.319509567862122,0.1580522954802444
5,0.001,0,20,0,4844,671600,178,126078,5.319351159548853,0.1580562582896858
6,0.0011,0,21,0,4865,671579,178,126078,5.319184830819921,0.15806041945347438
7,0.0012,2,36,2,4901,671543,180,126076,5.318899695856039,0.15806544227256372
8,0.0013,1,9,1,4910,671534,181,126075,5.318828412115068,0.15806617026638364
9,0.0014,4,40,4,4950,671494,185,126071,5.318511595488531,0.158069875182587
10,0.0016,0,4,0,4954,671490,185,126071,5.318479913825877,0.15807066794890923
11,0.0017,1,72,1,5026,671418,186,126070,5.317909643898112,0.1580838833938567
12,0.0018,0,18,0,5044,671400,186,126070,5.31776707641617,0.15808745156557613
13,0.002,3,66,3,5110,671334,189,126067,5.317244328982385,0.15809736882697664
14,0.0021,0,4,0,5114,671330,189,126067,5.317212647319732,0.15809816189426346
15,0.0022,2,30,2,5144,671300,191,126065,5.316975034849829,0.15810199845741912
16,0.0023,0,24,0,5168,671276,191,126065,5.316784944873907,0.15810675733469118
17,0.0024,0,37,0,5205,671239,191,126065,5.316491889494361,0.1581140944984598
18,0.0025,6,101,6,5306,671138,197,126059,5.315691927512356,0.15812779024507118
19,0.0026,0,7,0,5313,671131,197,126059,5.315636484602712,0.1581291787403254
20,0.0027,2,57,2,5370,671074,199,126057,5.315185020909897,0.15813837374283524
21,0.0028,1,24,1,5394,671050,200,126056,5.314994930933976,0.15814207897067642
22,0.0029,2,53,2,5447,670997,202,126054,5.314575148903814,0.15815048221506528
23,0.003,1,19,1,5466,670978,203,126053,5.31442466100621,0.15815319604883624
24,0.0031,3,68,3,5534,670910,206,126050,5.313886072741098,0.15816352138124876
25,0.0032,1,22,1,5556,670888,207,126049,5.313711823596503,0.15816683125516823
26,0.0033,5,128,5,5684,670760,212,126044,5.3126980103915855,0.1581869568927867
27,0.0034,0,1,0,5685,670759,212,126044,5.312690089975922,0.15818715541984657
28,0.0035,0,14,0,5699,670745,212,126044,5.312579204156634,0.15818993485100824
29,0.0036,0,9,0,5708,670736,212,126044,5.312507920415664,0.15819172167976103
30,0.0037,1,12,1,5720,670724,213,126043,5.312412875427702,0.15819304765383105
31,0.0038,1,50,1,5770,670674,214,126042,5.312016854644532,0.15820191887699003
32,0.0039,5,56,5,5826,670618,219,126037,5.311573311367381,0.15820775618052985
33,0.004,5,127,5,5953,670491,224,126032,5.310567418578127,0.15822769712864537
34,0.0041,4,31,4,5984,670460,228,126028,5.310321885692561,0.15822962806721508
35,0.0042,0,16,0,6000,670444,228,126028,5.310195159041947,0.15823280667744755
36,0.0043,3,48,3,6048,670396,231,126025,5.309814979090103,0.15823917249796277
37,0.0044,5,63,5,6111,670333,236,126020,5.309315992903308,0.15824640580245192
38,0.0045,0,40,0,6151,670293,236,126020,5.308999176276771,0.15825435475748859
39,0.0046,2,21,2,6172,670272,238,126018,5.30883284754784,0.15825641412048375
40,0.0047,1,24,1,6196,670248,239,126017,5.308642757571917,0.15826012696778083
41,0.0048,2,56,2,6252,670192,241,126015,5.308199214294766,0.15826914357698438
42,0.0049,0,8,0,6260,670184,241,126015,5.3081358509694585,0.15827073382408166
43,0.005,18,302,18,6562,669882,259,125997,5.3057438854391075,0.15831175341980377
44,0.0051,0,10,0,6572,669872,259,125997,5.305664681282473,0.15831374258829028
45,0.0052,0,54,0,6626,669818,259,125997,5.305236978836649,0.15832448496195725
46,0.0053,3,38,3,6664,669780,262,125994,5.30493600304144,0.1583288722677544
47,0.0054,2,29,2,6693,669751,264,125992,5.304706310987201,0.158332526959081
48,0.0055,2,32,2,6725,669719,266,125990,5.3044528576859715,0.15833677889781314
49,0.0056,1,23,1,6748,669696,267,125989,5.304270688125713,0.15834029798224172
50,0.0057,6,65,6,6813,669631,273,125983,5.303755861107591,0.15834688680691894
51,0.0058,2,32,2,6845,669599,275,125981,5.303502407806362,0.15835114004876946
52,0.0059,0,12,0,6857,669587,275,125981,5.303407362818401,0.1583535285481568
53,0.006,1,35,1,6892,669552,276,125980,5.303130148270181,0.15835943745820408
54,0.0061,0,4,0,6896,669548,276,125980,5.303098466607527,0.15836023370641888
55,0.0062,6,82,6,6978,669466,282,125974,5.302448992523128,0.15837021019812933
56,0.0063,1,16,1,6994,669450,283,125973,5.302322265872513,0.1583723377372794
57,0.0064,2,25,2,7019,669425,285,125971,5.302124255480928,0.15837519927180926
58,0.0065,0,20,0,7039,669405,285,125971,5.30196584716766,0.1583791816700529
59,0.0066,0,7,0,7046,669398,285,125971,5.301910404258016,0.15838057555675417
60,0.0067,12,182,12,7228,669216,297,125959,5.300468888607274,0.15840412487817146
61,0.0068,2,22,2,7250,669194,299,125957,5.300294639462679,0.15840639073584767
62,0.0069,0,27,0,7277,669167,299,125957,5.300080788239767,0.15841176973654425
63,0.007,4,61,4,7338,669106,303,125953,5.299597642884298,0.15841968960794103
64,0.0071,0,13,0,7351,669093,303,125953,5.299494677480674,0.15842227996870623
65,0.0072,3,45,3,7396,669048,306,125950,5.2991382587758205,0.15842807151716104
66,0.0073,1,14,1,7410,669034,307,125949,5.299027372956533,0.1584298029014457
67,0.0074,2,29,2,7439,669005,309,125947,5.298797680902294,0.15843346516519236
68,0.0075,1,55,1,7494,668950,310,125946,5.298362058040806,0.1584433686922566
69,0.0076,0,34,0,7528,668916,310,125946,5.29809276390825,0.15845014606309019
70,0.0077,0,1,0,7529,668915,310,125946,5.298084843492586,0.15845034540630373
71,0.0078,1,25,1,7554,668890,311,125945,5.297886833101001,0.1584542703831613
72,0.0079,0,6,0,7560,668884,311,125945,5.297839310607021,0.15845546652172984
73,0.008,3,41,3,7601,668843,314,125942,5.297514573564821,0.15846046415068227
74,0.0081,2,31,2,7632,668812,316,125940,5.297269040679255,0.15846452729908198
75,0.0082,0,9,0,7641,668803,316,125940,5.297197756938284,0.15846632181724155
76,0.0083,6,92,6,7733,668711,322,125934,5.29646907869725,0.1584783142157819
77,0.0084,2,28,2,7761,668683,324,125932,5.296247307058675,0.1584817804848889
78,0.0085,4,69,4,7830,668614,328,125928,5.295700798377899,0.15849130694160912
79,0.0086,3,46,3,7876,668568,331,125925,5.295336459257382,0.15849730582900037
80,0.0087,0,12,0,7888,668556,331,125925,5.295241414269421,0.158499699804023
81,0.0088,1,35,1,7923,668521,332,125924,5.294964199721202,0.15850562342264096
82,0.0089,1,58,1,7981,668463,333,125923,5.294504815612723,0.1585161369913367
83,0.009,6,50,6,8031,668413,339,125917,5.294108794829553,0.15851975879042715
84,0.0091,0,15,0,8046,668398,339,125917,5.293989988594602,0.15852275230859295
85,0.0092,0,45,0,8091,668353,339,125917,5.293633569889748,0.15853173354149092
86,0.0093,3,50,3,8141,668303,342,125914,5.2932375491065775,0.1585385354380478
87,0.0094,0,37,0,8178,668266,342,125914,5.292944493727031,0.1585459215794908
88,0.0095,1,28,1,8206,668238,343,125913,5.292722722088455,0.15855045199212744
89,0.0096,2,12,2,8218,668226,345,125911,5.292627677100494,0.15855072865261283
90,0.0097,0,18,0,8236,668208,345,125911,5.292485109618553,0.1585543224630062
91,0.0098,2,16,2,8252,668192,347,125909,5.292358382967938,0.1585553978650071
92,0.0099,0,25,0,8277,668167,347,125909,5.292160372576353,0.15856038968562203
93,0.01,41,603,41,8880,667564,388,125868,5.287384361931315,0.1586374131620605
94,0.0101,1,16,1,8896,667548,389,125867,5.2872576352806995,0.158639551810843
95,0.0102,1,67,1,8963,667481,390,125866,5.2867269674312505,0.15865188876998337
96,0.0103,3,46,3,9009,667435,393,125863,5.286362628310734,0.15865790661264745
97,0.0104,1,22,1,9031,667413,394,125862,5.286188379166139,0.15866124610002835
98,0.0105,3,70,3,9101,667343,397,125859,5.2856339500697,0.15867206587981372
99,0.0106,0,22,0,9123,667321,397,125859,5.285459700925105,0.1586764668801533
100,0.0107,0,11,0,9134,667310,397,125859,5.285372576352807,0.15867866747187548
101,0.0108,3,32,3,9166,667278,400,125856,5.285119123051578,0.1586818872977328
102,0.0109,1,14,1,9180,667264,401,125855,5.28500823723229,0.15868362755147714
103,0.011,0,17,0,9197,667247,401,125855,5.284873590166012,0.15868702890674843
104,0.0111,0,21,0,9218,667226,401,125855,5.28470726143708,0.1586912307822278
105,0.0112,1,33,1,9251,667193,402,125854,5.284445887720188,0.15869677333121493
106,0.0113,1,48,1,9299,667145,403,125853,5.2840657077683435,0.1587053182984068
107,0.0114,0,30,0,9329,667115,403,125853,5.283828095298441,0.1587113225249947
108,0.0115,0,24,0,9353,667091,403,125853,5.283638005322519,0.15871612623337839
109,0.0116,1,15,1,9368,667076,404,125852,5.283519199087568,0.1587180677186327
110,0.0117,4,62,4,9430,667014,408,125848,5.283028133316437,0.15872623483027312
111,0.0118,1,49,1,9479,666965,409,125847,5.28264003294893,0.15873498382970994
112,0.0119,1,30,1,9509,666935,410,125846,5.282402420479027,0.1587399294382686
113,0.012,6,43,6,9552,666892,416,125840,5.2820618426055,0.15874217263842005
114,0.0121,4,46,4,9598,666846,420,125836,5.281697503484983,0.15874713945819383
115,0.0122,1,39,1,9637,666807,421,125835,5.28138860727411,0.15875388889309425
116,0.0123,2,26,2,9663,666781,423,125833,5.281182676466861,0.15875697376024142
117,0.0124,0,11,0,9674,666770,423,125833,5.2810955518945635,0.15875917704071268
118,0.0125,1,50,1,9724,666720,424,125832,5.2806995311113925,0.1587681313024256
119,0.0126,2,29,2,9753,666691,426,125830,5.280469839057154,0.1587718180338439
120,0.0127,1,25,1,9778,666666,427,125829,5.280271828665568,0.15877576514678327
121,0.0128,1,16,1,9794,666650,428,125828,5.280145102014954,0.15877790929211916
122,0.0129,1,16,1,9810,666634,429,125827,5.280018375364339,0.15878005352944813
123,0.013,0,34,0,9844,666600,429,125827,5.279749081231783,0.15878686617189974
124,0.0131,2,32,2,9876,666568,431,125825,5.279495627930554,0.1587911553988993
125,0.0132,0,49,0,9925,666519,431,125825,5.279107527563046,0.15880097533394585
126,0.0133,6,82,6,10007,666437,437,125819,5.278458053478647,0.15881104087567655
127,0.0134,0,10,0,10017,666427,437,125819,5.278378849322013,0.15881304544295585
128,0.0135,0,1,0,10018,666426,437,125819,5.278370928906349,0.15881324590246704
129,0.0136,2,27,2,10045,666399,439,125817,5.278157077683437,0.15881653488442546
130,0.0137,2,12,2,10057,666387,441,125815,5.278062032695476,0.15881681692295652
131,0.0138,2,32,2,10089,666355,443,125813,5.277808579394247,0.15882110865371993
132,0.0139,0,10,0,10099,666345,443,125813,5.277729375237612,0.15882311357077755
133,0.014,5,100,5,10199,666245,448,125808,5.276937333671271,0.15883785554754543
134,0.0141,3,60,3,10259,666185,451,125805,5.276462108731466,0.15884670260988143
135,0.0142,1,17,1,10276,666168,452,125804,5.276327461665188,0.15884905021894713
136,0.0143,1,48,1,10324,666120,453,125803,5.275947281713345,0.15885761620763636
137,0.0144,3,55,3,10379,666065,456,125800,5.2755116588518565,0.1588654631786984
138,0.0145,3,14,3,10393,666051,459,125797,5.275400773032569,0.15886508521837525
139,0.0146,0,33,0,10426,666018,459,125797,5.275139399315676,0.15887170614348048
140,0.0147,1,23,1,10449,665995,460,125796,5.274957229755418,0.1588752587488365
141,0.0148,0,26,0,10475,665969,460,125796,5.274751298948169,0.1588804758987831
142,0.0149,0,30,0,10505,665939,460,125796,5.274513686478266,0.1588864961129671
143,0.015,15,181,15,10686,665758,475,125781,5.273080091243188,0.15890688898462363
144,0.0151,1,24,1,10710,665734,476,125780,5.272890001267267,0.1589106446632656
145,0.0152,0,26,0,10736,665708,476,125780,5.272684070460017,0.15891586480148784
146,0.0153,1,20,1,10756,665688,477,125779,5.27252566214675,0.15891881784079437
147,0.0154,2,22,2,10778,665666,479,125777,5.272351413002155,0.15892110992200323
148,0.0155,1,20,1,10798,665646,480,125776,5.272193004688886,0.15892406326839537
149,0.0156,2,16,2,10814,665630,482,125774,5.272066278038271,0.15892515074475236
150,0.0157,3,52,3,10866,665578,485,125771,5.2716544164237735,0.15893240529778896
151,0.0158,5,55,5,10921,665523,490,125766,5.271218793562286,0.1589381376462961
152,0.0159,0,25,0,10946,665498,490,125766,5.271020783170701,0.1589431592995511
153,0.016,4,56,4,11002,665442,494,125762,5.27057723989355,0.15895015697595058
154,0.0161,4,38,4,11040,665404,498,125758,5.27027626409834,0.15895353922458358
155,0.0162,1,46,1,11086,665358,499,125757,5.269911924977823,0.15896171858705752
156,0.0163,0,34,0,11120,665324,499,125757,5.269642630845267,0.1589685506288231
157,0.0164,2,48,2,11168,665276,501,125755,5.2692624508934225,0.15897607047005743
158,0.0165,2,20,2,11188,665256,503,125753,5.269104042580155,0.15897796358827776
159,0.0166,0,10,0,11198,665246,503,125753,5.269024838423521,0.1589799734260094
160,0.0167,8,107,8,11305,665139,511,125745,5.268177353947535,0.15899297494955011
161,0.0168,1,31,1,11336,665108,512,125744,5.267931821061969,0.15899814377405633
162,0.0169,2,27,2,11363,665081,514,125742,5.267717969839057,0.15900144532973876
163,0.017,6,51,6,11414,665030,520,125736,5.267314028640223,0.15900531889332623
164,0.0171,3,62,3,11476,664968,523,125733,5.2668229628690915,0.15901459590919956
165,0.0172,3,48,3,11524,664920,526,125730,5.266442782917247,0.15902105862265226
166,0.0173,0,11,0,11535,664909,526,125730,5.26635565834495,0.15902327105037825
167,0.0174,3,17,3,11552,664892,529,125727,5.266221011278672,0.15902349930876947
168,0.0175,1,32,1,11584,664860,530,125726,5.265967557977443,0.1590288722542519
169,0.0176,0,14,0,11598,664846,530,125726,5.265856672158155,0.15903168844836396
170,0.0177,2,8,2,11606,664838,532,125724,5.265793308832848,0.15903117023079782
171,0.0178,4,25,4,11631,664813,536,125720,5.265595298441262,0.15903194427051115
172,0.0179,1,35,1,11666,664778,537,125719,5.2653180838930425,0.15903792171254286
173,0.018,2,28,2,11694,664750,539,125717,5.265096312254467,0.15904142740936686
174,0.0181,0,23,0,11717,664727,539,125717,5.2649141426942085,0.15904605512851006
175,0.0182,2,29,2,11746,664698,541,125715,5.26468445063997,0.15904976259246748
176,0.0183,5,63,5,11809,664635,546,125710,5.264185464453175,0.1590571206245374
177,0.0184,0,1,0,11810,664634,546,125710,5.264177544037511,0.15905732187503163
178,0.0185,0,6,0,11816,664628,546,125710,5.26413002154353,0.15905852938869192
179,0.0186,0,13,0,11829,664615,546,125710,5.2640270561399065,0.15906114573118654
180,0.0187,2,37,2,11866,664578,548,125708,5.26373400076036,0.15906646454574672
181,0.0188,3,35,3,11901,664543,551,125705,5.26345678621214,0.15907031716625666
182,0.0189,1,23,1,11924,664520,552,125704,5.263274616651882,0.15907388284840754
183,0.019,1,29,1,11953,664491,553,125703,5.263044924597643,0.15907865663368742
184,0.0191,3,16,3,11969,664475,556,125700,5.2629181979470285,0.15907868510140158
185,0.0192,4,46,4,12015,664429,560,125696,5.262553858826511,0.15908368928966934
186,0.0193,1,28,1,12043,664401,561,125695,5.262332087187936,0.15908826269212856
187,0.0194,3,45,3,12088,664356,564,125692,5.261975668483082,0.1590941309895095
188,0.0195,1,21,1,12109,664335,565,125691,5.2618093397541505,0.15909729553204577
189,0.0196,2,19,2,12128,664316,567,125689,5.261658851856545,0.15909899304434783
190,0.0197,1,3,1,12131,664313,568,125688,5.2616350906095555,0.15909853278666736
191,0.0198,0,2,0,12133,664311,568,125688,5.261619249778228,0.15909893556827287
192,0.0199,4,39,4,12172,664272,572,125684,5.261310353567355,0.15910253229293783
193,0.02,12,229,12,12401,664043,584,125672,5.259496578380434,0.15913589079604668
194,0.0201,1,4,1,12405,664039,585,125671,5.2594648967177795,0.1591356320674678
195,0.0202,0,20,0,12425,664019,585,125671,5.259306488404511,0.1591396623991693
196,0.0203,2,39,2,12464,663980,587,125669,5.258997592193638,0.15914539244651738
197,0.0204,2,26,2,12490,663954,589,125667,5.25879166138639,0.15914850288936083
198,0.0205,2,15,2,12505,663939,591,125665,5.258672855151438,0.15914939640629985
199,0.0206,2,6,2,12511,663933,593,125663,5.2586253326574575,0.15914847592946266
200,0.0207,6,67,6,12578,663866,599,125657,5.258094664808009,0.15915559141405633
201,0.0208,1,42,1,12620,663824,600,125656,5.257762007350146,0.15916299336271977
202,0.0209,2,44,2,12664,663780,602,125654,5.257413509060956,0.15916973426530906
203,0.021,1,30,1,12694,663750,603,125653,5.257175896591053,0.15917471810976141
204,0.0211,2,17,2,12711,663733,605,125651,5.257041249524775,0.15917601572872012
205,0.0212,2,26,2,12737,663707,607,125649,5.256835318717527,0.15917912830205888
206,0.0213,1,64,1,12801,663643,608,125648,5.256328412115068,0.15919097012382
207,0.0214,1,24,1,12825,663619,609,125647,5.256138322139146,0.1591947454977156
208,0.0215,0,12,0,12837,663607,609,125647,5.256043277151185,0.15919716593137317
209,0.0216,0,27,0,12864,663580,609,125647,5.2558294259282725,0.159202612176218
210,0.0217,5,59,5,12923,663521,614,125642,5.255362121404131,0.15920918745557003
211,0.0218,2,36,2,12959,663485,616,125640,5.2550769864402485,0.15921431965784888
212,0.0219,0,8,0,12967,663477,616,125640,5.255013623114941,0.15921593375887225
213,0.022,0,41,0,13008,663436,616,125640,5.254688886072741,0.15922420654030792
214,0.0221,0,13,0,13021,663423,616,125640,5.254585920669117,0.15922682979686031
215,0.0222,2,23,2,13044,663400,618,125638,5.254403751108859,0.15922934003178554
216,0.0223,2,29,2,13073,663371,620,125636,5.254174059054619,0.15923306130363862
217,0.0224,2,33,2,13106,663338,622,125634,5.253912685337727,0.15923759018064013
218,0.0225,4,80,4,13186,663258,626,125630,5.253279052084653,0.15924947521067628
219,0.0226,3,20,3,13206,663238,629,125627,5.2531206437713855,0.15925031532645004
220,0.0227,5,31,5,13237,663207,634,125622,5.252875110885819,0.15925124456631284
221,0.0228,1,14,1,13251,663193,635,125621,5.252764225066532,0.15925300514443202
222,0.0229,1,23,1,13274,663170,636,125620,5.252582055506273,0.15925658286742986
223,0.023,2,74,2,13348,663096,638,125618,5.25199594474718,0.15926939296120013
224,0.0231,1,16,1,13364,663080,639,125617,5.251869218096566,0.15927155802545212
225,0.0232,1,37,1,13401,663043,640,125616,5.251576162717019,0.1592779642405653
226,0.0233,6,98,6,13499,662945,646,125610,5.250799961982005,0.15929136204830355
227,0.0234,2,28,2,13527,662917,648,125608,5.250578190343429,0.15929488602136901
228,0.0235,1,31,1,13558,662886,649,125607,5.2503326574578635,0.1593000825625592
229,0.0236,0,24,0,13582,662862,649,125607,5.250142567481942,0.15930493145577063
230,0.0237,2,22,2,13604,662840,651,125605,5.249968318337347,0.15930724400560597
231,0.0238,3,17,3,13621,662823,654,125602,5.249833671271069,0.15930748010273646
232,0.0239,1,35,1,13656,662788,655,125601,5.249556456722849,0.15931348610901472
233,0.024,4,37,4,13693,662751,659,125597,5.249263401343303,0.15931669770203008
234,0.0241,0,42,0,13735,662709,659,125597,5.248930743885439,0.15932518590496583
235,0.0242,4,25,4,13760,662684,663,125593,5.248732733493854,0.15932597297650444
236,0.0243,0,25,0,13785,662659,663,125593,5.248534723102268,0.15933102611855093
237,0.0244,5,37,5,13822,662622,668,125588,5.248241667722722,0.15933317263165908
238,0.0245,1,24,1,13846,662598,669,125587,5.2480515777468,0.1593369576939424
239,0.0246,2,20,2,13866,662578,671,125585,5.247893169433532,0.1593388677215246
240,0.0247,2,14,2,13880,662564,673,125583,5.247782283614244,0.15933956482737358
241,0.0248,2,24,2,13904,662540,675,125581,5.247592193638322,0.1593422837356193
242,0.0249,3,30,3,13934,662510,678,125578,5.24735458116842,0.15934514927267004
243,0.025,5,110,5,14044,662400,683,125573,5.246483335445444,0.15936205935990191
244,0.0251,0,23,0,14067,662377,683,125573,5.2463011658851855,0.15936671108572878
245,0.0252,2,33,2,14100,662344,685,125571,5.246039792168293,0.1593712519751496
246,0.0253,3,72,3,14172,662272,688,125568,5.245469522240527,0.1593826157595451
247,0.0254,0,20,0,14192,662252,688,125568,5.245311113927259,0.15938666192785153
248,0.0255,1,29,1,14221,662223,689,125567,5.24508142187302,0.15939146219170083
249,0.0256,2,47,2,14268,662176,691,125565,5.244709162336839,0.15939883794292795
250,0.0257,1,48,1,14316,662128,692,125564,5.244328982384996,0.1594074841435485
251,0.0258,2,50,2,14366,662078,694,125562,5.243932961601825,0.15941546899598802
252,0.0259,2,23,2,14389,662055,696,125560,5.243750792041566,0.15941798975387722
253,0.026,2,32,2,14421,662023,698,125558,5.243497338740337,0.15942233243310847
254,0.0261,2,28,2,14449,661995,700,125556,5.243275567101762,0.15942586575345596
255,0.0262,3,30,3,14479,661965,703,125553,5.243037954631859,0.15942873686696685
256,0.0263,1,23,1,14502,661942,704,125552,5.2428557850716,0.15943232583359365
257,0.0264,5,44,5,14546,661898,709,125547,5.24250728678241,0.15943589711027437
258,0.0265,2,35,2,14581,661863,711,125545,5.242230072234191,0.15944084896267247
259,0.0266,0,12,0,14593,661851,711,125545,5.2421350272462295,0.1594432788584143
260,0.0267,2,57,2,14650,661794,713,125543,5.241683563553416,0.15945268671483748
261,0.0268,4,36,4,14686,661758,717,125539,5.241398428589532,0.15945570731248818
262,0.0269,2,27,2,14713,661731,719,125537,5.24118457736662,0.15945904063165275
263,0.027,0,26,0,14739,661705,719,125537,5.2409786465593715,0.159464307036464
264,0.0271,0,24,0,14763,661681,719,125537,5.24078855658345,0.1594691686419772
265,0.0272,4,52,4,14815,661629,723,125533,5.240376694968952,0.15947543199493877
266,0.0273,2,29,2,14844,661600,725,125531,5.240147002914713,0.15947917182781518
267,0.0274,2,8,2,14852,661592,727,125529,5.240083639589406,0.15947865702985944
268,0.0275,2,57,2,14909,661535,729,125527,5.239632175896591,0.15948807082542418
269,0.0276,0,8,0,14917,661527,729,125527,5.239568812571283,0.15948969193981608
270,0.0277,1,29,1,14946,661498,730,125526,5.2393391205170445,0.15949450080302507
271,0.0278,3,38,3,14984,661460,733,125523,5.239038144721835,0.1594989980723853
272,0.0279,4,31,4,15015,661429,737,125519,5.238792611836269,0.159501008961202
273,0.028,3,56,3,15071,661373,740,125516,5.238349068559118,0.1595091556750698
274,0.0281,3,33,3,15104,661340,743,125513,5.238087694842226,0.15951264086176198
275,0.0282,2,42,2,15146,661298,745,125511,5.237755037384362,0.15951901922830064
276,0.0283,2,81,2,15227,661217,747,125509,5.237113483715626,0.15953330638621324
277,0.0284,0,14,0,15241,661203,747,125509,5.237002597896337,0.1595361453746733
278,0.0285,1,36,1,15277,661167,748,125508,5.236717462932455,0.15954237772904947
279,0.0286,2,20,2,15297,661147,750,125506,5.236559054619186,0.15954429716787452
280,0.0287,5,51,5,15348,661096,755,125501,5.236155113420352,0.15954929906928197
281,0.0288,1,30,1,15378,661066,756,125500,5.23591750095045,0.15955431584889251
282,0.0289,4,43,4,15421,661023,760,125496,5.235576923076923,0.15955876463251364
283,0.029,3,29,3,15450,660994,763,125493,5.2353472310226845,0.1595614422107422
284,0.0291,1,32,1,15482,660962,764,125492,5.235093777721455,0.15956686595783098
285,0.0292,5,48,5,15530,660914,769,125487,5.234713597769611,0.15957126198974822
286,0.0293,1,23,1,15553,660891,770,125486,5.234531428209352,0.15957486040410643
287,0.0294,2,16,2,15569,660875,772,125484,5.234404701558738,0.15957596975427255
288,0.0295,0,19,0,15588,660856,772,125484,5.234254213661133,0.1595798255207671
289,0.0296,5,65,5,15653,660791,777,125479,5.233739386643011,0.15958767344550853
290,0.0297,1,13,1,15666,660778,778,125478,5.233636421239386,0.1595892431981441
291,0.0298,3,21,3,15687,660757,781,125475,5.233470092510455,0.15959029904659183
292,0.0299,1,28,1,15715,660729,782,125474,5.233248320871879,0.15959491378180954
293,0.03,9,188,9,15903,660541,791,125465,5.2317592827271575,0.15962346343412137
294,0.0301,2,17,2,15920,660524,793,125463,5.2316246356608795,0.15962477750904278
295,0.0302,1,39,1,15959,660485,794,125462,5.2313157394500065,0.15963162910476153
296,0.0303,3,48,3,16007,660437,797,125459,5.230935559498162,0.15963817095391758
297,0.0304,1,18,1,16025,660419,798,125458,5.230792992016221,0.15964075803210934
298,0.0305,4,35,4,16060,660384,802,125454,5.230515777468002,0.15964359066372458
299,0.0306,3,35,3,16095,660349,805,125451,5.230238562919782,0.15964749300076356
300,0.0307,2,31,2,16126,660318,807,125449,5.229993030034216,0.1596516524618621
301,0.0308,1,45,1,16171,660273,808,125448,5.229636611329362,0.15965972654415497
302,0.0309,1,30,1,16201,660243,809,125447,5.22939899885946,0.1596647532741921
303,0.031,2,55,2,16256,660188,811,125445,5.228963375997973,0.15967379170681475
304,0.0311,2,33,2,16289,660155,813,125443,5.2287020022810795,0.15967835966995841
305,0.0312,1,33,1,16322,660122,814,125442,5.228440628564187,0.15968399773920394
306,0.0313,1,8,1,16330,660114,815,125441,5.22837726523888,0.15968455423235803
307,0.0314,2,34,2,16364,660080,817,125439,5.228107971106324,0.15968932641985745
308,0.0315,5,57,5,16421,660023,822,125434,5.227656507413509,0.1596955657661718
309,0.0316,0,10,0,16431,660013,822,125434,5.227577303256875,0.15969759894684174
310,0.0317,3,32,3,16463,659981,825,125431,5.227323849955646,0.15970089583556146
311,0.0318,1,20,1,16483,659961,826,125430,5.227165441642377,0.15970389271076443
312,0.0319,1,10,1,16493,659951,827,125429,5.227086237485743,0.15970485624793093
313,0.032,1,46,1,16539,659905,828,125428,5.226721898365226,0.15971314079505128
314,0.0321,0,44,0,16583,659861,828,125428,5.226373400076036,0.15972208957466613
315,0.0322,4,42,4,16625,659819,832,125424,5.2260407426181725,0.15972635222472534
316,0.0323,6,32,6,16657,659787,838,125418,5.225787289316943,0.15972644086576118
317,0.0324,3,46,3,16703,659741,841,125415,5.225422950196426,0.15973258817356042
318,0.0325,2,73,2,16776,659668,843,125413,5.2248447598529975,0.15974530016647964
319,0.0326,0,20,0,16796,659648,843,125413,5.224686351539729,0.15974936979419432
320,0.0327,1,21,1,16817,659627,844,125412,5.224520022810797,0.15975257280211555
321,0.0328,3,29,3,16846,659598,847,125409,5.224290330756558,0.15975526332886203
322,0.0329,2,24,2,16870,659574,849,125407,5.224100240780636,0.15975800688169522
323,0.033,2,38,2,16908,659536,851,125405,5.223799264985426,0.1597636000667566
324,0.0331,3,15,3,16923,659521,854,125402,5.223680458750475,0.15976344176435142
325,0.0332,0,20,0,16943,659501,854,125402,5.223522050437207,0.15976751267354056
326,0.0333,9,69,9,17012,659432,863,125393,5.222975541756432,0.1597719236772529
327,0.0334,0,16,0,17028,659416,863,125393,5.2228488151058166,0.1597751809675985
328,0.0335,1,39,1,17067,659377,864,125392,5.2225399188949435,0.15978205051422775
329,0.0336,0,34,0,17101,659343,864,125392,5.222270624762388,0.15978897334769063
330,0.0337,3,40,3,17141,659303,867,125389,5.221953808135851,0.15979390639894378
331,0.0338,2,18,2,17159,659285,869,125387,5.22181124065391,0.15979543044737163
332,0.0339,3,57,3,17216,659228,872,125384,5.221359776961095,0.1598038266047422
333,0.034,6,39,6,17255,659189,878,125378,5.221050880750222,0.1598053448590114
334,0.0341,5,30,5,17285,659159,883,125373,5.220813268280319,0.15980610096210224
335,0.0342,6,32,6,17317,659127,889,125367,5.22055981497909,0.15980619354641334
336,0.0343,0,22,0,17339,659105,889,125367,5.220385565834495,0.1598106752057435
337,0.0344,0,10,0,17349,659095,889,125367,5.220306361677861,0.15981271240671951
338,0.0345,3,41,3,17390,659054,892,125364,5.219981624635661,0.15981785221654782
339,0.0346,9,30,9,17420,659024,901,125355,5.219744012165759,0.1598143244528474
340,0.0347,0,28,0,17448,658996,901,125355,5.219522240527183,0.1598200295530955
341,0.0348,0,16,0,17464,658980,901,125355,5.219395513876568,0.15982328979326435
342,0.0349,3,52,3,17516,658928,904,125352,5.218983652262071,0.15983067271892692
343,0.035,7,107,7,17623,658821,911,125345,5.218136167786086,0.15984498180232246
344,0.0351,0,44,0,17667,658777,911,125345,5.217787669496895,0.1598539512983949
345,0.0352,0,26,0,17693,658751,911,125345,5.217581738689646,0.1598592519283353
346,0.0353,2,71,2,17764,658680,913,125343,5.217019389177544,0.1598715853999181
347,0.0354,3,24,3,17788,658656,916,125340,5.216829299201622,0.15987326465951357
348,0.0355,1,16,1,17804,658640,917,125339,5.216702572551007,0.15987545584766938
349,0.0356,7,25,7,17829,658615,924,125332,5.216504562159422,0.15987305264258936
350,0.0357,5,22,5,17851,658593,929,125327,5.216330313014827,0.15987218083477905
351,0.0358,3,51,3,17902,658542,932,125324,5.215926371815993,0.15987936713673
352,0.0359,0,28,0,17930,658514,932,125324,5.215704600177418,0.15988507829423937
353,0.036,3,39,3,17969,658475,935,125321,5.215395703966544,0.1598898182690394
354,0.0361,1,36,1,18005,658439,936,125320,5.215110569002661,0.15989609050741363
355,0.0362,2,32,2,18037,658407,938,125318,5.214857115701432,0.15990047529426776
356,0.0363,1,29,1,18066,658378,939,125317,5.214627423647193,0.1599053203095592
357,0.0364,2,11,2,18077,658367,941,125315,5.214540299074895,0.15990542082120043
358,0.0365,0,11,0,18088,658356,941,125315,5.214453174502598,0.15990766533404963
359,0.0366,0,34,0,18122,658322,941,125315,5.214183880370042,0.1599146033176075
360,0.0367,2,65,2,18187,658257,943,125313,5.21366905335192,0.1599257245683219
361,0.0368,2,15,2,18202,658242,945,125311,5.213550247116968,0.15992664184809452
362,0.0369,2,35,2,18237,658207,947,125309,5.2132730325687495,0.1599316414725417
363,0.037,1,16,1,18253,658191,948,125308,5.213146305918134,0.15993383526973232
364,0.0371,2,38,2,18291,658153,950,125306,5.212845330122925,0.15993944801195722
365,0.0372,0,28,0,18319,658125,950,125306,5.212623558484349,0.15994516428377228
366,0.0373,1,49,1,18368,658076,951,125305,5.212235458116842,0.15995409641030353
367,0.0374,2,29,2,18397,658047,953,125303,5.212005766062603,0.15995787323673966
368,0.0375,5,43,5,18440,658004,958,125298,5.211665188189076,0.15996129206870402
369,0.0376,2,11,2,18451,657993,960,125296,5.211578063616779,0.1599613935597206
370,0.0377,3,28,3,18479,657965,963,125293,5.211356291978203,0.1599638944000572
371,0.0378,5,34,5,18513,657931,968,125288,5.211086997845647,0.1599654758120015
372,0.0379,1,21,1,18534,657910,969,125287,5.210920669116716,0.15996869242348988
373,0.038,2,58,2,18592,657852,971,125285,5.210461285008237,0.15997839458485552
374,0.0381,2,27,2,18619,657825,973,125283,5.210247433785325,0.1599817649672842
375,0.0382,3,28,3,18647,657797,976,125280,5.21002566214675,0.1599842671921152
376,0.0383,0,66,0,18713,657731,976,125280,5.209502914712965,0.15999775226657098
377,0.0384,0,28,0,18741,657703,976,125280,5.209281143074389,0.16000347389406921
378,0.0385,1,36,1,18777,657667,977,125279,5.208996008110506,0.1600097580165171
379,0.0386,0,20,0,18797,657647,977,125279,5.208837599797238,0.16001384549753106
380,0.0387,1,30,1,18827,657617,978,125278,5.208599987327335,0.16001890419532633
381,0.0388,2,33,2,18860,657584,980,125276,5.208338613610442,0.1600235035638556
382,0.0389,0,21,0,18881,657563,980,125276,5.208172284881511,0.16002779626462146
383,0.039,0,16,0,18897,657547,980,125276,5.2080455582308955,0.16003106704836215
384,0.0391,1,49,1,18946,657498,981,125275,5.207657457863388,0.16004001159978692
385,0.0392,2,29,2,18975,657469,983,125273,5.2074277658091495,0.16004379476251435
386,0.0393,2,48,2,19023,657421,985,125271,5.207047585857306,0.1600514634108947
387,0.0394,1,26,1,19049,657395,986,125270,5.206841655050057,0.1600557071032945
388,0.0395,0,35,0,19084,657360,986,125270,5.206564440501838,0.1600628649553429
389,0.0396,0,8,0,19092,657352,986,125270,5.20650107717653,0.16006450112570308
390,0.0397,0,29,0,19121,657323,986,125270,5.2062713851222915,0.1600704325236745
391,0.0398,1,35,1,19156,657288,987,125269,5.205994170574072,0.16007651838779796
392,0.0399,0,29,0,19185,657259,987,125269,5.205764478519833,0.16008245072380797
393,0.04,8,96,8,19281,657163,995,125261,5.205004118616145,0.1600935042892345
394,0.0401,2,40,2,19321,657123,997,125259,5.204687301989608,0.16009954216738115
395,0.0402,1,42,1,19363,657081,998,125258,5.204354644531745,0.16010706356195972
396,0.0403,3,28,3,19391,657053,1001,125255,5.20413287289317,0.16010957321157396
397,0.0404,1,64,1,19455,656989,1002,125254,5.203625966290711,0.1601215990427527
398,0.0405,2,38,2,19493,656951,1004,125252,5.203324990495501,0.16012723039926977
399,0.0406,3,45,3,19538,656906,1007,125249,5.202968571790648,0.16013322167601052
400,0.0407,2,29,2,19567,656877,1009,125247,5.202738879736408,0.1601370115224696
401,0.0408,1,24,1,19591,656853,1010,125246,5.2025487897604865,0.16014085173360407
402,0.0409,3,51,3,19642,656802,1013,125243,5.202144848561653,0.16014807332058897
403,0.041,0,16,0,19658,656786,1013,125243,5.2020181219110375,0.16015134988600166
404,0.0411,1,23,1,19681,656763,1014,125242,5.20183595235078,0.16015498622131571
405,0.0412,0,16,0,19697,656747,1014,125242,5.2017092257001645,0.16015826309577244
406,0.0413,1,33,1,19730,656714,1015,125241,5.201447851983272,0.16016394805327672
407,0.0414,5,33,5,19763,656681,1020,125236,5.201186478266379,0.16016533724167656
408,0.0415,2,38,2,19801,656643,1022,125234,5.20088550247117,0.16017097318376164
409,0.0416,3,25,3,19826,656618,1025,125231,5.2006874920795845,0.16017287225538435
410,0.0417,3,82,3,19908,656536,1028,125228,5.200038017995184,0.16018645013073
411,0.0418,5,43,5,19951,656493,1033,125223,5.199697440121658,0.1601898899344519
412,0.0419,2,24,2,19975,656469,1035,125221,5.199507350145736,0.16019265949417288
413,0.042,1,58,1,20033,656411,1036,125220,5.1990479660372575,0.1602034719707893
414,0.0421,6,55,6,20088,656356,1042,125214,5.19861234317577,0.1602082986808603
415,0.0422,1,13,1,20101,656343,1043,125213,5.198509377772146,0.16020988899068014
416,0.0423,2,27,2,20128,656316,1045,125211,5.198295526549233,0.16021327478129355
417,0.0424,2,26,2,20154,656290,1047,125209,5.198089595741984,0.16021645581120386
418,0.0425,8,67,8,20221,656223,1055,125201,5.197558927892536,0.16022159544626222
419,0.0426,2,50,2,20271,656173,1057,125199,5.197162907109365,0.16022969853027752
420,0.0427,1,22,1,20293,656151,1058,125198,5.19698865796477,0.16023313525710023
421,0.0428,5,44,5,20337,656107,1063,125193,5.19664015967558,0.16023678484576986
422,0.0429,1,25,1,20362,656082,1064,125192,5.196442149283994,0.16024083740147502
423,0.043,1,7,1,20369,656075,1065,125191,5.1963867063743505,0.16024119826025962
424,0.0431,0,27,0,20396,656048,1065,125191,5.196172855151438,0.16024673627404673
425,0.0432,3,32,3,20428,656016,1068,125188,5.195919401850209,0.16025007552444687
426,0.0433,3,40,3,20468,655976,1071,125185,5.195602585223672,0.1602550562560087
427,0.0434,2,32,2,20500,655944,1073,125183,5.195349131922443,0.16025947125115378
428,0.0435,2,15,2,20515,655929,1075,125181,5.195230325687492,0.1602603986634405
429,0.0436,0,9,0,20524,655920,1075,125181,5.195159041946521,0.1602622452154075
430,0.0437,1,40,1,20564,655880,1076,125180,5.194842225319984,0.16026937751261106
431,0.0438,2,9,2,20573,655871,1078,125178,5.194770941579014,0.16026907402736576
432,0.0439,2,14,2,20587,655857,1080,125176,5.1946600557597264,0.1602697965386866
433,0.044,2,12,2,20599,655845,1082,125174,5.194565010771766,0.16027010866573027
434,0.0441,0,20,0,20619,655825,1082,125174,5.194406602458497,0.16027421289912022
435,0.0442,1,31,1,20650,655794,1083,125173,5.194161069572931,0.16027949964595176
436,0.0443,0,27,0,20677,655767,1083,125173,5.193947218350019,0.1602850411043102
437,0.0444,0,41,0,20718,655726,1083,125173,5.193622481307819,0.1602934566442011
438,0.0445,0,40,0,20758,655686,1083,125173,5.193305664681282,0.16030166777868987
439,0.0446,0,12,0,20770,655674,1083,125173,5.193210619693321,0.16030413128308107
440,0.0447,1,35,1,20805,655639,1084,125172,5.192933405145102,0.16031024153092105
441,0.0448,2,42,2,20847,655597,1086,125170,5.192600747687239,0.16031671420539034
442,0.0449,0,30,0,20877,655567,1086,125170,5.192363135217336,0.16032287441225407
443,0.045,2,75,2,20952,655492,1088,125168,5.19176910404258,0.16033612584223605
444,0.0451,2,45,2,20997,655447,1090,125166,5.191412685337727,0.1603432174457766
445,0.0452,3,49,3,21046,655398,1093,125163,5.1910245849702195,0.16035005592131812
446,0.0453,0,11,0,21057,655387,1093,125163,5.1909374603979215,0.16035231567484465
447,0.0454,1,41,1,21098,655346,1094,125162,5.190612723355722,0.16035966319371486
448,0.0455,0,28,0,21126,655318,1094,125162,5.190390951717146,0.16036541615416156
449,0.0456,0,29,0,21155,655289,1094,125162,5.190161259662907,0.16037137501265294
450,0.0457,2,48,2,21203,655241,1096,125160,5.1897810797110635,0.16037908716160026
451,0.0458,2,47,2,21250,655194,1098,125158,5.189408820174883,0.16038659476748954
452,0.0459,0,10,0,21260,655184,1098,125158,5.189329616018249,0.1603886501046977
453,0.046,2,54,2,21314,655130,1100,125156,5.188901913572424,0.16039759780388216
454,0.0461,1,24,1,21338,655106,1101,125155,5.188711823596503,0.16040145541043319
455,0.0462,1,17,1,21355,655089,1102,125154,5.188577176530225,0.16040387417766003
456,0.0463,2,24,2,21379,655065,1104,125152,5.188387086554302,0.16040665609695764
457,0.0464,1,41,1,21420,655024,1105,125151,5.188062349512102,0.16041400967731598
458,0.0465,0,33,0,21453,654991,1105,125151,5.18780097579521,0.16042079518856822
459,0.0466,1,25,1,21478,654966,1106,125150,5.187602965403625,0.16042485989263136
460,0.0467,0,25,0,21503,654941,1106,125150,5.187404955012039,0.1604300011152545
461,0.0468,0,30,0,21533,654911,1106,125150,5.1871673425421365,0.1604361710173948
462,0.0469,3,34,3,21567,654877,1109,125147,5.186898048409581,0.16043993518148159
463,0.047,4,32,4,21599,654845,1113,125143,5.186644595108351,0.1604422119314656
464,0.0471,2,26,2,21625,654819,1115,125141,5.186438664301103,0.16044540745679264
465,0.0472,5,47,5,21672,654772,1120,125136,5.186066404764922,0.16044969406647963
466,0.0473,1,14,1,21686,654758,1121,125135,5.185955518945634,0.16045149783367718
467,0.0474,0,26,0,21712,654732,1121,125135,5.1857495881383855,0.16045684712906175
468,0.0475,4,34,4,21746,654698,1125,125131,5.1854802940058295,0.1604595366420074
469,0.0476,3,11,3,21757,654687,1128,125128,5.185393169433532,0.1604585703019306
470,0.0477,3,35,3,21792,654652,1131,125125,5.185115954885313,0.1604625424961239
471,0.0478,1,21,1,21813,654631,1132,125124,5.1849496261563806,0.1604657873306359
472,0.0479,2,10,2,21823,654621,1134,125122,5.184870421999746,0.16046569190104945
473,0.048,4,34,4,21857,654587,1138,125118,5.18460112786719,0.16046838227278265
474,0.0481,1,38,1,21895,654549,1139,125117,5.184300152071981,0.16047512652853915
475,0.0482,1,12,1,21907,654537,1140,125116,5.184205107084019,0.16047651968247412
476,0.0483,3,42,3,21949,654495,1143,125113,5.183872449626157,0.16048193451067716
477,0.0484,0,16,0,21965,654479,1143,125113,5.183745722975542,0.16048522817063285
478,0.0485,0,14,0,21979,654465,1143,125113,5.183634837156254,0.1604881102339984
479,0.0486,3,30,3,22009,654435,1146,125110,5.183397224686352,0.16049105567991584
480,0.0487,1,19,1,22028,654416,1147,125109,5.183246736788747,0.16049389051024662
481,0.0488,2,26,2,22054,654390,1149,125107,5.183040805981498,0.16049708978995428
482,0.0489,2,19,2,22073,654371,1151,125105,5.182890318083893,0.1604988479440034
483,0.049,1,21,1,22094,654350,1152,125104,5.182723989354962,0.160502095056283
484,0.0491,3,23,3,22117,654327,1155,125101,5.182541819794703,0.16050360007595313
485,0.0492,1,27,1,22144,654300,1156,125100,5.182327968571791,0.1605080831408776
486,0.0493,3,45,3,22189,654255,1159,125097,5.181971549866937,0.1605141194222893
487,0.0494,2,19,2,22208,654236,1161,125095,5.181821061969332,0.160515878362339
488,0.0495,1,16,1,22224,654220,1162,125094,5.181694335318718,0.16051809668503325
489,0.0496,2,36,2,22260,654184,1164,125092,5.181409200354834,0.16052335757805963
490,0.0497,1,50,1,22310,654134,1165,125091,5.181013179571664,0.16053258044852256
491,0.0498,0,29,0,22339,654105,1165,125091,5.180783487517425,0.160538555126053
492,0.0499,2,18,2,22357,654087,1167,125089,5.180640920035484,0.16054010903826607
493,0.05,3,84,3,22441,654003,1170,125086,5.179975605119757,0.16055418572204203
494,0.0501,3,38,3,22479,653965,1173,125083,5.179674629324547,0.16055878456783151
495,0.0502,1,23,1,22502,653942,1174,125082,5.179492459764289,0.16056244737004252
496,0.0503,3,41,3,22543,653901,1177,125079,5.179167722722088,0.16056766540861125
497,0.0504,3,28,3,22571,653873,1180,125076,5.178945951083513,0.16057020421105875
498,0.0505,1,27,1,22598,653846,1181,125075,5.178732099860601,0.16057469242708824
499,0.0506,3,43,3,22641,653803,1184,125072,5.1783915219870735,0.16058032418552398
500,0.0507,6,59,6,22700,653744,1190,125066,5.177924217462932,0.16058602226473723
501,0.0508,0,47,0,22747,653697,1190,125066,5.177551957926752,0.16059571397203
502,0.0509,0,17,0,22764,653680,1190,125066,5.1774173108604735,0.1605992197712733
503,0.051,1,26,1,22790,653654,1191,125065,5.177211380053225,0.16060350395970818
504,0.0511,0,47,0,22837,653607,1191,125065,5.1768391205170445,0.1606131978548092
505,0.0512,1,22,1,22859,653585,1192,125064,5.1766648713724495,0.16061665782656884
506,0.0513,1,28,1,22887,653557,1193,125063,5.176443099733874,0.16062135573193598
507,0.0514,2,34,2,22921,653523,1195,125061,5.176173805601318,0.16062621374186986
508,0.0515,0,19,0,22940,653504,1195,125061,5.176023317703713,0.1606301336433053
509,0.0516,0,22,0,22962,653482,1195,125061,5.175849068559118,0.16063467271557255
510,0.0517,7,70,7,23032,653412,1202,125054,5.175294639462679,0.1606415694455506
511,0.0518,5,36,5,23068,653376,1207,125049,5.175009504498796,0.16064360728393873
512,0.0519,2,21,2,23089,653355,1209,125047,5.1748431757698645,0.16064578456889886
513,0.052,1,36,1,23125,653319,1210,125046,5.174558040805982,0.1606521362085911
514,0.0521,1,44,1,23169,653275,1211,125045,5.174209542516791,0.1606601397882619
515,0.0522,4,50,4,23219,653225,1215,125041,5.173813521733621,0.16066614756394343
516,0.0523,2,52,2,23271,653173,1217,125039,5.173401660119123,0.16067472616716266
517,0.0524,0,11,0,23282,653162,1217,125039,5.173314535546825,0.16067699733102372
518,0.0525,2,31,2,23313,653131,1219,125037,5.17306900266126,0.16068124106876663
519,0.0526,3,15,3,23328,653116,1222,125034,5.172950196426308,0.160681102615177
520,0.0527,0,19,0,23347,653097,1222,125034,5.172799708528704,0.16068502604317267
521,0.0528,3,28,3,23375,653069,1225,125031,5.172577936890128,0.16068757229147926
522,0.0529,4,28,4,23403,653041,1229,125027,5.172356165251553,0.16068904003249074
523,0.053,1,57,1,23460,652984,1230,125026,5.171904701558738,0.1606997339365818
524,0.0531,2,30,2,23490,652954,1232,125024,5.171667089088835,0.16070377311440684
525,0.0532,0,25,0,23515,652929,1232,125024,5.17146907869725,0.16070893742938197
526,0.0533,4,70,4,23585,652859,1236,125020,5.170914649600811,0.16071908355926823
527,0.0534,1,29,1,23614,652830,1237,125019,5.170684957546572,0.1607239965597436
528,0.0535,10,65,10,23679,652765,1247,125009,5.17017013052845,0.16072663781509797
529,0.0536,1,19,1,23698,652746,1248,125008,5.170019642630845,0.16072948515854626
530,0.0537,4,36,4,23734,652710,1252,125004,5.169734507666963,0.16073260864533748
531,0.0538,2,35,2,23769,652675,1254,125002,5.169457293118743,0.16073768415421827
532,0.0539,3,26,3,23795,652649,1257,124999,5.169251362311494,0.16073982058720654
533,0.054,1,44,1,23839,652605,1258,124998,5.168902864022304,0.1607478366210007
534,0.0541,0,29,0,23868,652576,1258,124998,5.168673171968065,0.16075383178964317
535,0.0542,4,70,4,23938,652506,1262,124994,5.168118742871626,0.16076398713826368
536,0.0543,0,41,0,23979,652465,1262,124994,5.167794005829426,0.16077246517179683
537,0.0544,0,25,0,24004,652440,1262,124994,5.167595995437841,0.16077763514330476
538,0.0545,4,45,4,24049,652395,1266,124990,5.167239576732987,0.16078262379644578
539,0.0546,1,29,1,24078,652366,1267,124989,5.167009884678748,0.1607875423712461
540,0.0547,2,23,2,24101,652343,1269,124987,5.166827715118489,0.16079014060952235
541,0.0548,5,31,5,24132,652312,1274,124982,5.166582182232924,0.1607911549555252
542,0.0549,3,25,3,24157,652287,1277,124979,5.166384171841338,0.16079308756590407
543,0.055,1,69,1,24226,652218,1278,124978,5.165837663160563,0.1608062830997586
544,0.0551,0,26,0,24252,652192,1278,124978,5.165631732353314,0.1608116628279527
545,0.0552,1,36,1,24288,652156,1279,124977,5.165346597389431,0.16081803243460258
546,0.0553,0,27,0,24315,652129,1279,124977,5.165132746166519,0.16082361994373998
547,0.0554,0,52,0,24367,652077,1279,124977,5.164720884552021,0.16083438216649035
548,0.0555,0,42,0,24409,652035,1279,124977,5.1643882270941575,0.1608430757826134
549,0.0556,0,7,0,24416,652028,1279,124977,5.164332784184514,0.16084452481000766
550,0.0557,0,17,0,24433,652011,1279,124977,5.164198137118236,0.1608480439852353
551,0.0558,0,23,0,24456,651988,1279,124977,5.164015967557978,0.16085280546742775
552,0.0559,0,13,0,24469,651975,1279,124977,5.163913002154353,0.16085549686467118
553,0.056,2,40,2,24509,651935,1281,124975,5.163596185527816,0.16086161846288502
554,0.0561,2,24,2,24533,651911,1283,124973,5.163406095551895,0.16086442763655837
555,0.0562,2,28,2,24561,651883,1285,124971,5.163184323913319,0.16086806529927117
556,0.0563,5,29,5,24590,651854,1290,124966,5.16295463185908,0.1608686697046935
557,0.0564,1,22,1,24612,651832,1291,124965,5.162780382714485,0.1608721454897483
558,0.0565,2,33,2,24645,651799,1293,124963,5.1625190089975925,0.16087681941186618
559,0.0566,2,24,2,24669,651775,1295,124961,5.16232891902167,0.16087962962962962
560,0.0567,1,60,1,24729,651715,1296,124960,5.161853694081866,0.1608909775646184
561,0.0568,0,13,0,24742,651702,1296,124960,5.161750728678241,0.16089367060574614
562,0.0569,1,27,1,24769,651675,1297,124959,5.161536877455329,0.16089818370043033
563,0.057,1,19,1,24788,651656,1298,124958,5.161386389557724,0.16090103964131472
564,0.0571,1,31,1,24819,651625,1299,124957,5.161140856672158,0.16090638206911825
565,0.0572,4,37,4,24856,651588,1303,124953,5.160847801292612,0.16090972659524738
566,0.0573,4,38,4,24894,651550,1307,124949,5.160546825497402,0.1609132787035141
567,0.0574,2,48,2,24942,651502,1309,124947,5.160166645545559,0.16092106500233758
568,0.0575,5,30,5,24972,651472,1314,124942,5.159929033075656,0.16092187930665855
569,0.0576,0,33,0,25005,651439,1314,124942,5.159667659358763,0.16092871927571642
570,0.0577,1,16,1,25021,651423,1315,124941,5.159540932708149,0.16093095506746835
571,0.0578,3,31,3,25052,651392,1318,124938,5.159295399822582,0.1609341388327129
572,0.0579,1,15,1,25067,651377,1319,124937,5.159176593587632,0.16093616758167442
573,0.058,2,39,2,25106,651338,1321,124935,5.158867697376758,0.1609420912488261
574,0.0581,1,15,1,25121,651323,1322,124934,5.158748891141807,0.16094412031067032
575,0.0582,4,42,4,25163,651281,1326,124930,5.158416233683944,0.16094850498124866
576,0.0583,1,55,1,25218,651226,1327,124929,5.157980610822456,0.16095882909985762
577,0.0584,2,15,2,25233,651211,1329,124927,5.157861804587505,0.1609597777714788
578,0.0585,2,26,2,25259,651185,1331,124925,5.157655873780256,0.1609630078210563
579,0.0586,3,47,3,25306,651138,1334,124922,5.157283614244076,0.1609695126665464
580,0.0587,0,28,0,25334,651110,1334,124922,5.1570618426055,0.16097532060533587
581,0.0588,1,24,1,25358,651086,1335,124921,5.156871752629578,0.16097921797097192
582,0.0589,1,33,1,25391,651053,1336,124920,5.156610378912685,0.1609849827249144
583,0.059,0,28,0,25419,651025,1336,124920,5.15638860727411,0.16099079187313534
584,0.0591,2,34,2,25453,650991,1338,124918,5.156119313141554,0.16099568377219495
585,0.0592,0,23,0,25476,650968,1338,124918,5.155937143581295,0.16100045625259382
586,0.0593,5,50,5,25526,650918,1343,124913,5.155541122798124,0.16100542515058047
587,0.0594,0,10,0,25536,650908,1343,124913,5.155461918641491,0.1610075004414678
588,0.0595,1,30,1,25566,650878,1344,124912,5.155224306171588,0.1610126451745962
589,0.0596,2,28,2,25594,650850,1346,124910,5.155002534533012,0.16101629369908219
590,0.0597,3,20,3,25614,650830,1349,124907,5.154844126219744,0.1610172004171517
591,0.0598,0,18,0,25632,650812,1349,124907,5.154701558737803,0.16102093670517287
592,0.0599,0,12,0,25644,650800,1349,124907,5.154606513749842,0.16102342766018612
593,0.06,1,53,1,25697,650747,1350,124906,5.154186731719681,0.16103334867524524
594,0.0601,0,35,0,25732,650712,1350,124906,5.153909517171461,0.16104061535446573
595,0.0602,1,30,1,25762,650682,1351,124905,5.153671904701559,0.1610457627577564
596,0.0603,0,9,0,25771,650673,1351,124905,5.153600620960588,0.16104763157283986
597,0.0604,2,34,2,25805,650639,1353,124903,5.153331326828032,0.16105252842528192
598,0.0605,1,20,1,25825,650619,1354,124902,5.1531729185147634,0.16105560004177838
599,0.0606,6,37,6,25862,650582,1360,124896,5.152879863135217,0.16105679335841894
600,0.0607,5,51,5,25913,650531,1365,124891,5.152475921936383,0.16106197657533575
601,0.0608,9,86,9,25999,650445,1374,124882,5.1517947661893295,0.1610701033241458
602,0.0609,3,21,3,26020,650424,1377,124879,5.151628437460398,0.16107121989725307
603,0.061,0,12,0,26032,650412,1377,124879,5.151533392472437,0.16107371296713105
604,0.0611,2,44,2,26076,650368,1379,124877,5.151184894183246,0.16108069062038452
605,0.0612,2,35,2,26111,650333,1381,124875,5.1509076796350275,0.161085798908164
606,0.0613,6,54,6,26165,650279,1387,124869,5.150479977189203,0.16109052722834866
607,0.0614,0,44,0,26209,650235,1387,124869,5.150131478900013,0.1610996717859797
608,0.0615,4,35,4,26244,650200,1391,124865,5.149854264351793,0.16110261719984775
609,0.0616,1,47,1,26291,650153,1392,124864,5.149482004815613,0.16111130465525272
610,0.0617,5,34,5,26325,650119,1397,124859,5.149212710683057,0.16111296062597907
611,0.0618,1,32,1,26357,650087,1398,124858,5.1489592573818275,0.16111853099252205
612,0.0619,0,24,0,26381,650063,1398,124858,5.148769167405906,0.16112352097826746
613,0.062,2,36,2,26417,650027,1400,124856,5.148484032442022,0.16112884138637704
614,0.0621,2,31,2,26448,649996,1402,124854,5.148238499556457,0.16113312253984644
615,0.0622,2,25,2,26473,649971,1404,124852,5.148040489164871,0.1611361562576227
616,0.0623,1,33,1,26506,649938,1405,124851,5.147779115447979,0.1611419367079295
617,0.0624,0,21,0,26527,649917,1405,124851,5.147612786719047,0.16114630444210395
618,0.0625,0,39,0,26566,649878,1405,124851,5.147303890508174,0.16115441657663518
619,0.0626,3,32,3,26598,649846,1408,124848,5.1470504372069446,0.16115782489602345
620,0.0627,3,44,3,26642,649802,1411,124845,5.146701938917754,0.16116373006027263
621,0.0628,0,23,0,26665,649779,1411,124845,5.1465197693574956,0.16116851530549015
622,0.0629,1,40,1,26705,649739,1412,124844,5.14620295273096,0.16117575521280483
623,0.063,5,45,5,26750,649694,1417,124839,5.145846534026106,0.16117970441543486
624,0.0631,4,22,4,26772,649672,1421,124835,5.145672284881511,0.16117995060083382
625,0.0632,4,26,4,26798,649646,1425,124831,5.145466354074262,0.161181029262328
626,0.0633,5,55,5,26853,649591,1430,124826,5.145030731212774,0.16118706071793362
627,0.0634,1,48,1,26901,649543,1431,124825,5.14465055126093,0.1611959688416877
628,0.0635,1,53,1,26954,649490,1432,124824,5.144230769230769,0.1612059190457618
629,0.0636,1,13,1,26967,649477,1433,124823,5.1441278038271445,0.1612075422962676
630,0.0637,6,44,6,27011,649433,1439,124817,5.143779305537954,0.1612102034226671
631,0.0638,4,44,4,27055,649389,1443,124813,5.143430807248764,0.16121503173590354
632,0.0639,1,6,1,27061,649383,1444,124812,5.143383284754784,0.16121519772150428
633,0.064,2,48,2,27109,649335,1446,124810,5.14300310480294,0.1612230266939656
634,0.0641,0,24,0,27133,649311,1446,124810,5.142813014827018,0.16122802507618317
635,0.0642,1,31,1,27164,649280,1447,124809,5.142567481941453,0.16123339822681887
636,0.0643,3,31,3,27195,649249,1450,124806,5.142321949055886,0.16123660463403763
637,0.0644,0,17,0,27212,649232,1450,124806,5.142187301989608,0.16124014583263355
638,0.0645,0,13,0,27225,649219,1450,124806,5.142084336585984,0.16124285391298732
639,0.0646,0,22,0,27247,649197,1450,124806,5.1419100874413886,0.1612474370254379
640,0.0647,2,18,2,27265,649179,1452,124804,5.141767519959448,0.16124901968131083
641,0.0648,1,21,1,27286,649158,1453,124803,5.1416011912305155,0.16125231116296557
642,0.0649,1,24,1,27310,649134,1454,124802,5.141411101254594,0.1612562279051498
643,0.065,5,74,5,27384,649060,1459,124797,5.140824990495501,0.16126622877353308
644,0.0651,2,29,2,27413,649031,1461,124795,5.140595298441262,0.1612701046488487
645,0.0652,2,26,2,27439,649005,1463,124793,5.140389367634014,0.16127335557858768
646,0.0653,0,24,0,27463,648981,1463,124793,5.140199277658091,0.16127835776337793
647,0.0654,2,34,2,27497,648947,1465,124791,5.139929983525535,0.16128327676810497
648,0.0655,5,20,5,27517,648927,1470,124786,5.139771575212267,0.1612820257640753
649,0.0656,3,44,3,27561,648883,1473,124783,5.139423076923077,0.16128794596117704
650,0.0657,1,29,1,27590,648854,1474,124782,5.139193384868838,0.16129290777574984
651,0.0658,3,43,3,27633,648811,1477,124779,5.138852806995311,0.16129862071640017
652,0.0659,2,24,2,27657,648787,1479,124777,5.138662717019389,0.1613014566344866
653,0.066,1,29,1,27686,648758,1480,124776,5.13843302496515,0.16130641962732084
654,0.0661,0,4,0,27690,648754,1480,124776,5.138401343302497,0.16130725375874239
655,0.0662,0,34,0,27724,648720,1480,124776,5.138132049169941,0.16131434422414595
656,0.0663,2,35,2,27759,648685,1482,124774,5.137854834621721,0.16131947524044585
657,0.0664,0,12,0,27771,648673,1482,124774,5.13775978963376,0.1613219781058043
658,0.0665,4,94,4,27865,648579,1486,124770,5.137015270561399,0.16133724877125333
659,0.0666,2,23,2,27888,648556,1488,124768,5.13683310100114,0.16133987823990978
660,0.0667,3,73,3,27961,648483,1491,124765,5.136254910657711,0.16135185606687635
661,0.0668,3,38,3,27999,648445,1494,124762,5.135953934862502,0.16135653195069366
662,0.0669,4,39,4,28038,648406,1498,124758,5.135645038651629,0.16136033234863495
663,0.067,4,35,4,28073,648371,1502,124754,5.135367824103409,0.1613632983023444
664,0.0671,4,27,4,28100,648344,1506,124750,5.135153972880497,0.16136459473233528
665,0.0672,6,42,6,28142,648302,1512,124744,5.134821315422633,0.16136685268405762
666,0.0673,2,43,2,28185,648259,1514,124742,5.134480737549106,0.16137365928375255
667,0.0674,2,40,2,28225,648219,1516,124740,5.13416392092257,0.16137984032788286
668,0.0675,0,32,0,28257,648187,1516,124740,5.133910467621341,0.16138652162494
669,0.0676,0,23,0,28280,648164,1516,124740,5.133728298061082,0.16139132414892407
670,0.0677,0,15,0,28295,648149,1516,124740,5.133609491826131,0.16139445638377567
671,0.0678,4,57,4,28352,648092,1520,124736,5.133158028133316,0.1614020195955633
672,0.0679,3,14,3,28366,648078,1523,124733,5.1330471423140285,0.16140168812296926
673,0.068,2,43,2,28409,648035,1525,124731,5.132706564440502,0.1614084988211179
674,0.0681,1,26,1,28435,648009,1526,124730,5.132500633633253,0.16141284444036086
675,0.0682,4,34,4,28469,647975,1530,124726,5.132231339500697,0.16141560577765526
676,0.0683,5,61,5,28530,647914,1535,124721,5.131748194145229,0.16142292285490561
677,0.0684,4,29,4,28559,647885,1539,124717,5.13151850209099,0.16142464037110957
678,0.0685,2,47,2,28606,647838,1541,124715,5.131146242554809,0.1614322900823633
679,0.0686,1,21,1,28627,647817,1542,124714,5.130979913825877,0.1614355928758846
680,0.0687,3,25,3,28652,647792,1545,124711,5.1307819034342925,0.16143756076028185
681,0.0688,1,26,1,28678,647766,1546,124710,5.130575972627043,0.16144190887483884
682,0.0689,2,59,2,28737,647707,1548,124708,5.130108668102902,0.16145206915971336
683,0.069,4,58,4,28795,647649,1552,124704,5.129649283994424,0.16145985061234955
684,0.0691,1,27,1,28822,647622,1553,124703,5.129435432771512,0.16146440941313567
685,0.0692,1,29,1,28851,647593,1554,124702,5.129205740717273,0.16146938669808816
686,0.0693,2,21,2,28872,647572,1556,124700,5.129039411988341,0.16147160585907555
687,0.0694,1,8,1,28880,647564,1557,124699,5.128976048663034,0.16147219276334618
688,0.0695,2,72,2,28952,647492,1559,124697,5.128405778735268,0.16148507683999644
689,0.0696,6,41,6,28993,647451,1565,124691,5.128081041693068,0.16148713578590468
690,0.0697,2,8,2,29001,647443,1567,124689,5.128017678367761,0.16148663699989121
691,0.0698,5,54,5,29055,647389,1572,124684,5.1275899759219365,0.16149250135673698
692,0.0699,2,14,2,29069,647375,1574,124682,5.127479090102649,0.16149325762217037
693,0.07,4,52,4,29121,647323,1578,124678,5.127067228488151,0.16149979080337978
694,0.0701,4,37,4,29158,647286,1582,124674,5.126774173108605,0.16150318669361108
695,0.0702,4,17,4,29175,647269,1586,124670,5.126639526042327,0.1615023985055814
696,0.0703,3,38,3,29213,647231,1589,124667,5.126338550247117,0.16150709031504162
697,0.0704,0,63,0,29276,647168,1589,124667,5.125839564060322,0.16152027311536793
698,0.0705,0,22,0,29298,647146,1589,124667,5.125665314915727,0.16152487713992897
699,0.0706,4,21,4,29319,647125,1593,124663,5.125498986186795,0.16152492653422962
700,0.0707,2,48,2,29367,647077,1595,124661,5.125118806234951,0.16153279999170703
701,0.0708,1,26,1,29393,647051,1596,124660,5.124912875427702,0.1615371557487194
702,0.0709,3,38,3,29431,647013,1599,124657,5.124611899632493,0.16154185079114128
703,0.071,2,21,2,29452,646992,1601,124655,5.1244455709035615,0.16154407390944306
704,0.0711,1,20,1,29472,646972,1602,124654,5.124287162590293,0.16154717440832736
705,0.0712,0,27,0,29499,646945,1602,124654,5.124073311367381,0.16155282731055898
706,0.0713,1,14,1,29513,646931,1603,124653,5.1239624255480924,0.16155467194757797
707,0.0714,1,39,1,29552,646892,1604,124652,5.123653529337219,0.16156175150088653
708,0.0715,2,55,2,29607,646837,1606,124650,5.123217906475732,0.16157109581885373
709,0.0716,1,49,1,29656,646788,1607,124649,5.122829806108225,0.16158027162295818
710,0.0717,5,46,5,29702,646742,1612,124644,5.122465466987707,0.1615844726246004
711,0.0718,5,68,5,29770,646674,1617,124639,5.121926878722595,0.1615932831418633
712,0.0719,0,15,0,29785,646659,1617,124639,5.121808072487644,0.16159642576539807
713,0.072,3,40,3,29825,646619,1620,124636,5.121491255861107,0.1616015455329301
714,0.0721,2,11,2,29836,646608,1622,124634,5.12140413128881,0.16160167625725777
715,0.0722,5,60,5,29896,646548,1627,124629,5.120928906349005,0.16160881354086026
716,0.0723,0,38,0,29934,646510,1627,124629,5.120627930553796,0.16161677726064952
717,0.0724,0,25,0,29959,646485,1627,124629,5.12042992016221,0.16162201697803438
718,0.0725,3,54,3,30013,646431,1630,124626,5.120002217716386,0.16163007404121874
719,0.0726,0,35,0,30048,646396,1630,124626,5.119725003168166,0.1616374111244556
720,0.0727,6,33,6,30081,646363,1636,124620,5.119463629451274,0.161637805243436
721,0.0728,3,50,3,30131,646313,1639,124617,5.119067608668103,0.16164502613726278
722,0.0729,2,33,2,30164,646280,1641,124615,5.118806234951211,0.16164977072104503
723,0.073,3,74,3,30238,646206,1644,124612,5.118220124192118,0.16166202657436646
724,0.0731,2,51,2,30289,646155,1646,124610,5.117816182993283,0.16167054809183085
725,0.0732,2,31,2,30320,646124,1648,124608,5.117570650107718,0.1616748753133385
726,0.0733,3,40,3,30360,646084,1651,124605,5.117253833481181,0.16168000321789983
727,0.0734,2,18,2,30378,646066,1653,124603,5.11711126599924,0.1616816039051785
728,0.0735,1,53,1,30431,646013,1654,124602,5.1166914839690785,0.16169163590119578
729,0.0736,0,33,0,30464,645980,1654,124602,5.116430110252186,0.1616985603089613
730,0.0737,1,62,1,30526,645918,1655,124601,5.115939044481054,0.16171048345336067
731,0.0738,1,33,1,30559,645885,1656,124600,5.115677670764161,0.16171632153773272
732,0.0739,3,44,3,30603,645841,1659,124597,5.115329172474971,0.1617222930333135
733,0.074,4,52,4,30655,645789,1663,124593,5.1149173108604735,0.1617288565932226
734,0.0741,2,16,2,30671,645773,1665,124591,5.114790584209859,0.16173003930609425
735,0.0742,6,43,6,30714,645730,1671,124585,5.114450006336333,0.16173253798770632
736,0.0743,2,27,2,30741,645703,1673,124583,5.114236155113421,0.1617360305133418
737,0.0744,4,38,4,30779,645665,1677,124579,5.113935179318211,0.16173965652442604
738,0.0745,2,48,2,30827,645617,1679,124577,5.113554999366367,0.16174755970573648
739,0.0746,3,56,3,30883,645561,1682,124574,5.113111456089215,0.1617560557564583
740,0.0747,2,34,2,30917,645527,1684,124572,5.112842161956659,0.16176102033634637
741,0.0748,2,19,2,30936,645508,1686,124570,5.112691674059055,0.16176283441417622
742,0.0749,3,14,3,30950,645494,1689,124567,5.112580788239767,0.16176250972325568
743,0.075,5,56,5,31006,645438,1694,124562,5.112137244962615,0.16176883116883117
744,0.0751,2,35,2,31041,645403,1696,124560,5.111860030414396,0.16177400732242977
745,0.0752,1,16,1,31057,645387,1697,124559,5.111733303763781,0.16177628041447062
746,0.0753,2,32,2,31089,645355,1699,124557,5.111479850462552,0.16178082689969764
747,0.0754,0,17,0,31106,645338,1699,124557,5.111345203396274,0.16178439917131557
748,0.0755,2,28,2,31134,645310,1701,124555,5.111123431757699,0.1617881057068447
749,0.0756,1,29,1,31163,645281,1702,124554,5.110893739703459,0.1617931115109082
750,0.0757,4,30,4,31193,645251,1706,124550,5.1106561272335576,0.1617950613210427
751,0.0758,3,14,3,31207,645237,1709,124547,5.110545241414269,0.1617947372249878
752,0.0759,2,21,2,31228,645216,1711,124545,5.110378912685338,0.1617969733462724
753,0.076,6,48,6,31276,645168,1717,124539,5.1099987327334935,0.16180052929231512
754,0.0761,3,38,3,31314,645130,1720,124536,5.109697756938284,0.16180525058921663
755,0.0762,0,40,0,31354,645090,1720,124536,5.109380940311747,0.16181366014141935
756,0.0763,5,43,5,31397,645047,1725,124531,5.109040362438221,0.16181725569078118
757,0.0764,0,43,0,31440,645004,1725,124531,5.108699784564694,0.16182629769925994
758,0.0765,2,46,2,31486,644958,1727,124529,5.108335445444177,0.16183379316349725
759,0.0766,0,50,0,31536,644908,1727,124529,5.107939424661006,0.16184430954061216
760,0.0767,1,39,1,31575,644869,1728,124528,5.107630528450133,0.16185142390729362
761,0.0768,0,24,0,31599,644845,1728,124528,5.107440438474211,0.1618564727381907
762,0.0769,2,31,2,31630,644814,1730,124526,5.107194905588646,0.16186081576416148
763,0.077,0,40,0,31670,644774,1730,124526,5.106878088962109,0.16186923176914078
764,0.0771,0,31,0,31701,644743,1730,124526,5.106632556076543,0.1618757547749877
765,0.0772,0,26,0,31727,644717,1730,124526,5.106426625269294,0.1618812260885052
766,0.0773,1,35,1,31762,644682,1731,124525,5.106149410721074,0.16188750232382182
767,0.0774,2,73,2,31835,644609,1733,124523,5.105571220377645,0.1619006880483454
768,0.0775,6,30,6,31865,644579,1739,124517,5.105333607907743,0.16190046496146124
769,0.0776,3,28,3,31893,644551,1742,124514,5.105111836269168,0.16190309011591997
770,0.0777,0,28,0,31921,644523,1742,124514,5.104890064630592,0.16190898487328959
771,0.0778,1,28,1,31949,644495,1743,124513,5.104668292992017,0.16191379023365166
772,0.0779,4,25,4,31974,644470,1747,124509,5.104470282600431,0.16191469467956862
773,0.078,4,23,4,31997,644447,1751,124505,5.104288113040172,0.16191517806052913
774,0.0781,3,22,3,32019,644425,1754,124502,5.104113863895577,0.16191654084197848
775,0.0782,1,23,1,32042,644402,1755,124501,5.103931694335318,0.16192029423737456
776,0.0783,2,45,2,32087,644357,1757,124499,5.103575275630465,0.16192759112239483
777,0.0784,4,41,4,32128,644316,1761,124495,5.103250538588265,0.16193186621939593
778,0.0785,4,47,4,32175,644269,1765,124491,5.102878279052085,0.16193740569228368
779,0.0786,3,42,3,32217,644227,1768,124488,5.1025456215942215,0.16194298276994726
780,0.0787,1,30,1,32247,644197,1769,124487,5.102308009124319,0.16194821278965088
781,0.0788,3,33,3,32280,644164,1772,124484,5.102046635407426,0.16195189475546673
782,0.0789,0,27,0,32307,644137,1772,124484,5.101832784184514,0.16195758377665975
783,0.079,1,30,1,32337,644107,1773,124483,5.101595171714612,0.16196281502491575
784,0.0791,2,23,2,32360,644084,1775,124481,5.101413002154353,0.16196548112391274
785,0.0792,2,48,2,32408,644036,1777,124479,5.101032822202509,0.1619734162638335
786,0.0793,6,32,6,32440,644004,1783,124473,5.10077936890128,0.16197361794822746
787,0.0794,1,22,1,32462,643982,1784,124472,5.100605119756684,0.16197716454075325
788,0.0795,3,24,3,32486,643958,1787,124469,5.100415029780763,0.16197895180674288
789,0.0796,2,24,2,32510,643934,1789,124467,5.100224939804841,0.16198182979980505
790,0.0797,1,29,1,32539,643905,1790,124466,5.099995247750602,0.1619868527052687
791,0.0798,1,22,1,32561,643883,1791,124465,5.099820998606007,0.1619904001832503
792,0.0799,1,24,1,32585,643859,1792,124464,5.099630908630085,0.16199436955551247
793,0.08,2,40,2,32625,643819,1794,124462,5.0993140920035485,0.16200062216819106
794,0.0801,2,34,2,32659,643785,1796,124460,5.0990447978709925,0.16200561018945778
795,0.0802,1,18,1,32677,643767,1797,124459,5.098902230389051,0.16200831526139442
796,0.0803,1,23,1,32700,643744,1798,124458,5.098720060828792,0.16201207494903686
797,0.0804,0,26,0,32726,643718,1798,124458,5.0985141300215435,0.16201755847618254
798,0.0805,2,25,2,32751,643693,1800,124456,5.098316119629958,0.16202064963958815
799,0.0806,3,32,3,32783,643661,1803,124453,5.098062666328729,0.16202412662703713
800,0.0807,2,24,2,32807,643637,1805,124451,5.097872576352807,0.16202700732207767
801,0.0808,1,33,1,32840,643604,1806,124450,5.097611202635914,0.16203287789660623
802,0.0809,0,33,0,32873,643571,1806,124450,5.097349828919022,0.1620398400564568
803,0.081,2,37,2,32910,643534,1808,124448,5.097056773539475,0.1620454646072434
804,0.0811,3,21,3,32931,643513,1811,124445,5.096890444810544,0.16204662234132597
805,0.0812,2,25,2,32956,643488,1813,124443,5.096692434418959,0.16204971540411833
806,0.0813,3,34,3,32990,643454,1816,124440,5.096423140286403,0.162053616775232
807,0.0814,4,90,4,33080,643364,1820,124436,5.095710302876695,0.1620682469393071
808,0.0815,4,33,4,33113,643331,1824,124432,5.095448929159803,0.1620708473838932
809,0.0816,2,36,2,33149,643295,1826,124430,5.095163794195919,0.16207626428734248
810,0.0817,5,56,5,33205,643239,1831,124425,5.094720250918768,0.1620826299005815
811,0.0818,2,31,2,33236,643208,1833,124423,5.094474718033203,0.1620869923179236
812,0.0819,1,46,1,33282,643162,1834,124422,5.094110378912685,0.16209561429107433
813,0.082,2,48,2,33330,643114,1836,124420,5.0937301989608414,0.16210356805040557
814,0.0821,2,34,2,33364,643080,1838,124418,5.0934609048282855,0.1621085657552202
815,0.0822,1,31,1,33395,643049,1839,124417,5.093215371942719,0.16211402198924774
816,0.0823,1,32,1,33427,643017,1840,124416,5.092961918641491,0.16211968992732917
817,0.0824,3,23,3,33450,642994,1843,124413,5.092779749081232,0.16212127332693083
818,0.0825,1,24,1,33474,642970,1844,124412,5.09258965910531,0.1621252518302488
819,0.0826,1,39,1,33513,642931,1845,124411,5.092280762894437,0.16213239989470146
820,0.0827,2,34,2,33547,642897,1847,124409,5.09201146876188,0.1621374002027874
821,0.0828,2,53,2,33600,642844,1849,124407,5.09159168673172,0.1621464162314549
822,0.0829,3,60,3,33660,642784,1852,124404,5.0911164617919145,0.16215582099824294
823,0.083,0,23,0,33683,642761,1852,124404,5.0909342922316565,0.16216068251288837
824,0.0831,1,12,1,33695,642749,1853,124403,5.090839247243696,0.16216212693182055
825,0.0832,2,28,2,33723,642721,1855,124401,5.09061747560512,0.16216586149269607
826,0.0833,5,75,5,33798,642646,1860,124396,5.090023444430364,0.16217625631973218
827,0.0834,2,34,2,33832,642612,1862,124394,5.089754150297807,0.16218126064202887
828,0.0835,2,14,2,33846,642598,1864,124392,5.08964326447852,0.16218203627165934
829,0.0836,1,32,1,33878,642566,1865,124391,5.08938981117729,0.16218771065392193
830,0.0837,1,25,1,33903,642541,1866,124390,5.089191800785705,0.16219190513879345
831,0.0838,0,30,0,33933,642511,1866,124390,5.088954188315803,0.16219824983928824
832,0.0839,2,37,2,33970,642474,1868,124388,5.088661132936257,0.16220389066090118
833,0.084,1,26,1,33996,642448,1869,124387,5.0884552021290075,0.16220829774332157
834,0.0841,4,70,4,34066,642378,1873,124383,5.087900773032569,0.16221873569469494
835,0.0842,5,52,5,34118,642326,1878,124378,5.087488911418071,0.1622242742962082
836,0.0843,4,24,4,34142,642302,1882,124374,5.0872988214421495,0.16222498160891954
837,0.0844,1,19,1,34161,642283,1883,124373,5.087148333544544,0.16222790925786792
838,0.0845,0,15,0,34176,642268,1883,124373,5.087029527309594,0.1622310833884439
839,0.0846,2,26,2,34202,642242,1885,124371,5.086823596502344,0.1622343998862529
840,0.0847,1,32,1,34234,642210,1886,124370,5.086570143201115,0.1622400793133137
841,0.0848,1,35,1,34269,642175,1887,124369,5.086292928652895,0.1622463942056816
842,0.0849,0,45,0,34314,642130,1887,124369,5.085936509948042,0.16225591944673118
843,0.085,4,58,4,34372,642072,1891,124365,5.085477125839564,0.16226382598961167
844,0.0851,2,23,2,34395,642049,1893,124363,5.085294956279306,0.1622665093970345
845,0.0852,3,48,3,34443,642001,1896,124360,5.084914776327461,0.1622733933485655
846,0.0853,2,32,2,34475,641969,1898,124358,5.084661323026232,0.1622779831586255
847,0.0854,2,16,2,34491,641953,1900,124356,5.084534596375618,0.16227918502849373
848,0.0855,0,42,0,34533,641911,1900,124356,5.084201938917754,0.16228807974243964
849,0.0856,1,33,1,34566,641878,1901,124355,5.083940565200861,0.16229397585329788
850,0.0857,2,38,2,34604,641840,1903,124353,5.083639589405652,0.16229983829139655
851,0.0858,5,39,5,34643,641801,1908,124348,5.083330693194779,0.16230263303874312
852,0.0859,2,32,2,34675,641769,1910,124346,5.08307723989355,0.16230722541654974
853,0.086,3,40,3,34715,641729,1913,124343,5.082760423267013,0.1623124197203396
854,0.0861,2,29,2,34744,641700,1915,124341,5.082530731212774,0.16231637732184048
855,0.0862,0,34,0,34778,641666,1915,124341,5.082261437080218,0.16232358189938212
856,0.0863,5,74,5,34852,641592,1920,124336,5.081675326321125,0.16233379638817225
857,0.0864,0,9,0,34861,641583,1920,124336,5.081604042580155,0.1623357039060266
858,0.0865,3,39,3,34900,641544,1923,124333,5.081295146369281,0.1623406891707154
859,0.0866,3,24,3,34924,641520,1926,124330,5.081105056393359,0.16234249526669714
860,0.0867,2,38,2,34962,641482,1928,124328,5.08080408059815,0.16234836317102153
861,0.0868,1,40,1,35002,641442,1929,124327,5.080487263971613,0.16235574957983412
862,0.0869,0,14,0,35016,641428,1929,124327,5.080376378152326,0.1623587178666806
863,0.087,1,28,1,35044,641400,1930,124326,5.08015460651375,0.16236356085597198
864,0.0871,3,24,3,35068,641376,1933,124323,5.079964516537828,0.16236536811462468
865,0.0872,3,53,3,35121,641323,1936,124320,5.0795447345076665,0.16237332542712465
866,0.0873,2,75,2,35196,641248,1938,124318,5.078950703332911,0.1623870443567243
867,0.0874,3,29,3,35225,641219,1941,124315,5.078721011278672,0.16238991344603898
868,0.0875,3,92,3,35317,641127,1944,124312,5.0779923330376375,0.16240614862843414
869,0.0876,1,23,1,35340,641104,1945,124311,5.07781016347738,0.16240993447998797
870,0.0877,0,25,0,35365,641079,1945,124311,5.077612153085794,0.16241523928977383
871,0.0878,1,25,1,35390,641054,1946,124310,5.0774141426942085,0.16241945009172107
872,0.0879,1,22,1,35412,641032,1947,124309,5.0772398935496135,0.16242302450802976
873,0.088,4,41,4,35453,640991,1951,124305,5.076915156507414,0.16242734837239448
874,0.0881,0,56,0,35509,640935,1951,124305,5.076471613230263,0.1624392347498824
875,0.0882,0,9,0,35518,640926,1951,124305,5.076400329489291,0.16244114522281508
876,0.0883,2,21,2,35539,640905,1953,124303,5.07623400076036,0.16244341407826368
877,0.0884,1,19,1,35558,640886,1954,124302,5.076083512862755,0.1624463530531059
878,0.0885,2,21,2,35579,640865,1956,124300,5.075917184133823,0.16244862219259898
879,0.0886,4,35,4,35614,640830,1960,124296,5.075639969585604,0.16245167462614002
880,0.0887,0,14,0,35628,640816,1960,124296,5.075529083766316,0.16245464716276833
881,0.0888,4,30,4,35658,640786,1964,124292,5.0752914712964134,0.16245663840811003
882,0.0889,1,29,1,35687,640757,1965,124291,5.075061779242175,0.16246170174943272
883,0.089,5,33,5,35720,640724,1970,124286,5.0748004055252816,0.16246323577469576
884,0.0891,1,34,1,35754,640690,1971,124285,5.074531111392726,0.16246936174384785
885,0.0892,0,40,0,35794,640650,1971,124285,5.07421429476619,0.16247785759574343
886,0.0893,0,30,0,35824,640620,1971,124285,5.073976682296287,0.1624842300677862
887,0.0894,2,24,2,35848,640596,1973,124283,5.073786592320365,0.1624871384885714
888,0.0895,3,43,3,35891,640553,1976,124280,5.073446014446838,0.16249298866549952
889,0.0896,3,30,3,35921,640523,1979,124277,5.0732084019769355,0.16249607740585775
890,0.0897,5,67,5,35988,640456,1984,124272,5.072677734127487,0.16250483832159932
891,0.0898,0,36,0,36024,640420,1984,124272,5.072392599163604,0.16251248868825618
892,0.0899,0,15,0,36039,640405,1984,124272,5.0722737929286525,0.16251567655362983
893,0.09,4,58,4,36097,640347,1988,124268,5.071814408820175,0.16252362299981035
894,0.0901,2,15,2,36112,640332,1990,124266,5.071695602585224,0.16252462078111635
895,0.0902,0,17,0,36129,640315,1990,124266,5.071560955518946,0.16252823441859005
896,0.0903,2,27,2,36156,640288,1992,124264,5.071347104296033,0.16253178331885862
897,0.0904,0,37,0,36193,640251,1992,124264,5.071054048916487,0.16253964932015721
898,0.0905,2,45,2,36238,640206,1994,124262,5.070697630211633,0.16254702616721695
899,0.0906,0,20,0,36258,640186,1994,124262,5.070539221898366,0.16255127883126125
900,0.0907,7,68,7,36326,640118,2001,124255,5.070000633633253,0.16255807047083035
901,0.0908,4,66,4,36392,640052,2005,124251,5.069477886199468,0.16256772510378736
902,0.0909,2,16,2,36408,640036,2007,124249,5.069351159548853,0.16256893698031494
903,0.091,7,67,7,36475,639969,2014,124242,5.068820491699404,0.16257551906476092
904,0.0911,3,75,3,36550,639894,2017,124239,5.068226460524649,0.16258818818190027
905,0.0912,4,49,4,36599,639845,2021,124235,5.067838360157141,0.16259423097057898
906,0.0913,1,43,1,36642,639802,2022,124234,5.067497782283614,0.16260228575616856
907,0.0914,6,43,6,36685,639759,2028,124228,5.067157204410088,0.16260486107747907
908,0.0915,3,34,3,36719,639725,2031,124225,5.066887910277531,0.16260880947706002
909,0.0916,0,19,0,36738,639706,2031,124225,5.066737422379926,0.16261285377867896
910,0.0917,2,40,2,36778,639666,2033,124223,5.06642060575339,0.16261917634630163
911,0.0918,2,15,2,36793,639651,2035,124221,5.066301799518438,0.16262017720246325
912,0.0919,4,34,4,36827,639617,2039,124217,5.066032505385882,0.16262303065849387
913,0.092,4,87,4,36914,639530,2043,124213,5.065343429223166,0.1626371698333078
914,0.0921,3,27,3,36941,639503,2046,124210,5.065129578000254,0.1626396303323369
915,0.0922,2,27,2,36968,639476,2048,124208,5.0649157267773415,0.16264318749639903
916,0.0923,0,29,0,36997,639447,2048,124208,5.064686034723103,0.16264936391433304
917,0.0924,0,32,0,37029,639415,2048,124208,5.064432581421873,0.16265617981648012
918,0.0925,2,12,2,37041,639403,2050,124206,5.0643375364339125,0.1626565428118317
919,0.0926,0,20,0,37061,639383,2050,124206,5.064179128120644,0.16266080312838452
920,0.0927,1,35,1,37096,639348,2051,124205,5.063901913572424,0.16266716259382125
921,0.0928,2,25,2,37121,639323,2053,124203,5.063703903180839,0.1626702954450798
922,0.0929,6,70,6,37191,639253,2059,124197,5.0631494740844,0.1626786299037265
923,0.093,4,44,4,37235,639209,2063,124193,5.06280097579521,0.16268361885350052
924,0.0931,1,25,1,37260,639184,2064,124192,5.062602965403625,0.16268784976210937
925,0.0932,6,95,6,37355,639089,2070,124186,5.0618505259156,0.16270151649143494
926,0.0933,6,47,6,37402,639042,2076,124180,5.06147826637942,0.1627049534735634
927,0.0934,2,28,2,37430,639014,2078,124178,5.061256494740844,0.16270872860302518
928,0.0935,5,26,5,37456,638988,2083,124173,5.061050563933596,0.1627087862194216
929,0.0936,2,25,2,37481,638963,2085,124171,5.06085255354201,0.16271192215259705
930,0.0937,2,27,2,37508,638936,2087,124169,5.060638702319098,0.16271548476290942
931,0.0938,3,25,3,37533,638911,2090,124166,5.0604406919275124,0.16271752391960445
932,0.0939,1,25,1,37558,638886,2091,124165,5.060242681535927,0.16272175778552153
933,0.094,2,33,2,37591,638853,2093,124163,5.059981307819035,0.16272660075280204
934,0.0941,2,34,2,37625,638819,2095,124161,5.059712013686478,0.1627316574484259
935,0.0942,5,38,5,37663,638781,2100,124156,5.059411037891269,0.1627342755692803
936,0.0943,2,24,2,37687,638757,2102,124154,5.059220947915347,0.1627372000141563
937,0.0944,5,43,5,37730,638714,2107,124149,5.05888037004182,0.1627408853227906
938,0.0945,0,27,0,37757,638687,2107,124149,5.0586665188189075,0.1627466454126444
939,0.0946,9,108,9,37865,638579,2116,124140,5.057811113927259,0.16275981062488282
940,0.0947,1,46,1,37911,638533,2117,124139,5.057446774806742,0.16276852959070218
941,0.0948,3,49,3,37960,638484,2120,124136,5.057058674439235,0.16277569431695996
942,0.0949,2,28,2,37988,638456,2122,124134,5.056836902800659,0.16277947520948347
943,0.095,6,62,6,38050,638394,2128,124128,5.056345837029527,0.16278612289219196
944,0.0951,2,19,2,38069,638375,2130,124126,5.056195349131922,0.16278798322887444
945,0.0952,1,37,1,38106,638338,2131,124125,5.055902293752376,0.1627947847961147
946,0.0953,0,28,0,38134,638310,2131,124125,5.055680522113801,0.16280076334376045
947,0.0954,1,30,1,38164,638280,2132,124124,5.055442909643898,0.16280607132176642
948,0.0955,1,20,1,38184,638260,2133,124123,5.05528450133063,0.16280924417254844
949,0.0956,1,41,1,38225,638219,2134,124122,5.05495976428843,0.1628169021474642
950,0.0957,4,66,4,38291,638153,2138,124118,5.054437016854645,0.16282660628569104
951,0.0958,1,33,1,38324,638120,2139,124117,5.054175643137752,0.16283255732797017
952,0.0959,0,25,0,38349,638095,2139,124117,5.053977632746166,0.1628378981175841
953,0.096,2,34,2,38383,638061,2141,124115,5.05370833861361,0.16284296540431606
954,0.0961,1,17,1,38400,638044,2142,124114,5.053573691547332,0.16284549922719435
955,0.0962,2,45,2,38445,637999,2144,124112,5.0532172728424785,0.16285291775082633
956,0.0963,0,20,0,38465,637979,2144,124112,5.053058864529211,0.16285719159522943
957,0.0964,0,41,0,38506,637938,2144,124112,5.05273412748701,0.16286595367758022
958,0.0965,3,40,3,38546,637898,2147,124109,5.0524173108604735,0.1628712072198812
959,0.0966,3,38,3,38584,637860,2150,124106,5.052116335065264,0.16287603383878022
960,0.0967,2,28,2,38612,637832,2152,124104,5.051894563426688,0.162879821927301
961,0.0968,1,31,1,38643,637801,2153,124103,5.051649030541123,0.16288535038535037
962,0.0969,0,18,0,38661,637783,2153,124103,5.051506463059181,0.16288919864651666
963,0.097,0,16,0,38677,637767,2153,124103,5.051379736408567,0.16289261947576358
964,0.0971,4,23,4,38700,637744,2157,124099,5.051197566848308,0.16289314202532543
965,0.0972,3,27,3,38727,637717,2160,124096,5.050983715625396,0.16289561874108213
966,0.0973,0,34,0,38761,637683,2160,124096,5.05071442149284,0.16290288915814166
967,0.0974,5,25,5,38786,637658,2165,124091,5.050516411101254,0.1629027409290987
968,0.0975,3,45,3,38831,637613,2168,124088,5.050159992396401,0.16290906799387161
969,0.0976,2,30,2,38861,637583,2170,124086,5.049922379926499,0.16291328648008518
970,0.0977,0,9,0,38870,637574,2170,124086,5.049851096185527,0.16291521151169813
971,0.0978,0,14,0,38884,637560,2170,124086,5.04974021036624,0.16291820609574525
972,0.0979,4,29,4,38913,637531,2174,124082,5.049510518312001,0.1629200131825481
973,0.098,1,29,1,38942,637502,2175,124081,5.049280826257762,0.16292511781381674
974,0.0981,5,64,5,39006,637438,2180,124076,5.048773919655304,0.162933314423635
975,0.0982,2,19,2,39025,637419,2182,124074,5.048623431757699,0.1629351812820341
976,0.0983,0,47,0,39072,637372,2182,124074,5.048251172221518,0.1629452384016726
977,0.0984,3,19,3,39091,637353,2185,124071,5.048100684323913,0.16294600643005736
978,0.0985,3,47,3,39138,637306,2188,124068,5.047728424787733,0.16295276697129138
979,0.0986,1,15,1,39153,637291,2189,124067,5.047609618552782,0.16295487799432068
980,0.0987,1,36,1,39189,637255,2190,124066,5.047324483588898,0.16296148405206215
981,0.0988,2,41,2,39230,637214,2192,124064,5.046999746546699,0.16296806160167507
982,0.0989,2,30,2,39260,637184,2194,124062,5.046762134076796,0.1629722849118419
983,0.099,5,32,5,39292,637152,2199,124057,5.046508680775567,0.16297363798904113
984,0.0991,0,32,0,39324,637120,2199,124057,5.0462552274743375,0.16298048942624382
985,0.0992,1,19,1,39343,637101,2200,124056,5.046104739576733,0.16298345807763706
986,0.0993,2,55,2,39398,637046,2202,124054,5.045669116715246,0.1629930363946919
987,0.0994,1,24,1,39422,637022,2203,124053,5.045479026739323,0.16299707650362974
988,0.0995,1,46,1,39468,636976,2204,124052,5.045114687618806,0.16300582895767304
989,0.0996,3,32,3,39500,636944,2207,124049,5.044861234317577,0.16300938379196656
990,0.0997,2,23,2,39523,636921,2209,124047,5.044679064757318,0.16301211089033968
991,0.0998,3,36,3,39559,636885,2212,124044,5.0443939297934355,0.1630165232235859
992,0.0999,7,31,7,39590,636854,2219,124037,5.04414839690787,0.16301546476433548
993,0.1,2,31,2,39621,636823,2221,124035,5.043902864022304,0.16301990647400696
994,0.1001,3,28,3,39649,636795,2224,124032,5.0436810923837285,0.16302260566462548
995,0.1002,4,29,4,39678,636766,2228,124028,5.04345140032949,0.1630244192251779
996,0.1003,4,46,4,39724,636720,2232,124024,5.043087061208972,0.16302987601611055
997,0.1004,0,29,0,39753,636691,2232,124024,5.042857369154733,0.1630360910459239
998,0.1005,2,52,2,39805,636639,2234,124022,5.0424455075402355,0.16304503583067884
999,0.1006,3,15,3,39820,636624,2237,124019,5.042326701305284,0.16304495012772088
1000,0.1007,0,24,0,39844,636600,2237,124019,5.042136611329362,0.16305009472548015
1001,0.1008,0,42,0,39886,636558,2237,124019,5.041803953871499,0.16305909855280926
1002,0.1009,1,25,1,39911,636533,2238,124018,5.041605943479913,0.16306335801280913
1003,0.101,0,31,0,39942,636502,2238,124018,5.041360410594348,0.16307000473360334
1004,0.1011,2,28,2,39970,636474,2240,124016,5.041138638955772,0.16307380767662955
1005,0.1012,3,36,3,40006,636438,2243,124013,5.040853503991889,0.16307822594749694
1006,0.1013,0,7,0,40013,636431,2243,124013,5.040798061082246,0.1630797271067955
1007,0.1014,0,27,0,40040,636404,2243,124013,5.040584209859333,0.16308551755155395
1008,0.1015,5,48,5,40088,636356,2248,124008,5.04020402990749,0.16309030937813995
1009,0.1016,0,20,0,40108,636336,2248,124008,5.0400456215942215,0.1630945992866387
1010,0.1017,2,52,2,40160,636284,2250,124006,5.039633759979724,0.1631035525917742
1011,0.1018,3,71,3,40231,636213,2253,124003,5.0390714104676215,0.16311548296799858
1012,0.1019,4,34,4,40265,636179,2257,123999,5.038802116335066,0.16311837490692968
1013,0.102,5,19,5,40284,636160,2262,123994,5.03865162843746,0.1631169473554043
1014,0.1021,7,96,7,40380,636064,2269,123987,5.037891268533772,0.16312984260266744
1015,0.1022,4,69,4,40449,635995,2273,123983,5.0373447598529975,0.16314024879667569
1016,0.1023,0,18,0,40467,635977,2273,123983,5.037202192371056,0.16314411284804464
1017,0.1024,0,34,0,40501,635943,2273,123983,5.0369328982385,0.16315141211117926
1018,0.1025,4,40,4,40541,635903,2277,123979,5.036616081611963,0.16315559521083536
1019,0.1026,1,29,1,40570,635874,2278,123978,5.036386389557724,0.1631607207719398
1020,0.1027,2,40,2,40610,635834,2280,123976,5.036069572931187,0.16316710756636527
1021,0.1028,2,53,2,40663,635781,2282,123974,5.035649790901027,0.16317628709254958
1022,0.1029,4,44,4,40707,635737,2286,123970,5.035301292611837,0.1631813317502669
1023,0.103,3,31,3,40738,635706,2289,123967,5.03505575972627,0.16318468604254727
1024,0.1031,0,7,0,40745,635699,2289,123967,5.035000316816626,0.16318618972021914
1025,0.1032,0,31,0,40776,635668,2289,123967,5.034754783931061,0.16319284919731186
1026,0.1033,3,26,3,40802,635642,2292,123964,5.034548853123812,0.16319513010692385
1027,0.1034,0,40,0,40842,635602,2292,123964,5.034232036497276,0.16320372423199564
1028,0.1035,0,23,0,40865,635579,2292,123964,5.034049866937017,0.16320866626379282
1029,0.1036,2,30,2,40895,635549,2294,123962,5.033812254467114,0.1632129093587848
1030,0.1037,4,60,4,40955,635489,2298,123958,5.03333702952731,0.16322139662148905
1031,0.1038,1,18,1,40973,635471,2299,123957,5.033194462045368,0.1632241634493329
1032,0.1039,0,14,0,40987,635457,2299,123957,5.033083576226081,0.16322717253039845
1033,0.104,4,32,4,41019,635425,2303,123953,5.032830122924851,0.1632296432079939
1034,0.1041,3,29,3,41048,635396,2306,123950,5.0326004308706125,0.16323257118625764
1035,0.1042,3,23,3,41071,635373,2309,123947,5.032418261310354,0.16323420955591844
1036,0.1043,2,45,2,41116,635328,2311,123945,5.0320618426055,0.16324167987008625
1037,0.1044,5,47,5,41163,635281,2316,123940,5.031689583069319,0.16324627480009116
1038,0.1045,2,30,2,41193,635251,2318,123938,5.031451970599417,0.16325052127994477
1039,0.1046,0,18,0,41211,635233,2318,123938,5.031309403117476,0.16325439196175828
1040,0.1047,2,38,2,41249,635195,2320,123936,5.0310084273222655,0.16326035954268764
1041,0.1048,4,36,4,41285,635159,2324,123932,5.030723292358383,0.16326369302231222
1042,0.1049,2,34,2,41319,635125,2326,123930,5.030453998225827,0.16326880133850644
1043,0.105,2,47,2,41366,635078,2328,123928,5.030081738689646,0.1632767066400002
1044,0.1051,1,31,1,41397,635047,2329,123927,5.029836205804081,0.16328227317404811
1045,0.1052,1,12,1,41409,635035,2330,123926,5.02974116081612,0.16328375239307422
1046,0.1053,2,45,2,41454,634990,2332,123924,5.029384742111266,0.1632912293092498
1047,0.1054,1,31,1,41485,634959,2333,123923,5.029139209225701,0.16329679713051568
1048,0.1055,5,41,5,41526,634918,2338,123918,5.0288144721835,0.1633001070059934
1049,0.1056,4,31,4,41557,634887,2342,123914,5.0285689392979345,0.1633023678144863
1050,0.1057,4,110,4,41667,634777,2346,123910,5.027697693574959,0.16332163329541696
1051,0.1058,0,36,0,41703,634741,2346,123910,5.027412558611076,0.1633293833396384
1052,0.1059,4,23,4,41726,634718,2350,123906,5.027230389050818,0.16332992365124224
1053,0.106,1,33,1,41759,634685,2351,123905,5.026969015333925,0.16333592586245535
1054,0.1061,5,44,5,41803,634641,2356,123900,5.0266205170447344,0.16333988538523297
1055,0.1062,3,34,3,41837,634607,2359,123897,5.0263512229121785,0.16334389798867244
1056,0.1063,1,36,1,41873,634571,2360,123896,5.026066087948296,0.16335054788145034
1057,0.1064,0,45,0,41918,634526,2360,123896,5.025709669243442,0.16336024007742392
1058,0.1065,1,35,1,41953,634491,2361,123895,5.025432454695222,0.16336667607260683
1059,0.1066,1,33,1,41986,634458,2362,123894,5.02517108097833,0.16337268181530476
1060,0.1067,1,29,1,42015,634429,2363,123893,5.02494138892409,0.16337782630597555
1061,0.1068,1,45,1,42060,634384,2364,123892,5.024584970219237,0.1633864186654991
1062,0.1069,3,35,3,42095,634349,2367,123889,5.024307755671018,0.16339065042902096
1063,0.107,0,15,0,42110,634334,2367,123889,5.024188949436066,0.16339388280228903
1064,0.1071,5,36,5,42146,634298,2372,123884,5.023903814472184,0.16339612388582161
1065,0.1072,2,62,2,42208,634236,2374,123882,5.023412748701052,0.16340727960554954
1066,0.1073,3,42,3,42250,634194,2377,123879,5.023080091243188,0.16341302222872994
1067,0.1074,4,37,4,42287,634157,2381,123875,5.022787035863642,0.16341658399645398
1068,0.1075,3,63,3,42350,634094,2384,123872,5.022288049676847,0.16342685555816489
1069,0.1076,2,31,2,42381,634063,2386,123870,5.022042516791281,0.16343133232093074
1070,0.1077,2,44,2,42425,634019,2388,123868,5.021694018502091,0.16343861288028427
1071,0.1078,0,27,0,42452,633992,2388,123868,5.0214801672791785,0.16344443564774497
1072,0.1079,0,28,0,42480,633964,2388,123868,5.021258395640603,0.16345047451150124
1073,0.108,2,52,2,42532,633912,2390,123866,5.020846534026106,0.16345948285645664
1074,0.1081,2,31,2,42563,633881,2392,123864,5.02060100114054,0.16346396215085549
1075,0.1082,6,84,6,42647,633797,2398,123858,5.019935686224813,0.16347546046683517
1076,0.1083,0,34,0,42681,633763,2398,123858,5.019666392092257,0.16348279680737465
1077,0.1084,3,44,3,42725,633719,2401,123855,5.019317893803067,0.16348897929443196
1078,0.1085,3,51,3,42776,633668,2404,123852,5.018913952604232,0.16349667335515894
1079,0.1086,3,64,3,42840,633604,2407,123849,5.018407046001774,0.1635071747025888
1080,0.1087,1,32,1,42872,633572,2408,123848,5.0181535927005445,0.16351297826833197
1081,0.1088,3,19,3,42891,633553,2411,123845,5.01800310480294,0.16351376687025843
1082,0.1089,2,24,2,42915,633529,2413,123843,5.017813014827018,0.16351673946224576
1083,0.109,3,58,3,42973,633471,2416,123840,5.0173536307185405,0.16352594904867354
1084,0.1091,2,8,2,42981,633463,2418,123838,5.017290267393233,0.16352546741652263
1085,0.1092,1,46,1,43027,633417,2419,123837,5.016925928272716,0.16353429628631871
1086,0.1093,0,37,0,43064,633380,2419,123837,5.01663287289317,0.1635422870854722
1087,0.1094,5,33,5,43097,633347,2424,123832,5.016371499176277,0.16354389120670276
1088,0.1095,3,40,3,43137,633307,2427,123829,5.01605468254974,0.1635492170495129
1089,0.1096,3,25,3,43162,633282,2430,123826,5.015856672158155,0.16355130311659632
1090,0.1097,2,73,2,43235,633209,2432,123824,5.015278481814725,0.16356486441145895
1091,0.1098,3,32,3,43267,633177,2435,123821,5.015025028513496,0.16356846385327306
1092,0.1099,3,44,3,43311,633133,2438,123818,5.014676530224306,0.16357465674792687
1093,0.11,3,40,3,43351,633093,2441,123815,5.01435971359777,0.16357998594280942
1094,0.1101,11,54,11,43405,633039,2452,123804,5.013932011151946,0.16357950063619536
1095,0.1102,1,20,1,43425,633019,2453,123803,5.013773602838677,0.16358271826136134
1096,0.1103,5,49,5,43474,632970,2458,123798,5.01338550247117,0.16358778383864012
1097,0.1104,0,12,0,43486,632958,2458,123798,5.013290457483209,0.16359037787609215
1098,0.1105,0,12,0,43498,632946,2458,123798,5.013195412495247,0.16359297199581366
1099,0.1106,3,18,3,43516,632928,2461,123795,5.0130528450133065,0.1635935474407412
1100,0.1107,4,53,4,43569,632875,2465,123791,5.012633062983145,0.16360058467011865
1101,0.1108,1,27,1,43596,632848,2466,123790,5.012419211760233,0.1636053172058501
1102,0.1109,4,60,4,43656,632788,2470,123786,5.0119439868204285,0.16361386989243618
1103,0.111,3,30,3,43686,632758,2473,123783,5.011706374350526,0.16361704124429477
1104,0.1111,2,40,2,43726,632718,2475,123781,5.011389557723989,0.16362348132647894
1105,0.1112,2,33,2,43759,632685,2477,123779,5.011128184007097,0.1636284079612513
1106,0.1113,2,21,2,43780,632664,2479,123777,5.010961855278165,0.16363073921165033
1107,0.1114,0,17,0,43797,632647,2479,123777,5.010827208211887,0.16363441667636142
1108,0.1115,5,37,5,43834,632610,2484,123772,5.01053415283234,0.16363689246967802
1109,0.1116,1,33,1,43867,632577,2485,123771,5.010272779115448,0.1636429262720335
1110,0.1117,0,48,0,43915,632529,2485,123771,5.009892599163604,0.16365331217770726
1111,0.1118,3,24,3,43939,632505,2488,123768,5.009702509187682,0.16365518800750523
1112,0.1119,4,37,4,43976,632468,2492,123764,5.009409453808136,0.16365877138232712
1113,0.112,1,38,1,44014,632430,2493,123763,5.0091084780129265,0.16366588952820246
1114,0.1121,0,25,0,44039,632405,2493,123763,5.008910467621341,0.16367130055754806
1115,0.1122,1,32,1,44071,632373,2494,123762,5.008657014320112,0.16367712114900118
1116,0.1123,2,21,2,44092,632352,2496,123760,5.0084906855911795,0.16367945489557104
1117,0.1124,3,48,3,44140,632304,2499,123757,5.008110505639336,0.16368652793888325
1118,0.1125,3,86,3,44226,632218,2502,123754,5.007429349892282,0.16370183022651633
1119,0.1126,7,23,7,44249,632195,2509,123747,5.0072471803320235,0.1636990668596268
1120,0.1127,4,49,4,44298,632146,2513,123743,5.006859079964516,0.16370525301995398
1121,0.1128,1,18,1,44316,632128,2514,123742,5.006716512482575,0.163708045034199
1122,0.1129,5,33,5,44349,632095,2519,123737,5.006455138765682,0.16370966034780216
1123,0.113,3,80,3,44429,632015,2522,123734,5.00582150551261,0.16372367016033101
1124,0.1131,2,43,2,44472,631972,2524,123732,5.005480927639082,0.16373077289520765
1125,0.1132,1,15,1,44487,631957,2525,123731,5.005362121404131,0.16373291622997851
1126,0.1133,6,43,6,44530,631914,2531,123725,5.005021543530605,0.16373559331903198
1127,0.1134,1,63,1,44593,631851,2532,123724,5.004522557343809,0.16374813883466235
1128,0.1135,0,29,0,44622,631822,2532,123724,5.00429286528957,0.16375442395300882
1129,0.1136,2,50,2,44672,631772,2534,123722,5.0038968445064,0.16376304775418468
1130,0.1137,8,52,8,44724,631720,2542,123714,5.003484982891902,0.16376546462033745
1131,0.1138,2,43,2,44767,631677,2544,123712,5.003144405018375,0.16377257280685845
1132,0.1139,3,27,3,44794,631650,2547,123709,5.002930553795463,0.16377510561203348
1133,0.114,4,37,4,44831,631613,2551,123705,5.0026374984159165,0.1637786998323885
1134,0.1141,1,45,1,44876,631568,2552,123704,5.0022810797110635,0.16378735078223475
1135,0.1142,5,38,5,44914,631530,2557,123699,5.001980103915853,0.1637900557314404
1136,0.1143,1,22,1,44936,631508,2558,123698,5.001805854771258,0.16379371985921723
1137,0.1144,1,29,1,44965,631479,2559,123697,5.001576162717019,0.16379890250749493
1138,0.1145,2,30,2,44995,631449,2561,123695,5.001338550247117,0.1638031951521829
1139,0.1146,0,19,0,45014,631430,2561,123695,5.001188062349512,0.16380731666942558
1140,0.1147,3,32,3,45046,631398,2564,123692,5.000934609048283,0.16381093644466221
1141,0.1148,5,30,5,45076,631368,2569,123687,5.00069699657838,0.16381190774182014
1142,0.1149,4,30,4,45106,631338,2573,123683,5.000459384108478,0.16381398663083543
1143,0.115,3,57,3,45163,631281,2576,123680,5.000007920415664,0.16382303191820505
1144,0.1151,1,19,1,45182,631262,2577,123679,4.999857432518058,0.16382604733350023
1145,0.1152,3,35,3,45217,631227,2580,123676,4.999580217969839,0.16383031992189726
1146,0.1153,7,32,7,45249,631195,2587,123669,4.99932676466861,0.163829511011255
1147,0.1154,0,21,0,45270,631174,2587,123669,4.999160435939678,0.16383406880636106
1148,0.1155,4,86,4,45356,631088,2591,123665,4.998479280192624,0.16384830533962766
1149,0.1156,7,31,7,45387,631057,2598,123658,4.998233747307059,0.16384728009911026
1150,0.1157,4,68,4,45455,630989,2602,123654,4.997695159041947,0.16385761214243025
1151,0.1158,4,50,4,45505,630939,2606,123650,4.997299138258776,0.16386403724411566
1152,0.1159,4,42,4,45547,630897,2610,123646,4.996966480800912,0.1638687258380238
1153,0.116,1,43,1,45590,630854,2611,123645,4.996625902927386,0.16387695676203679
1154,0.1161,5,82,5,45672,630772,2616,123640,4.995976428842986,0.16388922763688807
1155,0.1162,3,21,3,45693,630751,2619,123637,4.995810100114054,0.1638904648536297
1156,0.1163,1,39,1,45732,630712,2620,123636,4.9955012039031805,0.16389782964891536
1157,0.1164,3,41,3,45773,630671,2623,123633,4.995176466860981,0.1639034129475649
1158,0.1165,0,23,0,45796,630648,2623,123633,4.994994297300722,0.1639084107912038
1159,0.1166,2,21,2,45817,630627,2625,123631,4.994827968571791,0.16391075732706845
1160,0.1167,5,51,5,45868,630576,2630,123626,4.994424027372957,0.16391629828613555
1161,0.1168,2,33,2,45901,630543,2632,123624,4.994162653656064,0.16392125351546805
1162,0.1169,2,32,2,45933,630511,2634,123622,4.993909200354834,0.1639259918343316
1163,0.117,2,40,2,45973,630471,2636,123620,4.9935923837282985,0.16393246968867153
1164,0.1171,2,30,2,46003,630441,2638,123618,4.993354771258396,0.16393677417814786
1165,0.1172,4,41,4,46044,630400,2642,123614,4.993030034216195,0.16394125308018154
1166,0.1173,4,59,4,46103,630341,2646,123610,4.992562729692054,0.1639496465950705
1167,0.1174,1,28,1,46131,630313,2647,123609,4.992340958053479,0.16395462660593535
1168,0.1175,7,57,7,46188,630256,2654,123602,4.991889494360664,0.16395926023203308
1169,0.1176,5,38,5,46226,630218,2659,123597,4.991588518565455,0.1639619800614209
1170,0.1177,1,34,1,46260,630184,2660,123596,4.991319224432898,0.1639682666029876
1171,0.1178,0,27,0,46287,630157,2660,123596,4.991105373209986,0.1639741400697576
1172,0.1179,3,28,3,46315,630129,2663,123593,4.990883601571411,0.16397690395132422
1173,0.118,1,34,1,46349,630095,2664,123592,4.990614307438855,0.16398319196164987
1174,0.1181,6,55,6,46404,630040,2670,123586,4.990178684577367,0.16398850358135203
1175,0.1182,0,28,0,46432,630012,2670,123586,4.989956912938791,0.16399459658863214
1176,0.1183,4,45,4,46477,629967,2674,123582,4.989600494233938,0.16399995222606625
1177,0.1184,1,19,1,46496,629948,2675,123581,4.989450006336333,0.1640029779875758
1178,0.1185,1,16,1,46512,629932,2676,123580,4.989323279685718,0.16400535094331609
1179,0.1186,1,44,1,46556,629888,2677,123579,4.988974781396528,0.16401381878702054
1180,0.1187,4,28,4,46584,629860,2681,123575,4.988753009757952,0.16401547578755965
1181,0.1188,5,75,5,46659,629785,2686,123570,4.988158978583196,0.1640262558820211
1182,0.1189,1,33,1,46692,629752,2687,123569,4.987897604866303,0.16403233150277238
1183,0.119,0,47,0,46739,629705,2687,123569,4.9875253453301225,0.1640425661844163
1184,0.1191,4,44,4,46783,629661,2691,123565,4.987176847040932,0.1640477094524087
1185,0.1192,1,48,1,46831,629613,2692,123564,4.986796667089089,0.16405705431790935
1186,0.1193,3,42,3,46873,629571,2695,123561,4.986464009631225,0.16406287344051243
1187,0.1194,2,50,2,46923,629521,2697,123559,4.986067988848054,0.1640715461836724
1188,0.1195,4,39,4,46962,629482,2701,123555,4.985759092637181,0.16407560319081266
1189,0.1196,4,35,4,46997,629447,2705,123551,4.9854818780889625,0.1640787890538886
1190,0.1197,1,18,1,47015,629429,2706,123550,4.985339310607021,0.16408160121331405
1191,0.1198,2,59,2,47074,629370,2708,123548,4.984872006082879,0.16409223846421522
1192,0.1199,3,26,3,47100,629344,2711,123545,4.984666075275631,0.16409457436620803
1193,0.12,6,72,6,47172,629272,2717,123539,4.984095805347865,0.16410360635006663
1194,0.1201,5,43,5,47215,629229,2722,123534,4.9837552274743375,0.16410742823438454
1195,0.1202,1,28,1,47243,629201,2723,123533,4.9835334558357625,0.16411242218366648
1196,0.1203,4,51,4,47294,629150,2727,123529,4.9831295146369285,0.16411909990846033
1197,0.1204,5,49,5,47343,629101,2732,123524,4.982741414269421,0.16412423185517355
1198,0.1205,0,30,0,47373,629071,2732,123524,4.982503801799519,0.16413077418797628
1199,0.1206,0,41,0,47414,629030,2732,123524,4.982179064757318,0.16413971621969986
1200,0.1207,10,59,10,47473,628971,2742,123514,4.981711760233177,0.164141477903214
1201,0.1208,1,15,1,47488,628956,2743,123513,4.981592953998226,0.16414363913995128
1202,0.1209,2,44,2,47532,628912,2745,123511,4.981244455709035,0.16415101611726382
1203,0.121,3,20,3,47552,628892,2748,123508,4.981086047395768,0.16415204678362574
1204,0.1211,3,27,3,47579,628865,2751,123505,4.9808721961728555,0.16415460478222152
1205,0.1212,6,54,6,47633,628811,2757,123499,4.980444493727031,0.1641597213914477
1206,0.1213,3,75,3,47708,628736,2760,123496,4.979850462552275,0.16417275521381702
1207,0.1214,2,38,2,47746,628698,2762,123494,4.979549486757065,0.16417882668254913
1208,0.1215,9,38,9,47784,628660,2771,123485,4.979248510961855,0.1641771201031716
1209,0.1216,2,21,2,47805,628639,2773,123483,4.979082182232924,0.16417948152028528
1210,0.1217,2,41,2,47846,628598,2775,123481,4.978757445190723,0.16418620916153756
1211,0.1218,0,25,0,47871,628573,2775,123481,4.978559434799139,0.16419166708773572
1212,0.1219,2,32,2,47903,628541,2777,123479,4.978305981497909,0.1641964309459855
1213,0.122,0,36,0,47939,628505,2777,123479,4.978020846534026,0.16420429158067193
1214,0.1221,2,40,2,47979,628465,2779,123477,4.97770402990749,0.16421080349282258
1215,0.1222,1,30,1,48009,628435,2780,123476,4.977466417437587,0.16421624367777568
1216,0.1223,1,31,1,48040,628404,2781,123475,4.977220884552021,0.16422190272636952
1217,0.1224,0,16,0,48056,628388,2781,123475,4.977094157901407,0.16422539744607728
1218,0.1225,0,10,0,48066,628378,2781,123475,4.9770149537447725,0.16422758172142693
1219,0.1226,2,16,2,48082,628362,2783,123473,4.9768882270941575,0.16422885340533494
1220,0.1227,0,37,0,48119,628325,2783,123473,4.976595171714612,0.16423693598546418
1221,0.1228,5,66,5,48185,628259,2788,123468,4.976072424280826,0.1642457966788475
1222,0.1229,2,27,2,48212,628232,2790,123466,4.975858573057914,0.164249472527531
1223,0.123,6,50,6,48262,628182,2796,123460,4.9754625522747435,0.16425372717330858
1224,0.1231,6,71,6,48333,628111,2802,123454,4.974900202762641,0.16426257209955228
1225,0.1232,1,25,1,48358,628086,2803,123453,4.974702192371056,0.1642669242713951
1226,0.1233,1,23,1,48381,628063,2804,123452,4.974520022810797,0.1642708395707338
1227,0.1234,1,48,1,48429,628015,2805,123451,4.974139842858953,0.164280220262793
1228,0.1235,2,20,2,48449,627995,2807,123449,4.973981434545685,0.16428236834680962
1229,0.1236,1,72,1,48521,627923,2808,123448,4.973411164617919,0.16429699842022116
1230,0.1237,4,59,4,48580,627864,2812,123444,4.972943860093777,0.1643054512929451
1231,0.1238,4,23,4,48603,627841,2816,123440,4.9727616905335195,0.16430603196407204
1232,0.1239,4,29,4,48632,627812,2820,123436,4.972531998479281,0.16430792494622282
1233,0.124,4,27,4,48659,627785,2824,123432,4.9723181472563684,0.1643093806450067
1234,0.1241,0,21,0,48680,627764,2824,123432,4.972151818527436,0.16431397398282205
1235,0.1242,1,17,1,48697,627747,2825,123431,4.972017171461158,0.16431658009153624
1236,0.1243,3,56,3,48753,627691,2828,123428,4.971573628184007,0.1643254930310643
1237,0.1244,1,46,1,48799,627645,2829,123427,4.9712092890634905,0.16433444463380342
1238,0.1245,3,44,3,48843,627601,2832,123424,4.970860790774299,0.16434073432974936
1239,0.1246,2,42,2,48885,627559,2834,123422,4.970528133316437,0.16434769987522987
1240,0.1247,4,36,4,48921,627523,2838,123418,4.970242998352553,0.1643511274520901
1241,0.1248,0,36,0,48957,627487,2838,123418,4.969957863388671,0.1643590067984632
1242,0.1249,1,17,1,48974,627470,2839,123417,4.969823216322393,0.16436161499666394
1243,0.125,10,105,10,49079,627365,2849,123407,4.9689915726777345,0.1643734715732606
1244,0.1251,4,42,4,49121,627323,2853,123403,4.968658915219871,0.1643782152209994
1245,0.1252,9,44,9,49165,627279,2862,123394,4.968310416930681,0.16437783162575448
1246,0.1253,0,15,0,49180,627264,2862,123394,4.96819161069573,0.16438111630063224
1247,0.1254,2,25,2,49205,627239,2864,123392,4.967993600304144,0.16438436462123202
1248,0.1255,0,32,0,49237,627207,2864,123392,4.967740147002915,0.16439137275695812
1249,0.1256,6,105,6,49342,627102,2870,123386,4.9669085033582565,0.16440769206169853
1250,0.1257,2,36,2,49378,627066,2872,123384,4.966623368394373,0.16441335198880672
1251,0.1258,6,123,6,49501,626943,2878,123378,4.965649157267773,0.16443362240960868
1252,0.1259,1,28,1,49529,626915,2879,123377,4.965427385629198,0.16443864522079404
1253,0.126,1,53,1,49582,626862,2880,123376,4.9650076035990365,0.16444914813699119
1254,0.1261,2,49,2,49631,626813,2882,123374,4.964619503231529,0.1644576618896355
1255,0.1262,4,84,4,49715,626729,2886,123370,4.963954188315803,0.1644716230790869
1256,0.1263,2,28,2,49743,626701,2888,123368,4.963732416677227,0.16447553491745426
1257,0.1264,2,27,2,49770,626674,2890,123366,4.963518565454315,0.1644792277745187
1258,0.1265,1,37,1,49807,626637,2891,123365,4.963225510074769,0.16448622803672525
1259,0.1266,3,38,3,49845,626599,2894,123362,4.962924534279559,0.16449122021011758
1260,0.1267,3,30,3,49875,626569,2897,123359,4.962686921809657,0.16449445813464758
1261,0.1268,3,39,3,49914,626530,2900,123356,4.962378025598784,0.1644996706166004
1262,0.1269,7,41,7,49955,626489,2907,123349,4.962053288556583,0.16450086552028573
1263,0.127,1,28,1,49983,626461,2908,123348,4.961831516918008,0.16450589416771472
1264,0.1271,5,45,5,50028,626416,2913,123343,4.961475098213154,0.164510195942963
1265,0.1272,2,19,2,50047,626397,2915,123341,4.9613246103155495,0.16451213623959304
1266,0.1273,2,33,2,50080,626364,2917,123339,4.9610632365986564,0.1645171487909212
1267,0.1274,1,38,1,50118,626326,2918,123338,4.960762260803447,0.1645243735860332
1268,0.1275,4,67,4,50185,626259,2922,123334,4.960231592953998,0.16453462078754738
1269,0.1276,7,73,7,50258,626186,2929,123327,4.959653402610569,0.16454284315282056
1270,0.1277,0,24,0,50282,626162,2929,123327,4.9594633126346475,0.16454811211372014
1271,0.1278,2,42,2,50324,626120,2931,123325,4.959130655176784,0.16455510411037502
1272,0.1279,2,32,2,50356,626088,2933,123323,4.958877201875555,0.1645599010422852
1273,0.128,2,55,2,50411,626033,2935,123321,4.958441579014067,0.16456974941082586
1274,0.1281,5,75,5,50486,625958,2940,123316,4.957847547839311,0.16458064740001654
1275,0.1282,4,44,4,50530,625914,2944,123312,4.957499049550121,0.1645858525998831
1276,0.1283,1,31,1,50561,625883,2945,123311,4.957253516664554,0.16459154771661277
1277,0.1284,1,24,1,50585,625859,2946,123310,4.957063426688633,0.1645957053748887
1278,0.1285,8,77,8,50662,625782,2954,123302,4.9564535546825494,0.16460370265550994
1279,0.1286,1,29,1,50691,625753,2955,123301,4.956223862628311,0.16460896010167492
1280,0.1287,1,16,1,50707,625737,2956,123300,4.956097135977696,0.16461136098750795
1281,0.1288,3,41,3,50748,625696,2959,123297,4.955772398935496,0.16461702579329848
1282,0.1289,5,55,5,50803,625641,2964,123292,4.955336776074009,0.16462353775304334
1283,0.129,2,37,2,50840,625604,2966,123290,4.955043720694462,0.164629440214503
1284,0.1291,2,22,2,50862,625582,2968,123288,4.954869471549867,0.16463204561539385
1285,0.1292,3,37,3,50899,625545,2971,123285,4.954576416170321,0.16463683346019792
1286,0.1293,3,131,3,51030,625414,2974,123282,4.953538841718413,0.1646622928398175
1287,0.1294,0,14,0,51044,625400,2974,123282,4.953427955899126,0.16466537194696815
1288,0.1295,2,62,2,51106,625338,2976,123280,4.952936890127994,0.16467677774245343
1289,0.1296,7,60,7,51166,625278,2983,123273,4.952461665188189,0.16468216594460497
1290,0.1297,2,28,2,51194,625250,2985,123271,4.9522398935496135,0.16468609431131526
1291,0.1298,0,24,0,51218,625226,2985,123271,4.952049803573692,0.16469137484852978
1292,0.1299,2,51,2,51269,625175,2987,123269,4.951645862374858,0.16470036502396973
1293,0.13,0,34,0,51303,625141,2987,123269,4.951376568242301,0.1647078473029489
1294,0.1301,3,26,3,51329,625115,2990,123266,4.951170637435053,0.16471022113068076
1295,0.1302,2,10,2,51339,625105,2992,123264,4.951091433278418,0.16471018975932997
1296,0.1303,9,198,9,51537,624907,3001,123255,4.949523190977063,0.16474373197248723
1297,0.1304,4,63,4,51600,624844,3005,123251,4.949024204790267,0.1647531396413557
1298,0.1305,1,43,1,51643,624801,3006,123250,4.948683626916741,0.16476149353453173
1299,0.1306,5,79,5,51722,624722,3011,123245,4.948057914079331,0.16477331219158065
1300,0.1307,2,10,2,51732,624712,3013,123243,4.947978709922697,0.16477328181508247
1301,0.1308,6,57,6,51789,624655,3019,123237,4.947527246229882,0.16477913923400705
1302,0.1309,3,51,3,51840,624604,3022,123234,4.947123305031048,0.16478702606714288
1303,0.131,4,72,4,51912,624532,3026,123230,4.946553035103282,0.1647984251673661
1304,0.1311,4,54,4,51966,624478,3030,123226,4.9461253326574575,0.16480585900302794
1305,0.1312,3,46,3,52012,624432,3033,123223,4.945760993536941,0.1648126475446563
1306,0.1313,5,10,5,52022,624422,3038,123218,4.9456817893803064,0.1648092664918945
1307,0.1314,2,26,2,52048,624396,3040,123216,4.945475858573058,0.16481276384006677
1308,0.1315,1,34,1,52082,624362,3041,123215,4.945206564440502,0.16481914237596929
1309,0.1316,4,27,4,52109,624335,3045,123211,4.94499271321759,0.16482062642298936
1310,0.1317,1,44,1,52153,624291,3046,123210,4.9446442149284,0.1648292109308215
1311,0.1318,1,13,1,52166,624278,3047,123209,4.944541249524775,0.16483096027088096
1312,0.1319,3,44,3,52210,624234,3050,123206,4.944192751235585,0.16483731135609547
1313,0.132,2,31,2,52241,624203,3052,123204,4.943947218350019,0.16484191344207372
1314,0.1321,3,44,3,52285,624159,3055,123201,4.9435987200608285,0.16484826589595375
1315,0.1322,2,41,2,52326,624118,3057,123199,4.943273983018629,0.16485507488789897
1316,0.1323,0,26,0,52352,624092,3057,123199,4.94306805221138,0.16486081058115246
1317,0.1324,3,35,3,52387,624057,3060,123196,4.942790837663161,0.16486517953089516
1318,0.1325,7,59,7,52446,623998,3067,123189,4.942323533139019,0.16487037381539027
1319,0.1326,3,16,3,52462,623982,3070,123186,4.942196806488404,0.16487055120133626
1320,0.1327,0,8,0,52470,623974,3070,123186,4.942133443163097,0.16487231650516623
1321,0.1328,5,56,5,52526,623918,3075,123181,4.941689899885946,0.1648790856365756
1322,0.1329,0,62,0,52588,623856,3075,123181,4.9411988341148145,0.16489276970217004
1323,0.133,1,32,1,52620,623824,3076,123180,4.940945380813585,0.16489871540179168
1324,0.1331,5,31,5,52651,623793,3081,123175,4.940699847928019,0.16489996894110592
1325,0.1332,5,29,5,52680,623764,3086,123170,4.94047015587378,0.16490078105963846
1326,0.1333,2,26,2,52706,623738,3088,123168,4.940264225066532,0.16490428514431535
1327,0.1334,2,24,2,52730,623714,3090,123166,4.94007413509061,0.16490734790059983
1328,0.1335,0,41,0,52771,623673,3090,123166,4.939749398048409,0.16491640099137833
1329,0.1336,3,40,3,52811,623633,3093,123163,4.939432581421873,0.16492187960299734
1330,0.1337,5,40,5,52851,623593,3098,123158,4.9391157647953365,0.1649251222964549
1331,0.1338,5,71,5,52922,623522,3103,123153,4.938553415283234,0.1649352127766431
1332,0.1339,3,48,3,52970,623474,3106,123150,4.93817323533139,0.1649424609977713
1333,0.134,1,50,1,53020,623424,3107,123149,4.93777721454822,0.16495238911667043
1334,0.1341,3,28,3,53048,623396,3110,123146,4.937555442909644,0.16495522020194442
1335,0.1342,5,31,5,53079,623365,3115,123141,4.937309910024078,0.16495647724197796
1336,0.1343,4,40,4,53119,623325,3119,123137,4.936993093397541,0.16496084194506888
1337,0.1344,10,133,10,53252,623192,3129,123127,4.935939678114307,0.16497905051325237
1338,0.1345,2,25,2,53277,623167,3131,123125,4.935741667722722,0.16498233935242507
1339,0.1346,3,30,3,53307,623137,3134,123122,4.93550405525282,0.164985614913857
1340,0.1347,2,44,2,53351,623093,3136,123120,4.93515555696363,0.16499310518578475
1341,0.1348,3,32,3,53383,623061,3139,123117,4.934902103662401,0.16499682381415695
1342,0.1349,4,33,4,53416,623028,3143,123113,4.9346407299455075,0.1649996448392462
1343,0.135,2,50,2,53466,622978,3145,123111,4.9342447091623365,0.1650084641376565
1344,0.1351,5,42,5,53508,622936,3150,123106,4.933912051704474,0.1650121574924736
1345,0.1352,1,83,1,53591,622853,3151,123105,4.93325465720441,0.16502939843798176
1346,0.1353,5,64,5,53655,622789,3156,123100,4.932747750601951,0.165037961412489
1347,0.1354,2,36,2,53691,622753,3158,123098,4.932462615638069,0.1650436883506223
1348,0.1355,1,63,1,53754,622690,3159,123097,4.931963629451274,0.16505651077318323
1349,0.1356,2,22,2,53776,622668,3161,123095,4.931789380306679,0.1650591407726047
1350,0.1357,2,39,2,53815,622629,3163,123093,4.931480484095806,0.1650655338048227
1351,0.1358,4,41,4,53856,622588,3167,123089,4.931155747053605,0.16507013090118108
1352,0.1359,2,77,2,53933,622511,3169,123087,4.930545875047523,0.16508493853256045
1353,0.136,1,20,1,53953,622491,3170,123086,4.930387466734254,0.1650882470891672
1354,0.1361,0,33,0,53986,622458,3170,123086,4.930126093017361,0.16509555438713208
1355,0.1362,4,44,4,54030,622414,3174,123082,4.929777594728171,0.16510081878373592
1356,0.1363,2,37,2,54067,622377,3176,123080,4.929484539348625,0.16510677342891675
1357,0.1364,2,23,2,54090,622354,3178,123078,4.929302369788367,0.16510962770581356
1358,0.1365,2,34,2,54124,622320,3180,123076,4.92903307565581,0.16511491878142626
1359,0.1366,2,36,2,54160,622284,3182,123074,4.9287479406919275,0.16512065343096874
1360,0.1367,0,42,0,54202,622242,3182,123074,4.928415283234064,0.1651299582995669
1361,0.1368,2,34,2,54236,622208,3184,123072,4.928145989101508,0.16513525118076428
1362,0.1369,3,36,3,54272,622172,3187,123069,4.927860854137625,0.16513986750594775
1363,0.137,1,51,1,54323,622121,3188,123068,4.927456912938791,0.16515004918215379
1364,0.1371,3,23,3,54346,622098,3191,123065,4.927274743378533,0.1651517855824833
1365,0.1372,3,41,3,54387,622057,3194,123062,4.926950006336333,0.1651575117531562
1366,0.1373,3,20,3,54407,622037,3197,123059,4.9267915980230645,0.165158583591913
1367,0.1374,5,39,5,54446,621998,3202,123054,4.9264827018121915,0.16516162630259365
1368,0.1375,7,59,7,54505,621939,3209,123047,4.92601539728805,0.1651668621960681
1369,0.1376,3,62,3,54567,621877,3212,123044,4.925524331516918,0.16517724698323716
1370,0.1377,3,59,3,54626,621818,3215,123041,4.925057026992777,0.16518696827184742
1371,0.1378,7,66,7,54692,621752,3222,123034,4.9245342795589915,0.16519376035532354
1372,0.1379,5,50,5,54742,621702,3227,123029,4.9241382587758205,0.16519924643931835
1373,0.138,9,169,9,54911,621533,3236,123020,4.922799708528704,0.1652266527701856
1374,0.1381,2,31,2,54942,621502,3238,123018,4.922554175643138,0.16523128995863107
1375,0.1382,3,64,3,55006,621438,3241,123015,4.92204726904068,0.16524213079939232
1376,0.1383,2,43,2,55049,621395,3243,123013,4.921706691167152,0.16524943310657597
1377,0.1384,4,55,4,55104,621340,3247,123009,4.921271068305665,0.16525715759677248
1378,0.1385,3,27,3,55131,621313,3250,123006,4.921057217082753,0.16525978780603479
1379,0.1386,3,81,3,55212,621232,3253,123003,4.920415663414016,0.1652744092927637
1380,0.1387,1,25,1,55237,621207,3254,123002,4.920217653022431,0.1652788396807886
1381,0.1388,4,39,4,55276,621168,3258,122998,4.919908756811558,0.16528301481121146
1382,0.1389,2,48,2,55324,621120,3260,122996,4.9195285768597135,0.16529143305613642
1383,0.139,2,35,2,55359,621085,3262,122994,4.919251362311494,0.16529696443522798
1384,0.1391,0,17,0,55376,621068,3262,122994,4.919116715245216,0.16530074106727666
1385,0.1392,3,62,3,55438,621006,3265,122991,4.918625649474085,0.16531115044818728
1386,0.1393,6,64,6,55502,620942,3271,122985,4.918118742871626,0.16531864013538963
1387,0.1394,2,20,2,55522,620922,3273,122983,4.917960334558358,0.16532084069874514
1388,0.1395,1,17,1,55539,620905,3274,122982,4.91782568749208,0.1653234967138826
1389,0.1396,3,50,3,55589,620855,3277,122979,4.917429666708909,0.16533124326126528
1390,0.1397,6,41,6,55630,620814,3283,122973,4.917104929666709,0.16533362373905433
1391,0.1398,3,26,3,55656,620788,3286,122970,4.91689899885946,0.1653360367216218
1392,0.1399,7,41,7,55697,620747,3293,122963,4.91657426181726,0.16533729545118392
1393,0.14,6,77,6,55774,620670,3299,122957,4.915964389811177,0.16534768102825745
1394,0.1401,1,10,1,55784,620660,3300,122956,4.915885185654544,0.16534878216714002
1395,0.1402,8,40,8,55824,620620,3308,122948,4.915568369028007,0.16534869709293568
1396,0.1403,3,53,3,55877,620567,3311,122945,4.915148586997845,0.16535711595777877
1397,0.1404,3,25,3,55902,620542,3314,122942,4.914950576606261,0.1653593083375029
1398,0.1405,1,27,1,55929,620515,3315,122941,4.9147367253833485,0.165364191021392
1399,0.1406,5,51,5,55980,620464,3320,122936,4.914332784184514,0.16536992198009148
1400,0.1407,2,32,2,56012,620432,3322,122934,4.914079330883284,0.1653747951883729
1401,0.1408,1,22,1,56034,620410,3323,122933,4.913905081738689,0.1653785668258126
1402,0.1409,3,59,3,56093,620351,3326,122930,4.913437777214548,0.16538832554578956
1403,0.141,7,43,7,56136,620308,3333,122923,4.9130971993410215,0.16539003351582482
1404,0.1411,8,83,8,56219,620225,3341,122915,4.912439804840958,0.16539952095163765
1405,0.1412,3,34,3,56253,620191,3344,122912,4.912170510708402,0.165403719269065
1406,0.1413,4,45,4,56298,620146,3348,122908,4.9118140920035485,0.16540924347355643
1407,0.1414,2,71,2,56369,620075,3350,122906,4.911251742491446,0.1654228035441014
1408,0.1415,2,27,2,56396,620048,3352,122904,4.911037891268534,0.16542656860739322
1409,0.1416,3,34,3,56430,620014,3355,122901,4.910768597135978,0.16543076933431147
1410,0.1417,2,61,2,56491,619953,3357,122899,4.910285451780509,0.16544210690689398
1411,0.1418,5,38,5,56529,619915,3362,122894,4.9099844759853,0.16544495287483055
1412,0.1419,4,39,4,56568,619876,3366,122890,4.909675579774427,0.1654491454913122
1413,0.142,2,52,2,56620,619824,3368,122888,4.909263718159929,0.16545848188799966
1414,0.1421,2,31,2,56651,619793,3370,122886,4.9090181852743635,0.16546314087243613
1415,0.1422,3,39,3,56690,619754,3373,122883,4.9087092890634905,0.165468459018336
1416,0.1423,2,16,2,56706,619738,3375,122881,4.908582562412875,0.16546977656106293
1417,0.1424,2,22,2,56728,619716,3377,122879,4.90840831326828,0.16547243113675691
1418,0.1425,4,57,4,56785,619659,3381,122875,4.9079568495754655,0.16548063792365064
1419,0.1426,5,40,5,56825,619619,3386,122870,4.90764003294893,0.16548393309530512
1420,0.1427,2,25,2,56850,619594,3388,122868,4.907442022557344,0.16548725726030422
1421,0.1428,3,45,3,56895,619549,3391,122865,4.90708560385249,0.1654939157936138
1422,0.1429,2,25,2,56920,619524,3393,122863,4.906887593460905,0.16549724065750074
1423,0.143,3,26,3,56946,619498,3396,122860,4.906681662653656,0.16549966458231744
1424,0.1431,3,61,3,57007,619437,3399,122857,4.906198517298188,0.16550989230682184
1425,0.1432,5,36,5,57043,619401,3404,122852,4.905913382334305,0.1655122983672683
1426,0.1433,1,41,1,57084,619360,3405,122851,4.905588645292105,0.16552031699880493
1427,0.1434,1,21,1,57105,619339,3406,122850,4.905422316563174,0.16552387599385063
1428,0.1435,1,137,1,57242,619202,3407,122849,4.904337219617285,0.16555331102579202
1429,0.1436,5,31,5,57273,619171,3412,122844,4.90409168673172,0.16555460469127983
1430,0.1437,2,75,2,57348,619096,3414,122842,4.903497655556964,0.16556909067873596
1431,0.1438,7,128,7,57476,618968,3421,122835,4.902483842352047,0.1655897859674334
1432,0.1439,3,47,3,57523,618921,3424,122832,4.902111582815866,0.16559690355145176
1433,0.144,3,44,3,57567,618877,3427,122829,4.901763084526676,0.16560335227165482
1434,0.1441,4,60,4,57627,618817,3431,122825,4.901287859586871,0.16561224957594095
1435,0.1442,3,36,3,57663,618781,3434,122822,4.901002724622988,0.16561691363168704
1436,0.1443,4,69,4,57732,618712,3438,122818,4.900456215942213,0.1656278235540032
1437,0.1444,7,101,7,57833,618611,3445,122811,4.899656253960208,0.16564250858485452
1438,0.1445,0,34,0,57867,618577,3445,122811,4.899386959827652,0.1656501049383049
1439,0.1446,1,20,1,57887,618557,3446,122810,4.899228551514383,0.1656534482921414
1440,0.1447,1,28,1,57915,618529,3447,122809,4.8990067798758075,0.16565857948735935
1441,0.1448,2,44,2,57959,618485,3449,122807,4.898658281586617,0.16566616124280312
1442,0.1449,2,18,2,57977,618467,3451,122805,4.8985157141046765,0.16566793295848217
1443,0.145,4,38,4,58015,618429,3455,122801,4.898214738309466,0.16567192369439984
1444,0.1451,1,16,1,58031,618413,3456,122800,4.898088011658852,0.16567437430266332
1445,0.1452,2,34,2,58065,618379,3458,122798,4.897818717526296,0.16567972292718203
1446,0.1453,4,57,4,58122,618322,3462,122794,4.897367253833481,0.16568796247820855
1447,0.1454,3,44,3,58166,618278,3465,122791,4.897018755544291,0.16569442251666175
1448,0.1455,4,61,4,58227,618217,3469,122787,4.896535610188823,0.16570355895514735
1449,0.1456,2,77,2,58304,618140,3471,122785,4.89592573818274,0.16571852751628033
1450,0.1457,3,37,3,58341,618103,3474,122782,4.8956326828031935,0.16572342536291057
1451,0.1458,4,36,4,58377,618067,3478,122778,4.895347547839311,0.16572697392841956
1452,0.1459,5,80,5,58457,617987,3483,122773,4.894713914586237,0.16573924077973973
1453,0.146,10,81,10,58538,617906,3493,122763,4.894072360917501,0.1657461025100281
1454,0.1461,7,57,7,58595,617849,3500,122756,4.893620897224686,0.16575097386596094
1455,0.1462,0,15,0,58610,617834,3500,122756,4.8935020909897355,0.1657543310063598
1456,0.1463,3,59,3,58669,617775,3503,122753,4.893034786465594,0.16576415746602424
1457,0.1464,3,31,3,58700,617744,3506,122750,4.892789253580028,0.16576771722660819
1458,0.1465,0,27,0,58727,617717,3506,122750,4.8925754023571155,0.1657737616936339
1459,0.1466,2,25,2,58752,617692,3508,122748,4.89237739196553,0.16577710550483496
1460,0.1467,1,41,1,58793,617651,3509,122747,4.89205265492333,0.1657851587929735
1461,0.1468,3,40,3,58833,617611,3512,122744,4.8917358382967935,0.16579073552552492
1462,0.1469,0,40,0,58873,617571,3512,122744,4.8914190216702575,0.16579969337376657
1463,0.147,1,28,1,58901,617543,3513,122743,4.891197250031682,0.1658048375897964
1464,0.1471,6,34,6,58935,617509,3519,122737,4.890927955899126,0.16580569162143396
1465,0.1472,7,40,7,58975,617469,3526,122730,4.890611139272589,0.16580676277595618
1466,0.1473,3,39,3,59014,617430,3529,122727,4.890302243061716,0.16581211823977884
1467,0.1474,7,30,7,59044,617400,3536,122720,4.890064630591813,0.16581094957574447
1468,0.1475,3,33,3,59077,617367,3539,122717,4.889803256874921,0.16581496154490571
1469,0.1476,2,32,2,59109,617335,3541,122715,4.889549803573692,0.16581987703533546
1470,0.1477,3,51,3,59160,617284,3544,122712,4.889145862374858,0.1658279233941805
1471,0.1478,2,55,2,59215,617229,3546,122710,4.88871023951337,0.16583799475362157
1472,0.1479,0,13,0,59228,617216,3546,122710,4.888607274109745,0.16584090841516583
1473,0.148,0,58,0,59286,617158,3546,122710,4.888147890001267,0.16585390907567296
1474,0.1481,2,26,2,59312,617132,3548,122708,4.887941959194018,0.16585748269896194
1475,0.1482,1,25,1,59337,617107,3549,122707,4.8877439488024335,0.16586195989802843
1476,0.1483,1,39,1,59376,617068,3550,122706,4.88743505259156,0.16586957638413893
1477,0.1484,5,33,5,59409,617035,3555,122701,4.887173678874667,0.1658713378827041
1478,0.1485,2,23,2,59432,617012,3557,122699,4.8869915093144085,0.16587424007484003
1479,0.1486,2,24,2,59456,616988,3559,122697,4.886801419338487,0.16587736671691328
1480,0.1487,1,25,1,59481,616963,3560,122696,4.886603408946901,0.16588184555315355
1481,0.1488,3,53,3,59534,616910,3563,122693,4.886183626916741,0.16589034928197965
1482,0.1489,0,28,0,59562,616882,3563,122693,4.885961855278165,0.16589662982118109
1483,0.149,2,42,2,59604,616840,3565,122691,4.885629197820301,0.1659037957840848
1484,0.1491,4,55,4,59659,616785,3569,122687,4.885193574958814,0.16591162342860852
1485,0.1492,4,51,4,59710,616734,3573,122683,4.88478963375998,0.16591855475327183
1486,0.1493,5,31,5,59741,616703,3578,122678,4.884544100874414,0.16591987081085394
1487,0.1494,3,51,3,59792,616652,3581,122675,4.88414015967558,0.16592793175414938
1488,0.1495,1,21,1,59813,616631,3582,122674,4.8839738309466485,0.16593151676236464
1489,0.1496,0,32,0,59845,616599,3582,122674,4.883720377645419,0.16593869923560037
1490,0.1497,2,35,2,59880,616564,3584,122672,4.8834431630971995,0.16594429924949541
1491,0.1498,2,34,2,59914,616530,3586,122670,4.883173868964644,0.16594967532467533
1492,0.1499,5,48,5,59962,616482,3591,122665,4.882793689012799,0.16595481007160956
1493,0.15,5,104,5,60066,616378,3596,122660,4.881969965783805,0.1659725210341011
1494,0.1501,1,32,1,60098,616346,3597,122659,4.881716512482575,0.1659785793059587
1495,0.1502,4,70,4,60168,616276,3601,122655,4.881162083386136,0.1659897879504311
1496,0.1503,6,52,6,60220,616224,3607,122649,4.880750221771638,0.16599469732958166
1497,0.1504,2,19,2,60239,616205,3609,122647,4.880599733874034,0.1659967084070964
1498,0.1505,3,59,3,60298,616146,3612,122644,4.880132429349892,0.1660065783240163
1499,0.1506,3,39,3,60337,616107,3615,122641,4.879823533139019,0.1660119553623157
1500,0.1507,1,31,1,60368,616076,3616,122640,4.879578000253454,0.1660177930354832
1501,0.1508,2,67,2,60435,616009,3618,122638,4.879047332404005,0.16603059377483426
1502,0.1509,2,54,2,60489,615955,3620,122636,4.87861962995818,0.16604047436267164
1503,0.151,3,59,3,60548,615896,3623,122633,4.878152325434039,0.16605035144185265
1504,0.1511,3,57,3,60605,615839,3626,122630,4.877700861741224,0.16605978043763517
1505,0.1512,0,52,0,60657,615787,3626,122630,4.877289000126726,0.16607147451914026
1506,0.1513,1,23,1,60680,615764,3627,122629,4.877106830566468,0.16607551805068574
1507,0.1514,3,35,3,60715,615729,3630,122626,4.876829616018249,0.1660800021669793
1508,0.1515,5,37,5,60752,615692,3635,122621,4.876536560638702,0.16608267767193588
1509,0.1516,1,15,1,60767,615677,3636,122620,4.876417754403751,0.16608492246345305
1510,0.1517,4,64,4,60831,615613,3640,122616,4.8759108478012925,0.16609480256126485
1511,0.1518,2,28,2,60859,615585,3642,122614,4.875689076162717,0.16609884326584023
1512,0.1519,2,27,2,60886,615558,3644,122612,4.875475224939805,0.16610265927902787
1513,0.152,5,111,5,60997,615447,3649,122607,4.874596058801166,0.16612199107382386
1514,0.1521,2,30,2,61027,615417,3651,122605,4.8743584463312635,0.1661264840343513
1515,0.1522,3,86,3,61113,615331,3654,122602,4.87367729058421,0.16614245466729363
1516,0.1523,7,39,7,61152,615292,3661,122595,4.873368394373337,0.1661433254685338
1517,0.1524,3,48,3,61200,615244,3664,122592,4.872988214421492,0.16615074352566153
1518,0.1525,3,66,3,61266,615178,3667,122589,4.872465466987707,0.16616221652635588
1519,0.1526,4,19,4,61285,615159,3671,122585,4.872314979090103,0.16616197488559717
1520,0.1527,0,42,0,61327,615117,3671,122585,4.871982321632239,0.166171435078121
1521,0.1528,7,28,7,61355,615089,3678,122578,4.871760549993664,0.16616983001815183
1522,0.1529,4,73,4,61428,615016,3682,122574,4.871182359650234,0.16618175409102617
1523,0.153,4,75,4,61503,614941,3686,122570,4.8705883284754785,0.16619413134176983
1524,0.1531,5,36,5,61539,614905,3691,122565,4.870303193511596,0.16619659104777143
1525,0.1532,3,26,3,61565,614879,3694,122562,4.870097262704347,0.16619905863655532
1526,0.1533,7,67,7,61632,614812,3701,122555,4.869566594854898,0.16620624465157785
1527,0.1534,4,76,4,61708,614736,3705,122551,4.868964643264478,0.1662188537163954
1528,0.1535,1,36,1,61744,614700,3706,122550,4.868679508300596,0.16622583926754833
1529,0.1536,7,78,7,61822,614622,3713,122543,4.8680617158788495,0.16623551036742112
1530,0.1537,2,27,2,61849,614595,3715,122541,4.867847864655937,0.16623933711011266
1531,0.1538,1,57,1,61906,614538,3716,122540,4.8673964009631225,0.16625106162441425
1532,0.1539,6,64,6,61970,614474,3722,122534,4.866889494360664,0.16625871089594685
1533,0.154,2,27,2,61997,614447,3724,122532,4.866675643137752,0.16626253936679336
1534,0.1541,0,54,0,62051,614393,3724,122532,4.8662479406919275,0.16627472266512874
1535,0.1542,2,31,2,62082,614362,3726,122530,4.866002407806362,0.16627945479120415
1536,0.1543,3,32,3,62114,614330,3729,122527,4.865748954505133,0.1662832815593799
1537,0.1544,3,21,3,62135,614309,3732,122524,4.8655826257762005,0.1662846262314527
1538,0.1545,4,84,4,62219,614225,3736,122520,4.8649173108604735,0.16629905869737832
1539,0.1546,4,84,4,62303,614141,3740,122516,4.864251995944747,0.16631349461146774
1540,0.1547,6,45,6,62348,614096,3746,122510,4.8638955772398935,0.16631686410374066
1541,0.1548,1,59,1,62407,614037,3747,122509,4.863428272715752,0.16632905480445212
1542,0.1549,2,32,2,62439,614005,3749,122507,4.863174819414523,0.1663340176399027
1543,0.155,1,32,1,62471,613973,3750,122506,4.8629213661132935,0.16634011288848696
1544,0.1551,4,32,4,62503,613941,3754,122502,4.862667912812064,0.16634281268204057
1545,0.1552,4,100,4,62603,613841,3758,122498,4.861875871245723,0.16636087454283965
1546,0.1553,3,35,3,62638,613806,3761,122495,4.861598656697503,0.16636538589517058
1547,0.1554,3,37,3,62675,613769,3764,122492,4.861305601317957,0.16637034964503078
1548,0.1555,4,45,4,62720,613724,3768,122488,4.860949182613104,0.16637598952475646
1549,0.1556,2,23,2,62743,613701,3770,122486,4.860767013052845,0.16637892274653043
1550,0.1557,0,24,0,62767,613677,3770,122486,4.860576923076923,0.16638434694490215
1551,0.1558,5,99,5,62866,613578,3775,122481,4.859792801926245,0.1664010629582683
1552,0.1559,10,53,10,62919,613525,3785,122471,4.8593730198960845,0.1664017195745629
1553,0.156,2,30,2,62949,613495,3787,122469,4.859135407426182,0.1664062372616052
1554,0.1561,1,53,1,63002,613442,3788,122468,4.85871562539602,0.16641708904621488
1555,0.1562,3,64,3,63066,613378,3791,122465,4.858208718793562,0.16642816470361205
1556,0.1563,6,52,6,63118,613326,3797,122459,4.857796857179065,0.16643312924291742
1557,0.1564,5,41,5,63159,613285,3802,122454,4.8574721201368645,0.16643673911536563
1558,0.1565,5,69,5,63228,613216,3807,122449,4.856925611456089,0.1664466842924429
1559,0.1566,3,18,3,63246,613198,3810,122446,4.856783043974148,0.16644735768931712
1560,0.1567,4,31,4,63277,613167,3814,122442,4.856537511088582,0.16644983952072365
1561,0.1568,1,31,1,63308,613136,3815,122441,4.856291978203016,0.16645572115495727
1562,0.1569,9,63,9,63371,613073,3824,122432,4.855792992016221,0.16645977933528663
1563,0.157,2,38,2,63409,613035,3826,122430,4.855492016221011,0.16646611327527483
1564,0.1571,1,35,1,63444,613000,3827,122429,4.855214801672791,0.16647290221081845
1565,0.1572,3,33,3,63477,612967,3830,122426,4.854953427955899,0.16647697217678167
1566,0.1573,3,42,3,63519,612925,3833,122423,4.854620770498036,0.16648308011988883
1567,0.1574,5,74,5,63593,612851,3838,122418,4.854034659738943,0.1664941674407598
1568,0.1575,6,54,6,63647,612797,3844,122412,4.853606957293119,0.16649959399300063
1569,0.1576,5,41,5,63688,612756,3849,122407,4.853282220250919,0.16650321085255923
1570,0.1577,2,33,2,63721,612723,3851,122405,4.853020846534026,0.16650841758170007
1571,0.1578,8,55,8,63776,612668,3859,122397,4.852585223672539,0.16651180507846244
1572,0.1579,9,58,9,63834,612610,3868,122388,4.85212583956406,0.16651473881561582
1573,0.158,14,202,14,64036,612408,3882,122374,4.850525915600051,0.16654463500738995
1574,0.1581,1,67,1,64103,612341,3883,122373,4.849995247750602,0.16655868814259697
1575,0.1582,5,47,5,64150,612294,3888,122368,4.8496229882144215,0.16656367145707823
1576,0.1583,1,38,1,64188,612256,3889,122367,4.849322012419211,0.16657115282260423
1577,0.1584,0,24,0,64212,612232,3889,122367,4.84913192244329,0.16657659484970713
1578,0.1585,5,44,5,64256,612188,3894,122362,4.8487834241540995,0.16658089987066912
1579,0.1586,6,75,6,64331,612113,3900,122356,4.848189392979344,0.16659110187087542
1580,0.1587,2,48,2,64379,612065,3902,122354,4.8478092130274995,0.1665997203231398
1581,0.1588,5,41,5,64420,612024,3907,122349,4.8474844759853,0.1666033473452864
1582,0.1589,9,29,9,64449,611995,3916,122340,4.847254783931061,0.1665997126652005
1583,0.159,7,61,7,64510,611934,3923,122333,4.846771638575593,0.1666056080417614
1584,0.1591,5,40,5,64550,611894,3928,122328,4.846454821949056,0.16660900926422798
1585,0.1592,9,81,9,64631,611813,3937,122319,4.845813268280319,0.16661717511292248
1586,0.1593,2,42,2,64673,611771,3939,122317,4.845480610822456,0.1666244373971513
1587,0.1594,2,17,2,64690,611754,3941,122315,4.845345963756178,0.1666260256188451
1588,0.1595,4,43,4,64733,611711,3945,122311,4.845005385882651,0.1666312453850157
1589,0.1596,4,77,4,64810,611634,3949,122307,4.844395513876568,0.16664418529554828
1590,0.1597,4,46,4,64856,611588,3953,122303,4.844031174756052,0.1666500883646209
1591,0.1598,7,83,7,64939,611505,3960,122296,4.8433737802559875,0.16666098846962596
1592,0.1599,4,68,4,65007,611437,3964,122292,4.842835191990876,0.16667189112056358
1593,0.16,4,55,4,65062,611382,3968,122288,4.8423995691293875,0.16667984243597259
1594,0.1601,4,40,4,65102,611342,3972,122284,4.842082752502852,0.1666843868674229
1595,0.1602,8,78,8,65180,611264,3980,122276,4.8414649600811055,0.1666930228753715
1596,0.1603,0,24,0,65204,611240,3980,122276,4.841274870105183,0.16669847692483872
1597,0.1604,5,56,5,65260,611184,3985,122271,4.840831326828032,0.1667055238562693
1598,0.1605,0,87,0,65347,611097,3985,122271,4.840142250665315,0.16672530025853324
1599,0.1606,1,41,1,65388,611056,3986,122270,4.839817513623115,0.16673348551667336
1600,0.1607,5,54,5,65442,611002,3991,122265,4.83938981117729,0.1667400823983624
1601,0.1608,2,35,2,65477,610967,3993,122263,4.839112596629071,0.1667457687219563
1602,0.1609,3,57,3,65534,610910,3996,122260,4.838661132936257,0.16675532277643657
1603,0.161,7,65,7,65599,610845,4003,122253,4.838146305918134,0.16676215185418594
1604,0.1611,3,41,3,65640,610804,4006,122250,4.837821568875935,0.1667680689280735
1605,0.1612,5,73,5,65713,610731,4011,122245,4.837243378532506,0.16677899412804784
1606,0.1613,2,38,2,65751,610693,4013,122243,4.836942402737296,0.16678536734448846
1607,0.1614,1,31,1,65782,610662,4014,122242,4.83669686985173,0.16679128507962843
1608,0.1615,2,43,2,65825,610619,4016,122240,4.836356291978203,0.16679879758589305
1609,0.1616,6,42,6,65867,610577,4022,122234,4.836023634520339,0.16680153545730073
1610,0.1617,2,33,2,65900,610544,4024,122232,4.835762260803447,0.16680677314759218
1611,0.1618,0,13,0,65913,610531,4024,122232,4.8356592953998225,0.16680973247830472
1612,0.1619,2,40,2,65953,610491,4026,122230,4.835342478773286,0.16681656455867921
1613,0.162,4,85,4,66038,610406,4030,122226,4.834669243441896,0.1668313696371439
1614,0.1621,2,45,2,66083,610361,4032,122224,4.834312824737042,0.16683934287488825
1615,0.1622,3,43,3,66126,610318,4035,122221,4.833972246863516,0.16684572425495434
1616,0.1623,7,65,7,66191,610253,4042,122214,4.833457419845393,0.16685256810204419
1617,0.1624,3,44,3,66235,610209,4045,122211,4.833108921556203,0.16685917915949866
1618,0.1625,6,161,6,66396,610048,4051,122205,4.831833734634394,0.16688903971714694
1619,0.1626,4,56,4,66452,609992,4055,122201,4.831390191357243,0.16689725250036533
1620,0.1627,8,60,8,66512,609932,4063,122193,4.830914966417438,0.16690182687382618
1621,0.1628,7,133,7,66645,609799,4070,122186,4.829861551134203,0.16692418560489627
1622,0.1629,8,57,8,66702,609742,4078,122178,4.8294100874413886,0.16692807957153788
1623,0.163,3,58,3,66760,609684,4081,122175,4.828950703332911,0.1669378937746205
1624,0.1631,3,16,3,66776,609668,4084,122172,4.828823976682297,0.1669381285526891
1625,0.1632,3,54,3,66830,609614,4087,122169,4.828396274236472,0.16694703211197856
1626,0.1633,6,75,6,66905,609539,4093,122163,4.827802243061716,0.16695731322314275
1627,0.1634,2,15,2,66920,609524,4095,122161,4.8276834368267645,0.1669584588996631
1628,0.1635,1,19,1,66939,609505,4096,122160,4.82753294892916,0.1669616559491024
1629,0.1636,3,38,3,66977,609467,4099,122157,4.82723197313395,0.16696691196570917
1630,0.1637,4,48,4,67025,609419,4103,122153,4.826851793182106,0.16697331226454812
1631,0.1638,2,42,2,67067,609377,4105,122151,4.826519135724243,0.16698062138428058
1632,0.1639,2,32,2,67099,609345,4107,122149,4.8262656824230135,0.16698564854940712
1633,0.164,3,36,3,67135,609309,4110,122146,4.825980547459131,0.16699045054036132
1634,0.1641,8,247,8,67382,609062,4118,122138,4.824024204790267,0.16703774617067835
1635,0.1642,3,21,3,67403,609041,4121,122135,4.823857876061336,0.16703912601070056
1636,0.1643,13,144,13,67547,608897,4134,122122,4.8227173362058045,0.16705721739106644
1637,0.1644,2,33,2,67580,608864,4136,122120,4.822455962488911,0.16706248016372452
1638,0.1645,8,43,8,67623,608821,4144,122112,4.822115384615385,0.16706319183837642
1639,0.1646,2,30,2,67653,608791,4146,122110,4.821877772145482,0.16706776978003862
1640,0.1647,2,43,2,67696,608748,4148,122108,4.821537194271955,0.16707531989885832
1641,0.1648,2,60,2,67756,608688,4150,122106,4.821061969332151,0.16708675769094986
1642,0.1649,2,46,2,67802,608642,4152,122104,4.820697630211633,0.16709499607250672
1643,0.165,3,79,3,67881,608563,4155,122101,4.820071917374224,0.16710964273592238
1644,0.1651,2,23,2,67904,608540,4157,122099,4.819889747813965,0.1671126233338215
1645,0.1652,9,171,9,68075,608369,4166,122090,4.818535356735522,0.1671414822734746
1646,0.1653,3,27,3,68102,608342,4169,122087,4.81832150551261,0.16714423989189914
1647,0.1654,7,62,7,68164,608280,4176,122080,4.817830439741478,0.16715044635522208
1648,0.1655,8,41,8,68205,608239,4184,122072,4.817505702699278,0.16715070702755402
1649,0.1656,5,40,5,68245,608199,4189,122067,4.817188886072741,0.16715416026488977
1650,0.1657,4,45,4,68290,608154,4193,122063,4.816832467367887,0.16715989904370893
1651,0.1658,10,42,10,68332,608112,4203,122053,4.816499809910024,0.16715810809885437
1652,0.1659,4,33,4,68365,608079,4207,122049,4.816238436193132,0.16716110051936098
1653,0.166,7,86,7,68451,607993,4214,122042,4.815557280446078,0.16717280678323643
1654,0.1661,2,63,2,68514,607930,4216,122040,4.815058294259282,0.1671849528062797
1655,0.1662,4,28,4,68542,607902,4220,122036,4.814836522620707,0.16718680216675938
1656,0.1663,8,115,8,68657,607787,4228,122028,4.813925674819415,0.1672040174564787
1657,0.1664,6,67,6,68724,607720,4234,122022,4.813395006969966,0.16721252168574646
1658,0.1665,6,45,6,68769,607675,4240,122016,4.813038588265112,0.16721598594473552
1659,0.1666,3,39,3,68808,607636,4243,122013,4.812729692054239,0.16722149965257269
1660,0.1667,4,62,4,68870,607574,4247,122009,4.812238626283107,0.16723114436602826
1661,0.1668,3,56,3,68926,607518,4250,122006,4.811795083005956,0.16724055685625147
1662,0.1669,13,113,13,69039,607405,4263,121993,4.81090007603599,0.16725162394193568
1663,0.167,3,40,3,69079,607365,4266,121990,4.810583259409454,0.16725737123897141
1664,0.1671,2,41,2,69120,607324,4268,121988,4.810258522367254,0.16726449036900531
1665,0.1672,2,52,2,69172,607272,4270,121986,4.809846660752756,0.16727413343425784
1666,0.1673,4,36,4,69208,607236,4274,121982,4.809561525788873,0.16727782364121566
1667,0.1674,1,27,1,69235,607209,4275,121981,4.809347674565961,0.16728287551941196
1668,0.1675,6,87,6,69322,607122,4281,121975,4.808658598403245,0.1672959839362938
1669,0.1676,2,51,2,69373,607071,4283,121973,4.80825465720441,0.16730540269174426
1670,0.1677,7,39,7,69412,607032,4290,121966,4.807945760993537,0.1673063574934362
1671,0.1678,5,65,5,69477,606967,4295,121961,4.807430933975415,0.16731556477457307
1672,0.1679,2,29,2,69506,606938,4297,121959,4.807201241921176,0.16731993683606874
1673,0.168,1,20,1,69526,606918,4298,121958,4.807042833607908,0.16732338559645263
1674,0.1681,3,74,3,69600,606844,4301,121955,4.806456722848815,0.16733694749855585
1675,0.1682,4,23,4,69623,606821,4305,121951,4.8062745532885565,0.167337658417173
1676,0.1683,1,37,1,69660,606784,4306,121950,4.80598149790901,0.16734501203456953
1677,0.1684,5,45,5,69705,606739,4311,121945,4.805625079204157,0.16734963303709152
1678,0.1685,4,97,4,69802,606642,4315,121941,4.804856798884805,0.1673673418128065
1679,0.1686,6,60,6,69862,606582,4321,121935,4.804381573945,0.16737426854829743
1680,0.1687,1,44,1,69906,606538,4322,121934,4.80403307565581,0.1673832350454101
1681,0.1688,2,110,2,70016,606428,4324,121932,4.803161829932835,0.16740622768960403
1682,0.1689,0,35,0,70051,606393,4324,121932,4.802884615384615,0.16741427247451343
1683,0.169,4,63,4,70114,606330,4328,121928,4.80238562919782,0.1674241820893145
1684,0.1691,4,40,4,70154,606290,4332,121924,4.802068812571283,0.16742880526878087
1685,0.1692,1,34,1,70188,606256,4333,121923,4.801799518438727,0.16743547946315399
1686,0.1693,2,26,2,70214,606230,4335,121921,4.801593587631479,0.1674391712707941
1687,0.1694,1,55,1,70269,606175,4336,121920,4.801157964769991,0.16745067607935776
1688,0.1695,3,34,3,70303,606141,4339,121917,4.800888670637435,0.16745506539314176
1689,0.1696,1,16,1,70319,606125,4340,121916,4.800761943986821,0.1674576019757129
1690,0.1697,7,32,7,70351,606093,4347,121909,4.8005084906855915,0.16745695753583095
1691,0.1698,2,34,2,70385,606059,4349,121907,4.800239196553035,0.16746249138009192
1692,0.1699,0,31,0,70416,606028,4349,121907,4.799993663667469,0.16746962297457876
1693,0.17,3,32,3,70448,605996,4352,121904,4.79974021036624,0.16747355405962358
1694,0.1701,3,22,3,70470,605974,4355,121901,4.799565961221645,0.16747518461274258
1695,0.1702,2,25,2,70495,605949,4357,121899,4.799367950830059,0.16747864938833382
1696,0.1703,4,42,4,70537,605907,4361,121895,4.799035293372196,0.16748373870915442
1697,0.1704,6,64,6,70601,605843,4367,121889,4.798528386769737,0.16749160405204114
1698,0.1705,4,62,4,70663,605781,4371,121885,4.798037320998606,0.16750129867274272
1699,0.1706,11,72,11,70735,605709,4382,121874,4.79746705107084,0.1675052880564829
1700,0.1707,5,56,5,70791,605653,4387,121869,4.797023507793689,0.16751246010429924
1701,0.1708,2,35,2,70826,605618,4389,121867,4.796746293245469,0.16751823061643883
1702,0.1709,4,80,4,70906,605538,4393,121863,4.796112659992397,0.16753207653000202
1703,0.171,5,35,5,70941,605503,4398,121858,4.795835445444177,0.16753441551031745
1704,0.1711,5,29,5,70970,605474,4403,121853,4.795605753389938,0.1675353726728143
1705,0.1712,3,65,3,71035,605409,4406,121850,4.795090926371816,0.16754691244797246
1706,0.1713,3,53,3,71088,605356,4409,121847,4.794671144341655,0.16755568940172139
1707,0.1714,2,33,2,71121,605323,4411,121845,4.794409770624762,0.16756100378454497
1708,0.1715,1,19,1,71140,605304,4412,121844,4.7942592827271575,0.16756423726669123
1709,0.1716,0,24,0,71164,605280,4412,121844,4.794069192751236,0.1675697680175596
1710,0.1717,4,19,4,71183,605261,4416,121840,4.793918704853631,0.16756956736409384
1711,0.1718,1,31,1,71214,605230,4417,121839,4.793673171968065,0.16757556710573548
1712,0.1719,1,26,1,71240,605204,4418,121838,4.793467241160816,0.16758041488662279
1713,0.172,4,41,4,71281,605163,4422,121834,4.793142504118616,0.1675852857714681
1714,0.1721,4,163,4,71444,605000,4426,121830,4.79185147636548,0.16761828763259634
1715,0.1722,3,48,3,71492,604952,4429,121827,4.7914712964136355,0.16762592204783022
1716,0.1723,2,32,2,71524,604920,4431,121825,4.791217843112406,0.16763101225326626
1717,0.1724,4,70,4,71594,604850,4435,121821,4.790663414015968,0.16764257827820292
1718,0.1725,4,43,4,71637,604807,4439,121817,4.79032283614244,0.1676479169419122
1719,0.1726,4,33,4,71670,604774,4443,121813,4.790061462425548,0.16765094888843318
1720,0.1727,3,44,3,71714,604730,4446,121810,4.789712964136358,0.1676576650975858
1721,0.1728,3,39,3,71753,604691,4449,121807,4.789404067925485,0.16766322825389746
1722,0.1729,1,79,1,71832,604612,4450,121806,4.788778355088075,0.16768031629172184
1723,0.173,4,29,4,71861,604583,4454,121802,4.788548663033836,0.16768242736289984
1724,0.1731,6,81,6,71942,604502,4460,121796,4.7879071093651,0.1676942522215399
1725,0.1732,11,91,11,72033,604411,4471,121785,4.787186351539729,0.16770265878633317
1726,0.1733,4,66,4,72099,604345,4475,121781,4.786663604105944,0.16771331697253644
1727,0.1734,2,25,2,72124,604320,4477,121779,4.786465593714358,0.16771679894890365
1728,0.1735,11,94,11,72218,604226,4488,121768,4.785721074641997,0.16772590407083254
1729,0.1736,3,74,3,72292,604152,4491,121765,4.785134963882904,0.16773956251196762
1730,0.1737,9,81,9,72373,604071,4500,121756,4.784493410214168,0.16774796197992084
1731,0.1738,7,60,7,72433,604011,4507,121749,4.7840181852743635,0.1677538029100529
1732,0.1739,6,56,6,72489,603955,4513,121743,4.783574641997212,0.16775986705213464
1733,0.174,4,32,4,72521,603923,4517,121739,4.783321188695982,0.16776267738974895
1734,0.1741,3,53,3,72574,603870,4520,121736,4.782901406665822,0.16777149031292465
1735,0.1742,4,70,4,72644,603800,4524,121732,4.782346977569383,0.1677830888230981
1736,0.1743,2,55,2,72699,603745,4526,121730,4.781911354707895,0.16779351459388675
1737,0.1744,3,67,3,72766,603678,4529,121727,4.781380686858446,0.16780557068120566
1738,0.1745,6,58,6,72824,603620,4535,121721,4.780921302749968,0.16781210492719975
1739,0.1746,8,61,8,72885,603559,4543,121713,4.7804381573945,0.16781703967614908
1740,0.1747,9,110,9,72995,603449,4552,121704,4.779566911671525,0.16783216783216784
1741,0.1748,0,51,0,73046,603398,4552,121704,4.77916297047269,0.16784397229631143
1742,0.1749,3,35,3,73081,603363,4555,121701,4.778885755924471,0.16784863129323757
1743,0.175,0,25,0,73106,603338,4555,121701,4.778687745532886,0.1678544188657438
1744,0.1751,6,58,6,73164,603280,4561,121695,4.778228361424407,0.16786096072278353
1745,0.1752,4,28,4,73192,603252,4565,121691,4.778006589785832,0.16786285266565784
1746,0.1753,5,60,5,73252,603192,4570,121686,4.777531364846027,0.16787100725915258
1747,0.1754,1,26,1,73278,603166,4571,121685,4.7773254340387785,0.16787588069824005
1748,0.1755,4,43,4,73321,603123,4575,121681,4.776984856165251,0.1678812478959829
1749,0.1756,2,50,2,73371,603073,4577,121679,4.776588835382081,0.16789053358942094
1750,0.1757,3,59,3,73430,603014,4580,121676,4.77612153085794,0.1679007575653038
1751,0.1758,5,42,5,73472,602972,4585,121671,4.775788873400076,0.16790474757915277
1752,0.1759,3,68,3,73540,602904,4588,121668,4.775250285134964,0.1679170600023186
1753,0.176,3,40,3,73580,602864,4591,121665,4.7749334685084275,0.16792288507430345
1754,0.1761,8,97,8,73677,602767,4599,121657,4.774165188189076,0.16793618102105948
1755,0.1762,8,49,8,73726,602718,4607,121649,4.773777087821569,0.167938351691891
1756,0.1763,2,51,2,73777,602667,4609,121647,4.773373146622735,0.16794787895857322
1757,0.1764,2,44,2,73821,602623,4611,121645,4.773024648333545,0.16795578432293018
1758,0.1765,8,90,8,73911,602533,4619,121637,4.772311810923838,0.1679674662026872
1759,0.1766,3,39,3,73950,602494,4622,121634,4.772002914712965,0.16797306553537497
1760,0.1767,8,139,8,74089,602355,4630,121626,4.7709019769357495,0.16799612144517606
1761,0.1768,2,20,2,74109,602335,4632,121624,4.770743568622481,0.16799846400141444
1762,0.1769,3,52,3,74161,602283,4635,121621,4.770331707007983,0.16800708381221818
1763,0.177,4,58,4,74219,602225,4639,121617,4.769872322899506,0.16801594823179644
1764,0.1771,5,29,5,74248,602196,4644,121612,4.769642630845267,0.16801693266722667
1765,0.1772,8,195,8,74443,602001,4652,121604,4.768098149790901,0.168053012347897
1766,0.1773,3,37,3,74480,601964,4655,121601,4.767805094411354,0.16805815648905073
1767,0.1774,1,23,1,74503,601941,4656,121600,4.767622924851096,0.16806234892010266
1768,0.1775,4,34,4,74537,601907,4660,121596,4.7673536307185405,0.16806564727444115
1769,0.1776,1,82,1,74619,601825,4661,121595,4.76670415663414,0.1680835475933759
1770,0.1777,8,102,8,74721,601723,4669,121587,4.765896274236472,0.16809804924582822
1771,0.1778,3,25,3,74746,601698,4672,121584,4.765698263844887,0.1681004089691158
1772,0.1779,3,42,3,74788,601656,4675,121581,4.765365606387023,0.16810672020375064
1773,0.178,11,121,11,74909,601535,4686,121570,4.76440723609175,0.16812219525518424
1774,0.1781,1,34,1,74943,601501,4687,121569,4.764137941959194,0.1681289501707995
1775,0.1782,7,124,7,75067,601377,4694,121562,4.76315581041693,0.16814973324167046
1776,0.1783,5,49,5,75116,601328,4699,121557,4.762767710049423,0.16815537741134481
1777,0.1784,2,11,2,75127,601317,4701,121555,4.762680585477126,0.16815563474584713
1778,0.1785,3,20,3,75147,601297,4704,121552,4.7625221771638575,0.16815683496829906
1779,0.1786,10,93,10,75240,601204,4714,121542,4.76178557850716,0.16816696322082722
1780,0.1787,10,58,10,75298,601146,4724,121532,4.761326194398682,0.16816894937994514
1781,0.1788,2,37,2,75335,601109,4726,121530,4.761033139019136,0.1681752576320957
1782,0.1789,1,32,1,75367,601077,4727,121529,4.760779685717907,0.16818155398654316
1783,0.179,5,33,5,75400,601044,4732,121524,4.760518312001014,0.1681834789251669
1784,0.1791,4,26,4,75426,601018,4736,121520,4.760312381193765,0.16818492591393117
1785,0.1792,2,76,2,75502,600942,4738,121518,4.759710429603346,0.16820031558840629
1786,0.1793,4,60,4,75562,600882,4742,121514,4.759235204663541,0.16820968000930236
1787,0.1794,3,36,3,75598,600846,4745,121511,4.758950069699658,0.1682146085661245
1788,0.1795,2,67,2,75665,600779,4747,121509,4.758419401850209,0.1682279090888953
1789,0.1796,4,43,4,75708,600736,4751,121505,4.758078823976683,0.16823331824141802
1790,0.1797,4,64,4,75772,600672,4755,121501,4.757571917374224,0.16824362029596787
1791,0.1798,11,37,11,75809,600635,4766,121490,4.757278861994678,0.16823957071144194
1792,0.1799,11,53,11,75862,600582,4777,121479,4.756859079964516,0.16823924848454633
1793,0.18,5,49,5,75911,600533,4782,121474,4.756470979597009,0.16824490621282065
1794,0.1801,3,54,3,75965,600479,4785,121471,4.756043277151185,0.16825403421289564
1795,0.1802,7,57,7,76022,600422,4792,121464,4.75559181345837,0.16825925423127752
1796,0.1803,2,18,2,76040,600404,4794,121462,4.755449245976429,0.16826114542034118
1797,0.1804,4,32,4,76072,600372,4798,121458,4.7551957926752,0.16826399567765263
1798,0.1805,9,74,9,76146,600298,4807,121449,4.754609681916107,0.1682708760826162
1799,0.1806,0,58,0,76204,600240,4807,121449,4.754150297807629,0.16828439951280955
1800,0.1807,2,33,2,76237,600207,4809,121447,4.753888924090736,0.1682897898438864
1801,0.1808,7,64,7,76301,600143,4816,121440,4.753382017488278,0.16829664778687967
1802,0.1809,6,49,6,76350,600094,4822,121434,4.7529939171207705,0.16830116086970984
1803,0.181,0,13,0,76363,600081,4822,121434,4.752890951717146,0.1683041932600154
1804,0.1811,9,88,9,76451,599993,4831,121425,4.7521939551387655,0.16831434757657834
1805,0.1812,2,49,2,76500,599944,4833,121423,4.751805854771258,0.16832347473616066
1806,0.1813,0,30,0,76530,599914,4833,121423,4.751568242301356,0.1683304752147748
1807,0.1814,6,75,6,76605,599839,4839,121417,4.7509742111266,0.16834106059429663
1808,0.1815,2,27,2,76632,599812,4841,121415,4.750760359903688,0.16834505641081102
1809,0.1816,5,28,5,76660,599784,4846,121410,4.750538588265112,0.16834582650438024
1810,0.1817,12,59,12,76719,599725,4858,121398,4.75007128374097,0.16834576070933807
1811,0.1818,5,30,5,76749,599695,4863,121393,4.749833671271069,0.1683469978698855
1812,0.1819,4,24,4,76773,599671,4867,121389,4.749643581295146,0.1683479876847974
1813,0.182,3,47,3,76820,599624,4870,121386,4.7492713217589655,0.16835550131066143
1814,0.1821,7,41,7,76861,599583,4877,121379,4.748946584716766,0.1683570007850622
1815,0.1822,2,56,2,76917,599527,4879,121377,4.748503041439615,0.1683677715756883
1816,0.1823,3,47,3,76964,599480,4882,121374,4.748130781903434,0.16837528819982964
1817,0.1824,9,193,9,77157,599287,4891,121365,4.746602141680396,0.16840999539306073
1818,0.1825,5,72,5,77229,599215,4896,121360,4.7460318717526295,0.16842105263157894
1819,0.1826,1,54,1,77283,599161,4897,121359,4.745604169306805,0.16843252095708655
1820,0.1827,8,88,8,77371,599073,4905,121351,4.744907172728425,0.16844386083750681
1821,0.1828,8,104,8,77475,598969,4913,121343,4.7440834494994295,0.16845894556803162
1822,0.1829,2,16,2,77491,598953,4915,121341,4.743956722848815,0.1684603786787062
1823,0.183,0,13,0,77504,598940,4915,121341,4.743853757445191,0.1684634191378087
1824,0.1831,2,33,2,77537,598907,4917,121339,4.7435923837282985,0.16846882870574775
1825,0.1832,4,26,4,77563,598881,4921,121335,4.743386452921049,0.16847029224565963
1826,0.1833,2,19,2,77582,598862,4923,121333,4.743235965023445,0.16847242760641215
1827,0.1834,4,55,4,77637,598807,4927,121329,4.7428003421619565,0.16848067587233523
1828,0.1835,1,27,1,77664,598780,4928,121328,4.742586490939044,0.1684858382353758
1829,0.1836,7,65,7,77729,598715,4935,121321,4.742071663920923,0.16849296424067686
1830,0.1837,3,40,3,77769,598675,4938,121318,4.741754847294386,0.1684988604055873
1831,0.1838,6,75,6,77844,598600,4944,121312,4.74116081611963,0.1685094844925491
1832,0.1839,10,118,10,77962,598482,4954,121302,4.7402262070713475,0.16852555766730018
1833,0.184,10,77,10,78039,598405,4964,121292,4.739616335065264,0.16853203500917746
1834,0.1841,5,44,5,78083,598361,4969,121287,4.739267836776074,0.16853656231935613
1835,0.1842,4,30,4,78113,598331,4973,121283,4.7390302243061715,0.16853896672382693
1836,0.1843,5,36,5,78149,598295,4978,121278,4.738745089342289,0.16854162121146846
1837,0.1844,1,39,1,78188,598256,4979,121277,4.738436193131416,0.16854960092170895
1838,0.1845,7,46,7,78234,598210,4986,121270,4.738071854010898,0.16855228776338466
1839,0.1846,10,44,10,78278,598166,4996,121260,4.737723355721708,0.1685510393007759
1840,0.1847,5,41,5,78319,598125,5001,121255,4.737398618679508,0.1685548666907615
1841,0.1848,6,35,6,78354,598090,5007,121249,4.737121404131289,0.1685561327830133
1842,0.1849,3,59,3,78413,598031,5010,121246,4.736654099607147,0.16856649107367538
1843,0.185,3,39,3,78452,597992,5013,121243,4.736345203396274,0.16857216347925227
1844,0.1851,7,52,7,78504,597940,5020,121236,4.735933341781776,0.16857625949697988
1845,0.1852,4,46,4,78550,597894,5024,121232,4.73556900266126,0.16858241810197377
1846,0.1853,2,47,2,78597,597847,5026,121230,4.735196743125079,0.16859112445537822
1847,0.1854,3,35,3,78632,597812,5029,121227,4.734919528576859,0.16859586197688858
1848,0.1855,2,16,2,78648,597796,5031,121225,4.734792801926245,0.1685973010524032
1849,0.1856,3,30,3,78678,597766,5034,121222,4.7345551894563425,0.16860086677385436
1850,0.1857,3,36,3,78714,597730,5037,121219,4.73427005449246,0.16860583991354047
1851,0.1858,2,34,2,78748,597696,5039,121217,4.734000760359904,0.16861150097438773
1852,0.1859,5,25,5,78773,597671,5044,121212,4.733802749968318,0.1686115821350623
1853,0.186,2,41,2,78814,597630,5046,121210,4.733478012926119,0.16861888598297256
1854,0.1861,1,44,1,78858,597586,5047,121209,4.7331295146369285,0.1686280511133216
1855,0.1862,6,83,6,78941,597503,5053,121203,4.7324721201368645,0.16864058460622286
1856,0.1863,4,49,4,78990,597454,5057,121199,4.732084019769357,0.16864745572619888
1857,0.1864,2,30,2,79020,597424,5059,121197,4.7318464072994555,0.16865218244387514
1858,0.1865,6,56,6,79076,597368,5065,121191,4.731402864022304,0.16865838434978894
1859,0.1866,4,26,4,79102,597342,5069,121187,4.731196933215055,0.1686598592401977
1860,0.1867,4,40,4,79142,597302,5073,121183,4.730880116588518,0.1686646206949345
1861,0.1868,1,43,1,79185,597259,5074,121182,4.730539538714992,0.1686735584411246
1862,0.1869,5,36,5,79221,597223,5079,121177,4.7302544037511085,0.16867622494432072
1863,0.187,10,35,10,79256,597188,5089,121167,4.72997718920289,0.1686728706558735
1864,0.1871,1,37,1,79293,597151,5090,121166,4.729684133823343,0.1686804015497336
1865,0.1872,7,37,7,79330,597114,5097,121159,4.729391078443797,0.16868098898329745
1866,0.1873,5,27,5,79357,597087,5102,121154,4.729177227220885,0.16868154282476217
1867,0.1874,6,122,6,79479,596965,5108,121148,4.728210936509948,0.16870325422322113
1868,0.1875,6,76,6,79555,596889,5114,121142,4.727608984919528,0.16871416415168705
1869,0.1876,4,35,4,79590,596854,5118,121138,4.727331770371309,0.168717757300917
1870,0.1877,4,53,4,79643,596801,5122,121134,4.726911988341148,0.1687255810066371
1871,0.1878,11,114,11,79757,596687,5133,121123,4.726009060955519,0.16873963862303396
1872,0.1879,5,31,5,79788,596656,5138,121118,4.725763528069953,0.16874113578925956
1873,0.188,6,66,6,79854,596590,5144,121112,4.725240780636168,0.16874970391611002
1874,0.1881,7,35,7,79889,596555,5151,121105,4.724963566087948,0.16874982582281303
1875,0.1882,3,17,3,79906,596538,5154,121102,4.72482891902167,0.16875034836408226
1876,0.1883,4,26,4,79932,596512,5158,121098,4.7246229882144215,0.16875182898789035
1877,0.1884,4,44,4,79976,596468,5162,121094,4.724274489925231,0.16875754290221612
1878,0.1885,5,71,5,80047,596397,5167,121089,4.723712140413129,0.16876844983734873
1879,0.1886,0,23,0,80070,596374,5167,121089,4.72352997085287,0.16877386011543452
1880,0.1887,4,47,4,80117,596327,5171,121085,4.72315771131669,0.16878028245973026
1881,0.1888,3,48,3,80165,596279,5174,121082,4.722777531364846,0.16878809971548495
1882,0.1889,5,69,5,80234,596210,5179,121077,4.7222310226840705,0.16879854228502678
1883,0.189,2,34,2,80268,596176,5181,121075,4.7219617285515145,0.16880422613562057
1884,0.1891,2,32,2,80300,596144,5183,121073,4.721708275250285,0.16880943982086313
1885,0.1892,16,237,16,80537,595907,5199,121057,4.719831136738056,0.1688466924420194
1886,0.1893,3,57,3,80594,595850,5202,121054,4.719379673045242,0.16885663910370147
1887,0.1894,3,23,3,80617,595827,5205,121051,4.719197503484983,0.16885857844709978
1888,0.1895,3,49,3,80666,595778,5208,121048,4.718809403117476,0.1688666426720013
1889,0.1896,5,27,5,80693,595751,5213,121043,4.7185955518945635,0.1688672059196924
1890,0.1897,7,27,7,80720,595724,5220,121036,4.718381700671651,0.1688654500809197
1891,0.1898,8,39,8,80759,595685,5228,121028,4.718072804460778,0.16886536172777666
1892,0.1899,5,136,5,80895,595549,5233,121023,4.716995627930554,0.16889161172917724
1893,0.19,13,185,13,81080,595364,5246,121010,4.715530351032823,0.16892014506389122
1894,0.1901,4,33,4,81113,595331,5250,121006,4.7152689773159295,0.16892328610695803
1895,0.1902,6,62,6,81175,595269,5256,121000,4.714777911544798,0.1689309463344079
1896,0.1903,4,81,4,81256,595188,5260,120996,4.714136357876061,0.16894541067658592
1897,0.1904,3,33,3,81289,595155,5263,120993,4.713874984159169,0.16894971430486436
1898,0.1905,2,37,2,81326,595118,5265,120991,4.713581928779623,0.16895612260144754
1899,0.1906,3,35,3,81361,595083,5268,120988,4.713304714231403,0.16896089912871767
1900,0.1907,2,56,2,81417,595027,5270,120986,4.712861170954252,0.1689717924115903
1901,0.1908,5,64,5,81481,594963,5275,120981,4.712354264351793,0.16898109349334584
1902,0.1909,5,30,5,81511,594933,5280,120976,4.712116651881891,0.16898237066442803
1903,0.191,5,62,5,81573,594871,5285,120971,4.711625586110759,0.16899120196914963
1904,0.1911,10,50,10,81623,594821,5295,120961,4.711229565327589,0.1689913968219374
1905,0.1912,13,139,13,81762,594682,5308,120948,4.7101286275503735,0.16900912482707545
1906,0.1913,7,37,7,81799,594645,5315,120941,4.709835572170827,0.16900973467899036
1907,0.1914,5,25,5,81824,594620,5320,120936,4.7096375617792425,0.16900983291314725
1908,0.1915,9,51,9,81875,594569,5329,120927,4.709233620580408,0.16901142703802677
1909,0.1916,3,61,3,81936,594508,5332,120924,4.70875047522494,0.16902235292802112
1910,0.1917,4,31,4,81967,594477,5336,120920,4.708504942339374,0.1690250308569927
1911,0.1918,3,29,3,81996,594448,5339,120917,4.708275250285135,0.16902839809048528
1912,0.1919,2,20,2,82016,594428,5341,120915,4.708116841971867,0.16903080060893866
1913,0.192,8,75,8,82091,594353,5349,120907,4.70752281079711,0.16903923048961217
1914,0.1921,2,33,2,82124,594320,5351,120905,4.707261437080218,0.1690447062113321
1915,0.1922,1,17,1,82141,594303,5352,120904,4.70712679001394,0.1690475624539469
1916,0.1923,12,97,12,82238,594206,5364,120892,4.706358509694589,0.16905654889259933
1917,0.1924,6,95,6,82333,594111,5370,120886,4.7056060702065645,0.1690720380644954
1918,0.1925,1,30,1,82363,594081,5371,120885,4.705368457736662,0.1690779701412375
1919,0.1926,7,50,7,82413,594031,5378,120878,4.704972436953491,0.1690816593440564
1920,0.1927,0,26,0,82439,594005,5378,120878,4.7047665061462425,0.16908780877430293
1921,0.1928,3,37,3,82476,593968,5381,120875,4.704473450766696,0.16909307358398978
1922,0.1929,3,34,3,82510,593934,5384,120872,4.70420415663414,0.16909762928682748
1923,0.193,3,25,3,82535,593909,5387,120869,4.704006146242555,0.16910005624123853
1924,0.1931,0,34,0,82569,593875,5387,120869,4.703736852109999,0.16910810024288417
1925,0.1932,1,27,1,82596,593848,5388,120868,4.7035230008870865,0.16911332613233787
1926,0.1933,4,56,4,82652,593792,5392,120864,4.7030794576099355,0.16912192719294317
1927,0.1934,3,22,3,82674,593770,5395,120861,4.70290520846534,0.1691236456297026
1928,0.1935,5,39,5,82713,593731,5400,120856,4.702596312254467,0.16912706220516185
1929,0.1936,1,12,1,82725,593719,5401,120855,4.7025012672665065,0.169128739640681
1930,0.1937,0,15,0,82740,593704,5401,120855,4.702382461031555,0.16913228998585142
1931,0.1938,1,17,1,82757,593687,5402,120854,4.702247813965277,0.16913515109699792
1932,0.1939,5,79,5,82836,593608,5407,120849,4.701622101127867,0.16914803830041555
1933,0.194,2,66,2,82902,593542,5409,120847,4.701099353694082,0.16916133927034152
1934,0.1941,7,48,7,82950,593494,5416,120840,4.700719173742238,0.16916456447544145
1935,0.1942,1,35,1,82985,593459,5417,120839,4.700441959194018,0.16917169024692774
1936,0.1943,10,153,10,83138,593306,5427,120829,4.699230135597516,0.1691963004193885
1937,0.1944,0,14,0,83152,593292,5427,120829,4.699119249778228,0.16919961743177978
1938,0.1945,2,50,2,83202,593242,5429,120827,4.698723228995058,0.16920913805248514
1939,0.1946,5,71,5,83273,593171,5434,120822,4.6981608794829555,0.16922014641600128
1940,0.1947,10,70,10,83343,593101,5444,120812,4.697606450386516,0.16922510165804516
1941,0.1948,5,40,5,83383,593061,5449,120807,4.69728963375998,0.16922876498176134
1942,0.1949,11,77,11,83460,592984,5460,120796,4.696679761753897,0.16923421782622097
1943,0.195,3,39,3,83499,592945,5463,120793,4.696370865543024,0.16923997321145853
1944,0.1951,3,33,3,83532,592912,5466,120790,4.696109491826131,0.16924430644722868
1945,0.1952,1,31,1,83563,592881,5467,120789,4.695863958940565,0.169250493925764
1946,0.1953,5,92,5,83655,592789,5472,120784,4.695135280699531,0.1692664941078208
1947,0.1954,5,52,5,83707,592737,5477,120779,4.694723419085034,0.16927300859406097
1948,0.1955,6,56,6,83763,592681,5483,120773,4.694279875807882,0.16927930882719838
1949,0.1956,7,63,7,83826,592618,5490,120766,4.693780889621087,0.1692861067812006
1950,0.1957,6,67,6,83893,592551,5496,120760,4.693250221771638,0.16929501998427054
1951,0.1958,6,88,6,83981,592463,5502,120754,4.692553225193258,0.16930892000611314
1952,0.1959,3,49,3,84030,592414,5505,120751,4.692165124825751,0.16931705846473116
1953,0.196,1,27,1,84057,592387,5506,120750,4.691951273602839,0.16932230412950106
1954,0.1961,5,38,5,84095,592349,5511,120745,4.691650297807629,0.16932550266865237
1955,0.1962,4,82,4,84177,592267,5515,120741,4.691000823723229,0.1693403159571842
1956,0.1963,8,26,8,84203,592241,5523,120733,4.690794892915981,0.16933717078042115
1957,0.1964,1,44,1,84247,592197,5524,120732,4.69044639462679,0.1693464566597796
1958,0.1965,3,68,3,84315,592129,5527,120729,4.689907806361678,0.16935911499906012
1959,0.1966,5,62,5,84377,592067,5532,120724,4.689416740590546,0.16936801951764263
1960,0.1967,1,44,1,84421,592023,5533,120723,4.689068242301356,0.1693773097288515
1961,0.1968,6,41,6,84462,591982,5539,120717,4.688743505259156,0.1693800608672104
1962,0.1969,4,78,4,84540,591904,5543,120713,4.68812571283741,0.1693939381182318
1963,0.197,11,61,11,84601,591843,5554,120702,4.687642567481942,0.16939561711891882
1964,0.1971,0,48,0,84649,591795,5554,120702,4.687262387530097,0.1694070290822277
1965,0.1972,2,30,2,84679,591765,5556,120700,4.687024775060195,0.16941183075659857
1966,0.1973,1,22,1,84701,591743,5557,120699,4.6868505259156,0.1694158963115594
1967,0.1974,9,96,9,84797,591647,5566,120690,4.686090166011912,0.16942823410829425
1968,0.1975,3,42,3,84839,591605,5569,120687,4.685757508554049,0.16943472620779118
1969,0.1976,6,74,6,84913,591531,5575,120681,4.6851713977949565,0.16944533369277687
1970,0.1977,7,51,7,84964,591480,5582,120674,4.684767456596123,0.16944930450436282
1971,0.1978,4,35,4,84999,591445,5586,120670,4.684490242047903,0.1694529675684405
1972,0.1979,5,73,5,85072,591372,5591,120665,4.683912051704474,0.16946450816460382
1973,0.198,3,22,3,85094,591350,5594,120662,4.683737802559878,0.1694662449509278
1974,0.1981,2,51,2,85145,591299,5596,120660,4.683333861361044,0.16947605128947033
1975,0.1982,4,51,4,85196,591248,5600,120656,4.68292992016221,0.16948352586865645
1976,0.1983,5,40,5,85236,591208,5605,120651,4.682613103535673,0.16948721586718718
1977,0.1984,7,55,7,85291,591153,5612,120644,4.682177480674186,0.16949214452997133
1978,0.1985,5,57,5,85348,591096,5617,120639,4.681726016981371,0.16949988408607136
1979,0.1986,4,61,4,85409,591035,5621,120635,4.681242871625903,0.1695097446850366
1980,0.1987,5,23,5,85432,591012,5626,120630,4.681060702065644,0.1695093881474112
1981,0.1988,5,46,5,85478,590966,5631,120625,4.6806963629451275,0.16951451044209384
1982,0.1989,7,73,7,85551,590893,5638,120618,4.6801181726016985,0.1695237318888956
1983,0.199,8,90,8,85641,590803,5646,120610,4.679405335191991,0.1695358392382484
1984,0.1991,11,84,11,85725,590719,5657,120599,4.678740020276264,0.16954301732839602
1985,0.1992,6,72,6,85797,590647,5663,120593,4.6781697503484985,0.1695531747370789
1986,0.1993,6,184,6,85981,590463,5669,120587,4.67671239386643,0.16959004289431123
1987,0.1994,6,62,6,86043,590401,5675,120581,4.6762213280952984,0.16959782385489366
1988,0.1995,4,67,4,86110,590334,5679,120577,4.6756906602458495,0.16960913532073635
1989,0.1996,8,73,8,86183,590261,5687,120569,4.6751124699024205,0.16961720805255828
1990,0.1997,9,65,9,86248,590196,5696,120560,4.674597642884298,0.16962220508866616
1991,0.1998,6,53,6,86301,590143,5702,120554,4.674177860854138,0.1696278442149045
1992,0.1999,5,66,5,86367,590077,5707,120549,4.673655113420352,0.1696377560066758
1993,0.2,2,38,2,86405,590039,5709,120547,4.673354137625142,0.16964449060353004
1994,0.2001,4,39,4,86444,590000,5713,120543,4.673045241414269,0.1696491274982654
1995,0.2002,3,33,3,86477,589967,5716,120540,4.672783867697377,0.16965350095072956
1996,0.2003,2,28,2,86505,589939,5718,120538,4.672562096058801,0.16965784958556013
1997,0.2004,2,43,2,86548,589896,5720,120536,4.672221518185275,0.16966578082068376
1998,0.2005,4,21,4,86569,589875,5724,120532,4.6720551894563425,0.1696661209700918
1999,0.2006,3,30,3,86599,589845,5727,120529,4.67181757698644,0.16966977958089682
2000,0.2007,0,40,0,86639,589805,5727,120529,4.671500760359904,0.16967933394712909
2001,0.2008,5,93,5,86732,589712,5732,120524,4.6707641617032065,0.1696957067791551
2002,0.2009,3,64,3,86796,589648,5735,120521,4.670257255100748,0.16970749216031678
2003,0.201,11,133,11,86929,589515,5746,120510,4.669203839817514,0.1697264180838703
2004,0.2011,2,28,2,86957,589487,5748,120508,4.668982068178938,0.16973077275192078
2005,0.2012,2,43,2,87000,589444,5750,120506,4.668641490305411,0.16973871399394325
2006,0.2013,2,25,2,87025,589419,5752,120504,4.668443479913826,0.16974235233961993
2007,0.2014,4,81,4,87106,589338,5756,120500,4.667801926245089,0.1697570431563258
2008,0.2015,2,41,2,87147,589297,5758,120498,4.66747718920289,0.16976450947104446
2009,0.2016,1,21,1,87168,589276,5759,120497,4.6673108604739575,0.16976836256098782
2010,0.2017,1,26,1,87194,589250,5760,120496,4.667104929666709,0.16977341189665035
2011,0.2018,11,44,11,87238,589206,5771,120485,4.666756431377519,0.1697710693808996
2012,0.2019,9,92,9,87330,589114,5780,120476,4.666027753136484,0.16978255048690089
2013,0.202,9,156,9,87486,588958,5789,120467,4.664792168292992,0.1698093526447475
2014,0.2021,4,31,4,87517,588927,5793,120463,4.664546635407426,0.16981209207911022
2015,0.2022,5,82,5,87599,588845,5798,120458,4.6638971613230265,0.16982587131310597
2016,0.2023,8,137,8,87736,588708,5806,120450,4.662812064377139,0.16984931425718952
2017,0.2024,4,35,4,87771,588673,5810,120446,4.662534849828919,0.1698530147972343
2018,0.2025,11,102,11,87873,588571,5821,120435,4.6617269674312505,0.1698645709627281
2019,0.2026,4,91,4,87964,588480,5825,120431,4.66100620960588,0.16988169177795237
2020,0.2027,8,80,8,88044,588400,5833,120423,4.660372576352807,0.16989149618451999
2021,0.2028,3,25,3,88069,588375,5836,120420,4.6601745659612215,0.16989397498571518
2022,0.2029,8,87,8,88156,588288,5844,120412,4.659485489798505,0.16990546070269508
2023,0.203,2,28,2,88184,588260,5846,120410,4.659263718159929,0.16990983109204566
2024,0.2031,5,46,5,88230,588214,5851,120405,4.658899379039412,0.16991500369027643
2025,0.2032,4,43,4,88273,588171,5855,120401,4.658558801165885,0.16992062909626685
2026,0.2033,2,36,2,88309,588135,5857,120399,4.658273666202002,0.1699269195267976
2027,0.2034,7,75,7,88384,588060,5864,120392,4.657679635027246,0.1699367070740149
2028,0.2035,6,77,6,88461,587983,5870,120386,4.6570697630211635,0.1699481484932288
2029,0.2036,3,22,3,88483,587961,5873,120383,4.656895513876568,0.16994991134251156
2030,0.2037,13,101,13,88584,587860,5886,120370,4.6560955518945635,0.1699589116529941
2031,0.2038,1,55,1,88639,587805,5887,120369,4.655659929033075,0.1699709393454151
2032,0.2039,6,101,6,88740,587704,5893,120363,4.65485996705107,0.16998815083883304
2033,0.204,7,55,7,88795,587649,5900,120356,4.654424344189583,0.16999314976589147
2034,0.2041,5,85,5,88880,587564,5905,120351,4.653751108858193,0.17000769866438767
2035,0.2042,1,21,1,88901,587543,5906,120350,4.653584780129261,0.17001156954511487
2036,0.2043,9,70,9,88971,587473,5915,120341,4.653030351032823,0.1700178295427895
2037,0.2044,2,23,2,88994,587450,5917,120339,4.652848181472564,0.17002100908604117
2038,0.2045,3,20,3,89014,587430,5920,120336,4.652689773159295,0.1700222955044464
2039,0.2046,14,163,14,89177,587267,5934,120322,4.6513987454061585,0.17004504027055253
2040,0.2047,1,44,1,89221,587223,5935,120321,4.651050247116968,0.17005444184389945
2041,0.2048,18,131,18,89352,587092,5953,120303,4.650012672665062,0.17006481527293804
2042,0.2049,2,16,2,89368,587076,5955,120301,4.649885946014447,0.1700663154159663
2043,0.205,4,51,4,89419,587025,5959,120297,4.649482004815613,0.17007388431294376
2044,0.2051,7,114,7,89533,586911,5966,120290,4.648579077429983,0.1700930852756147
2045,0.2052,10,36,10,89569,586875,5976,120280,4.6482939424661005,0.17009000855540865
2046,0.2053,4,38,4,89607,586837,5980,120276,4.647992966670891,0.1700944544931291
2047,0.2054,11,76,11,89683,586761,5991,120265,4.647391015080472,0.17009982659760745
2048,0.2055,11,45,11,89728,586716,6002,120254,4.647034596375618,0.17009774106397726
2049,0.2056,6,45,6,89773,586671,6008,120248,4.646678177670764,0.17010152506864296
2050,0.2057,10,107,10,89880,586564,6018,120238,4.645830693194779,0.17011553447783112
2051,0.2058,1,45,1,89925,586519,6019,120237,4.645474274489925,0.1701251917210466
2052,0.2059,6,67,6,89992,586452,6025,120231,4.644943606640476,0.17013427519835628
2053,0.206,5,36,5,90028,586416,6030,120226,4.6446584716765935,0.1701370708222834
2054,0.2061,5,61,5,90089,586355,6035,120221,4.644175326321125,0.17014588664205973
2055,0.2062,6,33,6,90122,586322,6041,120215,4.643913952604232,0.170146786367876
2056,0.2063,2,50,2,90172,586272,6043,120213,4.643517931821062,0.1701564789061339
2057,0.2064,2,42,2,90214,586230,6045,120211,4.643185274363199,0.17016424584643303
2058,0.2065,2,48,2,90262,586182,6047,120209,4.642805094411354,0.17017345917487622
2059,0.2066,6,50,6,90312,586132,6053,120203,4.642409073628184,0.170178456398168
2060,0.2067,2,64,2,90376,586068,6055,120201,4.641902167025726,0.17019152759076217
2061,0.2068,6,51,6,90427,586017,6061,120195,4.641498225826892,0.17019676810929296
2062,0.2069,2,30,2,90457,585987,6063,120193,4.641260613356989,0.17020164830496473
2063,0.207,1,44,1,90501,585943,6064,120192,4.640912115067799,0.17021107861811127
2064,0.2071,13,77,13,90578,585866,6077,120179,4.640302243061716,0.1702143631071674
2065,0.2072,4,59,4,90637,585807,6081,120175,4.639834938537574,0.17022388672799024
2066,0.2073,6,60,6,90697,585747,6087,120169,4.63935971359777,0.17023130230792333
2067,0.2074,4,24,4,90721,585723,6091,120165,4.639169623621847,0.17023238814089486
2068,0.2075,7,46,7,90767,585677,6098,120158,4.638805284501331,0.1702352532815743
2069,0.2076,3,90,3,90857,585587,6101,120155,4.638092447091624,0.17025343539140367
2070,0.2077,6,117,6,90974,585470,6107,120149,4.637165758459004,0.1702746099523964
2071,0.2078,6,46,6,91020,585424,6113,120143,4.636801419338487,0.1702786553225987
2072,0.2079,4,31,4,91051,585393,6117,120139,4.636555886452921,0.17028143301792123
2073,0.208,3,112,3,91163,585281,6120,120136,4.635668799898618,0.17030494019849252
2074,0.2081,4,41,4,91204,585240,6124,120132,4.635344062856419,0.17031013422704616
2075,0.2082,2,28,2,91232,585212,6126,120130,4.635122291217843,0.1703145424489113
2076,0.2083,5,46,5,91278,585166,6131,120125,4.634757952097326,0.17031976871957816
2077,0.2084,3,59,3,91337,585107,6134,120122,4.634290647573184,0.17033048839454987
2078,0.2085,8,125,8,91462,584982,6142,120114,4.633300595615258,0.1703512713162463
2079,0.2086,1,35,1,91497,584947,6143,120113,4.633023381067038,0.17035855104530112
2080,0.2087,4,49,4,91546,584898,6147,120109,4.632635280699531,0.17036568431235435
2081,0.2088,6,160,6,91706,584738,6153,120103,4.631368014193385,0.17039729527652336
2082,0.2089,2,63,2,91769,584675,6155,120101,4.63086902800659,0.17041017287762353
2083,0.209,5,123,5,91892,584552,6160,120096,4.62989481687999,0.17043403231116813
2084,0.2091,6,70,6,91962,584482,6166,120090,4.629340387783551,0.17044390069432222
2085,0.2092,6,58,6,92020,584424,6172,120084,4.6288810036750725,0.17045086783968386
2086,0.2093,7,69,7,92089,584355,6179,120077,4.628334494994298,0.17045932041701684
2087,0.2094,3,42,3,92131,584313,6182,120074,4.628001837536434,0.17046595124555108
2088,0.2095,8,64,8,92195,584249,6190,120066,4.627494930933976,0.1704720189119925
2089,0.2096,3,42,3,92237,584207,6193,120063,4.627162273476112,0.17047865165348516
2090,0.2097,9,63,9,92300,584144,6202,120054,4.6266632872893165,0.17048330157143304
2091,0.2098,6,91,6,92391,584053,6208,120048,4.625942529463947,0.1704982665839134
2092,0.2099,2,22,2,92413,584031,6210,120046,4.625768280319351,0.170501237790753
2093,0.21,3,31,3,92444,584000,6213,120043,4.625522747433785,0.17050521061923773
2094,0.2101,8,100,8,92544,583900,6221,120035,4.624730705867444,0.17052000539822568
2095,0.2102,4,87,4,92631,583813,6225,120031,4.624041629704727,0.17053636885446208
2096,0.2103,4,35,4,92666,583778,6229,120027,4.623764415156508,0.17054013540682433
2097,0.2104,6,45,6,92711,583733,6235,120021,4.623407996451654,0.17054396848898906
2098,0.2105,12,106,12,92817,583627,6247,120009,4.622568432391332,0.1705555144989739
2099,0.2106,7,107,7,92924,583520,6254,120002,4.621720947915347,0.17057320169092083
2100,0.2107,1,38,1,92962,583482,6255,120001,4.621419972120137,0.17058123650464901
2101,0.2108,2,35,2,92997,583447,6257,119999,4.621142757571917,0.17058736562579074
2102,0.2109,2,42,2,93039,583405,6259,119997,4.620810100114054,0.17059519307593665
2103,0.211,7,60,7,93099,583345,6266,119990,4.620334875174249,0.17060149146566003
2104,0.2111,7,87,7,93186,583258,6273,119983,4.619645799011532,0.17061434131400188
2105,0.2112,6,47,6,93233,583211,6279,119977,4.619273539475351,0.17061866812289175
2106,0.2113,2,117,2,93350,583094,6281,119975,4.618346850842732,0.17064470201360038
2107,0.2114,23,199,23,93549,582895,6304,119952,4.616770688125713,0.17066587749538661
2108,0.2115,11,96,11,93645,582799,6315,119941,4.616010328222025,0.17067621026268606
2109,0.2116,4,69,4,93714,582730,6319,119937,4.615463819541249,0.17068824919912276
2110,0.2117,5,163,5,93877,582567,6324,119932,4.614172791788113,0.1707219512056245
2111,0.2118,4,58,4,93935,582509,6328,119928,4.613713407679635,0.170731325371528
2112,0.2119,4,96,4,94031,582413,6332,119924,4.612953047775948,0.17074993913178432
2113,0.212,4,142,4,94173,582271,6336,119920,4.611828348751742,0.17077974511208488
2114,0.2121,8,101,8,94274,582170,6344,119912,4.611028386769737,0.17079486441754665
2115,0.2122,5,89,5,94363,582081,6349,119907,4.610323469775694,0.17081061214721618
2116,0.2123,9,109,9,94472,581972,6358,119898,4.609460144468382,0.17082650633308163
2117,0.2124,0,48,0,94520,581924,6358,119898,4.609079964516538,0.1708381897404185
2118,0.2125,9,129,9,94649,581795,6367,119889,4.608058230895957,0.17085896215390403
2119,0.2126,5,96,5,94745,581699,6372,119884,4.607297870992269,0.17087643229667765
2120,0.2127,5,37,5,94782,581662,6377,119879,4.607004815612723,0.1708795351946643
2121,0.2128,4,43,4,94825,581619,6381,119875,4.606664237739197,0.17088528198388012
2122,0.2129,5,42,5,94867,581577,6386,119870,4.606331580281333,0.17088960391875652
2123,0.213,6,76,6,94943,581501,6392,119864,4.605729628690914,0.1709010287083045
2124,0.2131,10,141,10,95084,581360,6402,119854,4.604612850082372,0.1709235696948435
2125,0.2132,3,47,3,95131,581313,6405,119851,4.604240590546192,0.17093147965383276
2126,0.2133,9,105,9,95236,581208,6414,119842,4.603408946901533,0.1709464374866272
2127,0.2134,0,65,0,95301,581143,6414,119842,4.602894119883412,0.17096228877936048
2128,0.2135,7,107,7,95408,581036,6421,119835,4.602046635407426,0.17098010903575694
2129,0.2136,6,68,6,95476,580968,6427,119829,4.601508047142314,0.17098960183904896
2130,0.2137,7,62,7,95538,580906,6434,119822,4.601016981371182,0.17099644940690253
2131,0.2138,8,79,8,95617,580827,6442,119814,4.600391268533772,0.17100626426372423
2132,0.2139,10,82,10,95699,580745,6452,119804,4.599741794449373,0.1710144472406641
2133,0.214,7,57,7,95756,580688,6459,119797,4.599290330756558,0.1710200789453022
2134,0.2141,2,29,2,95785,580659,6461,119795,4.599060638702319,0.1710247924917268
2135,0.2142,11,130,11,95915,580529,6472,119784,4.598030984666075,0.17104351911216842
2136,0.2143,1,59,1,95974,580470,6473,119783,4.597563680141934,0.17105674663300263
2137,0.2144,4,68,4,96042,580402,6477,119779,4.597025091876822,0.1710686236844473
2138,0.2145,8,55,8,96097,580347,6485,119771,4.596589469015334,0.17107259062043828
2139,0.2146,6,85,6,96182,580262,6491,119765,4.595916233683944,0.17108625810147324
2140,0.2147,8,82,8,96264,580180,6499,119757,4.595266759599544,0.1710968272858843
2141,0.2148,10,117,10,96381,580063,6509,119747,4.594340070966925,0.17111358797387863
2142,0.2149,3,54,3,96435,580009,6512,119744,4.5939123685211,0.17112323920011777
2143,0.215,5,82,5,96517,579927,6517,119739,4.5932628944367,0.1711373712600012
2144,0.2151,6,50,6,96567,579877,6523,119733,4.592866873653529,0.17114249367504752
2145,0.2152,4,25,4,96592,579852,6527,119729,4.592668863261944,0.1711438704024266
2146,0.2153,10,124,10,96716,579728,6537,119719,4.591686731719681,0.17116236112242958
2147,0.2154,12,234,12,96950,579494,6549,119707,4.589833354454441,0.17120541875655212
2148,0.2155,5,58,5,97008,579436,6554,119702,4.589373970345964,0.17121369457818056
2149,0.2156,10,120,10,97128,579316,6564,119692,4.588423520466354,0.17123123054385644
2150,0.2157,11,52,11,97180,579264,6575,119681,4.5880116588518565,0.1712309266108206
2151,0.2158,2,38,2,97218,579226,6577,119679,4.587710683056647,0.17123786494587961
2152,0.2159,4,40,4,97258,579186,6581,119675,4.58739386643011,0.1712429224123252
2153,0.216,8,75,8,97333,579111,6589,119667,4.586799835255354,0.17125181388080335
2154,0.2161,7,47,7,97380,579064,6596,119660,4.586427575719174,0.1712550305986341
2155,0.2162,8,95,8,97475,578969,6604,119652,4.585675136231149,0.1712688281629095
2156,0.2163,3,35,3,97510,578934,6607,119649,4.5853979216829295,0.17127385006506027
2157,0.2164,7,41,7,97551,578893,6614,119642,4.58507318464073,0.1712755982162669
2158,0.2165,1,80,1,97631,578813,6615,119641,4.584439551387657,0.17129402938489866
2159,0.2166,4,45,4,97676,578768,6619,119637,4.584083132682803,0.17130032001489107
2160,0.2167,3,41,3,97717,578727,6622,119634,4.583758395640603,0.17130681696142827
2161,0.2168,3,91,3,97808,578636,6625,119631,4.583037637815233,0.17132558176170434
2162,0.2169,3,48,3,97856,578588,6628,119628,4.582657457863388,0.17133379928274345
2163,0.217,0,33,0,97889,578555,6628,119628,4.582396084146496,0.1713418974681423
2164,0.2171,17,136,17,98025,578419,6645,119611,4.5813189076162715,0.17135509935103077
2165,0.2172,7,51,7,98076,578368,6652,119604,4.580914966417438,0.17135930954250314
2166,0.2173,7,52,7,98128,578316,6659,119597,4.58050310480294,0.17136376597083017
2167,0.2174,3,64,3,98192,578252,6662,119594,4.579996198200481,0.17137591961550255
2168,0.2175,4,46,4,98238,578206,6666,119590,4.5796318590799645,0.17138246708206983
2169,0.2176,5,18,5,98256,578188,6671,119585,4.579489291598023,0.1713809505383556
2170,0.2177,1,32,1,98288,578156,6672,119584,4.5792358382967935,0.17138762289678103
2171,0.2178,4,53,4,98341,578103,6676,119580,4.578816056266633,0.17139589183053047
2172,0.2179,2,19,2,98360,578084,6678,119578,4.578665568369028,0.17139818422101247
2173,0.218,11,142,11,98502,577942,6689,119567,4.577540869344824,0.17142001035112092
2174,0.2181,3,55,3,98557,577887,6692,119564,4.5771052464833355,0.17142996425555343
2175,0.2182,8,67,8,98624,577820,6700,119556,4.5765745786338865,0.1714369292892213
2176,0.2183,7,80,7,98704,577740,6707,119549,4.575940945380814,0.1714482804117088
2177,0.2184,2,31,2,98735,577709,6709,119547,4.575695412495247,0.17145352639489655
2178,0.2185,2,47,2,98782,577662,6711,119545,4.575323152959068,0.1714627076320232
2179,0.2186,12,117,12,98899,577545,6723,119533,4.574396464326448,0.17147722349579245
2180,0.2187,9,67,9,98966,577478,6732,119524,4.5738657964769995,0.17148300865707702
2181,0.2188,0,49,0,99015,577429,6732,119524,4.573477696109491,0.17149506494699068
2182,0.2189,9,113,9,99128,577316,6741,119515,4.5725826891395265,0.17151217440096667
2183,0.219,3,31,3,99159,577285,6744,119512,4.57233715625396,0.1715162378712882
2184,0.2191,8,65,8,99224,577220,6752,119504,4.571822329235839,0.1715227263593618
2185,0.2192,6,111,6,99335,577109,6758,119498,4.5709431630971995,0.17154292161864582
2186,0.2193,21,273,21,99608,576836,6779,119477,4.568780889621087,0.17158519229139768
2187,0.2194,1,42,1,99650,576794,6780,119476,4.568448232163224,0.17159435276545018
2188,0.2195,1,20,1,99670,576774,6781,119475,4.568289823849955,0.17159809206189164
2189,0.2196,0,27,0,99697,576747,6781,119475,4.568075972627043,0.17160474676180873
2190,0.2197,6,23,6,99720,576724,6787,119469,4.567893803066785,0.17160327667758796
2191,0.2198,7,95,7,99815,576629,6794,119462,4.56714136357876,0.17161836598950425
2192,0.2199,3,18,3,99833,576611,6797,119459,4.5669987960968195,0.17161923369776028
2193,0.22,11,101,11,99934,576510,6808,119448,4.5661988341148145,0.17163104670109403
2194,0.2201,9,42,9,99976,576468,6817,119439,4.565866176656951,0.17163069203212497
2195,0.2202,5,34,5,100010,576434,6822,119434,4.565596882524395,0.1716331258227135
2196,0.2203,2,26,2,100036,576408,6824,119432,4.565390951717146,0.17163715796734882
2197,0.2204,9,81,9,100117,576327,6833,119423,4.564749398048409,0.17164642472152353
2198,0.2205,6,27,6,100144,576300,6839,119417,4.564535546825497,0.17164594224375715
2199,0.2206,2,77,2,100221,576223,6841,119415,4.563925674819415,0.17166256012466255
2200,0.2207,6,50,6,100271,576173,6847,119409,4.563529654036244,0.17166775448473365
2201,0.2208,9,133,9,100404,576040,6856,119400,4.56247623875301,0.17168986540894973
2202,0.2209,4,43,4,100447,575997,6860,119396,4.562135660879483,0.17169571738570852
2203,0.221,0,65,0,100512,575932,6860,119396,4.561620833861361,0.17171176768374063
2204,0.2211,13,120,13,100632,575812,6873,119383,4.560670383981751,0.17172591862714778
2205,0.2212,5,54,5,100686,575758,6878,119378,4.560242681535927,0.1717333011094232
2206,0.2213,10,69,10,100755,575689,6888,119368,4.559696172855151,0.17173843296305194
2207,0.2214,3,68,3,100823,575621,6891,119365,4.559157584590039,0.17175166118454185
2208,0.2215,3,31,3,100854,575590,6894,119362,4.558912051704474,0.17175574715951605
2209,0.2216,8,89,8,100943,575501,6902,119354,4.55820713471043,0.17176821063387326
2210,0.2217,4,42,4,100985,575459,6906,119350,4.557874477252566,0.17177382561250645
2211,0.2218,3,33,3,101018,575426,6909,119347,4.557613103535673,0.17177840819951265
2212,0.2219,1,30,1,101048,575396,6910,119346,4.5573754910657716,0.1717846337201436
2213,0.222,14,130,14,101178,575266,6924,119332,4.556345837029527,0.17180009156375342
2214,0.2221,11,57,11,101235,575209,6935,119321,4.555894373336713,0.17180107410766993
2215,0.2222,3,34,3,101269,575175,6938,119318,4.555625079204157,0.1718059073309594
2216,0.2223,5,63,5,101332,575112,6943,119313,4.555126093017361,0.17181553083486337
2217,0.2224,2,33,2,101365,575079,6945,119311,4.554864719300469,0.17182131079076599
2218,0.2225,5,88,5,101453,574991,6950,119306,4.554167722722088,0.171837124458265
2219,0.2226,7,58,7,101511,574933,6957,119299,4.55370833861361,0.1718431302504062
2220,0.2227,4,47,4,101558,574886,6961,119295,4.55333607907743,0.17184999301334955
2221,0.2228,7,43,7,101601,574843,6968,119288,4.552995501203903,0.17185228724837243
2222,0.2229,9,110,9,101711,574733,6977,119279,4.552124255480928,0.1718687861304992
2223,0.223,17,123,17,101834,574610,6994,119262,4.551150044354328,0.17187896326700025
2224,0.2231,3,37,3,101871,574573,6997,119259,4.550856988974782,0.1718845484209434
2225,0.2232,4,49,4,101920,574524,7001,119255,4.550468888607274,0.17189191370739096
2226,0.2233,8,59,8,101979,574465,7009,119247,4.550001584083133,0.17189698318610605
2227,0.2234,5,36,5,102015,574429,7014,119242,4.549716449119249,0.17189993527190844
2228,0.2235,7,80,7,102095,574349,7021,119235,4.549082815866177,0.17191140510738426
2229,0.2236,14,107,14,102202,574242,7035,119221,4.548235331390192,0.17192121281164244
2230,0.2237,4,77,4,102279,574165,7039,119217,4.547625459384109,0.17193552760238945
2231,0.2238,1,17,1,102296,574148,7040,119216,4.547490812317831,0.17193854887187682
2232,0.2239,2,44,2,102340,574104,7042,119214,4.54714231402864,0.17194707190639794
2233,0.224,6,88,6,102428,574016,7048,119208,4.54644531745026,0.17196173242703658
2234,0.2241,8,52,8,102480,573964,7056,119200,4.5460334558357625,0.1719650760858902
2235,0.2242,2,28,2,102508,573936,7058,119198,4.5458116841971865,0.1719696335773458
2236,0.2243,10,49,10,102557,573887,7068,119188,4.545423583829679,0.1719698445334199
2237,0.2244,9,66,9,102623,573821,7077,119179,4.544900836395894,0.17197546897546898
2238,0.2245,11,107,11,102730,573714,7088,119168,4.544053351919909,0.1719888812236427
2239,0.2246,10,88,10,102818,573626,7098,119158,4.543356355341528,0.17199877595325527
2240,0.2247,1,21,1,102839,573605,7099,119157,4.543190026612597,0.1720027946105589
2241,0.2248,5,55,5,102894,573550,7104,119152,4.5427544037511085,0.17201047492283839
2242,0.2249,24,158,24,103052,573392,7128,119128,4.54150297807629,0.17202102466354763
2243,0.225,5,51,5,103103,573341,7133,119123,4.541099036877456,0.17202771552022922
2244,0.2251,7,85,7,103188,573256,7140,119116,4.540425801546065,0.17204046379691842
2245,0.2252,0,22,0,103210,573234,7140,119116,4.54025155240147,0.17204593052646783
2246,0.2253,2,33,2,103243,573201,7142,119114,4.539990178684578,0.17205173945386132
2247,0.2254,3,44,3,103287,573157,7145,119111,4.539641680395387,0.17205908694320696
2248,0.2255,3,64,3,103351,573093,7148,119108,4.539134773792929,0.17207140700461282
2249,0.2256,5,30,5,103381,573063,7153,119103,4.5388971613230265,0.1720728842503099
2250,0.2257,5,51,5,103432,573012,7158,119098,4.5384932201241925,0.17207958272528934
2251,0.2258,14,190,14,103622,572822,7172,119084,4.5369883411481435,0.17211008431781197
2252,0.2259,2,38,2,103660,572784,7174,119082,4.536687365352933,0.17211714407125078
2253,0.226,6,57,6,103717,572727,7180,119076,4.5362359016601195,0.1721241451684945
2254,0.2261,4,114,4,103831,572613,7184,119072,4.53533297427449,0.17214772620484758
2255,0.2262,5,81,5,103912,572532,7189,119067,4.534691420605753,0.17216190306810739
2256,0.2263,3,59,3,103971,572473,7192,119064,4.534224116081612,0.17217300014315937
2257,0.2264,2,35,2,104006,572438,7194,119062,4.533946901533392,0.17217932031814895
2258,0.2265,4,71,4,104077,572367,7198,119058,4.53338455202129,0.17219221173663088
2259,0.2266,2,41,2,104118,572326,7200,119056,4.53305981497909,0.1722000283490169
2260,0.2267,7,44,7,104162,572282,7207,119049,4.5327113166899,0.1722026062768775
2261,0.2268,3,35,3,104197,572247,7210,119046,4.53243410214168,0.1722077324665518
2262,0.2269,13,163,13,104360,572084,7223,119033,4.5311430743885435,0.1722327767946672
2263,0.227,5,59,5,104419,572025,7228,119028,4.530675769864403,0.17224149233126837
2264,0.2271,5,49,5,104468,571976,7233,119023,4.530287669496895,0.1722477167116016
2265,0.2272,3,18,3,104486,571958,7236,119020,4.530145102014954,0.17224860994127164
2266,0.2273,3,34,3,104520,571924,7239,119017,4.529875807882398,0.1722534919768837
2267,0.2274,5,60,5,104580,571864,7244,119012,4.529400582942593,0.17226246099155276
2268,0.2275,14,148,14,104728,571716,7258,118998,4.528228361424407,0.17228259453261408
2269,0.2276,7,93,7,104821,571623,7265,118991,4.52749176276771,0.1722974049179426
2270,0.2277,11,75,11,104896,571548,7276,118980,4.526897731592954,0.17230293340747949
2271,0.2278,5,49,5,104945,571499,7281,118975,4.526509631225447,0.17230916732563428
2272,0.2279,10,147,10,105092,571352,7291,118965,4.525345330122925,0.17233386980184465
2273,0.228,9,81,9,105173,571271,7300,118956,4.524703776454189,0.17234330155151856
2274,0.2281,2,39,2,105212,571232,7302,118954,4.524394880243316,0.17235064171107498
2275,0.2282,3,93,3,105305,571139,7305,118951,4.523658281586617,0.17237027054442175
2276,0.2283,6,72,6,105377,571067,7311,118945,4.523088011658852,0.17238106003953554
2277,0.2284,13,90,13,105467,570977,7324,118932,4.522375174249144,0.1723879526140404
2278,0.2285,10,90,10,105557,570887,7334,118922,4.521662336839437,0.17239844652650227
2279,0.2286,13,124,13,105681,570763,7347,118909,4.520680205297174,0.1724138431022283
2280,0.2287,16,127,16,105808,570636,7363,118893,4.51967431250792,0.1724263954090401
2281,0.2288,10,94,10,105902,570542,7373,118883,4.51892979343556,0.17243790114950866
2282,0.2289,3,23,3,105925,570519,7376,118880,4.518747623875301,0.17244005285763397
2283,0.229,9,97,9,106022,570422,7385,118871,4.517979343555949,0.1724535139628576
2284,0.2291,11,130,11,106152,570292,7396,118860,4.516949689519706,0.17247283618127787
2285,0.2292,4,29,4,106181,570263,7400,118856,4.516719997465467,0.1724752909149218
2286,0.2293,1,34,1,106215,570229,7401,118855,4.516450703332911,0.17248260008939403
2287,0.2294,3,72,3,106287,570157,7404,118852,4.515880433405145,0.17249702108390458
2288,0.2295,11,84,11,106371,570073,7415,118841,4.515215118489419,0.17250484095257174
2289,0.2296,10,104,10,106475,569969,7425,118831,4.514391395260423,0.17251887340301975
2290,0.2297,1,107,1,106582,569862,7426,118830,4.513543910784438,0.17254447561464342
2291,0.2298,2,36,2,106618,569826,7428,118828,4.513258775820555,0.17255109242086739
2292,0.2299,10,119,10,106737,569707,7438,118818,4.512316246356609,0.1725688972804183
2293,0.23,4,18,4,106755,569689,7442,118814,4.512173678874667,0.1725686017344877
2294,0.2301,4,51,4,106806,569638,7446,118810,4.5117697376758334,0.17257657804220508
2295,0.2302,5,36,5,106842,569602,7451,118805,4.51148460271195,0.17257959317671087
2296,0.2303,9,104,9,106946,569498,7460,118796,4.5106608794829555,0.17259485045634568
2297,0.2304,4,37,4,106983,569461,7464,118792,4.510367824103409,0.1725993203080844
2298,0.2305,2,46,2,107029,569415,7466,118790,4.510003484982892,0.17260845242333317
2299,0.2306,8,48,8,107077,569367,7474,118782,4.509623305031048,0.17261087351721793
2300,0.2307,4,63,4,107140,569304,7478,118778,4.509124318844253,0.17262186774250743
2301,0.2308,10,94,10,107234,569210,7488,118768,4.508379799771892,0.17263342723168473
2302,0.2309,8,156,8,107390,569054,7496,118760,4.5071442149284,0.1726629582997729
2303,0.231,4,59,4,107449,568995,7500,118756,4.506676910404258,0.17267295867254281
2304,0.2311,5,84,5,107533,568911,7505,118751,4.506011595488531,0.17268803569195332
2305,0.2312,2,56,2,107589,568855,7507,118749,4.50556805221138,0.17269969342819413
2306,0.2313,5,49,5,107638,568806,7512,118744,4.505179951843873,0.1727059850192713
2307,0.2314,28,226,28,107864,568580,7540,118716,4.5033899379039415,0.17272907160815718
2308,0.2315,4,47,4,107911,568533,7544,118712,4.503017678367761,0.17273606937846037
2309,0.2316,3,31,3,107942,568502,7547,118709,4.5027721454821945,0.17274025008330773
2310,0.2317,8,89,8,108031,568413,7555,118701,4.502067228488151,0.17275299295313443
2311,0.2318,9,73,9,108104,568340,7564,118692,4.5014890381447215,0.17276051188299818
2312,0.2319,8,57,8,108161,568283,7572,118684,4.5010375744519076,0.17276521288504396
2313,0.232,10,186,10,108347,568097,7582,118674,4.499564377138512,0.17279995806462417
2314,0.2321,15,211,15,108558,567886,7597,118659,4.497893169433532,0.17283499260791355
2315,0.2322,11,150,11,108708,567736,7608,118648,4.496705107084019,0.1728595072146204
2316,0.2323,1,47,1,108755,567689,7609,118647,4.49633284754784,0.1728701394069377
2317,0.2324,14,102,14,108857,567587,7623,118633,4.495524965150171,0.17287896010025938
2318,0.2325,7,36,7,108893,567551,7630,118626,4.495239830186288,0.17287959229178476
2319,0.2326,7,62,7,108955,567489,7637,118619,4.4947487644151565,0.1728867758428702
2320,0.2327,2,38,2,108993,567451,7639,118617,4.494447788619947,0.17289394054233692
2321,0.2328,5,49,5,109042,567402,7644,118612,4.494059688252439,0.17290026151069804
2322,0.2329,5,86,5,109128,567316,7649,118607,4.493378532505386,0.1729159103864428
2323,0.233,3,35,3,109163,567281,7652,118604,4.493101317957167,0.1729211165137013
2324,0.2331,7,83,7,109246,567198,7659,118597,4.492443923457103,0.17293360260719312
2325,0.2332,1,44,1,109290,567154,7660,118596,4.492095425167912,0.1729434925264309
2326,0.2333,3,54,3,109344,567100,7663,118593,4.491667722722088,0.1729534937647023
2327,0.2334,7,117,7,109461,566983,7670,118586,4.490741034089469,0.17297456565276434
2328,0.2335,5,78,5,109539,566905,7675,118581,4.490123241667723,0.17298821566013017
2329,0.2336,9,71,9,109610,566834,7684,118572,4.4895608921556205,0.17299527579274182
2330,0.2337,4,31,4,109641,566803,7688,118568,4.489315359270054,0.17299827392755165
2331,0.2338,6,25,6,109666,566778,7694,118562,4.4891173488784695,0.1729973443838095
2332,0.2339,7,67,7,109733,566711,7701,118555,4.4885866810290205,0.17300581088219757
2333,0.234,13,167,13,109900,566544,7714,118542,4.48726397161323,0.17303229083647892
2334,0.2341,3,52,3,109952,566492,7717,118539,4.486852109998733,0.17304180394755858
2335,0.2342,3,59,3,110011,566433,7720,118536,4.486384805474591,0.17305308707401357
2336,0.2343,3,63,3,110074,566370,7723,118533,4.485885819287796,0.1730653829812397
2337,0.2344,7,46,7,110120,566324,7730,118526,4.48552148016728,0.1730685551580638
2338,0.2345,5,23,5,110143,566301,7735,118521,4.485339310607021,0.17306833016462672
2339,0.2346,19,222,19,110365,566079,7754,118502,4.4835809783297425,0.17310150296312635
2340,0.2347,3,68,3,110433,566011,7757,118499,4.483042390064631,0.17311507501716555
2341,0.2348,8,81,8,110514,565930,7765,118491,4.482400836395894,0.17312589765655934
2342,0.2349,5,35,5,110549,565895,7770,118486,4.482123621847674,0.17312871046975295
2343,0.235,8,68,8,110617,565827,7778,118478,4.481585033582562,0.17313624772579478
2344,0.2351,6,35,6,110652,565792,7784,118472,4.481307819034343,0.17313785322624017
2345,0.2352,9,124,9,110776,565668,7793,118463,4.48032568749208,0.17315835709827504
2346,0.2353,10,73,10,110849,565595,7803,118453,4.47974749714865,0.17316474867260778
2347,0.2354,8,55,8,110904,565540,7811,118445,4.479311874287163,0.17316900224420126
2348,0.2355,9,74,9,110978,565466,7820,118436,4.47872576352807,0.1731768586727338
2349,0.2356,6,98,6,111076,565368,7826,118430,4.4779495627930554,0.17319442291436946
2350,0.2357,4,32,4,111108,565336,7830,118426,4.477696109491826,0.17319769159444368
2351,0.2358,11,80,11,111188,565256,7841,118415,4.477062476238753,0.1732046554556212
2352,0.2359,3,56,3,111244,565200,7844,118412,4.4766189329616015,0.17321521564864278
2353,0.236,6,47,6,111291,565153,7850,118406,4.476246673425421,0.17321986836542275
2354,0.2361,6,79,6,111370,565074,7856,118400,4.475620960588012,0.17323263211182868
2355,0.2362,10,127,10,111497,564947,7866,118390,4.474615067798758,0.17325272888779622
2356,0.2363,11,71,11,111568,564876,7877,118379,4.474052718286655,0.1732574221923001
2357,0.2364,5,114,5,111682,564762,7882,118374,4.473149790901027,0.1732802838673412
2358,0.2365,5,56,5,111738,564706,7887,118369,4.472706247623876,0.1732884383120448
2359,0.2366,7,120,7,111858,564586,7894,118362,4.471755797744265,0.17331041309147988
2360,0.2367,4,96,4,111954,564490,7898,118358,4.470995437840578,0.17332993579830358
2361,0.2368,14,167,14,112121,564323,7912,118344,4.469672728424788,0.17335538410381635
2362,0.2369,8,48,8,112169,564275,7920,118336,4.469292548472944,0.17335788611669017
2363,0.237,8,88,8,112257,564187,7928,118328,4.4685955518945635,0.1733705486326308
2364,0.2371,6,66,6,112323,564121,7934,118322,4.468072804460778,0.17338004785747674
2365,0.2372,2,42,2,112365,564079,7936,118320,4.467740147002915,0.17338829629000044
2366,0.2373,9,139,9,112504,563940,7945,118311,4.466639209225701,0.17341271760686316
2367,0.2374,7,22,7,112526,563918,7952,118304,4.4664649600811055,0.17340982847225683
2368,0.2375,9,80,9,112606,563838,7961,118295,4.465831326828032,0.17341925988040455
2369,0.2376,2,27,2,112633,563811,7963,118293,4.46561747560512,0.1734237007846311
2370,0.2377,9,59,9,112692,563752,7972,118284,4.465150171080978,0.17342779560023225
2371,0.2378,2,29,2,112721,563723,7974,118282,4.464920479026739,0.17343274609423684
2372,0.2379,7,129,7,112850,563594,7981,118275,4.4638987454061585,0.17345707166625848
2373,0.238,1,46,1,112896,563548,7982,118274,4.463534406285642,0.1734675619149866
2374,0.2381,8,36,8,112932,563512,7990,118266,4.463249271321759,0.1734670229898882
2375,0.2382,21,184,21,113116,563328,8011,118245,4.461791914839691,0.173488386423758
2376,0.2383,4,42,4,113158,563286,8015,118241,4.4614592573818275,0.17349422693451616
2377,0.2384,3,52,3,113210,563234,8018,118238,4.46104739576733,0.1735038270097671
2378,0.2385,2,40,2,113250,563194,8020,118236,4.460730579140793,0.17351158592958923
2379,0.2386,7,59,7,113309,563135,8027,118229,4.4602632746166515,0.17351811953669405
2380,0.2387,2,85,2,113394,563050,8029,118227,4.459590039285262,0.17353734237321972
2381,0.2388,22,218,22,113612,562832,8051,118205,4.457863388670638,0.17356619390723266
2382,0.2389,11,80,11,113692,562752,8062,118194,4.457229755417564,0.17357323488206114
2383,0.239,17,252,17,113944,562500,8079,118177,4.455233810670384,0.17361685498408203
2384,0.2391,8,90,8,114034,562410,8087,118169,4.454520973260677,0.17363010025287293
2385,0.2392,9,132,9,114166,562278,8096,118160,4.453475478393106,0.1736528530152637
2386,0.2393,3,45,3,114211,562233,8099,118157,4.453119059688253,0.17366069460162553
2387,0.2394,5,88,5,114299,562145,8104,118152,4.452422063109872,0.17367708515545416
2388,0.2395,5,76,5,114375,562069,8109,118147,4.451820111519453,0.1736904159855105
2389,0.2396,8,68,8,114443,562001,8117,118139,4.45128152325434,0.17369806216367217
2390,0.2397,7,66,7,114509,561935,8124,118132,4.450758775820555,0.17370641422095176
2391,0.2398,4,42,4,114551,561893,8128,118128,4.450426118362691,0.17371228241480777
2392,0.2399,13,194,13,114745,561699,8141,118115,4.448889557723989,0.1737460540677303
2393,0.24,9,66,9,114811,561633,8150,118106,4.448366810290204,0.1737519842174717
2394,0.2401,3,34,3,114845,561599,8153,118103,4.448097516157648,0.17375702881556918
2395,0.2402,8,78,8,114923,561521,8161,118095,4.447479723735902,0.17376724503248894
2396,0.2403,13,115,13,115038,561406,8174,118082,4.446568875934609,0.17378084675520392
2397,0.2404,1,36,1,115074,561370,8175,118081,4.446283740970726,0.1737888383415434
2398,0.2405,26,239,26,115313,561131,8201,118055,4.4443907616271705,0.17381836492507208
2399,0.2406,8,77,8,115390,561054,8209,118047,4.443780889621087,0.17382834070337108
2400,0.2407,6,82,6,115472,560972,8215,118041,4.443131415536687,0.17384203247949598
2401,0.2408,8,71,8,115543,560901,8223,118033,4.442569066024585,0.17385047736598844
2402,0.2409,7,156,7,115699,560745,8230,118026,4.4413334811810925,0.1738819130457842
2403,0.241,10,90,10,115789,560655,8240,118016,4.4406206437713855,0.1738927993092382
2404,0.2411,3,74,3,115863,560581,8243,118013,4.440034533012293,0.17390811000391987
2405,0.2412,6,68,6,115931,560513,8249,118007,4.43949594474718,0.17391823380298296
2406,0.2413,10,136,10,116067,560377,8259,117997,4.438418768216956,0.17394092344341028
2407,0.2414,8,41,8,116108,560336,8267,117989,4.438094031174756,0.17394169461541298
2408,0.2415,7,35,7,116143,560301,8274,117982,4.437816816626537,0.17394214509283
2409,0.2416,7,102,7,116245,560199,8281,117975,4.437008934228868,0.17395978023339143
2410,0.2417,3,54,3,116299,560145,8284,117972,4.436581231783044,0.17396997863200597
2411,0.2418,4,56,4,116355,560089,8288,117968,4.436137688505893,0.1739794737020634
2412,0.2419,4,35,4,116390,560054,8292,117964,4.435860473957673,0.17398358155683183
2413,0.242,23,233,23,116623,559821,8315,117941,4.434015017108098,0.1740153623248279
2414,0.2421,10,76,10,116699,559745,8325,117931,4.433413065517678,0.17402268930875522
2415,0.2422,7,52,7,116751,559693,8332,117924,4.4330012039031805,0.1740275111161615
2416,0.2423,10,61,10,116812,559632,8342,117914,4.432518058547712,0.17403098830190128
2417,0.2424,2,64,2,116876,559568,8344,117912,4.432011151945254,0.174044990258015
2418,0.2425,0,17,0,116893,559551,8344,117912,4.431876504878976,0.17404935767709823
2419,0.2426,2,41,2,116934,559510,8346,117910,4.431551767836776,0.17405745327861594
2420,0.2427,3,60,3,116994,559450,8349,117907,4.431076542896971,0.17406921313280885
2421,0.2428,2,25,2,117019,559425,8351,117905,4.430878532505386,0.1740731991791298
2422,0.2429,3,63,3,117082,559362,8354,117902,4.430379546318591,0.1740857331852867
2423,0.243,8,120,8,117202,559242,8362,117894,4.429429096438981,0.17410682639824202
2424,0.2431,0,10,0,117212,559232,8362,117894,4.429349892282347,0.17410939766011052
2425,0.2432,4,58,4,117270,559174,8366,117890,4.428890508173869,0.1741194333179729
2426,0.2433,4,41,4,117311,559133,8370,117886,4.428565771131669,0.1741250984093504
2427,0.2434,2,51,2,117362,559082,8372,117884,4.428161829932835,0.1741357763905425
2428,0.2435,3,82,3,117444,559000,8375,117881,4.427512355848435,0.1741532115689464
2429,0.2436,21,164,21,117608,558836,8396,117860,4.426213407679635,0.174169789683994
2430,0.2437,4,40,4,117648,558796,8400,117856,4.425896591053099,0.17417520379752074
2431,0.2438,15,128,15,117776,558668,8415,117841,4.424882777848182,0.17418984817644703
2432,0.2439,8,109,8,117885,558559,8423,117833,4.424019452540869,0.17420815148612048
2433,0.244,5,68,5,117953,558491,8428,117828,4.423480864275757,0.17421956207056138
2434,0.2441,5,69,5,118022,558422,8433,117823,4.422934355594982,0.17423123276327365
2435,0.2442,2,51,2,118073,558371,8435,117821,4.422530414396148,0.17424193128578866
2436,0.2443,9,84,9,118157,558287,8444,117812,4.421865099480421,0.1742525872690242
2437,0.2444,4,36,4,118193,558251,8448,117808,4.421579964516538,0.17425698052980584
2438,0.2445,9,47,9,118240,558204,8457,117799,4.4212077049803575,0.174258102404871
2439,0.2446,2,79,2,118319,558125,8459,117797,4.420581992142948,0.17427602593198624
2440,0.2447,8,114,8,118433,558011,8467,117789,4.419679064757318,0.1742956496004735
2441,0.2448,11,154,11,118587,557857,8478,117778,4.418459320745153,0.17432193418043765
2442,0.2449,1,82,1,118669,557775,8479,117777,4.417809846660753,0.17434187153616598
2443,0.245,7,65,7,118734,557710,8486,117770,4.417295019642631,0.1743500917865814
2444,0.2451,10,100,10,118834,557610,8496,117760,4.41650297807629,0.17436368212979553
2445,0.2452,2,37,2,118871,557573,8498,117758,4.416209922696743,0.1743707900274088
2446,0.2453,5,44,5,118915,557529,8503,117753,4.415861424407553,0.17437603845504546
2447,0.2454,6,104,6,119019,557425,8509,117747,4.415037701178558,0.17439556142731039
2448,0.2455,9,94,9,119113,557331,8518,117738,4.414293182106197,0.17440883820764988
2449,0.2456,8,53,8,119166,557278,8526,117730,4.413873400076036,0.17441274770076798
2450,0.2457,6,101,6,119267,557177,8532,117724,4.413073438094031,0.17443150921394396
2451,0.2458,14,98,14,119365,557079,8546,117710,4.412297237359017,0.17443971374755665
2452,0.2459,10,104,10,119469,556975,8556,117700,4.411473514130021,0.17445436691740468
2453,0.246,9,91,9,119560,556884,8565,117691,4.4107527563046505,0.1744668865582033
2454,0.2461,6,56,6,119616,556828,8571,117685,4.4103092130274995,0.1744740279282979
2455,0.2462,16,141,16,119757,556687,8587,117669,4.409192434418959,0.1744909217090083
2456,0.2463,11,116,11,119873,556571,8598,117658,4.408273666202002,0.17450747446342416
2457,0.2464,6,72,6,119945,556499,8604,117652,4.407703396274236,0.17451876508378686
2458,0.2465,3,50,3,119995,556449,8607,117649,4.407307375491066,0.17452803598289862
2459,0.2466,0,33,0,120028,556416,8607,117649,4.407046001774173,0.17453658030011943
2460,0.2467,24,254,24,120282,556162,8631,117625,4.405034216195666,0.17457297335804936
2461,0.2468,1,53,1,120335,556109,8632,117624,4.404614434165505,0.1745854811921043
2462,0.2469,4,56,4,120391,556053,8636,117620,4.404170890888354,0.17459509287146732
2463,0.247,13,120,13,120511,555933,8649,117607,4.403220441008744,0.17461026813552277
2464,0.2471,14,131,14,120642,555802,8663,117593,4.402182866556837,0.17462707623311727
2465,0.2472,5,55,5,120697,555747,8668,117588,4.4017472436953495,0.17463521129898193
2466,0.2473,16,147,16,120844,555600,8684,117572,4.400582942592827,0.17465372891326436
2467,0.2474,4,56,4,120900,555544,8688,117568,4.400139399315676,0.17466335468688718
2468,0.2475,6,56,6,120956,555488,8694,117562,4.399695856038525,0.17467052967833
2469,0.2476,16,159,16,121115,555329,8710,117546,4.398436509948042,0.17469217908229612
2470,0.2477,7,69,7,121184,555260,8717,117539,4.397890001267267,0.17470150817703356
2471,0.2478,13,137,13,121321,555123,8730,117526,4.396804904321379,0.1747211398515422
2472,0.2479,13,105,13,121426,555018,8743,117513,4.39597326067672,0.17473246586402708
2473,0.248,7,39,7,121465,554979,8750,117506,4.395664364465847,0.1747340089370023
2474,0.2481,9,76,9,121541,554903,8759,117497,4.395062412875427,0.17474271267102914
2475,0.2482,12,192,12,121733,554711,8771,117485,4.393541693068053,0.17477789216240502
2476,0.2483,3,36,3,121769,554675,8774,117482,4.393256558104169,0.17478356991000615
2477,0.2484,13,84,13,121853,554591,8787,117469,4.392591243188442,0.17478945332262
2478,0.2485,8,75,8,121928,554516,8795,117461,4.3919972120136865,0.1747991374704789
2479,0.2486,10,89,10,122017,554427,8805,117451,4.3912922950196425,0.17481001015065234
2480,0.2487,2,36,2,122053,554391,8807,117449,4.39100716005576,0.17481692069540367
2481,0.2488,7,67,7,122120,554324,8814,117442,4.390476492206311,0.17482575777875034
2482,0.2489,3,112,3,122232,554212,8817,117439,4.389589405652009,0.17485122481765084
2483,0.249,7,39,7,122271,554173,8824,117432,4.389280509441136,0.17485277804661967
2484,0.2491,1,14,1,122285,554159,8825,117431,4.389169623621847,0.17485519438943403
2485,0.2492,7,74,7,122359,554085,8832,117424,4.388583512862755,0.1748658618127233
2486,0.2493,9,60,9,122419,554025,8841,117415,4.38810828792295,0.17487042773740022
2487,0.2494,8,46,8,122465,553979,8849,117407,4.3877439488024335,0.17487257702722428
2488,0.2495,16,65,16,122530,553914,8865,117391,4.387229121784311,0.17486984306686232
2489,0.2496,8,118,8,122648,553796,8873,117383,4.386294512736028,0.17489075194545717
2490,0.2497,5,47,5,122695,553749,8878,117378,4.385922253199848,0.17489685260762866
2491,0.2498,7,74,7,122769,553675,8885,117371,4.385336142440755,0.17490753241953608
2492,0.2499,16,100,16,122869,553575,8901,117355,4.384544100874414,0.17491392544676793
2493,0.25,10,160,10,123029,553415,8911,117345,4.383276834368267,0.1749433478442364
2494,0.2501,10,203,10,123232,553212,8921,117335,4.3816689899885946,0.17498400559543179
2495,0.2502,9,62,9,123294,553150,8930,117326,4.381177924217463,0.17498911221281596
2496,0.2503,13,129,13,123423,553021,8943,117313,4.380156190596883,0.1750067876610764
2497,0.2504,2,61,2,123484,552960,8945,117311,4.3796730452414145,0.1750202530021439
2498,0.2505,9,71,9,123555,552889,8954,117302,4.379110695729312,0.1750277159794745
2499,0.2506,12,75,12,123630,552814,8966,117290,4.378516664554556,0.17503253226364862
2500,0.2507,4,24,4,123654,552790,8970,117286,4.378326574578634,0.17503387675427862
2501,0.2508,11,87,11,123741,552703,8981,117275,4.3776374984159165,0.1750430611154396
2502,0.2509,5,118,5,123859,552585,8986,117270,4.376702889367634,0.1750677385404304
2503,0.251,2,50,2,123909,552535,8988,117268,4.3763068685844635,0.1750783439309767
2504,0.2511,16,128,16,124037,552407,9004,117252,4.375293055379546,0.1750920991131307
2505,0.2512,1,28,1,124065,552379,9005,117251,4.37507128374097,0.17509818855188686
2506,0.2513,19,227,19,124292,552152,9024,117232,4.373273349385376,0.17513415319159106
2507,0.2514,2,45,2,124337,552107,9026,117230,4.372916930680522,0.1751434628595162
2508,0.2515,9,120,9,124457,551987,9035,117221,4.371966480800912,0.17516377568708086
2509,0.2516,6,81,6,124538,551906,9041,117215,4.371324927132176,0.1751775837255145
2510,0.2517,6,47,6,124585,551859,9047,117209,4.370952667595995,0.17518249266143351
2511,0.2518,7,51,7,124636,551808,9054,117202,4.370548726397161,0.17518721693248232
2512,0.2519,7,42,7,124678,551766,9061,117195,4.370216068939298,0.17518958504307425
2513,0.252,5,50,5,124728,551716,9066,117190,4.369820048156127,0.1751965149064293
2514,0.2521,4,40,4,124768,551676,9070,117186,4.369503231529591,0.17520205961767898
2515,0.2522,10,71,10,124839,551605,9080,117176,4.368940882017489,0.1752083267915805
2516,0.2523,12,88,12,124927,551517,9092,117164,4.3682438854391075,0.17521658309418092
2517,0.2524,5,59,5,124986,551458,9097,117159,4.367776580914966,0.17522587669772083
2518,0.2525,11,110,11,125096,551348,9108,117148,4.366905335191991,0.17524113831645963
2519,0.2526,4,45,4,125141,551303,9112,117144,4.366548916487138,0.17524800021542472
2520,0.2527,4,78,4,125219,551225,9116,117140,4.365931124065391,0.1752635161924996
2521,0.2528,21,217,21,125436,551008,9137,117119,4.36421239386643,0.1752945173597235
2522,0.2529,4,50,4,125486,550958,9141,117115,4.363816373083259,0.17530269895655115
2523,0.253,8,107,8,125593,550851,9149,117107,4.362968888607274,0.17532090341009465
2524,0.2531,6,88,6,125681,550763,9155,117101,4.362271892028894,0.17533659547452773
2525,0.2532,9,123,9,125804,550640,9164,117092,4.361297680902294,0.17535777827032403
2526,0.2533,16,112,16,125916,550528,9180,117076,4.360410594347991,0.17536743338865554
2527,0.2534,12,114,12,126030,550414,9192,117064,4.3595076669623625,0.17538255942517955
2528,0.2535,2,57,2,126087,550357,9194,117062,4.359056203269548,0.17539506666726598
2529,0.2536,14,184,14,126271,550173,9208,117048,4.3575988467874796,0.17542613317026892
2530,0.2537,9,143,9,126414,550030,9217,117039,4.356466227347611,0.17545261434724144
2531,0.2538,3,30,3,126444,550000,9220,117036,4.3562286148777085,0.17545679693449828
2532,0.2539,5,61,5,126505,549939,9225,117031,4.35574546952224,0.17546666266848585
2533,0.254,16,155,16,126660,549784,9241,117015,4.354517805094411,0.17548766569835889
2534,0.2541,10,105,10,126765,549679,9251,117005,4.353686161449753,0.17550293692364
2535,0.2542,9,80,9,126845,549599,9260,116996,4.35305252819668,0.17551286763327056
2536,0.2543,6,57,6,126902,549542,9266,116990,4.352601064503865,0.17552045513193665
2537,0.2544,7,81,7,126983,549461,9273,116983,4.351959510835129,0.17553312806477364
2538,0.2545,9,62,9,127045,549399,9282,116974,4.351468445063997,0.1755383246320004
2539,0.2546,9,85,9,127130,549314,9291,116965,4.350795209732607,0.17554958208198068
2540,0.2547,5,26,5,127156,549288,9296,116960,4.350589278925358,0.17555024555420803
2541,0.2548,1,61,1,127217,549227,9297,116959,4.35010613356989,0.175565082424428
2542,0.2549,5,65,5,127282,549162,9302,116954,4.349591306551768,0.17557602579730858
2543,0.255,20,245,20,127527,548917,9322,116934,4.347650804714231,0.17561586601206577
2544,0.2551,8,102,8,127629,548815,9330,116926,4.346842922316563,0.17563286623476698
2545,0.2552,8,80,8,127709,548735,9338,116918,4.3462092890634905,0.17564406680357483
2546,0.2553,5,39,5,127748,548696,9343,116913,4.3459003928526165,0.1756481658150656
2547,0.2554,12,182,12,127930,548514,9355,116901,4.344458877201876,0.17568134171907757
2548,0.2555,12,59,12,127989,548455,9367,116889,4.3439915726777345,0.17568205319353597
2549,0.2556,6,83,6,128072,548372,9373,116883,4.34333417817767,0.17569653741798258
2550,0.2557,12,176,12,128248,548196,9385,116871,4.34194018502091,0.17572815971924632
2551,0.2558,8,87,8,128335,548109,9393,116863,4.341251108858193,0.17574123421738058
2552,0.2559,5,35,5,128370,548074,9398,116858,4.340973894309974,0.1757442866338212
2553,0.256,16,127,16,128497,547947,9414,116842,4.339968001520719,0.17575802247028757
2554,0.2561,2,25,2,128522,547922,9416,116840,4.339769991129135,0.17576215246960566
2555,0.2562,4,52,4,128574,547870,9420,116836,4.339358129514637,0.17577094234142612
2556,0.2563,12,79,12,128653,547791,9432,116824,4.338732416677227,0.17577695357462592
2557,0.2564,9,65,9,128718,547726,9441,116815,4.338217589659105,0.17578298404462628
2558,0.2565,10,104,10,128822,547622,9451,116805,4.33739386643011,0.17579809369577093
2559,0.2566,5,60,5,128882,547562,9456,116800,4.336918641490305,0.17580776745208185
2560,0.2567,4,82,4,128964,547480,9460,116796,4.336269167405906,0.17582450668095792
2561,0.2568,1,92,1,129056,547388,9461,116795,4.335540489164871,0.1758476203094629
2562,0.2569,22,308,22,129364,547080,9483,116773,4.33310100114054,0.17590189394338807
2563,0.257,9,144,9,129508,546936,9492,116764,4.331960461285008,0.17592888353171612
2564,0.2571,11,49,11,129557,546887,9503,116753,4.331572360917501,0.1759282140919776
2565,0.2572,2,44,2,129601,546843,9505,116751,4.331223862628311,0.17593739545565512
2566,0.2573,6,130,6,129731,546713,9511,116745,4.330194208592067,0.17596441673775884
2567,0.2574,10,94,10,129825,546619,9521,116735,4.329449689519706,0.17597692936199977
2568,0.2575,8,57,8,129882,546562,9529,116727,4.328998225826892,0.17598211337742672
2569,0.2576,11,93,11,129975,546469,9540,116716,4.3282616271701935,0.17599312409056297
2570,0.2577,12,104,12,130079,546365,9552,116704,4.327437903941199,0.17600581538271282
2571,0.2578,2,90,2,130169,546275,9554,116702,4.326725066531491,0.17602722266383297
2572,0.2579,7,183,7,130352,546092,9561,116695,4.325275630465087,0.1760671226200876
2573,0.258,1,17,1,130369,546075,9562,116694,4.325140983398809,0.17607039556768647
2574,0.2581,6,49,6,130418,546026,9568,116688,4.324752883031302,0.1760759543332418
2575,0.2582,12,116,12,130534,545910,9580,116676,4.323834114814345,0.17609185826443663
2576,0.2583,11,42,11,130576,545868,9591,116665,4.323501457356482,0.17608934196485307
2577,0.2584,7,73,7,130649,545795,9598,116658,4.322923267013053,0.17610004030474616
2578,0.2585,30,370,30,131019,545425,9628,116628,4.31999271321759,0.17616112305208192
2579,0.2586,7,69,7,131088,545356,9635,116621,4.319446204536814,0.1761707733048127
2580,0.2587,5,82,5,131170,545274,9640,116616,4.318796730452414,0.1761863753795948
2581,0.2588,19,218,19,131388,545056,9659,116597,4.31707007983779,0.17622076828790922
2582,0.2589,13,151,13,131539,544905,9672,116584,4.315874097072614,0.17624480528020875
2583,0.259,2,43,2,131582,544862,9674,116582,4.315533519199088,0.1762537720502416
2584,0.2591,3,28,3,131610,544834,9677,116579,4.315311747560512,0.1762574972067377
2585,0.2592,7,34,7,131644,544800,9684,116572,4.315042453427956,0.17625783976340093
2586,0.2593,25,240,25,131884,544560,9709,116547,4.3131415536687365,0.17629067609327992
2587,0.2594,24,272,24,132156,544288,9733,116523,4.310987200608288,0.17633332374915067
2588,0.2595,6,70,6,132226,544218,9739,116517,4.310432771511849,0.17634452541487888
2589,0.2596,3,54,3,132280,544164,9742,116514,4.310005069066024,0.17635519875037461
2590,0.2597,6,46,6,132326,544118,9748,116508,4.3096407299455075,0.17635999794134655
2591,0.2598,4,44,4,132370,544074,9752,116504,4.309292231656317,0.17636675759713463
2592,0.2599,17,208,17,132578,543866,9769,116487,4.3076447851983275,0.1764011066808207
2593,0.26,5,45,5,132623,543821,9774,116482,4.307288366493474,0.17640689198746637
2594,0.2601,18,181,18,132804,543640,9792,116464,4.305854771258396,0.17643280452777138
2595,0.2602,17,78,17,132882,543562,9809,116447,4.305236978836649,0.1764324425879041
2596,0.2603,5,88,5,132970,543474,9814,116442,4.304539982258269,0.176449729965632
2597,0.2604,17,109,17,133079,543365,9831,116425,4.303676656950957,0.17645766077085134
2598,0.2605,11,88,11,133167,543277,9842,116414,4.302979660372577,0.17646746734455981
2599,0.2606,9,98,9,133265,543179,9851,116405,4.302203459637561,0.17648244954395498
2600,0.2607,3,25,3,133290,543154,9854,116402,4.302005449245977,0.17648539320391293
2601,0.2608,13,167,13,133457,542987,9867,116389,4.300682739830187,0.17651385552401058
2602,0.2609,4,40,4,133497,542947,9871,116385,4.30036592320365,0.17651956829033022
2603,0.261,7,86,7,133583,542861,9878,116378,4.299684767456596,0.17653385191106716
2604,0.2611,5,109,5,133692,542752,9883,116373,4.298821442149284,0.17655679878626968
2605,0.2612,5,40,5,133732,542712,9888,116368,4.298504625522748,0.1765612672209747
2606,0.2613,9,61,9,133793,542651,9897,116359,4.29802148016728,0.176566364698563
2607,0.2614,6,56,6,133849,542595,9903,116353,4.297577936890128,0.17657387229341315
2608,0.2615,2,77,2,133926,542518,9905,116351,4.296968064884045,0.17659200842656128
2609,0.2616,14,188,14,134114,542330,9919,116337,4.295479026739323,0.17662491061492377
2610,0.2617,8,59,8,134173,542271,9927,116329,4.295011722215182,0.17663073185545095
2611,0.2618,12,101,12,134274,542170,9939,116317,4.294211760233177,0.17664281906856172
2612,0.2619,6,67,6,134341,542103,9945,116311,4.2936810923837285,0.17665329109040817
2613,0.262,2,43,2,134384,542060,9947,116309,4.293340514510201,0.17666232766123557
2614,0.2621,3,61,3,134445,541999,9950,116306,4.292857369154733,0.17667494550398372
2615,0.2622,16,202,16,134647,541797,9966,116290,4.291257445190723,0.1767091585155154
2616,0.2623,14,210,14,134857,541587,9980,116276,4.289594157901407,0.17674804632575475
2617,0.2624,10,81,10,134938,541506,9990,116266,4.28895260423267,0.1767572958411121
2618,0.2625,7,81,7,135019,541425,9997,116259,4.288311050563934,0.1767703030634773
2619,0.2626,4,92,4,135111,541333,10001,116255,4.287582372322899,0.17679002658199358
2620,0.2627,13,121,13,135232,541212,10014,116242,4.286624002027627,0.17680628606716212
2621,0.2628,6,93,6,135325,541119,10020,116236,4.285887403370929,0.17682378623422657
2622,0.2629,2,32,2,135357,541087,10022,116234,4.2856339500697,0.17682988981030578
2623,0.263,24,266,24,135623,540821,10046,116210,4.283527119503232,0.17687141093799227
2624,0.2631,2,46,2,135669,540775,10048,116208,4.283162780382715,0.1768812891657775
2625,0.2632,12,270,12,135939,540505,10060,116196,4.281024268153593,0.17693897222632524
2626,0.2633,7,82,7,136021,540423,10067,116189,4.280374794069193,0.1769522945057355
2627,0.2634,4,105,4,136126,540318,10071,116185,4.2795431504245345,0.17697558122354354
2628,0.2635,6,66,6,136192,540252,10077,116179,4.279020402990749,0.17698585228302746
2629,0.2636,11,73,11,136265,540179,10088,116168,4.278442212647319,0.17699174369655077
2630,0.2637,9,47,9,136312,540132,10097,116159,4.27806995311114,0.17699313261952396
2631,0.2638,9,79,9,136391,540053,10106,116150,4.27744424027373,0.17700315298771874
2632,0.2639,10,79,10,136470,539974,10116,116140,4.27681852743632,0.17701192170872745
2633,0.264,17,209,17,136679,539765,10133,116123,4.275163160562666,0.1770469958285561
2634,0.2641,8,68,8,136747,539697,10141,116115,4.274624572297554,0.1770553146328521
2635,0.2642,9,155,9,136902,539542,10150,116106,4.273396907869725,0.17708587534774758
2636,0.2643,23,130,23,137032,539412,10173,116083,4.272367253833481,0.17709212122136705
2637,0.2644,4,45,4,137077,539367,10177,116079,4.2720108351286274,0.17709925760474546
2638,0.2645,8,78,8,137155,539289,10185,116071,4.271393042706881,0.17711029052734376
2639,0.2646,8,78,8,137233,539211,10193,116063,4.270775250285135,0.17712132634592553
2640,0.2647,3,44,3,137277,539167,10196,116060,4.270426751995945,0.17712945284611287
2641,0.2648,11,109,11,137386,539058,10207,116049,4.269563426688633,0.17714510759311075
2642,0.2649,1,46,1,137432,539012,10208,116048,4.269199087568116,0.17715629102677619
2643,0.265,7,48,7,137480,538964,10215,116041,4.2688189076162715,0.17716047969099472
2644,0.2651,9,62,9,137542,538902,10224,116032,4.2683278418451405,0.1771659434385755
2645,0.2652,7,31,7,137573,538871,10231,116025,4.268082308959574,0.17716553468031565
2646,0.2653,13,161,13,137734,538710,10244,116012,4.266807122037765,0.17719276272983037
2647,0.2654,3,29,3,137763,538681,10247,116009,4.266577429983526,0.17719684125311216
2648,0.2655,10,48,10,137811,538633,10257,115999,4.266197250031682,0.1771972650282907
2649,0.2656,6,105,6,137916,538528,10263,115993,4.265365606387023,0.17721814884472767
2650,0.2657,5,48,5,137964,538480,10268,115988,4.264985426435179,0.1772248604973811
2651,0.2658,9,71,9,138035,538409,10277,115979,4.264423076923077,0.17723277321711278
2652,0.2659,3,50,3,138085,538359,10280,115976,4.2640270561399065,0.1772425439568417
2653,0.266,8,56,8,138141,538303,10288,115968,4.263583512862755,0.17724765425947353
2654,0.2661,14,154,14,138295,538149,10302,115954,4.262363768850589,0.1772717752402909
2655,0.2662,4,24,4,138319,538125,10306,115950,4.262173678874667,0.17727324848067882
2656,0.2663,7,88,7,138407,538037,10313,115943,4.261476682296287,0.17728829627817363
2657,0.2664,3,42,3,138449,537995,10316,115940,4.261144024838424,0.17729590861477057
2658,0.2665,13,134,13,138583,537861,10329,115927,4.2600826891395265,0.17731588833077389
2659,0.2666,8,143,8,138726,537718,10337,115919,4.258950069699658,0.1773446117646339
2660,0.2667,9,116,9,138842,537602,10346,115910,4.258031301482702,0.177364761473393
2661,0.2668,23,254,23,139096,537348,10369,115887,4.256019515904194,0.17740476245149142
2662,0.2669,9,166,9,139262,537182,10378,115878,4.254704726904068,0.17743852019722536
2663,0.267,3,66,3,139328,537116,10381,115875,4.254181979470283,0.17745267545800783
2664,0.2671,9,98,9,139426,537018,10390,115866,4.253405778735268,0.1774679728711379
2665,0.2672,9,74,9,139500,536944,10399,115857,4.252819667976175,0.1774767501888018
2666,0.2673,2,99,2,139599,536845,10401,115855,4.252035546825497,0.17750114907308104
2667,0.2674,6,79,6,139678,536766,10407,115849,4.251409833988088,0.17751507397163718
2668,0.2675,4,68,4,139746,536698,10411,115845,4.250871245722975,0.1775285306868666
2669,0.2676,7,47,7,139793,536651,10418,115838,4.250498986186795,0.17753249480067862
2670,0.2677,7,19,7,139812,536632,10425,115831,4.25034849828919,0.17752884071587202
2671,0.2678,4,96,4,139908,536536,10429,115827,4.249588138385502,0.17754992235917733
2672,0.2679,10,52,10,139960,536484,10439,115817,4.249176276771005,0.17755146780397393
2673,0.268,1,27,1,139987,536457,10440,115816,4.2489624255480924,0.17755755642192764
2674,0.2681,6,52,6,140039,536405,10446,115810,4.248550563933596,0.17756414679208543
2675,0.2682,7,56,7,140095,536349,10453,115803,4.248107020656444,0.17757056637103005
2676,0.2683,14,102,14,140197,536247,10467,115789,4.247299138258776,0.17758068572900884
2677,0.2684,4,22,4,140219,536225,10471,115785,4.247124889114181,0.17758163218355547
2678,0.2685,8,42,8,140261,536183,10479,115777,4.246792231656317,0.17758298055095403
2679,0.2686,17,218,17,140479,535965,10496,115760,4.245065581041693,0.17762092907284513
2680,0.2687,16,159,16,140638,535806,10512,115744,4.243806234951211,0.17764407950272426
2681,0.2688,16,172,16,140810,535634,10528,115728,4.242443923457103,0.17767078828669772
2682,0.2689,8,140,8,140950,535494,10536,115720,4.241335065264225,0.1776988823950345
2683,0.269,5,56,5,141006,535438,10541,115715,4.2408915219870735,0.17770785053589555
2684,0.2691,17,241,17,141247,535197,10558,115698,4.2389827018121915,0.17775217200931026
2685,0.2692,3,51,3,141298,535146,10561,115695,4.238578760613357,0.17776231061042558
2686,0.2693,16,108,16,141406,535038,10577,115679,4.237723355721708,0.17777159656194627
2687,0.2694,5,45,5,141451,534993,10582,115674,4.237366937016855,0.17777757285984996
2688,0.2695,18,161,18,141612,534832,10600,115656,4.236091750095045,0.17779882180762752
2689,0.2696,4,41,4,141653,534791,10604,115652,4.235767013052845,0.17780497291845712
2690,0.2697,7,156,7,141809,534635,10611,115645,4.234531428209352,0.17783877714215415
2691,0.2698,13,110,13,141919,534525,10624,115632,4.233660182486377,0.1778524264139277
2692,0.2699,12,191,12,142110,534334,10636,115620,4.232147383094665,0.17788951218086202
2693,0.27,14,146,14,142256,534188,10650,115606,4.230991002407807,0.17791176896062444
2694,0.2701,5,31,5,142287,534157,10655,115601,4.23074546952224,0.17791393103278452
2695,0.2702,6,90,6,142377,534067,10661,115595,4.230032632112533,0.17793098565100005
2696,0.2703,5,49,5,142426,534018,10666,115590,4.229644531745026,0.17793807958030072
2697,0.2704,5,132,5,142558,533886,10671,115585,4.228599036877456,0.17796791542655485
2698,0.2705,9,67,9,142625,533819,10680,115576,4.228068369028007,0.17797488431540126
2699,0.2706,5,27,5,142652,533792,10685,115571,4.227854517805095,0.17797595489733786
2700,0.2707,3,45,3,142697,533747,10688,115568,4.227498099100241,0.17798449134857502
2701,0.2708,2,42,2,142739,533705,10690,115566,4.227165441642377,0.17799347267935886
2702,0.2709,3,59,3,142798,533646,10693,115563,4.226698137118236,0.1780058501961618
2703,0.271,15,126,15,142924,533520,10708,115548,4.225700164744646,0.1780214091589787
2704,0.2711,4,66,4,142990,533454,10712,115544,4.22517741731086,0.17803444694744822
2705,0.2712,13,110,13,143100,533344,10725,115531,4.224306171587885,0.1780481602774032
2706,0.2713,12,179,12,143279,533165,10737,115519,4.222888417184134,0.17808208619296914
2707,0.2714,2,19,2,143298,533146,10739,115517,4.222737929286529,0.17808476820783672
2708,0.2715,11,82,11,143380,533064,10750,115506,4.222088455202129,0.17809334381793793
2709,0.2716,7,72,7,143452,532992,10757,115499,4.2215181852743635,0.17810424508589942
2710,0.2717,11,139,11,143591,532853,10768,115488,4.220417247497148,0.17812848485596314
2711,0.2718,21,285,21,143876,532568,10789,115467,4.218159929033075,0.1781801908847516
2712,0.2719,15,129,15,144005,532439,10804,115452,4.217138195412495,0.1781966411016668
2713,0.272,5,77,5,144082,532362,10809,115447,4.216528323406412,0.17821147900075485
2714,0.2721,3,19,3,144101,532343,10812,115444,4.2163778355088075,0.17821290022800704
2715,0.2722,3,51,3,144152,532292,10815,115441,4.215973894309974,0.17822312588674655
2716,0.2723,6,38,6,144190,532254,10821,115435,4.2156729185147634,0.1782259695625524
2717,0.2724,7,86,7,144276,532168,10828,115428,4.21499176276771,0.1782407550386352
2718,0.2725,11,119,11,144395,532049,10839,115417,4.214049233303764,0.17825955339739846
2719,0.2726,6,131,6,144526,531918,10845,115411,4.2130116588518565,0.1782880111967794
2720,0.2727,7,47,7,144573,531871,10852,115404,4.212639399315676,0.17829207060368468
2721,0.2728,8,79,8,144652,531792,10860,115396,4.212013686478266,0.17830367682960746
2722,0.2729,7,103,7,144755,531689,10867,115389,4.211197883664934,0.17832316969515266
2723,0.273,7,47,7,144802,531642,10874,115382,4.210825624128755,0.178327233611118
2724,0.2731,3,67,3,144869,531575,10877,115379,4.210294956279306,0.1783418913864046
2725,0.2732,6,51,6,144920,531524,10883,115373,4.209891015080472,0.17834833056885407
2726,0.2733,1,36,1,144956,531488,10884,115372,4.209605880116588,0.1783569860557153
2727,0.2734,6,94,6,145050,531394,10890,115366,4.208861361044228,0.17837528604118993
2728,0.2735,5,36,5,145086,531358,10895,115361,4.2085762260803445,0.17837886315385817
2729,0.2736,4,72,4,145158,531286,10899,115357,4.208005956152579,0.17839364224154594
2730,0.2737,25,183,25,145341,531103,10924,115332,4.206556520086174,0.17841236937975202
2731,0.2738,4,60,4,145401,531043,10928,115328,4.206081295146369,0.1784238463668698
2732,0.2739,2,62,2,145463,530981,10930,115326,4.205590229375238,0.1784384201316093
2733,0.274,8,81,8,145544,530900,10938,115318,4.204948675706501,0.1784506157364852
2734,0.2741,15,167,15,145711,530733,10953,115303,4.203625966290711,0.17847766997504783
2735,0.2742,6,74,6,145785,530659,10959,115297,4.203039855531618,0.17849048542005957
2736,0.2743,9,123,9,145908,530536,10968,115288,4.202065644405018,0.1785130314141314
2737,0.2744,9,56,9,145964,530480,10977,115279,4.201622101127867,0.17851706286710678
2738,0.2745,2,70,2,146034,530410,10979,115277,4.201067672031428,0.1785338716746659
2739,0.2746,17,206,17,146240,530204,10996,115260,4.199436066404765,0.1785692153241699
2740,0.2747,12,131,12,146371,530073,11008,115248,4.198398491952858,0.17859018999846588
2741,0.2748,7,62,7,146433,530011,11015,115241,4.197907426181726,0.17859843905946823
2742,0.2749,8,143,8,146576,529868,11023,115233,4.196774806741858,0.17862784277190705
2743,0.275,4,55,4,146631,529813,11027,115229,4.19633918388037,0.17863798016253205
2744,0.2751,7,60,7,146691,529753,11034,115222,4.195863958940565,0.17864568394123803
2745,0.2752,6,43,6,146734,529710,11040,115216,4.195523381067038,0.1786499536380918
2746,0.2753,7,80,7,146814,529630,11047,115209,4.194889747813965,0.17866320120216053
2747,0.2754,7,59,7,146873,529571,11054,115202,4.194422443289824,0.17867063292042315
2748,0.2755,10,132,10,147005,529439,11064,115192,4.193376948422253,0.17869447792613138
2749,0.2756,9,102,9,147107,529337,11073,115183,4.192569066024585,0.17871128902128716
2750,0.2757,1,30,1,147137,529307,11074,115182,4.192331453554683,0.1787183334393605
2751,0.2758,10,102,10,147239,529205,11084,115172,4.191523571157014,0.17873387783859448
2752,0.2759,5,49,5,147288,529156,11089,115167,4.191135470789507,0.1787410972447049
2753,0.276,5,51,5,147339,529105,11094,115162,4.190731529590673,0.17874887274996237
2754,0.2761,10,83,10,147422,529022,11104,115152,4.19007413509061,0.17875915513510324
2755,0.2762,6,74,6,147496,528948,11110,115146,4.189488024331517,0.17877204259005672
2756,0.2763,13,158,13,147654,528790,11123,115133,4.188236598656697,0.17879932849113947
2757,0.2764,6,61,6,147715,528729,11129,115127,4.187753453301229,0.17880861559106384
2758,0.2765,7,74,7,147789,528655,11136,115120,4.1871673425421365,0.17882023999067997
2759,0.2766,16,189,16,147978,528466,11152,115104,4.185670383981751,0.1788523392948708
2760,0.2767,6,36,6,148014,528430,11158,115098,4.185385249017869,0.17885468852948125
2761,0.2768,13,140,13,148154,528290,11171,115085,4.184276390824991,0.1788770157373227
2762,0.2769,13,89,13,148243,528201,11184,115072,4.183571473830947,0.17888517005999008
2763,0.277,5,60,5,148303,528141,11189,115067,4.183096248891141,0.17889547393689134
2764,0.2771,3,49,3,148352,528092,11192,115064,4.182708148523634,0.1789052733706908
2765,0.2772,8,74,8,148426,528018,11200,115056,4.182122037764542,0.17891564578882058
2766,0.2773,18,204,18,148630,527814,11218,115038,4.180506272969206,0.17894943159545276
2767,0.2774,17,109,17,148739,527705,11235,115021,4.179642947661893,0.17895806300040765
2768,0.2775,3,48,3,148787,527657,11238,115018,4.17926276771005,0.17896759637452833
2769,0.2776,8,68,8,148855,527589,11246,115010,4.178724179444937,0.178976313377394
2770,0.2777,5,27,5,148882,527562,11251,115005,4.178510328222025,0.17897744515357933
2771,0.2778,5,81,5,148963,527481,11256,115000,4.177868774553288,0.1789936200447951
2772,0.2779,10,131,10,149094,527350,11266,114990,4.176831200101382,0.17901734284024037
2773,0.278,12,118,12,149212,527232,11278,114978,4.175896591053099,0.17903489512776194
2774,0.2781,7,42,7,149254,527190,11285,114971,4.175563933595235,0.17903765566579097
2775,0.2782,3,45,3,149299,527145,11288,114968,4.175207514890381,0.17904636722819814
2776,0.2783,6,54,6,149353,527091,11294,114962,4.174779812444557,0.179053754129332
2777,0.2784,7,61,7,149414,527030,11301,114955,4.174296667089089,0.17906181608604563
2778,0.2785,5,58,5,149472,526972,11306,114950,4.173837282980611,0.17907160059944977
2779,0.2786,7,75,7,149547,526897,11313,114943,4.173243251805855,0.1790835722298392
2780,0.2787,8,98,8,149645,526799,11321,114935,4.17246705107084,0.1791006865773046
2781,0.2788,13,91,13,149736,526708,11334,114922,4.171746293245469,0.17910945560525537
2782,0.2789,9,146,9,149882,526562,11343,114913,4.1705899125586114,0.17913870376865818
2783,0.279,6,67,6,149949,526495,11349,114907,4.1700592447091624,0.17914973760605674
2784,0.2791,7,50,7,149999,526445,11356,114900,4.169663223925991,0.1791547451059882
2785,0.2792,3,57,3,150056,526388,11359,114897,4.169211760233177,0.17916682910094575
2786,0.2793,11,75,11,150131,526313,11370,114886,4.168617729058421,0.179173704263419
2787,0.2794,7,65,7,150196,526248,11377,114879,4.168102902040299,0.1791829075986505
2788,0.2795,18,232,18,150428,526016,11395,114861,4.166265365606387,0.1792247186277554
2789,0.2796,9,83,9,150511,525933,11404,114852,4.165607971106324,0.1792364053465671
2790,0.2797,11,93,11,150604,525840,11415,114841,4.1648713724496265,0.17924833107271793
2791,0.2798,8,66,8,150670,525774,11423,114833,4.164348625015841,0.179256548866934
2792,0.2799,10,83,10,150753,525691,11433,114823,4.163691230515777,0.17926696371976256
2793,0.28,12,62,12,150815,525629,11445,114811,4.163200164744646,0.17926894010367872
2794,0.2801,7,56,7,150871,525573,11452,114804,4.162756621467494,0.17927564544010793
2795,0.2802,3,58,3,150929,525515,11455,114801,4.162297237359017,0.17928803903072857
2796,0.2803,4,53,4,150982,525462,11459,114797,4.161877455328856,0.17929775294060685
2797,0.2804,17,171,17,151153,525291,11476,114780,4.160523064250412,0.17932385625969618
2798,0.2805,6,110,6,151263,525181,11482,114774,4.159651818527436,0.17934698533490637
2799,0.2806,4,49,4,151312,525132,11486,114770,4.159263718159929,0.17935558882453875
2800,0.2807,12,91,12,151403,525041,11498,114758,4.158542960334558,0.17936570704236798
2801,0.2808,4,43,4,151446,524998,11502,114754,4.158202382461032,0.17937263189485925
2802,0.2809,13,119,13,151565,524879,11515,114741,4.157259852997085,0.17938932491166631
2803,0.281,8,60,8,151625,524819,11523,114733,4.156784628057281,0.17939588962273592
2804,0.2811,7,118,7,151743,524701,11530,114726,4.155850019008998,0.17942001197947538
2805,0.2812,4,128,4,151871,524573,11534,114722,4.154836205804081,0.1794508012732776
2806,0.2813,7,84,7,151955,524489,11541,114715,4.154170890888354,0.1794653975882504
2807,0.2814,6,52,6,152007,524437,11547,114709,4.153759029273856,0.17947229584476787
2808,0.2815,2,77,2,152084,524360,11549,114707,4.153149157267773,0.1794913522369329
2809,0.2816,3,34,3,152118,524326,11552,114704,4.152879863135217,0.17949705021673473
2810,0.2817,3,19,3,152137,524307,11555,114701,4.152729375237612,0.17949853522960588
2811,0.2818,6,38,6,152175,524269,11561,114695,4.152428399442403,0.17950150556212868
2812,0.2819,10,67,10,152242,524202,11571,114685,4.151897731592954,0.1795074872395275
2813,0.282,8,51,8,152293,524151,11579,114677,4.15149379039412,0.17951154301314282
2814,0.2821,9,95,9,152388,524056,11588,114668,4.150741350906095,0.1795266813208835
2815,0.2822,3,42,3,152430,524014,11591,114665,4.150408693448232,0.17953463320384733
2816,0.2823,17,212,17,152642,523802,11608,114648,4.148729565327589,0.17957240191087792
2817,0.2824,11,108,11,152750,523694,11619,114637,4.14787416043594,0.17958864601593844
2818,0.2825,3,24,3,152774,523670,11622,114634,4.147684070460017,0.1795915425878578
2819,0.2826,12,174,12,152948,523496,11634,114622,4.146305918134583,0.17962508501562408
2820,0.2827,7,106,7,153054,523390,11641,114615,4.145466354074262,0.17964592753975284
2821,0.2828,10,75,10,153129,523315,11651,114605,4.144872322899506,0.17965418861299223
2822,0.2829,18,111,18,153240,523204,11669,114587,4.1439931567608665,0.17966230316827927
2823,0.283,16,104,16,153344,523100,11685,114571,4.143169433531872,0.17967102157695738
2824,0.2831,8,65,8,153409,523035,11693,114563,4.14265460651375,0.17967904541733193
2825,0.2832,6,70,6,153479,522965,11699,114557,4.142100177417311,0.17969105379892772
2826,0.2833,8,80,8,153559,522885,11707,114549,4.1414665441642375,0.17970331046037707
2827,0.2834,2,49,2,153608,522836,11709,114547,4.14107844379673,0.17971455153337945
2828,0.2835,5,51,5,153659,522785,11714,114542,4.140674502597896,0.17972249724238892
2829,0.2836,5,54,5,153713,522731,11719,114537,4.140246800152072,0.17973129044609176
2830,0.2837,5,134,5,153847,522597,11724,114532,4.139185464453175,0.17976265403081637
2831,0.2838,2,30,2,153877,522567,11726,114530,4.138947851983272,0.17976854387950345
2832,0.2839,8,106,8,153983,522461,11734,114522,4.13810828792295,0.1797881576117416
2833,0.284,13,110,13,154093,522351,11747,114509,4.137237042199975,0.17980246836039318
2834,0.2841,4,47,4,154140,522304,11751,114505,4.136864782663794,0.17981058684786175
2835,0.2842,22,386,22,154526,521918,11773,114483,4.133807502217716,0.1798912949539677
2836,0.2843,7,32,7,154558,521886,11780,114476,4.133554048916487,0.17989131972053643
2837,0.2844,15,245,15,154803,521641,11795,114461,4.131613547078951,0.17994126728103355
2838,0.2845,17,73,17,154876,521568,11812,114444,4.131035356735522,0.1799400011320541
2839,0.2846,12,70,12,154946,521498,11824,114432,4.130480927639082,0.179944333495825
2840,0.2847,14,170,14,155116,521328,11838,114418,4.129134456976302,0.17997439228874423
2841,0.2848,9,93,9,155209,521235,11847,114409,4.128397858319604,0.17998911340309984
2842,0.2849,9,146,9,155355,521089,11856,114400,4.127241477632746,0.18001885162449704
2843,0.285,4,39,4,155394,521050,11860,114396,4.126932581421873,0.18002473853010326
2844,0.2851,7,83,7,155477,520967,11867,114389,4.126275186921809,0.18003922210540232
2845,0.2852,1,28,1,155505,520939,11868,114388,4.126053415283234,0.18004586614452087
2846,0.2853,19,164,19,155669,520775,11887,114369,4.1247544671144345,0.1800678271384127
2847,0.2854,7,103,7,155772,520672,11894,114362,4.123938664301103,0.18008799528844124
2848,0.2855,9,81,9,155853,520591,11903,114353,4.123297110632366,0.18009934734401775
2849,0.2856,2,74,2,155927,520517,11905,114351,4.122710999873274,0.18011775676203556
2850,0.2857,13,205,13,156132,520312,11918,114338,4.121087314662273,0.18015914283463327
2851,0.2858,7,74,7,156206,520238,11925,114331,4.1205012039031805,0.18017110826403432
2852,0.2859,4,79,4,156285,520159,11929,114327,4.1198754910657716,0.1801883729507034
2853,0.286,14,191,14,156476,519968,11943,114313,4.118362691674059,0.18022453770489735
2854,0.2861,7,63,7,156539,519905,11950,114306,4.117863705487264,0.18023339235680239
2855,0.2862,13,158,13,156697,519747,11963,114293,4.116612279812444,0.18026149769730615
2856,0.2863,6,74,6,156771,519673,11969,114287,4.1160261690533515,0.18027478074326456
2857,0.2864,3,48,3,156819,519625,11972,114284,4.115645989101508,0.18028455188363
2858,0.2865,8,56,8,156875,519569,11980,114276,4.115202445824357,0.18029013402330224
2859,0.2866,17,137,17,157012,519432,11997,114259,4.1141173488784695,0.18030712129413232
2860,0.2867,9,67,9,157079,519365,12006,114250,4.1135866810290205,0.18031454432107827
2861,0.2868,9,47,9,157126,519318,12015,114241,4.11321442149284,0.18031627677927392
2862,0.2869,10,79,10,157205,519239,12025,114231,4.11258870865543,0.18032582442736042
2863,0.287,7,154,7,157359,519085,12032,114224,4.1113689646432645,0.18036061385516391
2864,0.2871,9,80,9,157439,519005,12041,114215,4.110735331390192,0.18037175073434195
2865,0.2872,10,74,10,157513,518931,12051,114205,4.110149220631099,0.18037988678577746
2866,0.2873,3,71,3,157584,518860,12054,114202,4.109586871118997,0.18039623291241616
2867,0.2874,7,61,7,157645,518799,12061,114195,4.109103725763528,0.18040455359766444
2868,0.2875,2,52,2,157697,518747,12063,114193,4.108691864149031,0.1804167851613107
2869,0.2876,8,66,8,157763,518681,12071,114185,4.108169116715246,0.18042524009821984
2870,0.2877,13,124,13,157887,518557,12084,114172,4.107186985172982,0.18044376028283832
2871,0.2878,13,73,13,157960,518484,12097,114159,4.106608794829553,0.18044774066890806
2872,0.2879,11,107,11,158067,518377,12108,114148,4.105761310353567,0.1804640132801075
2873,0.288,3,35,3,158102,518342,12111,114145,4.105484095805348,0.18047011242918826
2874,0.2881,10,99,10,158201,518243,12121,114135,4.10469997465467,0.18048540588065998
2875,0.2882,4,72,4,158273,518171,12125,114131,4.104129704726904,0.1805007733646264
2876,0.2883,12,245,12,158518,517926,12137,114119,4.102189202889368,0.18055518198862422
2877,0.2884,9,81,9,158599,517845,12146,114110,4.101547649220631,0.1805666542712693
2878,0.2885,2,73,2,158672,517772,12148,114108,4.100969458877202,0.18058492118756725
2879,0.2886,23,172,23,158844,517600,12171,114085,4.099607147383095,0.18060425686853415
2880,0.2887,2,30,2,158874,517570,12173,114083,4.099369534913192,0.18061024011601307
2881,0.2888,12,58,12,158932,517512,12185,114071,4.0989101508047145,0.18061125774442946
2882,0.2889,7,62,7,158994,517450,12192,114064,4.098419085033583,0.18061990708044479
2883,0.289,6,61,6,159055,517389,12198,114058,4.0979359396781145,0.18062956986097012
2884,0.2891,4,34,4,159089,517355,12202,114054,4.097666645545559,0.18063410562725588
2885,0.2892,6,65,6,159154,517290,12208,114048,4.097151818527436,0.18064491603546753
2886,0.2893,10,193,10,159347,517097,12218,114038,4.095623178304398,0.18068717469321144
2887,0.2894,10,79,10,159426,517018,12228,114028,4.094997465466988,0.18069681132595722
2888,0.2895,16,190,16,159616,516828,12244,114012,4.093492586490939,0.18073045463191934
2889,0.2896,3,79,3,159695,516749,12247,114009,4.092866873653529,0.1807491938271096
2890,0.2897,10,68,10,159763,516681,12257,113999,4.092328285388417,0.1807556922686624
2891,0.2898,9,110,9,159873,516571,12266,113990,4.091457039665442,0.18077553162977095
2892,0.2899,9,117,9,159990,516454,12275,113981,4.090530351032823,0.1807973859319359
2893,0.29,6,61,6,160051,516393,12281,113975,4.090047205677354,0.18080708411594498
2894,0.2901,4,58,4,160109,516335,12285,113971,4.089587821568876,0.180818523066574
2895,0.2902,8,31,8,160140,516304,12293,113963,4.08934228868331,0.18081701881900844
2896,0.2903,21,124,21,160264,516180,12314,113942,4.088360157141047,0.180825300497364
2897,0.2904,7,84,7,160348,516096,12321,113935,4.08769484222532,0.1808403078578673
2898,0.2905,2,63,2,160411,516033,12323,113933,4.087195856038525,0.18085579221735776
2899,0.2906,8,65,8,160476,515968,12331,113925,4.086681029020403,0.18086405151351104
2900,0.2907,5,53,5,160529,515915,12336,113920,4.086261246990242,0.18087276826470425
2901,0.2908,18,146,18,160675,515769,12354,113902,4.085104866303384,0.18089129084871305
2902,0.2909,14,185,14,160860,515584,12368,113888,4.083639589405652,0.18092623659193738
2903,0.291,7,119,7,160979,515465,12375,113881,4.082697059941705,0.18095133678453507
2904,0.2911,1,34,1,161013,515431,12376,113880,4.0824277658091495,0.18095981160348382
2905,0.2912,10,78,10,161091,515353,12386,113870,4.081809973387403,0.18096922712615401
2906,0.2913,3,32,3,161123,515321,12389,113867,4.081556520086174,0.18097452589687024
2907,0.2914,29,224,29,161347,515097,12418,113838,4.079782346977569,0.18100121634191133
2908,0.2915,4,53,4,161400,515044,12422,113834,4.079362564947409,0.18101126132572615
2909,0.2916,3,36,3,161436,515008,12425,113831,4.079077429983526,0.1810177167764722
2910,0.2917,9,80,9,161516,514928,12434,113822,4.078443796730452,0.1810290258449304
2911,0.2918,10,43,10,161559,514885,12444,113812,4.078103218856926,0.18102838092117507
2912,0.2919,2,72,2,161631,514813,12446,113810,4.07753294892916,0.18104650959319019
2913,0.292,9,113,9,161744,514700,12455,113801,4.076637941959194,0.1810673332262001
2914,0.2921,13,99,13,161843,514601,12468,113788,4.075853820808516,0.18107891767678938
2915,0.2922,3,55,3,161898,514546,12471,113785,4.0754181979470285,0.181090858162338
2916,0.2923,21,237,21,162135,514309,12492,113764,4.073541059434799,0.1811318111111288
2917,0.2924,8,104,8,162239,514205,12500,113756,4.0727173362058045,0.18115137723521046
2918,0.2925,8,76,8,162315,514129,12508,113748,4.072115384615385,0.18116287107188192
2919,0.2926,13,70,13,162385,514059,12521,113735,4.071560955518946,0.18116611499950622
2920,0.2927,3,54,3,162439,514005,12524,113732,4.071133253073121,0.18117778623850433
2921,0.2928,5,73,5,162512,513932,12529,113727,4.070555062729692,0.1811923353285781
2922,0.2929,7,56,7,162568,513876,12536,113720,4.070111519452541,0.18119937029554045
2923,0.293,6,46,6,162614,513830,12542,113714,4.0697471803320235,0.18120482388485906
2924,0.2931,35,250,35,162864,513580,12577,113679,4.06776707641617,0.18123135738187893
2925,0.2932,6,48,6,162912,513532,12583,113673,4.067386896464327,0.18123739447230172
2926,0.2933,6,53,6,162965,513479,12589,113667,4.066967114434165,0.18124487758831276
2927,0.2934,18,172,18,163137,513307,12607,113649,4.065604802940058,0.18127109398426683
2928,0.2935,4,19,4,163156,513288,12611,113645,4.065454315042453,0.18127136392565074
2929,0.2936,12,71,12,163227,513217,12623,113633,4.064891965530351,0.18127622238175
2930,0.2937,11,66,11,163293,513151,12634,113622,4.064369218096566,0.1812809422231015
2931,0.2938,4,46,4,163339,513105,12638,113618,4.064004878976049,0.1812890224229843
2932,0.2939,2,33,2,163372,513072,12640,113616,4.063743505259156,0.18129595588235295
2933,0.294,11,41,11,163413,513031,12651,113605,4.063418768216956,0.18129344627503047
2934,0.2941,8,65,8,163478,512966,12659,113597,4.062903941198834,0.1813018004574161
2935,0.2942,2,42,2,163520,512924,12661,113595,4.06257128374097,0.18131134091703524
2936,0.2943,11,79,11,163599,512845,12672,113584,4.0619455709035615,0.18131983033991084
2937,0.2944,15,193,15,163792,512652,12687,113569,4.060416930680522,0.18135610271773064
2938,0.2945,5,54,5,163846,512598,12692,113564,4.059989228234698,0.18136520580935925
2939,0.2946,10,99,10,163945,512499,12702,113554,4.059205107084019,0.18138080961196576
2940,0.2947,8,137,8,164082,512362,12710,113546,4.058120010138132,0.18141004748301667
2941,0.2948,0,56,0,164138,512306,12710,113546,4.057676466860981,0.18142627969551905
2942,0.2949,5,50,5,164188,512256,12715,113541,4.05728044607781,0.18143423506344708
2943,0.295,9,71,9,164259,512185,12724,113532,4.0567180965657075,0.18144304853472096
2944,0.2951,9,110,9,164369,512075,12733,113523,4.055846850842732,0.18146317603317147
2945,0.2952,2,49,2,164418,512026,12735,113521,4.055458750475225,0.18147477327842673
2946,0.2953,11,141,11,164559,511885,12746,113510,4.054341971866684,0.18150129118397174
2947,0.2954,14,138,14,164697,511747,12760,113496,4.053248954505133,0.18152302384832777
2948,0.2955,6,46,6,164743,511701,12766,113490,4.052884615384615,0.1815285248827958
2949,0.2956,9,106,9,164849,511595,12775,113481,4.052045051324294,0.18154752382110334
2950,0.2957,6,142,6,164991,511453,12781,113475,4.050920352300088,0.18158091812176763
2951,0.2958,15,79,15,165070,511374,12796,113460,4.050294639462679,0.18158422877116162
2952,0.2959,14,107,14,165177,511267,12810,113446,4.0494471549866935,0.1815969893375038
2953,0.296,1,57,1,165234,511210,12811,113445,4.048995691293879,0.181612249961979
2954,0.2961,7,58,7,165292,511152,12818,113438,4.048536307185401,0.18161994268239964
2955,0.2962,13,115,13,165407,511037,12831,113425,4.047625459384109,0.18163635257229424
2956,0.2963,19,88,19,165495,510949,12850,113406,4.046928462805728,0.18163704943501693
2957,0.2964,4,98,4,165593,510851,12854,113402,4.046152262070714,0.18166032041495997
2958,0.2965,9,158,9,165751,510693,12863,113393,4.044900836395894,0.1816945100514993
2959,0.2966,8,89,8,165840,510604,12871,113385,4.04419591940185,0.18170993398922097
2960,0.2967,14,83,14,165923,510521,12885,113371,4.043538524901787,0.18171574567393076
2961,0.2968,3,69,3,165992,510452,12888,113368,4.042992016221011,0.18173190984578885
2962,0.2969,6,34,6,166026,510418,12894,113362,4.042722722088455,0.18173394465997628
2963,0.297,10,86,10,166112,510332,12904,113352,4.0420415663414015,0.18174588413363177
2964,0.2971,14,182,14,166294,510150,12918,113338,4.04060005069066,0.18178056353931432
2965,0.2972,12,102,12,166396,510048,12930,113326,4.039792168292992,0.18179455671875952
2966,0.2973,7,61,7,166457,509987,12937,113319,4.039309022937524,0.18180315928292043
2967,0.2974,18,151,18,166608,509836,12955,113301,4.038113040172348,0.1818235797264486
2968,0.2975,16,108,16,166716,509728,12971,113285,4.0372576352806995,0.1818340869291652
2969,0.2976,5,87,5,166803,509641,12976,113280,4.036568559117982,0.18185291553824642
2970,0.2977,4,29,4,166832,509612,12980,113276,4.036338867063743,0.18185612822850977
2971,0.2978,3,49,3,166881,509563,12983,113273,4.035950766696236,0.18186649455073245
2972,0.2979,15,127,15,167008,509436,12998,113258,4.034944873906983,0.18188387875906947
2973,0.298,4,55,4,167063,509381,13002,113254,4.0345092510454945,0.18189468950508725
2974,0.2981,13,146,13,167209,509235,13015,113241,4.0333528703586365,0.1819202668054672
2975,0.2982,10,73,10,167282,509162,13025,113231,4.032774680015208,0.18192845999231996
2976,0.2983,13,56,13,167338,509106,13038,113218,4.032331136738056,0.18192774181937382
2977,0.2984,6,99,6,167437,509007,13044,113212,4.031547015587378,0.18194879937771105
2978,0.2985,3,56,3,167493,508951,13047,113209,4.031103472310227,0.18196123183746946
2979,0.2986,9,58,9,167551,508893,13056,113200,4.030644088201749,0.18196636194266774
2980,0.2987,9,58,9,167609,508835,13065,113191,4.030184704093271,0.18197149315301933
2981,0.2988,8,101,8,167710,508734,13073,113183,4.029384742111266,0.18199052285112
2982,0.2989,15,182,15,167892,508552,13088,113168,4.027943226460525,0.18202406227883935
2983,0.299,13,92,13,167984,508460,13101,113155,4.027214548219491,0.1820338955784529
2984,0.2991,7,66,7,168050,508394,13108,113148,4.026691800785705,0.18204401311576693
2985,0.2992,7,65,7,168115,508329,13115,113141,4.026176973767583,0.18205384008882167
2986,0.2993,13,88,13,168203,508241,13128,113128,4.025479977189203,0.18206251036018856
2987,0.2994,17,137,17,168340,508104,13145,113111,4.024394880243316,0.1820802781645646
2988,0.2995,11,166,11,168506,507938,13156,113100,4.023080091243188,0.18211445998473524
2989,0.2996,3,30,3,168536,507908,13159,113097,4.022842478773286,0.1821193066078373
2990,0.2997,5,52,5,168588,507856,13164,113092,4.022430617158789,0.18212797206851458
2991,0.2998,1,116,1,168704,507740,13165,113091,4.021511848941833,0.18216068463076102
2992,0.2999,5,62,5,168766,507678,13170,113086,4.021020783170701,0.18217229091893217
2993,0.3,6,53,6,168819,507625,13176,113080,4.02060100114054,0.1821799405514697
2994,0.3001,22,132,22,168951,507493,13198,113058,4.019555506272969,0.18218969915446112
2995,0.3002,9,125,9,169076,507368,13207,113049,4.018565454315042,0.18221454279943974
2996,0.3003,9,108,9,169184,507260,13216,113040,4.0177100494233935,0.1822344027083669
2997,0.3004,6,32,6,169216,507228,13222,113034,4.017456596122164,0.18223589386420577
2998,0.3005,10,72,10,169288,507156,13232,113024,4.016886326194399,0.18224386468444645
2999,0.3006,15,118,15,169406,507038,13247,113009,4.015951717146116,0.18225876425496776
3000,0.3007,5,61,5,169467,506977,13252,113004,4.015468571790648,0.1822701018257011
3001,0.3008,15,82,15,169549,506895,13267,112989,4.014819097706248,0.18227442553768125
3002,0.3009,10,130,10,169679,506765,13277,112979,4.013789443670004,0.18229946558579027
3003,0.301,23,272,23,169951,506493,13300,112956,4.0116350906095555,0.18234915223044995
3004,0.3011,15,99,15,170050,506394,13315,112941,4.010850969458877,0.1823584974206205
3005,0.3012,9,86,9,170136,506308,13324,112932,4.010169813711824,0.18237193979717073
3006,0.3013,4,102,4,170238,506206,13328,112928,4.009361931314156,0.18239670249089857
3007,0.3014,14,68,14,170306,506138,13342,112914,4.008823343049043,0.18239824764317053
3008,0.3015,21,151,21,170457,505987,13363,112893,4.007627360283868,0.1824150077559462
3009,0.3016,14,101,14,170558,505886,13377,112879,4.006827398301863,0.18242628461532245
3010,0.3017,11,101,11,170659,505785,13388,112868,4.006027436319858,0.18244153022776904
3011,0.3018,16,103,16,170762,505682,13404,112852,4.005211633506526,0.18245076260965445
3012,0.3019,7,94,7,170856,505588,13411,112845,4.004467114434165,0.18246924080700738
3013,0.302,6,45,6,170901,505543,13417,112839,4.004110695729312,0.18247458690582843
3014,0.3021,7,81,7,170982,505462,13424,112832,4.003469142060576,0.18248923651208002
3015,0.3022,28,226,28,171208,505236,13452,112804,4.001679128120644,0.18251893081353956
3016,0.3023,12,91,12,171299,505145,13464,112792,4.000958370295273,0.1825299342813264
3017,0.3024,14,191,14,171490,504954,13478,112778,3.999445570903561,0.18256784495541756
3018,0.3025,11,102,11,171592,504852,13489,112767,3.9986376885058927,0.18258343736186872
3019,0.3026,5,34,5,171626,504818,13494,112762,3.998368394373337,0.182586871336507
3020,0.3027,3,86,3,171712,504732,13497,112759,3.997687238626283,0.18260832951411438
3021,0.3028,6,36,6,171748,504696,13503,112753,3.9974021036624,0.18261103346187296
3022,0.3029,24,277,24,172025,504419,13527,112729,3.9952081485236346,0.18266120930473728
3023,0.303,10,148,10,172173,504271,13537,112719,3.994035927005449,0.18269177782460008
3024,0.3031,22,200,22,172373,504071,13559,112697,3.9924518438727663,0.18272186624468195
3025,0.3032,9,65,9,172438,504006,13568,112688,3.9919370168546444,0.1827291979490639
3026,0.3033,4,40,4,172478,503966,13572,112684,3.991620200228108,0.18273574961485445
3027,0.3034,4,43,4,172521,503923,13576,112680,3.9912796223545812,0.18274319132407724
3028,0.3035,9,97,9,172618,503826,13585,112671,3.99051134203523,0.1827600134307223
3029,0.3036,4,62,4,172680,503764,13589,112667,3.990020276264098,0.18277309220334473
3030,0.3037,2,91,2,172771,503673,13591,112665,3.989299518438728,0.18279742608763375
3031,0.3038,4,67,4,172838,503606,13595,112661,3.988768850589279,0.1828119954500241
3032,0.3039,1,23,1,172861,503583,13596,112660,3.9885866810290205,0.1828174924502185
3033,0.304,9,90,9,172951,503493,13605,112651,3.987873843619313,0.1828322599911709
3034,0.3041,9,124,9,173075,503369,13614,112642,3.9868917120770497,0.18285712430459847
3035,0.3042,21,72,21,173147,503297,13635,112621,3.986321442149284,0.18285063920846606
3036,0.3043,19,282,19,173429,503015,13654,112602,3.9840878849322015,0.18290917892130984
3037,0.3044,13,96,13,173525,502919,13667,112589,3.9833275250285136,0.1829204494498853
3038,0.3045,13,118,13,173643,502801,13680,112576,3.9823929159802307,0.18293826386101528
3039,0.3046,5,84,5,173727,502717,13685,112571,3.9817276010645037,0.1829565991860722
3040,0.3047,6,145,6,173872,502572,13691,112565,3.9805791407933087,0.1829917563079444
3041,0.3048,6,70,6,173942,502502,13697,112559,3.9800247116968697,0.18300461255062506
3042,0.3049,5,75,5,174017,502427,13702,112554,3.979430680522114,0.18302028843167512
3043,0.305,7,58,7,174075,502369,13709,112547,3.978971296413636,0.18302825101314651
3044,0.3051,8,95,8,174170,502274,13717,112539,3.9782188569256114,0.18304590176199917
3045,0.3052,10,103,10,174273,502171,13727,112529,3.97740305411228,0.18306328290222873
3046,0.3053,8,76,8,174349,502095,13735,112521,3.9768011025218604,0.1830752860322543
3047,0.3054,6,38,6,174387,502057,13741,112515,3.9765001267266507,0.18307863033135255
3048,0.3055,10,107,10,174494,501950,13751,112505,3.9756526422506653,0.18309721623227088
3049,0.3056,0,40,0,174534,501910,13751,112505,3.975335825624129,0.18310913633293457
3050,0.3057,10,65,10,174599,501845,13761,112495,3.974820998606007,0.18311521307419346
3051,0.3058,10,93,10,174692,501752,13771,112485,3.974084399949309,0.18312963888531625
3052,0.3059,11,65,11,174757,501687,13782,112474,3.9735695729311873,0.18313438984240288
3053,0.306,6,110,6,174867,501577,13788,112468,3.972698327208212,0.18315921471553387
3054,0.3061,5,47,5,174914,501530,13793,112463,3.9723260676720313,0.18316658333238328
3055,0.3062,10,72,10,174986,501458,13803,112453,3.9717557977442657,0.18317475985932816
3056,0.3063,10,126,10,175112,501332,13813,112443,3.9707578253706752,0.1831990550283084
3057,0.3064,6,79,6,175191,501253,13819,112437,3.970132112533266,0.1832146523489058
3058,0.3065,14,65,14,175256,501188,13833,112423,3.969617285515144,0.1832154247560751
3059,0.3066,9,80,9,175336,501108,13842,112414,3.9689836522620707,0.1832273333311601
3060,0.3067,9,68,9,175404,501040,13851,112405,3.9684450639969584,0.18323566089869509
3061,0.3068,5,97,5,175501,500943,13856,112400,3.9676767836776072,0.18325798126007797
3062,0.3069,7,67,7,175568,500876,13863,112393,3.9671461158281587,0.18326867981261077
3063,0.307,19,222,19,175790,500654,13882,112374,3.965387783550881,0.18330973462876085
3064,0.3071,34,184,34,175974,500470,13916,112340,3.9639304270688127,0.18331946280249997
3065,0.3072,13,98,13,176072,500372,13929,112327,3.963154226333798,0.18333145639212728
3066,0.3073,14,162,14,176234,500210,13943,112313,3.9618711189963247,0.18336127786221906
3067,0.3074,8,76,8,176310,500134,13951,112305,3.9612691674059053,0.1833733645309982
3068,0.3075,7,45,7,176355,500089,13958,112298,3.960912748701052,0.1833775047478147
3069,0.3076,18,115,18,176470,499974,13976,112280,3.9600019008997593,0.18338794029928754
3070,0.3077,4,161,4,176631,499813,13980,112276,3.9587267139779496,0.18343084093979797
3071,0.3078,8,121,8,176752,499692,13988,112268,3.9577683436826763,0.18345643506111511
3072,0.3079,32,285,32,177037,499407,14020,112236,3.9555110252186036,0.18349919806161438
3073,0.308,7,88,7,177125,499319,14027,112229,3.954814028640223,0.18351625710492062
3074,0.3081,17,151,17,177276,499168,14044,112212,3.9536180458750474,0.18353887925676338
3075,0.3082,10,108,10,177384,499060,14054,112202,3.9527626409833987,0.18355795060056082
3076,0.3083,18,89,18,177473,498971,14072,112184,3.952057723989355,0.1835606351907454
3077,0.3084,13,80,13,177553,498891,14085,112171,3.951424090736282,0.18356729759009724
3078,0.3085,9,65,9,177618,498826,14094,112162,3.95090926371816,0.18357480015974126
3079,0.3086,10,86,10,177704,498740,14104,112152,3.9502281079711064,0.1835872789298272
3080,0.3087,1,65,1,177769,498675,14105,112151,3.9497132809529845,0.1836054784832342
3081,0.3088,3,29,3,177798,498646,14108,112148,3.9494835888987456,0.18361018608565244
3082,0.3089,8,101,8,177899,498545,14116,112140,3.9486836269167407,0.18362985827390554
3083,0.309,4,34,4,177933,498511,14120,112136,3.9484143327841843,0.18363473496144253
3084,0.3091,22,152,22,178085,498359,14142,112114,3.9472104296033454,0.18365103780183561
3085,0.3092,14,168,14,178253,498191,14156,112100,3.945879799771892,0.1836828660425928
3086,0.3093,14,97,14,178350,498094,14170,112086,3.945111519452541,0.1836933363925399
3087,0.3094,11,68,11,178418,498026,14181,112075,3.944572931187429,0.1836990924453492
3088,0.3095,4,22,4,178440,498004,14185,112071,3.9443986820428334,0.18370036470925705
3089,0.3096,7,78,7,178518,497926,14192,112064,3.9437808896210873,0.18371448712273972
3090,0.3097,0,29,0,178547,497897,14192,112064,3.9435511975668485,0.1837232216485972
3091,0.3098,5,63,5,178610,497834,14197,112059,3.9430522113800532,0.18373550770381034
3092,0.3099,28,207,28,178817,497627,14225,112031,3.9414126853377267,0.18376040337369476
3093,0.31,10,79,10,178896,497548,14235,112021,3.940786972500317,0.18377082824093746
3094,0.3101,11,143,11,179039,497405,14246,112010,3.9396543530604484,0.18379921728214763
3095,0.3102,9,66,9,179105,497339,14255,112001,3.939131605626663,0.18380706994453014
3096,0.3103,12,108,12,179213,497231,14267,111989,3.9382762007350145,0.1838235776895046
3097,0.3104,13,81,13,179294,497150,14280,111976,3.937634647066278,0.1838306031921146
3098,0.3105,3,30,3,179324,497120,14283,111973,3.937397034596376,0.18383563757915458
3099,0.3106,14,156,14,179480,496964,14297,111959,3.936161449752883,0.1838639696644732
3100,0.3107,6,83,6,179563,496881,14303,111953,3.9355040552528195,0.18388099219163187
3101,0.3108,8,84,8,179647,496797,14311,111945,3.934838740337093,0.18389564051765772
3102,0.3109,13,116,13,179763,496681,14324,111932,3.9339199721201368,0.18391325850745877
3103,0.311,10,55,10,179818,496626,14334,111922,3.933484349258649,0.1839164700237286
3104,0.3111,8,54,8,179872,496572,14342,111914,3.9330566468128247,0.18392206229888608
3105,0.3112,7,49,7,179921,496523,14349,111907,3.9326685464453175,0.1839274854954555
3106,0.3113,21,148,21,180069,496375,14370,111886,3.931496324927132,0.1839440634859049
3107,0.3114,8,69,8,180138,496306,14378,111878,3.9309498162463568,0.1839541980716362
3108,0.3115,8,96,8,180234,496210,14386,111870,3.930189456342669,0.183972503617945
3109,0.3116,12,110,12,180344,496100,14398,111858,3.929318210619693,0.1839896834978732
3110,0.3117,7,74,7,180418,496026,14405,111851,3.928732099860601,0.18400268475365905
3111,0.3118,17,184,17,180602,495842,14422,111834,3.9272747433785327,0.1840355715874907
3112,0.3119,11,76,11,180678,495766,14433,111823,3.9266727917881132,0.18404381909481574
3113,0.312,8,114,8,180792,495652,14441,111815,3.9257698644024837,0.18406761190319804
3114,0.3121,10,104,10,180896,495548,14451,111805,3.9249461411734887,0.18408569645659115
3115,0.3122,9,41,9,180937,495507,14460,111796,3.924621404131289,0.18408603283698582
3116,0.3123,8,68,8,181005,495439,14468,111788,3.9240828158661767,0.18409589823904404
3117,0.3124,7,40,7,181045,495399,14475,111781,3.9237659992396403,0.18409861984913864
3118,0.3125,4,89,4,181134,495310,14479,111777,3.9230610822455962,0.18412023317909954
3119,0.3126,12,74,12,181208,495236,14491,111765,3.9224749714865035,0.18412655003863257
3120,0.3127,6,67,6,181275,495169,14497,111759,3.921944303637055,0.1841388105343632
3121,0.3128,5,42,5,181317,495127,14502,111754,3.9216116461791914,0.18414483234769255
3122,0.3129,17,80,17,181397,495047,14519,111737,3.9209780129261183,0.18414625303238055
3123,0.313,21,187,21,181584,494860,14540,111716,3.91949689519706,0.18417477776898525
3124,0.3131,11,80,11,181664,494780,14551,111705,3.918863261943987,0.18418427496145823
3125,0.3132,16,134,16,181798,494646,14567,111689,3.9178019262450894,0.1842034518871581
3126,0.3133,5,57,5,181855,494589,14572,111684,3.9173504625522746,0.1842140421889149
3127,0.3134,14,76,14,181931,494513,14586,111670,3.916748510961855,0.18421829711489765
3128,0.3135,10,113,10,182044,494400,14596,111660,3.9158535039918894,0.18423918423918423
3129,0.3136,7,68,7,182112,494332,14603,111653,3.9153149157267775,0.1842504352417964
3130,0.3137,7,65,7,182177,494267,14610,111646,3.9148000887086556,0.18426077671216826
3131,0.3138,14,120,14,182297,494147,14624,111632,3.9138496388290456,0.1842784249701624
3132,0.3139,7,74,7,182371,494073,14631,111625,3.9132635280699533,0.1842915116113971
3133,0.314,3,74,3,182445,493999,14634,111622,3.9126774173108605,0.184309989250703
3134,0.3141,9,53,9,182498,493946,14643,111613,3.9122576352806995,0.18431399748001434
3135,0.3142,29,182,29,182680,493764,14672,111584,3.910816119629958,0.1843303356086086
3136,0.3143,9,86,9,182766,493678,14681,111575,3.9101349638829044,0.1843443981277251
3137,0.3144,8,98,8,182864,493580,14689,111567,3.90935876314789,0.18436346871090825
3138,0.3145,14,151,14,183015,493429,14703,111553,3.9081627803827144,0.18439060996856105
3139,0.3146,14,122,14,183137,493307,14717,111539,3.907196489671778,0.18440892392443697
3140,0.3147,7,53,7,183190,493254,14724,111532,3.906776707641617,0.18441564454203635
3141,0.3148,2,64,2,183254,493190,14726,111530,3.9062698010391586,0.18443246461172114
3142,0.3149,11,114,11,183368,493076,14737,111519,3.9053668736535294,0.18445240202118773
3143,0.315,4,81,4,183449,492995,14741,111515,3.904725319984793,0.18447172089791733
3144,0.3151,4,37,4,183486,492958,14745,111511,3.9044322646052465,0.18447761589097209
3145,0.3152,11,108,11,183594,492850,14756,111500,3.903576859713598,0.18449573922395962
3146,0.3153,16,77,16,183671,492773,14772,111484,3.902966987707515,0.18449765579877436
3147,0.3154,8,83,8,183754,492690,14780,111476,3.9023095932074514,0.18451220359967294
3148,0.3155,5,63,5,183817,492627,14785,111471,3.9018106070206566,0.18452469632410634
3149,0.3156,3,30,3,183847,492597,14788,111468,3.901572994550754,0.18452981053363463
3150,0.3157,11,56,11,183903,492541,14799,111457,3.901129451273603,0.1845320679869801
3151,0.3158,9,114,9,184017,492427,14808,111448,3.900226523887974,0.1845547505692403
3152,0.3159,6,74,6,184091,492353,14814,111442,3.899640413128881,0.18456926605884447
3153,0.316,17,143,17,184234,492210,14831,111425,3.8985077936890127,0.1845900254292743
3154,0.3161,11,57,11,184291,492153,14842,111414,3.8980563299961983,0.18459259701077096
3155,0.3162,1,35,1,184326,492118,14843,111413,3.8977791154479786,0.18460195085256598
3156,0.3163,4,53,4,184379,492065,14847,111409,3.8973593334178176,0.18461275879325373
3157,0.3164,11,107,11,184486,491958,14858,111398,3.8965118489418327,0.18463063266131438
3158,0.3165,6,77,6,184563,491881,14864,111392,3.8959019769357495,0.1846460889182841
3159,0.3166,14,173,14,184736,491708,14878,111378,3.894531745025979,0.1846801285388817
3160,0.3167,10,99,10,184835,491609,14888,111368,3.893747623875301,0.18469692873857543
3161,0.3168,10,60,10,184895,491549,14898,111358,3.8932723989354963,0.18470178651102076
3162,0.3169,9,120,9,185015,491429,14907,111349,3.8923219490558862,0.1847263835110107
3163,0.317,15,134,15,185149,491295,14922,111334,3.891260613356989,0.18474716616691197
3164,0.3171,12,90,12,185239,491205,14934,111322,3.8905477759472817,0.18475852534409246
3165,0.3172,12,153,12,185392,491052,14946,111310,3.8893359523507796,0.1847892131309744
3166,0.3173,4,58,4,185450,490994,14950,111306,3.8888765682423014,0.184801593890088
3167,0.3174,4,93,4,185543,490901,14954,111302,3.888139969585604,0.18482471857496557
3168,0.3175,6,52,6,185595,490849,14960,111296,3.8877281079711064,0.18483255694226475
3169,0.3176,16,135,16,185730,490714,14976,111280,3.8866588518565455,0.18485234072100387
3170,0.3177,6,56,6,185786,490658,14982,111274,3.8862153085793945,0.1848614129170737
3171,0.3178,10,36,10,185822,490622,14992,111264,3.8859301736155114,0.1848589267735086
3172,0.3179,5,41,5,185863,490581,14997,111259,3.8856054365733113,0.18486474810580886
3173,0.318,12,93,12,185956,490488,15009,111247,3.884868837916614,0.18487706382377625
3174,0.3181,15,78,15,186034,490410,15024,111232,3.8842510454948678,0.18488070979087232
3175,0.3182,8,103,8,186137,490307,15032,111224,3.8834352426815357,0.18490152627212894
3176,0.3183,7,69,7,186206,490238,15039,111217,3.8828887340007605,0.18491325203049272
3177,0.3184,17,76,17,186282,490162,15056,111200,3.882286782410341,0.1849135795078505
3178,0.3185,10,187,10,186469,489975,15066,111190,3.8808056646812825,0.1849575407749952
3179,0.3186,11,114,11,186583,489861,15077,111179,3.8799027372956534,0.18497770531079463
3180,0.3187,6,75,6,186658,489786,15083,111173,3.8793087061208973,0.184992653408968
3181,0.3188,6,69,6,186727,489717,15089,111167,3.8787621974401216,0.1850057581829438
3182,0.3189,4,32,4,186759,489685,15093,111163,3.8785087441388924,0.18501018560434584
3183,0.319,13,137,13,186896,489548,15106,111150,3.877423647193005,0.18503474291574135
3184,0.3191,5,81,5,186977,489467,15111,111145,3.8767820935242683,0.18505291269571703
3185,0.3192,5,53,5,187030,489414,15116,111140,3.8763623114941073,0.1850624589961935
3186,0.3193,10,89,10,187119,489325,15126,111130,3.875657394500063,0.1850763171261793
3187,0.3194,12,93,12,187212,489232,15138,111118,3.874920795843366,0.1850886982593487
3188,0.3195,16,112,16,187324,489120,15154,111102,3.8740337092890633,0.18510151244039705
3189,0.3196,7,90,7,187414,489030,15161,111095,3.8733208718793564,0.18511976671526764
3190,0.3197,5,61,5,187475,488969,15166,111090,3.872837726523888,0.18513179537345495
3191,0.3198,17,91,17,187566,488878,15183,111073,3.8721169686985175,0.18513678617087062
3192,0.3199,11,63,11,187629,488815,15194,111062,3.8716179825117223,0.18514128729722926
3193,0.32,16,205,16,187834,488610,15210,111046,3.8699942973007224,0.18518283816054537
3194,0.3201,10,85,10,187919,488525,15220,111036,3.869321061969332,0.18519550137517282
3195,0.3202,21,159,21,188078,488366,15241,111015,3.8680617158788495,0.18521608125716363
3196,0.3203,16,215,16,188293,488151,15257,110999,3.8663588265112154,0.185260786113661
3197,0.3204,7,37,7,188330,488114,15264,110992,3.866065771131669,0.18526270810173825
3198,0.3205,7,138,7,188468,487976,15271,110985,3.8649727537701177,0.18529587068273226
3199,0.3206,11,108,11,188576,487868,15282,110974,3.864117348878469,0.18531432331065623
3200,0.3207,10,104,10,188680,487764,15292,110964,3.863293625649474,0.18533290576021164
3201,0.3208,7,112,7,188792,487652,15299,110957,3.8624065390951716,0.18535805509105277
3202,0.3209,17,164,17,188956,487488,15316,110940,3.861107590926372,0.18538571056167158
3203,0.321,6,49,6,189005,487439,15322,110934,3.8607194905588647,0.1853927232679282
3204,0.3211,8,94,8,189099,487345,15330,110926,3.8599749714865035,0.18541095924756507
3205,0.3212,9,77,9,189176,487268,15339,110917,3.8593650994804207,0.1854225699407374
3206,0.3213,20,174,20,189350,487094,15359,110897,3.857986947154987,0.18544927933698
3207,0.3214,9,69,9,189419,487025,15368,110888,3.857440438474211,0.18545841953595255
3208,0.3215,7,48,7,189467,486977,15375,110881,3.8570602585223672,0.18546377233389869
3209,0.3216,16,78,16,189545,486899,15391,110865,3.856442466100621,0.18546617059575352
3210,0.3217,14,105,14,189650,486794,15405,110851,3.8556108224559624,0.18547967438864207
3211,0.3218,9,68,9,189718,486726,15414,110842,3.8550722341908505,0.1854885134411481
3212,0.3219,3,45,3,189763,486681,15417,110839,3.8547158154859966,0.1854983933592181
3213,0.322,18,215,18,189978,486466,15435,110821,3.8530129261183625,0.18554061950117784
3214,0.3221,12,148,12,190126,486318,15447,110809,3.8518407046001775,0.18557023882691623
3215,0.3222,8,74,8,190200,486244,15455,110801,3.8512545938410847,0.18558232629031313
3216,0.3223,12,69,12,190269,486175,15467,110789,3.850708085160309,0.18558740560569817
3217,0.3224,10,171,10,190440,486004,15477,110779,3.8493536940818656,0.18562693642412736
3218,0.3225,9,79,9,190519,485925,15486,110770,3.8487279812444557,0.18563922942206654
3219,0.3226,6,55,6,190574,485870,15492,110764,3.848292358382968,0.18564815280389652
3220,0.3227,2,48,2,190622,485822,15494,110762,3.847912178431124,0.18566035964759364
3221,0.3228,11,61,11,190683,485761,15505,110751,3.847429033075656,0.18566432863043827
3222,0.3229,15,98,15,190781,485663,15520,110736,3.846652832340641,0.18567435559080414
3223,0.323,11,80,11,190861,485583,15531,110725,3.8460191990875683,0.18568424371298053
3224,0.3231,12,144,12,191005,485439,15543,110713,3.8448786592320365,0.18571270414256766
3225,0.3232,23,171,23,191176,485268,15566,110690,3.8435242681535926,0.18573456518747966
3226,0.3233,11,116,11,191292,485152,15577,110679,3.842605499936637,0.18575569246984464
3227,0.3234,4,58,4,191350,485094,15581,110675,3.8421461158281587,0.18576830952936457
3228,0.3235,23,126,23,191476,484968,15604,110652,3.8411481434545687,0.18577616601188676
3229,0.3236,8,50,8,191526,484918,15612,110644,3.8407521226713977,0.18578082550599265
3230,0.3237,10,73,10,191599,484845,15622,110634,3.8401739323279687,0.1857899271007038
3231,0.3238,10,84,10,191683,484761,15632,110624,3.8395086174122417,0.18580246395189667
3232,0.3239,15,104,15,191787,484657,15647,110609,3.8386848941832468,0.1858144090205051
3233,0.324,3,26,3,191813,484631,15650,110606,3.838478963375998,0.1858184219058963
3234,0.3241,13,106,13,191919,484525,15663,110593,3.837639399315676,0.18583373381413434
3235,0.3242,11,45,11,191964,484480,15674,110582,3.8372829806108224,0.18583273675684214
3236,0.3243,15,140,15,192104,484340,15689,110567,3.8361741224179444,0.18585594050834836
3237,0.3244,12,129,12,192233,484211,15701,110555,3.835152388797364,0.1858798250068094
3238,0.3245,4,45,4,192278,484166,15705,110551,3.8347959700925105,0.18588841415328636
3239,0.3246,8,88,8,192366,484078,15713,110543,3.83409897351413,0.18590497140195184
3240,0.3247,8,105,8,192471,483973,15721,110535,3.8332673298694715,0.18592685043767282
3241,0.3248,15,128,15,192599,483845,15736,110520,3.8322535166645544,0.18594634610046015
3242,0.3249,4,60,4,192659,483785,15740,110516,3.8317782917247496,0.18595963998041395
3243,0.325,8,81,8,192740,483704,15748,110508,3.831136738056013,0.18597402947096323
3244,0.3251,9,39,9,192779,483665,15757,110499,3.83082784184514,0.1859739061942494
3245,0.3252,6,114,6,192893,483551,15763,110493,3.829924914459511,0.18600137363562294
3246,0.3253,6,71,6,192964,483480,15769,110487,3.8293625649474086,0.186015384693089
3247,0.3254,9,84,9,193048,483396,15778,110478,3.8286972500316816,0.18602935976318208
3248,0.3255,10,61,10,193109,483335,15788,110468,3.8282141046762135,0.18603476237068522
3249,0.3256,8,70,8,193179,483265,15796,110460,3.8276596755797745,0.1860457282411891
3250,0.3257,9,74,9,193253,483191,15805,110451,3.8270735648206817,0.1860565795546811
3251,0.3258,5,76,5,193329,483115,15810,110446,3.8264716132302623,0.18607354593714884
3252,0.3259,14,122,14,193451,482993,15824,110432,3.8255053225193256,0.18609259805367148
3253,0.326,5,51,5,193502,482942,15829,110427,3.8251013813204917,0.18610173433394733
3254,0.3261,12,114,12,193616,482828,15841,110415,3.8241984539348626,0.18612103303368097
3255,0.3262,16,137,16,193753,482691,15857,110399,3.8231133569889746,0.1861420695004131
3256,0.3263,22,180,22,193933,482511,15879,110377,3.8216876821695602,0.1861683825612932
3257,0.3264,26,157,26,194090,482354,15905,110351,3.8204441769104043,0.1861819961026143
3258,0.3265,16,126,16,194216,482228,15921,110335,3.8194462045368143,0.18619961084306647
3259,0.3266,8,64,8,194280,482164,15929,110327,3.8189392979343557,0.18620873566011972
3260,0.3267,5,26,5,194306,482138,15934,110322,3.818733367127107,0.1862100394963373
3261,0.3268,4,43,4,194349,482095,15938,110318,3.81839278925358,0.18621806071102423
3262,0.3269,13,119,13,194468,481976,15951,110305,3.817450259789634,0.18623761356518273
3263,0.327,8,60,8,194528,481916,15959,110297,3.816975034849829,0.1862454893762886
3264,0.3271,6,30,6,194558,481886,15965,110291,3.8167374223799264,0.18624667962450417
3265,0.3272,11,91,11,194649,481795,15976,110280,3.8160166645545557,0.18626018663176117
3266,0.3273,21,138,21,194787,481657,15997,110259,3.814923647193005,0.18627474168632036
3267,0.3274,16,127,16,194914,481530,16013,110243,3.813917754403751,0.18629271697086552
3268,0.3275,5,69,5,194983,481461,16018,110238,3.8133712457229754,0.18630756516404456
3269,0.3276,14,59,14,195042,481402,16032,110224,3.812903941198834,0.1863068898256669
3270,0.3277,8,51,8,195093,481351,16040,110216,3.8125,0.1863119477590873
3271,0.3278,5,30,5,195123,481321,16045,110211,3.8122623875300974,0.18631451891021958
3272,0.3279,4,39,4,195162,481282,16049,110207,3.8119534913192243,0.18632130098784594
3273,0.328,17,97,17,195259,481185,16066,110190,3.811185210999873,0.1863284717818643
3274,0.3281,4,58,4,195317,481127,16070,110186,3.810725826891395,0.1863412439773859
3275,0.3282,7,63,7,195380,481064,16077,110179,3.8102268407046003,0.18635146631757163
3276,0.3283,21,213,21,195593,480851,16098,110158,3.808539792168293,0.18638971656946002
3277,0.3284,11,48,11,195641,480803,16109,110147,3.808159612216449,0.18638971148151282
3278,0.3285,5,47,5,195688,480756,16114,110142,3.807787352680269,0.18639765238670633
3279,0.3286,13,124,13,195812,480632,16127,110129,3.8068052211380055,0.18641887328378143
3280,0.3287,6,75,6,195887,480557,16133,110123,3.8062111899632494,0.18643427913591115
3281,0.3288,19,97,19,195984,480460,16152,110104,3.805442909643898,0.18643872637004627
3282,0.3289,14,80,14,196064,480380,16166,110090,3.804809276390825,0.1864446965976256
3283,0.329,16,179,16,196243,480201,16182,110074,3.803391521987074,0.18647918343145145
3284,0.3291,4,135,4,196378,480066,16186,110070,3.802322265872513,0.18651632843954613
3285,0.3292,16,140,16,196518,479926,16202,110054,3.801213407679635,0.18653852672971966
3286,0.3293,3,81,3,196599,479845,16205,110051,3.8005718540108986,0.18656000379727952
3287,0.3294,6,10,6,196609,479835,16211,110045,3.8004926498542644,0.18655489252051263
3288,0.3295,14,140,14,196749,479695,16225,110031,3.7993837916613864,0.18657986929523201
3289,0.3296,8,90,8,196839,479605,16233,110023,3.798670954251679,0.1865973122036267
3290,0.3297,15,135,15,196974,479470,16248,110008,3.797601698137118,0.1866193479654881
3291,0.3298,11,75,11,197049,479395,16259,109997,3.797007666962362,0.18662791486820315
3292,0.3299,16,157,16,197206,479238,16275,109981,3.795764161703206,0.18665555591384528
3293,0.33,10,92,10,197298,479146,16285,109971,3.795035483462172,0.18667089898950462
3294,0.3301,3,34,3,197332,479112,16288,109968,3.794766189329616,0.1866775310653901
3295,0.3302,7,79,7,197411,479033,16295,109961,3.794140476492206,0.18669290349307463
3296,0.3303,12,75,12,197486,478958,16307,109949,3.79354644531745,0.1867001071476481
3297,0.3304,13,88,13,197574,478870,16320,109936,3.79284944873907,0.1867100539057007
3298,0.3305,10,95,10,197669,478775,16330,109926,3.7920970092510453,0.18672636873387338
3299,0.3306,16,186,16,197855,478589,16346,109910,3.7906238119376505,0.18676327402425494
3300,0.3307,6,48,6,197903,478541,16352,109904,3.7902436319858066,0.18677021641784702
3301,0.3308,4,53,4,197956,478488,16356,109900,3.7898238499556456,0.1867815115196095
3302,0.3309,15,85,15,198041,478403,16371,109885,3.7891506146242553,0.18678776381636206
3303,0.331,7,47,7,198088,478356,16378,109878,3.788778355088075,0.18679301094462408
3304,0.3311,15,128,15,198216,478228,16393,109863,3.787764541883158,0.18681292521055415
3305,0.3312,10,110,10,198326,478118,16403,109853,3.7868932961601827,0.1868340445362101
3306,0.3313,13,72,13,198398,478046,16416,109840,3.7863230262324166,0.18683894496552053
3307,0.3314,8,76,8,198474,477970,16424,109832,3.785721074641997,0.18685203520913504
3308,0.3315,11,94,11,198568,477876,16435,109821,3.7849765555696364,0.1868667017187428
3309,0.3316,21,128,21,198696,477748,16456,109800,3.7839627423647193,0.18687834866257735
3310,0.3317,10,92,10,198788,477656,16466,109790,3.7832340641236852,0.18689377406604182
3311,0.3318,11,142,11,198930,477514,16477,109779,3.7821093650994806,0.1869237331280979
3312,0.3319,16,111,16,199041,477403,16493,109763,3.7812301989608414,0.18693691392212763
3313,0.332,4,48,4,199089,477355,16497,109759,3.7808500190089975,0.18694665771894384
3314,0.3321,19,140,19,199229,477215,16516,109740,3.7797411608161195,0.18696492916833488
3315,0.3322,4,42,4,199271,477173,16520,109736,3.779408503358256,0.18697276749887973
3316,0.3323,8,102,8,199373,477071,16528,109728,3.778600620960588,0.18699418369833623
3317,0.3324,6,42,6,199415,477029,16534,109722,3.7782679635027248,0.18699925522069838
3318,0.3325,5,51,5,199466,476978,16539,109717,3.7778640223038904,0.1870085819718934
3319,0.3326,18,153,18,199619,476825,16557,109699,3.776652198707388,0.1870324147008477
3320,0.3327,3,38,3,199657,476787,16560,109696,3.7763512229121785,0.18704037457181197
3321,0.3328,2,23,2,199680,476764,16562,109694,3.77616905335192,0.18704493757438725
3322,0.3329,11,92,11,199772,476672,16573,109683,3.775440375110886,0.18705903420282935
3323,0.333,21,132,21,199904,476540,16594,109662,3.774394880243315,0.1870720331899243
3324,0.3331,7,47,7,199951,476493,16601,109655,3.7740226207071346,0.1870773251806711
3325,0.3332,8,95,8,200046,476398,16609,109647,3.7732701812191105,0.18709655401888933
3326,0.3333,9,106,9,200152,476292,16618,109638,3.7724306171587885,0.1871179151093134
3327,0.3334,12,63,12,200215,476229,16630,109626,3.7719316309719932,0.18712138669124612
3328,0.3335,10,128,10,200343,476101,16640,109616,3.7709178177670766,0.18714840101960503
3329,0.3336,22,190,22,200533,475911,16662,109594,3.7694129387910276,0.18717858942280596
3330,0.3337,6,49,6,200582,475862,16668,109588,3.7690248384235203,0.18718592535656334
3331,0.3338,24,154,24,200736,475708,16692,109564,3.767805094411355,0.18720184802963408
3332,0.3339,7,54,7,200790,475654,16699,109557,3.7673773919655305,0.18720939968660877
3333,0.334,3,42,3,200832,475612,16702,109554,3.767044734507667,0.18721866957410377
3334,0.3341,15,126,15,200958,475486,16717,109539,3.766046762134077,0.18723815221571727
3335,0.3342,20,107,20,201065,475379,16737,109519,3.7651992776580916,0.18724461359074573
3336,0.3343,7,66,7,201131,475313,16744,109512,3.7646765302243064,0.18725601675714956
3337,0.3344,3,68,3,201199,475245,16747,109509,3.764137941959194,0.1872736227541838
3338,0.3345,1,59,1,201258,475186,16748,109508,3.7636706374350526,0.1872911300611944
3339,0.3346,3,27,3,201285,475159,16751,109505,3.7634567862121404,0.18729560910197995
3340,0.3347,8,80,8,201365,475079,16759,109497,3.762823152959067,0.18731011878694986
3341,0.3348,6,63,6,201428,475016,16765,109491,3.762324166772272,0.18732196534857581
3342,0.3349,19,111,19,201539,474905,16784,109472,3.7614450006336333,0.1873311235726252
3343,0.335,13,106,13,201645,474799,16797,109459,3.7606054365733113,0.18734702819644747
3344,0.3351,17,101,17,201746,474698,16814,109442,3.7598054745913068,0.1873557708768446
3345,0.3352,5,64,5,201810,474634,16819,109437,3.759298567988848,0.18736934379553172
3346,0.3353,11,79,11,201889,474555,16830,109426,3.7586728551514383,0.1873793839183124
3347,0.3354,8,117,8,202006,474438,16838,109418,3.7577461665188188,0.18740579869008797
3348,0.3355,6,63,6,202069,474375,16844,109412,3.757247180332024,0.18741767117116345
3349,0.3356,22,144,22,202213,474231,16866,109390,3.7561066404764922,0.1874332829010608
3350,0.3357,19,117,19,202330,474114,16885,109371,3.7551799518438727,0.18744440731124193
3351,0.3358,8,74,8,202404,474040,16893,109363,3.7545938410847803,0.18745704084483625
3352,0.3359,8,99,8,202503,473941,16901,109355,3.753809719934102,0.1874777128593373
3353,0.336,3,27,3,202530,473914,16904,109352,3.75359586871119,0.1874822122324977
3354,0.3361,6,89,6,202619,473825,16910,109346,3.7528909517171463,0.1875024649716807
3355,0.3362,18,97,18,202716,473728,16928,109328,3.752122671397795,0.1875085755056118
3356,0.3363,20,148,20,202864,473580,16948,109308,3.7509504498796096,0.18752830732490633
3357,0.3364,8,44,8,202908,473536,16956,109300,3.7506019515904194,0.18753131241035215
3358,0.3365,13,71,13,202979,473465,16969,109287,3.750039602078317,0.18753603591236065
3359,0.3366,14,125,14,203104,473340,16983,109273,3.7490495501203904,0.18755674864790178
3360,0.3367,22,206,22,203310,473134,17005,109251,3.7474179444937272,0.18759240021635173
3361,0.3368,20,163,20,203473,472971,17025,109231,3.7461269167405904,0.18761701265196615
3362,0.3369,24,135,24,203608,472836,17049,109207,3.7450576606260295,0.18762703099255554
3363,0.337,8,78,8,203686,472758,17057,109199,3.7444398682042834,0.18764101127746552
3364,0.3371,5,34,5,203720,472724,17062,109194,3.7441705740717275,0.18764499465560439
3365,0.3372,13,117,13,203837,472607,17075,109181,3.743243885439108,0.18766457885002785
3366,0.3373,27,143,27,203980,472464,17102,109154,3.7421112659992395,0.18767300874457118
3367,0.3374,8,83,8,204063,472381,17110,109146,3.7414538714991763,0.187688619788935
3368,0.3375,14,136,14,204199,472245,17124,109132,3.740376694968952,0.18771296422115083
3369,0.3376,6,50,6,204249,472195,17130,109126,3.739980674185781,0.18772072572640588
3370,0.3377,15,87,15,204336,472108,17145,109111,3.739291598023064,0.18772786161498506
3371,0.3378,17,247,17,204583,471861,17162,109094,3.737335255354201,0.1877839075315644
3372,0.3379,26,251,26,204834,471610,17188,109068,3.735347231022684,0.1878287105762574
3373,0.338,19,126,19,204960,471484,17207,109049,3.734349258649094,0.18784289609720722
3374,0.3381,10,63,10,205023,471421,17217,109039,3.733850272462299,0.1878492919408745
3375,0.3382,7,66,7,205089,471355,17224,109032,3.7333275250285136,0.1878608583583023
3376,0.3383,18,148,18,205237,471207,17242,109014,3.732155303510328,0.18788358229019633
3377,0.3384,17,141,17,205378,471066,17259,108997,3.731038524901787,0.1879054516492174
3378,0.3385,13,99,13,205477,470967,17272,108984,3.730254403751109,0.1879193242187702
3379,0.3386,10,67,10,205544,470900,17282,108974,3.72972373590166,0.18792703242428527
3380,0.3387,8,92,8,205636,470808,17290,108966,3.728995057660626,0.18794564778689626
3381,0.3388,19,133,19,205769,470675,17309,108947,3.727941642377392,0.18796215464561386
3382,0.3389,12,105,12,205874,470570,17321,108935,3.7271099987327334,0.1879793962088334
3383,0.339,22,102,22,205976,470468,17343,108913,3.726302116335065,0.18798165628489716
3384,0.3391,7,67,7,206043,470401,17350,108906,3.7257714484856166,0.18799358543915404
3385,0.3392,7,39,7,206082,470362,17357,108899,3.7254625522747435,0.18799642993400212
3386,0.3393,4,47,4,206129,470315,17361,108895,3.725090292738563,0.18800607724314153
3387,0.3394,12,79,12,206208,470236,17373,108883,3.724464579901153,0.18801489849236513
3388,0.3395,17,187,17,206395,470049,17390,108866,3.722983462172095,0.18805178653170154
3389,0.3396,10,67,10,206462,469982,17400,108856,3.722452794322646,0.18805952615412258
3390,0.3397,6,37,6,206499,469945,17406,108850,3.7221597389430996,0.18806313116042814
3391,0.3398,10,74,10,206573,469871,17416,108840,3.7215736281840073,0.18807314877374026
3392,0.3399,6,56,6,206629,469815,17422,108834,3.721130084906856,0.18808293110331134
3393,0.34,7,96,7,206725,469719,17429,108827,3.720369725003168,0.18810431668354807
3394,0.3401,19,77,19,206802,469642,17448,108808,3.7197598529970852,0.188102688218515
3395,0.3402,8,69,8,206871,469573,17456,108800,3.7192133443163096,0.1881138988161619
3396,0.3403,12,101,12,206972,469472,17468,108788,3.718413382334305,0.1881299069622661
3397,0.3404,29,277,29,207249,469195,17497,108759,3.716219427195539,0.1881793360717289
3398,0.3405,4,76,4,207325,469119,17501,108755,3.7156174756051197,0.1881984654094145
3399,0.3406,5,77,5,207402,469042,17506,108750,3.715007603599037,0.18821652082410278
3400,0.3407,14,148,14,207550,468894,17520,108736,3.7138353820808514,0.18824507037376867
3401,0.3408,14,91,14,207641,468803,17534,108722,3.713114624255481,0.18825505389377084
3402,0.3409,6,76,6,207717,468727,17540,108716,3.7125126726650612,0.18827139648415514
3403,0.341,14,95,14,207812,468632,17554,108702,3.711760233177037,0.18828269251421187
3404,0.3411,12,71,12,207883,468561,17566,108690,3.711197883664935,0.1882889765457314
3405,0.3412,12,101,12,207984,468460,17578,108678,3.71039792168293,0.18830505009200574
3406,0.3413,12,152,12,208136,468308,17590,108666,3.709194018502091,0.18833777605230045
3407,0.3414,8,59,8,208195,468249,17598,108658,3.7087267139779496,0.18834578190245568
3408,0.3415,11,83,11,208278,468166,17609,108647,3.708069319477886,0.1883574052595902
3409,0.3416,2,44,2,208322,468122,17611,108645,3.707720821188696,0.1883689600826677
3410,0.3417,9,55,9,208377,468067,17620,108636,3.707285198327208,0.18837425850047598
3411,0.3418,17,208,17,208585,467859,17637,108619,3.7056377518692183,0.18841829176482017
3412,0.3419,14,53,14,208638,467806,17651,108605,3.7052179698390573,0.18841590462361058
3413,0.342,21,214,21,208852,467592,17672,108584,3.7035230008870865,0.1884563050179112
3414,0.3421,8,127,8,208979,467465,17680,108576,3.702517108097833,0.18848658342027738
3415,0.3422,22,208,22,209187,467257,17702,108554,3.700869661639843,0.18852366488309533
3416,0.3423,12,76,12,209263,467181,17714,108542,3.7002677100494235,0.18853163761044808
3417,0.3424,6,90,6,209353,467091,17720,108536,3.699554872639716,0.18855265649457026
3418,0.3425,16,99,16,209452,466992,17736,108520,3.6987707514890382,0.18856253214528976
3419,0.3426,7,86,7,209538,466906,17743,108513,3.6980895957419846,0.1885808428293122
3420,0.3427,8,73,8,209611,466833,17751,108505,3.697511405398555,0.1885934876542137
3421,0.3428,7,32,7,209643,466801,17758,108498,3.697257952097326,0.1885941049784547
3422,0.3429,13,92,13,209735,466709,17771,108485,3.696529273856292,0.18860593121625052
3423,0.343,9,80,9,209815,466629,17780,108476,3.695895640603219,0.18861946948818042
3424,0.3431,13,65,13,209880,466564,17793,108463,3.6953808135850967,0.18862244729377925
3425,0.3432,16,143,16,210023,466421,17809,108447,3.6942481941452288,0.1886467850010785
3426,0.3433,3,31,3,210054,466390,17812,108444,3.694002661259663,0.188652724090781
3427,0.3434,9,84,9,210138,466306,17821,108435,3.6933373463439363,0.1886675911410531
3428,0.3435,10,104,10,210242,466202,17831,108425,3.692513623114941,0.18868761822886845
3429,0.3436,15,113,15,210355,466089,17846,108410,3.691618616144975,0.1887035486571778
3430,0.3437,14,184,14,210539,465905,17860,108396,3.690161259662907,0.18874422994213835
3431,0.3438,26,203,26,210742,465702,17886,108370,3.688553415283234,0.18877423041012278
3432,0.3439,13,116,13,210858,465586,17899,108357,3.687634647066278,0.1887940091611885
3433,0.344,10,50,10,210908,465536,17909,108347,3.6872386262831074,0.18879632259537224
3434,0.3441,5,54,5,210962,465482,17914,108342,3.686810923837283,0.18880702096810173
3435,0.3442,5,105,5,211067,465377,17919,108337,3.6859792801926243,0.18883450639168645
3436,0.3443,7,66,7,211133,465311,17926,108330,3.685456532758839,0.1888463342055397
3437,0.3444,12,93,12,211226,465218,17938,108318,3.6847199341021417,0.18885998437761536
3438,0.3445,18,141,18,211367,465077,17956,108300,3.6836031554936004,0.1888809631359472
3439,0.3446,6,83,6,211450,464994,17962,108294,3.6829457609935368,0.18889981998576633
3440,0.3447,9,52,9,211502,464942,17971,108285,3.6825338993790395,0.18890422118986022
3441,0.3448,12,109,12,211611,464833,17983,108273,3.6816705740717275,0.18892316604607176
3442,0.3449,21,169,21,211780,464664,18004,108252,3.68033202382461,0.1889491653226651
3443,0.345,18,172,18,211952,464492,18022,108234,3.678969712330503,0.1889804199564888
3444,0.3451,7,133,7,212085,464359,18029,108227,3.677916297047269,0.18901440133010586
3445,0.3452,6,95,6,212180,464264,18035,108221,3.6771638575592447,0.18903726735198303
3446,0.3453,18,125,18,212305,464139,18053,108203,3.676173805601318,0.1890530487016504
3447,0.3454,2,66,2,212371,464073,18055,108201,3.675651058167533,0.1890720179494438
3448,0.3455,12,96,12,212467,463977,18067,108189,3.674890698263845,0.1890867335703275
3449,0.3456,12,116,12,212583,463861,18079,108177,3.6739719300468887,0.18910806624734722
3450,0.3457,8,68,8,212651,463793,18087,108169,3.673433341781777,0.18911920722006006
3451,0.3458,12,151,12,212802,463642,18099,108157,3.6722373590166013,0.1891521321303465
3452,0.3459,20,189,20,212991,463453,18119,108137,3.670740400456216,0.18918630486887456
3453,0.346,9,160,9,213151,463293,18128,108128,3.6694731339500697,0.1892265072512211
3454,0.3461,9,69,9,213220,463224,18137,108119,3.668926625269294,0.18923658817907982
3455,0.3462,8,46,8,213266,463178,18145,108111,3.668562286148777,0.1892404719852824
3456,0.3463,13,140,13,213406,463038,18158,108098,3.6674534279558992,0.18926840542357687
3457,0.3464,28,194,28,213600,462844,18186,108070,3.665916867317197,0.1892929583089572
3458,0.3465,4,47,4,213647,462797,18190,108066,3.6655446077810163,0.18930286250816747
3459,0.3466,9,45,9,213692,462752,18199,108057,3.665188189076163,0.18930500395053337
3460,0.3467,6,81,6,213773,462671,18205,108051,3.6645466354074263,0.18932334832019793
3461,0.3468,9,98,9,213871,462573,18214,108042,3.663770434672412,0.1893430772061723
3462,0.3469,14,77,14,213948,462496,18228,108028,3.6631605626663286,0.18934873905392235
3463,0.347,8,81,8,214029,462415,18236,108020,3.662519008997592,0.18936425710203617
3464,0.3471,3,31,3,214060,462384,18239,108017,3.662273476112026,0.18937028511520843
3465,0.3472,13,116,13,214176,462268,18252,108004,3.6613547078950703,0.1893903260198642
3466,0.3473,4,138,4,214314,462130,18256,108000,3.660261690533519,0.18943048076754423
3467,0.3474,14,186,14,214500,461944,18270,107986,3.6587884932201242,0.1894723913463057
3468,0.3475,15,165,15,214665,461779,18285,107971,3.6574816246356607,0.189505923650724
3469,0.3476,13,131,13,214796,461648,18298,107958,3.6564440501837536,0.18953100915369572
3470,0.3477,17,101,17,214897,461547,18315,107941,3.6556440882017487,0.18954042929789566
3471,0.3478,6,104,6,215001,461443,18321,107935,3.6548203649727538,0.18956650941905026
3472,0.3479,7,75,7,215076,461368,18328,107928,3.6542263337979977,0.1895815182260195
3473,0.348,17,160,17,215236,461208,18345,107911,3.6529590672918513,0.18961060867762278
3474,0.3481,18,165,18,215401,461043,18363,107893,3.651652198707388,0.18963995950335363
3475,0.3482,2,60,2,215461,460983,18365,107891,3.6511769737675834,0.18965711211973127
3476,0.3483,21,159,21,215620,460824,18386,107870,3.6499176276771004,0.18968021466729032
3477,0.3484,5,63,5,215683,460761,18391,107865,3.6494186414903056,0.18969410473668105
3478,0.3485,18,99,18,215782,460662,18409,107847,3.6486345203396273,0.18970148229843328
3479,0.3486,14,122,14,215904,460540,18423,107833,3.647668229628691,0.18972224225992437
3480,0.3487,11,130,11,216034,460410,18434,107822,3.6466385755924473,0.18974996128341945
3481,0.3488,19,262,19,216296,460148,18453,107803,3.6445634266886326,0.1898103885722536
3482,0.3489,13,96,13,216392,460052,18466,107790,3.643803066784945,0.1898239298959922
3483,0.349,12,105,12,216497,459947,18478,107778,3.6429714231402865,0.18984191289796998
3484,0.3491,17,164,17,216661,459783,18495,107761,3.6416724749714864,0.18987250327727895
3485,0.3492,13,65,13,216726,459718,18508,107748,3.6411576479533645,0.18987569299306037
3486,0.3493,26,248,26,216974,459470,18534,107722,3.639193384868838,0.18992157858361894
3487,0.3494,1,21,1,216995,459449,18535,107721,3.639027056139906,0.18992718232628666
3488,0.3495,5,76,5,217071,459373,18540,107716,3.6384251045494866,0.18994549356450222
3489,0.3496,16,150,16,217221,459223,18556,107700,3.6372370421999745,0.18997288873444895
3490,0.3497,24,172,24,217393,459051,18580,107676,3.6358747307058676,0.18999624157663214
3491,0.3498,18,172,18,217565,458879,18598,107658,3.6345124192117604,0.1900281888032026
3492,0.3499,11,85,11,217650,458794,18609,107647,3.63383918388037,0.19004097514127685
3493,0.35,19,133,19,217783,458661,18628,107628,3.632785768597136,0.19005843306156397
3494,0.3501,10,122,10,217905,458539,18638,107618,3.6318194778861996,0.1900850824064703
3495,0.3502,14,71,14,217976,458468,18652,107604,3.631257128374097,0.19008889328565978
3496,0.3503,6,36,6,218012,458432,18658,107598,3.6309719934102143,0.19009239792943836
3497,0.3504,7,50,7,218062,458382,18665,107591,3.6305759726270437,0.19009917434223894
3498,0.3505,26,208,26,218270,458174,18691,107565,3.6289285261690534,0.1901318452501949
3499,0.3506,18,148,18,218418,458026,18709,107547,3.6277563046508683,0.19015582427025335
3500,0.3507,15,84,15,218502,457942,18724,107532,3.6270909897351413,0.1901625892613984
3501,0.3508,9,78,9,218580,457864,18733,107523,3.626473197313395,0.19017593259130472
3502,0.3509,9,57,9,218637,457807,18742,107514,3.6260217336205804,0.1901822150601163
3503,0.351,11,73,11,218710,457734,18753,107503,3.625443543277151,0.1901910172193257
3504,0.3511,20,177,20,218887,457557,18773,107483,3.624041629704727,0.19022193119071215
3505,0.3512,28,205,28,219092,457352,18801,107455,3.6224179444937272,0.1902508290442576
3506,0.3513,22,170,22,219262,457182,18823,107433,3.6210714738309466,0.19027656013389654
3507,0.3514,6,58,6,219320,457124,18829,107427,3.6206120897224685,0.19028750281196916
3508,0.3515,31,251,31,219571,456873,18860,107396,3.618624065390952,0.19032766287001412
3509,0.3516,7,48,7,219619,456825,18867,107389,3.618243885439108,0.19033380951199366
3510,0.3517,13,149,13,219768,456676,18880,107376,3.617063743505259,0.19036542730102898
3511,0.3518,7,81,7,219849,456595,18887,107369,3.6164221898365225,0.19038271946436297
3512,0.3519,9,127,9,219976,456468,18896,107360,3.615416297047269,0.19041267904396375
3513,0.352,11,69,11,220045,456399,18907,107349,3.6148697883664935,0.19042018774345984
3514,0.3521,10,58,10,220103,456341,18917,107339,3.6144104042580154,0.1904254186772637
3515,0.3522,9,139,9,220242,456202,18926,107330,3.6133094664808008,0.19045945926761923
3516,0.3523,15,130,15,220372,456072,18941,107315,3.612279812444557,0.19048185350389696
3517,0.3524,16,136,16,220508,455936,18957,107299,3.6112026359143328,0.19050485143856472
3518,0.3525,18,70,18,220578,455866,18975,107281,3.610648206817894,0.19050265738785788
3519,0.3526,6,51,6,220629,455815,18981,107275,3.61024426561906,0.19051128594008063
3520,0.3527,7,52,7,220681,455763,18988,107268,3.609832404004562,0.19051881690350975
3521,0.3528,15,110,15,220791,455653,19003,107253,3.608961158281587,0.1905344764489986
3522,0.3529,16,109,16,220900,455544,19019,107237,3.6080978329742743,0.1905483660606879
3523,0.353,15,138,15,221038,455406,19034,107222,3.6070048156127235,0.19057352282502826
3524,0.3531,13,158,13,221196,455248,19047,107209,3.6057533899379037,0.1906083487271027
3525,0.3532,8,105,8,221301,455143,19055,107201,3.6049217462932455,0.19063242428122287
3526,0.3533,25,124,25,221425,455019,19080,107176,3.603939614750982,0.19063847953112353
3527,0.3534,7,93,7,221518,454926,19087,107169,3.6032030160942847,0.19065994182478052
3528,0.3535,37,216,37,221734,454710,19124,107132,3.6014922063109873,0.1906799420477643
3529,0.3536,15,122,15,221856,454588,19139,107117,3.6005259156000506,0.19069974452782154
3530,0.3537,16,115,16,221971,454473,19155,107101,3.599615067798758,0.19071573826423588
3531,0.3538,12,54,12,222025,454419,19167,107089,3.599187365352934,0.19071678408856152
3532,0.3539,12,55,12,222080,454364,19179,107077,3.598751742491446,0.19071816985221957
3533,0.354,6,73,6,222153,454291,19185,107071,3.5981735521480167,0.19073432116887143
3534,0.3541,12,46,12,222199,454245,19197,107059,3.5978092130275,0.19073265111240967
3535,0.3542,12,61,12,222260,454184,19209,107047,3.5973260676720313,0.19073607837058182
3536,0.3543,4,36,4,222296,454148,19213,107043,3.5970409327081487,0.19074254576427632
3537,0.3544,10,93,10,222389,454055,19223,107033,3.596304334051451,0.19075973822288125
3538,0.3545,7,93,7,222482,453962,19230,107026,3.5955677353947535,0.19078126448337576
3539,0.3546,14,77,14,222559,453885,19244,107012,3.5949578633886707,0.19078725684038245
3540,0.3547,25,223,25,222782,453662,19269,106987,3.593191610695729,0.19082705935442673
3541,0.3548,8,42,8,222824,453620,19277,106979,3.592858953237866,0.19082980882948417
3542,0.3549,18,126,18,222950,453494,19295,106961,3.5918609808642756,0.19084672275204967
3543,0.355,14,168,14,223118,453326,19309,106947,3.590530351032822,0.19088372989596145
3544,0.3551,16,109,16,223227,453217,19325,106931,3.58966702572551,0.19089776273413456
3545,0.3552,14,81,14,223308,453136,19339,106917,3.5890254720567736,0.1909051464772084
3546,0.3553,5,47,5,223355,453089,19344,106912,3.588653212520593,0.19091394479652715
3547,0.3554,9,122,9,223477,452967,19353,106903,3.5876869218096568,0.190942540232554
3548,0.3555,8,65,8,223542,452902,19361,106895,3.587172094791535,0.19095314908797295
3549,0.3556,18,108,18,223650,452794,19379,106877,3.586316689899886,0.19096397705080306
3550,0.3557,4,88,4,223738,452706,19383,106873,3.5856196933215054,0.19098822507635205
3551,0.3558,24,157,24,223895,452549,19407,106849,3.5843761880623495,0.19100711836652973
3552,0.3559,9,53,9,223948,452496,19416,106840,3.5839564060321885,0.19101220018021367
3553,0.356,14,70,14,224018,452426,19430,106826,3.5834019769357495,0.19101585689456632
3554,0.3561,11,113,11,224131,452313,19441,106815,3.5825069699657837,0.1910385457355024
3555,0.3562,9,56,9,224187,452257,19450,106806,3.5820634266886326,0.19104465865206605
3556,0.3563,16,112,16,224299,452145,19466,106790,3.58117634013433,0.19105978333795523
3557,0.3564,11,56,11,224355,452089,19477,106779,3.580732796857179,0.19106300593342257
3558,0.3565,5,41,5,224396,452048,19482,106774,3.580408059814979,0.19106978608573033
3559,0.3566,9,85,9,224481,451963,19491,106765,3.5797348244835887,0.19108582351340903
3560,0.3567,5,61,5,224542,451902,19496,106760,3.5792516791281206,0.19109944832474735
3561,0.3568,15,91,15,224633,451811,19511,106745,3.57853092130275,0.19110885927283924
3562,0.3569,8,48,8,224681,451763,19519,106737,3.578150741350906,0.19111369740376008
3563,0.357,15,97,15,224778,451666,19534,106722,3.5773824610315548,0.19112516744629182
3564,0.3571,11,78,11,224856,451588,19545,106711,3.5767646686098087,0.19113593253794114
3565,0.3572,14,115,14,224971,451473,19559,106697,3.575853820808516,0.19115502445491517
3566,0.3573,18,150,18,225121,451323,19577,106679,3.574665758459004,0.19118031835011345
3567,0.3574,11,85,11,225206,451238,19588,106668,3.5739925231276137,0.1911934985463501
3568,0.3575,20,89,20,225295,451149,19608,106648,3.57328760613357,0.19119500463430245
3569,0.3576,7,61,7,225356,451088,19615,106641,3.5728044607781015,0.19120576480692236
3570,0.3577,36,185,36,225541,450903,19651,106605,3.57133918388037,0.19121698702081405
3571,0.3578,8,49,8,225590,450854,19659,106597,3.570951083512863,0.19122218813850902
3572,0.3579,10,79,10,225669,450775,19669,106587,3.570325370675453,0.19123478098614544
3573,0.358,25,216,25,225885,450559,19694,106562,3.5686145608921556,0.1912726319776135
3574,0.3581,21,160,21,226045,450399,19715,106541,3.567347294386009,0.19129708765755737
3575,0.3582,10,102,10,226147,450297,19725,106531,3.5665394119883413,0.1913176061548629
3576,0.3583,10,111,10,226258,450186,19735,106521,3.565660245849702,0.19134122617463045
3577,0.3584,29,215,29,226473,449971,19764,106492,3.563957356482068,0.1913730113233045
3578,0.3585,19,147,19,226620,449824,19783,106473,3.5627930553795464,0.1913959629478498
3579,0.3586,14,107,14,226727,449717,19797,106459,3.561945570903561,0.1914124305975087
3580,0.3587,7,121,7,226848,449596,19804,106452,3.560987200608288,0.19144390412338502
3581,0.3588,7,84,7,226932,449512,19811,106445,3.560321885692561,0.19146264908976773
3582,0.3589,11,106,11,227038,449406,19822,106434,3.559482321632239,0.19148316062176166
3583,0.359,17,122,17,227160,449284,19839,106417,3.558516030921303,0.19150046517821634
3584,0.3591,10,93,10,227253,449191,19849,106407,3.5577794322646055,0.19151796802724272
3585,0.3592,16,67,16,227320,449124,19865,106391,3.5572487644151565,0.19151778079799825
3586,0.3593,15,132,15,227452,448992,19880,106376,3.556203269547586,0.1915414643983809
3587,0.3594,6,72,6,227524,448920,19886,106370,3.55563299961982,0.19155756451583858
3588,0.3595,28,136,28,227660,448784,19914,106342,3.5545558230895957,0.19156371706603545
3589,0.3596,12,79,12,227739,448705,19926,106330,3.553930110252186,0.19157350437359807
3590,0.3597,9,52,9,227791,448653,19935,106321,3.5535182486376886,0.1915783442107198
3591,0.3598,14,146,14,227937,448507,19949,106307,3.55236186795083,0.19160835883737612
3592,0.3599,16,130,16,228067,448377,19965,106291,3.5513322139145864,0.1916299480049327
3593,0.36,24,152,24,228219,448225,19989,106267,3.550128310733747,0.1916474899547694
3594,0.3601,21,183,21,228402,448042,20010,106246,3.5486788746673423,0.19168013740149525
3595,0.3602,17,140,17,228542,447902,20027,106229,3.547570016474465,0.19170376679882556
3596,0.3603,22,184,22,228726,447718,20049,106207,3.546112659992396,0.19173534323238706
3597,0.3604,21,172,21,228898,447546,20070,106186,3.5447503484982894,0.1917642469642354
3598,0.3605,16,105,16,229003,447441,20086,106170,3.5439187048536307,0.19177725876111565
3599,0.3606,18,119,18,229122,447322,20104,106152,3.5429761753896845,0.1917922070413425
3600,0.3607,12,106,12,229228,447216,20116,106140,3.5421366113293624,0.19181141977316593
3601,0.3608,9,101,9,229329,447115,20125,106131,3.541336649347358,0.19183328935048785
3602,0.3609,2,50,2,229379,447065,20127,106129,3.540940628564187,0.19184770622964095
3603,0.361,26,169,26,229548,446896,20153,106103,3.53960207831707,0.19186833972574996
3604,0.3611,19,112,19,229660,446784,20172,106084,3.5387149917627676,0.1918794359593972
3605,0.3612,9,70,9,229730,446714,20181,106075,3.5381605626663286,0.1918905766938199
3606,0.3613,10,69,10,229799,446645,20191,106065,3.537614053985553,0.19189991134591378
3607,0.3614,19,109,19,229908,446536,20210,106046,3.536750728678241,0.19190997897144677
3608,0.3615,41,275,41,230183,446261,20251,106005,3.534572614370802,0.19194554797869143
3609,0.3616,27,179,27,230362,446082,20278,105978,3.533154859967051,0.19196826431909575
3610,0.3617,23,157,23,230519,445925,20301,105955,3.531911354707895,0.1919892005508444
3611,0.3618,14,139,14,230658,445786,20315,105941,3.5308104169306804,0.19201706641146798
3612,0.3619,12,80,12,230738,445706,20327,105929,3.5301767836776072,0.19202733691662058
3613,0.362,17,80,17,230818,445626,20344,105912,3.5295431504245345,0.19203028621781273
3614,0.3621,10,54,10,230872,445572,20354,105902,3.52911544797871,0.19203443861360645
3615,0.3622,11,73,11,230945,445499,20365,105891,3.5285372576352807,0.19204374399245544
3616,0.3623,20,126,20,231071,445373,20385,105871,3.5275392852616907,0.1920583262584264
3617,0.3624,3,39,3,231110,445334,20388,105868,3.527230389050817,0.19206751789725002
3618,0.3625,18,106,18,231216,445228,20406,105850,3.5263908249904956,0.1920780724325776
3619,0.3626,16,104,16,231320,445124,20422,105834,3.5255671017615002,0.19209086718043844
3620,0.3627,10,64,10,231384,445060,20432,105824,3.525060195159042,0.19209851801831238
3621,0.3628,40,254,40,231638,444806,20472,105784,3.523048409580535,0.19212844403276486
3622,0.3629,30,218,30,231856,444588,20502,105754,3.5213217589659105,0.1921605111003703
3623,0.363,10,86,10,231942,444502,20512,105744,3.520640603218857,0.1921758631593869
3624,0.3631,7,58,7,232000,444444,20519,105737,3.5201812191103787,0.1921858442948775
3625,0.3632,6,106,6,232106,444338,20525,105731,3.519341655050057,0.19221406768968985
3626,0.3633,9,49,9,232155,444289,20534,105722,3.51895355468255,0.19221797382234174
3627,0.3634,15,91,15,232246,444198,20549,105707,3.518232796857179,0.19222774842927415
3628,0.3635,28,198,28,232444,444000,20577,105679,3.516664554555823,0.19225584386523772
3629,0.3636,9,49,9,232493,443951,20586,105670,3.516276454188316,0.1922597571781282
3630,0.3637,7,96,7,232589,443855,20593,105663,3.515516094284628,0.19228305533212742
3631,0.3638,17,175,17,232764,443680,20610,105646,3.5141300215435307,0.1923193149423111
3632,0.3639,11,63,11,232827,443617,20621,105635,3.5136310353567355,0.1923251986337783
3633,0.364,25,197,25,233024,443420,20646,105610,3.512070713471043,0.19235743037721073
3634,0.3641,17,133,17,233157,443287,20663,105593,3.511017298187809,0.19237902638099402
3635,0.3642,25,140,25,233297,443147,20688,105568,3.509908439994931,0.19239131425238967
3636,0.3643,11,90,11,233387,443057,20699,105557,3.5091956025852236,0.19240668302303623
3637,0.3644,15,115,15,233502,442942,20714,105542,3.508284754783931,0.192424938557916
3638,0.3645,13,109,13,233611,442833,20727,105529,3.507421429476619,0.1924440424391187
3639,0.3646,16,100,16,233711,442733,20743,105513,3.5066293879102775,0.19245557651127412
3640,0.3647,32,228,32,233939,442505,20775,105481,3.504823533139019,0.19248849423160447
3641,0.3648,15,178,15,234117,442327,20790,105466,3.5034136991509315,0.19252892972345392
3642,0.3649,16,113,16,234230,442214,20806,105450,3.5025186921809657,0.19254506412690994
3643,0.365,13,120,13,234350,442094,20819,105437,3.501568242301356,0.19256809203497155
3644,0.3651,16,129,16,234479,441965,20835,105421,3.5005465086807757,0.1925898725944763
3645,0.3652,9,55,9,234534,441910,20844,105412,3.500110885819288,0.1925959490025981
3646,0.3653,21,92,21,234626,441818,20865,105391,3.499382207578254,0.19259734397643313
3647,0.3654,10,68,10,234694,441750,20875,105381,3.4988436193131416,0.19260652384895025
3648,0.3655,24,139,24,234833,441611,20899,105357,3.497742681535927,0.1926200435857308
3649,0.3656,8,44,8,234877,441567,20907,105349,3.497394183246737,0.19262373015234516
3650,0.3657,19,131,19,235008,441436,20926,105330,3.4963566087948297,0.19264182483914508
3651,0.3658,13,103,13,235111,441333,20939,105317,3.495540805981498,0.19265892252812586
3652,0.3659,25,167,25,235278,441166,20964,105292,3.494218096565708,0.19268086476911309
3653,0.366,11,83,11,235361,441083,20975,105281,3.4935607020656443,0.19269388173452132
3654,0.3661,6,32,6,235393,441051,20981,105275,3.493307248764415,0.1926963022078393
3655,0.3662,6,63,6,235456,440988,20987,105269,3.4928082625776202,0.19270965864053
3656,0.3663,13,61,13,235517,440927,21000,105256,3.4923251172221517,0.19271196650206981
3657,0.3664,17,127,17,235644,440800,21017,105239,3.4913192244328983,0.19273165469865705
3658,0.3665,7,49,7,235693,440751,21024,105232,3.490931124065391,0.19273860175133659
3659,0.3666,5,60,5,235753,440691,21029,105227,3.4904558991255863,0.19275239138478673
3660,0.3667,6,54,6,235807,440637,21035,105221,3.490028196679762,0.1927625866067732
3661,0.3668,22,148,22,235955,440489,21057,105199,3.4888559751615764,0.19278232249930363
3662,0.3669,10,50,10,236005,440439,21067,105189,3.488459954378406,0.19278519430820998
3663,0.367,11,63,11,236068,440376,21078,105178,3.4879609681916106,0.1927911810746507
3664,0.3671,15,85,15,236153,440291,21093,105163,3.4872877328602203,0.19279902613235947
3665,0.3672,7,156,7,236309,440135,21100,105156,3.486052148016728,0.19284382100566486
3666,0.3673,11,85,11,236394,440050,21111,105145,3.485378912685338,0.19285760140867028
3667,0.3674,12,164,12,236558,439886,21123,105133,3.4840799645165377,0.19289786227636102
3668,0.3675,31,189,31,236747,439697,21154,105102,3.4825830059561524,0.19291885631214448
3669,0.3676,14,94,14,236841,439603,21168,105088,3.4818384868837917,0.19293140514530258
3670,0.3677,30,195,30,237036,439408,21198,105058,3.480294005829426,0.19295603398559322
3671,0.3678,14,164,14,237200,439244,21212,105044,3.478995057660626,0.19299341525074962
3672,0.3679,9,47,9,237247,439197,21221,105035,3.4786227981244457,0.19299673668582518
3673,0.368,6,68,6,237315,439129,21227,105029,3.4780842098593334,0.19301195608628377
3674,0.3681,11,142,11,237457,438987,21238,105018,3.4769595108351288,0.19304601979761216
3675,0.3682,25,212,25,237669,438775,21263,104993,3.4752803827144847,0.19308418296038016
3676,0.3683,15,96,15,237765,438679,21278,104978,3.4745200228107973,0.19309601458272405
3677,0.3684,11,114,11,237879,438565,21289,104967,3.4736170954251677,0.19312018427617877
3678,0.3685,6,95,6,237974,438470,21295,104961,3.4728646559371437,0.1931450358923212
3679,0.3686,6,113,6,238087,438357,21301,104955,3.471969648967178,0.19317629649262302
3680,0.3687,3,53,3,238140,438304,21304,104952,3.471549866937017,0.19319068726346328
3681,0.3688,16,217,16,238357,438087,21320,104936,3.469831136738056,0.1932441167317038
3682,0.3689,10,94,10,238451,437993,21330,104926,3.469086617665695,0.19326271506430978
3683,0.369,11,102,11,238553,437891,21341,104915,3.4682787352680267,0.19328268294749873
3684,0.3691,36,186,36,238739,437705,21377,104879,3.466805537954632,0.19329541600931838
3685,0.3692,12,89,12,238828,437616,21389,104867,3.466100620960588,0.1933092834245497
3686,0.3693,37,219,37,239047,437397,21426,104830,3.4643660499303004,0.19333231285052202
3687,0.3694,7,51,7,239098,437346,21433,104823,3.463962108731466,0.1933400839959496
3688,0.3695,6,52,6,239150,437294,21439,104817,3.463550247116969,0.19334970144490704
3689,0.3696,15,93,15,239243,437201,21454,104802,3.4628136484602714,0.19336055335487073
3690,0.3697,5,82,5,239325,437119,21459,104797,3.462164174375871,0.19338236922327445
3691,0.3698,14,96,14,239421,437023,21473,104783,3.4614038144721837,0.19339579111342436
3692,0.3699,20,168,20,239589,436855,21493,104763,3.4600731846407298,0.19342599396622712
3693,0.37,10,127,10,239716,436728,21503,104753,3.4590672918514764,0.19345646476977033
3694,0.3701,11,92,11,239808,436636,21514,104742,3.4583386136104424,0.19347295235491652
3695,0.3702,16,119,16,239927,436517,21530,104726,3.457396084146496,0.19349164792893395
3696,0.3703,17,149,17,240076,436368,21547,104709,3.4562159422126473,0.19351959148143424
3697,0.3704,6,92,6,240168,436276,21553,104703,3.455487263971613,0.19354355714362295
3698,0.3705,25,130,25,240298,436146,21578,104678,3.4544576099353694,0.19355280091120217
3699,0.3706,15,97,15,240395,436049,21593,104663,3.4536893296160183,0.19356515113406028
3700,0.3707,5,59,5,240454,435990,21598,104658,3.453222025091877,0.1935788165312736
3701,0.3708,15,114,15,240568,435876,21613,104643,3.4523190977062477,0.1935972648510043
3702,0.3709,7,72,7,240640,435804,21620,104636,3.451748827778482,0.1936126119458219
3703,0.371,6,69,6,240709,435735,21626,104630,3.4512023190977064,0.19362838081667022
3704,0.3711,4,37,4,240746,435698,21630,104626,3.45090926371816,0.1936356704495821
3705,0.3712,5,51,5,240797,435647,21635,104621,3.4505053225193256,0.19364648655852282
3706,0.3713,12,120,12,240917,435527,21647,104609,3.449554872639716,0.1936715938208155
3707,0.3714,4,40,4,240957,435487,21651,104605,3.4492380560131797,0.1936799656354843
3708,0.3715,21,129,21,241086,435358,21672,104584,3.4482163223925992,0.19369487833878454
3709,0.3716,12,61,12,241147,435297,21684,104572,3.447733177037131,0.19369884175605565
3710,0.3717,19,122,19,241269,435175,21703,104553,3.4467668863261944,0.19371424124744316
3711,0.3718,17,101,17,241370,435074,21720,104536,3.4459669243441895,0.19372509775578658
3712,0.3719,7,64,7,241434,435010,21727,104529,3.445460017741731,0.1937376167431826
3713,0.372,15,144,15,241578,434866,21742,104514,3.4443194778861996,0.19376691757202713
3714,0.3721,23,188,23,241766,434678,21765,104491,3.4428304397414777,0.19380008865494863
3715,0.3722,8,57,8,241823,434621,21773,104483,3.442378976048663,0.19380861577728972
3716,0.3723,36,218,36,242041,434403,21809,104447,3.440652325434039,0.19383316321796418
3717,0.3724,11,95,11,242136,434308,21820,104436,3.4398998859460144,0.19385088279405432
3718,0.3725,26,175,26,242311,434133,21846,104410,3.438513813204917,0.1938749552032057
3719,0.3726,17,87,17,242398,434046,21863,104393,3.4378247370422,0.19388082958329542
3720,0.3727,8,54,8,242452,433992,21871,104385,3.437397034596376,0.1938882976055812
3721,0.3728,31,138,31,242590,433854,21902,104354,3.4363040172348245,0.19389158095011594
3722,0.3729,5,90,5,242680,433764,21907,104349,3.435591179825117,0.19391651939276694
3723,0.373,30,242,30,242922,433522,21937,104319,3.433674439234571,0.1939588093879046
3724,0.3731,11,102,11,243024,433420,21948,104308,3.432866556836903,0.1939791121161628
3725,0.3732,10,77,10,243101,433343,21958,104298,3.43225668483082,0.19399190165928565
3726,0.3733,15,136,15,243237,433207,21973,104283,3.4311795083005956,0.19401849336731847
3727,0.3734,8,84,8,243321,433123,21981,104275,3.4305141933848686,0.19403682187131324
3728,0.3735,7,99,7,243420,433024,21988,104268,3.429730072234191,0.1940620742538508
3729,0.3736,5,64,5,243484,432960,21993,104263,3.4292231656317322,0.19407769213157292
3730,0.3737,4,34,4,243518,432926,21997,104259,3.4289538714991763,0.19408397479453074
3731,0.3738,27,253,27,243771,432673,22024,104232,3.4269500063363325,0.1941349028226595
3732,0.3739,10,71,10,243842,432602,22034,104222,3.42638765682423,0.19414556726226845
3733,0.374,16,102,16,243944,432500,22050,104206,3.425579774426562,0.19415844056149922
3734,0.3741,8,42,8,243986,432458,22058,104198,3.4252471169686984,0.19416162308816076
3735,0.3742,29,265,29,244251,432193,22087,104169,3.423148206817894,0.19421398234774276
3736,0.3743,22,117,22,244368,432076,22109,104147,3.422221518185274,0.19422329888870862
3737,0.3744,15,113,15,244481,431963,22124,104132,3.4213265112153084,0.1942416922373833
3738,0.3745,8,88,8,244569,431875,22132,104124,3.420629514636928,0.19426155645812773
3739,0.3746,9,109,9,244678,431766,22141,104115,3.419766189329616,0.19428753771826207
3740,0.3747,13,89,13,244767,431677,22154,104102,3.419061272335572,0.19430026186170044
3741,0.3748,17,128,17,244895,431549,22171,104085,3.4180474591306553,0.19432112225885587
3742,0.3749,24,128,24,245023,431421,22195,104061,3.417033645925738,0.19433146212197608
3743,0.375,6,42,6,245065,431379,22201,104055,3.4167009884678747,0.1943376774728538
3744,0.3751,5,73,5,245138,431306,22206,104050,3.4161227981244457,0.19435665239578898
3745,0.3752,9,149,9,245287,431157,22215,104041,3.414942656190597,0.19439721374145644
3746,0.3753,24,206,24,245493,430951,22239,104017,3.4133110505639337,0.19443592887798897
3747,0.3754,14,85,14,245578,430866,22253,104003,3.4126378152325434,0.1944457427893559
3748,0.3755,16,172,16,245750,430694,22269,103987,3.411275503738436,0.19448418776803364
3749,0.3756,14,120,14,245870,430574,22283,103973,3.4103250538588266,0.19450675057572112
3750,0.3757,18,137,18,246007,430437,22301,103955,3.4092399569129386,0.194529483974311
3751,0.3758,12,73,12,246080,430364,22313,103943,3.4086617665695096,0.19453797161556932
3752,0.3759,14,129,14,246209,430235,22327,103929,3.407640032948929,0.194563841816371
3753,0.376,11,60,11,246269,430175,22338,103918,3.4071648080091244,0.1945691106230563
3754,0.3761,7,93,7,246362,430082,22345,103911,3.406428209352427,0.19459243847765795
3755,0.3762,12,104,12,246466,429978,22357,103899,3.4056044861234316,0.19461224214566278
3756,0.3763,11,103,11,246569,429875,22368,103888,3.4047886833101,0.19463319862935421
3757,0.3764,22,184,22,246753,429691,22390,103866,3.403331326828032,0.19466711148012303
3758,0.3765,11,128,11,246881,429563,22401,103855,3.4023175136231147,0.19469721681683033
3759,0.3766,8,71,8,246952,429492,22409,103847,3.4017551641110124,0.19471105619502793
3760,0.3767,25,189,25,247141,429303,22434,103822,3.400258205550627,0.19474232121922627
3761,0.3768,3,44,3,247185,429259,22437,103819,3.399909707261437,0.19475386341210854
3762,0.3769,24,107,24,247292,429152,22461,103795,3.3990622227854517,0.1947567018859286
3763,0.377,19,95,19,247387,429057,22480,103776,3.3983097832974276,0.19476271176897827
3764,0.3771,15,81,15,247468,428976,22495,103761,3.397668229628691,0.1947696518169378
3765,0.3772,22,168,22,247636,428808,22517,103739,3.396337599797237,0.19479783005068096
3766,0.3773,13,69,13,247705,428739,22530,103726,3.395791091116462,0.1948034143089217
3767,0.3774,18,142,18,247847,428597,22548,103708,3.394666392092257,0.19482815303256593
3768,0.3775,10,88,10,247935,428509,22558,103698,3.3939693955138766,0.1948452387886668
3769,0.3776,10,95,10,248030,428414,22568,103688,3.393216956025852,0.19486489432477233
3770,0.3777,15,137,15,248167,428277,22583,103673,3.3921318590799645,0.1948923771031112
3771,0.3778,12,108,12,248275,428169,22595,103661,3.391276454188316,0.1949137882406032
3772,0.3779,5,67,5,248342,428102,22600,103656,3.3907457863388673,0.19493077678191958
3773,0.378,6,81,6,248423,428021,22606,103650,3.3901042326701307,0.19495138911093515
3774,0.3781,22,234,22,248657,427787,22628,103628,3.3882508554048916,0.19500390466960849
3775,0.3782,14,91,14,248748,427696,22642,103614,3.387530097579521,0.19501609230016376
3776,0.3783,24,169,24,248917,427527,22666,103590,3.386191547332404,0.19504177045735685
3777,0.3784,21,123,21,249040,427404,22687,103569,3.385217336205804,0.19505511579684842
3778,0.3785,6,50,6,249090,427354,22693,103563,3.3848213154226334,0.19506438859558084
3779,0.3786,7,54,7,249144,427300,22700,103556,3.384393612976809,0.19507361695073616
3780,0.3787,10,102,10,249246,427198,22710,103546,3.383585730579141,0.19509594079254783
3781,0.3788,14,69,14,249315,427129,22724,103532,3.383039221898365,0.1951000733048029
3782,0.3789,21,94,21,249409,427035,22745,103511,3.3822947028260044,0.1951027809087242
3783,0.379,14,184,14,249593,426851,22759,103497,3.3808373463439363,0.19514922277448016
3784,0.3791,4,51,4,249644,426800,22763,103493,3.380433405145102,0.1951619199197425
3785,0.3792,6,84,6,249728,426716,22769,103487,3.3797680902293754,0.1951837315141559
3786,0.3793,16,127,16,249855,426589,22785,103471,3.3787621974401216,0.19520620307135042
3787,0.3794,23,160,23,250015,426429,22808,103448,3.3774949309339752,0.19523021380433572
3788,0.3795,7,65,7,250080,426364,22815,103441,3.3769801039158533,0.19524353299798983
3789,0.3796,14,108,14,250188,426256,22829,103427,3.3761246990242046,0.19526207184297023
3790,0.3797,8,64,8,250252,426192,22837,103419,3.375617792421746,0.19527351206829163
3791,0.3798,19,105,19,250357,426087,22856,103400,3.374786148777088,0.1952833591759571
3792,0.3799,20,150,20,250507,425937,22876,103380,3.3735980864275756,0.19530829351787304
3793,0.38,16,164,16,250671,425773,22892,103364,3.372299138258776,0.19534449490396627
3794,0.3801,30,191,30,250862,425582,22922,103334,3.3707863388670636,0.1953693970309085
3795,0.3802,17,141,17,251003,425441,22939,103317,3.3696695602585223,0.19539562521985482
3796,0.3803,6,41,6,251044,425400,22945,103311,3.3693448232163226,0.19540164664627746
3797,0.3804,11,123,11,251167,425277,22956,103300,3.3683706120897225,0.19543037249066833
3798,0.3805,8,77,8,251244,425200,22964,103292,3.36776074008364,0.19544666712078895
3799,0.3806,15,85,15,251329,425115,22979,103277,3.3670875047522495,0.1954552680585626
3800,0.3807,16,145,16,251474,424970,22995,103261,3.3659390444810544,0.19548455126639672
3801,0.3808,16,91,16,251565,424879,23011,103245,3.3652182866556837,0.19549386129015156
3802,0.3809,5,38,5,251603,424841,23016,103240,3.364917310860474,0.19550031150524258
3803,0.381,24,196,24,251799,424645,23040,103216,3.363364909390445,0.19553632490371517
3804,0.3811,13,79,13,251878,424566,23053,103203,3.362739196553035,0.19554577855084326
3805,0.3812,16,100,16,251978,424466,23069,103187,3.3619471549866935,0.19555844465965322
3806,0.3813,24,171,24,252149,424295,23093,103163,3.36059276390825,0.19558524091017673
3807,0.3814,10,91,10,252240,424204,23103,103153,3.3598720060828793,0.19560373712684198
3808,0.3815,12,64,12,252304,424140,23115,103141,3.3593650994804207,0.19560917233884778
3809,0.3816,25,185,25,252489,423955,23140,103116,3.3578998225826893,0.19563967662800646
3810,0.3817,24,137,24,252626,423818,23164,103092,3.3568147256368013,0.19565390673929134
3811,0.3818,9,110,9,252736,423708,23173,103083,3.355943479913826,0.19568101960739648
3812,0.3819,11,103,11,252839,423605,23184,103072,3.3551276771004943,0.19570248938153745
3813,0.382,8,69,8,252908,423536,23192,103064,3.3545811684197187,0.19571591340676034
3814,0.3821,24,135,24,253043,423401,23216,103040,3.3535119123051578,0.1957294359671834
3815,0.3822,11,111,11,253154,423290,23227,103029,3.3526327461665186,0.195753905901174
3816,0.3823,8,73,8,253227,423217,23235,103021,3.3520545558230896,0.19576883463375888
3817,0.3824,9,94,9,253321,423123,23244,103012,3.3513100367507285,0.19579005388350898
3818,0.3825,27,129,27,253450,422994,23271,102985,3.3502883031301485,0.1957967903661553
3819,0.3826,15,107,15,253557,422887,23286,102970,3.349440818654163,0.19581369079426536
3820,0.3827,14,110,14,253667,422777,23300,102956,3.3485695729311873,0.19583324615346573
3821,0.3828,7,63,7,253730,422714,23307,102949,3.3480705867443925,0.19584600780347866
3822,0.3829,19,227,19,253957,422487,23326,102930,3.3462726523887976,0.19590154106167101
3823,0.383,21,116,21,254073,422371,23347,102909,3.3453538841718413,0.195912656107219
3824,0.3831,22,147,22,254220,422224,23369,102887,3.3441895830693196,0.1959338120892535
3825,0.3832,12,56,12,254276,422168,23381,102875,3.343746039792168,0.19593633283369172
3826,0.3833,26,196,26,254472,421972,23407,102849,3.342193638322139,0.19596967346962108
3827,0.3834,9,72,9,254544,421900,23416,102840,3.3416233683943735,0.19598277242062737
3828,0.3835,20,195,20,254739,421705,23436,102820,3.340078887340008,0.19602497497736046
3829,0.3836,10,58,10,254797,421647,23446,102810,3.3396195032315297,0.19603132382635755
3830,0.3837,12,104,12,254901,421543,23458,102798,3.3387957800025347,0.19605180598122215
3831,0.3838,14,80,14,254981,421463,23472,102784,3.3381621467494615,0.1960602540405572
3832,0.3839,6,82,6,255063,421381,23478,102778,3.3375126726650612,0.196081723293886
3833,0.384,7,99,7,255162,421282,23485,102771,3.3367285515143834,0.19610802724151946
3834,0.3841,32,279,32,255441,421003,23517,102739,3.334518755544291,0.19616337815183812
3835,0.3842,18,172,18,255613,420831,23535,102721,3.333156444050184,0.19620018641892306
3836,0.3843,11,74,11,255687,420757,23546,102710,3.332570333291091,0.19621103144992902
3837,0.3844,8,44,8,255731,420713,23554,102702,3.332221835001901,0.19621524029689635
3838,0.3845,16,132,16,255863,420581,23570,102686,3.33117634013433,0.19624016037701594
3839,0.3846,27,261,27,256124,420320,23597,102659,3.3291091116461793,0.1962966008195358
3840,0.3847,19,94,19,256218,420226,23616,102640,3.328364592573818,0.19630268558292183
3841,0.3848,11,76,11,256294,420150,23627,102629,3.3277626409833987,0.19631431254889734
3842,0.3849,12,112,12,256406,420038,23639,102617,3.3268755544290967,0.19633792846141335
3843,0.385,13,119,13,256525,419919,23652,102604,3.32593302496515,0.19636264815137325
3844,0.3851,25,153,25,256678,419766,23677,102579,3.324721201368648,0.19638170174884415
3845,0.3852,30,104,30,256782,419662,23707,102549,3.323897478139653,0.19637464549770112
3846,0.3853,10,31,10,256813,419631,23717,102539,3.323651945254087,0.1963709136871134
3847,0.3854,9,87,9,256900,419544,23726,102530,3.32296286909137,0.19638978382374914
3848,0.3855,20,109,20,257009,419435,23746,102510,3.322099543784058,0.19640000383182135
3849,0.3856,4,65,4,257074,419370,23750,102506,3.321584716765936,0.19641830626432333
3850,0.3857,20,146,20,257220,419224,23770,102486,3.3204283360790776,0.19644246803779877
3851,0.3858,11,146,11,257366,419078,23781,102475,3.319271955392219,0.19648051108899767
3852,0.3859,28,151,28,257517,418927,23809,102447,3.3180759726270437,0.1964942632352208
3853,0.386,5,37,5,257554,418890,23814,102442,3.3177829172474973,0.1965005025588301
3854,0.3861,7,57,7,257611,418833,23821,102435,3.3173314535546825,0.19651119961325075
3855,0.3862,11,132,11,257743,418701,23832,102424,3.316285958687112,0.1965440153514032
3856,0.3863,24,127,24,257870,418574,23856,102400,3.3152800658978583,0.19655491444870568
3857,0.3864,13,90,13,257960,418484,23869,102387,3.314567228488151,0.19656882414263802
3858,0.3865,16,111,16,258071,418373,23885,102371,3.313688062349512,0.19658603843731276
3859,0.3866,28,238,28,258309,418135,23913,102343,3.3118030034216197,0.19663271070054833
3860,0.3867,17,97,17,258406,418038,23930,102326,3.3110347231022685,0.19664311904743603
3861,0.3868,11,86,11,258492,417952,23941,102315,3.310353567355215,0.1966586387374175
3862,0.3869,16,95,16,258587,417857,23957,102299,3.3096011278671904,0.19666984520028608
3863,0.387,40,291,40,258878,417566,23997,102259,3.307296286909137,0.1967181262925023
3864,0.3871,15,143,15,259021,417423,24012,102244,3.306163667469269,0.19674907200187813
3865,0.3872,7,62,7,259083,417361,24019,102237,3.305672601698137,0.1967617273353631
3866,0.3873,12,109,12,259192,417252,24031,102225,3.304809276390825,0.19678445821470442
3867,0.3874,32,215,32,259407,417037,24063,102193,3.303106387023191,0.19681643972805885
3868,0.3875,14,109,14,259516,416928,24077,102179,3.302243061715879,0.1968361050804555
3869,0.3876,12,125,12,259641,416803,24089,102167,3.301253009757952,0.19686494402373933
3870,0.3877,19,178,19,259819,416625,24108,102148,3.2998431757698645,0.19690307706839022
3871,0.3878,18,183,18,260002,416442,24126,102130,3.2983937397034597,0.19694468656232886
3872,0.3879,5,95,5,260097,416347,24131,102125,3.2976413002154352,0.19697302843740838
3873,0.388,9,64,9,260161,416283,24140,102116,3.2971343936129767,0.19698340467477754
3874,0.3881,9,72,9,260233,416211,24149,102107,3.296564123685211,0.19699682434335677
3875,0.3882,18,210,18,260443,416001,24167,102089,3.294900836395894,0.1970487753093092
3876,0.3883,21,161,21,260604,415840,24188,102068,3.2936256494740843,0.1970774732191818
3877,0.3884,12,79,12,260683,415761,24200,102056,3.292999936636675,0.19708893296280347
3878,0.3885,18,138,18,260821,415623,24218,102038,3.2919069192751236,0.19711355500993893
3879,0.3886,20,160,20,260981,415463,24238,102018,3.290639652768977,0.19714347000179716
3880,0.3887,24,265,24,261246,415198,24262,101994,3.2885407426181725,0.1972072267165772
3881,0.3888,11,96,11,261342,415102,24273,101983,3.2877803827144847,0.19722676155757757
3882,0.3889,6,58,6,261400,415044,24279,101977,3.287320998606007,0.19723957053968794
3883,0.389,24,200,24,261600,414844,24303,101953,3.2857369154733242,0.19727862197342477
3884,0.3891,23,149,23,261749,414695,24326,101930,3.2845567735394754,0.19729978224050326
3885,0.3892,18,89,18,261838,414606,24344,101912,3.2838518565454313,0.1973058054123961
3886,0.3893,9,110,9,261948,414496,24353,101903,3.282980610822456,0.19733384456592673
3887,0.3894,28,217,28,262165,414279,24381,101875,3.281261880623495,0.19737326456832652
3888,0.3895,10,126,10,262291,414153,24391,101865,3.2802639082499048,0.19740590444519376
3889,0.3896,45,245,45,262536,413908,24436,101820,3.2783234064123685,0.19742965284025688
3890,0.3897,7,65,7,262601,413843,24443,101813,3.2778085793942466,0.19744364460027616
3891,0.3898,17,151,17,262752,413692,24460,101796,3.276612596629071,0.19747501396734746
3892,0.3899,16,149,16,262901,413543,24476,101780,3.2754324546952223,0.19750719451683701
3893,0.39,22,86,22,262987,413457,24498,101758,3.2747512989481686,0.19750589559698378
3894,0.3901,4,100,4,263087,413357,24502,101754,3.2739592573818275,0.19753800637144228
3895,0.3902,9,84,9,263171,413273,24511,101745,3.2732939424661005,0.1975562019191562
3896,0.3903,8,85,8,263256,413188,24519,101737,3.2726207071347106,0.197576346069816
3897,0.3904,12,94,12,263350,413094,24531,101725,3.2718761880623495,0.19759371740359233
3898,0.3905,20,195,20,263545,412899,24551,101705,3.270331707007984,0.1976374066272318
3899,0.3906,14,85,14,263630,412814,24565,101691,3.2696584716765935,0.1976482249929544
3900,0.3907,13,94,13,263724,412720,24578,101678,3.268913952604233,0.19766406556790656
3901,0.3908,12,95,12,263819,412625,24590,101666,3.2681615131162083,0.19768185715869033
3902,0.3909,18,142,18,263961,412483,24608,101648,3.2670368140920036,0.1977083661557074
3903,0.391,14,96,14,264057,412387,24622,101634,3.266276454188316,0.19772343931473615
3904,0.3911,24,157,24,264214,412230,24646,101610,3.26503294892916,0.19774638019617002
3905,0.3912,15,122,15,264336,412108,24661,101595,3.264066658218223,0.19776991763723398
3906,0.3913,22,136,22,264472,411972,24683,101573,3.262989481687999,0.19778792510880253
3907,0.3914,8,67,8,264539,411905,24691,101565,3.2624588138385504,0.1978012347362066
3908,0.3915,9,42,9,264581,411863,24700,101556,3.262126156380687,0.19780335359618556
3909,0.3916,17,180,17,264761,411683,24717,101539,3.260700481561272,0.19784615624427634
3910,0.3917,8,37,8,264798,411646,24725,101531,3.260407426181726,0.19784791602117788
3911,0.3918,21,166,21,264964,411480,24746,101510,3.2590926371815994,0.19787910095713368
3912,0.3919,21,139,21,265103,411341,24767,101489,3.2579916994043847,0.19789988885205623
3913,0.392,16,99,16,265202,411242,24783,101473,3.257207578253707,0.19791307061427887
3914,0.3921,5,55,5,265257,411187,24788,101468,3.256771955392219,0.19792648077166905
3915,0.3922,13,65,13,265322,411122,24801,101455,3.256257128374097,0.19793123764819726
3916,0.3923,11,103,11,265425,411019,24812,101444,3.2554413255607653,0.1979538034941059
3917,0.3924,13,76,13,265501,410943,24825,101431,3.254839373970346,0.19796281622408632
3918,0.3925,23,171,23,265672,410772,24848,101408,3.2534849828919024,0.19799289312351126
3919,0.3926,9,66,9,265738,410706,24857,101399,3.2529622354581167,0.198004315521231
3920,0.3927,22,136,22,265874,410570,24879,101377,3.2518850589278925,0.1980224515428355
3921,0.3928,8,82,8,265956,410488,24887,101369,3.2512355848434926,0.19804164053632167
3922,0.3929,16,151,16,266107,410337,24903,101353,3.250039602078317,0.19807500635150188
3923,0.393,10,71,10,266178,410266,24913,101343,3.249477252566215,0.19808682020840135
3924,0.3931,29,238,29,266416,410028,24942,101314,3.2475921936383223,0.1981335388057308
3925,0.3932,11,49,11,266465,409979,24953,101303,3.247204093270815,0.19813527564044892
3926,0.3933,16,74,16,266539,409905,24969,101287,3.2466179825117223,0.19813885976306359
3927,0.3934,4,57,4,266596,409848,24973,101283,3.2461665188189075,0.19815468050265
3928,0.3935,10,50,10,266646,409798,24983,101273,3.245770498035737,0.19815837721177684
3929,0.3936,27,198,27,266844,409600,25010,101246,3.244202255734381,0.19819280174455706
3930,0.3937,14,112,14,266956,409488,25024,101232,3.243315169180079,0.1982142857142857
3931,0.3938,21,156,21,267112,409332,25045,101211,3.242079584336586,0.19824187188934134
3932,0.3939,23,159,23,267271,409173,25068,101188,3.240820238246103,0.19826750084743935
3933,0.394,20,153,20,267424,409020,25088,101168,3.239608414649601,0.19829553027511426
3934,0.3941,18,137,18,267561,408883,25106,101150,3.238523317703713,0.19832050083033842
3935,0.3942,30,160,30,267721,408723,25136,101120,3.237256051197567,0.19833556604680264
3936,0.3943,37,191,37,267912,408532,25173,101083,3.2357432518058546,0.19835169686920517
3937,0.3944,11,68,11,267980,408464,25184,101072,3.2352046635407428,0.19836086164667463
3938,0.3945,13,69,13,268049,408395,25197,101059,3.234658154859967,0.1983672716280567
3939,0.3946,3,34,3,268083,408361,25200,101056,3.234388860727411,0.19837579036427916
3940,0.3947,5,52,5,268135,408309,25205,101051,3.2339769991129135,0.19838817339406314
3941,0.3948,13,109,13,268244,408200,25218,101038,3.2331136738056014,0.1984101736319756
3942,0.3949,13,76,13,268320,408124,25231,101025,3.232511722215182,0.19841932322365358
3943,0.395,17,111,17,268431,408013,25248,101008,3.231632556076543,0.19843582091897977
3944,0.3951,14,90,14,268521,407923,25262,100994,3.2309197186668355,0.1984488629776565
3945,0.3952,19,132,19,268653,407791,25281,100975,3.229874223799265,0.19847041665520102
3946,0.3953,3,45,3,268698,407746,25284,100972,3.2295178050944116,0.1984832461206405
3947,0.3954,8,92,8,268790,407654,25292,100964,3.228789126853377,0.19850654125493003
3948,0.3955,18,163,18,268953,407491,25310,100946,3.2274980991002407,0.19854180557276516
3949,0.3956,5,47,5,269000,407444,25315,100941,3.2271258395640605,0.19855227829302596
3950,0.3957,13,151,13,269151,407293,25328,100928,3.225929856798885,0.19859077055060692
3951,0.3958,24,182,24,269333,407111,25352,100904,3.2244883411481435,0.1986240563762881
3952,0.3959,9,83,9,269416,407028,25361,100895,3.22383094664808,0.1986423138940351
3953,0.396,5,24,5,269440,407004,25366,100890,3.223640856672158,0.19864381150397523
3954,0.3961,19,123,19,269563,406881,25385,100871,3.222666645545558,0.19866194520159447
3955,0.3962,18,133,18,269696,406748,25403,100853,3.2216132302623244,0.19868558178569387
3956,0.3963,25,172,25,269868,406576,25428,100828,3.220250918768217,0.19871345121441691
3957,0.3964,14,44,14,269912,406532,25442,100814,3.2199024204790265,0.19870857363613786
3958,0.3965,16,115,16,270027,406417,25458,100798,3.218991572677734,0.19872834991078733
3959,0.3966,8,86,8,270113,406331,25466,100790,3.2183104169306804,0.19874941089010315
3960,0.3967,40,242,40,270355,406089,25506,100750,3.216393676340134,0.19878107249047527
3961,0.3968,17,112,17,270467,405977,25523,100733,3.215506589785832,0.19879812910737898
3962,0.3969,25,146,25,270613,405831,25548,100708,3.2143502090989737,0.19881588584492013
3963,0.397,7,31,7,270644,405800,25555,100701,3.214104676213408,0.19881698160516958
3964,0.3971,22,131,22,270775,405669,25577,100679,3.2130671017615002,0.19883360850640272
3965,0.3972,16,75,16,270850,405594,25593,100663,3.2124730705867446,0.19883774446575553
3966,0.3973,4,71,4,270921,405523,25597,100659,3.211910721074642,0.19885930357065246
3967,0.3974,7,57,7,270978,405466,25604,100652,3.2114592573818275,0.1988706191046357
3968,0.3975,24,170,24,271148,405296,25628,100628,3.210112786719047,0.19889943944149716
3969,0.3976,11,97,11,271245,405199,25639,100617,3.2093445063996957,0.1989201606908441
3970,0.3977,13,78,13,271323,405121,25652,100604,3.2087267139779496,0.19893024865292402
3971,0.3978,8,90,8,271413,405031,25660,100596,3.208013876568242,0.19895298312787885
3972,0.3979,15,85,15,271498,404946,25675,100581,3.207340641236852,0.19896266668249174
3973,0.398,11,120,11,271618,404826,25686,100570,3.2063901913572423,0.19899247322891356
3974,0.3981,12,60,12,271678,404766,25698,100558,3.2059149664174376,0.19899707910172484
3975,0.3982,20,97,20,271775,404669,25718,100538,3.2051466860980864,0.1990035767517077
3976,0.3983,25,132,25,271907,404537,25743,100513,3.204101191230516,0.199015939015939
3977,0.3984,29,267,29,272174,404270,25772,100484,3.201986440248384,0.1990751930643442
3978,0.3985,8,94,8,272268,404176,25780,100476,3.2012419211760235,0.1990995775306548
3979,0.3986,9,61,9,272329,404115,25789,100467,3.200758775820555,0.19910936180838792
3980,0.3987,9,82,9,272411,404033,25798,100458,3.200109301736155,0.19912743735765356
3981,0.3988,27,201,27,272612,403832,25825,100431,3.198517298187809,0.1991639283469142
3982,0.3989,20,154,20,272766,403678,25845,100411,3.197297554175643,0.19919299964887152
3983,0.399,6,76,6,272842,403602,25851,100405,3.1966956025852236,0.1992135029870617
3984,0.3991,5,35,5,272877,403567,25856,100400,3.1964183880370043,0.19921939333329364
3985,0.3992,7,39,7,272916,403528,25863,100393,3.1961094918261312,0.19922368783995903
3986,0.3993,11,54,11,272970,403474,25874,100382,3.195681789380307,0.19922755707980058
3987,0.3994,18,65,18,273035,403409,25892,100364,3.1951669623621846,0.19922465078517507
3988,0.3995,20,147,20,273182,403262,25912,100344,3.194002661259663,0.19925100177519728
3989,0.3996,14,106,14,273288,403156,25926,100330,3.193163097199341,0.19927068478567428
3990,0.3997,19,87,19,273375,403069,25945,100311,3.192474021036624,0.19927490166474632
3991,0.3998,20,218,20,273593,402851,25965,100291,3.1907473704219997,0.19932941396265866
3992,0.3999,21,128,21,273721,402723,25986,100270,3.1897335572170826,0.19934671059040582
3993,0.4,13,105,13,273826,402618,25999,100257,3.1889019135724244,0.1993676360924683
3994,0.4001,17,147,17,273973,402471,26016,100240,3.1877376124699026,0.19939885938441768
3995,0.4002,11,89,11,274062,402382,26027,100229,3.1870326954758585,0.19941664627316155
3996,0.4003,11,88,11,274150,402294,26038,100218,3.1863356988974783,0.19943404336612858
3997,0.4004,5,46,5,274196,402248,26043,100213,3.185971359776961,0.19944433498321262
3998,0.4005,15,70,15,274266,402178,26058,100198,3.185416930680522,0.19944822204882398
3999,0.4006,6,83,6,274349,402095,26064,100192,3.184759536180459,0.19947161682464407
4000,0.4007,12,81,12,274430,402014,26076,100180,3.1841179825117223,0.19948466130618844
4001,0.4008,24,229,24,274659,401785,26100,100156,3.1823042073248002,0.1995373958293903
4002,0.4009,11,98,11,274757,401687,26111,100145,3.1815280065897857,0.19955881649635734
4003,0.401,9,95,9,274852,401592,26120,100136,3.1807755671017617,0.19958224376554629
4004,0.4011,19,116,19,274968,401476,26139,100117,3.1798567988848054,0.1995980805154777
4005,0.4012,19,122,19,275090,401354,26158,100098,3.1788905081738688,0.19961631422349496
4006,0.4013,28,169,28,275259,401185,26186,100070,3.177551957926752,0.19963890634507386
4007,0.4014,28,145,28,275404,401040,26214,100042,3.176403497655557,0.1996519531733329
4008,0.4015,8,78,8,275482,400962,26222,100034,3.1757857052338108,0.19967025684835807
4009,0.4016,6,63,6,275545,400899,26228,100028,3.1752867190470155,0.19968578255913536
4010,0.4017,21,148,21,275693,400751,26249,100007,3.1741144975288305,0.19971123776355046
4011,0.4018,15,142,15,275835,400609,26264,99992,3.1729897985046254,0.199743907822797
4012,0.4019,25,165,25,276000,400444,26289,99967,3.1716829299201623,0.19976978923325026
4013,0.402,32,195,32,276195,400249,26321,99935,3.1701384488657967,0.1997964748972378
4014,0.4021,19,106,19,276301,400143,26340,99916,3.1692988848054746,0.19980842260613246
4015,0.4022,18,100,18,276401,400043,26358,99898,3.168506843239133,0.19981957871028783
4016,0.4023,15,113,15,276514,399930,26373,99883,3.167611836269167,0.1998407404369234
4017,0.4024,25,177,25,276691,399753,26398,99858,3.1662099226967433,0.19987150002702103
4018,0.4025,16,100,16,276791,399653,26414,99842,3.1654178811304017,0.19988588474359104
4019,0.4026,5,42,5,276833,399611,26419,99837,3.165085223672538,0.19989468373083885
4020,0.4027,8,100,8,276933,399511,26427,99829,3.164293182106197,0.19992189690391315
4021,0.4028,16,130,16,277063,399381,26443,99813,3.1632635280699533,0.19994831668649862
4022,0.4029,10,87,10,277150,399294,26453,99803,3.1625744519072363,0.19996714065602478
4023,0.403,22,178,22,277328,399116,26475,99781,3.1611646179191486,0.20000320707480704
4024,0.4031,17,155,17,277483,398961,26492,99764,3.1599369534913193,0.2000380971477267
4025,0.4032,8,67,8,277550,398894,26500,99756,3.1594062856418703,0.20005214078010627
4026,0.4033,16,94,16,277644,398800,26516,99740,3.1586617665695096,0.20006418742728768
4027,0.4034,16,110,16,277754,398690,26532,99724,3.157790520846534,0.2000826622045127
4028,0.4035,13,115,13,277869,398575,26545,99711,3.1568796730452413,0.20010797012157677
4029,0.4036,37,197,37,278066,398378,26582,99674,3.155319351159549,0.200127697509497
4030,0.4037,18,134,18,278200,398244,26600,99656,3.1542580154606514,0.20015264109258887
4031,0.4038,13,64,13,278264,398180,26613,99643,3.153751108858193,0.20015748569270606
4032,0.4039,16,127,16,278391,398053,26629,99627,3.152745216068939,0.20018284841665326
4033,0.404,8,47,8,278438,398006,26637,99619,3.152372956532759,0.2001888972619945
4034,0.4041,25,136,25,278574,397870,26662,99594,3.1512957800025347,0.20020343180612066
4035,0.4042,11,101,11,278675,397769,26673,99583,3.15049581802053,0.20022639900915248
4036,0.4043,39,294,39,278969,397475,26712,99544,3.148167215815486,0.20028208177152182
4037,0.4044,27,219,27,279188,397256,26739,99517,3.1464326447851985,0.2003269098763419
4038,0.4045,30,146,30,279334,397110,26769,99487,3.14527626409834,0.2003374970046134
4039,0.4046,17,160,17,279494,396950,26786,99470,3.1440089975921937,0.2003746827283349
4040,0.4047,11,60,11,279554,396890,26797,99459,3.143533772652389,0.20038118340119554
4041,0.4048,20,121,20,279675,396769,26817,99439,3.1425754023571155,0.20039781704446522
4042,0.4049,19,114,19,279789,396655,26836,99420,3.1416724749714864,0.20041324396512625
4043,0.405,11,124,11,279913,396531,26847,99409,3.140690343429223,0.20044561842158326
4044,0.4051,19,96,19,280009,396435,26866,99390,3.139929983525535,0.20045378913931328
4045,0.4052,24,146,24,280155,396289,26890,99366,3.138773602838677,0.20047412010370116
4046,0.4053,22,167,22,280322,396122,26912,99344,3.1374508934228866,0.20050619013211804
4047,0.4054,18,125,18,280447,395997,26930,99326,3.13646084146496,0.20052773644672264
4048,0.4055,31,249,31,280696,395748,26961,99295,3.13448865796477,0.20057853560195782
4049,0.4056,22,113,22,280809,395635,26983,99273,3.133593650994804,0.20058879630153484
4050,0.4057,17,118,17,280927,395517,27000,99256,3.1326590419465212,0.20060916824483147
4051,0.4058,8,66,8,280993,395451,27008,99248,3.132136294512736,0.20062300510007094
4052,0.4059,8,57,8,281050,395394,27016,99240,3.131684830819921,0.2006331954536081
4053,0.406,21,120,21,281170,395274,27037,99219,3.1307343809403116,0.20064793637119233
4054,0.4061,19,111,19,281281,395163,27056,99200,3.129855214801673,0.20066226639129547
4055,0.4062,19,156,19,281437,395007,27075,99181,3.1286196299581803,0.2006948772531911
4056,0.4063,12,78,12,281515,394929,27087,99169,3.128001837536434,0.20070714716513727
4057,0.4064,19,101,19,281616,394828,27106,99150,3.1272018755544293,0.20071744085769003
4058,0.4065,26,133,26,281749,394695,27132,99124,3.126148460271195,0.2007294170536168
4059,0.4066,15,82,15,281831,394613,27147,99109,3.1254989861867952,0.20073847225766728
4060,0.4067,7,59,7,281890,394554,27154,99102,3.1250316816626538,0.20075113034177647
4061,0.4068,24,187,24,282077,394367,27178,99078,3.123550563933595,0.20078833507280447
4062,0.4069,17,138,17,282215,394229,27195,99061,3.122457546572044,0.2008169636522127
4063,0.407,19,78,19,282293,394151,27214,99042,3.121839754150298,0.20081793537215653
4064,0.4071,15,73,15,282366,394078,27229,99027,3.1212615638068684,0.20082335405238236
4065,0.4072,17,123,17,282489,393955,27246,99010,3.120287352680269,0.20084590183887294
4066,0.4073,14,121,14,282610,393834,27260,98996,3.1193289823849955,0.2008725118194915
4067,0.4074,12,64,12,282674,393770,27272,98984,3.118822075782537,0.20087914050418668
4068,0.4075,8,90,8,282764,393680,27280,98976,3.11810923837283,0.20090286122568282
4069,0.4076,22,150,22,282914,393530,27302,98954,3.1169211760233178,0.20092835503285386
4070,0.4077,8,84,8,282998,393446,27310,98946,3.116255861107591,0.20094964987245933
4071,0.4078,15,163,15,283161,393283,27325,98931,3.1149648333544544,0.20099184501050357
4072,0.4079,21,168,21,283329,393115,27346,98910,3.113634203523001,0.20102637061124942
4073,0.408,12,89,12,283418,393026,27358,98898,3.112929286528957,0.20104325058342346
4074,0.4081,18,131,18,283549,392895,27376,98880,3.1118917120770497,0.20106756138477963
4075,0.4082,21,142,21,283691,392753,27397,98859,3.110767013052845,0.20109151119175284
4076,0.4083,30,175,30,283866,392578,27427,98829,3.1093809403117474,0.20111435124041782
4077,0.4084,28,169,28,284035,392409,27455,98801,3.1080423900646306,0.2011380061480833
4078,0.4085,14,119,14,284154,392290,27469,98787,3.1070998606006843,0.2011639722487512
4079,0.4086,14,78,14,284232,392212,27483,98773,3.1064820681789382,0.201173151929285
4080,0.4087,18,167,18,284399,392045,27501,98755,3.105159358763148,0.2012123064384678
4081,0.4088,13,100,13,284499,391945,27514,98742,3.1043673171968065,0.20123215002639158
4082,0.4089,9,58,9,284557,391887,27523,98733,3.1039079330883284,0.20124128653540418
4083,0.409,9,54,9,284611,391833,27532,98724,3.103480230642504,0.20124878454491527
4084,0.4091,13,94,13,284705,391739,27545,98711,3.1027357115701433,0.20126618411662758
4085,0.4092,16,97,16,284802,391642,27561,98695,3.101967431250792,0.20127993604398609
4086,0.4093,7,79,7,284881,391563,27568,98688,3.1013417184133822,0.2013009662397425
4087,0.4094,23,180,23,285061,391383,27591,98665,3.099916043593968,0.20133742000783597
4088,0.4095,20,117,20,285178,391266,27611,98645,3.0989893549613483,0.20135289879182136
4089,0.4096,16,108,16,285286,391158,27627,98629,3.0981339500696996,0.20137120830075114
4090,0.4097,13,146,13,285432,391012,27640,98616,3.096977569382841,0.20141005007883536
4091,0.4098,10,87,10,285519,390925,27650,98606,3.0962884932201242,0.20142953153120027
4092,0.4099,6,65,6,285584,390860,27656,98600,3.0957736662020023,0.20144649205246598
4093,0.41,19,90,19,285674,390770,27675,98581,3.095060828792295,0.20145253611415936
4094,0.4101,13,88,13,285762,390682,27688,98568,3.0943638322139146,0.20146755237608585
4095,0.4102,18,124,18,285886,390558,27706,98550,3.0933817006716513,0.20148924163988322
4096,0.4103,4,83,4,285969,390475,27710,98546,3.0927243061715877,0.2015169082718329
4097,0.4104,48,266,48,286235,390209,27758,98498,3.0906174756051197,0.201548166897548
4098,0.4105,13,96,13,286331,390113,27771,98485,3.089857115701432,0.20156652299027011
4099,0.4106,12,112,12,286443,390001,27783,98473,3.08897002914713,0.20159312471083415
4100,0.4107,14,79,14,286522,389922,27797,98459,3.08834431630972,0.20160284695760072
4101,0.4108,21,142,21,286664,389780,27818,98438,3.0872196172855153,0.20162714197346268
4102,0.4109,29,176,29,286840,389604,27847,98409,3.0858256241287543,0.20165241499714148
4103,0.411,25,141,25,286981,389463,27872,98384,3.084708845520213,0.20166978581399497
4104,0.4111,10,83,10,287064,389380,27882,98374,3.0840514510201493,0.201687736030868
4105,0.4112,28,179,28,287243,389201,27910,98346,3.0826336966163983,0.20171593713016386
4106,0.4113,32,266,32,287509,388935,27942,98314,3.0805268660499303,0.20177363114136715
4107,0.4114,5,46,5,287555,388889,27947,98309,3.080162526929413,0.20178449008411364
4108,0.4115,18,159,18,287714,388730,27965,98291,3.0789031808389304,0.20182086604068408
4109,0.4116,18,90,18,287804,388640,27983,98273,3.078190343429223,0.20182866343679468
4110,0.4117,45,318,45,288122,388322,28028,98228,3.0756716512482574,0.2018867536738259
4111,0.4118,11,64,11,288186,388258,28039,98217,3.075164744645799,0.20189526697158128
4112,0.4119,9,84,9,288270,388174,28048,98208,3.0744994297300723,0.20191536693380924
4113,0.412,11,102,11,288372,388072,28059,98197,3.073691547332404,0.2019396671389704
4114,0.4121,9,64,9,288436,388008,28068,98188,3.0731846407299455,0.20195147635932834
4115,0.4122,28,222,28,288658,387786,28096,98160,3.0714263084526676,0.20199775283673493
4116,0.4123,31,254,31,288912,387532,28127,98129,3.0694145228741605,0.20205246046110353
4117,0.4124,10,33,10,288945,387499,28137,98119,3.069153149157268,0.20204975927580937
4118,0.4125,5,55,5,289000,387444,28142,98114,3.06871752629578,0.2020644289662615
4119,0.4126,27,176,27,289176,387268,28169,98087,3.067323533139019,0.20209331314192705
4120,0.4127,23,135,23,289311,387133,28192,98064,3.0662542770244583,0.20211171956957688
4121,0.4128,16,106,16,289417,387027,28208,98048,3.0654147129641363,0.2021295675926403
4122,0.4129,18,112,18,289529,386915,28226,98030,3.064527626409834,0.2021466351854334
4123,0.413,14,74,14,289603,386841,28240,98016,3.0639415156507415,0.2021544496624778
4124,0.4131,21,154,21,289757,386687,28261,97995,3.0627217716385755,0.20218411246961926
4125,0.4132,13,119,13,289876,386568,28274,97982,3.0617792421746293,0.20221236198534723
4126,0.4133,8,65,8,289941,386503,28282,97974,3.0612644151565074,0.20222631827723503
4127,0.4134,13,120,13,290061,386383,28295,97961,3.060313965276898,0.2022550088366946
4128,0.4135,16,130,16,290191,386253,28311,97945,3.059284311240654,0.20228295036328114
4129,0.4136,17,132,17,290323,386121,28328,97928,3.058238816373083,0.20231009670508565
4130,0.4137,10,95,10,290418,386026,28338,97918,3.057486376885059,0.2023333278230539
4131,0.4138,8,60,8,290478,385966,28346,97910,3.0570111519452543,0.20234522894295232
4132,0.4139,37,195,37,290673,385771,28383,97873,3.055466670890888,0.20236578971309477
4133,0.414,24,205,24,290878,385566,28407,97849,3.0538429856798883,0.2024120062472203
4134,0.4141,8,119,8,290997,385447,28415,97841,3.052900456215942,0.2024486434589727
4135,0.4142,17,121,17,291118,385326,28432,97824,3.051942085920669,0.20247128221049362
4136,0.4143,33,132,33,291250,385194,28465,97791,3.0508965910530983,0.20247212646355478
4137,0.4144,16,88,16,291338,385106,28481,97775,3.050199594474718,0.20248259923252312
4138,0.4145,5,52,5,291390,385054,28486,97770,3.0497877328602203,0.20249614766457344
4139,0.4146,16,118,16,291508,384936,28502,97754,3.048853123811938,0.2025192152313079
4140,0.4147,28,250,28,291758,384686,28530,97726,3.046873019896084,0.2025778794889016
4141,0.4148,6,72,6,291830,384614,28536,97720,3.0463027499683184,0.20259819958783748
4142,0.4149,25,145,25,291975,384469,28561,97695,3.0451542896971233,0.2026177815017297
4143,0.415,9,116,9,292091,384353,28570,97686,3.044235521480167,0.20265165266710786
4144,0.4151,17,118,17,292209,384235,28587,97669,3.0433009124318846,0.20267314651880872
4145,0.4152,22,148,22,292357,384087,28609,97647,3.042128690913699,0.20269899986299494
4146,0.4153,14,156,14,292513,383931,28623,97633,3.0408931060702065,0.20274148399797326
4147,0.4154,15,117,15,292630,383814,28638,97618,3.0399664174375873,0.20276591502018976
4148,0.4155,17,147,17,292777,383667,28655,97601,3.038802116335065,0.20279968749220809
4149,0.4156,6,42,6,292819,383625,28661,97595,3.0384694588772017,0.2028074477370018
4150,0.4157,11,91,11,292910,383534,28672,97584,3.0377487010518314,0.2028275807598136
4151,0.4158,20,117,20,293027,383417,28692,97564,3.036822012419212,0.2028437713755845
4152,0.4159,15,92,15,293119,383325,28707,97549,3.0360933341781777,0.20285771324712917
4153,0.416,25,126,25,293245,383199,28732,97524,3.0350953618045877,0.2028694279241892
4154,0.4161,24,163,24,293408,383036,28756,97500,3.033804334051451,0.20289843008640351
4155,0.4162,22,97,22,293505,382939,28778,97478,3.0330360537320997,0.2029028947768293
4156,0.4163,7,63,7,293568,382876,28785,97471,3.032537067545305,0.20291789060824778
4157,0.4164,15,80,15,293648,382796,28800,97456,3.0319034342922317,0.2029267967650317
4158,0.4165,9,54,9,293702,382742,28809,97447,3.0314757318464074,0.20293467780394803
4159,0.4166,19,141,19,293843,382601,28828,97428,3.030358953237866,0.20296273766793257
4160,0.4167,11,85,11,293928,382516,28839,97417,3.029685717906476,0.2029804160164023
4161,0.4168,19,149,19,294077,382367,28858,97398,3.028505575972627,0.2030118912384188
4162,0.4169,36,208,36,294285,382159,28894,97362,3.026858129514637,0.2030401171168729
4163,0.417,17,157,17,294442,382002,28911,97345,3.025614624255481,0.20307835451144995
4164,0.4171,40,286,40,294728,381716,28951,97305,3.0233493853757447,0.2031330567970924
4165,0.4172,33,250,33,294978,381466,28984,97272,3.021369281459891,0.20318420513934554
4166,0.4173,18,152,18,295130,381314,29002,97254,3.020165378279052,0.2032187693284967
4167,0.4174,9,120,9,295250,381194,29011,97245,3.0192149283994425,0.20325475138941432
4168,0.4175,55,310,55,295560,380884,29066,97190,3.016759599543784,0.20329488740236867
4169,0.4176,17,96,17,295656,380788,29083,97173,3.0159992396400965,0.20330738281993718
4170,0.4177,18,168,18,295824,380620,29101,97155,3.0146686098086426,0.2033488566793993
4171,0.4178,13,89,13,295913,380531,29114,97142,3.013963692814599,0.20336506354765707
4172,0.4179,4,66,4,295979,380465,29118,97138,3.0134409453808138,0.20338649464094655
4173,0.418,27,146,27,296125,380319,29145,97111,3.0122845646939553,0.20340364032423602
4174,0.4181,17,57,17,296182,380262,29162,97094,3.0118331010011405,0.2033995592388071
4175,0.4182,21,156,21,296338,380106,29183,97073,3.010597516157648,0.20343099759209857
4176,0.4183,12,64,12,296402,380042,29195,97061,3.0100906095551894,0.20343825127907392
4177,0.4184,30,206,30,296608,379836,29225,97031,3.008459003928526,0.20347602161609002
4178,0.4185,8,59,8,296667,379777,29233,97023,3.0079916994043847,0.2034878355704698
4179,0.4186,27,184,27,296851,379593,29260,96996,3.0065343429223166,0.20352127304658732
4180,0.4187,21,135,21,296986,379458,29281,96975,3.0054650868077557,0.20354383512477095
4181,0.4188,21,135,21,297121,379323,29302,96954,3.004395830693195,0.2035664119829427
4182,0.4189,8,77,8,297198,379246,29310,96946,3.003785958687112,0.20358594852496473
4183,0.419,11,79,11,297277,379167,29321,96935,3.003160245849702,0.20360132912695178
4184,0.4191,9,66,9,297343,379101,29330,96926,3.002637498415917,0.20361450085814461
4185,0.4192,10,58,10,297401,379043,29340,96916,3.002178114307439,0.20362258093659327
4186,0.4193,31,132,31,297533,378911,29371,96885,3.0011326194398684,0.20362718475985506
4187,0.4194,17,110,17,297643,378801,29388,96868,3.0002613737168926,0.20364581252930083
4188,0.4195,23,189,23,297832,378612,29411,96845,2.9987644151565074,0.20368824099760863
4189,0.4196,15,122,15,297954,378490,29426,96830,2.9977981244455707,0.20371539173609357
4190,0.4197,8,96,8,298050,378394,29434,96822,2.9970377645418833,0.20374313996161744
4191,0.4198,28,131,28,298181,378263,29462,96794,2.9960001900899758,0.20375239181824498
4192,0.4199,6,58,6,298239,378205,29468,96788,2.995540805981498,0.20376721341156606
4193,0.42,21,145,21,298384,378060,29489,96767,2.994392345710303,0.20379422400158373
4194,0.4201,21,145,21,298529,377915,29510,96746,2.993243885439108,0.20382125348406546
4195,0.4202,25,169,25,298698,377746,29535,96721,2.991905335191991,0.20385190118596236
4196,0.4203,17,90,17,298788,377656,29552,96704,2.9911924977822837,0.20386204570368496
4197,0.4204,7,60,7,298848,377596,29559,96697,2.990717272842479,0.20387608503604313
4198,0.4205,35,123,35,298971,377473,29594,96662,2.989743061715879,0.20387020574309006
4199,0.4206,14,125,14,299096,377348,29608,96648,2.988753009757952,0.20390045485615912
4200,0.4207,14,73,14,299169,377275,29622,96634,2.988174819414523,0.20390834527303764
4201,0.4208,14,159,14,299328,377116,29636,96620,2.98691547332404,0.20395325666616004
4202,0.4209,17,90,17,299418,377026,29653,96603,2.9862026359143328,0.20396343973869843
4203,0.421,45,244,45,299662,376782,29698,96558,2.98427005449246,0.20399290150842947
4204,0.4211,24,154,24,299816,376628,29722,96534,2.983050310480294,0.20401891952439122
4205,0.4212,19,142,19,299958,376486,29741,96515,2.9819256114560893,0.20404819440128033
4206,0.4213,26,214,26,300172,376272,29767,96489,2.9802306425041185,0.2040967846332502
4207,0.4214,17,108,17,300280,376164,29784,96472,2.97937523761247,0.2041147944718557
4208,0.4215,14,63,14,300343,376101,29798,96458,2.978876251425675,0.20411842754026482
4209,0.4216,21,153,21,300496,375948,29819,96437,2.9776644278291724,0.20414915799612604
4210,0.4217,20,95,20,300591,375853,29839,96417,2.9769119883411483,0.2041565206343829
4211,0.4218,14,95,14,300686,375758,29853,96403,2.976159548853124,0.2041739999703491
4212,0.4219,25,174,25,300860,375584,29878,96378,2.97478139652769,0.20420711836969926
4213,0.422,17,127,17,300987,375457,29895,96361,2.973775503738436,0.20423341203599693
4214,0.4221,15,98,15,301085,375359,29910,96346,2.9729993030034216,0.20425053794214604
4215,0.4222,33,210,33,301295,375149,29943,96313,2.9713360157141047,0.20428581730871204
4216,0.4223,8,73,8,301368,375076,29951,96305,2.9707578253706752,0.2043039494591424
4217,0.4224,12,86,12,301454,374990,29963,96293,2.970076669623622,0.2043209706269906
4218,0.4225,33,121,33,301575,374869,29996,96260,2.9691182993283487,0.2043177134075805
4219,0.4226,21,81,21,301656,374788,30017,96239,2.968476745659612,0.20431737458786864
4220,0.4227,34,180,34,301836,374608,30051,96205,2.967051070840198,0.20433802804935292
4221,0.4228,30,190,30,302026,374418,30081,96175,2.9655461918641493,0.20436980575571673
4222,0.4229,21,128,21,302154,374290,30102,96154,2.964532378659232,0.20438989550297165
4223,0.423,15,109,15,302263,374181,30117,96139,2.96366905335192,0.20441188977717298
4224,0.4231,6,42,6,302305,374139,30123,96133,2.9633363958940566,0.20441999523679913
4225,0.4232,14,71,14,302376,374068,30137,96119,2.9627740463819543,0.2044271747198455
4226,0.4233,12,119,12,302495,373949,30149,96107,2.961831516918008,0.20445861769661486
4227,0.4234,21,145,21,302640,373804,30170,96086,2.960683056646813,0.20448615633446127
4228,0.4235,13,76,13,302716,373728,30183,96073,2.9600811050563935,0.2044972232924153
4229,0.4236,11,113,11,302829,373615,30194,96062,2.9591860980864277,0.20452779250421035
4230,0.4237,15,116,15,302945,373499,30209,96047,2.9582673298694715,0.20455290855422045
4231,0.4238,12,76,12,303021,373423,30221,96035,2.957665378279052,0.20456569064751268
4232,0.4239,6,61,6,303082,373362,30227,96029,2.957182232923584,0.20458210745412672
4233,0.424,11,95,11,303177,373267,30238,96018,2.9564297934355594,0.20460487763299487
4234,0.4241,34,260,34,303437,373007,30272,95984,2.954370485363072,0.2046606438076637
4235,0.4242,23,116,23,303553,372891,30295,95961,2.9534517171461157,0.20467226331550253
4236,0.4243,35,265,35,303818,372626,30330,95926,2.951352806995311,0.20472861069849238
4237,0.4244,29,164,29,303982,372462,30359,95897,2.9500538588265113,0.20475105634780158
4238,0.4245,21,104,21,304086,372358,30380,95876,2.9492301355975163,0.2047608674295331
4239,0.4246,15,144,15,304230,372214,30395,95861,2.9480895957419846,0.20479837632857983
4240,0.4247,10,84,10,304314,372130,30405,95851,2.9474242808262576,0.20481814432637221
4241,0.4248,23,110,23,304424,372020,30428,95828,2.9465530351032823,0.20482720883705818
4242,0.4249,13,79,13,304503,371941,30441,95815,2.9459273222658724,0.20483970275100694
4243,0.425,19,141,19,304644,371800,30460,95796,2.944810543657331,0.20486916055740426
4244,0.4251,15,130,15,304774,371670,30475,95781,2.9437808896210873,0.20490062059980618
4245,0.4252,14,75,14,304849,371595,30489,95767,2.943186858446331,0.2049096845699907
4246,0.4253,3,47,3,304896,371548,30492,95764,2.9428145989101506,0.20492518916698052
4247,0.4254,17,120,17,305016,371428,30509,95747,2.941864149030541,0.20494889495371113
4248,0.4255,13,131,13,305147,371297,30522,95734,2.940826574578634,0.2049842515807302
4249,0.4256,14,102,14,305249,371195,30536,95720,2.9400186921809657,0.2050051936647998
4250,0.4257,38,223,38,305472,370972,30574,95682,2.9382524394880245,0.20503842247146709
4251,0.4258,44,280,44,305752,370692,30618,95638,2.9360347231022685,0.20508652670855404
4252,0.4259,41,281,41,306033,370411,30659,95597,2.9338090863008492,0.2051402551029167
4253,0.426,22,193,22,306226,370218,30681,95575,2.9322804460778102,0.20518771213822448
4254,0.4261,22,137,22,306363,370081,30703,95553,2.9311953491319223,0.20521053015888016
4255,0.4262,14,112,14,306475,369969,30717,95539,2.9303082625776202,0.20523600024059738
4256,0.4263,16,145,16,306620,369824,30733,95523,2.929159802306425,0.20527262451460954
4257,0.4264,13,131,13,306751,369693,30746,95510,2.9281222278545176,0.20530822028232837
4258,0.4265,5,34,5,306785,369659,30751,95505,2.9278529337219616,0.2053146847133484
4259,0.4266,23,188,23,306973,369471,30774,95482,2.9263638955772397,0.20535839106318274
4260,0.4267,21,122,21,307095,369349,30795,95461,2.9253976048663035,0.20537639035304747
4261,0.4268,8,82,8,307177,369267,30803,95453,2.9247481307819037,0.20539894990531934
4262,0.4269,36,170,36,307347,369097,30839,95417,2.923401660119123,0.20541253869635792
4263,0.427,13,93,13,307440,369004,30852,95404,2.9226650614624257,0.20543143098310107
4264,0.4271,18,191,18,307631,368813,30870,95386,2.9211522620707133,0.2054851475337086
4265,0.4272,44,259,44,307890,368554,30914,95342,2.919100874413889,0.20552451411523273
4266,0.4273,13,90,13,307980,368464,30927,95329,2.918388037004182,0.20554212763021434
4267,0.4274,34,287,34,308267,368177,30961,95295,2.916114877708782,0.20561112645424104
4268,0.4275,8,97,8,308364,368080,30969,95287,2.915346597389431,0.2056404534634534
4269,0.4276,25,132,25,308496,367948,30994,95262,2.9143011025218604,0.20565618186135878
4270,0.4277,19,124,19,308620,367824,31013,95243,2.913318970979597,0.20567865989154918
4271,0.4278,39,322,39,308942,367502,31052,95204,2.9107685971359776,0.2057548421675967
4272,0.4279,22,124,22,309066,367378,31074,95182,2.9097864655937142,0.20577222414389484
4273,0.428,31,181,31,309247,367197,31105,95151,2.9083528703586365,0.20579952762853954
4274,0.4281,12,78,12,309325,367119,31117,95139,2.90773507793689,0.20581363654063314
4275,0.4282,10,85,10,309410,367034,31127,95129,2.9070618426055,0.20583430521266308
4276,0.4283,14,111,14,309521,366923,31141,95115,2.906182676466861,0.20585969119423078
4277,0.4284,17,105,17,309626,366818,31158,95098,2.9053510328222023,0.20587725906874843
4278,0.4285,37,288,37,309914,366530,31195,95061,2.9030699531111392,0.20594205692918624
4279,0.4286,11,86,11,310000,366444,31206,95050,2.9023887973640856,0.20596150762523457
4280,0.4287,14,63,14,310063,366381,31220,95036,2.9018898111772904,0.20596553659704778
4281,0.4288,26,118,26,310181,366263,31246,95010,2.900955202129008,0.20597346907362885
4282,0.4289,12,60,12,310241,366203,31258,94998,2.9004799771892027,0.20597960542149735
4283,0.429,13,102,13,310343,366101,31271,94985,2.899672094791535,0.2060027847299636
4284,0.4291,9,88,9,310431,366013,31280,94976,2.898975098213154,0.20602660801016945
4285,0.4292,12,103,12,310534,365910,31292,94964,2.8981592953998225,0.2060519794998199
4286,0.4293,21,136,21,310670,365774,31313,94943,2.8970821188695983,0.20607661536257615
4287,0.4294,26,156,26,310826,365618,31339,94917,2.8958465340261057,0.206101599226986
4288,0.4295,3,45,3,310871,365573,31342,94914,2.8954901153212522,0.2061165678944248
4289,0.4296,27,142,27,311013,365431,31369,94887,2.894365416297047,0.20613358591234754
4290,0.4297,7,60,7,311073,365371,31376,94880,2.8938901913572423,0.20614838425120205
4291,0.4298,14,95,14,311168,365276,31390,94866,2.8931377518692183,0.20616679199029864
4292,0.4299,11,71,11,311239,365205,31401,94855,2.8925754023571155,0.20617962874407686
4293,0.43,15,139,15,311378,365066,31416,94840,2.8914744645799013,0.20621605284558148
4294,0.4301,12,78,12,311456,364988,31428,94828,2.890856672158155,0.20623031821424223
4295,0.4302,16,79,16,311535,364909,31444,94812,2.8902309593207454,0.20623813138838556
4296,0.4303,26,157,26,311692,364752,31470,94786,2.888987454061589,0.20626368221996874
4297,0.4304,12,106,12,311798,364646,31482,94774,2.8881478900012674,0.20629054024639762
4298,0.4305,18,82,18,311880,364564,31500,94756,2.8874984159168675,0.2062962640424976
4299,0.4306,25,165,25,312045,364399,31525,94731,2.886191547332404,0.20632718402195457
4300,0.4307,25,129,25,312174,364270,31550,94706,2.8851698137118236,0.20634194380534057
4301,0.4308,13,87,13,312261,364183,31563,94693,2.8844807375491066,0.20635858053155973
4302,0.4309,13,72,13,312333,364111,31576,94680,2.883910467621341,0.20636847714972612
4303,0.431,13,130,13,312463,363981,31589,94667,2.8828808135850967,0.2064044757635485
4304,0.4311,37,305,37,312768,363676,31626,94630,2.8804650868077557,0.2064777681287175
4305,0.4312,11,95,11,312863,363581,31637,94619,2.879712647319731,0.20650152771715408
4306,0.4313,28,195,28,313058,363386,31665,94591,2.8781681662653655,0.20654093982885605
4307,0.4314,14,90,14,313148,363296,31679,94577,2.877455328855658,0.20655727679946187
4308,0.4315,16,116,16,313264,363180,31695,94561,2.8765365606387023,0.20658188801090574
4309,0.4316,20,104,20,313368,363076,31715,94541,2.8757128374097074,0.20659416061903293
4310,0.4317,17,132,17,313500,362944,31732,94524,2.8746673425421365,0.20662428847482228
4311,0.4318,39,233,39,313733,362711,31771,94485,2.872821885692561,0.20666191305260764
4312,0.4319,18,115,18,313848,362596,31789,94467,2.8719110378912687,0.20668266737845767
4313,0.432,26,142,26,313990,362454,31815,94441,2.8707863388670636,0.2067017586097462
4314,0.4321,10,48,10,314038,362406,31825,94431,2.8704061589152197,0.2067061118079315
4315,0.4322,15,128,15,314166,362278,31840,94416,2.869392345710303,0.20673799086478037
4316,0.4323,28,293,28,314459,361985,31868,94388,2.8670716639209224,0.20682205126070122
4317,0.4324,14,98,14,314557,361887,31882,94374,2.866295463185908,0.20684213640876603
4318,0.4325,17,144,17,314701,361743,31899,94357,2.8651549233303766,0.20687787765840823
4319,0.4326,7,77,7,314778,361666,31906,94350,2.8645450513242934,0.2069006350654363
4320,0.4327,15,111,15,314889,361555,31921,94335,2.8636658851856547,0.2069249160981816
4321,0.4328,42,175,42,315064,361380,31963,94293,2.862279812444557,0.20693128625132495
4322,0.4329,10,89,10,315153,361291,31973,94283,2.8615748954505134,0.2069543038013583
4323,0.433,19,85,19,315238,361206,31992,94264,2.860901660119123,0.20695984367795903
4324,0.4331,19,112,19,315350,361094,32011,94245,2.8600145735648206,0.20697765840395838
4325,0.4332,23,131,23,315481,360963,32034,94222,2.8589769991129135,0.2069971550029109
4326,0.4333,22,139,22,315620,360824,32056,94200,2.857876061335699,0.20702204718871972
4327,0.4334,17,130,17,315750,360694,32073,94183,2.856846407299455,0.20705157658004253
4328,0.4335,13,63,13,315813,360631,32086,94170,2.85634742111266,0.207057592221653
4329,0.4336,15,118,15,315931,360513,32101,94155,2.8554128120643774,0.20708516983821162
4330,0.4337,19,106,19,316037,360407,32120,94136,2.8545732480040553,0.20710031834171905
4331,0.4338,22,109,22,316146,360298,32142,94114,2.8537099226967433,0.20711160796809944
4332,0.4339,13,90,13,316236,360208,32155,94101,2.852997085287036,0.20712994899946952
4333,0.434,26,201,26,316437,360007,32181,94075,2.85140508173869,0.2071762368911342
4334,0.4341,16,81,16,316518,359926,32197,94059,2.8507635280699533,0.20718525942487087
4335,0.4342,3,23,3,316541,359903,32200,94056,2.8505813585096944,0.20719051720529827
4336,0.4343,10,133,10,316674,359770,32210,94046,2.8495279432264606,0.20723376875209337
4337,0.4344,15,91,15,316765,359679,32225,94031,2.84880718540109,0.20724912388970929
4338,0.4345,29,141,29,316906,359538,32254,94002,2.8476904067925486,0.20726286545839398
4339,0.4346,8,47,8,316953,359491,32262,93994,2.847318147256368,0.207270361753972
4340,0.4347,16,162,16,317115,359329,32278,93978,2.846035039918895,0.20731645441169008
4341,0.4348,21,182,21,317297,359147,32299,93957,2.8445935242681535,0.20736298951234153
4342,0.4349,48,209,48,317506,358938,32347,93909,2.8429381573945,0.20737467621514552
4343,0.435,26,154,26,317660,358784,32373,93883,2.8417184133823343,0.20739970000022093
4344,0.4351,35,152,35,317812,358632,32408,93848,2.8405145102014955,0.2074080622347949
4345,0.4352,18,98,18,317910,358534,32426,93830,2.839738309466481,0.20742145705670656
4346,0.4353,12,68,12,317978,358466,32438,93818,2.8391997212013687,0.20743161376480265
4347,0.4354,21,119,21,318097,358347,32459,93797,2.8382571917374224,0.20744939665239392
4348,0.4355,10,97,10,318194,358250,32469,93787,2.8374889114180712,0.20747637914595488
4349,0.4356,9,65,9,318259,358185,32478,93778,2.8369740843999494,0.20749043616402227
4350,0.4357,28,189,28,318448,357996,32506,93750,2.835477125839564,0.20752812421139313
4351,0.4358,13,135,13,318583,357861,32519,93737,2.8344078697250032,0.20756734972254084
4352,0.4359,18,111,18,318694,357750,32537,93719,2.833528703586364,0.20758678890466456
4353,0.436,14,115,14,318809,357635,32551,93705,2.8326178557850716,0.20761510169716843
4354,0.4361,17,124,17,318933,357511,32568,93688,2.8316357242428083,0.20764230417177343
4355,0.4362,22,153,22,319086,357358,32590,93666,2.830423900646306,0.2076740927312072
4356,0.4363,10,76,10,319162,357282,32600,93656,2.8298219490558862,0.2076915230031623
4357,0.4364,26,207,26,319369,357075,32626,93630,2.8281824230135597,0.20774120544480315
4358,0.4365,34,165,34,319534,356910,32660,93596,2.8268755544290967,0.20775749934518076
4359,0.4366,10,71,10,319605,356839,32670,93586,2.826313204916994,0.20777265915524226
4360,0.4367,32,204,32,319809,356635,32702,93554,2.824697440121658,0.20781049736888285
4361,0.4368,9,71,9,319880,356564,32711,93545,2.824135090609555,0.20782743735406312
4362,0.4369,8,58,8,319938,356506,32719,93537,2.8236757065010774,0.2078401397199823
4363,0.437,33,201,33,320139,356305,32752,93504,2.822083702952731,0.20787489801226744
4364,0.4371,46,226,46,320365,356079,32798,93458,2.820293689012799,0.20789834874548702
4365,0.4372,30,144,30,320509,355935,32828,93428,2.819153149157268,0.20791208889027357
4366,0.4373,20,134,20,320643,355801,32848,93408,2.8180918134583703,0.20793884361177092
4367,0.4374,13,158,13,320801,355643,32861,93395,2.816840387783551,0.2079890788752845
4368,0.4375,24,155,24,320956,355488,32885,93371,2.8156127233557218,0.20801855371063074
4369,0.4376,24,130,24,321086,355358,32909,93347,2.814583069319478,0.20803646048071672
4370,0.4377,11,62,11,321148,355296,32920,93336,2.814092003548346,0.20804579254266303
4371,0.4378,23,137,23,321285,355159,32943,93313,2.8130069066024586,0.20806873115824398
4372,0.4379,19,75,19,321360,355084,32962,93294,2.8124128754277025,0.20806997667146918
4373,0.438,59,351,59,321711,354733,33021,93235,2.809632809529844,0.20812870562183014
4374,0.4381,23,162,23,321873,354571,33044,93212,2.808349702192371,0.20816332911253888
4375,0.4382,14,88,14,321961,354483,33058,93198,2.807652705613991,0.20817948494575378
4376,0.4383,36,234,36,322195,354249,33094,93162,2.8057993283487517,0.2082246525007208
4377,0.4384,37,188,37,322383,354061,33131,93125,2.8043102902040298,0.20824668035224717
4378,0.4385,19,101,19,322484,353960,33150,93106,2.8035103282220253,0.20826007793032797
4379,0.4386,35,220,35,322704,353740,33185,93071,2.801767836776074,0.20830060137283998
4380,0.4387,42,191,42,322895,353549,33227,93029,2.8002550373843618,0.2083152327253022
4381,0.4388,10,86,10,322981,353463,33237,93019,2.799573881637308,0.20833762615290202
4382,0.4389,21,127,21,323108,353336,33258,92998,2.798567988848055,0.20835965891014352
4383,0.439,35,240,35,323348,353096,33293,92963,2.796667089088835,0.20840964984452728
4384,0.4391,36,183,36,323531,352913,33329,92927,2.7952176530224304,0.20843127579400683
4385,0.4392,12,78,12,323609,352835,33341,92915,2.7945998606006843,0.2084464385866517
4386,0.4393,9,54,9,323663,352781,33350,92906,2.79417215815486,0.20845570994891033
4387,0.4394,28,158,28,323821,352623,33378,92878,2.7929207324800407,0.20847989117869545
4388,0.4395,11,81,11,323902,352542,33389,92867,2.792279178811304,0.20849825665848692
4389,0.4396,18,110,18,324012,352432,33407,92849,2.7914079330883284,0.20851776743225064
4390,0.4397,17,98,17,324110,352334,33424,92832,2.790631732353314,0.20853344595049936
4391,0.4398,9,126,9,324236,352208,33433,92823,2.789633759979724,0.2085764811889509
4392,0.4399,15,82,15,324318,352126,33448,92808,2.788984285895324,0.20858824005358098
4393,0.44,18,100,18,324418,352026,33466,92790,2.7881922443289824,0.20860310780187763
4394,0.4401,22,142,22,324560,351884,33488,92768,2.7870675453047777,0.20863056952403228
4395,0.4402,12,81,12,324641,351803,33500,92756,2.786425991636041,0.20864722117874118
4396,0.4403,23,240,23,324881,351563,33523,92733,2.7845250918768216,0.20871896213335253
4397,0.4404,19,100,19,324981,351463,33542,92714,2.7837330503104805,0.2087321045439093
4398,0.4405,23,167,23,325148,351296,33565,92691,2.7824103408946903,0.20876962613770222
4399,0.4406,23,191,23,325339,351105,33588,92668,2.780897541502978,0.20881847250734045
4400,0.4407,18,84,18,325423,351021,33606,92650,2.7802322265872514,0.20882590928863956
4401,0.4408,42,222,42,325645,350799,33648,92608,2.7784738943099736,0.208855520999894
4402,0.4409,23,115,23,325760,350684,33671,92585,2.7775630465086807,0.2088686553763065
4403,0.441,16,86,16,325846,350598,33687,92569,2.776881890761627,0.20888062513679945
4404,0.4411,14,163,14,326009,350435,33701,92555,2.7755908630084907,0.20893248154585883
4405,0.4412,32,162,32,326171,350273,33733,92523,2.7743077556710176,0.20895175204834732
4406,0.4413,14,82,14,326253,350191,33747,92509,2.7736582815866178,0.20896543934944659
4407,0.4414,23,113,23,326366,350078,33770,92486,2.772763274616652,0.20897768458347268
4408,0.4415,14,117,14,326483,349961,33784,92472,2.7718365859840324,0.20900791758300127
4409,0.4416,34,144,34,326627,349817,33818,92438,2.7706960461285006,0.20901516093656375
4410,0.4417,16,105,16,326732,349712,33834,92422,2.7698644024838424,0.20903617455341594
4411,0.4418,37,211,37,326943,349501,33871,92385,2.768193194778862,0.2090697600738652
4412,0.4419,31,175,31,327118,349326,33902,92354,2.7668071220377644,0.20909708386161927
4413,0.442,12,59,12,327177,349267,33914,92342,2.766339817513623,0.20910352823425246
4414,0.4421,33,179,33,327356,349088,33947,92309,2.764922063109872,0.20912919661891677
4415,0.4422,5,82,5,327438,349006,33952,92304,2.764272589025472,0.20915909451406042
4416,0.4423,32,182,32,327620,348824,33984,92272,2.7628310733747306,0.20918802256198196
4417,0.4424,14,122,14,327742,348702,33998,92258,2.7618647826637943,0.20922079100145138
4418,0.4425,17,119,17,327861,348583,34015,92241,2.760922253199848,0.2092467742228191
4419,0.4426,18,135,18,327996,348448,34033,92223,2.759852997085287,0.20927857744212802
4420,0.4427,9,53,9,328049,348395,34042,92214,2.759433215055126,0.20928759966319344
4421,0.4428,10,103,10,328152,348292,34052,92204,2.7586174122417946,0.20931858632087466
4422,0.4429,13,73,13,328225,348219,34065,92191,2.758039221898365,0.20932994255352966
4423,0.443,18,108,18,328333,348111,34083,92173,2.7571838170067164,0.20934896566761454
4424,0.4431,22,108,22,328441,348003,34105,92151,2.7563284121150677,0.20936081462397252
4425,0.4432,22,102,22,328543,347901,34127,92129,2.7555205297173995,0.20936981569438448
4426,0.4433,23,108,23,328651,347793,34150,92106,2.7546651248257508,0.20937988038163305
4427,0.4434,21,185,21,328836,347608,34171,92085,2.7531998479280193,0.20943021608258489
4428,0.4435,23,158,23,328994,347450,34194,92062,2.7519484222532,0.2094641329474508
4429,0.4436,18,132,18,329126,347318,34212,92044,2.750902927385629,0.20949467637164798
4430,0.4437,32,206,32,329332,347112,34244,92012,2.749271321758966,0.2095353476466784
4431,0.4438,29,194,29,329526,346918,34273,91983,2.7477347611202636,0.2095757357581778
4432,0.4439,32,194,32,329720,346724,34305,91951,2.7461982004815613,0.20961075967401835
4433,0.444,27,145,27,329865,346579,34332,91924,2.745049740210366,0.20963140503029626
4434,0.4441,10,50,10,329915,346529,34342,91914,2.7446537194271956,0.20963728466414105
4435,0.4442,12,83,12,329998,346446,34354,91902,2.743996324927132,0.20965534233075092
4436,0.4443,14,156,14,330154,346290,34368,91888,2.74276074008364,0.20970473186695818
4437,0.4444,7,71,7,330225,346219,34375,91881,2.742198390571537,0.20972608993380507
4438,0.4445,46,268,46,330493,345951,34421,91835,2.7400757191737424,0.20977144084095883
4439,0.4446,10,67,10,330560,345884,34431,91825,2.7395450513242934,0.2097854967569778
4440,0.4447,15,70,15,330630,345814,34446,91810,2.7389906222278544,0.20979196753377327
4441,0.4448,11,90,11,330720,345724,34457,91799,2.7382777848181474,0.20981525542657187
4442,0.4449,22,193,22,330913,345531,34479,91777,2.7367491445951084,0.20986810211567133
4443,0.445,19,144,19,331057,345387,34498,91758,2.7356086047395767,0.20990289263287926
4444,0.4451,15,117,15,331174,345270,34513,91743,2.734681916106957,0.20993196998716285
4445,0.4452,24,95,24,331269,345175,34537,91719,2.733929476618933,0.20993421745320376
4446,0.4453,14,104,14,331373,345071,34551,91705,2.733105753389938,0.20995888052457096
4447,0.4454,25,138,25,331511,344933,34576,91680,2.732012736028387,0.20998000517620868
4448,0.4455,11,61,11,331572,344872,34587,91669,2.7315295906729187,0.20998943970898495
4449,0.4456,13,85,13,331657,344787,34600,91656,2.7308563553415284,0.21000680501233837
4450,0.4457,18,113,18,331770,344674,34618,91638,2.7299613483715626,0.21002860338473386
4451,0.4458,9,58,9,331828,344616,34627,91629,2.7295019642630844,0.21004022968744626
4452,0.4459,42,241,42,332069,344375,34669,91587,2.727593144088202,0.2100802363508746
4453,0.446,15,124,15,332193,344251,34684,91572,2.7266110125459386,0.21011282103055598
4454,0.4461,11,98,11,332291,344153,34695,91561,2.7258348118109237,0.21014013779681168
4455,0.4462,5,55,5,332346,344098,34700,91556,2.725399188949436,0.21015760213380344
4456,0.4463,15,104,15,332450,343994,34715,91541,2.724575465720441,0.21018058250198032
4457,0.4464,16,80,16,332530,343914,34731,91525,2.723941832467368,0.21019017589145667
4458,0.4465,12,136,12,332666,343778,34743,91513,2.7228646559371437,0.21023407329809254
4459,0.4466,33,154,33,332820,343624,34776,91480,2.7216449119249777,0.21024858424652496
4460,0.4467,10,43,10,332863,343581,34786,91470,2.721304334051451,0.21025121192687754
4461,0.4468,39,293,39,333156,343288,34825,91431,2.7189836522620707,0.2103220701188584
4462,0.4469,11,68,11,333224,343220,34836,91420,2.7184450639969584,0.21033498987667956
4463,0.447,11,154,11,333378,343066,34847,91409,2.717225319984793,0.2103895506070545
4464,0.4471,34,238,34,333616,342828,34881,91375,2.7153402610569004,0.210443041618782
4465,0.4472,15,100,15,333716,342728,34896,91360,2.714548219490559,0.21046423766609534
4466,0.4473,16,120,16,333836,342608,34912,91344,2.7135977696109492,0.2104933264508517
4467,0.4474,21,167,21,334003,342441,34933,91323,2.712275060195159,0.21053614407834675
4468,0.4475,9,65,9,334068,342376,34942,91314,2.711760233177037,0.21055131545574027
4469,0.4476,27,201,27,334269,342175,34969,91287,2.710168229628691,0.21059977575889005
4470,0.4477,12,102,12,334371,342073,34981,91275,2.709360347231023,0.21062748645430462
4471,0.4478,24,136,24,334507,341937,35005,91251,2.708283170700798,0.21064987949804703
4472,0.4479,12,122,12,334629,341815,35017,91239,2.707316879989862,0.21068735076918813
4473,0.448,17,103,17,334732,341712,35034,91222,2.7065010771765303,0.21070648181939972
4474,0.4481,31,199,31,334931,341513,35065,91191,2.704924914459511,0.21074683848543116
4475,0.4482,8,58,8,334989,341455,35073,91183,2.7044655303510328,0.21076049722862994
4476,0.4483,23,166,23,335155,341289,35096,91160,2.703150741350906,0.2107994237470777
4477,0.4484,10,89,10,335244,341200,35106,91150,2.7024458243568623,0.2108245634324043
4478,0.4485,43,293,43,335537,340907,35149,91107,2.700125142567482,0.21088899896762606
4479,0.4486,14,108,14,335645,340799,35163,91093,2.6992697376758334,0.2109161549646671
4480,0.4487,22,103,22,335748,340696,35185,91071,2.6984539348625014,0.21092626347080717
4481,0.4488,6,50,6,335798,340646,35191,91065,2.698057914079331,0.21093972588143456
4482,0.4489,11,108,11,335906,340538,35202,91054,2.697202509187682,0.21097239985912622
4483,0.449,69,388,69,336294,340150,35271,90985,2.6941293879102775,0.21103598640796967
4484,0.4491,42,267,42,336561,339883,35313,90943,2.692014636928146,0.21108985994345744
4485,0.4492,11,62,11,336623,339821,35324,90932,2.6915235711570142,0.21110009680721897
4486,0.4493,20,84,20,336707,339737,35344,90912,2.6908582562412877,0.21110463509726018
4487,0.4494,8,64,8,336771,339673,35352,90904,2.690351349638829,0.2111213557621517
4488,0.4495,23,119,23,336890,339554,35375,90881,2.689408820174883,0.21113757013254034
4489,0.4496,8,21,8,336911,339533,35383,90873,2.689242491445951,0.21113320910953842
4490,0.4497,13,138,13,337049,339395,35396,90860,2.6881494740844,0.21117709265435614
4491,0.4498,6,101,6,337150,339294,35402,90854,2.687349512102395,0.21121567460501967
4492,0.4499,5,103,5,337253,339191,35407,90849,2.6865337092890633,0.21125709236350107
4493,0.45,19,137,19,337390,339054,35426,90830,2.685448612343176,0.21128955718286793
4494,0.4501,26,224,26,337614,338830,35452,90804,2.683674439234571,0.21135198797115684
4495,0.4502,38,273,38,337887,338557,35490,90766,2.681512165758459,0.21141657912573983
4496,0.4503,38,222,38,338109,338335,35528,90728,2.6797538334811812,0.21145612648958312
4497,0.4504,38,189,38,338298,338146,35566,90690,2.678256874920796,0.21147944668824445
4498,0.4505,11,100,11,338398,338046,35577,90679,2.6774648333544544,0.2115085427721733
4499,0.4506,18,128,18,338526,337918,35595,90661,2.6764510201495373,0.211538596151468
4500,0.4507,31,226,31,338752,337692,35626,90630,2.6746610062096057,0.21159314721167718
4501,0.4508,18,94,18,338846,337598,35644,90612,2.673916487137245,0.21160645477686182
4502,0.4509,28,102,28,338948,337496,35672,90584,2.6731086047395767,0.211605307419174
4503,0.451,22,149,22,339097,337347,35694,90562,2.6719284628057283,0.2116384558399099
4504,0.4511,23,190,23,339287,337157,35717,90539,2.6704235838296793,0.21169007893457034
4505,0.4512,11,74,11,339361,337083,35728,90528,2.669837473070587,0.21170643411886036
4506,0.4513,15,113,15,339474,336970,35743,90513,2.668942466100621,0.21173473565030657
4507,0.4514,14,85,14,339559,336885,35757,90499,2.668269230769231,0.2117510248394886
4508,0.4515,18,136,18,339695,336749,35775,90481,2.6671920542390066,0.211785221075299
4509,0.4516,18,122,18,339817,336627,35793,90463,2.66622576352807,0.21181249853660822
4510,0.4517,28,104,28,339921,336523,35821,90435,2.665402040299075,0.2118124030935127
4511,0.4518,27,170,27,340091,336353,35848,90408,2.6640555696362944,0.21184691197180625
4512,0.4519,14,87,14,340178,336266,35862,90394,2.6633664934735775,0.21186424787887312
4513,0.452,11,94,11,340272,336172,35873,90383,2.6626219744012167,0.21189061199610837
4514,0.4521,27,160,27,340432,336012,35900,90356,2.6613547078950703,0.2119202191534074
4515,0.4522,31,110,31,340542,335902,35931,90325,2.660483462172095,0.2119175932073754
4516,0.4523,22,116,22,340658,335786,35953,90303,2.6595646939551387,0.21193459582387716
4517,0.4524,39,225,39,340883,335561,35992,90264,2.6577826004308704,0.21197440263018846
4518,0.4525,39,272,39,341155,335289,36031,90225,2.655628247370422,0.2120376767861927
4519,0.4526,30,143,30,341298,335146,36061,90195,2.6544956279305536,0.2120533877524151
4520,0.4527,58,350,58,341648,334796,36119,90137,2.651723482448359,0.21212049899631236
4521,0.4528,15,133,15,341781,334663,36134,90122,2.650670067165125,0.21215909224666596
4522,0.4529,28,127,28,341908,334536,36162,90094,2.649664174375871,0.21217059557732615
4523,0.453,25,190,25,342098,334346,36187,90069,2.6481592953998225,0.21221917227242204
4524,0.4531,12,48,12,342146,334298,36199,90057,2.6477791154479786,0.21222089995404791
4525,0.4532,22,106,22,342252,334192,36221,90035,2.646939551387657,0.21223307333102326
4526,0.4533,12,141,12,342393,334051,36233,90023,2.6458227727791153,0.2122813471233794
4527,0.4534,10,121,10,342514,333930,36243,90013,2.6448644024838424,0.21232335479062045
4528,0.4535,30,147,30,342661,333783,36273,89983,2.6437001013813206,0.21234124493234474
4529,0.4536,22,134,22,342795,333649,36295,89961,2.642638765682423,0.21236750784920091
4530,0.4537,12,113,12,342908,333536,36307,89949,2.6417437587124573,0.2124018560279585
4531,0.4538,25,111,25,343019,333425,36332,89924,2.640864592573818,0.21241103675690742
4532,0.4539,25,142,25,343161,333283,36357,89899,2.6397398935496135,0.212435784130705
4533,0.454,8,93,8,343254,333190,36365,89891,2.639003294892916,0.2124675889486883
4534,0.4541,15,100,15,343354,333090,36380,89876,2.6382112533265745,0.2124898928046226
4535,0.4542,23,200,23,343554,332890,36403,89853,2.6366271701938917,0.21254757618695047
4536,0.4543,5,44,5,343598,332846,36408,89848,2.6362786719047016,0.21256038647342995
4537,0.4544,23,137,23,343735,332709,36431,89825,2.635193574958814,0.21258644274780256
4538,0.4545,8,52,8,343787,332657,36439,89817,2.6347817133443163,0.2125976983198966
4539,0.4546,29,204,29,343991,332453,36468,89788,2.63316594854898,0.21264633230785263
4540,0.4547,26,181,26,344172,332272,36494,89762,2.631732353313902,0.2126890250548534
4541,0.4548,36,209,36,344381,332063,36530,89726,2.6300769864402485,0.21272721668891317
4542,0.4549,14,129,14,344510,331934,36544,89712,2.629055252819668,0.21276615929002055
4543,0.455,14,85,14,344595,331849,36558,89698,2.6283820174882777,0.21278291625844806
4544,0.4551,12,138,12,344733,331711,36570,89686,2.627289000126727,0.21283018151529318
4545,0.4552,22,139,22,344872,331572,36592,89664,2.626188062349512,0.212859299774948
4546,0.4553,14,94,14,344966,331478,36606,89650,2.625443543277151,0.21288064436465873
4547,0.4554,24,142,24,345108,331336,36630,89626,2.6243188442529464,0.2129075783562412
4548,0.4555,20,130,20,345238,331206,36650,89606,2.6232891902167026,0.21293594289136242
4549,0.4556,14,91,14,345329,331115,36664,89592,2.622568432391332,0.21295581010061634
4550,0.4557,13,100,13,345429,331015,36677,89579,2.6217763908249907,0.21298211576960205
4551,0.4558,13,96,13,345525,330919,36690,89566,2.621016030921303,0.21300640926549105
4552,0.4559,43,240,43,345765,330679,36733,89523,2.6191151311620833,0.21304753428113146
4553,0.456,27,182,27,345947,330497,36760,89496,2.6176736155113423,0.21308926577347717
4554,0.4561,29,181,29,346128,330316,36789,89467,2.616240020276264,0.21312678217078823
4555,0.4562,21,134,21,346262,330182,36810,89446,2.6151786845773666,0.21315546150399878
4556,0.4563,34,176,34,346438,330006,36844,89412,2.6137846914206055,0.21318112241248588
4557,0.4564,15,157,15,346595,329849,36859,89397,2.6125411861614496,0.21323280365227099
4558,0.4565,24,149,24,346744,329700,36883,89373,2.611361044227601,0.21326356028663265
4559,0.4566,22,159,22,346903,329541,36905,89351,2.610101698137118,0.2133031903211329
4560,0.4567,20,118,20,347021,329423,36925,89331,2.609167089088835,0.21332572345577594
4561,0.4568,14,93,14,347114,329330,36939,89317,2.608430490432138,0.21334680530375233
4562,0.4569,16,114,16,347228,329216,36955,89301,2.6075275630465087,0.2133748449883756
4563,0.457,8,114,8,347342,329102,36963,89293,2.6066246356608795,0.21341794237502837
4564,0.4571,29,138,29,347480,328964,36992,89264,2.6055316182993282,0.21343382078674789
4565,0.4572,15,63,15,347543,328901,37007,89249,2.6050326321125334,0.21343776156881503
4566,0.4573,14,70,14,347613,328831,37021,89235,2.6044782030160945,0.2134471590610095
4567,0.4574,18,88,18,347701,328743,37039,89217,2.6037812064377137,0.213458225667528
4568,0.4575,44,193,44,347894,328550,37083,89173,2.602252566214675,0.2134740007133914
4569,0.4576,16,106,16,348000,328444,37099,89157,2.601413002154353,0.21349805196826635
4570,0.4577,28,138,28,348138,328306,37127,89129,2.600319984792802,0.2135158767233222
4571,0.4578,14,123,14,348261,328183,37141,89115,2.599345773666202,0.2135524253650868
4572,0.4579,15,128,15,348389,328055,37156,89100,2.598331960461285,0.21358967290335726
4573,0.458,36,213,36,348602,327842,37192,89064,2.5966449119249777,0.21363089041654473
4574,0.4581,11,106,11,348708,327736,37203,89053,2.595805347864656,0.21366446811216228
4575,0.4582,19,121,19,348829,327615,37222,89034,2.5948469775693828,0.21369066048400454
4576,0.4583,41,161,41,348990,327454,37263,88993,2.593571790647573,0.21369586045763325
4577,0.4584,14,122,14,349112,327332,37277,88979,2.592605499936637,0.21373204167077017
4578,0.4585,17,137,17,349249,327195,37294,88962,2.591520402990749,0.2137702838111578
4579,0.4586,17,117,17,349366,327078,37311,88945,2.5905937143581297,0.21379827557610998
4580,0.4587,19,136,19,349502,326942,37330,88926,2.589516537827905,0.21383227370223243
4581,0.4588,27,200,27,349702,326742,37357,88899,2.5879324546952223,0.2138840970934051
4582,0.4589,26,200,26,349902,326542,37383,88873,2.5863483715625395,0.2139378693595561
4583,0.459,29,190,29,350092,326352,37412,88844,2.584843492586491,0.2139808668676962
4584,0.4591,20,76,20,350168,326276,37432,88824,2.5842415409960715,0.2139821729703686
4585,0.4592,20,138,20,350306,326138,37452,88804,2.58314852363452,0.21401545276207276
4586,0.4593,19,163,19,350469,325975,37471,88785,2.581857495881384,0.21406355482688783
4587,0.4594,27,179,27,350648,325796,37498,88758,2.5804397414776328,0.21410479696251875
4588,0.4595,4,39,4,350687,325757,37502,88754,2.5801308452667597,0.214117357561078
4589,0.4596,16,91,16,350778,325666,37518,88738,2.579410087441389,0.21413403345527554
4590,0.4597,22,182,22,350960,325484,37540,88716,2.5779685717906475,0.21418638338966683
4591,0.4598,19,157,19,351117,325327,37559,88697,2.5767250665314916,0.21423154213282322
4592,0.4599,18,63,18,351180,325264,37577,88679,2.5762260803446964,0.21422997852361317
4593,0.46,17,105,17,351285,325159,37594,88662,2.575394436700038,0.21425205584056875
4594,0.4601,30,147,30,351432,325012,37624,88632,2.5742301355975163,0.2142712090589976
4595,0.4602,8,107,8,351539,324905,37632,88624,2.573382651121531,0.21431145095023565
4596,0.4603,17,101,17,351640,324804,37649,88607,2.572582689139526,0.21433150061319123
4597,0.4604,38,240,38,351880,324564,37687,88569,2.570681789380307,0.2143837456702805
4598,0.4605,8,50,8,351930,324514,37695,88561,2.570285768597136,0.21439448042123102
4599,0.4606,41,210,41,352140,324304,37736,88520,2.568622481307819,0.21442551789624634
4600,0.4607,26,129,26,352269,324175,37762,88494,2.5676007476872384,0.21444305242215916
4601,0.4608,25,127,25,352396,324048,37787,88469,2.566594854897985,0.21446146461842786
4602,0.4609,22,202,22,352598,323846,37809,88447,2.5649949309339752,0.21452462205276346
4603,0.461,29,168,29,352766,323678,37838,88418,2.5636643011025217,0.21455680229849355
4604,0.4611,18,183,18,352949,323495,37856,88400,2.562214865036117,0.21461780308088227
4605,0.4612,28,230,28,353179,323265,37884,88372,2.560393169433532,0.21468429708699655
4606,0.4613,20,104,20,353283,323161,37904,88352,2.5595694462045366,0.21470038613603945
4607,0.4614,19,143,19,353426,323018,37923,88333,2.5584368267646687,0.2147387510909175
4608,0.4615,23,204,23,353630,322814,37946,88310,2.556821061969332,0.21480137379476752
4609,0.4616,17,108,17,353738,322706,37963,88293,2.5559656570776834,0.2148253402076404
4610,0.4617,25,121,25,353859,322585,37988,88268,2.5550072867824105,0.21484083114885372
4611,0.4618,10,82,10,353941,322503,37998,88258,2.55435781269801,0.21486460496493096
4612,0.4619,35,205,35,354146,322298,38033,88223,2.5527341274870103,0.2149049622309212
4613,0.462,10,25,10,354171,322273,38043,88213,2.5525361170954253,0.21489892468927077
4614,0.4621,26,125,26,354296,322148,38069,88187,2.5515460651374986,0.21491464291371684
4615,0.4622,37,209,37,354505,321939,38106,88150,2.549890698263845,0.2149533393970577
4616,0.4623,21,137,21,354642,321802,38127,88129,2.548805601317957,0.2149849608836609
4617,0.4624,13,57,13,354699,321745,38140,88116,2.5483541376251426,0.21498996001083295
4618,0.4625,24,126,24,354825,321619,38164,88092,2.5473561652515526,0.21501009247982114
4619,0.4626,12,62,12,354887,321557,38176,88080,2.5468650994804207,0.21501963933921986
4620,0.4627,12,86,12,354973,321471,38188,88068,2.546183943733367,0.21504179089170994
4621,0.4628,17,125,17,355098,321346,38205,88051,2.5451938917754404,0.21507485399257933
4622,0.4629,31,160,31,355258,321186,38236,88020,2.543926625269294,0.21509948534478968
4623,0.463,21,149,21,355407,321037,38257,87999,2.5427464833354456,0.2151375429057589
4624,0.4631,6,86,6,355493,320951,38263,87993,2.542065327588392,0.21517127039399037
4625,0.4632,37,279,37,355772,320672,38300,87956,2.5398555316182994,0.21524711962958976
4626,0.4633,29,141,29,355913,320531,38329,87927,2.538738753009758,0.21526570663324013
4627,0.4634,45,263,45,356176,320268,38374,87882,2.53665568369028,0.21531789783167954
4628,0.4635,15,74,15,356250,320194,38389,87867,2.5360695729311873,0.21532810045556913
4629,0.4636,11,85,11,356335,320109,38400,87856,2.5353963375997974,0.2153518071403184
4630,0.4637,47,232,47,356567,319877,38447,87809,2.5335588011658854,0.21538389839239022
4631,0.4638,20,117,20,356684,319760,38467,87789,2.532632112533266,0.21540722710643384
4632,0.4639,10,65,10,356749,319695,38477,87779,2.532117285515144,0.2154223336949106
4633,0.464,9,88,9,356837,319607,38486,87770,2.531420288936763,0.21545153506457163
4634,0.4641,26,154,26,356991,319453,38512,87744,2.5302005449245977,0.21548292349894524
4635,0.4642,49,303,49,357294,319150,38561,87695,2.5278006589785833,0.21554891912153276
4636,0.4643,4,61,4,357355,319089,38565,87691,2.5273175136231147,0.2155735286887261
4637,0.4644,12,55,12,357410,319034,38577,87679,2.526881890761627,0.21557953642986577
4638,0.4645,40,214,40,357624,318820,38617,87639,2.5251869218096568,0.2156158431723741
4639,0.4646,55,237,55,357861,318583,38672,87584,2.5233097832974276,0.21563544059463224
4640,0.4647,37,228,37,358089,318355,38709,87547,2.521503928526169,0.2156850668387936
4641,0.4648,17,119,17,358208,318236,38726,87530,2.5205613990622227,0.21571546162073707
4642,0.4649,20,126,20,358334,318110,38746,87510,2.5195634266886326,0.21574379961540358
4643,0.465,35,241,35,358575,317869,38781,87475,2.5176546065137497,0.21580435383279387
4644,0.4651,19,136,19,358711,317733,38800,87456,2.5165774299835255,0.21584001540022063
4645,0.4652,22,104,22,358815,317629,38822,87434,2.5157537067545306,0.21585284264423066
4646,0.4653,18,96,18,358911,317533,38840,87416,2.5149933468508427,0.21586915883234678
4647,0.4654,16,131,16,359042,317402,38856,87400,2.5139557723989356,0.21590802416984106
4648,0.4655,5,48,5,359090,317354,38861,87395,2.5135755924470917,0.21592394298688816
4649,0.4656,12,85,12,359175,317269,38873,87383,2.5129023571157014,0.21594604746794777
4650,0.4657,9,80,9,359255,317189,38882,87374,2.5122687238626282,0.2159713073118402
4651,0.4658,20,134,20,359389,317055,38902,87354,2.5112073881637307,0.21600409486435762
4652,0.4659,29,139,29,359528,316916,38931,87325,2.5101064503865165,0.21602212541528445
4653,0.466,13,144,13,359672,316772,38944,87312,2.5089659105309847,0.21607388562774077
4654,0.4661,19,96,19,359768,316676,38963,87293,2.508205550627297,0.21608836321598934
4655,0.4662,23,159,23,359927,316517,38986,87270,2.5069462045368143,0.21612880058050407
4656,0.4663,14,91,14,360018,316426,39000,87256,2.5062254467114435,0.2161503361556869
4657,0.4664,19,117,19,360135,316309,39019,87237,2.505298758078824,0.21617609888339867
4658,0.4665,33,219,33,360354,316090,39052,87204,2.503564187048536,0.2162293512921095
4659,0.4666,17,85,17,360439,316005,39069,87187,2.5028909517171463,0.21624188972003414
4660,0.4667,14,86,14,360525,315919,39083,87173,2.5022097959700926,0.21626080398519446
4661,0.4668,10,67,10,360592,315852,39093,87163,2.5016791281206436,0.2162773097775517
4662,0.4669,9,81,9,360673,315771,39102,87154,2.501037574451907,0.2163032822485574
4663,0.467,12,83,12,360756,315688,39114,87142,2.500380179951844,0.2163245041332572
4664,0.4671,27,201,27,360957,315487,39141,87115,2.498788176403498,0.21637994843542754
4665,0.4672,9,99,9,361056,315388,39150,87106,2.4980040552528195,0.21641564843202632
4666,0.4673,18,75,18,361131,315313,39168,87088,2.4974100240780635,0.21642093334758114
4667,0.4674,24,106,24,361237,315207,39192,87064,2.496570460017742,0.2164312117950337
4668,0.4675,32,225,32,361462,314982,39224,87032,2.4947883664934736,0.2164899729860154
4669,0.4676,17,87,17,361549,314895,39241,87015,2.4940992903307566,0.21650369485705756
4670,0.4677,13,106,13,361655,314789,39254,87002,2.4932597262704346,0.21653546246680488
4671,0.4678,26,169,26,361824,314620,39280,86976,2.4919211760233178,0.21657586230938555
4672,0.4679,10,85,10,361909,314535,39290,86966,2.4912479406919275,0.21660220024358595
4673,0.468,22,169,22,362078,314366,39312,86944,2.4899093904448106,0.2166504697116942
4674,0.4681,18,103,18,362181,314263,39330,86926,2.489093587631479,0.2166709456141619
4675,0.4682,12,115,12,362296,314148,39342,86914,2.488182739830186,0.21670963591664133
4676,0.4683,26,129,26,362425,314019,39368,86888,2.4871610062096057,0.2167285679721232
4677,0.4684,20,154,20,362579,313865,39388,86868,2.48594126219744,0.21677276391013467
4678,0.4685,18,113,18,362692,313752,39406,86850,2.4850462552274744,0.21679871792951608
4679,0.4686,22,135,22,362827,313617,39428,86828,2.4839769991129135,0.21682877798449227
4680,0.4687,14,143,14,362970,313474,39442,86814,2.482844379673045,0.2168788472299944
4681,0.4688,17,86,17,363056,313388,39459,86797,2.4821632239259914,0.21689218736334445
4682,0.4689,36,201,36,363257,313187,39495,86761,2.4805712203776453,0.21693070099112885
4683,0.469,12,121,12,363378,313066,39507,86749,2.4796128500823724,0.21697284994309868
4684,0.4691,5,57,5,363435,313009,39512,86744,2.4791613863895576,0.21699399379116605
4685,0.4692,36,278,36,363713,312731,39548,86708,2.4769595108351288,0.21707444691179378
4686,0.4693,24,126,24,363839,312605,39572,86684,2.4759615384615383,0.2170958879408148
4687,0.4694,47,237,47,364076,312368,39619,86637,2.474084399949309,0.21713261738574705
4688,0.4695,12,78,12,364154,312290,39631,86625,2.473466607527563,0.21715152350751413
4689,0.4696,34,144,34,364298,312146,39665,86591,2.4723260676720313,0.21716319278120666
4690,0.4697,19,123,19,364421,312023,39684,86572,2.4713518565454313,0.21719289002621708
4691,0.4698,18,119,18,364540,311904,39702,86554,2.470409327081485,0.21722239232240287
4692,0.4699,26,146,26,364686,311758,39728,86528,2.4692529463946267,0.2172509201930271
4693,0.47,12,124,12,364810,311634,39740,86516,2.4682708148523633,0.21729498932563104
4694,0.4701,23,156,23,364966,311478,39763,86493,2.4670352300088707,0.217334931439728
4695,0.4702,17,99,17,365065,311379,39780,86476,2.466251108858193,0.21735556924004976
4696,0.4703,27,186,27,365251,311193,39807,86449,2.464777911544798,0.21740409715271525
4697,0.4704,12,103,12,365354,311090,39819,86437,2.463962108731466,0.21743680303476243
4698,0.4705,25,159,25,365513,310931,39844,86412,2.4627027626409834,0.217474574863531
4699,0.4706,21,117,21,365630,310814,39865,86391,2.461776074008364,0.2174972621190569
4700,0.4707,24,122,24,365752,310692,39889,86367,2.4608097832974276,0.217516792214759
4701,0.4708,26,129,26,365881,310563,39915,86341,2.459788049676847,0.21753623042347772
4702,0.4709,16,70,16,365951,310493,39931,86325,2.459233620580408,0.21754305500254525
4703,0.471,33,192,33,366143,310301,39964,86292,2.4577129007730325,0.21758326546358608
4704,0.4711,16,111,16,366254,310190,39980,86276,2.456833734634394,0.2176126073862576
4705,0.4712,14,82,14,366336,310108,39994,86262,2.4561842605499935,0.21762999217902465
4706,0.4713,30,169,30,366505,309939,40024,86232,2.4548457103028767,0.21766358466419802
4707,0.4714,9,93,9,366598,309846,40033,86223,2.4541091116461793,0.21769691644637676
4708,0.4715,26,218,26,366816,309628,40059,86197,2.4523824610315548,0.21776542664056087
4709,0.4716,28,157,28,366973,309471,40087,86169,2.451138955772399,0.21779648164998483
4710,0.4717,35,236,35,367209,309235,40122,86134,2.4492697376758334,0.21785724222182315
4711,0.4718,22,171,22,367380,309064,40144,86112,2.4479153465973895,0.21790797011964289
4712,0.4719,31,235,31,367615,308829,40175,86081,2.446054048916487,0.2179762477526525
4713,0.472,19,92,19,367707,308737,40194,86062,2.445325370675453,0.2179894072680022
4714,0.4721,17,127,17,367834,308610,40211,86045,2.4443194778861996,0.2180258706971912
4715,0.4722,23,167,23,368001,308443,40234,86022,2.4429967684704095,0.21807257931628915
4716,0.4723,13,79,13,368080,308364,40247,86009,2.4423710556329996,0.21809048793908306
4717,0.4724,22,114,22,368194,308250,40269,85987,2.4414681282473705,0.218109918652993
4718,0.4725,30,217,30,368411,308033,40299,85957,2.4397493980484097,0.21817051194192746
4719,0.4726,8,68,8,368479,307965,40307,85949,2.4392108097832974,0.21819229578029722
4720,0.4727,21,180,21,368659,307785,40328,85928,2.437785134963883,0.2182503498741469
4721,0.4728,23,137,23,368796,307648,40351,85905,2.436700038017995,0.21828063818596224
4722,0.4729,5,36,5,368832,307612,40356,85900,2.4364149030541125,0.2182906747443534
4723,0.473,37,134,37,368966,307478,40393,85863,2.435353567355215,0.21829150787738882
4724,0.4731,36,164,36,369130,307314,40429,85827,2.4340546191864147,0.21831098766091556
4725,0.4732,29,138,29,369268,307176,40458,85798,2.432961601824864,0.21832996585015801
4726,0.4733,62,393,62,369661,306783,40520,85736,2.429848878469142,0.218425095345703
4727,0.4734,21,185,21,369846,306598,40541,85715,2.4283836015714106,0.21848625969570215
4728,0.4735,17,128,17,369974,306470,40558,85698,2.4273697883664935,0.21852369392709248
4729,0.4736,12,78,12,370052,306392,40570,85686,2.426751995944747,0.21854324904738343
4730,0.4737,36,212,36,370264,306180,40606,85650,2.4250728678241034,0.2185896945103744
4731,0.4738,31,188,31,370452,305992,40637,85619,2.4235838296793815,0.21863277589240343
4732,0.4739,36,122,36,370574,305870,40673,85583,2.4226175389684452,0.21862905636181099
4733,0.474,23,172,23,370746,305698,40696,85560,2.421255227474338,0.2186792346737958
4734,0.4741,13,93,13,370839,305605,40709,85547,2.4205186288176406,0.21870526035914428
4735,0.4742,30,129,30,370968,305476,40739,85517,2.41949689519706,0.2187174706452545
4736,0.4743,22,140,22,371108,305336,40761,85495,2.418388037004182,0.21875183903016904
4737,0.4744,19,103,19,371211,305233,40780,85476,2.4175722341908505,0.2187715153733341
4738,0.4745,21,84,21,371295,305149,40801,85455,2.4169069192751236,0.21877656142794236
4739,0.4746,45,224,45,371519,304925,40846,85410,2.4151327461665186,0.21881204606299717
4740,0.4747,27,157,27,371676,304768,40873,85383,2.4138892409073627,0.21884603653457252
4741,0.4748,21,156,21,371832,304612,40894,85362,2.41265365606387,0.21889151584464606
4742,0.4749,28,180,28,372012,304432,40922,85334,2.4112279812444557,0.21893649009918772
4743,0.475,15,88,15,372100,304344,40937,85319,2.4105309846660754,0.2189558669927604
4744,0.4751,34,167,34,372267,304177,40971,85285,2.4092082752502852,0.2189815694470834
4745,0.4752,20,103,20,372370,304074,40991,85265,2.4083924724369536,0.21899938100216007
4746,0.4753,8,85,8,372455,303989,40999,85257,2.4077192371055633,0.21903115253592845
4747,0.4754,21,145,21,372600,303844,41020,85236,2.4065707768343683,0.21907062814845277
4748,0.4755,27,131,27,372731,303713,41047,85209,2.405533202382461,0.21909020317698666
4749,0.4756,21,97,21,372828,303616,41068,85188,2.40476492206311,0.2191026841287641
4750,0.4757,56,322,56,373150,303294,41124,85132,2.4022145482194905,0.2191717341269637
4751,0.4758,13,93,13,373243,303201,41137,85119,2.401477949562793,0.21919808405438812
4752,0.4759,21,171,21,373414,303030,41158,85098,2.400123558484349,0.2192524115755627
4753,0.476,35,186,35,373600,302844,41193,85063,2.3986503611709544,0.21928709716504213
4754,0.4761,37,177,37,373777,302667,41230,85026,2.39724844759853,0.21931270360826738
4755,0.4762,36,197,36,373974,302470,41266,84990,2.3956881257128373,0.2193516750116141
4756,0.4763,12,42,12,374016,302428,41278,84978,2.395355468254974,0.21935127488990877
4757,0.4764,8,69,8,374085,302359,41286,84970,2.3948089595741986,0.21937422707827195
4758,0.4765,23,142,23,374227,302217,41309,84947,2.3936842605499935,0.2194083127563513
4759,0.4766,12,73,12,374300,302144,41321,84935,2.3931060702065645,0.21942549195383887
4760,0.4767,14,77,14,374377,302067,41335,84921,2.3924961982004818,0.21944091289652393
4761,0.4768,9,62,9,374439,302005,41344,84912,2.39200513242935,0.21945791991564081
4762,0.4769,15,77,15,374516,301928,41359,84897,2.391395260423267,0.21947133716797002
4763,0.477,30,113,30,374629,301815,41389,84867,2.3905002534533013,0.2194749173739662
4764,0.4771,4,48,4,374677,301767,41393,84863,2.3901200735014574,0.21949408995680625
4765,0.4772,17,142,17,374819,301625,41410,84846,2.3889953744772527,0.2195404053602987
4766,0.4773,34,186,34,375005,301439,41444,84812,2.3875221771638575,0.21957742504226527
4767,0.4774,25,124,25,375129,301315,41469,84787,2.386540045621594,0.2195974120828175
4768,0.4775,6,40,6,375169,301275,41475,84781,2.386223228995058,0.21960803613983462
4769,0.4776,12,83,12,375252,301192,41487,84769,2.385565834494994,0.21963099898694427
4770,0.4777,18,109,18,375361,301083,41505,84751,2.384702509187682,0.21965663990213408
4771,0.4778,15,91,15,375452,300992,41520,84736,2.3839817513623114,0.21967811514849842
4772,0.4779,23,151,23,375603,300841,41543,84713,2.382785768597136,0.21971760116611422
4773,0.478,18,81,18,375684,300760,41561,84695,2.3821442149283993,0.21972733522719903
4774,0.4781,4,50,4,375734,300710,41565,84691,2.3817481941452288,0.2197477432596179
4775,0.4782,30,155,30,375889,300555,41595,84661,2.3805205297173995,0.2197753987373318
4776,0.4783,21,134,21,376023,300421,41616,84640,2.379459194018502,0.2198093289115231
4777,0.4784,9,63,9,376086,300358,41625,84631,2.378960207831707,0.2198270599939219
4778,0.4785,25,79,25,376165,300279,41650,84606,2.3783344949942973,0.21982150512490745
4779,0.4786,22,182,22,376347,300097,41672,84584,2.376892979343556,0.21988088832045252
4780,0.4787,17,72,17,376419,300025,41689,84567,2.37632270941579,0.21988756916420518
4781,0.4788,35,164,35,376583,299861,41724,84532,2.3750237612469904,0.21991035216562216
4782,0.4789,20,97,20,376680,299764,41744,84512,2.3742554809276393,0.219925262051234
4783,0.479,30,203,30,376883,299561,41774,84482,2.372647636547966,0.2199805750918517
4784,0.4791,21,100,21,376983,299461,41795,84461,2.3718555949816245,0.2199952073598283
4785,0.4792,23,132,23,377115,299329,41818,84438,2.370810100114054,0.22002412922424283
4786,0.4793,10,77,10,377192,299252,41828,84428,2.3702002281079713,0.22004795663052543
4787,0.4794,28,128,28,377320,299124,41856,84400,2.369186414903054,0.22006445489721635
4788,0.4795,35,179,35,377499,298945,41891,84365,2.367768660499303,0.220096005843834
4789,0.4796,10,68,10,377567,298877,41901,84355,2.367230072234191,0.22011470858383433
4790,0.4797,25,168,25,377735,298709,41926,84330,2.3658994424027373,0.22016034920726088
4791,0.4798,12,50,12,377785,298659,41938,84318,2.3655034216195667,0.220164657407625
4792,0.4799,35,180,35,377965,298479,41973,84283,2.364077746800152,0.22019688474822474
4793,0.48,12,95,12,378060,298384,41985,84271,2.363325307312128,0.22022709751603925
4794,0.4801,15,93,15,378153,298291,42000,84256,2.36258870865543,0.22025006077684572
4795,0.4802,28,103,28,378256,298188,42028,84228,2.3617729058420984,0.22025229069913393
4796,0.4803,36,158,36,378414,298030,42064,84192,2.360521480167279,0.2202698955057532
4797,0.4804,34,212,34,378626,297818,42098,84158,2.3588423520466355,0.22032274279012293
4798,0.4805,22,147,22,378773,297671,42120,84136,2.3576780509441138,0.22036264395362054
4799,0.4806,21,117,21,378890,297554,42141,84115,2.356751362311494,0.2203872989422772
4800,0.4807,25,189,25,379079,297365,42166,84090,2.355254403751109,0.22044539985057215
4801,0.4808,30,217,30,379296,297148,42196,84060,2.353535673552148,0.22050953809993495
4802,0.4809,21,165,21,379461,296983,42217,84039,2.3522288049676847,0.22056206728220418
4803,0.481,56,273,56,379734,296710,42273,83983,2.3500665314915725,0.2206055798241628
4804,0.4811,33,186,33,379920,296524,42306,83950,2.3485933341781777,0.22064582599599447
4805,0.4812,34,143,34,380063,296381,42340,83916,2.3474607147383093,0.22065911642742383
4806,0.4813,32,204,32,380267,296177,42372,83884,2.345844949942973,0.22071193834673908
4807,0.4814,27,122,27,380389,296055,42399,83857,2.3448786592320365,0.2207274316157426
4808,0.4815,8,82,8,380471,295973,42407,83849,2.3442291851476367,0.22075867116702033
4809,0.4816,47,206,47,380677,295767,42454,83802,2.3425975795209735,0.22078199220695052
4810,0.4817,26,171,26,380848,295596,42480,83776,2.3412431884425295,0.22082810539523212
4811,0.4818,7,42,7,380890,295554,42487,83769,2.340910530984666,0.22083817748989648
4812,0.4819,15,124,15,381014,295430,42502,83754,2.3399283994424027,0.22087957297776278
4813,0.482,45,196,45,381210,295234,42547,83709,2.3383759979723737,0.2209012965010569
4814,0.4821,29,133,29,381343,295101,42576,83680,2.3373225826891395,0.22091921189288796
4815,0.4822,19,132,19,381475,294969,42595,83661,2.336277087821569,0.22095713493384042
4816,0.4823,25,136,25,381611,294833,42620,83636,2.3351999112913444,0.2209850740747591
4817,0.4824,11,70,11,381681,294763,42631,83625,2.3346454821949054,0.22100330877300547
4818,0.4825,27,157,27,381838,294606,42658,83598,2.3334019769357495,0.22103943903290288
4819,0.4826,38,186,38,382024,294420,42696,83560,2.3319287796223547,0.22106989787819462
4820,0.4827,28,135,28,382159,294285,42724,83532,2.330859523507794,0.2210911631821755
4821,0.4828,22,179,22,382338,294106,42746,83510,2.3294417691040428,0.2211505868395407
4822,0.4829,20,91,20,382429,294015,42766,83490,2.328721011278672,0.22116263360750188
4823,0.483,17,115,17,382544,293900,42783,83473,2.327810163477379,0.22119494505436266
4824,0.4831,10,71,10,382615,293829,42793,83463,2.327247813965277,0.22121592824655703
4825,0.4832,27,202,27,382817,293627,42820,83436,2.3256478900012674,0.22127867226431658
4826,0.4833,26,96,26,382913,293531,42846,83410,2.3248875300975795,0.22128131458238823
4827,0.4834,11,130,11,383043,293401,42857,83399,2.3238578760613358,0.22133492569002122
4828,0.4835,10,76,10,383119,293325,42867,83389,2.3232559244709163,0.22135890888047696
4829,0.4836,25,160,25,383279,293165,42892,83364,2.32198865796477,0.2214012732087037
4830,0.4837,19,79,19,383358,293086,42911,83345,2.32136294512736,0.22140843873113533
4831,0.4838,30,103,30,383461,292983,42941,83315,2.3205471423140285,0.22140697000781295
4832,0.4839,14,76,14,383537,292907,42955,83301,2.319945190723609,0.2214227235997108
4833,0.484,28,160,28,383697,292747,42983,83273,2.318677924217463,0.22145896494867295
4834,0.4841,19,109,19,383806,292638,43002,83254,2.3178145989101506,0.2214838304619412
4835,0.4842,10,74,10,383880,292564,43012,83244,2.3172284881510583,0.22150672683923706
4836,0.4843,22,114,22,383994,292450,43034,83222,2.316325560765429,0.22152835452202985
4837,0.4844,42,199,42,384193,292251,43076,83180,2.3147493980484097,0.2215586885472963
4838,0.4845,31,127,31,384320,292124,43107,83149,2.313743505259156,0.22156936416955123
4839,0.4846,10,80,10,384400,292044,43117,83139,2.3131098720060828,0.22159586121972477
4840,0.4847,28,115,28,384515,291929,43145,83111,2.3121990242047903,0.22160569539249148
4841,0.4848,23,115,23,384630,291814,43168,83088,2.311288176403498,0.22162591823996672
4842,0.4849,17,107,17,384737,291707,43185,83071,2.3104406919275124,0.22165388576704076
4843,0.485,15,111,15,384848,291596,43200,83056,2.3095615257888733,0.2216883934958308
4844,0.4851,15,125,15,384973,291471,43215,83041,2.3085714738309466,0.2217312128850344
4845,0.4852,11,101,11,385074,291370,43226,83030,2.3077715118489417,0.22176816239316238
4846,0.4853,8,70,8,385144,291300,43234,83022,2.3072170827525027,0.22179300174715885
4847,0.4854,27,177,27,385321,291123,43261,82995,2.305815169180079,0.22184177184738504
4848,0.4855,9,76,9,385397,291047,43270,82986,2.305213217589659,0.22186812393558858
4849,0.4856,13,67,13,385464,290980,43283,82973,2.3046825497402104,0.22188082459560426
4850,0.4857,26,114,26,385578,290866,43309,82947,2.3037796223545812,0.2218943696447154
4851,0.4858,28,159,28,385737,290707,43337,82919,2.302520276264098,0.221930486636369
4852,0.4859,16,129,16,385866,290578,43353,82903,2.3014985426435177,0.22197380857393012
4853,0.486,22,117,22,385983,290461,43375,82881,2.3005718540108986,0.22199752505745401
4854,0.4861,10,63,10,386046,290398,43385,82871,2.3000728678241034,0.2220141506527464
4855,0.4862,18,97,18,386143,290301,43403,82853,2.299304587504752,0.2220343343498931
4856,0.4863,24,164,24,386307,290137,43427,82829,2.2980056393359525,0.22208190558924942
4857,0.4864,21,100,21,386407,290037,43448,82808,2.297213597769611,0.22209765452131583
4858,0.4865,31,116,31,386523,289921,43479,82777,2.296294829552655,0.2221020772850941
4859,0.4866,17,132,17,386655,289789,43496,82760,2.295249334685084,0.2221452748497513
4860,0.4867,31,188,31,386843,289601,43527,82729,2.2937602965403623,0.2221926785378562
4861,0.4868,30,157,30,387000,289444,43557,82699,2.2925167912812063,0.22222371507726868
4862,0.4869,4,55,4,387055,289389,43561,82695,2.2920811684197187,0.22224820201889897
4863,0.487,34,120,34,387175,289269,43595,82661,2.291130718540109,0.22224881025999516
4864,0.4871,19,73,19,387248,289196,43614,82642,2.2905525281966796,0.22225270144525305
4865,0.4872,22,163,22,387411,289033,43636,82620,2.2892615004435433,0.22230413853782965
4866,0.4873,12,99,12,387510,288934,43648,82608,2.2884773792928654,0.2223382551636154
4867,0.4874,21,90,21,387600,288844,43669,82587,2.287764541883158,0.22234816156971282
4868,0.4875,21,127,21,387727,288717,43690,82566,2.2867586490939042,0.2223802328681895
4869,0.4876,40,221,40,387948,288496,43730,82526,2.2850082372322897,0.22242885866606293
4870,0.4877,21,109,21,388057,288387,43751,82505,2.2841449119249777,0.22245020113671904
4871,0.4878,23,145,23,388202,288242,43774,82482,2.2829964516537826,0.22248896753379874
4872,0.4879,16,122,16,388324,288120,43790,82466,2.2820301609428464,0.2225286438235659
4873,0.488,20,121,20,388445,287999,43810,82446,2.281071790647573,0.22255935429011053
4874,0.4881,27,229,27,388674,287770,43837,82419,2.2792580154606514,0.22264032696811628
4875,0.4882,29,189,29,388863,287581,43866,82390,2.277761056900266,0.22269313000208124
4876,0.4883,13,93,13,388956,287488,43879,82377,2.277024458243569,0.2227218039014235
4877,0.4884,13,143,13,389099,287345,43892,82364,2.2758918388037004,0.22278061935197682
4878,0.4885,6,62,6,389161,287283,43898,82358,2.275400773032569,0.22280537061635478
4879,0.4886,15,46,15,389207,287237,43913,82343,2.2750364339120517,0.22280155852589426
4880,0.4887,30,149,30,389356,287088,43943,82313,2.273856291978203,0.2228283085319206
4881,0.4888,25,236,25,389592,286852,43968,82288,2.2719870738816375,0.22291813404128516
4882,0.4889,13,106,13,389698,286746,43981,82275,2.2711475098213154,0.22295479119074524
4883,0.489,48,293,48,389991,286453,44029,82227,2.2688268280319352,0.223030812628838
4884,0.4891,9,51,9,390042,286402,44038,82218,2.268422886833101,0.22304269979925126
4885,0.4892,28,139,28,390181,286263,44066,82190,2.2673219490558862,0.22306779969222668
4886,0.4893,40,216,40,390397,286047,44106,82150,2.265611139272589,0.22311425677015292
4887,0.4894,19,84,19,390481,285963,44125,82131,2.2649458243568623,0.22312507131330583
4888,0.4895,11,115,11,390596,285848,44136,82120,2.26403497655557,0.22317158013740326
4889,0.4896,23,123,23,390719,285725,44159,82097,2.26306076542897,0.22319763363800968
4890,0.4897,25,173,25,390892,285552,44184,82072,2.2616905335191992,0.22324984223010466
4891,0.4898,31,166,31,391058,285386,44215,82041,2.2603757445190724,0.22328516957109848
4892,0.4899,26,176,26,391234,285210,44241,82015,2.2589817513623114,0.2233371910953775
4893,0.49,10,68,10,391302,285142,44251,82005,2.2584431630971995,0.22335740180363722
4894,0.4901,16,111,16,391413,285031,44267,81989,2.2575639969585604,0.22339109585308703
4895,0.4902,12,98,12,391511,284933,44279,81977,2.256787796223546,0.22342536316807937
4896,0.4903,8,67,8,391578,284866,44287,81969,2.256257128374097,0.2234492346695381
4897,0.4904,12,61,12,391639,284805,44299,81957,2.2557739830186287,0.22346099105141753
4898,0.4905,18,75,18,391714,284730,44317,81939,2.2551799518438727,0.22346857792723138
4899,0.4906,35,165,35,391879,284565,44352,81904,2.2538730832594096,0.22349502959322617
4900,0.4907,31,218,31,392097,284347,44383,81873,2.252146432644785,0.22356233957730326
4901,0.4908,25,145,25,392242,284202,44408,81848,2.25099797237359,0.2235978691435596
4902,0.4909,11,69,11,392311,284133,44419,81837,2.250451463692815,0.22361668989261416
4903,0.491,30,161,30,392472,283972,44449,81807,2.249176276771005,0.22365143980381597
4904,0.4911,14,73,14,392545,283899,44463,81793,2.2485980864275756,0.22366636404405893
4905,0.4912,5,74,5,392619,283825,44468,81788,2.248011975668483,0.22370101719577806
4906,0.4913,29,197,29,392816,283628,44497,81759,2.2464516537827905,0.2237600133557023
4907,0.4914,29,175,29,392991,283453,44526,81730,2.245065581041693,0.2238055988367476
4908,0.4915,14,83,14,393074,283370,44540,81716,2.2444081865416297,0.22382671480144403
4909,0.4916,37,214,37,393288,283156,44577,81679,2.242713217589659,0.22387928789726863
4910,0.4917,22,84,22,393372,283072,44599,81657,2.2420479026739324,0.22388403444749388
4911,0.4918,44,204,44,393576,282868,44643,81613,2.240432137878596,0.2239156499241387
4912,0.4919,17,151,17,393727,282717,44660,81596,2.2392361551134203,0.22397224364763266
4913,0.492,36,117,36,393844,282600,44696,81560,2.2383094664808008,0.22396748681898065
4914,0.4921,42,245,42,394089,282355,44738,81518,2.2363689646432645,0.2240287133148104
4915,0.4922,23,94,23,394183,282261,44761,81495,2.2356244455709033,0.22403754164879755
4916,0.4923,27,179,27,394362,282082,44788,81468,2.2342066911671523,0.22409022142758905
4917,0.4924,36,175,36,394537,281907,44824,81432,2.232820618426055,0.22412127517277253
4918,0.4925,21,124,21,394661,281783,44845,81411,2.2318384868837917,0.22415293204182887
4919,0.4926,51,220,51,394881,281563,44896,81360,2.2300959954378405,0.22417978469262076
4920,0.4927,27,171,27,395052,281392,44923,81333,2.2287416043593966,0.2242277207250672
4921,0.4928,16,83,16,395135,281309,44939,81317,2.2280842098593334,0.2242448142163
4922,0.4929,25,159,25,395294,281150,44964,81292,2.226824863768851,0.22428967945216063
4923,0.493,21,97,21,395391,281053,44985,81271,2.2260565834494996,0.2243047659001336
4924,0.4931,19,90,19,395481,280963,45004,81252,2.2253437460397922,0.2243198100575625
4925,0.4932,15,77,15,395558,280886,45019,81237,2.2247338740337095,0.22433537775838597
4926,0.4933,31,144,31,395702,280742,45050,81206,2.2235933341781777,0.22435819509984858
4927,0.4934,13,67,13,395769,280675,45063,81193,2.2230626663287287,0.22437187040578332
4928,0.4935,40,236,40,396005,280439,45103,81153,2.2211934482321634,0.22443250956879576
4929,0.4936,31,165,31,396170,280274,45134,81122,2.2198865796477,0.2244684501211967
4930,0.4937,35,124,35,396294,280150,45169,81087,2.2189044481054365,0.22447036156318428
4931,0.4938,15,85,15,396379,280065,45184,81072,2.2182312127740462,0.22449098264647488
4932,0.4939,23,106,23,396485,279959,45207,81049,2.2173916487137246,0.22450749013872268
4933,0.494,7,35,7,396520,279924,45214,81042,2.217114434165505,0.22451422017586145
4934,0.4941,13,81,13,396601,279843,45227,81029,2.2164728804967684,0.2245366778248243
4935,0.4942,23,101,23,396702,279742,45250,81006,2.2156729185147634,0.22455010145586393
4936,0.4943,17,114,17,396816,279628,45267,80989,2.2147699911291343,0.22458453151127097
4937,0.4944,27,140,27,396956,279488,45294,80962,2.2136611329362563,0.22461367734775975
4938,0.4945,16,93,16,397049,279395,45310,80946,2.212924534279559,0.22463721863457115
4939,0.4946,33,181,33,397230,279214,45343,80913,2.2114909390444812,0.22467907154975883
4940,0.4947,24,126,24,397356,279088,45367,80889,2.210492966670891,0.2247060228847954
4941,0.4948,30,119,30,397475,278969,45397,80859,2.2095504372069446,0.22471569749991663
4942,0.4949,14,98,14,397573,278871,45411,80845,2.20877423647193,0.22474674465411604
4943,0.495,17,70,17,397643,278801,45428,80828,2.208219807375491,0.2247538435443193
4944,0.4951,9,88,9,397731,278713,45437,80819,2.2075228107971108,0.22478944850527907
4945,0.4952,29,150,29,397881,278563,45466,80790,2.2063347484475986,0.22482071945969562
4946,0.4953,24,175,24,398056,278388,45490,80766,2.204948675706501,0.2248784643913196
4947,0.4954,33,115,33,398171,278273,45523,80733,2.2040378279052084,0.22487924992897054
4948,0.4955,49,315,49,398486,277958,45572,80684,2.201542896971233,0.22497086230837438
4949,0.4956,37,149,37,398635,277809,45609,80647,2.2003627550373843,0.22498437744102484
4950,0.4957,19,136,19,398771,277673,45628,80628,2.19928557850716,0.22502867700620427
4951,0.4958,18,117,18,398888,277556,45646,80610,2.1983588898745405,0.2250632388333901
4952,0.4959,8,51,8,398939,277505,45654,80602,2.1979549486757066,0.22507797948657804
4953,0.496,34,165,34,399104,277340,45688,80568,2.196648080091243,0.22510812834583188
4954,0.4961,10,116,10,399220,277224,45698,80558,2.1957293118742873,0.2251594546399763
4955,0.4962,22,116,22,399336,277108,45720,80536,2.194810543657331,0.22518482065965037
4956,0.4963,16,91,16,399427,277017,45736,80520,2.1940897858319603,0.22520746104598965
4957,0.4964,19,104,19,399531,276913,45755,80501,2.1932660626029654,0.22523180401439227
4958,0.4965,25,123,25,399654,276790,45780,80476,2.1922918514763654,0.2252551320304759
4959,0.4966,46,212,46,399866,276578,45826,80430,2.1906127233557218,0.22528906915251198
4960,0.4967,29,124,29,399990,276454,45855,80401,2.1896305918134584,0.22530439534264618
4961,0.4968,34,195,34,400185,276259,45889,80367,2.1880861107590928,0.22535373192083583
4962,0.4969,10,63,10,400248,276196,45899,80357,2.1875871245722975,0.2253718241046913
4963,0.497,13,138,13,400386,276058,45912,80344,2.186494107210746,0.22543083372147182
4964,0.4971,32,173,32,400559,275885,45944,80312,2.1851238753009756,0.22547073669907383
4965,0.4972,19,136,19,400695,275749,45963,80293,2.1840466987707514,0.22551552906679548
4966,0.4973,32,139,32,400834,275610,45995,80261,2.1829457609935368,0.22553397157958924
4967,0.4974,5,57,5,400891,275553,46000,80256,2.1824942973007224,0.22555921856951341
4968,0.4975,17,112,17,401003,275441,46017,80239,2.18160721074642,0.22559322986954566
4969,0.4976,19,71,19,401074,275370,46036,80220,2.1810448612343176,0.22559689530076774
4970,0.4977,48,173,48,401247,275197,46084,80172,2.179674629324547,0.22560212061265894
4971,0.4978,36,199,36,401446,274998,46120,80136,2.1780984666075276,0.22565003632431702
4972,0.4979,41,245,41,401691,274753,46161,80095,2.1761579647699913,0.22571636306249437
4973,0.498,11,99,11,401790,274654,46172,80084,2.175373843619313,0.2257553461991667
4974,0.4981,14,52,14,401842,274602,46186,80070,2.174961982004816,0.22575788334010014
4975,0.4982,18,62,18,401904,274540,46204,80052,2.174470916233684,0.2257580543272268
4976,0.4983,24,97,24,402001,274443,46228,80028,2.1737026359143328,0.22576741115634283
4977,0.4984,19,109,19,402110,274334,46247,80009,2.1728393106070207,0.22579534518813693
4978,0.4985,32,109,32,402219,274225,46279,79977,2.1719759852997087,0.22579488540437379
4979,0.4986,29,153,29,402372,274072,46308,79948,2.170764161703206,0.22582904920625954
4980,0.4987,13,75,13,402447,273997,46321,79935,2.17017013052845,0.22584846806731237
4981,0.4988,8,67,8,402514,273930,46329,79927,2.1696394626790014,0.2258737286531
4982,0.4989,23,127,23,402641,273803,46352,79904,2.1686335698897476,0.22590449157070683
4983,0.499,12,100,12,402741,273703,46364,79892,2.1678415283234065,0.22594210890991107
4984,0.4991,13,83,13,402824,273620,46377,79879,2.167184133823343,0.2259666929750862
4985,0.4992,14,58,14,402882,273562,46391,79865,2.166724749714865,0.22597311467431747
4986,0.4993,39,179,39,403061,273383,46430,79826,2.165306995311114,0.22600216868766085
4987,0.4994,11,109,11,403170,273274,46441,79815,2.1644436700038017,0.22604782363653356
4988,0.4995,24,137,24,403307,273137,46465,79791,2.163358573057914,0.22608294042977606
4989,0.4996,17,104,17,403411,273033,46482,79774,2.162534849828919,0.22611229369031793
4990,0.4997,36,190,36,403601,272843,46518,79738,2.16102997085287,0.22615512463802645
4991,0.4998,21,123,21,403724,272720,46539,79717,2.1600557597262706,0.2261879428096369
4992,0.4999,31,163,31,403887,272557,46570,79686,2.158764731973134,0.2262245097844386
4993,0.5,48,233,48,404120,272324,46618,79638,2.1569192751235584,0.22626874492132673
4994,0.5001,18,94,18,404214,272230,46636,79620,2.1561747560511977,0.22628961205058973
4995,0.5002,43,217,43,404431,272013,46679,79577,2.154456025852237,0.22633465115617624
4996,0.5003,26,132,26,404563,271881,46705,79551,2.153410530984666,0.22636242573243187
4997,0.5004,18,81,18,404644,271800,46723,79533,2.1527689773159295,0.22637497758536773
4998,0.5005,15,121,15,404765,271679,46738,79518,2.1518106070206566,0.2264199295552069
4999,0.5006,25,108,25,404873,271571,46763,79493,2.150955202129008,0.22643449627418363
5000,0.5007,23,93,23,404966,271478,46786,79470,2.15021860347231,0.22644380364042535
5001,0.5008,33,194,33,405160,271284,46819,79437,2.1486820428336078,0.22649627481673468
5002,0.5009,15,68,15,405228,271216,46834,79422,2.148143454568496,0.22650710989681666
5003,0.501,12,96,12,405324,271120,46846,79410,2.147383094664808,0.22654266396599435
5004,0.5011,21,96,21,405420,271024,46867,79389,2.14662273476112,0.22655837540273904
5005,0.5012,10,64,10,405484,270960,46877,79379,2.1461158281586616,0.22657768618395327
5006,0.5013,20,89,20,405573,270871,46897,79359,2.145410911164618,0.22659109727893098
5007,0.5014,33,189,33,405762,270682,46930,79326,2.143913952604233,0.226640533930653
5008,0.5015,20,170,20,405932,270512,46950,79306,2.142567481941452,0.22670645878714074
5009,0.5016,17,104,17,406036,270408,46967,79289,2.1417437587124573,0.22673628884434238
5010,0.5017,26,177,26,406213,270231,46993,79263,2.140341845140033,0.22679359302305618
5011,0.5018,19,96,19,406309,270135,47012,79244,2.139581485236345,0.22681386116509578
5012,0.5019,15,93,15,406402,270042,47027,79229,2.1388448865796477,0.22684104892762352
5013,0.502,13,106,13,406508,269936,47040,79216,2.1380053225193256,0.22688112913573458
5014,0.5021,18,115,18,406623,269821,47058,79198,2.137094474718033,0.22691601316833754
5015,0.5022,31,147,31,406770,269674,47089,79167,2.1359301736155114,0.2269429338867851
5016,0.5023,23,112,23,406882,269562,47112,79144,2.135043087061209,0.22696483570687054
5017,0.5024,22,126,22,407008,269436,47134,79122,2.134045114687619,0.22699808927065224
5018,0.5025,39,194,39,407202,269242,47173,79083,2.1325085540489166,0.2270379674154884
5019,0.5026,26,122,26,407324,269120,47199,79057,2.13154226333798,0.22705980004423038
5020,0.5027,10,93,10,407417,269027,47209,79047,2.1308056646812825,0.22709826071467562
5021,0.5028,20,72,20,407489,268955,47229,79027,2.130235394753517,0.22710082705427292
5022,0.5029,24,155,24,407644,268800,47253,79003,2.1290077303256876,0.22714870199509493
5023,0.503,23,153,23,407797,268647,47276,78980,2.127795906729185,0.22719754219321284
5024,0.5031,17,120,17,407917,268527,47293,78963,2.1268454568495754,0.22723819390486058
5025,0.5032,27,166,27,408083,268361,47320,78936,2.1255306678494486,0.2272867315294978
5026,0.5033,33,140,33,408223,268221,47353,78903,2.1244218096565706,0.22730494002143325
5027,0.5034,16,174,16,408397,268047,47369,78887,2.1230436573311366,0.22738330633492249
5028,0.5035,25,96,25,408493,267951,47394,78862,2.122283297427449,0.22739055341062764
5029,0.5036,17,77,17,408570,267874,47411,78845,2.121673425421366,0.2274031708674748
5030,0.5037,28,151,28,408721,267723,47439,78817,2.1204774426561905,0.2274398337854216
5031,0.5038,16,71,16,408792,267652,47455,78801,2.119915093144088,0.22745076532747588
5032,0.5039,9,137,9,408929,267515,47464,78792,2.1188299961982007,0.22752066807774604
5033,0.504,43,193,43,409122,267322,47507,78749,2.1173013559751617,0.2275515717872922
5034,0.5041,29,160,29,409282,267162,47536,78720,2.1160340894690153,0.22759206897149895
5035,0.5042,21,123,21,409405,267039,47557,78699,2.1150598783424153,0.2276261215139788
5036,0.5043,18,72,18,409477,266967,47575,78681,2.1144896084146496,0.22763331481738647
5037,0.5044,22,120,22,409597,266847,47597,78659,2.11353915853504,0.22766319542931238
5038,0.5045,11,105,11,409702,266742,47608,78648,2.1127075148903813,0.22770780856423173
5039,0.5046,10,87,10,409789,266655,47618,78638,2.1120184387276644,0.2277428155218901
5040,0.5047,38,158,38,409947,266497,47656,78600,2.110767013052845,0.22776204951071727
5041,0.5048,10,93,10,410040,266404,47666,78590,2.1100304143961477,0.22780106320689636
5042,0.5049,29,192,29,410232,266212,47695,78561,2.108509694588772,0.2278629707082631
5043,0.505,34,125,34,410357,266087,47729,78527,2.1075196426308453,0.2278694423325808
5044,0.5051,14,86,14,410443,266001,47743,78513,2.1068384868837917,0.2278949476654069
5045,0.5052,18,129,18,410572,265872,47761,78495,2.1058167532632113,0.22793995940377562
5046,0.5053,19,120,19,410692,265752,47780,78476,2.1048663033836017,0.2279768060703952
5047,0.5054,11,80,11,410772,265672,47791,78465,2.1042326701305285,0.22800512586557098
5048,0.5055,38,169,38,410941,265503,47829,78427,2.1028941198834117,0.22803186694966998
5049,0.5056,25,117,25,411058,265386,47854,78402,2.101967431250792,0.22805333519494572
5050,0.5057,17,109,17,411167,265277,47871,78385,2.10110410594348,0.2280874813043048
5051,0.5058,17,104,17,411271,265173,47888,78368,2.1002803827144847,0.22811833230968065
5052,0.5059,14,96,14,411367,265077,47902,78354,2.0995200228107973,0.22815063287822007
5053,0.506,23,115,23,411482,264962,47925,78331,2.0986091750095044,0.22817534875456244
5054,0.5061,13,56,13,411538,264906,47938,78318,2.0981656317323534,0.22818334382211033
5055,0.5062,26,97,26,411635,264809,47964,78292,2.097397351413002,0.22818936697940256
5056,0.5063,12,116,12,411751,264693,47976,78280,2.096478583196046,0.2282395407218644
5057,0.5064,8,92,8,411843,264601,47984,78272,2.095749904955012,0.22828277525497778
5058,0.5065,18,105,18,411948,264496,48002,78254,2.0949182613103536,0.2283121808898614
5059,0.5066,14,89,14,412037,264407,48016,78240,2.0942133443163096,0.22833995336308213
5060,0.5067,20,145,20,412182,264262,48036,78220,2.0930648840451145,0.22839156510415146
5061,0.5068,38,167,38,412349,264095,48074,78182,2.0917421746293248,0.22841733449808196
5062,0.5069,26,152,26,412501,263943,48100,78156,2.0905382714484855,0.22846018257872722
5063,0.507,21,121,21,412622,263822,48121,78135,2.0895799011532126,0.2284936410133438
5064,0.5071,40,205,40,412827,263617,48161,78095,2.0879562159422127,0.22854040829704547
5065,0.5072,18,86,18,412913,263531,48179,78077,2.087275060195159,0.22855729374019343
5066,0.5073,30,152,30,413065,263379,48209,78047,2.08607115701432,0.2285912613567801
5067,0.5074,13,152,13,413217,263227,48222,78034,2.0848672538334814,0.2286636914267965
5068,0.5075,24,115,24,413332,263112,48246,78010,2.0839564060321885,0.22868651098433992
5069,0.5076,21,86,21,413418,263026,48267,77989,2.083275250285135,0.2286966848965588
5070,0.5077,19,94,19,413512,262932,48286,77970,2.082530731212774,0.228716757308552
5071,0.5078,18,111,18,413623,262821,48304,77952,2.081651565074135,0.22875051720646883
5072,0.5079,33,118,33,413741,262703,48337,77919,2.080716956025852,0.22875504224624363
5073,0.508,34,146,34,413887,262557,48371,77885,2.0795605753389936,0.22877612045517298
5074,0.5081,34,177,34,414064,262380,48405,77851,2.0781586617665697,0.22881806772457536
5075,0.5082,31,205,31,414269,262175,48436,77820,2.07653497655557,0.228885718907631
5076,0.5083,34,205,34,414474,261970,48470,77786,2.07491129134457,0.2289466558353642
5077,0.5084,16,115,16,414589,261855,48486,77770,2.074000443543277,0.22898785425101215
5078,0.5085,32,202,32,414791,261653,48518,77738,2.0724005195792676,0.22905144803486244
5079,0.5086,19,73,19,414864,261580,48537,77719,2.071822329235838,0.22905755690408755
5080,0.5087,29,122,29,414986,261458,48566,77690,2.070856038524902,0.22907403257574865
5081,0.5088,12,75,12,415061,261383,48578,77678,2.070262007350146,0.2290974190484898
5082,0.5089,28,133,28,415194,261250,48606,77650,2.0692085920669117,0.22912363529064622
5083,0.509,14,68,14,415262,261182,48620,77636,2.0686700038017993,0.22913776717883938
5084,0.5091,23,112,23,415374,261070,48643,77613,2.0677829172474973,0.22916119202912458
5085,0.5092,23,122,23,415496,260948,48666,77590,2.0668166265365606,0.2291914053961446
5086,0.5093,47,271,47,415767,260677,48713,77543,2.0646701938917755,0.2292679321151913
5087,0.5094,22,107,22,415874,260570,48735,77521,2.06382270941579,0.22929033899157328
5088,0.5095,17,90,17,415964,260480,48752,77504,2.0631098720060828,0.22931263018367734
5089,0.5096,31,179,31,416143,260301,48783,77473,2.0616921176023317,0.22936342051193995
5090,0.5097,44,219,44,416362,260082,48827,77429,2.059957546572044,0.22941178213450822
5091,0.5098,23,140,23,416502,259942,48850,77406,2.0588486883791663,0.2294544505970096
5092,0.5099,13,77,13,416579,259865,48863,77393,2.058238816373083,0.22947713619840004
5093,0.51,36,159,36,416738,259706,48899,77357,2.0569794702826005,0.22950308992680893
5094,0.5101,9,43,9,416781,259663,48908,77348,2.0566388924090737,0.22951179635086094
5095,0.5102,41,215,41,416996,259448,48949,77307,2.0549360030414396,0.2295645202001455
5096,0.5103,10,34,10,417030,259414,48959,77297,2.0546667089088837,0.22956481968216066
5097,0.5104,28,121,28,417151,259293,48987,77269,2.0537083386136104,0.22958325657679715
5098,0.5105,17,60,17,417211,259233,49004,77252,2.0532331136738056,0.22958527126023448
5099,0.5106,23,151,23,417362,259082,49027,77229,2.05203713090863,0.22963566460805623
5100,0.5107,23,159,23,417521,258923,49050,77206,2.0507777848181474,0.2296915767458327
5101,0.5108,18,79,18,417600,258844,49068,77188,2.0501520719807376,0.22970431387486906
5102,0.5109,32,126,32,417726,258718,49100,77156,2.0491540996071476,0.2297170962920619
5103,0.511,11,69,11,417795,258649,49111,77145,2.048607590926372,0.22973906621321405
5104,0.5111,58,367,58,418162,258282,49169,77087,2.045700798377899,0.22985726170278112
5105,0.5112,21,98,21,418260,258184,49190,77066,2.0449245976428845,0.22987621178225204
5106,0.5113,28,102,28,418362,258082,49218,77038,2.044116715245216,0.22988183337312007
5107,0.5114,15,79,15,418441,258003,49233,77023,2.0434910024078063,0.22990155987893476
5108,0.5115,13,65,13,418506,257938,49246,77010,2.0429761753896845,0.22991628551297516
5109,0.5116,23,77,23,418583,257861,49269,76987,2.0423663033836017,0.2299162605122324
5110,0.5117,18,94,18,418677,257767,49287,76969,2.0416217843112405,0.22993941494192438
5111,0.5118,18,77,18,418754,257690,49305,76951,2.0410119123051578,0.22995090260906464
5112,0.5119,8,43,8,418797,257647,49313,76943,2.040671334431631,0.22996204309752233
5113,0.512,15,95,15,418892,257552,49328,76928,2.0399188949436065,0.22999282468309018
5114,0.5121,15,60,15,418952,257492,49343,76913,2.0394436700038017,0.2299995514421136
5115,0.5122,18,124,18,419076,257368,49361,76895,2.0384615384615383,0.2300434089324873
5116,0.5123,31,193,31,419269,257175,49392,76864,2.0369328982384998,0.23010486799445573
5117,0.5124,35,172,35,419441,257003,49427,76829,2.0355705867443925,0.23014270651105945
5118,0.5125,39,163,39,419604,256840,49466,76790,2.0342795589912557,0.2301651530138177
5119,0.5126,23,126,23,419730,256714,49489,76767,2.0332815866176657,0.23019902183332783
5120,0.5127,27,134,27,419864,256580,49516,76740,2.032220250918768,0.23022920916836673
5121,0.5128,12,45,12,419909,256535,49528,76728,2.0318638322139146,0.23023257907418465
5122,0.5129,37,160,37,420069,256375,49565,76691,2.0305965657077683,0.23025766664865222
5123,0.513,16,132,16,420201,256243,49581,76675,2.029551070840198,0.23031196871301643
5124,0.5131,10,69,10,420270,256174,49591,76665,2.029004562159422,0.23033658916172683
5125,0.5132,38,160,38,420430,256014,49629,76627,2.0277372956532758,0.23035945659134022
5126,0.5133,28,120,28,420550,255894,49657,76599,2.026786845773666,0.23037778238940368
5127,0.5134,25,191,25,420741,255703,49682,76574,2.0252740463819543,0.23045230334931396
5128,0.5135,22,124,22,420865,255579,49704,76552,2.024291914839691,0.2304873679361457
5129,0.5136,15,91,15,420956,255488,49719,76537,2.02357115701432,0.2305157744145772
5130,0.5137,16,61,16,421017,255427,49735,76521,2.0230880116588517,0.23052104546495233
5131,0.5138,17,73,17,421090,255354,49752,76504,2.0225098213154227,0.23053233611966564
5132,0.5139,46,240,46,421330,255114,49798,76458,2.020608921556203,0.23059245050848684
5133,0.514,22,118,22,421448,254996,49820,76436,2.0196743125079206,0.23062347630886576
5134,0.5141,19,80,19,421528,254916,49839,76417,2.0190406792548474,0.23063504088032283
5135,0.5142,15,60,15,421588,254856,49854,76402,2.0185654543150426,0.23064197694848124
5136,0.5143,28,153,28,421741,254703,49882,76374,2.01735363071854,0.23068349658840692
5137,0.5144,17,78,17,421819,254625,49899,76357,2.016735838296794,0.2306983461336266
5138,0.5145,31,155,31,421974,254470,49930,76326,2.0155081738689646,0.2307343498712197
5139,0.5146,19,98,19,422072,254372,49949,76307,2.01473197313395,0.23075853017578982
5140,0.5147,22,136,22,422208,254236,49971,76285,2.013654796603726,0.23080227882645885
5141,0.5148,36,159,36,422367,254077,50007,76249,2.012395450513243,0.23082954414729692
5142,0.5149,25,134,25,422501,253943,50032,76224,2.0113341148143453,0.23086498650682835
5143,0.515,29,153,29,422654,253790,50061,76195,2.010122291217843,0.23090443505007804
5144,0.5151,23,124,23,422778,253666,50084,76172,2.00914015967558,0.23093761179730657
5145,0.5152,23,104,23,422882,253562,50107,76149,2.008316436446585,0.2309568076284989
5146,0.5153,18,112,18,422994,253450,50125,76131,2.0074293498922824,0.23099329148221528
5147,0.5154,40,144,40,423138,253306,50165,76091,2.0062888100367506,0.23100088950415457
5148,0.5155,11,91,11,423229,253215,50176,76080,2.00556805221138,0.23103903794470004
5149,0.5156,20,83,20,423312,253132,50196,76060,2.0049106577113167,0.2310505723103842
5150,0.5157,32,125,32,423437,253007,50228,76028,2.00392060575339,0.23106356466637287
5151,0.5158,42,206,42,423643,252801,50270,75986,2.002289000126727,0.23111011080121782
5152,0.5159,26,101,26,423744,252700,50296,75960,2.001489038144722,0.23112030669993305
5153,0.516,12,102,12,423846,252598,50308,75948,2.0006811557470536,0.23116397703822295
5154,0.5161,35,140,35,423986,252458,50343,75913,1.9995722975541756,0.23118058537446973
5155,0.5162,28,127,28,424113,252331,50371,75885,1.998566404764922,0.23120445072756965
5156,0.5163,36,161,36,424274,252170,50407,75849,1.9972912178431124,0.23123355659275835
5157,0.5164,14,93,14,424367,252077,50421,75835,1.996554619186415,0.23126631535289957
5158,0.5165,20,90,20,424457,251987,50441,75815,1.9958417817767076,0.23128290858506048
5159,0.5166,12,101,12,424558,251886,50453,75803,1.9950418197947029,0.23132604390138212
5160,0.5167,15,80,15,424638,251806,50468,75788,1.9944081865416297,0.23134733847384262
5161,0.5168,20,102,20,424740,251704,50488,75768,1.9936003041439614,0.23137245321737432
5162,0.5169,26,85,26,424825,251619,50514,75742,1.9929270688125713,0.23137148285837347
5163,0.517,35,132,35,424957,251487,50549,75707,1.9918815739450006,0.23138260481549172
5164,0.5171,23,127,23,425084,251360,50572,75684,1.990875681155747,0.23141840241680017
5165,0.5172,47,201,47,425285,251159,50619,75637,1.9892836776074008,0.23145020134885372
5166,0.5173,22,122,22,425407,251037,50641,75615,1.9883173868964643,0.2314848829947467
5167,0.5174,10,87,10,425494,250950,50651,75605,1.9876283107337473,0.2315230206243971
5168,0.5175,28,134,28,425628,250816,50679,75577,1.9865669750348498,0.23155214725806006
5169,0.5176,15,91,15,425719,250725,50694,75562,1.985846217209479,0.2315813991976389
5170,0.5177,35,199,35,425918,250526,50729,75527,1.9842700544924599,0.23164025480520037
5171,0.5178,17,95,17,426013,250431,50746,75510,1.9835176150044354,0.23166769446004032
5172,0.5179,11,52,11,426065,250379,50757,75499,1.9831057533899379,0.2316787263945403
5173,0.518,36,168,36,426233,250211,50793,75463,1.9817751235584844,0.23171330840042498
5174,0.5181,18,155,18,426388,250056,50811,75445,1.980547459130655,0.23178116196263607
5175,0.5182,31,71,31,426459,249985,50842,75414,1.9799851096185528,0.23175854873555235
5176,0.5183,24,127,24,426586,249858,50866,75390,1.9789792168292992,0.23179235537190082
5177,0.5184,29,142,29,426728,249716,50895,75361,1.9778545178050944,0.2318250752898544
5178,0.5185,41,142,41,426870,249574,50936,75320,1.9767298187808897,0.23182945822329745
5179,0.5186,32,131,32,427001,249443,50968,75288,1.9756922443289824,0.23184728282794068
5180,0.5187,14,58,14,427059,249385,50982,75274,1.9752328602205045,0.23185557769844667
5181,0.5188,31,120,31,427179,249265,51013,75243,1.9742824103408947,0.23186793545921827
5182,0.5189,15,96,15,427275,249169,51028,75228,1.9735220504372069,0.2319010348431089
5183,0.519,33,119,33,427394,249050,51061,75195,1.9725795209732606,0.23190797082453082
5184,0.5191,11,81,11,427475,248969,51072,75184,1.971937967304524,0.23193985556203398
5185,0.5192,23,113,23,427588,248856,51095,75161,1.9710429603345583,0.23196622399442005
5186,0.5193,36,173,36,427761,248683,51131,75125,1.9696727284247877,0.23200476825773297
5187,0.5194,20,67,20,427828,248616,51151,75105,1.969142060575339,0.23200533792988406
5188,0.5195,29,123,29,427951,248493,51180,75076,1.9681678494487391,0.23202469952313107
5189,0.5196,15,98,15,428049,248395,51195,75061,1.9673916487137244,0.2320593836565097
5190,0.5197,39,203,39,428252,248192,51234,75022,1.9657838043340514,0.23211247037566443
5191,0.5198,32,175,32,428427,248017,51266,74990,1.964397731592954,0.2321621512846471
5192,0.5199,22,101,22,428528,247916,51288,74968,1.9635977696109492,0.23218245561873613
5193,0.52,22,111,22,428639,247805,51310,74946,1.9627186034723103,0.23220996991488796
5194,0.5201,20,99,20,428738,247706,51330,74926,1.9619344823216323,0.2322336284063577
5195,0.5202,21,130,21,428868,247576,51351,74905,1.9609048282853885,0.23227725044266173
5196,0.5203,20,135,20,429003,247441,51371,74885,1.9598355721708276,0.2323268988539553
5197,0.5204,27,149,27,429152,247292,51398,74858,1.9586554302369787,0.23237001396864815
5198,0.5205,35,147,35,429299,247145,51433,74823,1.957491129134457,0.23239266014013815
5199,0.5206,24,111,24,429410,247034,51457,74799,1.956611962995818,0.23241556956558215
5200,0.5207,14,84,14,429494,246950,51471,74785,1.9559466480800913,0.23244284892846598
5201,0.5208,20,125,20,429619,246825,51491,74765,1.9549565961221644,0.2324854628564321
5202,0.5209,14,82,14,429701,246743,51505,74751,1.9543071220377646,0.23251133769214977
5203,0.521,27,157,27,429858,246586,51532,74724,1.9530636167786086,0.23256045563474526
5204,0.5211,21,159,21,430017,246427,51553,74703,1.9518042706881258,0.23262541649799146
5205,0.5212,16,91,16,430108,246336,51569,74687,1.951083512862755,0.23265311208231185
5206,0.5213,45,169,45,430277,246167,51614,74642,1.949744962615638,0.23266803612118114
5207,0.5214,32,187,32,430464,245980,51646,74610,1.9482638448865797,0.23272715930004054
5208,0.5215,6,109,6,430573,245871,51652,74604,1.9474005195792676,0.2327919494500351
5209,0.5216,25,166,25,430739,245705,51677,74579,1.9460857305791408,0.23285271821258632
5210,0.5217,24,164,24,430903,245541,51701,74555,1.9447867824103409,0.23291450064980507
5211,0.5218,40,221,40,431124,245320,51741,74515,1.9430363705487264,0.23297950505729517
5212,0.5219,33,163,33,431287,245157,51774,74482,1.94174534279559,0.23301912470005226
5213,0.522,38,209,38,431496,244948,51812,74444,1.9400899759219363,0.23308035267007313
5214,0.5221,13,86,13,431582,244862,51825,74431,1.9394088201748827,0.23311190661868567
5215,0.5222,32,172,32,431754,244690,51857,74399,1.9380465086807757,0.2331606542375325
5216,0.5223,8,61,8,431815,244629,51865,74391,1.9375633633253073,0.23318600714688734
5217,0.5224,9,84,9,431899,244545,51874,74382,1.9368980484095806,0.23322578521103576
5218,0.5225,32,168,32,432067,244377,51906,74350,1.935567418578127,0.23327173411728533
5219,0.5226,14,53,14,432120,244324,51920,74336,1.935147636547966,0.2332768467959581
5220,0.5227,23,104,23,432224,244220,51943,74313,1.934323913318971,0.2332976489092182
5221,0.5228,40,147,40,432371,244073,51983,74273,1.9331596122164492,0.23330904110621775
5222,0.5229,14,84,14,432455,243989,51997,74259,1.9324942973007224,0.2333368944973731
5223,0.523,28,177,28,432632,243812,52025,74231,1.931092383728298,0.2333992573331279
5224,0.5231,9,95,9,432727,243717,52034,74222,1.9303399442402738,0.23344729649398155
5225,0.5232,44,208,44,432935,243509,52078,74178,1.9286924977822837,0.23349397362813085
5226,0.5233,26,136,26,433071,243373,52104,74152,1.9276153212520593,0.23353121801432958
5227,0.5234,41,164,41,433235,243209,52145,74111,1.9263163730832593,0.2335528803731249
5228,0.5235,30,119,30,433354,243090,52175,74081,1.925373843619313,0.2335680122079257
5229,0.5236,34,139,34,433493,242951,52209,74047,1.9242729058420986,0.23358822453138506
5230,0.5237,13,89,13,433582,242862,52222,74034,1.9235679888480548,0.23362238715540745
5231,0.5238,45,187,45,433769,242675,52267,73989,1.9220868711189962,0.23365144127529494
5232,0.5239,19,77,19,433846,242598,52286,73970,1.9214769991129135,0.2336622779308079
5233,0.524,30,117,30,433963,242481,52316,73940,1.920550310480294,0.233676020238859
5234,0.5241,11,90,11,434053,242391,52327,73929,1.9198374730705867,0.23371585735963582
5235,0.5242,23,119,23,434172,242272,52350,73906,1.9188949436066405,0.2337480786139453
5236,0.5243,19,91,19,434263,242181,52369,73887,1.9181741857812697,0.23376931546376095
5237,0.5244,32,163,32,434426,242018,52401,73855,1.9168831580281334,0.23381232330715193
5238,0.5245,16,105,16,434531,241913,52417,73839,1.9160515143834749,0.23385125034837467
5239,0.5246,8,47,8,434578,241866,52425,73831,1.9156792548472943,0.2338666506175225
5240,0.5247,27,166,27,434744,241700,52452,73804,1.9143644658471677,0.2339241340838785
5241,0.5248,26,89,26,434833,241611,52478,73778,1.9136595488531238,0.23392699174670012
5242,0.5249,20,107,20,434940,241504,52498,73758,1.9128120643771385,0.2339577874910392
5243,0.525,11,100,11,435040,241404,52509,73747,1.912020022810797,0.234005286354795
5244,0.5251,23,108,23,435148,241296,52532,73724,1.9111646179191484,0.23402958542314772
5245,0.5252,24,145,24,435293,241151,52556,73700,1.9100161576479533,0.23407897703993316
5246,0.5253,23,104,23,435397,241047,52579,73677,1.9091924344189584,0.2341003545964083
5247,0.5254,31,126,31,435523,240921,52610,73646,1.9081944620453681,0.23411864563034265
5248,0.5255,60,243,60,435766,240678,52670,73586,1.9062698010391586,0.2341534506020416
5249,0.5256,25,169,25,435935,240509,52695,73561,1.9049312507920415,0.23421848632470468
5250,0.5257,46,189,46,436124,240320,52741,73515,1.9034342922316563,0.23424729555339588
5251,0.5258,24,131,24,436255,240189,52765,73491,1.9023967177797492,0.23428653404743688
5252,0.5259,42,145,42,436400,240044,52807,73449,1.901248257508554,0.2342923127470151
5253,0.526,15,67,15,436467,239977,52822,73434,1.9007175896591053,0.23430575187214234
5254,0.5261,18,95,18,436562,239882,52840,73416,1.899965150171081,0.23433280774214965
5255,0.5262,24,137,24,436699,239745,52864,73392,1.8988800532251933,0.23437664664348193
5256,0.5263,17,94,17,436793,239651,52881,73375,1.8981355341528323,0.23440544874866626
5257,0.5264,47,199,47,436992,239452,52928,73328,1.8965593714358129,0.23443954217021548
5258,0.5265,41,113,41,437105,239339,52969,73287,1.895664364465847,0.2344238802914665
5259,0.5266,28,105,28,437210,239234,52997,73259,1.8948327208211886,0.23443405132274964
5260,0.5267,23,92,23,437302,239142,53020,73236,1.8941040425801545,0.2344467280026122
5261,0.5268,54,228,54,437530,238914,53074,73182,1.8922981878088962,0.2344855429098739
5262,0.5269,8,84,8,437614,238830,53082,73174,1.8916328728931695,0.2345290444994295
5263,0.527,23,149,23,437763,238681,53105,73151,1.8904527309593206,0.23458464814387234
5264,0.5271,14,99,14,437862,238582,53119,73137,1.8896686098086428,0.23462477423577002
5265,0.5272,33,158,33,438020,238424,53152,73104,1.8884171841338233,0.23466269484604915
5266,0.5273,13,58,13,438078,238366,53165,73091,1.8879578000253454,0.23467444944245916
5267,0.5274,31,110,31,438188,238256,53196,73060,1.8870865543023698,0.23468115997892816
5268,0.5275,27,142,27,438330,238114,53223,73033,1.885961855278165,0.23472185172924695
5269,0.5276,25,102,25,438432,238012,53248,73008,1.8851539728804967,0.23473731592823613
5270,0.5277,20,74,20,438506,237938,53268,72988,1.8845678621214041,0.2347439583695156
5271,0.5278,9,81,9,438587,237857,53277,72979,1.8839263084526676,0.2347829723712826
5272,0.5279,29,115,29,438702,237742,53306,72950,1.883015460651375,0.23479844991180976
5273,0.528,26,178,26,438880,237564,53332,72924,1.8816056266632872,0.23486898044368865
5274,0.5281,22,126,22,439006,237438,53354,72902,1.8806076542896972,0.2349100986015338
5275,0.5282,50,234,50,439240,237204,53404,72852,1.8787542770244583,0.23496400650205124
5276,0.5283,25,102,25,439342,237102,53429,72827,1.87794639462679,0.2349796243655805
5277,0.5284,22,121,22,439463,236981,53451,72805,1.876988024331517,0.23501707630428748
5278,0.5285,18,95,18,439558,236886,53469,72787,1.8762355848434926,0.23504470845052686
5279,0.5286,21,101,21,439659,236785,53490,72766,1.8754356228614877,0.2350695038943502
5280,0.5287,14,95,14,439754,236690,53504,72752,1.8746831833734634,0.2351070636823702
5281,0.5288,15,96,15,439850,236594,53519,72737,1.8739228234697758,0.23514293750060614
5282,0.5289,53,244,53,440094,236350,53572,72684,1.8719902420479027,0.235197421642926
5283,0.529,24,110,24,440204,236240,53596,72660,1.871118996324927,0.2352217546131434
5284,0.5291,18,68,18,440272,236172,53614,72642,1.870580408059815,0.23522897277973148
5285,0.5292,15,72,15,440344,236100,53629,72627,1.870010138132049,0.23524667424617865
5286,0.5293,24,103,24,440447,235997,53653,72603,1.8691943353187175,0.2352657161373947
5287,0.5294,13,84,13,440531,235913,53666,72590,1.8685290204029907,0.23529754978071526
5288,0.5295,18,95,18,440626,235818,53684,72572,1.8677765809149665,0.23532539965627938
5289,0.5296,31,119,31,440745,235699,53715,72541,1.8668340514510202,0.23533934596418377
5290,0.5297,14,64,14,440809,235635,53729,72527,1.8663271448485617,0.2353534829083404
5291,0.5298,24,108,24,440917,235527,53753,72503,1.865471739956913,0.23537642437424927
5292,0.5299,25,140,25,441057,235387,53778,72478,1.864362881764035,0.23542136975622432
5293,0.53,55,296,55,441353,235091,53833,72423,1.8620184387276644,0.2355112287570647
5294,0.5301,9,80,9,441433,235011,53842,72414,1.8613848054745914,0.23555013417906806
5295,0.5302,18,84,18,441517,234927,53860,72396,1.8607194905588644,0.23556974258353588
5296,0.5303,18,123,18,441640,234804,53878,72378,1.8597452794322646,0.23561927456686915
5297,0.5304,19,101,19,441741,234703,53897,72359,1.8589453174502597,0.23564947795559202
5298,0.5305,33,144,33,441885,234559,53930,72326,1.8578047775947282,0.23567785978460987
5299,0.5306,24,164,24,442049,234395,53954,72302,1.8565058294259282,0.23574407314059154
5300,0.5307,11,103,11,442152,234292,53965,72291,1.8556900266125966,0.23579585299902472
5301,0.5308,41,157,41,442309,234135,54006,72250,1.8544465213534407,0.23581441650211335
5302,0.5309,18,63,18,442372,234072,54024,72232,1.8539475351666455,0.235818010865023
5303,0.531,48,178,48,442550,233894,54072,72184,1.8525377011785578,0.23583530995367194
5304,0.5311,24,117,24,442667,233777,54096,72160,1.8516110125459384,0.23586555401929155
5305,0.5312,13,96,13,442763,233681,54109,72147,1.8508506526422506,0.2359071111866801
5306,0.5313,44,243,44,443006,233438,54153,72103,1.848925991636041,0.23598469599824573
5307,0.5314,20,87,20,443093,233351,54173,72083,1.848236915473324,0.236001885841131
5308,0.5315,28,121,28,443214,233230,54201,72055,1.847278545178051,0.2360253533583373
5309,0.5316,24,174,24,443388,233056,54225,72031,1.845900392852617,0.23609986659543017
5310,0.5317,20,145,20,443533,232911,54245,72011,1.844751932581422,0.23616203488105156
5311,0.5318,20,98,20,443631,232813,54265,71991,1.8439757318464074,0.2361878453038674
5312,0.5319,34,191,34,443822,232622,54299,71957,1.8424629324546953,0.23625069358031905
5313,0.532,26,124,26,443946,232498,54325,71931,1.841480800912432,0.2362816945823164
5314,0.5321,39,221,39,444167,232277,54364,71892,1.8397303890508174,0.23635544713629594
5315,0.5322,19,105,19,444272,232172,54383,71873,1.838898745406159,0.2363893502606522
5316,0.5323,10,60,10,444332,232112,54393,71863,1.8384235204663542,0.2364108890533761
5317,0.5324,20,105,20,444437,232007,54413,71843,1.8375918768216957,0.23644232351489222
5318,0.5325,40,176,40,444613,231831,54453,71803,1.8361978836649346,0.23647878696061705
5319,0.5326,28,155,28,444768,231676,54481,71775,1.8349702192371056,0.23652912661352243
5320,0.5327,13,43,13,444811,231633,54494,71762,1.8346296413635788,0.2365299362217571
5321,0.5328,23,105,23,444916,231528,54517,71739,1.8337979977189203,0.2365539277270524
5322,0.5329,20,113,20,445029,231415,54537,71719,1.8329029907489545,0.2365917383071513
5323,0.533,32,167,32,445196,231248,54569,71687,1.8315802813331643,0.2366415237592223
5324,0.5331,20,93,20,445289,231155,54589,71667,1.830843682676467,0.23666378268421714
5325,0.5332,23,107,23,445396,231048,54612,71644,1.8299961982004815,0.2366894400909175
5326,0.5333,25,83,25,445479,230965,54637,71619,1.8293388037004181,0.23669129894508634
5327,0.5334,22,85,22,445564,230880,54659,71597,1.828665568369028,0.23670229471992912
5328,0.5335,23,100,23,445664,230780,54682,71574,1.8278735268026867,0.2367225173141417
5329,0.5336,19,100,19,445764,230680,54701,71555,1.8270814852363453,0.23675285787549424
5330,0.5337,34,174,34,445938,230506,54735,71521,1.8257033329109111,0.23680333215242347
5331,0.5338,40,138,40,446076,230368,54775,71481,1.82461031554936,0.23681045820923707
5332,0.5339,37,257,37,446333,230111,54812,71444,1.8225747687238627,0.2369186383910066
5333,0.534,24,89,24,446422,230022,54836,71420,1.8218698517298189,0.23692783354675195
5334,0.5341,20,112,20,446534,229910,54856,71400,1.8209827651755164,0.23696525173409447
5335,0.5342,4,50,4,446584,229860,54860,71396,1.8205867443923458,0.23699444990307247
5336,0.5343,22,110,22,446694,229750,54882,71374,1.8197154986693702,0.23702527862276007
5337,0.5344,21,106,21,446800,229644,54903,71353,1.8188759346090482,0.23705551882576903
5338,0.5345,14,61,14,446861,229583,54917,71339,1.81839278925358,0.23706807744199493
5339,0.5346,42,207,42,447068,229376,54959,71297,1.8167532632112533,0.23712471688512105
5340,0.5347,37,150,37,447218,229226,54996,71260,1.8155652008617413,0.23714915170756706
5341,0.5348,5,45,5,447263,229181,55001,71255,1.8152087821568876,0.23717197672715654
5342,0.5349,34,98,34,447361,229083,55035,71221,1.814432581421873,0.23716300815173957
5343,0.535,10,79,10,447440,229004,55045,71211,1.8138068685844633,0.2372000066618923
5344,0.5351,31,173,31,447613,228831,55076,71180,1.8124366366746927,0.23725796720786904
5345,0.5352,16,89,16,447702,228742,55092,71164,1.8117317196806488,0.23728768347415524
5346,0.5353,27,111,27,447813,228631,55119,71137,1.81085255354201,0.23730685063115475
5347,0.5354,23,102,23,447915,228529,55142,71114,1.8100446711443416,0.23732908828172192
5348,0.5355,17,51,17,447966,228478,55159,71097,1.8096407299455075,0.2373262121338563
5349,0.5356,14,70,14,448036,228408,55173,71083,1.8090863008490685,0.23734603043163233
5350,0.5357,13,69,13,448105,228339,55186,71070,1.808539792168293,0.23736761419997396
5351,0.5358,35,177,35,448282,228162,55221,71035,1.8071378785958687,0.23741882438660816
5352,0.5359,13,73,13,448355,228089,55234,71022,1.8065596882524395,0.23744362460758714
5353,0.536,32,156,32,448511,227933,55266,70990,1.805324103408947,0.23748590774212758
5354,0.5361,63,298,63,448809,227635,55329,70927,1.8029638195412496,0.23756204741393747
5355,0.5362,36,167,36,448976,227468,55365,70891,1.8016411101254595,0.23760302186292354
5356,0.5363,31,177,31,449153,227291,55396,70860,1.800239196553035,0.2376648074297923
5357,0.5364,34,146,34,449299,227145,55430,70826,1.7990828158661767,0.23769427226139456
5358,0.5365,35,150,35,449449,226995,55465,70791,1.7978947535166645,0.23772440611714452
5359,0.5366,18,117,18,449566,226878,55483,70773,1.7969680648840451,0.23777175282461674
5360,0.5367,23,112,23,449678,226766,55506,70750,1.7960809783297427,0.23780233668105244
5361,0.5368,26,104,26,449782,226662,55532,70724,1.7952572551007477,0.23781886168145105
5362,0.5369,2,30,2,449812,226632,55534,70722,1.7950196426308453,0.2378377287677314
5363,0.537,23,101,23,449913,226531,55557,70699,1.7942196806488404,0.23785957002994315
5364,0.5371,17,94,17,450007,226437,55574,70682,1.7934751615764795,0.23789121530430568
5365,0.5372,40,215,40,450222,226222,55614,70642,1.7917722722088456,0.2379608170744853
5366,0.5373,31,125,31,450347,226097,55645,70611,1.7907822202509187,0.2379814497755369
5367,0.5374,34,167,34,450514,225930,55679,70577,1.7894595108351286,0.23802810726222315
5368,0.5375,21,70,21,450584,225860,55700,70556,1.7889050817386896,0.23803033574435928
5369,0.5376,14,108,14,450692,225752,55714,70542,1.7880496768470409,0.23808109512848724
5370,0.5377,22,69,22,450761,225683,55736,70520,1.7875031681662654,0.2380799654291145
5371,0.5378,43,202,43,450963,225481,55779,70477,1.7859032442022558,0.23813176193919408
5372,0.5379,23,96,23,451059,225385,55802,70454,1.785142884298568,0.2381498044544499
5373,0.538,37,154,37,451213,225231,55839,70417,1.7839231402864022,0.23817850957895875
5374,0.5381,41,189,41,451402,225042,55880,70376,1.782426181726017,0.2382251589273504
5375,0.5382,27,109,27,451511,224933,55907,70349,1.781562856418705,0.2382434418623553
5376,0.5383,26,130,26,451641,224803,55933,70323,1.780533202382461,0.23828127647174427
5377,0.5384,18,54,18,451695,224749,55951,70305,1.7801054999366366,0.2382784168321731
5378,0.5385,41,193,41,451888,224556,55992,70264,1.7785768597135978,0.2383284716097958
5379,0.5386,23,83,23,451971,224473,56015,70241,1.7779194652135344,0.23833614962302435
5380,0.5387,15,77,15,452048,224396,56030,70226,1.7773095932074516,0.2383596608535683
5381,0.5388,41,193,41,452241,224203,56071,70185,1.7757809529844126,0.2384098536625134
5382,0.5389,60,237,60,452478,223966,56131,70125,1.7739038144721835,0.23844660326225556
5383,0.539,58,147,58,452625,223819,56189,70067,1.7727395133696617,0.23841557610774247
5384,0.5391,41,173,41,452798,223646,56230,70026,1.771369281459891,0.2384496989839004
5385,0.5392,15,143,15,452941,223503,56245,70011,1.7702366620200227,0.23852695271775792
5386,0.5393,42,230,42,453171,223273,56287,69969,1.7684149664174376,0.23860497473076844
5387,0.5394,23,141,23,453312,223132,56310,69946,1.7672981878088962,0.2386600154225155
5388,0.5395,36,117,36,453429,223015,56346,69910,1.7663714991762767,0.23866177349150808
5389,0.5396,17,102,17,453531,222913,56363,69893,1.7655636167786086,0.23870070968491083
5390,0.5397,30,153,30,453684,222760,56393,69863,1.7643517931821062,0.23874746687717643
5391,0.5398,7,37,7,453721,222723,56400,69856,1.7640587378025598,0.23875944616667635
5392,0.5399,25,166,25,453887,222557,56425,69831,1.7627439488024332,0.23882991094025746
5393,0.54,17,72,17,453959,222485,56442,69814,1.7621736788746674,0.23884447090137154
5394,0.5401,10,67,10,454026,222418,56452,69804,1.7616430110252186,0.2388731854548939
5395,0.5402,14,96,14,454122,222322,56466,69790,1.7608826511215308,0.23891521060415183
5396,0.5403,37,175,37,454297,222147,56503,69753,1.7594965783804335,0.23896197327852003
5397,0.5404,17,94,17,454391,222053,56520,69736,1.7587520593080725,0.23899461597250068
5398,0.5405,27,106,27,454497,221947,56547,69709,1.7579124952477505,0.23901102668897606
5399,0.5406,21,89,21,454586,221858,56568,69688,1.7572075782537067,0.2390291754988921
5400,0.5407,21,175,21,454761,221683,56589,69667,1.7558215055126094,0.23911789943367084
5401,0.5408,17,103,17,454864,221580,56606,69650,1.7550057026992776,0.23915805377193283
5402,0.5409,35,201,35,455065,221379,56641,69615,1.7534136991509315,0.23923173673683992
5403,0.541,18,125,18,455190,221254,56659,69597,1.7524236471930046,0.2392874702167089
5404,0.5411,30,157,30,455347,221097,56689,69567,1.7511801419338486,0.23933820493765998
5405,0.5412,45,148,45,455495,220949,56734,69522,1.7500079204156633,0.23934230955930197
5406,0.5413,15,49,15,455544,220900,56749,69507,1.749619820048156,0.23934340425678444
5407,0.5414,26,127,26,455671,220773,56775,69481,1.7486139272589025,0.2393799913179491
5408,0.5415,14,73,14,455744,220700,56789,69467,1.7480357369154733,0.23940351590635736
5409,0.5416,14,78,14,455822,220622,56803,69453,1.747417944493727,0.23943118159096785
5410,0.5417,48,191,48,456013,220431,56851,69405,1.7459051451020149,0.2394630066658386
5411,0.5418,42,211,42,456224,220220,56893,69363,1.7442339373970346,0.23952718218956223
5412,0.5419,32,147,32,456371,220073,56925,69331,1.7430696362945128,0.23956476068057111
5413,0.542,8,39,8,456410,220034,56933,69323,1.7427607400836396,0.23957602546335496
5414,0.5421,28,135,28,456545,219899,56961,69295,1.7416914839690787,0.2396142381930469
5415,0.5422,34,203,34,456748,219696,56995,69261,1.7400836395894057,0.23969310312607067
5416,0.5423,29,143,29,456891,219553,57024,69232,1.7389510201495375,0.23973544332288726
5417,0.5424,21,116,21,457007,219437,57045,69211,1.7380322519325815,0.2397764751531277
5418,0.5425,22,96,22,457103,219341,57067,69189,1.7372718920288936,0.23979828787301147
5419,0.5426,43,164,43,457267,219177,57110,69146,1.7359729438600937,0.23982131151521038
5420,0.5427,32,145,32,457412,219032,57142,69114,1.7348244835888988,0.23985757220298043
5421,0.5428,19,151,19,457563,218881,57161,69095,1.7336285008237233,0.23993318887685086
5422,0.5429,37,146,37,457709,218735,57198,69058,1.7324721201368647,0.2399571914535795
5423,0.543,18,85,18,457794,218650,57216,69040,1.7317988848054746,0.23998053460321875
5424,0.5431,24,101,24,457895,218549,57240,69016,1.7309989228234697,0.24000139098986317
5425,0.5432,20,103,20,457998,218446,57260,68996,1.730183120010138,0.24003451131010778
5426,0.5433,12,76,12,458074,218370,57272,68984,1.7295811684197187,0.24006625973537865
5427,0.5434,16,84,16,458158,218286,57288,68968,1.728915853503992,0.2400941327187785
5428,0.5435,23,112,23,458270,218174,57311,68945,1.7280287669496894,0.24012691601740044
5429,0.5436,10,69,10,458339,218105,57321,68935,1.727482258268914,0.24015816610925306
5430,0.5437,23,50,23,458389,218055,57344,68912,1.7270862374857432,0.2401391100718898
5431,0.5438,23,128,23,458517,217927,57367,68889,1.7260724242808263,0.24018534530849045
5432,0.5439,39,165,39,458682,217762,57406,68850,1.724765555696363,0.24022022804348736
5433,0.544,25,101,25,458783,217661,57431,68825,1.723965593714358,0.24023861549953576
5434,0.5441,24,125,24,458908,217536,57455,68801,1.7229755417564314,0.24027981015376987
5435,0.5442,39,204,39,459112,217332,57494,68762,1.7213597769610949,0.24034757806874663
5436,0.5443,42,207,42,459319,217125,57536,68720,1.7197202509187681,0.24041001241931817
5437,0.5444,15,104,15,459423,217021,57551,68705,1.7188965276897732,0.2404576412367093
5438,0.5445,29,124,29,459547,216897,57580,68676,1.7179143961475098,0.24048491979283756
5439,0.5446,15,74,15,459621,216823,57595,68661,1.717328285388417,0.2405073489232321
5440,0.5447,35,193,35,459814,216630,57630,68626,1.7157996451653783,0.2405768853240598
5441,0.5448,30,122,30,459936,216508,57660,68596,1.7148333544544418,0.24059992143217915
5442,0.5449,16,84,16,460020,216424,57676,68580,1.7141680395387149,0.24062820170944968
5443,0.545,37,164,37,460184,216260,57713,68543,1.7128690913699152,0.24066811093984264
5444,0.5451,44,225,44,460409,216035,57757,68499,1.7110869978456469,0.24074100107544266
5445,0.5452,20,114,20,460523,215921,57777,68479,1.7101840704600177,0.24078410689170182
5446,0.5453,36,170,36,460693,215751,57813,68443,1.7088375997972374,0.24083196689585284
5447,0.5454,24,143,24,460836,215608,57837,68419,1.7077049803573692,0.24088907040527838
5448,0.5455,37,163,37,460999,215445,57874,68382,1.7064139526042326,0.24092845289560189
5449,0.5456,13,78,13,461077,215367,57887,68369,1.7057961601824865,0.24095990639185721
5450,0.5457,25,119,25,461196,215248,57912,68344,1.70485363071854,0.24099410420604248
5451,0.5458,21,84,21,461280,215164,57933,68323,1.7041883158028133,0.2410092879038545
5452,0.5459,16,86,16,461366,215078,57949,68307,1.7035071600557596,0.24103957513629867
5453,0.546,20,76,20,461442,215002,57969,68287,1.7029052084653402,0.2410506585148029
5454,0.5461,30,127,30,461569,214875,57999,68257,1.7018993156760867,0.24107836627438792
5455,0.5462,34,184,34,461753,214691,58033,68223,1.7004419591940185,0.24114395187230042
5456,0.5463,47,208,47,461961,214483,58080,68176,1.6987945127360284,0.2411952210967986
5457,0.5464,21,99,21,462060,214384,58101,68155,1.6980103915853504,0.24122333553951844
5458,0.5465,21,169,21,462229,214215,58122,68134,1.6966718413382333,0.24131128497001939
5459,0.5466,16,75,16,462304,214140,58138,68118,1.6960778101634775,0.24133239801883383
5460,0.5467,13,51,13,462355,214089,58151,68105,1.6956738689646433,0.24134106324018229
5461,0.5468,15,90,15,462445,213999,58166,68090,1.694961031554936,0.2413777212156447
5462,0.5469,12,73,12,462518,213926,58178,68078,1.6943828412115067,0.2414079232918682
5463,0.547,25,111,25,462629,213815,58203,68053,1.6935036750728678,0.2414357074942881
5464,0.5471,31,144,31,462773,213671,58234,68022,1.6923631352173363,0.24147564902216243
5465,0.5472,18,71,18,462844,213600,58252,68004,1.6918007857052337,0.2414880470447863
5466,0.5473,37,120,37,462964,213480,58289,67967,1.6908503358256242,0.24149129320973398
5467,0.5474,18,133,18,463097,213347,58307,67949,1.6897969205423902,0.24155693646550253
5468,0.5475,22,112,22,463209,213235,58329,67927,1.6889098339880877,0.24159381424232293
5469,0.5476,31,128,31,463337,213107,58360,67896,1.6878960207831708,0.24162019622566308
5470,0.5477,11,56,11,463393,213051,58371,67885,1.6874524775060196,0.24163866503402912
5471,0.5478,18,161,18,463554,212890,58389,67867,1.6861772905842098,0.24172861228749418
5472,0.5479,35,125,35,463679,212765,58424,67832,1.6851872386262832,0.24174171498626143
5473,0.548,18,133,18,463812,212632,58442,67814,1.684133823343049,0.24180769203340394
5474,0.5481,29,151,29,463963,212481,58471,67785,1.6829378405778734,0.2418595191710732
5475,0.5482,24,129,24,464092,212352,58495,67761,1.6819161069572932,0.24190594510072722
5476,0.5483,16,78,16,464170,212274,58511,67745,1.681298314535547,0.24193001189205018
5477,0.5484,8,63,8,464233,212211,58519,67737,1.6807993283487517,0.24196279309014532
5478,0.5485,15,81,15,464314,212130,58534,67722,1.6801577746800151,0.24199219587496248
5479,0.5486,5,43,5,464357,212087,58539,67717,1.6798171968064883,0.24201583965919
5480,0.5487,15,109,15,464466,211978,58554,67702,1.6789538714991763,0.2420695080091533
5481,0.5488,29,171,29,464637,211807,58583,67673,1.6775994804207324,0.24213897237727208
5482,0.5489,10,57,10,464694,211750,58593,67663,1.6771480167279178,0.2421612451818634
5483,0.549,35,197,35,464891,211553,58628,67628,1.6755876948422253,0.24223711498991693
5484,0.5491,17,87,17,464978,211466,58645,67611,1.6748986186795083,0.24226647126061984
5485,0.5492,38,167,38,465145,211299,58683,67573,1.6735759092637181,0.2423082991479962
5486,0.5493,21,146,21,465291,211153,58704,67552,1.6724195285768597,0.2423781417627958
5487,0.5494,6,72,6,465363,211081,58710,67546,1.6718492586490938,0.24242445994106818
5488,0.5495,48,200,48,465563,210881,58758,67498,1.670265175516411,0.2424680022559173
5489,0.5496,55,200,55,465763,210681,58813,67443,1.6686810923837283,0.24249255727661043
5490,0.5497,25,140,25,465903,210541,58838,67418,1.6675722341908503,0.24254656262254506
5491,0.5498,20,108,20,466011,210433,58858,67398,1.6667168292992016,0.24258632046099968
5492,0.5499,33,186,33,466197,210247,58891,67365,1.6652436319858066,0.24265881878304973
5493,0.55,16,81,16,466278,210166,58907,67349,1.66460207831707,0.2426859809379673
5494,0.5501,37,154,37,466432,210012,58944,67312,1.6633823343049043,0.24271970691321343
5495,0.5502,36,168,36,466600,209844,58980,67276,1.6620517044734509,0.24276847575057736
5496,0.5503,19,71,19,466671,209773,58999,67257,1.6614893549613483,0.24277876042305888
5497,0.5504,22,144,22,466815,209629,59021,67235,1.6603488151058168,0.24284486245954692
5498,0.5505,41,202,41,467017,209427,59062,67194,1.6587488911418071,0.24290997429696226
5499,0.5506,25,111,25,467128,209316,59087,67169,1.6578697250031682,0.24293903828417454
5500,0.5507,23,122,23,467250,209194,59110,67146,1.6569034342922317,0.24298328146486212
5501,0.5508,47,228,47,467478,208966,59157,67099,1.6550975795209732,0.24305507760853423
5502,0.5509,16,62,16,467540,208904,59173,67083,1.6546065137498416,0.243065796577375
5503,0.551,31,155,31,467695,208749,59204,67052,1.6533788493220125,0.24311732009673642
5504,0.5511,16,82,16,467777,208667,59220,67036,1.6527293752376124,0.24314570389150644
5505,0.5512,28,131,28,467908,208536,59248,67008,1.6516918007857053,0.24318439160351885
5506,0.5513,25,120,25,468028,208416,59273,66983,1.6507413509060955,0.24322165294717846
5507,0.5514,16,123,16,468151,208293,59289,66967,1.6497671397794955,0.24328634745331687
5508,0.5515,22,174,22,468325,208119,59311,66945,1.6483889874540616,0.24337972253730042
5509,0.5516,23,126,23,468451,207993,59334,66922,1.6473910150804714,0.24342796864485386
5510,0.5517,11,69,11,468520,207924,59345,66911,1.646844506399696,0.24345880255425983
5511,0.5518,22,105,22,468625,207819,59367,66889,1.6460128627550374,0.24349127073110358
5512,0.5519,16,80,16,468705,207739,59383,66873,1.6453792295019642,0.24351812739428721
5513,0.552,38,128,38,468833,207611,59421,66835,1.6443654162970474,0.24352695976621994
5514,0.5521,11,54,11,468887,207557,59432,66824,1.643937713851223,0.24354456030118704
5515,0.5522,20,143,20,469030,207414,59452,66804,1.6428050944113548,0.24361639279697175
5516,0.5523,27,159,27,469189,207255,59479,66777,1.641545748320872,0.24368321947801716
5517,0.5524,24,108,24,469297,207147,59503,66753,1.6406903434292233,0.24371303395399782
5518,0.5525,14,69,14,469366,207078,59517,66739,1.6401438347484476,0.2437357797361011
5519,0.5526,26,151,26,469517,206927,59543,66713,1.638947851983272,0.2437984212834381
5520,0.5527,13,93,13,469610,206834,59556,66700,1.6382112533265745,0.24384537205612464
5521,0.5528,29,151,29,469761,206683,59585,66671,1.6370152705613992,0.2438998514746446
5522,0.5529,9,50,9,469811,206633,59594,66662,1.6366192497782284,0.24391957408660972
5523,0.553,18,81,18,469892,206552,59612,66644,1.6359776961094918,0.243942078214908
5524,0.5531,35,132,35,470024,206420,59647,66609,1.6349322012419212,0.2439630954953503
5525,0.5532,36,125,36,470149,206295,59683,66573,1.6339421492839945,0.24397510884383658
5526,0.5533,15,79,15,470228,206216,59698,66558,1.6333164364465846,0.24400419394810355
5527,0.5534,37,138,37,470366,206078,59735,66521,1.6322234190850335,0.24402510647507877
5528,0.5535,28,123,28,470489,205955,59763,66493,1.6312492079584338,0.24405758163025604
5529,0.5536,17,103,17,470592,205852,59780,66476,1.630433405145102,0.24410269968567316
5530,0.5537,21,93,21,470685,205759,59801,66455,1.6296968064884045,0.24412778181871617
5531,0.5538,21,133,21,470818,205626,59822,66434,1.6286433912051705,0.2441887818863486
5532,0.5539,25,102,25,470920,205524,59847,66409,1.6278355088075023,0.2442108901825082
5533,0.554,11,74,11,470994,205450,59858,66398,1.6272493980484095,0.2442467849680704
5534,0.5541,42,216,42,471210,205234,59900,66356,1.625538588265112,0.24432416510180788
5535,0.5542,26,103,26,471313,205131,59926,66330,1.6247227854517805,0.24434449147391338
5536,0.5543,41,161,41,471474,204970,59967,66289,1.6234475985299708,0.24437530183330322
5537,0.5544,48,166,48,471640,204804,60015,66241,1.6221328095298442,0.2443911527606117
5538,0.5545,8,68,8,471708,204736,60023,66233,1.621594221264732,0.24443017466942712
5539,0.5546,21,149,21,471857,204587,60044,66212,1.6204140793308832,0.24450607276984035
5540,0.5547,20,93,20,471950,204494,60064,66192,1.6196774806741858,0.24453425740525922
5541,0.5548,20,102,20,472052,204392,60084,66172,1.6188695982765176,0.24457060067119055
5542,0.5549,15,67,15,472119,204325,60099,66157,1.6183389304270688,0.24458928875119232
5543,0.555,22,93,22,472212,204232,60121,66135,1.6176023317703714,0.24461195338188463
5544,0.5551,54,216,54,472428,204016,60175,66081,1.615891521987074,0.24465654931376504
5545,0.5552,31,157,31,472585,203859,60206,66050,1.6146480167279178,0.2447121066729898
5546,0.5553,12,79,12,472664,203780,60218,66038,1.6140223038905082,0.24475016492598714
5547,0.5554,16,78,16,472742,203702,60234,66022,1.6134045114687618,0.24477614153727514
5548,0.5555,18,85,18,472827,203617,60252,66004,1.6127312761373718,0.24480288998260522
5549,0.5556,28,142,28,472969,203475,60280,65976,1.611606577113167,0.2448534241847312
5550,0.5557,25,173,25,473142,203302,60305,65951,1.6102363452033963,0.244940632044954
5551,0.5558,34,114,34,473256,203188,60339,65917,1.6093334178177672,0.24494899760316605
5552,0.5559,27,100,27,473356,203088,60366,65890,1.6085413762514256,0.24496427217095823
5553,0.556,25,107,25,473463,202981,60391,65865,1.6076938917754404,0.24499155650446724
5554,0.5561,20,67,20,473530,202914,60411,65845,1.6071632239259916,0.24499644663062448
5555,0.5562,59,257,59,473787,202657,60470,65786,1.6051276771004943,0.24506506036663278
5556,0.5563,22,99,22,473886,202558,60492,65764,1.6043435559498163,0.24509358159226602
5557,0.5564,39,167,39,474053,202391,60531,65725,1.603020846534026,0.24513643348401437
5558,0.5565,21,117,21,474170,202274,60552,65704,1.6020941579014067,0.24518430617438744
5559,0.5566,20,78,20,474248,202196,60572,65684,1.6014763654796604,0.24519934298939824
5560,0.5567,20,76,20,474324,202120,60592,65664,1.600874413889241,0.24521255937621367
5561,0.5568,20,75,20,474399,202045,60612,65644,1.600280382714485,0.24522486915786604
5562,0.5569,13,46,13,474445,201999,60625,65631,1.5999160435939679,0.24523035534132945
5563,0.557,29,100,29,474545,201899,60654,65602,1.5991240020276265,0.2452402047095151
5564,0.5571,31,137,31,474682,201762,60685,65571,1.5980389050817387,0.24527836069621034
5565,0.5572,36,132,36,474814,201630,60721,65535,1.596993410214168,0.24529784964347875
5566,0.5573,31,84,31,474898,201546,60752,65504,1.5963280952984413,0.2452873993634151
5567,0.5574,32,169,32,475067,201377,60784,65472,1.5949895450513243,0.24535224040562265
5568,0.5575,43,187,43,475254,201190,60827,65429,1.593508427322266,0.2454026157175595
5569,0.5576,16,91,16,475345,201099,60843,65413,1.5927876694968952,0.245441105841388
5570,0.5577,29,99,29,475444,201000,60872,65384,1.5920035483462172,0.24545017718781909
5571,0.5578,25,121,25,475565,200879,60897,65359,1.591045178050944,0.24549087658410895
5572,0.5579,25,117,25,475682,200762,60922,65334,1.5901184894183247,0.24552792976970716
5573,0.558,43,168,43,475850,200594,60965,65291,1.5887878595868712,0.24556105083024615
5574,0.5581,14,75,14,475925,200519,60979,65277,1.588193828412115,0.24559060331983928
5575,0.5582,13,75,13,476000,200444,60992,65264,1.587599797237359,0.24562301473798304
5576,0.5583,20,79,20,476079,200365,61012,65244,1.5869740843999494,0.24563926674171432
5577,0.5584,28,141,28,476220,200224,61040,65216,1.5858573057914078,0.24569017480409885
5578,0.5585,28,178,28,476398,200046,61068,65188,1.5844474718033201,0.24577542848956016
5579,0.5586,30,155,30,476553,199891,61098,65158,1.583219807375491,0.24583378922387936
5580,0.5587,39,204,39,476757,199687,61137,65119,1.5816040425801545,0.24591210168953875
5581,0.5588,31,158,31,476915,199529,61168,65088,1.5803526169053352,0.24597059145859865
5582,0.5589,28,128,28,477043,199401,61196,65060,1.5793388037004181,0.24600980862962782
5583,0.559,11,84,11,477127,199317,61207,65049,1.5786734887846914,0.2460566033453621
5584,0.5591,35,137,35,477264,199180,61242,65014,1.5775883918388036,0.24608431682778564
5585,0.5592,30,157,30,477421,199023,61272,64984,1.5763448865796477,0.24614498857984826
5586,0.5593,9,55,9,477476,198968,61281,64975,1.57590926371816,0.24617057470741788
5587,0.5594,22,97,22,477573,198871,61303,64953,1.5751409833988088,0.2461982230577961
5588,0.5595,37,123,37,477696,198748,61340,64916,1.5741667722722088,0.2462072941319255
5589,0.5596,25,104,25,477800,198644,61365,64891,1.5733430490432139,0.24623294818525054
5590,0.5597,43,199,43,477999,198445,61408,64848,1.5717668863261944,0.24629595165841855
5591,0.5598,17,120,17,478119,198325,61425,64831,1.5708164364465846,0.24635957378893128
5592,0.5599,16,76,16,478195,198249,61441,64815,1.5702144848561652,0.2463849101359365
5593,0.56,32,148,32,478343,198101,61473,64783,1.56904226333798,0.24643188630726862
5594,0.5601,11,44,11,478387,198057,61484,64772,1.5686937650487898,0.2464416027150733
5595,0.5602,30,138,30,478525,197919,61514,64742,1.5676007476872387,0.2464850130015495
5596,0.5603,18,102,18,478627,197817,61532,64724,1.5667928652895704,0.24652911354797918
5597,0.5604,21,160,21,478787,197657,61553,64703,1.5655255987834242,0.246619149260558
5598,0.5605,11,116,11,478903,197541,61564,64692,1.5646068305664682,0.2466966400109826
5599,0.5606,24,145,24,479048,197396,61588,64668,1.5634583702952731,0.2467641492154588
5600,0.5607,41,197,41,479245,197199,61629,64627,1.5618980484095806,0.24683186543735153
5601,0.5608,31,111,31,479356,197088,61660,64596,1.5610188822709417,0.246847342596414
5602,0.5609,18,76,18,479432,197012,61678,64578,1.560416930680522,0.24686723498604687
5603,0.561,12,90,12,479522,196922,61690,64566,1.5597040932708148,0.24691764058006485
5604,0.5611,27,142,27,479664,196780,61717,64539,1.55857939424661,0.2469740049518022
5605,0.5612,54,130,54,479794,196650,61771,64485,1.5575497402103662,0.24694123729105635
5606,0.5613,36,138,36,479932,196512,61807,64449,1.556456722848815,0.24696793773782288
5607,0.5614,25,89,25,480021,196423,61832,64424,1.5557518058547712,0.24698003043929967
5608,0.5615,26,102,26,480123,196321,61858,64398,1.554943923457103,0.24700156106766288
5609,0.5616,16,102,16,480225,196219,61874,64382,1.5541360410594347,0.2470520067075721
5610,0.5617,41,194,41,480419,196025,61915,64341,1.5525994804207324,0.24711751918453254
5611,0.5618,13,71,13,480490,195954,61928,64328,1.55203713090863,0.2471473248246133
5612,0.5619,37,148,37,480638,195806,61965,64291,1.5508649093904447,0.24718085944859033
5613,0.562,42,163,42,480801,195643,62007,64249,1.5495738816373084,0.2472142274483247
5614,0.5621,31,132,31,480933,195511,62038,64218,1.5485283867697377,0.2472500182882928
5615,0.5622,47,156,47,481089,195355,62085,64171,1.547292801926245,0.24726231668503348
5616,0.5623,37,184,37,481273,195171,62122,64134,1.545835445444177,0.24733036385723375
5617,0.5624,21,100,21,481373,195071,62143,64113,1.5450434038778356,0.24736480646953515
5618,0.5625,18,65,18,481438,195006,62161,64095,1.5445285768597137,0.24737457593756876
5619,0.5626,32,175,32,481613,194831,62193,64063,1.5431425041186162,0.2474487628141247
5620,0.5627,25,96,25,481709,194735,62218,64038,1.5423821442149284,0.2474678579295367
5621,0.5628,38,197,38,481906,194538,62256,64000,1.5408218223292358,0.24754581531535017
5622,0.5629,39,168,39,482074,194370,62295,63961,1.5394911924977823,0.24759320406764965
5623,0.563,17,85,17,482159,194285,62312,63944,1.538817957166392,0.24762516990733033
5624,0.5631,24,77,24,482236,194208,62336,63920,1.5382080851603093,0.2476290832455216
5625,0.5632,18,65,18,482301,194143,62354,63902,1.5376932581421874,0.2476389776976884
5626,0.5633,14,99,14,482400,194044,62368,63888,1.5369091369915093,0.24769319045329777
5627,0.5634,20,127,20,482527,193917,62388,63868,1.5359032442022558,0.2477568516399325
5628,0.5635,31,165,31,482692,193752,62419,63837,1.5345963756177925,0.24782502358408162
5629,0.5636,30,166,30,482858,193586,62449,63807,1.5332815866176657,0.2478971844611159
5630,0.5637,33,147,33,483005,193439,62482,63774,1.532117285515144,0.24794236683215856
5631,0.5638,25,97,25,483102,193342,62507,63749,1.5313490051957928,0.24796278360580495
5632,0.5639,30,143,30,483245,193199,62537,63719,1.5302163857559246,0.24801298468772137
5633,0.564,27,115,27,483360,193084,62564,63692,1.5293055379546319,0.24804498862822072
5634,0.5641,13,50,13,483410,193034,62577,63679,1.528909517171461,0.24805522120032877
5635,0.5642,26,74,26,483484,192960,62603,63653,1.5283234064123685,0.24805056641713397
5636,0.5643,27,116,27,483600,192844,62630,63626,1.5274046381954125,0.24808359652201037
5637,0.5644,34,135,34,483735,192709,62664,63592,1.5263353820808516,0.24811452159765277
5638,0.5645,37,172,37,483907,192537,62701,63555,1.5249730705867444,0.24817253174640364
5639,0.5646,22,66,22,483973,192471,62723,63533,1.5244503231529591,0.2481719035640068
5640,0.5647,25,107,25,484080,192364,62748,63508,1.5236028386769738,0.24820222611305653
5641,0.5648,33,142,33,484222,192222,62781,63475,1.522478139652769,0.24824303765785286
5642,0.5649,14,68,14,484290,192154,62795,63461,1.5219395513876568,0.24826790290084697
5643,0.565,18,69,18,484359,192085,62813,63443,1.5213930427068814,0.24828198866660406
5644,0.5651,22,89,22,484448,191996,62835,63421,1.5206881257128375,0.24830375425284926
5645,0.5652,30,133,30,484581,191863,62865,63391,1.5196347104296033,0.2483447859778887
5646,0.5653,7,54,7,484635,191809,62872,63384,1.519207007983779,0.24837671879714568
5647,0.5654,23,151,23,484786,191658,62895,63361,1.5180110252186034,0.24845599739627244
5648,0.5655,82,338,82,485124,191320,62977,63279,1.5153339247243696,0.24854378846735456
5649,0.5656,18,92,18,485216,191228,62995,63261,1.5146052464833355,0.24858048874411073
5650,0.5657,17,75,17,485291,191153,63012,63244,1.5140112153085794,0.24860356057657912
5651,0.5658,45,175,45,485466,190978,63057,63199,1.512625142567482,0.2486416945671717
5652,0.5659,11,64,11,485530,190914,63068,63188,1.5121182359650234,0.24867179321689714
5653,0.566,41,206,41,485736,190708,63109,63147,1.5104866303383602,0.24875224045222666
5654,0.5661,18,90,18,485826,190618,63127,63129,1.509773792928653,0.24878717777944173
5655,0.5662,27,170,27,485996,190448,63154,63102,1.5084273222658726,0.24887398935121277
5656,0.5663,37,169,37,486165,190279,63191,63065,1.5070887720187556,0.24893030819754958
5657,0.5664,41,146,41,486311,190133,63232,63024,1.5059323913318972,0.24895223122410204
5658,0.5665,47,190,47,486501,189943,63279,62977,1.5044275123558484,0.24899968369444883
5659,0.5666,28,113,28,486614,189830,63307,62949,1.5035325053858826,0.24902780689851609
5660,0.5667,16,87,16,486701,189743,63323,62933,1.5028434292231656,0.24906599756209533
5661,0.5668,4,53,4,486754,189690,63327,62929,1.5024236471930046,0.24910636175426235
5662,0.5669,21,98,21,486852,189592,63348,62908,1.50164744645799,0.24914059405940595
5663,0.567,21,63,21,486915,189529,63369,62887,1.501148460271195,0.24914030806288032
5664,0.5671,32,145,32,487060,189384,63401,62855,1.5,0.24918826985517703
5665,0.5672,30,137,30,487197,189247,63431,62825,1.4989149030541122,0.24923434574248626
5666,0.5673,32,154,32,487351,189093,63463,62793,1.4976951590419465,0.24929134608513376
5667,0.5674,23,70,23,487421,189023,63486,62770,1.4971407299455075,0.24929207722216265
5668,0.5675,53,234,53,487655,188789,63539,62717,1.4952873526802686,0.2493658202985217
5669,0.5676,30,146,30,487801,188643,63569,62687,1.4941309719934102,0.24942107985517048
5670,0.5677,28,151,28,487952,188492,63597,62659,1.4929349892282346,0.24948736019366835
5671,0.5678,27,101,27,488053,188391,63624,62632,1.49213502724623,0.24950701728526867
5672,0.5679,25,111,25,488164,188280,63649,62607,1.491255861107591,0.24954262277439643
5673,0.568,39,157,39,488321,188123,63688,62568,1.4900123558484348,0.24958215492379066
5674,0.5681,33,224,33,488545,187899,63721,62535,1.48823818273983,0.24970650949950884
5675,0.5682,18,100,18,488645,187799,63739,62517,1.4874461411734887,0.2497523130762716
5676,0.5683,20,87,20,488732,187712,63759,62497,1.4867570650107718,0.249779184601673
5677,0.5684,32,155,32,488887,187557,63791,62465,1.4855294005829427,0.24983801425474558
5678,0.5685,45,156,45,489043,187401,63836,62420,1.48429381573945,0.24985889897166372
5679,0.5686,26,102,26,489145,187299,63862,62394,1.4834859333417818,0.24988285614734895
5680,0.5687,38,160,38,489305,187139,63900,62356,1.4822186668356356,0.2499288562897052
5681,0.5688,34,121,34,489426,187018,63934,62322,1.4812602965403625,0.24994786235662148
5682,0.5689,28,134,28,489560,186884,63962,62294,1.480198960841465,0.24999799340230677
5683,0.569,28,87,28,489647,186797,63990,62266,1.479509884678748,0.2500010037621003
5684,0.5691,26,114,26,489761,186683,64016,62240,1.4786069572931186,0.25003716008564897
5685,0.5692,6,47,6,489808,186636,64022,62234,1.4782346977569383,0.25006629967452887
5686,0.5693,17,102,17,489910,186534,64039,62217,1.47742681535927,0.25011758746698504
5687,0.5694,38,140,38,490050,186394,64077,62179,1.476317957166392,0.2501438209298677
5688,0.5695,20,109,20,490159,186285,64097,62159,1.47545463185908,0.25019320249231214
5689,0.5696,22,188,22,490347,186097,64119,62137,1.473965593714358,0.2503162338761008
5690,0.5697,26,100,26,490447,185997,64145,62111,1.4731735521480167,0.25033856223902495
5691,0.5698,25,103,25,490550,185894,64170,62086,1.472357749334685,0.25036696507782885
5692,0.5699,14,86,14,490636,185808,64184,62072,1.4716765935876315,0.25041148943036956
5693,0.57,18,67,18,490703,185741,64202,62054,1.4711459257381827,0.2504247462620311
5694,0.5701,21,71,21,490774,185670,64223,62033,1.4705835762260804,0.25043297820373595
5695,0.5702,16,103,16,490877,185567,64239,62017,1.4697677734127488,0.2504887230192581
5696,0.5703,16,70,16,490947,185497,64255,62001,1.4692133443163098,0.2505111152413353
5697,0.5704,20,76,20,491023,185421,64275,61981,1.4686113927258904,0.25052748158866944
5698,0.5705,21,106,21,491129,185315,64296,61960,1.4677718286655683,0.2505712263674047
5699,0.5706,9,59,9,491188,185256,64305,61951,1.4673045241414269,0.2506037450395822
5700,0.5707,14,77,14,491265,185179,64319,61937,1.4666946521353441,0.25063937583968665
5701,0.5708,11,103,11,491368,185076,64330,61926,1.4658788493220125,0.2507105205625865
5702,0.5709,29,149,29,491517,184927,64359,61897,1.4646987073881637,0.25077383074579457
5703,0.571,39,148,39,491665,184779,64398,61858,1.4635264858699784,0.2508058401618573
5704,0.5711,24,107,24,491772,184672,64422,61834,1.4626790013939932,0.25084176450066126
5705,0.5712,31,137,31,491909,184535,64453,61803,1.4615939044481054,0.2508869926686098
5706,0.5713,28,144,28,492053,184391,64481,61775,1.460453364592574,0.25094854691549606
5707,0.5714,26,107,26,492160,184284,64507,61749,1.4596058801165885,0.250978527270732
5708,0.5715,25,96,25,492256,184188,64532,61724,1.4588455202129007,0.2510003578515892
5709,0.5716,21,95,21,492351,184093,64553,61703,1.4580930807248764,0.2510333772722095
5710,0.5717,49,209,49,492560,183884,64602,61654,1.456437713851223,0.25109758978243696
5711,0.5718,32,130,32,492690,183754,64634,61622,1.455408059814979,0.2511329551382368
5712,0.5719,11,59,11,492749,183695,64645,61611,1.4549407552908378,0.25115977595329914
5713,0.572,34,151,34,492900,183544,64679,61577,1.4537447725256623,0.2512106265885012
5714,0.5721,29,145,29,493045,183399,64708,61548,1.4525963122544672,0.2512706830457201
5715,0.5722,38,157,38,493202,183242,64746,61510,1.4513528069953112,0.25131561744132835
5716,0.5723,28,87,28,493289,183155,64774,61482,1.450663730832594,0.25131930165919303
5717,0.5724,16,89,16,493378,183066,64790,61466,1.4499588138385502,0.25136178496065953
5718,0.5725,20,90,20,493468,182976,64810,61446,1.449245976428843,0.25139308245575276
5719,0.5726,15,101,15,493569,182875,64825,61431,1.448446014446838,0.25145104909416877
5720,0.5727,28,144,28,493713,182731,64853,61403,1.4473054745913065,0.2515135130706907
5721,0.5728,40,192,40,493905,182539,64893,61363,1.445784754783931,0.2515887528597551
5722,0.5729,14,57,14,493962,182482,64907,61349,1.4453332910911165,0.25160459498587134
5723,0.573,14,68,14,494030,182414,64921,61335,1.4447947028260044,0.2516318015663654
5724,0.5731,33,105,33,494135,182309,64954,61302,1.443963059181346,0.2516388833016571
5725,0.5732,36,141,36,494276,182168,64990,61266,1.4428462805728044,0.25167396501721206
5726,0.5733,27,109,27,494385,182059,65017,61239,1.4419829552654924,0.2517036720400497
5727,0.5734,19,127,19,494512,181932,65036,61220,1.4409770624762388,0.2517766664473251
5728,0.5735,28,147,28,494659,181785,65064,61192,1.4398127613737168,0.25184276701086933
5729,0.5736,25,108,25,494767,181677,65089,61167,1.4389573564820681,0.25187774867816376
5730,0.5737,30,142,30,494909,181535,65119,61137,1.4378326574578635,0.2519326498318718
5731,0.5738,17,77,17,494986,181458,65136,61120,1.4372227854517805,0.25196019424679894
5732,0.5739,20,87,20,495073,181371,65156,61100,1.4365337092890635,0.25198889764136745
5733,0.574,30,142,30,495215,181229,65186,61070,1.4354090102648587,0.2520439622119778
5734,0.5741,36,198,36,495413,181031,65222,61034,1.4338407679635028,0.252138888315122
5735,0.5742,12,82,12,495495,180949,65234,61022,1.4331912938791027,0.2521872455790157
5736,0.5743,6,51,6,495546,180898,65240,61016,1.4327873526802686,0.252221863968187
5737,0.5744,34,129,34,495675,180769,65274,60982,1.4317656190596884,0.2522512833452602
5738,0.5745,20,91,20,495766,180678,65294,60962,1.4310448612343176,0.25228439000165537
5739,0.5746,21,72,21,495838,180606,65315,60941,1.4304745913065517,0.25229458449080305
5740,0.5747,32,146,32,495984,180460,65347,60909,1.4293182106196933,0.2523480645816157
5741,0.5748,58,240,58,496224,180220,65405,60851,1.427417310860474,0.2524194117085838
5742,0.5749,21,96,21,496320,180124,65426,60830,1.4266569509567861,0.252454825402359
5743,0.575,15,53,15,496373,180071,65441,60815,1.4262371689266253,0.2524638210605847
5744,0.5751,19,103,19,496476,179968,65460,60796,1.4254213661132937,0.25251283414463954
5745,0.5752,32,101,32,496577,179867,65492,60764,1.4246214041312888,0.25251941769763664
5746,0.5753,38,152,38,496729,179715,65530,60726,1.42341750095045,0.25256091931076646
5747,0.5754,8,26,8,496755,179689,65538,60718,1.423211570143201,0.2525633612997958
5748,0.5755,26,136,26,496891,179553,65564,60692,1.4221343936129769,0.25262544485837374
5749,0.5756,54,222,54,497113,179331,65618,60638,1.4203760613356988,0.2526909725839588
5750,0.5757,23,121,23,497234,179210,65641,60615,1.4194176910404257,0.2527467945376837
5751,0.5758,19,67,19,497301,179143,65660,60596,1.4188870231909771,0.2527582078844076
5752,0.5759,46,211,46,497512,178932,65706,60550,1.4172158154859966,0.2528373739988809
5753,0.576,28,96,28,497608,178836,65734,60522,1.416455455582309,0.25285137743463765
5754,0.5761,20,66,20,497674,178770,65754,60502,1.4159327081485236,0.2528586713029523
5755,0.5762,15,45,15,497719,178725,65769,60487,1.41557628944367,0.25285938832500043
5756,0.5763,16,96,16,497815,178629,65785,60471,1.4148159295399823,0.25291091593475534
5757,0.5764,17,75,17,497890,178554,65802,60454,1.4142218983652262,0.2529371401794082
5758,0.5765,35,149,35,498039,178405,65837,60419,1.4130417564313775,0.25298546209761164
5759,0.5766,49,167,49,498206,178238,65886,60370,1.4117190470155874,0.25300911956011535
5760,0.5767,28,125,28,498331,178113,65914,60342,1.4107289950576607,0.25305403535258225
5761,0.5768,16,118,16,498449,177995,65930,60326,1.4097943860093778,0.2531291829087659
5762,0.5769,13,64,13,498513,177931,65943,60313,1.4092874794069192,0.25315642786387066
5763,0.577,23,123,23,498636,177808,65966,60290,1.4083132682803194,0.2532150627052726
5764,0.5771,26,89,26,498725,177719,65992,60264,1.4076083512862756,0.25322817176016776
5765,0.5772,26,128,26,498853,177591,66018,60238,1.4065945380813585,0.25328282085027476
5766,0.5773,33,130,33,498983,177461,66051,60205,1.4055648840451147,0.25331768111551506
5767,0.5774,33,112,33,499095,177349,66084,60172,1.4046777974908122,0.25333338946872064
5768,0.5775,37,166,37,499261,177183,66121,60135,1.4033630084906856,0.2533941799610649
5769,0.5776,29,131,29,499392,177052,66150,60106,1.4023254340387783,0.253442852444362
5770,0.5777,17,105,17,499497,176947,66167,60089,1.4014937903941198,0.25350157781940297
5771,0.5778,14,34,14,499531,176913,66181,60075,1.4012244962615639,0.25349384778976153
5772,0.5779,37,183,37,499714,176730,66218,60038,1.399775060195159,0.2535731179889174
5773,0.578,39,148,39,499862,176582,66257,59999,1.3986028386769738,0.25360870061416596
5774,0.5781,41,156,41,500018,176426,66298,59958,1.3973672538334811,0.25364660890754026
5775,0.5782,34,110,34,500128,176316,66332,59924,1.3964960081105056,0.2536572976633932
5776,0.5783,33,157,33,500285,176159,66365,59891,1.3952525028513496,0.2537216691378945
5777,0.5784,26,61,26,500346,176098,66391,59865,1.3947693574958815,0.2537050300258939
5778,0.5785,19,118,19,500464,175980,66410,59846,1.3938347484475986,0.25377184873593245
5779,0.5786,20,93,20,500557,175887,66430,59826,1.393098149790901,0.25380865713812983
5780,0.5787,10,49,10,500606,175838,66440,59816,1.3927100494233937,0.25382976737080637
5781,0.5788,22,146,22,500752,175692,66462,59794,1.3915536687365353,0.25391743033556136
5782,0.5789,42,159,42,500911,175533,66504,59752,1.3902943226460525,0.25395584078883054
5783,0.579,6,54,6,500965,175479,66510,59746,1.389866620200228,0.253995111063875
5784,0.5791,22,101,22,501066,175378,66532,59724,1.3890666582182234,0.25403441910319774
5785,0.5792,20,88,20,501154,175290,66552,59704,1.3883696616398429,0.25406606126113856
5786,0.5793,26,100,26,501254,175190,66578,59678,1.3875776200735015,0.2540916599962532
5787,0.5794,25,108,25,501362,175082,66603,59653,1.3867222151818528,0.2541291243316932
5788,0.5795,46,186,46,501548,174896,66649,59607,1.3852490178684578,0.2541843814364848
5789,0.5796,19,121,19,501669,174775,66668,59588,1.3842906475731847,0.25425515119707465
5790,0.5797,33,172,33,501841,174603,66701,59555,1.3829283360790774,0.25433681531273755
5791,0.5798,28,162,28,502003,174441,66729,59527,1.3816452287416043,0.2544236818710251
5792,0.5799,24,112,24,502115,174329,66753,59503,1.380758142187302,0.25446902049334563
5793,0.58,11,59,11,502174,174270,66764,59492,1.3802908376631606,0.25449816480009585
5794,0.5801,16,57,16,502231,174213,66780,59476,1.379839373970346,0.2545091981222907
5795,0.5802,15,91,15,502322,174122,66795,59461,1.3791186161449753,0.2545604774320049
5796,0.5803,36,135,36,502457,173987,66831,59425,1.3780493600304144,0.25459273730570836
5797,0.5804,16,51,16,502508,173936,66847,59409,1.3776454188315803,0.2545972701364932
5798,0.5805,26,91,26,502599,173845,66873,59383,1.3769246610062096,0.2546135112422179
5799,0.5806,12,82,12,502681,173763,66885,59371,1.3762751869218097,0.2546646992716635
5800,0.5807,15,87,15,502768,173676,66900,59356,1.3755861107590925,0.2547117992378729
5801,0.5808,17,77,17,502845,173599,66917,59339,1.3749762387530098,0.25474160506229127
5802,0.5809,40,173,40,503018,173426,66957,59299,1.3736060068432392,0.2548028789343646
5803,0.581,20,100,20,503118,173326,66977,59279,1.3728139652768978,0.2548483480578663
5804,0.5811,37,180,37,503298,173146,67014,59242,1.3713882904574832,0.2549271046697764
5805,0.5812,21,86,21,503384,173060,67035,59221,1.3707071347104296,0.2549541288353331
5806,0.5813,20,74,20,503458,172986,67055,59201,1.370121023951337,0.2549712085517277
5807,0.5814,10,69,10,503527,172917,67065,59191,1.3695745152705614,0.25501490685370604
5808,0.5815,18,98,18,503625,172819,67083,59173,1.368798314535547,0.25506482982171796
5809,0.5816,15,82,15,503707,172737,67098,59158,1.3681488404511468,0.25510683714612215
5810,0.5817,14,70,14,503777,172667,67112,59144,1.3675944113547078,0.2551388846948592
5811,0.5818,8,62,8,503839,172605,67120,59136,1.3671033455835762,0.2551814309940839
5812,0.5819,25,79,25,503918,172526,67145,59111,1.3664776327461665,0.2551880744440655
5813,0.582,23,155,23,504073,172371,67168,59088,1.3652499683183374,0.25528495327466205
5814,0.5821,6,48,6,504121,172323,67174,59082,1.3648697883664935,0.2553185972645362
5815,0.5822,27,97,27,504218,172226,67201,59055,1.3641015080471424,0.2553387437792123
5816,0.5823,36,157,36,504375,172069,67237,59019,1.3628580027879864,0.2553962126981929
5817,0.5824,30,89,30,504464,171980,67267,58989,1.3621530857939426,0.25539791054210736
5818,0.5825,20,88,20,504552,171892,67287,58969,1.361456089215562,0.25543075703561885
5819,0.5826,20,106,20,504658,171786,67307,58949,1.3606165251552402,0.255483563395237
5820,0.5827,13,71,13,504729,171715,67320,58936,1.3600541756431377,0.2555202448721228
5821,0.5828,27,103,27,504832,171612,67347,58909,1.359238372829806,0.2555472169563727
5822,0.5829,19,74,19,504906,171538,67366,58890,1.3586522620707135,0.2555678997344073
5823,0.583,13,75,13,504981,171463,67379,58877,1.3580582308959575,0.25560909959190764
5824,0.5831,33,118,33,505099,171345,67412,58844,1.3571236218476745,0.255633414281308
5825,0.5832,32,160,32,505259,171185,67444,58812,1.3558563553415284,0.2557076831436932
5826,0.5833,7,77,7,505336,171108,67451,58805,1.3552464833354454,0.2557706610761462
5827,0.5834,35,136,35,505472,170972,67486,58770,1.3541693068052212,0.25580868974762994
5828,0.5835,18,91,18,505563,170881,67504,58752,1.3534485489798505,0.255851728627854
5829,0.5836,32,113,32,505676,170768,67536,58720,1.3525535420098846,0.2558739454786307
5830,0.5837,17,63,17,505739,170705,67553,58703,1.3520545558230896,0.25588907100013947
5831,0.5838,16,88,16,505827,170617,67569,58687,1.3513575592447091,0.25593535219621116
5832,0.5839,19,87,19,505914,170530,67588,58668,1.3506684830819922,0.2559708199897032
5833,0.584,25,80,25,505994,170450,67613,58643,1.350034849828919,0.2559790128899617
5834,0.5841,24,166,24,506160,170284,67637,58619,1.3487200608287924,0.2560866393188381
5835,0.5842,15,65,15,506225,170219,67652,58604,1.3482052338106705,0.25611061825078774
5836,0.5843,15,69,15,506294,170150,67667,58589,1.3476587251298948,0.25613909302742427
5837,0.5844,25,93,25,506387,170057,67692,58564,1.3469221264731974,0.25616194487820454
5838,0.5845,21,96,21,506483,169961,67713,58543,1.3461617665695096,0.2562012043552848
5839,0.5846,32,127,32,506610,169834,67745,58511,1.345155873780256,0.25623946221725896
5840,0.5847,43,241,43,506851,169593,67788,58468,1.343247053605373,0.25637000627025225
5841,0.5848,18,88,18,506939,169505,67806,58450,1.3425500570269928,0.2564102564102564
5842,0.5849,20,70,20,507009,169435,67826,58430,1.3419956279305538,0.256423759682268
5843,0.585,29,122,29,507131,169313,67855,58401,1.3410293372196174,0.2564664447508717
5844,0.5851,29,116,29,507247,169197,67884,58372,1.3401105690026613,0.2565024234408026
5845,0.5852,19,86,19,507333,169111,67903,58353,1.3394294132556077,0.2565372982098266
5846,0.5853,17,65,17,507398,169046,67920,58336,1.3389145862374858,0.2565550483327616
5847,0.5854,46,223,46,507621,168823,67966,58290,1.3371483335445444,0.25665637810253045
5848,0.5855,46,150,46,507771,168673,68012,58244,1.3359602711950322,0.25667534825508886
5849,0.5856,17,72,17,507843,168601,68029,58227,1.3353900012672666,0.25670111273740454
5850,0.5857,27,131,27,507974,168470,68056,58200,1.3343524268153593,0.2567609299863237
5851,0.5858,32,121,32,508095,168349,68088,58168,1.3333940565200861,0.2567930883774728
5852,0.5859,19,109,19,508204,168240,68107,58149,1.332530731212774,0.25685435246412147
5853,0.586,12,61,12,508265,168179,68119,58137,1.3320475858573058,0.2568841796426236
5854,0.5861,19,103,19,508368,168076,68138,58118,1.3312317830439742,0.2569387340070913
5855,0.5862,22,84,22,508452,167992,68160,58096,1.3305664681282474,0.25696189094511873
5856,0.5863,13,65,13,508517,167927,68173,58083,1.3300516411101255,0.2569930534047166
5857,0.5864,31,188,31,508705,167739,68204,58052,1.3285626029654036,0.2571050219007844
5858,0.5865,38,146,38,508851,167593,68242,58014,1.3274062222785452,0.25714627648964794
5859,0.5866,8,60,8,508911,167533,68250,58006,1.3269309973387404,0.2571883354985169
5860,0.5867,33,115,33,509026,167418,68283,57973,1.3260201495374477,0.2572108025608831
5861,0.5868,30,101,30,509127,167317,68313,57943,1.325220187555443,0.2572272041196839
5862,0.5869,18,94,18,509221,167223,68331,57925,1.324475668483082,0.2572752145255565
5863,0.587,18,53,18,509274,167170,68349,57907,1.324055886452921,0.2572763987435411
5864,0.5871,23,111,23,509385,167059,68372,57884,1.3231767203142821,0.25732741183322
5865,0.5872,29,169,29,509554,166890,68401,57855,1.321838170067165,0.2574250817593272
5866,0.5873,16,60,16,509614,166830,68417,57839,1.3213629451273603,0.25744094645901305
5867,0.5874,11,68,11,509682,166762,68428,57828,1.3208243568622482,0.25748252370987135
5868,0.5875,27,88,27,509770,166674,68455,57801,1.3201273602838677,0.257494153023722
5869,0.5876,31,150,31,509920,166524,68486,57770,1.3189392979343555,0.2575637333143107
5870,0.5877,36,148,36,510068,166376,68522,57734,1.3177670764161704,0.2576145642764714
5871,0.5878,9,67,9,510135,166309,68531,57725,1.3172364085667216,0.2576617834792933
5872,0.5879,19,73,19,510208,166236,68550,57706,1.3166582182232924,0.2576827928660099
5873,0.588,32,102,32,510310,166134,68582,57674,1.3158503358256242,0.25769409493851875
5874,0.5881,18,84,18,510394,166050,68600,57656,1.3151850209098974,0.25773112924999775
5875,0.5882,22,128,22,510522,165922,68622,57634,1.3141712077049803,0.2578056504857843
5876,0.5883,35,149,35,510671,165773,68657,57599,1.3129910657711317,0.2578613255018534
5877,0.5884,22,104,22,510775,165669,68679,57577,1.3121673425421365,0.2579083163864078
5878,0.5885,18,120,18,510895,165549,68697,57559,1.311216892662527,0.2579871631676139
5879,0.5886,17,77,17,510972,165472,68714,57542,1.310607020656444,0.25801967589478686
5880,0.5887,25,109,25,511081,165363,68739,57517,1.309743695349132,0.2580626346015793
5881,0.5888,24,94,24,511175,165269,68763,57493,1.308999176276771,0.2580915955144953
5882,0.5889,21,107,21,511282,165162,68784,57472,1.3081516918007856,0.2581456560992481
5883,0.589,9,75,9,511357,165087,68793,57463,1.3075576606260297,0.2582026510896428
5884,0.5891,22,128,22,511485,164959,68815,57441,1.3065438474211126,0.2582778776978417
5885,0.5892,34,118,34,511603,164841,68849,57407,1.3056092383728297,0.2583015370217055
5886,0.5893,27,95,27,511698,164746,68876,57380,1.3048567988848054,0.25832185336250596
5887,0.5894,22,91,22,511789,164655,68898,57358,1.3041360410594347,0.25835424051744715
5888,0.5895,36,163,36,511952,164492,68934,57322,1.3028450133062983,0.25842372438168915
5889,0.5896,19,134,19,512086,164358,68953,57303,1.3017836776074008,0.25851638312558367
5890,0.5897,11,65,11,512151,164293,68964,57292,1.3012688505892789,0.258555407631383
5891,0.5898,15,55,15,512206,164238,68979,57277,1.3008332277277912,0.2585693971062908
5892,0.5899,21,110,21,512316,164128,69000,57256,1.2999619820048156,0.2586275430925451
5893,0.59,10,63,10,512379,164065,69010,57246,1.2994629958180206,0.25866766676758046
5894,0.5901,16,104,16,512483,163961,69026,57230,1.2986392725890255,0.2587356628434249
5895,0.5902,15,91,15,512574,163870,69041,57215,1.2979185147636547,0.2587918673813239
5896,0.5903,12,88,12,512662,163782,69053,57203,1.2972215181852744,0.25885467339412177
5897,0.5904,49,203,49,512865,163579,69102,57154,1.2956136738056012,0.2589282073817689
5898,0.5905,16,67,16,512932,163512,69118,57138,1.2950830059561527,0.2589530931339225
5899,0.5906,12,70,12,513002,163442,69130,57126,1.2945285768597137,0.2589949584708571
5900,0.5907,27,107,27,513109,163335,69157,57099,1.2936810923837283,0.25902991371567
5901,0.5908,17,104,17,513213,163231,69174,57082,1.2928573691547331,0.2590950148198245
5902,0.5909,26,113,26,513326,163118,69200,57056,1.2919623621847676,0.25914049796978755
5903,0.591,24,124,24,513450,162994,69224,57032,1.2909802306425042,0.2592057302318817
5904,0.5911,36,127,36,513577,162867,69260,56996,1.2899743378532504,0.2592341594538417
5905,0.5912,22,79,22,513656,162788,69282,56974,1.2893486250158408,0.2592531920896242
5906,0.5913,17,75,17,513731,162713,69299,56957,1.2887545938410847,0.25928438111713026
5907,0.5914,20,124,20,513855,162589,69319,56937,1.2877724622988214,0.2593633555934149
5908,0.5915,24,79,24,513934,162510,69343,56913,1.2871467494614117,0.2593757263368015
5909,0.5916,24,117,24,514051,162393,69367,56889,1.2862200608287924,0.259433058800996
5910,0.5917,16,75,16,514126,162318,69383,56873,1.2856260296540363,0.25946777011829864
5911,0.5918,37,175,37,514301,162143,69420,56836,1.2842399569129388,0.2595500025116564
5912,0.5919,31,123,31,514424,162020,69451,56805,1.2832657457863388,0.2595909973723295
5913,0.592,8,45,8,514469,161975,69459,56797,1.2829093270814853,0.25961731848682645
5914,0.5921,26,94,26,514563,161881,69485,56771,1.2821648080091244,0.25964089054753675
5915,0.5922,39,133,39,514696,161748,69524,56732,1.2811113927258904,0.2596667887220798
5916,0.5923,20,76,20,514772,161672,69544,56712,1.2805094411354707,0.2596893545314675
5917,0.5924,21,73,21,514845,161599,69565,56691,1.2799312507920415,0.2597049796142746
5918,0.5925,32,96,32,514941,161503,69597,56659,1.279170890888354,0.25971067371952955
5919,0.5926,19,100,19,515041,161403,69616,56640,1.2783788493220125,0.25976527565663654
5920,0.5927,31,169,31,515210,161234,69647,56609,1.2770402990748955,0.25986145985870557
5921,0.5928,25,92,25,515302,161142,69672,56584,1.2763116208338614,0.2598862790847212
5922,0.5929,25,150,25,515452,160992,69697,56559,1.2751235584843492,0.25998041838465463
5923,0.593,29,137,29,515589,160855,69726,56530,1.2740384615384615,0.2600455413206983
5924,0.5931,35,198,35,515787,160657,69761,56495,1.2724702192371056,0.2601633878573534
5925,0.5932,42,154,42,515941,160503,69803,56453,1.2712504752249398,0.26020483415992185
5926,0.5933,15,75,15,516016,160428,69818,56438,1.2706564440501837,0.2602436527625354
5927,0.5934,20,106,20,516122,160322,69838,56418,1.269816879989862,0.26030266678970193
5928,0.5935,21,92,21,516214,160230,69859,56397,1.2690882017488279,0.2603415086762038
5929,0.5936,26,127,26,516341,160103,69885,56371,1.2680823089595743,0.26040540665391687
5930,0.5937,26,120,26,516461,159983,69911,56345,1.2671318590799645,0.26046096668022634
5931,0.5938,30,119,30,516580,159864,69941,56315,1.2661893296160183,0.2605017138574977
5932,0.5939,43,149,43,516729,159715,69984,56272,1.2650091876821696,0.26053419881752143
5933,0.594,11,29,11,516758,159686,69995,56261,1.2647794956279306,0.26053151930797835
5934,0.5941,6,51,6,516809,159635,70001,56255,1.2643755544290964,0.2605725137801658
5935,0.5942,26,106,26,516915,159529,70027,56229,1.2635359903687746,0.26061142576405044
5936,0.5943,44,192,44,517107,159337,70071,56185,1.2620152705613992,0.26069264390642255
5937,0.5944,9,44,9,517151,159293,70080,56176,1.2616667722722088,0.260714998445252
5938,0.5945,24,134,24,517285,159159,70104,56152,1.2606054365733115,0.2607948502398856
5939,0.5946,56,175,56,517460,158984,70160,56096,1.259219363832214,0.2608145806211642
5940,0.5947,18,101,18,517561,158883,70178,56078,1.258419401850209,0.26087522852982636
5941,0.5948,27,104,27,517665,158779,70205,56051,1.2575956786212141,0.26090862542475446
5942,0.5949,12,59,12,517724,158720,70217,56039,1.2571283740970727,0.26093900604864056
5943,0.595,19,100,19,517824,158620,70236,56020,1.2563363325307313,0.2609951546775997
5944,0.5951,30,107,30,517931,158513,70266,55990,1.255488848054746,0.2610219903684331
5945,0.5952,22,96,22,518027,158417,70288,55968,1.254728488151058,0.2610630407911001
5946,0.5953,17,94,17,518121,158323,70305,55951,1.2539839690786974,0.26111894116878387
5947,0.5954,23,100,23,518221,158223,70328,55928,1.2531919275123558,0.2611615168736079
5948,0.5955,31,96,31,518317,158127,70359,55897,1.2524315676086681,0.26117164430157364
5949,0.5956,11,63,11,518380,158064,70370,55886,1.251932581421873,0.2612105632157046
5950,0.5957,39,124,39,518504,157940,70409,55847,1.2509504498796096,0.26122729632765324
5951,0.5958,52,150,52,518654,157790,70461,55795,1.2497623875300976,0.2612308916824683
5952,0.5959,40,191,40,518845,157599,70501,55755,1.2482495881383855,0.2613262465198684
5953,0.596,15,81,15,518926,157518,70516,55740,1.247608034469649,0.26137354753397296
5954,0.5961,27,105,27,519031,157413,70543,55713,1.2467763908249905,0.2614087441231947
5955,0.5962,16,97,16,519128,157316,70559,55697,1.2460081105056393,0.26147230450723663
5956,0.5963,29,100,29,519228,157216,70588,55668,1.245216068939298,0.2614945228387291
5957,0.5964,36,108,36,519336,157108,70624,55632,1.2443606640476492,0.26150230328100027
5958,0.5965,18,88,18,519424,157020,70642,55614,1.2436636674692687,0.2615480120770902
5959,0.5966,25,112,25,519536,156908,70667,55589,1.2427765809149665,0.2615989872798204
5960,0.5967,21,123,21,519659,156785,70688,55568,1.2418023697883664,0.26167748984003053
5961,0.5968,23,78,23,519737,156707,70711,55545,1.2411845773666201,0.2616936471741138
5962,0.5969,26,95,26,519832,156612,70737,55519,1.2404321378785959,0.2617203520466127
5963,0.597,34,146,34,519978,156466,70771,55485,1.2392757571917374,0.26178220437742683
5964,0.5971,29,89,29,520067,156377,70800,55456,1.2385708401976936,0.26179112791680237
5965,0.5972,27,113,27,520180,156264,70827,55429,1.2376758332277278,0.26183671637701766
5966,0.5973,18,101,18,520281,156163,70845,55411,1.236875871245723,0.26189891007401667
5967,0.5974,26,136,26,520417,156027,70871,55385,1.2357986947154986,0.2619766143832895
5968,0.5975,11,92,11,520509,155935,70882,55374,1.2350700164744646,0.26205225522812564
5969,0.5976,21,82,21,520591,155853,70903,55353,1.2344205423900647,0.2620806227095821
5970,0.5977,22,83,22,520674,155770,70925,55331,1.2337631478900013,0.262106764060805
5971,0.5978,21,87,21,520761,155683,70946,55310,1.2330740717272843,0.2621413980558597
5972,0.5979,11,70,11,520831,155613,70957,55299,1.2325196426308453,0.26218991807009556
5973,0.598,15,100,15,520931,155513,70972,55284,1.231727601064504,0.26226179689464274
5974,0.5981,10,121,10,521052,155392,70982,55274,1.2307692307692308,0.2623774125867487
5975,0.5982,29,79,29,521131,155313,71011,55245,1.230143517931821,0.26237426267346764
5976,0.5983,22,70,22,521201,155243,71033,55223,1.229589088835382,0.2623844231372288
5977,0.5984,32,103,32,521304,155140,71065,55191,1.2287732860220504,0.26240069224222773
5978,0.5985,32,175,32,521479,154965,71097,55159,1.227387213280953,0.2625069006872133
5979,0.5986,18,64,18,521543,154901,71115,55141,1.2268803066784946,0.26252368573904267
5980,0.5987,9,85,9,521628,154816,71124,55132,1.2262070713471043,0.2625983576885705
5981,0.5988,27,112,27,521740,154704,71151,55105,1.225319984792802,0.2626436425510822
5982,0.5989,15,35,15,521775,154669,71166,55090,1.2250427702445825,0.26263473796118403
5983,0.599,24,106,24,521881,154563,71190,55066,1.2242032061842605,0.2626831211330493
5984,0.5991,51,139,51,522020,154424,71241,55015,1.223102268407046,0.26267791576544963
5985,0.5992,14,70,14,522090,154354,71255,55001,1.222547839310607,0.2627164385851783
5986,0.5993,9,37,9,522127,154317,71264,54992,1.2222547839310607,0.2627311773502334
5987,0.5994,26,101,26,522228,154216,71290,54966,1.221454821949056,0.26276639481408537
5988,0.5995,29,117,29,522345,154099,71319,54937,1.2205281333164364,0.26281119041696166
5989,0.5996,44,143,44,522488,153956,71363,54893,1.2193955138765682,0.2628358287566615
5990,0.5997,37,116,37,522604,153840,71400,54856,1.2184767456596122,0.2628512285812857
5991,0.5998,11,65,11,522669,153775,71411,54845,1.2179619186414903,0.26289425750167766
5992,0.5999,10,59,10,522728,153716,71421,54835,1.2174946141173488,0.26293328730142745
5993,0.6,34,149,34,522877,153567,71455,54801,1.2163144721835002,0.2630010366275052
5994,0.6001,21,101,21,522978,153466,71476,54780,1.2155145102014955,0.2630542723509695
5995,0.6002,12,79,12,523057,153387,71488,54768,1.2148887973640856,0.2631116235497586
5996,0.6003,20,117,20,523174,153270,71508,54748,1.2139621087314663,0.26318876251093654
5997,0.6004,29,96,29,523270,153174,71537,54719,1.2132017488277784,0.26320751540455906
5998,0.6005,30,155,30,523425,153019,71567,54689,1.2119740843999494,0.2632975138174745
5999,0.6006,14,96,14,523521,152923,71581,54675,1.2112137244962615,0.26336958930240173
6000,0.6007,22,63,22,523584,152860,71603,54653,1.2107147383094665,0.2633714514271395
6001,0.6008,42,208,42,523792,152652,71645,54611,1.2090672918514764,0.2634864881816822
6002,0.6009,21,85,21,523877,152567,71666,54590,1.2083940565200861,0.2635199389834763
6003,0.601,35,144,35,524021,152423,71701,54555,1.2072535166645546,0.2635787378368715
6004,0.6011,30,134,30,524155,152289,71731,54525,1.206192180965657,0.26364269343468044
6005,0.6012,37,126,37,524281,152163,71768,54488,1.2051942085920668,0.263671600911682
6006,0.6013,15,66,15,524347,152097,71783,54473,1.2046714611582816,0.26370237691823595
6007,0.6014,31,203,31,524550,151894,71814,54442,1.2030636167786086,0.2638511941687345
6008,0.6015,21,88,21,524638,151806,71835,54421,1.202366620200228,0.26388882154131127
6009,0.6016,26,111,26,524749,151695,71861,54395,1.2014874540615892,0.2639380853025377
6010,0.6017,19,64,19,524813,151631,71880,54376,1.2009805474591306,0.2639521957991719
6011,0.6018,16,88,16,524901,151543,71896,54360,1.2002835508807501,0.2640078095025327
6012,0.6019,36,130,36,525031,151413,71932,54324,1.1992538968445063,0.26404584493795474
6013,0.602,16,67,16,525098,151346,71948,54308,1.1987232289950576,0.26407461075398486
6014,0.6021,19,92,19,525190,151254,71967,54289,1.1979945507540235,0.26412478167585374
6015,0.6022,24,124,24,525314,151130,71991,54265,1.1970124192117602,0.2641982521482996
6016,0.6023,40,90,40,525404,151040,72031,54225,1.196299581802053,0.26417070616032934
6017,0.6024,29,117,29,525521,150923,72060,54196,1.1953728931694336,0.26421735675388436
6018,0.6025,22,66,22,525587,150857,72082,54174,1.1948501457356482,0.2642234588915823
6019,0.6026,20,121,20,525708,150736,72102,54154,1.193891775440375,0.2643076772902533
6020,0.6027,19,82,19,525790,150654,72121,54135,1.1932423013559752,0.26434525291885796
6021,0.6028,18,59,18,525849,150595,72139,54117,1.1927749968318337,0.264356754855602
6022,0.6029,17,113,17,525962,150482,72156,54100,1.191879989861868,0.26444164198218806
6023,0.603,10,47,10,526009,150435,72166,54090,1.1915077303256876,0.26446644664466445
6024,0.6031,28,128,28,526137,150307,72194,54062,1.1904939171207705,0.26453131345752046
6025,0.6032,23,52,23,526189,150255,72217,54039,1.190082055506273,0.2645158448118887
6026,0.6033,27,65,27,526254,150190,72244,54012,1.189567228488151,0.2645027962507713
6027,0.6034,33,117,33,526371,150073,72277,53979,1.1886405398555315,0.2645355105561327
6028,0.6035,28,105,28,526476,149968,72305,53951,1.187808896210873,0.26457073641985296
6029,0.6036,37,146,37,526622,149822,72342,53914,1.1866525155240146,0.26462677190089134
6030,0.6037,19,87,19,526709,149735,72361,53895,1.1859634393612977,0.2646712174041153
6031,0.6038,31,100,31,526809,149635,72392,53864,1.1851713977949563,0.26468926137229176
6032,0.6039,15,46,15,526855,149589,72407,53849,1.1848070586744393,0.26469489475909125
6033,0.604,35,138,35,526993,149451,72442,53814,1.1837140413128882,0.26474798907829683
6034,0.6041,20,91,20,527084,149360,72462,53794,1.1829932834875174,0.2647941955363911
6035,0.6042,46,148,46,527232,149212,72508,53748,1.1818210619693321,0.2648206543161214
6036,0.6043,36,159,36,527391,149053,72544,53712,1.1805617158788493,0.2648977880797968
6037,0.6044,27,138,27,527529,148915,72571,53685,1.1794686985172982,0.2649802566633761
6038,0.6045,19,74,19,527603,148841,72590,53666,1.1788825877582056,0.265008123175989
6039,0.6046,27,132,27,527735,148709,72617,53639,1.177837092890635,0.2650829264435527
6040,0.6047,26,142,26,527877,148567,72643,53613,1.1767123938664301,0.265174596893857
6041,0.6048,27,106,27,527983,148461,72670,53586,1.1758728298061083,0.26521551916138325
6042,0.6049,11,44,11,528027,148417,72681,53575,1.175524331516918,0.2652332765654085
6043,0.605,29,135,29,528162,148282,72710,53546,1.174455075402357,0.26530511128287454
6044,0.6051,17,84,17,528246,148198,72727,53529,1.1737897604866303,0.26535367105047913
6045,0.6052,37,161,37,528407,148037,72764,53492,1.1725145735648206,0.2654307816741015
6046,0.6053,11,52,11,528459,147985,72775,53481,1.1721027119503231,0.2654591841799609
6047,0.6054,15,79,15,528538,147906,72790,53466,1.1714769991129135,0.2655086109290269
6048,0.6055,27,97,27,528635,147809,72817,53439,1.1707087187935623,0.2655380426140881
6049,0.6056,14,64,14,528699,147745,72831,53425,1.1702018121911038,0.26557140726748524
6050,0.6057,15,82,15,528781,147663,72846,53410,1.169552338106704,0.26562492229190393
6051,0.6058,19,109,19,528890,147554,72865,53391,1.1686890127993916,0.2656995695339521
6052,0.6059,31,117,31,529007,147437,72896,53360,1.1677623241667723,0.2657410220272215
6053,0.606,10,104,10,529111,147333,72906,53350,1.1669386009377771,0.2658421490609568
6054,0.6061,18,75,18,529186,147258,72924,53332,1.1663445697630213,0.2658756667829902
6055,0.6062,36,94,36,529280,147164,72960,53296,1.1656000506906603,0.26586850244437793
6056,0.6063,18,83,18,529363,147081,72978,53278,1.164942656190597,0.26591268672732443
6057,0.6064,11,68,11,529431,147013,72989,53267,1.1644040679254848,0.2659626522867985
6058,0.6065,18,81,18,529512,146932,73007,53249,1.1637625142567483,0.2660042661391441
6059,0.6066,45,196,45,529708,146736,73052,53204,1.162210112786719,0.2660998299489847
6060,0.6067,16,89,16,529797,146647,73068,53188,1.1615051957926752,0.26615958165486525
6061,0.6068,37,131,37,529928,146516,73105,53151,1.1604676213407679,0.26619822003636057
6062,0.6069,34,135,34,530063,146381,73139,53117,1.159398365226207,0.2662532957723887
6063,0.607,29,122,29,530185,146259,73168,53088,1.1584320745152705,0.26630950051919516
6064,0.6071,41,144,41,530329,146115,73209,53047,1.157291534659739,0.2663510107349796
6065,0.6072,27,106,27,530435,146009,73236,53020,1.156451970599417,0.26639333966406903
6066,0.6073,43,146,43,530581,145863,73279,52977,1.1552955899125585,0.26643029571514787
6067,0.6074,24,87,24,530668,145776,73303,52953,1.1546065137498416,0.2664583427682925
6068,0.6075,24,120,24,530788,145656,73327,52929,1.153656063870232,0.26653070473600726
6069,0.6076,38,170,38,530958,145486,73365,52891,1.1523095932074516,0.26661861002031484
6070,0.6077,28,89,28,531047,145397,73393,52863,1.1516046762134078,0.2666347220821144
6071,0.6078,36,174,36,531221,145223,73429,52827,1.1502265238879736,0.2667356728098965
6072,0.6079,23,132,23,531353,145091,73452,52804,1.149181029020403,0.2668283685792971
6073,0.608,39,141,39,531494,144950,73491,52765,1.1480642504118617,0.26687403585969705
6074,0.6081,20,95,20,531589,144855,73511,52745,1.1473118109238374,0.2669281376518219
6075,0.6082,31,117,31,531706,144738,73542,52714,1.1463851222912178,0.2669712132568928
6076,0.6083,21,78,21,531784,144660,73563,52693,1.1457673298694715,0.26699872816729414
6077,0.6084,30,127,30,531911,144533,73593,52663,1.144761437080218,0.26705916955719183
6078,0.6085,27,126,27,532037,144407,73620,52636,1.1437634647066277,0.2671295098024289
6079,0.6086,31,124,31,532161,144283,73651,52605,1.1427813331643644,0.2671823574824266
6080,0.6087,23,91,23,532252,144192,73674,52582,1.1420605753389939,0.2672202628396028
6081,0.6088,49,144,49,532396,144048,73723,52533,1.140920035483462,0.2672333541898759
6082,0.6089,17,90,17,532486,143958,73740,52516,1.140207198073755,0.26729236438409154
6083,0.609,37,117,37,532603,143841,73777,52479,1.1392805094411356,0.2673135696821516
6084,0.6091,19,92,19,532695,143749,73796,52460,1.1385518312001013,0.26736795967565197
6085,0.6092,19,69,19,532764,143680,73815,52441,1.1380053225193258,0.2673910494031746
6086,0.6093,45,164,45,532928,143516,73860,52396,1.136706374350526,0.2674466086814488
6087,0.6094,10,63,10,532991,143453,73870,52386,1.136207388163731,0.26749523843565376
6088,0.6095,9,52,9,533043,143401,73879,52377,1.1357955265492332,0.2675326134703593
6089,0.6096,24,94,24,533137,143307,73903,52353,1.1350510074768725,0.26757129714811406
6090,0.6097,21,94,21,533231,143213,73924,52332,1.1343064884045115,0.26762126364775374
6091,0.6098,16,62,16,533293,143151,73940,52316,1.1338154226333799,0.2676462011490431
6092,0.6099,16,88,16,533381,143063,73956,52300,1.1331184260549994,0.26770678173451473
6093,0.61,22,103,22,533484,142960,73978,52278,1.1323026232416677,0.26776549647097386
6094,0.6101,24,146,24,533630,142814,74002,52254,1.1311462425548093,0.267875817663584
6095,0.6102,33,116,33,533746,142698,74035,52221,1.1302274743378533,0.26791128622658644
6096,0.6103,22,80,22,533826,142618,74057,52199,1.1295938410847801,0.2679386295857138
6097,0.6104,19,73,19,533899,142545,74076,52180,1.129015650741351,0.2679676466812171
6098,0.6105,14,131,14,534030,142414,74090,52166,1.1279780762894436,0.26809538493164764
6099,0.6106,36,140,36,534170,142274,74126,52130,1.1268692180965658,0.268152918664225
6100,0.6107,45,173,45,534343,142101,74171,52085,1.125498986186795,0.26822221993346584
6101,0.6108,22,67,22,534410,142034,74193,52063,1.1249683183373465,0.26823186344971844
6102,0.6109,41,153,41,534563,141881,74234,52022,1.123756494740844,0.2682887835670413
6103,0.611,27,129,27,534692,141752,74261,51995,1.1227347611202636,0.26836544565851345
6104,0.6111,31,114,31,534806,141638,74292,51964,1.1218318337346345,0.26840631811654836
6105,0.6112,18,78,18,534884,141560,74310,51946,1.1212140413128882,0.26844645644062715
6106,0.6113,25,78,25,534962,141482,74335,51921,1.1205962488911418,0.2684601583222597
6107,0.6114,27,92,27,535054,141390,74362,51894,1.1198675706501078,0.268485751536599
6108,0.6115,16,98,16,535152,141292,74378,51878,1.119091369915093,0.2685613708132733
6109,0.6116,47,135,47,535287,141157,74425,51831,1.1180221138005322,0.2685711028664995
6110,0.6117,16,61,16,535348,141096,74441,51815,1.117538968445064,0.2685953626283623
6111,0.6118,12,63,12,535411,141033,74453,51803,1.1170399822582688,0.26863759878860793
6112,0.6119,17,81,17,535492,140952,74470,51786,1.1163984285895323,0.26868598823273043
6113,0.612,26,83,26,535575,140869,74496,51760,1.1157410340894691,0.2687030509424853
6114,0.6121,20,66,20,535641,140803,74516,51740,1.1152182866556837,0.26871919519276216
6115,0.6122,28,76,28,535717,140727,74544,51712,1.1146163350652643,0.2687189187222964
6116,0.6123,25,76,25,535793,140651,74569,51687,1.1140143834748448,0.2687300481444124
6117,0.6124,27,127,27,535920,140524,74596,51660,1.1130084906855913,0.26880489530866253
6118,0.6125,10,50,10,535970,140474,74606,51650,1.1126124699024205,0.26883679290458246
6119,0.6126,23,94,23,536064,140380,74629,51627,1.1118679508300595,0.2688808220533626
6120,0.6127,31,108,31,536172,140272,74660,51596,1.1110125459384108,0.2689140450726541
6121,0.6128,37,135,37,536307,140137,74697,51559,1.10994328982385,0.26896231533260995
6122,0.6129,17,76,17,536383,140061,74714,51542,1.1093413382334305,0.26900413876609447
6123,0.613,23,105,23,536488,139956,74737,51519,1.108509694588772,0.2690638464551508
6124,0.6131,15,69,15,536557,139887,74752,51504,1.1079631859079964,0.26910356286345755
6125,0.6132,12,96,12,536653,139791,74764,51492,1.1072028260043087,0.2691927667382883
6126,0.6133,33,111,33,536764,139680,74797,51459,1.1063236598656698,0.2692229215387755
6127,0.6134,21,90,21,536854,139590,74818,51438,1.1056108224559624,0.26926942647151203
6128,0.6135,21,133,21,536987,139457,74839,51417,1.1045574071727284,0.2693766568521643
6129,0.6136,19,94,19,537081,139363,74858,51398,1.1038128881003675,0.2694366248866383
6130,0.6137,40,121,40,537202,139242,74898,51358,1.1028545178050944,0.2694543546694648
6131,0.6138,23,90,23,537292,139152,74921,51335,1.1021416803953872,0.269493456246358
6132,0.6139,37,104,37,537396,139048,74958,51298,1.101317957166392,0.26949870236306517
6133,0.614,31,138,31,537534,138910,74989,51267,1.100224939804841,0.26957518522218776
6134,0.6141,22,85,22,537619,138825,75011,51245,1.0995517044734509,0.2696111958752039
6135,0.6142,35,129,35,537748,138696,75046,51210,1.0985299708528704,0.2696597263909513
6136,0.6143,35,133,35,537881,138563,75081,51175,1.0974765555696362,0.2697140267105166
6137,0.6144,5,37,5,537918,138526,75086,51170,1.09718350019009,0.26974738529014847
6138,0.6145,31,110,31,538028,138416,75117,51139,1.0963122544671144,0.26978449526522646
6139,0.6146,31,94,31,538122,138322,75148,51108,1.0955677353947535,0.2697988702950958
6140,0.6147,10,74,10,538196,138248,75158,51098,1.094981624635661,0.2698657484182396
6141,0.6148,39,143,39,538339,138105,75197,51059,1.0938490051957928,0.2699192235309044
6142,0.6149,13,59,13,538398,138046,75210,51046,1.0933817006716513,0.26995325026971
6143,0.615,26,95,26,538493,137951,75236,51020,1.092629261183627,0.26998851675653934
6144,0.6151,22,105,22,538598,137846,75258,50998,1.0917976175389685,0.2700535892059054
6145,0.6152,18,80,18,538678,137766,75276,50980,1.0911639842858953,0.27009843917222087
6146,0.6153,19,89,19,538767,137677,75295,50961,1.0904590672918515,0.27015235530486964
6147,0.6154,26,126,26,538893,137551,75321,50935,1.0894610949182613,0.2702322718928727
6148,0.6155,22,84,22,538977,137467,75343,50913,1.0887957800025345,0.2702675443252999
6149,0.6156,21,117,21,539094,137350,75364,50892,1.0878690913699152,0.27035411863452363
6150,0.6157,37,67,37,539161,137283,75401,50855,1.0873384235204664,0.27030690238016775
6151,0.6158,27,137,27,539298,137146,75428,50828,1.0862533265745786,0.2703990977475608
6152,0.6159,19,84,19,539382,137062,75447,50809,1.0855880116588519,0.270446210431626
6153,0.616,29,146,29,539528,136916,75476,50780,1.0844316309719935,0.2705438581536101
6154,0.6161,26,73,26,539601,136843,75502,50754,1.0838534406285643,0.27054803648245973
6155,0.6162,12,63,12,539664,136780,75514,50742,1.083354454441769,0.2705922505092736
6156,0.6163,34,134,34,539798,136646,75548,50708,1.0822931187428717,0.27065341545950444
6157,0.6164,21,115,21,539913,136531,75569,50687,1.081382270941579,0.2707378564026963
6158,0.6165,30,107,30,540020,136424,75599,50657,1.0805347864655936,0.2707757602321989
6159,0.6166,23,96,23,540116,136328,75622,50634,1.079774426561906,0.27082508745092587
6160,0.6167,36,146,36,540262,136182,75658,50598,1.0786180458750476,0.27089624156761966
6161,0.6168,26,125,26,540387,136057,75684,50572,1.0776279939171207,0.2709761076788709
6162,0.6169,18,74,18,540461,135983,75702,50554,1.0770418831580282,0.2710132574234602
6163,0.617,36,174,36,540635,135809,75738,50518,1.075663730832594,0.2711254944264653
6164,0.6171,20,82,20,540717,135727,75758,50498,1.0750142567481942,0.27116659954356287
6165,0.6172,35,118,35,540835,135609,75793,50463,1.0740796476999113,0.2712014703985554
6166,0.6173,22,59,22,540894,135550,75815,50441,1.0736123431757698,0.27120129468630205
6167,0.6174,23,97,23,540991,135453,75838,50418,1.0728440628564186,0.2712526429620543
6168,0.6175,16,72,16,541063,135381,75854,50402,1.072273792928653,0.27129500546336316
6169,0.6176,17,100,17,541163,135281,75871,50385,1.0714817513623114,0.27137440349875586
6170,0.6177,23,116,23,541279,135165,75894,50362,1.0705629831453554,0.2714537506670188
6171,0.6178,24,85,24,541364,135080,75918,50338,1.0698897478139653,0.2714838904529226
6172,0.6179,18,62,18,541426,135018,75936,50320,1.0693986820428336,0.2715039549363865
6173,0.618,27,108,27,541534,134910,75963,50293,1.068543277151185,0.2715560763054594
6174,0.6181,20,76,20,541610,134834,75983,50273,1.0679413255607655,0.27158886481872646
6175,0.6182,16,85,16,541695,134749,75999,50257,1.0672680902293752,0.2716506491681351
6176,0.6183,13,55,13,541750,134694,76012,50244,1.0668324673678875,0.2716802387827272
6177,0.6184,23,111,23,541861,134583,76035,50221,1.0659533012292486,0.27175277591394126
6178,0.6185,45,90,45,541951,134493,76080,50176,1.0652404638195412,0.27170775820522125
6179,0.6186,20,87,20,542038,134406,76100,50156,1.0645513876568242,0.2717569163749851
6180,0.6187,22,80,22,542118,134326,76122,50134,1.063917754403751,0.27178792150059633
6181,0.6188,25,108,25,542226,134218,76147,50109,1.0630623495121023,0.27184839985460624
6182,0.6189,24,90,24,542316,134128,76171,50085,1.0623495121023951,0.2718863489547426
6183,0.619,15,86,15,542402,134042,76186,50070,1.0616683563553415,0.2719540279829669
6184,0.6191,19,104,19,542506,133938,76205,50051,1.0608446331263466,0.2720325671643413
6185,0.6192,21,76,21,542582,133862,76226,50030,1.060242681535927,0.2720618623974942
6186,0.6193,15,105,15,542687,133757,76241,50015,1.0594110378912684,0.2721578913000892
6187,0.6194,32,101,32,542788,133656,76273,49983,1.0586110759092637,0.2721807459199843
6188,0.6195,44,158,44,542946,133498,76317,49939,1.0573596502344442,0.27224060576655745
6189,0.6196,27,125,27,543071,133373,76344,49912,1.0563695982765176,0.2723190659355648
6190,0.6197,20,74,20,543145,133299,76364,49892,1.055783487517425,0.2723496241627591
6191,0.6198,25,103,25,543248,133196,76389,49867,1.0549676847040932,0.2724034895090761
6192,0.6199,24,133,24,543381,133063,76413,49843,1.0539142694208592,0.27250609602746767
6193,0.62,13,46,13,543427,133017,76426,49830,1.0535499303003422,0.27252292900621833
6194,0.6201,21,81,21,543508,132936,76447,49809,1.0529083766316056,0.2725601247640154
6195,0.6202,18,63,18,543571,132873,76465,49791,1.0524093904448106,0.27258244645907237
6196,0.6203,24,68,24,543639,132805,76489,49767,1.0518708021796983,0.2725883487062638
6197,0.6204,16,80,16,543719,132725,76505,49751,1.0512371689266253,0.2726440737412043
6198,0.6205,12,63,12,543782,132662,76517,49739,1.05073818273983,0.272690390951804
6199,0.6206,18,81,18,543863,132581,76535,49721,1.0500966290710936,0.2727397395530493
6200,0.6207,24,106,24,543969,132475,76559,49697,1.0492570650107718,0.2728026260896296
6201,0.6208,18,67,18,544036,132408,76577,49679,1.048726397161323,0.2728311191902772
6202,0.6209,23,99,23,544135,132309,76600,49656,1.047942276010645,0.27288764322809334
6203,0.621,13,98,13,544233,132211,76613,49643,1.0471660752756304,0.2729827224036865
6204,0.6211,17,94,17,544327,132117,76630,49626,1.0464215562032695,0.2730559086182136
6205,0.6212,14,86,14,544413,132031,76644,49612,1.0457404004562159,0.2731291599456076
6206,0.6213,16,70,16,544483,131961,76660,49596,1.0451859713597769,0.27317040929294933
6207,0.6214,29,145,29,544628,131816,76689,49567,1.044037511088582,0.2732725779152401
6208,0.6215,26,117,26,544745,131699,76715,49541,1.0431108224559624,0.27334473626131095
6209,0.6216,13,57,13,544802,131642,76728,49528,1.0426593587631479,0.2733785946900701
6210,0.6217,19,56,19,544858,131586,76747,49509,1.0422158154859966,0.27338689638035285
6211,0.6218,17,65,17,544923,131521,76764,49492,1.0417009884678747,0.2734168264157823
6212,0.6219,16,57,16,544980,131464,76780,49476,1.0412495247750602,0.27343870896429756
6213,0.622,33,74,33,545054,131390,76813,49443,1.0406634140159676,0.2734180155170793
6214,0.6221,16,65,16,545119,131325,76829,49427,1.0401485869978457,0.2734520226608834
6215,0.6222,35,99,35,545218,131226,76864,49392,1.0393644658471677,0.2734611168322094
6216,0.6223,17,82,17,545300,131144,76881,49375,1.0387149917627676,0.2735169151169683
6217,0.6224,15,56,15,545356,131088,76896,49360,1.0382714484856166,0.2735414080510729
6218,0.6225,28,91,28,545447,130997,76924,49332,1.0375506906602459,0.27356664762739213
6219,0.6226,15,85,15,545532,130912,76939,49317,1.0368774553288556,0.27363520854024603
6220,0.6227,28,79,28,545611,130833,76967,49289,1.036251742491446,0.2736423091016089
6221,0.6228,40,114,40,545725,130719,77007,49249,1.0353488151058168,0.27365420519203415
6222,0.6229,23,84,23,545809,130635,77030,49226,1.03468350019009,0.27368912660332145
6223,0.623,29,91,29,545900,130544,77059,49197,1.0339627423647193,0.27371050567205035
6224,0.6231,12,53,12,545953,130491,77071,49185,1.0335429603345583,0.27374273692646767
6225,0.6232,14,110,14,546063,130381,77085,49171,1.032671714611583,0.27385381393690966
6226,0.6233,25,89,25,546152,130292,77110,49146,1.031966797617539,0.27388847401330824
6227,0.6234,29,127,29,546279,130165,77139,49117,1.0309609048282853,0.27396503831951896
6228,0.6235,23,91,23,546370,130074,77162,49094,1.0302401470029148,0.27401098410430436
6229,0.6236,16,75,16,546445,129999,77178,49078,1.0296461158281587,0.27406087883982866
6230,0.6237,16,100,16,546545,129899,77194,49062,1.0288540742618173,0.2741491162879063
6231,0.6238,15,70,15,546615,129829,77209,49047,1.0282996451653783,0.27419553210044945
6232,0.6239,11,68,11,546683,129761,77220,49036,1.0277610569002662,0.2742551608807754
6233,0.624,21,81,21,546764,129680,77241,49015,1.0271195032315297,0.27429418842161224
6234,0.6241,22,70,22,546834,129610,77263,48993,1.0265650741350907,0.27431230158507974
6235,0.6242,32,127,32,546961,129483,77295,48961,1.0255591813458371,0.27437739570957836
6236,0.6243,58,188,58,547149,129295,77353,48903,1.0240701432011152,0.27443068945779414
6237,0.6244,15,104,15,547253,129191,77368,48888,1.02324641997212,0.27452984349642573
6238,0.6245,31,96,31,547349,129095,77399,48857,1.0224860600684325,0.2745515644668225
6239,0.6246,20,93,20,547442,129002,77419,48837,1.0217494614117348,0.2746135549570117
6240,0.6247,22,108,22,547550,128894,77441,48815,1.0208940565200861,0.27469064594364945
6241,0.6248,8,46,8,547596,128848,77449,48807,1.020529717399569,0.2747291097914497
6242,0.6249,16,44,16,547640,128804,77465,48791,1.020181219110379,0.27473183366648835
6243,0.625,38,147,38,547787,128657,77503,48753,1.019016918007857,0.27480412603573645
6244,0.6251,14,62,14,547849,128595,77517,48739,1.0185258522367253,0.27484295171822665
6245,0.6252,31,151,31,548000,128444,77548,48708,1.0173298694715498,0.2749503251445087
6246,0.6253,9,50,9,548050,128394,77557,48699,1.0169338486883792,0.27499110636784063
6247,0.6254,10,56,10,548106,128338,77567,48689,1.016490305411228,0.2750371412270445
6248,0.6255,39,151,39,548257,128187,77606,48650,1.0152943226460525,0.2751121088912388
6249,0.6256,26,99,26,548356,128088,77632,48624,1.0145102014953744,0.275159581692245
6250,0.6257,18,94,18,548450,127994,77650,48606,1.0137656824230135,0.2752321630804077
6251,0.6258,16,27,16,548477,127967,77666,48590,1.0135518312001013,0.27520857286881856
6252,0.6259,20,70,20,548547,127897,77686,48570,1.0129974021036623,0.275235596457128
6253,0.626,30,137,30,548684,127760,77716,48540,1.0119123051577747,0.27532614861032334
6254,0.6261,10,40,10,548724,127720,77726,48530,1.0115954885312382,0.2753475177304964
6255,0.6262,55,213,55,548937,127507,77781,48475,1.009908439994931,0.27545430782693686
6256,0.6263,17,104,17,549041,127403,77798,48458,1.0090847167659358,0.27554716509061133
6257,0.6264,22,78,22,549119,127325,77820,48436,1.0084669243441895,0.2755787688963991
6258,0.6265,34,140,34,549259,127185,77854,48402,1.0073580661513115,0.27565822071110047
6259,0.6266,25,78,25,549337,127107,77879,48377,1.0067402737295654,0.27567755464885685
6260,0.6267,14,61,14,549398,127046,77893,48363,1.006257128374097,0.2757156132239509
6261,0.6268,12,70,12,549468,126976,77905,48351,1.005702699277658,0.2757761211906894
6262,0.6269,16,58,16,549526,126918,77921,48335,1.00524331516918,0.2758012701637062
6263,0.627,21,77,21,549603,126841,77942,48314,1.0046334431630972,0.2758356883902829
6264,0.6271,6,31,6,549634,126810,77948,48308,1.0043879102775313,0.2758597060267934
6265,0.6272,20,94,20,549728,126716,77968,48288,1.0036433912051705,0.27592512171150374
6266,0.6273,18,117,18,549845,126599,77986,48270,1.002716702572551,0.27603520349518784
6267,0.6274,23,82,23,549927,126517,78009,48247,1.002067228488151,0.27606944221922136
6268,0.6275,23,66,23,549993,126451,78032,48224,1.0015444810543657,0.276078431372549
6269,0.6276,20,108,20,550101,126343,78052,48204,1.000689076162717,0.2761663047775098
6270,0.6277,36,139,36,550240,126204,78088,48168,0.9995881383855024,0.2762370105292134
6271,0.6278,15,75,15,550315,126129,78103,48153,0.9989941072107464,0.2762935931421489
6272,0.6279,15,70,15,550385,126059,78118,48138,0.9984396781143074,0.27634230210623606
6273,0.628,11,41,11,550426,126018,78129,48127,0.9981149410721074,0.27636165264578366
6274,0.6281,14,39,14,550465,125979,78143,48113,0.9978060448612344,0.2763653700342348
6275,0.6282,22,74,22,550539,125905,78165,48091,0.9972199341021417,0.27639141129681144
6276,0.6283,17,68,17,550607,125837,78182,48074,0.9966813458370295,0.27642874803778944
6277,0.6284,30,116,30,550723,125721,78212,48044,0.9957625776200735,0.2764883607170604
6278,0.6285,29,108,29,550831,125613,78241,48015,0.9949071727284248,0.2765394982376114
6279,0.6286,35,124,35,550955,125489,78276,47980,0.9939250411861614,0.276591206497991
6280,0.6287,37,131,37,551086,125358,78313,47943,0.9928874667342542,0.2766458358578427
6281,0.6288,36,114,36,551200,125244,78349,47907,0.991984539348625,0.27667758199490616
6282,0.6289,35,180,35,551380,125064,78384,47872,0.9905588645292105,0.27681917009760837
6283,0.629,17,98,17,551478,124966,78401,47855,0.9897826637941959,0.2769050057574022
6284,0.6291,9,50,9,551528,124916,78410,47846,0.9893866430110252,0.2769474768757018
6285,0.6292,37,114,37,551642,124802,78447,47809,0.988483715625396,0.2769753955425784
6286,0.6293,7,40,7,551682,124762,78454,47802,0.9881668989988595,0.2770102686539487
6287,0.6294,29,79,29,551761,124683,78483,47773,0.9875411861614497,0.2770155865844041
6288,0.6295,22,75,22,551836,124608,78505,47751,0.9869471549866937,0.2770438445337928
6289,0.6296,39,135,39,551971,124473,78544,47712,0.9858778988721328,0.2770973081278857
6290,0.6297,41,134,41,552105,124339,78585,47671,0.9848165631732353,0.2771408639032614
6291,0.6298,31,116,31,552221,124223,78616,47640,0.9838977949562793,0.2771975352460972
6292,0.6299,28,101,28,552322,124122,78644,47612,0.9830978329742744,0.2772427125671096
6293,0.63,36,124,36,552446,123998,78680,47576,0.9821157014320111,0.2772914311026146
6294,0.6301,26,98,26,552544,123900,78706,47550,0.9813395006969966,0.2773403324584427
6295,0.6302,29,109,29,552653,123791,78735,47521,0.9804761753896845,0.27739446156719905
6296,0.6303,15,76,15,552729,123715,78750,47506,0.979874223799265,0.27745428422915414
6297,0.6304,11,39,11,552768,123676,78761,47495,0.9795653275883919,0.27747106694475115
6298,0.6305,30,103,30,552871,123573,78791,47465,0.9787495247750602,0.27751143020849167
6299,0.6306,11,44,11,552915,123529,78802,47454,0.97840102648587,0.2775363632641842
6300,0.6307,9,46,9,552961,123483,78811,47445,0.978036687365353,0.2775730131985397
6301,0.6308,20,57,20,553018,123426,78831,47425,0.9775852236725383,0.27758105015481327
6302,0.6309,18,63,18,553081,123363,78849,47407,0.9770862374857433,0.27760730807518885
6303,0.631,27,89,27,553170,123274,78876,47380,0.9763813204916995,0.27763779342998113
6304,0.6311,21,98,21,553268,123176,78897,47359,0.9756051197566848,0.2777083883073856
6305,0.6312,13,55,13,553323,123121,78910,47346,0.975169496895197,0.2777429062516499
6306,0.6313,18,55,18,553378,123066,78928,47328,0.9747338740337093,0.27775625902320505
6307,0.6314,23,95,23,553473,122971,78951,47305,0.973981434545685,0.2778136672226268
6308,0.6315,19,78,19,553551,122893,78970,47286,0.9733636421239387,0.27786037055100804
6309,0.6316,34,103,34,553654,122790,79004,47252,0.9725478393106071,0.2778842874113454
6310,0.6317,19,74,19,553728,122716,79023,47233,0.9719617285515144,0.27792455383673925
6311,0.6318,38,126,38,553854,122590,79061,47195,0.9709637561779242,0.27796919633654327
6312,0.6319,42,147,42,554001,122443,79103,47153,0.9697994550754023,0.27803132149343146
6313,0.632,28,77,28,554078,122366,79131,47125,0.9691895830693195,0.27803836191892195
6314,0.6321,31,112,31,554190,122254,79162,47094,0.9683024965150171,0.2780900866854052
6315,0.6322,26,109,26,554299,122145,79188,47068,0.967439171207705,0.2781582975303316
6316,0.6323,23,87,23,554386,122058,79211,47045,0.966750095044988,0.27820322525324803
6317,0.6324,37,103,37,554489,121955,79248,47008,0.9659342922316563,0.27821475707699317
6318,0.6325,16,77,16,554566,121878,79264,46992,0.9653244202255734,0.2782732279268076
6319,0.6326,19,68,19,554634,121810,79283,46973,0.9647858319604613,0.2783040946066843
6320,0.6327,15,75,15,554709,121735,79298,46958,0.9641918007857052,0.2783636546863237
6321,0.6328,14,78,14,554787,121657,79312,46944,0.9635740083639589,0.27843251226267934
6322,0.6329,16,43,16,554830,121614,79328,46928,0.9632334304904321,0.27843504883055853
6323,0.633,30,99,30,554929,121515,79358,46898,0.9624493093397541,0.2784701893559286
6324,0.6331,17,82,17,555011,121433,79375,46881,0.9617998352553542,0.27853298002542864
6325,0.6332,22,84,22,555095,121349,79397,46859,0.9611345203396274,0.2785777133073338
6326,0.6333,32,155,32,555250,121194,79429,46827,0.9599068559117983,0.27869730569393114
6327,0.6334,27,82,27,555332,121112,79456,46800,0.9592573818273983,0.2787174234122636
6328,0.6335,14,53,14,555385,121059,79470,46786,0.9588375997972374,0.27874527093449314
6329,0.6336,18,89,18,555474,120970,79488,46768,0.9581326828031935,0.2788157722161943
6330,0.6337,28,116,28,555590,120854,79516,46740,0.9572139145862375,0.2788882656897025
6331,0.6338,18,82,18,555672,120772,79534,46722,0.9565644405018375,0.2789473055751251
6332,0.6339,26,98,26,555770,120674,79560,46696,0.9557882397668229,0.2789986257991277
6333,0.634,18,104,18,555874,120570,79578,46678,0.9549645165378279,0.2790945183200995
6334,0.6341,29,106,29,555980,120464,79607,46649,0.9541249524775061,0.2791464458180991
6335,0.6342,12,65,12,556045,120399,79619,46637,0.9536101254593841,0.27920328551928925
6336,0.6343,18,44,18,556089,120355,79637,46619,0.9532616271701939,0.2791991567549439
6337,0.6344,27,70,27,556159,120285,79664,46592,0.9527071980737549,0.27919965004164743
6338,0.6345,16,78,16,556237,120207,79680,46576,0.9520894056520086,0.27926107576911313
6339,0.6346,14,74,14,556311,120133,79694,46562,0.951503294892916,0.2793245148324785
6340,0.6347,20,62,20,556373,120071,79714,46542,0.9510122291217843,0.27934194810729057
6341,0.6348,25,57,25,556430,120014,79739,46517,0.9505607654289697,0.27932937411052594
6342,0.6349,12,53,12,556483,119961,79751,46505,0.9501409833988088,0.2793663570939411
6343,0.635,18,86,18,556569,119875,79769,46487,0.9494598276517552,0.2794328031641841
6344,0.6351,13,57,13,556626,119818,79782,46474,0.9490083639589406,0.2794722536261516
6345,0.6352,19,74,19,556700,119744,79801,46455,0.948422253199848,0.2795143171739902
6346,0.6353,30,107,30,556807,119637,79831,46425,0.9475747687238626,0.2795642591321314
6347,0.6354,32,105,32,556912,119532,79863,46393,0.9467431250792041,0.27960222992315803
6348,0.6355,21,105,21,557017,119427,79884,46372,0.9459114814345457,0.27968805601963825
6349,0.6356,20,82,20,557099,119345,79904,46352,0.9452620073501458,0.2797395245538543
6350,0.6357,24,81,24,557180,119264,79928,46328,0.9446204536814092,0.27977196966037005
6351,0.6358,20,54,20,557234,119210,79948,46308,0.9441927512355849,0.27977621769233557
6352,0.6359,20,96,20,557330,119114,79968,46288,0.943432391331897,0.2798515132827898
6353,0.636,24,95,24,557425,119019,79992,46264,0.9426799518438728,0.2799077945100222
6354,0.6361,13,70,13,557495,118949,80005,46251,0.9421255227474338,0.27996973365617434
6355,0.6362,38,93,38,557588,118856,80043,46213,0.9413889240907363,0.2799617129806323
6356,0.6363,37,139,37,557727,118717,80080,46176,0.9402879863135217,0.28003614465138
6357,0.6364,15,63,15,557790,118654,80095,46161,0.9397890001267266,0.2800776628340867
6358,0.6365,2,37,2,557827,118617,80097,46159,0.9394959447471803,0.28013181531290965
6359,0.6366,22,109,22,557936,118508,80119,46137,0.9386326194398682,0.28022108172127913
6360,0.6367,19,73,19,558009,118435,80138,46118,0.938054429096439,0.2802622863150474
6361,0.6368,25,84,25,558093,118351,80163,46093,0.9373891141807122,0.2802960278271022
6362,0.6369,24,68,24,558161,118283,80187,46069,0.9368505259156,0.28030690225856697
6363,0.637,23,109,23,558270,118174,80210,46046,0.9359872006082879,0.2803921568627451
6364,0.6371,17,62,17,558332,118112,80227,46029,0.9354961348371562,0.28042353829938893
6365,0.6372,30,87,30,558419,118025,80257,45999,0.9348070586744393,0.2804406672194313
6366,0.6373,20,72,20,558491,117953,80277,45979,0.9342367887466734,0.28047605104555545
6367,0.6374,21,86,21,558577,117867,80298,45958,0.9335556329996199,0.2805310544788646
6368,0.6375,21,78,21,558655,117789,80319,45937,0.9329378405778735,0.2805724197745013
6369,0.6376,22,90,22,558745,117699,80341,45915,0.9322250031681663,0.2806300194359896
6370,0.6377,17,68,17,558813,117631,80358,45898,0.9316864149030541,0.2806719297494634
6371,0.6378,38,106,38,558919,117525,80396,45860,0.9308468508427322,0.28068672154726565
6372,0.6379,27,65,27,558984,117460,80423,45833,0.9303320238246103,0.2806795147373127
6373,0.638,23,92,23,559076,117368,80446,45810,0.9296033455835763,0.2807363737758766
6374,0.6381,28,102,28,559178,117266,80474,45782,0.928795463185908,0.28078847946616947
6375,0.6382,30,95,30,559273,117171,80504,45752,0.9280430236978837,0.2808197737581557
6376,0.6383,23,112,23,559385,117059,80527,45729,0.9271559371435812,0.280911369388407
6377,0.6384,21,76,21,559461,116983,80548,45708,0.9265539855531618,0.28094977595564596
6378,0.6385,49,162,49,559623,116821,80597,45659,0.9252708782156888,0.2810130477597243
6379,0.6386,31,74,31,559697,116747,80628,45628,0.9246847674565961,0.2810038491147036
6380,0.6387,24,86,24,559783,116661,80652,45604,0.9240036117095425,0.2810464363849259
6381,0.6388,12,44,12,559827,116617,80664,45592,0.9236551134203523,0.2810694844305803
6382,0.6389,25,83,25,559910,116534,80689,45567,0.9229977189202889,0.28110252250140344
6383,0.639,9,38,9,559948,116496,80698,45558,0.9226967431250792,0.2811285127179829
6384,0.6391,20,83,20,560031,116413,80718,45538,0.9220393486250158,0.28118381485758037
6385,0.6392,40,136,40,560167,116277,80758,45498,0.9209621720947916,0.28124246638850253
6386,0.6393,17,69,17,560236,116208,80775,45481,0.9204156634140159,0.28128691500349434
6387,0.6394,26,89,26,560325,116119,80801,45455,0.9197107464199721,0.2813262034733311
6388,0.6395,9,54,9,560379,116065,80810,45446,0.9192830439741477,0.2813802155890311
6389,0.6396,44,142,44,560521,115923,80854,45402,0.918158344949943,0.2814318921431892
6390,0.6397,17,73,17,560594,115850,80871,45385,0.9175801546065138,0.281483548857258
6391,0.6398,23,61,23,560655,115789,80894,45362,0.9170970092510455,0.2814875489447785
6392,0.6399,28,88,28,560743,115701,80922,45334,0.916400012672665,0.28151644052535163
6393,0.64,16,63,16,560806,115638,80938,45318,0.91590102648587,0.2815552076343846
6394,0.6401,17,64,17,560870,115574,80955,45301,0.9153941198834115,0.2815912975912976
6395,0.6402,19,81,19,560951,115493,80974,45282,0.9147525662146749,0.2816482662105427
6396,0.6403,10,57,10,561008,115436,80984,45272,0.9143011025218604,0.28170346217985415
6397,0.6404,28,127,28,561135,115309,81012,45244,0.9132952097326068,0.2818010252066296
6398,0.6405,8,54,8,561189,115255,81020,45236,0.9128675072867825,0.2818600419961244
6399,0.6406,14,69,14,561258,115186,81034,45222,0.9123209986060068,0.2819186075507456
6400,0.6407,25,80,25,561338,115106,81059,45197,0.9116873653529337,0.28194731227737474
6401,0.6408,40,133,40,561471,114973,81099,45157,0.9106339500696996,0.2820021232748392
6402,0.6409,26,72,26,561543,114901,81125,45131,0.9100636801419338,0.2820123475304939
6403,0.641,24,133,24,561676,114768,81149,45107,0.9090102648586997,0.2821391712275215
6404,0.6411,25,102,25,561778,114666,81174,45082,0.9082023824610316,0.2822069759871798
6405,0.6412,47,157,47,561935,114509,81221,45035,0.9069588772018755,0.2822732287018001
6406,0.6413,29,91,29,562026,114418,81250,45006,0.9062381193765049,0.2823037936571658
6407,0.6414,17,85,17,562111,114333,81267,44989,0.9055648840451147,0.28237782603783534
6408,0.6415,15,56,15,562167,114277,81282,44974,0.9051213407679635,0.2824095296104891
6409,0.6416,18,71,18,562238,114206,81300,44956,0.9045589912558611,0.2824543546826504
6410,0.6417,24,56,24,562294,114150,81324,44932,0.9041154479787099,0.28244553123546345
6411,0.6418,32,97,32,562391,114053,81356,44900,0.9033471676593587,0.28247343554384
6412,0.6419,22,84,22,562475,113969,81378,44878,0.902681852743632,0.28252343449986467
6413,0.642,31,90,31,562565,113879,81409,44847,0.9019690153339247,0.2825435026397692
6414,0.6421,21,75,21,562640,113804,81430,44826,0.9013749841591687,0.2825821093109752
6415,0.6422,28,89,28,562729,113715,81458,44798,0.9006700671651249,0.28261404427397124
6416,0.6423,27,81,27,562810,113634,81485,44771,0.9000285134963882,0.28263628042044125
6417,0.6424,29,80,29,562890,113554,81514,44742,0.8993948802433152,0.2826476979835245
6418,0.6425,20,107,20,562997,113447,81534,44722,0.8985473957673299,0.2827481997104363
6419,0.6426,13,43,13,563040,113404,81547,44709,0.8982068178938031,0.2827661229626912
6420,0.6427,37,100,37,563140,113304,81584,44672,0.8974147763274617,0.282777130703398
6421,0.6428,11,51,11,563191,113253,81595,44661,0.8970108351286276,0.2828184961434705
6422,0.6429,21,83,21,563274,113170,81616,44640,0.8963534406285641,0.2828718078702237
6423,0.643,26,111,26,563385,113059,81642,44614,0.8954742744899252,0.28295269323219574
6424,0.6431,26,104,26,563489,112955,81668,44588,0.8946505512609302,0.28302114343385615
6425,0.6432,20,102,20,563591,112853,81688,44568,0.8938426688632619,0.2831134346751704
6426,0.6433,14,48,14,563639,112805,81702,44554,0.8934624889114181,0.2831360138282526
6427,0.6434,29,104,29,563743,112701,81731,44525,0.8926387656824231,0.2831910752674494
6428,0.6435,32,97,32,563840,112604,81763,44493,0.8918704853630719,0.2832199214498049
6429,0.6436,27,114,27,563954,112490,81790,44466,0.8909675579774426,0.28330232676673717
6430,0.6437,11,65,11,564019,112425,81801,44455,0.8904527309593208,0.2833694543600204
6431,0.6438,19,91,19,564110,112334,81820,44436,0.88973197313395,0.2834470880908337
6432,0.6439,36,172,36,564282,112162,81856,44400,0.8883696616398429,0.2835937200597846
6433,0.644,28,92,28,564374,112070,81884,44372,0.8876409833988088,0.2836322726633513
6434,0.6441,24,101,24,564475,111969,81908,44348,0.886841021416804,0.28370554706142004
6435,0.6442,34,100,34,564575,111869,81942,44314,0.8860489798504626,0.28373126396598863
6436,0.6443,22,101,22,564676,111768,81964,44292,0.8852490178684578,0.2838139177239523
6437,0.6444,32,78,32,564754,111690,81996,44260,0.8846312254467115,0.2838089131131773
6438,0.6445,13,77,13,564831,111613,82009,44247,0.8840213534406286,0.2838893879122289
6439,0.6446,25,74,25,564905,111539,82034,44222,0.883435242681536,0.2839093226160592
6440,0.6447,15,71,15,564976,111468,82049,44207,0.8828728931694335,0.28396980889674
6441,0.6448,27,75,27,565051,111393,82076,44180,0.8822788619946775,0.2839824391121853
6442,0.6449,25,125,25,565176,111268,82101,44155,0.8812888100367507,0.28409566151727866
6443,0.645,28,65,28,565241,111203,82129,44127,0.8807739830186289,0.2840854953968969
6444,0.6451,23,82,23,565323,111121,82152,44104,0.8801245089342289,0.28412948945079725
6445,0.6452,39,129,39,565452,110992,82191,44065,0.8791027753136484,0.28418581553880184
6446,0.6453,21,71,21,565523,110921,82212,44044,0.878540425801546,0.2842190171974317
6447,0.6454,12,58,12,565581,110863,82224,44032,0.878081041693068,0.2842699893476226
6448,0.6455,33,131,33,565712,110732,82257,43999,0.8770434672411608,0.28435801487743245
6449,0.6456,40,113,40,565825,110619,82297,43959,0.8761484602711951,0.2843807010053177
6450,0.6457,14,71,14,565896,110548,82311,43945,0.8755861107590927,0.2844465445036345
6451,0.6458,30,90,30,565986,110458,82341,43915,0.8748732733493854,0.2844733211118525
6452,0.6459,52,138,52,566124,110320,82393,43863,0.8737802559878343,0.28448661655305707
6453,0.646,10,72,10,566196,110248,82403,43853,0.8732099860600684,0.28457310465214375
6454,0.6461,20,42,20,566238,110206,82423,43833,0.872877328602205,0.28455780678918974
6455,0.6462,19,81,19,566319,110125,82442,43814,0.8722357749334685,0.284619232293311
6456,0.6463,16,69,16,566388,110056,82458,43798,0.8716892662526929,0.2846724817034331
6457,0.6464,25,99,25,566487,109957,82483,43773,0.870905145102015,0.2847394783061211
6458,0.6465,9,63,9,566550,109894,82492,43764,0.8704061589152199,0.2848143279230499
6459,0.6466,17,65,17,566615,109829,82509,43747,0.869891331897098,0.28485570662082615
6460,0.6467,30,94,30,566709,109735,82539,43717,0.869146812824737,0.28489038917707166
6461,0.6468,36,106,36,566815,109629,82575,43681,0.8683072487644151,0.28491944426325744
6462,0.6469,31,97,31,566912,109532,82606,43650,0.867538968445064,0.2849551513885443
6463,0.647,20,66,20,566978,109466,82626,43630,0.8670162210112786,0.2849845848356587
6464,0.6471,17,104,17,567082,109362,82643,43613,0.8661924977822836,0.2850988723647655
6465,0.6472,18,60,18,567142,109302,82661,43595,0.8657172728424788,0.2851265884876747
6466,0.6473,16,65,16,567207,109237,82677,43579,0.8652024458243569,0.28517301853209087
6467,0.6474,16,48,16,567255,109189,82693,43563,0.864822265872513,0.28518775531580604
6468,0.6475,27,63,27,567318,109126,82720,43536,0.8643232796857179,0.2851790229395658
6469,0.6476,11,91,11,567409,109035,82731,43525,0.8636025218603472,0.2852975878342947
6470,0.6477,20,69,20,567478,108966,82751,43505,0.8630560131795717,0.2853329485607099
6471,0.6478,21,70,21,567548,108896,82772,43484,0.8625015840831327,0.2853655335345846
6472,0.6479,31,72,31,567620,108824,82803,43453,0.8619313141553668,0.28535497809912197
6473,0.648,31,125,31,567745,108699,82834,43422,0.8609412621974402,0.28544382432405785
6474,0.6481,16,68,16,567813,108631,82850,43406,0.8604026739323279,0.2854962936653578
6475,0.6482,18,77,18,567890,108554,82868,43388,0.8597928019262451,0.2855563307051375
6476,0.6483,37,143,37,568033,108411,82905,43351,0.8586601824863769,0.285651217037203
6477,0.6484,18,86,18,568119,108325,82923,43333,0.8579790267393232,0.28572841525010223
6478,0.6485,24,69,24,568188,108256,82947,43309,0.8574325180585477,0.2857453897667667
6479,0.6486,13,45,13,568233,108211,82960,43296,0.8570760993536941,0.28576897437082116
6480,0.6487,21,75,21,568308,108136,82981,43275,0.856482068178938,0.28581146680227987
6481,0.6488,16,85,16,568393,108051,82997,43259,0.8558088328475478,0.2858965038662349
6482,0.6489,12,39,12,568432,108012,83009,43247,0.8554999366366747,0.28591356547379
6483,0.649,25,82,25,568514,107930,83034,43222,0.8548504625522747,0.28595056631734944
6484,0.6491,15,73,15,568587,107857,83049,43207,0.8542722722088455,0.2860178467404544
6485,0.6492,31,113,31,568700,107744,83080,43176,0.8533772652388797,0.2860853432282004
6486,0.6493,17,58,17,568758,107686,83097,43159,0.8529178811304017,0.2861148861414034
6487,0.6494,23,70,23,568828,107616,83120,43136,0.8523634520339627,0.2861388240288686
6488,0.6495,17,62,17,568890,107554,83137,43119,0.8518723862628311,0.2861760235742303
6489,0.6496,19,60,19,568950,107494,83156,43100,0.8513971613230262,0.2861999814069618
6490,0.6497,16,94,16,569044,107400,83172,43084,0.8506526422506653,0.28630286276281863
6491,0.6498,29,88,29,569132,107312,83201,43055,0.8499556456722849,0.2863327724833241
6492,0.6499,22,74,22,569206,107238,83223,43033,0.8493695349131922,0.28636929281098816
6493,0.65,19,86,19,569292,107152,83242,43014,0.8486883791661386,0.28644300307659526
6494,0.6501,22,47,22,569339,107105,83264,42992,0.8483161196299582,0.2864281098223149
6495,0.6502,25,65,25,569404,107040,83289,42967,0.8478012926118362,0.2864332997793436
6496,0.6503,29,98,29,569502,106942,83318,42938,0.8470250918768217,0.28648251934881236
6497,0.6504,24,70,24,569572,106872,83342,42914,0.8464706627803827,0.28650207629551494
6498,0.6505,26,78,26,569650,106794,83368,42888,0.8458528703586364,0.2865274381689181
6499,0.6506,25,110,25,569760,106684,83393,42863,0.8449816246356608,0.2866189224792206
6500,0.6507,21,95,21,569855,106589,83414,42842,0.8442291851476366,0.2867008853584598
6501,0.6508,18,71,18,569926,106518,83432,42824,0.8436668356355341,0.2867512153312531
6502,0.6509,28,105,28,570031,106413,83460,42796,0.8428351919908756,0.28681915970216276
6503,0.651,27,93,27,570124,106320,83487,42769,0.8420985933341781,0.2868689172239401
6504,0.6511,24,65,24,570189,106255,83511,42745,0.8415837663160562,0.28687919463087247
6505,0.6512,36,97,36,570286,106158,83547,42709,0.8408154859967051,0.2868936701888263
6506,0.6513,47,169,47,570455,105989,83594,42662,0.8394769357495881,0.28699436936179373
6507,0.6514,11,39,11,570494,105950,83605,42651,0.839168039538715,0.2870169110571261
6508,0.6515,5,47,5,570541,105903,83610,42646,0.8387957800025345,0.2870837232159086
6509,0.6516,27,87,27,570628,105816,83637,42619,0.8381067038398176,0.2871223094283693
6510,0.6517,13,60,13,570688,105756,83650,42606,0.8376314789000127,0.28717596149957536
6511,0.6518,14,113,14,570801,105643,83664,42592,0.8367364719300469,0.28732755422133777
6512,0.6519,21,64,21,570865,105579,83685,42571,0.8362295653275884,0.2873506581167735
6513,0.652,22,117,22,570982,105462,83707,42549,0.8353028766949689,0.28747187709021627
6514,0.6521,11,70,11,571052,105392,83718,42538,0.83474844759853,0.28755492462651255
6515,0.6522,11,69,11,571121,105323,83729,42527,0.8342019389177544,0.28763611768684477
6516,0.6523,26,74,26,571195,105249,83755,42501,0.8336158281586618,0.2876548223350254
6517,0.6524,9,45,9,571240,105204,83764,42492,0.8332594094538082,0.2876990575235619
6518,0.6525,32,103,32,571343,105101,83796,42460,0.8324436066404765,0.28774540698423023
6519,0.6526,19,47,19,571390,105054,83815,42441,0.8320713471042961,0.28774534729990847
6520,0.6527,19,90,19,571480,104964,83834,42422,0.8313585096945888,0.28782923751238243
6521,0.6528,27,99,27,571579,104865,83861,42395,0.8305743885439107,0.2878921635203042
6522,0.6529,28,103,28,571682,104762,83889,42367,0.8297585857305791,0.28795818635347215
6523,0.653,16,81,16,571763,104681,83905,42351,0.8291170320618426,0.28803933837531964
6524,0.6531,26,84,26,571847,104597,83931,42325,0.8284517171461159,0.2880780277970624
6525,0.6532,31,119,31,571966,104478,83962,42294,0.8275091876821695,0.28816122966233343
6526,0.6533,24,82,24,572048,104396,83986,42270,0.8268597135977697,0.2882058554811613
6527,0.6534,4,30,4,572078,104366,83990,42266,0.8266221011278672,0.2882454034589994
6528,0.6535,18,101,18,572179,104265,84008,42248,0.8258221391458623,0.2883566645963157
6529,0.6536,16,50,16,572229,104215,84024,42232,0.8254261183626916,0.28837736519013707
6530,0.6537,15,57,15,572286,104158,84039,42217,0.8249746546698771,0.28841673783091376
6531,0.6538,34,93,34,572379,104065,84073,42183,0.8242380560131796,0.28843471363710954
6532,0.6539,20,88,20,572467,103977,84093,42163,0.8235410594347992,0.28851101683317365
6533,0.654,21,80,21,572547,103897,84114,42142,0.822907426181726,0.28856675271674004
6534,0.6541,36,115,36,572662,103782,84150,42106,0.8219965783804334,0.28861866637420486
6535,0.6542,25,96,25,572758,103686,84175,42081,0.8212362184767457,0.28868673979707343
6536,0.6543,30,98,30,572856,103588,84205,42051,0.820460017741731,0.2887344735956715
6537,0.6544,33,96,33,572952,103492,84238,42018,0.8196996578380433,0.2887636588550615
6538,0.6545,23,83,23,573035,103409,84261,41995,0.81904226333798,0.2888159885560232
6539,0.6546,24,111,24,573146,103298,84285,41971,0.818163097199341,0.2889191775258314
6540,0.6547,23,87,23,573233,103211,84308,41948,0.817474021036624,0.2889796705681356
6541,0.6548,15,39,15,573272,103172,84323,41933,0.8171651248257509,0.2889838392887909
6542,0.6549,4,41,4,573313,103131,84327,41929,0.8168403877835508,0.28904591203639873
6543,0.655,31,82,31,573395,103049,84358,41898,0.816190913699151,0.2890573795939205
6544,0.6551,19,61,19,573456,102988,84377,41879,0.8157077683436826,0.28908585116002955
6545,0.6552,18,83,18,573539,102905,84395,41861,0.8150503738436193,0.2891632013041736
6546,0.6553,29,96,29,573635,102809,84424,41832,0.8142900139399316,0.2892126022358806
6547,0.6554,20,69,20,573704,102740,84444,41812,0.813743505259156,0.28925231058719353
6548,0.6555,28,82,28,573786,102658,84472,41784,0.8130940311747561,0.28927874164024314
6549,0.6556,22,96,22,573882,102562,84494,41762,0.8123336712710683,0.28936282253817797
6550,0.6557,24,96,24,573978,102466,84518,41738,0.8115733113673805,0.28943718620842696
6551,0.6558,38,131,38,574109,102335,84556,41700,0.8105357369154733,0.2895129655986392
6552,0.6559,18,39,18,574148,102296,84574,41682,0.8102268407046002,0.28950256289155285
6553,0.656,19,87,19,574235,102209,84593,41663,0.8095377645418832,0.28958379670818507
6554,0.6561,16,55,16,574290,102154,84609,41647,0.8091021416803954,0.289615510323294
6555,0.6562,30,118,30,574408,102036,84639,41617,0.8081675326321125,0.28970505314890743
6556,0.6563,21,72,21,574480,101964,84660,41596,0.8075972627043467,0.2897464474784062
6557,0.6564,21,76,21,574556,101888,84681,41575,0.8069953111139273,0.2897959752688847
6558,0.6565,23,103,23,574659,101785,84704,41552,0.8061795083005956,0.2898902586212911
6559,0.6566,15,94,15,574753,101691,84719,41537,0.8054349892282346,0.2900061440500461
6560,0.6567,17,62,17,574815,101629,84736,41520,0.8049439234571031,0.29004743309418857
6561,0.6568,16,55,16,574870,101574,84752,41504,0.8045083005956153,0.29007953703574274
6562,0.6569,29,117,29,574987,101457,84781,41475,0.8035816119629958,0.29017294937452776
6563,0.657,19,78,19,575065,101379,84800,41456,0.8029638195412495,0.2902369867329436
6564,0.6571,22,54,22,575119,101325,84822,41434,0.8025361170954252,0.29023739308905216
6565,0.6572,9,45,9,575164,101280,84831,41425,0.8021796983905716,0.29028415262254303
6566,0.6573,17,67,17,575231,101213,84848,41408,0.8016490305411228,0.29033592528449526
6567,0.6574,31,158,31,575389,101055,84879,41377,0.8003976048663034,0.2905035385306673
6568,0.6575,27,97,27,575486,100958,84906,41350,0.7996293245469522,0.2905669393147258
6569,0.6576,20,86,20,575572,100872,84926,41330,0.7989481687998986,0.29064288828567814
6570,0.6577,29,87,29,575659,100785,84955,41301,0.7982590926371816,0.290676069422744
6571,0.6578,31,99,31,575758,100686,84986,41270,0.7974749714865036,0.2907238862746203
6572,0.6579,23,79,23,575837,100607,85009,41247,0.796849258649094,0.2907707925049699
6573,0.658,29,80,29,575917,100527,85038,41218,0.7962156253960208,0.2907897985819606
6574,0.6581,24,117,24,576034,100410,85062,41194,0.7952889367634013,0.290909861303353
6575,0.6582,29,89,29,576123,100321,85091,41165,0.7945840197693574,0.29094751424169174
6576,0.6583,30,87,30,576210,100234,85121,41135,0.7938949436066405,0.29097609801300145
6577,0.6584,11,55,11,576265,100179,85132,41124,0.7934593207451527,0.2910341606335322
6578,0.6585,12,25,12,576290,100154,85144,41112,0.7932613103535674,0.2910254413659338
6579,0.6586,20,92,20,576382,100062,85164,41092,0.7925326321125332,0.29111466908482936
6580,0.6587,22,79,22,576461,99983,85186,41070,0.7919069192751236,0.2911671499365487
6581,0.6588,14,86,14,576547,99897,85200,41056,0.79122576352807,0.2912743964300157
6582,0.6589,24,107,24,576654,99790,85224,41032,0.7903782790520847,0.2913749272130775
6583,0.659,20,65,20,576719,99725,85244,41012,0.7898634520339627,0.2914087979706829
6584,0.6591,18,74,18,576793,99651,85262,40994,0.7892773412748701,0.2914714351736642
6585,0.6592,22,126,22,576919,99525,85284,40972,0.7882793689012799,0.2916218851648078
6586,0.6593,25,88,25,577007,99437,85309,40947,0.7875823723228995,0.2916785388648279
6587,0.6594,10,59,10,577066,99378,85319,40937,0.7871150677987581,0.29175070377365214
6588,0.6595,24,62,24,577128,99316,85343,40913,0.7866240020276264,0.2917584807707393
6589,0.6596,18,53,18,577181,99263,85361,40895,0.7862042199974655,0.29177785071134005
6590,0.6597,10,78,10,577259,99185,85371,40885,0.7855864275757192,0.2918897694010138
6591,0.6598,19,69,19,577328,99116,85390,40866,0.7850399188949436,0.2919375348259062
6592,0.6599,23,77,23,577405,99039,85413,40843,0.7844300468888608,0.2919818132425902
6593,0.66,20,59,20,577464,98980,85433,40823,0.7839627423647193,0.29200374813129903
6594,0.6601,23,66,23,577530,98914,85456,40800,0.783439994930934,0.29202513706572
6595,0.6602,27,84,27,577614,98830,85483,40773,0.7827746800152072,0.292063924127705
6596,0.6603,13,43,13,577657,98787,85496,40760,0.7824341021416804,0.2920879703612403
6597,0.6604,43,119,43,577776,98668,85539,40717,0.7814915726777342,0.29211895110664704
6598,0.6605,22,59,22,577835,98609,85561,40695,0.7810242681535927,0.2921308792281629
6599,0.6606,13,70,13,577905,98539,85574,40682,0.7804698390571537,0.2922116634703098
6600,0.6607,16,55,16,577960,98484,85590,40666,0.7800342161956659,0.2922457779374775
6601,0.6608,15,54,15,578014,98430,85605,40651,0.7796065137498416,0.2922829142729776
6602,0.6609,25,79,25,578093,98351,85630,40626,0.7789808009124319,0.29232175108111413
6603,0.661,18,67,18,578160,98284,85648,40608,0.7784501330629832,0.2923710508884601
6604,0.6611,18,74,18,578234,98210,85666,40590,0.7778640223038905,0.2924351585014409
6605,0.6612,19,91,19,578325,98119,85685,40571,0.7771432644785198,0.29253010310765015
6606,0.6613,27,108,27,578433,98011,85712,40544,0.7762878595868711,0.2926202591028833
6607,0.6614,21,57,21,578490,97954,85733,40523,0.7758363958940565,0.29263343371101336
6608,0.6615,40,106,40,578596,97848,85773,40483,0.7749968318337347,0.2926531290889244
6609,0.6616,20,91,20,578687,97757,85793,40463,0.774276074008364,0.29274345246708144
6610,0.6617,32,112,32,578799,97645,85825,40431,0.7733889874540616,0.29281699933370026
6611,0.6618,23,84,23,578883,97561,85848,40408,0.7727236725383348,0.2928773854996412
6612,0.6619,13,70,13,578953,97491,85861,40395,0.7721692434418959,0.2929594012445063
6613,0.662,26,84,26,579037,97407,85887,40369,0.771503928526169,0.2930045871559633
6614,0.6621,13,29,13,579066,97378,85900,40356,0.77127423647193,0.2929995498569707
6615,0.6622,12,56,12,579122,97322,85912,40344,0.7708306931947788,0.2930571092353958
6616,0.6623,17,45,17,579167,97277,85929,40327,0.7704742744899252,0.29306560855789077
6617,0.6624,19,61,19,579228,97216,85948,40308,0.769991129134457,0.2930979319973241
6618,0.6625,38,78,38,579306,97138,85986,40270,0.7693733367127107,0.29306881695388914
6619,0.6626,18,83,18,579389,97055,86004,40252,0.7687159422126473,0.29315329881215085
6620,0.6627,18,42,18,579431,97013,86022,40234,0.7683832847547839,0.2931503056533112
6621,0.6628,17,82,17,579513,96931,86039,40217,0.7677338106703839,0.2932379619097617
6622,0.6629,13,38,13,579551,96893,86052,40204,0.7674328348751742,0.29325222287869174
6623,0.663,24,94,24,579645,96799,86076,40180,0.7666883158028134,0.2933296344695172
6624,0.6631,26,80,26,579725,96719,86102,40154,0.7660546825497402,0.29336684371643784
6625,0.6632,11,41,11,579766,96678,86113,40143,0.7657299455075403,0.2933979432981779
6626,0.6633,20,93,20,579859,96585,86133,40123,0.7649933468508427,0.2934941627410247
6627,0.6634,28,97,28,579956,96488,86161,40095,0.7642250665314916,0.2935577634112591
6628,0.6635,24,75,24,580031,96413,86185,40071,0.7636310353567355,0.2935948536092143
6629,0.6636,18,75,18,580106,96338,86203,40053,0.7630370041819795,0.29366307161029687
6630,0.6637,25,80,25,580186,96258,86228,40028,0.7624033709289063,0.29370588321617774
6631,0.6638,20,93,20,580279,96165,86248,40008,0.7616667722722088,0.2938027362252429
6632,0.6639,25,59,25,580338,96106,86273,39983,0.7611994677480675,0.2938003806332621
6633,0.664,28,109,28,580447,95997,86301,39955,0.7603361424407553,0.2938904907614452
6634,0.6641,22,73,22,580520,95924,86323,39933,0.7597579520973261,0.2939340630221483
6635,0.6642,36,119,36,580639,95805,86359,39897,0.7588154226333798,0.2940045098819472
6636,0.6643,23,69,23,580708,95736,86382,39874,0.7582689139526042,0.2940343632475481
6637,0.6644,18,51,18,580759,95685,86400,39856,0.7578649727537701,0.29405124648630304
6638,0.6645,22,85,22,580844,95600,86422,39834,0.7571917374223799,0.29412112172718813
6639,0.6646,25,43,25,580887,95557,86447,39809,0.7568511595488531,0.29408418657565416
6640,0.6647,20,76,20,580963,95481,86467,39789,0.7562492079584336,0.29414504324683965
6641,0.6648,25,67,25,581030,95414,86492,39764,0.7557185401089849,0.2941602923552649
6642,0.6649,16,68,16,581098,95346,86508,39748,0.7551799518438728,0.29422476201755815
6643,0.665,42,125,42,581223,95221,86550,39706,0.754189899885946,0.2942776464310331
6644,0.6651,16,74,16,581297,95147,86566,39690,0.7536037891268533,0.29435540689869993
6645,0.6652,23,102,23,581399,95045,86589,39667,0.7527959067291852,0.2944578062830334
6646,0.6653,27,87,27,581486,94958,86616,39640,0.7521068305664681,0.2945066048529696
6647,0.6654,11,43,11,581529,94915,86627,39629,0.7517662526929413,0.2945430491140445
6648,0.6655,24,126,24,581655,94789,86651,39605,0.7507682803193512,0.29469321547092875
6649,0.6656,17,69,17,581724,94720,86668,39588,0.7502217716385756,0.2947553384757423
6650,0.6657,30,79,30,581803,94641,86698,39558,0.7495960588011659,0.29477119799700446
6651,0.6658,8,49,8,581852,94592,86706,39550,0.7492079584336586,0.2948368147187309
6652,0.6659,14,85,14,581937,94507,86720,39536,0.7485347231022684,0.294950127944018
6653,0.666,17,81,17,582018,94426,86737,39519,0.7478931694335319,0.29503900854828474
6654,0.6661,23,65,23,582083,94361,86760,39496,0.74737834241541,0.2950611473438072
6655,0.6662,39,88,39,582171,94273,86799,39457,0.7466813458370295,0.29504972706199056
6656,0.6663,21,44,21,582215,94229,86820,39436,0.7463328475478394,0.29503609770695394
6657,0.6664,40,125,40,582340,94104,86860,39396,0.7453427955899126,0.2951011235955056
6658,0.6665,22,52,22,582392,94052,86882,39374,0.744930933975415,0.29509990556563187
6659,0.6666,28,84,28,582476,93968,86910,39346,0.7442656190596882,0.29513779498027215
6660,0.6667,22,85,22,582561,93883,86932,39324,0.7435923837282981,0.2952097112013633
6661,0.6668,18,53,18,582614,93830,86950,39306,0.7431726016981371,0.29523194327604857
6662,0.6669,15,63,15,582677,93767,86965,39291,0.742673615511342,0.2952922785552165
6663,0.667,20,50,20,582727,93717,86985,39271,0.7422775947281713,0.2952973200589527
6664,0.6671,17,55,17,582782,93662,87002,39254,0.7418419718666835,0.29532938096241235
6665,0.6672,13,54,13,582836,93608,87015,39241,0.7414142694208592,0.29538046955566094
6666,0.6673,25,62,25,582898,93546,87040,39216,0.7409232036497275,0.29538572784381073
6667,0.6674,23,57,23,582955,93489,87063,39193,0.740471739956913,0.2953904825070469
6668,0.6675,21,65,21,583020,93424,87084,39172,0.7399569129387911,0.29542369302241395
6669,0.6676,16,41,16,583061,93383,87100,39156,0.739632175896591,0.2954300243701854
6670,0.6677,14,49,14,583110,93334,87114,39142,0.7392440755290838,0.29546483891421843
6671,0.6678,23,67,23,583177,93267,87137,39119,0.738713407679635,0.2954919704500476
6672,0.6679,25,63,25,583240,93204,87162,39094,0.7382144214928399,0.29549955403709804
6673,0.668,13,62,13,583302,93142,87175,39081,0.7377233557217083,0.2955688495950024
6674,0.6681,27,81,27,583383,93061,87202,39054,0.7370818020529717,0.2956061007455626
6675,0.6682,33,99,33,583482,92962,87235,39021,0.7362976809022937,0.29565171272057766
6676,0.6683,10,30,10,583512,92932,87245,39011,0.7360600684323914,0.29566555254920684
6677,0.6684,25,51,25,583563,92881,87270,38986,0.7356561272335572,0.2956463709646841
6678,0.6685,32,113,32,583676,92768,87302,38954,0.7347611202635914,0.295728883557796
6679,0.6686,15,78,15,583754,92690,87317,38939,0.7341433278418451,0.2958238686003844
6680,0.6687,25,76,25,583830,92614,87342,38914,0.7335413762514257,0.29586095736269086
6681,0.6688,25,89,25,583919,92525,87367,38889,0.7328364592573818,0.29592737455674434
6682,0.6689,20,70,20,583989,92455,87387,38869,0.7322820301609428,0.29597788675337333
6683,0.669,15,64,15,584053,92391,87402,38854,0.7317751235584844,0.2960417539715799
6684,0.6691,16,62,16,584115,92329,87418,38838,0.7312840577873527,0.2960958167831848
6685,0.6692,25,83,25,584198,92246,87443,38813,0.7306266632872893,0.29614906263591206
6686,0.6693,25,94,25,584292,92152,87468,38788,0.7298821442149284,0.2962272796700779
6687,0.6694,12,51,12,584343,92101,87480,38776,0.7294782030160943,0.2962781848605943
6688,0.6695,15,71,15,584414,92030,87495,38761,0.7289158535039919,0.2963583121162771
6689,0.6696,25,70,25,584484,91960,87520,38736,0.7283614244075529,0.29638244475729936
6690,0.6697,27,73,27,584557,91887,87547,38709,0.7277832340641237,0.2964026463291372
6691,0.6698,15,36,15,584593,91851,87562,38694,0.7274980991002408,0.2964035390095369
6692,0.6699,10,50,10,584643,91801,87572,38684,0.7271020783170701,0.2964631950032571
6693,0.67,20,56,20,584699,91745,87592,38664,0.7266585350399188,0.29648260472820126
6694,0.6701,29,61,29,584760,91684,87621,38635,0.7261753896844506,0.2964648286128653
6695,0.6702,21,66,21,584826,91618,87642,38614,0.7256526422506653,0.29650162786411943
6696,0.6703,16,49,16,584875,91569,87658,38598,0.725264541883158,0.2965267694576966
6697,0.6704,24,62,24,584937,91507,87682,38574,0.7247734761120264,0.2965383107448436
6698,0.6705,16,60,16,584997,91447,87698,38558,0.7242982511722215,0.29658859274643284
6699,0.6706,25,83,25,585080,91364,87723,38533,0.7236408566721582,0.2966427246202761
6700,0.6707,16,37,16,585117,91327,87739,38517,0.7233478012926119,0.296640584085518
6701,0.6708,18,55,18,585172,91272,87757,38499,0.7229121784311241,0.2966687472547796
6702,0.6709,25,99,25,585271,91173,87782,38474,0.722128057280446,0.29675966277661653
6703,0.671,15,46,15,585317,91127,87797,38459,0.721763718159929,0.2967836031670088
6704,0.6711,19,86,19,585403,91041,87816,38440,0.7210825624128754,0.2968775341555904
6705,0.6712,29,99,29,585502,90942,87845,38411,0.7202984412621974,0.29694711371209015
6706,0.6713,17,47,17,585549,90895,87862,38394,0.719926181726017,0.2969626186295818
6707,0.6714,14,79,14,585628,90816,87876,38380,0.7193004688886073,0.29706802068175486
6708,0.6715,27,113,27,585741,90703,87903,38353,0.7184054619186415,0.29718106868336225
6709,0.6716,31,109,31,585850,90594,87934,38322,0.7175421366113294,0.297263334264172
6710,0.6717,14,65,14,585915,90529,87948,38308,0.7170273095932075,0.2973369451322213
6711,0.6718,28,102,28,586017,90427,87976,38280,0.7162194271955392,0.29741972076110856
6712,0.6719,16,53,16,586070,90374,87992,38264,0.7157996451653783,0.2974548733655685
6713,0.672,22,75,22,586145,90299,88014,38242,0.7152056139906222,0.29750818804894935
6714,0.6721,15,52,15,586197,90247,88029,38227,0.7147937523761247,0.2975465853013061
6715,0.6722,9,60,9,586257,90187,88038,38218,0.7143185274363199,0.2976363848759784
6716,0.6723,22,82,22,586339,90105,88060,38196,0.7136690533519199,0.29770617532209415
6717,0.6724,17,64,17,586403,90041,88077,38179,0.7131621467494614,0.2977616596474809
6718,0.6725,12,63,12,586466,89978,88089,38167,0.7126631605626663,0.29784228803308754
6719,0.6726,10,48,10,586514,89930,88099,38157,0.7122829806108224,0.2978990842161968
6720,0.6727,17,52,17,586566,89878,88116,38140,0.7118711189963249,0.29792685403615116
6721,0.6728,19,58,19,586624,89820,88135,38121,0.7114117348878469,0.2979576523553826
6722,0.6729,6,51,6,586675,89769,88141,38115,0.7110077936890128,0.29804353945763346
6723,0.673,26,85,26,586760,89684,88167,38089,0.7103345583576226,0.2980989723963592
6724,0.6731,18,48,18,586808,89636,88185,38071,0.7099543784057787,0.2981120846938696
6725,0.6732,22,78,22,586886,89558,88207,38049,0.7093365859840325,0.2981732977031041
6726,0.6733,52,78,52,586964,89480,88259,37997,0.7087187935622862,0.2980694556665124
6727,0.6734,43,99,43,587063,89381,88302,37954,0.7079346724116081,0.29806416146385517
6728,0.6735,13,71,13,587134,89310,88315,37941,0.7073723228995058,0.29815875710210527
6729,0.6736,9,71,9,587205,89239,88324,37932,0.7068099733874034,0.2982755502433731
6730,0.6737,14,61,14,587266,89178,88338,37918,0.7063268280319351,0.2983414112167181
6731,0.6738,18,50,18,587316,89128,88356,37900,0.7059308072487644,0.2983594168214882
6732,0.6739,31,118,31,587434,89010,88387,37869,0.7049961982004815,0.29846546709857424
6733,0.674,35,77,35,587511,88933,88422,37834,0.7043863261943987,0.2984530674386867
6734,0.6741,11,31,11,587542,88902,88433,37823,0.7041407933088328,0.29846518050897614
6735,0.6742,25,83,25,587625,88819,88458,37798,0.7034833988087695,0.2985223153289053
6736,0.6743,10,56,10,587681,88763,88468,37788,0.7030398555316183,0.29859898380889915
6737,0.6744,28,97,28,587778,88666,88496,37760,0.7022715752122671,0.2986727413664911
6738,0.6745,16,67,16,587845,88599,88512,37744,0.7017409073628184,0.2987423125934955
6739,0.6746,15,43,15,587888,88556,88527,37729,0.7014003294892917,0.29876073959694344
6740,0.6747,10,45,10,587933,88511,88537,37719,0.701043910784438,0.2988116929414561
6741,0.6748,30,95,30,588028,88416,88567,37689,0.7002914712964137,0.29886998929463543
6742,0.6749,24,76,24,588104,88340,88591,37665,0.6996895197059941,0.2989167096543788
6743,0.675,16,75,16,588179,88265,88607,37649,0.6990954885312382,0.2990056705370332
6744,0.6751,9,34,9,588213,88231,88616,37640,0.698826194398682,0.299036314957377
6745,0.6752,9,34,9,588247,88197,88625,37631,0.6985569002661259,0.2990669803223448
6746,0.6753,27,106,27,588353,88091,88652,37604,0.6977173362058041,0.29916862245912723
6747,0.6754,25,72,25,588425,88019,88677,37579,0.6971470662780382,0.29920062421376137
6748,0.6755,17,59,17,588484,87960,88694,37562,0.6966797617538969,0.29924634725386784
6749,0.6756,6,25,6,588509,87935,88700,37556,0.6964817513623115,0.2992724577858173
6750,0.6757,17,66,17,588575,87869,88717,37539,0.6959590039285262,0.2993349706557795
6751,0.6758,21,87,21,588662,87782,88738,37518,0.6952699277658092,0.2994253790901836
6752,0.6759,19,67,19,588729,87715,88757,37499,0.6947392599163604,0.2994792914530324
6753,0.676,19,45,19,588774,87670,88776,37480,0.6943828412115067,0.29948062325209746
6754,0.6761,20,66,20,588840,87604,88796,37460,0.6938600937777215,0.29952664235911214
6755,0.6762,31,100,31,588940,87504,88827,37429,0.69306805221138,0.29959258162375035
6756,0.6763,18,53,18,588993,87451,88845,37411,0.6926482701812191,0.2996187791321619
6757,0.6764,12,83,12,589076,87368,88857,37399,0.6919908756811557,0.29975073537073105
6758,0.6765,25,63,25,589139,87305,88882,37374,0.6914918894943607,0.2997617882722832
6759,0.6766,23,68,23,589207,87237,88905,37351,0.6909533012292485,0.2997961280380133
6760,0.6767,23,55,23,589262,87182,88928,37328,0.6905176783677608,0.29979921291462536
6761,0.6768,15,35,15,589297,87147,88943,37313,0.6902404638195413,0.2997991322513257
6762,0.6769,20,70,20,589367,87077,88963,37293,0.6896860347231023,0.29985527056364075
6763,0.677,9,43,9,589410,87034,88972,37284,0.6893454568495755,0.2999082996830708
6764,0.6771,25,79,25,589489,86955,88997,37259,0.6887197440121657,0.29995813676397187
6765,0.6772,37,106,37,589595,86849,89034,37222,0.6878801799518439,0.3000056419308299
6766,0.6773,20,86,20,589681,86763,89054,37202,0.6871990242047903,0.3001008349130803
6767,0.6774,19,92,19,589773,86671,89073,37183,0.6864703459637562,0.3002163838067402
6768,0.6775,21,74,21,589847,86597,89094,37162,0.6858842352046636,0.30027715156069457
6769,0.6776,25,78,25,589925,86519,89119,37137,0.6852664427829173,0.3003250954260206
6770,0.6777,11,38,11,589963,86481,89130,37126,0.6849654669877075,0.30035515787940814
6771,0.6778,11,30,11,589993,86451,89141,37115,0.684727854517805,0.30036579641648997
6772,0.6779,20,88,20,590081,86363,89161,37095,0.6840308579394246,0.3004665554277568
6773,0.678,17,46,17,590127,86317,89178,37078,0.6836665188189076,0.30048219133676407
6774,0.6781,10,41,10,590168,86276,89188,37068,0.6833417817767077,0.30052535996886753
6775,0.6782,22,91,22,590259,86185,89210,37046,0.682621023951337,0.3006224083225812
6776,0.6783,18,66,18,590325,86119,89228,37028,0.6820982765175516,0.30068129958504874
6777,0.6784,25,66,25,590391,86053,89253,37003,0.6815755290837663,0.3007004940839943
6778,0.6785,24,60,24,590451,85993,89277,36979,0.6811003041439615,0.30071073089809064
6779,0.6786,11,66,11,590517,85927,89288,36968,0.6805775567101762,0.3008096342406119
6780,0.6787,19,78,19,590595,85849,89307,36949,0.6799597642884299,0.3008925226795225
6781,0.6788,25,60,25,590655,85789,89332,36924,0.679484539348625,0.3008972154539454
6782,0.6789,12,70,12,590725,85719,89344,36912,0.6789301102521861,0.30100056266360053
6783,0.679,22,79,22,590804,85640,89366,36890,0.6783043974147763,0.30106912592834406
6784,0.6791,12,60,12,590864,85580,89378,36878,0.6778291724749715,0.30114814875304186
6785,0.6792,27,104,27,590968,85476,89405,36851,0.6770054492459764,0.30124992847041127
6786,0.6793,18,79,18,591047,85397,89423,36833,0.6763797364085667,0.30134173279882187
6787,0.6794,16,82,16,591129,85315,89439,36817,0.6757302623241668,0.3014525267743098
6788,0.6795,21,85,21,591214,85230,89460,36796,0.6750570269927766,0.3015422942651566
6789,0.6796,24,65,24,591279,85165,89484,36772,0.6745421999746547,0.3015655625445927
6790,0.6797,24,87,24,591366,85078,89508,36748,0.6738531238119376,0.301643327368542
6791,0.6798,9,54,9,591420,85024,89517,36739,0.6734254213661133,0.30172548311063296
6792,0.6799,12,64,12,591484,84960,89529,36727,0.6729185147636548,0.3018153130572699
6793,0.68,31,72,31,591556,84888,89560,36696,0.672348244835889,0.3018160284247927
6794,0.6801,23,54,23,591610,84834,89583,36673,0.6719205423900646,0.3018180022550141
6795,0.6802,23,73,23,591683,84761,89606,36650,0.6713423520466354,0.30186721137293987
6796,0.6803,15,41,15,591724,84720,89621,36635,0.6710176150044355,0.30188290552511227
6797,0.6804,21,73,21,591797,84647,89642,36614,0.6704394246610063,0.3019437411863666
6798,0.6805,26,87,26,591884,84560,89668,36588,0.6697503484982892,0.3020107636939941
6799,0.6806,25,84,25,591968,84476,89693,36563,0.6690850335825624,0.3020761903188229
6800,0.6807,10,34,10,592002,84442,89703,36553,0.6688157394500064,0.3021033927021778
6801,0.6808,17,53,17,592055,84389,89720,36536,0.6683959574198454,0.3021376886499897
6802,0.6809,16,51,16,592106,84338,89736,36520,0.6679920162210112,0.30217279782885703
6803,0.681,29,110,29,592216,84228,89765,36491,0.6671207704980358,0.3022805026549259
6804,0.6811,30,80,30,592296,84148,89795,36461,0.6664871372449627,0.3023074563258132
6805,0.6812,10,44,10,592340,84104,89805,36451,0.6661386389557724,0.3023599187093028
6806,0.6813,20,70,20,592410,84034,89825,36431,0.6655842098593334,0.30241978998049224
6807,0.6814,36,115,36,592525,83919,89861,36395,0.6646733620580408,0.3025001246737703
6808,0.6815,16,79,16,592604,83840,89877,36379,0.6640476492206311,0.302606077242366
6809,0.6816,21,89,21,592693,83751,89898,36358,0.6633427322265872,0.30270837322765154
6810,0.6817,35,76,35,592769,83675,89933,36323,0.6627407806361678,0.3026967116118602
6811,0.6818,12,54,12,592823,83621,89945,36311,0.6623130781903435,0.30276323249841575
6812,0.6819,15,63,15,592886,83558,89960,36296,0.6618140920035483,0.3028351160578704
6813,0.682,27,66,27,592952,83492,89987,36269,0.661291344569763,0.3028448326249781
6814,0.6821,16,75,16,593027,83417,90003,36253,0.6606973133950069,0.3029414222445057
6815,0.6822,21,68,21,593095,83349,90024,36232,0.6601587251298948,0.30299127787859276
6816,0.6823,25,98,25,593193,83251,90049,36207,0.6593825243948802,0.30309397445127156
6817,0.6824,12,38,12,593231,83213,90061,36195,0.6590815485996705,0.30312039394345436
6818,0.6825,22,51,22,593282,83162,90083,36173,0.6586776074008364,0.3031214647840114
6819,0.6826,31,88,31,593370,83074,90114,36142,0.657980610822456,0.30316400483156625
6820,0.6827,8,19,8,593389,83055,90122,36134,0.6578301229248511,0.3031655605802549
6821,0.6828,15,62,15,593451,82993,90137,36119,0.6573390571537194,0.30323561018201356
6822,0.6829,19,67,19,593518,82926,90156,36100,0.6568083893042707,0.30329507838623493
6823,0.683,17,54,17,593572,82872,90173,36083,0.6563806868584463,0.3033331932243285
6824,0.6831,27,64,27,593636,82808,90200,36056,0.6558737802559879,0.30333826894602234
6825,0.6832,15,52,15,593688,82756,90215,36041,0.6554619186414903,0.3033830820643619
6826,0.6833,16,49,16,593737,82707,90231,36025,0.655073818273983,0.3034144122898629
6827,0.6834,15,32,15,593769,82675,90246,36010,0.6548203649727538,0.3034081813203016
6828,0.6835,36,95,36,593864,82580,90282,35974,0.6540679254847295,0.3034397827150497
6829,0.6836,16,68,16,593932,82512,90298,35958,0.6535293372196173,0.3035198784502406
6830,0.6837,31,54,31,593986,82458,90329,35927,0.6531016347737929,0.30347594712167925
6831,0.6838,13,59,13,594045,82399,90342,35914,0.6526343302496515,0.30355075097411105
6832,0.6839,12,37,12,594082,82362,90354,35902,0.6523412748701052,0.30357505242508287
6833,0.684,19,53,19,594135,82309,90373,35883,0.6519214928399443,0.30359922837417086
6834,0.6841,24,62,24,594197,82247,90397,35859,0.6514304270688126,0.30361708973295176
6835,0.6842,26,63,26,594260,82184,90423,35833,0.6509314408820175,0.30362574883279525
6836,0.6843,11,51,11,594311,82133,90434,35822,0.6505274996831834,0.30369208596498665
6837,0.6844,14,46,14,594357,82087,90448,35808,0.6501631605626663,0.3037278934645235
6838,0.6845,25,65,25,594422,82022,90473,35783,0.6496483335445444,0.3037477186876618
6839,0.6846,8,49,8,594471,81973,90481,35775,0.6492602331770372,0.3038268165913646
6840,0.6847,29,82,29,594553,81891,90510,35746,0.6486107590926372,0.3038669806268436
6841,0.6848,20,83,20,594636,81808,90530,35726,0.6479533645925738,0.30396310854731395
6842,0.6849,12,44,12,594680,81764,90542,35714,0.6476048663033837,0.3040058564156693
6843,0.685,16,63,16,594743,81701,90558,35698,0.6471058801165885,0.304074140324875
6844,0.6851,10,65,10,594808,81636,90568,35688,0.6465910530984667,0.3041832873069449
6845,0.6852,8,34,8,594842,81602,90576,35680,0.6463217589659105,0.3042240070940127
6846,0.6853,32,87,32,594929,81515,90608,35648,0.6456326828031935,0.30425987726500686
6847,0.6854,31,70,31,594999,81445,90639,35617,0.6450782537067545,0.3042575729100818
6848,0.6855,50,234,50,595233,81211,90689,35567,0.6432248764415156,0.3045693538166436
6849,0.6856,27,71,27,595304,81140,90716,35540,0.6426625269294133,0.3045937607130614
6850,0.6857,24,59,24,595363,81081,90740,35516,0.6421952224052718,0.30460474969338835
6851,0.6858,18,64,18,595427,81017,90758,35498,0.6416883158028134,0.3046646354546625
6852,0.6859,39,108,39,595535,80909,90797,35459,0.6408329109111646,0.3047143544617077
6853,0.686,13,69,13,595604,80840,90810,35446,0.640286402230389,0.30481743288100027
6854,0.6861,13,38,13,595642,80802,90823,35433,0.6399854264351793,0.3048393341076268
6855,0.6862,11,52,11,595694,80750,90834,35422,0.6395735648206818,0.30490996109217366
6856,0.6863,13,59,13,595753,80691,90847,35409,0.6391062602965404,0.3049870801033592
6857,0.6864,25,108,25,595861,80583,90872,35384,0.6382508554048917,0.3051212845033501
6858,0.6865,36,125,36,595986,80458,90908,35348,0.6372608034469649,0.30523461651382483
6859,0.6866,14,46,14,596032,80412,90922,35334,0.6368964643264479,0.30527188844538905
6860,0.6867,26,86,26,596118,80326,90948,35308,0.6362153085793942,0.305342719269419
6861,0.6868,16,80,16,596198,80246,90964,35292,0.6355816753263211,0.3054579445723485
6862,0.6869,28,81,28,596279,80165,90992,35264,0.6349401216575846,0.3055038161987022
6863,0.687,19,75,19,596354,80090,91011,35245,0.6343460904828285,0.30558806953656736
6864,0.6871,13,54,13,596408,80036,91024,35232,0.6339183880370042,0.3056529132109519
6865,0.6872,23,52,23,596460,79984,91047,35209,0.6335065264225066,0.30565225317510614
6866,0.6873,18,57,18,596517,79927,91065,35191,0.633055062729692,0.3056950259733491
6867,0.6874,34,95,34,596612,79832,91099,35157,0.6323026232416677,0.30574228839280276
6868,0.6875,25,88,25,596700,79744,91124,35132,0.6316056266632872,0.30582541174831995
6869,0.6876,20,83,20,596783,79661,91144,35112,0.6309482321632239,0.30592560968171956
6870,0.6877,9,41,9,596824,79620,91153,35103,0.630623495121024,0.3059804921419419
6871,0.6878,28,95,28,596919,79525,91181,35075,0.6298710556329996,0.30606457242582896
6872,0.6879,32,94,32,597013,79431,91213,35043,0.6291265365606387,0.30612191414644374
6873,0.688,7,30,7,597043,79401,91220,35036,0.6288889240907363,0.3061597210692346
6874,0.6881,10,32,10,597075,79369,91230,35026,0.628635470789507,0.30618471087023036
6875,0.6882,22,73,22,597148,79296,91252,35004,0.6280572804460778,0.306246719160105
6876,0.6883,29,69,29,597217,79227,91281,34975,0.6275107717653022,0.30625558221397176
6877,0.6884,19,44,19,597261,79183,91300,34956,0.627162273476112,0.30625815891150265
6878,0.6885,15,48,15,597309,79135,91315,34941,0.6267820935242682,0.30629580279813456
6879,0.6886,22,51,22,597360,79084,91337,34919,0.626378152325434,0.30629895704499005
6880,0.6887,18,42,18,597402,79042,91355,34901,0.6260454948675707,0.3063022739439895
6881,0.6888,22,54,22,597456,78988,91377,34879,0.6256177924217463,0.3063135061080032
6882,0.6889,19,66,19,597522,78922,91396,34860,0.625095044987961,0.3063753493522701
6883,0.689,16,49,16,597571,78873,91412,34844,0.6247069446204537,0.30640977162605415
6884,0.6891,15,52,15,597623,78821,91427,34829,0.6242950830059562,0.30645842498900133
6885,0.6892,27,76,27,597699,78745,91454,34802,0.6236931314155367,0.3064986305230433
6886,0.6893,19,94,19,597793,78651,91473,34783,0.6229486123431758,0.30663645820477103
6887,0.6894,25,64,25,597857,78587,91498,34758,0.6224417057407172,0.3066566676959725
6888,0.6895,15,65,15,597922,78522,91513,34743,0.6219268787225953,0.30674082902926764
6889,0.6896,17,51,17,597973,78471,91530,34726,0.6215229375237612,0.306774914529537
6890,0.6897,17,56,17,598029,78415,91547,34709,0.6210793942466101,0.3068226017467558
6891,0.6898,21,99,21,598128,78316,91568,34688,0.620295273095932,0.30696258539520727
6892,0.6899,11,30,11,598158,78286,91579,34677,0.6200576606260296,0.3069766206634031
6893,0.69,16,51,16,598209,78235,91595,34661,0.6196537194271955,0.3070170776643991
6894,0.6901,10,60,10,598269,78175,91605,34651,0.6191784944873907,0.3071189264885753
6895,0.6902,25,62,25,598331,78113,91630,34626,0.618687428716259,0.30713417717027824
6896,0.6903,10,42,10,598373,78071,91640,34616,0.6183547712583957,0.3071871644466531
6897,0.6904,24,81,24,598454,77990,91664,34592,0.6177132175896591,0.3072604856904301
6898,0.6905,14,49,14,598503,77941,91678,34578,0.6173251172221518,0.3073080990766004
6899,0.6906,27,54,27,598557,77887,91705,34551,0.6168974147763274,0.3072893505754282
6900,0.6907,21,67,21,598624,77820,91726,34530,0.6163667469268788,0.3073431241655541
6901,0.6908,23,60,23,598684,77760,91749,34507,0.6158915219870739,0.30736547694335825
6902,0.6909,20,70,20,598754,77690,91769,34487,0.6153370928906349,0.3074337876748353
6903,0.691,18,74,18,598828,77616,91787,34469,0.6147509821315422,0.3075255386537003
6904,0.6911,14,54,14,598882,77562,91801,34455,0.6143232796857179,0.30758724122231446
6905,0.6912,23,39,23,598921,77523,91824,34432,0.6140143834748447,0.30755214148541826
6906,0.6913,20,47,20,598968,77476,91844,34412,0.6136421239386644,0.30755755755755754
6907,0.6914,9,39,9,599007,77437,91853,34403,0.6133332277277912,0.3076090844062947
6908,0.6915,29,66,29,599073,77371,91882,34374,0.6128104802940059,0.30761107879547184
6909,0.6916,10,53,10,599126,77318,91892,34364,0.6123906982638448,0.3076950627675006
6910,0.6917,27,75,27,599201,77243,91919,34337,0.6117966670890889,0.30773436099659435
6911,0.6918,14,56,14,599257,77187,91933,34323,0.6113531238119376,0.3078019908528383
6912,0.6919,19,76,19,599333,77111,91952,34304,0.6107511722215182,0.3078939101557241
6913,0.692,18,62,18,599395,77049,91970,34286,0.6102601064503865,0.30795347375039295
6914,0.6921,18,79,18,599474,76970,91988,34268,0.6096343936129768,0.3080601952570165
6915,0.6922,34,98,34,599572,76872,92022,34234,0.6088581928779623,0.30812017352798227
6916,0.6923,21,63,21,599635,76809,92043,34213,0.6083592066911672,0.3081641476464124
6917,0.6924,20,63,20,599698,76746,92063,34193,0.607860220504372,0.3082144241429975
6918,0.6925,26,81,26,599779,76665,92089,34167,0.6072186668356355,0.30827739281074057
6919,0.6926,17,52,17,599831,76613,92106,34150,0.6068068052211381,0.30831595388351707
6920,0.6927,11,65,11,599896,76548,92117,34139,0.6062919782030161,0.3084282707092974
6921,0.6928,24,52,24,599948,76496,92141,34115,0.6058801165885186,0.3084232128811782
6922,0.6929,8,38,8,599986,76458,92149,34107,0.6055791407933089,0.30847917514584183
6923,0.693,15,60,15,600046,76398,92164,34092,0.605103915853504,0.3085528102090687
6924,0.6931,15,39,15,600085,76359,92179,34077,0.6047950196426308,0.3085678583070738
6925,0.6932,28,81,28,600166,76278,92207,34049,0.6041534659738943,0.30861892374486755
6926,0.6933,17,50,17,600216,76228,92224,34032,0.6037574451907236,0.30865227643751136
6927,0.6934,18,57,18,600273,76171,92242,34014,0.603305981497909,0.3086990062168172
6928,0.6935,24,63,24,600336,76108,92266,33990,0.6028069953111139,0.30872495413177353
6929,0.6936,12,52,12,600388,76056,92278,33978,0.6023951336966163,0.30879546322045914
6930,0.6937,24,79,24,600467,75977,92302,33954,0.6017694208592067,0.3088664707862204
6931,0.6938,24,62,24,600529,75915,92326,33930,0.601278355088075,0.3088897992625973
6932,0.6939,13,77,13,600606,75838,92339,33917,0.6006684830819922,0.30902464580201355
6933,0.694,14,50,14,600656,75788,92353,33903,0.6002724622988215,0.3090773171910184
6934,0.6941,12,50,12,600706,75738,92365,33891,0.5998764415156508,0.30914265385983636
6935,0.6942,16,48,16,600754,75690,92381,33875,0.5994962615638069,0.3091772007484142
6936,0.6943,26,64,26,600818,75626,92407,33849,0.5989893549613484,0.3091938798812514
6937,0.6944,10,39,10,600857,75587,92417,33839,0.5986804587504753,0.30924094822071535
6938,0.6945,15,44,15,600901,75543,92432,33824,0.598331960461285,0.30927062093684565
6939,0.6946,14,58,14,600959,75485,92446,33810,0.597872576352807,0.3093462646964637
6940,0.6947,20,50,20,601009,75435,92466,33790,0.5974765555696363,0.30936140993362327
6941,0.6948,13,64,13,601073,75371,92479,33777,0.5969696489671777,0.3094605489793675
6942,0.6949,10,28,10,601101,75343,92489,33767,0.5967478773286022,0.3094766749152232
6943,0.695,11,50,11,601151,75293,92500,33756,0.5963518565454315,0.30954891837614285
6944,0.6951,17,50,17,601201,75243,92517,33739,0.5959558357622609,0.30958323392853865
6945,0.6952,12,43,12,601244,75200,92529,33727,0.595615257888734,0.30962938481735475
6946,0.6953,10,41,10,601285,75159,92539,33717,0.595290520846534,0.309682574672104
6947,0.6954,13,38,13,601323,75121,92552,33704,0.5949895450513243,0.30970824718584883
6948,0.6955,21,44,21,601367,75077,92573,33683,0.594641046762134,0.309700257447591
6949,0.6956,26,76,26,601443,75001,92599,33657,0.5940390951717146,0.3097516979881831
6950,0.6957,24,60,24,601503,74941,92623,33633,0.5935638702319098,0.3097702949140678
6951,0.6958,19,71,19,601574,74870,92642,33614,0.5930015207198074,0.30985214409498174
6952,0.6959,31,95,31,601669,74775,92673,33583,0.592249081231783,0.3099263552298861
6953,0.696,21,66,21,601735,74709,92694,33562,0.5917263337979978,0.3099814354721024
6954,0.6961,15,48,15,601783,74661,92709,33547,0.5913461538461539,0.31002328848144317
6955,0.6962,23,87,23,601870,74574,92732,33524,0.5906570776834368,0.310125996780699
6956,0.6963,12,57,12,601927,74517,92744,33512,0.5902056139906222,0.3102129983615511
6957,0.6964,11,38,11,601965,74479,92755,33501,0.5899046381954125,0.3102518984997222
6958,0.6965,17,44,17,602009,74435,92772,33484,0.5895561399062222,0.31026973934154317
6959,0.6966,18,71,18,602080,74364,92790,33466,0.5889937903941199,0.3103588982657887
6960,0.6967,24,92,24,602172,74272,92814,33442,0.5882651121530857,0.3104703195499192
6961,0.6968,13,32,13,602204,74240,92827,33429,0.5880116588518566,0.31047933945703965
6962,0.6969,19,74,19,602278,74166,92846,33410,0.5874255480927639,0.31057113110731016
6963,0.697,24,73,24,602351,74093,92870,33386,0.5868473577493347,0.3106281227030397
6964,0.6971,20,42,20,602393,74051,92890,33366,0.5865147002914713,0.3106212238286305
6965,0.6972,22,58,22,602451,73993,92912,33344,0.5860553161829933,0.31064777290216794
6966,0.6973,17,68,17,602519,73925,92929,33327,0.5855167279178811,0.3107354641405288
6967,0.6974,12,43,12,602562,73882,92941,33315,0.5851761500443543,0.3107829510154202
6968,0.6975,14,54,14,602616,73828,92955,33301,0.58474844759853,0.3108495365400592
6969,0.6976,11,26,11,602642,73802,92966,33290,0.5845425167912812,0.31085421880252495
6970,0.6977,16,49,16,602691,73753,92982,33274,0.584154416423774,0.3108935128518972
6971,0.6978,14,51,14,602742,73702,92996,33260,0.5837504752249398,0.3109515528879415
6972,0.6979,14,29,14,602771,73673,93010,33246,0.5835207831707008,0.3109456691514137
6973,0.698,16,65,16,602836,73608,93026,33230,0.5830059561525789,0.31103165540350813
6974,0.6981,16,33,16,602869,73575,93042,33214,0.5827445824356863,0.31102454372641375
6975,0.6982,8,43,8,602912,73532,93050,33206,0.5824040045621595,0.31109820307669245
6976,0.6983,16,76,16,602988,73456,93066,33190,0.5818020529717399,0.31121654820621497
6977,0.6984,13,42,13,603030,73414,93079,33177,0.5814693955138766,0.31125517163738026
6978,0.6985,19,64,19,603094,73350,93098,33158,0.5809624889114181,0.3113193375145529
6979,0.6986,28,75,28,603169,73275,93126,33130,0.580368457736662,0.3113575489873596
6980,0.6987,26,99,26,603268,73176,93152,33104,0.5795843365859841,0.3114791117802032
6981,0.6988,20,95,20,603363,73081,93172,33084,0.5788318970979597,0.31162812603023593
6982,0.6989,13,39,13,603402,73042,93185,33071,0.5785230008870865,0.31165832650099423
6983,0.699,11,54,11,603456,72988,93196,33060,0.5780952984412622,0.3117456246228123
6984,0.6991,24,64,24,603520,72924,93220,33036,0.5775883918388037,0.3117780294450736
6985,0.6992,15,70,15,603590,72854,93235,33021,0.5770339627423647,0.3118866587957497
6986,0.6993,12,49,12,603639,72805,93247,33009,0.5766458623748575,0.31195304969096715
6987,0.6994,21,54,21,603693,72751,93268,32988,0.576218159929033,0.31197571378583117
6988,0.6995,21,62,21,603755,72689,93289,32967,0.5757270941579014,0.31202203376997045
6989,0.6996,26,81,26,603836,72608,93315,32941,0.5750855404891648,0.3120920141356147
6990,0.6997,27,111,27,603947,72497,93342,32914,0.5742063743505259,0.3122444526662303
6991,0.6998,10,32,10,603979,72465,93352,32904,0.5739529210492966,0.31227400848446885
6992,0.6999,13,45,13,604024,72420,93365,32891,0.573596502344443,0.3123225494012971
6993,0.7,16,67,16,604091,72353,93381,32875,0.5730658344949943,0.3124168472269738
6994,0.7001,21,70,21,604161,72283,93402,32854,0.5725114053985553,0.3124875162882715
6995,0.7002,11,60,11,604221,72223,93413,32843,0.5720361804587505,0.31259398854053644
6996,0.7003,21,91,21,604312,72132,93434,32822,0.5713154226333798,0.3127274806105532
6997,0.7004,16,56,16,604368,72076,93450,32806,0.5708718793562286,0.31278961118209037
6998,0.7005,17,87,17,604455,71989,93467,32789,0.5701828031935116,0.31293783046059287
6999,0.7006,13,45,13,604500,71944,93480,32776,0.569826384488658,0.312987012987013
7000,0.7007,9,45,9,604545,71899,93489,32767,0.5694699657838044,0.3130625035828254
7001,0.7008,8,60,8,604605,71839,93497,32759,0.5689947408439995,0.3131895447331689
7002,0.7009,40,103,40,604708,71736,93537,32719,0.5681789380306679,0.31323536451103345
7003,0.701,14,46,14,604754,71690,93551,32705,0.5678145989101508,0.3132812874179798
7004,0.7011,21,76,21,604830,71614,93572,32684,0.5672126473197313,0.3133713014631153
7005,0.7012,14,110,14,604940,71504,93586,32670,0.5663414015967558,0.31360992186150094
7006,0.7013,20,56,20,604996,71448,93606,32650,0.5658978583196046,0.31364675594151664
7007,0.7014,26,58,26,605054,71390,93632,32624,0.5654384742111266,0.31365008556540463
7008,0.7015,21,92,21,605146,71298,93653,32603,0.5647097959700925,0.31378908768924263
7009,0.7016,32,78,32,605224,71220,93685,32571,0.5640920035483462,0.3138133364164523
7010,0.7017,21,47,21,605271,71173,93706,32550,0.5637197440121657,0.3138166076954967
7011,0.7018,9,35,9,605306,71138,93715,32541,0.5634425294639462,0.31386298093152903
7012,0.7019,8,30,8,605336,71108,93723,32533,0.5632049169940438,0.31390086934707306
7013,0.702,27,101,27,605437,71007,93750,32506,0.562404955012039,0.31402818969598023
7014,0.7021,6,39,6,605476,70968,93756,32500,0.5620960588011659,0.31410677697452355
7015,0.7022,17,46,17,605522,70922,93773,32483,0.5617317196806488,0.31413374595038923
7016,0.7023,31,92,31,605614,70830,93804,32452,0.5610030414396148,0.31420770318158053
7017,0.7024,18,50,18,605664,70780,93822,32434,0.5606070206564441,0.3142403162361695
7018,0.7025,22,73,22,605737,70707,93844,32412,0.5600288303130149,0.3143164693218515
7019,0.7026,16,55,16,605792,70652,93860,32396,0.5595932074515271,0.3143777657014207
7020,0.7027,14,58,14,605850,70594,93874,32382,0.5591338233430491,0.3144616221255438
7021,0.7028,10,52,10,605902,70542,93884,32372,0.5587219617285515,0.31455389937229145
7022,0.7029,12,48,12,605950,70494,93896,32360,0.5583417817767077,0.3146207245221382
7023,0.703,14,64,14,606014,70430,93910,32346,0.5578348751742491,0.3147232817000078
7024,0.7031,18,48,18,606062,70382,93928,32328,0.5574546952224053,0.31475026774413395
7025,0.7032,16,66,16,606128,70316,93944,32312,0.55693194778862,0.31484585103480534
7026,0.7033,33,105,33,606233,70211,93977,32279,0.5561003041439615,0.31494779978534493
7027,0.7034,13,48,13,606281,70163,93990,32266,0.5557201241921176,0.3150084448740103
7028,0.7035,19,60,19,606341,70103,94009,32247,0.5552448992523128,0.31506595017098193
7029,0.7036,9,44,9,606385,70059,94018,32238,0.5548964009631225,0.31514120648699373
7030,0.7037,20,52,20,606437,70007,94038,32218,0.554484539348625,0.3151675226216679
7031,0.7038,20,47,20,606484,69960,94058,32198,0.5541122798124446,0.31517844906908904
7032,0.7039,13,35,13,606519,69925,94071,32185,0.5538350652642251,0.3151992948780727
7033,0.704,17,83,17,606602,69842,94088,32168,0.5531776707641617,0.31534163317321834
7034,0.7041,23,80,23,606682,69762,94111,32145,0.5525440375110886,0.31543466101445433
7035,0.7042,16,51,16,606733,69711,94127,32129,0.5521400963122545,0.31548507462686565
7036,0.7043,25,47,25,606780,69664,94152,32104,0.551767836776074,0.3154626208631397
7037,0.7044,18,47,18,606827,69617,94170,32086,0.5513955772398935,0.3154872520967916
7038,0.7045,22,47,22,606874,69570,94192,32064,0.551023317703713,0.31548497550032467
7039,0.7046,19,50,19,606924,69520,94211,32045,0.5506272969205424,0.31551223354502045
7040,0.7047,12,63,12,606987,69457,94223,32033,0.5501283107337473,0.315627155384767
7041,0.7048,18,71,18,607058,69386,94241,32015,0.5495659612216449,0.3157266693622351
7042,0.7049,2,29,2,607087,69357,94243,32013,0.5493362691674059,0.315803492157443
7043,0.705,13,53,13,607140,69304,94256,32000,0.548916487137245,0.31588091289583825
7044,0.7051,15,45,15,607185,69259,94271,31985,0.5485600684323914,0.3159199557504642
7045,0.7052,7,46,7,607231,69213,94278,31978,0.5481957293118743,0.31601624650413573
7046,0.7053,11,49,11,607280,69164,94289,31967,0.547807628944367,0.3160949659352721
7047,0.7054,24,67,24,607347,69097,94313,31943,0.5472769610949183,0.31614212193190816
7048,0.7055,25,83,25,607430,69014,94338,31918,0.5466195665948549,0.31623271113224743
7049,0.7056,10,49,10,607479,68965,94348,31908,0.5462314662273476,0.31631853915319263
7050,0.7057,23,43,23,607522,68922,94371,31885,0.5458908883538208,0.3162974793417124
7051,0.7058,35,79,35,607601,68843,94406,31850,0.5452651755164111,0.3163079856593805
7052,0.7059,13,42,13,607643,68801,94419,31837,0.5449325180585477,0.31635167630517297
7053,0.706,26,77,26,607720,68724,94445,31811,0.5443226460524648,0.3164171681503954
7054,0.7061,11,44,11,607764,68680,94456,31800,0.5439741477632746,0.31648089171974525
7055,0.7062,55,158,55,607922,68522,94511,31745,0.5427227220884552,0.3166046655430002
7056,0.7063,11,36,11,607958,68486,94522,31734,0.5424375871245724,0.3166433845539812
7057,0.7064,14,31,14,607989,68455,94536,31720,0.5421920542390065,0.31664586972797604
7058,0.7065,30,70,30,608059,68385,94566,31690,0.5416376251425675,0.316662503122658
7059,0.7066,12,46,12,608105,68339,94578,31678,0.5412732860220505,0.31672615655338593
7060,0.7067,16,39,16,608144,68300,94594,31662,0.5409643898111773,0.31674036133730815
7061,0.7068,27,48,27,608192,68252,94621,31635,0.5405842098593334,0.31670787990429183
7062,0.7069,15,70,15,608262,68182,94636,31620,0.5400297807628944,0.31682731808981784
7063,0.707,23,54,23,608316,68128,94659,31597,0.5396020783170701,0.31684131361243417
7064,0.7071,16,64,16,608380,68064,94675,31581,0.5390951717146116,0.3169351196748457
7065,0.7072,18,70,18,608450,67994,94693,31563,0.5385407426181726,0.3170344626696264
7066,0.7073,23,61,23,608511,67933,94716,31540,0.5380575972627043,0.31707096398017554
7067,0.7074,14,72,14,608583,67861,94730,31526,0.5374873273349385,0.31720446336039926
7068,0.7075,20,59,20,608642,67802,94750,31506,0.5370200228107971,0.31725540741934183
7069,0.7076,21,61,21,608703,67741,94771,31485,0.5365368774553289,0.31730594803781265
7070,0.7077,12,76,12,608779,67665,94783,31473,0.5359349258649094,0.3174665617623918
7071,0.7078,17,60,17,608839,67605,94800,31456,0.5354597009251045,0.3175417167200008
7072,0.7079,11,28,11,608867,67577,94811,31445,0.5352379292865289,0.3175556946941084
7073,0.708,10,42,10,608909,67535,94821,31435,0.5349052718286655,0.31762150146509044
7074,0.7081,30,62,30,608971,67473,94851,31405,0.5344142060575339,0.3176136248710532
7075,0.7082,30,63,30,609034,67410,94881,31375,0.5339152198707389,0.31760894872703344
7076,0.7083,23,56,23,609090,67354,94904,31352,0.5334716765935876,0.31763013393309425
7077,0.7084,25,65,25,609155,67289,94929,31327,0.5329568495754657,0.31766650442118927
7078,0.7085,13,62,13,609217,67227,94942,31314,0.5324657838043341,0.31777635704935003
7079,0.7086,20,48,20,609265,67179,94962,31294,0.5320856038524902,0.31779269444416236
7080,0.7087,30,86,30,609351,67093,94992,31264,0.5314044481054365,0.3178624805555273
7081,0.7088,11,30,11,609381,67063,95003,31253,0.5311668356355341,0.3178831522844705
7082,0.7089,21,79,21,609460,66984,95024,31232,0.5305411227981245,0.31799299503135947
7083,0.709,34,88,34,609548,66896,95058,31198,0.529844126219744,0.3180418781984627
7084,0.7091,9,22,9,609570,66874,95067,31189,0.5296698770751489,0.3180506409145141
7085,0.7092,22,48,22,609618,66826,95089,31167,0.529289697123305,0.3180533303399222
7086,0.7093,21,72,21,609690,66754,95110,31146,0.5287194271955392,0.3181409601634321
7087,0.7094,13,42,13,609732,66712,95123,31133,0.5283867697376758,0.31818692830497214
7088,0.7095,14,61,14,609793,66651,95137,31119,0.5279036243822076,0.31828781834918685
7089,0.7096,24,59,24,609852,66592,95161,31095,0.5274363198580662,0.3183125697380409
7090,0.7097,28,78,28,609930,66514,95189,31067,0.5268185274363199,0.31837140426927374
7091,0.7098,20,73,20,610003,66441,95209,31047,0.5262403370928906,0.3184699655342196
7092,0.7099,16,64,16,610067,66377,95225,31031,0.5257334304904321,0.31856726346911957
7093,0.71,36,71,36,610138,66306,95261,30995,0.5251710809783298,0.3185475997163441
7094,0.7101,11,44,11,610182,66262,95272,30984,0.5248225826891395,0.3186146473890957
7095,0.7102,13,46,13,610228,66216,95285,30971,0.5244582435686225,0.3186743082922613
7096,0.7103,10,43,10,610271,66173,95295,30961,0.5241176656950957,0.3187452385364548
7097,0.7104,3,44,3,610315,66129,95298,30958,0.5237691674059055,0.31886864358771
7098,0.7105,12,45,12,610360,66084,95310,30946,0.5234127487010518,0.3189322889827888
7099,0.7106,15,36,15,610396,66048,95325,30931,0.5231276137371689,0.3189453386815702
7100,0.7107,26,64,26,610460,65984,95351,30905,0.5226207071347104,0.3189732580581903
7101,0.7108,33,97,33,610557,65887,95384,30872,0.5218524268153593,0.31906075920586197
7102,0.7109,16,54,16,610611,65833,95400,30856,0.5214247243695349,0.3191262708270848
7103,0.711,30,59,30,610670,65774,95430,30826,0.5209574198453935,0.3191097308488613
7104,0.7111,21,62,21,610732,65712,95451,30805,0.5204663540742618,0.31916657169203355
7105,0.7112,27,72,27,610804,65640,95478,30778,0.519896084146496,0.31921425459976355
7106,0.7113,22,58,22,610862,65582,95500,30756,0.519436700038018,0.3192509705412195
7107,0.7114,29,70,29,610932,65512,95529,30727,0.518882270941579,0.31927804736125687
7108,0.7115,13,85,13,611017,65427,95542,30714,0.5182090356101888,0.3194682809623366
7109,0.7116,17,61,17,611078,65366,95559,30697,0.5177258902547206,0.31955071151223674
7110,0.7117,16,35,16,611113,65331,95575,30681,0.5174486757065011,0.3195538057742782
7111,0.7118,17,43,17,611156,65288,95592,30664,0.5171080978329743,0.31957645489411374
7112,0.7119,7,31,7,611187,65257,95599,30657,0.5168625649474085,0.31963008528473424
7113,0.712,19,56,19,611243,65201,95618,30638,0.5164190216702572,0.3196819666315383
7114,0.7121,18,64,18,611307,65137,95636,30620,0.5159121150677988,0.31976774543897574
7115,0.7122,16,49,16,611356,65088,95652,30604,0.5155240147002915,0.31981774861012413
7116,0.7123,8,47,8,611403,65041,95660,30596,0.515151755164111,0.31991802335916014
7117,0.7124,16,44,16,611447,64997,95676,30580,0.5148032568749208,0.31995145275537
7118,0.7125,20,59,20,611506,64938,95696,30560,0.5143359523507793,0.3200067017110306
7119,0.7126,18,51,18,611557,64887,95714,30542,0.5139320111519452,0.32004946085571473
7120,0.7127,23,55,23,611612,64832,95737,30519,0.5134963882904575,0.32007005694748875
7121,0.7128,24,57,24,611669,64775,95761,30495,0.5130449245976428,0.3200902697596305
7122,0.7129,17,77,17,611746,64698,95778,30478,0.51243505259156,0.3202277885181138
7123,0.713,14,62,14,611808,64636,95792,30464,0.5119439868204283,0.32033648790746583
7124,0.7131,17,52,17,611860,64584,95809,30447,0.5115321252059308,0.32039018846481676
7125,0.7132,23,76,23,611936,64508,95832,30424,0.5109301736155113,0.3204820292419837
7126,0.7133,13,43,13,611979,64465,95845,30411,0.5105895957419846,0.3205341709178296
7127,0.7134,33,71,33,612050,64394,95878,30378,0.5100272462298822,0.32053771156037647
7128,0.7135,26,67,26,612117,64327,95904,30352,0.5094965783804334,0.32057795287233704
7129,0.7136,15,61,15,612178,64266,95919,30337,0.5090134330249652,0.32067693413528114
7130,0.7137,18,46,18,612224,64220,95937,30319,0.5086490939044481,0.3207036249590116
7131,0.7138,14,44,14,612268,64176,95951,30305,0.5083005956152579,0.3207523205723902
7132,0.7139,7,45,7,612313,64131,95958,30298,0.5079441769104043,0.3208548221415031
7133,0.714,10,30,10,612343,64101,95968,30288,0.5077065644405019,0.3208848488701014
7134,0.7141,6,72,6,612415,64029,95974,30282,0.507136294512736,0.32108661767980406
7135,0.7142,14,67,14,612482,63962,95988,30268,0.5066056266632872,0.3212140507269447
7136,0.7143,20,58,20,612540,63904,96008,30248,0.5061462425548092,0.3212677372758943
7137,0.7144,11,29,11,612569,63875,96019,30237,0.5059165505005703,0.32128740224413466
7138,0.7145,24,58,24,612627,63817,96043,30213,0.5054571663920923,0.3213123471232585
7139,0.7146,9,37,9,612664,63780,96052,30204,0.505164111012546,0.3213738508682329
7140,0.7147,20,57,20,612721,63723,96072,30184,0.5047126473197313,0.3214243879582992
7141,0.7148,9,26,9,612747,63697,96081,30175,0.5045067165124826,0.32144835520709053
7142,0.7149,12,37,12,612784,63660,96093,30163,0.5042136611329363,0.32148833441693403
7143,0.715,15,38,15,612822,63622,96108,30148,0.5039126853377265,0.32151007785005864
7144,0.7151,13,64,13,612886,63558,96121,30135,0.503405778735268,0.3216355544170856
7145,0.7152,21,61,21,612947,63497,96142,30114,0.5029226333797998,0.3216929634337845
7146,0.7153,15,53,15,613000,63444,96157,30099,0.5025028513496388,0.3217664603444405
7147,0.7154,10,38,10,613038,63406,96167,30089,0.5022018755544291,0.32182469650783463
7148,0.7155,14,72,14,613110,63334,96181,30075,0.5016316056266633,0.3219711162735925
7149,0.7156,20,75,20,613185,63259,96201,30055,0.5010375744519072,0.3220845746618943
7150,0.7157,29,86,29,613271,63173,96230,30026,0.5003564187048536,0.322170838742905
7151,0.7158,15,35,15,613306,63138,96245,30011,0.5000792041566341,0.32218273948190534
7152,0.7159,17,42,17,613348,63096,96262,29994,0.4997465466987708,0.3222043184015469
7153,0.716,12,29,12,613377,63067,96274,29982,0.49951685464453177,0.3222173263549313
7154,0.7161,16,51,16,613428,63016,96290,29966,0.49911291344569764,0.32227743004022286
7155,0.7162,20,66,20,613494,62950,96310,29946,0.4985901660119123,0.32236048914915605
7156,0.7163,16,46,16,613540,62904,96326,29930,0.4982258268913953,0.3224034297778831
7157,0.7164,19,51,19,613591,62853,96345,29911,0.49782188569256114,0.3224418955629339
7158,0.7165,7,39,7,613630,62814,96352,29904,0.497512989481688,0.3225263702840872
7159,0.7166,11,54,11,613684,62760,96363,29893,0.49708528703586363,0.3226339136347447
7160,0.7167,10,43,10,613727,62717,96373,29883,0.4967447091623368,0.3227105831533477
7161,0.7168,22,73,22,613800,62644,96395,29861,0.4961665188189076,0.32280417274741907
7162,0.7169,17,43,17,613843,62601,96412,29844,0.4958259409453808,0.32282979068635403
7163,0.717,8,24,8,613867,62577,96420,29836,0.4956358509694589,0.3228550095765747
7164,0.7171,32,60,32,613927,62517,96452,29804,0.49516062602965405,0.32283012532359917
7165,0.7172,17,50,17,613977,62467,96469,29787,0.49476460524648336,0.32288030871290135
7166,0.7173,20,55,20,614032,62412,96489,29767,0.49432898238499556,0.3229260460625522
7167,0.7174,21,39,21,614071,62373,96510,29746,0.4940200861741224,0.3229084119454184
7168,0.7175,17,31,17,614102,62342,96527,29729,0.4937745532885566,0.32289211586710254
7169,0.7176,30,77,30,614179,62265,96557,29699,0.4931646812824737,0.3229415858379366
7170,0.7177,14,31,14,614210,62234,96571,29685,0.49291914839690787,0.3229473775824367
7171,0.7178,18,56,18,614266,62178,96589,29667,0.4924756051197567,0.3230115956230606
7172,0.7179,14,48,14,614314,62130,96603,29653,0.4920954251679128,0.32307725831581013
7173,0.718,17,56,17,614370,62074,96620,29636,0.49165188189076164,0.32314905680950823
7174,0.7181,18,62,18,614432,62012,96638,29618,0.49116081611963,0.32323474844483246
7175,0.7182,31,90,31,614522,61922,96669,29587,0.4904479787099227,0.32332338895627755
7176,0.7183,21,46,21,614568,61876,96690,29566,0.49008363958940565,0.323330635812865
7177,0.7184,12,34,12,614602,61842,96702,29554,0.4898143454568496,0.32336207273841305
7178,0.7185,7,41,7,614643,61801,96709,29547,0.4894896084146496,0.3234553575338267
7179,0.7186,16,56,16,614699,61745,96725,29531,0.48904606513749843,0.3235352118848328
7180,0.7187,9,40,9,614739,61705,96734,29522,0.48872924851096183,0.323610334659695
7181,0.7188,24,65,24,614804,61640,96758,29498,0.48821442149283995,0.32366301652439156
7182,0.7189,25,72,25,614876,61568,96783,29473,0.4876441515650741,0.3237332630353357
7183,0.719,16,55,16,614931,61513,96799,29457,0.4872085287035864,0.32381004726833024
7184,0.7191,14,30,14,614961,61483,96813,29443,0.48697091623368394,0.3238127708246266
7185,0.7192,29,64,29,615025,61419,96842,29414,0.48646400963122544,0.32382504155978553
7186,0.7193,12,38,12,615063,61381,96854,29402,0.4861630338360157,0.32387120936739255
7187,0.7194,22,86,22,615149,61295,96876,29380,0.4854818780889621,0.3240143369175627
7188,0.7195,20,57,20,615206,61238,96896,29360,0.4850304143961475,0.3240689639947902
7189,0.7196,18,55,18,615261,61183,96914,29342,0.48459479153465973,0.324131455399061
7190,0.7197,19,39,19,615300,61144,96933,29323,0.4842858953237866,0.32412924049653463
7191,0.7198,18,47,18,615347,61097,96951,29305,0.48391363578760616,0.32416318223048163
7192,0.7199,16,81,16,615428,61016,96967,29289,0.4832720821188696,0.3243342007640773
7193,0.72,22,72,22,615500,60944,96989,29267,0.4827018121911038,0.3244282847989713
7194,0.7201,16,72,16,615572,60872,97005,29251,0.482131542263338,0.3245675354792894
7195,0.7202,20,77,20,615649,60795,97025,29231,0.4815216702572551,0.32469508808566416
7196,0.7203,12,52,12,615701,60743,97037,29219,0.4811098086427576,0.3247926902469932
7197,0.7204,12,26,12,615727,60717,97049,29207,0.4809038778355088,0.32479649481784617
7198,0.7205,12,45,12,615772,60672,97061,29195,0.48054745913065516,0.32486897303793383
7199,0.7206,22,56,22,615828,60616,97083,29173,0.480103915853504,0.32490616890710444
7200,0.7207,11,46,11,615874,60570,97094,29162,0.47973957673298695,0.3249899701332858
7201,0.7208,6,24,6,615898,60546,97100,29156,0.479549486757065,0.325031771866848
7202,0.7209,6,24,6,615922,60522,97106,29150,0.4793593967811431,0.32507360157016685
7203,0.721,14,41,14,615963,60481,97120,29136,0.4790346597389431,0.32511688630505375
7204,0.7211,27,53,27,616016,60428,97147,29109,0.47861487770878214,0.3251058221740733
7205,0.7212,18,58,18,616074,60370,97165,29091,0.4781554936003041,0.3251808050435385
7206,0.7213,20,50,20,616124,60320,97185,29071,0.47775947281713343,0.3252117103511539
7207,0.7214,15,49,15,616173,60271,97200,29056,0.47737137244962613,0.32527679201137394
7208,0.7215,4,31,4,616204,60240,97204,29052,0.4771258395640603,0.3253594946915737
7209,0.7216,21,57,21,616261,60183,97225,29031,0.4766743758712457,0.3254085681619477
7210,0.7217,16,63,16,616324,60120,97241,29015,0.47617538968445067,0.32551747349526
7211,0.7218,22,96,22,616420,60024,97263,28993,0.4754150297807629,0.32570183223429233
7212,0.7219,14,43,14,616463,59981,97277,28979,0.4750744519072361,0.3257531474820144
7213,0.722,32,74,32,616537,59907,97309,28947,0.4744883411481435,0.3257816192855696
7214,0.7221,21,50,21,616587,59857,97330,28926,0.47409232036497273,0.3258056159399885
7215,0.7222,15,49,15,616636,59808,97345,28911,0.4737042199974655,0.3258715720420654
7216,0.7223,19,95,19,616731,59713,97364,28892,0.47295178050944114,0.3260764065233339
7217,0.7224,11,41,11,616772,59672,97375,28881,0.47262704346724116,0.3261436653755378
7218,0.7225,22,65,22,616837,59607,97397,28859,0.47211221644911927,0.32621572129405646
7219,0.7226,8,23,8,616860,59584,97405,28851,0.47193004688886075,0.3262396110137389
7220,0.7227,19,58,19,616918,59526,97424,28832,0.4714706627803827,0.326308879784513
7221,0.7228,11,41,11,616959,59485,97435,28821,0.47114592573818276,0.3263764636604534
7222,0.7229,15,55,15,617014,59430,97450,28806,0.47071030287669496,0.3264653882768938
7223,0.723,26,62,26,617076,59368,97476,28780,0.4702192371055633,0.3264963470526841
7224,0.7231,7,31,7,617107,59337,97483,28773,0.46997370421999746,0.3265577119509704
7225,0.7232,19,64,19,617171,59273,97502,28754,0.46946679761753896,0.32664977790905064
7226,0.7233,33,60,33,617231,59213,97535,28721,0.4689915726777341,0.3266199649737303
7227,0.7234,13,55,13,617286,59158,97548,28708,0.4685559498162464,0.32672478546878203
7228,0.7235,11,35,11,617321,59123,97559,28697,0.4682787352680269,0.3267706672739695
7229,0.7236,15,58,15,617379,59065,97574,28682,0.46781935115954887,0.3268715739569444
7230,0.7237,30,81,30,617460,58984,97604,28652,0.46717779749081234,0.3269432653247524
7231,0.7238,27,73,27,617533,58911,97631,28625,0.4665996071473831,0.3270083165783221
7232,0.7239,25,91,25,617624,58820,97656,28600,0.4658788493220124,0.3271562571493937
7233,0.724,18,58,18,617682,58762,97674,28582,0.4654194652135344,0.3272348415460707
7234,0.7241,23,47,23,617729,58715,97697,28559,0.46504720567735397,0.327233769507528
7235,0.7242,23,50,23,617779,58665,97720,28536,0.4646511848941832,0.327243953624385
7236,0.7243,17,38,17,617817,58627,97737,28519,0.4643502090989735,0.32725541046060636
7237,0.7244,16,34,16,617851,58593,97753,28503,0.46408091496641746,0.3272595756406724
7238,0.7245,14,51,14,617902,58542,97767,28489,0.4636769737675833,0.3273431306086337
7239,0.7246,18,38,18,617940,58504,97785,28471,0.4633759979723736,0.3273469387755102
7240,0.7247,23,62,23,618002,58442,97808,28448,0.46288493220124194,0.32740246288410635
7241,0.7248,22,45,22,618047,58397,97830,28426,0.4625285134963883,0.3274017253492738
7242,0.7249,7,36,7,618083,58361,97837,28419,0.4622433785325054,0.3274832910808942
7243,0.725,17,54,17,618137,58307,97854,28402,0.461815676086681,0.32755538640740867
7244,0.7251,19,60,19,618197,58247,97873,28383,0.46134045114687616,0.3276347685559275
7245,0.7252,2,21,2,618218,58226,97875,28381,0.4611741224179445,0.3276986848638101
7246,0.7253,17,35,17,618253,58191,97892,28364,0.460896907869725,0.3276991508289527
7247,0.7254,16,30,16,618283,58161,97908,28348,0.4606592953998226,0.3276884486007236
7248,0.7255,17,34,17,618317,58127,97925,28331,0.4603900012672665,0.32768511878600015
7249,0.7256,9,40,9,618357,58087,97934,28322,0.46007318464072994,0.3277667835526392
7250,0.7257,53,94,53,618451,57993,97987,28269,0.45932866556836904,0.3277109271753495
7251,0.7258,27,70,27,618521,57923,98014,28242,0.45877423647193005,0.32776649451633494
7252,0.7259,27,65,27,618586,57858,98041,28215,0.4582594094538081,0.32780314384301695
7253,0.726,17,24,17,618610,57834,98058,28198,0.4580693194778862,0.32776176306490606
7254,0.7261,27,70,27,618680,57764,98085,28171,0.4575148903814472,0.327817536510153
7255,0.7262,10,46,10,618726,57718,98095,28161,0.4571505512609302,0.32791485694989464
7256,0.7263,9,36,9,618762,57682,98104,28152,0.45686541629704724,0.3279819185870401
7257,0.7264,20,48,20,618810,57634,98124,28132,0.4564852363452034,0.32800876804328055
7258,0.7265,8,36,8,618846,57598,98132,28124,0.4562001013813205,0.32808380579081214
7259,0.7266,28,55,28,618901,57543,98160,28096,0.4557644785198327,0.32807482572192576
7260,0.7267,13,26,13,618927,57517,98173,28083,0.45555854771258397,0.32807242990654206
7261,0.7268,16,47,16,618974,57470,98189,28067,0.4551862881764035,0.3281270093643686
7262,0.7269,22,70,22,619044,57400,98211,28045,0.4546318590799645,0.32822283340160335
7263,0.727,18,51,18,619095,57349,98229,28027,0.4542279178811304,0.3282772676161919
7264,0.7271,13,48,13,619143,57301,98242,28014,0.4538477379292865,0.32835960850964074
7265,0.7272,17,58,17,619201,57243,98259,27997,0.4533883538208085,0.3284490849366495
7266,0.7273,13,40,13,619241,57203,98272,27984,0.45307153719427196,0.32850082759106436
7267,0.7274,16,72,16,619313,57131,98288,27968,0.45250126726650614,0.328652510605295
7268,0.7275,14,43,14,619356,57088,98302,27954,0.4521606893929793,0.3287081677288869
7269,0.7276,16,40,16,619396,57048,98318,27938,0.4518438727664428,0.3287364977761043
7270,0.7277,28,63,28,619459,56985,98346,27910,0.4513448865796477,0.3287590553036103
7271,0.7278,25,57,25,619516,56928,98371,27885,0.4508934228868331,0.3287821442467546
7272,0.7279,28,59,28,619575,56869,98399,27857,0.4504261183626917,0.3287892736586172
7273,0.728,16,44,16,619619,56825,98415,27841,0.45007762007350144,0.32883329789998345
7274,0.7281,25,66,25,619685,56759,98440,27816,0.4495548726397161,0.3288915164055572
7275,0.7282,12,44,12,619729,56715,98452,27804,0.4492063743505259,0.32896745110566855
7276,0.7283,19,77,19,619806,56638,98471,27785,0.44859650234444304,0.3291164729990642
7277,0.7284,11,45,11,619851,56593,98482,27774,0.4482400836395894,0.3292045468014745
7278,0.7285,23,48,23,619899,56545,98505,27751,0.44785990368774553,0.32920897788744424
7279,0.7286,21,49,21,619948,56496,98526,27730,0.4474718033202382,0.3292332533896896
7280,0.7287,32,60,32,620008,56436,98558,27698,0.4469965783804334,0.3292129222430884
7281,0.7288,10,48,10,620056,56388,98568,27688,0.4466163984285895,0.32932109044198105
7282,0.7289,33,75,33,620131,56313,98601,27655,0.4460223672538335,0.32935165777439024
7283,0.729,31,59,31,620190,56254,98632,27624,0.44555506272969203,0.3293354634111448
7284,0.7291,16,72,16,620262,56182,98648,27608,0.44498479280192627,0.3294903926482874
7285,0.7292,11,25,11,620287,56157,98659,27597,0.4447867824103409,0.3295006805645104
7286,0.7293,22,40,22,620327,56117,98681,27575,0.4444699657838043,0.32948190985996273
7287,0.7294,22,59,22,620386,56058,98703,27553,0.4440026612596629,0.3295379794524644
7288,0.7295,34,88,34,620474,55970,98737,27519,0.44330566468128246,0.32961228425301536
7289,0.7296,21,48,21,620522,55922,98758,27498,0.4429254847294386,0.3296331814912491
7290,0.7297,18,40,18,620562,55882,98776,27480,0.44260866810290206,0.3296466015690602
7291,0.7298,12,34,12,620596,55848,98788,27468,0.44233937397034595,0.3296845743914734
7292,0.7299,19,40,19,620636,55808,98807,27449,0.4420225573438094,0.32968999603636934
7293,0.73,16,43,16,620679,55765,98823,27433,0.4416819794702826,0.32973148392990215
7294,0.7301,15,58,15,620737,55707,98838,27418,0.4412225953618046,0.3298406015037594
7295,0.7302,21,66,21,620803,55641,98859,27397,0.44069984792801925,0.32993328355692575
7296,0.7303,26,58,26,620861,55583,98885,27371,0.44024046381954124,0.3299539503821395
7297,0.7304,32,64,32,620925,55519,98917,27339,0.43973355721708274,0.32995003499963793
7298,0.7305,29,68,29,620993,55451,98946,27310,0.4391949689519706,0.32998634622587936
7299,0.7306,15,38,15,621031,55413,98961,27295,0.43889399315676086,0.3300164433912076
7300,0.7307,15,60,15,621091,55353,98976,27280,0.438418768216956,0.33013444991710333
7301,0.7308,18,60,18,621151,55293,98994,27262,0.4379435432771512,0.3302283326267337
7302,0.7309,29,58,29,621209,55235,99023,27233,0.43748415916867317,0.3302250569918029
7303,0.731,31,56,31,621265,55179,99054,27202,0.437040615891522,0.3301974969956665
7304,0.7311,14,38,14,621303,55141,99068,27188,0.4367396400963123,0.3302360043241142
7305,0.7312,13,50,13,621353,55091,99081,27175,0.43634361931314153,0.33033087788393745
7306,0.7313,10,50,10,621403,55041,99091,27165,0.43594759852997084,0.330450332092548
7307,0.7314,11,33,11,621436,55008,99102,27154,0.43568622481307817,0.33049341544753047
7308,0.7315,10,43,10,621479,54965,99112,27144,0.4353456469395514,0.3305849541463177
7309,0.7316,28,65,28,621544,54900,99140,27116,0.43483081992142947,0.3306184159188451
7310,0.7317,11,40,11,621584,54860,99151,27105,0.4345140032948929,0.33068992862807295
7311,0.7318,14,36,14,621620,54824,99165,27091,0.43422886833101,0.3307208691936764
7312,0.7319,7,51,7,621671,54773,99172,27084,0.4338249271321759,0.33086968738165334
7313,0.732,11,38,11,621709,54735,99183,27073,0.43352395133696614,0.33093340504596125
7314,0.7321,19,34,19,621743,54701,99202,27054,0.4332546572044101,0.3309155403339245
7315,0.7322,9,21,9,621764,54680,99211,27045,0.4330883284754784,0.33092688895686756
7316,0.7323,16,49,16,621813,54631,99227,27029,0.4327002281079711,0.33099436688709283
7317,0.7324,19,68,19,621881,54563,99246,27010,0.43216163984285894,0.33111446189302834
7318,0.7325,18,57,18,621938,54506,99264,26992,0.43171017615004437,0.33119831161500896
7319,0.7326,12,41,12,621979,54465,99276,26980,0.4313854391078444,0.33126649886426424
7320,0.7327,20,60,20,622039,54405,99296,26960,0.43091021416803954,0.33134640201560867
7321,0.7328,21,47,21,622086,54358,99317,26939,0.43053795463185907,0.3313652410298043
7322,0.7329,6,45,6,622131,54313,99323,26933,0.4301815359270055,0.33149939689338553
7323,0.733,26,45,26,622176,54268,99349,26907,0.42982511722215183,0.3314690483523252
7324,0.7331,16,39,16,622215,54229,99365,26891,0.4295162210112787,0.3314965483234714
7325,0.7332,10,32,10,622247,54197,99375,26881,0.4292627677100494,0.33154493204075086
7326,0.7333,16,45,16,622292,54152,99391,26865,0.4289063490051958,0.33159707221941076
7327,0.7334,18,39,18,622331,54113,99409,26847,0.42859745279432265,0.33160820158102766
7328,0.7335,50,135,50,622466,53978,99459,26797,0.4275281966797618,0.3317486846177654
7329,0.7336,24,54,24,622520,53924,99483,26773,0.4271004942339374,0.3317719369988971
7330,0.7337,17,34,17,622554,53890,99500,26756,0.4268312001013813,0.33177094958212433
7331,0.7338,26,83,26,622637,53807,99526,26730,0.42617380560131796,0.33189714044476454
7332,0.7339,10,38,10,622675,53769,99536,26720,0.42587282980610824,0.33197082831194324
7333,0.734,19,41,19,622716,53728,99555,26701,0.42554809276390826,0.33198224521006103
7334,0.7341,17,39,17,622755,53689,99572,26684,0.4252391965530351,0.33200204048623294
7335,0.7342,11,43,11,622798,53646,99583,26673,0.4248986186795083,0.3320882979120756
7336,0.7343,31,74,31,622872,53572,99614,26642,0.42431250792041564,0.3321365347694916
7337,0.7344,11,43,11,622915,53529,99625,26631,0.4239719300468889,0.33222305389221557
7338,0.7345,16,44,16,622959,53485,99641,26615,0.4236234317576986,0.3322721598002497
7339,0.7346,13,30,13,622989,53455,99654,26602,0.42338581928779623,0.33228824462570417
7340,0.7347,10,51,10,623040,53404,99664,26592,0.4229818780889621,0.33241662083104156
7341,0.7348,24,54,24,623094,53350,99688,26568,0.42255417564313774,0.3324407517705648
7342,0.7349,19,30,19,623124,53320,99707,26549,0.42231656317323535,0.3324068161614644
7343,0.735,19,49,19,623173,53271,99726,26530,0.42192846280572804,0.3324519742860365
7344,0.7351,21,67,21,623240,53204,99747,26509,0.4213977949562793,0.33255554301055035
7345,0.7352,16,43,16,623283,53161,99763,26493,0.4210572170827525,0.33260099932206794
7346,0.7353,24,48,24,623331,53113,99787,26469,0.42067703713090865,0.33260033675956874
7347,0.7354,13,50,13,623381,53063,99800,26456,0.42028101634773796,0.3327003609200317
7348,0.7355,6,36,6,623417,53027,99806,26450,0.419995881383855,0.3328006844747537
7349,0.7356,24,57,24,623474,52970,99830,26426,0.41954441769104045,0.3328379263438964
7350,0.7357,13,34,13,623508,52936,99843,26413,0.41927512355848434,0.3328712397131659
7351,0.7358,16,47,16,623555,52889,99859,26397,0.41890286402230387,0.33293393537320587
7352,0.7359,25,49,25,623604,52840,99884,26372,0.4185147636547966,0.33292935413826186
7353,0.736,7,22,7,623626,52818,99891,26365,0.4183405145102015,0.3329628834472046
7354,0.7361,10,25,10,623651,52793,99901,26355,0.41814250411861614,0.3329837772274726
7355,0.7362,31,60,31,623711,52733,99932,26324,0.4176672791788113,0.33297494213036166
7356,0.7363,25,55,25,623766,52678,99957,26299,0.4172316563173235,0.3329956822872482
7357,0.7364,22,54,22,623820,52624,99979,26277,0.41680395387149916,0.33303760408613325
7358,0.7365,23,62,23,623882,52562,100002,26254,0.4163128881003675,0.3331049533089728
7359,0.7366,21,71,21,623953,52491,100023,26233,0.4157505385882651,0.33322747827854277
7360,0.7367,19,36,19,623989,52455,100042,26214,0.4154654036243822,0.3332189299469931
7361,0.7368,19,42,19,624031,52413,100061,26195,0.4151327461665188,0.33323580297170774
7362,0.7369,9,27,9,624058,52386,100070,26186,0.4149188949436066,0.33327393982589215
7363,0.737,24,92,24,624150,52294,100094,26162,0.41419021670257256,0.3334607933109004
7364,0.7371,14,57,14,624207,52237,100108,26148,0.41373875300975793,0.33358423167697904
7365,0.7372,24,68,24,624275,52169,100132,26124,0.4132001647446458,0.3336696767271659
7366,0.7373,23,68,23,624343,52101,100155,26101,0.41266157647953366,0.333763842356973
7367,0.7374,15,50,15,624393,52051,100170,26086,0.4122655556963629,0.3338495207136184
7368,0.7375,15,58,15,624451,51993,100185,26071,0.4118061715878849,0.3339695634351301
7369,0.7376,14,46,14,624497,51947,100199,26057,0.4114418324673679,0.3340469719501564
7370,0.7377,10,52,10,624549,51895,100209,26047,0.41102997085287035,0.3341843935233892
7371,0.7378,32,74,32,624623,51821,100241,26015,0.4104438600937777,0.33422837761447144
7372,0.7379,11,35,11,624658,51786,100252,26004,0.4101666455455582,0.3342846124180486
7373,0.738,9,45,9,624703,51741,100261,25995,0.4098102268407046,0.3344010497066996
7374,0.7381,14,45,14,624748,51696,100275,25981,0.40945380813585097,0.3344748123640202
7375,0.7382,10,49,10,624797,51647,100285,25971,0.40906570776834367,0.3346002215980829
7376,0.7383,29,67,29,624864,51580,100314,25942,0.40853503991889495,0.33464048915146666
7377,0.7384,15,44,15,624908,51536,100329,25927,0.40818654162970475,0.33470172856718694
7378,0.7385,22,49,22,624957,51487,100351,25905,0.40779844126219744,0.33472451933016334
7379,0.7386,22,49,22,625006,51438,100373,25883,0.40741034089469014,0.3347473519483711
7380,0.7387,26,40,26,625046,51398,100399,25857,0.4070935242681536,0.33469678337971653
7381,0.7388,17,47,17,625093,51351,100416,25840,0.4067212647319731,0.33475405163814437
7382,0.7389,19,60,19,625153,51291,100435,25821,0.4062460397921683,0.3348506069094304
7383,0.739,40,59,40,625212,51232,100475,25781,0.4057787352680269,0.3347616636152338
7384,0.7391,16,56,16,625268,51176,100491,25765,0.4053351919908757,0.33486697599459325
7385,0.7392,31,84,31,625352,51092,100522,25734,0.4046698770751489,0.33496472548356027
7386,0.7393,24,41,24,625393,51051,100546,25710,0.4043451400329489,0.3349357095400008
7387,0.7394,25,73,25,625466,50978,100571,25685,0.4037669496895197,0.3350377626756062
7388,0.7395,16,60,16,625526,50918,100587,25669,0.40329172474971486,0.3351613198062334
7389,0.7396,8,32,8,625558,50886,100595,25661,0.40303827144848564,0.33523194899865444
7390,0.7397,24,47,24,625605,50839,100619,25637,0.40266601191230517,0.33522935299963386
7391,0.7398,17,58,17,625663,50781,100636,25620,0.40220662780382715,0.3353359249224487
7392,0.7399,13,23,13,625686,50758,100649,25607,0.40202445824356864,0.33532377398022656
7393,0.74,15,22,15,625708,50736,100664,25592,0.4018502090989735,0.33528980190755686
7394,0.7401,8,32,8,625740,50704,100672,25584,0.4015967557977443,0.33536073825503354
7395,0.7402,10,27,10,625767,50677,100682,25574,0.4013829045748321,0.3353923227236364
7396,0.7403,17,43,17,625810,50634,100699,25557,0.4010423267013053,0.3354333188959326
7397,0.7404,6,32,6,625842,50602,100705,25551,0.400788873400076,0.3355219098394023
7398,0.7405,13,35,13,625877,50567,100718,25538,0.4005116588518565,0.3355627094146245
7399,0.7406,22,69,22,625946,50498,100740,25516,0.399965150171081,0.33567500723550925
7400,0.7407,19,69,19,626015,50429,100759,25497,0.3994186414903054,0.33581381871822563
7401,0.7408,12,71,12,626086,50358,100771,25485,0.398856291978203,0.336023100352043
7402,0.7409,4,28,4,626114,50330,100775,25481,0.39863452033962743,0.3361121736951102
7403,0.741,10,33,10,626147,50297,100785,25471,0.39837314662273476,0.33617094287825994
7404,0.7411,22,53,22,626200,50244,100807,25449,0.3979533645925738,0.3362133882921803
7405,0.7412,14,50,14,626250,50194,100821,25435,0.3975573438094031,0.33631279006730225
7406,0.7413,15,39,15,626289,50155,100836,25420,0.39724844759852995,0.33635461462123717
7407,0.7414,20,43,20,626332,50112,100856,25400,0.3969078697250032,0.33637037821803156
7408,0.7415,19,34,19,626366,50078,100875,25381,0.3966385755924471,0.3363548417021164
7409,0.7416,5,22,5,626388,50056,100880,25376,0.39646432644785196,0.33640895110828295
7410,0.7417,24,64,24,626452,49992,100904,25352,0.3959574198453935,0.33648332979401147
7411,0.7418,19,52,19,626504,49940,100923,25333,0.39554555823089593,0.33654829753032295
7412,0.7419,13,32,13,626536,49908,100936,25320,0.3952921049296667,0.33657680650821503
7413,0.742,17,51,17,626587,49857,100953,25303,0.3948881637308326,0.3366551357104843
7414,0.7421,19,61,19,626648,49796,100972,25284,0.39440501837536435,0.3367607884922749
7415,0.7422,18,65,18,626713,49731,100990,25266,0.3938901913572424,0.33689347573902956
7416,0.7423,26,46,26,626759,49685,101016,25240,0.39352585223672537,0.3368702035368702
7417,0.7424,11,35,11,626794,49650,101027,25229,0.3932486376885059,0.33693024746591166
7418,0.7425,30,72,30,626866,49578,101057,25199,0.3926783677607401,0.3369886462414914
7419,0.7426,11,69,11,626935,49509,101068,25188,0.3921318590799645,0.3372022972810153
7420,0.7427,16,52,16,626987,49457,101084,25172,0.391719997465467,0.33729515335861393
7421,0.7428,49,110,49,627097,49347,101133,25123,0.39084875174249145,0.33735732509735467
7422,0.7429,8,38,8,627135,49309,101141,25115,0.39054777594728174,0.3374583467698592
7423,0.743,28,49,28,627184,49260,101169,25087,0.39015967557977443,0.3374312346160571
7424,0.7431,31,74,31,627258,49186,101200,25056,0.3895735648206818,0.33749090811131166
7425,0.7432,16,31,16,627289,49155,101216,25040,0.38932803193511595,0.33748904912729966
7426,0.7433,32,67,32,627356,49088,101248,25008,0.38879736408566723,0.33750809760310946
7427,0.7434,29,60,29,627416,49028,101277,24979,0.3883221391458624,0.3375221262853514
7428,0.7435,16,32,16,627448,48996,101293,24963,0.3880686858446331,0.337524844846469
7429,0.7436,33,64,33,627512,48932,101326,24930,0.3875617792421746,0.3375213235493217
7430,0.7437,4,44,4,627556,48888,101330,24926,0.3872132809529844,0.33768661771479663
7431,0.7438,30,79,30,627635,48809,101360,24896,0.3865875681155747,0.33777898378671734
7432,0.7439,28,45,28,627680,48764,101388,24868,0.38623114941072106,0.3377335940895263
7433,0.744,7,28,7,627708,48736,101395,24861,0.3860093777721455,0.33779909507181
7434,0.7441,14,25,14,627733,48711,101409,24847,0.38581136738056016,0.3377878680768917
7435,0.7442,7,34,7,627767,48677,101416,24840,0.38554207324800405,0.33788103431859295
7436,0.7443,14,54,14,627821,48623,101430,24826,0.3851143708021797,0.3380032403436398
7437,0.7444,19,51,19,627872,48572,101449,24807,0.38471042960334556,0.33806674934245495
7438,0.7445,20,49,20,627921,48523,101469,24787,0.3843223292358383,0.3381121265857318
7439,0.7446,25,43,25,627964,48480,101494,24762,0.3839817513623115,0.33808470549684605
7440,0.7447,16,47,16,628011,48433,101510,24746,0.383609491826131,0.33815712157859495
7441,0.7448,19,42,19,628053,48391,101529,24727,0.38327683436826765,0.33817938127410485
7442,0.7449,11,36,11,628089,48355,101540,24716,0.38299169940438477,0.33824636312627443
7443,0.745,10,49,10,628138,48306,101550,24706,0.38260359903687746,0.33838273160576343
7444,0.7451,21,47,21,628185,48259,101571,24685,0.382231339500697,0.33841028734371575
7445,0.7452,16,40,16,628225,48219,101587,24669,0.38191452287416044,0.3384507737899243
7446,0.7453,7,24,7,628249,48195,101594,24662,0.3817244328982385,0.3384987029386332
7447,0.7454,17,47,17,628296,48148,101611,24645,0.38135217336205807,0.33856277389309414
7448,0.7455,21,60,21,628356,48088,101632,24624,0.3808769484222532,0.33865111673451426
7449,0.7456,36,69,36,628425,48019,101668,24588,0.3803304397414776,0.3386450342253502
7450,0.7457,27,59,27,628484,47960,101695,24561,0.3798631352173362,0.3386743150259925
7451,0.7458,14,46,14,628530,47914,101709,24547,0.37949879609681914,0.3387615406908544
7452,0.7459,16,36,16,628566,47878,101725,24531,0.37921366113293625,0.33878385283597345
7453,0.746,13,33,13,628599,47845,101738,24518,0.3789522874160436,0.3388195624835897
7454,0.7461,27,75,27,628674,47770,101765,24491,0.37835825624128755,0.3389241776338551
7455,0.7462,24,84,24,628758,47686,101789,24467,0.37769294132556075,0.3390988593682868
7456,0.7463,12,29,12,628787,47657,101801,24455,0.37746324927132174,0.3391252496117151
7457,0.7464,12,46,12,628833,47611,101813,24443,0.3770989101508047,0.3392316873456019
7458,0.7465,10,46,10,628879,47565,101823,24433,0.3767345710302877,0.3393566487957999
7459,0.7466,15,40,15,628919,47525,101838,24418,0.3764177544037511,0.3394075865615835
7460,0.7467,25,51,25,628970,47474,101863,24393,0.376013813204917,0.3394186483365105
7461,0.7468,14,39,14,629009,47435,101877,24379,0.37570491699404385,0.33947419723173755
7462,0.7469,9,45,9,629054,47390,101886,24370,0.3753484982891902,0.3396042363433668
7463,0.747,18,62,18,629116,47328,101904,24352,0.37485743251805853,0.33973214285714287
7464,0.7471,26,50,26,629166,47278,101930,24326,0.37446141173488784,0.33972962404334955
7465,0.7472,23,53,23,629219,47225,101953,24303,0.37404162970472693,0.33976904149424003
7466,0.7473,15,51,15,629270,47174,101968,24288,0.3736376885058928,0.33987293946433067
7467,0.7474,19,57,19,629327,47117,101987,24269,0.37318622481307817,0.3399686212982938
7468,0.7475,23,55,23,629382,47062,102010,24246,0.37275060195159043,0.34001795030010656
7469,0.7476,16,43,16,629425,47019,102026,24230,0.3724100240780636,0.3400749484203287
7470,0.7477,18,38,18,629463,46981,102044,24212,0.3721090482828539,0.3400896155520908
7471,0.7478,8,39,8,629502,46942,102052,24204,0.37180015207198075,0.3402018384729992
7472,0.7479,22,59,22,629561,46883,102074,24182,0.3713328475478393,0.3402800253289242
7473,0.748,18,54,18,629615,46829,102092,24164,0.37090514510201494,0.3403715859310073
7474,0.7481,24,59,24,629674,46770,102116,24140,0.37043784057787355,0.34043153292906503
7475,0.7482,3,28,3,629702,46742,102119,24137,0.3702160689392979,0.34053810014249636
7476,0.7483,11,35,11,629737,46707,102130,24126,0.36993885439107843,0.3406039557833213
7477,0.7484,17,34,17,629771,46673,102147,24109,0.3696695602585224,0.3406091944279619
7478,0.7485,23,70,23,629841,46603,102170,24086,0.3691151311620834,0.34073193849113725
7479,0.7486,22,53,22,629894,46550,102192,24064,0.3686953491319224,0.34078228113405273
7480,0.7487,21,59,21,629953,46491,102213,24043,0.368228044607781,0.34087106927155697
7481,0.7488,15,62,15,630015,46429,102228,24028,0.36773697883664935,0.3410306995756277
7482,0.7489,14,43,14,630058,46386,102242,24014,0.36739640096312254,0.34110795454545456
7483,0.749,34,63,34,630121,46323,102276,23980,0.3668974147763275,0.34109497460990285
7484,0.7491,26,62,26,630183,46261,102302,23954,0.3664063490051958,0.34115217546108384
7485,0.7492,18,43,18,630226,46218,102320,23936,0.366065771131669,0.3411922342275565
7486,0.7493,18,46,18,630272,46172,102338,23918,0.36570143201115196,0.3412469681837637
7487,0.7494,15,40,15,630312,46132,102353,23903,0.36538461538461536,0.3413007781823374
7488,0.7495,10,51,10,630363,46081,102363,23893,0.3649806741857813,0.34145539771915284
7489,0.7496,14,51,14,630414,46030,102377,23879,0.36457673298694715,0.34157261582914933
7490,0.7497,12,49,12,630463,45981,102389,23867,0.36418863261943984,0.34169911808498454
7491,0.7498,17,54,17,630517,45927,102406,23850,0.3637609301736155,0.34180317296530377
7492,0.7499,27,77,27,630594,45850,102433,23823,0.3631510581675326,0.3419258536305312
7493,0.75,17,46,17,630640,45804,102450,23806,0.3627867190470156,0.3419910932337308
7494,0.7501,21,61,21,630701,45743,102471,23785,0.3623035736915473,0.3420923944310206
7495,0.7502,26,60,26,630761,45683,102497,23759,0.36182834875174247,0.3421416433858472
7496,0.7503,12,42,12,630803,45641,102509,23747,0.3614956912938791,0.3422349685824638
7497,0.7504,12,29,12,630832,45612,102521,23735,0.3612659992396401,0.3422642652169524
7498,0.7505,15,48,15,630880,45564,102536,23720,0.36088581928779623,0.34235898620172045
7499,0.7506,19,57,19,630937,45507,102555,23701,0.3604343555949816,0.34246040920124843
7500,0.7507,11,34,11,630971,45473,102566,23690,0.36016506146242555,0.34252418200482915
7501,0.7508,11,32,11,631003,45441,102577,23679,0.3599116081611963,0.342578125
7502,0.7509,15,50,15,631053,45391,102592,23664,0.3595155873780256,0.34268336832959234
7503,0.751,13,36,13,631089,45355,102605,23651,0.3592304524141427,0.34273831261049764
7504,0.7511,16,55,16,631144,45300,102621,23635,0.3587948295526549,0.3428592152027272
7505,0.7512,38,84,38,631228,45216,102659,23597,0.35812951463692816,0.34291485620449624
7506,0.7513,27,57,27,631285,45159,102686,23570,0.35767805094411353,0.3429411165592399
7507,0.7514,14,45,14,631330,45114,102700,23556,0.3573216322392599,0.3430318916557449
7508,0.7515,15,31,15,631361,45083,102715,23541,0.35707609935369405,0.3430432501748659
7509,0.7516,14,30,14,631391,45053,102729,23527,0.35683848688379166,0.3430592009332167
7510,0.7517,28,85,28,631476,44968,102757,23499,0.3561652515524015,0.34321644003680607
7511,0.7518,20,49,20,631525,44919,102777,23479,0.35577715118489417,0.34327027106055735
7512,0.7519,24,54,24,631579,44865,102801,23455,0.3553494487390698,0.3433108899297424
7513,0.752,24,34,24,631613,44831,102825,23431,0.35508015460651376,0.34325100348656645
7514,0.7521,19,51,19,631664,44780,102844,23412,0.35467621340767963,0.3433247301736274
7515,0.7522,13,36,13,631700,44744,102857,23399,0.35439107844379675,0.34338083148672643
7516,0.7523,16,48,16,631748,44696,102873,23383,0.35401089849195283,0.3434686173416178
7517,0.7524,11,22,11,631770,44674,102884,23372,0.35383664934735776,0.34347353261029306
7518,0.7525,16,38,16,631808,44636,102900,23356,0.35353567355214804,0.3435110012942699
7519,0.7526,13,49,13,631857,44587,102913,23343,0.35314757318464074,0.34363315177388487
7520,0.7527,13,35,13,631892,44552,102926,23330,0.35287035863642124,0.3436846292095106
7521,0.7528,30,51,30,631943,44501,102956,23300,0.3524664174375871,0.34365274848453564
7522,0.7529,20,62,20,632005,44439,102976,23280,0.35197535166645544,0.34377353475390954
7523,0.753,15,35,15,632040,44404,102991,23265,0.35169813711823594,0.34380587861502315
7524,0.7531,17,56,17,632096,44348,103008,23248,0.35125459384108476,0.34392567607550745
7525,0.7532,16,55,16,632151,44293,103024,23232,0.350818970979597,0.3440503517215846
7526,0.7533,16,32,16,632183,44261,103040,23216,0.35056551767836774,0.3440579753101057
7527,0.7534,22,47,22,632230,44214,103062,23194,0.3501932581421873,0.3440837882743888
7528,0.7535,28,64,28,632294,44150,103090,23166,0.3496863515397288,0.344138094955137
7529,0.7536,29,61,29,632355,44089,103119,23137,0.34920320618426054,0.34416743521851667
7530,0.7537,25,45,25,632400,44044,103144,23112,0.3488467874794069,0.3441539102984097
7531,0.7538,20,22,20,632422,44022,103164,23092,0.3486725383348118,0.3440712816997944
7532,0.7539,21,46,21,632468,43976,103185,23071,0.3483081992142948,0.3441018986680985
7533,0.754,23,52,23,632520,43924,103208,23048,0.3478963375997972,0.3441438212984531
7534,0.7541,28,62,28,632582,43862,103236,23020,0.3474052718286656,0.3441882718818217
7535,0.7542,25,49,25,632631,43813,103261,22995,0.3470171714611583,0.3441953059513831
7536,0.7543,24,48,24,632679,43765,103285,22971,0.34663699150931443,0.3442070246943179
7537,0.7544,29,75,29,632754,43690,103314,22942,0.34604296033455834,0.3443090407011646
7538,0.7545,26,39,26,632793,43651,103340,22916,0.34573406412368524,0.34425466071777305
7539,0.7546,14,28,14,632821,43623,103354,22902,0.3455122924851096,0.3442615558060879
7540,0.7547,9,17,9,632838,43606,103363,22893,0.3453776454188316,0.3442608159521196
7541,0.7548,17,54,17,632892,43552,103380,22876,0.34494994297300724,0.34437285482025654
7542,0.7549,22,59,22,632951,43493,103402,22854,0.3444826384488658,0.3444616938218759
7543,0.755,29,41,29,632992,43452,103431,22825,0.3441579014066658,0.3443879475534499
7544,0.7551,14,25,14,633017,43427,103445,22811,0.34395989101508045,0.3443793592801715
7545,0.7552,17,44,17,633061,43383,103462,22794,0.34361139272589025,0.3444399111473775
7546,0.7553,12,54,12,633115,43329,103474,22782,0.3431836902800659,0.34460225983573084
7547,0.7554,7,37,7,633152,43292,103481,22775,0.3428906349005196,0.34472580864879593
7548,0.7555,17,40,17,633192,43252,103498,22758,0.34257381827398303,0.34476594455385545
7549,0.7556,6,25,6,633217,43227,103504,22752,0.3423758078823977,0.3448369935888692
7550,0.7557,27,50,27,633267,43177,103531,22725,0.341979787099227,0.3448302024217778
7551,0.7558,18,49,18,633316,43128,103549,22707,0.3415916867317197,0.3449077238550923
7552,0.7559,13,29,13,633345,43099,103562,22694,0.3413619946774807,0.344930311735291
7553,0.756,7,43,7,633388,43056,103569,22687,0.34102141680395387,0.34508616886968957
7554,0.7561,18,40,18,633428,43016,103587,22669,0.3407046001774173,0.3451168455507346
7555,0.7562,18,32,18,633460,42984,103605,22651,0.34045114687618805,0.3451055077321551
7556,0.7563,16,44,16,633504,42940,103621,22635,0.34010264858699785,0.34517727792603886
7557,0.7564,15,51,15,633555,42889,103636,22620,0.3396987073881637,0.3452960661893786
7558,0.7565,14,27,14,633582,42862,103650,22606,0.33948485616525154,0.3452984664263457
7559,0.7566,10,43,10,633625,42819,103660,22596,0.3391442782917248,0.3454253611556982
7560,0.7567,12,34,12,633659,42785,103672,22584,0.33887498415916867,0.34548486285548197
7561,0.7568,25,50,25,633709,42735,103697,22559,0.338478963375998,0.3454988207185959
7562,0.7569,23,47,23,633756,42688,103720,22536,0.3381067038398175,0.345516987611922
7563,0.757,25,58,25,633814,42630,103745,22511,0.3376473197313395,0.3455734483658525
7564,0.7571,13,46,13,633860,42584,103758,22498,0.33728298061082246,0.3456869795027811
7565,0.7572,20,49,20,633909,42535,103778,22478,0.33689488024331515,0.34574623536831095
7566,0.7573,7,38,7,633947,42497,103785,22471,0.33659390444810544,0.34587797069326437
7567,0.7574,14,14,14,633961,42483,103799,22457,0.33648301862881763,0.3458115183246073
7568,0.7575,22,70,22,634031,42413,103821,22435,0.33592858953237864,0.34596286701208984
7569,0.7576,22,31,22,634062,42382,103843,22413,0.3356830566468128,0.34590631993209353
7570,0.7577,30,79,30,634141,42303,103873,22383,0.3350573438094031,0.34602541508208884
7571,0.7578,22,42,22,634183,42261,103895,22361,0.33472468635153974,0.3460276685958342
7572,0.7579,25,46,25,634229,42215,103920,22336,0.3343603472310227,0.34602097566265433
7573,0.758,10,24,10,634253,42191,103930,22326,0.33417025725510074,0.3460483283475673
7574,0.7581,22,55,22,634308,42136,103952,22304,0.33373463439361295,0.34612042209807575
7575,0.7582,22,49,22,634357,42087,103974,22282,0.3333465340261057,0.3461604188351536
7576,0.7583,26,48,26,634405,42039,104000,22256,0.33296635407426184,0.34615444435803716
7577,0.7584,9,22,9,634427,42017,104009,22247,0.3327921049296667,0.34618137682061495
7578,0.7585,23,65,23,634492,41952,104032,22224,0.3322772779115448,0.3462976813762154
7579,0.7586,26,76,26,634568,41876,104058,22198,0.33167532632112534,0.3464431750788151
7580,0.7587,18,36,18,634604,41840,104076,22180,0.3313901913572424,0.3464542330521712
7581,0.7588,8,33,8,634637,41807,104084,22172,0.3311288176403498,0.3465512121164757
7582,0.7589,15,31,15,634668,41776,104099,22157,0.33088328475478396,0.3465659362144745
7583,0.759,13,23,13,634691,41753,104112,22144,0.3307011151945254,0.34655774136500933
7584,0.7591,13,38,13,634729,41715,104125,22131,0.3304001393993157,0.34663095573724273
7585,0.7592,6,31,6,634760,41684,104131,22125,0.33015460651374984,0.34673792098293343
7586,0.7593,11,53,11,634813,41631,104142,22114,0.3297348244835889,0.3469134834104636
7587,0.7594,13,56,13,634869,41575,104155,22101,0.3292912812064377,0.34708524404799296
7588,0.7595,7,22,7,634891,41553,104162,22094,0.3291170320618426,0.3471334077018555
7589,0.7596,12,35,12,634926,41518,104174,22082,0.3288398175136231,0.3472012578616352
7590,0.7597,15,53,15,634979,41465,104189,22067,0.32842003548346216,0.34733677516841904
7591,0.7598,20,46,20,635025,41419,104209,22047,0.3280556963629451,0.34738285066019603
7592,0.7599,32,61,32,635086,41358,104241,22015,0.3275725510074769,0.34738768876335346
7593,0.76,16,29,16,635115,41329,104257,21999,0.3273428589532379,0.34738188479029813
7594,0.7601,10,32,10,635147,41297,104267,21989,0.3270894056520086,0.34745441329835985
7595,0.7602,15,23,15,635170,41274,104282,21974,0.3269072360917501,0.3474260055653934
7596,0.7603,13,28,13,635198,41246,104295,21961,0.3266854644531745,0.3474456943060104
7597,0.7604,17,51,17,635249,41195,104312,21944,0.3262815232543404,0.3475506422338016
7598,0.7605,10,29,10,635278,41166,104322,21934,0.3260518312001014,0.3476069730586371
7599,0.7606,26,41,26,635319,41125,104348,21908,0.3257270941579014,0.34756397442609427
7600,0.7607,20,52,20,635371,41073,104368,21888,0.3253152325434039,0.34764377948253683
7601,0.7608,13,37,13,635408,41036,104381,21875,0.32502217716385756,0.3477134364419577
7602,0.7609,17,31,17,635439,41005,104398,21858,0.3247766442782917,0.34770850897984507
7603,0.761,9,38,9,635477,40967,104407,21849,0.324475668483082,0.34782539480387165
7604,0.7611,6,40,6,635517,40927,104413,21843,0.3241588518565454,0.34798470606977855
7605,0.7612,18,49,18,635566,40878,104431,21825,0.32377075148903817,0.34806947036026986
7606,0.7613,12,34,12,635600,40844,104443,21813,0.32350145735648206,0.3481334886764448
7607,0.7614,23,48,23,635648,40796,104466,21790,0.3231212774046382,0.34816093055955005
7608,0.7615,33,53,33,635701,40743,104499,21757,0.32270149537447723,0.348112
7609,0.7616,25,44,25,635745,40699,104524,21732,0.32235299708528703,0.34809629831333794
7610,0.7617,12,39,12,635784,40660,104536,21720,0.3220441008744139,0.3481885219621674
7611,0.7618,18,32,18,635816,40628,104554,21702,0.32179064757318465,0.3481790470078614
7612,0.7619,25,48,25,635864,40580,104579,21677,0.3214104676213408,0.34818574618115233
7613,0.762,25,52,25,635916,40528,104604,21652,0.3209986060068432,0.3482148600836282
7614,0.7621,28,76,28,635992,40452,104632,21624,0.3203966544164238,0.3483471873187705
7615,0.7622,37,45,37,636037,40407,104669,21587,0.32004023571157014,0.3482111172048908
7616,0.7623,35,96,35,636133,40311,104704,21552,0.3192798758078824,0.3483827166480772
7617,0.7624,9,17,9,636150,40294,104713,21543,0.31914522874160434,0.34838365379950514
7618,0.7625,21,35,21,636185,40259,104734,21522,0.31886801419338484,0.3483595280102297
7619,0.7626,26,67,26,636252,40192,104760,21496,0.3183373463439361,0.34846323434055243
7620,0.7627,18,32,18,636284,40160,104778,21478,0.3180838930427069,0.34845387585580323
7621,0.7628,20,43,20,636327,40117,104798,21458,0.3177433151691801,0.348485586682907
7622,0.7629,21,38,21,636365,40079,104819,21437,0.3174423393739704,0.3484784446322908
7623,0.763,8,32,8,636397,40047,104827,21429,0.3171888860727411,0.34857505367948466
7624,0.7631,3,7,3,636404,40040,104830,21426,0.3171334431630972,0.34858295643119774
7625,0.7632,12,17,12,636421,40023,104842,21414,0.31699879609681914,0.3485521753991894
7626,0.7633,15,60,15,636481,39963,104857,21399,0.3165235711570143,0.3487337440109514
7627,0.7634,14,42,14,636523,39921,104871,21385,0.3161909136991509,0.3488239324046586
7628,0.7635,30,57,30,636580,39864,104901,21355,0.31573945000633635,0.34882961172185106
7629,0.7636,17,33,17,636613,39831,104918,21338,0.3154780762894437,0.3488368291127859
7630,0.7637,12,35,12,636648,39796,104930,21326,0.3152008617412242,0.3489087398972547
7631,0.7638,8,34,8,636682,39762,104938,21318,0.3149315676086681,0.34901768172888015
7632,0.7639,17,37,17,636719,39725,104955,21301,0.31463851222912176,0.3490479467767837
7633,0.764,12,38,12,636757,39687,104967,21289,0.31433753643391205,0.34913736552086067
7634,0.7641,35,70,35,636827,39617,105002,21254,0.31378310733747306,0.34916462683379607
7635,0.7642,19,47,19,636874,39570,105021,21235,0.31341084780129264,0.3492311487542143
7636,0.7643,16,40,16,636914,39530,105037,21219,0.31309403117475604,0.3492897002419793
7637,0.7644,24,49,24,636963,39481,105061,21195,0.3127059308072488,0.3493143911925638
7638,0.7645,17,51,17,637014,39430,105078,21178,0.31230198960841465,0.34942581837381204
7639,0.7646,8,23,8,637037,39407,105086,21170,0.31211982004815614,0.34947257209832117
7640,0.7647,24,60,24,637097,39347,105110,21146,0.3116445951083513,0.34956110624369763
7641,0.7648,20,53,20,637150,39294,105130,21126,0.31122481307819033,0.3496524329692155
7642,0.7649,20,43,20,637193,39251,105150,21106,0.3108842352046635,0.3496860347598456
7643,0.765,18,36,18,637229,39215,105168,21088,0.31059910024078063,0.3497006782415469
7644,0.7651,8,31,8,637260,39184,105176,21080,0.3103535673552148,0.3497942386831276
7645,0.7652,18,48,18,637308,39136,105194,21062,0.30997338740337094,0.3498787335127413
7646,0.7653,24,48,24,637356,39088,105218,21038,0.3095932074515271,0.3498985463859229
7647,0.7654,21,53,21,637409,39035,105239,21017,0.3091734254213661,0.3499800173183241
7648,0.7655,12,28,12,637437,39007,105251,21005,0.30895165378279055,0.3500133306671999
7649,0.7656,26,89,26,637526,38918,105277,20979,0.3082467367887467,0.3502512646710186
7650,0.7657,17,34,17,637560,38884,105294,20962,0.3079774426561906,0.3502656819169201
7651,0.7658,24,68,24,637628,38816,105318,20938,0.30743885439107843,0.3504033202798139
7652,0.7659,18,41,18,637669,38775,105336,20920,0.30711411734887845,0.3504481112320965
7653,0.766,27,55,27,637724,38720,105363,20893,0.3066784944873907,0.3504772448962475
7654,0.7661,22,46,22,637770,38674,105385,20871,0.3063141553668737,0.3505080191451843
7655,0.7662,18,33,18,637803,38641,105403,20853,0.306052781649981,0.35050593337143243
7656,0.7663,17,34,17,637837,38607,105420,20836,0.3057834875174249,0.3505206668573255
7657,0.7664,4,26,4,637863,38581,105424,20832,0.30557755671017617,0.35063033342871086
7658,0.7665,21,58,21,637921,38523,105445,20811,0.30511817260169816,0.35074325007584184
7659,0.7666,21,48,21,637969,38475,105466,20790,0.30473799264985424,0.35079726651480636
7660,0.7667,20,60,20,638029,38415,105486,20770,0.3042627677100494,0.35093351355917884
7661,0.7668,21,53,21,638082,38362,105507,20749,0.3038429856798885,0.35101757710070886
7662,0.7669,31,46,31,638128,38316,105538,20718,0.30347864655937146,0.3509502998272182
7663,0.767,19,43,19,638171,38273,105557,20699,0.30313806868584464,0.35099708336159535
7664,0.7671,12,46,12,638217,38227,105569,20687,0.3027737295653276,0.3511389482975184
7665,0.7672,24,60,24,638277,38167,105593,20663,0.30229850462552277,0.3512323644399116
7666,0.7673,23,71,23,638348,38096,105616,20640,0.30173615511342033,0.35140288749659493
7667,0.7674,29,54,29,638402,38042,105645,20611,0.301308452667596,0.3514057251973471
7668,0.7675,19,44,19,638446,37998,105664,20592,0.3009599543784058,0.3514592933947773
7669,0.7676,27,58,27,638504,37940,105691,20565,0.30050057026992777,0.35150841808392447
7670,0.7677,7,8,7,638512,37932,105698,20558,0.30043720694462045,0.35147888527953497
7671,0.7678,25,62,25,638574,37870,105723,20533,0.2999461411734888,0.3515744054243789
7672,0.7679,13,34,13,638608,37836,105736,20520,0.2996768470409327,0.351634793337446
7673,0.768,7,28,7,638636,37808,105743,20513,0.2994550754023571,0.35172579345347305
7674,0.7681,15,44,15,638680,37764,105758,20498,0.2991065771131669,0.351824516837733
7675,0.7682,26,44,26,638724,37720,105784,20472,0.2987580788239767,0.3518009348364036
7676,0.7683,23,50,23,638774,37670,105807,20449,0.29836205804080596,0.35184707238596674
7677,0.7684,23,52,23,638826,37618,105830,20426,0.29795019642630843,0.3519054510371442
7678,0.7685,6,29,6,638855,37589,105836,20420,0.2977205043720694,0.35201434260201003
7679,0.7686,19,33,19,638888,37556,105855,20401,0.29745913065517676,0.35200234656728263
7680,0.7687,15,18,15,638906,37538,105870,20386,0.29731656317323535,0.3519439265244113
7681,0.7688,27,60,27,638966,37478,105897,20359,0.2968413382334305,0.3520065010287532
7682,0.7689,11,33,11,638999,37445,105908,20348,0.29657996451653784,0.3520841624418182
7683,0.769,21,38,21,639037,37407,105929,20327,0.2962789887213281,0.3520802300204386
7684,0.7691,16,28,16,639065,37379,105945,20311,0.2960572170827525,0.35207141618998095
7685,0.7692,14,40,14,639105,37339,105959,20297,0.29574040045621597,0.3521583732389479
7686,0.7693,11,28,11,639133,37311,105970,20286,0.29551862881764035,0.3522058440543778
7687,0.7694,15,46,15,639179,37265,105985,20271,0.2951542896971233,0.35231854838709675
7688,0.7695,15,40,15,639219,37225,106000,20256,0.2948374730705867,0.3523947043370853
7689,0.7696,22,51,22,639270,37174,106022,20234,0.29443353187175264,0.35245958751393536
7690,0.7697,12,24,12,639294,37150,106034,20222,0.2942434418958307,0.35247158892839714
7691,0.7698,21,54,21,639348,37096,106055,20201,0.29381573945000633,0.3525664519957415
7692,0.7699,26,34,26,639382,37062,106081,20175,0.2935464453174503,0.3524817862571414
7693,0.77,19,30,19,639412,37032,106100,20156,0.29330883284754783,0.35245156326502064
7694,0.7701,20,43,20,639455,36989,106120,20136,0.292968254974021,0.3524901531728665
7695,0.7702,17,42,17,639497,36947,106137,20119,0.29263559751615764,0.35255668874636387
7696,0.7703,15,44,15,639541,36903,106152,20104,0.29228709922696744,0.35265844545406705
7697,0.7704,14,33,14,639574,36870,106166,20090,0.2920257255100748,0.35270365168539325
7698,0.7705,19,51,19,639625,36819,106185,20071,0.29162178431124064,0.3528036561785903
7699,0.7706,19,57,19,639682,36762,106204,20052,0.29117032061842607,0.35294117647058826
7700,0.7707,14,50,14,639732,36712,106218,20038,0.2907742998352554,0.35309251101321587
7701,0.7708,13,30,13,639762,36682,106231,20025,0.29053668736535293,0.35313100675401626
7702,0.7709,18,40,18,639802,36642,106249,20007,0.2902198707388164,0.353174813324154
7703,0.771,19,42,19,639844,36600,106268,19988,0.28988721328095296,0.35321976390754223
7704,0.7711,12,27,12,639871,36573,106280,19976,0.2896733620580408,0.35325116270844753
7705,0.7712,18,36,18,639907,36537,106298,19958,0.2893882270941579,0.35327020090273475
7706,0.7713,16,37,16,639944,36500,106314,19942,0.2890951717146116,0.35331845079905033
7707,0.7714,27,54,27,639998,36446,106341,19915,0.2886674692687872,0.3533471726903355
7708,0.7715,6,28,6,640026,36418,106347,19909,0.2884456976302116,0.3534539386084826
7709,0.7716,13,26,13,640052,36392,106360,19896,0.2882397668229629,0.35346787947697555
7710,0.7717,18,35,18,640087,36357,106378,19878,0.2879625522747434,0.3534809282475327
7711,0.7718,17,59,17,640146,36298,106395,19861,0.287495247750602,0.35365658220409907
7712,0.7719,17,27,17,640173,36271,106412,19844,0.28728139652768975,0.35363093646974963
7713,0.772,15,21,15,640194,36250,106427,19829,0.28711506779875806,0.3535904705861374
7714,0.7721,10,25,10,640219,36225,106437,19819,0.2869170574071727,0.3536328598957962
7715,0.7722,8,29,8,640248,36196,106445,19811,0.2866873653529337,0.3537236416876462
7716,0.7723,28,40,28,640288,36156,106473,19783,0.28637054872639717,0.35365308639768317
7717,0.7724,16,28,16,640316,36128,106489,19767,0.28614877708782155,0.35364522765900347
7718,0.7725,20,37,20,640353,36091,106509,19747,0.2858557217082752,0.35364805329703786
7719,0.7726,19,28,19,640381,36063,106528,19728,0.28563395006969966,0.3536054202290692
7720,0.7727,25,49,25,640430,36014,106553,19703,0.28524584970219236,0.35362636179263063
7721,0.7728,13,22,13,640452,35992,106566,19690,0.2850716005575973,0.35361517186882657
7722,0.7729,18,46,18,640498,35946,106584,19672,0.2847072614370802,0.35369844295012404
7723,0.773,16,27,16,640525,35919,106600,19656,0.284493410214168,0.35368421052631577
7724,0.7731,14,47,14,640572,35872,106614,19642,0.2841211506779876,0.35382065785207334
7725,0.7732,18,25,18,640597,35847,106632,19624,0.28392314028640225,0.3537704386075607
7726,0.7733,6,24,6,640621,35823,106638,19618,0.2837330503104803,0.35385364621850257
7727,0.7734,12,45,12,640666,35778,106650,19606,0.28337663160562665,0.35400115556839523
7728,0.7735,10,25,10,640691,35753,106660,19596,0.2831786212140413,0.3540443368443874
7729,0.7736,9,44,9,640735,35709,106669,19587,0.2828301229248511,0.3542209201388889
7730,0.7737,11,28,11,640763,35681,106680,19576,0.2826083512862755,0.35427185695929925
7731,0.7738,15,51,15,640814,35630,106695,19561,0.2822044100874414,0.35442372850645937
7732,0.7739,18,48,18,640862,35582,106713,19543,0.28182423013559754,0.3545215419501134
7733,0.774,8,37,8,640899,35545,106721,19535,0.2815311747560512,0.3546659404502542
7734,0.7741,9,26,9,640925,35519,106730,19526,0.28132524394880243,0.3547279498592061
7735,0.7742,10,25,10,640950,35494,106740,19516,0.2811272335572171,0.3547718596618797
7736,0.7743,16,25,16,640975,35469,106756,19500,0.28092922316563174,0.35474540195382853
7737,0.7744,15,34,15,641009,35435,106771,19485,0.2806599290330757,0.35478878368536054
7738,0.7745,19,54,19,641063,35381,106790,19466,0.2802322265872513,0.3549145805604682
7739,0.7746,22,61,22,641124,35320,106812,19444,0.27974908123178305,0.35505076327514423
7740,0.7747,11,36,11,641160,35284,106823,19433,0.27946394626790017,0.3551547051190672
7741,0.7748,16,43,16,641203,35241,106839,19417,0.27912336839437335,0.35524534377401296
7742,0.7749,16,61,16,641264,35180,106855,19401,0.27864022303890507,0.3554533628918488
7743,0.775,19,37,19,641301,35143,106874,19382,0.27834716765935874,0.3554699679046309
7744,0.7751,3,11,3,641312,35132,106877,19379,0.2782600430870612,0.35550622810075033
7745,0.7752,19,42,19,641354,35090,106896,19360,0.27792738562919783,0.35555555555555557
7746,0.7753,13,48,13,641402,35042,106909,19347,0.27754720567735397,0.3557153100810826
7747,0.7754,15,24,15,641426,35018,106924,19332,0.277357115701432,0.3556945722171113
7748,0.7755,10,53,10,641479,34965,106934,19322,0.27693733367127105,0.3559231491885719
7749,0.7756,14,34,14,641513,34931,106948,19308,0.276668039538715,0.35598001438079613
7750,0.7757,17,38,17,641551,34893,106965,19291,0.2763670637435053,0.356027609626458
7751,0.7758,10,23,10,641574,34870,106975,19281,0.2761848941832467,0.35605990655758896
7752,0.7759,28,54,28,641628,34816,107003,19253,0.27575719173742236,0.3560820433150234
7753,0.776,26,40,26,641668,34776,107029,19227,0.2754403751108858,0.3560357757902339
7754,0.7761,10,39,10,641707,34737,107039,19217,0.27513147890001266,0.35617377766245323
7755,0.7762,21,52,21,641759,34685,107060,19196,0.27471961728551514,0.35626658747981665
7756,0.7763,6,18,6,641777,34667,107066,19190,0.27457704980357367,0.356313942477301
7757,0.7764,18,34,18,641811,34633,107084,19172,0.2743077556710176,0.356323761732181
7758,0.7765,18,49,18,641860,34584,107102,19154,0.2739196553035103,0.3564330641259444
7759,0.7766,12,35,12,641895,34549,107114,19142,0.2736424407552908,0.356521577173083
7760,0.7767,7,33,7,641928,34516,107121,19135,0.27338106703839815,0.35665691226631374
7761,0.7768,5,21,5,641949,34495,107126,19130,0.27321473830946646,0.35673659673659674
7762,0.7769,14,40,14,641989,34455,107140,19116,0.2728979216829299,0.3568348546788374
7763,0.777,10,32,10,642021,34423,107150,19106,0.27264446838170064,0.3569280203254311
7764,0.7771,10,35,10,642056,34388,107160,19096,0.2723672538334812,0.357041358163189
7765,0.7772,19,47,19,642103,34341,107179,19077,0.27199499429730073,0.35712681118724027
7766,0.7773,9,41,9,642144,34300,107188,19068,0.27167025725510074,0.35729275970619095
7767,0.7774,14,36,14,642180,34264,107202,19054,0.27138512229121786,0.35736524250722085
7768,0.7775,19,26,19,642206,34238,107221,19035,0.2711791914839691,0.35731045745499596
7769,0.7776,8,26,8,642232,34212,107229,19027,0.27097326067672034,0.3573883806983602
7770,0.7777,7,28,7,642260,34184,107236,19020,0.2707514890381447,0.35749191790090973
7771,0.7778,17,47,17,642307,34137,107253,19003,0.27037922950196425,0.3576025592773805
7772,0.7779,9,17,9,642324,34120,107262,18994,0.2702445824356862,0.3576081635726927
7773,0.778,15,37,15,642361,34083,107277,18979,0.2699515270561399,0.3576759262749237
7774,0.7781,7,40,7,642401,34043,107284,18972,0.26963471042960335,0.35786098274073375
7775,0.7782,25,44,25,642445,33999,107309,18947,0.26928621214041315,0.3578551731953311
7776,0.7783,14,28,14,642473,33971,107323,18933,0.26906444050183753,0.35787464085891424
7777,0.7784,13,34,13,642507,33937,107336,18920,0.2687951463692815,0.35794691337003615
7778,0.7785,18,61,18,642568,33876,107354,18902,0.2683120010138132,0.35814164992989506
7779,0.7786,11,21,11,642589,33855,107365,18891,0.2681456722848815,0.35815038107155045
7780,0.7787,12,41,12,642630,33814,107377,18879,0.2678209352426815,0.35828288387451845
7781,0.7788,12,29,12,642659,33785,107389,18867,0.2675912431884425,0.35833396642102866
7782,0.7789,15,29,15,642688,33756,107404,18852,0.2673615511342035,0.3583485401459854
7783,0.779,25,38,25,642726,33718,107429,18827,0.2670605753389938,0.35830240746027214
7784,0.7791,24,43,24,642769,33675,107453,18803,0.266719997465467,0.35830252677312396
7785,0.7792,12,43,12,642812,33632,107465,18791,0.26637941959194017,0.35844953550922304
7786,0.7793,16,39,16,642851,33593,107481,18775,0.266070523381067,0.35852047051634583
7787,0.7794,19,46,19,642897,33547,107500,18756,0.26570618426055,0.3586027570120261
7788,0.7795,11,24,11,642921,33523,107511,18745,0.2655160942846281,0.35863243284610086
7789,0.7796,13,40,13,642961,33483,107524,18732,0.2651992776580915,0.3587474863544958
7790,0.7797,15,46,15,643007,33437,107539,18717,0.26483493853757445,0.35887947233194
7791,0.7798,15,40,15,643047,33397,107554,18702,0.2645181219110379,0.3589704216971535
7792,0.7799,9,11,9,643058,33386,107563,18693,0.2644309973387403,0.35893546343055743
7793,0.78,18,43,18,643101,33343,107581,18675,0.26409041946521356,0.3590103425737245
7794,0.7801,12,25,12,643126,33318,107593,18663,0.2638924090736282,0.3590350320309344
7795,0.7802,10,19,10,643145,33299,107603,18653,0.2637419211760233,0.35904296273483216
7796,0.7803,26,44,26,643189,33255,107629,18627,0.2633934228868331,0.35902625187926446
7797,0.7804,4,25,4,643214,33230,107633,18623,0.26319541249524775,0.3591499045378281
7798,0.7805,10,37,10,643251,33193,107643,18613,0.2629023571157014,0.3592827085665753
7799,0.7806,10,38,10,643289,33155,107653,18603,0.2626013813204917,0.359422697940415
7800,0.7807,16,73,16,643362,33082,107669,18587,0.2620231909770625,0.3597321411291103
7801,0.7808,14,35,14,643397,33047,107683,18573,0.261745976428843,0.35980240216970166
7802,0.7809,17,26,17,643423,33021,107700,18556,0.2615400456215942,0.35977276693099636
7803,0.781,2,22,2,643445,32999,107702,18554,0.2613657964769991,0.35990146063274686
7804,0.7811,14,34,14,643479,32965,107716,18540,0.26109650234444304,0.3599650519367052
7805,0.7812,14,42,14,643521,32923,107730,18526,0.26076384488657967,0.3600847441155319
7806,0.7813,15,16,15,643537,32907,107745,18511,0.260637118235965,0.3600101131899335
7807,0.7814,18,30,18,643567,32877,107763,18493,0.2603995057660626,0.35999610667704884
7808,0.7815,12,34,12,643601,32843,107775,18481,0.2601302116335065,0.36008495051048245
7809,0.7816,7,29,7,643630,32814,107782,18474,0.2599005195792675,0.36020121665886756
7810,0.7817,14,43,14,643673,32771,107796,18460,0.2595599417057407,0.3603287072280455
7811,0.7818,9,30,9,643703,32741,107805,18451,0.2593223292358383,0.3604274105328958
7812,0.7819,21,61,21,643764,32680,107826,18430,0.25883918388037,0.36059479553903345
7813,0.782,21,42,21,643806,32638,107847,18409,0.25850652642250666,0.3606284404568339
7814,0.7821,16,43,16,643849,32595,107863,18393,0.25816594854897984,0.3607319369263356
7815,0.7822,10,10,10,643859,32585,107873,18383,0.2580867443923457,0.3606772877099356
7816,0.7823,22,40,22,643899,32545,107895,18361,0.25776992776580915,0.36068439869563507
7817,0.7824,7,45,7,643944,32500,107902,18354,0.2574135090609555,0.3609155621976639
7818,0.7825,10,57,10,644001,32443,107912,18344,0.25696204536814093,0.361194793943332
7819,0.7826,7,42,7,644043,32401,107919,18337,0.2566293879102775,0.3614056525680949
7820,0.7827,23,29,23,644072,32372,107942,18314,0.2563996958560385,0.3613226531981218
7821,0.7828,14,23,14,644095,32349,107956,18300,0.25621752629578,0.3613101936859563
7822,0.7829,11,21,11,644116,32328,107967,18289,0.2560511975668483,0.36132129521702194
7823,0.783,6,32,6,644148,32296,107973,18283,0.2557977442656191,0.3614741295794697
7824,0.7831,10,30,10,644178,32266,107983,18273,0.2555601317957166,0.3615623577830982
7825,0.7832,16,42,16,644220,32224,107999,18257,0.25522747433785326,0.3616608228838573
7826,0.7833,17,41,17,644261,32183,108016,18240,0.25490273729565327,0.3617396822878448
7827,0.7834,12,67,12,644328,32116,108028,18228,0.25437206944620455,0.3620689655172414
7828,0.7835,11,42,11,644370,32074,108039,18217,0.2540394119883411,0.3622318108607902
7829,0.7836,10,21,10,644391,32053,108049,18207,0.25387308325940944,0.36225626740947076
7830,0.7837,12,36,12,644427,32017,108061,18195,0.25358794829552656,0.3623635784274675
7831,0.7838,12,23,12,644450,31994,108073,18183,0.25340577873526804,0.3623771847659286
7832,0.7839,14,60,14,644510,31934,108087,18169,0.2529305537954632,0.36263297606929723
7833,0.784,20,41,20,644551,31893,108107,18149,0.2526058167532632,0.36267535270372886
7834,0.7841,11,33,11,644584,31860,108118,18138,0.25234444303637055,0.3627745109804392
7835,0.7842,22,42,22,644626,31818,108140,18116,0.2520117855785072,0.36279889454079384
7836,0.7843,12,25,12,644651,31793,108152,18104,0.25181377518692183,0.3628274244944586
7837,0.7844,12,30,12,644681,31763,108164,18092,0.2515761627170194,0.36289238792498246
7838,0.7845,8,24,8,644705,31739,108172,18084,0.2513860727410975,0.36296489573088736
7839,0.7846,16,31,16,644736,31708,108188,18068,0.25114053985553164,0.3629861780777885
7840,0.7847,17,36,17,644772,31672,108205,18051,0.2508554048916487,0.3630311928081572
7841,0.7848,36,76,36,644848,31596,108241,18015,0.2502534533012292,0.36312511338211284
7842,0.7849,18,27,18,644875,31569,108259,17997,0.25003960207831705,0.3630916353952306
7843,0.785,18,28,18,644903,31541,108277,17979,0.24981783043974148,0.3630654281098546
7844,0.7851,10,10,10,644913,31531,108287,17969,0.24973862628310733,0.363010101010101
7845,0.7852,13,24,13,644937,31507,108300,17956,0.2495485363071854,0.36301882214988984
7846,0.7853,27,45,27,644982,31462,108327,17929,0.24919211760233176,0.36300135652244336
7847,0.7854,11,41,11,645023,31421,108338,17918,0.2488673805601318,0.3631609882648615
7848,0.7855,27,54,27,645077,31367,108365,17891,0.24843967811430745,0.36321003694831294
7849,0.7856,5,23,5,645100,31344,108370,17886,0.2482575085540489,0.36331505179768436
7850,0.7857,14,47,14,645147,31297,108384,17872,0.24788524901786846,0.3634810551363664
7851,0.7858,14,24,14,645171,31273,108398,17858,0.24769515904194653,0.36347723433270235
7852,0.7859,14,29,14,645200,31244,108412,17844,0.24746546698770752,0.3635104302477184
7853,0.786,41,66,41,645266,31178,108453,17803,0.2469427195539222,0.36346746697699106
7854,0.7861,20,32,20,645298,31146,108473,17783,0.24668926625269294,0.36344499172270023
7855,0.7862,18,51,18,645349,31095,108491,17765,0.24628532505385883,0.3635898485468686
7856,0.7863,17,29,17,645378,31066,108508,17748,0.24605563299961983,0.3635842176424796
7857,0.7864,15,43,15,645421,31023,108523,17733,0.245715055126093,0.3637090819591435
7858,0.7865,19,33,19,645454,30990,108542,17714,0.24545368140920035,0.3637072930354796
7859,0.7866,9,22,9,645476,30968,108551,17705,0.24527943226460525,0.363754032009533
7860,0.7867,25,47,25,645523,30921,108576,17680,0.2449071727284248,0.3637785230756569
7861,0.7868,9,28,9,645551,30893,108585,17671,0.2446854010898492,0.36387035664278067
7862,0.7869,10,37,10,645588,30856,108595,17661,0.24439234571030288,0.36401673640167365
7863,0.787,21,33,21,645621,30823,108616,17640,0.24413097199341022,0.3639890225532881
7864,0.7871,17,47,17,645668,30776,108633,17623,0.24375871245722974,0.3641190933696977
7865,0.7872,30,56,30,645724,30720,108663,17593,0.24331516918007856,0.3641462960279842
7866,0.7873,7,26,7,645750,30694,108670,17586,0.2431092383728298,0.3642502071251036
7867,0.7874,7,18,7,645768,30676,108677,17579,0.24296667089088836,0.36429385555900945
7868,0.7875,18,60,18,645828,30616,108695,17561,0.24249144595108352,0.3645100359092513
7869,0.7876,23,48,23,645876,30568,108718,17538,0.24211126599923963,0.3645699081195693
7870,0.7877,14,30,14,645906,30538,108732,17524,0.2418736535293372,0.3646123756814115
7871,0.7878,16,47,16,645953,30491,108748,17508,0.24150139399315676,0.3647575991166483
7872,0.7879,22,32,22,645985,30459,108770,17486,0.2412479406919275,0.36470956304098445
7873,0.788,21,46,21,646031,30413,108791,17465,0.24088360157141048,0.3647813191862651
7874,0.7881,14,29,14,646060,30384,108805,17451,0.24065390951717147,0.36481655691439324
7875,0.7882,7,9,7,646069,30375,108812,17444,0.24058262577620074,0.36479223739517763
7876,0.7883,19,29,19,646098,30346,108831,17425,0.24035293372196173,0.3647610474974357
7877,0.7884,19,37,19,646135,30309,108850,17406,0.2400598783424154,0.3647909462433197
7878,0.7885,20,63,20,646198,30246,108870,17386,0.23956089215562032,0.36500671817265706
7879,0.7886,16,28,16,646226,30218,108886,17370,0.23933912051704473,0.3650079852063545
7880,0.7887,8,20,8,646246,30198,108894,17362,0.23918071220377646,0.3650546677880572
7881,0.7888,28,55,28,646301,30143,108922,17334,0.2387450893422887,0.36510310255492134
7882,0.7889,14,32,14,646333,30111,108936,17320,0.23849163604105944,0.3651620248360777
7883,0.789,18,25,18,646358,30086,108954,17302,0.2382936256494741,0.3651135308516924
7884,0.7891,7,23,7,646381,30063,108961,17295,0.23811145608921555,0.3651970100088686
7885,0.7892,13,39,13,646420,30024,108974,17282,0.23780255987834242,0.3653236375935399
7886,0.7893,11,22,11,646442,30002,108985,17271,0.2376283107337473,0.36534596915787027
7887,0.7894,21,40,21,646482,29962,109006,17250,0.23731149410721075,0.3653732102007964
7888,0.7895,20,55,20,646537,29907,109026,17230,0.23687587124572299,0.36553026285083906
7889,0.7896,10,24,10,646561,29883,109036,17220,0.23668578126980103,0.3655818100757913
7890,0.7897,11,18,11,646579,29865,109047,17209,0.23654321378785959,0.3655733525937885
7891,0.7898,11,33,11,646612,29832,109058,17198,0.23628184007096692,0.3656814799064427
7892,0.7899,15,29,15,646641,29803,109073,17183,0.23605214801672791,0.36570467798918826
7893,0.79,8,42,8,646683,29761,109081,17175,0.23571949055886454,0.36592381114709394
7894,0.7901,10,25,10,646708,29736,109091,17165,0.23552148016727917,0.36598366772563484
7895,0.7902,13,34,13,646742,29702,109104,17152,0.23525218603472312,0.3660733341870491
7896,0.7903,16,43,16,646785,29659,109120,17136,0.2349116081611963,0.3661929693343306
7897,0.7904,7,38,7,646823,29621,109127,17129,0.23461063236598656,0.3663957219251337
7898,0.7905,6,18,6,646841,29603,109133,17123,0.23446806488404512,0.36645550657021786
7899,0.7906,18,47,18,646888,29556,109151,17105,0.23409580534786464,0.3665802275990656
7900,0.7907,11,33,11,646921,29523,109162,17094,0.233834431630972,0.3666902632087007
7901,0.7908,5,19,5,646940,29504,109167,17089,0.23368394373336712,0.36677183267872854
7902,0.7909,14,19,14,646959,29485,109181,17075,0.23353345583576227,0.36673109965635736
7903,0.791,13,31,13,646990,29454,109194,17062,0.23328792295019643,0.36679852093903176
7904,0.7911,11,28,11,647018,29426,109205,17051,0.23306615131162084,0.3668696344428427
7905,0.7912,19,43,19,647061,29383,109224,17032,0.23272557343809402,0.36695033932995796
7906,0.7913,5,28,5,647089,29355,109229,17027,0.23250380179951843,0.36710361778276057
7907,0.7914,8,26,8,647115,29329,109237,17019,0.23229787099226967,0.36720031069301806
7908,0.7915,9,34,9,647149,29295,109246,17010,0.2320285768597136,0.3673469387755102
7909,0.7916,11,23,11,647172,29272,109257,16999,0.23184640729945508,0.36737913595988847
7910,0.7917,11,17,11,647189,29255,109268,16988,0.23171176023317705,0.3673637091019181
7911,0.7918,30,34,30,647223,29221,109298,16958,0.23144246610062097,0.3672231966911367
7912,0.7919,21,29,21,647252,29192,109319,16937,0.23121277404638196,0.36716599102516856
7913,0.792,16,37,16,647289,29155,109335,16921,0.23091971866683564,0.3672410799548572
7914,0.7921,15,25,15,647314,29130,109350,16906,0.2307217082752503,0.3672343383439048
7915,0.7922,19,39,19,647353,29091,109369,16887,0.23041281206437714,0.3672843533864022
7916,0.7923,9,35,9,647388,29056,109378,16878,0.23013559751615764,0.36744024034484263
7917,0.7924,17,29,17,647417,29027,109395,16861,0.22990590546191864,0.367438110181311
7918,0.7925,22,37,22,647454,28990,109417,16839,0.2296128500823723,0.3674311025769709
7919,0.7926,12,38,12,647492,28952,109429,16827,0.2293118742871626,0.36757028331767844
7920,0.7927,23,38,23,647530,28914,109452,16804,0.22901089849195286,0.3675576359420797
7921,0.7928,12,52,12,647582,28862,109464,16792,0.22859903687745534,0.3678100495027818
7922,0.7929,13,31,13,647613,28831,109477,16779,0.2283535039918895,0.3678798509098882
7923,0.793,25,34,25,647647,28797,109502,16754,0.22808420985933342,0.3678075124585629
7924,0.7931,17,24,17,647671,28773,109519,16737,0.2278941198834115,0.36776532630191167
7925,0.7932,26,40,26,647711,28733,109545,16711,0.22757730325687492,0.3677273127365549
7926,0.7933,30,44,30,647755,28689,109575,16681,0.22722880496768472,0.36766585849680405
7927,0.7934,15,45,15,647800,28644,109590,16666,0.22687238626283107,0.3678216729198852
7928,0.7935,19,36,19,647836,28608,109609,16647,0.22658725129894816,0.367848856479947
7929,0.7936,24,22,24,647858,28586,109633,16623,0.22641300215435306,0.3676922736623239
7930,0.7937,13,32,13,647890,28554,109646,16610,0.2261595488531238,0.36777079089540343
7931,0.7938,12,26,12,647916,28528,109658,16598,0.22595361804587505,0.36781456366617915
7932,0.7939,23,59,23,647975,28469,109681,16575,0.22548631352173362,0.36797353698605806
7933,0.794,25,49,25,648024,28420,109706,16550,0.22509821315422635,0.368023126528797
7934,0.7941,7,9,7,648033,28411,109713,16543,0.2250269294132556,0.3679983983627708
7935,0.7942,25,59,25,648092,28352,109738,16518,0.22455962488911418,0.3681301537775797
7936,0.7943,28,62,28,648154,28290,109766,16490,0.2240685591179825,0.36824475212148283
7937,0.7944,17,31,17,648185,28259,109783,16473,0.22382302623241668,0.36825985871411965
7938,0.7945,15,18,15,648203,28241,109798,16458,0.22368045875047524,0.3681961565135685
7939,0.7946,11,31,11,648234,28210,109809,16447,0.2234349258649094,0.368296123787984
7940,0.7947,14,32,14,648266,28178,109823,16433,0.22318147256368015,0.3683620631682769
7941,0.7948,11,38,11,648304,28140,109834,16422,0.2228804967684704,0.3685202639019793
7942,0.7949,9,30,9,648334,28110,109843,16413,0.222642884298568,0.3686409271612425
7943,0.795,12,50,12,648384,28060,109855,16401,0.2222468635153973,0.3688850903038618
7944,0.7951,12,43,12,648427,28017,109867,16389,0.22190628564187048,0.36907174706120793
7945,0.7952,14,34,14,648461,27983,109881,16375,0.2216369915093144,0.36915550746201364
7946,0.7953,16,20,16,648481,27963,109897,16359,0.22147858319604613,0.3690943549478814
7947,0.7954,16,39,16,648520,27924,109913,16343,0.22116968698517298,0.36919149705198
7948,0.7955,20,50,20,648570,27874,109933,16323,0.22077366620200228,0.3693237097540557
7949,0.7956,12,16,12,648586,27858,109945,16311,0.22064693955138764,0.36928615092032874
7950,0.7957,4,25,4,648611,27833,109949,16307,0.2204489291598023,0.3694381513366561
7951,0.7958,18,42,18,648653,27791,109967,16289,0.22011627170193893,0.369532667876588
7952,0.7959,22,37,22,648690,27754,109989,16267,0.2198232163223926,0.36952817973240043
7953,0.796,8,34,8,648724,27720,109997,16259,0.21955392218983652,0.369699174606062
7954,0.7961,18,34,18,648758,27686,110015,16241,0.21928462805728044,0.369727047146402
7955,0.7962,16,42,16,648800,27644,110031,16225,0.21895197059941707,0.3698511477353028
7956,0.7963,16,28,16,648828,27616,110047,16209,0.21873019896084148,0.36985738733599544
7957,0.7964,30,42,30,648870,27574,110077,16179,0.21839754150297808,0.36978035791831415
7958,0.7965,10,15,10,648885,27559,110087,16169,0.21827873526802685,0.36976308086351994
7959,0.7966,35,60,35,648945,27499,110122,16134,0.21780351032822204,0.3697660027960489
7960,0.7967,28,47,28,648992,27452,110150,16106,0.21743125079204156,0.36975986041599707
7961,0.7968,18,33,18,649025,27419,110168,16088,0.2171698770751489,0.369779575700462
7962,0.7969,8,25,8,649050,27394,110176,16080,0.21697186668356355,0.3698762478722915
7963,0.797,10,17,10,649067,27377,110186,16070,0.21683721961728553,0.3698759408014362
7964,0.7971,26,53,26,649120,27324,110212,16044,0.21641743758712456,0.3699501936912009
7965,0.7972,29,50,29,649170,27274,110241,16015,0.21602141680395387,0.3699554159255238
7966,0.7973,15,49,15,649219,27225,110256,16000,0.2156333164364466,0.37015615962984383
7967,0.7974,5,17,5,649236,27208,110261,15995,0.21549866937016854,0.3702289192880124
7968,0.7975,13,46,13,649282,27162,110274,15982,0.2151343302496515,0.37043389579083996
7969,0.7976,14,18,14,649300,27144,110288,15968,0.21499176276771004,0.370384115791427
7970,0.7977,7,24,7,649324,27120,110295,15961,0.2148016727917881,0.37048815022863907
7971,0.7978,24,50,24,649374,27070,110319,15937,0.21440565200861741,0.3705675820215314
7972,0.7979,13,28,13,649402,27042,110332,15924,0.21418388037004182,0.3706186286831448
7973,0.798,12,25,12,649427,27017,110344,15912,0.21398586997845648,0.3706585291993757
7974,0.7981,13,32,13,649459,26985,110357,15899,0.21373241667722723,0.37074433355097475
7975,0.7982,13,29,13,649488,26956,110370,15886,0.21350272462298822,0.37080435087064095
7976,0.7983,13,25,13,649513,26931,110383,15873,0.21330471423140288,0.37082982898794503
7977,0.7984,5,9,5,649522,26922,110388,15868,0.21323343049043214,0.3708343070810937
7978,0.7985,9,31,9,649553,26891,110397,15859,0.2129878976048663,0.3709707602339181
7979,0.7986,10,28,10,649581,26863,110407,15849,0.21276612596629071,0.3710666791533995
7980,0.7987,30,47,30,649628,26816,110437,15819,0.21239386643011024,0.3710331886947344
7981,0.7988,11,26,11,649654,26790,110448,15808,0.21218793562286148,0.3710972346119536
7982,0.7989,21,34,21,649688,26756,110469,15787,0.2119186414903054,0.3710833744681851
7983,0.799,19,43,19,649731,26713,110488,15768,0.2115780636167786,0.3711777029730938
7984,0.7991,11,28,11,649759,26685,110499,15757,0.21135629197820302,0.371259601338297
7985,0.7992,17,43,17,649802,26642,110516,15740,0.2110157141046762,0.3713840781463829
7986,0.7993,15,33,15,649835,26609,110531,15725,0.21075434038778354,0.3714508432938064
7987,0.7994,12,36,12,649871,26573,110543,15713,0.21046920542390066,0.37158870548171974
7988,0.7995,10,27,10,649898,26546,110553,15703,0.21025535420098848,0.37167743615233495
7989,0.7996,9,24,9,649922,26522,110562,15694,0.21006526422506652,0.37175478491567177
7990,0.7997,21,43,21,649965,26479,110583,15673,0.20972468635153974,0.3718210286581894
7991,0.7998,7,26,7,649991,26453,110590,15666,0.20951875554429097,0.3719461525677248
7992,0.7999,12,25,12,650016,26428,110602,15654,0.2093207451527056,0.3719880233829191
7993,0.8,7,16,7,650032,26412,110609,15647,0.209194018502091,0.3720250124824651
7994,0.8001,15,26,15,650058,26386,110624,15632,0.20898808769484223,0.37203103431862533
7995,0.8002,21,27,21,650085,26359,110645,15611,0.20877423647193005,0.3719561591613057
7996,0.8003,12,35,12,650120,26324,110657,15599,0.20849702192371056,0.372086921260406
7997,0.8004,7,31,7,650151,26293,110664,15592,0.20825148903814472,0.3722573713740002
7998,0.8005,16,27,16,650178,26266,110680,15576,0.20803763781523255,0.3722575402705416
7999,0.8006,17,40,17,650218,26226,110697,15559,0.20772082118869598,0.37235850185473257
8000,0.8007,13,32,13,650250,26194,110710,15546,0.20746736788746672,0.37244849065644464
8001,0.8008,14,28,14,650278,26166,110724,15532,0.20724559624889113,0.3724878891073912
8002,0.8009,4,11,4,650289,26155,110728,15528,0.2071584716765936,0.3725259698198306
8003,0.801,14,28,14,650317,26127,110742,15514,0.206936700038018,0.3725655003482145
8004,0.8011,15,33,15,650350,26094,110757,15499,0.20667532632112534,0.3726348183588585
8005,0.8012,14,19,14,650369,26075,110771,15485,0.20652483842352046,0.37259384023099135
8006,0.8013,7,37,7,650406,26038,110778,15478,0.20623178304397416,0.37282011754504285
8007,0.8014,14,20,14,650426,26018,110792,15464,0.20607337473070586,0.37278819729039103
8008,0.8015,21,34,21,650460,25984,110813,15443,0.20580408059814978,0.3727762087527458
8009,0.8016,13,40,13,650500,25944,110826,15430,0.20548726397161324,0.37293952723932905
8010,0.8017,16,32,16,650532,25912,110842,15414,0.205233810670384,0.3729855296907516
8011,0.8018,11,25,11,650557,25887,110853,15403,0.20503580027879864,0.37304432065875515
8012,0.8019,8,22,8,650579,25865,110861,15395,0.2048615511342035,0.3731216674745516
8013,0.802,27,36,27,650615,25829,110888,15368,0.20457641617032063,0.37303687161686533
8014,0.8021,18,34,18,650649,25795,110906,15350,0.20430712203776455,0.3730708470044963
8015,0.8022,28,42,28,650691,25753,110934,15322,0.20397446457990115,0.3730249543517955
8016,0.8023,8,35,8,650726,25718,110942,15314,0.20369725003168165,0.37322090076038217
8017,0.8024,13,39,13,650765,25679,110955,15301,0.20338835382080853,0.37337725719863346
8018,0.8025,15,25,15,650790,25654,110970,15286,0.20319034342922315,0.3733756717147044
8019,0.8026,5,22,5,650812,25632,110975,15281,0.20301609428462805,0.37349986556840126
8020,0.8027,12,33,12,650845,25599,110987,15269,0.20275472056773539,0.3736175002446902
8021,0.8028,12,24,12,650869,25575,110999,15257,0.20256463059181345,0.37365301724137934
8022,0.8029,20,39,20,650908,25536,111019,15237,0.2022557343809403,0.3737031859318667
8023,0.803,8,17,8,650925,25519,111027,15229,0.20212108731466227,0.3737361342887994
8024,0.8031,10,24,10,650949,25495,111037,15219,0.20193099733874034,0.373802623176303
8025,0.8032,13,33,13,650982,25462,111050,15206,0.20166962362184768,0.37390577358119403
8026,0.8033,9,33,9,651015,25429,111059,15197,0.201408249904955,0.37407079210357896
8027,0.8034,15,21,15,651036,25408,111074,15182,0.20124192117602333,0.3740330130574033
8028,0.8035,22,35,22,651071,25373,111096,15160,0.20096470662780383,0.3740162336861323
8029,0.8036,7,27,7,651098,25346,111103,15153,0.20075085540489165,0.3741573866021383
8030,0.8037,18,30,18,651128,25316,111121,15135,0.20051324293498923,0.374156386739512
8031,0.8038,5,16,5,651144,25300,111126,15130,0.2003865162843746,0.3742270591145189
8032,0.8039,7,39,7,651183,25261,111133,15123,0.20007762007350147,0.37447999207606975
8033,0.804,8,20,8,651203,25241,111141,15115,0.19991921176023317,0.3745415799385469
8034,0.8041,22,33,22,651236,25208,111163,15093,0.1996578380433405,0.3745068360586586
8035,0.8042,16,25,16,651261,25183,111179,15077,0.19945982765175516,0.3744908097367114
8036,0.8043,9,23,9,651284,25160,111188,15068,0.19927765809149664,0.37456497961618773
8037,0.8044,6,18,6,651302,25142,111194,15062,0.1991350906095552,0.374639339369217
8038,0.8045,13,32,13,651334,25110,111207,15049,0.19888163730832595,0.37473542667895116
8039,0.8046,5,14,5,651348,25096,111212,15044,0.19877075148903814,0.37478824115595416
8040,0.8047,11,35,11,651383,25061,111223,15033,0.19849353694081864,0.37494388187758765
8041,0.8048,16,27,16,651410,25034,111239,15017,0.19827968571790647,0.3749469426481236
8042,0.8049,18,35,18,651445,24999,111257,14999,0.19800247116968697,0.3749937496874844
8043,0.805,12,23,12,651468,24976,111269,14987,0.19782030160942846,0.37502189525310914
8044,0.8051,14,30,14,651498,24946,111283,14973,0.19758268913952604,0.3750845462060673
8045,0.8052,10,17,10,651515,24929,111293,14963,0.197448042073248,0.37508773688960195
8046,0.8053,14,29,14,651544,24900,111307,14949,0.197218350019009,0.37514115787096286
8047,0.8054,13,29,13,651573,24871,111320,14936,0.19698865796477,0.37521039013238877
8048,0.8055,7,14,7,651587,24857,111327,14929,0.1968777721454822,0.375232493842055
8049,0.8056,20,44,20,651631,24813,111347,14909,0.19652927385629199,0.3753335682996828
8050,0.8057,8,21,8,651652,24792,111355,14901,0.19636294512736027,0.37540624291436775
8051,0.8058,7,11,7,651663,24781,111362,14894,0.19627582055506274,0.37540012602394457
8052,0.8059,15,31,15,651694,24750,111377,14879,0.1960302876694969,0.3754573670796639
8053,0.806,16,39,16,651733,24711,111393,14863,0.19572139145862374,0.37557487239096377
8054,0.8061,9,28,9,651761,24683,111402,14854,0.19549961982004815,0.3756987125983256
8055,0.8062,12,35,12,651796,24648,111414,14842,0.19522240527182866,0.3758419853127374
8056,0.8063,12,28,12,651824,24620,111426,14830,0.19500063363325307,0.3759188846641318
8057,0.8064,17,52,17,651876,24568,111443,14813,0.19458877201875555,0.3761458571392296
8058,0.8065,21,32,21,651908,24536,111464,14792,0.1943353187175263,0.3761187957689178
8059,0.8066,13,25,13,651933,24511,111477,14779,0.19413730832594095,0.3761516925426317
8060,0.8067,13,23,13,651956,24488,111490,14766,0.19395513876568243,0.3761654863198655
8061,0.8068,10,31,10,651987,24457,111500,14756,0.1937096058801166,0.3763037768087114
8062,0.8069,18,33,18,652020,24424,111518,14738,0.19344823216322393,0.37633420152188346
8063,0.807,7,29,7,652049,24395,111525,14731,0.19321854010898493,0.37650155906558297
8064,0.8071,16,35,16,652084,24360,111541,14715,0.19294132556076543,0.37658349328214974
8065,0.8072,16,35,16,652119,24325,111557,14699,0.19266411101254594,0.3766656416564166
8066,0.8073,2,15,2,652134,24310,111559,14697,0.19254530477759474,0.3767785269310637
8067,0.8074,12,20,12,652154,24290,111571,14685,0.19238689646432644,0.37677998717126365
8068,0.8075,16,48,16,652202,24242,111587,14669,0.19200671651248258,0.37698851224589447
8069,0.8076,4,7,4,652209,24235,111591,14665,0.19195127360283867,0.3769922879177378
8070,0.8077,6,35,6,652244,24200,111597,14659,0.19167405905461918,0.3772356468257032
8071,0.8078,6,20,6,652264,24180,111603,14653,0.1915156507413509,0.3773337110189787
8072,0.8079,18,59,18,652323,24121,111621,14635,0.19104834621720948,0.37761894932397566
8073,0.808,15,28,15,652351,24093,111636,14620,0.1908265745786339,0.3776509182961796
8074,0.8081,10,42,10,652393,24051,111646,14610,0.1904939171207705,0.3779002095134632
8075,0.8082,7,23,7,652416,24028,111653,14603,0.19031174756051197,0.3780124770262225
8076,0.8083,8,24,8,652440,24004,111661,14595,0.19012165758459004,0.37811860410891474
8077,0.8084,15,28,15,652468,23976,111676,14580,0.18989988594601445,0.37815126050420167
8078,0.8085,8,33,8,652501,23943,111684,14572,0.1896385122291218,0.3783460989224977
8079,0.8086,15,44,15,652545,23899,111699,14557,0.18929001393993156,0.37853650925733306
8080,0.8087,7,12,7,652557,23887,111706,14550,0.1891949689519706,0.3785415094830502
8081,0.8088,9,35,9,652592,23852,111715,14541,0.1889177544037511,0.37874091631286955
8082,0.8089,13,24,13,652616,23828,111728,14528,0.18872766442782918,0.37876733757430386
8083,0.809,15,26,15,652642,23802,111743,14513,0.18852173362058042,0.3787811562051416
8084,0.8091,9,19,9,652661,23783,111752,14504,0.18837124572297553,0.37882309922427976
8085,0.8092,15,38,15,652699,23745,111767,14489,0.18807026992776582,0.3789559031228749
8086,0.8093,25,33,25,652732,23712,111792,14464,0.18780889621087316,0.3788767812238055
8087,0.8094,10,26,10,652758,23686,111802,14454,0.1876029654036244,0.3789722076560042
8088,0.8095,14,22,14,652780,23664,111816,14440,0.18742871625902927,0.37896283854713414
8089,0.8096,19,51,19,652831,23613,111835,14421,0.18702477506019516,0.3791607509070831
8090,0.8097,21,43,21,652874,23570,111856,14400,0.18668419718666834,0.3792467737687648
8091,0.8098,11,33,11,652907,23537,111867,14389,0.1864228234697757,0.3793967199282814
8092,0.8099,15,48,15,652955,23489,111882,14374,0.18604264351793182,0.37963183054697197
8093,0.81,14,37,14,652992,23452,111896,14360,0.1857495881383855,0.3797736168412144
8094,0.8101,20,44,20,653036,23408,111916,14340,0.1854010898491953,0.3798876761682738
8095,0.8102,19,51,19,653087,23357,111935,14321,0.18499714865036118,0.3800891767078932
8096,0.8103,11,15,11,653102,23342,111946,14310,0.18487834241540996,0.38005949219164986
8097,0.8104,16,19,16,653121,23323,111962,14294,0.1847278545178051,0.3799877714862961
8098,0.8105,14,24,14,653145,23299,111976,14280,0.18453776454188317,0.37999946778786026
8099,0.8106,17,27,17,653172,23272,111993,14263,0.18432391331897097,0.3799920074597043
8100,0.8107,16,37,16,653209,23235,112009,14247,0.18403085793942467,0.3801024491756043
8101,0.8108,8,26,8,653235,23209,112017,14239,0.1838249271321759,0.38023392437513354
8102,0.8109,14,34,14,653269,23175,112031,14225,0.18355563299961983,0.3803475935828877
8103,0.811,16,32,16,653301,23143,112047,14209,0.18330217969839058,0.38040801028057397
8104,0.8111,13,11,13,653312,23132,112060,14196,0.183215055126093,0.38030432918988427
8105,0.8112,16,26,16,653338,23106,112076,14180,0.18300912431884425,0.3803035992061364
8106,0.8113,17,17,17,653355,23089,112093,14163,0.18287447725256623,0.3801943519811017
8107,0.8114,9,18,9,653373,23071,112102,14154,0.18273190977062476,0.3802283411685695
8108,0.8115,15,28,15,653401,23043,112117,14139,0.18251013813204917,0.38026464418266903
8109,0.8116,15,35,15,653436,23008,112132,14124,0.18223292358382967,0.38037272433480557
8110,0.8117,23,43,23,653479,22965,112155,14101,0.18189234571030288,0.3804295041277721
8111,0.8118,18,39,18,653518,22926,112173,14083,0.18158344949942973,0.3805290604987976
8112,0.8119,10,33,10,653551,22893,112183,14073,0.18132207578253706,0.38070118487258564
8113,0.812,17,42,17,653593,22851,112200,14056,0.1809894183246737,0.3808491614056954
8114,0.8121,18,29,18,653622,22822,112218,14038,0.18075972627043468,0.38084644601193707
8115,0.8122,11,29,11,653651,22793,112229,14027,0.18053003421619568,0.3809614340032591
8116,0.8123,9,16,9,653667,22777,112238,14018,0.18040330756558104,0.38097567604294064
8117,0.8124,19,31,19,653698,22746,112257,13999,0.1801577746800152,0.38097700367396925
8118,0.8125,16,41,16,653739,22705,112273,13983,0.17983303763781525,0.38113279546445705
8119,0.8126,16,30,16,653769,22675,112289,13967,0.17959542516791283,0.3811746083729054
8120,0.8127,9,22,9,653791,22653,112298,13958,0.1794211760233177,0.3812515364234793
8121,0.8128,7,22,7,653813,22631,112305,13951,0.1792469268787226,0.3813624186758515
8122,0.8129,8,15,8,653828,22616,112313,13943,0.17912812064377137,0.38138351705462403
8123,0.813,20,32,20,653860,22584,112333,13923,0.17887466734254215,0.3813789136330019
8124,0.8131,3,8,3,653868,22576,112336,13920,0.17881130401723483,0.3814116615519509
8125,0.8132,12,22,12,653890,22554,112348,13908,0.17863705487263973,0.3814382096429159
8126,0.8133,11,17,11,653907,22537,112359,13897,0.17850240780636167,0.3814294340451227
8127,0.8134,6,22,6,653929,22515,112365,13891,0.17832815866176657,0.3815579849475361
8128,0.8135,17,23,17,653952,22492,112382,13874,0.17814598910150806,0.3815102018368806
8129,0.8136,20,25,20,653977,22467,112402,13854,0.1779479787099227,0.3814322292888412
8130,0.8137,10,41,10,654018,22426,112412,13844,0.17762324166772273,0.38169285911221396
8131,0.8138,14,20,14,654038,22406,112426,13830,0.17746483335445445,0.38166464289656693
8132,0.8139,16,30,16,654068,22376,112442,13814,0.17722722088455203,0.3817076540480796
8133,0.814,16,43,16,654111,22333,112458,13798,0.17688664301102522,0.3818881293072431
8134,0.8141,14,30,14,654141,22303,112472,13784,0.1766490305411228,0.3819658048604761
8135,0.8142,12,44,12,654185,22259,112484,13772,0.17630053225193257,0.3822264161416558
8136,0.8143,19,52,19,654237,22207,112503,13753,0.17588867063743505,0.38245272525027807
8137,0.8144,24,18,24,654255,22189,112527,13729,0.1757461031554936,0.3822317500974442
8138,0.8145,15,33,15,654288,22156,112542,13714,0.17548472943860094,0.3823250627265124
8139,0.8146,10,18,10,654306,22138,112552,13704,0.1753421619566595,0.3823447352268289
8140,0.8147,13,20,13,654326,22118,112565,13691,0.1751837536433912,0.38233405009913707
8141,0.8148,11,27,11,654353,22091,112576,13680,0.17496990242047902,0.38243269687735876
8142,0.8149,9,18,9,654371,22073,112585,13671,0.17482733493853758,0.38246978513876456
8143,0.815,24,29,24,654400,22044,112609,13647,0.17459764288429858,0.3823653021770194
8144,0.8151,11,14,11,654414,22030,112620,13636,0.17448675706501077,0.38232490326922
8145,0.8152,9,28,9,654442,22002,112629,13627,0.17426498542643518,0.38246933677622164
8146,0.8153,8,18,8,654460,21984,112637,13619,0.17412241794449373,0.38252394461140915
8147,0.8154,11,14,11,654474,21970,112648,13608,0.17401153212520593,0.38248355725448313
8148,0.8155,9,19,9,654493,21951,112657,13599,0.17386104422760107,0.38253164556962027
8149,0.8156,21,44,21,654537,21907,112678,13578,0.17351254593841084,0.3826405523460617
8150,0.8157,17,32,17,654569,21875,112695,13561,0.1732590926371816,0.38268991985551415
8151,0.8158,11,32,11,654601,21843,112706,13550,0.17300563933595234,0.38284406521063485
8152,0.8159,14,31,14,654632,21812,112720,13536,0.1727601064503865,0.38293538531175736
8153,0.816,12,40,12,654672,21772,112732,13524,0.17244328982384996,0.38315956482320945
8154,0.8161,18,20,18,654692,21752,112750,13506,0.1722848815105817,0.38306200011344943
8155,0.8162,9,24,9,654716,21728,112759,13497,0.17209479153465973,0.3831653655074521
8156,0.8163,12,26,12,654742,21702,112771,13485,0.17188886072741097,0.383238127717623
8157,0.8164,3,11,3,654753,21691,112774,13482,0.17180173615511343,0.3833053762829443
8158,0.8165,13,30,13,654783,21661,112787,13469,0.171564123685211,0.3834044975804156
8159,0.8166,17,31,17,654814,21630,112804,13452,0.17131859079964518,0.383444501453737
8160,0.8167,16,32,16,654846,21598,112820,13436,0.17106513749841593,0.38351315864588686
8161,0.8168,8,38,8,654884,21560,112828,13428,0.17076416170320619,0.38378872756373617
8162,0.8169,18,39,18,654923,21521,112846,13410,0.17045526549233303,0.3838996879562566
8163,0.817,13,9,13,654932,21512,112859,13397,0.17038398175136232,0.3837692285656994
8164,0.8171,7,21,7,654953,21491,112866,13390,0.1702176530224306,0.38387660904217197
8165,0.8172,30,52,30,655005,21439,112896,13360,0.1698057914079331,0.38391907813442916
8166,0.8173,21,39,21,655044,21400,112917,13339,0.16949689519705993,0.38397766199372463
8167,0.8174,27,40,27,655084,21360,112944,13312,0.1691800785705234,0.38394093216428243
8168,0.8175,9,23,9,655107,21337,112953,13303,0.16899790901026485,0.38403579676674365
8169,0.8176,11,26,11,655133,21311,112964,13292,0.16879197820301609,0.3841285437678814
8170,0.8177,8,21,8,655154,21290,112972,13284,0.1686256494740844,0.38421935558512177
8171,0.8178,10,27,10,655181,21263,112982,13274,0.16841179825117222,0.38434143092914846
8172,0.8179,17,36,17,655217,21227,112999,13257,0.1681266632872893,0.38443916019023316
8173,0.818,15,40,15,655257,21187,113014,13242,0.16780984666075274,0.3846176188678149
8174,0.8181,23,36,23,655293,21151,113037,13219,0.16752471169686986,0.3846086703520512
8175,0.8182,13,24,13,655317,21127,113050,13206,0.16733462172094793,0.38464451111175835
8176,0.8183,14,21,14,655338,21106,113064,13192,0.16716829299201622,0.3846288413318561
8177,0.8184,26,47,26,655385,21059,113090,13166,0.16679603345583577,0.38468955441928415
8178,0.8185,11,29,11,655414,21030,113101,13155,0.16656634140159676,0.3848179025888548
8179,0.8186,5,13,5,655427,21017,113106,13150,0.16646337599797237,0.3848742939093277
8180,0.8187,18,35,18,655462,20982,113124,13132,0.16618616144975287,0.38494459752594246
8181,0.8188,16,25,16,655487,20957,113140,13116,0.16598815105816753,0.3849382208787016
8182,0.8189,26,29,26,655516,20928,113166,13090,0.16575845900392852,0.38479628432006585
8183,0.819,17,31,17,655547,20897,113183,13073,0.16551292611836269,0.3848395643214601
8184,0.8191,21,44,21,655591,20853,113204,13052,0.16516442782917248,0.3849579708007668
8185,0.8192,13,26,13,655617,20827,113217,13039,0.16495849702192372,0.38501742160278746
8186,0.8193,15,35,15,655652,20792,113232,13024,0.16468128247370423,0.385143127513603
8187,0.8194,10,28,10,655680,20764,113242,13014,0.16445951083512864,0.3852803599976316
8188,0.8195,17,24,17,655704,20740,113259,12997,0.16426942085920668,0.38524468684233926
8189,0.8196,12,35,12,655739,20705,113271,12985,0.1639922063109872,0.38542594241614725
8190,0.8197,13,33,13,655772,20672,113284,12972,0.16373083259409454,0.38556652003328973
8191,0.8198,10,25,10,655797,20647,113294,12962,0.1635328222025092,0.38567050492427624
8192,0.8199,22,36,22,655833,20611,113316,12940,0.1632476872386263,0.3856814998062651
8193,0.82,10,23,10,655856,20588,113326,12930,0.16306551767836777,0.3857628736798138
8194,0.8201,10,17,10,655873,20571,113336,12920,0.16293087061208972,0.38577528291182706
8195,0.8202,9,31,9,655904,20540,113345,12911,0.16268533772652388,0.38596753460285194
8196,0.8203,15,28,15,655932,20512,113360,12896,0.1624635660879483,0.38601532567049807
8197,0.8204,18,36,18,655968,20476,113378,12878,0.16217843112406538,0.3861006176170774
8198,0.8205,4,12,4,655980,20464,113382,12874,0.16208338613610443,0.38616593676885236
8199,0.8206,20,58,20,656038,20406,113402,12854,0.16162400202762642,0.38647023451593504
8200,0.8207,12,27,12,656065,20379,113414,12842,0.16141015080471424,0.3865627163541134
8201,0.8208,11,20,11,656085,20359,113425,12831,0.16125174249144594,0.38659234709249773
8202,0.8209,7,28,7,656113,20331,113432,12824,0.16102997085287035,0.38678932287739404
8203,0.821,10,26,10,656139,20305,113442,12814,0.1608240400456216,0.38690781726501405
8204,0.8211,24,31,24,656170,20274,113466,12790,0.16057850716005576,0.38682555044761674
8205,0.8212,8,10,8,656180,20264,113474,12782,0.1604993030034216,0.38679416570840647
8206,0.8213,10,31,10,656211,20233,113484,12772,0.1602537701178558,0.38697167095894563
8207,0.8214,16,28,16,656239,20205,113500,12756,0.16003199847928018,0.38700282151633747
8208,0.8215,10,40,10,656279,20165,113510,12746,0.15971518185274364,0.38728692534410986
8209,0.8216,11,23,11,656302,20142,113521,12735,0.15953301229248512,0.3873528606624692
8210,0.8217,16,26,16,656328,20116,113537,12719,0.15932708148523633,0.3873610476625552
8211,0.8218,10,32,10,656360,20084,113547,12709,0.1590736281840071,0.38755222151068824
8212,0.8219,3,24,3,656384,20060,113550,12706,0.15888353820808515,0.38778001587010924
8213,0.822,15,23,15,656407,20037,113565,12691,0.15870136864782663,0.38777193840136887
8214,0.8221,13,20,13,656427,20017,113578,12678,0.15854296033455836,0.3877657134118367
8215,0.8222,5,3,5,656430,20014,113583,12673,0.15851919908756812,0.38770765135986784
8216,0.8223,23,40,23,656470,19974,113606,12650,0.15820238246103155,0.3877513487003433
8217,0.8224,8,8,8,656478,19966,113614,12642,0.15813901913572423,0.3876962708537782
8218,0.8225,20,44,20,656522,19922,113634,12622,0.15779052084653403,0.3878441494591937
8219,0.8226,9,26,9,656548,19896,113643,12613,0.15758459003928527,0.3879848657294903
8220,0.8227,7,13,7,656561,19883,113650,12606,0.15748162463566087,0.38800824894579705
8221,0.8228,7,24,7,656585,19859,113657,12599,0.15729153465973894,0.38816316470515744
8222,0.8229,3,16,3,656601,19843,113660,12596,0.15716480800912433,0.38829803631431303
8223,0.823,19,47,19,656648,19796,113679,12577,0.15679254847294385,0.38850276464955363
8224,0.8231,13,25,13,656673,19771,113692,12564,0.1565945380813585,0.3885572908612958
8225,0.8232,18,22,18,656695,19749,113710,12546,0.1564202889367634,0.38848118903855083
8226,0.8233,10,36,10,656731,19713,113720,12536,0.1561351539728805,0.388725231790133
8227,0.8234,11,19,11,656750,19694,113731,12525,0.15598466607527564,0.388745771128837
8228,0.8235,27,42,27,656792,19652,113758,12498,0.15565200861741224,0.3887402799377916
8229,0.8236,5,13,5,656805,19639,113763,12493,0.15554904321378785,0.38880243993526703
8230,0.8237,24,44,24,656849,19595,113787,12469,0.15520054492459764,0.38887849301397204
8231,0.8238,6,17,6,656866,19578,113793,12463,0.15506589785831962,0.3889703816984489
8232,0.8239,7,14,7,656880,19564,113800,12456,0.1549550120390318,0.38900687070580886
8233,0.824,16,25,16,656905,19539,113816,12440,0.15475700164744646,0.38900528471809626
8234,0.8241,12,21,12,656926,19518,113828,12428,0.15459067291851478,0.3890314906404558
8235,0.8242,30,45,30,656971,19473,113858,12398,0.15423425421366113,0.38900567914404943
8236,0.8243,22,37,22,657008,19436,113880,12376,0.1539411988341148,0.38903558405633093
8237,0.8244,7,12,7,657020,19424,113887,12369,0.15384615384615385,0.3890479036265845
8238,0.8245,12,15,12,657035,19409,113899,12357,0.15372734761120263,0.3890008184851728
8239,0.8246,8,23,8,657058,19386,113907,12349,0.15354517805094411,0.3891287222309753
8240,0.8247,12,18,12,657076,19368,113919,12337,0.15340261056900267,0.38911843557798453
8241,0.8248,7,22,7,657098,19346,113926,12330,0.15322836142440754,0.3892536936481879
8242,0.8249,8,15,8,657113,19331,113934,12322,0.15310955518945635,0.3892837961646605
8243,0.825,4,23,4,657136,19308,113938,12318,0.15292738562919783,0.3894896604059951
8244,0.8251,13,23,13,657159,19285,113951,12305,0.1527452160689393,0.38952200063311176
8245,0.8252,17,25,17,657184,19260,113968,12288,0.15254720567735394,0.3895017116774439
8246,0.8253,6,27,6,657211,19233,113974,12282,0.15233335445444177,0.389719181342218
8247,0.8254,5,27,5,657238,19206,113979,12277,0.1521195032315296,0.38995648445192643
8248,0.8255,5,21,5,657259,19185,113984,12272,0.1519531745025979,0.3901198461391741
8249,0.8256,10,26,10,657285,19159,113994,12262,0.15174724369534914,0.3902485598803348
8250,0.8257,12,27,12,657312,19132,114006,12250,0.15153339247243694,0.3903511567140399
8251,0.8258,9,29,9,657341,19103,114015,12241,0.15130370041819793,0.39053726391015825
8252,0.8259,12,26,12,657367,19077,114027,12229,0.15109776961094917,0.3906279946336166
8253,0.826,11,21,11,657388,19056,114038,12218,0.1509314408820175,0.3906759608620579
8254,0.8261,5,17,5,657405,19039,114043,12213,0.15079679381573946,0.3907909893766799
8255,0.8262,14,12,14,657417,19027,114057,12199,0.15070174882777848,0.3906680330493819
8256,0.8263,15,25,15,657442,19002,114072,12184,0.15050373843619314,0.39068812928878344
8257,0.8264,14,34,14,657476,18968,114086,12170,0.15023444430363705,0.39084077333162054
8258,0.8265,18,32,18,657508,18936,114104,12152,0.1499809910024078,0.39089037570766855
8259,0.8266,13,21,13,657529,18915,114117,12139,0.14981466227347612,0.3908997230630515
8260,0.8267,9,21,9,657550,18894,114126,12130,0.1496483335445444,0.3909876224858174
8261,0.8268,9,18,9,657568,18876,114135,12121,0.14950576606260296,0.3910378423718424
8262,0.8269,11,22,11,657590,18854,114146,12110,0.14933151691800786,0.3910993411703914
8263,0.827,14,28,14,657618,18826,114160,12096,0.14910974527943227,0.3911778022120173
8264,0.8271,16,16,16,657634,18810,114176,12080,0.14898301862881763,0.39106506960181286
8265,0.8272,12,32,12,657666,18778,114188,12068,0.14872956532758838,0.3912338714906309
8266,0.8273,9,14,9,657680,18764,114197,12059,0.1486186795083006,0.3912338189014697
8267,0.8274,10,23,10,657703,18741,114207,12049,0.14843650994804208,0.391328353361481
8268,0.8275,14,27,14,657730,18714,114221,12035,0.1482226587251299,0.39139484210868647
8269,0.8276,11,24,11,657754,18690,114232,12024,0.14803256874920795,0.3914827114670834
8270,0.8277,16,10,16,657764,18680,114248,12008,0.14795336459257383,0.3912930135557873
8271,0.8278,14,27,14,657791,18653,114262,11994,0.14773951336966165,0.39135967631415797
8272,0.8279,16,33,16,657824,18620,114278,11978,0.14747813965276899,0.39146349434603567
8273,0.828,4,29,4,657853,18591,114282,11974,0.14724844759852998,0.39175527564207424
8274,0.8281,9,26,9,657879,18565,114291,11965,0.14704251679128122,0.39190959711758927
8275,0.8282,9,25,9,657904,18540,114300,11956,0.14684450639969585,0.3920514165792235
8276,0.8283,11,35,11,657939,18505,114311,11945,0.14656729185147638,0.3922824302134647
8277,0.8284,12,33,12,657972,18472,114323,11933,0.1463059181345837,0.39246834402236475
8278,0.8285,8,33,8,658005,18439,114331,11925,0.14604454441769105,0.39273481754709527
8279,0.8286,10,24,10,658029,18415,114341,11915,0.14585445444176912,0.3928453676228157
8280,0.8287,20,20,20,658049,18395,114361,11895,0.14569604612850082,0.3927038626609442
8281,0.8288,16,37,16,658086,18358,114377,11879,0.1454029907489545,0.39286304858286203
8282,0.8289,13,35,13,658121,18323,114390,11866,0.14512577620073502,0.3930570737685912
8283,0.829,5,24,5,658145,18299,114395,11861,0.14493568622481307,0.39326923076923076
8284,0.8291,13,25,13,658170,18274,114408,11848,0.14473767583322772,0.3933337759776907
8285,0.8292,9,28,9,658198,18246,114417,11839,0.14451590419465213,0.3935183646335383
8286,0.8293,15,27,15,658225,18219,114432,11824,0.14430205297173995,0.3935692174549812
8287,0.8294,8,18,8,658243,18201,114440,11816,0.1441594854897985,0.39364360195889
8288,0.8295,9,11,9,658254,18190,114449,11807,0.14407236091750095,0.3936060272693936
8289,0.8296,4,7,4,658261,18183,114453,11803,0.14401691800785704,0.39361702127659576
8290,0.8297,24,37,24,658298,18146,114477,11779,0.14372386262831074,0.39361737677527153
8291,0.8298,8,14,8,658312,18132,114485,11771,0.14361297680902294,0.3936394341704846
8292,0.8299,13,28,13,658340,18104,114498,11758,0.14339120517044734,0.39374455830152033
8293,0.83,32,48,32,658388,18056,114530,11726,0.14301102521860348,0.3937277550198106
8294,0.8301,8,11,8,658399,18045,114538,11718,0.14292390064630592,0.39371031146053825
8295,0.8302,4,28,4,658427,18017,114542,11714,0.14270212900773033,0.39399952911102887
8296,0.8303,13,31,13,658458,17986,114555,11701,0.1424565961221645,0.3941455856098629
8297,0.8304,14,26,14,658484,17960,114569,11687,0.14225066531491573,0.394205147232435
8298,0.8305,20,31,20,658515,17929,114589,11667,0.1420051324293499,0.39420867684822275
8299,0.8306,15,27,15,658542,17902,114604,11652,0.14179128120643772,0.3942613521012384
8300,0.8307,11,16,11,658558,17886,114615,11641,0.14166455455582308,0.39424933112066923
8301,0.8308,11,27,11,658585,17859,114626,11630,0.1414507033329109,0.3943843467055512
8302,0.8309,7,21,7,658606,17838,114633,11623,0.14128437460397922,0.3945215708903296
8303,0.831,10,19,10,658625,17819,114643,11613,0.14113388670637436,0.39457053547159554
8304,0.8311,5,15,5,658640,17804,114648,11608,0.14101508047142314,0.39466884264925883
8305,0.8312,7,21,7,658661,17783,114655,11601,0.14084875174249145,0.3948066975224612
8306,0.8313,7,20,7,658681,17763,114662,11594,0.14069034342922315,0.39493136219640973
8307,0.8314,8,28,8,658709,17735,114670,11586,0.14046857179064756,0.39514341257119473
8308,0.8315,11,25,11,658734,17710,114681,11575,0.14027056139906222,0.39525354276933583
8309,0.8316,6,23,6,658757,17687,114687,11569,0.1400883918388037,0.39544025157232704
8310,0.8317,12,11,12,658768,17676,114699,11557,0.14000126726650614,0.39534088188006705
8311,0.8318,6,30,6,658798,17646,114705,11551,0.13976365479660371,0.3956228379628044
8312,0.8319,7,17,7,658815,17629,114712,11544,0.1396290077303257,0.3957083604702979
8313,0.832,7,17,7,658832,17612,114719,11537,0.13949436066404766,0.395794023808707
8314,0.8321,15,27,15,658859,17585,114734,11522,0.13928050944113546,0.3958497955818188
8315,0.8322,17,22,17,658881,17563,114751,11505,0.13910626029654036,0.3957960644007156
8316,0.8323,7,24,7,658905,17539,114758,11498,0.13891617032061843,0.3959775458897269
8317,0.8324,9,22,9,658927,17517,114767,11489,0.13874192117602333,0.3960904640419224
8318,0.8325,16,41,16,658968,17476,114783,11473,0.13841718413382334,0.3963176620954092
8319,0.8326,6,20,6,658988,17456,114789,11467,0.13825877582055507,0.39646647996404244
8320,0.8327,8,28,8,659016,17428,114797,11459,0.13803700418197948,0.3966836293142244
8321,0.8328,10,19,10,659035,17409,114807,11449,0.1378865162843746,0.3967357405225587
8322,0.8329,13,19,13,659054,17390,114820,11436,0.13773602838676974,0.3967251786581558
8323,0.833,14,17,14,659071,17373,114834,11422,0.1376013813204917,0.39666608786247615
8324,0.8331,14,18,14,659089,17355,114848,11408,0.13745881383855024,0.396620658484859
8325,0.8332,8,29,8,659118,17326,114856,11400,0.13722912178431124,0.39685302513402493
8326,0.8333,9,13,9,659131,17313,114865,11391,0.13712615638068687,0.3968436454849498
8327,0.8334,12,29,12,659160,17284,114877,11379,0.13689646432644786,0.39699263859330847
8328,0.8335,18,38,18,659198,17246,114895,11361,0.13659548853123812,0.3971405600027965
8329,0.8336,9,21,9,659219,17225,114904,11352,0.13642915980230644,0.3972425377051475
8330,0.8337,3,22,3,659241,17203,114907,11349,0.1362549106577113,0.3974852899971981
8331,0.8338,8,33,8,659274,17170,114915,11341,0.13599353694081864,0.3977762968678756
8332,0.8339,6,16,6,659290,17154,114921,11335,0.13586681029020403,0.3978728632103619
8333,0.834,6,20,6,659310,17134,114927,11329,0.13570840197693576,0.39802550679829957
8334,0.8341,10,14,10,659324,17120,114937,11319,0.13559751615764795,0.39800977530855514
8335,0.8342,10,14,10,659338,17106,114947,11309,0.13548663033836017,0.3979940172444132
8336,0.8343,15,37,15,659375,17069,114962,11294,0.13519357495881384,0.39819483129429184
8337,0.8344,9,21,9,659396,17048,114971,11285,0.13502724622988213,0.3982988035153355
8338,0.8345,19,21,19,659417,17027,114990,11266,0.13486091750095044,0.39819036510797723
8339,0.8346,6,12,6,659429,17015,114996,11260,0.1347658725129895,0.3982316534040672
8340,0.8347,14,27,14,659456,16988,115010,11246,0.1345520212900773,0.39831408939576396
8341,0.8348,15,10,15,659466,16978,115025,11231,0.13447281713344317,0.39813534687511076
8342,0.8349,17,43,17,659509,16935,115042,11214,0.13413223925991635,0.39838004902483215
8343,0.835,7,16,7,659525,16919,115049,11207,0.13400551260930174,0.398456943753111
8344,0.8351,9,20,9,659545,16899,115058,11198,0.13384710429603344,0.39854788767484073
8345,0.8352,12,34,12,659579,16865,115070,11186,0.1335778101634774,0.39877366225803
8346,0.8353,3,12,3,659591,16853,115073,11183,0.1334827651755164,0.3988800114138964
8347,0.8354,11,21,11,659612,16832,115084,11172,0.13331643644658472,0.39894300814169403
8348,0.8355,12,18,12,659630,16814,115096,11160,0.13317386896464325,0.39894187459784086
8349,0.8356,15,26,15,659656,16788,115111,11145,0.1329679381573945,0.398990441413382
8350,0.8357,15,29,15,659685,16759,115126,11130,0.1327382461031555,0.39908207537021767
8351,0.8358,19,30,19,659715,16729,115145,11111,0.13250063363325307,0.3991020114942529
8352,0.8359,5,17,5,659732,16712,115150,11106,0.13236598656697504,0.39923790351570926
8353,0.836,8,20,8,659752,16692,115158,11098,0.13220757825370674,0.3993522849946024
8354,0.8361,7,9,7,659761,16683,115165,11091,0.13213629451273604,0.3993303089220134
8355,0.8362,6,19,6,659780,16664,115171,11085,0.13198580661513115,0.3994738549136906
8356,0.8363,11,29,11,659809,16635,115182,11074,0.13175611456089215,0.39965354217041393
8357,0.8364,9,8,9,659817,16627,115191,11065,0.13169275123558485,0.39957388415426837
8358,0.8365,7,13,7,659830,16614,115198,11058,0.13158978583196046,0.39960971379011273
8359,0.8366,10,23,10,659853,16591,115208,11048,0.13140761627170194,0.39972502623105033
8360,0.8367,19,25,19,659878,16566,115227,11029,0.1312096058801166,0.39967385395905053
8361,0.8368,7,29,7,659907,16537,115234,11022,0.1309799138258776,0.39994194274102834
8362,0.8369,22,34,22,659941,16503,115256,11000,0.1307106196933215,0.399956368396175
8363,0.837,6,15,6,659956,16488,115262,10994,0.1305918134583703,0.4000436649443272
8364,0.8371,9,25,9,659981,16463,115271,10985,0.13039380306678494,0.4002113086563684
8365,0.8372,17,25,17,660006,16438,115288,10968,0.1301957926751996,0.4002043348171933
8366,0.8373,14,22,14,660028,16416,115302,10954,0.1300215435306045,0.40021921812203143
8367,0.8374,7,9,7,660037,16407,115309,10947,0.12995025978963376,0.400197411713095
8368,0.8375,5,18,5,660055,16389,115314,10942,0.12980769230769232,0.40035124949690826
8369,0.8376,20,38,20,660093,16351,115334,10922,0.12950671651248258,0.4004693286400469
8370,0.8377,7,24,7,660117,16327,115341,10915,0.12931662653656065,0.40066808604360915
8371,0.8378,11,27,11,660144,16300,115352,10904,0.12910277531364847,0.40082340832230556
8372,0.8379,4,16,4,660160,16284,115356,10900,0.12897604866303383,0.40097115950559153
8373,0.838,16,18,16,660178,16266,115372,10884,0.1288334811810924,0.40088397790055247
8374,0.8381,6,21,6,660199,16245,115378,10878,0.12866715245216068,0.4010618294436456
8375,0.8382,17,43,17,660242,16202,115395,10861,0.1283265745786339,0.4013228393008905
8376,0.8383,24,33,24,660275,16169,115419,10837,0.12806520086174122,0.4012811967710879
8377,0.8384,0,14,0,660289,16155,115419,10837,0.12795431504245341,0.4014893301719028
8378,0.8385,6,19,6,660308,16136,115425,10831,0.12780382714484856,0.4016390403085252
8379,0.8386,13,26,13,660334,16110,115438,10818,0.1275978963375998,0.4017379679144385
8380,0.8387,8,17,8,660351,16093,115446,10810,0.12746324927132177,0.4018139240976843
8381,0.8388,9,29,9,660380,16064,115455,10801,0.12723355721708277,0.4020472734040573
8382,0.8389,13,16,13,660396,16048,115468,10788,0.12710683056646813,0.40199731703681624
8383,0.839,11,30,11,660426,16018,115479,10777,0.1268692180965657,0.4022019033401754
8384,0.8391,6,12,6,660438,16006,115485,10771,0.12677417310860473,0.40224819808044215
8385,0.8392,26,25,26,660463,15981,115511,10745,0.12657616271701938,0.40204295442640126
8386,0.8393,16,30,16,660493,15951,115527,10729,0.12633855024711696,0.40213643178410796
8387,0.8394,14,26,14,660519,15925,115541,10715,0.1261326194398682,0.4022147147147147
8388,0.8395,16,16,16,660535,15909,115557,10699,0.1260058927892536,0.4020971136500301
8389,0.8396,10,21,10,660556,15888,115567,10689,0.12583956406032187,0.4021898634157354
8390,0.8397,5,7,5,660563,15881,115572,10684,0.125784121150678,0.40218332392245437
8391,0.8398,23,39,23,660602,15842,115595,10661,0.12547522493980484,0.402256348337924
8392,0.8399,11,27,11,660629,15815,115606,10650,0.12526137371689267,0.4024182883053089
8393,0.84,12,21,12,660650,15794,115618,10638,0.12509504498796098,0.40246670702179177
8394,0.8401,10,15,10,660665,15779,115628,10628,0.12497623875300976,0.4024690422993903
8395,0.8402,1,23,1,660688,15756,115629,10627,0.12479406919275124,0.40279725580866466
8396,0.8403,11,28,11,660716,15728,115640,10616,0.12457229755417565,0.40297600971758274
8397,0.8404,6,9,6,660725,15719,115646,10610,0.12450101381320491,0.4029777051919936
8398,0.8405,4,11,4,660736,15708,115650,10606,0.12441388924090736,0.4030554077677282
8399,0.8406,16,28,16,660764,15680,115666,10590,0.12419211760233177,0.40312143129044536
8400,0.8407,12,23,12,660787,15657,115678,10578,0.12400994804207324,0.40320182961692397
8401,0.8408,10,25,10,660812,15632,115688,10568,0.1238119376504879,0.4033587786259542
8402,0.8409,21,27,21,660839,15605,115709,10547,0.12359808642757572,0.40329611501988377
8403,0.841,15,36,15,660875,15569,115724,10532,0.12331295146369281,0.4035094440826022
8404,0.8411,3,19,3,660894,15550,115727,10529,0.12316246356608795,0.4037348057824303
8405,0.8412,9,25,9,660919,15525,115736,10520,0.1229644531745026,0.40391629871376467
8406,0.8413,9,17,9,660936,15508,115745,10511,0.12282980610822455,0.4039740189861255
8407,0.8414,20,47,20,660983,15461,115765,10491,0.12245754657204411,0.40424630086313196
8408,0.8415,12,20,12,661003,15441,115777,10479,0.12229913825877582,0.4042824074074074
8409,0.8416,8,10,8,661013,15431,115785,10471,0.12221993410214169,0.40425449772218364
8410,0.8417,10,22,10,661035,15409,115795,10461,0.12204568495754657,0.40436799381523
8411,0.8418,11,23,11,661058,15386,115806,10450,0.12186351539728806,0.4044743768385199
8412,0.8419,12,21,12,661079,15365,115818,10438,0.12169718666835636,0.40452660543347674
8413,0.842,9,17,9,661096,15348,115827,10429,0.12156253960207831,0.4045854831826822
8414,0.8421,12,23,12,661119,15325,115839,10417,0.1213803700418198,0.40466941185611066
8415,0.8422,20,25,20,661144,15300,115859,10397,0.12118235965023444,0.4045997587266996
8416,0.8423,17,28,17,661172,15272,115876,10380,0.12096058801165885,0.40464681116482143
8417,0.8424,13,35,13,661207,15237,115889,10367,0.12068337346343937,0.4048976722387127
8418,0.8425,4,11,4,661218,15226,115893,10363,0.1205962488911418,0.40497870178592366
8419,0.8426,8,6,8,661224,15220,115901,10355,0.12054872639716133,0.40488758553274684
8420,0.8427,9,16,9,661240,15204,115910,10346,0.1204219997465467,0.40493150684931506
8421,0.8428,8,26,8,661266,15178,115918,10338,0.12021606893929794,0.4051575482050478
8422,0.8429,9,14,9,661280,15164,115927,10329,0.12010518312001014,0.40517004667948064
8423,0.843,5,10,5,661290,15154,115932,10324,0.120025978963376,0.4052123400580893
8424,0.8431,22,20,22,661310,15134,115954,10302,0.11986757065010772,0.40501651203019345
8425,0.8432,6,8,6,661318,15126,115960,10296,0.1198042073248004,0.40500354024073637
8426,0.8433,16,37,16,661355,15089,115976,10280,0.1195111519452541,0.40521896803184987
8427,0.8434,3,10,3,661365,15079,115979,10277,0.11943194778861994,0.40530840826628806
8428,0.8435,11,14,11,661379,15065,115990,10266,0.11932106196933215,0.4052741699893411
8429,0.8436,16,20,16,661399,15045,116006,10250,0.11916265365606388,0.40521842261316465
8430,0.8437,13,18,13,661417,15027,116019,10237,0.11902008617412242,0.405201076630779
8431,0.8438,13,28,13,661445,14999,116032,10224,0.11879831453554683,0.4053443285889862
8432,0.8439,8,46,8,661491,14953,116040,10216,0.11843397541502979,0.4058961420795423
8433,0.844,19,36,19,661527,14917,116059,10197,0.11814884045114687,0.4060285099944254
8434,0.8441,11,10,11,661537,14907,116070,10186,0.11806963629451274,0.4059299406208903
8435,0.8442,10,15,10,661552,14892,116080,10176,0.11795083005956153,0.40593585447582575
8436,0.8443,5,17,5,661569,14875,116085,10171,0.11781618299328349,0.40609278926774733
8437,0.8444,13,26,13,661595,14849,116098,10158,0.11761025218603473,0.40620626224657097
8438,0.8445,10,25,10,661620,14824,116108,10148,0.11741224179444937,0.4063751401569758
8439,0.8446,9,22,9,661642,14802,116117,10139,0.11723799264985427,0.4065193857503709
8440,0.8447,14,15,14,661657,14787,116131,10125,0.11711918641490306,0.4064306358381503
8441,0.8448,11,18,11,661675,14769,116142,10114,0.1169766189329616,0.4064622432986376
8442,0.8449,11,19,11,661694,14750,116153,10103,0.11682613103535673,0.40651028044904036
8443,0.845,5,23,5,661717,14727,116158,10098,0.11664396147509822,0.40676737160120846
8444,0.8451,8,10,8,661727,14717,116166,10090,0.11656475731846408,0.406740033055186
8445,0.8452,14,26,14,661753,14691,116180,10076,0.1163588265112153,0.4068316711753543
8446,0.8453,7,23,7,661776,14668,116187,10069,0.11617665695095679,0.4070420827101104
8447,0.8454,7,20,7,661796,14648,116194,10062,0.1160182486376885,0.40720356131121005
8448,0.8455,17,23,17,661819,14625,116211,10045,0.11583607907742999,0.4071747061207945
8449,0.8456,15,14,15,661833,14611,116226,10030,0.11572519325814219,0.40704516862140333
8450,0.8457,4,15,4,661848,14596,116230,10026,0.11560638702319098,0.40719681585573875
8451,0.8458,15,25,15,661873,14571,116245,10011,0.11540837663160562,0.40724920673663656
8452,0.8459,10,19,10,661892,14552,116255,10001,0.11525788873400077,0.4073229340610109
8453,0.846,6,21,6,661913,14531,116261,9995,0.11509156000506907,0.4075267063524423
8454,0.8461,9,31,9,661944,14500,116270,9986,0.11484602711950323,0.40782487952299273
8455,0.8462,16,16,16,661960,14484,116286,9970,0.1147193004688886,0.407704261061585
8456,0.8463,7,24,7,661984,14460,116293,9963,0.11452921049296667,0.4079351431028129
8457,0.8464,11,31,11,662015,14429,116304,9952,0.11428367760740084,0.4081867027603462
8458,0.8465,23,34,23,662049,14395,116327,9929,0.11401438347484476,0.40819766485775366
8459,0.8466,10,19,10,662068,14376,116337,9919,0.11386389557723989,0.4082733072648693
8460,0.8467,7,20,7,662088,14356,116344,9912,0.11370548726397162,0.40843909675292567
8461,0.8468,9,19,9,662107,14337,116353,9903,0.11355499936636675,0.408539603960396
8462,0.8469,11,19,11,662126,14318,116364,9892,0.11340451146876188,0.40859149111937215
8463,0.847,8,27,8,662153,14291,116372,9884,0.1131906602458497,0.40885211995863496
8464,0.8471,7,20,7,662173,14271,116379,9877,0.11303225193258142,0.4090193804869969
8465,0.8472,4,13,4,662186,14258,116383,9873,0.11292928652895703,0.4091417678504828
8466,0.8473,6,16,6,662202,14242,116389,9867,0.11280255987834241,0.40926624911858644
8467,0.8474,10,27,10,662229,14215,116399,9857,0.11258870865543023,0.4094798936523762
8468,0.8475,5,16,5,662245,14199,116404,9852,0.11246198200481561,0.4096295372333791
8469,0.8476,8,25,8,662270,14174,116412,9844,0.11226397161323026,0.4098592722125073
8470,0.8477,18,31,18,662301,14143,116430,9826,0.11201843872766443,0.40994618048312403
8471,0.8478,12,31,12,662332,14112,116442,9814,0.11177290584209859,0.4101813926272674
8472,0.8479,8,8,8,662340,14104,116450,9806,0.11170954251679129,0.41012128816394816
8473,0.848,16,38,16,662378,14066,116466,9790,0.11140856672158155,0.4103789403085178
8474,0.8481,10,22,10,662400,14044,116476,9780,0.11123431757698644,0.41051040967092006
8475,0.8482,13,25,13,662425,14019,116489,9767,0.11103630718540108,0.41061969225594885
8476,0.8483,12,22,12,662447,13997,116501,9755,0.11086205804080598,0.4107022566520714
8477,0.8484,13,15,13,662462,13982,116514,9742,0.11074325180585477,0.4106390153431125
8478,0.8485,6,13,6,662475,13969,116520,9736,0.11064028640223039,0.4107150390213035
8479,0.8486,13,19,13,662494,13950,116533,9723,0.11048979850462552,0.4107210746419972
8480,0.8487,6,13,6,662507,13937,116539,9717,0.11038683310100114,0.41079732814745923
8481,0.8488,13,16,13,662523,13921,116552,9704,0.11026010645038652,0.41075132275132276
8482,0.8489,10,24,10,662547,13897,116562,9694,0.11007001647446459,0.4109194184222797
8483,0.849,8,35,8,662582,13862,116570,9686,0.10979280192624509,0.41133004926108374
8484,0.8491,13,24,13,662606,13838,116583,9673,0.10960271195032316,0.41142443962400577
8485,0.8492,12,14,12,662620,13824,116595,9661,0.10949182613103536,0.4113689589099425
8486,0.8493,5,25,5,662645,13799,116600,9656,0.10929381573945,0.4116819441483692
8487,0.8494,16,33,16,662678,13766,116616,9640,0.10903244202255734,0.4118602067845851
8488,0.8495,12,37,12,662715,13729,116628,9628,0.10873938664301103,0.4122104722353042
8489,0.8496,10,13,10,662728,13716,116638,9618,0.10863642123938665,0.412188223193623
8490,0.8497,9,27,9,662755,13689,116647,9609,0.10842257001647447,0.4124388359515838
8491,0.8498,18,25,18,662780,13664,116665,9591,0.10822455962488911,0.4124274349602236
8492,0.8499,3,10,3,662790,13654,116668,9588,0.10814535546825498,0.41252904225109716
8493,0.85,12,29,12,662819,13625,116680,9576,0.10791566341401597,0.41274083013663204
8494,0.8501,6,11,6,662830,13614,116686,9570,0.10782853884171842,0.41278467908902694
8495,0.8502,3,16,3,662846,13598,116689,9567,0.1077018121911038,0.4129937405568746
8496,0.8503,2,11,2,662857,13587,116691,9565,0.10761468761880623,0.41313925362819626
8497,0.8504,7,12,7,662869,13575,116698,9558,0.10751964263084526,0.41317598236285824
8498,0.8505,7,21,7,662890,13554,116705,9551,0.10735331390191358,0.41337372863016664
8499,0.8506,5,13,5,662903,13541,116710,9546,0.1072503484982892,0.41347944730800884
8500,0.8507,8,16,8,662919,13525,116718,9538,0.10712362184767457,0.4135628495859168
8501,0.8508,11,23,11,662942,13502,116729,9527,0.10694145228741604,0.4136957748925268
8502,0.8509,6,16,6,662958,13486,116735,9521,0.10681472563680142,0.4138305733037771
8503,0.851,23,32,23,662990,13454,116758,9498,0.10656127233557217,0.4138201463924712
8504,0.8511,20,23,20,663013,13431,116778,9478,0.10637910277531365,0.41372386398358724
8505,0.8512,16,20,16,663033,13411,116794,9462,0.10622069446204536,0.41367551261312463
8506,0.8513,10,19,10,663052,13392,116804,9452,0.10607020656444051,0.41376291367536333
8507,0.8514,11,17,11,663069,13375,116815,9441,0.10593555949816247,0.41378856942496495
8508,0.8515,17,22,17,663091,13353,116832,9424,0.10576131035356735,0.4137507134389955
8509,0.8516,15,19,15,663110,13334,116847,9409,0.10561082245596248,0.41370971287868796
8510,0.8517,9,22,9,663132,13312,116856,9400,0.10543657331136738,0.4138781261007397
8511,0.8518,11,15,11,663147,13297,116867,9389,0.10531776707641617,0.41386758353169356
8512,0.8519,3,9,3,663156,13288,116870,9386,0.10524648333544545,0.41395430890006174
8513,0.852,7,21,7,663177,13267,116877,9379,0.10508015460651375,0.4141570255232712
8514,0.8521,8,11,8,663188,13256,116885,9371,0.1049930300342162,0.41415123524992264
8515,0.8522,13,28,13,663216,13228,116898,9358,0.10477125839564061,0.4143274594881785
8516,0.8523,13,15,13,663231,13213,116911,9345,0.1046524521606894,0.41426544906463336
8517,0.8524,3,15,3,663246,13198,116914,9342,0.10453364592573819,0.41446317657497783
8518,0.8525,5,5,5,663251,13193,116919,9337,0.10449404384742111,0.41442521083000444
8519,0.8526,7,18,7,663269,13175,116926,9330,0.10435147636547966,0.4145745389913353
8520,0.8527,10,23,10,663292,13152,116936,9320,0.10416930680522114,0.4147383410466358
8521,0.8528,14,20,14,663312,13132,116950,9306,0.10401089849195286,0.4147428469560567
8522,0.8529,10,24,10,663336,13108,116960,9296,0.10382080851603093,0.4149259060881985
8523,0.853,4,16,4,663352,13092,116964,9292,0.1036940818654163,0.41511794138670477
8524,0.8531,9,24,9,663376,13068,116973,9283,0.10350399188949436,0.41532817323609683
8525,0.8532,11,19,11,663395,13049,116984,9272,0.1033535039918895,0.4153935755566507
8526,0.8533,13,23,13,663418,13026,116997,9259,0.10317133443163097,0.4154812654251739
8527,0.8534,8,14,8,663432,13012,117005,9251,0.10306044861234318,0.4155324978664151
8528,0.8535,11,16,11,663448,12996,117016,9240,0.10293372196172855,0.4155423637344846
8529,0.8536,19,29,19,663477,12967,117035,9221,0.10270402990748954,0.4155850009013881
8530,0.8537,7,16,7,663493,12951,117042,9214,0.10257730325687492,0.4157004286036544
8531,0.8538,12,29,12,663522,12922,117054,9202,0.10234761120263591,0.415928403543663
8532,0.8539,8,18,8,663540,12904,117062,9194,0.10220504372069446,0.4160557516517332
8533,0.854,9,13,9,663553,12891,117071,9185,0.10210207831707008,0.41606269251676026
8534,0.8541,13,29,13,663582,12862,117084,9172,0.10187238626283107,0.41626577108105656
8535,0.8542,16,24,16,663606,12838,117100,9156,0.10168229628690914,0.41629535327816675
8536,0.8543,14,7,14,663613,12831,117114,9142,0.10162685337726524,0.41605606881172347
8537,0.8544,6,22,6,663635,12809,117120,9136,0.10145260423267013,0.41631351105035314
8538,0.8545,8,22,8,663657,12787,117128,9128,0.10127835508807502,0.416518366415697
8539,0.8546,6,30,6,663687,12757,117134,9122,0.1010407426181726,0.41692947575300515
8540,0.8547,3,13,3,663700,12744,117137,9119,0.10093777721454822,0.4170973791336962
8541,0.8548,19,36,19,663736,12708,117156,9100,0.10065264225066531,0.41727806309611154
8542,0.8549,3,11,3,663747,12697,117159,9097,0.10056551767836776,0.4174084610443241
8543,0.855,13,21,13,663768,12676,117172,9084,0.10039918894943607,0.41746323529411766
8544,0.8551,10,30,10,663798,12646,117182,9074,0.10016157647953365,0.41777163904235726
8545,0.8552,4,17,4,663815,12629,117186,9070,0.10002692941325561,0.41799161251670586
8546,0.8553,13,20,13,663835,12609,117199,9057,0.09986852109998733,0.4180282470229853
8547,0.8554,10,14,10,663849,12595,117209,9047,0.09975763528069953,0.4180297569540708
8548,0.8555,9,23,9,663872,12572,117218,9038,0.09957546572044101,0.4182322998611754
8549,0.8556,14,36,14,663908,12536,117232,9024,0.0992903307565581,0.41855287569573285
8550,0.8557,15,21,15,663929,12515,117247,9009,0.0991240020276264,0.41855603047760637
8551,0.8558,12,23,12,663952,12492,117259,8997,0.09894183246736789,0.4186793243054586
8552,0.8559,7,8,7,663960,12484,117266,8990,0.09887846914206058,0.41864580422836917
8553,0.856,11,23,11,663983,12461,117277,8979,0.09869629958180205,0.41879664179104475
8554,0.8561,7,15,7,663998,12446,117284,8972,0.09857749334685084,0.41889999066205996
8555,0.8562,21,19,21,664017,12427,117305,8951,0.09842700544924597,0.4187014687997006
8556,0.8563,4,11,4,664028,12416,117309,8947,0.09833988087694842,0.41880821981931377
8557,0.8564,15,21,15,664049,12395,117324,8932,0.09817355214801672,0.4188118347634454
8558,0.8565,10,27,10,664076,12368,117334,8922,0.09795970092510455,0.4190699859088774
8559,0.8566,6,18,6,664094,12350,117340,8916,0.0978171334431631,0.41926079187435344
8560,0.8567,14,25,14,664119,12325,117354,8902,0.09761912305157774,0.4193715550949263
8561,0.8568,16,39,16,664158,12286,117370,8886,0.0973102268407046,0.4197052711127905
8562,0.8569,4,19,4,664177,12267,117374,8882,0.09715973894309973,0.41997257553548634
8563,0.857,7,10,7,664187,12257,117381,8875,0.0970805347864656,0.41997917849706606
8564,0.8571,5,24,5,664211,12233,117386,8870,0.09689044481054365,0.42031938586930767
8565,0.8572,8,16,8,664227,12217,117394,8862,0.09676371815992903,0.4204184259215333
8566,0.8573,8,16,8,664243,12201,117402,8854,0.09663699150931442,0.420517691759677
8567,0.8574,4,8,4,664251,12193,117406,8850,0.0965736281840071,0.42056740958988736
8568,0.8575,15,17,15,664268,12176,117421,8835,0.09643898111772906,0.4204940269382704
8569,0.8576,3,6,3,664274,12170,117424,8832,0.09639145862374858,0.4205313779640034
8570,0.8577,13,22,13,664296,12148,117437,8819,0.09621720947915346,0.4206133447798922
8571,0.8578,7,15,7,664311,12133,117444,8812,0.09609840324420225,0.4207209357841967
8572,0.8579,19,20,19,664331,12113,117463,8793,0.09593999493093397,0.4205969578111547
8573,0.858,7,18,7,664349,12095,117470,8786,0.09579742744899253,0.4207652890187252
8574,0.8581,9,21,9,664370,12074,117479,8777,0.09563109872006083,0.4209390436909501
8575,0.8582,18,14,18,664384,12060,117497,8759,0.09552021290077303,0.42072145636197705
8576,0.8583,11,22,11,664406,12038,117508,8748,0.09534596375617792,0.42086019436158956
8577,0.8584,4,20,4,664426,12018,117512,8744,0.09518755544290965,0.4211540314035257
8578,0.8585,6,9,6,664435,12009,117518,8738,0.09511627170193891,0.4211693256856413
8579,0.8586,8,15,8,664450,11994,117526,8730,0.0949974654669877,0.4212507237984945
8580,0.8587,8,21,8,664471,11973,117534,8722,0.09483113673805602,0.42145445759845374
8581,0.8588,4,16,4,664487,11957,117538,8718,0.09470441008744139,0.42166868198307134
8582,0.8589,6,23,6,664510,11934,117544,8712,0.09452224052718286,0.4219703574542284
8583,0.859,9,21,9,664531,11913,117553,8703,0.09435591179825117,0.4221478463329453
8584,0.8591,10,16,10,664547,11897,117563,8693,0.09422918514763655,0.422195240407965
8585,0.8592,23,30,23,664577,11867,117586,8670,0.09399157267773413,0.4221648731557676
8586,0.8593,8,28,8,664605,11839,117594,8662,0.09376980103915854,0.4225159748304961
8587,0.8594,3,20,3,664625,11819,117597,8659,0.09361139272589025,0.4228440277370837
8588,0.8595,10,18,10,664643,11801,117607,8649,0.0934688252439488,0.42293398533007337
8589,0.8596,13,20,13,664663,11781,117620,8636,0.09331041693068053,0.42298084929225643
8590,0.8597,10,20,10,664683,11761,117630,8626,0.09315200861741224,0.42311276794035413
8591,0.8598,13,17,13,664700,11744,117643,8613,0.0930173615511342,0.4230977059488137
8592,0.8599,12,21,12,664721,11723,117655,8601,0.09285103282220251,0.4231942530997835
8593,0.86,12,25,12,664746,11698,117667,8589,0.09265302243061715,0.42337457485088975
8594,0.8601,12,10,12,664756,11688,117679,8577,0.09257381827398302,0.4232420429311621
8595,0.8602,11,36,11,664792,11652,117690,8566,0.09228868331010011,0.4236818676426946
8596,0.8603,15,32,15,664824,11620,117705,8551,0.09203523000887087,0.4239254375092955
8597,0.8604,3,8,3,664832,11612,117708,8548,0.09197186668356355,0.4240079365079365
8598,0.8605,9,5,9,664837,11607,117717,8539,0.09193226460524648,0.4238558522783679
8599,0.8606,7,11,7,664848,11596,117724,8532,0.09184514003294893,0.4238871224165342
8600,0.8607,11,18,11,664866,11578,117735,8521,0.09170257255100747,0.4239514403701677
8601,0.8608,4,18,4,664884,11560,117739,8517,0.09156000506906603,0.4242167654530059
8602,0.8609,12,30,12,664914,11530,117751,8505,0.09132239259916361,0.4245071125530322
8603,0.861,6,13,6,664927,11517,117757,8499,0.09121942719553922,0.42461031175059955
8604,0.8611,7,14,7,664941,11503,117764,8492,0.09110854137625142,0.42470617654413606
8605,0.8612,13,12,13,664953,11491,117777,8479,0.09101349638829045,0.4245868803204807
8606,0.8613,12,12,12,664965,11479,117789,8467,0.09091845140032949,0.4244961395768575
8607,0.8614,13,11,13,664976,11468,117802,8454,0.09083132682803194,0.4243549844393133
8608,0.8615,14,9,14,664985,11459,117816,8440,0.0907600430870612,0.4241419166792301
8609,0.8616,15,12,15,664997,11447,117831,8425,0.09066499809910024,0.4239633655394525
8610,0.8617,12,27,12,665024,11420,117843,8413,0.09045114687618806,0.424192003226945
8611,0.8618,9,20,9,665044,11400,117852,8404,0.09029273856291978,0.4243587154110281
8612,0.8619,12,29,12,665073,11371,117864,8392,0.09006304650868077,0.4246318878712746
8613,0.862,11,16,11,665089,11355,117875,8381,0.08993631985806615,0.42465545196595056
8614,0.8621,4,5,4,665094,11350,117879,8377,0.08989671777974909,0.4246464236832767
8615,0.8622,26,44,26,665138,11306,117905,8351,0.08954821949055887,0.42483593630767663
8616,0.8623,11,27,11,665165,11279,117916,8340,0.08933436826764668,0.42509811917019213
8617,0.8624,16,23,16,665188,11256,117932,8324,0.08915219870738816,0.4251276813074566
8618,0.8625,14,16,14,665204,11240,117946,8310,0.08902547205677354,0.42506393861892583
8619,0.8626,7,5,7,665209,11235,117953,8303,0.08898586997845646,0.42496673149759445
8620,0.8627,19,18,19,665227,11217,117972,8284,0.08884330249651502,0.4247987282703451
8621,0.8628,3,20,3,665247,11197,117975,8281,0.08868489418324674,0.42514631892391413
8622,0.8629,23,26,23,665273,11171,117998,8258,0.08847896337599798,0.4250347418806938
8623,0.863,8,23,8,665296,11148,118006,8250,0.08829679381573945,0.42530157748221464
8624,0.8631,6,29,6,665325,11119,118012,8244,0.08806710176150044,0.4257604710013944
8625,0.8632,12,23,12,665348,11096,118024,8232,0.08788493220124192,0.42591059602649006
8626,0.8633,7,23,7,665371,11073,118031,8225,0.0877027626409834,0.42620996994507204
8627,0.8634,10,18,10,665389,11055,118041,8215,0.08756019515904194,0.42631032693305654
8628,0.8635,9,5,9,665394,11050,118050,8206,0.08752059308072488,0.4261528874117158
8629,0.8636,8,10,8,665404,11040,118058,8198,0.08744138892409073,0.42613577294937105
8630,0.8637,7,22,7,665426,11018,118065,8191,0.08726713977949563,0.42641470144203236
8631,0.8638,11,20,11,665446,10998,118076,8180,0.08710873146622734,0.4265303994159975
8632,0.8639,10,17,10,665463,10981,118086,8170,0.0869740843999493,0.42660957652341913
8633,0.864,12,22,12,665485,10959,118098,8158,0.0867998352553542,0.42674059737406494
8634,0.8641,14,20,14,665505,10939,118112,8144,0.08664142694208592,0.4267672797778127
8635,0.8642,9,24,9,665529,10915,118121,8135,0.08645133696616399,0.42703412073490815
8636,0.8643,11,26,11,665555,10889,118132,8124,0.08624540615891522,0.42728659338347447
8637,0.8644,9,13,9,665568,10876,118141,8115,0.08614244075529084,0.42730767205518405
8638,0.8645,4,13,4,665581,10863,118145,8111,0.08603947535166645,0.4274797090755771
8639,0.8646,9,23,9,665604,10840,118154,8102,0.08585730579140793,0.4277267447999155
8640,0.8647,9,11,9,665615,10829,118163,8093,0.08577018121911038,0.4277032026212874
8641,0.8648,10,17,10,665632,10812,118173,8083,0.08563553415283234,0.42778512834083093
8642,0.8649,13,30,13,665662,10782,118186,8070,0.08539792168292992,0.428071292170592
8643,0.865,18,25,18,665687,10757,118204,8052,0.08519991129134458,0.42809293423361156
8644,0.8651,8,18,8,665705,10739,118212,8044,0.08505734380940312,0.4282595964435926
8645,0.8652,9,17,9,665722,10722,118221,8035,0.08492269674312508,0.42837340726128914
8646,0.8653,5,6,5,665728,10716,118226,8030,0.08487517424914459,0.42835804971727304
8647,0.8654,7,15,7,665743,10701,118233,8023,0.08475636801419338,0.42848750267036956
8648,0.8655,9,23,9,665766,10678,118242,8014,0.08457419845393487,0.42873956772950994
8649,0.8656,17,32,17,665798,10646,118259,7997,0.08432074515270561,0.42895456739795096
8650,0.8657,10,12,10,665810,10634,118269,7987,0.08422570016474465,0.42892433274260244
8651,0.8658,11,23,11,665833,10611,118280,7976,0.08404353060448612,0.42911712487222253
8652,0.8659,15,18,15,665851,10593,118295,7961,0.08390096312254468,0.4290718982429665
8653,0.866,13,27,13,665878,10566,118308,7948,0.08368711189963249,0.4292967484066112
8654,0.8661,3,10,3,665888,10556,118311,7945,0.08360790774299835,0.42943624668936814
8655,0.8662,3,10,3,665898,10546,118314,7942,0.08352870358636422,0.4295759411510169
8656,0.8663,11,19,11,665917,10527,118325,7931,0.08337821568875935,0.4296781883194279
8657,0.8664,9,15,9,665932,10512,118334,7922,0.08325940945380814,0.4297493761527612
8658,0.8665,8,11,8,665943,10501,118342,7914,0.08317228488151059,0.4297583491718708
8659,0.8666,3,17,3,665960,10484,118345,7911,0.08303763781523255,0.43006251698831205
8660,0.8667,4,30,4,665990,10454,118349,7907,0.08280002534533012,0.43064103262349546
8661,0.8668,16,21,16,666011,10433,118365,7891,0.08263369661639842,0.4306374154114822
8662,0.8669,6,12,6,666023,10421,118371,7885,0.08253865162843746,0.43073309297498086
8663,0.867,5,15,5,666038,10406,118376,7880,0.08241984539348625,0.4309307667067702
8664,0.8671,7,11,7,666049,10395,118383,7873,0.0823327208211887,0.43097219181081675
8665,0.8672,8,17,8,666066,10378,118391,7865,0.08219807375491066,0.4311242668420764
8666,0.8673,11,5,11,666071,10373,118402,7854,0.08215847167659358,0.43089921544960774
8667,0.8674,10,18,10,666089,10355,118412,7844,0.08201590419465214,0.4310126930051102
8668,0.8675,11,16,11,666105,10339,118423,7833,0.08188917754403752,0.4310477657935285
8669,0.8676,17,14,17,666119,10325,118440,7816,0.08177829172474972,0.43084725208092167
8670,0.8677,11,11,11,666130,10314,118451,7805,0.08169116715245216,0.43076328715712786
8671,0.8678,12,29,12,666159,10285,118463,7793,0.08146147509821315,0.43107644650956967
8672,0.8679,14,14,14,666173,10271,118477,7779,0.08135058927892536,0.43096952908587255
8673,0.868,8,18,8,666191,10253,118485,7771,0.0812080217969839,0.43114735907678653
8674,0.8681,10,12,10,666203,10241,118495,7761,0.08111297680902294,0.43111876458171317
8675,0.8682,5,15,5,666218,10226,118500,7756,0.08099417057407172,0.43132020909798685
8676,0.8683,8,19,8,666237,10207,118508,7748,0.08084368267646685,0.43152325257588414
8677,0.8684,9,18,9,666255,10189,118517,7739,0.08070111519452541,0.4316711289602856
8678,0.8685,16,15,16,666270,10174,118533,7723,0.0805823089595742,0.4315248365647874
8679,0.8686,5,13,5,666283,10161,118538,7718,0.08047934355594982,0.43167962414005256
8680,0.8687,10,21,10,666304,10140,118548,7708,0.08031301482701812,0.4318691169878978
8681,0.8688,13,20,13,666324,10120,118561,7695,0.08015460651374984,0.43193937692955375
8682,0.8689,10,11,10,666335,10109,118571,7685,0.08006748194145229,0.4318871529729122
8683,0.869,5,16,5,666351,10093,118576,7680,0.07994075529083766,0.43211613121026277
8684,0.8691,6,8,6,666359,10085,118582,7674,0.07987739196553036,0.43211892561518106
8685,0.8692,7,19,7,666378,10066,118589,7667,0.07972690406792549,0.4323577510855467
8686,0.8693,4,11,4,666389,10055,118593,7663,0.07963977949562794,0.43249802460774356
8687,0.8694,6,15,6,666404,10040,118599,7657,0.07952097326067673,0.43267220432841724
8688,0.8695,5,14,5,666418,10026,118604,7652,0.07941008744138893,0.43285439529358527
8689,0.8696,15,16,15,666434,10010,118619,7637,0.0792833607907743,0.4327647758825863
8690,0.8697,11,13,11,666447,9997,118630,7626,0.07918039538714992,0.43272995517221813
8691,0.8698,6,15,6,666462,9982,118636,7620,0.07906158915219871,0.43290535166458355
8692,0.8699,9,26,9,666488,9956,118645,7611,0.07885565834494994,0.43325553594808447
8693,0.87,13,17,13,666505,9939,118658,7598,0.0787210112786719,0.43325540286251923
8694,0.8701,6,12,6,666517,9927,118664,7592,0.07862596629071093,0.4333580683828986
8695,0.8702,5,19,5,666536,9908,118669,7587,0.07847547839310608,0.43366676193198056
8696,0.8703,15,25,15,666561,9883,118684,7572,0.07827746800152072,0.43380120309366943
8697,0.8704,7,21,7,666582,9862,118691,7565,0.07811113927258903,0.43409651689906464
8698,0.8705,7,24,7,666606,9838,118698,7558,0.07792104929666709,0.4344676937226949
8699,0.8706,11,14,11,666620,9824,118709,7547,0.07781016347737929,0.4344597317368027
8700,0.8707,12,16,12,666636,9808,118721,7535,0.07768343682676467,0.43446923830940437
8701,0.8708,4,8,4,666644,9800,118725,7531,0.07762007350145736,0.4345392649010444
8702,0.8709,7,11,7,666655,9789,118732,7524,0.07753294892915981,0.43458672673713394
8703,0.871,11,10,11,666665,9779,118743,7513,0.07745374477252566,0.4344783715012723
8704,0.8711,9,11,9,666676,9768,118752,7504,0.07736662020022811,0.4344603983325614
8705,0.8712,13,11,13,666687,9757,118765,7491,0.07727949562793056,0.4343112244897959
8706,0.8713,6,13,6,666700,9744,118771,7485,0.07717653022430618,0.43444192930524117
8707,0.8714,4,17,4,666717,9727,118775,7481,0.07704188315802814,0.4347396559739656
8708,0.8715,9,15,9,666732,9712,118784,7472,0.07692307692307693,0.43482309124767227
8709,0.8716,5,6,5,666738,9706,118789,7467,0.07687555442909644,0.4348104582775287
8710,0.8717,22,41,22,666779,9665,118811,7445,0.07655081738689647,0.4351256575102279
8711,0.8718,3,13,3,666792,9652,118814,7442,0.07644785198327209,0.4353574353574354
8712,0.8719,6,8,6,666800,9644,118820,7436,0.07638448865796477,0.4353629976580796
8713,0.872,10,30,10,666830,9614,118830,7426,0.07614687618806235,0.4357981220657277
8714,0.8721,5,20,5,666850,9594,118835,7421,0.07598846787479407,0.43614457831325304
8715,0.8722,7,23,7,666873,9571,118842,7414,0.07580629831453554,0.43650279658522223
8716,0.8723,9,15,9,666888,9556,118851,7405,0.07568749207958433,0.43658982371322447
8717,0.8724,3,20,3,666908,9536,118854,7402,0.07552908376631606,0.4370055496516708
8718,0.8725,5,15,5,666923,9521,118859,7397,0.07541027753136485,0.4372266225322142
8719,0.8726,10,8,10,666931,9513,118869,7387,0.07534691420605753,0.4371005917159763
8720,0.8727,2,3,2,666934,9510,118871,7385,0.07532315295906729,0.43711157147084934
8721,0.8728,5,10,5,666944,9500,118876,7380,0.07524394880243315,0.4372037914691943
8722,0.8729,6,18,6,666962,9482,118882,7374,0.0751013813204917,0.4374703369719981
8723,0.873,6,13,6,666975,9469,118888,7368,0.07499841591686732,0.43760764981885136
8724,0.8731,15,23,15,666998,9446,118903,7353,0.0748162463566088,0.437704625275314
8725,0.8732,3,7,3,667005,9439,118906,7350,0.0747608034469649,0.4377866460182262
8726,0.8733,13,22,13,667027,9417,118919,7337,0.0745865543023698,0.43792527157693684
8727,0.8734,11,17,11,667044,9400,118930,7326,0.07445190723609175,0.43800071744589264
8728,0.8735,8,15,8,667059,9385,118938,7318,0.07433310100114054,0.43812488774471653
8729,0.8736,7,9,7,667068,9376,118945,7311,0.07426181726016981,0.4381254869059747
8730,0.8737,6,5,6,667073,9371,118951,7305,0.07422221518185275,0.4380546893739506
8731,0.8738,5,18,5,667091,9353,118956,7300,0.0740796476999113,0.4383594547528974
8732,0.8739,5,10,5,667101,9343,118961,7295,0.07400044354327714,0.4384541411227311
8733,0.874,7,21,7,667122,9322,118968,7288,0.07383411481434546,0.4387718242022878
8734,0.8741,8,10,8,667132,9312,118976,7280,0.07375491065771132,0.43876567020250723
8735,0.8742,8,18,8,667150,9294,118984,7272,0.07361234317576987,0.4389713871785585
8736,0.8743,7,6,7,667156,9288,118991,7265,0.07356482068178938,0.4388932519784933
8737,0.8744,5,15,5,667171,9273,118996,7260,0.07344601444683817,0.43912175648702595
8738,0.8745,17,16,17,667187,9257,119013,7243,0.07331928779622354,0.43896969696969695
8739,0.8746,12,25,12,667212,9232,119025,7231,0.0731212774046382,0.43922735831865395
8740,0.8747,6,11,6,667223,9221,119031,7225,0.07303415283234065,0.4393165511370546
8741,0.8748,7,5,7,667228,9216,119038,7218,0.07299455075402357,0.43921139101861995
8742,0.8749,7,18,7,667246,9198,119045,7211,0.07285198327208212,0.4394539581936742
8743,0.875,9,24,9,667270,9174,119054,7202,0.07266189329616018,0.4397899364924279
8744,0.8751,9,18,9,667288,9156,119063,7193,0.07251932581421873,0.4399657471404979
8745,0.8752,7,29,7,667317,9127,119070,7186,0.07228963375997972,0.4405075706491755
8746,0.8753,8,12,8,667329,9115,119078,7178,0.07219458877201876,0.44055729454366904
8747,0.8754,14,9,14,667338,9106,119092,7164,0.07212330503104802,0.44031960663798403
8748,0.8755,15,22,15,667360,9084,119107,7149,0.07194905588645292,0.44039918684161894
8749,0.8756,20,26,20,667386,9058,119127,7129,0.07174312507920416,0.4404151479582381
8750,0.8757,9,14,9,667400,9044,119136,7120,0.07163223925991637,0.4404850284583024
8751,0.8758,13,26,13,667426,9018,119149,7107,0.07142630845266759,0.4407441860465116
8752,0.8759,8,10,8,667436,9008,119157,7099,0.07134710429603346,0.44074005090954244
8753,0.876,2,9,2,667445,8999,119159,7097,0.07127582055506274,0.4409169980119284
8754,0.8761,6,18,6,667463,8981,119165,7091,0.07113325307312128,0.4412020905923345
8755,0.8762,9,15,9,667478,8966,119174,7082,0.07101444683817007,0.4413010967098704
8756,0.8763,4,12,4,667490,8954,119178,7078,0.0709194018502091,0.44149201596806387
8757,0.8764,11,15,11,667505,8939,119189,7067,0.0708005956152579,0.4415219292765213
8758,0.8765,2,12,2,667517,8927,119191,7065,0.07070555062729691,0.4417833916958479
8759,0.8766,10,24,10,667541,8903,119201,7055,0.07051546065137498,0.44209800726908133
8760,0.8767,19,22,19,667563,8881,119220,7036,0.07034121150677988,0.4420430985738519
8761,0.8768,7,21,7,667584,8860,119227,7029,0.07017488277784818,0.4423815218075398
8762,0.8769,7,20,7,667604,8840,119234,7022,0.0700164744645799,0.44269322910099607
8763,0.877,20,30,20,667634,8810,119254,7002,0.06977886199467748,0.4428282317227422
8764,0.8771,3,5,3,667639,8805,119257,6999,0.06973925991636042,0.4428625664388762
8765,0.8772,16,28,16,667667,8777,119273,6983,0.06951748827778481,0.44308375634517766
8766,0.8773,9,9,9,667676,8768,119282,6974,0.06944620453681409,0.4430186761529666
8767,0.8774,4,8,4,667684,8760,119286,6970,0.06938284121150678,0.4431023521932613
8768,0.8775,12,19,12,667703,8741,119298,6958,0.06923235331390191,0.44321294349958595
8769,0.8776,2,11,2,667714,8730,119300,6956,0.06914522874160436,0.4434527604233074
8770,0.8777,5,18,5,667732,8712,119305,6951,0.06900266125966291,0.44378471557172955
8771,0.8778,12,18,12,667750,8694,119317,6939,0.06886009377772145,0.4438687392055268
8772,0.8779,12,20,12,667770,8674,119329,6927,0.06870168546445317,0.4440099993590155
8773,0.878,5,11,5,667781,8663,119334,6922,0.06861456089215562,0.4441450112287456
8774,0.8781,13,14,13,667795,8649,119347,6909,0.06850367507286782,0.44408021596606245
8775,0.8782,7,25,7,667820,8624,119354,6902,0.06830566468128248,0.44454463480613166
8776,0.8783,15,22,15,667842,8602,119369,6887,0.06813141553668736,0.4446381302860094
8777,0.8784,10,20,10,667862,8582,119379,6877,0.06797300722341909,0.44485413028009574
8778,0.8785,17,21,17,667883,8561,119396,6860,0.06780667849448739,0.4448479346345892
8779,0.8786,5,14,5,667897,8547,119401,6855,0.0676957926751996,0.44507206856252435
8780,0.8787,10,13,10,667910,8534,119411,6845,0.06759282727157521,0.4450874569217764
8781,0.8788,2,13,2,667923,8521,119413,6843,0.06748986186795083,0.4453918250455611
8782,0.8789,13,9,13,667932,8512,119426,6830,0.0674185781269801,0.445183157345848
8783,0.879,15,23,15,667955,8489,119441,6815,0.06723640856672158,0.4453084161003659
8784,0.8791,10,11,10,667966,8478,119451,6805,0.06714928399442403,0.4452659818098541
8785,0.8792,2,6,2,667972,8472,119453,6803,0.06710176150044354,0.4453682487725041
8786,0.8793,8,16,8,667988,8456,119461,6795,0.06697503484982892,0.44554455445544555
8787,0.8794,6,15,6,668003,8441,119467,6789,0.06685622861487771,0.44576493762311226
8788,0.8795,11,11,11,668014,8430,119478,6778,0.06676910404258016,0.4456864807995792
8789,0.8796,6,12,6,668026,8418,119484,6772,0.06667405905461919,0.4458196181698486
8790,0.8797,5,8,5,668034,8410,119489,6767,0.06661069572931187,0.44587204322329843
8791,0.8798,8,16,8,668050,8394,119497,6759,0.06648396907869725,0.44605028707186695
8792,0.8799,4,12,4,668062,8382,119501,6755,0.06638892409073628,0.4462575146990817
8793,0.88,7,17,7,668079,8365,119508,6748,0.06625427702445824,0.4465030106530801
8794,0.8801,7,9,7,668088,8356,119515,6741,0.06618299328348752,0.4465125521626813
8795,0.8802,11,19,11,668107,8337,119526,6730,0.06603250538588265,0.4466715338156235
8796,0.8803,5,13,5,668120,8324,119531,6725,0.06592953998225827,0.4468735464150442
8797,0.8804,5,11,5,668131,8313,119536,6720,0.06584241540996072,0.4470165635601676
8798,0.8805,12,12,12,668143,8301,119548,6708,0.06574737042199974,0.44693184089546273
8799,0.8806,11,12,11,668155,8289,119559,6697,0.06565232543403877,0.446883758174296
8800,0.8807,4,12,4,668167,8277,119563,6693,0.06555728044607781,0.4470941883767535
8801,0.8808,21,24,21,668191,8253,119584,6672,0.06536719047015588,0.447035175879397
8802,0.8809,7,12,7,668203,8241,119591,6665,0.0652721454821949,0.4471353817254797
8803,0.881,14,17,14,668220,8224,119605,6651,0.06513749841591687,0.44712605042016806
8804,0.8811,13,6,13,668226,8218,119618,6638,0.06508997592193638,0.4468228325255789
8805,0.8812,10,8,10,668234,8210,119628,6628,0.06502661259662908,0.44669092869658983
8806,0.8813,14,10,14,668244,8200,119642,6614,0.06494740843999493,0.4464695558255704
8807,0.8814,14,17,14,668261,8183,119656,6600,0.06481276137371689,0.44645877020902386
8808,0.8815,14,16,14,668277,8167,119670,6586,0.06468603472310226,0.4464176777604555
8809,0.8816,7,11,7,668288,8156,119677,6579,0.06459891015080471,0.4464879538513743
8810,0.8817,6,11,6,668299,8145,119683,6573,0.06451178557850716,0.44659600489196905
8811,0.8818,21,10,21,668309,8135,119704,6552,0.06443258142187303,0.4461088037039559
8812,0.8819,6,11,6,668320,8124,119710,6546,0.06434545684957546,0.4462167689161554
8813,0.882,4,8,4,668328,8116,119714,6542,0.06428209352426816,0.4463091826988675
8814,0.8821,10,13,10,668341,8103,119724,6532,0.06417912812064377,0.44632729757430817
8815,0.8822,12,20,12,668361,8083,119736,6520,0.06402071980737549,0.44648359926042597
8816,0.8823,16,20,16,668381,8063,119752,6504,0.0638623114941072,0.4464886387039198
8817,0.8824,8,14,8,668395,8049,119760,6496,0.06375142567481941,0.44661395668614645
8818,0.8825,12,22,12,668417,8027,119772,6484,0.06357717653022431,0.4468334367031907
8819,0.8826,18,28,18,668445,7999,119790,6466,0.06335540489164872,0.447010024196336
8820,0.8827,7,15,7,668460,7984,119797,6459,0.0632365986566975,0.4472062590874472
8821,0.8828,9,14,9,668474,7970,119806,6450,0.06312571283740971,0.4472954230235784
8822,0.8829,12,4,12,668478,7966,119818,6438,0.06309403117475605,0.4469591780061094
8823,0.883,8,18,8,668496,7948,119826,6430,0.0629514636928146,0.44721101683127
8824,0.8831,5,7,5,668503,7941,119831,6425,0.0628960207831707,0.44723653069748015
8825,0.8832,11,13,11,668516,7928,119842,6414,0.06279305537954633,0.447217961232743
8826,0.8833,12,14,12,668530,7914,119854,6402,0.06268216956025852,0.4471919530595138
8827,0.8834,9,13,9,668543,7901,119863,6393,0.06257920415663414,0.44725059465510003
8828,0.8835,8,16,8,668559,7885,119871,6385,0.06245247750601952,0.44744218640504557
8829,0.8836,8,25,8,668584,7860,119879,6377,0.062254467114434164,0.4479173983282995
8830,0.8837,5,13,5,668597,7847,119884,6372,0.062151501710809784,0.44813278008298757
8831,0.8838,6,15,6,668612,7832,119890,6366,0.062032695475858574,0.4483730102831385
8832,0.8839,4,16,4,668628,7816,119894,6362,0.06190596882524395,0.44872337424178305
8833,0.884,7,8,7,668636,7808,119901,6355,0.061842605499936636,0.4487043705429641
8834,0.8841,6,9,6,668645,7799,119907,6349,0.06177132175896591,0.44875600791631326
8835,0.8842,2,16,2,668661,7783,119909,6347,0.06164459510835129,0.4491861288039632
8836,0.8843,10,18,10,668679,7765,119919,6337,0.061502027626409835,0.44936888384626295
8837,0.8844,8,10,8,668689,7755,119927,6329,0.06142282346977569,0.4493751775063902
8838,0.8845,8,12,8,668701,7743,119935,6321,0.061327778481814726,0.4494453924914676
8839,0.8846,5,11,5,668712,7732,119940,6316,0.06124065390951717,0.4496013667425968
8840,0.8847,4,13,4,668725,7719,119944,6312,0.06113768850589279,0.4498610220226641
8841,0.8848,15,18,15,668743,7701,119959,6297,0.06099512102395134,0.4498499785683669
8842,0.8849,9,16,9,668759,7685,119968,6288,0.060868394373336715,0.4500107349889072
8843,0.885,4,13,4,668772,7672,119972,6284,0.06076542896971233,0.4502722843221553
8844,0.8851,7,3,7,668775,7669,119979,6277,0.06074166772272209,0.45009321669295854
8845,0.8852,14,27,14,668802,7642,119993,6263,0.06052781649980991,0.45041352031643295
8846,0.8853,5,6,5,668808,7636,119998,6258,0.060480294005829424,0.4504102490283576
8847,0.8854,9,22,9,668830,7614,120007,6249,0.060306044861234316,0.45076823198441895
8848,0.8855,8,12,8,668842,7602,120015,6241,0.06021099987327335,0.4508415805822437
8849,0.8856,2,4,2,668846,7598,120017,6239,0.06017931821061969,0.45089253450892536
8850,0.8857,11,13,11,668859,7585,120028,6228,0.06007635280699531,0.4508796061681025
8851,0.8858,12,27,12,668886,7558,120040,6216,0.059862501584083135,0.4512850297662262
8852,0.8859,10,15,10,668901,7543,120050,6206,0.059743695349131924,0.45137828205687686
8853,0.886,11,13,11,668914,7530,120061,6195,0.05964072994550754,0.45136612021857925
8854,0.8861,8,17,8,668931,7513,120069,6187,0.059506082879229504,0.4516058394160584
8855,0.8862,8,14,8,668945,7499,120077,6179,0.05939519705994171,0.4517473314812107
8856,0.8863,2,3,2,668948,7496,120079,6177,0.05937143581295146,0.4517662546624735
8857,0.8864,6,14,6,668962,7482,120085,6171,0.05926054999366367,0.45198857393979347
8858,0.8865,3,4,3,668966,7478,120088,6168,0.05922886833101001,0.45200058625238165
8859,0.8866,12,15,12,668981,7463,120100,6156,0.0591100620960588,0.45201556648799474
8860,0.8867,7,23,7,669004,7440,120107,6149,0.05892789253580028,0.45249834424902496
8861,0.8868,8,13,8,669017,7427,120115,6141,0.058824927132175894,0.45260908018867924
8862,0.8869,6,11,6,669028,7416,120121,6135,0.058737802559878344,0.4527341155634271
8863,0.887,4,10,4,669038,7406,120125,6131,0.0586585984032442,0.45290684789835267
8864,0.8871,5,16,5,669054,7390,120130,6126,0.058531871752629576,0.4532406037289139
8865,0.8872,16,29,16,669083,7361,120146,6110,0.05830217969839057,0.4535669215351496
8866,0.8873,14,9,14,669092,7352,120160,6096,0.05823089595741984,0.45330160618679355
8867,0.8874,3,6,3,669098,7346,120163,6093,0.05818337346343936,0.45338194806161175
8868,0.8875,16,20,16,669118,7326,120179,6077,0.05802496515017108,0.4534059538909199
8869,0.8876,19,19,19,669137,7307,120198,6058,0.05787447725256621,0.45327347549569774
8870,0.8877,7,7,7,669144,7300,120205,6051,0.057819034342922314,0.45322447756722345
8871,0.8878,5,14,5,669158,7286,120210,6046,0.05770814852363452,0.4534953495349535
8872,0.8879,11,17,11,669175,7269,120221,6035,0.057573501457356485,0.4536229705351774
8873,0.888,7,16,7,669191,7253,120228,6028,0.05744677480674186,0.4538814848279497
8874,0.8881,15,23,15,669214,7230,120243,6013,0.05726460524648334,0.4540511968587178
8875,0.8882,5,16,5,669230,7214,120248,6008,0.05713787859586871,0.4543941914990168
8876,0.8883,5,5,5,669235,7209,120253,6003,0.057098276517551644,0.4543596730245232
8877,0.8884,10,6,10,669241,7203,120263,5993,0.057050754023571154,0.4541527735677478
8878,0.8885,10,12,10,669253,7191,120273,5983,0.05695570903561019,0.45415211780780324
8879,0.8886,5,15,5,669268,7176,120278,5978,0.05683690280065898,0.4544625209061882
8880,0.8887,4,9,4,669277,7167,120282,5974,0.05676561905968825,0.45460771630773916
8881,0.8888,17,14,17,669291,7153,120299,5957,0.056654733240400455,0.4543859649122807
8882,0.8889,11,18,11,669309,7135,120310,5946,0.05651216575845901,0.4545524042504396
8883,0.889,8,13,8,669322,7122,120318,5938,0.05640920035483462,0.4546707503828484
8884,0.8891,3,3,3,669325,7119,120321,5935,0.05638543910784438,0.4546499157346407
8885,0.8892,9,22,9,669347,7097,120330,5926,0.056211189963249274,0.4550410811640943
8886,0.8893,4,7,4,669354,7090,120334,5922,0.056155747053605376,0.45511835229019365
8887,0.8894,6,18,6,669372,7072,120340,5916,0.05601317957166392,0.45549738219895286
8888,0.8895,8,12,8,669384,7060,120348,5908,0.055918134583702955,0.45558297347316473
8889,0.8896,2,17,2,669401,7043,120350,5906,0.055783487517424915,0.45609699590701985
8890,0.8897,3,9,3,669410,7034,120353,5903,0.05571220377645419,0.4562881657262116
8891,0.8898,11,13,11,669423,7021,120364,5892,0.05560923837282981,0.45628436459382016
8892,0.8899,7,12,7,669435,7009,120371,5885,0.055514193384868835,0.45641383589266327
8893,0.89,9,19,9,669454,6990,120380,5876,0.05536370548726397,0.4567076014301259
8894,0.8901,10,10,10,669464,6980,120390,5866,0.05528450133062983,0.45664019928382377
8895,0.8902,14,25,14,669489,6955,120404,5852,0.05508649093904448,0.4569376122433044
8896,0.8903,7,16,7,669505,6939,120411,5845,0.05495976428842986,0.45721214017521905
8897,0.8904,4,9,4,669514,6930,120415,5841,0.05488848054745913,0.4573643410852713
8898,0.8905,14,9,14,669523,6921,120429,5827,0.0548171968064884,0.4570913084405397
8899,0.8906,4,5,4,669528,6916,120433,5823,0.054777594728171335,0.4571002433472015
8900,0.8907,5,4,5,669532,6912,120438,5818,0.05474591306551768,0.45703063629222307
8901,0.8908,16,30,16,669562,6882,120454,5802,0.05450830059561526,0.4574266792809839
8902,0.8909,13,17,13,669579,6865,120467,5789,0.05437365352933722,0.45748379958906277
8903,0.891,8,29,8,669608,6836,120475,5781,0.054143961475098215,0.45819132915907107
8904,0.8911,8,14,8,669622,6822,120483,5773,0.05403307565581042,0.4583564906709012
8905,0.8912,13,10,13,669632,6812,120496,5760,0.05395387149917628,0.4581609926821508
8906,0.8913,5,11,5,669643,6801,120501,5755,0.05386674692687872,0.4583466071997451
8907,0.8914,4,20,4,669663,6781,120505,5751,0.05370833861361044,0.45890520268113627
8908,0.8915,7,16,7,669679,6765,120512,5744,0.053581611962995816,0.4591893836437765
8909,0.8916,14,16,14,669695,6749,120526,5730,0.05345488531238119,0.45917140796538186
8910,0.8917,3,5,3,669700,6744,120529,5727,0.05341528323406412,0.45922540293480874
8911,0.8918,7,9,7,669709,6735,120536,5720,0.053343999493093396,0.4592533119229225
8912,0.8919,2,3,2,669712,6732,120538,5718,0.05332023824610316,0.4592771084337349
8913,0.892,11,15,11,669727,6717,120549,5707,0.05320143201115195,0.45935286542176434
8914,0.8921,3,6,3,669733,6711,120552,5704,0.053153909517171465,0.4594442207007652
8915,0.8922,8,9,8,669742,6702,120560,5696,0.05308262577620074,0.4594289401516374
8916,0.8923,6,5,6,669747,6697,120566,5690,0.05304302369788366,0.45935254702510697
8917,0.8924,6,6,6,669753,6691,120572,5684,0.05299550120390318,0.45931313131313134
8918,0.8925,6,16,6,669769,6675,120578,5678,0.052868774553288554,0.4596454302598559
8919,0.8926,10,19,10,669788,6656,120588,5668,0.05271828665568369,0.459915611814346
8920,0.8927,11,21,11,669809,6635,120599,5657,0.052551957926752,0.46021802798568173
8921,0.8928,12,12,12,669821,6623,120611,5645,0.052456912938791025,0.46014020215194
8922,0.8929,5,9,5,669830,6614,120616,5640,0.052385629197820305,0.4602578749795985
8923,0.893,4,18,4,669848,6596,120620,5636,0.05224306171587885,0.46075866579463703
8924,0.8931,4,12,4,669860,6584,120624,5632,0.052148016727917884,0.4610347085789129
8925,0.8932,12,13,12,669873,6571,120636,5620,0.0520450513242935,0.4609958165860061
8926,0.8933,5,19,5,669892,6552,120641,5615,0.051894563426688634,0.4614942056382017
8927,0.8934,7,7,7,669899,6545,120648,5608,0.051839120517044736,0.4614498477742121
8928,0.8935,8,6,8,669905,6539,120656,5600,0.05179159802306425,0.4613230084850482
8929,0.8936,11,5,11,669910,6534,120667,5589,0.05175199594474718,0.4610244988864143
8930,0.8937,13,13,13,669923,6521,120680,5576,0.0516490305411228,0.46094072910639
8931,0.8938,4,7,4,669930,6514,120684,5572,0.0515935876314789,0.46102929008770477
8932,0.8939,6,17,6,669947,6497,120690,5566,0.05145894056520086,0.4614109259719804
8933,0.894,8,6,8,669953,6491,120698,5558,0.05141141807122038,0.4612830940326998
8934,0.8941,6,21,6,669974,6470,120704,5552,0.051245089342288684,0.4618199966727666
8935,0.8942,10,19,10,669993,6451,120714,5542,0.051094601444683814,0.46210289335445676
8936,0.8943,17,24,17,670017,6427,120731,5525,0.05090451146876188,0.46226572958500667
8937,0.8944,2,5,2,670022,6422,120733,5523,0.05086490939044481,0.46236919213059857
8938,0.8945,6,13,6,670035,6409,120739,5517,0.05076194398682043,0.4626027167533121
8939,0.8946,15,11,15,670046,6398,120754,5502,0.05067481941452288,0.4623529411764706
8940,0.8947,5,9,5,670055,6389,120759,5497,0.05060353567355215,0.46247686353693424
8941,0.8948,11,5,11,670060,6384,120770,5486,0.050563933595235075,0.46217354675652905
8942,0.8949,3,5,3,670065,6379,120773,5483,0.05052433151691801,0.4622323385601079
8943,0.895,9,19,9,670084,6360,120782,5474,0.050373843619313144,0.46256548926821023
8944,0.8951,9,8,9,670092,6352,120791,5465,0.05031048029400583,0.46246932385546247
8945,0.8952,10,8,10,670100,6344,120801,5455,0.05024711696869852,0.46232731587422665
8946,0.8953,5,11,5,670111,6333,120806,5450,0.05015999239640096,0.4625307646609522
8947,0.8954,4,12,4,670123,6321,120810,5446,0.050064947408439996,0.462819750148721
8948,0.8955,11,14,11,670137,6307,120821,5435,0.0499540615891522,0.46286833588826437
8949,0.8956,11,41,11,670178,6266,120832,5424,0.04962932454695222,0.4639863130881095
8950,0.8957,6,15,6,670193,6251,120838,5418,0.04951051831200101,0.46430713857228556
8951,0.8958,5,5,5,670198,6246,120843,5413,0.049470916233683944,0.464276524573291
8952,0.8959,11,15,11,670213,6231,120854,5402,0.049352109998732734,0.46436860655033096
8953,0.896,8,13,8,670226,6218,120862,5394,0.04924914459510835,0.4645194626248708
8954,0.8961,3,20,3,670246,6198,120865,5391,0.04909073628184007,0.46518250064716543
8955,0.8962,10,7,10,670253,6191,120875,5381,0.04903529337219617,0.4650017283097131
8956,0.8963,4,13,4,670266,6178,120879,5377,0.04893232796857179,0.46533967979229773
8957,0.8964,7,22,7,670288,6156,120886,5370,0.04875807882397668,0.4659031754294638
8958,0.8965,8,9,8,670297,6147,120894,5362,0.048686795083005954,0.4658962551047007
8959,0.8966,9,10,9,670307,6137,120903,5353,0.04860759092637182,0.4658833768494343
8960,0.8967,17,26,17,670333,6111,120920,5336,0.04840166011912305,0.4661483358085088
8961,0.8968,2,5,2,670338,6106,120922,5334,0.04836205804080598,0.4662587412587413
8962,0.8969,4,10,4,670348,6096,120926,5330,0.04828285388417184,0.46647995799054787
8963,0.897,4,14,4,670362,6082,120930,5326,0.048171968064884045,0.46686535764375875
8964,0.8971,5,11,5,670373,6071,120935,5321,0.04808484349258649,0.4670821629213483
8965,0.8972,6,9,6,670382,6062,120941,5315,0.04801355975161577,0.4671706073657379
8966,0.8973,5,10,5,670392,6052,120946,5310,0.047934355594981624,0.46734729801091357
8967,0.8974,8,1,8,670393,6051,120954,5302,0.04792643517931821,0.4670131242843301
8968,0.8975,8,16,8,670409,6035,120962,5294,0.047799708528703584,0.4672963191808633
8969,0.8976,5,11,5,670420,6024,120967,5289,0.047712583956406034,0.4675152479448422
8970,0.8977,10,16,10,670436,6008,120977,5279,0.04758585730579141,0.4677062106848587
8971,0.8978,7,14,7,670450,5994,120984,5272,0.04747497148650361,0.46795668382744543
8972,0.8979,8,16,8,670466,5978,120992,5264,0.04734824483588899,0.46824408468244083
8973,0.898,12,21,12,670487,5957,121004,5252,0.047181916106957295,0.46855205638326347
8974,0.8981,6,9,6,670496,5948,121010,5246,0.04711063236598657,0.468643916383777
8975,0.8982,3,16,3,670512,5932,121013,5243,0.04698390571537194,0.46917225950783
8976,0.8983,12,12,12,670524,5920,121025,5231,0.046888860727410976,0.4691059097838759
8977,0.8984,5,3,5,670527,5917,121030,5226,0.04686509948042073,0.46899398725657365
8978,0.8985,4,11,4,670538,5906,121034,5222,0.04677797490812318,0.4692667145938174
8979,0.8986,6,6,6,670544,5900,121040,5216,0.04673045241414269,0.46923353724361283
8980,0.8987,5,6,5,670550,5894,121045,5211,0.04668292992016221,0.4692480864475462
8981,0.8988,9,17,9,670567,5877,121054,5202,0.046548282853884175,0.4695369618196588
8982,0.8989,7,9,7,670576,5868,121061,5195,0.04647699911291345,0.4695832956702522
8983,0.899,9,19,9,670595,5849,121070,5186,0.04632651121530858,0.4699592206615315
8984,0.8991,12,20,12,670615,5829,121082,5174,0.0461681029020403,0.47023539034808687
8985,0.8992,8,9,8,670624,5820,121090,5166,0.04609681916106957,0.4702348443473512
8986,0.8993,3,6,3,670630,5814,121093,5163,0.04604929666708909,0.47034708936867997
8987,0.8994,6,12,6,670642,5802,121099,5157,0.04595425167912812,0.47057213249384067
8988,0.8995,5,17,5,670659,5785,121104,5152,0.04581960461285008,0.4710615342415653
8989,0.8996,7,9,7,670668,5776,121111,5145,0.045748320871879355,0.4711107041479718
8990,0.8997,4,15,4,670683,5761,121115,5141,0.045629514636928145,0.4715648504861493
8991,0.8998,12,16,12,670699,5745,121127,5129,0.04550278798631352,0.4716755563729998
8992,0.8999,6,13,6,670712,5732,121133,5123,0.04539982258268914,0.47194841087056655
8993,0.9,9,17,9,670729,5715,121142,5114,0.0452651755164111,0.4722504386369933
8994,0.9001,12,16,12,670745,5699,121154,5102,0.045138448865796474,0.47236367003055274
8995,0.9002,3,19,3,670764,5680,121157,5099,0.04498796096819161,0.47304944800074217
8996,0.9003,9,9,9,670773,5671,121166,5090,0.04491667722722088,0.4730043676238268
8997,0.9004,6,10,6,670783,5661,121172,5084,0.04483747307058675,0.4731503024662634
8998,0.9005,21,13,21,670796,5648,121193,5063,0.04473450766696236,0.4726916254317991
8999,0.9006,3,13,3,670809,5635,121196,5060,0.04463154226333798,0.4731182795698925
9000,0.9007,11,12,11,670821,5623,121207,5049,0.044536497275377014,0.4731071964017991
9001,0.9008,5,13,5,670834,5610,121212,5044,0.04443353187175263,0.473437206682936
9002,0.9009,3,9,3,670843,5601,121215,5041,0.044362248130781906,0.4736891561736516
9003,0.901,16,13,16,670856,5588,121231,5025,0.04425928272715752,0.47347592575143693
9004,0.9011,13,15,13,670871,5573,121244,5012,0.04414047649220631,0.47350023618327824
9005,0.9012,10,12,10,670883,5561,121254,5002,0.04404543150424534,0.47353971409637413
9006,0.9013,10,12,10,670895,5549,121264,4992,0.04395038651628438,0.4735793567972678
9007,0.9014,7,5,7,670900,5544,121271,4985,0.0439107844379673,0.47345426916136385
9008,0.9015,3,10,3,670910,5534,121274,4982,0.04383158028133317,0.47375427919360974
9009,0.9016,3,10,3,670920,5524,121277,4979,0.043752376124699024,0.47405503189564885
9010,0.9017,4,9,4,670929,5515,121281,4975,0.0436810923837283,0.4742612011439466
9011,0.9018,13,17,13,670946,5498,121294,4962,0.04354644531745026,0.4743785850860421
9012,0.9019,3,7,3,670953,5491,121297,4959,0.04349100240780636,0.47454545454545455
9013,0.902,10,19,10,670972,5472,121307,4949,0.043340514510201496,0.4749064389214087
9014,0.9021,9,7,9,670979,5465,121316,4940,0.0432850716005576,0.47477174435367614
9015,0.9022,11,6,11,670985,5459,121327,4929,0.043237549106577115,0.4744897959183674
9016,0.9023,6,8,6,670993,5451,121333,4923,0.0431741857812698,0.47455176402544824
9017,0.9024,7,10,7,671003,5441,121340,4916,0.04309498162463566,0.47465482282514243
9018,0.9025,15,13,15,671016,5428,121355,4901,0.04299201622101128,0.4744893019653403
9019,0.9026,17,14,17,671030,5414,121372,4884,0.042881130401723484,0.4742668479316372
9020,0.9027,5,18,5,671048,5396,121377,4879,0.04273856291978203,0.4748418491484185
9021,0.9028,8,4,8,671052,5392,121385,4871,0.042706881257128376,0.4746175582188444
9022,0.9029,6,11,6,671063,5381,121391,4865,0.04261975668483082,0.4748194417333594
9023,0.903,14,17,14,671080,5364,121405,4851,0.04248510961855278,0.4748898678414097
9024,0.9031,2,8,2,671088,5356,121407,4849,0.04242174629324547,0.4751592356687898
9025,0.9032,7,20,7,671108,5336,121414,4842,0.04226333797997719,0.47573197091766556
9026,0.9033,8,10,8,671118,5326,121422,4834,0.04218413382334305,0.47578740157480315
9027,0.9034,12,19,12,671137,5307,121434,4822,0.04203364592573818,0.4760588409517228
9028,0.9035,3,11,3,671148,5296,121437,4819,0.04194652135344063,0.4764211566979733
9029,0.9036,7,6,7,671154,5290,121444,4812,0.04189899885946014,0.47634131855078204
9030,0.9037,14,6,14,671160,5284,121458,4798,0.04185147636547966,0.47589763935727036
9031,0.9038,9,7,9,671167,5277,121467,4789,0.04179603345583576,0.4757599841049076
9032,0.9039,7,8,7,671175,5269,121474,4782,0.04173267013052845,0.47577355487016215
9033,0.904,8,7,8,671182,5262,121482,4774,0.04167722722088455,0.47568752491032285
9034,0.9041,6,7,6,671189,5255,121488,4768,0.04162178431124065,0.4757058764840866
9035,0.9042,8,14,8,671203,5241,121496,4760,0.04151089849195286,0.47595240475952405
9036,0.9043,8,8,8,671211,5233,121504,4752,0.041447535166645545,0.47591387080620934
9037,0.9044,12,18,12,671229,5215,121516,4740,0.04130496768470409,0.47614264188849825
9038,0.9045,7,20,7,671249,5195,121523,4733,0.04114655937143581,0.4767324738114424
9039,0.9046,11,12,11,671261,5183,121534,4722,0.041051514383474846,0.47672892478546186
9040,0.9047,4,8,4,671269,5175,121538,4718,0.040988151058167534,0.47690286060851106
9041,0.9048,8,17,8,671286,5158,121546,4710,0.040853503991889493,0.4773003648155655
9042,0.9049,6,7,6,671293,5151,121552,4704,0.040798061082245596,0.4773211567732116
9043,0.905,20,14,20,671307,5137,121572,4684,0.0406871752629578,0.47693717544038283
9044,0.9051,9,12,9,671319,5125,121581,4675,0.040592130274996835,0.4770408163265306
9045,0.9052,12,26,12,671345,5099,121593,4663,0.04038619946774807,0.4776685105511166
9046,0.9053,10,13,10,671358,5086,121603,4653,0.04028323406412369,0.4777697915597084
9047,0.9054,7,12,7,671370,5074,121610,4646,0.040188189076162714,0.4779835390946502
9048,0.9055,5,9,5,671379,5065,121615,4641,0.040116905335191994,0.4781578405110241
9049,0.9056,3,12,3,671391,5053,121618,4638,0.04002186034723102,0.47858838097203593
9050,0.9057,13,11,13,671402,5042,121631,4625,0.03993473577493347,0.4784317782145443
9051,0.9058,12,12,12,671414,5030,121643,4613,0.0398396907869725,0.47837809810225035
9052,0.9059,6,14,6,671428,5016,121649,4607,0.0397288049676847,0.4787488309259067
9053,0.906,6,9,6,671437,5007,121655,4601,0.039657521226713975,0.47887177352206495
9054,0.9061,8,9,8,671446,4998,121663,4593,0.039586237485743254,0.47888645605254926
9055,0.9062,10,8,10,671454,4990,121673,4583,0.03952287416043594,0.4787422960409485
9056,0.9063,5,12,5,671466,4978,121678,4578,0.03942782917247497,0.4790707408957723
9057,0.9064,7,18,7,671484,4960,121685,4571,0.03928526169053352,0.47959290735494703
9058,0.9065,5,8,5,671492,4952,121690,4566,0.03922189836522621,0.47972263080479094
9059,0.9066,15,14,15,671506,4938,121705,4551,0.03911101254593841,0.47960796711982295
9060,0.9067,12,13,12,671519,4925,121717,4539,0.039008047142314026,0.47960693153000844
9061,0.9068,5,14,5,671533,4911,121722,4534,0.03889716132302623,0.4800423504499735
9062,0.9069,2,8,2,671541,4903,121724,4532,0.03883379799771892,0.48033916269210386
9063,0.907,11,29,11,671570,4874,121735,4521,0.03860410594347991,0.4812134113890367
9064,0.9071,6,8,6,671578,4866,121741,4515,0.0385407426181726,0.4812919731371922
9065,0.9072,10,11,10,671589,4855,121751,4505,0.03845361804587505,0.4813034188034188
9066,0.9073,5,9,5,671598,4846,121756,4500,0.03838233430490432,0.4814894072330409
9067,0.9074,6,11,6,671609,4835,121762,4494,0.03829520973260677,0.48172365741237005
9068,0.9075,5,15,5,671624,4820,121767,4489,0.03817640349765556,0.48222150606939523
9069,0.9076,9,7,9,671631,4813,121776,4480,0.038120960588011656,0.48208328849671794
9070,0.9077,5,6,5,671637,4807,121781,4475,0.03807343809403117,0.4821159232923939
9071,0.9078,7,14,7,671651,4793,121788,4468,0.03796255227474338,0.4824532987798294
9072,0.9079,6,18,6,671669,4775,121794,4462,0.03781998479280193,0.4830572696763018
9073,0.908,4,5,4,671674,4770,121798,4458,0.037780382714484854,0.4830949284785436
9074,0.9081,16,7,16,671681,4763,121814,4442,0.03772493980484096,0.4825638240086909
9075,0.9082,7,10,7,671691,4753,121821,4435,0.03764573564820682,0.4826948193295603
9076,0.9083,5,12,5,671703,4741,121826,4430,0.03755069066024585,0.48304437902082653
9077,0.9084,1,2,1,671705,4739,121827,4429,0.03753484982891902,0.4830933682373473
9078,0.9085,5,4,5,671709,4735,121832,4424,0.037503168166265366,0.48302216399170217
9079,0.9086,10,5,10,671714,4730,121842,4414,0.0374635660879483,0.4827209098862642
9080,0.9087,9,12,9,671726,4718,121851,4405,0.037368521099987326,0.4828455551901787
9081,0.9088,11,12,11,671738,4706,121862,4394,0.03727347611202636,0.4828571428571429
9082,0.9089,11,3,11,671741,4703,121873,4383,0.037249714865036115,0.48239049086506713
9083,0.909,9,14,9,671755,4689,121882,4374,0.03713882904574832,0.4826216484607746
9084,0.9091,2,6,2,671761,4683,121884,4372,0.03709130655176784,0.482827167310878
9085,0.9092,7,8,7,671769,4675,121891,4365,0.037027943226460525,0.48285398230088494
9086,0.9093,7,5,7,671774,4670,121898,4358,0.03698834114814346,0.48272042534337617
9087,0.9094,5,7,5,671781,4663,121903,4353,0.03693289823849956,0.4828083407275954
9088,0.9095,8,15,8,671796,4648,121911,4345,0.03681409200354835,0.4831535638830201
9089,0.9096,1,9,1,671805,4639,121912,4344,0.03674280826257762,0.48358009573639094
9090,0.9097,8,10,8,671815,4629,121920,4336,0.03666360410594348,0.4836586726157278
9091,0.9098,7,16,7,671831,4613,121927,4329,0.03653687745532885,0.4841198836949228
9092,0.9099,7,10,7,671841,4603,121934,4322,0.03645767329869472,0.4842577030812325
9093,0.91,14,11,14,671852,4592,121948,4308,0.03637054872639716,0.4840449438202247
9094,0.9101,5,5,5,671857,4587,121953,4303,0.03633094664808009,0.4840269966254218
9095,0.9102,6,9,6,671866,4578,121959,4297,0.036259662907109365,0.484169014084507
9096,0.9103,9,13,9,671879,4565,121968,4288,0.036156697503484984,0.4843555856771716
9097,0.9104,12,8,12,671887,4557,121980,4276,0.03609333417817767,0.48409373938639194
9098,0.9105,5,15,5,671902,4542,121985,4271,0.03597452794322646,0.48462498581640756
9099,0.9106,3,3,3,671905,4539,121988,4268,0.03595076669623622,0.4846145111842852
9100,0.9107,6,12,6,671917,4527,121994,4262,0.03585572170827525,0.4849243372397315
9101,0.9108,6,5,6,671922,4522,122000,4256,0.03581611962995818,0.48484848484848486
9102,0.9109,2,9,2,671931,4513,122002,4254,0.035744835888987456,0.48522869852857303
9103,0.911,7,7,7,671938,4506,122009,4247,0.03568939297934356,0.4852050725465555
9104,0.9111,11,11,11,671949,4495,122020,4236,0.035602268407046,0.485167792921773
9105,0.9112,3,8,3,671957,4487,122023,4233,0.03553890508173869,0.48543577981651376
9106,0.9113,8,18,8,671975,4469,122031,4225,0.03539633759979724,0.4859673337934208
9107,0.9114,6,5,6,671980,4464,122037,4219,0.035356735521480165,0.48589197282045377
9108,0.9115,11,17,11,671997,4447,122048,4208,0.03522208845520213,0.4861929520508377
9109,0.9116,11,7,11,672004,4440,122059,4197,0.035166645545558234,0.4859326154914901
9110,0.9117,7,11,7,672015,4429,122066,4190,0.035079520973260676,0.486135282515373
9111,0.9118,2,2,2,672017,4427,122068,4188,0.035063680141933846,0.4861288450377249
9112,0.9119,8,12,8,672029,4415,122076,4180,0.03496863515397288,0.48632926119837117
9113,0.912,4,6,4,672035,4409,122080,4176,0.0349211126599924,0.4864298194525335
9114,0.9121,8,7,8,672042,4402,122088,4168,0.0348656697503485,0.48634772462077014
9115,0.9122,7,13,7,672055,4389,122095,4161,0.03476270434672411,0.4866666666666667
9116,0.9123,8,10,8,672065,4379,122103,4153,0.03468350019008998,0.48675574308485703
9117,0.9124,4,6,4,672071,4373,122107,4149,0.034635977696109495,0.48685754517718843
9118,0.9125,6,9,6,672080,4364,122113,4143,0.03456469395513877,0.4870106970729987
9119,0.9126,3,2,3,672082,4362,122116,4140,0.03454885312381194,0.48694424841213835
9120,0.9127,8,6,8,672088,4356,122124,4132,0.034501330629831455,0.4868049010367578
9121,0.9128,2,14,2,672102,4342,122126,4130,0.03439044481054366,0.48748819641170915
9122,0.9129,9,15,9,672117,4327,122135,4121,0.03427163857559245,0.48780776515151514
9123,0.913,10,16,10,672133,4311,122145,4111,0.034144911924977824,0.4881263357872239
9124,0.9131,5,9,5,672142,4302,122150,4106,0.034073628184007096,0.48834443387250237
9125,0.9132,6,13,6,672155,4289,122156,4100,0.033970662780382715,0.4887352485397544
9126,0.9133,12,10,12,672165,4279,122168,4088,0.03389145862374857,0.48858611210708736
9127,0.9134,6,6,6,672171,4273,122174,4082,0.03384393612976809,0.4885697187312986
9128,0.9135,3,8,3,672179,4265,122177,4079,0.03378057280446078,0.4888542665388303
9129,0.9136,5,6,5,672185,4259,122182,4074,0.033733050310480295,0.4888995559822393
9130,0.9138,6,6,6,672191,4253,122188,4068,0.03368552781649981,0.4888835476505228
9131,0.9139,6,10,6,672201,4243,122194,4062,0.03360632365986567,0.48910295003010235
9132,0.914,1,5,1,672206,4238,122195,4061,0.0335667215815486,0.4893360645860947
9133,0.9141,3,6,3,672212,4232,122198,4058,0.03351919908756812,0.4895054282267792
9134,0.9142,4,12,4,672224,4220,122202,4054,0.033424154099607147,0.4899685762629925
9135,0.9143,4,7,4,672231,4213,122206,4050,0.03336871118996325,0.49013675420549435
9136,0.9144,8,16,8,672247,4197,122214,4042,0.033241984539348624,0.4905935186309018
9137,0.9145,16,10,16,672257,4187,122230,4026,0.03316278038271449,0.4901984658468282
9138,0.9146,3,6,3,672263,4181,122233,4023,0.033115257888734,0.4903705509507557
9139,0.9147,2,7,2,672270,4174,122235,4021,0.0330598149790901,0.49066503965832825
9140,0.9148,9,5,9,672275,4169,122244,4012,0.03302021290077303,0.49040459601515707
9141,0.9149,6,4,6,672279,4165,122250,4006,0.03298853123811938,0.4902704687308775
9142,0.915,9,13,9,672292,4152,122259,3997,0.03288556583449499,0.4904896306295251
9143,0.9151,6,11,6,672303,4141,122265,3991,0.03279844126219744,0.49077717658632564
9144,0.9152,5,9,5,672312,4132,122270,3986,0.032727157521226714,0.49100763734910075
9145,0.9153,4,8,4,672320,4124,122274,3982,0.0326637941959194,0.49124105600789536
9146,0.9154,3,12,3,672332,4112,122277,3979,0.032568749207958436,0.4917809912248177
9147,0.9155,7,9,7,672341,4103,122284,3972,0.03249746546698771,0.49188854489164086
9148,0.9156,3,11,3,672352,4092,122287,3969,0.03241034089469015,0.4923706736136956
9149,0.9157,9,11,9,672363,4081,122296,3960,0.0323232163223926,0.49247606019151846
9150,0.9158,7,17,7,672380,4064,122303,3953,0.03218856925611456,0.4930772109267806
9151,0.9159,6,12,6,672392,4052,122309,3947,0.032093524268153595,0.49343667958494813
9152,0.916,21,17,21,672409,4035,122330,3926,0.031958877201875555,0.4931541263660344
9153,0.9161,4,6,4,672415,4029,122334,3922,0.03191135470789507,0.4932712866306125
9154,0.9162,11,7,11,672422,4022,122345,3911,0.031855911798251174,0.4930039077272154
9155,0.9163,0,2,0,672424,4020,122345,3911,0.031840070966924344,0.4931282309923087
9156,0.9164,6,7,6,672431,4013,122351,3905,0.03178462805728045,0.4931800959838343
9157,0.9165,4,3,4,672434,4010,122355,3901,0.0317608668102902,0.4931108582985716
9158,0.9166,2,6,2,672440,4004,122357,3899,0.03171334431630972,0.4933569530558016
9159,0.9167,11,8,11,672448,3996,122368,3888,0.031649980991002406,0.4931506849315068
9160,0.9168,7,9,7,672457,3987,122375,3881,0.03157869725003168,0.49326385358413827
9161,0.9169,6,7,6,672464,3980,122381,3875,0.03152325434038778,0.49331635900700194
9162,0.917,4,5,4,672469,3975,122385,3871,0.03148365226207071,0.49337241906704055
9163,0.9171,8,16,8,672485,3959,122393,3863,0.03135692561145609,0.4938634620301713
9164,0.9172,7,5,7,672490,3954,122400,3856,0.03131732353313902,0.4937259923175416
9165,0.9173,4,9,4,672499,3945,122404,3852,0.031246039792168293,0.49403616775682957
9166,0.9174,7,8,7,672507,3937,122411,3845,0.03118267646686098,0.494088923156001
9167,0.9175,8,7,8,672514,3930,122419,3837,0.031127233557217082,0.4940131324835844
9168,0.9176,7,5,7,672519,3925,122426,3830,0.031087631478900014,0.4938749194068343
9169,0.9177,12,10,12,672529,3915,122438,3818,0.031008427322265872,0.49372817793870427
9170,0.9178,8,12,8,672541,3903,122446,3810,0.030913382334304903,0.4939712174251264
9171,0.9179,7,7,7,672548,3896,122453,3803,0.030857939424661005,0.49396025457851667
9172,0.918,6,4,6,672552,3892,122459,3797,0.03082625776200735,0.49382234360775135
9173,0.9181,10,13,10,672565,3879,122469,3787,0.03072329235838297,0.493999478215497
9174,0.9182,7,9,7,672574,3870,122476,3780,0.03065200861741224,0.49411764705882355
9175,0.9183,16,10,16,672584,3860,122492,3764,0.030572804460778102,0.49370409233997903
9176,0.9184,3,11,3,672595,3849,122495,3761,0.030485679888480548,0.4942181340341656
9177,0.9185,6,8,6,672603,3841,122501,3755,0.030422316563173235,0.49433912585571355
9178,0.9186,9,9,9,672612,3832,122510,3746,0.030351032822202507,0.4943256795988387
9179,0.9187,11,6,11,672618,3826,122521,3735,0.030303510328222025,0.4939822774765243
9180,0.9188,5,5,5,672623,3821,122526,3730,0.030263908249904953,0.4939743080386704
9181,0.9189,9,12,9,672635,3809,122535,3721,0.030168863261943988,0.49415670650730414
9182,0.919,8,9,8,672644,3800,122543,3713,0.03009757952097326,0.49421003593770796
9183,0.9191,3,4,3,672648,3796,122546,3710,0.030065897858319604,0.49427124966693314
9184,0.9192,7,11,7,672659,3785,122553,3703,0.02997877328602205,0.49452457264957267
9185,0.9193,3,9,3,672668,3776,122556,3700,0.029907489545051326,0.49491706795077584
9186,0.9194,7,14,7,672682,3762,122563,3693,0.029796603725763527,0.49537223340040243
9187,0.9196,7,8,7,672690,3754,122570,3686,0.029733240400456214,0.4954301075268817
9188,0.9197,1,1,1,672691,3753,122571,3685,0.029725319984792803,0.4954288787308416
9189,0.9198,7,7,7,672698,3746,122578,3678,0.029669877075148905,0.49542025862068967
9190,0.9199,5,13,5,672711,3733,122583,3673,0.02956691167152452,0.4959492303537672
9191,0.92,20,15,20,672726,3718,122603,3653,0.02944810543657331,0.49559082892416223
9192,0.9201,3,4,3,672730,3714,122606,3650,0.029416423773919655,0.49565453557848993
9193,0.9202,6,4,6,672734,3710,122612,3644,0.029384742111266,0.49551264617895024
9194,0.9203,4,3,4,672737,3707,122616,3640,0.029360980864275757,0.4954403157751463
9195,0.9204,6,10,6,672747,3697,122622,3634,0.029281776707641618,0.49570317828399946
9196,0.9205,9,13,9,672760,3684,122631,3625,0.029178811304017234,0.49596388014776305
9197,0.9206,8,6,8,672766,3678,122639,3617,0.02913128881003675,0.4958190541466758
9198,0.9207,6,4,6,672770,3674,122645,3611,0.029099607147383095,0.49567604667124227
9199,0.9208,12,18,12,672788,3656,122657,3599,0.028957039665441643,0.49607167470709856
9200,0.9209,3,2,3,672790,3654,122660,3596,0.028941198834114813,0.496
9201,0.921,11,5,11,672795,3649,122671,3585,0.028901596755797745,0.495576444567321
9202,0.9211,5,0,5,672795,3649,122676,3580,0.028901596755797745,0.49522755567851706
9203,0.9212,2,5,2,672800,3644,122678,3578,0.028861994677480674,0.4954306286347272
9204,0.9213,4,5,4,672805,3639,122682,3574,0.028822392599163603,0.4954942464993761
9205,0.9214,5,3,5,672808,3636,122687,3569,0.02879863135217336,0.4953504510756419
9206,0.9215,6,12,6,672820,3624,122693,3563,0.028703586364212393,0.49575622652010576
9207,0.9216,9,4,9,672824,3620,122702,3554,0.028671904701558736,0.49540005575689994
9208,0.9217,7,12,7,672836,3608,122709,3547,0.02857685971359777,0.4957372466806429
9209,0.9218,7,17,7,672853,3591,122716,3540,0.02844221264731973,0.49642406394615063
9210,0.9219,7,5,7,672858,3586,122723,3533,0.028402610569002663,0.49627756707402726
9211,0.922,5,12,5,672870,3574,122728,3528,0.028307565581041694,0.4967614756406646
9212,0.9221,2,14,2,672884,3560,122730,3526,0.0281966797617539,0.49760090318938754
9213,0.9222,11,12,11,672896,3548,122741,3515,0.02810163477379293,0.4976638822030299
9214,0.9223,11,8,11,672904,3540,122752,3504,0.028038271448485617,0.49744463373083475
9215,0.9224,7,7,7,672911,3533,122759,3497,0.02798282853884172,0.49743954480796587
9216,0.9225,14,7,14,672918,3526,122773,3483,0.02792738562919782,0.49693251533742333
9217,0.9226,2,5,2,672923,3521,122775,3481,0.02788778355088075,0.4971436732362182
9218,0.9227,5,4,5,672927,3517,122780,3476,0.027856101888227094,0.4970684970684971
9219,0.9228,4,9,4,672936,3508,122784,3472,0.02778481814725637,0.4974212034383954
9220,0.9229,7,5,7,672941,3503,122791,3465,0.0277452160689393,0.4972732491389208
9221,0.923,4,6,4,672947,3497,122795,3461,0.027697693574958812,0.497413049726933
9222,0.9231,2,6,2,672953,3491,122797,3459,0.02765017108097833,0.4976978417266187
9223,0.9232,5,7,5,672960,3484,122802,3454,0.02759472817133443,0.4978379936581147
9224,0.9233,9,12,9,672972,3472,122811,3445,0.027499683183373463,0.4980482868295504
9225,0.9234,10,6,10,672978,3466,122821,3435,0.02745216068939298,0.49775394870308654
9226,0.9235,4,9,4,672987,3457,122825,3431,0.027380876948422252,0.49811265969802554
9227,0.9236,5,7,5,672994,3450,122830,3426,0.027325434038778355,0.49825479930191974
9228,0.9237,8,8,8,673002,3442,122838,3418,0.027262070713471042,0.4982507288629738
9229,0.9238,7,6,7,673008,3436,122845,3411,0.02721454821949056,0.4981743829414342
9230,0.9239,6,7,6,673015,3429,122851,3405,0.02715910530984666,0.49824407374890256
9231,0.924,4,6,4,673021,3423,122855,3401,0.027111582815866175,0.4983880422039859
9232,0.9241,8,12,8,673033,3411,122863,3393,0.02701653782790521,0.49867724867724866
9233,0.9242,11,10,11,673043,3401,122874,3382,0.026937333671271067,0.49859943977591037
9234,0.9243,10,12,10,673055,3389,122884,3372,0.026842288683310102,0.4987427895281763
9235,0.9244,10,8,10,673063,3381,122894,3362,0.02677892535800279,0.49859113154382323
9236,0.9245,2,3,2,673066,3378,122896,3360,0.026755164111012544,0.4986642920747996
9237,0.9246,4,6,4,673072,3372,122900,3356,0.02670764161703206,0.49881093935790727
9238,0.9247,2,7,2,673079,3365,122902,3354,0.026652198707388164,0.4991814258074118
9239,0.9248,7,9,7,673088,3356,122909,3347,0.026580914966417436,0.4993286588094883
9240,0.9249,6,6,6,673094,3350,122915,3341,0.026533392472436954,0.49932745479001645
9241,0.925,7,10,7,673104,3340,122922,3334,0.026454188315802814,0.4995504944560983
9242,0.9251,7,9,7,673113,3331,122929,3327,0.026382904574832087,0.49969960949234005
9243,0.9252,3,6,3,673119,3325,122932,3324,0.026335382080851604,0.4999248007219131
9244,0.9253,4,13,4,673132,3312,122936,3320,0.02623241667722722,0.5006031363088058
9245,0.9254,6,10,6,673142,3302,122942,3314,0.02615321252059308,0.500906892382104
9246,0.9255,7,13,7,673155,3289,122949,3307,0.026050247116968697,0.5013644633110976
9247,0.9256,8,6,8,673161,3283,122957,3299,0.026002724622988214,0.5012154360376785
9248,0.9257,8,11,8,673172,3272,122965,3291,0.02591560005069066,0.5014475087612372
9249,0.9258,10,13,10,673185,3259,122975,3281,0.025812634647066277,0.5016819571865443
9250,0.9259,2,6,2,673191,3253,122977,3279,0.025765112153085794,0.5019902020820576
9251,0.926,7,7,7,673198,3246,122984,3272,0.025709669243441896,0.5019944768333845
9252,0.9261,1,10,1,673208,3236,122985,3271,0.025630465086807757,0.5026894114031043
9253,0.9262,3,7,3,673215,3229,122988,3268,0.025575022177163856,0.5030013852547329
9254,0.9263,2,10,2,673225,3219,122990,3266,0.025495818020529717,0.5036237471087124
9255,0.9264,4,9,4,673234,3210,122994,3262,0.025424534279558993,0.504017305315204
9256,0.9265,8,10,8,673244,3200,123002,3254,0.02534533012292485,0.5041834521227146
9257,0.9266,3,15,3,673259,3185,123005,3251,0.02522652388797364,0.5051274083281542
9258,0.9267,4,8,4,673267,3177,123009,3247,0.025163160562666327,0.5054483188044832
9259,0.9268,10,10,10,673277,3167,123019,3237,0.025083956406032188,0.5054653341661461
9260,0.9269,7,5,7,673282,3162,123026,3230,0.025044354327715117,0.5053191489361702
9261,0.927,5,3,5,673285,3159,123031,3225,0.025020593080724875,0.5051691729323309
9262,0.9271,1,5,1,673290,3154,123032,3224,0.024980991002407808,0.5054876136719975
9263,0.9272,8,14,8,673304,3140,123040,3216,0.02487010518312001,0.5059786028949025
9264,0.9273,1,3,1,673307,3137,123041,3215,0.024846343936129767,0.506139798488665
9265,0.9274,5,11,5,673318,3126,123046,3210,0.024759219363832213,0.5066287878787878
9266,0.9275,10,14,10,673332,3112,123056,3200,0.024648333544544418,0.5069708491761724
9267,0.9276,4,6,4,673338,3106,123060,3196,0.024600811050563935,0.5071405902887972
9268,0.9277,8,8,8,673346,3098,123068,3188,0.024537447725256623,0.5071587655106586
9269,0.9278,5,12,5,673358,3086,123073,3183,0.024442402737295654,0.5077364810974637
9270,0.9279,8,4,8,673362,3082,123081,3175,0.024410721074641997,0.507431676522295
9271,0.928,5,4,5,673366,3078,123086,3170,0.02437903941198834,0.5073623559539052
9272,0.9281,8,8,8,673374,3070,123094,3162,0.02431567608668103,0.5073812580231065
9273,0.9282,5,6,5,673380,3064,123099,3157,0.024268153592700546,0.507474682526925
9274,0.9283,9,10,9,673390,3054,123108,3148,0.024188949436066406,0.5075782005804579
9275,0.9284,6,3,6,673393,3051,123114,3142,0.02416518818907616,0.5073470046827063
9276,0.9285,3,10,3,673403,3041,123117,3139,0.024085984032442023,0.5079288025889968
9277,0.9286,10,9,10,673412,3032,123127,3129,0.024014700291471295,0.5078720986852784
9278,0.9287,3,4,3,673416,3028,123130,3126,0.02398301862881764,0.5079623009424764
9279,0.9288,5,9,5,673425,3019,123135,3121,0.023911734887846915,0.5083061889250814
9280,0.9289,8,5,8,673430,3014,123143,3113,0.023872132809529843,0.5080789946140036
9281,0.929,3,3,3,673433,3011,123146,3110,0.023848371562539602,0.508086913902957
9282,0.9291,3,5,3,673438,3006,123149,3107,0.02380876948422253,0.508261082938001
9283,0.9292,5,8,5,673446,2998,123154,3102,0.02374540615891522,0.5085245901639345
9284,0.9293,9,9,9,673455,2989,123163,3093,0.023674122417944494,0.5085498191384413
9285,0.9294,9,12,9,673467,2977,123172,3084,0.023579077429983525,0.5088269262497938
9286,0.9295,10,2,10,673469,2975,123182,3074,0.0235632365986567,0.5081831707720285
9287,0.9296,5,12,5,673481,2963,123187,3069,0.02346819161069573,0.5087864721485411
9288,0.9297,13,12,13,673493,2951,123200,3056,0.02337314662273476,0.5087398035625104
9289,0.9298,9,6,9,673499,2945,123209,3047,0.023325624128754278,0.5085113484646195
9290,0.9299,3,8,3,673507,2937,123212,3044,0.023262260803446965,0.5089449924761745
9291,0.93,18,5,18,673512,2932,123230,3026,0.023222658725129894,0.5078885532057738
9292,0.9301,12,5,12,673517,2927,123242,3014,0.023183056646812826,0.5073219996633563
9293,0.9302,10,8,10,673525,2919,123252,3004,0.023119693321505513,0.5071754178625696
9294,0.9303,4,1,4,673526,2918,123256,3000,0.0231117729058421,0.5069280162216965
9295,0.9304,3,5,3,673531,2913,123259,2997,0.023072170827525027,0.5071065989847716
9296,0.9305,5,6,5,673537,2907,123264,2992,0.023024648333544544,0.5072046109510087
9297,0.9306,6,12,6,673549,2895,123270,2986,0.022929603345583575,0.5077367794592756
9298,0.9307,5,7,5,673556,2888,123275,2981,0.022874160435939678,0.5079229851763503
9299,0.9308,14,11,14,673567,2877,123289,2967,0.022787035863642124,0.507700205338809
9300,0.9309,7,9,7,673576,2868,123296,2960,0.022715752122671396,0.5078929306794784
9301,0.931,4,8,4,673584,2860,123300,2956,0.022652388797364087,0.5082530949105915
9302,0.9311,2,5,2,673589,2855,123302,2954,0.022612786719047016,0.5085212601136168
9303,0.9312,3,7,3,673596,2848,123305,2951,0.022557343809403118,0.5088808415244007
9304,0.9313,8,8,8,673604,2840,123313,2943,0.022493980484095805,0.5089054124157012
9305,0.9314,11,16,11,673620,2824,123324,2932,0.02236725383348118,0.5093815149409312
9306,0.9315,7,5,7,673625,2819,123331,2925,0.022327651755164112,0.5092270194986073
9307,0.9316,5,8,5,673633,2811,123336,2920,0.0222642884298568,0.5095096841737916
9308,0.9317,9,15,9,673648,2796,123345,2911,0.02214548219490559,0.5100753460662345
9309,0.9318,3,4,3,673652,2792,123348,2908,0.022113800532251933,0.5101754385964913
9310,0.9319,6,12,6,673664,2780,123354,2902,0.022018755544290964,0.5107356564589933
9311,0.932,11,8,11,673672,2772,123365,2891,0.02195539221898365,0.5105067985166872
9312,0.9321,6,5,6,673677,2767,123371,2885,0.021915790140666584,0.5104387827317763
9313,0.9322,16,5,16,673682,2762,123387,2869,0.021876188062349512,0.5095009767359261
9314,0.9323,4,7,4,673689,2755,123391,2865,0.021820745152705615,0.5097864768683275
9315,0.9325,5,14,5,673703,2741,123396,2860,0.02170985933341782,0.5106231030173183
9316,0.9326,5,5,5,673708,2736,123401,2855,0.021670257255100748,0.5106421033804328
9317,0.9327,3,3,3,673711,2733,123404,2852,0.021646496008110507,0.5106535362578335
9318,0.9328,11,14,11,673725,2719,123415,2841,0.02153561018882271,0.5109712230215827
9319,0.9329,0,3,0,673728,2716,123415,2841,0.021511848941832466,0.5112470757603024
9320,0.933,8,10,8,673738,2706,123423,2833,0.021432644785198327,0.5114641632063549
9321,0.9331,2,1,2,673739,2705,123425,2831,0.021424724369534912,0.5113800578034682
9322,0.9332,11,5,11,673744,2700,123436,2820,0.021385122291217844,0.5108695652173914
9323,0.9333,1,3,1,673747,2697,123437,2819,0.0213613610442276,0.5110587382160986
9324,0.9334,2,10,2,673757,2687,123439,2817,0.02128215688759346,0.5118095930232558
9325,0.9335,2,12,2,673769,2675,123441,2815,0.02118711189963249,0.5127504553734062
9326,0.9336,2,7,2,673776,2668,123443,2813,0.021131668989988594,0.5132275132275133
9327,0.9337,7,10,7,673786,2658,123450,2806,0.021052464833354455,0.5135431918008785
9328,0.9338,9,13,9,673799,2645,123459,2797,0.02094949942973007,0.513965453877251
9329,0.9339,3,1,3,673800,2644,123462,2794,0.02094157901406666,0.5137918352335418
9330,0.934,2,10,2,673810,2634,123464,2792,0.020862374857432517,0.5145595281975672
9331,0.9341,8,3,8,673813,2631,123472,2784,0.020838613610442275,0.5141274238227147
9332,0.9342,7,8,7,673821,2623,123479,2777,0.020775250285134963,0.5142592592592593
9333,0.9343,6,9,6,673830,2614,123485,2771,0.02070396654416424,0.5145775301764159
9334,0.9344,5,5,5,673835,2609,123490,2766,0.020664364465847167,0.5146046511627907
9335,0.9345,3,4,3,673839,2605,123493,2763,0.02063268280319351,0.5147168405365127
9336,0.9346,4,6,4,673845,2599,123497,2759,0.02058516030921303,0.5149309443822322
9337,0.9347,9,13,9,673858,2586,123506,2750,0.020482194905588644,0.5153673163418291
9338,0.9348,2,6,2,673864,2580,123508,2748,0.02043467241160816,0.5157657657657657
9339,0.9349,5,2,5,673866,2578,123513,2743,0.020418831580281332,0.5155046043976697
9340,0.935,13,14,13,673880,2564,123526,2730,0.020307945760993536,0.5156781261805818
9341,0.9351,8,9,8,673889,2555,123534,2722,0.020236662020022812,0.5158233844987682
9342,0.9352,4,7,4,673896,2548,123538,2718,0.02018121911037891,0.5161412837067983
9343,0.9353,7,4,7,673900,2544,123545,2711,0.020149537447725258,0.5158896289248335
9344,0.9354,5,4,5,673904,2540,123550,2706,0.020117855785071602,0.515821578345406
9345,0.9355,4,9,4,673913,2531,123554,2702,0.020046572044100874,0.5163386202942862
9346,0.9356,2,6,2,673919,2525,123556,2700,0.01999904955012039,0.5167464114832536
9347,0.9357,4,2,4,673921,2523,123560,2696,0.01998320871879356,0.5165740563326308
9348,0.9358,7,8,7,673929,2515,123567,2689,0.01991984539348625,0.5167179093005381
9349,0.9359,3,3,3,673932,2512,123570,2686,0.019896084146496008,0.51673720661793
9350,0.936,6,7,6,673939,2505,123576,2680,0.01984064123685211,0.5168756027000965
9351,0.9361,5,6,5,673945,2499,123581,2675,0.019793118742871627,0.51700811751063
9352,0.9362,5,6,5,673951,2493,123586,2670,0.01974559624889114,0.5171411969785009
9353,0.9363,7,4,7,673955,2489,123593,2663,0.019713914586237485,0.5168866459627329
9354,0.9364,4,9,4,673964,2480,123597,2659,0.01964263084526676,0.5174158396575209
9355,0.9365,0,3,0,673967,2477,123597,2659,0.01961886959827652,0.5177180685358256
9356,0.9366,1,2,1,673969,2475,123598,2658,0.01960302876694969,0.5178258328462887
9357,0.9367,6,15,6,673984,2460,123604,2652,0.01948422253199848,0.5187793427230047
9358,0.9368,13,5,13,673989,2455,123617,2639,0.019444620453681408,0.5180604632901453
9359,0.9369,2,1,2,673990,2454,123619,2637,0.019436700038017996,0.5179728933411903
9360,0.937,6,3,6,673993,2451,123625,2631,0.019412938791027755,0.5177095631641087
9361,0.9371,15,13,15,674006,2438,123640,2616,0.01930997338740337,0.517609814008706
9362,0.9372,1,0,1,674006,2438,123641,2615,0.01930997338740337,0.5175143479121314
9363,0.9373,6,8,6,674014,2430,123647,2609,0.019246610062096058,0.5177614606072634
9364,0.9374,6,5,6,674019,2425,123653,2603,0.019207007983778987,0.5177008750994431
9365,0.9375,3,7,3,674026,2418,123656,2600,0.01915156507413509,0.5181347150259067
9366,0.9376,10,6,10,674032,2412,123666,2590,0.019104042580154607,0.5177928828468612
9367,0.9377,4,5,4,674037,2407,123670,2586,0.019064440501837535,0.5179250951331864
9368,0.9378,0,3,0,674040,2404,123670,2586,0.019040679254847294,0.5182364729458918
9369,0.9379,10,8,10,674048,2396,123680,2576,0.01897731592953998,0.5181013676588898
9370,0.938,5,3,5,674051,2393,123685,2571,0.01895355468254974,0.5179290894439967
9371,0.9381,2,3,2,674054,2390,123687,2569,0.0189297934355595,0.5180479935470861
9372,0.9382,4,3,4,674057,2387,123691,2565,0.018906032188569257,0.5179725363489499
9373,0.9383,12,11,12,674068,2376,123703,2553,0.018818907616271703,0.5179549604382228
9374,0.9384,15,8,15,674076,2368,123718,2538,0.01875554429096439,0.5173257236037505
9375,0.9385,3,8,3,674084,2360,123721,2535,0.018692180965657078,0.5178753830439223
9376,0.9386,9,9,9,674093,2351,123730,2526,0.01862089722468635,0.5179413573918392
9377,0.9387,4,4,4,674097,2347,123734,2522,0.018589215562032694,0.5179708359005956
9378,0.9388,8,7,8,674104,2340,123742,2514,0.018533772652388796,0.5179233621755254
9379,0.9389,5,16,5,674120,2324,123747,2509,0.018407046001774174,0.5191392509828264
9380,0.939,2,3,2,674123,2321,123749,2507,0.01838328475478393,0.5192626346313173
9381,0.9391,4,6,4,674129,2315,123753,2503,0.018335762260803447,0.5195101701951017
9382,0.9392,4,0,4,674129,2315,123757,2499,0.018335762260803447,0.5191109264644787
9383,0.9393,10,13,10,674142,2302,123767,2489,0.018232796857179066,0.5195157587142559
9384,0.9394,16,10,16,674152,2292,123783,2473,0.018153592700544924,0.5189926547743966
9385,0.9395,5,2,5,674154,2290,123788,2468,0.018137751869218097,0.5187053383774696
9386,0.9396,6,8,6,674162,2282,123794,2462,0.018074388543910785,0.5189713322091062
9387,0.9397,3,4,3,674166,2278,123797,2459,0.01804270688125713,0.5191049187249314
9388,0.9398,6,5,6,674171,2273,123803,2453,0.018003104802940057,0.519043588658485
9389,0.9399,7,5,7,674176,2268,123810,2446,0.01796350272462299,0.518879932117098
9390,0.94,15,16,15,674192,2252,123825,2431,0.017836776074008364,0.5191116805466581
9391,0.9401,4,8,4,674200,2244,123829,2427,0.01777341274870105,0.5195889531149647
9392,0.9402,9,8,9,674208,2236,123838,2418,0.01771004942339374,0.5195530726256983
9393,0.9403,5,9,5,674217,2227,123843,2413,0.017638765682423015,0.5200431034482759
9394,0.9404,4,11,4,674228,2216,123847,2409,0.01755164111012546,0.5208648648648648
9395,0.9405,1,1,1,674229,2215,123848,2408,0.017543720694462046,0.5208738914125027
9396,0.9406,3,5,3,674234,2210,123851,2405,0.017504118616144974,0.5211267605633803
9397,0.9407,6,5,6,674239,2205,123857,2399,0.017464516537827907,0.5210686359687229
9398,0.9408,2,4,2,674243,2201,123859,2397,0.01743283487517425,0.52131361461505
9399,0.9409,6,5,6,674248,2196,123865,2391,0.01739323279685718,0.5212557226945717
9400,0.941,4,2,4,674250,2194,123869,2387,0.017377391965530353,0.5210652695917922
9401,0.9411,6,3,6,674253,2191,123875,2381,0.017353630718540108,0.5207786526684165
9402,0.9412,5,10,5,674263,2181,123880,2376,0.01727442656190597,0.521395655036208
9403,0.9413,2,5,2,674268,2176,123882,2374,0.017234824483588897,0.5217582417582417
9404,0.9414,6,3,6,674271,2173,123888,2368,0.017211063236598656,0.5214710416207884
9405,0.9415,9,12,9,674283,2161,123897,2359,0.017116018248637687,0.5219026548672566
9406,0.9416,5,3,5,674286,2158,123902,2354,0.017092257001647446,0.5217198581560284
9407,0.9417,8,7,8,674293,2151,123910,2346,0.017036814092003548,0.5216811207471648
9408,0.9418,7,5,7,674298,2146,123917,2339,0.016997212013686477,0.5215161649944259
9409,0.9419,9,8,9,674306,2138,123926,2330,0.016933848688379168,0.5214861235452104
9410,0.942,13,18,13,674324,2120,123939,2317,0.016791281206437712,0.5221996844714898
9411,0.9421,4,8,4,674332,2112,123943,2313,0.016727917881130403,0.5227118644067796
9412,0.9422,6,1,6,674333,2111,123949,2307,0.016719997465466988,0.5221819827976459
9413,0.9423,7,9,7,674342,2102,123956,2300,0.01664871372449626,0.522489777373921
9414,0.9424,8,2,8,674344,2100,123964,2292,0.016632872893169434,0.5218579234972678
9415,0.9425,10,5,10,674349,2095,123974,2282,0.016593270814852363,0.5213616632396618
9416,0.9426,5,5,5,674354,2090,123979,2277,0.01655366873653529,0.5214105793450882
9417,0.9427,5,5,5,674359,2085,123984,2272,0.016514066658218224,0.5214597199908194
9418,0.9428,5,11,5,674370,2074,123989,2267,0.01642694208592067,0.5222299009444828
9419,0.9429,3,5,3,674375,2069,123992,2264,0.0163873400076036,0.5225017309023771
9420,0.943,4,4,4,674379,2065,123996,2260,0.016355658344949942,0.522543352601156
9421,0.9431,1,4,1,674383,2061,123997,2259,0.016323976682296286,0.5229166666666667
9422,0.9432,9,9,9,674392,2052,124006,2250,0.016252692941325562,0.5230125523012552
9423,0.9433,3,4,3,674396,2048,124009,2247,0.016221011278671905,0.5231664726426077
9424,0.9434,2,4,2,674400,2044,124011,2245,0.01618932961601825,0.5234320354394963
9425,0.9435,8,5,8,674405,2039,124019,2237,0.016149727537701178,0.5231524789522919
9426,0.9436,7,8,7,674413,2031,124026,2230,0.016086364212393865,0.5233513259798169
9427,0.9437,1,3,1,674416,2028,124027,2229,0.016062602965403624,0.5236081747709654
9428,0.9438,5,7,5,674423,2021,124032,2224,0.016007160055759726,0.5239104829210837
9429,0.9439,11,5,11,674428,2016,124043,2213,0.015967557977442655,0.5232915582880113
9430,0.944,7,5,7,674433,2011,124050,2206,0.015927955899125587,0.5231207019207967
9431,0.9441,9,8,9,674441,2003,124059,2197,0.015864592573818274,0.5230952380952381
9432,0.9442,4,9,4,674450,1994,124063,2193,0.015793308832847547,0.5237640315261524
9433,0.9443,1,3,1,674453,1991,124064,2192,0.015769547585857305,0.5240258187903418
9434,0.9444,9,11,9,674464,1980,124073,2183,0.01568242301355975,0.5243814556809993
9435,0.9445,9,6,9,674470,1974,124082,2174,0.01563490051957927,0.5241080038572806
9436,0.9446,5,2,5,674472,1972,124087,2169,0.015619059688252439,0.5237865249939628
9437,0.9447,1,5,1,674477,1967,124088,2168,0.01557945760993537,0.524304715840387
9438,0.9448,5,3,5,674480,1964,124093,2163,0.015555696362945128,0.5241095226556821
9439,0.9449,7,1,7,674481,1963,124100,2156,0.015547775947281713,0.5234280165088614
9440,0.945,12,7,12,674488,1956,124112,2144,0.015492333037637815,0.5229268292682927
9441,0.9451,5,3,5,674491,1953,124117,2139,0.015468571790647574,0.5227272727272727
9442,0.9452,2,4,2,674495,1949,124119,2137,0.015436890127993918,0.5230053842388644
9443,0.9453,5,4,5,674499,1945,124124,2132,0.015405208465340261,0.5229335295560461
9444,0.9454,5,2,5,674501,1943,124129,2127,0.015389367634013433,0.5226044226044226
9445,0.9455,6,4,6,674505,1939,124135,2121,0.015357685971359777,0.5224137931034483
9446,0.9456,3,6,3,674511,1933,124138,2118,0.015310163477379292,0.5228338681806961
9447,0.9457,3,4,3,674515,1929,124141,2115,0.015278481814725638,0.5229970326409495
9448,0.9458,4,8,4,674523,1921,124145,2111,0.015215118489418325,0.5235615079365079
9449,0.9459,1,3,1,674526,1918,124146,2110,0.015191357242428082,0.5238331678252235
9450,0.946,8,6,8,674532,1912,124154,2102,0.0151438347484476,0.5236671649227703
9451,0.9461,4,9,4,674541,1903,124158,2098,0.015072551007476872,0.5243689077730568
9452,0.9462,8,7,8,674548,1896,124166,2090,0.015017108097832974,0.5243351731058705
9453,0.9463,7,3,7,674551,1893,124173,2083,0.014993346850842732,0.5238933601609658
9454,0.9464,4,4,4,674555,1889,124177,2079,0.014961665188189076,0.5239415322580645
9455,0.9465,6,4,6,674559,1885,124183,2073,0.01492998352553542,0.5237493683678626
9456,0.9466,1,1,1,674560,1884,124184,2072,0.014922063109872007,0.5237613751263903
9457,0.9467,16,9,16,674569,1875,124200,2056,0.01485077936890128,0.5230221317730858
9458,0.9468,9,8,9,674577,1867,124209,2047,0.014787416043593968,0.522994379151763
9459,0.9469,14,8,14,674585,1859,124223,2033,0.014724052718286655,0.5223535457348407
9460,0.947,4,2,4,674587,1857,124227,2029,0.014708211886959827,0.5221307256819352
9461,0.9471,5,6,5,674593,1851,124232,2024,0.014660689392979343,0.5223225806451612
9462,0.9472,1,1,1,674594,1850,124233,2023,0.01465276897731593,0.5223341079266718
9463,0.9473,1,2,1,674596,1848,124234,2022,0.014636928145989101,0.5224806201550387
9464,0.9474,3,4,3,674600,1844,124237,2019,0.014605246483335445,0.5226507895418069
9465,0.9475,3,5,3,674605,1839,124240,2016,0.014565644405018376,0.5229571984435798
9466,0.9476,4,2,4,674607,1837,124244,2012,0.014549803573691547,0.522733177448688
9467,0.9477,1,2,1,674609,1835,124245,2011,0.01453396274236472,0.5228809152366095
9468,0.9478,5,6,5,674615,1829,124250,2006,0.014486440248384235,0.5230769230769231
9469,0.9479,7,8,7,674623,1821,124257,1999,0.014423076923076924,0.5232984293193718
9470,0.948,1,10,1,674633,1811,124258,1998,0.014343872766442783,0.5245471252297191
9471,0.9482,2,4,2,674637,1807,124260,1996,0.014312191103789127,0.5248488035761241
9472,0.9483,8,8,8,674645,1799,124268,1988,0.014248827778481814,0.5249537892791127
9473,0.9484,4,7,4,674652,1792,124272,1984,0.014193384868837916,0.5254237288135594
9474,0.9485,7,7,7,674659,1785,124279,1977,0.014137941959194019,0.5255183413078149
9475,0.9486,10,5,10,674664,1780,124289,1967,0.01409833988087695,0.5249532959701094
9476,0.9487,5,6,5,674670,1774,124294,1962,0.014050817386896465,0.5251605995717344
9477,0.9488,5,5,5,674675,1769,124299,1957,0.014011215308579393,0.525228126677402
9478,0.9489,2,0,2,674675,1769,124301,1955,0.014011215308579393,0.5249731471535983
9479,0.949,4,5,4,674680,1764,124305,1951,0.013971613230262324,0.5251682368775236
9480,0.9491,6,9,6,674689,1755,124311,1945,0.013900329489291598,0.5256756756756756
9481,0.9492,7,9,7,674698,1746,124318,1938,0.013829045748320872,0.5260586319218241
9482,0.9493,4,8,4,674706,1738,124322,1934,0.01376568242301356,0.5266884531590414
9483,0.9494,4,7,4,674713,1731,124326,1930,0.013710239513369662,0.5271783665665118
9484,0.9495,1,7,1,674720,1724,124327,1929,0.013654796603725764,0.528059129482617
9485,0.9496,5,7,5,674727,1717,124332,1924,0.013599353694081865,0.5284262565229333
9486,0.9497,8,8,8,674735,1709,124340,1916,0.013535990368774554,0.5285517241379311
9487,0.9498,5,9,5,674744,1700,124345,1911,0.013464706627803828,0.5292162835779562
9488,0.9499,2,6,2,674750,1694,124347,1909,0.013417184133823343,0.5298362475714682
9489,0.95,12,12,12,674762,1682,124359,1897,0.013322139145862374,0.53003632299525
9490,0.9501,0,4,0,674766,1678,124359,1897,0.013290457483208718,0.5306293706293707
9491,0.9502,3,4,3,674770,1674,124362,1894,0.013258775820555064,0.530829596412556
9492,0.9503,3,1,3,674771,1673,124365,1891,0.013250855404891649,0.5305836139169473
9493,0.9504,6,10,6,674781,1663,124371,1885,0.013171651248257508,0.5312852311161218
9494,0.9505,3,3,3,674784,1660,124374,1882,0.013147890001267266,0.5313382269904009
9495,0.9506,6,7,6,674791,1653,124380,1876,0.013092447091623369,0.531595352791159
9496,0.9507,6,7,6,674798,1646,124386,1870,0.013037004181979471,0.5318543799772468
9497,0.9508,7,7,7,674805,1639,124393,1863,0.012981561272335572,0.5319817247287264
9498,0.9509,4,4,4,674809,1635,124397,1859,0.012949879609681915,0.5320549513451631
9499,0.951,8,11,8,674820,1624,124405,1851,0.012862755037384361,0.5326618705035971
9500,0.9511,4,6,4,674826,1618,124409,1847,0.012815232543403879,0.5330447330447331
9501,0.9512,7,3,7,674829,1615,124416,1840,0.012791471296413635,0.532561505065123
9502,0.9513,6,6,6,674835,1609,124422,1834,0.012743948802433151,0.5326749927388905
9503,0.9514,2,3,2,674838,1606,124424,1832,0.01272018755544291,0.532867946480512
9504,0.9515,5,9,5,674847,1597,124429,1827,0.012648903814472184,0.5335864485981309
9505,0.9516,2,5,2,674852,1592,124431,1825,0.012609301736155114,0.5340942347088089
9506,0.9517,3,13,3,674865,1579,124434,1822,0.012506336332530732,0.5357247868274037
9507,0.9518,3,5,3,674870,1574,124437,1819,0.01246673425421366,0.5361037430002947
9508,0.9519,4,3,4,674873,1571,124441,1815,0.01244297300722342,0.5360307147076196
9509,0.952,2,1,2,674874,1570,124443,1813,0.012435052591560004,0.5359148684599468
9510,0.9521,9,9,9,674883,1561,124452,1804,0.012363768850589279,0.5361069836552749
9511,0.9522,7,4,7,674887,1557,124459,1797,0.012332087187935622,0.535778175313059
9512,0.9523,3,4,3,674891,1553,124462,1794,0.012300405525281968,0.5360023902001793
9513,0.9524,4,4,4,674895,1549,124466,1790,0.012268723862628311,0.5360886492961965
9514,0.9525,5,6,5,674901,1543,124471,1785,0.012221201368647827,0.5363581730769231
9515,0.9526,2,6,2,674907,1537,124473,1783,0.012173678874667342,0.5370481927710843
9516,0.9527,1,5,1,674912,1532,124474,1782,0.012134076796350273,0.5377187688593844
9517,0.9528,4,9,4,674921,1523,124478,1778,0.012062793055379547,0.5386246591941836
9518,0.9529,2,6,2,674927,1517,124480,1776,0.012015270561399062,0.5393258426966292
9519,0.953,6,2,6,674929,1515,124486,1770,0.011999429730072234,0.5388127853881278
9520,0.9531,9,3,9,674932,1512,124495,1761,0.011975668483081993,0.538038496791934
9521,0.9532,3,4,3,674936,1508,124498,1758,0.011943986820428337,0.5382731169626455
9522,0.9533,7,11,7,674947,1497,124505,1751,0.011856862248130783,0.5391009852216748
9523,0.9534,2,5,2,674952,1492,124507,1749,0.011817260169813711,0.5396482567108917
9524,0.9535,12,15,12,674967,1477,124519,1737,0.011698453934862501,0.5404480398257623
9525,0.9536,7,13,7,674980,1464,124526,1730,0.011595488531238119,0.5416405760801503
9526,0.9537,7,5,7,674985,1459,124533,1723,0.01155588645292105,0.5414833438089252
9527,0.9538,6,5,6,674990,1454,124539,1717,0.01151628437460398,0.5414695679596342
9528,0.9539,7,4,7,674994,1450,124546,1710,0.011484602711950323,0.5411392405063291
9529,0.954,4,9,4,675003,1441,124550,1706,0.011413318970979597,0.5421035907213219
9530,0.9541,6,7,6,675010,1434,124556,1700,0.011357876061335698,0.5424377791959157
9531,0.9542,2,4,2,675014,1430,124558,1698,0.011326194398682043,0.5428388746803069
9532,0.9544,6,3,6,675017,1427,124564,1692,0.0113024331516918,0.5424815646040397
9533,0.9545,7,5,7,675022,1422,124571,1685,0.01126283107337473,0.5423237850016093
9534,0.9546,2,5,2,675027,1417,124573,1683,0.011223228995057661,0.5429032258064516
9535,0.9547,3,6,3,675033,1411,124576,1680,0.011175706501077177,0.5435134260757036
9536,0.9548,4,3,4,675036,1408,124580,1676,0.011151945254086934,0.543450064850843
9537,0.9549,4,5,4,675041,1403,124584,1672,0.011112343175769864,0.543739837398374
9538,0.955,14,8,14,675049,1395,124598,1658,0.011048979850462552,0.5430723878152637
9539,0.9551,2,3,2,675052,1392,124600,1656,0.01102521860347231,0.5433070866141733
9540,0.9552,0,3,0,675055,1389,124600,1656,0.011001457356482069,0.5438423645320197
9541,0.9553,3,8,3,675063,1381,124603,1653,0.010938094031174756,0.5448253131179961
9542,0.9554,6,6,6,675069,1375,124609,1647,0.010890571537194272,0.5450033090668431
9543,0.9555,2,5,2,675074,1370,124611,1645,0.010850969458877202,0.5456053067993366
9544,0.9556,4,2,4,675076,1368,124615,1641,0.010835128627550374,0.5453639082751744
9545,0.9557,6,5,6,675081,1363,124621,1635,0.010795526549233304,0.5453635757171448
9546,0.9558,6,5,6,675086,1358,124627,1629,0.010755924470916233,0.5453632407097422
9547,0.9559,2,2,2,675088,1356,124629,1627,0.010740083639589405,0.5454240697284612
9548,0.956,6,4,6,675092,1352,124635,1621,0.01070840197693575,0.5452404978136562
9549,0.9561,4,5,4,675097,1347,124639,1617,0.010668799898618679,0.5455465587044535
9550,0.9562,2,4,2,675101,1343,124641,1615,0.010637118235965023,0.5459770114942529
9551,0.9563,6,0,6,675101,1343,124647,1609,0.010637118235965023,0.5450542005420054
9552,0.9564,5,7,5,675108,1336,124652,1604,0.010581675326321125,0.545578231292517
9553,0.9565,2,1,2,675109,1335,124654,1602,0.010573754910657712,0.5454545454545454
9554,0.9566,2,2,2,675111,1333,124656,1600,0.010557914079330884,0.5455165359699966
9555,0.9567,7,14,7,675125,1319,124663,1593,0.010447028260043087,0.5470467032967034
9556,0.9568,9,11,9,675136,1308,124672,1584,0.010359903687745533,0.5477178423236515
9557,0.9569,3,4,3,675140,1304,124675,1581,0.010328222025091876,0.5480069324090121
9558,0.957,2,4,2,675144,1300,124677,1579,0.01029654036243822,0.5484543244182007
9559,0.9571,2,3,2,675147,1297,124679,1577,0.010272779115447979,0.5487125956854558
9560,0.9572,4,10,4,675157,1287,124683,1573,0.010193574958813838,0.55
9561,0.9573,4,3,4,675160,1284,124687,1569,0.010169813711823596,0.5499474237644585
9562,0.9574,6,2,6,675162,1282,124693,1563,0.010153972880496768,0.5493848857644992
9563,0.9575,2,4,2,675166,1278,124695,1561,0.010122291217843112,0.549841493483621
9564,0.9576,0,3,0,675169,1275,124695,1561,0.01009852997085287,0.5504231311706629
9565,0.9577,3,7,3,675176,1268,124698,1558,0.010043087061208973,0.551309271054494
9566,0.9578,4,3,4,675179,1265,124702,1554,0.01001932581421873,0.5512593118126995
9567,0.9579,3,4,3,675183,1261,124705,1551,0.009987644151565073,0.5515647226173542
9568,0.958,1,8,1,675191,1253,124706,1550,0.009924280826257762,0.5529789511237959
9569,0.9581,4,2,4,675193,1251,124710,1546,0.009908439994930934,0.5527350732928137
9570,0.9582,0,6,0,675199,1245,124710,1546,0.00986091750095045,0.5539233249731279
9571,0.9583,6,7,6,675206,1238,124716,1540,0.009805474591306552,0.5543556515478761
9572,0.9584,5,6,5,675212,1232,124721,1535,0.009757952097326068,0.5547524394651246
9573,0.9585,4,1,4,675213,1231,124725,1531,0.009750031681662654,0.554308472121651
9574,0.9586,3,3,3,675216,1228,124728,1528,0.009726270434672411,0.5544267053701016
9575,0.9587,15,6,15,675222,1222,124743,1513,0.009678747940691927,0.5531992687385741
9576,0.9588,3,5,3,675227,1217,124746,1510,0.009639145862374857,0.5537220388705537
9577,0.9589,3,6,3,675233,1211,124749,1507,0.009591623368394373,0.5544518027961737
9578,0.959,3,8,3,675241,1203,124752,1504,0.009528260043087062,0.555596601403768
9579,0.9591,8,10,8,675251,1193,124760,1496,0.009449055886452921,0.5563406470806992
9580,0.9592,8,5,8,675256,1188,124768,1488,0.009409453808135852,0.5560538116591929
9581,0.9593,2,5,2,675261,1183,124770,1486,0.00936985172981878,0.5567628325215437
9582,0.9594,3,3,3,675264,1180,124773,1483,0.009346090482828539,0.5568907247465265
9583,0.9595,6,1,6,675265,1179,124779,1477,0.009338170067165124,0.5560993975903614
9584,0.9596,2,1,2,675266,1178,124781,1475,0.00933024965150171,0.5559743686392763
9585,0.9597,3,3,3,675269,1175,124784,1472,0.00930648840451147,0.556101246694371
9586,0.9598,3,2,3,675271,1173,124787,1469,0.009290647573184641,0.5560181680545042
9587,0.9599,3,2,3,675273,1171,124790,1466,0.009274806741857813,0.5559347743648085
9588,0.96,20,9,20,675282,1162,124810,1446,0.009203523000887087,0.5544478527607362
9589,0.9601,7,8,7,675290,1154,124817,1439,0.009140159675579775,0.5549556498264558
9590,0.9603,3,2,3,675292,1152,124820,1436,0.009124318844252946,0.5548686244204019
9591,0.9604,7,5,7,675297,1147,124827,1429,0.009084716765935877,0.5547360248447205
9592,0.9605,4,3,4,675300,1144,124831,1425,0.009060955518945634,0.5546905410665629
9593,0.9606,6,4,6,675304,1140,124837,1419,0.009029273856291977,0.5545134818288394
9594,0.9607,9,1,9,675305,1139,124846,1410,0.009021353440628564,0.5531581012161632
9595,0.9608,2,5,2,675310,1134,124848,1408,0.008981751362311495,0.5538945712037766
9596,0.9609,5,11,5,675321,1123,124853,1403,0.00889462679001394,0.5554235946159937
9597,0.961,1,3,1,675324,1120,124854,1402,0.008870865543023698,0.555908009516257
9598,0.9611,2,4,2,675328,1116,124856,1400,0.008839183880370041,0.5564387917329093
9599,0.9612,6,2,6,675330,1114,124862,1394,0.008823343049043213,0.5558213716108453
9600,0.9613,4,0,4,675330,1114,124866,1390,0.008823343049043213,0.555111821086262
9601,0.9614,4,4,4,675334,1110,124870,1386,0.008791661386389558,0.5552884615384616
9602,0.9615,5,5,5,675339,1105,124875,1381,0.008752059308072487,0.5555108608205953
9603,0.9616,8,1,8,675340,1104,124883,1373,0.008744138892409074,0.5542995559144126
9604,0.9617,9,1,9,675341,1103,124892,1364,0.008736218476745659,0.5528982569922983
9605,0.9618,2,2,2,675343,1101,124894,1362,0.008720377645418831,0.5529841656516443
9606,0.9619,5,3,5,675346,1098,124899,1357,0.00869661639842859,0.5527494908350306
9607,0.962,6,7,6,675353,1091,124905,1351,0.008641173488784692,0.5532350532350533
9608,0.9621,1,3,1,675356,1088,124906,1350,0.008617412241794449,0.5537325676784249
9609,0.9622,9,8,9,675364,1080,124915,1341,0.008554048916487138,0.5539033457249071
9610,0.9623,6,6,6,675370,1074,124921,1335,0.008506526422506653,0.5541718555417185
9611,0.9624,4,6,4,675376,1068,124925,1331,0.008459003928526169,0.554814506044185
9612,0.9625,2,4,2,675380,1064,124927,1329,0.008427322265872512,0.5553698286669453
9613,0.9626,7,2,7,675382,1062,124934,1322,0.008411481434545684,0.5545302013422819
9614,0.9627,6,1,6,675383,1061,124940,1316,0.008403561018882271,0.5536390408077408
9615,0.9628,0,5,0,675388,1056,124940,1316,0.008363958940565202,0.554806070826307
9616,0.9629,8,6,8,675394,1050,124948,1308,0.008316436446584717,0.55470737913486
9617,0.963,5,9,5,675403,1041,124953,1303,0.008245152705613991,0.5558873720136519
9618,0.9631,0,2,0,675405,1039,124953,1303,0.008229311874287163,0.5563620836891545
9619,0.9632,10,7,10,675412,1032,124963,1293,0.008173868964643264,0.5561290322580645
9620,0.9633,10,13,10,675425,1019,124973,1283,0.008070903561018881,0.5573414422241529
9621,0.9634,0,3,0,675428,1016,124973,1283,0.00804714231402864,0.5580687255328404
9622,0.9635,8,4,8,675432,1012,124981,1275,0.008015460651374984,0.5574989068648885
9623,0.9636,4,6,4,675438,1006,124985,1271,0.0079679381573945,0.5581906016688626
9624,0.9637,5,5,5,675443,1001,124990,1266,0.00792833607907743,0.5584472871636524
9625,0.9638,1,7,1,675450,994,124991,1265,0.007872893169433532,0.5599822930500221
9626,0.9639,4,3,4,675453,991,124995,1261,0.00784913192244329,0.5599467140319716
9627,0.964,13,3,13,675456,988,125008,1248,0.007825370675453048,0.5581395348837209
9628,0.9641,4,8,4,675464,980,125012,1244,0.007762007350145736,0.5593525179856115
9629,0.9642,8,4,8,675468,976,125020,1236,0.0077303256874920795,0.5587703435804702
9630,0.9643,4,3,4,675471,973,125024,1232,0.007706564440501837,0.5587301587301587
9631,0.9644,4,3,4,675474,970,125028,1228,0.007682803193511596,0.5586897179253867
9632,0.9645,1,2,1,675476,968,125029,1227,0.007666962362184768,0.558997722095672
9633,0.9646,6,4,6,675480,964,125035,1221,0.007635280699531111,0.5588100686498856
9634,0.9647,3,3,3,675483,961,125038,1218,0.007611519452540869,0.5589720055071133
9635,0.9648,12,7,12,675490,954,125050,1206,0.007556076542896971,0.5583333333333333
9636,0.9649,5,1,5,675491,953,125055,1201,0.007548156127233557,0.5575673166202414
9637,0.965,11,6,11,675497,947,125066,1190,0.007500633633253073,0.5568554047730463
9638,0.9651,5,5,5,675502,942,125071,1185,0.007461031554936003,0.5571227080394923
9639,0.9652,4,6,4,675508,936,125075,1181,0.007413509060955519,0.5578649031648559
9640,0.9653,0,1,0,675509,935,125075,1181,0.007405588645292105,0.5581285444234405
9641,0.9654,3,2,3,675511,933,125078,1178,0.007389747813965277,0.5580293699668404
9642,0.9655,1,3,1,675514,930,125079,1177,0.007365986566975035,0.5586141433317513
9643,0.9656,3,3,3,675517,927,125082,1174,0.007342225319984793,0.5587815326035221
9644,0.9657,2,2,2,675519,925,125084,1172,0.007326384488657965,0.558893657606104
9645,0.9658,4,1,4,675520,924,125088,1168,0.007318464072994551,0.5583173996175909
9646,0.9659,2,1,2,675521,923,125090,1166,0.007310543657331137,0.5581617999042604
9647,0.966,5,12,5,675533,911,125095,1161,0.0072154986693701685,0.5603281853281853
9648,0.9661,1,2,1,675535,909,125096,1160,0.00719965783804334,0.5606573223779604
9649,0.9662,7,4,7,675539,905,125103,1153,0.007167976175389684,0.5602526724975705
9650,0.9663,2,2,2,675541,903,125105,1151,0.007152135344062857,0.5603700097370984
9651,0.9664,6,8,6,675549,895,125111,1145,0.007088772018755544,0.5612745098039216
9652,0.9665,4,3,4,675552,892,125115,1141,0.007065010771765302,0.5612395474667978
9653,0.9666,0,1,0,675553,891,125115,1141,0.007057090356101888,0.5615157480314961
9654,0.9667,6,7,6,675560,884,125121,1135,0.00700164744645799,0.5621594848935116
9655,0.9668,5,7,5,675567,877,125126,1130,0.006946204536814092,0.5630293971101146
9656,0.9669,2,2,2,675569,875,125128,1128,0.006930363705487264,0.5631552670993509
9657,0.967,2,4,2,675573,871,125130,1126,0.006898682042833608,0.5638457686529794
9658,0.9671,4,1,4,675574,870,125134,1122,0.006890761627170194,0.5632530120481928
9659,0.9672,2,1,2,675575,869,125136,1120,0.00688284121150678,0.563097033685269
9660,0.9673,6,2,6,675577,867,125142,1114,0.006867000380179952,0.5623422513881878
9661,0.9675,5,1,5,675578,866,125147,1109,0.0068590799645165375,0.5615189873417722
9662,0.9676,5,1,5,675579,865,125152,1104,0.0068511595488531234,0.5606907059421026
9663,0.9677,3,2,3,675581,863,125155,1101,0.006835318717526296,0.5605906313645621
9664,0.9678,0,3,0,675584,860,125155,1101,0.006811557470536054,0.5614482406935237
9665,0.9679,7,1,7,675585,859,125162,1094,0.00680363705487264,0.5601638504864311
9666,0.968,1,3,1,675588,856,125163,1093,0.006779875807882398,0.5608004104669061
9667,0.9681,2,1,2,675589,855,125165,1091,0.0067719553922189835,0.5606372045220966
9668,0.9682,11,7,11,675596,848,125176,1080,0.006716512482575086,0.5601659751037344
9669,0.9683,3,5,3,675601,843,125179,1077,0.006676910404258015,0.5609375
9670,0.9684,4,1,4,675602,842,125183,1073,0.006668989988594601,0.5603133159268929
9671,0.9685,2,2,2,675604,840,125185,1071,0.006653149157267773,0.5604395604395604
9672,0.9686,8,8,8,675612,832,125193,1063,0.006589785831960461,0.5609498680738786
9673,0.9687,3,1,3,675613,831,125196,1060,0.006581865416297047,0.5605499735589635
9674,0.9688,5,8,5,675621,823,125201,1055,0.0065185020909897355,0.5617678381256656
9675,0.9689,5,2,5,675623,821,125206,1050,0.006502661259662907,0.5611972207375735
9676,0.969,3,2,3,675625,819,125209,1047,0.006486820428336079,0.5610932475884244
9677,0.9691,2,1,2,675626,818,125211,1045,0.006478900012672665,0.5609232420826624
9678,0.9692,1,2,1,675628,816,125212,1044,0.006463059181345837,0.5612903225806452
9679,0.9693,2,1,2,675629,815,125214,1042,0.006455138765682423,0.5611200861604739
9680,0.9694,2,4,2,675633,811,125216,1040,0.0064234571030287665,0.561858454889249
9681,0.9695,3,6,3,675639,805,125219,1037,0.006375934609048283,0.5629750271444083
9682,0.9696,0,1,0,675640,804,125219,1037,0.006368014193384869,0.5632808256382401
9683,0.9697,1,4,1,675644,800,125220,1036,0.0063363325307312125,0.5642701525054467
9684,0.9698,5,4,5,675648,796,125225,1031,0.006304650868077557,0.5643130815544609
9685,0.9699,1,0,1,675648,796,125226,1030,0.006304650868077557,0.5640744797371303
9686,0.97,30,24,30,675672,772,125256,1000,0.00611456089215562,0.5643340857787811
9687,0.9701,3,2,3,675674,770,125259,997,0.006098720060828793,0.5642331635540464
9688,0.9702,2,2,2,675676,768,125261,995,0.0060828792295019645,0.5643788996029495
9689,0.9703,3,0,3,675676,768,125264,992,0.0060828792295019645,0.5636363636363636
9690,0.9704,3,4,3,675680,764,125267,989,0.006051197566848308,0.5641756988020536
9691,0.9705,6,5,6,675685,759,125273,983,0.006011595488531238,0.5642939150401837
9692,0.9706,1,2,1,675687,757,125274,982,0.00599575465720441,0.5646923519263944
9693,0.9707,2,5,2,675692,752,125276,980,0.00595615257888734,0.5658198614318707
9694,0.9708,1,4,1,675696,748,125277,979,0.005924470916233684,0.5668789808917197
9695,0.9709,4,4,4,675700,744,125281,975,0.0058927892535800275,0.5671902268760908
9696,0.971,8,8,8,675708,736,125289,967,0.005829425928272716,0.5678214914856137
9697,0.9711,6,3,6,675711,733,125295,961,0.0058056646812824735,0.5672963400236127
9698,0.9712,2,1,2,675712,732,125297,959,0.005797744265619059,0.5671200473092844
9699,0.9713,2,1,2,675713,731,125299,957,0.005789823849955645,0.5669431279620853
9700,0.9715,3,5,3,675718,726,125302,954,0.005750221771638576,0.5678571428571428
9701,0.9716,1,0,1,675718,726,125303,953,0.005750221771638576,0.5675997617629541
9702,0.9717,7,12,7,675730,714,125310,946,0.005655176783677608,0.5698795180722892
9703,0.9718,10,4,10,675734,710,125320,936,0.005623495121023951,0.56865127582017
9704,0.9719,3,2,3,675736,708,125323,933,0.005607654289697123,0.5685557586837294
9705,0.972,1,1,1,675737,707,125324,932,0.005599733874033709,0.5686394142769982
9706,0.9721,2,0,2,675737,707,125326,930,0.005599733874033709,0.5681124007330483
9707,0.9722,3,1,3,675738,706,125329,927,0.005591813458370295,0.5676668707899571
9708,0.9723,1,3,1,675741,703,125330,926,0.005568052211380054,0.5684468999386126
9709,0.9724,4,5,4,675746,698,125334,922,0.005528450133062983,0.5691358024691358
9710,0.9725,5,7,5,675753,691,125339,917,0.005473007223419085,0.570273631840796
9711,0.9726,1,3,1,675756,688,125340,916,0.005449245976428843,0.571072319201995
9712,0.9727,2,6,2,675762,682,125342,914,0.005401723482448359,0.5726817042606517
9713,0.9728,4,1,4,675763,681,125346,910,0.005393803066784945,0.5719673161533627
9714,0.9729,1,3,1,675766,678,125347,909,0.0053700418197947025,0.5727788279773157
9715,0.973,3,6,3,675772,672,125350,906,0.005322519325814219,0.5741444866920152
9716,0.9731,9,4,9,675776,668,125359,897,0.0052908376631605625,0.5731629392971246
9717,0.9732,3,5,3,675781,663,125362,894,0.005251235584843493,0.5741811175337187
9718,0.9733,9,7,9,675788,656,125371,885,0.0051957926751995944,0.5743024010382868
9719,0.9734,2,3,2,675791,653,125373,883,0.005172031428209352,0.5748697916666666
9720,0.9735,6,6,6,675797,647,125379,877,0.005124508934228869,0.5754593175853019
9721,0.9736,3,2,3,675799,645,125382,874,0.00510866810290204,0.575378538512179
9722,0.9737,3,5,3,675804,640,125385,871,0.00506906602458497,0.5764394440767704
9723,0.9738,2,3,2,675807,637,125387,869,0.005045304777594728,0.5770252324037185
9724,0.9739,2,3,2,675810,634,125389,867,0.005021543530604486,0.5776149233844103
9725,0.974,5,2,5,675812,632,125394,862,0.005005702699277658,0.5769745649263721
9726,0.9741,2,0,2,675812,632,125396,860,0.005005702699277658,0.5764075067024129
9727,0.9742,1,4,1,675816,628,125397,859,0.004974021036624002,0.5776731674512441
9728,0.9743,2,1,2,675817,627,125399,857,0.004966100620960588,0.5774932614555256
9729,0.9744,1,4,1,675821,623,125400,856,0.0049344189583069315,0.5787694388100068
9730,0.9746,3,1,3,675822,622,125403,853,0.004926498542643518,0.5783050847457627
9731,0.9747,5,1,5,675823,621,125408,848,0.004918578126980104,0.5772634445200817
9732,0.9748,1,2,1,675825,619,125409,847,0.004902737295653276,0.577762619372442
9733,0.9749,1,1,1,675826,618,125410,846,0.004894816879989862,0.5778688524590164
9734,0.975,11,8,11,675834,610,125421,835,0.004831453554682549,0.5778546712802768
9735,0.9751,5,2,5,675836,608,125426,830,0.004815612723355722,0.5771905424200278
9736,0.9752,3,2,3,675838,606,125429,827,0.004799771892028894,0.5771109560362875
9737,0.9753,1,4,1,675842,602,125430,826,0.0047680902293752376,0.5784313725490197
9738,0.9754,2,1,2,675843,601,125432,824,0.0047601698137118235,0.5782456140350877
9739,0.9755,8,5,8,675848,596,125440,816,0.004720567735394754,0.5779036827195467
9740,0.9756,5,3,5,675851,593,125445,811,0.004696806488404512,0.5776353276353277
9741,0.9757,5,5,5,675856,588,125450,806,0.004657204410087441,0.5781922525107605
9742,0.9758,1,0,1,675856,588,125451,805,0.004657204410087441,0.5778894472361809
9743,0.976,1,3,1,675859,585,125452,804,0.004633443163097199,0.5788336933045356
9744,0.9761,1,0,1,675859,585,125453,803,0.004633443163097199,0.5785302593659942
9745,0.9762,5,4,5,675863,581,125458,798,0.004601761500443544,0.5786802030456852
9746,0.9763,1,4,1,675867,577,125459,797,0.004570079837789887,0.5800582241630277
9747,0.9764,1,3,1,675870,574,125460,796,0.004546318590799645,0.581021897810219
9748,0.9765,3,1,3,675871,573,125463,793,0.004538398175136231,0.5805270863836017
9749,0.9766,1,5,1,675876,568,125464,792,0.004498796096819161,0.5823529411764706
9750,0.9767,9,8,9,675884,560,125473,783,0.004435432771511849,0.5830230826507818
9751,0.9768,2,1,2,675885,559,125475,781,0.004427512355848435,0.5828358208955224
9752,0.9769,3,3,3,675888,556,125478,778,0.0044037511088581924,0.5832083958020989
9753,0.977,1,3,1,675891,553,125479,777,0.004379989861867951,0.5842105263157895
9754,0.9772,1,2,1,675893,551,125480,776,0.004364149030541123,0.584777694046722
9755,0.9773,3,4,3,675897,547,125483,773,0.004332467367887467,0.5856060606060606
9756,0.9774,3,2,3,675899,545,125486,770,0.004316626536560638,0.5855513307984791
9757,0.9775,7,7,7,675906,538,125493,763,0.004261183626916741,0.5864719446579554
9758,0.9776,1,3,1,675909,535,125494,762,0.0042374223799264985,0.5875096376252892
9759,0.9777,5,6,5,675915,529,125499,757,0.004189899885946015,0.588646967340591
9760,0.9778,3,2,3,675917,527,125502,754,0.004174059054619187,0.5886026541764247
9761,0.9779,3,1,3,675918,526,125505,751,0.004166138638955773,0.5880971025841817
9762,0.978,9,1,9,675919,525,125514,742,0.0041582182232923585,0.585635359116022
9763,0.9781,1,3,1,675922,522,125515,741,0.004134456976302116,0.5866983372921615
9764,0.9782,2,6,2,675928,516,125517,739,0.004086934482321632,0.5888446215139442
9765,0.9783,12,9,12,675937,507,125529,727,0.004015650741350906,0.5891410048622366
9766,0.9784,1,0,1,675937,507,125530,726,0.004015650741350906,0.5888077858880778
9767,0.9785,4,5,4,675942,502,125534,722,0.003976048663033836,0.5898692810457516
9768,0.9786,1,2,1,675944,500,125535,721,0.003960207831707008,0.5904995904995906
9769,0.9787,2,3,2,675947,497,125537,719,0.003936446584716766,0.5912828947368421
9770,0.9788,4,2,4,675949,495,125541,715,0.003920605753389938,0.5909090909090909
9771,0.9789,4,3,4,675952,492,125545,711,0.003896844506399696,0.5910224438902744
9772,0.9791,3,2,3,675954,490,125548,708,0.003881003675072868,0.5909849749582637
9773,0.9792,5,5,5,675959,485,125553,703,0.003841401596755798,0.5917508417508418
9774,0.9793,6,2,6,675961,483,125559,697,0.0038255607654289698,0.5906779661016949
9775,0.9794,4,1,4,675962,482,125563,693,0.0038176403497655557,0.5897872340425532
9776,0.9795,4,0,4,675962,482,125567,689,0.0038176403497655557,0.5883859948761742
9777,0.9796,1,2,1,675964,480,125568,688,0.0038017995184387275,0.589041095890411
9778,0.9797,2,2,2,675966,478,125570,686,0.0037859586871119,0.5893470790378007
9779,0.9798,0,2,0,675968,476,125570,686,0.0037701178557850716,0.5903614457831325
9780,0.9799,4,3,4,675971,473,125574,682,0.0037463566087948294,0.5904761904761905
9781,0.98,43,21,43,675992,452,125617,639,0.0035800278798631354,0.5857011915673694
9782,0.9801,1,1,1,675993,451,125618,638,0.0035721074641997213,0.5858585858585859
9783,0.9802,1,0,1,675993,451,125619,637,0.0035721074641997213,0.5854779411764706
9784,0.9803,3,1,3,675994,450,125622,634,0.0035641870485363073,0.584870848708487
9785,0.9804,0,1,0,675995,449,125622,634,0.003556266632872893,0.5854108956602031
9786,0.9805,2,0,2,675995,449,125624,632,0.003556266632872893,0.5846438482886216
9787,0.9806,0,3,0,675998,446,125624,632,0.003532505385882651,0.5862708719851577
9788,0.9807,3,3,3,676001,443,125627,629,0.003508744138892409,0.5867537313432836
9789,0.9808,6,5,6,676006,438,125633,623,0.003469142060575339,0.5871819038642789
9790,0.981,4,4,4,676010,434,125637,619,0.003437460397921683,0.5878442545109211
9791,0.9811,4,3,4,676013,431,125641,615,0.003413699150931441,0.5879541108986616
9792,0.9812,5,1,5,676014,430,125646,610,0.003405778735268027,0.5865384615384616
9793,0.9813,1,0,1,676014,430,125647,609,0.003405778735268027,0.5861405197305101
9794,0.9814,1,1,1,676015,429,125648,608,0.003397858319604613,0.5863066538090647
9795,0.9815,2,4,2,676019,425,125650,606,0.003366176656950957,0.5877788554801164
9796,0.9816,2,1,2,676020,424,125652,604,0.003358256241287543,0.5875486381322957
9797,0.9817,6,4,6,676024,420,125658,598,0.0033265745786338866,0.587426326129666
9798,0.9818,4,0,4,676024,420,125662,594,0.0033265745786338866,0.5857988165680473
9799,0.9819,1,3,1,676027,417,125663,593,0.0033028133316436448,0.5871287128712871
9800,0.982,3,2,3,676029,415,125666,590,0.0032869725003168166,0.5870646766169154
9801,0.9821,3,4,3,676033,411,125669,587,0.0032552908376631607,0.5881763527054108
9802,0.9822,4,0,4,676033,411,125673,583,0.0032552908376631607,0.5865191146881288
9803,0.9823,1,1,1,676034,410,125674,582,0.0032473704219997466,0.5866935483870968
9804,0.9824,1,0,1,676034,410,125675,581,0.0032473704219997466,0.58627648839556
9805,0.9825,4,4,4,676038,406,125679,577,0.0032156887593460903,0.5869786368260427
9806,0.9827,4,4,4,676042,402,125683,573,0.0031840070966924344,0.5876923076923077
9807,0.9828,1,0,1,676042,402,125684,572,0.0031840070966924344,0.5872689938398358
9808,0.983,2,1,2,676043,401,125686,570,0.0031760866810290203,0.5870236869207003
9809,0.9831,1,2,1,676045,399,125687,569,0.003160245849702192,0.5878099173553719
9810,0.9833,14,8,14,676053,391,125701,555,0.0030968825243948804,0.5866807610993657
9811,0.9834,1,0,1,676053,391,125702,554,0.0030968825243948804,0.5862433862433862
9812,0.9836,2,3,2,676056,388,125704,552,0.003073121277404638,0.5872340425531914
9813,0.9837,1,1,1,676057,387,125705,551,0.003065200861741224,0.5874200426439232
9814,0.9838,7,1,7,676058,386,125712,544,0.00305728044607781,0.5849462365591398
9815,0.984,3,2,3,676060,384,125715,541,0.0030414396147509823,0.5848648648648649
9816,0.9842,7,1,7,676061,383,125722,534,0.003033519199087568,0.5823336968375137
9817,0.9843,1,3,1,676064,380,125723,533,0.003009757952097326,0.583789704271632
9818,0.9844,0,3,0,676067,377,125723,533,0.002985996705107084,0.5857142857142857
9819,0.9845,0,1,0,676068,376,125723,533,0.00297807628944367,0.5863586358635864
9820,0.9846,2,1,2,676069,375,125725,531,0.002970155873780256,0.5860927152317881
9821,0.9847,1,7,1,676076,368,125726,530,0.002914712964136358,0.5902004454342984
9822,0.9848,0,1,0,676077,367,125726,530,0.0029067925484729438,0.5908584169453734
9823,0.9849,2,0,2,676077,367,125728,528,0.0029067925484729438,0.5899441340782123
9824,0.985,25,16,25,676093,351,125753,503,0.0027800658978583198,0.5889929742388759
9825,0.9851,1,0,1,676093,351,125754,502,0.0027800658978583198,0.5885111371629543
9826,0.9852,3,3,3,676096,348,125757,499,0.0027563046508680775,0.58913813459268
9827,0.9853,1,0,1,676096,348,125758,498,0.0027563046508680775,0.5886524822695035
9828,0.9854,0,2,0,676098,346,125758,498,0.0027404638195412494,0.590047393364929
9829,0.9857,3,3,3,676101,343,125761,495,0.0027167025725510076,0.5906921241050119
9830,0.9858,1,0,1,676101,343,125762,494,0.0027167025725510076,0.5902031063321386
9831,0.9859,2,1,2,676102,342,125764,492,0.0027087821568875935,0.5899280575539568
9832,0.986,2,2,2,676104,340,125766,490,0.0026929413255607653,0.5903614457831325
9833,0.9861,6,3,6,676107,337,125772,484,0.0026691800785705235,0.5895249695493301
9834,0.9862,5,3,5,676110,334,125777,479,0.0026454188315802813,0.5891758917589176
9835,0.9864,2,1,2,676111,333,125779,477,0.002637498415916867,0.5888888888888889
9836,0.9865,0,3,0,676114,330,125779,477,0.0026137371689266254,0.5910780669144982
9837,0.9866,5,3,5,676117,327,125784,472,0.002589975921936383,0.590738423028786
9838,0.9867,9,14,9,676131,313,125793,463,0.002479090102648587,0.5966494845360825
9839,0.9868,3,2,3,676133,311,125796,460,0.002463249271321759,0.5966277561608301
9840,0.987,3,1,3,676134,310,125799,457,0.002455328855658345,0.5958279009126467
9841,0.9871,1,0,1,676134,310,125800,456,0.002455328855658345,0.5953002610966057
9842,0.9872,2,1,2,676135,309,125802,454,0.002447408439994931,0.5950196592398427
9843,0.9873,1,0,1,676135,309,125803,453,0.002447408439994931,0.594488188976378
9844,0.9874,3,1,3,676136,308,125806,450,0.002439488024331517,0.5936675461741425
9845,0.9875,4,7,4,676143,301,125810,446,0.0023840451146876188,0.5970548862115127
9846,0.9876,3,5,3,676148,296,125813,443,0.002344443036370549,0.5994587280108254
9847,0.9877,3,1,3,676149,295,125816,440,0.0023365226207071347,0.5986394557823129
9848,0.9878,0,1,0,676150,294,125816,440,0.0023286022050437206,0.5994550408719346
9849,0.9879,0,2,0,676152,292,125816,440,0.0023127613737168925,0.6010928961748634
9850,0.988,1,4,1,676156,288,125817,439,0.0022810797110632366,0.6038514442916093
9851,0.9881,1,0,1,676156,288,125818,438,0.0022810797110632366,0.6033057851239669
9852,0.9883,8,5,8,676161,283,125826,430,0.0022414776327461666,0.603085553997195
9853,0.9885,0,1,0,676162,282,125826,430,0.0022335572170827525,0.6039325842696629
9854,0.9886,5,6,5,676168,276,125831,425,0.0021860347231022685,0.6062767475035663
9855,0.9887,2,1,2,676169,275,125833,423,0.0021781143074388544,0.6060171919770774
9856,0.9888,4,0,4,676169,275,125837,419,0.0021781143074388544,0.6037463976945245
9857,0.9889,1,1,1,676170,274,125838,418,0.0021701938917754403,0.6040462427745664
9858,0.989,1,5,1,676175,269,125839,417,0.0021305918134583704,0.607871720116618
9859,0.9891,2,3,2,676178,266,125841,415,0.002106830566468128,0.6093979441997063
9860,0.9893,1,5,1,676183,261,125842,414,0.002067228488151058,0.6133333333333333
9861,0.9894,0,1,0,676184,260,125842,414,0.002059308072487644,0.6142433234421365
9862,0.9897,0,2,0,676186,258,125842,414,0.002043467241160816,0.6160714285714286
9863,0.9898,2,2,2,676188,256,125844,412,0.002027626409833988,0.6167664670658682
9864,0.99,58,36,58,676224,220,125902,354,0.0017424914459510834,0.6167247386759582
9865,0.9902,1,0,1,676224,220,125903,353,0.0017424914459510834,0.6160558464223386
9866,0.9903,1,0,1,676224,220,125904,352,0.0017424914459510834,0.6153846153846154
9867,0.9905,2,1,2,676225,219,125906,350,0.0017345710302876696,0.6151142355008787
9868,0.9907,2,3,2,676228,216,125908,348,0.0017108097832974276,0.6170212765957447
9869,0.991,2,1,2,676229,215,125910,346,0.0017028893676340135,0.6167557932263814
9870,0.9911,0,3,0,676232,212,125910,346,0.0016791281206437714,0.6200716845878136
9871,0.9912,1,2,1,676234,210,125911,345,0.0016632872893169433,0.6216216216216216
9872,0.9913,4,2,4,676236,208,125915,341,0.0016474464579901153,0.6211293260473588
9873,0.9914,1,1,1,676237,207,125916,340,0.0016395260423267013,0.6215722120658135
9874,0.9917,4,4,4,676241,203,125920,336,0.0016078443796730452,0.6233766233766234
9875,0.9919,1,0,1,676241,203,125921,335,0.0016078443796730452,0.6226765799256505
9876,0.992,9,3,9,676244,200,125930,326,0.0015840831326828031,0.6197718631178707
9877,0.9922,3,1,3,676245,199,125933,323,0.0015761627170193893,0.6187739463601533
9878,0.9925,9,3,9,676248,196,125942,314,0.001552401470029147,0.615686274509804
9879,0.9927,0,1,0,676249,195,125942,314,0.0015444810543657332,0.6168958742632613
9880,0.9928,0,1,0,676250,194,125942,314,0.001536560638702319,0.6181102362204725
9881,0.9929,0,1,0,676251,193,125942,314,0.001528640223038905,0.6193293885601578
9882,0.993,3,2,3,676253,191,125945,311,0.001512799391712077,0.6195219123505976
9883,0.9931,1,0,1,676253,191,125946,310,0.001512799391712077,0.6187624750499002
9884,0.9933,21,4,21,676257,187,125967,289,0.001481117729058421,0.6071428571428571
9885,0.9935,1,1,1,676258,186,125968,288,0.0014731973133950069,0.6075949367088608
9886,0.9936,3,2,3,676260,184,125971,285,0.001457356482068179,0.6076759061833689
9887,0.9938,3,2,3,676262,182,125974,282,0.001441515650741351,0.6077586206896551
9888,0.9939,1,1,1,676263,181,125975,281,0.001433595235077937,0.6082251082251082
9889,0.994,3,1,3,676264,180,125978,278,0.0014256748194145228,0.6069868995633187
9890,0.9942,1,3,1,676267,177,125979,277,0.0014019135724242808,0.6101321585903083
9891,0.9945,0,1,0,676268,176,125979,277,0.0013939931567608667,0.6114790286975718
9892,0.9947,1,1,1,676269,175,125980,276,0.0013860727410974528,0.6119733924611973
9893,0.9949,1,0,1,676269,175,125981,275,0.0013860727410974528,0.6111111111111112
9894,0.995,21,5,21,676274,170,126002,254,0.0013464706627803827,0.5990566037735849
9895,0.9951,1,0,1,676274,170,126003,253,0.0013464706627803827,0.5981087470449172
9896,0.9952,2,0,2,676274,170,126005,251,0.0013464706627803827,0.5961995249406176
9897,0.9953,0,2,0,676276,168,126005,251,0.0013306298314535547,0.5990453460620525
9898,0.9954,2,3,2,676279,165,126007,249,0.0013068685844633127,0.6014492753623188
9899,0.9955,0,3,0,676282,162,126007,249,0.0012831073374730707,0.6058394160583942
9900,0.9957,5,3,5,676285,159,126012,244,0.0012593460904828286,0.6054590570719603
9901,0.996,5,4,5,676289,155,126017,239,0.0012276644278291725,0.6065989847715736
9902,0.9961,0,3,0,676292,152,126017,239,0.0012039031808389305,0.6112531969309463
9903,0.9962,1,5,1,676297,147,126018,238,0.0011643011025218603,0.6181818181818182
9904,0.9963,1,1,1,676298,146,126019,237,0.0011563806868584462,0.618798955613577
9905,0.9964,2,0,2,676298,146,126021,235,0.0011563806868584462,0.6167979002624672
9906,0.9965,0,1,0,676299,145,126021,235,0.0011484602711950324,0.618421052631579
9907,0.9966,1,0,1,676299,145,126022,234,0.0011484602711950324,0.6174142480211082
9908,0.9967,1,9,1,676308,136,126023,233,0.001077176530224306,0.6314363143631436
9909,0.9971,0,1,0,676309,135,126023,233,0.0010692561145608922,0.6331521739130435
9910,0.9975,9,5,9,676314,130,126032,224,0.001029654036243822,0.632768361581921
9911,0.998,5,2,5,676316,128,126037,219,0.001013813204916994,0.6311239193083573
9912,0.9982,1,2,1,676318,126,126038,218,0.000997972373590166,0.6337209302325582
9913,0.9983,1,0,1,676318,126,126039,217,0.000997972373590166,0.6326530612244898
9914,0.9986,4,1,4,676319,125,126043,213,0.000990051957926752,0.6301775147928994
9915,0.9988,1,1,1,676320,124,126044,212,0.000982131542263338,0.6309523809523809
9916,0.9989,2,0,2,676320,124,126046,210,0.000982131542263338,0.6287425149700598
9917,0.999,1,2,1,676322,122,126047,209,0.0009662907109365099,0.6314199395770392
9918,1.0,209,122,209,676444,0,126256,0,0.0,
