,y_proba,y_test,Neg,Pos,TN,FP,FN,TP,FP/P,Prec
0,0.0,168,4610,168,4610,671834,168,126088,5.321204536814092,0.1580204581400187
1,0.0002,1,6,1,4616,671828,169,126087,5.321157014320112,0.15802059116572567
2,0.0005,0,5,0,4621,671823,169,126087,5.321117412241795,0.1580215813813588
3,0.0006,2,18,2,4639,671805,171,126085,5.320974844759853,0.1580230357568086
4,0.0007,0,14,0,4653,671791,171,126085,5.320863958940565,0.15802580852162493
5,0.0008,1,52,1,4705,671739,172,126084,5.320452097326068,0.15803505288767059
6,0.0009,1,29,1,4734,671710,173,126083,5.320222405271829,0.15803974213862493
7,0.001,8,66,8,4800,671644,181,126075,5.3196996578380435,0.1580443740214286
8,0.0011,0,12,0,4812,671632,181,126075,5.319604612850083,0.15804675150149114
9,0.0012,0,30,0,4842,671602,181,126075,5.31936700038018,0.15805269551460052
10,0.0013,0,46,0,4888,671556,181,126075,5.319002661259663,0.15806181053645108
11,0.0014,2,52,2,4940,671504,183,126073,5.318590799645166,0.15807000452620876
12,0.0015,1,18,1,4958,671486,184,126072,5.318448232163224,0.15807251635617722
13,0.0016,1,39,1,4997,671447,185,126071,5.318139335952351,0.15807919068911297
14,0.0017,2,54,2,5051,671393,187,126069,5.317711633506526,0.15808778349313196
15,0.0018,1,36,1,5087,671357,188,126068,5.317426498542644,0.15809386462676742
16,0.0019,2,20,2,5107,671337,190,126066,5.317268090229375,0.15809571822528884
17,0.002,5,76,5,5183,671261,195,126061,5.316666138638956,0.15810550818866154
18,0.0021,2,22,2,5205,671239,197,126059,5.316491889494361,0.15810775895587345
19,0.0022,3,48,3,5253,671191,200,126056,5.3161117095425166,0.15811411018166266
20,0.0023,1,8,1,5261,671183,201,126055,5.31604834621721,0.15811464079735285
21,0.0024,0,1,0,5262,671182,201,126055,5.316040425801546,0.15811483912563015
22,0.0025,3,109,3,5371,671073,204,126052,5.315177100494234,0.15813329151638703
23,0.0026,0,10,0,5381,671063,204,126052,5.315097896337599,0.15813527533668292
24,0.0027,3,46,3,5427,671017,207,126049,5.314733557217083,0.15814123297192453
25,0.0028,0,45,0,5472,670972,207,126049,5.314377138512229,0.15815016166449816
26,0.0029,3,57,3,5529,670915,210,126046,5.313925674819415,0.15815830385677593
27,0.003,1,37,1,5566,670878,211,126045,5.313632619439868,0.15816459055642765
28,0.0031,0,18,0,5584,670860,211,126045,5.313490051957927,0.1581681630809193
29,0.0032,0,29,0,5613,670831,211,126045,5.313260359903688,0.15817391915429754
30,0.0033,9,197,9,5810,670634,220,126036,5.311700038017995,0.15820352216099515
31,0.0034,1,22,1,5832,670612,221,126035,5.3115257888734,0.1582068343946566
32,0.0035,1,26,1,5858,670586,222,126034,5.311319858066152,0.15821094122668272
33,0.0036,1,42,1,5900,670544,223,126033,5.310987200608288,0.15821822623550516
34,0.0037,0,8,0,5908,670536,223,126033,5.310923837282981,0.15821981523257872
35,0.0038,3,46,3,5954,670490,226,126030,5.310559498162464,0.15822578215236277
36,0.0039,3,22,3,5976,670468,229,126027,5.310385249017869,0.15822698196473298
37,0.004,6,115,6,6091,670353,235,126021,5.309474401216576,0.1582434886121345
38,0.0041,0,15,0,6106,670338,235,126021,5.309355594981625,0.15824646924314287
39,0.0042,1,27,1,6133,670311,236,126020,5.309141743758713,0.15825077762890055
40,0.0043,1,54,1,6187,670257,237,126019,5.308714041312888,0.1582604524059497
41,0.0044,4,42,4,6229,670215,241,126015,5.308381383855025,0.15826457179458198
42,0.0045,1,21,1,6250,670194,242,126014,5.308215055126093,0.1582676888451259
43,0.0046,0,14,0,6264,670180,242,126014,5.308104169306805,0.15827047176944312
44,0.0047,3,20,3,6284,670160,245,126011,5.307945760993537,0.15827127589424886
45,0.0048,0,12,0,6296,670148,245,126011,5.307850716005576,0.1582736614168778
46,0.0049,0,2,0,6298,670146,245,126011,5.307834875174249,0.15827405901097397
47,0.005,9,228,9,6526,669918,254,126002,5.306029020402991,0.15830988038998894
48,0.0051,0,6,0,6532,669912,254,126002,5.30598149790901,0.15831107380948192
49,0.0052,1,25,1,6557,669887,255,126001,5.305783487517425,0.15831498904368455
50,0.0053,3,34,3,6591,669853,258,125998,5.305514193384869,0.1583185797341462
51,0.0054,1,34,1,6625,669819,259,125997,5.305244899252313,0.15832428601586296
52,0.0055,1,29,1,6654,669790,260,125996,5.305015207198074,0.15832899799694894
53,0.0056,1,20,1,6674,669770,261,125995,5.304856798884805,0.1583319195993792
54,0.0057,0,24,0,6698,669746,261,125995,5.304666708908884,0.15833669497989925
55,0.0058,4,65,4,6763,669681,265,125991,5.304151881890761,0.15834539860646096
56,0.0059,1,34,1,6797,669647,266,125990,5.303882587758205,0.15835110735171945
57,0.006,4,78,4,6875,669569,270,125986,5.303264795336459,0.15836240109106223
58,0.0061,2,43,2,6918,669526,272,125984,5.302924217462932,0.15836884514336716
59,0.0062,6,37,6,6955,669489,278,125978,5.302631162083386,0.15836986323756988
60,0.0063,1,9,1,6964,669480,279,125977,5.302559878342415,0.15837059702787204
61,0.0064,6,45,6,7009,669435,285,125971,5.302203459637561,0.15837320814778869
62,0.0065,0,26,0,7035,669409,285,125971,5.301997528830313,0.15837838517438205
63,0.0066,0,5,0,7040,669404,285,125971,5.301957926751996,0.15837938079522237
64,0.0067,14,205,14,7245,669199,299,125957,5.300334241540996,0.15840539466469472
65,0.0068,0,14,0,7259,669185,299,125957,5.300223355721708,0.15840818369549087
66,0.0069,1,19,1,7278,669166,300,125956,5.300072867824103,0.158410910526938
67,0.007,0,15,0,7293,669151,300,125956,5.299954061589152,0.1584138990098188
68,0.0071,3,41,3,7334,669110,303,125953,5.299629324546952,0.1584188925909016
69,0.0072,6,34,6,7368,669076,309,125947,5.299360030414396,0.15841931617072713
70,0.0073,3,49,3,7417,669027,312,125944,5.298971930046889,0.15842590484432764
71,0.0074,4,22,4,7439,669005,316,125940,5.298797680902294,0.15842605463271045
72,0.0075,7,93,7,7532,668912,323,125933,5.298061082245597,0.15843717957589215
73,0.0076,3,22,3,7554,668890,326,125930,5.297886833101001,0.15843838856596462
74,0.0077,1,30,1,7584,668860,327,125929,5.297649220631099,0.15844331011123708
75,0.0078,0,30,0,7614,668830,327,125929,5.297411608161196,0.1584492909171208
76,0.0079,0,16,0,7630,668814,327,125929,5.297284881510581,0.15845248086488337
77,0.008,5,40,5,7670,668774,332,125924,5.296968064884045,0.15845516158339396
78,0.0081,2,18,2,7688,668756,334,125922,5.296825497402104,0.15845663274936514
79,0.0082,1,57,1,7745,668699,335,125921,5.296374033709289,0.15846694017266114
80,0.0083,4,66,4,7811,668633,339,125917,5.295851286275504,0.15847586684286702
81,0.0084,2,20,2,7831,668613,341,125915,5.295692877962235,0.15847773772604615
82,0.0085,1,13,1,7844,668600,342,125914,5.2955899125586114,0.1584792716050315
83,0.0086,1,33,1,7877,668567,343,125913,5.295328538841718,0.15848479508609406
84,0.0087,1,7,1,7884,668560,344,125912,5.295273095932075,0.15848513226394384
85,0.0088,1,41,1,7925,668519,345,125911,5.294948358889875,0.1584922523066853
86,0.0089,1,26,1,7951,668493,346,125910,5.294742428082626,0.1584963803006786
87,0.009,3,28,3,7979,668465,349,125907,5.294520656444051,0.15849878898047767
88,0.0091,0,14,0,7993,668451,349,125907,5.294409770624762,0.15850158240994613
89,0.0092,2,33,2,8026,668418,351,125905,5.29414839690787,0.15850604854700165
90,0.0093,1,25,1,8051,668393,352,125904,5.2939503865162845,0.15850997800570818
91,0.0094,1,19,1,8070,668374,353,125903,5.29379989861868,0.15851271030131805
92,0.0095,1,24,1,8094,668350,354,125902,5.293609808642757,0.15851644062589706
93,0.0096,2,6,2,8100,668344,356,125900,5.293562286148777,0.15851551916035878
94,0.0097,2,62,2,8162,668282,358,125898,5.293071220377645,0.15852577501322118
95,0.0098,4,11,4,8173,668271,362,125894,5.292984095805348,0.15852373247373028
96,0.0099,0,18,0,8191,668253,362,125894,5.2928415283234065,0.15852732554552243
97,0.01,29,599,29,8790,667654,391,125865,5.2880971993410215,0.1586162398127833
98,0.0101,3,34,3,8824,667620,394,125862,5.287827905208466,0.158619855270819
99,0.0102,0,19,0,8843,667601,394,125862,5.28767741731086,0.158623653528898
100,0.0103,0,10,0,8853,667591,394,125862,5.287598213154227,0.15862565268516218
101,0.0104,1,36,1,8889,667555,395,125861,5.287313078190343,0.15863178962864374
102,0.0105,1,28,1,8917,667527,396,125860,5.287091306551768,0.15863632754254858
103,0.0106,1,33,1,8950,667494,397,125859,5.286829932834875,0.15864186560081073
104,0.0107,2,30,2,8980,667464,399,125857,5.2865923203649725,0.1586457436523173
105,0.0108,5,45,5,9025,667419,404,125852,5.2862359016601195,0.15864944010306692
106,0.0109,1,28,1,9053,667391,405,125851,5.2860141300215435,0.1586539794917566
107,0.011,1,31,1,9084,667360,406,125850,5.285768597135978,0.15865911927484525
108,0.0111,1,38,1,9122,667322,407,125849,5.285467621340768,0.15866565973793798
109,0.0112,3,48,3,9170,667274,410,125846,5.285087441388924,0.15867207988702844
110,0.0113,3,23,3,9193,667251,413,125843,5.2849052718286655,0.15867349897994437
111,0.0114,2,45,2,9238,667206,415,125841,5.284548853123812,0.1586803808601508
112,0.0115,0,21,0,9259,667185,415,125841,5.28438252439488,0.15868458285100362
113,0.0116,2,23,2,9282,667162,417,125839,5.2842003548346215,0.15868706344632605
114,0.0117,2,67,2,9349,667095,419,125837,5.283669686985173,0.15869834992155696
115,0.0118,1,59,1,9408,667036,420,125836,5.283202382461032,0.158709098063748
116,0.0119,2,11,2,9419,667025,422,125834,5.283115257888734,0.15870917779832228
117,0.012,5,65,5,9484,666960,427,125829,5.2826004308706125,0.15871688431600336
118,0.0121,2,28,2,9512,666932,429,125827,5.2823786592320365,0.1587203677284017
119,0.0122,0,26,0,9538,666906,429,125827,5.282172728424788,0.15872557342762317
120,0.0123,1,30,1,9568,666876,430,125826,5.2819351159548855,0.15873051916104663
121,0.0124,0,25,0,9593,666851,430,125826,5.2817371055633,0.15873552531485083
122,0.0125,4,87,4,9680,666764,434,125822,5.281048029400583,0.15874870361071228
123,0.0126,1,14,1,9694,666750,435,125821,5.280937143581295,0.15875044633225288
124,0.0127,0,20,0,9714,666730,435,125821,5.280778735268027,0.15875445239486166
125,0.0128,1,17,1,9731,666713,436,125820,5.280644088201749,0.15875679624697014
126,0.0129,4,49,4,9780,666664,440,125816,5.280255987834241,0.1587623662426812
127,0.013,2,36,2,9816,666628,442,125814,5.279970852870359,0.15876745553617805
128,0.0131,0,19,0,9835,666609,442,125814,5.279820364972754,0.15877126231823155
129,0.0132,4,39,4,9874,666570,446,125810,5.27951146876188,0.15877483025820943
130,0.0133,6,90,6,9964,666480,452,125804,5.278798631352173,0.15878649575152345
131,0.0134,2,15,2,9979,666465,454,125802,5.278679825117222,0.1587873784974005
132,0.0135,1,28,1,10007,666437,455,125801,5.278458053478647,0.15879192868809625
133,0.0136,1,18,1,10025,666419,456,125800,5.278315485996705,0.15879447476013578
134,0.0137,1,27,1,10052,666392,457,125799,5.278101634773793,0.1587988250308322
135,0.0138,2,32,2,10084,666360,459,125797,5.277848181472564,0.15880311604896505
136,0.0139,0,18,0,10102,666342,459,125797,5.277705613990622,0.15880672457737846
137,0.014,1,42,1,10144,666300,460,125796,5.2773729565327585,0.1588140831414374
138,0.0141,0,13,0,10157,666287,460,125796,5.277269991129135,0.15881668966509824
139,0.0142,2,31,2,10188,666256,462,125794,5.277024458243568,0.15882078151631843
140,0.0143,1,21,1,10209,666235,463,125793,5.276858129514637,0.1588239304671047
141,0.0144,0,11,0,10220,666224,463,125793,5.276771004942339,0.15882613630768028
142,0.0145,0,7,0,10227,666217,463,125793,5.276715562032695,0.15882754005631242
143,0.0146,0,34,0,10261,666183,463,125793,5.276446267900139,0.1588343586169278
144,0.0147,6,45,6,10306,666138,469,125787,5.2760898491952855,0.15883701108059475
145,0.0148,1,28,1,10334,666110,470,125786,5.27586807755671,0.158841565053997
146,0.0149,2,34,2,10368,666076,472,125784,5.2755987834241544,0.15884626070264946
147,0.015,7,110,7,10478,665966,479,125777,5.274727537701178,0.15886089299179154
148,0.0151,2,33,2,10511,665933,481,125775,5.274466163984286,0.15886538976491332
149,0.0152,1,28,1,10539,665905,482,125774,5.27424439234571,0.15886994602610402
150,0.0153,2,17,2,10556,665888,484,125772,5.274109745279432,0.15887123259985347
151,0.0154,2,11,2,10567,665877,486,125770,5.274022620707135,0.1588713151189861
152,0.0155,4,21,4,10588,665856,490,125766,5.273856291978203,0.15887127947429455
153,0.0156,3,12,3,10600,665844,493,125763,5.273761246990242,0.15887050013453646
154,0.0157,0,25,0,10625,665819,493,125763,5.2735632365986564,0.158875517634307
155,0.0158,1,41,1,10666,665778,494,125762,5.273238499556457,0.15888268438739672
156,0.0159,1,24,1,10690,665754,495,125761,5.273048409580535,0.1588864392967916
157,0.016,0,65,0,10755,665689,495,125761,5.272533582562413,0.15889948828100323
158,0.0161,1,40,1,10795,665649,496,125760,5.272216765935877,0.15890645671201617
159,0.0162,2,22,2,10817,665627,498,125758,5.272042516791281,0.15890874858633913
160,0.0163,2,18,2,10835,665609,500,125756,5.27189994930934,0.15891023737466276
161,0.0164,0,42,0,10877,665567,500,125756,5.271567291851476,0.1589186716423003
162,0.0165,2,38,2,10915,665529,502,125754,5.271266316056266,0.15892417756984542
163,0.0166,0,13,0,10928,665516,502,125754,5.2711633506526425,0.15892678858038342
164,0.0167,5,92,5,11020,665424,507,125749,5.270434672411608,0.1589399537142951
165,0.0168,0,21,0,11041,665403,507,125749,5.270268343682677,0.15894417254838514
166,0.0169,1,19,1,11060,665384,508,125748,5.270117855785071,0.158946926682273
167,0.017,1,18,1,11078,665366,509,125747,5.26997528830313,0.15894948003635384
168,0.0171,1,35,1,11113,665331,510,125746,5.269698073754911,0.15895544934311073
169,0.0172,0,32,0,11145,665299,510,125746,5.269444620453681,0.1589618795390907
170,0.0173,3,55,3,11200,665244,513,125743,5.269008997592193,0.1589697428655591
171,0.0174,1,23,1,11223,665221,514,125742,5.268826828031935,0.15897330216457659
172,0.0175,2,52,2,11275,665169,516,125740,5.268414966417438,0.1589816274691526
173,0.0176,2,11,2,11286,665158,518,125738,5.2683278418451405,0.15898171188120816
174,0.0177,0,16,0,11302,665142,518,125738,5.268201115194525,0.15898492818126644
175,0.0178,1,9,1,11311,665133,519,125737,5.268129831453555,0.15898567400457725
176,0.0179,0,50,0,11361,665083,519,125737,5.267733810670384,0.1589957259553375
177,0.018,6,43,6,11404,665040,525,125731,5.267393232796858,0.15899799056869815
178,0.0181,2,17,2,11421,665023,527,125729,5.267258585730579,0.1589992816964105
179,0.0182,3,56,3,11477,664967,530,125726,5.266815042453428,0.1590073517787561
180,0.0183,4,49,4,11526,664918,534,125722,5.26642694208592,0.15901295153293535
181,0.0184,2,10,2,11536,664908,536,125720,5.266347737929286,0.15901283536631639
182,0.0185,0,24,0,11560,664884,536,125720,5.2661576479533645,0.15901766244542148
183,0.0186,0,20,0,11580,664864,536,125720,5.265999239640096,0.15902168523521854
184,0.0187,3,32,3,11612,664832,539,125717,5.265745786338867,0.15902493077595442
185,0.0188,2,26,2,11638,664806,541,125715,5.265539855531618,0.15902803341087712
186,0.0189,1,20,1,11658,664786,542,125714,5.26538144721835,0.15903099304237825
187,0.019,1,42,1,11700,664744,543,125713,5.2650487897604865,0.15903837906426282
188,0.0191,2,21,2,11721,664723,545,125711,5.264882461031555,0.15904047649772152
189,0.0192,1,45,1,11766,664678,546,125710,5.264526042326701,0.1590484673350304
190,0.0193,2,25,2,11791,664653,548,125708,5.264328031935116,0.15905137019665697
191,0.0194,1,40,1,11831,664613,549,125707,5.264011215308579,0.15905835610891791
192,0.0195,5,33,5,11864,664580,554,125702,5.263749841591687,0.15905967743160038
193,0.0196,0,18,0,11882,664562,554,125702,5.263607274109745,0.1590633003654475
194,0.0197,1,31,1,11913,664531,555,125701,5.2633617412241795,0.1590684760930967
195,0.0198,0,26,0,11939,664505,555,125701,5.26315581041693,0.15907370989336958
196,0.0199,1,36,1,11975,664469,556,125700,5.262870675453048,0.1590798930355405
197,0.02,11,330,11,12305,664139,567,125689,5.2602569382841216,0.15913464703707642
198,0.0201,0,8,0,12313,664131,567,125689,5.260193574958814,0.15913625889443164
199,0.0202,1,31,1,12344,664100,568,125688,5.259948042073248,0.1591414404878271
200,0.0203,1,21,1,12365,664079,569,125687,5.259781713344316,0.15914460739003705
201,0.0204,5,62,5,12427,664017,574,125682,5.259290647573184,0.15915177808253525
202,0.0205,4,28,4,12455,663989,578,125678,5.259068875934609,0.15915316202905783
203,0.0206,3,28,3,12483,663961,581,125675,5.258847104296033,0.15915561093972413
204,0.0207,0,16,0,12499,663945,581,125675,5.258720377645419,0.1591588358957473
205,0.0208,0,59,0,12558,663886,581,125675,5.258253073121278,0.15917072905070032
206,0.0209,0,13,0,12571,663873,581,125675,5.258150107717653,0.15917334981533737
207,0.021,2,53,2,12624,663820,583,125673,5.257730325687492,0.15918190534938245
208,0.0211,2,23,2,12647,663797,585,125671,5.257548156127234,0.1591844127944388
209,0.0212,0,13,0,12660,663784,585,125671,5.257445190723609,0.1591870340931402
210,0.0213,6,43,6,12703,663741,591,125665,5.257104612850083,0.15918931449722956
211,0.0214,0,27,0,12730,663714,591,125665,5.2568907616271705,0.15919475942481368
212,0.0215,1,38,1,12768,663676,592,125664,5.25658978583196,0.15920135809663769
213,0.0216,1,25,1,12793,663651,593,125663,5.256391775440375,0.1592053352658131
214,0.0217,2,42,2,12835,663609,595,125661,5.256059117982511,0.15921167661256605
215,0.0218,2,28,2,12863,663581,597,125659,5.255837346343936,0.15921519436419848
216,0.0219,0,23,0,12886,663558,597,125659,5.255655176783677,0.1592198343421391
217,0.022,1,26,1,12912,663532,598,125658,5.255449245976429,0.1592240144958755
218,0.0221,4,9,4,12921,663523,602,125654,5.255377962235458,0.15922156879888796
219,0.0222,1,51,1,12972,663472,603,125653,5.254974021036624,0.1592307936005069
220,0.0223,0,11,0,12983,663461,603,125653,5.254886896464327,0.15923301322749311
221,0.0224,4,54,4,13037,663407,607,125649,5.254459194018502,0.15923964838997487
222,0.0225,1,73,1,13110,663334,608,125648,5.2538810036750725,0.1592533162987242
223,0.0226,2,22,2,13132,663312,610,125646,5.253706754530477,0.15925562577475608
224,0.0227,1,23,1,13155,663289,611,125645,5.2535245849702195,0.15925920292445248
225,0.0228,1,20,1,13175,663269,612,125644,5.253366176656951,0.1592621746631124
226,0.0229,1,32,1,13207,663237,613,125643,5.253112723355722,0.15926756921204746
227,0.023,3,33,3,13240,663204,616,125640,5.252851349638829,0.15927103457717876
228,0.0231,2,22,2,13262,663182,618,125638,5.252677100494234,0.15927334499632362
229,0.0232,1,18,1,13280,663164,619,125637,5.252534533012293,0.15927591369686397
230,0.0233,3,83,3,13363,663081,622,125634,5.251877138512229,0.15928947718757727
231,0.0234,1,21,1,13384,663060,623,125633,5.251710809783297,0.15929265252766286
232,0.0235,4,16,4,13400,663044,627,125629,5.251584083132683,0.1592916202279018
233,0.0236,1,21,1,13421,663023,628,125628,5.251417754403751,0.1592947957968734
234,0.0237,4,57,4,13478,662966,632,125624,5.250966290710936,0.1593020454228433
235,0.0238,1,32,1,13510,662934,633,125623,5.250712837409707,0.159307443849969
236,0.0239,0,18,0,13528,662916,633,125623,5.250570269927766,0.15931108036508024
237,0.024,6,42,6,13570,662874,639,125617,5.250237612469903,0.15931316907865783
238,0.0241,1,14,1,13584,662860,640,125616,5.250126726650614,0.15931493158954743
239,0.0242,4,31,4,13615,662829,644,125612,5.249881193765049,0.15931693049955545
240,0.0243,2,27,2,13642,662802,646,125610,5.2496673425421365,0.15932025387741436
241,0.0244,2,45,2,13687,662757,648,125608,5.249310923837283,0.15932721518585935
242,0.0245,2,36,2,13723,662721,650,125606,5.2490257888734,0.15933235827264575
243,0.0246,2,14,2,13737,662707,652,125604,5.2489149030541125,0.1593330551013496
244,0.0247,2,16,2,13753,662691,654,125602,5.248788176403497,0.1593341562084149
245,0.0248,2,21,2,13774,662670,656,125600,5.248621847674566,0.15933626802998974
246,0.0249,3,35,3,13809,662635,659,125597,5.248344633126346,0.1593401435110475
247,0.025,7,137,7,13946,662498,666,125590,5.247259536180459,0.15936037599861944
248,0.0251,2,30,2,13976,662468,668,125588,5.247021923710556,0.1593643091353914
249,0.0252,3,49,3,14025,662419,671,125585,5.246633823343049,0.15937101842122628
250,0.0253,1,33,1,14058,662386,672,125584,5.246372449626157,0.15937662601368072
251,0.0254,2,60,2,14118,662326,674,125582,5.245897224686352,0.1593866288957594
252,0.0255,0,25,0,14143,662301,674,125582,5.245699214294766,0.15939168632906156
253,0.0256,2,30,2,14173,662271,676,125580,5.245461601824863,0.1593956217609675
254,0.0257,3,49,3,14222,662222,679,125577,5.245073501457356,0.15940233485952635
255,0.0258,6,60,6,14282,662162,685,125571,5.244598276517552,0.159408073547763
256,0.0259,0,14,0,14296,662148,685,125571,5.244487390698263,0.15941090668118962
257,0.026,0,59,0,14355,662089,685,125571,5.244020086174123,0.15942284742147628
258,0.0261,0,11,0,14366,662078,685,125571,5.243932961601825,0.15942507385904128
259,0.0262,3,33,3,14399,662045,688,125568,5.243671587884932,0.15942855183954557
260,0.0263,2,33,2,14432,662012,690,125566,5.24341021416804,0.15943309742019204
261,0.0264,3,51,3,14483,661961,693,125563,5.243006272969206,0.15944022023455792
262,0.0265,1,35,1,14518,661926,694,125562,5.242729058420986,0.1594462391807875
263,0.0266,2,22,2,14540,661904,696,125560,5.242554809276391,0.15944855891824897
264,0.0267,5,60,5,14600,661844,701,125555,5.242079584336586,0.15945537141906455
265,0.0268,0,5,0,14605,661839,701,125555,5.242039982258269,0.15945638397041378
266,0.0269,0,22,0,14627,661817,701,125555,5.2418657331136735,0.15946083934912594
267,0.027,1,33,1,14660,661784,702,125554,5.241604359396781,0.15946645532160267
268,0.0271,1,19,1,14679,661765,703,125553,5.241453871499176,0.1594692360647159
269,0.0272,1,41,1,14720,661724,704,125552,5.241129134456976,0.15947647330796316
270,0.0273,1,44,1,14764,661680,705,125551,5.240780636167786,0.15948431908804403
271,0.0274,5,30,5,14794,661650,710,125546,5.240543023697883,0.15948505835903637
272,0.0275,5,67,5,14861,661583,715,125541,5.240012355848435,0.159493294576204
273,0.0276,1,30,1,14891,661553,716,125540,5.239774743378533,0.15949830579105645
274,0.0277,4,63,4,14954,661490,720,125536,5.239275757191737,0.15950680155420532
275,0.0278,0,28,0,14982,661462,720,125536,5.239053985553162,0.15951247652471798
276,0.0279,1,20,1,15002,661442,721,125535,5.2388955772398935,0.1595154623324443
277,0.028,3,61,3,15063,661381,724,125532,5.238412431884425,0.1595246234335943
278,0.0281,3,33,3,15096,661348,727,125529,5.238151058167532,0.15952810922164457
279,0.0282,2,21,2,15117,661327,729,125527,5.237984729438601,0.15953023051290327
280,0.0283,1,57,1,15174,661270,730,125526,5.237533265745786,0.15954071957661198
281,0.0284,0,12,0,15186,661258,730,125526,5.237438220757825,0.15954315288567128
282,0.0285,3,18,3,15204,661240,733,125523,5.237295653275884,0.1595435982627551
283,0.0286,1,31,1,15235,661209,734,125522,5.237050120390318,0.15954881655864583
284,0.0287,0,18,0,15253,661191,734,125522,5.236907552908376,0.1595524670368991
285,0.0288,1,44,1,15297,661147,735,125521,5.236559054619186,0.15956032277911394
286,0.0289,0,19,0,15316,661128,735,125521,5.236408566721582,0.15956417665311975
287,0.029,6,46,6,15362,661082,741,125515,5.236044227601065,0.1595670972556468
288,0.0291,0,16,0,15378,661066,741,125515,5.23591750095045,0.15957034304159393
289,0.0292,2,32,2,15410,661034,743,125513,5.23566404764922,0.1595746980155032
290,0.0293,0,24,0,15434,661010,743,125513,5.235473957673299,0.15957956728538136
291,0.0294,0,37,0,15471,660973,743,125513,5.235180902293752,0.1595870746586716
292,0.0295,3,44,3,15515,660929,746,125510,5.234832404004562,0.15959279740704618
293,0.0296,3,21,3,15536,660908,749,125507,5.234666075275631,0.15959385311826452
294,0.0297,4,40,4,15576,660868,753,125503,5.234349258649094,0.15959769625278653
295,0.0298,3,16,3,15592,660852,756,125500,5.234222531998479,0.15959773740004476
296,0.0299,0,10,0,15602,660842,756,125500,5.234143327841845,0.15959976702249148
297,0.03,11,169,11,15771,660673,767,125489,5.232804777594728,0.15962231702880578
298,0.0301,3,13,3,15784,660660,770,125486,5.232701812191104,0.1596217496495562
299,0.0302,2,32,2,15816,660628,772,125484,5.232448358889875,0.15962610925669624
300,0.0303,0,36,0,15852,660592,772,125484,5.232163223925991,0.15963341966934494
301,0.0304,2,43,2,15895,660549,774,125482,5.231822646052465,0.15964001419791332
302,0.0305,3,16,3,15911,660533,777,125479,5.23169591940185,0.15964005638590759
303,0.0306,0,9,0,15920,660524,777,125479,5.2316246356608795,0.15964188431850768
304,0.0307,1,32,1,15952,660492,778,125478,5.23137118235965,0.15964731478300698
305,0.0308,1,23,1,15975,660469,779,125477,5.231189012799391,0.15965091749305932
306,0.0309,1,10,1,15985,660459,780,125476,5.231109808642757,0.15965187960836455
307,0.031,3,40,3,16025,660419,783,125473,5.230792992016221,0.15965679762613694
308,0.0311,0,18,0,16043,660401,783,125473,5.2306504245342795,0.15966045447489038
309,0.0312,4,27,4,16070,660374,787,125469,5.230436573311367,0.15966166269852883
310,0.0313,2,22,2,16092,660352,789,125467,5.230262324166772,0.15966399387136224
311,0.0314,1,21,1,16113,660331,790,125466,5.230095995437841,0.1596671913993054
312,0.0315,3,29,3,16142,660302,793,125463,5.229866303383601,0.15966987585346765
313,0.0316,2,21,2,16163,660281,795,125461,5.22969997465467,0.15967200429657571
314,0.0317,9,63,9,16226,660218,804,125452,5.229200988467875,0.15967518169205902
315,0.0318,3,47,3,16273,660171,807,125449,5.228828728931695,0.15968152541941397
316,0.0319,0,23,0,16296,660148,807,125449,5.228646559371436,0.15968620043100978
317,0.032,1,41,1,16337,660107,808,125448,5.228321822329236,0.15969346512974902
318,0.0321,1,37,1,16374,660070,809,125447,5.22802876694969,0.15969991737925468
319,0.0322,3,37,3,16411,660033,812,125444,5.227735711570143,0.15970423067766465
320,0.0323,0,29,0,16440,660004,812,125444,5.227506019515904,0.15971012721402308
321,0.0324,1,18,1,16458,659986,813,125443,5.227363452033963,0.1597127175085208
322,0.0325,4,46,4,16504,659940,817,125439,5.226999112913446,0.15971779230155123
323,0.0326,0,13,0,16517,659927,817,125439,5.226896147509821,0.15972043607693737
324,0.0327,2,27,2,16544,659900,819,125437,5.226682296286909,0.15972378736771603
325,0.0328,1,34,1,16578,659866,820,125436,5.226413002154353,0.15972963267634618
326,0.0329,1,32,1,16610,659834,821,125435,5.226159548853124,0.15973507167607534
327,0.033,2,32,2,16642,659802,823,125433,5.225906095551895,0.15973944105904603
328,0.0331,2,20,2,16662,659782,825,125431,5.225747687238626,0.15974136953922058
329,0.0332,2,25,2,16687,659757,827,125429,5.225549676847041,0.15974431535967273
330,0.0333,4,90,4,16777,659667,831,125425,5.224836839437334,0.15975834679247783
331,0.0334,3,35,3,16812,659632,834,125422,5.224559624889114,0.1597622583924163
332,0.0335,4,39,4,16851,659593,838,125418,5.224250728678241,0.15976591410820995
333,0.0336,0,22,0,16873,659571,838,125418,5.224076479533646,0.15977039168701726
334,0.0337,1,30,1,16903,659541,839,125417,5.223838867063743,0.15977542747510057
335,0.0338,3,34,3,16937,659507,842,125414,5.223569572931187,0.1597791370086926
336,0.0339,1,10,1,16947,659497,843,125413,5.223490368774553,0.1597801021773197
337,0.034,4,59,4,17006,659438,847,125409,5.223023064250412,0.15978783125883134
338,0.0341,0,24,0,17030,659414,847,125409,5.22283297427449,0.1597927175936485
339,0.0342,3,32,3,17062,659382,850,125406,5.222579520973261,0.15979602134589213
340,0.0343,1,44,1,17106,659338,851,125405,5.2222310226840705,0.1598039103247815
341,0.0344,2,34,2,17140,659304,853,125403,5.2219617285515145,0.1598086929261495
342,0.0345,1,29,1,17169,659275,854,125402,5.221732036497276,0.15981352836899768
343,0.0346,5,24,5,17193,659251,859,125397,5.221541946521353,0.1598130626726889
344,0.0347,2,30,2,17223,659221,861,125395,5.221304334051451,0.15981703151605373
345,0.0348,2,54,2,17277,659167,863,125393,5.220876631605627,0.15982588967064343
346,0.0349,3,26,3,17303,659141,866,125390,5.220670700798378,0.15982797365559806
347,0.035,6,87,6,17390,659054,872,125384,5.219981624635661,0.15983927346711913
348,0.0351,1,11,1,17401,659043,873,125383,5.219894500063363,0.15984044384046422
349,0.0352,2,64,2,17465,658979,875,125381,5.219387593460905,0.15985134377071752
350,0.0353,0,24,0,17489,658955,875,125381,5.219197503484983,0.15985623508292365
351,0.0354,0,8,0,17497,658947,875,125381,5.219134140159675,0.1598578655868463
352,0.0355,3,27,3,17524,658920,878,125378,5.218920288936763,0.1598601551961117
353,0.0356,4,25,4,17549,658895,882,125374,5.218722278545178,0.15986096607159023
354,0.0357,3,50,3,17599,658845,885,125371,5.2183262577620075,0.15986794454589043
355,0.0358,3,72,3,17671,658773,888,125368,5.217755987834241,0.15987940944294457
356,0.0359,0,16,0,17687,658757,888,125368,5.217629261183627,0.15988267176789414
357,0.036,4,19,4,17706,658738,892,125364,5.217478773286022,0.15988226021614535
358,0.0361,2,23,2,17729,658715,894,125362,5.217296603725764,0.1598848072319428
359,0.0362,1,32,1,17761,658683,895,125361,5.2170431504245345,0.1598902612608476
360,0.0363,1,26,1,17787,658657,896,125360,5.216837219617285,0.15989449208371756
361,0.0364,6,35,6,17822,658622,902,125354,5.216560005069066,0.15989520087349612
362,0.0365,1,24,1,17846,658598,903,125353,5.216369915093144,0.15989902430126374
363,0.0366,1,16,1,17862,658582,904,125352,5.2162431884425295,0.15990121617381056
364,0.0367,5,98,5,17960,658484,909,125347,5.215466987707515,0.15991584920729085
365,0.0368,2,39,2,17999,658445,911,125345,5.215158091496642,0.15992166269026142
366,0.0369,1,17,1,18016,658428,912,125344,5.215023444430364,0.15992405954792976
367,0.037,5,33,5,18049,658395,917,125339,5.214762070713471,0.1599254338844557
368,0.0371,2,49,2,18098,658346,919,125337,5.214373970345964,0.1599332893529654
369,0.0372,0,8,0,18106,658338,919,125337,5.214310607020656,0.15993492200210546
370,0.0373,0,25,0,18131,658313,919,125337,5.214112596629071,0.15994002424551776
371,0.0374,1,25,1,18156,658288,920,125336,5.213914586237486,0.1599440548017927
372,0.0375,1,66,1,18222,658222,921,125335,5.213391838803701,0.15995645498668254
373,0.0376,1,20,1,18242,658202,922,125334,5.213233430490432,0.15995946580629353
374,0.0377,2,54,2,18296,658148,924,125332,5.212805728044608,0.15996834635217236
375,0.0378,0,25,0,18321,658123,924,125332,5.2126077176530226,0.15997345093208928
376,0.0379,0,25,0,18346,658098,924,125332,5.212409707261437,0.15997855583779022
377,0.038,3,49,3,18395,658049,927,125329,5.21202160689393,0.15998534551646842
378,0.0381,1,13,1,18408,658036,928,125328,5.211918641490305,0.15998692817132265
379,0.0382,0,26,0,18434,658010,928,125328,5.211712710683057,0.159992238344112
380,0.0383,2,50,2,18484,657960,930,125326,5.211316689899886,0.1600003064014932
381,0.0384,3,41,3,18525,657919,933,125323,5.210991952857686,0.16000546446692082
382,0.0385,1,30,1,18555,657889,934,125322,5.210754340387783,0.16001052079197048
383,0.0386,1,32,1,18587,657857,935,125321,5.210500887086554,0.16001598614874268
384,0.0387,0,43,0,18630,657814,935,125321,5.210160309213028,0.16002477222956452
385,0.0388,3,50,3,18680,657764,938,125318,5.209764288429857,0.16003177189617435
386,0.0389,1,27,1,18707,657737,939,125317,5.2095504372069446,0.16003621717020794
387,0.039,1,28,1,18735,657709,940,125316,5.209328665568369,0.16004086714983556
388,0.0391,1,52,1,18787,657657,941,125315,5.208916803953872,0.1600504232590693
389,0.0392,1,15,1,18802,657642,942,125314,5.2087979977189205,0.16005241673861623
390,0.0393,2,35,2,18837,657607,944,125312,5.208520783170701,0.16005742611943252
391,0.0394,0,8,0,18845,657599,944,125312,5.208457419845393,0.16005906163024916
392,0.0395,1,23,1,18868,657576,945,125311,5.208275250285135,0.16006269103970305
393,0.0396,1,14,1,18882,657562,946,125310,5.208164364465847,0.16006448052810676
394,0.0397,1,53,1,18935,657509,947,125309,5.207744582435686,0.16007424458814182
395,0.0398,0,25,0,18960,657484,947,125309,5.207546572044101,0.16007935686701338
396,0.0399,1,24,1,18984,657460,948,125308,5.207356482068179,0.16008319195470433
397,0.04,5,119,5,19103,657341,953,125303,5.206413952604232,0.16010216650226666
398,0.0401,1,14,1,19117,657327,954,125302,5.206303066784945,0.16010395730288554
399,0.0402,4,25,4,19142,657302,958,125298,5.206105056393359,0.16010477894198824
400,0.0403,2,21,2,19163,657281,960,125296,5.205938727664428,0.16010692877505983
401,0.0404,2,39,2,19202,657242,962,125294,5.205629831453555,0.1601127615854095
402,0.0405,2,21,2,19223,657221,964,125292,5.205463502724623,0.16011491182894086
403,0.0406,0,49,0,19272,657172,964,125292,5.2050754023571155,0.1601249386553247
404,0.0407,0,32,0,19304,657140,964,125292,5.204821949055886,0.16013148746472536
405,0.0408,1,19,1,19323,657121,965,125291,5.204671461158282,0.16013430264362
406,0.0409,0,60,0,19383,657061,965,125291,5.204196236218476,0.16014658363498782
407,0.041,0,29,0,19412,657032,965,125291,5.2039665441642375,0.1601525201227626
408,0.0411,1,31,1,19443,657001,966,125290,5.203721011278672,0.1601577929440579
409,0.0412,2,37,2,19480,656964,968,125288,5.203427955899126,0.1601632210591983
410,0.0413,1,39,1,19519,656925,969,125287,5.203119059688253,0.16017013290514592
411,0.0414,0,32,0,19551,656893,969,125287,5.202865606387023,0.16017668567337442
412,0.0415,4,28,4,19579,656865,973,125283,5.202643834748447,0.16017812485616534
413,0.0416,1,14,1,19593,656851,974,125282,5.20253294892916,0.16017991824919803
414,0.0417,0,74,0,19667,656777,974,125282,5.201946838170067,0.16019507479614709
415,0.0418,1,31,1,19698,656746,975,125281,5.201701305284502,0.16020035113877143
416,0.0419,1,20,1,19718,656726,976,125280,5.201542896971233,0.1602033743986619
417,0.042,0,69,0,19787,656657,976,125280,5.2009963882904575,0.16021751112941324
418,0.0421,1,26,1,19813,656631,977,125279,5.200790457483209,0.16022176465322097
419,0.0422,3,16,3,19829,656615,980,125276,5.200663730832594,0.1602218212001417
420,0.0423,0,24,0,19853,656591,980,125276,5.200473640856672,0.16022673933034648
421,0.0424,1,39,1,19892,656552,981,125275,5.200164744645799,0.1602336578296733
422,0.0425,8,51,8,19943,656501,989,125267,5.199760803446965,0.1602355174425149
423,0.0426,1,15,1,19958,656486,990,125266,5.199641997212014,0.1602375177805749
424,0.0427,2,29,2,19987,656457,992,125264,5.199412305157774,0.16024131371678643
425,0.0428,0,31,0,20018,656426,992,125264,5.199166772272209,0.16024766851309344
426,0.0429,0,15,0,20033,656411,992,125264,5.1990479660372575,0.16025074359548405
427,0.043,0,28,0,20061,656383,992,125264,5.198826194398682,0.1602564840650575
428,0.0431,2,49,2,20110,656334,994,125262,5.198438094031175,0.16026438211045094
429,0.0432,2,30,2,20140,656304,996,125260,5.198200481561273,0.16026838493072865
430,0.0433,1,67,1,20207,656237,997,125259,5.197669813711824,0.16028105070275472
431,0.0434,0,14,0,20221,656223,997,125259,5.197558927892536,0.1602839220864972
432,0.0435,2,17,2,20238,656206,999,125257,5.197424280826258,0.16028525982676084
433,0.0436,3,24,3,20262,656182,1002,125254,5.1972341908503354,0.16028695888082964
434,0.0437,2,33,2,20295,656149,1004,125252,5.196972817133443,0.1602915788436411
435,0.0438,1,21,1,20316,656128,1005,125251,5.196806488404511,0.16029481212062263
436,0.0439,1,36,1,20352,656092,1006,125250,5.1965213534406285,0.16030112293976262
437,0.044,0,55,0,20407,656037,1006,125250,5.19608573057914,0.16031240760437585
438,0.0441,3,43,3,20450,655994,1009,125247,5.195745152705614,0.16031800686343906
439,0.0442,1,22,1,20472,655972,1010,125246,5.195570903561019,0.16032144676645954
440,0.0443,5,102,5,20574,655870,1015,125241,5.194763021163351,0.16033700716031396
441,0.0444,6,28,6,20602,655842,1021,125235,5.194541249524775,0.1603363048713507
442,0.0445,6,30,6,20632,655812,1027,125229,5.1943036370548725,0.16033601309022188
443,0.0446,3,39,3,20671,655773,1030,125226,5.1939947408439995,0.1603407942903896
444,0.0447,0,12,0,20683,655761,1030,125226,5.193899695856039,0.16034325795435775
445,0.0448,2,20,2,20703,655741,1032,125224,5.19374128754277,0.16034521393404313
446,0.0449,1,31,1,20734,655710,1033,125223,5.193495754657205,0.16035050382043017
447,0.045,2,46,2,20780,655664,1035,125221,5.193131415536687,0.16035779916376933
448,0.0451,0,20,0,20800,655644,1035,125221,5.1929730072234195,0.160361906347448
449,0.0452,1,32,1,20832,655612,1036,125220,5.19271955392219,0.1603674029752879
450,0.0453,4,65,4,20897,655547,1040,125216,5.192204726904068,0.16037645226528408
451,0.0454,4,37,4,20934,655510,1044,125212,5.1919116715245215,0.1603797510509503
452,0.0455,3,17,3,20951,655493,1047,125209,5.1917770244582435,0.1603800169590958
453,0.0456,1,14,1,20965,655479,1048,125208,5.191666138638956,0.1603818175530014
454,0.0457,0,20,0,20985,655459,1048,125208,5.191507730325688,0.16038592639371205
455,0.0458,1,23,1,21008,655436,1049,125207,5.191325560765429,0.16038957628519054
456,0.0459,0,20,0,21028,655416,1049,125207,5.19116715245216,0.16039368555628006
457,0.046,3,26,3,21054,655390,1052,125204,5.190961221644912,0.16039580114630653
458,0.0461,0,40,0,21094,655350,1052,125204,5.190644405018375,0.1604040207339915
459,0.0462,1,39,1,21133,655311,1053,125203,5.190335508807502,0.16041095995715643
460,0.0463,2,57,2,21190,655254,1055,125201,5.189884045114687,0.16042052392514622
461,0.0464,3,41,3,21231,655213,1058,125198,5.1895593080724876,0.16042572439394115
462,0.0465,2,17,2,21248,655196,1060,125196,5.18942466100621,0.1604270674225261
463,0.0466,2,9,2,21257,655187,1062,125194,5.189353377265239,0.16042676590024615
464,0.0467,5,65,5,21322,655122,1067,125189,5.188838550247117,0.16043474973440078
465,0.0468,0,25,0,21347,655097,1067,125189,5.188640539855531,0.16043988998905528
466,0.0469,0,24,0,21371,655073,1067,125189,5.18845044987961,0.16044482494341644
467,0.047,2,24,2,21395,655049,1069,125187,5.188260359903688,0.16044760815958248
468,0.0471,2,18,2,21413,655031,1071,125185,5.188117792421746,0.1604491576691583
469,0.0472,2,31,2,21444,655000,1073,125183,5.187872259536181,0.1604533808093742
470,0.0473,2,31,2,21475,654969,1075,125181,5.187626726650614,0.16045760430686407
471,0.0474,1,35,1,21510,654934,1076,125180,5.187349512102395,0.1604637270962962
472,0.0475,0,25,0,21535,654909,1076,125180,5.18715150171081,0.16046886957770204
473,0.0476,2,29,2,21564,654880,1078,125178,5.186921809656571,0.16047268280050972
474,0.0477,5,42,5,21606,654838,1083,125173,5.1865891521987075,0.16047594200594606
475,0.0478,2,31,2,21637,654807,1085,125171,5.186343619313141,0.16048016738933663
476,0.0479,0,21,0,21658,654786,1085,125171,5.18617729058421,0.16048448824742903
477,0.048,1,18,1,21676,654768,1086,125170,5.186034723102268,0.16048711564252544
478,0.0481,2,14,2,21690,654754,1088,125168,5.185923837282981,0.16048784365616048
479,0.0482,0,35,0,21725,654719,1088,125168,5.185646622734761,0.16049504607718812
480,0.0483,10,65,10,21790,654654,1098,125158,5.185131795716639,0.16049765840997574
481,0.0484,2,28,2,21818,654626,1100,125156,5.1849100240780635,0.16050126830319242
482,0.0485,2,27,2,21845,654599,1102,125154,5.184696172855151,0.16050467263351342
483,0.0486,0,24,0,21869,654575,1102,125154,5.1845060828792295,0.16050961295527036
484,0.0487,0,23,0,21892,654552,1102,125154,5.184323913318971,0.16051434771567744
485,0.0488,1,33,1,21925,654519,1103,125153,5.1840625396020785,0.16052006484778214
486,0.0489,0,24,0,21949,654495,1103,125153,5.183872449626157,0.16052500615662452
487,0.049,1,28,1,21977,654467,1104,125152,5.183650677987581,0.16052969463289118
488,0.0491,1,22,1,21999,654445,1105,125151,5.183476428842986,0.16053314793816284
489,0.0492,1,45,1,22044,654400,1106,125150,5.183120010138132,0.1605413379513822
490,0.0493,3,34,3,22078,654366,1109,125147,5.182850716005576,0.1605451095748243
491,0.0494,2,22,2,22100,654344,1111,125145,5.182676466860981,0.1605474868792247
492,0.0495,3,19,3,22119,654325,1114,125142,5.182525978963376,0.1605481694542553
493,0.0496,1,35,1,22154,654290,1115,125141,5.1822487644151565,0.16055430179194824
494,0.0497,2,37,2,22191,654253,1117,125139,5.18195570903561,0.16055976966661192
495,0.0498,1,30,1,22221,654223,1118,125138,5.1817180965657075,0.16056487301776712
496,0.0499,3,41,3,22262,654182,1121,125135,5.181393359523508,0.16057008893685112
497,0.05,7,86,7,22348,654096,1128,125128,5.180712203776454,0.1605802696015523
498,0.0501,2,13,2,22361,654083,1130,125126,5.1806092383728295,0.16058079411300435
499,0.0502,4,58,4,22419,654025,1134,125122,5.180149854264352,0.16058843838197415
500,0.0503,4,26,4,22445,653999,1138,125118,5.179943923457103,0.16058948784328927
501,0.0504,1,31,1,22476,653968,1139,125117,5.179698390571537,0.1605948003106208
502,0.0505,6,41,6,22517,653927,1145,125111,5.179373653529337,0.16059678731974564
503,0.0506,0,21,0,22538,653906,1145,125111,5.179207324800405,0.16060111653532594
504,0.0507,1,53,1,22591,653853,1146,125110,5.178787542770245,0.16061096611777453
505,0.0508,3,48,3,22639,653805,1149,125107,5.178407362818401,0.16061763074647714
506,0.0509,1,13,1,22652,653792,1150,125106,5.178304397414776,0.16061923384063126
507,0.051,4,53,4,22705,653739,1154,125102,5.177884615384615,0.1606258530303361
508,0.0511,0,32,0,22737,653707,1154,125102,5.177631162083386,0.1606324528863945
509,0.0512,2,43,2,22780,653664,1156,125100,5.177290584209859,0.16063916667950753
510,0.0513,2,19,2,22799,653645,1158,125098,5.177140096312255,0.1606409303197589
511,0.0514,1,27,1,22826,653618,1159,125097,5.1769262450893425,0.16064542226616926
512,0.0515,5,59,5,22885,653559,1164,125092,5.176458940565201,0.16065220490309523
513,0.0516,1,16,1,22901,653543,1165,125091,5.176332213914586,0.16065442813953668
514,0.0517,2,44,2,22945,653499,1167,125089,5.175983715625396,0.16066135106115173
515,0.0518,1,8,1,22953,653491,1168,125088,5.175920352300088,0.16066192383817185
516,0.0519,3,25,3,22978,653466,1171,125085,5.175722341908504,0.16066384861107366
517,0.052,2,39,2,23017,653427,1173,125083,5.175413445697631,0.16066974091533828
518,0.0521,1,24,1,23041,653403,1174,125082,5.175223355721708,0.1606736160619665
519,0.0522,3,62,3,23103,653341,1177,125079,5.174732289950577,0.16068317874669202
520,0.0523,2,33,2,23136,653308,1179,125077,5.174470916233684,0.16068783442640852
521,0.0524,1,20,1,23156,653288,1180,125076,5.1743125079204155,0.16069088498440318
522,0.0525,0,44,0,23200,653244,1180,125076,5.173964009631225,0.160699969164354
523,0.0526,1,49,1,23249,653195,1181,125075,5.173575909263718,0.16070900844180042
524,0.0527,1,25,1,23274,653170,1182,125074,5.173377898872133,0.1607130925519503
525,0.0528,2,30,2,23304,653140,1184,125072,5.17314028640223,0.16071713106454283
526,0.0529,3,35,3,23339,653105,1187,125069,5.172863071854011,0.16072112406736797
527,0.053,1,19,1,23358,653086,1188,125068,5.172712583956406,0.16072396980546266
528,0.0531,1,32,1,23390,653054,1189,125067,5.172459130655176,0.1607295009388
529,0.0532,0,31,0,23421,653023,1189,125067,5.172213597769611,0.16073590458687298
530,0.0533,3,72,3,23493,652951,1192,125064,5.171643327841845,0.16074754342782593
531,0.0534,3,15,3,23508,652936,1195,125061,5.171524521606894,0.16074740648100186
532,0.0535,2,26,2,23534,652910,1197,125059,5.171318590799645,0.1607506211687098
533,0.0536,1,19,1,23553,652891,1198,125058,5.17116810290204,0.16075346841502464
534,0.0537,7,74,7,23627,652817,1205,125051,5.170581992142948,0.1607612088426314
535,0.0538,0,9,0,23636,652808,1205,125051,5.170510708401977,0.16076306888523498
536,0.0539,2,35,2,23671,652773,1207,125049,5.1702334938537575,0.16076814489690444
537,0.054,1,12,1,23683,652761,1208,125048,5.170138448865797,0.16076954625107193
538,0.0541,4,28,4,23711,652733,1212,125044,5.169916677227221,0.16077101791387505
539,0.0542,2,35,2,23746,652698,1214,125042,5.169639462679001,0.1607760948388922
540,0.0543,4,35,4,23781,652663,1218,125038,5.169362248130782,0.16077901404267192
541,0.0544,3,21,3,23802,652642,1221,125035,5.16919591940185,0.16078011822388988
542,0.0545,3,24,3,23826,652618,1224,125032,5.169005829425928,0.16078184273130586
543,0.0546,1,18,1,23844,652600,1225,125031,5.1688632619439865,0.16078448518641875
544,0.0547,2,32,2,23876,652568,1227,125029,5.168609808642757,0.1607889433729811
545,0.0548,2,33,2,23909,652535,1229,125027,5.168348434925865,0.1607936087411679
546,0.0549,1,18,1,23927,652517,1230,125026,5.168205867443923,0.16079625178285958
547,0.055,2,58,2,23985,652459,1232,125024,5.167746483335446,0.16080608836463306
548,0.0551,4,32,4,24017,652427,1236,125020,5.167493030034216,0.16080838951079623
549,0.0552,0,10,0,24027,652417,1236,125020,5.167413825877582,0.1608104579535062
550,0.0553,0,33,0,24060,652384,1236,125020,5.167152452160689,0.16081728419200314
551,0.0554,2,28,2,24088,652356,1238,125018,5.166930680522114,0.16082091760208087
552,0.0555,2,33,2,24121,652323,1240,125016,5.166669306805221,0.16082558574830286
553,0.0556,1,15,1,24136,652308,1241,125015,5.16655050057027,0.16082760962945905
554,0.0557,1,39,1,24175,652269,1242,125014,5.166241604359397,0.16083459949593648
555,0.0558,4,35,4,24210,652234,1246,125010,5.165964389811177,0.16083752335174026
556,0.0559,3,34,3,24244,652200,1249,125007,5.165695095678621,0.1608413202660295
557,0.056,1,35,1,24279,652165,1250,125006,5.165417881130402,0.16084748401574428
558,0.0561,4,22,4,24301,652143,1254,125002,5.165243631985807,0.16084771825077687
559,0.0562,2,14,2,24315,652129,1256,125000,5.165132746166519,0.16084845630519515
560,0.0563,1,23,1,24338,652106,1257,124999,5.164950576606261,0.16085213709859028
561,0.0564,2,33,2,24371,652073,1259,124997,5.164689202889368,0.1608568082669515
562,0.0565,0,17,0,24388,652056,1259,124997,5.16455455582309,0.160860327416534
563,0.0566,0,11,0,24399,652045,1259,124997,5.164467431250792,0.1608626045953758
564,0.0567,3,68,3,24467,651977,1262,124994,5.16392884298568,0.16087344315296195
565,0.0568,0,40,0,24507,651937,1262,124994,5.163612026359143,0.16088172566160958
566,0.0569,2,32,2,24539,651905,1264,124992,5.163358573057914,0.16088619212070585
567,0.057,0,20,0,24559,651885,1264,124992,5.163200164744646,0.16089033399109512
568,0.0571,1,16,1,24575,651869,1265,124991,5.163073438094031,0.16089256751538245
569,0.0572,0,22,0,24597,651847,1265,124991,5.162899188949436,0.1608971239820915
570,0.0573,5,46,5,24643,651801,1270,124986,5.162534849828919,0.16090125092206745
571,0.0574,1,27,1,24670,651774,1271,124985,5.162320998606007,0.16090576356373085
572,0.0575,0,47,0,24717,651727,1271,124985,5.161948739069826,0.16091550021114648
573,0.0576,1,16,1,24733,651711,1272,124984,5.161822012419211,0.16091773476074908
574,0.0577,3,58,3,24791,651653,1275,124981,5.161362628310734,0.1609265110721395
575,0.0578,1,19,1,24810,651634,1276,124980,5.161212140413129,0.1609293677425336
576,0.0579,2,24,2,24834,651610,1278,124978,5.161022050437207,0.16093218025516748
577,0.058,1,24,1,24858,651586,1279,124977,5.160831960461285,0.16093607344156238
578,0.0581,5,16,5,24874,651570,1284,124972,5.1607052338106705,0.16093398682878712
579,0.0582,2,21,2,24895,651549,1286,124970,5.160538905081738,0.16093617799435686
580,0.0583,0,32,0,24927,651517,1286,124970,5.160285451780509,0.16094281037544736
581,0.0584,0,14,0,24941,651503,1286,124970,5.1601745659612215,0.1609457122140757
582,0.0585,2,25,2,24966,651478,1288,124968,5.159976555569636,0.16094873307351704
583,0.0586,2,33,2,24999,651445,1290,124966,5.159715181852744,0.16095341256113063
584,0.0587,0,36,0,25035,651409,1290,124966,5.15943004688886,0.1609608758654001
585,0.0588,3,27,3,25062,651382,1293,124963,5.159216195665948,0.16096323155298226
586,0.0589,2,21,2,25083,651361,1295,124961,5.159049866937017,0.16096542414101364
587,0.059,4,45,4,25128,651316,1299,124957,5.158693448232163,0.1609704317939694
588,0.0591,0,23,0,25151,651293,1299,124957,5.158511278671905,0.16097520128824477
589,0.0592,0,20,0,25171,651273,1299,124957,5.1583528703586365,0.16097934890431959
590,0.0593,0,51,0,25222,651222,1299,124957,5.157948929159803,0.16098992629277525
591,0.0594,4,24,4,25246,651198,1303,124953,5.15775883918388,0.16099058044117703
592,0.0595,1,21,1,25267,651177,1304,124952,5.157592510454949,0.1609938554029034
593,0.0596,0,36,0,25303,651141,1304,124952,5.157307375491066,0.16100132329501748
594,0.0597,3,21,3,25324,651120,1307,124949,5.157141046762134,0.1610024366390102
595,0.0598,4,22,4,25346,651098,1311,124945,5.156966797617539,0.1610026763980862
596,0.0599,4,28,4,25374,651070,1315,124941,5.156745025978964,0.16100416102349063
597,0.06,3,92,3,25466,650978,1318,124938,5.156016347737929,0.16102000732038005
598,0.0601,2,28,2,25494,650950,1320,124936,5.155794576099353,0.16102365553702477
599,0.0602,2,59,2,25553,650891,1322,124934,5.155327271575212,0.16103373827860665
600,0.0603,0,54,0,25607,650837,1322,124934,5.1548995691293875,0.16104494754250934
601,0.0604,3,19,3,25626,650818,1325,124931,5.154749081231783,0.1610456474968063
602,0.0605,7,34,7,25660,650784,1332,124924,5.154479787099227,0.16104513554069314
603,0.0606,0,29,0,25689,650755,1332,124924,5.154250095044988,0.16105115647065346
604,0.0607,2,32,2,25721,650723,1334,124922,5.153996641743759,0.16105563756615462
605,0.0608,4,31,4,25752,650692,1338,124918,5.153751108858193,0.16105774809504778
606,0.0609,0,22,0,25774,650670,1338,124918,5.153576859713597,0.16106231659076725
607,0.061,3,47,3,25821,650623,1341,124915,5.153204600177418,0.16106883221711896
608,0.0611,1,32,1,25853,650591,1342,124914,5.152951146876188,0.16107439668345142
609,0.0612,1,27,1,25880,650564,1343,124913,5.152737295653276,0.16107892303704688
610,0.0613,3,36,3,25916,650528,1346,124910,5.152452160689393,0.16108315558432781
611,0.0614,3,28,3,25944,650500,1349,124907,5.152230389050818,0.16108572659261522
612,0.0615,1,42,1,25986,650458,1350,124906,5.151897731592954,0.16109337033960824
613,0.0616,1,29,1,26015,650429,1351,124905,5.151668039538715,0.16109831375897354
614,0.0617,0,43,0,26058,650386,1351,124905,5.151327461665188,0.16110724876207771
615,0.0618,2,20,2,26078,650366,1353,124903,5.15116905335192,0.1611092407925507
616,0.0619,0,24,0,26102,650342,1353,124903,5.150978963375998,0.16111422840521383
617,0.062,1,58,1,26160,650284,1354,124902,5.15051957926752,0.16112520091952126
618,0.0621,0,24,0,26184,650260,1354,124902,5.150329489291598,0.16113018956037575
619,0.0622,3,30,3,26214,650230,1357,124899,5.150091876821696,0.16113317912244285
620,0.0623,0,14,0,26228,650216,1357,124899,5.1499809910024075,0.161136089483496
621,0.0624,1,19,1,26247,650197,1358,124898,5.149830503104803,0.16113895716009005
622,0.0625,2,45,2,26292,650152,1360,124896,5.149474084399949,0.16114614836758498
623,0.0626,7,54,7,26346,650098,1367,124889,5.149046381954125,0.16114979993212789
624,0.0627,0,29,0,26375,650069,1367,124889,5.148816689899886,0.16115583038048514
625,0.0628,0,34,0,26409,650035,1367,124889,5.14854739576733,0.16116290113611142
626,0.0629,3,18,3,26427,650017,1370,124886,5.148404828285388,0.1611633972252011
627,0.063,0,21,0,26448,649996,1370,124886,5.148238499556457,0.16116776489839743
628,0.0631,3,31,3,26479,649965,1373,124883,5.147992966670891,0.16117096514413148
629,0.0632,3,49,3,26528,649916,1376,124880,5.147604866303384,0.1611779100563245
630,0.0633,0,35,0,26563,649881,1376,124880,5.147327651755164,0.161185191304157
631,0.0634,5,59,5,26622,649822,1381,124875,5.146860347231023,0.16119205315110294
632,0.0635,4,24,4,26646,649798,1385,124871,5.146670257255101,0.16119271585670783
633,0.0636,2,44,2,26690,649754,1387,124869,5.146321758965911,0.16119970617965126
634,0.0637,3,46,3,26736,649708,1390,124866,5.145957419845393,0.1612060306697617
635,0.0638,6,29,6,26765,649679,1396,124860,5.145727727791154,0.1612055687318521
636,0.0639,5,28,5,26793,649651,1401,124855,5.145505956152579,0.1612059816192515
637,0.064,4,25,4,26818,649626,1405,124851,5.145307945760994,0.16120685314089378
638,0.0641,0,18,0,26836,649608,1405,124851,5.145165378279052,0.16121059991555395
639,0.0642,5,35,5,26871,649573,1410,124846,5.144888163730832,0.16121247025189206
640,0.0643,0,28,0,26899,649545,1410,124846,5.144666392092257,0.1612182992829204
641,0.0644,3,19,3,26918,649526,1413,124843,5.144515904194652,0.1612190054095657
642,0.0645,0,27,0,26945,649499,1413,124843,5.14430205297174,0.16122462684446923
643,0.0646,0,15,0,26960,649484,1413,124843,5.144183246736789,0.16122775003325468
644,0.0647,2,26,2,26986,649458,1415,124841,5.14397731592954,0.16123099732790563
645,0.0648,2,10,2,26996,649448,1417,124839,5.143898111772906,0.16123091308519968
646,0.0649,2,88,2,27084,649360,1419,124837,5.143201115194525,0.16124707277346723
647,0.065,2,35,2,27119,649325,1421,124835,5.142923900646306,0.16125219592849024
648,0.0651,1,12,1,27131,649313,1422,124834,5.142828855658345,0.1612536120400906
649,0.0652,5,31,5,27162,649282,1427,124829,5.142583322772779,0.16125465211061463
650,0.0653,3,37,3,27199,649245,1430,124826,5.142290267393233,0.16125910930651063
651,0.0654,2,24,2,27223,649221,1432,124824,5.142100177417311,0.1612619421351472
652,0.0655,1,20,1,27243,649201,1433,124823,5.141941769104043,0.1612650253738902
653,0.0656,0,36,0,27279,649165,1433,124823,5.141656634140159,0.16127252618903654
654,0.0657,2,15,2,27294,649150,1435,124821,5.141537827905209,0.1612734844070385
655,0.0658,4,22,4,27316,649128,1439,124817,5.141363578760614,0.1612737339216611
656,0.0659,0,24,0,27340,649104,1439,124817,5.141173488784691,0.1612787351680598
657,0.066,5,54,5,27394,649050,1444,124812,5.140745786338867,0.16128457011715266
658,0.0661,2,41,2,27435,649009,1446,124810,5.140421049296667,0.1612909478831613
659,0.0662,0,13,0,27448,648996,1446,124810,5.1403180838930425,0.16129365758342532
660,0.0663,2,52,2,27500,648944,1448,124808,5.139906222278545,0.16130232942855074
661,0.0664,0,16,0,27516,648928,1448,124808,5.139779495627931,0.1613056649813373
662,0.0665,1,15,1,27531,648913,1449,124807,5.139660689392979,0.1613077082148581
663,0.0666,2,22,2,27553,648891,1451,124805,5.139486440248384,0.16131012697493588
664,0.0667,3,83,3,27636,648808,1454,124802,5.138829045748321,0.16132418143509003
665,0.0668,2,23,2,27659,648785,1456,124800,5.138646876188062,0.16132680959429152
666,0.0669,4,30,4,27689,648755,1460,124796,5.1384092637181595,0.16132872945675206
667,0.067,3,19,3,27708,648736,1463,124793,5.138258775820555,0.16132943949095638
668,0.0671,2,41,2,27749,648695,1465,124791,5.137934038778355,0.16133582249711048
669,0.0672,3,50,3,27799,648645,1468,124788,5.137538017995184,0.16134299932896579
670,0.0673,4,36,4,27835,648609,1472,124784,5.137252883031302,0.16134617199793636
671,0.0674,1,8,1,27843,648601,1473,124783,5.137189519705994,0.1613467565918095
672,0.0675,1,65,1,27908,648536,1474,124782,5.136674692687873,0.161359233846878
673,0.0676,1,52,1,27960,648484,1475,124781,5.136262831073375,0.1613690002780418
674,0.0677,2,26,2,27986,648458,1477,124779,5.136056900266126,0.16137225714754985
675,0.0678,1,11,1,27997,648447,1478,124778,5.1359697756938285,0.16137346826602864
676,0.0679,4,29,4,28026,648418,1482,124774,5.13574008363959,0.16137518236091425
677,0.068,3,36,3,28062,648382,1485,124771,5.135454948675706,0.16137944236134374
678,0.0681,1,17,1,28079,648365,1486,124770,5.135320301609428,0.16138190613540973
679,0.0682,0,45,0,28124,648320,1486,124770,5.134963882904575,0.16139129984865927
680,0.0683,8,49,8,28173,648271,1494,124762,5.134575782537068,0.16139285127543068
681,0.0684,3,38,3,28211,648233,1497,124759,5.134274806741858,0.16139753063421097
682,0.0685,1,24,1,28235,648209,1498,124758,5.134084716765936,0.16140145698328648
683,0.0686,3,29,3,28264,648180,1501,124755,5.133855024711697,0.16140425779658057
684,0.0687,3,27,3,28291,648153,1504,124752,5.133641173488785,0.16140664117841133
685,0.0688,6,83,6,28374,648070,1510,124746,5.132983778988721,0.16141746547690525
686,0.0689,1,26,1,28400,648044,1511,124745,5.1327778481814725,0.16142181112826398
687,0.069,1,59,1,28459,647985,1512,124744,5.132310543657331,0.16143305091435678
688,0.0691,2,70,2,28529,647915,1514,124742,5.1317561145608925,0.16144550557362453
689,0.0692,4,30,4,28559,647885,1518,124738,5.13151850209099,0.16144743296536604
690,0.0693,0,34,0,28593,647851,1518,124738,5.131249207958434,0.16145453792378614
691,0.0694,0,13,0,28606,647838,1518,124738,5.131146242554809,0.16145725469080063
692,0.0695,0,40,0,28646,647798,1518,124738,5.1308294259282725,0.16146561454741268
693,0.0696,2,33,2,28679,647765,1520,124736,5.13056805221138,0.16147034113871697
694,0.0697,3,25,3,28704,647740,1523,124733,5.130370041819795,0.16147231035906756
695,0.0698,0,23,0,28727,647717,1523,124733,5.130187872259536,0.16147711826008157
696,0.0699,0,34,0,28761,647683,1523,124733,5.12991857812698,0.16148422611649682
697,0.07,4,48,4,28809,647635,1527,124729,5.129538398175137,0.16148991926086664
698,0.0701,1,25,1,28834,647610,1528,124728,5.129340387783551,0.16149406089043916
699,0.0702,0,55,0,28889,647555,1528,124728,5.128904764922063,0.16150556208022188
700,0.0703,0,13,0,28902,647542,1528,124728,5.128801799518438,0.16150828078262783
701,0.0704,9,67,9,28969,647475,1537,124719,5.12827113166899,0.16151252146481324
702,0.0705,3,42,3,29011,647433,1540,124716,5.127938474211127,0.1615180489775937
703,0.0706,1,18,1,29029,647415,1541,124715,5.127795906729185,0.16152072837475553
704,0.0707,6,20,6,29049,647395,1547,124709,5.1276374984159165,0.16151839648544755
705,0.0708,0,49,0,29098,647346,1547,124709,5.127249398048409,0.1615286475704451
706,0.0709,4,26,4,29124,647320,1551,124705,5.127043467241161,0.16152974320779767
707,0.071,4,15,4,29139,647305,1555,124701,5.12692466100621,0.161528537342974
708,0.0711,4,23,4,29162,647282,1559,124697,5.126742491445951,0.16152900532268366
709,0.0712,1,43,1,29205,647239,1560,124696,5.126401913572424,0.1615369169683976
710,0.0713,0,79,0,29284,647160,1560,124696,5.1257762007350145,0.16155345038452767
711,0.0714,0,67,0,29351,647093,1560,124696,5.1252455328855655,0.1615674750482321
712,0.0715,2,12,2,29363,647081,1562,124694,5.125150487897605,0.16156781445369442
713,0.0716,4,44,4,29407,647037,1566,124690,5.1248019896084145,0.16157268049452722
714,0.0717,2,55,2,29462,646982,1568,124688,5.124366366746927,0.1615820234037866
715,0.0718,1,39,1,29501,646943,1569,124687,5.124057470536053,0.16158910358591552
716,0.0719,1,57,1,29558,646886,1570,124686,5.123606006843239,0.16159995437885252
717,0.072,2,46,2,29604,646840,1572,124684,5.123241667722722,0.16160741597150574
718,0.0721,2,46,2,29650,646794,1574,124682,5.122877328602205,0.16161487849265563
719,0.0722,2,35,2,29685,646759,1576,124680,5.122600114053985,0.16162003735875421
720,0.0723,4,22,4,29707,646737,1580,124676,5.12242586490939,0.16162029937270955
721,0.0724,3,23,3,29730,646714,1583,124673,5.122243695349132,0.16162185777048355
722,0.0725,0,55,0,29785,646659,1583,124673,5.121808072487644,0.1616333822530376
723,0.0726,1,37,1,29822,646622,1584,124672,5.121515017108098,0.16164004906041016
724,0.0727,0,28,0,29850,646594,1584,124672,5.121293245469523,0.16164591723218708
725,0.0728,2,41,2,29891,646553,1586,124670,5.120968508427322,0.16165233661340495
726,0.0729,2,21,2,29912,646532,1588,124668,5.120802179698391,0.1616545643153527
727,0.073,4,42,4,29954,646490,1592,124664,5.120469522240527,0.16165902011790123
728,0.0731,4,59,4,30013,646431,1596,124660,5.120002217716386,0.16166704059572734
729,0.0732,3,16,3,30029,646415,1599,124657,5.1198754910657716,0.16166713354913678
730,0.0733,3,41,3,30070,646374,1602,124654,5.119550754023571,0.16167246844472574
731,0.0734,0,35,0,30105,646339,1602,124654,5.119273539475351,0.16167980772847484
732,0.0735,1,18,1,30123,646321,1603,124653,5.11913097199341,0.16168249512953745
733,0.0736,2,37,2,30160,646284,1605,124651,5.118837916613864,0.1616880800586301
734,0.0737,3,49,3,30209,646235,1608,124648,5.118449816246357,0.16169509510522348
735,0.0738,0,46,0,30255,646189,1608,124648,5.11808547712584,0.16170474432337836
736,0.0739,5,18,5,30273,646171,1613,124643,5.117942909643898,0.16170308271515565
737,0.074,1,13,1,30286,646158,1614,124642,5.1178399442402736,0.1617047223663726
738,0.0741,2,21,2,30307,646137,1616,124640,5.117673615511342,0.16170695285406803
739,0.0742,1,17,1,30324,646120,1617,124639,5.117538968445064,0.1617094318717005
740,0.0743,2,35,2,30359,646085,1619,124637,5.117261753896845,0.1617146000762921
741,0.0744,2,9,2,30368,646076,1621,124635,5.117190470155874,0.16171431314721083
742,0.0745,0,33,0,30401,646043,1621,124635,5.116929096438981,0.16172123766345997
743,0.0746,2,39,2,30440,646004,1623,124633,5.116620200228108,0.1617272464208181
744,0.0747,1,37,1,30477,645967,1624,124632,5.116327144848562,0.1617339238696131
745,0.0748,2,21,2,30498,645946,1626,124630,5.11616081611963,0.1617361558107182
746,0.0749,3,9,3,30507,645937,1629,124627,5.116089532378659,0.16173478127709054
747,0.075,4,28,4,30535,645909,1633,124623,5.115867760740084,0.16173630686331003
748,0.0751,0,38,0,30573,645871,1633,124623,5.115566784944874,0.16174428353757458
749,0.0752,6,34,6,30607,645837,1639,124617,5.115297490812318,0.1617448932707209
750,0.0753,0,46,0,30653,645791,1639,124617,5.114933151691801,0.1617545508354015
751,0.0754,3,13,3,30666,645778,1642,124614,5.114830186288176,0.16175401613723922
752,0.0755,2,21,2,30687,645757,1644,124612,5.114663857559245,0.16175624927794344
753,0.0756,1,11,1,30698,645746,1645,124611,5.114576732986947,0.16175747088687453
754,0.0757,3,35,3,30733,645711,1648,124608,5.114299518438727,0.1617615559268303
755,0.0758,3,90,3,30823,645621,1651,124605,5.1135866810290205,0.16177719266812599
756,0.0759,1,25,1,30848,645596,1652,124604,5.113388670637435,0.16178135549207998
757,0.076,2,53,2,30901,645543,1654,124602,5.112968888607274,0.16179031221393375
758,0.0761,2,36,2,30937,645507,1656,124600,5.112683753643391,0.16179569851981607
759,0.0762,1,48,1,30985,645459,1657,124599,5.112303573691547,0.16180469523074886
760,0.0763,3,47,3,31032,645412,1660,124596,5.111931314155367,0.16181130585656253
761,0.0764,1,30,1,31062,645382,1661,124595,5.111693701685464,0.16181652179220937
762,0.0765,1,13,1,31075,645369,1662,124594,5.1115907362818405,0.1618181652884619
763,0.0766,1,18,1,31093,645351,1663,124593,5.111448168799899,0.16182085969888718
764,0.0767,2,41,2,31134,645310,1665,124591,5.111123431757699,0.16182729987362013
765,0.0768,2,32,2,31166,645278,1667,124589,5.11086997845647,0.16183184887779317
766,0.0769,2,44,2,31210,645234,1669,124587,5.11052148016728,0.16183892099591984
767,0.077,1,48,1,31258,645186,1670,124586,5.110141300215435,0.16184792380081375
768,0.0771,0,25,0,31283,645161,1670,124586,5.10994328982385,0.16185318033068008
769,0.0772,1,35,1,31318,645126,1671,124585,5.109666075275631,0.1618594511446504
770,0.0773,1,39,1,31357,645087,1672,124584,5.109357179064757,0.16186656376555697
771,0.0774,3,14,3,31371,645073,1675,124581,5.109246293245469,0.161866241194095
772,0.0775,2,57,2,31428,645016,1677,124579,5.108794829552655,0.161876051689525
773,0.0776,1,32,1,31460,644984,1678,124578,5.108541376251425,0.16188169374267442
774,0.0777,3,58,3,31518,644926,1681,124575,5.108081992142948,0.16189062782244598
775,0.0778,1,21,1,31539,644905,1682,124574,5.107915663414016,0.16189395682013413
776,0.0779,4,28,4,31567,644877,1686,124570,5.10769389177544,0.16189549117743002
777,0.078,4,27,4,31594,644850,1690,124566,5.107480040552528,0.16189681524688854
778,0.0781,1,15,1,31609,644835,1691,124565,5.107361234317577,0.1618988822459059
779,0.0782,4,85,4,31694,644750,1695,124561,5.106687998986187,0.16191241253537256
780,0.0783,4,47,4,31741,644703,1699,124557,5.1063157394500065,0.16191794711800953
781,0.0784,1,31,1,31772,644672,1700,124556,5.10607020656444,0.16192338292417852
782,0.0785,2,44,2,31816,644628,1702,124554,5.10572170827525,0.16193046639156922
783,0.0786,2,28,2,31844,644600,1704,124552,5.105499936636675,0.16193418206024296
784,0.0787,0,22,0,31866,644578,1704,124552,5.10532568749208,0.16193881398463197
785,0.0788,1,39,1,31905,644539,1705,124551,5.105016791281207,0.16194593610630745
786,0.0789,1,6,1,31911,644533,1706,124550,5.104969268787226,0.16194610984770175
787,0.079,1,12,1,31923,644521,1707,124549,5.104874223799265,0.1619475470373308
788,0.0791,1,20,1,31943,644501,1708,124548,5.104715815485997,0.16195066894307125
789,0.0792,4,54,4,31997,644447,1712,124544,5.104288113040172,0.1619576822095447
790,0.0793,3,43,3,32040,644404,1715,124541,5.103947535166646,0.16196346942889284
791,0.0794,0,11,0,32051,644393,1715,124541,5.103860410594348,0.16196578640039327
792,0.0795,0,33,0,32084,644360,1715,124541,5.103599036877456,0.1619727377126574
793,0.0796,1,20,1,32104,644340,1716,124540,5.103440628564187,0.16197586099261263
794,0.0797,4,54,4,32158,644286,1720,124536,5.103012926118363,0.16198287770121042
795,0.0798,0,64,0,32222,644222,1720,124536,5.102506019515904,0.1619963629646781
796,0.0799,1,42,1,32264,644180,1721,124535,5.102173362058041,0.1620041237649844
797,0.08,4,75,4,32339,644105,1725,124531,5.101579330883284,0.16201557043906348
798,0.0801,2,21,2,32360,644084,1727,124529,5.101413002154353,0.16201781650843794
799,0.0802,7,42,7,32402,644042,1734,124522,5.10108034469649,0.162019038102227
800,0.0803,2,29,2,32431,644013,1736,124520,5.100850652642251,0.16202297103702767
801,0.0804,0,13,0,32444,644000,1736,124520,5.100747687238626,0.1620257117576641
802,0.0805,0,37,0,32481,643963,1736,124520,5.10045463185908,0.16203351277777128
803,0.0806,4,36,4,32517,643927,1740,124516,5.100169496895197,0.16203674182730535
804,0.0807,3,43,3,32560,643884,1743,124513,5.09982891902167,0.16204253790683723
805,0.0808,1,34,1,32594,643850,1744,124512,5.099559624889114,0.16204861770884035
806,0.0809,0,16,0,32610,643834,1744,124512,5.0994328982385,0.16205199220143007
807,0.081,1,27,1,32637,643807,1745,124511,5.099219047015588,0.1620565963572375
808,0.0811,0,20,0,32657,643787,1745,124511,5.099060638702319,0.16206081494420133
809,0.0812,1,44,1,32701,643743,1746,124510,5.098712140413129,0.16206900591341655
810,0.0813,0,46,0,32747,643697,1746,124510,5.098347801292612,0.16207871055587883
811,0.0814,1,26,1,32773,643671,1747,124509,5.098141870485363,0.16208310552214325
812,0.0815,2,17,2,32790,643654,1749,124507,5.098007223419085,0.16208451092934945
813,0.0816,4,34,4,32824,643620,1753,124503,5.097737929286529,0.16208732195234357
814,0.0817,2,42,2,32866,643578,1755,124501,5.0974052718286655,0.1620940033512178
815,0.0818,3,46,3,32912,643532,1758,124498,5.097040932708149,0.1621004387849433
816,0.0819,1,28,1,32940,643504,1759,124497,5.096819161069573,0.16210525767544573
817,0.082,5,44,5,32984,643460,1764,124492,5.096470662780383,0.1621090901514678
818,0.0821,4,31,4,33015,643429,1768,124488,5.096225129894817,0.1621112698377559
819,0.0822,5,50,5,33065,643379,1773,124483,5.095829109111646,0.16211636986854408
820,0.0823,2,18,2,33083,643361,1775,124481,5.095686541629704,0.16211798781520156
821,0.0824,2,38,2,33121,643323,1777,124479,5.095385565834495,0.1621238287996124
822,0.0825,0,42,0,33163,643281,1777,124479,5.095052908376632,0.1621326977180369
823,0.0826,0,25,0,33188,643256,1777,124479,5.094854897985046,0.16213797729685372
824,0.0827,3,48,3,33236,643208,1780,124476,5.094474718033203,0.16214484084597308
825,0.0828,1,21,1,33257,643187,1781,124475,5.09430838930427,0.16214818500850633
826,0.0829,4,58,4,33315,643129,1785,124471,5.093849005195793,0.16215607087024492
827,0.083,0,15,0,33330,643114,1785,124471,5.0937301989608414,0.16215923969332385
828,0.0831,2,42,2,33372,643072,1787,124469,5.093397541502978,0.16216592989820738
829,0.0832,10,51,10,33423,643021,1797,124459,5.092993600304144,0.16216578933652995
830,0.0833,2,34,2,33457,642987,1799,124457,5.092724306171588,0.1621707903117361
831,0.0834,1,12,1,33469,642975,1800,124456,5.092629261183627,0.16217223437677133
832,0.0835,1,52,1,33521,642923,1801,124455,5.0922173995691296,0.16218213188285305
833,0.0836,2,52,2,33573,642871,1803,124453,5.091805537954632,0.1621909388993437
834,0.0837,1,56,1,33629,642815,1804,124452,5.091361994677481,0.16220168468082166
835,0.0838,2,28,2,33657,642787,1806,124450,5.091140223038905,0.16220542022869075
836,0.0839,2,17,2,33674,642770,1808,124448,5.091005575972627,0.16220683039240477
837,0.084,4,48,4,33722,642722,1812,124444,5.0906253960207835,0.16221261109068963
838,0.0841,1,34,1,33756,642688,1813,124443,5.0903561018882275,0.16221870840834224
839,0.0842,3,60,3,33816,642628,1816,124440,5.089880876948422,0.1622281205838335
840,0.0843,2,44,2,33860,642584,1818,124438,5.089532378659232,0.16223524227466748
841,0.0844,2,19,2,33879,642565,1820,124436,5.0893818907616275,0.16223707661398096
842,0.0845,1,35,1,33914,642530,1821,124435,5.089104676213408,0.16224338789905668
843,0.0846,2,29,2,33943,642501,1823,124433,5.088874984159169,0.16224733810210526
844,0.0847,0,36,0,33979,642465,1823,124433,5.0885898491952855,0.16225495437463652
845,0.0848,2,26,2,34005,642439,1825,124431,5.088383918388037,0.16225827063257137
846,0.0849,5,33,5,34038,642406,1830,124426,5.088122544671144,0.16225979093204249
847,0.085,3,55,3,34093,642351,1833,124423,5.087686921809657,0.16226815202393405
848,0.0851,2,38,2,34131,642313,1835,124421,5.087385946014447,0.1622740089783419
849,0.0852,2,22,2,34153,642291,1837,124419,5.0872116968698515,0.16227648002504205
850,0.0853,4,40,4,34193,642251,1841,124415,5.086894880243316,0.16228057589615294
851,0.0854,5,23,5,34216,642228,1846,124410,5.086712710683057,0.1622799809036338
852,0.0855,4,52,4,34268,642176,1850,124406,5.086300849068559,0.16228661773952427
853,0.0856,0,34,0,34302,642142,1850,124406,5.086031554936003,0.16229381591237602
854,0.0857,3,28,3,34330,642114,1853,124403,5.085809783297427,0.1622964657013478
855,0.0858,3,51,3,34381,642063,1856,124400,5.085405842098593,0.16230398597192558
856,0.0859,1,46,1,34427,642017,1857,124399,5.0850415029780764,0.16231263439176635
857,0.086,1,17,1,34444,642000,1858,124398,5.0849068559117985,0.1623151417409753
858,0.0861,2,12,2,34456,641988,1860,124396,5.084811810923838,0.1623154971920082
859,0.0862,3,32,3,34488,641956,1863,124393,5.084558357622608,0.1623189956534164
860,0.0863,3,58,3,34546,641898,1866,124390,5.08409897351413,0.16232800200446829
861,0.0864,3,20,3,34566,641878,1869,124387,5.083940565200861,0.16232895930259114
862,0.0865,7,60,7,34626,641818,1876,124380,5.083465340261057,0.1623340180997601
863,0.0866,1,49,1,34675,641769,1877,124379,5.08307723989355,0.1623433070372826
864,0.0867,3,54,3,34729,641715,1880,124376,5.082649537447725,0.1623514699950789
865,0.0868,0,35,0,34764,641680,1880,124376,5.082372322899506,0.16235888760090647
866,0.0869,1,20,1,34784,641660,1881,124375,5.082213914586237,0.16236203306637426
867,0.087,1,7,1,34791,641653,1882,124374,5.0821584716765935,0.1623624232566215
868,0.0871,0,29,0,34820,641624,1882,124374,5.081928779622355,0.1623685701529247
869,0.0872,9,58,9,34878,641566,1891,124365,5.081469395513877,0.16237102297726558
870,0.0873,3,44,3,34922,641522,1894,124362,5.081120897224686,0.16237707015683836
871,0.0874,0,38,0,34960,641484,1894,124362,5.080819921429477,0.16238512703598373
872,0.0875,2,34,2,34994,641450,1896,124360,5.080550627296921,0.16239014899256995
873,0.0876,1,52,1,35046,641398,1897,124359,5.080138765682423,0.16240008253270946
874,0.0877,4,36,4,35082,641362,1901,124355,5.0798536307185405,0.1624033422269585
875,0.0878,3,35,3,35117,641327,1904,124352,5.079576416170321,0.16240748407622516
876,0.0879,3,45,3,35162,641282,1907,124349,5.079219997465467,0.16241374761471258
877,0.088,1,63,1,35225,641219,1908,124348,5.078721011278672,0.16242601888534902
878,0.0881,1,35,1,35260,641184,1909,124347,5.078443796730452,0.162432350878018
879,0.0882,4,31,4,35291,641153,1913,124343,5.078198263844887,0.16243455223802605
880,0.0883,5,19,5,35310,641134,1918,124338,5.078047775947281,0.16243311316416537
881,0.0884,3,78,3,35388,641056,1921,124335,5.077429983525535,0.16244638361308142
882,0.0885,0,35,0,35423,641021,1921,124335,5.0771527689773155,0.16245381234353687
883,0.0886,2,40,2,35463,640981,1923,124333,5.07683595235078,0.16246011441055566
884,0.0887,5,41,5,35504,640940,1928,124328,5.076511215308579,0.16246334617415076
885,0.0888,4,33,4,35537,640907,1932,124324,5.076249841591687,0.16246597432670656
886,0.0889,1,24,1,35561,640883,1933,124323,5.076059751615765,0.1624699754053157
887,0.089,1,37,1,35598,640846,1934,124322,5.075766696236219,0.16247673713485142
888,0.0891,1,53,1,35651,640793,1935,124321,5.075346914206057,0.16248689737738428
889,0.0892,6,46,6,35697,640747,1941,124315,5.07498257508554,0.16249009884166252
890,0.0893,4,64,4,35761,640683,1945,124311,5.074475668483082,0.16249931372010762
891,0.0894,2,30,2,35791,640653,1947,124309,5.074238056013179,0.16250349690572866
892,0.0895,5,25,5,35816,640628,1952,124304,5.074040045621595,0.16250333362965597
893,0.0896,2,22,2,35838,640606,1954,124302,5.0738657964769995,0.16250581769310818
894,0.0897,3,30,3,35868,640576,1957,124299,5.073628184007097,0.1625089066840987
895,0.0898,2,61,2,35929,640515,1959,124297,5.073145038651629,0.1625196780385245
896,0.0899,2,39,2,35968,640476,1961,124295,5.072836142440755,0.16252577568971627
897,0.09,3,67,3,36035,640409,1964,124292,5.072305474591307,0.1625367300421995
898,0.0901,1,33,1,36068,640376,1965,124291,5.072044100874414,0.16254264928393666
899,0.0902,2,15,2,36083,640361,1967,124289,5.071925294639462,0.1625436474203884
900,0.0903,1,32,1,36115,640329,1968,124288,5.071671841338233,0.162549354775005
901,0.0904,1,45,1,36160,640284,1969,124287,5.07131542263338,0.1625578265458669
902,0.0905,1,25,1,36185,640259,1970,124286,5.071117412241795,0.16256204670751886
903,0.0906,0,18,0,36203,640241,1970,124286,5.070974844759853,0.16256587406330975
904,0.0907,1,26,1,36229,640215,1971,124285,5.070768913952604,0.16257030739045128
905,0.0908,5,93,5,36322,640122,1976,124280,5.070032315295907,0.16258460862216478
906,0.0909,1,21,1,36343,640101,1977,124279,5.069865986566975,0.16258797980062273
907,0.091,3,12,3,36355,640089,1980,124276,5.069770941579014,0.16258724562218313
908,0.0911,2,30,2,36385,640059,1982,124274,5.069533329109111,0.16259143593172087
909,0.0912,2,35,2,36420,640024,1984,124272,5.0692561145608925,0.16259669028753257
910,0.0913,4,57,4,36477,639967,1988,124268,5.068804650868078,0.16260443449985934
911,0.0914,2,46,2,36523,639921,1990,124266,5.068440311747561,0.1626120308249159
912,0.0915,1,25,1,36548,639896,1991,124265,5.068242301355975,0.16261625495150892
913,0.0916,1,18,1,36566,639878,1992,124264,5.068099733874034,0.16261898966422472
914,0.0917,2,51,2,36617,639827,1994,124262,5.0676957926752,0.16262765201435958
915,0.0918,2,30,2,36647,639797,1996,124260,5.067458180205297,0.16263184552984922
916,0.0919,0,20,0,36667,639777,1996,124260,5.067299771892029,0.1626361027018325
917,0.092,0,31,0,36698,639746,1996,124260,5.067054239006463,0.1626427017588867
918,0.0921,3,25,3,36723,639721,1999,124257,5.066856228614878,0.16264473584317873
919,0.0922,4,58,4,36781,639663,2003,124253,5.0663968445064,0.1626527000350824
920,0.0923,4,98,4,36879,639565,2007,124249,5.0656206437713855,0.1626691838588976
921,0.0924,3,33,3,36912,639532,2010,124246,5.0653592700544925,0.1626729232839909
922,0.0925,4,57,4,36969,639475,2014,124242,5.064907806361678,0.16268067883784176
923,0.0926,1,23,1,36992,639452,2015,124241,5.06472563680142,0.16268448185331016
924,0.0927,9,41,9,37033,639411,2024,124232,5.064400899759219,0.16268334810899857
925,0.0928,2,42,2,37075,639369,2026,124230,5.064068242301356,0.16269010305147072
926,0.0929,5,31,5,37106,639338,2031,124225,5.06382270941579,0.16269122521651783
927,0.093,1,18,1,37124,639320,2032,124224,5.063680141933848,0.1626939639365904
928,0.0931,0,34,0,37158,639286,2032,124224,5.0634108478012925,0.16270120889051878
929,0.0932,0,37,0,37195,639249,2032,124224,5.063117792421746,0.16270909383828897
930,0.0933,2,48,2,37243,639201,2034,124222,5.062737612469903,0.16271713060780196
931,0.0934,2,50,2,37293,639151,2036,124220,5.062341591686732,0.16272559476322784
932,0.0935,1,20,1,37313,639131,2037,124219,5.062183183373463,0.16272876138075587
933,0.0936,0,10,0,37323,639121,2037,124219,5.062103979216829,0.16273089317997222
934,0.0937,1,19,1,37342,639102,2038,124218,5.061953491319224,0.16273384687942147
935,0.0938,4,36,4,37378,639066,2042,124214,5.061668356355342,0.16273713447227753
936,0.0939,0,25,0,37403,639041,2042,124214,5.061470345963756,0.16274246483809474
937,0.094,3,22,3,37425,639019,2045,124211,5.061296096819161,0.16274386489000695
938,0.0941,2,13,2,37438,639006,2047,124209,5.0611931314155365,0.16274444291582318
939,0.0942,3,23,3,37461,638983,2050,124206,5.0610109618552785,0.16274605635039288
940,0.0943,6,39,6,37500,638944,2056,124200,5.060702065644405,0.16274779071839654
941,0.0944,2,35,2,37535,638909,2058,124198,5.060424851096186,0.16275306084205754
942,0.0945,1,25,1,37560,638884,2059,124197,5.0602268407046,0.16275729575235132
943,0.0946,3,38,3,37598,638846,2062,124194,5.05992586490939,0.1627621094569092
944,0.0947,1,18,1,37616,638828,2063,124193,5.059783297427449,0.16276485181928152
945,0.0948,1,35,1,37651,638793,2064,124192,5.0595060828792295,0.16277122092832755
946,0.0949,1,28,1,37679,638765,2065,124191,5.059284311240654,0.162776097179916
947,0.095,5,64,5,37743,638701,2070,124186,5.058777404638195,0.16278426555964381
948,0.0951,1,35,1,37778,638666,2071,124185,5.058500190089976,0.1627906367036289
949,0.0952,0,33,0,37811,638633,2071,124185,5.058238816373083,0.1627976791318506
950,0.0953,3,41,3,37852,638592,2074,124182,5.057914079330883,0.1628031369711081
951,0.0954,2,24,2,37876,638568,2076,124180,5.057723989354962,0.16280606438823833
952,0.0955,6,76,6,37952,638492,2082,124174,5.057122037764542,0.16281570176197707
953,0.0956,1,17,1,37969,638475,2083,124173,5.056987390698263,0.16281823331340278
954,0.0957,3,40,3,38009,638435,2086,124170,5.0566705740717275,0.1628234800453708
955,0.0958,4,24,4,38033,638411,2090,124166,5.056480484095806,0.162824213161425
956,0.0959,1,28,1,38061,638383,2091,124165,5.05625871245723,0.16282909403735896
957,0.096,4,47,4,38108,638336,2095,124161,5.055886452921049,0.16283473902192402
958,0.0961,2,21,2,38129,638315,2097,124159,5.055720124192118,0.16283702788554102
959,0.0962,2,35,2,38164,638280,2099,124157,5.055442909643898,0.16284230697093663
960,0.0963,2,20,2,38184,638260,2101,124155,5.05528450133063,0.1628443826524924
961,0.0964,2,20,2,38204,638240,2103,124153,5.055126093017361,0.16284645845384205
962,0.0965,1,13,1,38217,638227,2104,124152,5.055023127613737,0.16284813721259372
963,0.0966,1,40,1,38257,638187,2105,124151,5.054706310987201,0.16285558374369374
964,0.0967,3,34,3,38291,638153,2108,124148,5.054437016854645,0.16285955285379397
965,0.0968,1,89,1,38380,638064,2109,124147,5.053732099860601,0.16287747093652544
966,0.0969,3,44,3,38424,638020,2112,124144,5.053383601571411,0.1628835788622921
967,0.097,2,39,2,38463,637981,2114,124142,5.053074705360538,0.1628897172766076
968,0.0971,1,29,1,38492,637952,2115,124141,5.052845013306298,0.16289481729920102
969,0.0972,1,23,1,38515,637929,2116,124140,5.05266284374604,0.1628986351629577
970,0.0973,3,24,3,38539,637905,2119,124137,5.052472753770118,0.16290047005283173
971,0.0974,7,40,7,38579,637865,2126,124130,5.052155937143581,0.16290133137356544
972,0.0975,2,43,2,38622,637822,2128,124128,5.051815359270054,0.16290832731806548
973,0.0976,3,79,3,38701,637743,2131,124125,5.051189646432645,0.16292192348280804
974,0.0977,3,60,3,38761,637683,2134,124122,5.05071442149284,0.1629314588378916
975,0.0978,8,25,8,38786,637658,2142,124114,5.050516411101254,0.16292801520664976
976,0.0979,3,37,3,38823,637621,2145,124111,5.050223355721708,0.16293263247441359
977,0.098,0,28,0,38851,637593,2145,124111,5.050001584083133,0.16293862182685137
978,0.0981,2,47,2,38898,637546,2147,124109,5.049629324546952,0.16294647839244802
979,0.0982,4,34,4,38932,637512,2151,124105,5.049360030414396,0.16294935643505856
980,0.0983,0,26,0,38958,637486,2151,124105,5.049154099607147,0.16295491937273418
981,0.0984,1,24,1,38982,637462,2152,124104,5.048964009631225,0.16295895562564505
982,0.0985,0,32,0,39014,637430,2152,124104,5.048710556329996,0.16296580323399876
983,0.0986,2,29,2,39043,637401,2154,124102,5.048480864275757,0.1629698110184727
984,0.0987,7,67,7,39110,637334,2161,124095,5.047950196426308,0.16297645611081268
985,0.0988,1,25,1,39135,637309,2162,124094,5.047752186034723,0.16298070798250072
986,0.0989,4,36,4,39171,637273,2166,124090,5.04746705107084,0.16298401682246183
987,0.099,3,29,3,39200,637244,2169,124087,5.047237359016601,0.16298692684259541
988,0.0991,1,35,1,39235,637209,2170,124086,5.046960144468382,0.1629933205918862
989,0.0992,2,34,2,39269,637175,2172,124084,5.046690850335826,0.1629984013325294
990,0.0993,1,11,1,39280,637164,2173,124083,5.046603725763528,0.16299965714150597
991,0.0994,1,29,1,39309,637135,2174,124082,5.046374033709289,0.16300476736594163
992,0.0995,1,28,1,39337,637107,2175,124081,5.046152262070714,0.16300966384125867
993,0.0996,1,39,1,39376,637068,2176,124080,5.045843365859841,0.16301691655236564
994,0.0997,2,31,2,39407,637037,2178,124078,5.045597832974274,0.1630213568251841
995,0.0998,9,109,9,39516,636928,2187,124069,5.044734507666963,0.16303480828439534
996,0.0999,2,36,2,39552,636892,2189,124067,5.044449372703079,0.1630403214890684
997,0.1,3,36,3,39588,636856,2192,124064,5.044164237739197,0.16304473532040162
998,0.1001,8,43,8,39631,636813,2200,124056,5.043823659865669,0.16304514969068262
999,0.1002,1,50,1,39681,636763,2201,124055,5.043427639082499,0.1630547647400561
1000,0.1003,8,86,8,39767,636677,2209,124047,5.042746483335446,0.16306439654855112
1001,0.1004,2,44,2,39811,636633,2211,124045,5.0423979850462555,0.16307162820536417
1002,0.1005,3,29,3,39840,636604,2214,124042,5.042168292992017,0.16307454453188475
1003,0.1006,0,29,0,39869,636575,2214,124042,5.041938600937777,0.16308076206553365
1004,0.1007,1,54,1,39923,636521,2215,124041,5.0415108984919526,0.16309124042484374
1005,0.1008,4,79,4,40002,636442,2219,124037,5.040885185654544,0.16310378064351547
1006,0.1009,3,49,3,40051,636393,2222,124034,5.040497085287035,0.1631109889575199
1007,0.101,1,28,1,40079,636365,2223,124033,5.04027531364846,0.16311589457100098
1008,0.1011,4,40,4,40119,636325,2227,124029,5.0399584970219236,0.16312007301862028
1009,0.1012,0,24,0,40143,636301,2227,124029,5.039768407046002,0.16312522194310367
1010,0.1013,1,26,1,40169,636275,2228,124028,5.039562476238753,0.1631296996066042
1011,0.1014,1,21,1,40190,636254,2229,124027,5.039396147509821,0.16313310473364454
1012,0.1015,2,30,2,40220,636224,2231,124025,5.039158535039919,0.16313734052922135
1013,0.1016,4,20,4,40240,636204,2235,124021,5.03900012672665,0.16313722910980302
1014,0.1017,3,36,3,40276,636168,2238,124018,5.038714991762768,0.16314165217459936
1015,0.1018,4,49,4,40325,636119,2242,124014,5.03832689139526,0.16314776493061084
1016,0.1019,4,30,4,40355,636089,2246,124010,5.038089278925358,0.16314980022339196
1017,0.102,1,17,1,40372,636072,2247,124009,5.03795463185908,0.16315234823656952
1018,0.1021,3,23,3,40395,636049,2250,124006,5.037772462298822,0.16315398227759834
1019,0.1022,6,39,6,40434,636010,2256,124000,5.037463566087948,0.16315574795068485
1020,0.1023,3,35,3,40469,635975,2259,123997,5.037186351539729,0.16315995852478776
1021,0.1024,0,18,0,40487,635957,2259,123997,5.037043784057787,0.16316382307350183
1022,0.1025,6,52,6,40539,635905,2265,123991,5.03663192244329,0.16316838093633865
1023,0.1026,0,13,0,40552,635892,2265,123991,5.036528957039666,0.16317117240417275
1024,0.1027,0,29,0,40581,635863,2265,123991,5.036299264985426,0.16317739986892218
1025,0.1028,3,45,3,40626,635818,2268,123988,5.035942846280573,0.16318376006506924
1026,0.1029,1,34,1,40660,635784,2269,123987,5.035673552148017,0.16318996118567305
1027,0.103,1,26,1,40686,635758,2270,123986,5.035467621340768,0.16319444444444445
1028,0.1031,2,67,2,40753,635691,2272,123984,5.034936953491319,0.16320663441603317
1029,0.1032,4,21,4,40774,635670,2276,123980,5.034770624762388,0.16320673994602777
1030,0.1033,0,53,0,40827,635617,2276,123980,5.034350842732227,0.163218127507086
1031,0.1034,2,22,2,40849,635595,2278,123978,5.034176593587632,0.16322065160294008
1032,0.1035,3,32,3,40881,635563,2281,123975,5.033923140286403,0.1632242231461757
1033,0.1036,2,40,2,40921,635523,2283,123973,5.033606323659866,0.1632306160927773
1034,0.1037,4,39,4,40960,635484,2287,123969,5.033297427448993,0.16323459121235942
1035,0.1038,3,37,3,40997,635447,2290,123966,5.033004372069446,0.16323923872780688
1036,0.1039,0,37,0,41034,635410,2290,123966,5.0327113166899,0.16324719243168076
1037,0.104,3,38,3,41072,635372,2293,123963,5.03241034089469,0.16325205607538174
1038,0.1041,1,8,1,41080,635364,2294,123962,5.032346977569383,0.16325267408201483
1039,0.1042,1,52,1,41132,635312,2295,123961,5.0319351159548855,0.16326275265945187
1040,0.1043,4,49,4,41181,635263,2299,123957,5.031547015587378,0.16326888122019967
1041,0.1044,4,43,4,41224,635220,2303,123953,5.031206437713851,0.16327372021923856
1042,0.1045,1,26,1,41250,635194,2304,123952,5.031000506906603,0.16327820998859244
1043,0.1046,2,51,2,41301,635143,2306,123950,5.030596565707769,0.16328697537719358
1044,0.1047,1,21,1,41322,635122,2307,123949,5.0304302369788365,0.16329039049048114
1045,0.1048,1,33,1,41355,635089,2308,123948,5.030168863261944,0.16329638739613483
1046,0.1049,2,28,2,41383,635061,2310,123946,5.029947091623368,0.1633002067174611
1047,0.105,2,67,2,41450,634994,2312,123944,5.029416423773919,0.16331241814219344
1048,0.1051,0,12,0,41462,634982,2312,123944,5.0293213787859585,0.16331500040847197
1049,0.1052,6,73,6,41535,634909,2318,123938,5.0287431884425295,0.16332409563456138
1050,0.1053,2,27,2,41562,634882,2320,123936,5.028529337219617,0.16332770176774933
1051,0.1054,2,13,2,41575,634869,2322,123934,5.028426371815993,0.1633282946957247
1052,0.1055,3,33,3,41608,634836,2325,123931,5.028164998099101,0.1633320900882616
1053,0.1056,3,30,3,41638,634806,2328,123928,5.027927385629198,0.1633352400182409
1054,0.1057,1,22,1,41660,634784,2329,123927,5.027753136484603,0.1633388734313856
1055,0.1058,0,24,0,41684,634760,2329,123927,5.027563046508681,0.16334404042773898
1056,0.1059,2,34,2,41718,634726,2331,123925,5.027293752376124,0.16334915527693233
1057,0.106,0,40,0,41758,634686,2331,123925,5.026976935749588,0.16335776834240473
1058,0.1061,2,35,2,41793,634651,2333,123923,5.026699721201369,0.16336309971077312
1059,0.1062,2,26,2,41819,634625,2335,123921,5.02649379039412,0.16336649326474598
1060,0.1063,0,18,0,41837,634607,2335,123921,5.0263512229121785,0.16337036997975024
1061,0.1064,9,51,9,41888,634556,2344,123912,5.025947281713345,0.1633714276673505
1062,0.1065,0,29,0,41917,634527,2344,123912,5.025717589659105,0.16337767440756606
1063,0.1066,0,22,0,41939,634505,2344,123912,5.02554334051451,0.1633824136326058
1064,0.1067,5,21,5,41960,634484,2349,123907,5.0253770117855785,0.16338142198417438
1065,0.1068,3,50,3,42010,634434,2352,123904,5.0249809910024075,0.16338888463983078
1066,0.1069,1,23,1,42033,634411,2353,123903,5.0247988214421495,0.1633927370456038
1067,0.107,2,14,2,42047,634397,2355,123901,5.024687935622861,0.16339354712791013
1068,0.1071,1,28,1,42075,634369,2356,123900,5.024466163984286,0.16339847732137275
1069,0.1072,0,36,0,42111,634333,2356,123900,5.024181029020403,0.16340623528651482
1070,0.1073,3,55,3,42166,634278,2359,123897,5.023745406158915,0.1634147789098823
1071,0.1074,1,30,1,42196,634248,2360,123896,5.023507793689013,0.16342014182002362
1072,0.1075,6,56,6,42252,634192,2366,123890,5.023064250411862,0.16342559248207977
1073,0.1076,7,55,7,42307,634137,2373,123883,5.0226286275503735,0.1634297248093718
1074,0.1077,5,27,5,42334,634110,2378,123878,5.022414776327461,0.16343002791600922
1075,0.1078,0,24,0,42358,634086,2378,123878,5.02222468635154,0.1634352027273063
1076,0.1079,1,37,1,42395,634049,2379,123877,5.021931630971993,0.16344207745874928
1077,0.108,6,42,6,42437,634007,2385,123871,5.02159897351413,0.1634445121774217
1078,0.1081,4,45,4,42482,633962,2389,123867,5.021242554809277,0.16344980200018738
1079,0.1082,2,45,2,42527,633917,2391,123865,5.020886136104423,0.1634573003845433
1080,0.1083,2,31,2,42558,633886,2393,123863,5.020640603218857,0.16346177956025015
1081,0.1084,8,81,8,42639,633805,2401,123855,5.019999049550121,0.1634704220890637
1082,0.1085,1,57,1,42696,633748,2402,123854,5.019547585857306,0.16348161699678723
1083,0.1086,5,35,5,42731,633713,2407,123849,5.019270371309086,0.16348364886306335
1084,0.1087,2,37,2,42768,633676,2409,123847,5.01897731592954,0.1634894254035851
1085,0.1088,5,40,5,42808,633636,2414,123842,5.018660499303003,0.1634925370769844
1086,0.1089,3,44,3,42852,633592,2417,123839,5.018312001013813,0.1634987213356728
1087,0.109,2,17,2,42869,633575,2419,123837,5.018177353947535,0.16350018219938423
1088,0.1091,0,22,0,42891,633553,2419,123837,5.01800310480294,0.16350493140918154
1089,0.1092,5,41,5,42932,633512,2424,123832,5.01767836776074,0.16350826044703595
1090,0.1093,1,33,1,42965,633479,2425,123831,5.017416994043847,0.16351428080970803
1091,0.1094,5,48,5,43013,633431,2430,123826,5.017036814092004,0.16351912230590143
1092,0.1095,4,38,4,43051,633393,2434,123822,5.0167358382967935,0.16352290960955607
1093,0.1096,2,29,2,43080,633364,2436,123820,5.016506146242555,0.1635269630631392
1094,0.1097,1,43,1,43123,633321,2437,123819,5.016165568369028,0.16353514541564307
1095,0.1098,1,25,1,43148,633296,2438,123818,5.015967557977443,0.16353944055981
1096,0.1099,1,27,1,43175,633269,2439,123817,5.015753706754531,0.16354416803375046
1097,0.11,2,62,2,43237,633207,2441,123815,5.015262640983399,0.16355535242040523
1098,0.1101,3,15,3,43252,633192,2444,123812,5.015143834748447,0.16355527843974405
1099,0.1102,5,69,5,43321,633123,2449,123807,5.014597326067672,0.16356466251833063
1100,0.1103,0,23,0,43344,633100,2449,123807,5.014415156507414,0.16356963272898783
1101,0.1104,0,12,0,43356,633088,2449,123807,5.014320111519453,0.16357222600228566
1102,0.1105,2,23,2,43379,633065,2451,123805,5.014137941959194,0.1635749864573837
1103,0.1106,2,40,2,43419,633025,2453,123803,5.013821125332657,0.16358142140618476
1104,0.1107,2,31,2,43450,632994,2455,123801,5.013575592447092,0.16358591164053674
1105,0.1108,2,26,2,43476,632968,2457,123799,5.013369661639842,0.16358932141597082
1106,0.1109,2,22,2,43498,632946,2459,123797,5.013195412495247,0.16359186672357723
1107,0.111,2,30,2,43528,632916,2461,123795,5.012957800025346,0.16359614172385495
1108,0.1111,5,47,5,43575,632869,2466,123790,5.012585540489165,0.163600776571745
1109,0.1112,3,63,3,43638,632806,2469,123787,5.012086554302369,0.1636110828411048
1110,0.1113,2,26,2,43664,632780,2471,123785,5.011880623495121,0.16361449445850654
1111,0.1114,0,12,0,43676,632768,2471,123785,5.01178557850716,0.16361708961566473
1112,0.1115,3,43,3,43719,632725,2474,123782,5.011445000633633,0.1636230728863051
1113,0.1116,1,22,1,43741,632703,2475,123781,5.011270751489038,0.16362672574700854
1114,0.1117,3,23,3,43764,632680,2478,123778,5.01108858192878,0.16362838386268636
1115,0.1118,3,77,3,43841,632603,2481,123775,5.010478709922697,0.16364172411148922
1116,0.1119,1,37,1,43878,632566,2482,123774,5.01018565454315,0.1636486236348732
1117,0.112,1,20,1,43898,632546,2483,123773,5.010027246229882,0.163651845319237
1118,0.1121,0,16,0,43914,632530,2483,123773,5.009900519579268,0.16365530746274973
1119,0.1122,4,44,4,43958,632486,2487,123769,5.0095520212900775,0.16366040555103767
1120,0.1123,2,43,2,44001,632443,2489,123767,5.00921144341655,0.1636674997685828
1121,0.1124,1,16,1,44017,632427,2490,123766,5.009084716765936,0.16366985676936974
1122,0.1125,1,22,1,44039,632405,2491,123765,5.008910467621341,0.16367351256992474
1123,0.1126,9,170,9,44209,632235,2500,123756,5.00756399695856,0.16370036151224024
1124,0.1127,1,35,1,44244,632200,2501,123755,5.007286782410341,0.16370683440151862
1125,0.1128,6,47,6,44291,632153,2507,123749,5.00691452287416,0.16371037515445125
1126,0.1129,0,9,0,44300,632144,2507,123749,5.00684323913319,0.16371232436336888
1127,0.113,5,48,5,44348,632096,2512,123744,5.006463059181346,0.16371718882303132
1128,0.1131,1,38,1,44386,632058,2513,123743,5.006162083386136,0.16372431367516052
1129,0.1132,2,30,2,44416,632028,2515,123741,5.005924470916233,0.16372859961178615
1130,0.1133,1,34,1,44450,631994,2516,123740,5.005655176783677,0.16373485909063243
1131,0.1134,3,13,3,44463,631981,2519,123737,5.005552211380053,0.16373435593700295
1132,0.1135,3,40,3,44503,631941,2522,123734,5.005235394753517,0.16373970291461276
1133,0.1136,2,11,2,44514,631930,2524,123732,5.005148270181219,0.16373987311787544
1134,0.1137,5,31,5,44545,631899,2529,123727,5.004902737295653,0.1637410570837954
1135,0.1138,4,55,4,44600,631844,2533,123723,5.004467114434165,0.1637485491028592
1136,0.1139,0,13,0,44613,631831,2533,123723,5.0043641490305415,0.16375136654693112
1137,0.114,1,35,1,44648,631796,2534,123722,5.004086934482322,0.16375784561056123
1138,0.1141,2,22,2,44670,631774,2536,123720,5.003912685337727,0.16376040047968615
1139,0.1142,2,35,2,44705,631739,2538,123718,5.003635470789507,0.1637657735648753
1140,0.1143,0,24,0,44729,631715,2538,123718,5.003445380813585,0.16377097638043348
1141,0.1144,4,32,4,44761,631683,2542,123714,5.003191927512356,0.16377348599478156
1142,0.1145,2,38,2,44799,631645,2544,123712,5.002890951717146,0.16377951088028575
1143,0.1146,5,30,5,44829,631615,2549,123707,5.002653339247244,0.16378048037790505
1144,0.1147,1,9,1,44838,631606,2550,123706,5.002582055506273,0.1637813248035249
1145,0.1148,3,54,3,44892,631552,2553,123703,5.002154353060448,0.16378971340805423
1146,0.1149,4,50,4,44942,631502,2557,123699,5.001758332277278,0.16379612844792313
1147,0.115,4,41,4,44983,631461,2561,123695,5.001433595235078,0.16380059219551987
1148,0.1151,2,23,2,45006,631438,2563,123693,5.00125142567482,0.16380336656818487
1149,0.1152,2,24,2,45030,631414,2565,123691,5.001061335698897,0.16380635805616436
1150,0.1153,8,32,8,45062,631382,2573,123683,5.000807882397668,0.1638044406772927
1151,0.1154,3,48,3,45110,631334,2576,123680,5.000427702445824,0.16381153197159257
1152,0.1155,1,34,1,45144,631300,2577,123679,5.000158408313268,0.16381780155474523
1153,0.1156,3,35,3,45179,631265,2580,123676,4.999881193765049,0.1638220735130295
1154,0.1157,3,15,3,45194,631250,2583,123673,4.999762387530097,0.16382200568799732
1155,0.1158,7,66,7,45260,631184,2590,123666,4.999239640096312,0.1638285752136186
1156,0.1159,1,18,1,45278,631166,2591,123665,4.99909707261437,0.16383137417514648
1157,0.116,1,16,1,45294,631150,2592,123664,4.998970345963756,0.16383373917282934
1158,0.1161,3,19,3,45313,631131,2595,123661,4.998819858066152,0.16383453984673924
1159,0.1162,2,38,2,45351,631093,2597,123659,4.998518882270941,0.1638405727974222
1160,0.1163,3,47,3,45398,631046,2600,123656,4.998146622734761,0.16384745237192958
1161,0.1164,3,25,3,45423,631021,2603,123653,4.997948612343175,0.16384955623222744
1162,0.1165,1,39,1,45462,630982,2604,123652,4.997639716132302,0.16385691606792166
1163,0.1166,2,40,2,45502,630942,2606,123650,4.997322899505766,0.1638633857766846
1164,0.1167,1,28,1,45530,630914,2607,123649,4.99710112786719,0.16386835824179027
1165,0.1168,8,19,8,45549,630895,2615,123641,4.996950639969586,0.16386361949595513
1166,0.1169,3,105,3,45654,630790,2618,123638,4.9961189963249275,0.16388310083931137
1167,0.117,1,29,1,45683,630761,2619,123637,4.995889304270688,0.16388829238677727
1168,0.1171,2,30,2,45713,630731,2621,123635,4.995651691800786,0.16389259325049113
1169,0.1172,2,30,2,45743,630701,2623,123633,4.995414079330883,0.1638968944791034
1170,0.1173,4,32,4,45775,630669,2627,123629,4.995160626029654,0.1638994137595486
1171,0.1174,5,52,5,45827,630617,2632,123624,4.9947487644151565,0.16390517089365336
1172,0.1175,0,20,0,45847,630597,2632,123624,4.994590356101888,0.1639095172369902
1173,0.1176,5,45,5,45892,630552,2637,123619,4.994233937397035,0.16391375430771005
1174,0.1177,4,58,4,45950,630494,2641,123615,4.9937745532885565,0.1639219264058644
1175,0.1178,1,12,1,45962,630482,2642,123614,4.993679508300596,0.1639234261950733
1176,0.1179,2,28,2,45990,630454,2644,123612,4.99345773666202,0.1639272954887238
1177,0.118,3,28,3,46018,630426,2647,123609,4.993235965023445,0.16393005629712148
1178,0.1181,2,66,2,46084,630360,2649,123607,4.992713217589659,0.1639421884512187
1179,0.1182,4,31,4,46115,630329,2653,123603,4.992467684704093,0.16394449366786396
1180,0.1183,2,42,2,46157,630287,2655,123601,4.9921350272462295,0.16395140922789592
1181,0.1184,3,37,3,46194,630250,2658,123598,4.991841971866684,0.1639561290870308
1182,0.1185,3,37,3,46231,630213,2661,123595,4.991548916487138,0.16396084944707406
1183,0.1186,2,25,2,46256,630188,2663,123593,4.991350906095552,0.163964069139445
1184,0.1187,3,45,3,46301,630143,2666,123590,4.990994487390698,0.16397053067863554
1185,0.1188,1,49,1,46350,630094,2667,123589,4.990606387023191,0.1639800818115839
1186,0.1189,3,31,3,46381,630063,2670,123586,4.990360854137625,0.16398349894977635
1187,0.119,2,58,2,46439,630005,2672,123584,4.989901470029147,0.16399390118486337
1188,0.1191,3,27,3,46466,629978,2675,123581,4.989687618806235,0.1639964488513839
1189,0.1192,2,46,2,46512,629932,2677,123579,4.989323279685718,0.16400424147756304
1190,0.1193,2,44,2,46556,629888,2679,123577,4.988974781396528,0.16401159974252288
1191,0.1194,2,32,2,46588,629856,2681,123575,4.9887213280952984,0.16401634655330083
1192,0.1195,6,37,6,46625,629819,2687,123569,4.988428272715752,0.1640177438451369
1193,0.1196,2,26,2,46651,629793,2689,123567,4.988222341908504,0.16402118509079325
1194,0.1197,0,21,0,46672,629772,2689,123567,4.9880560131795715,0.16402575732837407
1195,0.1198,1,32,1,46704,629740,2690,123566,4.987802559878342,0.16403161530639607
1196,0.1199,4,13,4,46717,629727,2694,123562,4.9876995944747184,0.16403000707563764
1197,0.12,5,70,5,46787,629657,2699,123557,4.987145165378279,0.1640397018642776
1198,0.1201,5,40,5,46827,629617,2704,123552,4.986828348751742,0.16404286421772538
1199,0.1202,3,37,3,46864,629580,2707,123549,4.986535293372196,0.16404759344016762
1200,0.1203,0,18,0,46882,629562,2707,123549,4.986392725890255,0.16405151431860643
1201,0.1204,12,92,12,46974,629470,2719,123537,4.98566404764922,0.1640582358464131
1202,0.1205,5,38,5,47012,629432,2724,123532,4.985363071854011,0.16406096440201656
1203,0.1206,4,60,4,47072,629372,2728,123528,4.984887846914206,0.16406959755611636
1204,0.1207,7,57,7,47129,629315,2735,123521,4.984436383221391,0.16407424724641223
1205,0.1208,1,26,1,47155,629289,2736,123520,4.984230452414143,0.16407880352121187
1206,0.1209,1,27,1,47182,629262,2737,123519,4.984016601191231,0.16408357809243326
1207,0.121,3,31,3,47213,629231,2740,123516,4.983771068305665,0.16408700400001594
1208,0.1211,5,65,5,47278,629166,2745,123511,4.983256241287543,0.16409562136215136
1209,0.1212,2,28,2,47306,629138,2747,123509,4.983034469648967,0.1640995048143419
1210,0.1213,3,44,3,47350,629094,2750,123506,4.982685971359777,0.16410576667552484
1211,0.1214,6,69,6,47419,629025,2756,123500,4.982139462679001,0.16411414903159363
1212,0.1215,0,22,0,47441,629003,2756,123500,4.981965213534406,0.1641189470340982
1213,0.1216,1,29,1,47470,628974,2757,123499,4.981735521480167,0.16412416126558693
1214,0.1217,1,18,1,47488,628956,2758,123498,4.981592953998226,0.16412697653278474
1215,0.1218,4,45,4,47533,628911,2762,123494,4.981236535293372,0.16413234893441697
1216,0.1219,3,64,3,47597,628847,2765,123491,4.980729628690914,0.16414297828901372
1217,0.122,1,65,1,47662,628782,2766,123490,4.980214801672791,0.16415604993938362
1218,0.1221,1,54,1,47716,628728,2767,123489,4.979787099226967,0.16416672316632036
1219,0.1222,0,28,0,47744,628700,2767,123489,4.979565327588392,0.16417283422118642
1220,0.1223,5,58,5,47802,628642,2772,123484,4.979105943479913,0.16417993793593094
1221,0.1224,1,21,1,47823,628621,2773,123483,4.978939614750982,0.16418341080488869
1222,0.1225,0,41,0,47864,628580,2773,123483,4.978614877708782,0.16419236154417916
1223,0.1226,3,65,3,47929,628515,2776,123480,4.97810005069066,0.16420321943629945
1224,0.1227,3,32,3,47961,628483,2779,123477,4.977846597389431,0.164206872705995
1225,0.1228,1,25,1,47986,628458,2780,123476,4.977648586997845,0.16421122066564353
1226,0.1229,1,46,1,48032,628412,2781,123475,4.9772842478773285,0.16422015542229085
1227,0.123,4,33,4,48065,628379,2785,123471,4.977022874160436,0.1642229168052138
1228,0.1231,2,20,2,48085,628359,2787,123469,4.976864465847168,0.16422506211527105
1229,0.1232,6,46,6,48131,628313,2793,123463,4.97650012672665,0.16422844038649811
1230,0.1233,7,27,7,48158,628286,2800,123456,4.976286275503738,0.16422655645154854
1231,0.1234,3,43,3,48201,628243,2803,123453,4.975945697630212,0.16423261531257316
1232,0.1235,0,33,0,48234,628210,2803,123453,4.975684323913319,0.16423982556012467
1233,0.1236,4,33,4,48267,628177,2807,123449,4.975422950196426,0.16424258873429073
1234,0.1237,3,31,3,48298,628146,2810,123446,4.97517741731086,0.16424602709980948
1235,0.1238,4,51,4,48349,628095,2814,123442,4.974773476112026,0.16425272474941355
1236,0.1239,2,20,2,48369,628075,2816,123440,4.974615067798758,0.164254871825579
1237,0.124,2,30,2,48399,628045,2818,123438,4.974377455328856,0.16425920479904402
1238,0.1241,2,31,2,48430,628014,2820,123436,4.97413192244329,0.16426375673697519
1239,0.1242,2,32,2,48462,627982,2822,123434,4.97387846914206,0.16426852768639474
1240,0.1243,2,30,2,48492,627952,2824,123432,4.973640856672158,0.16427286181233564
1241,0.1244,2,22,2,48514,627930,2826,123430,4.973466607527563,0.1642754471890971
1242,0.1245,2,19,2,48533,627911,2828,123428,4.973316119629958,0.16427737678997098
1243,0.1246,1,41,1,48574,627870,2829,123427,4.972991382587758,0.16428522940994042
1244,0.1247,6,43,6,48617,627827,2835,123421,4.972650804714231,0.1642879581709369
1245,0.1248,0,57,0,48674,627770,2835,123421,4.972199341021417,0.16430042425960908
1246,0.1249,2,31,2,48705,627739,2837,123419,4.971953808135851,0.1643049797778896
1247,0.125,4,43,4,48748,627696,2841,123415,4.971613230262324,0.16430993554880705
1248,0.1251,1,54,1,48802,627642,2842,123414,4.9711855278165,0.1643206365437464
1249,0.1252,3,18,3,48820,627624,2845,123411,4.971042960334558,0.16432123669336315
1250,0.1253,2,18,2,48838,627606,2847,123409,4.9709003928526165,0.1643229496081969
1251,0.1254,2,41,2,48879,627565,2849,123407,4.970575655810417,0.1643296953814523
1252,0.1255,3,35,3,48914,627530,2852,123404,4.970298441262197,0.16433401603869316
1253,0.1256,8,31,8,48945,627499,2860,123396,4.970052908376632,0.16433189726925868
1254,0.1257,1,17,1,48962,627482,2861,123395,4.969918261310354,0.164334504852326
1255,0.1258,1,37,1,48999,627445,2862,123394,4.969625205930807,0.16434148998653506
1256,0.1259,3,47,3,49046,627398,2865,123391,4.969252946394627,0.16434843877574126
1257,0.126,4,74,4,49120,627324,2869,123387,4.968666835635534,0.1643601865431571
1258,0.1261,6,44,6,49164,627280,2875,123381,4.968318337346344,0.16436314128481433
1259,0.1262,5,50,5,49214,627230,2880,123376,4.967922316563174,0.16436852356629178
1260,0.1263,5,34,5,49248,627196,2885,123371,4.967653022430617,0.1643704026422691
1261,0.1264,2,25,2,49273,627171,2887,123369,4.967455012039032,0.16437365097130066
1262,0.1265,1,37,1,49310,627134,2888,123368,4.967161956659486,0.16438064122414064
1263,0.1266,3,44,3,49354,627090,2891,123365,4.966813458370296,0.16438693859058837
1264,0.1267,5,49,5,49403,627041,2896,123360,4.966425358002788,0.164392105021182
1265,0.1268,0,25,0,49428,627016,2896,123360,4.966227347611203,0.16439758201221788
1266,0.1269,3,42,3,49470,626974,2899,123357,4.965894690153339,0.1644034432803656
1267,0.127,3,47,3,49517,626927,2902,123354,4.965522430617159,0.1644104009031283
1268,0.1271,4,39,4,49556,626888,2906,123350,4.965213534406286,0.16441449246772358
1269,0.1272,4,55,4,49611,626833,2910,123346,4.964777911544798,0.16442209126088572
1270,0.1273,3,108,3,49719,626725,2913,123343,4.963922506653149,0.16444242388690092
1271,0.1274,0,30,0,49749,626695,2913,123343,4.963684894183246,0.1644490012506033
1272,0.1275,3,41,3,49790,626654,2916,123340,4.963360157141047,0.16445464897052509
1273,0.1276,0,28,0,49818,626626,2916,123340,4.9631383855024716,0.1644607888890963
1274,0.1277,2,66,2,49884,626560,2918,123338,4.962615638068685,0.1644730349994266
1275,0.1278,6,71,6,49955,626489,2924,123332,4.962053288556583,0.16448192301896053
1276,0.1279,0,18,0,49973,626471,2924,123332,4.961910721074642,0.16448587162227946
1277,0.128,1,27,1,50000,626444,2925,123331,4.96169686985173,0.16449068053749458
1278,0.1281,1,30,1,50030,626414,2926,123330,4.9614592573818275,0.16449614801852366
1279,0.1282,1,19,1,50049,626395,2927,123329,4.961308769484223,0.16449920237313997
1280,0.1283,1,35,1,50084,626360,2928,123328,4.961031554936003,0.16450576773271014
1281,0.1284,5,142,5,50226,626218,2933,123323,4.9599068559117985,0.1645313598589003
1282,0.1285,1,46,1,50272,626172,2934,123322,4.959542516791281,0.16454034321822456
1283,0.1286,1,11,1,50283,626161,2935,123321,4.959455392218984,0.16454164342839456
1284,0.1287,1,70,1,50353,626091,2936,123320,4.958900963122544,0.16455589789848293
1285,0.1288,3,98,3,50451,625993,2939,123317,4.95812476238753,0.16457407481549693
1286,0.1289,0,8,0,50459,625985,2939,123317,4.958061399062223,0.16457583190756198
1287,0.129,11,96,11,50555,625889,2950,123306,4.957301039158535,0.16458465419550317
1288,0.1291,4,39,4,50594,625850,2954,123302,4.956992142947662,0.16458876169322115
1289,0.1292,4,62,4,50656,625788,2958,123298,4.95650107717653,0.16459792333590537
1290,0.1293,4,46,4,50702,625742,2962,123294,4.9561367380560135,0.16460357045589263
1291,0.1294,4,28,4,50730,625714,2966,123290,4.955914966417438,0.16460526245520718
1292,0.1295,1,54,1,50784,625660,2967,123289,4.955487263971613,0.16461601524269343
1293,0.1296,1,16,1,50800,625644,2968,123288,4.955360537320999,0.16461841662527438
1294,0.1297,4,64,4,50864,625580,2972,123284,4.9548536307185405,0.16462802324587641
1295,0.1298,0,29,0,50893,625551,2972,123284,4.954623938664301,0.16463439876608332
1296,0.1299,2,29,2,50922,625522,2974,123282,4.954394246610062,0.16463854359752353
1297,0.13,2,46,2,50968,625476,2976,123280,4.954029907489545,0.16464642687337397
1298,0.1301,10,169,10,51137,625307,2986,123270,4.952691357242428,0.16467243850665997
1299,0.1302,5,60,5,51197,625247,2991,123265,4.952216132302623,0.1646800585695353
1300,0.1303,2,76,2,51273,625171,2993,123263,4.951614180712204,0.164694548884738
1301,0.1304,2,78,2,51351,625093,2995,123261,4.9509963882904575,0.16470948241073075
1302,0.1305,1,35,1,51386,625058,2996,123260,4.950719173742238,0.16471606990610943
1303,0.1306,1,27,1,51413,625031,2997,123259,4.950505322519326,0.1647208969784442
1304,0.1307,1,21,1,51434,625010,2998,123258,4.950338993790394,0.1647244035559452
1305,0.1308,7,49,7,51483,624961,3005,123251,4.949950893422887,0.16472737673279766
1306,0.1309,1,13,1,51496,624948,3006,123250,4.949847928019262,0.16472912250500535
1307,0.131,3,26,3,51522,624922,3009,123247,4.949641997212014,0.16473149783003574
1308,0.1311,2,35,2,51557,624887,3011,123245,4.949364782663794,0.16473697155047504
1309,0.1312,2,15,2,51572,624872,3013,123243,4.949245976428843,0.1647380416112496
1310,0.1313,6,30,6,51602,624842,3019,123237,4.94900836395894,0.1647379487995252
1311,0.1314,0,31,0,51633,624811,3019,123237,4.948762831073375,0.16474477573631638
1312,0.1315,0,27,0,51660,624784,3019,123237,4.948548979850463,0.16475072223908152
1313,0.1316,5,51,5,51711,624733,3024,123232,4.948145038651629,0.16475637229014728
1314,0.1317,2,35,2,51746,624698,3026,123230,4.947867824103409,0.16476184873410274
1315,0.1318,3,39,3,51785,624659,3029,123227,4.947558927892536,0.16476709017149674
1316,0.1319,1,28,1,51813,624631,3030,123226,4.94733715625396,0.16477214226783998
1317,0.132,8,45,8,51858,624586,3038,123218,4.946980737549106,0.164773122368963
1318,0.1321,3,45,3,51903,624541,3041,123215,4.946624318844253,0.16477968749164165
1319,0.1322,4,35,4,51938,624506,3045,123211,4.946347104296033,0.16478293258010718
1320,0.1323,2,41,2,51979,624465,3047,123209,4.946022367253834,0.16478973456345947
1321,0.1324,0,31,0,52010,624434,3047,123209,4.945776834368267,0.1647965673456449
1322,0.1325,4,65,4,52075,624369,3051,123205,4.945262007350146,0.16480642718981667
1323,0.1326,1,37,1,52112,624332,3052,123204,4.9449689519705995,0.16481346717750048
1324,0.1327,7,49,7,52161,624283,3059,123197,4.944580851603092,0.1648164499384599
1325,0.1328,2,32,2,52193,624251,3061,123195,4.944327398301863,0.16482127136943672
1326,0.1329,3,44,3,52237,624207,3064,123192,4.943978900012673,0.16482762219376798
1327,0.133,3,31,3,52268,624176,3067,123189,4.943733367127106,0.1648311066212627
1328,0.1331,4,69,4,52337,624107,3071,123185,4.943186858446332,0.16484185566017032
1329,0.1332,1,52,1,52389,624055,3072,123184,4.942774996831834,0.1648522092663793
1330,0.1333,4,38,4,52427,624017,3076,123180,4.942474021036624,0.16485612228100488
1331,0.1334,4,25,4,52452,623992,3080,123176,4.942276010645038,0.16485716733050665
1332,0.1335,2,40,2,52492,623952,3082,123174,4.941959194018502,0.1648637579203508
1333,0.1336,5,37,5,52529,623915,3087,123169,4.941666138638956,0.1648663336385199
1334,0.1337,5,50,5,52579,623865,3092,123164,4.941270117855785,0.16487177873951345
1335,0.1338,4,61,4,52640,623804,3096,123160,4.940786972500317,0.164880770693099
1336,0.1339,5,52,5,52692,623752,3101,123155,4.940375110885819,0.16488665924941123
1337,0.134,6,52,6,52744,623700,3107,123149,4.9399632492713215,0.16489143053013394
1338,0.1341,5,33,5,52777,623667,3112,123144,4.939701875554429,0.1648931255699233
1339,0.1342,3,62,3,52839,623605,3115,123141,4.939210809783297,0.16490346115010995
1340,0.1343,1,27,1,52866,623578,3116,123140,4.938996958560385,0.16490830541114584
1341,0.1344,4,57,4,52923,623521,3120,123136,4.93854549486757,0.16491642079294777
1342,0.1345,5,24,5,52947,623497,3125,123131,4.938355404891649,0.1649161295852821
1343,0.1346,7,71,7,53018,623426,3132,123124,4.937793055379546,0.16492398365816088
1344,0.1347,3,45,3,53063,623381,3135,123121,4.9374366366746925,0.16493056950952575
1345,0.1348,8,57,8,53120,623324,3143,123113,4.936985172981878,0.1649342141399743
1346,0.1349,2,22,2,53142,623302,3145,123111,4.936810923837283,0.16493683791681013
1347,0.135,5,61,5,53203,623241,3150,123106,4.9363277784818145,0.16494472410286368
1348,0.1351,4,53,4,53256,623188,3154,123102,4.935907996451654,0.1649519623738761
1349,0.1352,5,55,5,53311,623133,3159,123097,4.935472373590166,0.16495852485158732
1350,0.1353,3,49,3,53360,623084,3162,123094,4.9350842732226585,0.16496600006968848
1351,0.1354,2,46,2,53406,623038,3164,123092,4.934719934102142,0.1649739321565947
1352,0.1355,7,78,7,53484,622960,3171,123085,4.934102141680396,0.16498334550864893
1353,0.1356,3,61,3,53545,622899,3174,123082,4.9336189963249275,0.16499347838617873
1354,0.1357,6,37,6,53582,622862,3180,123076,4.933325940945381,0.16499494596065625
1355,0.1358,0,27,0,53609,622835,3180,123076,4.933112089722469,0.16500091834012368
1356,0.1359,5,53,5,53662,622782,3185,123071,4.9326923076923075,0.16500704562427182
1357,0.136,3,60,3,53722,622722,3188,123068,4.932217082752503,0.16501696187934942
1358,0.1361,3,26,3,53748,622696,3191,123065,4.932011151945254,0.16501935606715826
1359,0.1362,2,56,2,53804,622640,3193,123063,4.931567608668103,0.1650295090672828
1360,0.1363,2,28,2,53832,622612,3195,123061,4.931345837029527,0.1650334664122209
1361,0.1364,2,45,2,53877,622567,3197,123059,4.930989418324674,0.16504118686848365
1362,0.1365,3,51,3,53928,622516,3200,123056,4.93058547712584,0.1650491166513764
1363,0.1366,0,33,0,53961,622483,3200,123056,4.930324103408947,0.16505642226630665
1364,0.1367,3,30,3,53991,622453,3203,123053,4.930086490939044,0.16505970441552448
1365,0.1368,3,55,3,54046,622398,3206,123050,4.929650868077557,0.16506852255288096
1366,0.1369,4,73,4,54119,622325,3210,123046,4.929072677734127,0.1650802083794513
1367,0.137,4,45,4,54164,622280,3214,123042,4.928716259029274,0.16508569450519373
1368,0.1371,1,25,1,54189,622255,3215,123041,4.928518248637689,0.16509011184817843
1369,0.1372,3,42,3,54231,622213,3218,123038,4.928185591179825,0.16509605488620613
1370,0.1373,1,36,1,54267,622177,3219,123037,4.9279004562159425,0.1651029100365801
1371,0.1374,0,35,0,54302,622142,3219,123037,4.927623241667723,0.16511066468593452
1372,0.1375,2,27,2,54329,622115,3221,123035,4.927409390444811,0.1651144064953365
1373,0.1376,4,41,4,54370,622074,3225,123031,4.927084653402611,0.1651190100724059
1374,0.1377,2,14,2,54384,622060,3227,123029,4.9269737675833225,0.16511987158581054
1375,0.1378,4,46,4,54430,622014,3231,123025,4.926609428462806,0.1651255840298293
1376,0.1379,1,29,1,54459,621985,3232,123024,4.926379736408567,0.16513089103621567
1377,0.138,3,32,3,54491,621953,3235,123021,4.926126283107338,0.16513462214788704
1378,0.1381,5,26,5,54517,621927,3240,123016,4.925920352300088,0.1651347821242699
1379,0.1382,5,74,5,54591,621853,3245,123011,4.925334241540996,0.16514558362331916
1380,0.1383,3,48,3,54639,621805,3248,123008,4.924954061589152,0.16515286387321382
1381,0.1384,5,62,5,54701,621743,3253,123003,4.92446299581802,0.16516100791410762
1382,0.1385,4,24,4,54725,621719,3257,122999,4.924272905842098,0.16516184649760043
1383,0.1386,8,46,8,54771,621673,3265,122991,4.923908566721582,0.16516308026170193
1384,0.1387,2,48,2,54819,621625,3267,122989,4.923528386769737,0.16517148482300897
1385,0.1388,7,53,7,54872,621572,3274,122982,4.923108604739577,0.16517539359133118
1386,0.1389,9,36,9,54908,621536,3283,122973,4.922823469775694,0.16517328870436757
1387,0.139,4,47,4,54955,621489,3287,122969,4.9224512102395135,0.16517923106474777
1388,0.1391,2,65,2,55020,621424,3289,122967,4.921936383221391,0.1651914115028258
1389,0.1392,3,63,3,55083,621361,3292,122964,4.921437397034596,0.1652020286837067
1390,0.1393,1,71,1,55154,621290,3293,122963,4.920875047522494,0.16521666691299866
1391,0.1394,1,15,1,55169,621275,3294,122962,4.920756241287543,0.1652188751701407
1392,0.1395,3,36,3,55205,621239,3297,122959,4.92047110632366,0.16522350234749356
1393,0.1396,4,44,4,55249,621195,3301,122955,4.92012260803447,0.16522878451925016
1394,0.1397,5,51,5,55300,621144,3306,122950,4.919718666835635,0.1652344999422116
1395,0.1398,1,20,1,55320,621124,3307,122949,4.919560258522368,0.16523781940750437
1396,0.1399,5,48,5,55368,621076,3312,122944,4.919180078570523,0.16524286981532754
1397,0.14,2,37,2,55405,621039,3314,122942,4.918887023190977,0.16524884372047136
1398,0.1401,5,53,5,55458,620986,3319,122937,4.918467241160816,0.16525500623048353
1399,0.1402,1,113,1,55571,620873,3320,122936,4.9175722341908505,0.1652789896330913
1400,0.1403,3,21,3,55592,620852,3323,122933,4.917405905461918,0.16528028933092223
1401,0.1404,5,45,5,55637,620807,3328,122928,4.917049486757065,0.16528467801031282
1402,0.1405,0,43,0,55680,620764,3328,122928,4.916708908883538,0.16529423471006816
1403,0.1406,2,67,2,55747,620697,3330,122926,4.916178241034089,0.1653068826542482
1404,0.1407,3,18,3,55765,620679,3333,122923,4.916035673552148,0.16530751665541513
1405,0.1408,3,41,3,55806,620638,3336,122920,4.915710936509948,0.16531326406278998
1406,0.1409,5,90,5,55896,620548,3341,122915,4.914998099100241,0.16532766257365866
1407,0.141,7,77,7,55973,620471,3348,122908,4.9143882270941575,0.16533692773134565
1408,0.1411,6,66,6,56039,620405,3354,122902,4.913865479660372,0.1653448709617964
1409,0.1412,0,29,0,56068,620376,3354,122902,4.913635787606133,0.16535132211635484
1410,0.1413,0,23,0,56091,620353,3354,122902,4.913453618045875,0.1653564389072391
1411,0.1414,3,35,3,56126,620318,3357,122899,4.913176403497656,0.1653608569233481
1412,0.1415,2,36,2,56162,620282,3359,122897,4.912891268533772,0.16536662096211008
1413,0.1416,8,30,8,56192,620252,3367,122889,4.9126536560638705,0.16536431175241306
1414,0.1417,1,44,1,56236,620208,3368,122888,4.91230515777468,0.1653729800725613
1415,0.1418,1,44,1,56280,620164,3369,122887,4.91195665948549,0.16538164944263584
1416,0.1419,7,14,7,56294,620150,3376,122880,4.911845773666202,0.16537690268226046
1417,0.142,2,50,2,56344,620100,3378,122878,4.911449752883032,0.1653857853126203
1418,0.1421,3,30,3,56374,620070,3381,122875,4.911212140413129,0.16538909340529917
1419,0.1422,7,54,7,56428,620016,3388,122868,4.910784437967305,0.16539325116707318
1420,0.1423,2,29,2,56457,619987,3390,122866,4.910554745913066,0.16539746087045484
1421,0.1424,4,52,4,56509,619935,3394,122862,4.910142884298568,0.16540454525260603
1422,0.1425,12,112,12,56621,619823,3406,122850,4.909255797744265,0.16541600408255047
1423,0.1426,6,39,6,56660,619784,3412,122844,4.908946901533392,0.1654179481516991
1424,0.1427,3,68,3,56728,619716,3415,122841,4.90840831326828,0.1654297245867994
1425,0.1428,0,36,0,56764,619680,3415,122841,4.908123178304398,0.1654377451950854
1426,0.1429,2,26,2,56790,619654,3417,122839,4.907917247497148,0.16544129035559932
1427,0.143,6,60,6,56850,619594,3423,122833,4.907442022557344,0.1654479160914137
1428,0.1431,1,28,1,56878,619566,3424,122832,4.907220250918768,0.1654530319316593
1429,0.1432,1,34,1,56912,619532,3425,122831,4.906950956786212,0.16545948545388173
1430,0.1433,3,37,3,56949,619495,3428,122828,4.906657901406666,0.16546435985413357
1431,0.1434,4,50,4,56999,619445,3432,122824,4.906261880623495,0.16547100848883625
1432,0.1435,1,12,1,57011,619433,3433,122823,4.906166835635534,0.16547255933262917
1433,0.1436,7,56,7,57067,619377,3440,122816,4.905723292358383,0.16547717372704943
1434,0.1437,5,63,5,57130,619314,3445,122811,4.905224306171588,0.1654855987872663
1435,0.1438,2,57,2,57187,619257,3447,122809,4.904772842478773,0.1654960609972698
1436,0.1439,1,23,1,57210,619234,3448,122808,4.9045906729185145,0.16550006603399808
1437,0.144,4,54,4,57264,619180,3452,122804,4.90416297047269,0.16550761202397896
1438,0.1441,2,15,2,57279,619165,3454,122802,4.904044164237739,0.16550870860833433
1439,0.1442,2,37,2,57316,619128,3456,122800,4.903751108858193,0.1655147130179748
1440,0.1443,1,21,1,57337,619107,3457,122799,4.903584780129261,0.1655182732044221
1441,0.1444,1,25,1,57362,619082,3458,122798,4.903386769737676,0.1655227260473392
1442,0.1445,6,31,6,57393,619051,3464,122792,4.90314123685211,0.16552289365809209
1443,0.1446,2,25,2,57418,619026,3466,122790,4.902943226460525,0.16552622213594745
1444,0.1447,2,22,2,57440,619004,3468,122788,4.9027689773159295,0.1655288814115008
1445,0.1448,0,23,0,57463,618981,3468,122788,4.902586807755671,0.16553401395852346
1446,0.1449,4,46,4,57509,618935,3472,122784,4.902222468635154,0.16553977988968868
1447,0.145,11,168,11,57677,618767,3483,122773,4.900891838803701,0.16556490546700112
1448,0.1451,3,25,3,57702,618742,3486,122770,4.900693828412115,0.16556711152348175
1449,0.1452,3,39,3,57741,618703,3489,122767,4.900384932201242,0.16557244392895196
1450,0.1453,0,55,0,57796,618648,3489,122767,4.899949309339754,0.16558472650270092
1451,0.1454,4,41,4,57837,618607,3493,122763,4.899624572297554,0.1655893818201438
1452,0.1455,6,49,6,57886,618558,3499,122757,4.899236471930047,0.1655935735820805
1453,0.1456,4,63,4,57949,618495,3503,122753,4.8987374857432515,0.16560314496632705
1454,0.1457,0,23,0,57972,618472,3503,122753,4.898555316182994,0.16560828358460655
1455,0.1458,0,27,0,57999,618445,3503,122753,4.898341464960081,0.16561431628255877
1456,0.1459,5,52,5,58051,618393,3508,122748,4.897929603345584,0.1656203070670763
1457,0.146,1,46,1,58097,618347,3509,122747,4.897565264225067,0.1656294613099013
1458,0.1461,7,72,7,58169,618275,3516,122740,4.896994994297301,0.1656376726517007
1459,0.1462,3,29,3,58198,618246,3519,122737,4.896765302243062,0.16564077718382203
1460,0.1463,0,36,0,58234,618210,3519,122737,4.8964801672791785,0.16564882508465517
1461,0.1464,2,12,2,58246,618198,3521,122735,4.896385122291218,0.1656492557356738
1462,0.1465,5,38,5,58284,618160,3526,122730,4.896084146496008,0.16565212109759883
1463,0.1466,2,32,2,58316,618128,3528,122728,4.895830693194779,0.16565702376710184
1464,0.1467,3,54,3,58370,618074,3531,122725,4.895402990748955,0.16566572039109123
1465,0.1468,3,48,3,58418,618026,3534,122722,4.89502281079711,0.16567307640385123
1466,0.1469,3,18,3,58436,618008,3537,122719,4.8948802433151695,0.16567372324756624
1467,0.147,4,50,4,58486,617958,3541,122715,4.894484222531998,0.16568040147271468
1468,0.1471,5,33,5,58519,617925,3546,122710,4.894222848815105,0.16568215112707338
1469,0.1472,7,87,7,58606,617838,3553,122703,4.893533772652389,0.16569372931410956
1470,0.1473,1,25,1,58631,617813,3554,122702,4.893335762260803,0.1656981965253911
1471,0.1474,1,26,1,58657,617787,3555,122701,4.893129831453555,0.165702887825326
1472,0.1475,3,37,3,58694,617750,3558,122698,4.892836776074009,0.16570778771770603
1473,0.1476,4,39,4,58733,617711,3562,122694,4.8925278798631355,0.1657120089680648
1474,0.1477,5,83,5,58816,617628,3567,122689,4.8918704853630715,0.1657249529593404
1475,0.1478,6,49,6,58865,617579,3573,122683,4.891482384995564,0.165729160756597
1476,0.1479,2,22,2,58887,617557,3575,122681,4.891308135850969,0.1657318321945104
1477,0.148,3,39,3,58926,617518,3578,122678,4.890999239640096,0.16573718312446972
1478,0.1481,3,16,3,58942,617502,3581,122675,4.890872512989482,0.16573738443642533
1479,0.1482,3,27,3,58969,617475,3584,122672,4.89065866176657,0.16574004893622482
1480,0.1483,3,40,3,59009,617435,3587,122669,4.890341845140033,0.16574562493919773
1481,0.1484,0,47,0,59056,617388,3587,122669,4.889969585603852,0.16575615121537934
1482,0.1485,3,46,3,59102,617342,3590,122666,4.8896052464833355,0.16576307283164507
1483,0.1486,1,17,1,59119,617325,3591,122665,4.8894705994170575,0.16576575359126475
1484,0.1487,1,21,1,59140,617304,3592,122664,4.889304270688125,0.16576933056564608
1485,0.1488,4,65,4,59205,617239,3596,122660,4.888789443670004,0.16577938340232923
1486,0.1489,1,47,1,59252,617192,3597,122659,4.888417184133823,0.1657887872017474
1487,0.149,9,78,9,59330,617114,3606,122650,4.887799391712077,0.16579611876219982
1488,0.1491,4,56,4,59386,617058,3610,122646,4.887355848434926,0.1658041595016385
1489,0.1492,3,46,3,59432,617012,3613,122643,4.8869915093144085,0.1658110876016521
1490,0.1493,1,39,1,59471,616973,3614,122642,4.8866826131035355,0.1658187029738445
1491,0.1494,0,36,0,59507,616937,3614,122642,4.886397478139653,0.1658267744216642
1492,0.1495,7,87,7,59594,616850,3621,122635,4.8857084019769355,0.16583838752645422
1493,0.1496,0,34,0,59628,616816,3621,122635,4.8854391078443795,0.1658460127851609
1494,0.1497,3,45,3,59673,616771,3624,122632,4.8850826891395265,0.16585272172279528
1495,0.1498,1,38,1,59711,616733,3625,122631,4.884781713344316,0.16586011761459848
1496,0.1499,3,55,3,59766,616678,3628,122628,4.884346090482828,0.16586907180517946
1497,0.15,0,46,0,59812,616632,3628,122628,4.883981751362311,0.16587939290641993
1498,0.1501,3,37,3,59849,616595,3631,122625,4.883688695982765,0.1658843104894348
1499,0.1502,7,30,7,59879,616565,3638,122618,4.883451083512862,0.1658831439575856
1500,0.1503,4,41,4,59920,616524,3642,122614,4.883126346470663,0.16588783150101877
1501,0.1504,1,65,1,59985,616459,3643,122613,4.882611519452541,0.16590129243158988
1502,0.1505,5,23,5,60008,616436,3648,122608,4.882429349892282,0.16590081240088547
1503,0.1506,3,42,3,60050,616394,3651,122605,4.882096692434419,0.16590685508370107
1504,0.1507,3,66,3,60116,616328,3654,122602,4.881573945000634,0.1659182872531904
1505,0.1508,2,39,2,60155,616289,3656,122600,4.881265048789761,0.1659247870789794
1506,0.1509,5,69,5,60224,616220,3661,122595,4.880718540108985,0.16593463857663962
1507,0.151,5,53,5,60277,616167,3666,122590,4.880298758078824,0.16594089802194767
1508,0.1511,2,9,2,60286,616158,3668,122588,4.880227474337853,0.16594066160764323
1509,0.1512,9,83,9,60369,616075,3677,122579,4.87957007983779,0.1659491453373298
1510,0.1513,2,31,2,60400,616044,3679,122577,4.879324546952224,0.16595385184011827
1511,0.1514,5,31,5,60431,616013,3684,122572,4.879079014066658,0.165955171036509
1512,0.1515,5,75,5,60506,615938,3689,122567,4.878484982891902,0.16596637802046024
1513,0.1516,3,49,3,60555,615889,3692,122564,4.878096882524395,0.16597400240773616
1514,0.1517,3,61,3,60616,615828,3695,122561,4.877613737168927,0.16598432533529076
1515,0.1518,2,121,2,60737,615707,3697,122559,4.876655366873654,0.16600927037138374
1516,0.1519,0,31,0,60768,615676,3697,122559,4.876409833988088,0.16601624144073365
1517,0.152,7,182,7,60950,615494,3704,122552,4.874968318337347,0.16604927064166733
1518,0.1521,0,34,0,60984,615460,3704,122552,4.87469902420479,0.16605692048367776
1519,0.1522,2,35,2,61019,615425,3706,122550,4.874421809656571,0.16606253599376672
1520,0.1523,4,65,4,61084,615360,3710,122546,4.873906982638449,0.16607264339902372
1521,0.1524,3,16,3,61100,615344,3713,122543,4.8737802559878345,0.1660728539735759
1522,0.1525,4,169,4,61269,615175,3717,122539,4.872441705740718,0.16610637726815541
1523,0.1526,2,32,2,61301,615143,3719,122537,4.872188252439488,0.16611132198243142
1524,0.1527,1,16,1,61317,615127,3720,122536,4.872061525788873,0.1661137945105014
1525,0.1528,2,14,2,61331,615113,3722,122534,4.871950639969586,0.1661146862930372
1526,0.1529,1,43,1,61374,615070,3723,122533,4.8716100620960585,0.16612323973736548
1527,0.153,1,83,1,61457,614987,3724,122532,4.870952667595995,0.16614080450808724
1528,0.1531,2,26,2,61483,614961,3726,122530,4.870746736788747,0.16614440040624223
1529,0.1532,2,15,2,61498,614946,3728,122528,4.870627930553796,0.16614551835047744
1530,0.1533,4,60,4,61558,614886,3732,122524,4.87015270561399,0.16615451377117207
1531,0.1534,1,14,1,61572,614872,3733,122523,4.870041819794703,0.16615653754093804
1532,0.1535,3,39,3,61611,614833,3736,122520,4.86973292358383,0.16616193329382264
1533,0.1536,3,38,3,61649,614795,3739,122517,4.86943194778862,0.16616710429234843
1534,0.1537,2,32,2,61681,614763,3741,122515,4.86917849448739,0.16617205450318603
1535,0.1538,7,56,7,61737,614707,3748,122508,4.868734951210239,0.1661767598326133
1536,0.1539,6,64,6,61801,614643,3754,122502,4.868228044607781,0.16618440062674236
1537,0.154,0,45,0,61846,614598,3754,122502,4.867871625902928,0.16619454619454618
1538,0.1541,3,28,3,61874,614570,3757,122499,4.867649854264352,0.16619746590889048
1539,0.1542,4,49,4,61923,614521,3761,122495,4.867261753896845,0.1662039901440403
1540,0.1543,6,74,6,61997,614447,3767,122489,4.866675643137752,0.1662138910298859
1541,0.1544,1,68,1,62065,614379,3768,122488,4.86613705487264,0.1662280981506839
1542,0.1545,4,46,4,62111,614333,3772,122484,4.865772715752123,0.1662339495424237
1543,0.1546,1,19,1,62130,614314,3773,122483,4.865622227854518,0.16623710465704936
1544,0.1547,2,25,2,62155,614289,3775,122481,4.865424217462932,0.16624048210432021
1545,0.1548,1,37,1,62192,614252,3776,122480,4.865131162083386,0.1662476992990667
1546,0.1549,3,34,3,62226,614218,3779,122477,4.86486186795083,0.16625197673392653
1547,0.155,10,178,10,62404,614040,3789,122467,4.8634520339627425,0.16628083643468425
1548,0.1551,7,70,7,62474,613970,3796,122460,4.862897604866303,0.16628871718968538
1549,0.1552,8,67,8,62541,613903,3804,122452,4.862366937016855,0.16629478987716523
1550,0.1553,5,30,5,62571,613873,3809,122447,4.862129324546952,0.16629590395480226
1551,0.1554,6,53,6,62624,613820,3815,122441,4.861709542516791,0.16630108073088212
1552,0.1555,3,34,3,62658,613786,3818,122438,4.861440248384235,0.16630536358499587
1553,0.1556,1,28,1,62686,613758,3819,122437,4.86121847674566,0.1663105563064134
1554,0.1557,16,175,16,62861,613583,3835,122421,4.859832404004562,0.16633197645664968
1555,0.1558,1,28,1,62889,613555,3836,122420,4.859610632365986,0.1663371717789327
1556,0.1559,4,52,4,62941,613503,3840,122416,4.859198770751489,0.16634439388030475
1557,0.156,2,69,2,63010,613434,3842,122414,4.858652262070714,0.16635772605211946
1558,0.1561,3,40,3,63050,613394,3845,122411,4.858335445444177,0.16636337073001678
1559,0.1562,1,11,1,63061,613383,3846,122410,4.858248320871879,0.166364724861476
1560,0.1563,2,45,2,63106,613338,3848,122408,4.857891902167026,0.16637263403402805
1561,0.1564,8,49,8,63155,613289,3856,122400,4.857503801799519,0.16637465015787922
1562,0.1565,5,42,5,63197,613247,3861,122395,4.857171144341655,0.1663784830121173
1563,0.1566,4,45,4,63242,613202,3865,122391,4.856814725636801,0.16638412817957757
1564,0.1567,3,19,3,63261,613183,3868,122388,4.856664237739197,0.16638502605458888
1565,0.1568,6,38,6,63299,613145,3874,122382,4.8563632619439865,0.166386821965747
1566,0.1569,3,41,3,63340,613104,3877,122379,4.856038524901787,0.16639269704398335
1567,0.157,7,106,7,63446,612998,3884,122372,4.855198960841465,0.16640874661734908
1568,0.1571,3,32,3,63478,612966,3887,122369,4.8549455075402355,0.1664125874601372
1569,0.1572,5,27,5,63505,612939,3892,122364,4.854731656317323,0.16641302973060085
1570,0.1573,3,34,3,63539,612905,3895,122361,4.854462362184767,0.16641732379846205
1571,0.1574,8,43,8,63582,612862,3903,122353,4.854121784311241,0.1664179865753555
1572,0.1575,3,43,3,63625,612819,3906,122350,4.853781206437714,0.16642431876208055
1573,0.1576,1,19,1,63644,612800,3907,122349,4.853630718540109,0.16642748612866234
1574,0.1577,4,30,4,63674,612770,3911,122345,4.8533931060702065,0.16642974228522067
1575,0.1578,2,18,2,63692,612752,3913,122343,4.853250538588265,0.16643154966364893
1576,0.1579,1,36,1,63728,612716,3914,122342,4.852965403624382,0.16643856675255558
1577,0.158,4,45,4,63773,612671,3918,122338,4.852608984919528,0.16644422041090653
1578,0.1581,2,27,2,63800,612644,3920,122336,4.852395133696616,0.16644806661405753
1579,0.1582,2,42,2,63842,612602,3922,122334,4.852062476238753,0.16645531039437447
1580,0.1583,5,53,5,63895,612549,3927,122329,4.851642694208592,0.1664616439735575
1581,0.1584,4,80,4,63975,612469,3931,122325,4.851009060955519,0.16647522979229554
1582,0.1585,4,45,4,64020,612424,3935,122321,4.850652642250665,0.16648088792710397
1583,0.1586,1,45,1,64065,612379,3936,122320,4.850296223545811,0.1664899503061798
1584,0.1587,4,127,4,64192,612252,3940,122316,4.849290330756558,0.16651419609893162
1585,0.1588,2,53,2,64245,612199,3942,122314,4.8488705487263974,0.16652394171376136
1586,0.1589,8,21,8,64266,612178,3950,122306,4.848704219997465,0.16651962466166723
1587,0.159,8,189,8,64455,611989,3958,122298,4.84720726143708,0.16655340486757902
1588,0.1591,0,20,0,64475,611969,3958,122298,4.847048853123812,0.16655794145726283
1589,0.1592,9,72,9,64547,611897,3967,122289,4.846478583196046,0.16656405869902177
1590,0.1593,1,36,1,64583,611861,3968,122288,4.846193448232163,0.1665710911545204
1591,0.1594,1,27,1,64610,611834,3969,122287,4.845979597009251,0.16657608214449662
1592,0.1595,4,26,4,64636,611808,3973,122283,4.845773666202002,0.16657744067152438
1593,0.1596,7,80,7,64716,611728,3980,122276,4.84514003294893,0.1665876480237165
1594,0.1597,2,26,2,64742,611702,3982,122274,4.84493410214168,0.1665912781889326
1595,0.1598,3,59,3,64801,611643,3985,122271,4.844466797617539,0.16660126390830532
1596,0.1599,0,22,0,64823,611621,3985,122271,4.844292548472944,0.1666062581415249
1597,0.16,5,72,5,64895,611549,3990,122266,4.843722278545178,0.1666169266095678
1598,0.1601,4,28,4,64923,611521,3994,122262,4.843500506906603,0.166618741508048
1599,0.1602,3,23,3,64946,611498,3997,122259,4.843318337346344,0.16662055694187586
1600,0.1603,3,62,3,65008,611436,4000,122256,4.842827271575212,0.16663122945323106
1601,0.1604,6,45,6,65053,611391,4006,122250,4.842470852870359,0.16663463465100778
1602,0.1605,5,62,5,65115,611329,4011,122245,4.841979787099227,0.1666430380575102
1603,0.1606,3,26,3,65141,611303,4014,122242,4.8417738562919785,0.16664553640199306
1604,0.1607,4,17,4,65158,611286,4018,122238,4.841639209225701,0.16664485415610122
1605,0.1608,9,161,9,65319,611125,4027,122229,4.84036402230389,0.16667121199311655
1606,0.1609,2,17,2,65336,611108,4029,122227,4.840229375237612,0.16667280301635679
1607,0.161,4,64,4,65400,611044,4033,122223,4.839722468635154,0.1666828044900425
1608,0.1611,3,18,3,65418,611026,4036,122220,4.839579901153212,0.16668348685161596
1609,0.1612,2,34,2,65452,610992,4038,122218,4.839310607020656,0.16668894314043725
1610,0.1613,0,19,0,65471,610973,4038,122218,4.8391601191230516,0.1666932627378132
1611,0.1614,3,24,3,65495,610949,4041,122215,4.83897002914713,0.16669530964422694
1612,0.1615,10,79,10,65574,610870,4051,122205,4.83834431630972,0.16670190635337448
1613,0.1616,3,37,3,65611,610833,4054,122202,4.838051260930174,0.16670691031124024
1614,0.1617,7,34,7,65645,610799,4061,122195,4.837781966797618,0.16670668518432621
1615,0.1618,2,29,2,65674,610770,4063,122193,4.837552274743379,0.16671100724047463
1616,0.1619,2,33,2,65707,610737,4065,122191,4.837290901026486,0.16671623952148096
1617,0.162,1,28,1,65735,610709,4066,122190,4.837069129387911,0.1667214718535569
1618,0.1621,3,50,3,65785,610659,4069,122187,4.83667310860474,0.166729435652238
1619,0.1622,3,29,3,65814,610630,4072,122184,4.836443416550501,0.16673262246627385
1620,0.1623,0,29,0,65843,610601,4072,122184,4.836213724496262,0.16673922091745874
1621,0.1624,3,46,3,65889,610555,4075,122181,4.835849385375744,0.16674627696742073
1622,0.1625,5,30,5,65919,610525,4080,122176,4.8356117729058425,0.16674741811461974
1623,0.1626,1,14,1,65933,610511,4081,122175,4.835500887086554,0.16674946702953244
1624,0.1627,0,15,0,65948,610496,4081,122175,4.835382080851603,0.16675288089742873
1625,0.1628,3,50,3,65998,610446,4084,122172,4.834986060068433,0.16676084944677855
1626,0.1629,7,43,7,66041,610403,4091,122165,4.834645482194905,0.16676267595636174
1627,0.163,3,45,3,66086,610358,4094,122162,4.834289063490052,0.16676950799978157
1628,0.1631,0,16,0,66102,610342,4094,122162,4.834162336839437,0.16677315072682197
1629,0.1632,4,70,4,66172,610272,4098,122158,4.833607907742999,0.16678453913684585
1630,0.1633,7,63,7,66235,610209,4105,122151,4.833108921556203,0.16679092249713257
1631,0.1634,5,81,5,66316,610128,4110,122146,4.832467367887467,0.1668036827744806
1632,0.1635,7,53,7,66369,610075,4117,122139,4.832047585857306,0.16680779116487804
1633,0.1636,7,56,7,66425,610019,4124,122132,4.831604042580155,0.16681258374297106
1634,0.1637,1,55,1,66480,609964,4125,122131,4.831168419718667,0.16682397776244887
1635,0.1638,6,59,6,66539,609905,4131,122125,4.830701115194525,0.1668305943745475
1636,0.1639,5,48,5,66587,609857,4136,122120,4.830320935242682,0.16683584320272357
1637,0.164,3,40,3,66627,609817,4139,122117,4.830004118616145,0.16684154582243754
1638,0.1641,8,90,8,66717,609727,4147,122109,4.829291281206438,0.1668529561267825
1639,0.1642,2,32,2,66749,609695,4149,122107,4.829037827905209,0.16685797524467
1640,0.1643,3,41,3,66790,609654,4152,122104,4.828713090863008,0.16686390855993374
1641,0.1644,3,30,3,66820,609624,4155,122101,4.828475478393106,0.16686733403942738
1642,0.1645,3,35,3,66855,609589,4158,122098,4.828198263844887,0.16687190014309397
1643,0.1646,10,38,10,66893,609551,4168,122088,4.827897288049677,0.16686918001910778
1644,0.1647,1,21,1,66914,609530,4169,122087,4.827730959320745,0.16687283100310682
1645,0.1648,10,98,10,67012,609432,4179,122077,4.826954758585731,0.1668837977386471
1646,0.1649,2,18,2,67030,609414,4181,122075,4.826812191103789,0.16688562644140922
1647,0.165,6,48,6,67078,609366,4187,122069,4.826432011151946,0.1668897441331082
1648,0.1651,2,61,2,67139,609305,4189,122067,4.825948865796477,0.16690138534152252
1649,0.1652,10,108,10,67247,609197,4199,122057,4.825093460904828,0.16691464251819477
1650,0.1653,10,197,10,67444,609000,4209,122047,4.823533139019136,0.16694822631103062
1651,0.1654,6,96,6,67540,608904,4215,122041,4.822772779115448,0.1669633146132746
1652,0.1655,5,39,5,67579,608865,4220,122036,4.822463882904575,0.16696652487819827
1653,0.1656,3,53,3,67632,608812,4223,122033,4.822044100874414,0.16697521362258755
1654,0.1657,5,37,5,67669,608775,4228,122028,4.821751045494867,0.1669779680707386
1655,0.1658,3,34,3,67703,608741,4231,122025,4.821481751362311,0.16698231718498124
1656,0.1659,0,54,0,67757,608687,4231,122025,4.821054048916487,0.16699465726579008
1657,0.166,5,88,5,67845,608599,4236,122020,4.820357052338107,0.16700907039099722
1658,0.1661,0,25,0,67870,608574,4236,122020,4.820159041946521,0.16701478522955293
1659,0.1662,1,85,1,67955,608489,4237,122019,4.819485806615131,0.16703307835095577
1660,0.1663,5,73,5,68028,608416,4242,122014,4.8189076162717015,0.16704406993141027
1661,0.1664,2,31,2,68059,608385,4244,122012,4.818662083386136,0.16704887889736678
1662,0.1665,1,27,1,68086,608358,4245,122011,4.818448232163224,0.1670539138435503
1663,0.1666,3,23,3,68109,608335,4248,122008,4.818266062602965,0.16705575325566208
1664,0.1667,1,45,1,68154,608290,4249,122007,4.817909643898112,0.16706490646955965
1665,0.1668,5,122,5,68276,608168,4254,122002,4.816943353187176,0.16708711669885096
1666,0.1669,4,23,4,68299,608145,4258,121998,4.816761183626917,0.1670878170440585
1667,0.167,3,44,3,68343,608101,4261,121995,4.816412685337727,0.16709446428962765
1668,0.1671,4,23,4,68366,608078,4265,121991,4.816230515777468,0.16709516497755691
1669,0.1672,2,47,2,68413,608031,4267,121989,4.815858256241287,0.1671036409961371
1670,0.1673,1,29,1,68442,608002,4268,121988,4.815628564187048,0.16710913848134906
1671,0.1674,2,16,2,68458,607986,4270,121986,4.815501837536434,0.16711051930758988
1672,0.1675,3,35,3,68493,607951,4273,121983,4.8152246229882145,0.16711510903725543
1673,0.1676,1,23,1,68516,607928,4274,121982,4.815042453427956,0.16711923387814936
1674,0.1677,2,31,2,68547,607897,4276,121980,4.81479692054239,0.1671240496686428
1675,0.1678,4,60,4,68607,607837,4280,121976,4.814321695602585,0.16713322453834065
1676,0.1679,5,61,5,68668,607776,4285,121971,4.813838550247117,0.16714148876254373
1677,0.168,7,63,7,68731,607713,4292,121964,4.813339564060322,0.1671479298374486
1678,0.1681,10,96,10,68827,607617,4302,121954,4.812579204156634,0.16715850821921377
1679,0.1682,2,71,2,68898,607546,4304,121952,4.812016854644532,0.167172493961601
1680,0.1683,8,93,8,68991,607453,4312,121944,4.8112802559878345,0.16718467446397503
1681,0.1684,1,23,1,69014,607430,4313,121943,4.811098086427576,0.16718880463082675
1682,0.1685,6,60,6,69074,607370,4319,121937,4.810622861487771,0.16719570770608264
1683,0.1686,3,37,3,69111,607333,4322,121934,4.810329806108225,0.167200764603362
1684,0.1687,6,73,6,69184,607260,4328,121928,4.809751615764795,0.16721065075124658
1685,0.1688,8,88,8,69272,607172,4336,121920,4.809054619186415,0.16722169493013228
1686,0.1689,2,48,2,69320,607124,4338,121918,4.808674439234571,0.16723042019526996
1687,0.169,1,25,1,69345,607099,4339,121917,4.808476428842986,0.16723501267461893
1688,0.1691,1,60,1,69405,607039,4340,121916,4.8080012039031805,0.16724763531356532
1689,0.1692,5,46,5,69451,606993,4345,121911,4.807636864782664,0.16725247769253565
1690,0.1693,7,63,7,69514,606930,4352,121904,4.807137878595869,0.16725893687725873
1691,0.1694,1,20,1,69534,606910,4353,121903,4.8069794702826005,0.1672623841781088
1692,0.1695,1,40,1,69574,606870,4354,121902,4.806662653656064,0.16727042202499548
1693,0.1696,1,27,1,69601,606843,4355,121901,4.8064488024331515,0.16727547671061443
1694,0.1697,2,13,2,69614,606830,4357,121899,4.806345837029527,0.1672761753683468
1695,0.1698,0,27,0,69641,606803,4357,121899,4.806131985806615,0.16728237331584103
1696,0.1699,5,36,5,69677,606767,4362,121894,4.805846850842732,0.16728492399071723
1697,0.17,7,55,7,69732,606712,4369,121887,4.805411227981245,0.16728955159147899
1698,0.1701,5,36,5,69768,606676,4374,121882,4.805126093017361,0.1672921030309186
1699,0.1702,7,75,7,69843,606601,4381,121875,4.804532061842606,0.1673013249578572
1700,0.1703,1,24,1,69867,606577,4382,121874,4.804341971866684,0.16730569386273064
1701,0.1704,4,48,4,69915,606529,4386,121870,4.80396179191484,0.16731214622754836
1702,0.1705,7,77,7,69992,606452,4393,121863,4.803351919908756,0.1673218318996588
1703,0.1706,8,57,8,70049,606395,4401,121855,4.8029004562159425,0.1673257809818057
1704,0.1707,2,35,2,70084,606360,4403,121853,4.802623241667723,0.1673315362400836
1705,0.1708,7,56,7,70140,606304,4410,121846,4.802179698390572,0.16733640046693676
1706,0.1709,2,30,2,70170,606274,4412,121844,4.801942085920669,0.16734100791355247
1707,0.171,3,37,3,70207,606237,4415,121841,4.801649030541123,0.16734608105175544
1708,0.1711,8,79,8,70286,606158,4423,121833,4.801023317703713,0.1673550909283219
1709,0.1712,8,71,8,70357,606087,4431,121825,4.800460968191611,0.1673622635703217
1710,0.1713,3,33,3,70390,606054,4434,121822,4.8001995944747184,0.16736641955497913
1711,0.1714,4,50,4,70440,606004,4438,121818,4.799803573691547,0.16737334128399525
1712,0.1715,5,55,5,70495,605949,4443,121813,4.799367950830059,0.16738026992340901
1713,0.1716,0,40,0,70535,605909,4443,121813,4.799051134203523,0.16738947015481187
1714,0.1717,7,51,7,70586,605858,4450,121806,4.798647193004689,0.1673931924624552
1715,0.1718,4,33,4,70619,605825,4454,121802,4.798385819287796,0.1673962071226054
1716,0.1719,0,37,0,70656,605788,4454,121802,4.79809276390825,0.1674047196910348
1717,0.172,3,40,3,70696,605748,4457,121799,4.797775947281713,0.1674104903188385
1718,0.1721,0,6,0,70702,605742,4457,121799,4.797728424787733,0.16741187094610477
1719,0.1722,4,63,4,70765,605679,4461,121795,4.7972294386009375,0.1674217910193354
1720,0.1723,2,83,2,70848,605596,4463,121793,4.796572044100874,0.16743860575290526
1721,0.1724,0,75,0,70923,605521,4463,121793,4.795978012926119,0.16745587187927086
1722,0.1725,2,53,2,70976,605468,4465,121791,4.795558230895957,0.1674657859167092
1723,0.1726,11,142,11,71118,605326,4476,121780,4.794433531871753,0.1674858961416905
1724,0.1727,3,104,3,71222,605222,4479,121777,4.793609808642757,0.16750642022891366
1725,0.1728,8,59,8,71281,605163,4487,121769,4.793142504118616,0.1675108538350217
1726,0.1729,10,67,10,71348,605096,4497,121759,4.792611836269168,0.16751484133699293
1727,0.173,3,27,3,71375,605069,4500,121756,4.7923979850462555,0.16751762803976197
1728,0.1731,5,35,5,71410,605034,4505,121751,4.792120770498036,0.1675199680785927
1729,0.1732,12,132,12,71542,604902,4517,121739,4.791075275630465,0.16753665152392996
1730,0.1733,4,45,4,71587,604857,4521,121735,4.790718856925611,0.16754244472826565
1731,0.1734,2,23,2,71610,604834,4523,121733,4.7905366873653525,0.16754545692276143
1732,0.1735,2,24,2,71634,604810,4525,121731,4.790346597389431,0.16754869993572283
1733,0.1736,1,39,1,71673,604771,4526,121730,4.790037701178558,0.167556548442466
1734,0.1737,0,40,0,71713,604731,4526,121730,4.789720884552021,0.16756577434989628
1735,0.1738,1,27,1,71740,604704,4527,121729,4.789507033329109,0.16757085650018652
1736,0.1739,4,40,4,71780,604664,4531,121725,4.789190216702573,0.1675755001796558
1737,0.174,5,40,5,71820,604624,4536,121720,4.788873400076036,0.16757899838093246
1738,0.1741,5,44,5,71864,604580,4541,121715,4.788524901786846,0.167583419960209
1739,0.1742,6,56,6,71920,604524,4547,121709,4.788081358509695,0.1675894650890279
1740,0.1743,3,71,3,71991,604453,4550,121706,4.7875190089975925,0.16760241214389687
1741,0.1744,3,20,3,72011,604433,4553,121703,4.787360600684324,0.16760358941024822
1742,0.1745,5,44,5,72055,604389,4558,121698,4.787012102395134,0.16760801391568778
1743,0.1746,2,35,2,72090,604354,4560,121696,4.786734887846914,0.16761380070243095
1744,0.1747,4,53,4,72143,604301,4564,121692,4.786315105816754,0.16762145089553204
1745,0.1748,7,107,7,72250,604194,4571,121685,4.785467621340768,0.16763813252621992
1746,0.1749,4,36,4,72286,604158,4575,121681,4.785182486376885,0.16764185997170172
1747,0.175,11,131,11,72417,604027,4586,121670,4.784144911924978,0.1676595052756178
1748,0.1751,2,44,2,72461,603983,4588,121668,4.783796413635788,0.1676673772929411
1749,0.1752,3,39,3,72500,603944,4591,121665,4.7834875174249145,0.16767294782727338
1750,0.1753,2,48,2,72548,603896,4593,121663,4.78310733747307,0.16768174607440609
1751,0.1754,5,78,5,72626,603818,4598,121658,4.782489545051324,0.16769403812117836
1752,0.1755,5,52,5,72678,603766,4603,121653,4.782077683436826,0.1677003221586421
1753,0.1756,2,42,2,72720,603724,4605,121651,4.781745025978964,0.16770773737721867
1754,0.1757,14,175,14,72895,603549,4619,121637,4.780358953237866,0.16773214044396886
1755,0.1758,6,23,6,72918,603526,4625,121631,4.780176783677607,0.16773057420668902
1756,0.1759,4,43,4,72961,603483,4629,121627,4.779836205804081,0.16773592972100784
1757,0.176,4,27,4,72988,603456,4633,121623,4.779622354581169,0.16773758445631443
1758,0.1761,5,44,5,73032,603412,4638,121618,4.7792738562919785,0.16774202446795305
1759,0.1762,4,43,4,73075,603369,4642,121614,4.778933278418451,0.16774738166274245
1760,0.1763,2,46,2,73121,603323,4644,121612,4.7785689392979345,0.16775572982405318
1761,0.1764,7,103,7,73224,603220,4651,121605,4.777753136484603,0.16777153105922119
1762,0.1765,16,95,16,73319,603125,4667,121589,4.777000696996579,0.1677751499212103
1763,0.1766,21,151,21,73470,602974,4688,121568,4.775804714231403,0.16778599446270887
1764,0.1767,2,22,2,73492,602952,4690,121566,4.775630465086808,0.1677887919968862
1765,0.1768,5,58,5,73550,602894,4695,121561,4.77517108097833,0.16779648149298437
1766,0.1769,5,30,5,73580,602864,4700,121556,4.7749334685084275,0.16779768642500206
1767,0.177,6,38,6,73618,602826,4706,121550,4.774632492713217,0.1677995957900317
1768,0.1771,7,120,7,73738,602706,4713,121543,4.773682042833608,0.16781935494560574
1769,0.1772,7,33,7,73771,602673,4720,121536,4.773420669116716,0.1678189583393744
1770,0.1773,6,70,6,73841,602603,4726,121530,4.772866240020276,0.16782828568785016
1771,0.1774,3,36,3,73877,602567,4729,121527,4.7725811050563935,0.1678331818797007
1772,0.1775,8,96,8,73973,602471,4737,121519,4.771820745152706,0.16784624097017914
1773,0.1776,6,50,6,74023,602421,4743,121513,4.771424724369535,0.1678509366875986
1774,0.1777,4,115,4,74138,602306,4747,121509,4.770513876568242,0.16787300622396606
1775,0.1778,9,55,9,74193,602251,4756,121500,4.770078253706754,0.16787541571617864
1776,0.1779,3,22,3,74215,602229,4759,121497,4.769904004562159,0.16787706949867767
1777,0.178,1,45,1,74260,602184,4760,121496,4.769547585857306,0.16788635861154103
1778,0.1781,10,142,10,74402,602042,4770,121486,4.768422886833101,0.1679078072997866
1779,0.1782,2,18,2,74420,602024,4772,121484,4.76828031935116,0.1679096844817196
1780,0.1783,4,89,4,74509,601935,4776,121480,4.7675754023571155,0.16792574110296302
1781,0.1784,4,33,4,74542,601902,4780,121476,4.767314028640223,0.16792880071000224
1782,0.1785,3,61,3,74603,601841,4783,121473,4.766830883284754,0.16793951174731858
1783,0.1786,1,24,1,74627,601817,4784,121472,4.766640793308833,0.16794393389087903
1784,0.1787,1,43,1,74670,601774,4785,121471,4.766300215435306,0.16795276842563722
1785,0.1788,6,43,6,74713,601731,4791,121465,4.765959637561779,0.16795585152572748
1786,0.1789,4,47,4,74760,601684,4795,121461,4.765587378025598,0.16796216526422778
1787,0.179,0,21,0,74781,601663,4795,121461,4.765421049296667,0.1679670429967751
1788,0.1791,3,26,3,74807,601637,4798,121458,4.765215118489419,0.16796963054647038
1789,0.1792,4,31,4,74838,601606,4802,121454,4.764969585603852,0.1679722291372777
1790,0.1793,3,63,3,74901,601543,4805,121451,4.7644705994170575,0.16798341341698547
1791,0.1794,2,19,2,74920,601524,4807,121449,4.764320111519453,0.16798552643044762
1792,0.1795,7,83,7,75003,601441,4814,121442,4.763662717019389,0.1679967574282422
1793,0.1796,5,49,5,75052,601392,4819,121437,4.763274616651882,0.16800239060690703
1794,0.1797,9,59,9,75111,601333,4828,121428,4.76280731212774,0.16800574463757728
1795,0.1798,1,34,1,75145,601299,4829,121427,4.762538017995184,0.16801249712892577
1796,0.1799,4,63,4,75208,601236,4833,121423,4.762039031808389,0.16802253898450029
1797,0.18,4,69,4,75277,601167,4837,121419,4.761492523127614,0.16803397796248473
1798,0.1801,1,178,1,75455,600989,4838,121418,4.7600826891395265,0.1680742296240208
1799,0.1802,3,40,3,75495,600949,4841,121415,4.75976587251299,0.16808008151015277
1800,0.1803,2,28,2,75523,600921,4843,121413,4.759544100874414,0.16808429341551137
1801,0.1804,5,26,5,75549,600895,4848,121408,4.759338170067165,0.16808458500103143
1802,0.1805,5,43,5,75592,600852,4853,121403,4.758997592193638,0.1680888328914303
1803,0.1806,3,42,3,75634,600810,4856,121400,4.758664934735775,0.16809515237950182
1804,0.1807,9,154,9,75788,600656,4865,121391,4.757445190723609,0.16812063480632147
1805,0.1808,16,118,16,75906,600538,4881,121375,4.756510581675326,0.16812967767584183
1806,0.1809,2,28,2,75934,600510,4883,121373,4.756288810036751,0.1681338942737258
1807,0.181,7,88,7,76022,600422,4890,121366,4.75559181345837,0.1681463255138628
1808,0.1811,5,51,5,76073,600371,4895,121361,4.755187872259536,0.16815244439764346
1809,0.1812,8,121,8,76194,600250,4903,121353,4.7542295019642635,0.16817141835607669
1810,0.1813,2,51,2,76245,600199,4905,121351,4.753825560765429,0.16818099923775207
1811,0.1814,3,53,3,76298,600146,4908,121348,4.753405778735268,0.16818989485706048
1812,0.1815,2,41,2,76339,600105,4910,121346,4.753081041693068,0.1681971471381979
1813,0.1816,1,28,1,76367,600077,4911,121345,4.7528592700544925,0.16820252224079665
1814,0.1817,5,56,5,76423,600021,4916,121340,4.7524157267773415,0.16820981450341785
1815,0.1818,5,73,5,76496,599948,4921,121335,4.7518375364339125,0.16822107272734835
1816,0.1819,2,38,2,76534,599910,4923,121333,4.751536560638702,0.1682276292456218
1817,0.182,4,22,4,76556,599888,4927,121329,4.751362311494107,0.1682281477003454
1818,0.1821,5,36,5,76592,599852,4932,121324,4.751077176530225,0.16823077861714755
1819,0.1822,1,43,1,76635,599809,4933,121323,4.750736598656697,0.16823965653999545
1820,0.1823,6,27,6,76662,599782,4939,121317,4.750522747433785,0.16823903513941912
1821,0.1824,11,146,11,76808,599636,4950,121306,4.749366366746927,0.16826041484613186
1822,0.1825,8,64,8,76872,599572,4958,121298,4.748859460144469,0.16826612287929862
1823,0.1826,1,53,1,76925,599519,4959,121297,4.748439678114307,0.16827734123548868
1824,0.1827,9,54,9,76979,599465,4968,121288,4.748011975668483,0.16827956317906412
1825,0.1828,1,32,1,77011,599433,4969,121287,4.747758522367254,0.16828588078588078
1826,0.1829,4,29,4,77040,599404,4973,121283,4.747528830313015,0.1682880362764973
1827,0.183,5,38,5,77078,599366,4978,121278,4.7472278545178055,0.16829113959180955
1828,0.1831,7,35,7,77113,599331,4985,121271,4.746950639969586,0.1682912342735657
1829,0.1832,4,62,4,77175,599269,4989,121267,4.746459574198454,0.1683010980714357
1830,0.1833,4,61,4,77236,599208,4993,121263,4.745976428842986,0.1683107300640831
1831,0.1834,6,44,6,77280,599164,4999,121257,4.745627930553796,0.16831408301534798
1832,0.1835,2,51,2,77331,599113,5001,121255,4.745223989354962,0.16832369011394177
1833,0.1836,5,63,5,77394,599050,5006,121250,4.744725003168166,0.16833263917812022
1834,0.1837,1,60,1,77454,598990,5007,121249,4.744249778228362,0.16834550753291616
1835,0.1838,14,108,14,77562,598882,5021,121235,4.743394373336713,0.16835458682408552
1836,0.1839,7,39,7,77601,598843,5028,121228,4.74308547712584,0.16835562048742417
1837,0.184,4,32,4,77633,598811,5032,121224,4.742832023824611,0.16835848257376376
1838,0.1841,7,61,7,77694,598750,5039,121217,4.742348878469142,0.16836466115808085
1839,0.1842,6,66,6,77760,598684,5045,121211,4.741826131035356,0.1683731655310844
1840,0.1843,7,66,7,77826,598618,5052,121204,4.741303383601571,0.1683805162943061
1841,0.1844,2,26,2,77852,598592,5054,121202,4.741097452794323,0.16838428772676628
1842,0.1845,5,36,5,77888,598556,5059,121197,4.740812317830439,0.1683869327394259
1843,0.1846,3,39,3,77927,598517,5062,121194,4.740503421619566,0.16839259091496447
1844,0.1847,1,21,1,77948,598496,5063,121193,4.740337092890635,0.1683963489785171
1845,0.1848,2,49,2,77997,598447,5065,121191,4.739948992523128,0.16840550387833883
1846,0.1849,4,49,4,78046,598398,5069,121187,4.7395608921556205,0.16841234878436878
1847,0.185,4,55,4,78101,598343,5073,121183,4.739125269294132,0.16842059911664067
1848,0.1851,2,59,2,78160,598284,5075,121181,4.738657964769991,0.16843209885122973
1849,0.1852,3,40,3,78200,598244,5078,121178,4.738341148143455,0.16843799605794652
1850,0.1853,7,181,7,78381,598063,5085,121171,4.736907552908376,0.16847229135441316
1851,0.1854,1,58,1,78439,598005,5086,121170,4.736448168799899,0.16848472207738033
1852,0.1855,1,59,1,78498,597946,5087,121169,4.735980864275757,0.1684973891519437
1853,0.1856,4,88,4,78586,597858,5091,121165,4.735283867697377,0.16851338552452425
1854,0.1857,4,46,4,78632,597812,5095,121161,4.734919528576859,0.16851954106760617
1855,0.1858,4,48,4,78680,597764,5099,121157,4.734539348625016,0.1685261662964359
1856,0.1859,6,39,6,78719,597725,5105,121151,4.734230452414143,0.1685283692876101
1857,0.186,5,36,5,78755,597689,5110,121146,4.73394531745026,0.16853102589606794
1858,0.1861,3,10,3,78765,597679,5113,121143,4.733866113293626,0.16852990030911685
1859,0.1862,1,42,1,78807,597637,5114,121142,4.7335334558357625,0.16853859113858363
1860,0.1863,3,100,3,78907,597537,5117,121139,4.732741414269421,0.16855857159554513
1861,0.1864,6,61,6,78968,597476,5123,121133,4.732258268913952,0.16856593780484241
1862,0.1865,3,29,3,78997,597447,5126,121130,4.7320285768597135,0.16856926954244292
1863,0.1866,5,57,5,79054,597390,5131,121125,4.731577113166899,0.16857685643305986
1864,0.1867,4,45,4,79099,597345,5135,121121,4.731220694462046,0.16858278610261307
1865,0.1868,4,46,4,79145,597299,5139,121117,4.730856355341528,0.1685889512483018
1866,0.1869,2,49,2,79194,597250,5141,121115,4.730468254974021,0.16859813604504673
1867,0.187,5,36,5,79230,597214,5146,121110,4.730183120010138,0.16860079852545648
1868,0.1871,6,56,6,79286,597158,5152,121104,4.729739576732987,0.1686069985604139
1869,0.1872,8,101,8,79387,597057,5160,121096,4.728939614750982,0.16862144974678098
1870,0.1873,6,65,6,79452,596992,5166,121090,4.72842478773286,0.16862976651691589
1871,0.1874,3,43,3,79495,596949,5169,121087,4.728084209859333,0.16863639149012027
1872,0.1875,7,78,7,79573,596871,5176,121080,4.727466417437587,0.16864660680185695
1873,0.1876,12,156,12,79729,596715,5188,121068,4.726230832594094,0.16866936107430797
1874,0.1877,8,208,8,79937,596507,5196,121060,4.724583386136104,0.16870898466624024
1875,0.1878,4,104,4,80041,596403,5200,121056,4.723759662907109,0.16872880540908958
1876,0.1879,1,29,1,80070,596374,5201,121055,4.72352997085287,0.16873446710406187
1877,0.188,3,19,3,80089,596355,5204,121052,4.7233794829552656,0.16873545978781918
1878,0.1881,7,136,7,80225,596219,5211,121045,4.722302306425041,0.16875934105155146
1879,0.1882,4,29,4,80254,596190,5215,121041,4.722072614370802,0.16876152871250685
1880,0.1883,4,90,4,80344,596100,5219,121037,4.721359776961095,0.16877807169341422
1881,0.1884,0,34,0,80378,596066,5219,121037,4.721090482828539,0.16878607396705914
1882,0.1885,0,25,0,80403,596041,5219,121037,4.720892472436954,0.1687919584759259
1883,0.1886,4,71,4,80474,595970,5223,121033,4.720330122924851,0.16880403568743785
1884,0.1887,7,77,7,80551,595893,5230,121026,4.719720250918768,0.16881405012281722
1885,0.1888,6,31,6,80582,595862,5236,121020,4.719474718033203,0.16881439344271443
1886,0.1889,3,18,3,80600,595844,5239,121017,4.719332150551261,0.16881515384432966
1887,0.189,9,81,9,80681,595763,5248,121008,4.718690596882524,0.1688237944894534
1888,0.1891,0,28,0,80709,595735,5248,121008,4.718468825243948,0.16883038969337685
1889,0.1892,1,45,1,80754,595690,5249,121007,4.718112406539095,0.16883983050019744
1890,0.1893,8,68,8,80822,595622,5257,120999,4.717573818273983,0.16884657301418743
1891,0.1894,7,64,7,80886,595558,5264,120992,4.717066911671525,0.16885353429628078
1892,0.1895,2,32,2,80918,595526,5266,120990,4.716813458370296,0.16885875542207013
1893,0.1896,2,60,2,80978,595466,5268,120988,4.71633823343049,0.16887057647804324
1894,0.1897,0,45,0,81023,595421,5268,120988,4.7159818147256365,0.16888118379305675
1895,0.1898,6,48,6,81071,595373,5274,120982,4.715601634773793,0.1688855385946912
1896,0.1899,2,36,2,81107,595337,5276,120980,4.71531649980991,0.1688917057671394
1897,0.19,1,37,1,81144,595300,5277,120979,4.715023444430364,0.1688992696979808
1898,0.1901,4,19,4,81163,595281,5281,120975,4.7148729565327585,0.16889910869856586
1899,0.1902,2,89,2,81252,595192,5283,120973,4.714168039538715,0.16891777732785043
1900,0.1903,5,38,5,81290,595154,5288,120968,4.713867063743505,0.16892093805245476
1901,0.1904,5,32,5,81322,595122,5293,120963,4.713613610442276,0.16892268375960953
1902,0.1905,1,33,1,81355,595089,5294,120962,4.713352236725384,0.16892930810794204
1903,0.1906,2,45,2,81400,595044,5296,120960,4.71299581802053,0.16893760370053798
1904,0.1907,8,42,8,81442,595002,5304,120952,4.712663160562666,0.1689382278749752
1905,0.1908,4,81,4,81523,594921,5308,120948,4.71202160689393,0.1689526994464071
1906,0.1909,0,27,0,81550,594894,5308,120948,4.711807755671018,0.16895907197398308
1907,0.191,9,54,9,81604,594840,5317,120939,4.711380053225193,0.16896136936121345
1908,0.1911,1,60,1,81664,594780,5318,120938,4.710904828285388,0.16897437258808637
1909,0.1912,13,48,13,81712,594732,5331,120925,4.710524648333545,0.16897061022249485
1910,0.1913,5,49,5,81761,594683,5336,120920,4.710136547966037,0.1689763737714906
1911,0.1914,4,52,4,81813,594631,5340,120916,4.70972468635154,0.16898400803860544
1912,0.1915,6,58,6,81871,594573,5346,120910,4.709265302243062,0.16899073772542464
1913,0.1916,3,50,3,81921,594523,5349,120907,4.708869281459891,0.16899906350027255
1914,0.1917,6,90,6,82011,594433,5355,120901,4.708156444050184,0.16901335599873626
1915,0.1918,5,60,5,82071,594373,5360,120896,4.707681219110379,0.16902172469378654
1916,0.1919,5,148,5,82219,594225,5365,120891,4.706508997592193,0.16905089523937375
1917,0.192,5,71,5,82290,594154,5370,120886,4.705946648080091,0.1690618706645782
1918,0.1921,1,23,1,82313,594131,5371,120885,4.705764478519833,0.16906614677154078
1919,0.1922,11,116,11,82429,594015,5382,120874,4.704845710302877,0.16908079436108264
1920,0.1923,8,77,8,82506,593938,5390,120866,4.7042358382967935,0.16908970850750696
1921,0.1924,1,66,1,82572,593872,5391,120865,4.703713090863008,0.16910415999171724
1922,0.1925,7,113,7,82685,593759,5398,120858,4.7028180838930425,0.1691227608635115
1923,0.1926,6,39,6,82724,593720,5404,120852,4.702509187682169,0.1691250146941106
1924,0.1927,8,82,8,82806,593638,5412,120844,4.70185971359777,0.16913512166856548
1925,0.1928,5,76,5,82882,593562,5417,120839,4.701257762007351,0.16914729962584038
1926,0.1929,2,57,2,82939,593505,5419,120837,4.700806298314536,0.16915847031253936
1927,0.193,4,68,4,83007,593437,5423,120833,4.700267710049423,0.16916992173827824
1928,0.1931,5,63,5,83070,593374,5428,120828,4.699768723862628,0.16917902778205607
1929,0.1932,0,43,0,83113,593331,5428,120828,4.699428145989102,0.16918921416659316
1930,0.1933,7,48,7,83161,593283,5435,120821,4.6990479660372575,0.1691924425573866
1931,0.1934,0,32,0,83193,593251,5435,120821,4.698794512736028,0.1692000246473745
1932,0.1935,12,140,12,83333,593111,5447,120809,4.69768565454315,0.1692192402510085
1933,0.1936,4,35,4,83368,593076,5451,120805,4.6974084399949305,0.1692228816847626
1934,0.1937,5,40,5,83408,593036,5456,120800,4.697091623368395,0.1692265450327526
1935,0.1938,1,17,1,83425,593019,5457,120799,4.696956976302117,0.1692294114185969
1936,0.1939,6,61,6,83486,592958,5463,120793,4.6964738309466485,0.16923689073640527
1937,0.194,5,82,5,83568,592876,5468,120788,4.695824356862248,0.16925051564882074
1938,0.1941,2,69,2,83637,592807,5470,120786,4.6952778481814725,0.16926455276326982
1939,0.1942,9,211,9,83848,592596,5479,120777,4.693606640476492,0.16930413682603632
1940,0.1943,1,20,1,83868,592576,5480,120776,4.693448232163224,0.16930771905034261
1941,0.1944,1,54,1,83922,592522,5481,120775,4.6930205297173995,0.16931937187454876
1942,0.1945,7,38,7,83960,592484,5488,120768,4.69271955392219,0.16932024025169226
1943,0.1946,7,48,7,84008,592436,5495,120761,4.692339373970346,0.16932348285256388
1944,0.1947,8,73,8,84081,592363,5503,120753,4.691761183626917,0.16933149725991284
1945,0.1948,5,61,5,84142,592302,5508,120748,4.691278038271449,0.16934015847416028
1946,0.1949,5,70,5,84212,592232,5513,120743,4.690723609175009,0.16935095900978295
1947,0.195,2,47,2,84259,592185,5515,120741,4.690351349638829,0.1693597933025307
1948,0.1951,8,62,8,84321,592123,5523,120733,4.689860283867698,0.1693652013870964
1949,0.1952,4,37,4,84358,592086,5527,120729,4.689567228488151,0.16936933145346267
1950,0.1953,5,59,5,84417,592027,5532,120724,4.68909992396401,0.1693775245492465
1951,0.1954,2,9,2,84426,592018,5534,120722,4.689028640223039,0.16937733254763307
1952,0.1955,2,40,2,84466,591978,5536,120720,4.688711823596503,0.16938450788412485
1953,0.1956,3,30,3,84496,591948,5539,120717,4.6884742111266,0.16938814169350255
1954,0.1957,3,53,3,84549,591895,5542,120714,4.6880544290964385,0.16939724308842577
1955,0.1958,1,21,1,84570,591874,5543,120713,4.687888100367507,0.16940106962377927
1956,0.1959,8,49,8,84619,591825,5551,120705,4.6875,0.16940339354132458
1957,0.196,4,84,4,84703,591741,5555,120701,4.686834685084273,0.16941870355762292
1958,0.1961,6,30,6,84733,591711,5561,120695,4.68659707261437,0.16941884262625526
1959,0.1962,4,39,4,84772,591672,5565,120691,4.686288176403497,0.16942345405362152
1960,0.1963,3,60,3,84832,591612,5568,120688,4.685812951463693,0.16943422715148113
1961,0.1964,6,31,6,84863,591581,5574,120682,4.685567418578127,0.169434604914196
1962,0.1965,6,94,6,84957,591487,5580,120676,4.684822899505766,0.16944997142508106
1963,0.1966,7,47,7,85004,591440,5587,120669,4.684450639969586,0.16945299104491027
1964,0.1967,6,44,6,85048,591396,5593,120663,4.684102141680396,0.16945646357956293
1965,0.1968,4,67,4,85115,591329,5597,120659,4.683571473830947,0.1694677438383793
1966,0.1969,11,101,11,85216,591228,5608,120648,4.682771511848942,0.16947895419988873
1967,0.197,4,40,4,85256,591188,5612,120644,4.682454695222405,0.16948381078681488
1968,0.1971,5,73,5,85329,591115,5617,120639,4.681876504878976,0.1694953593516861
1969,0.1972,7,30,7,85359,591085,5624,120632,4.681638892409073,0.16949433552943094
1970,0.1973,2,43,2,85402,591042,5626,120630,4.681298314535547,0.1695022426061444
1971,0.1974,5,62,5,85464,590980,5631,120625,4.680807248764415,0.16951117544143168
1972,0.1975,3,50,3,85514,590930,5634,120622,4.680411227981245,0.16951958535707862
1973,0.1976,9,52,9,85566,590878,5643,120613,4.679999366366747,0.16952146970235743
1974,0.1977,7,51,7,85617,590827,5650,120606,4.679595425167912,0.16952545074518613
1975,0.1978,1,33,1,85650,590794,5651,120605,4.67933405145102,0.169532147219774
1976,0.1979,6,36,6,85686,590758,5657,120599,4.679048916487138,0.1695337221676317
1977,0.198,1,30,1,85716,590728,5658,120598,4.678811304017235,0.16953970472047977
1978,0.1981,7,57,7,85773,590671,5665,120591,4.67835984032442,0.1695451183951905
1979,0.1982,2,54,2,85827,590617,5667,120589,4.677932137878596,0.1695556561671302
1980,0.1983,1,45,1,85872,590572,5668,120588,4.677575719173742,0.16956521739130434
1981,0.1984,6,45,6,85917,590527,5674,120582,4.677219300468889,0.16956894090779331
1982,0.1985,4,50,4,85967,590477,5678,120578,4.676823279685718,0.1695761931214885
1983,0.1986,12,137,12,86104,590340,5690,120566,4.67573818273983,0.16959485501599367
1984,0.1987,6,100,6,86204,590240,5696,120560,4.674946141173489,0.16961170512099044
1985,0.1988,1,43,1,86247,590197,5697,120559,4.674605563299962,0.1696207981360692
1986,0.1989,6,38,6,86285,590159,5703,120553,4.674304587504753,0.16962285707853533
1987,0.199,10,188,10,86473,589971,5713,120543,4.67281554936003,0.16965605181600926
1988,0.1991,12,102,12,86575,589869,5725,120531,4.6720076669623625,0.16966638513513513
1989,0.1992,2,34,2,86609,589835,5727,120529,4.6717383728298065,0.1696721680715802
1990,0.1993,12,80,12,86689,589755,5739,120517,4.671104739576733,0.16967725040547846
1991,0.1994,8,25,8,86714,589730,5747,120509,4.670906729185147,0.16967387034505285
1992,0.1995,5,42,5,86756,589688,5752,120504,4.670574071727284,0.16967805889111676
1993,0.1996,1,18,1,86774,589670,5753,120503,4.670431504245343,0.16968119035784238
1994,0.1997,2,72,2,86846,589598,5755,120501,4.669861234317577,0.1696960564653661
1995,0.1998,4,45,4,86891,589553,5759,120497,4.669504815612723,0.16970213365255968
1996,0.1999,2,22,2,86913,589531,5761,120495,4.669330566468128,0.16970505305439518
1997,0.2,1,59,1,86972,589472,5762,120494,4.6688632619439865,0.16971798649512793
1998,0.2001,6,76,6,87048,589396,5768,120488,4.668261310353567,0.16972913884521978
1999,0.2002,4,62,4,87110,589334,5772,120484,4.667770244582436,0.16973928528157922
2000,0.2003,4,50,4,87160,589284,5776,120480,4.667374223799265,0.16974656364650786
2001,0.2004,7,99,7,87259,589185,5783,120473,4.666590102648587,0.169762054398034
2002,0.2005,5,74,5,87333,589111,5788,120468,4.666003991889494,0.16977390819063135
2003,0.2006,5,36,5,87369,589075,5793,120463,4.665718856925611,0.16977667158066234
2004,0.2007,6,80,6,87449,588995,5799,120457,4.665085223672539,0.1697887947317084
2005,0.2008,5,100,5,87549,588895,5804,120452,4.664293182106197,0.1698068787208517
2006,0.2009,3,62,3,87611,588833,5807,120449,4.663802116335066,0.1698182105283935
2007,0.201,3,93,3,87704,588740,5810,120446,4.663065517678368,0.16983696801685313
2008,0.2011,2,59,2,87763,588681,5812,120444,4.662598213154227,0.16984875727128504
2009,0.2012,4,45,4,87808,588636,5816,120440,4.662241794449373,0.16985485335845524
2010,0.2013,4,42,4,87850,588594,5820,120436,4.661909136991509,0.16986023158399505
2011,0.2014,4,67,4,87917,588527,5824,120432,4.66137846914206,0.1698716004733701
2012,0.2015,3,84,3,88001,588443,5827,120429,4.660713154226333,0.1698882167725626
2013,0.2016,7,39,7,88040,588404,5834,120422,4.66040425801546,0.16988936636071475
2014,0.2017,5,102,5,88142,588302,5839,120417,4.6595963756177925,0.1699079607009266
2015,0.2018,0,38,0,88180,588264,5839,120417,4.659295399822582,0.16991707129159664
2016,0.2019,9,162,9,88342,588102,5848,120408,4.658012292485109,0.16994537832916967
2017,0.202,2,57,2,88399,588045,5850,120406,4.657560828792295,0.16995670836797463
2018,0.2021,4,36,4,88435,588009,5854,120402,4.657275693828412,0.16996065843133434
2019,0.2022,4,15,4,88450,587994,5858,120398,4.657156887593461,0.16995957040734508
2020,0.2023,3,41,3,88491,587953,5861,120395,4.656832150551261,0.16996589247093236
2021,0.2024,2,60,2,88551,587893,5863,120393,4.6563569256114565,0.1699779467616189
2022,0.2025,4,61,4,88612,587832,5867,120389,4.6558737802559875,0.16998789925743518
2023,0.2026,6,24,6,88636,587808,5873,120383,4.655683690280066,0.16998662790123004
2024,0.2027,1,41,1,88677,587767,5874,120382,4.655358953237866,0.16999529759979892
2025,0.2028,3,50,3,88727,587717,5877,120379,4.654962932454695,0.17000378479754158
2026,0.2029,1,18,1,88745,587699,5878,120378,4.654820364972754,0.1700069342740973
2027,0.203,4,69,4,88814,587630,5882,120374,4.6542738562919785,0.17001881345303133
2028,0.2031,12,81,12,88895,587549,5894,120362,4.653632302623242,0.1700241979570878
2029,0.2032,9,96,9,88991,587453,5903,120353,4.652871942719554,0.17003670497283155
2030,0.2033,3,55,3,89046,587398,5906,120350,4.652436319858066,0.17004640069629304
2031,0.2034,3,25,3,89071,587373,5909,120347,4.6522383094664805,0.17004888939128468
2032,0.2035,1,17,1,89088,587356,5910,120346,4.652103662400203,0.1700518014644582
2033,0.2036,8,34,8,89122,587322,5918,120338,4.651834368267647,0.1700505892660317
2034,0.2037,5,56,5,89178,587266,5923,120333,4.651390824990496,0.17005818267125872
2035,0.2038,5,51,5,89229,587215,5928,120328,4.650986883791662,0.17006457558056542
2036,0.2039,6,75,6,89304,587140,5934,120322,4.650392852616905,0.1700755658961188
2037,0.204,1,24,1,89328,587116,5935,120321,4.650202762640983,0.17008016261518694
2038,0.2041,11,63,11,89391,587053,5946,120310,4.649703776454189,0.17008240464938087
2039,0.2042,13,116,13,89507,586937,5959,120297,4.648785008237232,0.170095046335442
2040,0.2043,1,20,1,89527,586917,5960,120296,4.648626599923964,0.17009868314072282
2041,0.2044,3,44,3,89571,586873,5963,120293,4.648278101634774,0.1701057460341702
2042,0.2045,1,55,1,89626,586818,5964,120292,4.647842478773286,0.1701178034534938
2043,0.2046,5,34,5,89660,586784,5969,120287,4.64757318464073,0.17012011523595225
2044,0.2047,5,57,5,89717,586727,5974,120282,4.647121720947915,0.17012796159596272
2045,0.2048,9,79,9,89796,586648,5983,120273,4.646496008110506,0.17013640845299546
2046,0.2049,3,70,3,89866,586578,5986,120270,4.645941579014067,0.17014973516229798
2047,0.205,5,115,5,89981,586463,5991,120265,4.645030731212774,0.1701715511483909
2048,0.2051,6,114,6,90095,586349,5997,120259,4.6441278038271445,0.1701919593324729
2049,0.2052,6,33,6,90128,586316,6003,120253,4.643866430110252,0.1701928615605836
2050,0.2053,18,166,18,90294,586150,6021,120235,4.642551641110125,0.17021171174359592
2051,0.2054,4,102,4,90396,586048,6025,120231,4.641743758712457,0.17023159403012125
2052,0.2055,2,41,2,90437,586007,6027,120229,4.6414190216702575,0.17023912686410775
2053,0.2056,8,185,8,90622,585822,6035,120221,4.639953744772526,0.17027433173333636
2054,0.2057,2,81,2,90703,585741,6037,120219,4.639312191103789,0.17029151793302735
2055,0.2058,9,96,9,90799,585645,6046,120210,4.638551831200101,0.17030409928384724
2056,0.2059,2,49,2,90848,585596,6048,120208,4.638163730832594,0.17031357147310017
2057,0.206,3,92,3,90940,585504,6051,120205,4.63743505259156,0.17033224742776412
2058,0.2061,11,55,11,90995,585449,6062,120194,4.636999429730072,0.17033259027581935
2059,0.2062,6,42,6,91037,585407,6068,120188,4.636666772272209,0.17033567414735082
2060,0.2063,0,19,0,91056,585388,6068,120188,4.636516284374604,0.1703402610066102
2061,0.2064,0,32,0,91088,585356,6068,120188,4.636262831073375,0.1703479868016736
2062,0.2065,3,140,3,91228,585216,6071,120185,4.635153972880497,0.1703782671133157
2063,0.2066,4,31,4,91259,585185,6075,120181,4.6349084399949305,0.17038105040503795
2064,0.2067,5,86,5,91345,585099,6080,120176,4.634227284247877,0.1703959448442097
2065,0.2068,7,29,7,91374,585070,6087,120169,4.633997592193638,0.170394717251882
2066,0.2069,4,47,4,91421,585023,6091,120165,4.6336253326574575,0.17040136814579943
2067,0.207,7,95,7,91516,584928,6098,120158,4.632872893169433,0.17041609108676103
2068,0.2071,4,78,4,91594,584850,6102,120154,4.632255100747687,0.17043023869368118
2069,0.2072,3,36,3,91630,584814,6105,120151,4.631969965783805,0.17043541168710502
2070,0.2073,9,69,9,91699,584745,6114,120142,4.631423457103029,0.17044150338990505
2071,0.2074,6,64,6,91763,584681,6120,120136,4.6309165505005705,0.17044991820571864
2072,0.2075,2,53,2,91816,584628,6122,120134,4.630496768470409,0.1704603823702186
2073,0.2076,3,71,3,91887,584557,6125,120131,4.629934418958307,0.17047402538428355
2074,0.2077,8,180,8,92067,584377,6133,120123,4.628508744138893,0.1705081618168914
2075,0.2078,2,41,2,92108,584336,6135,120121,4.628184007096692,0.17051573055559105
2076,0.2079,10,57,10,92165,584279,6145,120111,4.627732543403877,0.17051775294936045
2077,0.208,1,72,1,92237,584207,6146,120110,4.627162273476112,0.1705340067043675
2078,0.2081,4,40,4,92277,584167,6150,120106,4.626845456849575,0.17053898133252304
2079,0.2082,2,28,2,92305,584139,6152,120104,4.626623685211,0.17054340618224106
2080,0.2083,4,61,4,92366,584078,6156,120100,4.626140539855531,0.17055346801518934
2081,0.2084,9,68,9,92434,584010,6165,120091,4.625601951590419,0.1705593373677924
2082,0.2085,3,28,3,92462,583982,6168,120088,4.6253801799518435,0.1705625861064951
2083,0.2086,2,24,2,92486,583958,6170,120086,4.625190089975922,0.17056604416769405
2084,0.2087,4,107,4,92593,583851,6174,120082,4.624342605499937,0.1705872575941176
2085,0.2088,6,33,6,92626,583818,6180,120076,4.624081231783044,0.17058818515287813
2086,0.2089,6,54,6,92680,583764,6186,120070,4.623653529337219,0.17059420261027458
2087,0.209,4,62,4,92742,583702,6190,120066,4.6231624635660875,0.17060451739777882
2088,0.2091,3,51,3,92793,583651,6193,120063,4.622758522367254,0.17061334576262516
2089,0.2092,6,76,6,92869,583575,6199,120057,4.622156570776834,0.17062470154853673
2090,0.2093,3,23,3,92892,583552,6202,120054,4.621974401216576,0.17062674280776458
2091,0.2094,9,27,9,92919,583525,6211,120045,4.621760549993664,0.17062268146737353
2092,0.2095,6,69,6,92988,583456,6217,120039,4.621214041312888,0.1706323428027207
2093,0.2096,3,36,3,93024,583420,6220,120036,4.620928906349005,0.1706375380976209
2094,0.2097,3,38,3,93062,583382,6223,120033,4.620627930553796,0.17064321915227854
2095,0.2098,4,31,4,93093,583351,6227,120029,4.620382397668229,0.1706460234865933
2096,0.2099,11,79,11,93172,583272,6238,120018,4.61975668483082,0.17065222027897453
2097,0.21,9,65,9,93237,583207,6247,120009,4.619241857812698,0.17065737980933313
2098,0.2101,3,38,3,93275,583169,6250,120006,4.618940882017489,0.1706630639598962
2099,0.2102,3,46,3,93321,583123,6253,120003,4.618576542896971,0.17067069060168447
2100,0.2103,13,113,13,93434,583010,6266,119990,4.617681535927005,0.1706827880512091
2101,0.2104,9,121,9,93555,582889,6275,119981,4.616723165631733,0.17070155220737832
2102,0.2105,3,43,3,93598,582846,6278,119978,4.616382587758205,0.170708456171104
2103,0.2106,8,55,8,93653,582791,6286,119970,4.615946964896718,0.17071237590019936
2104,0.2107,4,53,4,93706,582738,6290,119966,4.615527182866557,0.17072053097748127
2105,0.2108,5,41,5,93747,582697,6295,119961,4.615202445824357,0.17072459147978106
2106,0.2109,3,43,3,93790,582654,6298,119958,4.61486186795083,0.1707314990350293
2107,0.211,7,45,7,93835,582609,6305,119951,4.614505449245977,0.17073417217034845
2108,0.2111,2,34,2,93869,582575,6307,119949,4.614236155113421,0.17074007436044888
2109,0.2112,2,75,2,93944,582500,6309,119947,4.613642123938664,0.17075594315300657
2110,0.2113,5,56,5,94000,582444,6314,119942,4.613198580661513,0.17076365417306152
2111,0.2114,2,28,2,94028,582416,6316,119940,4.612976809022937,0.170768100507435
2112,0.2115,11,136,11,94164,582280,6327,119929,4.6118996324927135,0.17078818414460653
2113,0.2116,1,39,1,94203,582241,6328,119928,4.6115907362818405,0.17079648916428952
2114,0.2117,6,43,6,94246,582198,6334,119922,4.611250158408313,0.1707998632712357
2115,0.2118,5,46,5,94292,582152,6339,119917,4.610885819287796,0.17080514878167247
2116,0.2119,7,43,7,94335,582109,6346,119910,4.610545241414269,0.1708073428212057
2117,0.212,2,25,2,94360,582084,6348,119908,4.6103472310226845,0.17081106337394159
2118,0.2121,7,55,7,94415,582029,6355,119901,4.609911608161196,0.1708161782513926
2119,0.2122,4,86,4,94501,581943,6359,119897,4.609230452414143,0.1708323834492192
2120,0.2123,2,36,2,94537,581907,6361,119895,4.60894531745026,0.17083878358853352
2121,0.2124,3,37,3,94574,581870,6364,119892,4.608652262070714,0.1708442463399272
2122,0.2125,8,75,8,94649,581795,6372,119884,4.608058230895957,0.17085305388931407
2123,0.2126,3,41,3,94690,581754,6375,119881,4.6077334938537575,0.17085949247115664
2124,0.2127,7,58,7,94748,581696,6382,119874,4.60727410974528,0.17086534486936442
2125,0.2128,7,84,7,94832,581612,6389,119867,4.606608794829553,0.17087753161534416
2126,0.2129,9,127,9,94959,581485,6398,119858,4.605602902040299,0.17089783458307847
2127,0.213,7,53,7,95012,581432,6405,119851,4.605183120010138,0.17090247446465978
2128,0.2131,5,76,5,95088,581356,6410,119846,4.604581168419719,0.17091508580979517
2129,0.2132,6,50,6,95138,581306,6416,119840,4.604185147636548,0.17092017924940026
2130,0.2133,2,73,2,95211,581233,6418,119838,4.603606957293119,0.1709356113717441
2131,0.2134,4,35,4,95246,581198,6422,119834,4.603329742744899,0.17093941503383583
2132,0.2135,7,34,7,95280,581164,6429,119827,4.603060448612343,0.17093942718237468
2133,0.2136,14,115,14,95395,581049,6443,119813,4.6021496008110505,0.17095091473071733
2134,0.2137,8,69,8,95464,580980,6451,119805,4.601603092130275,0.17095828249748496
2135,0.2138,2,38,2,95502,580942,6453,119803,4.601302116335066,0.17096518705092437
2136,0.2139,3,43,3,95545,580899,6456,119800,4.600961538461538,0.1709721292594966
2137,0.214,11,55,11,95600,580844,6467,119789,4.600525915600051,0.17097253483635513
2138,0.2141,6,54,6,95654,580790,6473,119783,4.600098213154227,0.17097861322089203
2139,0.2142,3,56,3,95710,580734,6476,119780,4.599654669877075,0.17098873113171187
2140,0.2143,7,74,7,95784,580660,6483,119773,4.599068559117982,0.17099851092110166
2141,0.2144,2,40,2,95824,580620,6485,119771,4.598751742491446,0.1710059095562336
2142,0.2145,2,40,2,95864,580580,6487,119769,4.598434925864909,0.1710133090787593
2143,0.2146,5,76,5,95940,580504,6492,119764,4.59783297427449,0.17102595006483232
2144,0.2147,2,55,2,95995,580449,6494,119762,4.597397351413002,0.17103701598518162
2145,0.2148,3,23,3,96018,580426,6497,119759,4.597215181852744,0.17103908252818897
2146,0.2149,2,44,2,96062,580382,6499,119757,4.596866683563554,0.17104746343226132
2147,0.215,2,39,2,96101,580343,6501,119755,4.596557787352681,0.17105462378124206
2148,0.2151,8,67,8,96168,580276,6509,119747,4.596027119503232,0.17106152226426846
2149,0.2152,13,132,13,96300,580144,6522,119734,4.594981624635661,0.17107838794761374
2150,0.2153,7,61,7,96361,580083,6529,119727,4.594498479280193,0.17108500878809962
2151,0.2154,13,140,13,96501,579943,6542,119714,4.593389621087315,0.1711038408820322
2152,0.2155,10,141,10,96642,579802,6552,119704,4.592272842478773,0.17112648068779968
2153,0.2156,3,77,3,96719,579725,6555,119701,4.59166297047269,0.17114176481857982
2154,0.2157,1,35,1,96754,579690,6556,119700,4.591385755924471,0.17114914425427874
2155,0.2158,3,43,3,96797,579647,6559,119697,4.591045178050944,0.1711561120135441
2156,0.2159,8,121,8,96918,579526,6567,119689,4.590086807755671,0.1711762476491494
2157,0.216,10,134,10,97052,579392,6577,119679,4.589025472056774,0.17119720314531714
2158,0.2161,2,44,2,97096,579348,6579,119677,4.588676973767583,0.17120560781087943
2159,0.2162,7,103,7,97199,579245,6586,119670,4.587861170954252,0.17122253779071847
2160,0.2163,5,57,5,97256,579188,6591,119665,4.587409707261437,0.17123057352547674
2161,0.2164,13,105,13,97361,579083,6604,119652,4.586578063616779,0.1712408853141749
2162,0.2165,5,46,5,97407,579037,6609,119647,4.586213724496262,0.17124622862409902
2163,0.2166,6,39,6,97446,578998,6615,119641,4.585904828285388,0.17124867062960986
2164,0.2167,7,89,7,97535,578909,6622,119634,4.585199911291345,0.1712621842892993
2165,0.2168,9,96,9,97631,578813,6631,119625,4.584439551387657,0.17127504517222716
2166,0.2169,3,28,3,97659,578785,6634,119622,4.584217779749081,0.17127835202109945
2167,0.217,3,71,3,97730,578714,6637,119619,4.583655430236979,0.17129220586740138
2168,0.2171,7,99,7,97829,578615,6644,119612,4.5828713090863005,0.17130818487397365
2169,0.2172,4,76,4,97905,578539,6648,119608,4.582269357495881,0.17132208546337663
2170,0.2173,5,36,5,97941,578503,6653,119603,4.581984222531998,0.17132498503092652
2171,0.2174,1,54,1,97995,578449,6654,119602,4.581556520086174,0.17133705130427432
2172,0.2175,8,75,8,98070,578374,6662,119594,4.580962488911418,0.17134596428489557
2173,0.2176,7,78,7,98148,578296,6669,119587,4.5803446964896715,0.17135680336102183
2174,0.2177,13,120,13,98268,578176,6682,119574,4.579394246610062,0.17137083482622717
2175,0.2178,4,54,4,98322,578122,6686,119570,4.5789665441642375,0.1713793479070994
2176,0.2179,4,76,4,98398,578046,6690,119566,4.578364592573818,0.17139326731764934
2177,0.218,6,63,6,98461,577983,6696,119560,4.577865606387023,0.17140161968509468
2178,0.2181,6,126,6,98587,577857,6702,119554,4.576867634013433,0.17142545787204388
2179,0.2182,9,81,9,98668,577776,6711,119545,4.576226080344696,0.1714346764259215
2180,0.2183,4,68,4,98736,577708,6715,119541,4.5756874920795845,0.17144664244767652
2181,0.2184,4,37,4,98773,577671,6719,119537,4.575394436700038,0.17145098736675426
2182,0.2185,2,50,2,98823,577621,6721,119535,4.574998415916867,0.17146090688454235
2183,0.2186,16,255,16,99078,577366,6737,119519,4.572978709922697,0.17150462414889114
2184,0.2187,9,69,9,99147,577297,6746,119510,4.572432201241921,0.17151090617631568
2185,0.2188,3,81,3,99228,577216,6749,119507,4.571790647573184,0.1715272784162429
2186,0.2189,1,38,1,99266,577178,6750,119506,4.571489671777975,0.17153544505112792
2187,0.219,8,106,8,99372,577072,6758,119498,4.570650107717653,0.17155203353575377
2188,0.2191,1,34,1,99406,577038,6759,119497,4.570380813585097,0.17155921812974223
2189,0.2192,4,52,4,99458,576986,6763,119493,4.5699689519705995,0.17156726907774678
2190,0.2193,7,41,7,99499,576945,6770,119486,4.5696442149284,0.17156904273359458
2191,0.2194,4,46,4,99545,576899,6774,119482,4.569279875807882,0.17157561737037627
2192,0.2195,8,64,8,99609,576835,6782,119474,4.5687729692054235,0.17158186954355034
2193,0.2196,2,18,2,99627,576817,6784,119472,4.568630401723483,0.17158392564007185
2194,0.2197,4,34,4,99661,576783,6788,119468,4.568361107590927,0.17158754529616474
2195,0.2198,8,94,8,99755,576689,6796,119460,4.567616588518566,0.17160119457185172
2196,0.2199,8,59,8,99814,576630,6804,119452,4.567149283994424,0.17160621880755428
2197,0.22,1,21,1,99835,576609,6805,119451,4.566982955265492,0.1716102060167227
2198,0.2201,2,52,2,99887,576557,6807,119449,4.566571093650995,0.17162064694844584
2199,0.2202,1,50,1,99937,576507,6808,119448,4.566175072867824,0.17163178653792271
2200,0.2203,6,50,6,99987,576457,6814,119442,4.565779052084653,0.17163697605543332
2201,0.2204,6,77,6,100064,576380,6820,119436,4.565169180078571,0.17164882670131185
2202,0.2205,4,49,4,100113,576331,6824,119432,4.5647810797110635,0.17165615302912055
2203,0.2206,14,70,14,100183,576261,6838,119418,4.564226650614624,0.17165675548636655
2204,0.2207,2,26,2,100209,576235,6840,119416,4.564020719807376,0.17166078967758258
2205,0.2208,4,46,4,100255,576189,6844,119412,4.563656380686859,0.17166737828151482
2206,0.2209,2,34,2,100289,576155,6846,119410,4.563387086554302,0.17167338782141137
2207,0.221,10,45,10,100334,576110,6856,119400,4.563030667849449,0.17167258558467888
2208,0.2211,11,104,11,100438,576006,6867,119389,4.562206944620454,0.17168515735661027
2209,0.2212,4,46,4,100484,575960,6871,119385,4.561842605499937,0.1716917501384205
2210,0.2213,2,43,2,100527,575917,6873,119383,4.5615020276264096,0.17169998561771896
2211,0.2214,6,71,6,100598,575846,6879,119377,4.560939678114307,0.1717103720676675
2212,0.2215,9,83,9,100681,575763,6888,119368,4.560282283614244,0.1717201505903204
2213,0.2216,10,154,10,100835,575609,6898,119358,4.5590625396020785,0.17174628435594783
2214,0.2217,4,75,4,100910,575534,6902,119354,4.558468508427322,0.17176005341868042
2215,0.2218,3,80,3,100990,575454,6905,119351,4.557834875174249,0.17177625376904312
2216,0.2219,23,272,23,101262,575182,6928,119328,4.555680522113801,0.17181610056010713
2217,0.222,7,62,7,101324,575120,6935,119321,4.555189456342669,0.17182309224253753
2218,0.2221,3,34,3,101358,575086,6938,119318,4.554920162210113,0.17182792725848353
2219,0.2222,3,61,3,101419,575025,6941,119315,4.554437016854645,0.17183944465247572
2220,0.2223,6,48,6,101467,574977,6947,119309,4.5540568369028005,0.17184416796536298
2221,0.2224,10,81,10,101548,574896,6957,119299,4.553415283234064,0.17185228934233177
2222,0.2225,7,29,7,101577,574867,6964,119292,4.553185591179825,0.1718511176834126
2223,0.2226,2,34,2,101611,574833,6966,119290,4.552916297047269,0.17185714923723894
2224,0.2227,7,71,7,101682,574762,6973,119283,4.552353947535167,0.17186637754036121
2225,0.2228,3,141,3,101823,574621,6976,119280,4.551237168926625,0.1718977202799823
2226,0.2229,9,66,9,101889,574555,6985,119271,4.55071442149284,0.17190333022976942
2227,0.223,2,71,2,101960,574484,6987,119269,4.550152071980738,0.17191853584777292
2228,0.2231,8,138,8,102098,574346,6995,119261,4.549059054619186,0.17194318973136083
2229,0.2232,4,41,4,102139,574305,6999,119257,4.5487343175769865,0.17194857849766856
2230,0.2233,1,41,1,102180,574264,7000,119256,4.548409580534787,0.17195754989041412
2231,0.2234,1,53,1,102233,574211,7001,119255,4.547989798504625,0.17196949814410512
2232,0.2235,13,106,13,102339,574105,7014,119242,4.547150234444303,0.17198026385056833
2233,0.2236,0,25,0,102364,574080,7014,119242,4.546952224052719,0.17198646516337288
2234,0.2237,5,44,5,102408,574036,7019,119237,4.546603725763528,0.1719914088677909
2235,0.2238,1,58,1,102466,573978,7020,119236,4.54614434165505,0.172004604638683
2236,0.2239,7,72,7,102538,573906,7027,119229,4.545574071727284,0.17201410980544915
2237,0.224,7,52,7,102590,573854,7034,119222,4.545162210112787,0.17201865307700742
2238,0.2241,11,81,11,102671,573773,7045,119211,4.544520656444051,0.17202561675305636
2239,0.2242,5,73,5,102744,573700,7050,119206,4.543942466100621,0.17203776558436498
2240,0.2243,3,55,3,102799,573645,7053,119203,4.5435068432391335,0.17204783733228646
2241,0.2244,2,58,2,102857,573587,7055,119201,4.543047459130655,0.17205985092120532
2242,0.2245,4,89,4,102946,573498,7059,119197,4.542342542136612,0.17207717682385465
2243,0.2246,3,23,3,102969,573475,7062,119194,4.542160372576353,0.17207930483391057
2244,0.2247,0,42,0,103011,573433,7062,119194,4.541827715118489,0.17208973949903772
2245,0.2248,8,61,8,103072,573372,7070,119186,4.541344569763021,0.172095333531632
2246,0.2249,3,28,3,103100,573344,7073,119183,4.541122798124445,0.17209870517683787
2247,0.225,13,161,13,103261,573183,7086,119170,4.539847611202636,0.17212317993855736
2248,0.2251,6,115,6,103376,573068,7092,119164,4.5389367634013436,0.17214459892059308
2249,0.2252,7,57,7,103433,573011,7099,119157,4.538485299708529,0.17215040279238567
2250,0.2253,11,103,11,103536,572908,7110,119146,4.537669496895197,0.17216286590352775
2251,0.2254,3,40,3,103576,572868,7113,119143,4.53735268026866,0.17216922852382405
2252,0.2255,9,72,9,103648,572796,7122,119134,4.536782410340895,0.17217637622302834
2253,0.2256,5,35,5,103683,572761,7127,119129,4.536505195792675,0.17217910361473646
2254,0.2257,3,31,3,103714,572730,7130,119126,4.536259662907109,0.17218322887999815
2255,0.2258,1,46,1,103760,572684,7131,119125,4.535895323786592,0.17219348114869856
2256,0.2259,4,72,4,103832,572612,7135,119121,4.535325053858826,0.17220661729308853
2257,0.226,2,34,2,103866,572578,7137,119119,4.53505575972627,0.17221268850378127
2258,0.2261,5,49,5,103915,572529,7142,119114,4.534667659358763,0.17221890483963548
2259,0.2262,11,156,11,104071,572373,7153,119103,4.533432074515271,0.1722445898339205
2260,0.2263,10,74,10,104145,572299,7163,119093,4.532845963756178,0.1722510529482551
2261,0.2264,4,44,4,104189,572255,7167,119089,4.532497465466988,0.17225722650373765
2262,0.2265,7,93,7,104282,572162,7174,119082,4.5317608668102904,0.17227201972096684
2263,0.2266,8,47,8,104329,572115,7182,119074,4.53138860727411,0.1722741536685335
2264,0.2267,4,108,4,104437,572007,7186,119070,4.530533202382461,0.1722962853632808
2265,0.2268,8,159,8,104596,571848,7194,119062,4.5292738562919785,0.17232635220216816
2266,0.2269,6,46,6,104642,571802,7200,119056,4.528909517171461,0.17233063813403043
2267,0.227,4,65,4,104707,571737,7204,119052,4.528394690153339,0.17234206103455613
2268,0.2271,9,69,9,104776,571668,7213,119043,4.527848181472564,0.17234849307452754
2269,0.2272,8,76,8,104852,571592,7221,119035,4.527246229882144,0.17235787190480534
2270,0.2273,19,169,19,105021,571423,7240,119016,4.5259076796350275,0.17237728459719107
2271,0.2274,12,151,12,105172,571272,7252,119004,4.5247116968698515,0.17240060497540113
2272,0.2275,5,83,5,105255,571189,7257,118999,4.524054302369788,0.17241534190684277
2273,0.2276,8,56,8,105311,571133,7265,118991,4.523610759092637,0.17241973906138608
2274,0.2277,3,48,3,105359,571085,7268,118988,4.523230579140793,0.17242813441476482
2275,0.2278,8,60,8,105419,571025,7276,118980,4.522755354200989,0.17243353309033993
2276,0.2279,8,119,8,105538,570906,7284,118972,4.521812824737042,0.17245368021592222
2277,0.228,5,93,5,105631,570813,7289,118967,4.5210762260803445,0.17247093276117023
2278,0.2281,5,45,5,105676,570768,7294,118962,4.5207198073754915,0.17247618633378278
2279,0.2282,16,105,16,105781,570663,7310,118946,4.519888163730832,0.1724832477534371
2280,0.2283,1,109,1,105890,570554,7311,118945,4.519024838423521,0.1725093147343216
2281,0.2284,8,118,8,106008,570436,7319,118937,4.518090229375238,0.17252924033868458
2282,0.2285,4,58,4,106066,570378,7323,118933,4.517630845266759,0.1725389555657751
2283,0.2286,3,58,3,106124,570320,7326,118930,4.517171461158282,0.1725498730504171
2284,0.2287,10,84,10,106208,570236,7336,118920,4.516506146242555,0.17255889813046682
2285,0.2288,13,113,13,106321,570123,7349,118907,4.515611139272589,0.1725715861428385
2286,0.2289,5,74,5,106395,570049,7354,118902,4.515025028513496,0.1725841170126758
2287,0.229,4,44,4,106439,570005,7358,118898,4.514676530224306,0.1725903356495762
2288,0.2291,2,32,2,106471,569973,7360,118896,4.514423076923077,0.1725959507540621
2289,0.2292,3,43,3,106514,569930,7363,118893,4.51408249904955,0.1726031215566263
2290,0.2293,2,21,2,106535,569909,7365,118891,4.513916170320618,0.17260598141695702
2291,0.2294,3,73,3,106608,569836,7368,118888,4.513337979977189,0.1726206724319176
2292,0.2295,8,61,8,106669,569775,7376,118880,4.512854834621721,0.17262635136606863
2293,0.2296,5,70,5,106739,569705,7381,118875,4.5123004055252816,0.17263789247436753
2294,0.2297,10,67,10,106806,569638,7391,118865,4.5117697376758334,0.17264267548580034
2295,0.2298,5,56,5,106862,569582,7396,118860,4.511326194398682,0.17265070986372127
2296,0.2299,3,37,3,106899,569545,7399,118857,4.511033139019136,0.17265638391521232
2297,0.23,6,83,6,106982,569462,7405,118851,4.510375744519072,0.17266999170435543
2298,0.2301,3,86,3,107068,569376,7408,118848,4.509694588772018,0.17268796205886455
2299,0.2302,9,66,9,107134,569310,7417,118839,4.509171841338233,0.1726937044157588
2300,0.2303,5,37,5,107171,569273,7422,118834,4.508878785958687,0.17269697881288812
2301,0.2304,3,45,3,107216,569228,7425,118831,4.508522367253834,0.17270466631495265
2302,0.2305,3,32,3,107248,569196,7428,118828,4.508268913952604,0.17270909154331826
2303,0.2306,10,86,10,107334,569110,7438,118818,4.507587758205551,0.17271865660359806
2304,0.2307,3,40,3,107374,569070,7441,118815,4.507270941579014,0.17272509213022524
2305,0.2308,8,69,8,107443,569001,7449,118807,4.506724432898238,0.17273279752489068
2306,0.2309,1,25,1,107468,568976,7450,118806,4.506526422506653,0.1727378733377727
2307,0.231,15,124,15,107592,568852,7465,118791,4.50554429096439,0.17275097688771646
2308,0.2311,5,76,5,107668,568776,7470,118786,4.5049423393739705,0.17276405618693297
2309,0.2312,4,60,4,107728,568716,7474,118782,4.504467114434165,0.17277432079802413
2310,0.2313,2,28,2,107756,568688,7476,118780,4.50424534279559,0.17277895116572697
2311,0.2314,5,115,5,107871,568573,7481,118775,4.503334494994298,0.17280184127981751
2312,0.2315,12,139,12,108010,568434,7493,118763,4.502233557217083,0.17282234934087315
2313,0.2316,25,231,25,108241,568203,7518,118738,4.500403941198834,0.17285036123917483
2314,0.2317,4,29,4,108270,568174,7522,118734,4.500174249144595,0.1728528420108661
2315,0.2318,7,67,7,108337,568107,7529,118727,4.499643581295146,0.17286127361196446
2316,0.2319,6,37,6,108374,568070,7535,118721,4.4993505259156,0.1728633601779872
2317,0.232,3,44,3,108418,568026,7538,118718,4.4990020276264096,0.17287082231515674
2318,0.2321,4,116,4,108534,567910,7542,118714,4.498083259409454,0.17289520902269656
2319,0.2322,5,40,5,108574,567870,7547,118709,4.497766442782917,0.17289925849756546
2320,0.2323,5,27,5,108601,567843,7552,118704,4.497552591560005,0.17290003452057906
2321,0.2324,9,36,9,108637,567807,7561,118695,4.497267456596123,0.17289825812597778
2322,0.2325,2,30,2,108667,567777,7563,118693,4.49702984412622,0.17290340437309715
2323,0.2326,5,56,5,108723,567721,7568,118688,4.496586300849069,0.17291148571769893
2324,0.2327,5,54,5,108777,567667,7573,118683,4.496158598403245,0.17291906461717782
2325,0.2328,1,43,1,108820,567624,7574,118682,4.495818020529717,0.17292869361480157
2326,0.2329,6,35,6,108855,567589,7580,118676,4.495540805981498,0.17293028203390817
2327,0.233,3,47,3,108902,567542,7583,118673,4.495168546445317,0.17293851052512696
2328,0.2331,5,81,5,108983,567461,7588,118668,4.4945269927765805,0.17295289952763984
2329,0.2332,6,70,6,109053,567391,7594,118662,4.493972563680142,0.17296331333001969
2330,0.2333,12,151,12,109204,567240,7606,118650,4.492776580914966,0.17298692210121155
2331,0.2334,7,58,7,109262,567182,7613,118643,4.492317196806488,0.17299311048736923
2332,0.2335,1,31,1,109293,567151,7614,118642,4.492071663920923,0.17299972440663583
2333,0.2336,14,123,14,109416,567028,7628,118628,4.491097452794323,0.17301387284585856
2334,0.2337,8,50,8,109466,566978,7636,118620,4.490701432011152,0.173016840772581
2335,0.2338,18,182,18,109648,566796,7654,118602,4.48925991636041,0.1730410651913195
2336,0.2339,6,47,6,109695,566749,7660,118596,4.48888765682423,0.17304569231554912
2337,0.234,3,49,3,109744,566700,7663,118593,4.4884995564567225,0.17305444532484646
2338,0.2341,18,169,18,109913,566531,7681,118575,4.487161006209606,0.1730754073092339
2339,0.2342,6,74,6,109987,566457,7687,118569,4.486574895450513,0.17308686093666517
2340,0.2343,8,121,8,110108,566336,7695,118561,4.4856165251552405,0.17310778117001535
2341,0.2344,23,125,23,110233,566211,7718,118538,4.484626473197314,0.1731116073188862
2342,0.2345,5,53,5,110286,566158,7723,118533,4.484206691167152,0.17311896899477283
2343,0.2346,2,44,2,110330,566114,7725,118531,4.483858192877962,0.17312767930825465
2344,0.2347,6,64,6,110394,566050,7731,118525,4.483351286275504,0.17313661760946572
2345,0.2348,5,59,5,110453,565991,7736,118520,4.482883981751362,0.17314550094885253
2346,0.2349,11,166,11,110619,565825,7747,118509,4.481569192751236,0.17317421025405724
2347,0.235,13,151,13,110770,565674,7760,118496,4.48037320998606,0.1731967201134221
2348,0.2351,7,25,7,110795,565649,7767,118489,4.480175199594474,0.17319458939570673
2349,0.2352,10,119,10,110914,565530,7777,118479,4.4792326701305285,0.17321263316710744
2350,0.2353,11,99,11,111013,565431,7788,118468,4.47844854897985,0.17322440886739124
2351,0.2354,8,125,8,111138,565306,7796,118460,4.4774584970219236,0.1732464030092166
2352,0.2355,2,64,2,111202,565242,7798,118458,4.476951590419465,0.17326020184291355
2353,0.2356,5,123,5,111325,565119,7803,118453,4.475977379292865,0.17328533058697548
2354,0.2357,8,51,8,111376,565068,7811,118445,4.475573438094031,0.17328858412349143
2355,0.2358,5,56,5,111432,565012,7816,118440,4.47512989481688,0.1732967348109304
2356,0.2359,7,117,7,111549,564895,7823,118433,4.474203206184261,0.17331793809122412
2357,0.236,9,138,9,111687,564757,7832,118424,4.47311018882271,0.17334205722934332
2358,0.2361,2,20,2,111707,564737,7834,118422,4.472951780509441,0.17334471184599778
2359,0.2362,4,32,4,111739,564705,7838,118418,4.472698327208212,0.17334799150372626
2360,0.2363,2,37,2,111776,564668,7840,118416,4.4724052718286655,0.17335496073689327
2361,0.2364,1,36,1,111812,564632,7841,118415,4.472120136864783,0.17336288718053078
2362,0.2365,6,55,6,111867,564577,7847,118409,4.471684514003295,0.17336958590659252
2363,0.2366,12,70,12,111937,564507,7859,118397,4.471130084906856,0.17337283132036127
2364,0.2367,4,65,4,112002,564442,7863,118393,4.470615257888734,0.17338449259337907
2365,0.2368,5,61,5,112063,564381,7868,118388,4.470132112533266,0.17339392971854317
2366,0.2369,4,40,4,112103,564341,7872,118384,4.469815295906729,0.17339924566992568
2367,0.237,5,33,5,112136,564308,7877,118379,4.469553922189837,0.17340157348828966
2368,0.2371,4,77,4,112213,564231,7881,118375,4.468944050183754,0.17341628992420224
2369,0.2372,1,65,1,112278,564166,7882,118374,4.468429223165631,0.17343159375274708
2370,0.2373,3,48,3,112326,564118,7885,118371,4.468049043213788,0.1734401580098727
2371,0.2374,13,83,13,112409,564035,7898,118358,4.467391648713725,0.17344550720772342
2372,0.2375,8,120,8,112529,563915,7906,118350,4.466441198834115,0.17346632173715493
2373,0.2376,8,118,8,112647,563797,7914,118342,4.465506589785832,0.17348663542181286
2374,0.2377,7,46,7,112693,563751,7921,118335,4.465142250665315,0.17348985318566867
2375,0.2378,1,46,1,112739,563705,7922,118334,4.464777911544798,0.17350034235578904
2376,0.2379,4,32,4,112771,563673,7926,118330,4.464524458243568,0.1735036356145061
2377,0.238,3,73,3,112844,563600,7929,118327,4.463946267900139,0.17351857310239951
2378,0.2381,5,63,5,112907,563537,7934,118322,4.463447281713345,0.17352854475778717
2379,0.2382,11,154,11,113061,563383,7945,118311,4.462227537701178,0.17355441004321587
2380,0.2383,5,41,5,113102,563342,7950,118306,4.4619028006589785,0.17355878693988686
2381,0.2384,11,83,11,113185,563259,7961,118295,4.461245406158915,0.17356658459931273
2382,0.2385,8,53,8,113238,563206,7969,118287,4.460825624128755,0.17357038150061702
2383,0.2386,4,44,4,113282,563162,7973,118283,4.460477125839564,0.17357673766775014
2384,0.2387,3,48,3,113330,563114,7976,118280,4.46009694588772,0.17358532655115835
2385,0.2388,8,138,8,113468,562976,7984,118272,4.459003928526169,0.17361078491239607
2386,0.2389,7,46,7,113514,562930,7991,118265,4.458639589405652,0.17361401654445496
2387,0.239,4,49,4,113563,562881,7995,118261,4.458251489038145,0.1736216530473822
2388,0.2391,9,90,9,113653,562791,8004,118252,4.457538651628438,0.17363367658136122
2389,0.2392,6,42,6,113695,562749,8010,118246,4.457205994170574,0.17363710453087028
2390,0.2393,10,129,10,113824,562620,8020,118236,4.4561842605499935,0.17365786598047164
2391,0.2394,6,65,6,113889,562555,8026,118230,4.455669433531872,0.17366716364197213
2392,0.2395,5,28,5,113917,562527,8031,118225,4.455447661893296,0.17366823747855312
2393,0.2396,4,68,4,113985,562459,8035,118221,4.454909073628184,0.1736807310336722
2394,0.2397,4,29,4,114014,562430,8039,118217,4.454679381573945,0.17368327488404414
2395,0.2398,6,53,6,114067,562377,8045,118211,4.454259599543784,0.17368951553656545
2396,0.2399,9,50,9,114117,562327,8054,118202,4.453863578760614,0.17369134893590132
2397,0.24,5,40,5,114157,562287,8059,118197,4.453546762134077,0.17369548732960657
2398,0.2401,1,18,1,114175,562269,8060,118196,4.453404194652135,0.17369886768606763
2399,0.2402,3,53,3,114228,562216,8063,118193,4.452984412621975,0.17370875458731438
2400,0.2403,7,69,7,114297,562147,8070,118186,4.452437903941199,0.17371787051341034
2401,0.2404,1,42,1,114339,562105,8071,118185,4.4521052464833355,0.1737273809698805
2402,0.2405,8,86,8,114425,562019,8079,118177,4.451424090736282,0.17373962798957948
2403,0.2406,7,57,7,114482,561962,8086,118170,4.450972627043467,0.17374568466121282
2404,0.2407,18,257,18,114739,561705,8104,118152,4.44893708021797,0.17378948808352346
2405,0.2408,5,107,5,114846,561598,8109,118147,4.448089595741984,0.1738107672730215
2406,0.2409,8,145,8,114991,561453,8117,118139,4.446941135470789,0.17383812640525492
2407,0.241,7,81,7,115072,561372,8124,118132,4.4462995818020525,0.17385033789352233
2408,0.2411,6,73,6,115145,561299,8130,118126,4.4457213914586236,0.17386172130845937
2409,0.2412,8,33,8,115178,561266,8138,118118,4.445460017741731,0.1738604382793825
2410,0.2413,16,154,16,115332,561112,8154,118102,4.444240273729565,0.17388039704717512
2411,0.2414,8,99,8,115431,561013,8162,118094,4.443456152578888,0.17389601344118086
2412,0.2415,4,39,4,115470,560974,8166,118090,4.4431472563680146,0.1739011345027862
2413,0.2416,4,25,4,115495,560949,8170,118086,4.442949245976429,0.17390267070180476
2414,0.2417,8,85,8,115580,560864,8178,118078,4.442276010645038,0.1739147084728887
2415,0.2418,5,34,5,115614,560830,8183,118073,4.442006716512482,0.1739173342878143
2416,0.2419,11,150,11,115764,560680,8194,118062,4.44081865416297,0.17394238164133058
2417,0.242,5,65,5,115829,560615,8199,118057,4.440303827144849,0.1739529551830634
2418,0.2421,1,73,1,115902,560542,8200,118056,4.43972563680142,0.17397045084129337
2419,0.2422,5,40,5,115942,560502,8205,118051,4.439408820174883,0.17397461952124593
2420,0.2423,5,55,5,115997,560447,8210,118046,4.438973197313395,0.17398263504560843
2421,0.2424,7,39,7,116036,560408,8217,118039,4.438664301102522,0.1739841137185366
2422,0.2425,5,75,5,116111,560333,8222,118034,4.438070269927766,0.173997261069598
2423,0.2426,3,56,3,116167,560277,8225,118031,4.437626726650614,0.1740079727793274
2424,0.2427,5,70,5,116237,560207,8230,118026,4.437072297554176,0.17401984273840995
2425,0.2428,3,26,3,116263,560181,8233,118023,4.436866366746927,0.17402286037829326
2426,0.2429,3,42,3,116305,560139,8236,118020,4.436533709289064,0.1740299841187686
2427,0.243,5,59,5,116364,560080,8241,118015,4.436066404764922,0.17403903582831315
2428,0.2431,4,83,4,116447,559997,8245,118011,4.435409010264859,0.1740554683720546
2429,0.2432,6,74,6,116521,559923,8251,118005,4.434822899505766,0.17406715757425567
2430,0.2433,3,64,3,116585,559859,8254,118002,4.434315992903308,0.17407993674219346
2431,0.2434,8,57,8,116642,559802,8262,117994,4.433864529210493,0.17408482788331592
2432,0.2435,3,30,3,116672,559772,8265,117991,4.43362691674059,0.17408887767552964
2433,0.2436,5,63,5,116735,559709,8270,117986,4.433127930553796,0.17409896782475892
2434,0.2437,5,54,5,116789,559655,8275,117981,4.432700228107971,0.17410674757539446
2435,0.2438,14,211,14,117000,559444,8289,117967,4.431029020402991,0.17414390967964796
2436,0.2439,8,60,8,117060,559384,8297,117959,4.430553795463186,0.1741495815266416
2437,0.244,20,312,20,117372,559072,8317,117939,4.4280826257762005,0.1742054412705259
2438,0.2441,1,31,1,117403,559041,8318,117938,4.427837092890635,0.17421219860586518
2439,0.2442,4,38,4,117441,559003,8322,117934,4.427536117095425,0.17421709848922426
2440,0.2443,3,60,3,117501,558943,8325,117931,4.4270608921556205,0.17422888159391556
2441,0.2444,6,65,6,117566,558878,8331,117925,4.426546065137498,0.17423829386099057
2442,0.2445,3,58,3,117624,558820,8334,117922,4.4260866810290205,0.174249566304441
2443,0.2446,6,77,6,117701,558743,8340,117916,4.425476809022937,0.174262072920038
2444,0.2447,10,101,10,117802,558642,8350,117906,4.424676847040932,0.17427588286418702
2445,0.2448,0,43,0,117845,558599,8350,117906,4.424336269167406,0.17428696018506884
2446,0.2449,2,50,2,117895,558549,8352,117904,4.423940248384235,0.17429740129765112
2447,0.245,7,76,7,117971,558473,8359,117897,4.4233382967938155,0.17430844064639175
2448,0.2451,16,175,16,118146,558298,8375,117881,4.421952224052719,0.17433401510546764
2449,0.2452,6,89,6,118235,558209,8381,117875,4.421247307058675,0.17434963702735162
2450,0.2453,10,99,10,118334,558110,8391,117865,4.420463185907996,0.17436295720995598
2451,0.2454,2,70,2,118404,558040,8393,117863,4.419908756811558,0.1743785720732117
2452,0.2455,11,96,11,118500,557944,8404,117852,4.41914839690787,0.1743899046457807
2453,0.2456,19,202,19,118702,557742,8423,117833,4.41754847294386,0.1744188284054324
2454,0.2457,6,41,6,118743,557701,8429,117827,4.41722373590166,0.1744220816901742
2455,0.2458,14,250,14,118993,557451,8443,117813,4.415243631985807,0.17446954080181973
2456,0.2459,12,133,12,119126,557318,8455,117801,4.414190216702573,0.1744892381935629
2457,0.246,6,56,6,119182,557262,8461,117795,4.413746673425421,0.17449637586159392
2458,0.2461,7,25,7,119207,557237,8468,117788,4.413548663033836,0.17449427798970407
2459,0.2462,17,133,17,119340,557104,8485,117771,4.412495247750602,0.1745078718281163
2460,0.2463,11,128,11,119468,556976,8496,117760,4.411481434545685,0.17452751891110005
2461,0.2464,13,140,13,119608,556836,8509,117747,4.410372576352807,0.1745478317716278
2462,0.2465,3,43,3,119651,556793,8512,117744,4.410031998479281,0.17455528755279548
2463,0.2466,14,169,14,119820,556624,8526,117730,4.408693448232163,0.1745818961554317
2464,0.2467,5,90,5,119910,556534,8531,117725,4.407980610822456,0.17459907839569067
2465,0.2468,24,142,24,120052,556392,8555,117701,4.406855911798251,0.17460647121391262
2466,0.2469,11,111,11,120163,556281,8566,117690,4.405976745659612,0.17462175672247027
2467,0.247,8,98,8,120261,556183,8574,117682,4.405200544924598,0.17463735317904922
2468,0.2471,4,36,4,120297,556147,8578,117678,4.404915409960715,0.17464178384595408
2469,0.2472,2,45,2,120342,556102,8580,117676,4.404558991255861,0.17465099780639914
2470,0.2473,9,98,9,120440,556004,8589,117667,4.403782790520847,0.1746653782039007
2471,0.2474,13,228,13,120668,555776,8602,117654,4.401976935749588,0.17470858144127824
2472,0.2475,7,66,7,120734,555710,8609,117647,4.401454188315803,0.17471712627922484
2473,0.2476,3,100,3,120834,555610,8612,117644,4.400662146749461,0.17473939998871155
2474,0.2477,12,140,12,120974,555470,8624,117632,4.399553288556583,0.17476103176041669
2475,0.2478,2,74,2,121048,555396,8626,117630,4.398967177797491,0.17477779461714704
2476,0.2479,9,80,9,121128,555316,8635,117621,4.398333544544418,0.17478753583173462
2477,0.248,5,80,5,121208,555236,8640,117616,4.397699911291345,0.17480218532455874
2478,0.2481,4,39,4,121247,555197,8644,117612,4.397391015080472,0.17480741191036386
2479,0.2482,3,53,3,121300,555144,8647,117609,4.39697123305031,0.1748175036008758
2480,0.2483,19,215,19,121515,554929,8666,117590,4.395268343682677,0.17485007858514034
2481,0.2484,12,96,12,121611,554833,8678,117578,4.394507983778989,0.17486031608644118
2482,0.2485,8,96,8,121707,554737,8686,117570,4.393747623875301,0.17487546611890104
2483,0.2486,7,87,7,121794,554650,8693,117563,4.393058547712584,0.17488950674860498
2484,0.2487,2,36,2,121830,554614,8695,117561,4.392773412748701,0.17489641834343736
2485,0.2488,14,210,14,122040,554404,8709,117547,4.3911101254593845,0.1749338865482751
2486,0.2489,0,45,0,122085,554359,8709,117547,4.390753706754531,0.1749456025098749
2487,0.249,9,73,9,122158,554286,8718,117538,4.390175516411102,0.17495355926552192
2488,0.2491,2,23,2,122181,554263,8720,117536,4.389993346850843,0.17495709282091818
2489,0.2492,8,62,8,122243,554201,8728,117528,4.389502281079711,0.17496341530587484
2490,0.2493,8,116,8,122359,554085,8736,117520,4.388583512862755,0.17498380744634123
2491,0.2494,11,104,11,122463,553981,8747,117509,4.38775978963376,0.1749973938554558
2492,0.2495,13,57,13,122520,553924,8760,117496,4.387308325940945,0.17499627654821126
2493,0.2496,3,61,3,122581,553863,8763,117493,4.386825180585477,0.17500849027937487
2494,0.2497,6,65,6,122646,553798,8769,117487,4.386310353567355,0.17501806237291165
2495,0.2498,4,55,4,122701,553743,8773,117483,4.385874730705868,0.17502748701629556
2496,0.2499,9,75,9,122776,553668,8782,117474,4.385280699531111,0.17503598344314616
2497,0.25,4,32,4,122808,553636,8786,117470,4.385027246229882,0.17503941255181746
2498,0.2501,13,188,13,122996,553448,8799,117457,4.38353820808516,0.17507247672919415
2499,0.2502,1,46,1,123042,553402,8800,117456,4.383173868964644,0.17508325159720836
2500,0.2503,4,46,4,123088,553356,8804,117452,4.382809529844126,0.1750903388152795
2501,0.2504,5,35,5,123123,553321,8809,117447,4.382532315295907,0.1750933258593135
2502,0.2505,13,58,13,123181,553263,8822,117434,4.3820729311874285,0.17509247842170161
2503,0.2506,1,19,1,123200,553244,8823,117433,4.381922443289824,0.17509620875622692
2504,0.2507,3,42,3,123242,553202,8826,117430,4.38158978583196,0.1751034844743466
2505,0.2508,7,53,7,123295,553149,8833,117423,4.3811700038018,0.17510871315831858
2506,0.2509,12,66,12,123361,553083,8845,117411,4.3806472563680146,0.1751111866772857
2507,0.251,9,48,9,123409,553035,8854,117402,4.38026707641617,0.17511265040563095
2508,0.2511,8,92,8,123501,552943,8862,117394,4.379538398175137,0.17512683918685676
2509,0.2512,22,121,22,123622,552822,8884,117372,4.378580027879863,0.17513137986911254
2510,0.2513,5,78,5,123700,552744,8889,117367,4.377962235458117,0.1751456102048765
2511,0.2514,9,110,9,123810,552634,8898,117358,4.377090989735141,0.17516328553176755
2512,0.2515,6,80,6,123890,552554,8904,117352,4.376457356482068,0.17517681585177622
2513,0.2516,12,124,12,124014,552430,8916,117340,4.375475224939805,0.17519446974334474
2514,0.2517,6,68,6,124082,552362,8922,117334,4.3749366366746925,0.17520486907492355
2515,0.2518,14,171,14,124253,552191,8936,117320,4.373582245596249,0.17523237108874984
2516,0.2519,9,101,9,124354,552090,8945,117311,4.372782283614244,0.1752477214703892
2517,0.252,15,172,15,124526,551918,8960,117296,4.371419972120137,0.17527427698763026
2518,0.2521,2,32,2,124558,551886,8962,117294,4.3711665188189075,0.1752801936698646
2519,0.2522,10,61,10,124619,551825,8972,117284,4.370683373463439,0.17528384762422863
2520,0.2523,8,99,8,124718,551726,8980,117276,4.369899252312761,0.1752999243649496
2521,0.2524,1,28,1,124746,551698,8981,117275,4.369677480674186,0.17530602879338927
2522,0.2525,8,40,8,124786,551658,8989,117267,4.369360664047649,0.17530664872743582
2523,0.2526,7,143,7,124929,551515,8996,117260,4.368228044607781,0.1753355014765803
2524,0.2527,5,90,5,125019,551425,9001,117255,4.367515207198074,0.17535293413890052
2525,0.2528,12,111,12,125130,551314,9013,117243,4.366636041059435,0.1753672461734751
2526,0.2529,11,75,11,125205,551239,9024,117232,4.366042009884679,0.17537335202275042
2527,0.253,25,248,25,125453,550991,9049,117207,4.364077746800152,0.17540758876859852
2528,0.2531,9,104,9,125557,550887,9058,117198,4.363254023571157,0.1754237858955073
2529,0.2532,22,236,22,125793,550651,9080,117176,4.361384805474591,0.17545861428184245
2530,0.2533,6,122,6,125915,550529,9086,117170,4.360418514763655,0.17548326416543983
2531,0.2534,19,188,19,126103,550341,9105,117151,4.358929476618933,0.17550921958615234
2532,0.2535,9,73,9,126176,550268,9114,117142,4.358351286275504,0.17551729821249307
2533,0.2536,16,216,16,126392,550052,9130,117126,4.356640476492206,0.1755543498136929
2534,0.2537,5,80,5,126472,549972,9135,117121,4.3560068432391335,0.17556922348158352
2535,0.2538,11,137,11,126609,549835,9146,117110,4.354921746293246,0.1755916904692291
2536,0.2539,6,68,6,126677,549767,9152,117104,4.354383158028133,0.1756021779324637
2537,0.254,15,105,15,126782,549662,9167,117089,4.353551514383475,0.1756112851724257
2538,0.2541,6,41,6,126823,549621,9173,117083,4.353226777341275,0.1756146655787276
2539,0.2542,7,91,7,126914,549530,9180,117076,4.352506019515904,0.1756299823283919
2540,0.2543,4,78,4,126992,549452,9184,117072,4.3518882270941575,0.17564558815586537
2541,0.2544,1,41,1,127033,549411,9185,117071,4.351563490051958,0.1756551564783445
2542,0.2545,1,43,1,127076,549368,9186,117070,4.351222912178431,0.17566525318184137
2543,0.2546,3,25,3,127101,549343,9189,117067,4.351024901786846,0.1756681322309089
2544,0.2547,4,42,4,127143,549301,9193,117063,4.350692244328982,0.17567425611227497
2545,0.2548,9,94,9,127237,549207,9202,117054,4.349947725256621,0.1756879060908563
2546,0.2549,3,43,3,127280,549164,9205,117051,4.349607147383095,0.17569553372409807
2547,0.255,4,151,4,127431,549013,9209,117047,4.348411164617919,0.1757304146773564
2548,0.2551,5,31,5,127462,548982,9214,117042,4.348165631732353,0.175732406039422
2549,0.2552,7,152,7,127614,548830,9221,117035,4.3469617285515145,0.17576385603688435
2550,0.2553,16,172,16,127786,548658,9237,117019,4.345599417057407,0.17578945945255733
2551,0.2554,9,58,9,127844,548600,9246,117010,4.34514003294893,0.17579363290815944
2552,0.2555,21,245,21,128089,548355,9267,116989,4.3431995311113925,0.17583235138514813
2553,0.2556,6,38,6,128127,548317,9273,116983,4.342898555316183,0.17583496167142643
2554,0.2557,12,144,12,128271,548173,9285,116971,4.341758015460651,0.17585816003752572
2555,0.2558,9,109,9,128380,548064,9294,116962,4.340894690153339,0.1758758304186603
2556,0.2559,3,46,3,128426,548018,9297,116959,4.340530351032823,0.17588427870437623
2557,0.256,8,42,8,128468,547976,9305,116951,4.340197693574959,0.1758854731421645
2558,0.2561,3,54,3,128522,547922,9308,116948,4.339769991129135,0.17589603982733468
2559,0.2562,6,49,6,128571,547873,9314,116942,4.3393818907616275,0.17590156660123493
2560,0.2563,10,116,10,128687,547757,9324,116932,4.338463122544671,0.1759198662833295
2561,0.2564,11,166,11,128853,547591,9335,116921,4.337148333544544,0.17595017095251855
2562,0.2565,7,41,7,128894,547550,9342,116914,4.336823596502344,0.17595234655301115
2563,0.2566,9,54,9,128948,547496,9351,116905,4.33639589405652,0.17595548471480327
2564,0.2567,18,279,18,129227,547217,9369,116887,4.334186098086428,0.17600707118162215
2565,0.2568,11,215,11,129442,547002,9380,116876,4.332483208718793,0.1760504189022682
2566,0.2569,9,57,9,129499,546945,9389,116867,4.332031745025979,0.17605436479003092
2567,0.257,6,68,6,129567,546877,9395,116861,4.3314931567608665,0.17606495334002273
2568,0.2571,7,54,7,129621,546823,9402,116854,4.331065454315042,0.17607058855437208
2569,0.2572,10,158,10,129779,546665,9412,116844,4.329814028640223,0.17610009811472038
2570,0.2573,6,64,6,129843,546601,9418,116838,4.329307122037765,0.17610963479686903
2571,0.2574,3,41,3,129884,546560,9421,116835,4.328982384995564,0.1761167931624447
2572,0.2575,5,61,5,129945,546499,9426,116830,4.328499239640096,0.17612677871764992
2573,0.2576,8,47,8,129992,546452,9434,116822,4.3281269801039155,0.17612932212027005
2574,0.2577,1,28,1,130020,546424,9435,116821,4.32790520846534,0.17613551553347556
2575,0.2578,6,48,6,130068,546376,9441,116815,4.327525028513496,0.17614081011352686
2576,0.2579,21,118,21,130186,546258,9462,116794,4.326590419465213,0.17614606395878454
2577,0.258,5,51,5,130237,546207,9467,116789,4.326186478266379,0.17615340062383483
2578,0.2581,12,118,12,130355,546089,9479,116777,4.325251869218096,0.17616984428225313
2579,0.2582,21,255,21,130610,545834,9500,116756,4.323232163223926,0.17621153352752078
2580,0.2583,13,68,13,130678,545766,9513,116743,4.322693574958814,0.17621345521343862
2581,0.2584,22,261,22,130939,545505,9535,116721,4.320626346470663,0.17625553813954753
2582,0.2585,7,71,7,131010,545434,9542,116714,4.32006399695856,0.1762657291119206
2583,0.2586,7,51,7,131061,545383,9549,116707,4.3196600557597264,0.17627059765288708
2584,0.2587,7,36,7,131097,545347,9556,116700,4.319374920795843,0.17627147317335476
2585,0.2588,3,73,3,131170,545274,9559,116697,4.318796730452414,0.1762871787434797
2586,0.2589,13,115,13,131285,545159,9572,116684,4.3178858826511215,0.17630163044709998
2587,0.259,9,282,9,131567,544877,9581,116675,4.315652325434039,0.17636557670447675
2588,0.2591,13,225,13,131792,544652,9594,116662,4.313870231909771,0.17640939100034175
2589,0.2592,5,113,5,131905,544539,9599,116657,4.312975224939805,0.17643331175627197
2590,0.2593,3,42,3,131947,544497,9602,116654,4.312642567481942,0.17644078281663342
2591,0.2594,3,50,3,131997,544447,9605,116651,4.312246546698771,0.17645039010857694
2592,0.2595,6,70,6,132067,544377,9611,116645,4.311692117602332,0.17646160037033562
2593,0.2596,4,30,4,132097,544347,9615,116641,4.31145450513243,0.1764646256815555
2594,0.2597,14,231,14,132328,544116,9629,116627,4.309624889114181,0.17650886956047965
2595,0.2598,15,136,15,132464,543980,9644,116612,4.308547712583956,0.17652650955506577
2596,0.2599,8,101,8,132565,543879,9652,116604,4.307747750601951,0.176543529507951
2597,0.26,10,42,10,132607,543837,9662,116594,4.307415093144088,0.17654228829355376
2598,0.2601,9,102,9,132709,543735,9671,116585,4.30660721074642,0.17655833535255633
2599,0.2602,14,103,14,132812,543632,9685,116571,4.305791407933088,0.17656841910745635
2600,0.2603,8,88,8,132900,543544,9693,116563,4.305094411354708,0.17658197837623293
2601,0.2604,4,20,4,132920,543524,9697,116559,4.30493600304144,0.17658233888768535
2602,0.2605,3,48,3,132968,543476,9700,116556,4.304555823089596,0.17659143799088528
2603,0.2606,8,71,8,133039,543405,9708,116548,4.303993473577493,0.1766004548808779
2604,0.2607,20,256,20,133295,543149,9728,116528,4.30196584716766,0.17664402427248488
2605,0.2608,7,143,7,133438,543006,9735,116521,4.300833227727791,0.17667358576676923
2606,0.2609,7,178,7,133616,542828,9742,116514,4.299423393739703,0.1767125406845006
2607,0.261,9,64,9,133680,542764,9751,116505,4.298916487137245,0.17671845635089772
2608,0.2611,11,119,11,133799,542645,9762,116494,4.297973957673299,0.17673662156237152
2609,0.2612,6,119,6,133918,542526,9768,116488,4.297031428209352,0.17676103997790638
2610,0.2613,8,145,8,134063,542381,9776,116480,4.295882967938158,0.17678994507187404
2611,0.2614,10,62,10,134125,542319,9786,116470,4.295391902167026,0.17679408733297003
2612,0.2615,3,15,3,134140,542304,9789,116467,4.295273095932075,0.17679436405063367
2613,0.2616,5,67,5,134207,542237,9794,116462,4.294742428082626,0.17680609808121767
2614,0.2617,4,48,4,134255,542189,9798,116458,4.294362248130782,0.17681398381834276
2615,0.2618,7,42,7,134297,542147,9805,116451,4.294029590672919,0.17681651022323178
2616,0.2619,9,148,9,134445,541999,9814,116442,4.292857369154733,0.1768450020578913
2617,0.262,7,129,7,134574,541870,9821,116435,4.291835635534153,0.17687090330469918
2618,0.2621,14,105,14,134679,541765,9835,116421,4.291003991889494,0.17688161097318994
2619,0.2622,3,67,3,134746,541698,9838,116418,4.290473324040046,0.17689586638221833
2620,0.2623,1,76,1,134822,541622,9839,116417,4.2898713724496265,0.17691504606869807
2621,0.2624,5,48,5,134870,541574,9844,116412,4.289491192497782,0.1769216974221336
2622,0.2625,12,67,12,134937,541507,9856,116400,4.288960524648333,0.1769247021235524
2623,0.2626,5,41,5,134978,541466,9861,116395,4.288635787606133,0.17692947294337252
2624,0.2627,2,27,2,135005,541439,9863,116393,4.288421936383221,0.17693423244840628
2625,0.2628,17,169,17,135174,541270,9880,116376,4.287083386136104,0.1769584244411127
2626,0.2629,3,63,3,135237,541207,9883,116373,4.28658439994931,0.17697162322455062
2627,0.263,9,75,9,135312,541132,9892,116364,4.285990368774553,0.17698054436833074
2628,0.2631,6,98,6,135410,541034,9898,116358,4.285214168039539,0.176999415873634
2629,0.2632,12,169,12,135579,540865,9910,116346,4.283875617792422,0.17702990363825316
2630,0.2633,11,85,11,135664,540780,9921,116335,4.283202382461032,0.17703902665439078
2631,0.2634,16,161,16,135825,540619,9937,116319,4.281927195539222,0.17706237118266868
2632,0.2635,5,81,5,135906,540538,9942,116314,4.281285641870485,0.17707794145408706
2633,0.2636,12,193,12,136099,540345,9954,116302,4.279757001647447,0.17711494912791803
2634,0.2637,18,151,18,136250,540194,9972,116284,4.278561018882271,0.1771331255579014
2635,0.2638,5,32,5,136282,540162,9977,116279,4.278307565581041,0.17713549275563226
2636,0.2639,13,204,13,136486,539958,9990,116266,4.276691800785705,0.17717425757058566
2637,0.264,4,45,4,136531,539913,9994,116262,4.276335382080852,0.1771813921591039
2638,0.2641,9,89,9,136620,539824,10003,116253,4.275630465086808,0.17719414032194392
2639,0.2642,6,50,6,136670,539774,10009,116247,4.275234444303637,0.17720012011810599
2640,0.2643,4,57,4,136727,539717,10013,116243,4.274782980610823,0.17721050064028293
2641,0.2644,12,95,12,136822,539622,10025,116231,4.274030541122798,0.177221115097438
2642,0.2645,7,67,7,136889,539555,10032,116224,4.27349987327335,0.17723043891310944
2643,0.2646,2,11,2,136900,539544,10034,116222,4.273412748701052,0.1772309024865577
2644,0.2647,10,52,10,136952,539492,10044,116212,4.273000887086554,0.17723240974586094
2645,0.2648,10,79,10,137031,539413,10054,116202,4.272375174249144,0.17724121626259315
2646,0.2649,3,61,3,137092,539352,10057,116199,4.271892028893676,0.1772539436290998
2647,0.265,8,84,8,137176,539268,10065,116191,4.271226713977949,0.17726661774420674
2648,0.2651,1,50,1,137226,539218,10066,116190,4.270830693194779,0.1772788858237922
2649,0.2652,7,57,7,137283,539161,10073,116183,4.270379229501964,0.1772855172245416
2650,0.2653,10,50,10,137333,539111,10083,116173,4.269983208718793,0.17728648952210035
2651,0.2654,6,103,6,137436,539008,10089,116167,4.269167405905462,0.17730682642042203
2652,0.2655,12,101,12,137537,538907,10101,116155,4.268367443923457,0.17731909345985572
2653,0.2656,13,175,13,137712,538732,10114,116142,4.26698137118236,0.17735014674578622
2654,0.2657,4,41,4,137753,538691,10118,116138,4.266656634140159,0.17735622582384103
2655,0.2658,4,59,4,137812,538632,10122,116134,4.266189329616018,0.17736718155799172
2656,0.2659,13,217,13,138029,538415,10135,116121,4.2644705994170575,0.1774096459171077
2657,0.266,3,51,3,138080,538364,10138,116118,4.264066658218224,0.17741969985423586
2658,0.2661,11,96,11,138176,538268,10149,116107,4.263306298314536,0.1774319006685769
2659,0.2662,3,68,3,138244,538200,10152,116104,4.262767710049423,0.17744656917885265
2660,0.2663,17,167,17,138411,538033,10169,116087,4.261445000633633,0.17747049471045068
2661,0.2664,7,40,7,138451,537993,10176,116080,4.261128184007097,0.17747254511346594
2662,0.2665,12,246,12,138697,537747,10188,116068,4.259179761753897,0.17752422321298839
2663,0.2666,3,27,3,138724,537720,10191,116065,4.258965910530985,0.177527780539474
2664,0.2667,3,35,3,138759,537685,10194,116062,4.258688695982765,0.17753351067002984
2665,0.2668,8,110,8,138869,537575,10202,116054,4.25781745025979,0.17755332153255135
2666,0.2669,7,31,7,138900,537544,10209,116047,4.257571917374224,0.17755293448043194
2667,0.267,2,33,2,138933,537511,10211,116045,4.257310543657331,0.17755938282258904
2668,0.2671,9,107,9,139040,537404,10220,116036,4.256463059181346,0.17757713026444663
2669,0.2672,3,57,3,139097,537347,10223,116033,4.256011595488531,0.17758884569469527
2670,0.2673,16,120,16,139217,537227,10239,116017,4.255061145608922,0.17760132507914347
2671,0.2674,3,79,3,139296,537148,10242,116014,4.254435432771512,0.17761902866363935
2672,0.2675,1,64,1,139360,537084,10243,116013,4.253928526169053,0.17763517517306004
2673,0.2676,12,88,12,139448,536996,10255,116001,4.253231529590673,0.17764400142726536
2674,0.2677,10,97,10,139545,536899,10265,115991,4.2524632492713215,0.17765779840401905
2675,0.2678,10,94,10,139639,536805,10275,115981,4.251718730198961,0.17767078338077102
2676,0.2679,6,55,6,139694,536750,10281,115975,4.251283107337473,0.17767819525834003
2677,0.268,4,44,4,139738,536706,10285,115971,4.250934609048283,0.17768513368787317
2678,0.2681,7,63,7,139801,536643,10292,115964,4.250435622861488,0.17769346635877334
2679,0.2682,11,60,11,139861,536583,10303,115953,4.249960397921683,0.1776959432123285
2680,0.2683,4,32,4,139893,536551,10307,115949,4.249706944620454,0.17769961685823754
2681,0.2684,8,53,8,139946,536498,10315,115941,4.249287162590293,0.17770396925996146
2682,0.2685,2,51,2,139997,536447,10317,115939,4.248883221391458,0.17771534030466626
2683,0.2686,7,68,7,140065,536379,10324,115932,4.248344633126346,0.17772504219613036
2684,0.2687,3,71,3,140136,536308,10327,115929,4.247782283614244,0.1777406065586589
2685,0.2688,19,180,19,140316,536128,10346,115910,4.246356608794829,0.17776571304126446
2686,0.2689,7,85,7,140401,536043,10353,115903,4.245683373463439,0.1777800615388391
2687,0.269,2,24,2,140425,536019,10355,115901,4.245493283487518,0.17778408393667935
2688,0.2691,13,93,13,140518,535926,10368,115888,4.24475668483082,0.1777930513919615
2689,0.2692,3,63,3,140581,535863,10371,115885,4.244257698644025,0.17780645280077575
2690,0.2693,9,119,9,140700,535744,10380,115876,4.243315169180079,0.1778275682146036
2691,0.2694,8,98,8,140798,535646,10388,115868,4.242538968445064,0.17784422130606556
2692,0.2695,9,98,9,140896,535548,10397,115859,4.24176276771005,0.1778596177197973
2693,0.2696,10,71,10,140967,535477,10407,115849,4.2412004181979475,0.17786638334720248
2694,0.2697,8,101,8,141068,535376,10415,115841,4.2404004562159425,0.17788386973927278
2695,0.2698,14,189,14,141257,535187,10429,115827,4.238903497655557,0.1779178327962225
2696,0.2699,7,55,7,141312,535132,10436,115820,4.238467874794069,0.17792402512013175
2697,0.27,13,84,13,141396,535048,10449,115807,4.237802559878342,0.17793056825252937
2698,0.2701,5,111,5,141507,534937,10454,115802,4.236923393739703,0.17795460238282937
2699,0.2702,7,69,7,141576,534868,10461,115795,4.236376885058928,0.17796462992363174
2700,0.2703,4,90,4,141666,534778,10465,115791,4.23566404764922,0.17798419537358834
2701,0.2704,10,163,10,141829,534615,10475,115781,4.2343730198960845,0.17801616246102375
2702,0.2705,4,69,4,141898,534546,10479,115777,4.233826511215309,0.17802999432589653
2703,0.2706,13,127,13,142025,534419,10492,115764,4.232820618426055,0.17804833408440393
2704,0.2707,9,155,9,142180,534264,10501,115755,4.231592953998226,0.1780794099864773
2705,0.2708,19,213,19,142393,534051,10520,115736,4.229905905461918,0.17811375112152136
2706,0.2709,7,36,7,142429,534015,10527,115729,4.229620770498036,0.17811476519983255
2707,0.271,6,60,6,142489,533955,10533,115723,4.2291455455582305,0.17812362431850856
2708,0.2711,12,79,12,142568,533876,10545,115711,4.2285198327208215,0.1781301042046716
2709,0.2712,4,79,4,142647,533797,10549,115707,4.227894119883412,0.1781467088732325
2710,0.2713,0,44,0,142691,533753,10549,115707,4.2275456215942215,0.1781587780617744
2711,0.2714,13,69,13,142760,533684,10562,115694,4.226999112913446,0.17816125584790368
2712,0.2715,5,44,5,142804,533640,10567,115689,4.226650614624256,0.17816700008778294
2713,0.2716,4,61,4,142865,533579,10571,115685,4.226167469268788,0.17817867616254712
2714,0.2717,7,76,7,142941,533503,10578,115678,4.225565517678368,0.1781906740955142
2715,0.2718,2,52,2,142993,533451,10580,115676,4.2251536560638705,0.17820241647628277
2716,0.2719,4,74,4,143067,533377,10584,115672,4.224567545304778,0.1782176692360669
2717,0.272,10,129,10,143196,533248,10594,115662,4.223545811684197,0.17824043395848424
2718,0.2721,6,75,6,143271,533173,10600,115656,4.222951780509441,0.1782534381169769
2719,0.2722,8,72,8,143343,533101,10608,115648,4.222381510581675,0.17826308788144568
2720,0.2723,5,99,5,143442,533002,10613,115643,4.221597389430998,0.17828396118061499
2721,0.2724,5,28,5,143470,532974,10618,115638,4.221375617792422,0.17828532312075632
2722,0.2725,10,86,10,143556,532888,10628,115628,4.220694462045368,0.17829629492564564
2723,0.2726,10,114,10,143670,532774,10638,115618,4.2197915346597386,0.1783149699564461
2724,0.2727,8,91,8,143761,532683,10646,115610,4.219070776834369,0.17832986010954924
2725,0.2728,21,185,21,143946,532498,10667,115589,4.217605499936637,0.17835414072493352
2726,0.2729,6,63,6,144009,532435,10673,115583,4.217106513749842,0.17836387260847691
2727,0.273,21,243,21,144252,532192,10694,115562,4.2151818527436316,0.17840414725343262
2728,0.2731,6,71,6,144323,532121,10700,115556,4.214619503231529,0.17841609320695345
2729,0.2732,2,20,2,144343,532101,10702,115554,4.214461094918262,0.1784190657062788
2730,0.2733,11,68,11,144411,532033,10713,115543,4.213922506653149,0.17842384523206542
2731,0.2734,4,65,4,144476,531968,10717,115539,4.2134076796350275,0.17843668099341012
2732,0.2735,14,90,14,144566,531878,10731,115525,4.21269484222532,0.1784437205264727
2733,0.2736,8,83,8,144649,531795,10739,115517,4.2120374477252565,0.17845644758632623
2734,0.2737,11,169,11,144818,531626,10750,115506,4.21069889747814,0.17848908723413462
2735,0.2738,12,127,12,144945,531499,10762,115494,4.209693004688886,0.17850888649490798
2736,0.2739,9,101,9,145046,531398,10771,115485,4.208893042706881,0.17852532838241228
2737,0.274,5,68,5,145114,531330,10776,115480,4.2083544544417695,0.17853774678808304
2738,0.2741,11,144,11,145258,531186,10787,115469,4.207213914586237,0.17856353078534923
2739,0.2742,14,136,14,145394,531050,10801,115455,4.2061367380560135,0.17858330562021948
2740,0.2743,11,178,11,145572,530872,10812,115444,4.204726904067925,0.17861850859331968
2741,0.2744,9,91,9,145663,530781,10821,115435,4.204006146242555,0.17863222204340345
2742,0.2745,5,59,5,145722,530722,10826,115430,4.203538841718413,0.17864217707288688
2743,0.2746,11,156,11,145878,530566,10837,115419,4.202303256874921,0.17867133137766356
2744,0.2747,6,89,6,145967,530477,10843,115413,4.201598339880877,0.17868832154081965
2745,0.2748,16,172,16,146139,530305,10859,115397,4.20023602838677,0.1787155684820552
2746,0.2749,8,99,8,146238,530206,10867,115389,4.199451907236091,0.17873279687729923
2747,0.275,2,24,2,146262,530182,10869,115387,4.19926181726017,0.1787368972178032
2748,0.2751,4,35,4,146297,530147,10873,115383,4.19898460271195,0.17874149923318824
2749,0.2752,7,73,7,146370,530074,10880,115376,4.198406412368521,0.17875280811836702
2750,0.2753,4,66,4,146436,530008,10884,115372,4.197883664934736,0.17876599832656728
2751,0.2754,19,216,19,146652,529792,10903,115353,4.196172855151438,0.17880166474203474
2752,0.2755,19,255,19,146907,529537,10922,115334,4.194153149157268,0.17884817273532225
2753,0.2756,4,59,4,146966,529478,10926,115330,4.193685844633126,0.17885944343122293
2754,0.2757,1,26,1,146992,529452,10927,115329,4.193479913825877,0.17886538219953751
2755,0.2758,9,179,9,147171,529273,10936,115320,4.192062159422126,0.17890358722480698
2756,0.2759,4,101,4,147272,529172,10940,115316,4.191262197440122,0.17892652772433312
2757,0.276,9,93,9,147365,529079,10949,115307,4.190525598783424,0.17894088325941285
2758,0.2761,4,137,4,147502,528942,10953,115303,4.189440501837536,0.17897383759284125
2759,0.2762,4,31,4,147533,528911,10957,115299,4.189194968951971,0.17897735210567983
2760,0.2763,2,30,2,147563,528881,10959,115297,4.188957356482068,0.17898313820093203
2761,0.2764,5,78,5,147641,528803,10964,115292,4.188339564060322,0.17899843967116652
2762,0.2765,15,186,15,147827,528617,10979,115277,4.186866366746927,0.17903102063383103
2763,0.2766,8,52,8,147879,528565,10987,115269,4.18645450513243,0.17903527928006288
2764,0.2767,7,73,7,147952,528492,10994,115262,4.185876314789,0.1790466544673897
2765,0.2768,23,280,23,148232,528212,11017,115239,4.183658598403245,0.17909522248003346
2766,0.2769,2,106,2,148338,528106,11019,115237,4.182819034342923,0.17912217899316538
2767,0.277,7,84,7,148422,528022,11026,115230,4.182153719427196,0.17913663696342957
2768,0.2771,4,73,4,148495,527949,11030,115226,4.181575529083767,0.17915186380067633
2769,0.2772,9,134,9,148629,527815,11039,115217,4.180514193384869,0.17917770810783912
2770,0.2773,4,45,4,148674,527770,11043,115213,4.180157774680016,0.17918514175335895
2771,0.2774,13,125,13,148799,527645,11056,115200,4.179167722722088,0.1792033849528269
2772,0.2775,12,136,12,148935,527509,11068,115188,4.178090546191864,0.17922598051647978
2773,0.2776,4,68,4,149003,527441,11072,115184,4.177551957926752,0.17923983660766388
2774,0.2777,3,99,3,149102,527342,11075,115181,4.176767836776074,0.1792636216913636
2775,0.2778,8,85,8,149187,527257,11083,115173,4.176094601444684,0.1792771196861915
2776,0.2779,5,46,5,149233,527211,11088,115168,4.1757302623241666,0.17928356935703066
2777,0.278,12,62,12,149295,527149,11100,115156,4.175239196553035,0.17928554191544516
2778,0.2781,8,36,8,149331,527113,11108,115148,4.174954061589152,0.1792853684094161
2779,0.2782,19,200,19,149531,526913,11127,115129,4.17336997845647,0.17931692942206273
2780,0.2783,16,149,16,149680,526764,11143,115113,4.17218983652262,0.17933809748596694
2781,0.2784,2,31,2,149711,526733,11145,115111,4.171944303637055,0.17934420201793583
2782,0.2785,15,145,15,149856,526588,11160,115096,4.17079584336586,0.17936554441126784
2783,0.2786,3,47,3,149903,526541,11163,115093,4.170423583829679,0.179374846096061
2784,0.2787,8,83,8,149986,526458,11171,115085,4.169766189329616,0.17938781967849388
2785,0.2788,14,246,14,150232,526212,11185,115071,4.167817767076416,0.17943871894311872
2786,0.2789,10,58,10,150290,526154,11195,115061,4.167358382967938,0.1794421527880664
2787,0.279,8,67,8,150357,526087,11203,115053,4.166827715118489,0.1794506660011854
2788,0.2791,2,89,2,150446,525998,11205,115051,4.166122798124445,0.17947302000315107
2789,0.2792,8,76,8,150522,525922,11213,115043,4.165520846534026,0.17948405919199956
2790,0.2793,10,65,10,150587,525857,11223,115033,4.165006019515904,0.1794894599697296
2791,0.2794,6,70,6,150657,525787,11229,115027,4.164451590419465,0.17950138417699987
2792,0.2795,10,107,10,150764,525680,11239,115017,4.16360410594348,0.1795185555730712
2793,0.2796,23,301,23,151065,525379,11262,114994,4.161220060828792,0.17957346733856674
2794,0.2797,3,142,3,151207,525237,11265,114991,4.160095361804587,0.1796094516328558
2795,0.2798,12,53,12,151260,525184,11277,114979,4.159675579774427,0.17960894334724126
2796,0.2799,7,151,7,151411,525033,11284,114972,4.158479597009251,0.17964234654416764
2797,0.28,18,119,18,151530,524914,11302,114954,4.157537067545305,0.17965267836491278
2798,0.2801,14,106,14,151636,524808,11316,114940,4.156697503484983,0.17966449289407704
2799,0.2802,2,71,2,151707,524737,11318,114938,4.156135153972881,0.17968186969945676
2800,0.2803,2,58,2,151765,524679,11320,114936,4.155675769864403,0.17969559813325203
2801,0.2804,18,223,18,151988,524456,11338,114918,4.153909517171461,0.17973517847144238
2802,0.2805,1,34,1,152022,524422,11339,114917,4.153640223038905,0.1797434537858632
2803,0.2806,4,37,4,152059,524385,11343,114913,4.1533471676593585,0.17974872438205658
2804,0.2807,14,123,14,152182,524262,11357,114899,4.1523729565327585,0.17976534863672847
2805,0.2808,10,54,10,152236,524208,11367,114889,4.151945254086934,0.17976770349414878
2806,0.2809,11,235,11,152471,523973,11378,114878,4.150083956406032,0.17981970756874452
2807,0.281,11,65,11,152536,523908,11389,114867,4.149569129387911,0.17982388164846777
2808,0.2811,2,58,2,152594,523850,11391,114865,4.149109745279432,0.17983764276711836
2809,0.2812,7,89,7,152683,523761,11398,114858,4.148404828285388,0.1798537155956838
2810,0.2813,9,57,9,152740,523704,11407,114849,4.147953364592574,0.17985821067319394
2811,0.2814,4,48,4,152788,523656,11411,114845,4.14757318464073,0.17986659378763697
2812,0.2815,19,213,19,153001,523443,11430,114826,4.145886136104423,0.1799022042430386
2813,0.2816,16,131,16,153132,523312,11446,114810,4.144848561652515,0.17991857356430274
2814,0.2817,12,64,12,153196,523248,11458,114798,4.144341655050057,0.17992119690429845
2815,0.2818,7,51,7,153247,523197,11465,114791,4.143937713851223,0.1799265816911917
2816,0.2819,9,65,9,153312,523132,11474,114782,4.143422886833101,0.17993334524716498
2817,0.282,4,52,4,153364,523080,11478,114778,4.143011025218604,0.1799428712973734
2818,0.2821,22,169,22,153533,522911,11500,114756,4.141672474971487,0.17996226870764834
2819,0.2822,11,75,11,153608,522836,11511,114745,4.14107844379673,0.17996929017646385
2820,0.2823,3,50,3,153658,522786,11514,114742,4.14068242301356,0.17997954599641114
2821,0.2824,28,190,28,153848,522596,11542,114714,4.139177544037511,0.17999717562881487
2822,0.2825,6,52,6,153900,522544,11548,114708,4.1387656824230135,0.1800041427880964
2823,0.2826,5,60,5,153960,522484,11553,114703,4.138290457483209,0.18001465817726978
2824,0.2827,14,129,14,154089,522355,11567,114689,4.137268723862628,0.18003309033598935
2825,0.2828,5,53,5,154142,522302,11572,114684,4.136848941832468,0.1800416335680847
2826,0.2829,2,36,2,154178,522266,11574,114682,4.136563806868584,0.18004923478839716
2827,0.283,10,54,10,154232,522212,11584,114672,4.13613610442276,0.1800516263558199
2828,0.2831,8,65,8,154297,522147,11592,114664,4.135621277404638,0.1800597037425547
2829,0.2832,8,98,8,154395,522049,11600,114656,4.134845076669624,0.18007711577575172
2830,0.2833,20,96,20,154491,521953,11620,114636,4.134084716765936,0.18007851219546678
2831,0.2834,18,219,18,154710,521734,11638,114618,4.132350145735648,0.1801172935733682
2832,0.2835,13,104,13,154814,521630,11651,114605,4.131526422506653,0.18012998341807665
2833,0.2836,4,60,4,154874,521570,11655,114601,4.1310511975668485,0.18014181721581146
2834,0.2837,8,122,8,154996,521448,11663,114593,4.130084906855912,0.1801660584773623
2835,0.2838,14,168,14,155164,521280,11677,114579,4.128754277024458,0.18019560940397164
2836,0.2839,12,134,12,155298,521146,11689,114567,4.127692941325561,0.18021811729506867
2837,0.284,22,149,22,155447,520997,11711,114545,4.126512799391712,0.180231990962045
2838,0.2841,5,27,5,155474,520970,11716,114540,4.1262989481688,0.18023319853346131
2839,0.2842,15,173,15,155647,520797,11731,114525,4.12492871625903,0.18026292179398792
2840,0.2843,27,207,27,155854,520590,11758,114498,4.123289190216703,0.1802868263925629
2841,0.2844,7,108,7,155962,520482,11765,114491,4.122433785325054,0.1803084540602514
2842,0.2845,8,177,8,156139,520305,11773,114483,4.1210318717526295,0.18034839978071418
2843,0.2846,10,124,10,156263,520181,11783,114473,4.120049740210367,0.18037072168457144
2844,0.2847,3,73,3,156336,520108,11786,114470,4.119471549866937,0.18038759616627112
2845,0.2848,6,91,6,156427,520017,11792,114464,4.118750792041566,0.1804057174288907
2846,0.2849,5,54,5,156481,519963,11797,114459,4.118323089595742,0.18041461361680397
2847,0.285,12,78,12,156559,519885,11809,114447,4.117705297173996,0.1804212935812792
2848,0.2851,12,128,12,156687,519757,11821,114435,4.1166914839690785,0.18044220046925852
2849,0.2852,6,79,6,156766,519678,11827,114429,4.116065771131669,0.1804569260392962
2850,0.2853,7,58,7,156824,519620,11834,114422,4.115606387023191,0.180464385640068
2851,0.2854,6,55,6,156879,519565,11840,114416,4.115170764161703,0.18047228544704022
2852,0.2855,3,60,3,156939,519505,11843,114413,4.1146955392218985,0.18048548865941652
2853,0.2856,12,144,12,157083,519361,11855,114401,4.113554999366367,0.18051098046269734
2854,0.2857,4,62,4,157145,519299,11859,114397,4.113063933595235,0.18052346866636368
2855,0.2858,4,34,4,157179,519265,11863,114393,4.112794639462679,0.1805279819713473
2856,0.2859,7,82,7,157261,519183,11870,114386,4.112145165378279,0.18054229294678242
2857,0.286,5,156,5,157417,519027,11875,114381,4.110909580534787,0.1805802894816611
2858,0.2861,3,55,3,157472,518972,11878,114378,4.110473957673299,0.18059208968185048
2859,0.2862,4,58,4,157530,518914,11882,114374,4.110014573564821,0.18060345372089792
2860,0.2863,14,82,14,157612,518832,11896,114360,4.109365099480421,0.1806087253155441
2861,0.2864,9,102,9,157714,518730,11905,114351,4.108557217082753,0.1806261757974098
2862,0.2865,6,53,6,157767,518677,11911,114345,4.108137435052591,0.18063353248386313
2863,0.2866,11,67,11,157834,518610,11922,114334,4.107606767203142,0.18063841350893603
2864,0.2867,3,83,3,157917,518527,11925,114331,4.106949372703079,0.1806582203274668
2865,0.2868,2,25,2,157942,518502,11927,114329,4.106751362311494,0.18066276778476403
2866,0.2869,8,68,8,158010,518434,11935,114321,4.106212774046382,0.1806718240077123
2867,0.287,17,145,17,158155,518289,11952,114304,4.105064313775187,0.18069121852439088
2868,0.2871,12,94,12,158249,518195,11964,114292,4.104319794702826,0.18070252827330838
2869,0.2872,17,119,17,158368,518076,11981,114275,4.10337726523888,0.18071450823988575
2870,0.2873,14,107,14,158475,517969,11995,114261,4.102529780762895,0.1807269506350537
2871,0.2874,7,78,7,158553,517891,12002,114254,4.101911988341148,0.18074017828188152
2872,0.2875,6,42,6,158595,517849,12008,114248,4.101579330883284,0.18074441106349184
2873,0.2876,4,23,4,158618,517826,12012,114244,4.1013971613230265,0.18074580347113453
2874,0.2877,9,105,9,158723,517721,12021,114235,4.100565517678368,0.18076416712555937
2875,0.2878,19,213,19,158936,517508,12040,114216,4.09887846914206,0.1808004761573092
2876,0.2879,4,89,4,159025,517419,12044,114212,4.098173552148017,0.18082076402203184
2877,0.288,4,80,4,159105,517339,12048,114208,4.0975399188949435,0.18083848074648443
2878,0.2881,20,135,20,159240,517204,12068,114188,4.096470662780383,0.18085119862145863
2879,0.2882,8,43,8,159283,517161,12076,114180,4.096130084906856,0.1808531364191459
2880,0.2883,5,79,5,159362,517082,12081,114175,4.095504372069446,0.18086928144955225
2881,0.2884,20,213,20,159575,516869,12101,114155,4.093817323533139,0.18090437130758893
2882,0.2885,4,80,4,159655,516789,12105,114151,4.093183690280066,0.18092211620756332
2883,0.2886,8,71,8,159726,516718,12113,114143,4.0926213407679635,0.18093209122136256
2884,0.2887,10,68,10,159794,516650,12123,114133,4.092082752502852,0.18093861121812096
2885,0.2888,20,234,20,160028,516416,12143,114113,4.090229375237612,0.18097978047004976
2886,0.2889,13,48,13,160076,516368,12156,114100,4.089849195285769,0.18097667129814676
2887,0.289,6,160,6,160236,516208,12162,114094,4.088581928779623,0.18101481512037088
2888,0.2891,9,52,9,160288,516156,12171,114085,4.088170067165125,0.1810180549980087
2889,0.2892,11,141,11,160429,516015,12182,114074,4.087053288556583,0.18104426517523714
2890,0.2893,13,85,13,160514,515930,12195,114061,4.086380053225193,0.18105179280338926
2891,0.2894,10,62,10,160576,515868,12205,114051,4.085888987454061,0.1810566120405957
2892,0.2895,13,161,13,160737,515707,12218,114038,4.084613800532252,0.18108599512501092
2893,0.2896,12,181,12,160918,515526,12230,114026,4.083180205297174,0.18112244897959184
2894,0.2897,6,68,6,160986,515458,12236,114020,4.082641617032062,0.1811342096149508
2895,0.2898,3,26,3,161012,515432,12239,114017,4.082435686224813,0.18113778876445907
2896,0.2899,11,115,11,161127,515317,12250,114006,4.081524838423521,0.18115657619378284
2897,0.29,11,76,11,161203,515241,12261,113995,4.080922886833101,0.18116414191177874
2898,0.2901,6,79,6,161282,515162,12267,113989,4.0802971739956915,0.18117908101552727
2899,0.2902,4,26,4,161308,515136,12271,113985,4.080091243188442,0.18118136256777312
2900,0.2903,14,139,14,161447,514997,12285,113971,4.078990305411228,0.1812031772681599
2901,0.2904,8,116,8,161563,514881,12293,113963,4.078071537194272,0.18122618646277933
2902,0.2905,8,204,8,161767,514677,12301,113955,4.076455772398935,0.18127457717710838
2903,0.2906,4,84,4,161851,514593,12305,113951,4.075790457483209,0.18129359281132268
2904,0.2907,18,104,18,161955,514489,12323,113933,4.074966734254214,0.18130014544366685
2905,0.2908,17,159,17,162114,514330,12340,113916,4.073707388163731,0.18132387631596542
2906,0.2909,9,59,9,162173,514271,12349,113907,4.07324008363959,0.18132917739876278
2907,0.291,12,92,12,162265,514179,12361,113895,4.072511405398555,0.18134009686756655
2908,0.2911,8,85,8,162350,514094,12369,113887,4.071838170067165,0.18135421294593307
2909,0.2912,5,54,5,162404,514040,12374,113882,4.071410467621341,0.18136329034497917
2910,0.2913,12,76,12,162480,513964,12386,113870,4.0708085160309215,0.1813695976962063
2911,0.2914,5,70,5,162550,513894,12391,113865,4.070254086934482,0.1813833015536217
2912,0.2915,10,121,10,162671,513773,12401,113855,4.06929571663921,0.1814052273002479
2913,0.2916,16,100,16,162771,513673,12417,113839,4.068503675072868,0.18141326381009446
2914,0.2917,4,31,4,162802,513642,12421,113835,4.068258142187302,0.1814170081134448
2915,0.2918,4,64,4,162866,513578,12425,113831,4.0677512355848435,0.18143029507067956
2916,0.2919,5,108,5,162974,513470,12430,113826,4.066895830693195,0.18145500688670102
2917,0.292,14,94,14,163068,513376,12444,113812,4.066151311620834,0.18146393107010975
2918,0.2921,12,111,12,163179,513265,12456,113800,4.0652721454821945,0.18148038879541994
2919,0.2922,4,14,4,163193,513251,12460,113796,4.065161259662907,0.18147921926107613
2920,0.2923,6,63,6,163256,513188,12466,113790,4.064662273476112,0.1814896216454166
2921,0.2924,11,107,11,163363,513081,12477,113779,4.063814789000126,0.18150623743738634
2922,0.2925,9,56,9,163419,513025,12486,113770,4.063371245722975,0.18151070126596416
2923,0.2926,5,67,5,163486,512958,12491,113765,4.062840577873526,0.18152357580621742
2924,0.2927,6,86,6,163572,512872,12497,113759,4.062159422126474,0.18154065151580437
2925,0.2928,9,61,9,163633,512811,12506,113750,4.061676276771005,0.18154656928854493
2926,0.2929,11,110,11,163743,512701,12517,113739,4.060805031048029,0.18156407636804803
2927,0.293,9,86,9,163829,512615,12526,113730,4.060123875300976,0.18157724576710918
2928,0.2931,6,76,6,163905,512539,12532,113724,4.059521923710556,0.1815914400180116
2929,0.2932,5,60,5,163965,512479,12537,113719,4.059046698770752,0.18160230470234653
2930,0.2933,3,50,3,164015,512429,12540,113716,4.058650677987581,0.181612885194324
2931,0.2934,7,54,7,164069,512375,12547,113709,4.0582229755417565,0.1816193993138301
2932,0.2935,4,64,4,164133,512311,12551,113705,4.057716068939298,0.18163273782139755
2933,0.2936,18,68,18,164201,512243,12569,113687,4.057177480674186,0.1816289361430192
2934,0.2937,16,172,16,164373,512071,12585,113671,4.055815169180079,0.18165793569873845
2935,0.2938,6,81,6,164454,511990,12591,113665,4.055173615511342,0.18167360606084823
2936,0.2939,15,177,15,164631,511813,12606,113650,4.053771701938918,0.1817053926451285
2937,0.294,8,51,8,164682,511762,12614,113642,4.053367760740084,0.1817097428222397
2938,0.2941,10,78,10,164760,511684,12624,113632,4.052749968318337,0.18171932271043761
2939,0.2942,2,49,2,164809,511635,12626,113630,4.05236186795083,0.18173094607886256
2940,0.2943,15,92,15,164901,511543,12641,113615,4.051633189709796,0.18173805661928663
2941,0.2944,13,120,13,165021,511423,12654,113602,4.050682739830187,0.1817559297628095
2942,0.2945,10,101,10,165122,511322,12664,113592,4.049882777848182,0.18177221185635142
2943,0.2946,9,77,9,165199,511245,12673,113583,4.049272905842098,0.18178282663388964
2944,0.2947,20,109,20,165308,511136,12693,113563,4.048409580534787,0.18178834926900794
2945,0.2948,11,98,11,165406,511038,12704,113552,4.047633379799772,0.18180246241534448
2946,0.2949,9,81,9,165487,510957,12713,113543,4.046991826131035,0.1818142514011209
2947,0.295,16,130,16,165617,510827,12729,113527,4.045962172094791,0.1818311406669934
2948,0.2951,11,71,11,165688,510756,12740,113516,4.045399822582689,0.18183740420842198
2949,0.2952,12,104,12,165792,510652,12752,113504,4.044576099353694,0.18185197290420985
2950,0.2953,9,165,9,165957,510487,12761,113495,4.043269230769231,0.18188825959723198
2951,0.2954,4,54,4,166011,510433,12765,113491,4.0428415283234065,0.18189875689987883
2952,0.2955,9,155,9,166166,510278,12774,113482,4.041613863895577,0.18193215339233038
2953,0.2956,7,59,7,166225,510219,12781,113475,4.041146559371436,0.181940182204735
2954,0.2957,10,38,10,166263,510181,12791,113465,4.0408455835762265,0.1819381508099146
2955,0.2958,8,52,8,166315,510129,12799,113457,4.040433721961729,0.18194282745282928
2956,0.2959,5,86,5,166401,510043,12804,113452,4.039752566214675,0.1819613629620125
2957,0.296,26,149,26,166550,509894,12830,113426,4.038572424280826,0.18197073734197522
2958,0.2961,8,103,8,166653,509791,12838,113418,4.037756621467494,0.1819903114364523
2959,0.2962,8,33,8,166686,509758,12846,113410,4.037495247750602,0.18198944746841944
2960,0.2963,8,66,8,166752,509692,12854,113402,4.036972500316817,0.18199822177713154
2961,0.2964,9,75,9,166827,509617,12863,113393,4.03637846914206,0.18200831447328294
2962,0.2965,5,29,5,166856,509588,12868,113388,4.0361487770878215,0.1820102219026094
2963,0.2966,8,77,8,166933,509511,12876,113380,4.035538905081738,0.182022215764877
2964,0.2967,6,72,6,167005,509439,12882,113374,4.034968635153973,0.18203537819538126
2965,0.2968,4,111,4,167116,509328,12886,113370,4.034089469015334,0.18206257286838884
2966,0.2969,14,76,14,167192,509252,12900,113356,4.0334875174249145,0.18206640454346876
2967,0.297,11,104,11,167296,509148,12911,113345,4.032663794195919,0.1820823687977214
2968,0.2971,16,135,16,167431,509013,12927,113329,4.031594538081358,0.18210083844574204
2969,0.2972,8,93,8,167524,508920,12935,113321,4.030857939424661,0.18211753966710648
2970,0.2973,10,49,10,167573,508871,12945,113311,4.030469839057154,0.1821187369612107
2971,0.2974,5,61,5,167634,508810,12950,113306,4.0299866937016855,0.18213002076783108
2972,0.2975,7,136,7,167770,508674,12957,113299,4.028909517171461,0.1821606404136514
2973,0.2976,27,160,27,167930,508514,12984,113272,4.027642250665315,0.18217200129948247
2974,0.2977,12,88,12,168018,508426,12996,113260,4.026945254086934,0.18218200184659136
2975,0.2978,5,41,5,168059,508385,13001,113255,4.0266205170447344,0.18218743967569653
2976,0.2979,5,46,5,168105,508339,13006,113250,4.026256177924218,0.18219434385100122
2977,0.298,9,79,9,168184,508260,13015,113241,4.025630465086808,0.1822056601678839
2978,0.2981,3,36,3,168220,508224,13018,113238,4.025345330122925,0.1822122672021781
2979,0.2982,1,98,1,168318,508126,13019,113237,4.024569129387911,0.1822396891993891
2980,0.2983,3,65,3,168383,508061,13022,113234,4.024054302369788,0.18225480649288986
2981,0.2984,6,62,6,168445,507999,13028,113228,4.0235632365986564,0.1822650979432639
2982,0.2985,10,75,10,168520,507924,13038,113218,4.022969205423901,0.1822739405804148
2983,0.2986,4,86,4,168606,507838,13042,113214,4.022288049676847,0.18229391419720087
2984,0.2987,9,32,9,168638,507806,13051,113205,4.022034596375618,0.1822914569951257
2985,0.2988,4,49,4,168687,507757,13055,113201,4.021646496008111,0.18230057427394444
2986,0.2989,16,137,16,168824,507620,13071,113185,4.020561399062223,0.18231973002794757
2987,0.299,6,74,6,168898,507546,13077,113179,4.01997528830313,0.18233356156107777
2988,0.2991,6,66,6,168964,507480,13083,113173,4.019452540869345,0.18234504626578782
2989,0.2992,6,72,6,169036,507408,13089,113167,4.018882270941579,0.18235829674092574
2990,0.2993,8,85,8,169121,507323,13097,113159,4.018209035610189,0.18237273603424434
2991,0.2994,11,182,11,169303,507141,13108,113148,4.016767519959448,0.18241174678254812
2992,0.2995,14,145,14,169448,506996,13122,113134,4.015619059688253,0.18243594085111187
2993,0.2996,1,51,1,169499,506945,13123,113133,4.015215118489419,0.18244962730495196
2994,0.2997,4,65,4,169564,506880,13127,113129,4.014700291471296,0.18246348036883336
2995,0.2998,11,81,11,169645,506799,13138,113118,4.01405873780256,0.18247281490909267
2996,0.2999,12,135,12,169780,506664,13150,113106,4.012989481687999,0.18249673265888958
2997,0.3,13,106,13,169886,506558,13163,113093,4.012149917627677,0.1825108004344381
2998,0.3001,24,272,24,170158,506286,13187,113069,4.0099955645672285,0.1825592753751887
2999,0.3002,9,57,9,170215,506229,13196,113060,4.009544100874414,0.1825641986213222
3000,0.3003,12,135,12,170350,506094,13208,113048,4.008474844759853,0.18258816232786662
3001,0.3004,10,125,10,170475,505969,13218,113038,4.007484792801926,0.1826118282991953
3002,0.3005,8,94,8,170569,505875,13226,113030,4.006740273729565,0.1826289979883827
3003,0.3006,6,71,6,170640,505804,13232,113024,4.006177924217463,0.18264202654049266
3004,0.3007,1,34,1,170674,505770,13233,113023,4.005908630084907,0.1826507410394106
3005,0.3008,12,89,12,170763,505681,13245,113011,4.005203713090863,0.18266116258170462
3006,0.3009,4,81,4,170844,505600,13249,113007,4.004562159422126,0.1826797950879961
3007,0.301,10,93,10,170937,505507,13259,112997,4.003825560765429,0.18269404886629675
3008,0.3011,15,239,15,171176,505268,13274,112982,4.001932581421873,0.18274484431864133
3009,0.3012,8,62,8,171238,505206,13282,112974,4.0014415156507415,0.18275259633116567
3010,0.3013,8,88,8,171326,505118,13290,112966,4.000744519072361,0.18276803800130725
3011,0.3014,8,50,8,171376,505068,13298,112958,4.00034849828919,0.18277224582784543
3012,0.3015,10,76,10,171452,504992,13308,112948,3.9997465466987707,0.18278149982198919
3013,0.3016,11,112,11,171564,504880,13319,112937,3.9988594601444682,0.18280008481475907
3014,0.3017,4,51,4,171615,504829,13323,112933,3.9984555189456343,0.18280988471288295
3015,0.3018,9,94,9,171709,504735,13332,112924,3.997710999873273,0.18282579870122512
3016,0.3019,3,40,3,171749,504695,13335,112921,3.997394183246737,0.18283367011217325
3017,0.302,2,44,2,171793,504651,13337,112919,3.9970456849575466,0.18284405006719887
3018,0.3021,5,41,5,171834,504610,13342,112914,3.9967209479153465,0.1828495734578737
3019,0.3022,7,63,7,171897,504547,13349,112907,3.9962219617285517,0.182858966012043
3020,0.3023,4,45,4,171942,504502,13353,112903,3.995865543023698,0.18286699978134288
3021,0.3024,7,99,7,172041,504403,13360,112896,3.99508142187302,0.1828870612134476
3022,0.3025,7,73,7,172114,504330,13367,112889,3.9945032315295905,0.18289942467746456
3023,0.3026,15,118,15,172232,504212,13382,112874,3.9935686224813076,0.18291453703373597
3024,0.3027,15,96,15,172328,504116,13397,112859,3.9928082625776202,0.18292313302808055
3025,0.3028,25,159,25,172487,503957,13422,112834,3.991548916487137,0.1829371699651908
3026,0.3029,6,31,6,172518,503926,13428,112828,3.991303383601571,0.18293841628915256
3027,0.303,10,75,10,172593,503851,13438,112818,3.9907093524268156,0.18294741587464264
3028,0.3031,6,61,6,172654,503790,13444,112812,3.990226207071347,0.18295756419862408
3029,0.3032,2,61,2,172715,503729,13446,112810,3.989743061715879,0.18297301549455913
3030,0.3033,16,115,16,172830,503614,13462,112794,3.9888322139145864,0.1829859443745052
3031,0.3034,16,112,16,172942,503502,13478,112778,3.987945127360284,0.1829979879275654
3032,0.3035,6,56,6,172998,503446,13484,112772,3.9875015840831325,0.18300666322632575
3033,0.3036,3,41,3,173039,503405,13487,112769,3.987176847040933,0.18301486268489095
3034,0.3037,5,54,5,173093,503351,13492,112764,3.9867491445951084,0.1830242730659049
3035,0.3038,18,111,18,173204,503240,13510,112746,3.9858699784564693,0.18303338062878052
3036,0.3039,15,76,15,173280,503164,13525,112731,3.98526802686605,0.1830360694598917
3037,0.304,11,104,11,173384,503060,13536,112720,3.984444303637055,0.1830523888401702
3038,0.3041,6,83,6,173467,502977,13542,112714,3.9837869091369913,0.1830691044696122
3039,0.3042,15,94,15,173561,502883,13557,112699,3.9830423900646306,0.18307715300317423
3040,0.3043,5,44,5,173605,502839,13562,112694,3.9826938917754404,0.1830836039659937
3041,0.3044,4,46,4,173651,502793,13566,112690,3.982329552654923,0.18309197816999007
3042,0.3045,10,98,10,173749,502695,13576,112680,3.9815533519199087,0.18310786106032906
3043,0.3046,0,47,0,173796,502648,13576,112680,3.981181092383728,0.18312184720994332
3044,0.3047,4,110,4,173906,502538,13580,112676,3.9803098466607527,0.1831492781373636
3045,0.3048,18,89,18,173995,502449,13598,112658,3.979604929666709,0.1831518743893339
3046,0.3049,7,62,7,174057,502387,13605,112651,3.979113863895577,0.18316104045603687
3047,0.305,10,122,10,174179,502265,13615,112641,3.9781475731846405,0.1831840964309992
3048,0.3051,23,226,23,174405,502039,13638,112618,3.9763575592447093,0.18322088579484166
3049,0.3052,15,91,15,174496,501948,13653,112603,3.9756368014193386,0.1832280803383283
3050,0.3053,3,31,3,174527,501917,13656,112600,3.9753912685337727,0.1832333360997336
3051,0.3054,3,72,3,174599,501845,13659,112597,3.974820998606007,0.18325081944268132
3052,0.3055,13,87,13,174686,501758,13672,112584,3.9741319224432896,0.18325948738650458
3053,0.3056,8,83,8,174769,501675,13680,112576,3.9734745279432264,0.1832736129041711
3054,0.3057,15,104,15,174873,501571,13695,112561,3.9726508047142315,0.18328470100890362
3055,0.3058,6,39,6,174912,501532,13701,112555,3.9723419085033584,0.18328836142110158
3056,0.3059,8,109,8,175021,501423,13709,112547,3.971478583196046,0.18331025945893123
3057,0.306,7,75,7,175096,501348,13716,112540,3.97088455202129,0.18332334236864054
3058,0.3061,6,66,6,175162,501282,13722,112534,3.9703618045875047,0.18333507109622427
3059,0.3062,6,29,6,175191,501253,13728,112528,3.970132112533266,0.18333575004765543
3060,0.3063,6,39,6,175230,501214,13734,112522,3.9698232163223928,0.18333941629625766
3061,0.3064,14,144,14,175374,501070,13748,112508,3.968682676466861,0.18336381030610616
3062,0.3065,16,164,16,175538,500906,13764,112492,3.9673837282980613,0.1833915337187275
3063,0.3066,22,172,22,175710,500734,13786,112470,3.966021416803954,0.18341367636218942
3064,0.3067,6,49,6,175759,500685,13792,112464,3.965633316436447,0.18342034317922723
3065,0.3068,5,88,5,175847,500597,13797,112459,3.964936319858066,0.18344001200542853
3066,0.3069,1,23,1,175870,500574,13798,112458,3.9647541502978076,0.18344556238499785
3067,0.307,2,56,2,175926,500518,13800,112456,3.9643106070206566,0.1834596573427258
3068,0.3071,9,56,9,175982,500462,13809,112447,3.963867063743505,0.1834644294666908
3069,0.3072,9,71,9,176053,500391,13818,112438,3.963304714231403,0.1834736933141219
3070,0.3073,7,86,7,176139,500305,13825,112431,3.962623558484349,0.18349011646124921
3071,0.3074,4,70,4,176209,500235,13829,112427,3.9620691293879102,0.18350575031583483
3072,0.3075,3,85,3,176294,500150,13832,112424,3.96139589405652,0.18352721467120708
3073,0.3076,8,79,8,176373,500071,13840,112416,3.9607701812191105,0.18354022207818288
3074,0.3077,10,64,10,176437,500007,13850,112406,3.960263274616652,0.18354607103376316
3075,0.3078,4,50,4,176487,499957,13854,112402,3.9598672538334814,0.18355572466477998
3076,0.3079,5,59,5,176546,499898,13859,112397,3.95939994930934,0.18356674478805152
3077,0.308,2,28,2,176574,499870,13861,112395,3.959178177670764,0.18357247270381288
3078,0.3081,4,53,4,176627,499817,13865,112391,3.9587583956406034,0.18358303060397774
3079,0.3082,5,88,5,176715,499729,13870,112386,3.9580613990622227,0.18360275438438856
3080,0.3083,15,107,15,176822,499622,13885,112371,3.9572139145862373,0.18361484526783803
3081,0.3084,6,106,6,176928,499516,13891,112365,3.9563743505259157,0.18363864869149393
3082,0.3085,11,93,11,177021,499423,13902,112354,3.9556377518692183,0.18365188622651718
3083,0.3086,9,108,9,177129,499315,13911,112345,3.9547823469775696,0.1836723016054671
3084,0.3087,11,70,11,177199,499245,13922,112334,3.9542279178811306,0.1836786416799792
3085,0.3088,13,73,13,177272,499172,13935,112321,3.953649727537701,0.18368321468929324
3086,0.3089,14,226,14,177498,498946,13949,112307,3.9518597135977696,0.1837324315790679
3087,0.309,20,149,20,177647,498797,13969,112287,3.950679571663921,0.18375051547741392
3088,0.3091,10,74,10,177721,498723,13979,112277,3.9500934609048284,0.183759410801964
3089,0.3092,10,72,10,177793,498651,13989,112267,3.9495231909770623,0.1837677069590354
3090,0.3093,22,138,22,177931,498513,14011,112245,3.9484301736155114,0.18377982768952678
3091,0.3094,4,73,4,178004,498440,14015,112241,3.947851983272082,0.18379645019249002
3092,0.3095,3,33,3,178037,498407,14018,112238,3.9475906095551894,0.18380237290078524
3093,0.3096,16,151,16,178188,498256,14034,112222,3.946394626790014,0.18382644419618724
3094,0.3097,10,87,10,178275,498169,14044,112212,3.945705550627297,0.18383927415827164
3095,0.3098,7,78,7,178353,498091,14051,112205,3.945087758205551,0.18385340883767876
3096,0.3099,5,68,5,178421,498023,14056,112200,3.9445491699404385,0.18386720920057095
3097,0.31,15,118,15,178539,497905,14071,112185,3.9436145608921556,0.18388270583028735
3098,0.3101,23,234,23,178773,497671,14094,112162,3.941761183626917,0.18392248369635622
3099,0.3102,4,60,4,178833,497611,14098,112158,3.941285958687112,0.18393522793057698
3100,0.3103,4,32,4,178865,497579,14102,112154,3.941032505385883,0.1839395276293066
3101,0.3104,16,110,16,178975,497469,14118,112138,3.940161259662907,0.1839512997718202
3102,0.3105,12,104,12,179079,497365,14130,112126,3.939337536433912,0.1839666213282887
3103,0.3106,8,96,8,179175,497269,14138,112118,3.938577176530224,0.18398488973345345
3104,0.3107,7,115,7,179290,497154,14145,112111,3.9376663287289317,0.184010241848785
3105,0.3108,7,59,7,179349,497095,14152,112104,3.9371990242047903,0.18401868683303813
3106,0.3109,6,94,6,179443,497001,14158,112098,3.9364545051324296,0.18403904783951378
3107,0.311,4,73,4,179516,496928,14162,112094,3.935876314789,0.18405574839660965
3108,0.3111,4,32,4,179548,496896,14166,112090,3.935622861487771,0.1840600604940015
3109,0.3112,11,139,11,179687,496757,14177,112079,3.934521923710556,0.18408734043322011
3110,0.3113,15,78,15,179765,496679,14192,112064,3.93390413128881,0.18409082322096518
3111,0.3114,10,127,10,179892,496552,14202,112054,3.9328982384995563,0.18411583191752956
3112,0.3115,17,114,17,180006,496438,14219,112037,3.931995311113927,0.18412753194461565
3113,0.3116,8,69,8,180075,496369,14227,112029,3.9314488024331515,0.18413768618568765
3114,0.3117,23,207,23,180282,496162,14250,112006,3.929809276390825,0.18416950579445154
3115,0.3118,11,85,11,180367,496077,14261,111995,3.9291360410594347,0.1841804917838677
3116,0.3119,8,116,8,180483,495961,14269,111987,3.928217272842479,0.18420489910321278
3117,0.312,12,84,12,180567,495877,14281,111975,3.927551957926752,0.18421424952126506
3118,0.3121,17,206,17,180773,495671,14298,111958,3.9259203523000887,0.1842538786002643
3119,0.3122,14,146,14,180919,495525,14312,111944,3.9247639716132303,0.1842793624036782
3120,0.3123,9,99,9,181018,495426,14321,111935,3.9239798504625525,0.18429731247149553
3121,0.3124,1,40,1,181058,495386,14322,111934,3.9236630338360157,0.18430810775209117
3122,0.3125,13,63,13,181121,495323,14335,111921,3.9231640476492204,0.18430976674944502
3123,0.3126,6,52,6,181173,495271,14341,111915,3.922752186034723,0.18431749085123833
3124,0.3127,16,105,16,181278,495166,14357,111899,3.9219205423900645,0.18432787263307884
3125,0.3128,11,107,11,181385,495059,14368,111888,3.921073057914079,0.1843455853641257
3126,0.3129,19,165,19,181550,494894,14387,111869,3.919766189329616,0.1843701741866264
3127,0.313,12,126,12,181676,494768,14399,111857,3.918768216956026,0.18439233463836802
3128,0.3131,13,138,13,181814,494630,14412,111844,3.9176751995944747,0.1844168092943803
3129,0.3132,6,47,6,181861,494583,14418,111838,3.917302940058294,0.1844230328435196
3130,0.3133,5,69,5,181930,494514,14423,111833,3.9167564313775185,0.18443729415664628
3131,0.3134,13,85,13,182015,494429,14436,111820,3.9160831960461286,0.18444566506501453
3132,0.3135,2,36,2,182051,494393,14438,111818,3.9157980610822456,0.1844539277578269
3133,0.3136,3,52,3,182103,494341,14441,111815,3.915386199467748,0.18446571509644383
3134,0.3137,17,144,17,182247,494197,14458,111798,3.9142456596122166,0.18448667068210134
3135,0.3138,10,74,10,182321,494123,14468,111788,3.913659548853124,0.1844957427741038
3136,0.3139,18,173,18,182494,493950,14486,111770,3.9122893169433532,0.18452420260186225
3137,0.314,6,97,6,182591,493853,14492,111764,3.911521036624002,0.1845456782091652
3138,0.3141,5,66,5,182657,493787,14497,111759,3.910998289190217,0.18455905909707934
3139,0.3142,9,80,9,182737,493707,14506,111750,3.9103646559371437,0.1845713238099485
3140,0.3143,9,89,9,182826,493618,14515,111741,3.9096597389430996,0.1845863363723014
3141,0.3144,6,66,6,182892,493552,14521,111735,3.9091369915093144,0.1845983806029206
3142,0.3145,8,39,8,182931,493513,14529,111727,3.9088280952984413,0.18459949771991277
3143,0.3146,12,86,12,183017,493427,14541,111715,3.9081469395513877,0.18460956271420592
3144,0.3147,13,148,13,183165,493279,14554,111702,3.906974718033202,0.1846372034824234
3145,0.3148,6,64,6,183229,493215,14560,111696,3.906467811430744,0.18464865079325718
3146,0.3149,7,50,7,183279,493165,14567,111689,3.906071790647573,0.18465447860144762
3147,0.315,4,37,4,183316,493128,14571,111685,3.9057787352680267,0.18466038263066437
3148,0.3151,8,85,8,183401,493043,14579,111677,3.905105499936637,0.1846755523217357
3149,0.3152,6,94,6,183495,492949,14585,111671,3.9043609808642756,0.18469617280275213
3150,0.3153,14,162,14,183657,492787,14599,111657,3.9030778735268026,0.18472679024028693
3151,0.3154,17,137,17,183794,492650,14616,111640,3.901992776580915,0.18474573466382035
3152,0.3155,6,68,6,183862,492582,14622,111634,3.9014541883158027,0.1847584307598607
3153,0.3156,13,102,13,183964,492480,14635,111621,3.9006463059181344,0.18477208281396654
3154,0.3157,3,51,3,184015,492429,14638,111618,3.9002423647193005,0.184783634386066
3155,0.3158,30,232,30,184247,492197,14668,111588,3.8984048282853885,0.18481413085783846
3156,0.3159,16,113,16,184360,492084,14684,111572,3.8975098213154227,0.1848271200816359
3157,0.316,9,50,9,184410,492034,14693,111563,3.897113800532252,0.18483027582973408
3158,0.3161,8,74,8,184484,491960,14701,111555,3.8965276897731593,0.18484213316984666
3159,0.3162,9,99,9,184583,491861,14710,111546,3.8957435686224815,0.18486030158748573
3160,0.3163,14,62,14,184645,491799,14724,111532,3.8952525028513496,0.184860383437947
3161,0.3164,7,54,7,184699,491745,14731,111525,3.8948248004055253,0.1848674722760953
3162,0.3165,21,105,21,184804,491640,14752,111504,3.893993156760867,0.1848712745215073
3163,0.3166,4,60,4,184864,491580,14756,111500,3.8935179318210618,0.18488426079458778
3164,0.3167,10,114,10,184978,491466,14766,111490,3.8926150044354326,0.18490569792820705
3165,0.3168,3,55,3,185033,491411,14769,111487,3.892179381573945,0.1849185102621007
3166,0.3169,22,139,22,185172,491272,14791,111465,3.8910784437967303,0.18493140457612525
3167,0.317,2,56,2,185228,491216,14793,111463,3.8906349005195793,0.18494588329774225
3168,0.3171,21,142,21,185370,491074,14814,111442,3.8895102014953746,0.1849610632746682
3169,0.3172,9,52,9,185422,491022,14823,111433,3.889098339880877,0.18496485214663336
3170,0.3173,9,28,9,185450,490994,14832,111424,3.8888765682423014,0.1849612727375344
3171,0.3174,4,26,4,185476,490968,14836,111420,3.8886706374350526,0.18496384390127293
3172,0.3175,15,145,15,185621,490823,14851,111405,3.8875221771638575,0.1849880776051595
3173,0.3176,4,62,4,185683,490761,14855,111401,3.887031111392726,0.18500171050315364
3174,0.3177,7,86,7,185769,490675,14862,111394,3.8863499556456724,0.18501866065185218
3175,0.3178,5,62,5,185831,490613,14867,111389,3.8858588898745405,0.18503094674104073
3176,0.3179,11,78,11,185909,490535,14878,111378,3.8852410974527944,0.18504003070211145
3177,0.318,12,114,12,186023,490421,14890,111366,3.8843381700671653,0.1850588331087245
3178,0.3181,8,70,8,186093,490351,14898,111358,3.8837837409707263,0.18506952696403078
3179,0.3182,17,142,17,186235,490209,14915,111341,3.8826590419465212,0.18509018369212868
3180,0.3183,6,73,6,186308,490136,14921,111335,3.8820808516030922,0.18510451875485268
3181,0.3184,4,50,4,186358,490086,14925,111331,3.881684830819921,0.18511448795095584
3182,0.3185,9,74,9,186432,490012,14934,111322,3.881098720060829,0.1851250719234236
3183,0.3186,5,75,5,186507,489937,14939,111317,3.880504688886073,0.18514138783276285
3184,0.3187,5,55,5,186562,489882,14944,111312,3.880069066024585,0.1851515484186469
3185,0.3188,7,49,7,186611,489833,14951,111305,3.879680965657078,0.18515715193516297
3186,0.3189,14,136,14,186747,489697,14965,111291,3.878603789126853,0.1851800701511511
3187,0.319,14,126,14,186873,489571,14979,111277,3.877605816753263,0.185199917450004
3188,0.3191,5,57,5,186930,489514,14984,111272,3.8771543530604484,0.18521070730676148
3189,0.3192,4,39,4,186969,489475,14988,111268,3.8768454568495754,0.18521730590285695
3190,0.3193,6,62,6,187031,489413,14994,111262,3.876354391078444,0.18522828484621467
3191,0.3194,6,102,6,187133,489311,15000,111256,3.8755465086807757,0.18525160390098025
3192,0.3195,7,81,7,187214,489230,15007,111249,3.874904955012039,0.1852670951024099
3193,0.3196,8,75,8,187289,489155,15015,111241,3.874310923837283,0.18527938227436558
3194,0.3197,13,67,13,187356,489088,15028,111228,3.873780255987834,0.18528241792655867
3195,0.3198,13,111,13,187467,488977,15041,111215,3.8729010898491953,0.18529903764128813
3196,0.3199,14,106,14,187573,488871,15055,111201,3.8720615257888733,0.18531276246850378
3197,0.32,9,102,9,187675,488769,15064,111192,3.871253643391205,0.1853320465830279
3198,0.3201,15,100,15,187775,488669,15079,111177,3.870461601824864,0.18534257125995673
3199,0.3202,6,70,6,187845,488599,15085,111171,3.869907172728425,0.18535605315370893
3200,0.3203,4,74,4,187919,488525,15089,111167,3.869321061969332,0.18537349172575254
3201,0.3204,8,87,8,188006,488438,15097,111159,3.868631985806615,0.18538951996090708
3202,0.3205,5,49,5,188055,488389,15102,111154,3.868243885439108,0.1853978780504484
3203,0.3206,14,107,14,188162,488282,15116,111140,3.8673964009631225,0.1854119468421246
3204,0.3207,8,78,8,188240,488204,15124,111132,3.8667786085413764,0.1854252038923075
3205,0.3208,17,125,17,188365,488079,15141,111115,3.8657885565834493,0.18544077544167664
3206,0.3209,7,43,7,188408,488036,15148,111108,3.8654479787099225,0.1854445675830852
3207,0.321,28,180,28,188588,487856,15176,111080,3.864022303890508,0.18546221966954732
3208,0.3211,7,124,7,188712,487732,15183,111073,3.863040172348245,0.18549110311370146
3209,0.3212,11,63,11,188775,487669,15194,111062,3.8625411861614496,0.18549565664714204
3210,0.3213,8,38,8,188813,487631,15202,111054,3.86224021036624,0.18549654659796053
3211,0.3214,27,303,27,189116,487328,15229,111027,3.8598403244202255,0.18555372646672963
3212,0.3215,9,31,9,189147,487297,15238,111018,3.8595947915346596,0.18555108930914319
3213,0.3216,15,219,15,189366,487078,15253,111003,3.857860220504372,0.18559860620885799
3214,0.3217,10,58,10,189424,487020,15263,110993,3.857400836395894,0.18560298856379376
3215,0.3218,13,110,13,189534,486910,15276,110980,3.8565295906729187,0.18561942832293565
3216,0.3219,13,61,13,189595,486849,15289,110967,3.85604644531745,0.18562065919948614
3217,0.322,8,94,8,189689,486755,15297,110959,3.8553019262450894,0.1856389510702443
3218,0.3221,4,66,4,189755,486689,15301,110955,3.854779178811304,0.1856540013787472
3219,0.3222,6,37,6,189792,486652,15307,110949,3.854486123431758,0.1856573198505357
3220,0.3223,6,104,6,189896,486548,15313,110943,3.853662400202763,0.18568145796338356
3221,0.3224,3,55,3,189951,486493,15316,110940,3.8532267773412747,0.1856944628100557
3222,0.3225,2,55,2,190006,486438,15318,110938,3.852791154479787,0.1857088332976216
3223,0.3226,14,133,14,190139,486305,15332,110924,3.851737739196553,0.1857311014702903
3224,0.3227,13,88,13,190227,486217,15345,110911,3.8510407426181725,0.1857407457027639
3225,0.3228,13,79,13,190306,486138,15358,110898,3.850415029780763,0.18574759310996322
3226,0.3229,8,35,8,190341,486103,15366,110890,3.8501378152325434,0.18574757157956626
3227,0.323,8,97,8,190438,486006,15374,110882,3.8493695349131922,0.185766844031041
3228,0.3231,11,62,11,190500,485944,15385,110871,3.8488784691420608,0.18577113510886958
3229,0.3232,4,36,4,190536,485908,15389,110867,3.8485933341781777,0.18577688408529178
3230,0.3233,11,99,11,190635,485809,15400,110856,3.8478092130275,0.18579269774496576
3231,0.3234,4,36,4,190671,485773,15404,110852,3.847524078063617,0.1857984496124031
3232,0.3235,12,80,12,190751,485693,15416,110840,3.8468904448105437,0.18580698804592538
3233,0.3236,9,96,9,190847,485597,15425,110831,3.846130084906856,0.18582460917327825
3234,0.3237,6,65,6,190912,485532,15431,110825,3.845615257888734,0.185836671658084
3235,0.3238,26,222,26,191134,485310,15457,110799,3.843856925611456,0.18587036934520365
3236,0.3239,13,135,13,191269,485175,15470,110786,3.842787669496895,0.18589471458702836
3237,0.324,35,310,35,191579,484865,15505,110751,3.8403323406412366,0.18594362810938592
3238,0.3241,21,154,21,191733,484711,15526,110730,3.839112596629071,0.18596300892951612
3239,0.3242,7,81,7,191814,484630,15533,110723,3.8384710429603346,0.18597873866428824
3240,0.3243,4,48,4,191862,484582,15537,110719,3.8380908630084907,0.18598826476018016
3241,0.3244,14,100,14,191962,484482,15551,110705,3.837298821442149,0.18600036627144073
3242,0.3245,11,69,11,192031,484413,15562,110694,3.836752312761374,0.18600688615660713
3243,0.3246,15,136,15,192167,484277,15577,110679,3.835675136231149,0.18602888280814042
3244,0.3247,13,159,13,192326,484118,15590,110666,3.8344157901406666,0.18606082207994834
3245,0.3248,8,41,8,192367,484077,15598,110658,3.8340910530984664,0.18606270019420415
3246,0.3249,7,55,7,192422,484022,15605,110651,3.8336554302369787,0.18607032772633028
3247,0.325,3,34,3,192456,483988,15608,110648,3.833386136104423,0.18607686046589847
3248,0.3251,9,80,9,192536,483908,15617,110639,3.8327525028513496,0.18608957744299442
3249,0.3252,19,189,19,192725,483719,15636,110620,3.8312555442909644,0.1861227346682617
3250,0.3253,8,83,8,192808,483636,15644,110612,3.830598149790901,0.1861377741279735
3251,0.3254,8,59,8,192867,483577,15652,110604,3.8301308452667597,0.18614529915968367
3252,0.3255,11,83,11,192950,483494,15663,110593,3.829473450766696,0.18615623637615367
3253,0.3256,4,39,4,192989,483455,15667,110589,3.829164554555823,0.1861629778265583
3254,0.3257,7,103,7,193092,483352,15674,110582,3.8283487517424915,0.18618567046170112
3255,0.3258,10,95,10,193187,483257,15684,110572,3.827596312254467,0.1862017516827235
3256,0.3259,10,43,10,193230,483214,15694,110562,3.82725573438094,0.18620153054350463
3257,0.326,8,113,8,193343,483101,15702,110554,3.8263607274109743,0.18622600668738576
3258,0.3261,5,46,5,193389,483055,15707,110549,3.8259963882904575,0.18623358333164872
3259,0.3262,30,221,30,193610,482834,15737,110519,3.824245976428843,0.18626180368178807
3260,0.3263,8,46,8,193656,482788,15745,110511,3.8238816373083258,0.18626527265341758
3261,0.3264,9,42,9,193698,482746,15754,110502,3.8235489798504627,0.18626611467716706
3262,0.3265,9,75,9,193773,482671,15763,110493,3.8229549486757066,0.18627731959458094
3263,0.3266,8,98,8,193871,482573,15771,110485,3.822178747940692,0.18629712439592755
3264,0.3267,5,60,5,193931,482513,15776,110480,3.821703523000887,0.18630911326103344
3265,0.3268,7,56,7,193987,482457,15783,110473,3.821259979723736,0.18631710319936587
3266,0.3269,25,170,25,194157,482287,15808,110448,3.8199135090609557,0.18633622107687248
3267,0.327,17,93,17,194250,482194,15825,110431,3.819176910404258,0.18634212191520777
3268,0.3271,11,80,11,194330,482114,15836,110420,3.8185432771511847,0.1863521755713596
3269,0.3272,8,85,8,194415,482029,15844,110412,3.817870041819795,0.1863679252448767
3270,0.3273,16,93,16,194508,481936,15860,110396,3.817133443163097,0.18637520849793696
3271,0.3274,15,82,15,194590,481854,15875,110381,3.816483969078697,0.186380406426503
3272,0.3275,10,137,10,194727,481717,15885,110371,3.8153988721328096,0.18640979043655673
3273,0.3276,7,45,7,194772,481672,15892,110364,3.815042453427956,0.18641433966853366
3274,0.3277,23,246,23,195018,481426,15915,110341,3.813094031174756,0.18646021153595926
3275,0.3278,10,54,10,195072,481372,15925,110331,3.8126663287289317,0.18646347914409764
3276,0.3279,11,95,11,195167,481277,15936,110320,3.8119138892409072,0.18647829519081402
3277,0.328,15,91,15,195258,481186,15951,110305,3.8111931314155365,0.18648635397664545
3278,0.3281,7,77,7,195335,481109,15958,110298,3.8105832594094537,0.1865010052299009
3279,0.3282,13,102,13,195437,481007,15971,110285,3.8097753770117855,0.1865152919369787
3280,0.3283,18,146,18,195583,480861,15989,110267,3.808618996324927,0.18653658767644232
3281,0.3284,3,36,3,195619,480825,15992,110264,3.808333861361044,0.18654381996619798
3282,0.3285,3,28,3,195647,480797,15995,110261,3.8081120897224685,0.18654852823242388
3283,0.3286,7,81,7,195728,480716,16002,110254,3.807470536053732,0.1865644618170127
3284,0.3287,6,47,6,195775,480669,16008,110248,3.807098276517552,0.18657104127990903
3285,0.3288,7,112,7,195887,480557,16015,110241,3.8062111899632494,0.1865967725009225
3286,0.3289,34,197,34,196084,480360,16049,110207,3.8046508680775566,0.18661218794819215
3287,0.329,21,180,21,196264,480180,16070,110186,3.8032251932581422,0.1866401520412761
3288,0.3291,23,233,23,196497,479947,16093,110163,3.801379736408567,0.18668214400704952
3289,0.3292,11,107,11,196604,479840,16104,110152,3.8005322519325815,0.18670083662151352
3290,0.3293,7,75,7,196679,479765,16111,110145,3.7999382207578254,0.1867149226153142
3291,0.3294,5,61,5,196740,479704,16116,110140,3.7994550754023573,0.18672733807583022
3292,0.3295,9,63,9,196803,479641,16125,110131,3.798956089215562,0.18673487381564402
3293,0.3296,14,139,14,196942,479502,16139,110117,3.7978551514383474,0.1867595854271996
3294,0.3297,25,186,25,197128,479316,16164,110092,3.7963819541249526,0.18678402736304903
3295,0.3298,10,86,10,197214,479230,16174,110082,3.795700798377899,0.1867974858818419
3296,0.3299,8,60,8,197274,479170,16182,110074,3.795225573438094,0.18680546598692563
3297,0.33,14,119,14,197393,479051,16196,110060,3.794283043974148,0.18682387529684558
3298,0.3301,9,91,9,197484,478960,16205,110051,3.793562286148777,0.18684031367835235
3299,0.3302,15,114,15,197598,478846,16220,110036,3.792659358763148,0.18685577076562027
3300,0.3303,14,216,14,197814,478630,16234,110022,3.7909485489798507,0.18690499650047906
3301,0.3304,7,96,7,197910,478534,16241,110015,3.790188189076163,0.18692581246421283
3302,0.3305,17,170,17,198080,478364,16258,109998,3.7888417184133822,0.18695632960660274
3303,0.3306,5,33,5,198113,478331,16263,109993,3.7885803446964896,0.18695990644610794
3304,0.3307,11,135,11,198248,478196,16274,109982,3.7875110885819288,0.1869876125934666
3305,0.3308,7,63,7,198311,478133,16281,109975,3.7870121023951335,0.18699796635992028
3306,0.3309,6,76,6,198387,478057,16287,109969,3.786410150804714,0.18701383952410267
3307,0.331,14,159,14,198546,477898,16301,109955,3.7851508047142315,0.1870450605848741
3308,0.3311,10,48,10,198594,477850,16311,109945,3.7847706247623876,0.1870465043084749
3309,0.3312,4,49,4,198643,477801,16315,109941,3.7843825243948803,0.1870565656359423
3310,0.3313,23,122,23,198765,477679,16338,109918,3.7834162336839436,0.1870635826935808
3311,0.3314,23,117,23,198882,477562,16361,109895,3.7824895450513245,0.1870690110084653
3312,0.3315,25,228,25,199110,477334,16386,109870,3.780683690280066,0.1871070360556127
3313,0.3316,4,54,4,199164,477280,16390,109866,3.7802559878342414,0.18711870642054956
3314,0.3317,17,58,17,199222,477222,16407,109849,3.7797966037257633,0.187113654055472
3315,0.3318,6,65,6,199287,477157,16413,109843,3.7792817767076414,0.18712606473594548
3316,0.3319,14,92,14,199379,477065,16427,109829,3.7785530984666074,0.18713600752435705
3317,0.332,20,116,20,199495,476949,16447,109809,3.7776343302496516,0.18714529669812768
3318,0.3321,12,97,12,199592,476852,16459,109797,3.7768660499303004,0.18715961332926503
3319,0.3322,5,51,5,199643,476801,16464,109792,3.776462108731466,0.18716895701107925
3320,0.3323,7,53,7,199696,476748,16471,109785,3.7760423267013055,0.18717616911580423
3321,0.3324,27,185,27,199881,476563,16498,109758,3.7745770498035736,0.18719779779335893
3322,0.3325,12,75,12,199956,476488,16510,109746,3.7739830186288175,0.18720510922259712
3323,0.3326,5,120,5,200076,476368,16515,109741,3.773032568749208,0.1872365037902506
3324,0.3327,3,95,3,200171,476273,16518,109738,3.772280129261184,0.187262696434026
3325,0.3328,20,99,20,200270,476174,16538,109718,3.7714960081105056,0.18726659520867328
3326,0.3329,9,107,9,200377,476067,16547,109709,3.77064852363452,0.1872883149872989
3327,0.333,4,57,4,200434,476010,16551,109705,3.770197059941706,0.18730099109635232
3328,0.3331,8,42,8,200476,475968,16559,109697,3.7698644024838424,0.18730332186488863
3329,0.3332,11,61,11,200537,475907,16570,109686,3.7693812571283742,0.18730756685957653
3330,0.3333,6,68,6,200605,475839,16576,109680,3.768842668863262,0.18732099214542997
3331,0.3334,19,173,19,200778,475666,16595,109661,3.7674724369534913,0.18734997702139147
3332,0.3335,9,76,9,200854,475590,16604,109652,3.766870485363072,0.18736180930281832
3333,0.3336,5,82,5,200936,475508,16609,109647,3.766221011278672,0.18738112124138048
3334,0.3337,16,79,16,201015,475429,16625,109631,3.765595298441262,0.18738419991112024
3335,0.3338,7,41,7,201056,475388,16632,109624,3.765270561399062,0.18738760914306032
3336,0.3339,15,63,15,201119,475325,16647,109609,3.7647715752122672,0.18738695305795183
3337,0.334,15,117,15,201236,475208,16662,109594,3.7638448865796477,0.1874035998508897
3338,0.3341,12,47,12,201283,475161,16674,109582,3.763472627043467,0.18740198685576398
3339,0.3342,19,123,19,201406,475038,16693,109563,3.7624984159168675,0.18741500613238773
3340,0.3343,9,67,9,201473,474971,16702,109554,3.7619677480674185,0.18742397673324493
3341,0.3344,14,88,14,201561,474883,16716,109540,3.7612707514890382,0.1874327327979905
3342,0.3345,7,127,7,201688,474756,16723,109533,3.7602648586997844,0.18746373797897958
3343,0.3346,6,73,6,201761,474683,16729,109527,3.7596866683563555,0.18747881754848428
3344,0.3347,2,35,2,201796,474648,16731,109525,3.7594094538081357,0.18748726832633483
3345,0.3348,6,68,6,201864,474580,16737,109519,3.758870865543024,0.18750074901686187
3346,0.3349,11,165,11,202029,474415,16748,109508,3.7575639969585604,0.1875384254430807
3347,0.335,15,117,15,202146,474298,16763,109493,3.756637308325941,0.18755513531383664
3348,0.3351,8,66,8,202212,474232,16771,109485,3.7561145608921556,0.18756520711235067
3349,0.3352,18,210,18,202422,474022,16789,109467,3.7544512736028386,0.1876076498442987
3350,0.3353,10,43,10,202465,473979,16799,109457,3.7541106957293118,0.18760755249933156
3351,0.3354,19,114,19,202579,473865,16818,109438,3.7532077683436826,0.1876177561233184
3352,0.3355,3,55,3,202634,473810,16821,109435,3.752772145482195,0.1876312698780101
3353,0.3356,10,120,10,202754,473690,16831,109425,3.7518216956025854,0.18765595122745943
3354,0.3357,16,200,16,202954,473490,16847,109409,3.7502376124699026,0.1876980403123011
3355,0.3358,16,154,16,203108,473336,16863,109393,3.7490178684577367,0.1877253405957143
3356,0.3359,9,106,9,203214,473230,16872,109384,3.7481783043974146,0.18774694737853878
3357,0.336,6,62,6,203276,473168,16878,109378,3.747687238626283,0.18775856327225662
3358,0.3361,17,146,17,203422,473022,16895,109361,3.7465308579394248,0.18778192357950008
3359,0.3362,12,85,12,203507,472937,16907,109349,3.7458576226080345,0.18779259676516352
3360,0.3363,9,89,9,203596,472848,16916,109340,3.745152705613991,0.18780874906387626
3361,0.3364,5,61,5,203657,472787,16921,109335,3.7446695602585223,0.1878214532348889
3362,0.3365,16,74,16,203731,472713,16937,109319,3.74408344949943,0.18782300629518653
3363,0.3366,2,86,2,203817,472627,16939,109317,3.7434022937523763,0.18784797162613584
3364,0.3367,5,79,5,203896,472548,16944,109312,3.7427765809149665,0.18786649709552125
3365,0.3368,4,84,4,203980,472464,16948,109308,3.7421112659992395,0.1878880386130649
3366,0.3369,9,195,9,204175,472269,16957,109299,3.740566784944874,0.18793846979201057
3367,0.337,10,115,10,204290,472154,16967,109289,3.7396559371435814,0.18796167466114477
3368,0.3371,15,68,15,204358,472086,16982,109274,3.739117348878469,0.18796270813265448
3369,0.3372,11,100,11,204458,471986,16993,109263,3.738325307312128,0.18797967824460773
3370,0.3373,9,72,9,204530,471914,17002,109254,3.7377550373843618,0.18799039176279492
3371,0.3374,27,205,27,204735,471709,17029,109227,3.736131352173362,0.1880189900436537
3372,0.3375,10,87,10,204822,471622,17039,109217,3.735442276010645,0.18803317270362355
3373,0.3376,12,70,12,204892,471552,17051,109205,3.734887846914206,0.18803905936562107
3374,0.3377,4,40,4,204932,471512,17055,109201,3.7345710302876696,0.1880464187989592
3375,0.3378,10,62,10,204994,471450,17065,109191,3.7340799645165377,0.18805251437635304
3376,0.3379,21,183,21,205177,471267,17086,109170,3.732630528450133,0.18808242755027677
3377,0.338,4,23,4,205200,471244,17090,109166,3.7324483588898745,0.188084285246636
3378,0.3381,3,35,3,205235,471209,17093,109163,3.732171144341655,0.1880914310132122
3379,0.3382,20,154,20,205389,471055,17113,109143,3.7309514003294892,0.1881133681949955
3380,0.3383,8,21,8,205410,471034,17121,109135,3.7307850716005575,0.18810898203799237
3381,0.3384,6,55,6,205465,470979,17127,109129,3.73034944873907,0.18811841932881462
3382,0.3385,14,98,14,205563,470881,17141,109115,3.7295732480040553,0.18813060779729515
3383,0.3386,8,75,8,205638,470806,17149,109107,3.7289792168292992,0.18814373880219964
3384,0.3387,16,120,16,205758,470686,17165,109091,3.7280287669496897,0.18816027541623762
3385,0.3388,6,72,6,205830,470614,17171,109085,3.7274584970219236,0.18817524266904032
3386,0.3389,13,199,13,206029,470415,17184,109072,3.725882334304904,0.1882216512190955
3387,0.339,10,126,10,206155,470289,17194,109062,3.724884361931314,0.18824857469823994
3388,0.3391,3,65,3,206220,470224,17197,109059,3.7243695349131922,0.18826549372241203
3389,0.3392,17,156,17,206376,470068,17214,109042,3.7231339500696996,0.18829237968607002
3390,0.3393,8,116,8,206492,469952,17222,109034,3.722215181852744,0.18831888853961926
3391,0.3394,17,139,17,206631,469813,17239,109017,3.721114244075529,0.18834027261890365
3392,0.3395,8,111,8,206742,469702,17247,109009,3.72023507793689,0.18836517709184722
3393,0.3396,5,66,5,206808,469636,17252,109004,3.719712330503105,0.1883796488317434
3394,0.3397,8,72,8,206880,469564,17260,108996,3.719142060575339,0.18839186946902656
3395,0.3398,10,129,10,207009,469435,17270,108986,3.7181203269547587,0.1884198533594043
3396,0.3399,18,179,18,207188,469256,17288,108968,3.7167025725510077,0.18845291790032928
3397,0.34,31,203,31,207391,469053,17319,108937,3.7150947281713345,0.18847557916226923
3398,0.3401,6,49,6,207440,469004,17325,108931,3.714706627803827,0.1884831339164439
3399,0.3402,17,107,17,207547,468897,17342,108914,3.713859143327842,0.1884941615857088
3400,0.3403,21,163,21,207710,468734,17363,108893,3.7125681155747055,0.18851784975425318
3401,0.3404,13,102,13,207812,468632,17376,108880,3.711760233177037,0.18853287897048027
3402,0.3405,28,212,28,208024,468420,17404,108852,3.7100811050563935,0.18856275724441857
3403,0.3406,15,173,15,208197,468247,17419,108837,3.708710873146623,0.18859819367717698
3404,0.3407,8,81,8,208278,468166,17427,108829,3.708069319477886,0.18861341952703228
3405,0.3408,9,64,9,208342,468102,17436,108820,3.707562412875428,0.18862168542714614
3406,0.3409,22,164,22,208506,467938,17458,108798,3.7062634647066277,0.188644371081396
3407,0.341,13,105,13,208611,467833,17471,108785,3.7054318210619694,0.18866043030221047
3408,0.3411,18,166,18,208777,467667,17489,108767,3.7041170320618426,0.1886894249818713
3409,0.3412,11,71,11,208848,467596,17500,108756,3.7035546825497403,0.18869718505357838
3410,0.3413,5,59,5,208907,467537,17505,108751,3.703087378025599,0.1887094647120884
3411,0.3414,38,301,38,209208,467236,17543,108713,3.700703332910911,0.18875455986554365
3412,0.3415,7,53,7,209261,467183,17550,108706,3.70028355088075,0.18876207046844096
3413,0.3416,15,132,15,209393,467051,17565,108691,3.6992380560131797,0.18878421237290313
3414,0.3417,12,88,12,209481,466963,17577,108679,3.698541059434799,0.18879616150315648
3415,0.3418,8,62,8,209543,466901,17585,108671,3.6980499936636675,0.1888052233256656
3416,0.3419,9,72,9,209615,466829,17594,108662,3.697479723735902,0.18881615872359428
3417,0.342,13,83,13,209698,466746,17607,108649,3.696822329235838,0.18882506799676743
3418,0.3421,24,124,24,209822,466622,17631,108625,3.695840197693575,0.1888319278501235
3419,0.3422,5,67,5,209889,466555,17636,108620,3.6953095298441263,0.18884687269092015
3420,0.3423,13,113,13,210002,466442,17649,108607,3.6944145228741605,0.18886564449290408
3421,0.3424,8,75,8,210077,466367,17657,108599,3.6938204916994044,0.18887899458402757
3422,0.3425,19,114,19,210191,466253,17676,108580,3.6929175643137753,0.18888964273101927
3423,0.3426,28,144,28,210335,466109,17704,108552,3.6917770244582435,0.18889745432524566
3424,0.3427,10,123,10,210458,465986,17714,108542,3.6908028133316435,0.1889237774312131
3425,0.3428,9,88,9,210546,465898,17723,108533,3.690105816753263,0.18894001194225243
3426,0.3429,11,80,11,210626,465818,17734,108522,3.68947218350019,0.18895079569592924
3427,0.343,13,99,13,210725,465719,17747,108509,3.688688062349512,0.1889650104139819
3428,0.3431,5,36,5,210761,465683,17752,108504,3.688402927385629,0.18896979555440999
3429,0.3432,14,94,14,210855,465589,17766,108490,3.6876584083132684,0.1889809590666093
3430,0.3433,18,214,18,211069,465375,17784,108472,3.6859634393612977,0.18902599473378792
3431,0.3434,17,120,17,211189,465255,17801,108455,3.685012989481688,0.18904150180404733
3432,0.3435,14,93,14,211282,465162,17815,108441,3.6842763908249907,0.18905235851276928
3433,0.3436,19,211,19,211493,464951,17834,108422,3.68260518312001,0.18909505679548916
3434,0.3437,12,108,12,211601,464843,17846,108410,3.6817497782283612,0.1891137072113011
3435,0.3438,4,78,4,211679,464765,17850,108406,3.681131985806615,0.1891337838097182
3436,0.3439,9,49,9,211728,464716,17859,108397,3.680743885439108,0.18913722075751205
3437,0.344,18,107,18,211835,464609,17877,108379,3.6798964009631225,0.18914706765237665
3438,0.3441,10,113,10,211948,464496,17887,108369,3.6790013939931567,0.1891702233510513
3439,0.3442,5,92,5,212040,464404,17892,108364,3.6782727157521227,0.18919353036482486
3440,0.3443,7,131,7,212171,464273,17899,108357,3.6772351413002156,0.18922690044182108
3441,0.3444,12,75,12,212246,464198,17911,108345,3.6766411101254595,0.18923469503600604
3442,0.3445,9,29,9,212275,464169,17920,108336,3.67641141807122,0.18923153509576335
3443,0.3446,24,108,24,212383,464061,17944,108312,3.6755560131795715,0.1892332447547316
3444,0.3447,9,88,9,212471,463973,17953,108303,3.674859016601191,0.1892495928537978
3445,0.3448,8,64,8,212535,463909,17961,108295,3.6743521099987326,0.18925942496032883
3446,0.3449,7,50,7,212585,463859,17968,108288,3.673956089215562,0.1892660452645911
3447,0.345,16,145,16,212730,463714,17984,108272,3.672807628944367,0.18929134629169245
3448,0.3451,7,97,7,212827,463617,17991,108265,3.672039348625016,0.1893135297141718
3449,0.3452,4,41,4,212868,463576,17995,108261,3.6717146115828156,0.18932143250611624
3450,0.3453,5,60,5,212928,463516,18000,108256,3.671239386643011,0.18933421013970603
3451,0.3454,9,66,9,212994,463450,18009,108247,3.6707166392092256,0.18934330598201496
3452,0.3455,14,101,14,213095,463349,18023,108233,3.6699166772272207,0.18935690767029054
3453,0.3456,14,93,14,213188,463256,18037,108219,3.6691800785705233,0.18936786386106128
3454,0.3457,8,68,8,213256,463188,18045,108211,3.6686414903054114,0.18937905036585642
3455,0.3458,10,78,10,213334,463110,18055,108201,3.668023697883665,0.18939071714005157
3456,0.3459,2,19,2,213353,463091,18057,108199,3.6678732099860603,0.1893941780881864
3457,0.346,19,142,19,213495,462949,18076,108180,3.666748510961855,0.18941430044700935
3458,0.3461,15,100,15,213595,462849,18091,108165,3.665956469395514,0.1894261786926415
3459,0.3462,19,155,19,213750,462694,18110,108146,3.6647288049676847,0.18945063415317778
3460,0.3463,5,54,5,213804,462640,18115,108141,3.6643011025218604,0.18946145719636778
3461,0.3464,12,113,12,213917,462527,18127,108129,3.6634060955518946,0.189481929568777
3462,0.3465,16,134,16,214051,462393,18143,108113,3.662344759852997,0.18950370372967154
3463,0.3466,15,79,15,214130,462314,18158,108098,3.6617190470155876,0.18950863586320063
3464,0.3467,12,98,12,214228,462216,18170,108086,3.6609428462805726,0.18952414685552568
3465,0.3468,15,113,15,214341,462103,18185,108071,3.660047839310607,0.1895403859172814
3466,0.3469,19,120,19,214461,461983,18204,108052,3.6590973894309973,0.18955327304463762
3467,0.347,15,91,15,214552,461892,18219,108037,3.6583766316056265,0.18956220862598674
3468,0.3471,25,129,25,214681,461763,18244,108012,3.657354897985046,0.18956956693431617
3469,0.3472,9,78,9,214759,461685,18253,108003,3.6567371055633,0.18958271896195814
3470,0.3473,7,38,7,214797,461647,18260,107996,3.6564361297680903,0.1895854070005249
3471,0.3474,8,55,8,214852,461592,18268,107988,3.6560005069066026,0.1895923311914042
3472,0.3475,9,37,9,214889,461555,18277,107979,3.6557074515270562,0.1895918417513265
3473,0.3476,13,150,13,215039,461405,18290,107966,3.654519389177544,0.18962328604723458
3474,0.3477,12,91,12,215130,461314,18302,107954,3.6537986313521733,0.18963651566573214
3475,0.3478,9,88,9,215218,461226,18311,107945,3.653101634773793,0.18965302167538403
3476,0.3479,8,65,8,215283,461161,18319,107937,3.652586807755671,0.1896632917353426
3477,0.348,9,110,9,215393,461051,18328,107928,3.6517155620326953,0.1896871413531958
3478,0.3481,2,104,2,215497,460947,18330,107926,3.6508918388037004,0.18971897066656354
3479,0.3482,23,151,23,215648,460796,18353,107903,3.649695856038525,0.18973657418071774
3480,0.3483,3,37,3,215685,460759,18356,107900,3.6494028006589785,0.1897446448574629
3481,0.3484,24,150,24,215835,460609,18380,107876,3.6482147383094663,0.1897605037951749
3482,0.3485,3,28,3,215863,460581,18383,107873,3.647992966670891,0.18976557469909613
3483,0.3486,20,116,20,215979,460465,18403,107853,3.647074198453935,0.18977579453756524
3484,0.3487,9,73,9,216052,460392,18412,107844,3.6464960081105056,0.18978734187907842
3485,0.3488,18,218,18,216270,460174,18430,107826,3.6447693574958815,0.18983450704225352
3486,0.3489,13,91,13,216361,460083,18443,107813,3.6440485996705108,0.18984638032315776
3487,0.349,17,139,17,216500,459944,18460,107796,3.642947661893296,0.18986860182477894
3488,0.3491,10,67,10,216567,459877,18470,107786,3.6424169940438476,0.1898767402490562
3489,0.3492,10,83,10,216650,459794,18480,107776,3.641759599543784,0.18989023380375988
3490,0.3493,31,216,31,216866,459578,18511,107745,3.6400487897604865,0.1899182652563002
3491,0.3494,9,57,9,216923,459521,18520,107736,3.639597326067672,0.18992449630414432
3492,0.3495,23,218,23,217141,459303,18543,107713,3.6378706754530477,0.1899646570819871
3493,0.3496,11,69,11,217210,459234,18554,107702,3.637324166772272,0.18997206033838035
3494,0.3497,12,64,12,217274,459170,18566,107690,3.636817260169814,0.18997636100624493
3495,0.3498,18,122,18,217396,459048,18584,107672,3.635850969458877,0.1899915302089215
3496,0.3499,20,154,20,217550,458894,18604,107652,3.6346312254467112,0.19001457957518011
3497,0.35,9,114,9,217664,458780,18613,107643,3.633728298061082,0.19003995247368133
3498,0.3501,24,149,24,217813,458631,18637,107619,3.6325481561272337,0.19005562913907284
3499,0.3502,12,155,12,217968,458476,18649,107607,3.6313204916994044,0.19009049909642226
3500,0.3503,16,162,16,218130,458314,18665,107591,3.6300373843619314,0.19012201694630723
3501,0.3504,14,153,14,218283,458161,18679,107577,3.628825560765429,0.19015339255980684
3502,0.3505,7,75,7,218358,458086,18686,107570,3.628231529590673,0.1901685830257259
3503,0.3506,14,96,14,218454,457990,18700,107556,3.6274711696869852,0.1901808164145799
3504,0.3507,8,78,8,218532,457912,18708,107548,3.6268533772652387,0.19019559296855656
3505,0.3508,3,28,3,218560,457884,18711,107545,3.626631605626663,0.19020071485544604
3506,0.3509,9,56,9,218616,457828,18720,107536,3.626188062349512,0.19020666331779174
3507,0.351,13,116,13,218732,457712,18733,107523,3.625269294132556,0.19022707369501182
3508,0.3511,13,111,13,218843,457601,18746,107510,3.6243901279939172,0.1902458101151809
3509,0.3512,8,85,8,218928,457516,18754,107502,3.623716892662527,0.19026296507367907
3510,0.3513,11,56,11,218984,457460,18765,107491,3.623273349385376,0.1902660584723277
3511,0.3514,6,66,6,219050,457394,18771,107485,3.6227506019515903,0.1902796882164145
3512,0.3515,9,137,9,219187,457257,18780,107476,3.6216655050057027,0.19031294434715165
3513,0.3516,6,81,6,219268,457176,18786,107470,3.621023951336966,0.19033164141780867
3514,0.3517,18,111,18,219379,457065,18804,107452,3.620144785198327,0.19034324918470125
3515,0.3518,11,151,11,219530,456914,18815,107441,3.6189488024331515,0.19037839657662287
3516,0.3519,16,137,16,219667,456777,18831,107425,3.617863705487264,0.1904016646520218
3517,0.352,16,145,16,219812,456632,18847,107409,3.616715245216069,0.19042764621720762
3518,0.3521,13,115,13,219927,456517,18860,107396,3.6158043974147764,0.19044781730515167
3519,0.3522,7,72,7,219999,456445,18867,107389,3.6152341274870103,0.19046208635875098
3520,0.3523,27,174,27,220173,456271,18894,107362,3.6138559751615764,0.1904821044899784
3521,0.3524,15,136,15,220309,456135,18909,107347,3.612778798631352,0.1905065290461807
3522,0.3525,8,96,8,220405,456039,18917,107339,3.6120184387276644,0.19052749663636137
3523,0.3526,25,122,25,220527,455917,18942,107314,3.611052148016728,0.19053283643833524
3524,0.3527,15,91,15,220618,455826,18957,107299,3.6103313901913574,0.19054206437291898
3525,0.3528,9,107,9,220725,455719,18966,107290,3.609483905715372,0.19056533732142825
3526,0.3529,7,35,7,220760,455684,18973,107283,3.6092066911671523,0.1905671202752559
3527,0.353,15,156,15,220916,455528,18988,107268,3.6079711063236597,0.1905983695690801
3528,0.3531,16,130,16,221046,455398,19004,107252,3.606941452287416,0.19061939038478629
3529,0.3532,15,121,15,221167,455277,19019,107237,3.605983081992143,0.19063881076737646
3530,0.3533,17,98,17,221265,455179,19036,107220,3.6052068812571285,0.19064756516281145
3531,0.3534,9,77,9,221342,455102,19045,107211,3.6045970092510453,0.1906607174296166
3532,0.3535,15,88,15,221430,455014,19060,107196,3.603900012672665,0.19066896711193326
3533,0.3536,9,40,9,221470,454974,19069,107187,3.6035831960461286,0.19066957686499064
3534,0.3537,8,53,8,221523,454921,19077,107179,3.6031634140159676,0.19067603629247465
3535,0.3538,8,56,8,221579,454865,19085,107171,3.602719870738816,0.19068351493498636
3536,0.3539,11,85,11,221664,454780,19096,107160,3.6020466354074263,0.19069651564223938
3537,0.354,9,83,9,221747,454697,19105,107151,3.6013892409073627,0.19071172274351783
3538,0.3541,13,54,13,221801,454643,19118,107138,3.6009615384615383,0.1907113270117715
3539,0.3542,18,101,18,221902,454542,19136,107120,3.600161576479534,0.1907196855048054
3540,0.3543,20,184,20,222086,454358,19156,107100,3.5987042199974653,0.1907533600019948
3541,0.3544,11,76,11,222162,454282,19167,107089,3.598102268407046,0.1907633276389411
3542,0.3545,7,56,7,222218,454226,19174,107082,3.597658725129895,0.1907722676320309
3543,0.3546,8,85,8,222303,454141,19182,107074,3.5969854897985045,0.19078962607913189
3544,0.3547,5,30,5,222333,454111,19187,107069,3.5967478773286023,0.19079261556006985
3545,0.3548,15,79,15,222412,454032,19202,107054,3.5961221644911925,0.19079784560655585
3546,0.3549,19,83,19,222495,453949,19221,107035,3.5954647699911293,0.19079866805470388
3547,0.355,15,130,15,222625,453819,19236,107020,3.5944351159548855,0.1908212517317804
3548,0.3551,11,112,11,222737,453707,19247,107009,3.593548029400583,0.19084349296256928
3549,0.3552,22,156,22,222893,453551,19269,106987,3.5923124445570904,0.19086484769988832
3550,0.3553,9,78,9,222971,453473,19278,106978,3.591694652135344,0.19087841756014354
3551,0.3554,26,147,26,223118,453326,19304,106952,3.590530351032822,0.19089095056382724
3552,0.3555,19,107,19,223225,453219,19323,106933,3.5896828665568368,0.19089997000814066
3553,0.3556,13,108,13,223333,453111,19336,106920,3.588827461665188,0.190918002753419
3554,0.3557,12,47,12,223380,453064,19348,106908,3.588455202129008,0.19091668869157744
3555,0.3558,26,223,26,223603,452841,19374,106882,3.5866889494360663,0.19095516889604322
3556,0.3559,10,83,10,223686,452758,19384,106872,3.586031554936003,0.19096903311116273
3557,0.356,22,144,22,223830,452614,19406,106850,3.5848910150804714,0.1909863726709851
3558,0.3561,11,134,11,223964,452480,19417,106839,3.583829679381574,0.19101621793645487
3559,0.3562,19,146,19,224110,452334,19436,106820,3.5826732986947154,0.19103860474931772
3560,0.3563,7,72,7,224182,452262,19443,106813,3.5821030287669497,0.1910530787461432
3561,0.3564,6,99,6,224281,452163,19449,106807,3.581318907616272,0.1910782331788826
3562,0.3565,14,87,14,224368,452076,19463,106793,3.5806298314535545,0.19108771465227092
3563,0.3566,5,81,5,224449,451995,19468,106788,3.579988277784818,0.1911081761614079
3564,0.3567,8,94,8,224543,451901,19476,106780,3.5792437587124573,0.19112874789011977
3565,0.3568,11,161,11,224704,451740,19487,106769,3.5779685717906475,0.19116791314016426
3566,0.3569,10,92,10,224796,451648,19497,106759,3.5772398935496135,0.19118492425775466
3567,0.357,9,79,9,224875,451569,19506,106750,3.5766141807122036,0.19119893824139964
3568,0.3571,14,152,14,225027,451417,19520,106736,3.5754102775313648,0.19123071989221593
3569,0.3572,12,157,12,225184,451260,19532,106724,3.574166772272209,0.19126713310775936
3570,0.3573,16,75,16,225259,451185,19548,106708,3.5735727410974527,0.19126965206589794
3571,0.3574,6,65,6,225324,451120,19554,106702,3.573057914079331,0.19128324089046328
3572,0.3575,10,97,10,225421,451023,19564,106692,3.5722896337599797,0.19130200909066458
3573,0.3576,7,67,7,225488,450956,19571,106685,3.571758965910531,0.19131484234480606
3574,0.3577,10,130,10,225618,450826,19581,106675,3.5707293118742873,0.1913449482601825
3575,0.3578,5,57,5,225675,450769,19586,106670,3.5702778481814725,0.1913572606150628
3576,0.3579,8,86,8,225761,450683,19594,106662,3.569596692434419,0.1913751805434695
3577,0.358,11,88,11,225849,450595,19605,106651,3.5688996958560386,0.19138944021132498
3578,0.3581,18,180,18,226029,450415,19623,106633,3.567474021036624,0.1914251554623659
3579,0.3582,23,154,23,226183,450261,19646,106610,3.5662542770244583,0.19144469724586125
3580,0.3583,9,89,9,226272,450172,19655,106601,3.5655493600304142,0.19146222966990137
3581,0.3584,20,130,20,226402,450042,19675,106581,3.5645197059941705,0.19147789437375026
3582,0.3585,11,71,11,226473,449971,19686,106570,3.563957356482068,0.1914863415273987
3583,0.3586,17,165,17,226638,449806,19703,106553,3.562650487897605,0.19151842605224326
3584,0.3587,27,178,27,226816,449628,19730,106526,3.5612406539095174,0.19154047260291215
3585,0.3588,25,179,25,226995,449449,19755,106501,3.559822899505766,0.19156578829031387
3586,0.3589,8,75,8,227070,449374,19763,106493,3.55922886833101,0.1915800002518588
3587,0.359,8,76,8,227146,449298,19771,106485,3.5586269167405904,0.1915945611866502
3588,0.3591,16,58,16,227204,449240,19787,106469,3.5581675326321127,0.19159128248777688
3589,0.3592,9,57,9,227261,449183,19796,106460,3.557716068939298,0.19159784249959055
3590,0.3593,14,98,14,227359,449085,19810,106446,3.5569398682042834,0.19161126921809943
3591,0.3594,4,54,4,227413,449031,19814,106442,3.556512165758459,0.19162407533759518
3592,0.3595,30,177,30,227590,448854,19844,106412,3.5551102521860347,0.19164148354122168
3593,0.3596,18,133,18,227723,448721,19862,106394,3.5540568369028005,0.191661187321546
3594,0.3597,9,70,9,227793,448651,19871,106385,3.5535024078063615,0.1916722518899675
3595,0.3598,23,122,23,227915,448529,19894,106362,3.5525361170954253,0.19168088867903788
3596,0.3599,10,78,10,227993,448451,19904,106352,3.5519183246736787,0.191693267700427
3597,0.36,16,108,16,228101,448343,19920,106336,3.55106291978203,0.19170727573966204
3598,0.3601,8,97,8,228198,448246,19928,106328,3.550294639462679,0.19172914705702035
3599,0.3602,15,111,15,228309,448135,19943,106313,3.54941547332404,0.19174566415606153
3600,0.3603,15,179,15,228488,447956,19958,106298,3.547997718920289,0.19178571557444782
3601,0.3604,18,130,18,228618,447826,19976,106280,3.546968064884045,0.19180445618708333
3602,0.3605,27,324,27,228942,447502,20003,106253,3.544401850209099,0.19187727424583073
3603,0.3606,15,138,15,229080,447364,20018,106238,3.543308832847548,0.19190320844216605
3604,0.3607,9,66,9,229146,447298,20027,106229,3.5427860854137627,0.19191295094909552
3605,0.3608,21,152,21,229298,447146,20048,106208,3.5415821822329234,0.19193500001807162
3606,0.3609,7,68,7,229366,447078,20055,106201,3.5410435939678115,0.19194836601425322
3607,0.361,17,124,17,229490,446954,20072,106184,3.540061462425548,0.19196656168984955
3608,0.3611,12,117,12,229607,446837,20084,106172,3.5391347737929286,0.19198964212155678
3609,0.3612,11,117,11,229724,446720,20095,106161,3.538208085160309,0.1920141947362995
3610,0.3613,16,115,16,229839,446605,20111,106145,3.5372972373590166,0.19203075531433741
3611,0.3614,8,81,8,229920,446524,20119,106137,3.53665568369028,0.1920472043440735
3612,0.3615,8,75,8,229995,446449,20127,106129,3.536061652515524,0.19206157320776435
3613,0.3616,12,87,12,230082,446362,20139,106117,3.535372576352807,0.19207426888623821
3614,0.3617,8,65,8,230147,446297,20147,106109,3.534857749334685,0.1920851692414637
3615,0.3618,10,85,10,230232,446212,20157,106099,3.534184514003295,0.19210010302166713
3616,0.3619,11,77,11,230309,446135,20168,106088,3.533574641997212,0.19211079581980467
3617,0.362,13,85,13,230394,446050,20181,106075,3.5329014066658218,0.19212134933212588
3618,0.3621,11,131,11,230525,445919,20192,106064,3.5318638322139146,0.19215084522530584
3619,0.3622,2,73,2,230598,445846,20194,106062,3.531285641870485,0.19217333323669886
3620,0.3623,2,35,2,230633,445811,20196,106060,3.531008427322266,0.19218259339592042
3621,0.3624,9,79,9,230712,445732,20205,106051,3.530382714484856,0.192196932489765
3622,0.3625,6,86,6,230798,445646,20211,106045,3.5297015587378024,0.19221810760008773
3623,0.3626,16,164,16,230962,445482,20227,106029,3.5284026105690027,0.19225183178576674
3624,0.3627,22,105,22,231067,445377,20249,106007,3.527570966924344,0.19225621345559538
3625,0.3628,26,203,26,231270,445174,20275,105981,3.5259631225446713,0.19228892053959412
3626,0.3629,21,157,21,231427,445017,20296,105960,3.5247196172855153,0.19231292776286488
3627,0.363,33,240,33,231667,444777,20329,105927,3.5228187175262957,0.1923483395798832
3628,0.3631,15,133,15,231800,444644,20344,105912,3.5217653022430615,0.19237280131358117
3629,0.3632,16,89,16,231889,444555,20360,105896,3.521060385249018,0.19238042986569195
3630,0.3633,12,98,12,231987,444457,20372,105884,3.5202841845140034,0.19239707744834567
3631,0.3634,12,105,12,232092,444352,20384,105872,3.5194525408693447,0.1924161795923115
3632,0.3635,21,163,21,232255,444189,20405,105851,3.5181615131162083,0.19244236782779434
3633,0.3636,4,56,4,232311,444133,20409,105847,3.5177179698390573,0.19245608931233862
3634,0.3637,5,75,5,232386,444058,20414,105842,3.517123938664301,0.19247499545371885
3635,0.3638,17,94,17,232480,443964,20431,105825,3.51637941959194,0.19248293436209163
3636,0.3639,6,60,6,232540,443904,20437,105819,3.515904194652135,0.192495129365153
3637,0.364,22,210,22,232750,443694,20459,105797,3.5142409073628182,0.1925363654727739
3638,0.3641,12,131,12,232881,443563,20471,105785,3.513203332910911,0.19256464026445896
3639,0.3642,13,144,13,233025,443419,20484,105772,3.5120627930553794,0.19259601850722244
3640,0.3643,19,181,19,233206,443238,20503,105753,3.5106291978203017,0.192631573195189
3641,0.3644,17,155,17,233361,443083,20520,105736,3.5094015333924724,0.19266096837026414
3642,0.3645,16,152,16,233513,442931,20536,105720,3.5081976302116336,0.19269079979805012
3643,0.3646,9,60,9,233573,442871,20545,105711,3.5077224052718288,0.1926986302868122
3644,0.3647,2,83,2,233656,442788,20547,105709,3.507065010771765,0.1927248462616933
3645,0.3648,7,50,7,233706,442738,20554,105702,3.5066689899885946,0.19273211290204945
3646,0.3649,21,209,21,233915,442529,20575,105681,3.505013623114941,0.19277466664234508
3647,0.365,9,78,9,233993,442451,20584,105672,3.504395830693195,0.19278884483957068
3648,0.3651,14,177,14,234170,442274,20598,105658,3.5029939171207705,0.19283049721498288
3649,0.3652,30,249,30,234419,442025,20628,105628,3.5010217336205804,0.19287395485827705
3650,0.3653,8,26,8,234445,441999,20636,105620,3.5008158028133316,0.19287132111924532
3651,0.3654,18,89,18,234534,441910,20654,105602,3.500110885819288,0.19287613787460367
3652,0.3655,40,279,40,234813,441631,20694,105562,3.4979010898491953,0.19291547954743574
3653,0.3656,17,167,17,234980,441464,20711,105545,3.496578380433405,0.19294929333886646
3654,0.3657,17,180,17,235160,441284,20728,105528,3.495152705613991,0.19298771789938773
3655,0.3658,3,28,3,235188,441256,20731,105525,3.494930933975415,0.19299317276935374
3656,0.3659,25,171,25,235359,441085,20756,105500,3.4935765428969714,0.19301663968092794
3657,0.366,16,112,16,235471,440973,20772,105484,3.492689456342669,0.19303257163875656
3658,0.3661,11,65,11,235536,440908,20783,105473,3.492174629324547,0.19303928943356377
3659,0.3662,18,120,18,235656,440788,20801,105455,3.4912241794449375,0.1930551055116496
3660,0.3663,9,63,9,235719,440725,20810,105446,3.4907251932581422,0.19306407700152517
3661,0.3664,13,100,13,235819,440625,20823,105433,3.4899331516918006,0.19308022224745355
3662,0.3665,11,82,11,235901,440543,20834,105422,3.4892836776074008,0.19309296383467806
3663,0.3666,25,159,25,236060,440384,20859,105397,3.488024331516918,0.19311225564832782
3664,0.3667,16,105,16,236165,440279,20875,105381,3.4871926878722594,0.19312575596525308
3665,0.3668,19,119,19,236284,440160,20894,105362,3.486250158408313,0.19313978171366142
3666,0.3669,8,60,8,236344,440100,20902,105354,3.4857749334685084,0.19314919314919315
3667,0.367,35,233,35,236577,439867,20937,105319,3.483929476618933,0.19317994225823848
3668,0.3671,21,218,21,236795,439649,20958,105298,3.4822028260043085,0.19322613024752866
3669,0.3672,15,107,15,236902,439542,20973,105283,3.4813553415283236,0.19324186665443033
3670,0.3673,17,175,17,237077,439367,20990,105266,3.479969268787226,0.1932787767175327
3671,0.3674,24,118,24,237195,439249,21014,105242,3.479034659738943,0.19328510480430347
3672,0.3675,14,91,14,237286,439158,21028,105228,3.4783139019135723,0.1932966681729508
3673,0.3676,12,79,12,237365,439079,21040,105216,3.477688189076163,0.19330693833307305
3674,0.3677,6,33,6,237398,439046,21046,105210,3.4774268153592702,0.19330976599247413
3675,0.3678,23,224,23,237622,438822,21069,105187,3.4756526422506653,0.19335525699023362
3676,0.3679,5,37,5,237659,438785,21074,105182,3.475359586871119,0.1933609943250234
3677,0.368,17,110,17,237769,438675,21091,105165,3.4744883411481435,0.19337488967343336
3678,0.3681,3,28,3,237797,438647,21094,105162,3.474266569509568,0.19338039642595103
3679,0.3682,5,55,5,237852,438592,21099,105157,3.47383094664808,0.19339253957248656
3680,0.3683,17,94,17,237946,438498,21116,105140,3.473086427575719,0.1934007556498994
3681,0.3684,12,70,12,238016,438428,21128,105128,3.47253199847928,0.1934078549404293
3682,0.3685,0,32,0,238048,438396,21128,105128,3.472278545178051,0.19341924183660703
3683,0.3686,11,67,11,238115,438329,21139,105117,3.4717478773286023,0.1934267618125812
3684,0.3687,15,170,15,238285,438159,21154,105102,3.4704014066658218,0.1934650195762258
3685,0.3688,27,163,27,238448,437996,21181,105075,3.4691103789126854,0.19348298841219658
3686,0.3689,25,153,25,238601,437843,21206,105050,3.467898555316183,0.19350037668564524
3687,0.369,43,258,43,238859,437585,21249,105007,3.4658550880750223,0.19352847074781787
3688,0.3691,13,66,13,238925,437519,21262,104994,3.4653323406412366,0.19353268953923686
3689,0.3692,6,101,6,239026,437418,21268,104988,3.464532378659232,0.19355980575436113
3690,0.3693,6,69,6,239095,437349,21274,104982,3.4639858699784565,0.19357551015892507
3691,0.3694,8,111,8,239206,437238,21282,104974,3.4631067038398173,0.19360324006108312
3692,0.3695,28,206,28,239412,437032,21310,104946,3.461475098213154,0.1936351660030481
3693,0.3696,9,115,9,239527,436917,21319,104937,3.4605642504118617,0.19366286859559956
3694,0.3697,10,92,10,239619,436825,21329,104927,3.4598355721708276,0.19368087242871276
3695,0.3698,5,45,5,239664,436780,21334,104922,3.4594791534659737,0.193689519329816
3696,0.3699,11,112,11,239776,436668,21345,104911,3.4585920669116716,0.19371319788987387
3697,0.37,17,91,17,239867,436577,21362,104894,3.457871309086301,0.19372043932177346
3698,0.3701,31,199,31,240066,436378,21393,104863,3.4562951463692815,0.193745484913375
3699,0.3702,26,135,26,240201,436243,21419,104837,3.4552258902547206,0.19375508242773712
3700,0.3703,18,228,18,240429,436015,21437,104819,3.4534200354834623,0.1938099305886834
3701,0.3704,5,61,5,240490,435954,21442,104814,3.4529368901279938,0.19382433871826735
3702,0.3705,7,75,7,240565,435879,21449,104807,3.4523428589532377,0.1938407874440988
3703,0.3706,11,94,11,240659,435785,21460,104796,3.451598339880877,0.19385808972198432
3704,0.3707,19,169,19,240828,435616,21479,104777,3.45025978963376,0.19389037237714035
3705,0.3708,25,135,25,240963,435481,21504,104752,3.4491905335191992,0.1939015202699576
3706,0.3709,9,65,9,241028,435416,21513,104743,3.4486757065010774,0.19391142237748515
3707,0.371,19,167,19,241195,435249,21532,104724,3.447352997085287,0.1939430304848576
3708,0.3711,17,108,17,241303,435141,21549,104707,3.4464975921936385,0.19395644699989625
3709,0.3712,21,152,21,241455,434989,21570,104686,3.445293689012799,0.19397971001065456
3710,0.3713,14,97,14,241552,434892,21584,104672,3.444525408693448,0.19399366896234738
3711,0.3714,16,172,16,241724,434720,21600,104656,3.443163097199341,0.19403162172584618
3712,0.3715,11,139,11,241863,434581,21611,104645,3.4420621594221266,0.19406519715295628
3713,0.3716,13,107,13,241970,434474,21624,104632,3.441214674946141,0.1940842802714123
3714,0.3717,9,99,9,242069,434375,21633,104623,3.4404305537954634,0.19410647163811368
3715,0.3718,33,240,33,242309,434135,21666,104590,3.4385296540362438,0.1941435797484802
3716,0.3719,16,98,16,242407,434037,21682,104574,3.4377534533012293,0.19415496527178241
3717,0.372,13,142,13,242549,433895,21695,104561,3.4366287542770246,0.19418671163474824
3718,0.3721,16,79,16,242628,433816,21711,104545,3.4360030414396148,0.19419125828208209
3719,0.3722,9,167,9,242795,433649,21720,104536,3.4346803320238246,0.1942380408223938
3720,0.3723,15,84,15,242879,433565,21735,104521,3.4340150171080976,0.1942459012128173
3721,0.3724,23,182,23,243061,433383,21758,104498,3.4325735014573566,0.19427717283190893
3722,0.3725,16,119,16,243180,433264,21774,104482,3.4316309719934104,0.1942961918824129
3723,0.3726,12,101,12,243281,433163,21786,104470,3.4308310100114054,0.19431470910453785
3724,0.3727,11,79,11,243360,433084,21797,104459,3.4302052971739956,0.19432677943904023
3725,0.3728,12,84,12,243444,433000,21809,104447,3.429539982258269,0.19433916274534976
3726,0.3729,3,27,3,243471,432973,21812,104444,3.429326131035357,0.1943444290001991
3727,0.373,24,153,24,243624,432820,21836,104420,3.4281143074388543,0.19436378527287618
3728,0.3731,19,153,19,243777,432667,21855,104401,3.426902483842352,0.19439065444226802
3729,0.3732,6,108,6,243885,432559,21861,104395,3.4260470789507034,0.19442075112579477
3730,0.3733,8,83,8,243968,432476,21869,104387,3.42538968445064,0.19443880468573918
3731,0.3734,13,156,13,244124,432320,21882,104374,3.4241540996071476,0.19447580930660674
3732,0.3735,12,80,12,244204,432240,21894,104362,3.4235204663540744,0.19448678909135636
3733,0.3736,12,118,12,244322,432122,21906,104350,3.4225858573057915,0.19451154953101002
3734,0.3737,20,162,20,244484,431960,21926,104330,3.4213027499683184,0.19454026739264205
3735,0.3738,12,77,12,244561,431883,21938,104318,3.4206928779622356,0.19455017801160385
3736,0.3739,8,63,8,244624,431820,21946,104310,3.4201938917754404,0.19456102064797717
3737,0.374,23,186,23,244810,431634,21969,104287,3.418720694462045,0.19459397933650668
3738,0.3741,7,106,7,244916,431528,21976,104280,3.4178811304017236,0.1946219541328237
3739,0.3742,13,120,13,245036,431408,21989,104267,3.416930680522114,0.19464600737387408
3740,0.3743,29,221,29,245257,431187,22018,104238,3.4151802686604995,0.19468272867348368
3741,0.3744,4,37,4,245294,431150,22022,104234,3.414887213280953,0.19469016631053598
3742,0.3745,17,91,17,245385,431059,22039,104217,3.4141664554555824,0.1946976886690231
3743,0.3746,12,58,12,245443,431001,22051,104205,3.4137070713471043,0.1947007320545734
3744,0.3747,22,141,22,245584,430860,22073,104183,3.412590292738563,0.19471892913279867
3745,0.3748,12,113,12,245697,430747,22085,104171,3.411695285768597,0.1947419978389211
3746,0.3749,9,47,9,245744,430700,22094,104162,3.4113230262324166,0.1947455605371105
3747,0.375,5,60,5,245804,430640,22099,104157,3.410847801292612,0.19475988085198684
3748,0.3751,17,111,17,245915,430529,22116,104140,3.409968635153973,0.19477471108293168
3749,0.3752,10,69,10,245984,430460,22126,104130,3.4094221264731974,0.19478478834246807
3750,0.3753,12,157,12,246141,430303,22138,104118,3.4081786212140415,0.19482393094582737
3751,0.3754,15,101,15,246242,430202,22153,104103,3.4073786592320365,0.1948381542377481
3752,0.3755,15,137,15,246379,430065,22168,104088,3.406293562286149,0.19486551606000527
3753,0.3756,12,68,12,246447,429997,22180,104076,3.4057549740210367,0.19487223656691127
3754,0.3757,11,64,11,246511,429933,22191,104065,3.405248067418578,0.19487900703747954
3755,0.3758,12,74,12,246585,429859,22203,104053,3.4046619566594853,0.19488792160505852
3756,0.3759,11,48,11,246633,429811,22214,104042,3.4042817767076414,0.19488885517174204
3757,0.376,20,100,20,246733,429711,22234,104022,3.4034897351413003,0.19489520040919336
3758,0.3761,22,132,22,246865,429579,22256,104000,3.4024442402737294,0.19491021948015194
3759,0.3762,14,91,14,246956,429488,22270,103986,3.401723482448359,0.1949223392330273
3760,0.3763,8,74,8,247030,429414,22278,103978,3.4011373716892663,0.19493730689624142
3761,0.3764,10,93,10,247123,429321,22288,103968,3.400400773032569,0.19495620573460168
3762,0.3765,11,90,11,247213,429231,22299,103957,3.3996879356228615,0.19497250500761457
3763,0.3766,14,120,14,247333,429111,22313,103943,3.398737485743252,0.19499525376415897
3764,0.3767,24,145,24,247478,428966,22337,103919,3.397589025472057,0.1950120570104244
3765,0.3768,10,103,10,247581,428863,22347,103909,3.3967732226587253,0.19503464896803885
3766,0.3769,21,192,21,247773,428671,22368,103888,3.3952525028513496,0.19507322193409557
3767,0.377,9,67,9,247840,428604,22377,103879,3.394721835001901,0.19508416231128506
3768,0.3771,16,111,16,247951,428493,22393,103863,3.393842668863262,0.19510064693550933
3769,0.3772,13,91,13,248042,428402,22406,103850,3.393121911037891,0.19511434433313543
3770,0.3773,16,149,16,248191,428253,22422,103834,3.3919417691040428,0.19514477895532123
3771,0.3774,21,159,21,248350,428094,22443,103813,3.3906824230135597,0.1951713363426313
3772,0.3775,14,149,14,248499,427945,22457,103799,3.389502281079711,0.19520483540952038
3773,0.3776,8,119,8,248618,427826,22465,103791,3.3885597516157646,0.19523642020477147
3774,0.3777,13,106,13,248724,427720,22478,103778,3.387720187555443,0.19525567358673035
3775,0.3778,5,49,5,248773,427671,22483,103773,3.3873320871879358,0.19526610517759163
3776,0.3779,16,79,16,248852,427592,22499,103757,3.386706374350526,0.19527090481020948
3777,0.378,4,52,4,248904,427540,22503,103753,3.386294512736028,0.19528395819256042
3778,0.3781,3,71,3,248975,427469,22506,103750,3.385732163223926,0.1953055142982461
3779,0.3782,15,152,15,249127,427317,22521,103735,3.384528260043087,0.19533868623035033
3780,0.3783,9,76,9,249203,427241,22530,103726,3.3839263084526676,0.19535300687236684
3781,0.3784,35,185,35,249388,427056,22565,103691,3.382461031554936,0.19536803787868795
3782,0.3785,6,47,6,249435,427009,22571,103685,3.3820887720187556,0.19537624318345412
3783,0.3786,32,252,32,249687,426757,22603,103653,3.380092827271575,0.19542052374578156
3784,0.3787,26,186,26,249873,426571,22629,103627,3.3786196299581803,0.19544962447991127
3785,0.3788,26,149,26,250022,426422,22655,103601,3.3774394880243315,0.19546510245781787
3786,0.3789,9,115,9,250137,426307,22664,103592,3.376528640223039,0.1954938582635559
3787,0.379,9,75,9,250212,426232,22673,103583,3.375934609048283,0.19550786595321007
3788,0.3791,17,94,17,250306,426138,22690,103566,3.3751900899759217,0.19551674142539985
3789,0.3792,22,112,22,250418,426026,22712,103544,3.3743030034216197,0.19552467095945766
3790,0.3793,11,62,11,250480,425964,22723,103533,3.373811937650488,0.1955308528660219
3791,0.3794,14,154,14,250634,425810,22737,103519,3.3725921936383223,0.19556646244585127
3792,0.3795,21,93,21,250727,425717,22758,103498,3.3718555949816245,0.19556890866660998
3793,0.3796,11,123,11,250850,425594,22769,103487,3.370881383855025,0.19559764950924338
3794,0.3797,15,91,15,250941,425503,22784,103472,3.370160626029654,0.195608488113805
3795,0.3798,10,82,10,251023,425421,22794,103462,3.3695111519452543,0.19562360673343632
3796,0.3799,10,42,10,251065,425379,22804,103452,3.369178494487391,0.19562393278760135
3797,0.38,19,71,19,251136,425308,22823,103433,3.3686161449752885,0.1956212966272712
3798,0.3801,8,62,8,251198,425246,22831,103425,3.3681250792041566,0.1956320660675543
3799,0.3802,9,79,9,251277,425167,22840,103416,3.3674993663667467,0.19564760879559123
3800,0.3803,12,99,12,251376,425068,22852,103404,3.366715245216069,0.1956659955494331
3801,0.3804,23,195,23,251571,424873,22875,103381,3.3651707641617032,0.19570320338322095
3802,0.3805,8,71,8,251642,424802,22883,103373,3.364608414649601,0.19571732853694324
3803,0.3806,11,103,11,251745,424699,22894,103362,3.3637926118362693,0.1957387498792753
3804,0.3807,20,141,20,251886,424558,22914,103342,3.362675833227728,0.19576056071225612
3805,0.3808,4,35,4,251921,424523,22918,103338,3.3623986186795083,0.19576744635424856
3806,0.3809,12,63,12,251984,424460,22930,103326,3.361899632492713,0.1957725290174427
3807,0.381,16,152,16,252136,424308,22946,103310,3.360695729311874,0.19580454040612716
3808,0.3811,17,132,17,252268,424176,22963,103293,3.3596502344443038,0.19582762209722276
3809,0.3812,9,49,9,252317,424127,22972,103284,3.3592621340767965,0.19583209299768112
3810,0.3813,25,114,25,252431,424013,22997,103259,3.358359206691167,0.19583630460179946
3811,0.3814,12,72,12,252503,423941,23009,103247,3.3577889367634013,0.19584474608678498
3812,0.3815,11,77,11,252580,423864,23020,103236,3.3571790647573185,0.19585657370517928
3813,0.3816,18,186,18,252766,423678,23038,103218,3.3557058674439233,0.19589824177826365
3814,0.3817,15,111,15,252877,423567,23053,103203,3.3548267013052846,0.1959166239535281
3815,0.3818,6,52,6,252929,423515,23059,103197,3.354414839690787,0.1959268063002172
3816,0.3819,7,104,7,253033,423411,23066,103190,3.353591116461792,0.19595481208732987
3817,0.382,24,152,24,253185,423259,23090,103166,3.352387213280953,0.1959747352424372
3818,0.3821,17,153,17,253338,423106,23107,103149,3.3511753896844505,0.19600573866281557
3819,0.3822,8,48,8,253386,423058,23115,103141,3.3507952097326066,0.19601139492853464
3820,0.3823,31,254,31,253640,422804,23146,103110,3.3487834241540995,0.19605867118958614
3821,0.3824,24,127,24,253767,422677,23170,103086,3.347777531364846,0.19606933161899945
3822,0.3825,12,57,12,253824,422620,23182,103074,3.3473260676720313,0.1960722397440336
3823,0.3826,5,40,5,253864,422580,23187,103069,3.347009251045495,0.19607951313519098
3824,0.3827,31,210,31,254074,422370,23218,103038,3.345345963756178,0.1961104513064133
3825,0.3828,3,35,3,254109,422335,23221,103035,3.3450687492079583,0.19611892570949996
3826,0.3829,18,163,18,254272,422172,23239,103017,3.343777721454822,0.19615224233561632
3827,0.383,2,32,2,254304,422140,23241,103015,3.3435242681535926,0.19616113337966887
3828,0.3831,14,98,14,254402,422042,23255,103001,3.342748067418578,0.19617631317815873
3829,0.3832,15,115,15,254517,421927,23270,102986,3.3418372196172856,0.196196322057179
3830,0.3833,20,130,20,254647,421797,23290,102966,3.340807565581042,0.19621429102280458
3831,0.3834,30,221,30,254868,421576,23320,102936,3.3390571537194274,0.19625099139771826
3832,0.3835,8,115,8,254983,421461,23328,102928,3.3381463059181344,0.1962817679241937
3833,0.3836,15,121,15,255104,421340,23343,102913,3.3371879356228615,0.19630407455942073
3834,0.3837,12,85,12,255189,421255,23355,102901,3.3365147002914712,0.19631750852799548
3835,0.3838,8,89,8,255278,421166,23363,102893,3.3358097832974276,0.19633858019803113
3836,0.3839,18,108,18,255386,421058,23381,102875,3.334954378405779,0.19635144188283615
3837,0.384,9,105,9,255491,420953,23390,102866,3.33412273476112,0.19637699281622087
3838,0.3841,17,90,17,255581,420863,23407,102849,3.333409897351413,0.19638465416106562
3839,0.3842,6,67,6,255648,420796,23413,102843,3.3328792295019642,0.19640057367766725
3840,0.3843,9,81,9,255729,420715,23422,102834,3.3322376758332277,0.19641714529108067
3841,0.3844,15,127,15,255856,420588,23437,102819,3.331231783043974,0.196441774756547
3842,0.3845,21,148,21,256004,420440,23458,102798,3.330059561525789,0.19646508854479225
3843,0.3846,15,122,15,256126,420318,23473,102783,3.329093270814852,0.19648786754374395
3844,0.3847,13,100,13,256226,420218,23486,102770,3.328301229248511,0.19650546475253736
3845,0.3848,13,141,13,256367,420077,23499,102757,3.3271844506399697,0.1965384806649912
3846,0.3849,11,117,11,256484,419960,23510,102746,3.32625776200735,0.19656556458123686
3847,0.385,16,113,16,256597,419847,23526,102730,3.3253627550373843,0.19658346999580922
3848,0.3851,23,135,23,256732,419712,23549,102707,3.3242934989228234,0.19659889858523522
3849,0.3852,9,99,9,256831,419613,23558,102698,3.3235093777721456,0.19662231888664033
3850,0.3853,12,135,12,256966,419478,23570,102686,3.3224401216575847,0.1966546908634069
3851,0.3854,37,287,37,257253,419191,23607,102649,3.3201669623621846,0.19670588686187337
3852,0.3855,8,79,8,257332,419112,23615,102641,3.319541249524775,0.1967233537708456
3853,0.3856,20,108,20,257440,419004,23635,102621,3.3186858446331264,0.1967332854061826
3854,0.3857,15,79,15,257519,418925,23650,102606,3.3180601317957166,0.19673998285816183
3855,0.3858,27,239,27,257758,418686,23677,102579,3.3161671524521608,0.1967885816235504
3856,0.3859,14,86,14,257844,418600,23691,102565,3.315485996705107,0.1967994780923508
3857,0.386,24,124,24,257968,418476,23715,102541,3.314503865162844,0.19680931716239586
3858,0.3861,12,87,12,258055,418389,23727,102529,3.313814789000127,0.1968236843418734
3859,0.3862,26,193,26,258248,418196,23753,102503,3.312286148777088,0.1968565332370525
3860,0.3863,11,99,11,258347,418097,23764,102492,3.31150202762641,0.19687699893774166
3861,0.3864,6,78,6,258425,418019,23770,102486,3.3108842352046635,0.19689724402263187
3862,0.3865,7,57,7,258482,417962,23777,102479,3.310432771511849,0.19690800686341006
3863,0.3866,13,86,13,258568,417876,23790,102466,3.3097516157647955,0.1969204869105319
3864,0.3867,8,60,8,258628,417816,23798,102458,3.3092763908249907,0.19693084797625868
3865,0.3868,15,100,15,258728,417716,23813,102443,3.308484349258649,0.1969455493416436
3866,0.3869,12,123,12,258851,417593,23825,102431,3.307510138132049,0.1969736012184053
3867,0.387,10,47,10,258898,417546,23835,102421,3.3071378785958685,0.19697596193604594
3868,0.3871,17,89,17,258987,417457,23852,102404,3.306432961601825,0.19698342441537256
3869,0.3872,13,135,13,259122,417322,23865,102391,3.305363705487264,0.19701450608316512
3870,0.3873,19,137,19,259259,417185,23884,102372,3.3042786085413764,0.19703709121424598
3871,0.3874,11,139,11,259398,417046,23895,102361,3.303177670764162,0.19707281573024624
3872,0.3875,19,122,19,259520,416924,23914,102342,3.302211380053225,0.19708973820739276
3873,0.3876,18,104,18,259624,416820,23932,102324,3.30138765682423,0.19710138227543803
3874,0.3877,6,81,6,259705,416739,23938,102318,3.3007461031554937,0.19712285933914772
3875,0.3878,21,200,21,259905,416539,23959,102297,3.299162020022811,0.19716634928956356
3876,0.3879,5,58,5,259963,416481,23964,102292,3.2987026359143328,0.1971806551227608
3877,0.388,14,100,14,260063,416381,23978,102278,3.297910594347991,0.19719700226931375
3878,0.3881,7,50,7,260113,416331,23985,102271,3.2975145735648206,0.19720517853768402
3879,0.3882,13,67,13,260180,416264,23998,102258,3.296983905715372,0.1972105330149926
3880,0.3883,26,189,26,260369,416075,24024,102232,3.295486947154987,0.1972421750043893
3881,0.3884,14,116,14,260485,415959,24038,102218,3.2945681789380306,0.19726464123262902
3882,0.3885,13,105,13,260590,415854,24051,102205,3.2937365352933723,0.19728447918094272
3883,0.3886,9,59,9,260649,415795,24060,102196,3.293269230769231,0.19729300316028656
3884,0.3887,11,90,11,260739,415705,24071,102185,3.2925563933595234,0.19731023962617544
3885,0.3888,30,179,30,260918,415526,24101,102155,3.2911386389557724,0.19733194766661322
3886,0.3889,42,273,42,261191,415253,24143,102113,3.28897636547966,0.19737091343458982
3887,0.389,7,89,7,261280,415164,24150,102106,3.2882714484856166,0.19739401086473216
3888,0.3891,16,143,16,261423,415021,24166,102090,3.287138829045748,0.1974237639500997
3889,0.3892,14,117,14,261540,414904,24180,102076,3.286212140413129,0.1974467097373206
3890,0.3893,6,66,6,261606,414838,24186,102070,3.2856893929793434,0.1974626045640617
3891,0.3894,2,19,2,261625,414819,24188,102068,3.2855389050817387,0.19746675772460906
3892,0.3895,26,292,26,261917,414527,24214,102042,3.283226143708022,0.19753798621287766
3893,0.3896,22,213,22,262130,414314,24236,102020,3.2815390951717145,0.1975852839441137
3894,0.3897,14,158,14,262288,414156,24250,102006,3.280287669496895,0.19762400176688713
3895,0.3898,3,28,3,262316,414128,24253,102003,3.2800658978583197,0.19763005903539993
3896,0.3899,11,70,11,262386,414058,24264,101992,3.2795114687618807,0.19763976358879953
3897,0.39,13,81,13,262467,413977,24277,101979,3.278869915093144,0.19765057485522022
3898,0.3901,13,80,13,262547,413897,24290,101966,3.278236281840071,0.19766100689524158
3899,0.3902,23,186,23,262733,413711,24313,101943,3.2767630845266758,0.19769651743223168
3900,0.3903,25,153,25,262886,413558,24338,101918,3.2755512609301736,0.19771628553026718
3901,0.3904,11,144,11,263030,413414,24349,101907,3.274410721074642,0.1977544093875468
3902,0.3905,4,59,4,263089,413355,24353,101903,3.2739434165505004,0.1977708254893665
3903,0.3906,10,63,10,263152,413292,24363,101893,3.2734444303637056,0.19777943845414753
3904,0.3907,18,136,18,263288,413156,24381,101875,3.2723672538334814,0.19780362735446994
3905,0.3908,15,166,15,263454,412990,24396,101860,3.2710524648333545,0.19784403224240069
3906,0.3909,7,50,7,263504,412940,24403,101853,3.270656444050184,0.19785234064954263
3907,0.391,9,48,9,263552,412892,24412,101844,3.27027626409834,0.19785676540984115
3908,0.3911,25,151,25,263703,412741,24437,101819,3.2690802813331645,0.19787585509950248
3909,0.3912,15,137,15,263840,412604,24452,101804,3.2679951843872765,0.197905164771932
3910,0.3913,18,117,18,263957,412487,24470,101786,3.2670684957546574,0.19792211529673928
3911,0.3914,9,55,9,264012,412432,24479,101777,3.2666328728931693,0.19792924666818357
3912,0.3915,10,67,10,264079,412365,24489,101767,3.2661022050437207,0.1979394396769701
3913,0.3916,9,134,9,264213,412231,24498,101758,3.265040869344823,0.19797699950777156
3914,0.3917,16,168,16,264381,412063,24514,101742,3.2637102395133697,0.1980167573301155
3915,0.3918,9,48,9,264429,412015,24523,101733,3.2633300595615258,0.19802120884168892
3916,0.3919,16,114,16,264543,411901,24539,101717,3.2624271321758966,0.1980401777196282
3917,0.392,6,59,6,264602,411842,24545,101711,3.261959827651755,0.1980535601972922
3918,0.3921,25,163,25,264765,411679,24570,101686,3.260668799898619,0.19807739132975563
3919,0.3922,12,71,12,264836,411608,24582,101674,3.2601064503865165,0.1980860423704708
3920,0.3923,15,136,15,264972,411472,24597,101659,3.259029273856292,0.1981151012119712
3921,0.3924,21,189,21,265161,411283,24618,101638,3.2575323152959066,0.19815527147455456
3922,0.3925,10,103,10,265264,411180,24628,101628,3.256716512482575,0.19817943557822812
3923,0.3926,14,151,14,265415,411029,24642,101614,3.2555205297173995,0.19821591243809045
3924,0.3927,13,75,13,265490,410954,24655,101601,3.2549264985426434,0.19822458077669713
3925,0.3928,29,177,29,265667,410777,24684,101572,3.2535245849702195,0.1982476788282987
3926,0.3929,10,77,10,265744,410700,24694,101562,3.2529147129641363,0.1982618269557375
3927,0.393,27,164,27,265908,410536,24721,101535,3.2516157647953365,0.1982830505925936
3928,0.3931,8,48,8,265956,410488,24729,101527,3.2512355848434926,0.1982891126236536
3929,0.3932,20,100,20,266056,410388,24749,101507,3.250443543277151,0.1982965256546753
3930,0.3933,13,87,13,266143,410301,24762,101494,3.249754467114434,0.19830987016285817
3931,0.3934,18,92,18,266235,410209,24780,101476,3.2490257888734,0.19831732413496586
3932,0.3935,16,183,16,266418,410026,24796,101460,3.247576352806995,0.19836320055680898
3933,0.3936,13,70,13,266488,409956,24809,101447,3.247021923710556,0.19836997436464002
3934,0.3937,10,108,10,266596,409848,24819,101437,3.2461665188189075,0.19839619781530848
3935,0.3938,13,93,13,266689,409755,24832,101424,3.24542992016221,0.19841190659240696
3936,0.3939,17,88,17,266777,409667,24849,101407,3.24473292358383,0.1984194069743325
3937,0.394,3,28,3,266805,409639,24852,101404,3.2445111519452543,0.1984255727991578
3938,0.3941,16,121,16,266926,409518,24868,101388,3.243552781649981,0.1984474639170415
3939,0.3942,20,115,20,267041,409403,24888,101368,3.2426419338486885,0.19846075834375876
3940,0.3943,11,44,11,267085,409359,24899,101357,3.2422934355594983,0.1984605925798291
3941,0.3944,14,50,14,267135,409309,24913,101343,3.2418974147763273,0.19845804970899947
3942,0.3945,20,108,20,267243,409201,24933,101323,3.2410420098846786,0.19846863222884722
3943,0.3946,22,181,22,267424,409020,24955,101301,3.239608414649601,0.19850447071549085
3944,0.3947,26,153,26,267577,408867,24981,101275,3.2383965910530983,0.1985231562976583
3945,0.3948,17,90,17,267667,408777,24998,101258,3.2376837536433913,0.19853147333026164
3946,0.3949,11,63,11,267730,408714,25009,101247,3.237184767456596,0.1985387117838423
3947,0.395,12,75,12,267805,408639,25021,101235,3.23659073628184,0.19854905329552006
3948,0.3951,7,50,7,267855,408589,25028,101228,3.2361947154986694,0.19855752162050305
3949,0.3952,4,42,4,267897,408547,25032,101224,3.235862058040806,0.1985675921148908
3950,0.3953,4,25,4,267922,408522,25036,101220,3.2356640476492204,0.1985710418211566
3951,0.3954,21,77,21,267999,408445,25057,101199,3.2350541756431377,0.19856802002966778
3952,0.3955,12,107,12,268106,408338,25069,101187,3.2342066911671523,0.19859084441391492
3953,0.3956,12,81,12,268187,408257,25081,101175,3.233565137498416,0.19860354276920178
3954,0.3957,4,48,4,268235,408209,25085,101171,3.233184957546572,0.19861596450586988
3955,0.3958,6,68,6,268303,408141,25091,101165,3.23264636928146,0.198633041825543
3956,0.3959,10,57,10,268360,408084,25101,101155,3.232194905588645,0.1986395386056449
3957,0.396,13,101,13,268461,407983,25114,101142,3.2313949436066403,0.19865848269089123
3958,0.3961,8,49,8,268510,407934,25122,101134,3.231006843239133,0.19866501135408235
3959,0.3962,23,166,23,268676,407768,25145,101111,3.2296920542390066,0.1986935990677548
3960,0.3963,16,119,16,268795,407649,25161,101095,3.2287495247750604,0.19871487427861556
3961,0.3964,40,246,40,269041,407403,25201,101055,3.2268011025218604,0.1987479791841214
3962,0.3965,16,122,16,269163,407281,25217,101039,3.2258348118109237,0.19877045955303746
3963,0.3966,10,66,10,269229,407215,25227,101029,3.2253120643771385,0.19878050700057454
3964,0.3967,9,90,9,269319,407125,25236,101020,3.224599226967431,0.19880152318727923
3965,0.3968,10,92,10,269411,407033,25246,101010,3.223870548726397,0.19882175327678955
3966,0.3969,33,163,33,269574,406870,25279,100977,3.2225795209732606,0.19883350694205146
3967,0.397,26,258,26,269832,406612,25305,100951,3.2205360537320997,0.19889353636888427
3968,0.3971,14,81,14,269913,406531,25319,100937,3.219894500063363,0.1989031820725642
3969,0.3972,25,159,25,270072,406372,25344,100912,3.2186351539728806,0.19892604537103475
3970,0.3973,19,80,19,270152,406292,25363,100893,3.2180015207198074,0.19892741307412481
3971,0.3974,13,143,13,270295,406149,25376,100880,3.216868901279939,0.19896297844896446
3972,0.3975,5,41,5,270336,406108,25381,100875,3.2165441642377393,0.1989711686585152
3973,0.3976,15,94,15,270430,406014,25396,100860,3.215799645165378,0.19898436297778146
3974,0.3977,19,164,19,270594,405850,25415,100841,3.2145006969965784,0.199018731337245
3975,0.3978,12,102,12,270696,405748,25427,100829,3.21369281459891,0.19903983007519094
3976,0.3979,18,120,18,270816,405628,25445,100811,3.2127423647193005,0.19905852432375865
3977,0.398,15,135,15,270951,405493,25460,100796,3.2116731086047396,0.19908787273671757
3978,0.3981,23,151,23,271102,405342,25483,100773,3.210477125839564,0.19911087401084734
3979,0.3982,10,52,10,271154,405290,25493,100763,3.2100652642250664,0.19911550766421698
3980,0.3983,24,193,24,271347,405097,25517,100739,3.2085366240020274,0.19915348057473173
3981,0.3984,6,65,6,271412,405032,25523,100733,3.2080217969839055,0.19916957480252687
3982,0.3985,18,96,18,271508,404936,25541,100715,3.207261437080218,0.19917888029490696
3983,0.3986,16,121,16,271629,404815,25557,100699,3.206303066784945,0.19920120906641556
3984,0.3987,22,184,22,271813,404631,25579,100677,3.2048457103028767,0.1992388800493956
3985,0.3988,23,133,23,271946,404498,25602,100654,3.2037922950196425,0.1992548777397694
3986,0.3989,18,106,18,272052,404392,25620,100636,3.202952730959321,0.19926815938918238
3987,0.399,12,87,12,272139,404305,25632,100624,3.202263654796604,0.19928346361567667
3988,0.3991,10,113,10,272252,404192,25642,100614,3.201368647826638,0.1993122110276027
3989,0.3992,10,54,10,272306,404138,25652,100604,3.2009409453808138,0.19931767120627963
3990,0.3993,20,150,20,272456,403988,25672,100584,3.1997528830313016,0.19934518760454406
3991,0.3994,29,109,29,272565,403879,25701,100555,3.1988895577239895,0.19934223307707252
3992,0.3995,16,153,16,272718,403726,25717,100539,3.197677734127487,0.1993773115326267
3993,0.3996,13,120,13,272838,403606,25730,100526,3.1967272842478773,0.19940412431664722
3994,0.3997,15,88,15,272926,403518,25745,100511,3.196030287669497,0.19941511301929055
3995,0.3998,10,58,10,272984,403460,25755,100501,3.195570903561019,0.19942217750976762
3996,0.3999,17,100,17,273084,403360,25772,100484,3.1947788619946773,0.1994347456752487
3997,0.4,13,106,13,273190,403254,25785,100471,3.1939392979343557,0.19945605240954886
3998,0.4001,17,108,17,273298,403146,25802,100454,3.193083893042707,0.19947180301826847
3999,0.4002,12,79,12,273377,403067,25814,100442,3.192458180205297,0.199484021139642
4000,0.4003,6,73,6,273450,402994,25820,100436,3.191879989861868,0.19950340663051466
4001,0.4004,18,123,18,273573,402871,25838,100418,3.190905778735268,0.19952353419208446
4002,0.4005,19,117,19,273690,402754,25857,100399,3.1899790901026486,0.19953970263518253
4003,0.4006,6,90,6,273780,402664,25863,100393,3.189266252692941,0.1995658543664038
4004,0.4007,13,86,13,273866,402578,25876,100380,3.1885850969458875,0.1995792889267096
4005,0.4008,15,84,15,273950,402494,25891,100365,3.187919782030161,0.19958875151881542
4006,0.4009,10,146,10,274096,402348,25901,100355,3.1867634013433026,0.19963079591727123
4007,0.401,12,106,12,274202,402242,25913,100343,3.1859238372829806,0.19965378990618501
4008,0.4011,30,234,30,274436,402008,25943,100313,3.184070460017742,0.1996989972547435
4009,0.4012,24,128,24,274564,401880,25967,100289,3.1830566468128247,0.1997116508585755
4010,0.4013,26,122,26,274686,401758,25993,100263,3.182090356101888,0.19971873686558927
4011,0.4014,6,72,6,274758,401686,25999,100257,3.1815200861741224,0.19973781883600328
4012,0.4015,23,156,23,274914,401530,26022,100234,3.18028450133063,0.199763235305841
4013,0.4016,6,88,6,275002,401442,26028,100228,3.1795875047522495,0.19978870572288557
4014,0.4017,17,91,17,275093,401351,26045,100211,3.1788667469268788,0.1997978315741623
4015,0.4018,17,147,17,275240,401204,26062,100194,3.177702445824357,0.1998292773405558
4016,0.4019,27,193,27,275433,401011,26089,100167,3.176173805601318,0.19986312248342905
4017,0.402,12,121,12,275554,400890,26101,100155,3.1752154353060447,0.19989222524922912
4018,0.4021,21,111,21,275665,400779,26122,100134,3.174336269167406,0.1999029771636991
4019,0.4022,11,100,11,275765,400679,26133,100123,3.1735442276010644,0.19992531978706155
4020,0.4023,7,148,7,275913,400531,26140,100116,3.1723720060828793,0.1999732346343831
4021,0.4024,19,134,19,276047,400397,26159,100097,3.1713106703839817,0.19999640355328935
4022,0.4025,28,130,28,276177,400267,26187,100069,3.170281016347738,0.2000035975824246
4023,0.4026,24,207,24,276384,400060,26211,100045,3.1686414903054114,0.20004798992211636
4024,0.4027,10,161,10,276545,399899,26221,100035,3.1673663033836017,0.2000964127264799
4025,0.4028,21,160,21,276705,399739,26242,100014,3.1660990368774553,0.20012686267015906
4026,0.4029,13,67,13,276772,399672,26255,100001,3.1655683690280068,0.20013288690803785
4027,0.403,13,96,13,276868,399576,26268,99988,3.164808009124319,0.20015053126326157
4028,0.4031,6,89,6,276957,399487,26274,99982,3.164103092130275,0.20017658753596318
4029,0.4032,6,61,6,277018,399426,26280,99976,3.1636199467748067,0.20019142894902303
4030,0.4033,15,83,15,277101,399343,26295,99961,3.1629625522747435,0.20020067934564914
4031,0.4034,15,89,15,277190,399254,26310,99946,3.1622576352806995,0.20021233974358973
4032,0.4035,23,189,23,277379,399065,26333,99923,3.1607606767203142,0.20025130864870497
4033,0.4036,21,187,21,277566,398878,26354,99902,3.1592795589912557,0.2002927142227034
4034,0.4037,22,197,22,277763,398681,26376,99880,3.1577192371055633,0.20033656864455904
4035,0.4038,11,69,11,277832,398612,26387,99869,3.1571727284247877,0.20034665313221567
4036,0.4039,15,171,15,278003,398441,26402,99854,3.1558183373463438,0.20039133445047613
4037,0.404,23,123,23,278126,398318,26425,99831,3.154844126219744,0.20040389522010482
4038,0.4041,15,175,15,278301,398143,26440,99816,3.1534580534786465,0.20045023787098937
4039,0.4042,17,160,17,278461,397983,26457,99799,3.1521907869725,0.20048736193755498
4040,0.4043,14,94,14,278555,397889,26471,99785,3.1514462679001394,0.20050273874062138
4041,0.4044,19,93,19,278648,397796,26490,99766,3.150709669243442,0.20050968522515786
4042,0.4045,32,163,32,278811,397633,26522,99734,3.1494186414903056,0.20052395916898386
4043,0.4046,12,97,12,278908,397536,26534,99722,3.1486503611709544,0.20054378210104212
4044,0.4047,17,104,17,279012,397432,26551,99705,3.147826637941959,0.20055839738341744
4045,0.4048,10,71,10,279083,397361,26561,99695,3.1472642884298567,0.2005709618232151
4046,0.4049,13,71,13,279154,397290,26574,99682,3.1467019389177544,0.2005787046352712
4047,0.405,31,253,31,279407,397037,26605,99651,3.1446980737549106,0.20063097960892956
4048,0.4051,31,134,31,279541,396903,26636,99620,3.143636738056013,0.20063521730111195
4049,0.4052,26,133,26,279674,396770,26662,99594,3.1425833227727793,0.20064710575303607
4050,0.4053,7,52,7,279726,396718,26669,99587,3.1421714611582816,0.20065685415218465
4051,0.4054,31,247,31,279973,396471,26700,99556,3.1402151184894183,0.20070681636281895
4052,0.4055,25,179,25,280152,396292,26725,99531,3.1387973640856672,0.200738973383647
4053,0.4056,14,123,14,280275,396169,26739,99517,3.137823152959067,0.20076621086736363
4054,0.4057,22,172,22,280447,395997,26761,99495,3.13646084146496,0.20080041655566588
4055,0.4058,50,251,50,280698,395746,26811,99445,3.1344728171334433,0.20082150119852743
4056,0.4059,12,129,12,280827,395617,26823,99433,3.133451083512863,0.20085445914554084
4057,0.406,17,102,17,280929,395515,26840,99416,3.1326432011151946,0.20086840387852045
4058,0.4061,19,125,19,281054,395390,26859,99397,3.131653149157268,0.20088846311645214
4059,0.4062,19,119,19,281173,395271,26878,99378,3.1307106196933217,0.20090609705063592
4060,0.4063,28,154,28,281327,395117,26906,99350,3.1294908756811557,0.20092341854967066
4061,0.4064,15,67,15,281394,395050,26921,99335,3.128960207831707,0.2009264035114334
4062,0.4065,30,171,30,281565,394879,26951,99305,3.127605816753263,0.20094742039402327
4063,0.4066,8,94,8,281659,394785,26959,99297,3.1268612976809025,0.20097271303144013
4064,0.4067,17,134,17,281793,394651,26976,99280,3.125799961982005,0.20099973478076896
4065,0.4068,29,184,29,281977,394467,27005,99251,3.124342605499937,0.20102771217577645
4066,0.4069,11,64,11,282041,394403,27016,99240,3.1238356988974783,0.20103597133961182
4067,0.407,18,130,18,282171,394273,27034,99222,3.1228060448612345,0.20105978783979575
4068,0.4071,28,193,28,282364,394080,27062,99194,3.1212774046381955,0.20109310444093953
4069,0.4072,15,74,15,282438,394006,27077,99179,3.1206912938791027,0.20109897908492758
4070,0.4073,15,97,15,282535,393909,27092,99164,3.1199230135597515,0.20111423663433203
4071,0.4074,4,64,4,282599,393845,27096,99160,3.119416106957293,0.2011338627397288
4072,0.4075,4,52,4,282651,393793,27100,99156,3.1190042453427957,0.2011485975222589
4073,0.4076,15,105,15,282756,393688,27115,99141,3.118172601698137,0.20116713910910275
4074,0.4077,44,267,44,283023,393421,27159,99097,3.1160578507160057,0.20120482906208503
4075,0.4078,14,134,14,283157,393287,27173,99083,3.114996515017108,0.20123687470804477
4076,0.4079,24,135,24,283292,393152,27197,99059,3.1139272589025473,0.20125312112082014
4077,0.408,3,38,3,283330,393114,27200,99056,3.1136262831073376,0.20126379096653596
4078,0.4081,16,177,16,283507,392937,27216,99040,3.112224369534913,0.20131022385192804
4079,0.4082,5,45,5,283552,392892,27221,99035,3.1118679508300597,0.20132052113423332
4080,0.4083,45,341,45,283893,392551,27266,98990,3.109167089088835,0.201387066389172
4081,0.4084,22,136,22,284029,392415,27288,98968,3.108089912558611,0.20140704908391213
4082,0.4085,11,105,11,284134,392310,27299,98957,3.1072582689139527,0.2014322150683844
4083,0.4086,10,68,10,284202,392242,27309,98947,3.1067196806488404,0.20144384340854538
4084,0.4087,13,118,13,284320,392124,27322,98934,3.1057850716005575,0.20147110931906212
4085,0.4088,30,195,30,284515,391929,27352,98904,3.104240590546192,0.20150234397442715
4086,0.4089,16,154,16,284669,391775,27368,98888,3.1030208465340263,0.20153954954826428
4087,0.409,9,62,9,284731,391713,27377,98879,3.1025297807628944,0.20155037179570803
4088,0.4091,14,95,14,284826,391618,27391,98865,3.10177734127487,0.20156661902655137
4089,0.4092,11,74,11,284900,391544,27402,98854,3.1011912305157776,0.20157912552661308
4090,0.4093,19,111,19,285011,391433,27421,98835,3.1003120643771385,0.20159382215441352
4091,0.4094,11,67,11,285078,391366,27432,98824,3.09978139652769,0.20160345988290254
4092,0.4095,4,60,4,285138,391306,27436,98820,3.099306171587885,0.20162162382734236
4093,0.4096,11,118,11,285256,391188,27447,98809,3.098371562539602,0.2016522550138062
4094,0.4097,47,212,47,285468,390976,27494,98762,3.096692434418958,0.20166292997480284
4095,0.4098,29,206,29,285674,390770,27523,98733,3.095060828792295,0.20170050030336892
4096,0.4099,10,66,10,285740,390704,27533,98723,3.0945380813585097,0.20171138903248084
4097,0.41,19,111,19,285851,390593,27552,98704,3.0936589152198706,0.20172614996617597
4098,0.4101,39,195,39,286046,390398,27591,98665,3.092114434165505,0.201742924735668
4099,0.4102,16,119,16,286165,390279,27607,98649,3.0911719047015587,0.20176590418221088
4100,0.4103,12,82,12,286247,390197,27619,98637,3.090522430617159,0.20178015440824493
4101,0.4104,13,58,13,286305,390139,27632,98624,3.0900630465086807,0.2017828681794653
4102,0.4105,24,168,24,286473,389971,27656,98600,3.088732416677227,0.2018130425260607
4103,0.4106,8,61,8,286534,389910,27664,98592,3.088249271321759,0.201825171647199
4104,0.4107,11,109,11,286643,389801,27675,98581,3.087385946014447,0.20185223861649282
4105,0.4108,36,244,36,286887,389557,27711,98545,3.0854533645925737,0.2018942761963688
4106,0.4109,5,70,5,286957,389487,27716,98540,3.0848989354961347,0.20191505797834955
4107,0.411,19,137,19,287094,389350,27735,98521,3.083813838550247,0.20194067694124063
4108,0.4111,13,91,13,287185,389259,27748,98508,3.0830930807248764,0.20195708196741477
4109,0.4112,11,91,11,287276,389168,27759,98497,3.0823723228995057,0.20197676683789076
4110,0.4113,14,121,14,287397,389047,27773,98483,3.081413952604233,0.20200397924230304
4111,0.4114,24,123,24,287520,388924,27797,98459,3.0804397414776328,0.2020156632463586
4112,0.4115,12,117,12,287637,388807,27809,98447,3.079513052845013,0.20204451887516572
4113,0.4116,26,158,26,287795,388649,27835,98421,3.078261627170194,0.20206746463547334
4114,0.4117,7,59,7,287854,388590,27842,98414,3.0777943226460525,0.20208047572504537
4115,0.4118,7,55,7,287909,388535,27849,98407,3.0773586997845648,0.2020918302385089
4116,0.4119,14,94,14,288003,388441,27863,98393,3.0766141807122036,0.20210790536404605
4117,0.412,15,87,15,288090,388354,27878,98378,3.0759251045494866,0.2021194414996343
4118,0.4121,13,129,13,288219,388225,27891,98365,3.074903370928906,0.2021517088308432
4119,0.4122,12,129,12,288348,388096,27903,98353,3.0738816373083258,0.20218563508199214
4120,0.4123,39,230,39,288578,387866,27942,98314,3.072059941705741,0.2022172857789296
4121,0.4124,14,133,14,288711,387733,27956,98300,3.0710065264225066,0.20224964148524893
4122,0.4125,30,211,30,288922,387522,27986,98270,3.0693353187175263,0.20228822211975495
4123,0.4126,24,106,24,289028,387416,28010,98246,3.0684957546572043,0.2022929527119684
4124,0.4127,32,153,32,289181,387263,28042,98214,3.067283931060702,0.20230412563314018
4125,0.4128,31,156,31,289337,387107,28073,98183,3.0660483462172095,0.2023182014877702
4126,0.4129,15,72,15,289409,387035,28088,98168,3.065478076289444,0.20232356353938455
4127,0.413,13,108,13,289517,386927,28101,98155,3.064622671397795,0.20234723201438107
4128,0.4131,23,117,23,289634,386810,28124,98132,3.0636959827651755,0.20235822015828697
4129,0.4132,15,91,15,289725,386719,28139,98117,3.062975224939805,0.20237152356673185
4130,0.4133,13,76,13,289801,386643,28152,98104,3.0623732733493854,0.20238186105329173
4131,0.4134,26,218,26,290019,386425,28178,98078,3.0606466227347613,0.20243011911174957
4132,0.4135,10,88,10,290107,386337,28188,98068,3.0599496261563806,0.20245042887666312
4133,0.4136,13,52,13,290159,386285,28201,98055,3.0595377645418833,0.2024507577321716
4134,0.4137,18,144,18,290303,386141,28219,98037,3.0583972246863516,0.20248131885380996
4135,0.4138,6,67,6,290370,386074,28225,98031,3.057866556836903,0.20249945776226233
4136,0.4139,20,220,20,290590,385854,28245,98011,3.056124065390952,0.20255856488896695
4137,0.414,13,116,13,290706,385738,28258,97998,3.0552052971739956,0.20258570790679215
4138,0.4141,13,103,13,290809,385635,28271,97985,3.054389494360664,0.2026074190480129
4139,0.4142,37,260,37,291069,385375,28308,97948,3.0523301862881764,0.20265536711474522
4140,0.4143,49,274,49,291343,385101,28357,97899,3.050159992396401,0.20268944099378883
4141,0.4144,12,141,12,291484,384960,28369,97887,3.0490432137878596,0.2027288147177056
4142,0.4145,29,244,29,291728,384716,28398,97858,3.0471106323659867,0.20278340731162475
4143,0.4146,9,77,9,291805,384639,28407,97849,3.0465007603599035,0.2028008986752002
4144,0.4147,26,127,26,291932,384512,28433,97823,3.04549486757065,0.20281132407973712
4145,0.4148,9,121,9,292053,384391,28442,97814,3.0445364972753772,0.2028473367136384
4146,0.4149,14,85,14,292138,384306,28456,97800,3.043863261943987,0.2028599519607721
4147,0.415,7,59,7,292197,384247,28463,97793,3.0433959574198455,0.20287320554310845
4148,0.4151,3,43,3,292240,384204,28466,97790,3.0430553795463187,0.20288634298352262
4149,0.4152,18,109,18,292349,384095,28484,97772,3.0421920542390066,0.2029024606374788
4150,0.4153,25,209,25,292558,383886,28509,97747,3.040536687365353,0.20294913346884452
4151,0.4154,41,328,41,292886,383558,28550,97706,3.037938791027753,0.2030195485222248
4152,0.4155,13,64,13,292950,383494,28563,97693,3.0374318844252945,0.2030250193791603
4153,0.4156,21,178,21,293128,383316,28584,97672,3.036022050437207,0.20306535713988708
4154,0.4157,18,101,18,293229,383215,28602,97654,3.035222088455202,0.203078177216664
4155,0.4158,22,199,22,293428,383016,28624,97632,3.033645925738183,0.2031257801967344
4156,0.4159,18,128,18,293556,382888,28642,97614,3.032632112533266,0.20315003891763198
4157,0.416,25,184,25,293740,382704,28667,97589,3.0311747560511977,0.20318638830880317
4158,0.4161,25,131,25,293871,382573,28692,97564,3.03013718159929,0.2032003365706038
4159,0.4162,16,137,16,294008,382436,28708,97548,3.0290520846534026,0.20323177439247975
4160,0.4163,10,89,10,294097,382347,28718,97538,3.028347167659359,0.2032528626650135
4161,0.4164,18,110,18,294207,382237,28736,97520,3.027475921936383,0.2032695718874347
4162,0.4165,11,120,11,294327,382117,28747,97509,3.0265254720567736,0.2033021562634219
4163,0.4166,17,126,17,294453,381991,28764,97492,3.0255274996831836,0.20332733381579743
4164,0.4167,21,136,21,294589,381855,28785,97471,3.024450323152959,0.20335012079461579
4165,0.4168,35,182,35,294771,381673,28820,97436,3.023008807502218,0.20336917068975954
4166,0.4169,22,181,22,294952,381492,28842,97414,3.0215752122671398,0.20340943734261002
4167,0.417,9,58,9,295010,381434,28851,97405,3.0211158281586616,0.2034191032894146
4168,0.4171,9,68,9,295078,381366,28860,97396,3.0205772398935498,0.20343302099999583
4169,0.4172,18,117,18,295195,381249,28878,97378,3.01965055126093,0.20345279309357808
4170,0.4173,16,51,16,295246,381198,28894,97362,3.0192466100620963,0.20344784353059178
4171,0.4174,14,79,14,295325,381119,28908,97348,3.0186208972246864,0.2034581277287671
4172,0.4175,7,89,7,295414,381030,28915,97341,3.0179159802306423,0.20348432492772345
4173,0.4176,10,44,10,295458,380986,28925,97331,3.017567481941452,0.20348639082449504
4174,0.4177,29,227,29,295685,380759,28954,97302,3.0157695475858572,0.20353469536314403
4175,0.4178,11,107,11,295792,380652,28965,97291,3.014922063109872,0.20356193102524778
4176,0.4179,10,65,10,295857,380587,28975,97281,3.01440723609175,0.2035729532004654
4177,0.418,15,126,15,295983,380461,28990,97266,3.01340926371816,0.20360163859275276
4178,0.4181,33,170,33,296153,380291,29023,97233,3.0120627930553794,0.2036190851140466
4179,0.4182,7,47,7,296200,380244,29030,97226,3.0116905335191992,0.20362745303369845
4180,0.4183,33,223,33,296423,380021,29063,97193,3.0099242808262576,0.20366753699598084
4181,0.4184,26,175,26,296598,379846,29089,97167,3.0085382080851604,0.20369885097471138
4182,0.4185,18,127,18,296725,379719,29107,97149,3.0075323152959066,0.20372304285462645
4183,0.4186,23,100,23,296825,379619,29130,97126,3.0067402737295654,0.20372735948987405
4184,0.4187,8,115,8,296940,379504,29138,97118,3.0058294259282725,0.20376314983362076
4185,0.4188,15,111,15,297051,379393,29153,97103,3.004950259789634,0.20378555119035627
4186,0.4189,24,150,24,297201,379243,29177,97079,3.0037621974401216,0.20380960778632942
4187,0.419,9,51,9,297252,379192,29186,97070,3.0033582562412877,0.20381638677870584
4188,0.4191,11,118,11,297370,379074,29197,97059,3.002423647193005,0.2038485045144949
4189,0.4192,2,42,2,297412,379032,29199,97057,3.0020909897351413,0.20386314323582355
4190,0.4193,20,119,20,297531,378913,29219,97037,3.001148460271195,0.20388065973316524
4191,0.4194,13,85,13,297616,378828,29232,97024,3.000475224939805,0.20389532879971084
4192,0.4195,29,235,29,297851,378593,29261,96995,2.9986139272589027,0.2039475344205489
4193,0.4196,3,58,3,297909,378535,29264,96992,2.9981545431504246,0.2039673877613679
4194,0.4197,34,204,34,298113,378331,29298,96958,2.996538778355088,0.2039979885922039
4195,0.4198,23,180,23,298293,378151,29321,96935,2.9951131035356737,0.20403674282129972
4196,0.4199,15,90,15,298383,378061,29336,96920,2.9944002661259663,0.20405026727384884
4197,0.42,52,418,52,298801,377643,29388,96868,2.991089532378659,0.20414279121031967
4198,0.4201,7,89,7,298890,377554,29395,96861,2.9903846153846154,0.2041693454043401
4199,0.4202,16,180,16,299070,377374,29411,96845,2.988958940565201,0.20421999118550713
4200,0.4203,10,80,10,299150,377294,29421,96835,2.988325307312128,0.20423766527674958
4201,0.4204,25,128,25,299278,377166,29446,96810,2.9873114941072108,0.20425084814420982
4202,0.4205,8,140,8,299418,377026,29454,96802,2.9862026359143328,0.20429776205711778
4203,0.4206,18,46,18,299464,376980,29472,96784,2.985838296793816,0.204287366705786
4204,0.4207,16,70,16,299534,376910,29488,96768,2.985283867697377,0.20429067847778448
4205,0.4208,12,80,12,299614,376830,29500,96756,2.9846502344443038,0.20430502590870508
4206,0.4209,8,76,8,299690,376754,29508,96748,2.9840482828538843,0.20432437455385616
4207,0.421,36,215,36,299905,376539,29544,96712,2.9823453934862503,0.20435667330866708
4208,0.4211,21,94,21,299999,376445,29565,96691,2.981600874413889,0.2043619593520679
4209,0.4212,23,140,23,300139,376305,29588,96668,2.980492016221011,0.20438375974949943
4210,0.4213,10,69,10,300208,376236,29598,96658,2.979945507540236,0.20439675698993856
4211,0.4214,24,116,24,300324,376120,29622,96634,2.9790267393232797,0.20440652009290244
4212,0.4215,17,89,17,300413,376031,29639,96617,2.978321822329236,0.20441639444152943
4213,0.4216,24,168,24,300581,375863,29663,96593,2.976991192497782,0.2044486682357722
4214,0.4217,10,59,10,300640,375804,29673,96583,2.9765238879736406,0.20445736228981745
4215,0.4218,21,195,21,300835,375609,29694,96562,2.974979406919275,0.20450641822560048
4216,0.4219,10,83,10,300918,375526,29704,96552,2.974322012419212,0.20452552332453536
4217,0.422,6,34,6,300952,375492,29710,96546,2.974052718286656,0.20453014375961256
4218,0.4221,13,86,13,301038,375406,29723,96533,2.973371562539602,0.2045455027026798
4219,0.4222,20,113,20,301151,375293,29743,96513,2.9724765555696364,0.20456077286003146
4220,0.4223,7,40,7,301191,375253,29750,96506,2.9721597389430996,0.204566314580114
4221,0.4224,12,109,12,301300,375144,29762,96494,2.9712964136357876,0.20459335337695436
4222,0.4225,20,113,20,301413,375031,29782,96474,2.9704014066658218,0.20460864677999172
4223,0.4226,23,130,23,301543,374901,29805,96451,2.969371752629578,0.20462626656935792
4224,0.4227,24,98,24,301641,374803,29829,96427,2.9685955518945635,0.20462831313795812
4225,0.4228,19,121,19,301762,374682,29848,96408,2.96763718159929,0.20464879322422466
4226,0.4229,14,135,14,301897,374547,29862,96394,2.9665679254847293,0.2046838138960082
4227,0.423,15,85,15,301982,374462,29877,96379,2.9658946901533394,0.20469542796825255
4228,0.4231,5,54,5,302036,374408,29882,96374,2.965466987707515,0.20471046046790234
4229,0.4232,15,118,15,302154,374290,29897,96359,2.964532378659232,0.20473643840739064
4230,0.4233,30,166,30,302320,374124,29927,96329,2.9632175896591053,0.20475796732085882
4231,0.4234,33,251,33,302571,373873,29960,96296,2.961229565327588,0.20481146141068424
4232,0.4235,18,129,18,302700,373744,29978,96278,2.960207831707008,0.20483722038542876
4233,0.4236,17,96,17,302796,373648,29995,96261,2.9594474718033204,0.2048503008029214
4234,0.4237,14,86,14,302882,373562,30009,96247,2.9587663160562667,0.20486410434878854
4235,0.4238,21,164,21,303046,373398,30030,96226,2.9574673678874666,0.20490009028499395
4236,0.4239,15,86,15,303132,373312,30045,96211,2.956786212140413,0.2049122194226907
4237,0.424,13,109,13,303241,373203,30058,96198,2.955922886833101,0.20493778240779206
4238,0.4241,13,87,13,303328,373116,30071,96185,2.955233810670384,0.2049537503649044
4239,0.4242,13,92,13,303420,373024,30084,96172,2.95450513242935,0.20497190939394197
4240,0.4243,8,84,8,303504,372940,30092,96164,2.953839817513623,0.20499505440158258
4241,0.4244,22,155,22,303659,372785,30114,96142,2.952612153085794,0.20502551569860553
4242,0.4245,9,48,9,303707,372737,30123,96133,2.95223197313395,0.20503124533452768
4243,0.4246,24,157,24,303864,372580,30147,96109,2.950988467874794,0.20505921837295094
4244,0.4247,9,62,9,303926,372518,30156,96100,2.9504974021036623,0.20507108134984145
4245,0.4248,13,79,13,304005,372439,30169,96087,2.949871689266253,0.20508360261757086
4246,0.4249,12,90,12,304095,372349,30181,96075,2.9491588518565455,0.2051026420507916
4247,0.425,27,264,27,304359,372085,30208,96048,2.947067862121404,0.2051724616722171
4248,0.4251,20,54,20,304413,372031,30228,96028,2.94664015967558,0.20516216972646611
4249,0.4252,11,104,11,304517,371927,30239,96017,2.945816436446585,0.20518908245431078
4250,0.4253,14,101,14,304618,371826,30253,96003,2.94501647446458,0.20520959581385506
4251,0.4254,13,120,13,304738,371706,30266,95990,2.9440660245849704,0.20524015599876844
4252,0.4255,26,158,26,304896,371548,30292,95964,2.9428145989101506,0.2052653193928712
4253,0.4256,10,91,10,304987,371457,30302,95954,2.9420938410847803,0.20528827947994377
4254,0.4257,2,36,2,305023,371421,30304,95952,2.9418087061208973,0.2053006913107946
4255,0.4258,22,170,22,305193,371251,30326,95930,2.9404622354581167,0.20533797393301526
4256,0.4259,27,143,27,305336,371108,30353,95903,2.9393296160182487,0.20535490598722514
4257,0.426,27,138,27,305474,370970,30380,95876,2.9382365986566974,0.20536965080561898
4258,0.4261,12,72,12,305546,370898,30392,95864,2.9376663287289317,0.205380900758845
4259,0.4262,22,141,22,305687,370757,30414,95842,2.9365495501203904,0.20540549808293632
4260,0.4263,14,96,14,305783,370661,30428,95828,2.9357891902167026,0.20542392210748806
4261,0.4264,14,102,14,305885,370559,30442,95814,2.9349813078190343,0.20544499788795664
4262,0.4265,8,100,8,305985,370459,30450,95806,2.934189266252693,0.20547542706400868
4263,0.4266,13,81,13,306066,370378,30463,95793,2.933547712583956,0.2054889729305341
4264,0.4267,12,124,12,306190,370254,30475,95781,2.932565581041693,0.20552319031832372
4265,0.4268,27,188,27,306378,370066,30502,95754,2.9310765428969714,0.20556008758748015
4266,0.4269,11,49,11,306427,370017,30513,95743,2.930688442529464,0.20556295087598764
4267,0.427,11,55,11,306482,369962,30524,95732,2.930252819667976,0.20556846341159646
4268,0.4271,23,124,23,306606,369838,30547,95709,2.9292706881257127,0.20558396896553946
4269,0.4272,24,164,24,306770,369674,30571,95685,2.927971739956913,0.20561544957763792
4270,0.4273,12,72,12,306842,369602,30583,95673,2.9274014700291473,0.20562677986137232
4271,0.4274,22,195,22,307037,369407,30605,95651,2.925856988974781,0.20567542113026763
4272,0.4275,37,228,37,307265,369179,30642,95614,2.924051134203523,0.20571308087686346
4273,0.4276,10,65,10,307330,369114,30652,95604,2.923536307185401,0.20572476211379803
4274,0.4277,14,124,14,307454,368990,30666,95590,2.9225541756431377,0.20575573636402772
4275,0.4278,20,204,20,307658,368786,30686,95570,2.920938410847801,0.20581192016470123
4276,0.4279,39,300,39,307958,368486,30725,95531,2.918562286148777,0.20587823290957014
4277,0.428,13,96,13,308054,368390,30738,95518,2.9178019262450894,0.20589858333980013
4278,0.4281,1,33,1,308087,368357,30739,95517,2.9175405525281968,0.2059115190763009
4279,0.4282,48,231,48,308318,368126,30787,95469,2.915710936509948,0.20593190176770673
4280,0.4283,19,147,19,308465,367979,30806,95450,2.9145466354074263,0.2059646677268794
4281,0.4284,44,204,44,308669,367775,30850,95406,2.9129308706120898,0.20597995168195588
4282,0.4285,16,129,16,308798,367646,30866,95390,2.9119091369915093,0.2060098998781952
4283,0.4286,14,98,14,308896,367548,30880,95376,2.911132936256495,0.2060294994426731
4284,0.4287,21,191,21,309087,367357,30901,95355,2.9096201368647825,0.20607851103926417
4285,0.4288,32,153,32,309240,367204,30933,95323,2.9084083132682803,0.20609175248147676
4286,0.4289,17,90,17,309330,367114,30950,95306,2.907695475858573,0.20610267721984343
4287,0.429,51,240,51,309570,366874,31001,95255,2.9057945760993538,0.2061221001062474
4288,0.4291,29,184,29,309754,366690,31030,95226,2.9043372196172856,0.2061543657288338
4289,0.4292,25,151,25,309905,366539,31055,95201,2.90314123685211,0.2061788019231602
4290,0.4293,22,112,22,310017,366427,31077,95179,2.9022541502978076,0.20619099405120384
4291,0.4294,29,218,29,310235,366209,31106,95150,2.9005274996831836,0.2062385257467612
4292,0.4295,8,73,8,310308,366136,31114,95142,2.899949309339754,0.2062573979248956
4293,0.4296,29,163,29,310471,365973,31143,95113,2.8986582815866178,0.20628039020920175
4294,0.4297,18,85,18,310556,365888,31161,95095,2.8979850462552275,0.20628743359299584
4295,0.4298,13,93,13,310649,365795,31174,95082,2.89724844759853,0.2063066718451995
4296,0.4299,26,194,26,310843,365601,31200,95056,2.8957118869598277,0.2063487584037581
4297,0.43,16,117,16,310960,365484,31216,95040,2.894785198327208,0.20637360919300624
4298,0.4301,14,80,14,311040,365404,31230,95026,2.894151565074135,0.20638533544729926
4299,0.4302,32,278,32,311318,365126,31262,94994,2.891949689519706,0.20645483786838217
4300,0.4303,28,133,28,311451,364993,31290,94966,2.890896274236472,0.20646622851167168
4301,0.4304,13,72,13,311523,364921,31303,94953,2.8903260043087062,0.2064761217202973
4302,0.4305,7,56,7,311579,364865,31310,94946,2.8898824610315548,0.20648918794896165
4303,0.4306,29,158,29,311737,364707,31339,94917,2.8886310353567355,0.20651010391102292
4304,0.4307,52,318,52,312055,364389,31391,94865,2.88611234317577,0.20656325257918276
4305,0.4308,17,142,17,312197,364247,31408,94848,2.884987644151565,0.20659776299023078
4306,0.4309,13,130,13,312327,364117,31421,94835,2.8839579901153214,0.20663380920009064
4307,0.431,22,143,22,312470,363974,31443,94813,2.882825370675453,0.20666017127773892
4308,0.4311,15,115,15,312585,363859,31458,94798,2.8819145228741605,0.20668604207501468
4309,0.4312,13,72,13,312657,363787,31471,94785,2.881344252946395,0.20669600411712882
4310,0.4313,19,126,19,312783,363661,31490,94766,2.8803462805728044,0.20671993578039688
4311,0.4314,8,88,8,312871,363573,31498,94758,2.879649283994424,0.20674577979669714
4312,0.4315,13,127,13,312998,363446,31511,94745,2.8786433912051703,0.2067805784050756
4313,0.4316,23,155,23,313153,363291,31534,94722,2.8774157267773415,0.20681072371308237
4314,0.4317,24,166,24,313319,363125,31558,94698,2.8761009377772147,0.20684412971825356
4315,0.4318,23,151,23,313470,362974,31581,94675,2.874904955012039,0.20687251583637242
4316,0.4319,11,72,11,313542,362902,31592,94664,2.874334685084273,0.20688600114518998
4317,0.432,19,119,19,313661,362783,31611,94645,2.873392155620327,0.20690687933401541
4318,0.4321,14,93,14,313754,362690,31625,94631,2.8726555569636294,0.20692467654011076
4319,0.4322,20,131,20,313885,362559,31645,94611,2.8716179825117223,0.2069492748868036
4320,0.4323,27,209,27,314094,362350,31672,94584,2.8699626156380686,0.20699707178717278
4321,0.4324,12,138,12,314232,362212,31684,94572,2.8688695982765173,0.2070387754387194
4322,0.4325,40,288,40,314520,361924,31724,94532,2.8665885185654543,0.20709991762623342
4323,0.4326,17,122,17,314642,361802,31741,94515,2.8656222278545176,0.20712574810931875
4324,0.4327,26,113,26,314755,361689,31767,94489,2.8647272208845522,0.2071318651929729
4325,0.4328,7,91,7,314846,361598,31774,94482,2.8640064630591815,0.20716102438168743
4326,0.4329,15,64,15,314910,361534,31789,94467,2.863499556456723,0.20716401937715048
4327,0.433,7,87,7,314997,361447,31796,94460,2.862810480294006,0.2071913789435126
4328,0.4331,18,114,18,315111,361333,31814,94442,2.861907552908377,0.20721189183259284
4329,0.4332,11,98,11,315209,361235,31825,94431,2.861131352173362,0.20723731856228025
4330,0.4333,12,127,12,315336,361108,31837,94419,2.8601254593841086,0.20727421206646368
4331,0.4334,37,219,37,315555,360889,31874,94382,2.8583908883538207,0.20730949258793113
4332,0.4335,26,174,26,315729,360715,31900,94356,2.857012736028387,0.20734346948058655
4333,0.4336,25,131,25,315860,360584,31925,94331,2.8559751615764797,0.20735961663167846
4334,0.4337,19,90,19,315950,360494,31944,94312,2.8552623241667723,0.20736753692783297
4335,0.4338,10,70,10,316020,360424,31954,94302,2.8547078950703333,0.2073820278585346
4336,0.4339,21,154,21,316174,360270,31975,94281,2.8534881510581673,0.20741566952883175
4337,0.434,23,110,23,316284,360160,31998,94258,2.852616905335192,0.2074257621837163
4338,0.4341,26,166,26,316450,359994,32024,94232,2.851302116335065,0.20745620021751288
4339,0.4342,24,187,24,316637,359807,32048,94208,2.849820998606007,0.20749975221083003
4340,0.4343,4,33,4,316670,359774,32052,94204,2.849559624889114,0.2075078528034398
4341,0.4344,13,105,13,316775,359669,32065,94191,2.8487279812444557,0.207533160005288
4342,0.4345,16,89,16,316864,359580,32081,94175,2.848023064250412,0.20754592235898228
4343,0.4346,19,63,19,316927,359517,32100,94156,2.847524078063617,0.2075415552611683
4344,0.4347,27,260,27,317187,359257,32127,94129,2.8454647699911293,0.20761338021024028
4345,0.4348,7,101,7,317288,359156,32134,94122,2.8446648080091244,0.2076474040213732
4346,0.4349,30,203,30,317491,358953,32164,94092,2.843056963629451,0.20768797801542893
4347,0.435,30,186,30,317677,358767,32194,94062,2.8415837663160564,0.2077207952670876
4348,0.4351,15,102,15,317779,358665,32209,94047,2.840775883918388,0.2077413454911732
4349,0.4352,44,210,44,317989,358455,32253,94003,2.839112596629071,0.20776072033205292
4350,0.4353,8,54,8,318043,358401,32261,93995,2.8386848941832468,0.20777150991609122
4351,0.4354,16,121,16,318164,358280,32277,93979,2.837726523887974,0.20779907088637264
4352,0.4355,23,136,23,318300,358144,32300,93956,2.836649347357749,0.20782127847821277
4353,0.4356,11,92,11,318392,358052,32311,93945,2.835920669116715,0.20784429985154768
4354,0.4357,21,97,21,318489,357955,32332,93924,2.835152388797364,0.20785210200075685
4355,0.4358,7,66,7,318555,357889,32339,93917,2.8346296413635788,0.20787019207358912
4356,0.4359,17,118,17,318673,357771,32356,93900,2.833695032315296,0.20789468440524186
4357,0.436,14,58,14,318731,357713,32370,93886,2.8332356482068177,0.20789682882380164
4358,0.4361,10,61,10,318792,357652,32380,93876,2.8327525028513496,0.20790737230027817
4359,0.4362,13,69,13,318861,357583,32393,93863,2.832205994170574,0.2079163399387745
4360,0.4363,37,195,37,319056,357388,32430,93826,2.8306615131162083,0.20794124295788693
4361,0.4364,13,78,13,319134,357310,32443,93813,2.830043720694462,0.2079543716458704
4362,0.4365,9,53,9,319187,357257,32452,93804,2.829623938664301,0.20796300278676277
4363,0.4366,28,141,28,319328,357116,32480,93776,2.82850716005576,0.20797885081128076
4364,0.4367,3,66,3,319394,357050,32483,93773,2.827984412621974,0.20800402818844646
4365,0.4368,24,169,24,319563,356881,32507,93749,2.8266458623748574,0.20803985531367197
4366,0.4369,16,96,16,319659,356785,32523,93733,2.8258855024711695,0.2080560599132554
4367,0.437,12,87,12,319746,356698,32535,93721,2.8251964263084526,0.20807514780681988
4368,0.4371,10,80,10,319826,356618,32545,93711,2.8245627930553794,0.20809452644622042
4369,0.4372,4,30,4,319856,356588,32549,93707,2.824325180585477,0.20810135577787894
4370,0.4373,10,79,10,319935,356509,32559,93697,2.8236994677480673,0.20812028271502378
4371,0.4374,39,281,39,320216,356228,32598,93658,2.821473830946648,0.20818162823470834
4372,0.4375,3,41,3,320257,356187,32601,93655,2.821149093904448,0.20819532191302725
4373,0.4376,7,83,7,320340,356104,32608,93648,2.8204916994043847,0.20822141980469236
4374,0.4377,36,150,36,320490,355954,32644,93612,2.8193036370548725,0.2082274905130726
4375,0.4378,46,325,46,320815,355629,32690,93566,2.816729501964263,0.2082970647491624
4376,0.4379,9,62,9,320877,355567,32699,93557,2.8162384361931316,0.20830995448918338
4377,0.438,14,128,14,321005,355439,32713,93543,2.8152246229882145,0.2083446552423037
4378,0.4381,26,168,26,321173,355271,32739,93517,2.813893993156761,0.2083767836929686
4379,0.4382,20,106,20,321279,355165,32759,93497,2.813054429096439,0.2083907262036901
4380,0.4383,9,94,9,321373,355071,32768,93488,2.8123099100240783,0.2084185135065844
4381,0.4384,40,206,40,321579,354865,32808,93448,2.8106783043974146,0.20844365432186887
4382,0.4385,19,58,19,321637,354807,32827,93429,2.810218920288937,0.20843707332744357
4383,0.4386,16,52,16,321689,354755,32843,93413,2.8098070586744393,0.20843299833990825
4384,0.4387,24,149,24,321838,354606,32867,93389,2.8086269167405904,0.20845991584727508
4385,0.4388,16,106,16,321944,354500,32883,93373,2.807787352680269,0.2084809756337176
4386,0.4389,11,63,11,322007,354437,32894,93362,2.8072883664934736,0.2084908630881266
4387,0.439,40,334,40,322341,354103,32934,93322,2.8046429476618933,0.20857573895066212
4388,0.4391,15,132,15,322473,353971,32949,93307,2.803597452794323,0.2086107521496698
4389,0.4392,11,111,11,322584,353860,32960,93296,2.8027182866556837,0.20864306863823812
4390,0.4393,7,71,7,322655,353789,32967,93289,2.8021559371435814,0.2086638125785657
4391,0.4394,24,128,24,322783,353661,32991,93265,2.8011421239386642,0.20868107919431853
4392,0.4395,34,220,34,323003,353441,33025,93231,2.799399632492713,0.20872362718057097
4393,0.4396,31,229,31,323232,353212,33056,93200,2.7975858573057915,0.20877574975583094
4394,0.4397,15,69,15,323301,353143,33071,93185,2.797039348625016,0.20878143428151494
4395,0.4398,16,86,16,323387,353057,33087,93169,2.796358192877962,0.20879330204873764
4396,0.4399,40,218,40,323605,352839,33127,93129,2.794631542263338,0.20882439995694757
4397,0.44,23,141,23,323746,352698,33150,93106,2.793514763654797,0.2088496289849351
4398,0.4401,20,189,20,323935,352509,33170,93086,2.7920178050944116,0.20890270312727927
4399,0.4402,36,145,36,324080,352364,33206,93050,2.7908693448232165,0.2089067698815035
4400,0.4403,19,143,19,324223,352221,33225,93031,2.789736725383348,0.20894010582771105
4401,0.4404,19,172,19,324395,352049,33244,93012,2.788374413889241,0.20898708266956664
4402,0.4405,28,197,28,324592,351852,33272,92984,2.7868140920035485,0.2090298447068133
4403,0.4406,41,293,41,324885,351559,33313,92943,2.784493410214168,0.20909467223994493
4404,0.4407,25,160,25,325045,351399,33338,92918,2.783226143708022,0.20912546672758414
4405,0.4408,15,52,15,325097,351347,33353,92903,2.782814282093524,0.20912324141812041
4406,0.4409,7,59,7,325156,351288,33360,92896,2.7823469775693828,0.2091385551933433
4407,0.441,12,110,12,325266,351178,33372,92884,2.7814757318464074,0.20916898991582256
4408,0.4411,28,175,28,325441,351003,33400,92856,2.7800896591053097,0.2092015707690956
4409,0.4412,45,225,45,325666,350778,33445,92811,2.778307565581042,0.20922746055470268
4410,0.4413,18,161,18,325827,350617,33463,92793,2.777032378659232,0.20927132901829007
4411,0.4414,12,83,12,325910,350534,33475,92781,2.7763749841591685,0.20928910594047123
4412,0.4415,9,46,9,325956,350488,33484,92772,2.7760106450386517,0.20929477056355186
4413,0.4416,32,175,32,326131,350313,33516,92740,2.774624572297554,0.20932032962196395
4414,0.4417,34,158,34,326289,350155,33550,92706,2.7733731466227347,0.20933430579798176
4415,0.4418,12,118,12,326407,350037,33562,92694,2.772438537574452,0.20936866855946387
4416,0.4419,9,90,9,326497,349947,33571,92685,2.771725700164745,0.20939516347665782
4417,0.442,15,86,15,326583,349861,33586,92670,2.771044544417691,0.2094090583484547
4418,0.4421,8,75,8,326658,349786,33594,92662,2.770450513242935,0.20943026073120458
4419,0.4422,7,64,7,326722,349722,33601,92655,2.7699436066404766,0.20944804996643135
4420,0.4423,17,113,17,326835,349609,33618,92638,2.7690485996705108,0.20947117787118963
4421,0.4424,45,236,45,327071,349373,33663,92593,2.767179381573945,0.20950254091943724
4422,0.4425,32,131,32,327202,349242,33695,92561,2.766141807122038,0.2095074048840773
4423,0.4426,21,106,21,327308,349136,33716,92540,2.765302243061716,0.2095201007073058
4424,0.4427,36,233,36,327541,348903,33752,92504,2.7634567862121404,0.2095662279936657
4425,0.4428,10,68,10,327609,348835,33762,92494,2.762918197947028,0.20958060766457676
4426,0.4429,26,165,26,327774,348670,33788,92468,2.761611329362565,0.20961241153561924
4427,0.443,13,112,13,327886,348558,33801,92455,2.7607242428082626,0.20964234614399122
4428,0.4431,30,164,30,328050,348394,33831,92425,2.759425294639463,0.2096665524852604
4429,0.4432,16,67,16,328117,348327,33847,92409,2.758894626790014,0.20966973426268787
4430,0.4433,25,143,25,328260,348184,33872,92384,2.757762007350146,0.20969294183871728
4431,0.4434,39,210,39,328470,347974,33911,92345,2.756098720060829,0.20972295086062603
4432,0.4435,17,120,17,328590,347854,33928,92328,2.7551482701812193,0.20974960357306752
4433,0.4436,18,188,18,328778,347666,33946,92310,2.7536592320364974,0.20980689855810317
4434,0.4437,22,152,22,328930,347514,33968,92288,2.752455328855658,0.2098398824925762
4435,0.4438,8,50,8,328980,347464,33976,92280,2.7520593080724876,0.20984936690438072
4436,0.4439,24,148,24,329128,347316,34000,92256,2.7508870865543025,0.20987688023804973
4437,0.444,16,121,16,329249,347195,34016,92240,2.749928716259029,0.2099059018967538
4438,0.4441,15,138,15,329387,347057,34031,92225,2.7488356988974783,0.2099448645744647
4439,0.4442,14,108,14,329495,346949,34045,92211,2.7479802940058295,0.2099713088623736
4440,0.4443,19,75,19,329570,346874,34064,92192,2.7473862628310735,0.20997298811568194
4441,0.4444,22,104,22,329674,346770,34086,92170,2.7465625396020785,0.20998314120380918
4442,0.4445,22,101,22,329775,346669,34108,92148,2.7457625776200736,0.2099918644902089
4443,0.4446,40,194,40,329969,346475,34148,92108,2.7442260169813713,0.21001269999065172
4444,0.4447,24,120,24,330089,346355,34172,92084,2.7432755671017617,0.2100269364723485
4445,0.4448,31,317,31,330406,346038,34203,92053,2.7407647953364593,0.21012301097260616
4446,0.4449,14,106,14,330512,345932,34217,92039,2.7399252312761373,0.2101486171458841
4447,0.445,22,87,22,330599,345845,34239,92017,2.7392361551134203,0.21015068674605242
4448,0.4451,62,286,62,330885,345559,34301,91955,2.736970916233684,0.21017613150664893
4449,0.4452,19,144,19,331029,345415,34320,91936,2.735830376378152,0.21021102043896092
4450,0.4453,17,89,17,331118,345326,34337,91919,2.7351254593841086,0.2102231014648538
4451,0.4454,32,165,32,331283,345161,34369,91887,2.733818590799645,0.2102446413208618
4452,0.4455,20,131,20,331414,345030,34389,91867,2.732781016347738,0.21027152852960768
4453,0.4456,23,123,23,331537,344907,34412,91844,2.731806805221138,0.21028915789545988
4454,0.4457,34,250,34,331787,344657,34446,91810,2.7298267013052846,0.2103480904627383
4455,0.4458,19,135,19,331922,344522,34465,91791,2.7287574451907237,0.2103787877051566
4456,0.4459,21,110,21,332032,344412,34486,91770,2.727886199467748,0.2103938264302516
4457,0.446,16,69,16,332101,344343,34502,91754,2.7273396907869727,0.2103981453667418
4458,0.4461,22,149,22,332250,344194,34524,91732,2.726159548853124,0.21043021063207976
4459,0.4462,5,118,5,332368,344076,34529,91727,2.725224939804841,0.2104781288793331
4460,0.4463,56,305,56,332673,343771,34585,91671,2.7228092130275,0.21052401927237152
4461,0.4464,19,172,19,332845,343599,34604,91652,2.7214469015333926,0.21057274997645037
4462,0.4465,21,165,21,333010,343434,34625,91631,2.720140032948929,0.21061450587843195
4463,0.4466,27,141,27,333151,343293,34652,91604,2.719023254340388,0.21063378225188953
4464,0.4467,26,183,26,333334,343110,34678,91578,2.717573818273983,0.2106752429328622
4465,0.4468,35,194,35,333528,342916,34713,91543,2.7160372576352807,0.210705728273554
4466,0.4469,13,87,13,333615,342829,34726,91530,2.7153481814725637,0.21072430869396053
4467,0.447,21,99,21,333714,342730,34747,91509,2.714564060321886,0.21073418094643734
4468,0.4471,10,74,10,333788,342656,34757,91499,2.713977949562793,0.2107519203970932
4469,0.4472,36,246,36,334034,342410,34793,91463,2.712029527309593,0.21080592708004417
4470,0.4473,22,165,22,334199,342245,34815,91441,2.71072265872513,0.2108460960233902
4471,0.4474,21,118,21,334317,342127,34836,91420,2.709788049676847,0.21086525797664382
4472,0.4475,20,127,20,334444,342000,34856,91400,2.7087821568875934,0.21089063221042917
4473,0.4476,5,66,5,334510,341934,34861,91395,2.708259409453808,0.21091364759801445
4474,0.4477,31,187,31,334697,341747,34892,91364,2.7067782917247496,0.21094823267014692
4475,0.4478,11,82,11,334779,341665,34903,91353,2.7061288176403497,0.21096813527382233
4476,0.4479,34,230,34,335009,341435,34937,91319,2.7043071220377644,0.21101826903968537
4477,0.448,11,40,11,335049,341395,34948,91308,2.703990305411228,0.2110177188510364
4478,0.4481,23,175,23,335224,341220,34971,91285,2.7026042326701307,0.21106114380180577
4479,0.4482,10,90,10,335314,341130,34981,91275,2.7018913952604233,0.2110868283206716
4480,0.4483,18,141,18,335455,340989,34999,91257,2.700774616651882,0.2111228328313044
4481,0.4484,20,110,20,335565,340879,35019,91237,2.699903370928906,0.2111400642420091
4482,0.4485,5,63,5,335628,340816,35024,91232,2.6994043847421114,0.2111617227715439
4483,0.4486,12,82,12,335710,340734,35036,91220,2.698754910657711,0.21117989415539618
4484,0.4487,23,168,23,335878,340566,35059,91197,2.6974242808262576,0.21122004432987543
4485,0.4488,16,146,16,336024,340420,35075,91181,2.696267900139399,0.21126225379459268
4486,0.4489,16,106,16,336130,340314,35091,91165,2.6954283360790776,0.2112849061020351
4487,0.449,20,101,20,336231,340213,35111,91145,2.6946283740970727,0.2112978083169896
4488,0.4491,13,77,13,336308,340136,35124,91132,2.69401850209099,0.2113117597410427
4489,0.4492,18,99,18,336407,340037,35142,91114,2.6932343809403116,0.2113273539896695
4490,0.4493,14,87,14,336494,339950,35156,91100,2.6925453047775947,0.21134439160190233
4491,0.4494,20,108,20,336602,339842,35176,91080,2.691689899885946,0.21136075670306922
4492,0.4495,12,132,12,336734,339710,35188,91068,2.6906444050183755,0.2114035535705166
4493,0.4496,10,83,10,336817,339627,35198,91058,2.689987010518312,0.21142598418797962
4494,0.4497,31,104,31,336921,339523,35229,91027,2.689163287289317,0.2114202763906631
4495,0.4498,22,83,22,337004,339440,35251,91005,2.688505892789254,0.21142073900266004
4496,0.4499,27,110,27,337114,339330,35278,90978,2.687634647066278,0.21142530466549542
4497,0.45,42,273,42,337387,339057,35320,90936,2.685472373590166,0.21148251250601754
4498,0.4501,30,208,30,337595,338849,35350,90906,2.683824927132176,0.21152982513292456
4499,0.4502,16,103,16,337698,338746,35366,90890,2.6830091243188443,0.21155117355156458
4500,0.4503,15,101,15,337799,338645,35381,90875,2.6822091623368394,0.21157338424287578
4501,0.4504,12,164,12,337963,338481,35393,90863,2.6809102141680397,0.21163216441827531
4502,0.4505,20,97,20,338060,338384,35413,90843,2.6801419338486885,0.2116432563655129
4503,0.4506,19,124,19,338184,338260,35432,90824,2.679159802306425,0.21166950993278705
4504,0.4507,18,161,18,338345,338099,35450,90806,2.6778846153846154,0.21171588113918
4505,0.4508,10,41,10,338386,338058,35460,90796,2.6775598783424153,0.2117177407695859
4506,0.4509,19,87,19,338473,337971,35479,90777,2.6768708021796983,0.21172576898317894
4507,0.451,9,80,9,338553,337891,35488,90768,2.676237168926625,0.21174873267562327
4508,0.4511,14,114,14,338667,337777,35502,90754,2.675334241540996,0.21177931118168813
4509,0.4512,31,170,31,338837,337607,35533,90723,2.673987770878216,0.2118063175588915
4510,0.4513,29,143,29,338980,337464,35562,90694,2.6728551514383474,0.21182367256947202
4511,0.4514,37,209,37,339189,337255,35599,90657,2.6711997845646938,0.21185898035110023
4512,0.4515,12,88,12,339277,337167,35611,90645,2.6705027879863135,0.2118804521612297
4513,0.4516,25,149,25,339426,337018,35636,90620,2.669322646052465,0.21190820273221744
4514,0.4517,11,90,11,339516,336928,35647,90609,2.6686098086427577,0.21193253449409058
4515,0.4518,25,140,25,339656,336788,35672,90584,2.6675009504498797,0.21195586046816356
4516,0.4519,19,71,19,339727,336717,35691,90565,2.6669386009377773,0.21195603840086874
4517,0.452,34,174,34,339901,336543,35725,90531,2.665560448612343,0.21197965692128296
4518,0.4521,10,53,10,339954,336490,35735,90521,2.6651406665821824,0.211987513202236
4519,0.4522,6,84,6,340038,336406,35741,90515,2.6644753516664554,0.21201814855675874
4520,0.4523,6,81,6,340119,336325,35747,90509,2.663833797997719,0.21204730644700281
4521,0.4524,11,81,11,340200,336244,35758,90498,2.6631922443289824,0.21206724437716465
4522,0.4525,20,178,20,340378,336066,35778,90478,2.6617824103408947,0.21211879665403804
4523,0.4526,22,133,22,340511,335933,35800,90456,2.6607289950576605,0.21214430953894214
4524,0.4527,16,76,16,340587,335857,35816,90440,2.660127043467241,0.21215256030420107
4525,0.4528,33,231,33,340818,335626,35849,90407,2.6582974274489923,0.2122065661580206
4526,0.4529,19,131,19,340949,335495,35868,90388,2.6572598529970852,0.21223669411551999
4527,0.453,22,98,22,341047,335397,35890,90366,2.6564836522620707,0.2122448404393994
4528,0.4531,24,107,24,341154,335290,35914,90342,2.6556361677860854,0.21225377791143524
4529,0.4532,15,161,15,341315,335129,35929,90327,2.6543609808642756,0.21230632544846
4530,0.4533,18,146,18,341461,334983,35947,90309,2.653204600177417,0.21234587060184532
4531,0.4534,32,157,32,341618,334826,35979,90277,2.6519610949182613,0.21236500330508135
4532,0.4535,10,68,10,341686,334758,35989,90267,2.651422506653149,0.21238044820892887
4533,0.4536,23,170,23,341856,334588,36012,90244,2.650076035990369,0.21242279300994277
4534,0.4537,12,86,12,341942,334502,36024,90232,2.649394880243315,0.21244355290605413
4535,0.4538,36,197,36,342139,334305,36060,90196,2.647834558357623,0.21247535341495072
4536,0.4539,13,122,13,342261,334183,36073,90183,2.646868267646686,0.2125123124849776
4537,0.454,27,103,27,342364,334080,36100,90156,2.6460524648333545,0.21251378949452662
4538,0.4541,28,212,28,342576,333868,36128,90128,2.6443733367127105,0.21256804309474617
4539,0.4542,28,122,28,342698,333746,36156,90100,2.6434070460017742,0.21257720964690005
4540,0.4543,21,161,21,342859,333585,36177,90079,2.6421318590799645,0.21261896219645757
4541,0.4544,25,205,25,343064,333380,36202,90054,2.6405081738689646,0.21267541104398796
4542,0.4545,28,120,28,343184,333260,36230,90026,2.639557723989355,0.2126836228932684
4543,0.4546,22,107,22,343291,333153,36252,90004,2.6387102395133697,0.21269646963183877
4544,0.4547,14,88,14,343379,333065,36266,89990,2.6380132429349894,0.21271465885050408
4545,0.4548,39,234,39,343613,332831,36305,89951,2.6361598656697502,0.21275976744516087
4546,0.4549,17,121,17,343734,332710,36322,89934,2.6352014953744773,0.21278901392188224
4547,0.455,33,176,33,343910,332534,36355,89901,2.6338075022177163,0.21281617290234
4548,0.4551,44,250,44,344160,332284,36399,89857,2.631827398301863,0.21286015809883427
4549,0.4552,17,134,17,344294,332150,36416,89840,2.6307660626029654,0.21289604019052585
4550,0.4553,28,188,28,344482,331962,36444,89812,2.6292770244582435,0.21293868280169
4551,0.4554,28,165,28,344647,331797,36472,89784,2.6279701558737805,0.21296974958548892
4552,0.4555,22,81,22,344728,331716,36494,89762,2.627328602205044,0.21296959746416183
4553,0.4556,19,120,19,344848,331596,36513,89743,2.626378152325434,0.21299476193753722
4554,0.4557,37,171,37,345019,331425,36550,89706,2.6250237612469904,0.21301210312230637
4555,0.4558,30,146,30,345165,331279,36580,89676,2.6238673805601316,0.21302989630720623
4556,0.4559,23,143,23,345308,331136,36603,89653,2.6227347611202636,0.2130592767396486
4557,0.456,19,126,19,345434,331010,36622,89634,2.6217367887466736,0.21308755146870037
4558,0.4561,15,67,15,345501,330943,36637,89619,2.6212061208972246,0.2130934321217799
4559,0.4562,16,91,16,345592,330852,36653,89603,2.620485363071854,0.21310960744907304
4560,0.4563,11,84,11,345676,330768,36664,89592,2.6198200481561273,0.2131316014844419
4561,0.4564,38,273,38,345949,330495,36702,89554,2.617657774680015,0.21319893631457282
4562,0.4565,12,83,12,346032,330412,36714,89542,2.617000380179952,0.21321859060754272
4563,0.4566,10,96,10,346128,330316,36724,89532,2.616240020276264,0.21324860425677863
4564,0.4567,22,123,22,346251,330193,36746,89510,2.615265809149664,0.21326985987710356
4565,0.4568,7,58,7,346309,330135,36753,89503,2.614806425041186,0.21328621335532053
4566,0.4569,23,122,23,346431,330013,36776,89480,2.6138401343302498,0.21330510878608225
4567,0.457,30,233,30,346664,329780,36806,89450,2.6119946774806744,0.21336736397681463
4568,0.4571,23,115,23,346779,329665,36829,89427,2.6110838296793815,0.21338274173689786
4569,0.4572,9,35,9,346814,329630,36838,89418,2.610806615131162,0.21338366965120942
4570,0.4573,14,85,14,346899,329545,36852,89404,2.610133379799772,0.213400676454652
4571,0.4574,36,152,36,347051,329393,36888,89368,2.608929476618933,0.21341051339546901
4572,0.4575,39,260,39,347311,329133,36927,89329,2.6068701685464455,0.21346980132007207
4573,0.4576,48,286,48,347597,328847,36975,89281,2.604604929666709,0.21352552328473579
4574,0.4577,33,298,33,347895,328549,37008,89248,2.6022446457990114,0.2136157033200334
4575,0.4578,27,168,27,348063,328381,37035,89221,2.600914015967558,0.21365079669158674
4576,0.4579,9,91,9,348154,328290,37044,89212,2.600193258142187,0.21368041350700118
4577,0.458,25,152,25,348306,328138,37069,89187,2.5989893549613483,0.21371113640448092
4578,0.4581,18,127,18,348433,328011,37087,89169,2.597983462172095,0.2137422695239465
4579,0.4582,13,91,13,348524,327920,37100,89156,2.5972627043467242,0.2137643978555467
4580,0.4583,21,135,21,348659,327785,37121,89135,2.5961934482321634,0.21379401323995012
4581,0.4584,10,35,10,348694,327750,37131,89125,2.5959162336839436,0.21379310344827587
4582,0.4585,10,90,10,348784,327660,37141,89115,2.5952033962742367,0.2138204066942595
4583,0.4586,25,143,25,348927,327517,37166,89090,2.5940707768343683,0.21384662283639017
4584,0.4587,18,91,18,349018,327426,37184,89072,2.5933500190089975,0.21385937027308655
4585,0.4588,20,140,20,349158,327286,37204,89052,2.5922411608161195,0.21389351920795124
4586,0.4589,23,103,23,349261,327183,37227,89029,2.591425358002788,0.21390301096556563
4587,0.459,26,160,26,349421,327023,37253,89003,2.5901580914966416,0.2139361482215054
4588,0.4591,25,254,25,349675,326769,37278,88978,2.5881463059181344,0.21401958402586188
4589,0.4592,14,93,14,349768,326676,37292,88964,2.587409707261437,0.21404099701664903
4590,0.4593,14,56,14,349824,326620,37306,88950,2.586966163984286,0.21404336212912387
4591,0.4594,12,80,12,349904,326540,37318,88938,2.586332530731213,0.2140618757190513
4592,0.4595,17,83,17,349987,326457,37335,88921,2.585675136231149,0.2140724833765871
4593,0.4596,7,33,7,350020,326424,37342,88914,2.5854137625142566,0.21407624633431085
4594,0.4597,37,167,37,350187,326257,37379,88877,2.5840910530984664,0.21409231717951313
4595,0.4598,15,119,15,350306,326138,37394,88862,2.58314852363452,0.2141253012048193
4596,0.4599,10,75,10,350381,326063,37404,88852,2.582554492459764,0.21414506585686224
4597,0.46,3,51,3,350432,326012,37407,88849,2.58215055126093,0.21416570851441807
4598,0.4601,21,107,21,350539,325905,37428,88828,2.581303066784945,0.21418117198293843
4599,0.4602,11,101,11,350640,325804,37439,88817,2.58050310480294,0.21421249767860287
4600,0.4603,20,125,20,350765,325679,37459,88797,2.579513052845013,0.2142391839334485
4601,0.4604,20,127,20,350892,325552,37479,88777,2.57850716005576,0.21426692314561616
4602,0.4605,37,245,37,351137,325307,37516,88740,2.576566658218223,0.21432349467572523
4603,0.4606,30,136,30,351273,325171,37546,88710,2.575489481687999,0.21433697125502257
4604,0.4607,6,75,6,351348,325096,37552,88704,2.574895450513243,0.2143644272595457
4605,0.4608,16,102,16,351450,324994,37568,88688,2.5740875681155746,0.21438689621496707
4606,0.4609,26,207,26,351657,324787,37594,88662,2.572448042073248,0.21444482874550427
4607,0.461,14,83,14,351740,324704,37608,88648,2.5717906475731844,0.21446128239369835
4608,0.4611,28,238,28,351978,324466,37636,88620,2.569905588645292,0.21453159874699215
4609,0.4612,14,66,14,352044,324400,37650,88606,2.5693828412115067,0.21453925608828928
4610,0.4613,17,132,17,352176,324268,37667,88589,2.5683373463439363,0.21457550677353177
4611,0.4614,10,109,10,352285,324159,37677,88579,2.567474021036624,0.21461314441607024
4612,0.4615,43,365,43,352650,323794,37720,88536,2.564583069319478,0.21472121844153955
4613,0.4616,21,146,21,352796,323648,37741,88515,2.5634266886326196,0.21475726836227416
4614,0.4617,14,123,14,352919,323525,37755,88501,2.5624524775060196,0.21479469742200735
4615,0.4618,17,174,17,353093,323351,37772,88484,2.5610743251805856,0.2148530358031736
4616,0.4619,15,121,15,353214,323230,37787,88469,2.5601159548853123,0.2148875756317115
4617,0.462,15,85,15,353299,323145,37802,88454,2.559442719553922,0.21490334038712436
4618,0.4621,24,165,24,353464,322980,37826,88430,2.558135850969459,0.2149437300989281
4619,0.4622,29,164,29,353628,322816,37855,88401,2.556836902800659,0.2149740891062383
4620,0.4623,34,181,34,353809,322635,37889,88367,2.555403307565581,0.21500381993274972
4621,0.4624,18,97,18,353906,322538,37907,88349,2.55463502724623,0.21502018803223272
4622,0.4625,24,146,24,354052,322392,37931,88325,2.5534786465593715,0.21505075270806906
4623,0.4626,8,73,8,354125,322319,37939,88317,2.552900456215942,0.21507369056780215
4624,0.4627,21,136,21,354261,322183,37960,88296,2.551823279685718,0.21510479220617865
4625,0.4628,13,91,13,354352,322092,37973,88283,2.551102521860347,0.2151276271702711
4626,0.4629,12,93,12,354445,321999,37985,88271,2.5503659232036497,0.21515343554244765
4627,0.463,17,109,17,354554,321890,38002,88254,2.5495025978963377,0.2151780837949598
4628,0.4631,41,262,41,354816,321628,38043,88213,2.547427448992523,0.21523712854497232
4629,0.4632,9,68,9,354884,321560,38052,88204,2.546888860727411,0.2152556105465585
4630,0.4633,26,117,26,355001,321443,38078,88178,2.5459621720947916,0.2152672836597733
4631,0.4634,17,130,17,355131,321313,38095,88161,2.544932518058548,0.21530304732412803
4632,0.4635,34,192,34,355323,321121,38129,88127,2.543411798251172,0.21533886543122996
4633,0.4636,24,190,24,355513,320931,38153,88103,2.5419069192751236,0.21539285242791553
4634,0.4637,22,129,22,355642,320802,38175,88081,2.540885185654543,0.2154185916264555
4635,0.4638,22,154,22,355796,320648,38197,88059,2.539665441642377,0.2154575282537368
4636,0.4639,32,191,32,355987,320457,38229,88027,2.5381526422506653,0.21549681260465525
4637,0.464,28,214,28,356201,320243,38257,87999,2.5364576732986945,0.215555969253531
4638,0.4641,11,65,11,356266,320178,38268,87988,2.5359428462805726,0.2155691556866569
4639,0.4642,36,280,36,356546,319898,38304,87952,2.5337251298948167,0.21564790977074905
4640,0.4643,21,114,21,356660,319784,38325,87931,2.5328222025091875,0.2156678071692236
4641,0.4644,25,169,25,356829,319615,38350,87906,2.5314836522620707,0.21570912910009546
4642,0.4645,44,298,44,357127,319317,38394,87862,2.5291233683943735,0.21578224810218602
4643,0.4646,50,250,50,357377,319067,38444,87812,2.5271432644785197,0.21581846199975915
4644,0.4647,26,107,26,357484,318960,38470,87786,2.5262957800025347,0.21582510952781342
4645,0.4648,32,158,32,357642,318802,38502,87754,2.525044354327715,0.21584726335363394
4646,0.4649,21,95,21,357737,318707,38523,87733,2.524291914839691,0.21585719909457732
4647,0.465,36,243,36,357980,318464,38559,87697,2.5223672538334814,0.21591684085867427
4648,0.4651,20,146,20,358126,318318,38579,87677,2.521210873146623,0.21595586152538823
4649,0.4652,37,243,37,358369,318075,38616,87640,2.519286212140413,0.216013704201225
4650,0.4653,36,177,36,358546,317898,38652,87604,2.517884298567989,0.21603839191915206
4651,0.4654,36,203,36,358749,317695,38688,87568,2.516276454188316,0.21607696730271453
4652,0.4655,10,91,10,358840,317604,38698,87558,2.515555696362945,0.2161061501325396
4653,0.4656,15,94,15,358934,317510,38713,87543,2.5148111772905843,0.2161272722335102
4654,0.4657,21,88,21,359022,317422,38734,87522,2.5141141807122036,0.21613358884191394
4655,0.4658,26,185,26,359207,317237,38760,87496,2.512648903814472,0.21618202617528098
4656,0.4659,16,133,16,359340,317104,38776,87480,2.511595488531238,0.2162220947936646
4657,0.466,17,103,17,359443,317001,38793,87463,2.5107796857179063,0.2162442145654496
4658,0.4661,34,193,34,359636,316808,38827,87429,2.5092510454948678,0.21628153781073975
4659,0.4662,24,186,24,359822,316622,38851,87405,2.5077778481814725,0.21633455189875925
4660,0.4663,17,103,17,359925,316519,38868,87388,2.506962045368141,0.21635673558517182
4661,0.4664,42,198,42,360123,316321,38910,87346,2.505393803066785,0.21638132421030207
4662,0.4665,20,139,20,360262,316182,38930,87326,2.50429286528957,0.21641702271082605
4663,0.4666,28,116,28,360378,316066,38958,87298,2.5033740970726144,0.21642486686962645
4664,0.4667,12,111,12,360489,315955,38970,87286,2.5024949309339752,0.2164611237448573
4665,0.4668,38,226,38,360715,315729,39008,87248,2.500704916994044,0.21650863448782437
4666,0.4669,17,109,17,360824,315620,39025,87231,2.4998415916867316,0.21653415282573457
4667,0.467,11,107,11,360931,315513,39036,87220,2.498994107210746,0.21657028353772848
4668,0.4671,17,120,17,361051,315393,39053,87203,2.4980436573311366,0.21660175461256445
4669,0.4672,18,106,18,361157,315287,39071,87185,2.497204093270815,0.2166237651314874
4670,0.4673,9,98,9,361255,315189,39080,87176,2.4964278925358,0.21665900364097274
4671,0.4674,19,106,19,361361,315083,39099,87157,2.4955883284754785,0.2166790970564837
4672,0.4675,21,80,21,361441,315003,39120,87136,2.4949546952224053,0.21668129676554623
4673,0.4676,20,100,20,361541,314903,39140,87116,2.4941626536560637,0.21669622580027312
4674,0.4677,14,72,14,361613,314831,39154,87102,2.493592383728298,0.2167077597510033
4675,0.4678,24,173,24,361786,314658,39178,87078,2.4922221518185275,0.21675428639703687
4676,0.4679,19,152,19,361938,314506,39197,87059,2.4910182486376886,0.21679927284499395
4677,0.468,42,241,42,362179,314265,39239,87017,2.4891094284628057,0.2168475037504797
4678,0.4681,13,48,13,362227,314217,39252,87004,2.4887292485109618,0.2168480712624713
4679,0.4682,21,89,21,362316,314128,39273,86983,2.488024331516918,0.2168551847244279
4680,0.4683,13,74,13,362390,314054,39286,86970,2.4874382207578254,0.2168698132780083
4681,0.4684,29,166,29,362556,313888,39315,86941,2.4861234317576986,0.2169029685975815
4682,0.4685,30,145,30,362701,313743,39345,86911,2.4849749714865035,0.21692283117103536
4683,0.4686,17,169,17,362870,313574,39362,86894,2.4836364212393867,0.2169811320754717
4684,0.4687,43,347,43,363217,313227,39405,86851,2.480888037004182,0.21708516839216352
4685,0.4688,12,45,12,363262,313182,39417,86839,2.4805316182993282,0.21708610297959358
4686,0.4689,41,286,41,363548,312896,39458,86798,2.478266379419592,0.21716112826312128
4687,0.469,18,138,18,363686,312758,39476,86780,2.477173362058041,0.2172008670013866
4688,0.4691,24,129,24,363815,312629,39500,86756,2.4761516284374605,0.2172239818721284
4689,0.4692,5,32,5,363847,312597,39505,86751,2.4758981751362312,0.2172315874876048
4690,0.4693,30,126,30,363973,312471,39535,86721,2.4749002027626408,0.21724132748151265
4691,0.4694,19,151,19,364124,312320,39554,86702,2.4737042199974653,0.21728626491772385
4692,0.4695,17,95,17,364219,312225,39571,86685,2.472951780509441,0.21730465518538017
4693,0.4696,22,173,22,364392,312052,39593,86663,2.4715815485996706,0.2173557553641072
4694,0.4697,16,67,16,364459,311985,39609,86647,2.4710508807502216,0.21736087418972888
4695,0.4698,18,136,18,364595,311849,39627,86629,2.4699737042199974,0.21739970588087673
4696,0.4699,29,200,29,364795,311649,39656,86600,2.4683896210873146,0.21745189567330991
4697,0.47,17,105,17,364900,311544,39673,86583,2.4675579774426564,0.21747583057667527
4698,0.4701,27,139,27,365039,311405,39700,86556,2.4664570396654417,0.21749869962131968
4699,0.4702,28,154,28,365193,311251,39728,86528,2.4652372956532758,0.21752782323853195
4700,0.4703,19,141,19,365334,311110,39747,86509,2.4641205170447344,0.21756757096617615
4701,0.4704,31,118,31,365452,310992,39778,86478,2.4631859079964515,0.21757113744433543
4702,0.4705,18,83,18,365535,310909,39796,86460,2.4625285134963883,0.217581139948008
4703,0.4706,15,138,15,365673,310771,39811,86445,2.461435496134837,0.21762718520905502
4704,0.4707,26,156,26,365829,310615,39837,86419,2.4601999112913444,0.21766145972385237
4705,0.4708,22,122,22,365951,310493,39859,86397,2.459233620580408,0.21768500088185644
4706,0.4709,40,247,40,366198,310246,39899,86357,2.457277277911545,0.2177416711421749
4707,0.471,25,149,25,366347,310097,39924,86332,2.456097135977696,0.21777417898286958
4708,0.4711,14,106,14,366453,309991,39938,86318,2.4552575719173744,0.21780479373418216
4709,0.4712,23,164,23,366617,309827,39961,86295,2.453958623748574,0.21784955140083107
4710,0.4713,11,60,11,366677,309767,39972,86284,2.4534833988087694,0.2178608310545864
4711,0.4714,31,177,31,366854,309590,40003,86253,2.452081485236345,0.21789699451550235
4712,0.4715,23,120,23,366974,309470,40026,86230,2.4511310353567355,0.21791761435430881
4713,0.4716,20,109,20,367083,309361,40046,86210,2.4502677100494235,0.21793811983183803
4714,0.4717,30,140,30,367223,309221,40076,86180,2.4491588518565455,0.2179559485180867
4715,0.4718,16,106,16,367329,309115,40092,86164,2.4483192877962234,0.21798274130424333
4716,0.4719,26,170,26,367499,308945,40118,86138,2.4469728171334433,0.21802507321246423
4717,0.472,31,206,31,367705,308739,40149,86107,2.44534121150678,0.21807742765533905
4718,0.4721,33,164,33,367869,308575,40182,86074,2.44404226333798,0.21810266844715176
4719,0.4722,18,125,18,367994,308450,40200,86056,2.4430522113800532,0.21813609932421812
4720,0.4723,28,108,28,368102,308342,40228,86028,2.4421968064884045,0.21814032507543676
4721,0.4724,16,93,16,368195,308249,40244,86012,2.441460207831707,0.21816005133655117
4722,0.4725,40,170,40,368365,308079,40284,85972,2.4401137371689265,0.2181748047841523
4723,0.4726,14,96,14,368461,307983,40298,85958,2.4393533772652387,0.21820018733769778
4724,0.4727,17,106,17,368567,307877,40315,85941,2.438513813204917,0.2182251700023869
4725,0.4728,23,169,23,368736,307708,40338,85918,2.4371752629578,0.2182731831738757
4726,0.4729,31,192,31,368928,307516,40369,85887,2.4356545431504246,0.21831811145314092
4727,0.473,30,185,30,369113,307331,40399,85857,2.434189266252693,0.2183611910841633
4728,0.4731,30,130,30,369243,307201,40429,85827,2.433159612216449,0.21837375454166116
4729,0.4732,25,87,25,369330,307114,40454,85802,2.432470536053732,0.21837237475694551
4730,0.4733,14,78,14,369408,307036,40468,85788,2.431852743631986,0.218387878541026
4731,0.4734,49,215,49,369623,306821,40517,85739,2.430149854264352,0.21840992459751377
4732,0.4735,26,131,26,369754,306690,40543,85713,2.4291122798124447,0.2184310517503689
4733,0.4736,29,201,29,369955,306489,40572,85684,2.427520276264098,0.2184852093336359
4734,0.4737,19,117,19,370072,306372,40591,85665,2.426593587631479,0.21851253835734893
4735,0.4738,16,126,16,370198,306246,40607,85649,2.4255956152578886,0.2185508873550313
4736,0.4739,23,102,23,370300,306144,40630,85626,2.4247877328602203,0.21856191132552263
4737,0.474,24,143,24,370443,306001,40654,85602,2.4236551134203523,0.21859383099720892
4738,0.4741,32,208,32,370651,305793,40686,85570,2.422007666962362,0.218646116265462
4739,0.4742,13,91,13,370742,305702,40699,85557,2.4212869091369913,0.21867100820683996
4740,0.4743,24,150,24,370892,305552,40723,85533,2.4200988467874796,0.21870693071838604
4741,0.4744,13,75,13,370967,305477,40736,85520,2.4195048156127235,0.2187229058023463
4742,0.4745,14,108,14,371075,305369,40750,85506,2.4186494107210748,0.21875535657179404
4743,0.4746,16,95,16,371170,305274,40766,85490,2.4178969712330503,0.21877655055225148
4744,0.4747,18,113,18,371283,305161,40784,85472,2.4170019642630844,0.2188038388973794
4745,0.4748,39,260,39,371543,304901,40823,85433,2.414942656190597,0.21887153053538763
4746,0.4749,26,109,26,371652,304792,40849,85407,2.414079330883285,0.21888062245162085
4747,0.475,21,134,21,371786,304658,40870,85386,2.4130179951843873,0.2189137635753915
4748,0.4751,18,152,18,371938,304506,40888,85368,2.4118140920035485,0.2189630496006402
4749,0.4752,18,129,18,372067,304377,40906,85350,2.410792358382968,0.21899945346357835
4750,0.4753,31,149,31,372216,304228,40937,85319,2.409612216449119,0.21902106806110688
4751,0.4754,11,49,11,372265,304179,40948,85308,2.409224116081612,0.21902656571336143
4752,0.4755,25,204,25,372469,303975,40973,85283,2.4076083512862754,0.21909119401528035
4753,0.4756,19,110,19,372579,303865,40992,85264,2.4067371055633,0.21911499785418204
4754,0.4757,22,106,22,372685,303759,41014,85242,2.405897541502978,0.21913054208086868
4755,0.4758,21,152,21,372837,303607,41035,85221,2.404693638322139,0.2191740306768031
4756,0.4759,32,166,32,373003,303441,41067,85189,2.4033788493220123,0.21920335537657926
4757,0.476,31,182,31,373185,303259,41098,85158,2.4019373336712713,0.21924375091718437
4758,0.4761,16,96,16,373281,303163,41114,85142,2.4011769737675834,0.21926578334041538
4759,0.4762,24,118,24,373399,303045,41138,85118,2.4002423647193005,0.21928416670316336
4760,0.4763,23,80,23,373479,302965,41161,85095,2.3996087314662273,0.2192831005514611
4761,0.4764,28,127,28,373606,302838,41189,85067,2.3986028386769735,0.21929853959087922
4762,0.4765,41,232,41,373838,302606,41230,85026,2.3967653022430615,0.21934721591612663
4763,0.4766,10,67,10,373905,302539,41240,85016,2.396234634393613,0.21936499335578177
4764,0.4767,16,95,16,374000,302444,41256,85000,2.3954821949055884,0.21938654360372079
4765,0.4768,15,115,15,374115,302329,41271,84985,2.394571347104296,0.21942145132889593
4766,0.4769,16,100,16,374215,302229,41287,84969,2.393779305537955,0.219445864906327
4767,0.477,19,107,19,374322,302122,41306,84950,2.3929318210619694,0.21946821263227514
4768,0.4771,32,197,32,374519,301925,41338,84918,2.3913714991762767,0.21951541064462843
4769,0.4772,27,200,27,374719,301725,41365,84891,2.389787416043594,0.2195744614811596
4770,0.4773,17,101,17,374820,301624,41382,84874,2.388987454061589,0.21959751408804185
4771,0.4774,23,117,23,374937,301507,41405,84851,2.38806076542897,0.2196175567737694
4772,0.4775,30,107,30,375044,301400,41435,84821,2.3872132809529845,0.219617783600581
4773,0.4776,13,42,13,375086,301358,41448,84808,2.386880623495121,0.21961539855916887
4774,0.4777,36,200,36,375286,301158,41484,84772,2.385296540362438,0.219656414375664
4775,0.4778,37,182,37,375468,300976,41521,84735,2.3838550247116967,0.21968520472581804
4776,0.4779,5,59,5,375527,300917,41526,84730,2.3833877201875553,0.21970869733201606
4777,0.478,24,99,24,375626,300818,41550,84706,2.3826035990368775,0.2197165416420249
4778,0.4781,32,187,32,375813,300631,41582,84674,2.381122481307819,0.21975837323678643
4779,0.4782,20,120,20,375933,300511,41602,84654,2.3801720314282093,0.21978632534108758
4780,0.4783,30,124,30,376057,300387,41632,84624,2.379189899885946,0.21979631750781148
4781,0.4784,54,207,54,376264,300180,41686,84570,2.3775503738436194,0.21980506822612086
4782,0.4785,21,88,21,376352,300092,41707,84549,2.3768533772652387,0.2198127604701527
4783,0.4786,28,121,28,376473,299971,41735,84521,2.375895006969966,0.21982511989846343
4784,0.4787,26,133,26,376606,299838,41761,84495,2.3748415916867316,0.21984841270460773
4785,0.4788,8,62,8,376668,299776,41769,84487,2.3743505259156,0.21986764273427314
4786,0.4789,34,140,34,376808,299636,41803,84453,2.373241667722722,0.21987872602443703
4787,0.479,23,164,23,376972,299472,41826,84430,2.371942719553922,0.2199259185938078
4788,0.4791,22,95,22,377067,299377,41848,84408,2.371190280065898,0.21993564104902485
4789,0.4792,33,202,33,377269,299175,41881,84375,2.369590356101888,0.21998435666797028
4790,0.4793,23,132,23,377401,299043,41904,84352,2.3685448612343176,0.2200133022079057
4791,0.4794,27,153,27,377554,298890,41931,84325,2.3673330376378154,0.22004618817113109
4792,0.4795,7,54,7,377608,298836,41938,84318,2.366905335191991,0.22006295118933902
4793,0.4796,32,204,32,377812,298632,41970,84286,2.3652895703966546,0.22011501156905655
4794,0.4797,28,114,28,377926,298518,41998,84258,2.3643866430110254,0.22012351871590696
4795,0.4798,18,101,18,378027,298417,42016,84240,2.3635866810290205,0.22014493397481294
4796,0.4799,22,112,22,378139,298305,42038,84218,2.362699594474718,0.22016453912575193
4797,0.48,28,117,28,378256,298188,42066,84190,2.3617729058420984,0.22017480085151342
4798,0.4801,7,50,7,378306,298138,42073,84183,2.361376885058928,0.220189317353742
4799,0.4802,34,144,34,378450,297994,42107,84149,2.360236345203396,0.22020290833536138
4800,0.4803,6,90,6,378540,297904,42113,84143,2.359523507793689,0.2202425356042581
4801,0.4804,20,107,20,378647,297797,42133,84123,2.3586760233177038,0.22026340594888982
4802,0.4805,13,89,13,378736,297708,42146,84110,2.3579711063236597,0.22028820013723815
4803,0.4806,21,123,21,378859,297585,42167,84089,2.35699689519706,0.22031629086602703
4804,0.4807,23,109,23,378968,297476,42190,84066,2.3561335698897476,0.2203322307897951
4805,0.4808,18,72,18,379040,297404,42208,84048,2.355563299961982,0.220337027987794
4806,0.4809,25,145,25,379185,297259,42233,84023,2.354414839690787,0.2203697001169738
4807,0.481,21,163,21,379348,297096,42254,84002,2.3531238119376505,0.22042099407501484
4808,0.4811,26,135,26,379483,296961,42280,83976,2.3520545558230896,0.22044590050323282
4809,0.4812,10,61,10,379544,296900,42290,83966,2.3515714104676215,0.22046073947267542
4810,0.4813,28,211,28,379755,296689,42318,83938,2.3499002027626408,0.2205256064335951
4811,0.4814,20,81,20,379836,296608,42338,83918,2.3492586490939042,0.2205315799708824
4812,0.4815,17,93,17,379929,296515,42355,83901,2.348522050437207,0.22055066032974427
4813,0.4816,23,118,23,380047,296397,42378,83878,2.347587441388924,0.22057195450660705
4814,0.4817,15,97,15,380144,296300,42393,83863,2.346819161069573,0.22059748055439377
4815,0.4818,54,252,54,380396,296048,42447,83809,2.3448232163223928,0.22063302769199988
4816,0.4819,33,161,33,380557,295887,42480,83776,2.343548029400583,0.22065884745155573
4817,0.482,18,96,18,380653,295791,42498,83758,2.342787669496895,0.22067769905861956
4818,0.4821,11,45,11,380698,295746,42509,83747,2.3424312507920417,0.22068127738851573
4819,0.4822,15,84,15,380782,295662,42524,83732,2.3417659358763148,0.22069932576688087
4820,0.4823,35,244,35,381026,295418,42559,83697,2.339833354454442,0.22076942352584308
4821,0.4824,27,113,27,381139,295305,42586,83670,2.338938347484476,0.22077973481100335
4822,0.4825,24,190,24,381329,295115,42610,83646,2.3374334685084275,0.22084111088522843
4823,0.4826,17,93,17,381422,295022,42627,83629,2.3366968698517296,0.22086037010334053
4824,0.4827,8,65,8,381487,294957,42635,83621,2.3361820428336078,0.22088182620226215
4825,0.4828,19,91,19,381578,294866,42654,83602,2.335461285008237,0.22089582210385025
4826,0.4829,21,128,21,381706,294738,42675,83581,2.3344474718033204,0.22092731266470889
4827,0.483,49,372,49,382078,294366,42724,83532,2.3315010771765303,0.2210437737167172
4828,0.4831,12,55,12,382133,294311,42736,83520,2.3310654543150426,0.22105121072648884
4829,0.4832,30,250,30,382383,294061,42766,83490,2.329085350399189,0.22113568762895608
4830,0.4833,32,172,32,382555,293889,42798,83458,2.3277230389050816,0.2211704346397348
4831,0.4834,35,172,35,382727,293717,42833,83423,2.3263607274109743,0.22119902423503207
4832,0.4835,37,233,37,382960,293484,42870,83386,2.324515270561399,0.22125932018998593
4833,0.4836,16,60,16,383020,293424,42886,83370,2.324040045621594,0.2212614850554945
4834,0.4837,14,90,14,383110,293334,42900,83356,2.3233272082118868,0.2212854070986753
4835,0.4838,13,63,13,383173,293271,42913,83343,2.322828222025092,0.22129554397871562
4836,0.4839,17,74,17,383247,293197,42930,83326,2.322242111265999,0.22130387785075548
4837,0.484,45,273,45,383520,292924,42975,83281,2.320079837789887,0.2213713268032057
4838,0.4841,5,108,5,383628,292816,42980,83276,2.3192244328982383,0.2214245450581241
4839,0.4842,21,149,21,383777,292667,43001,83255,2.31804429096439,0.2214688153393523
4840,0.4843,21,97,21,383874,292570,43022,83234,2.3172760106450387,0.22148247490713244
4841,0.4844,25,156,25,384030,292414,43047,83209,2.316040425801546,0.22152264371457553
4842,0.4845,28,118,28,384148,292296,43075,83181,2.315105816753263,0.22153420848680477
4843,0.4846,24,211,24,384359,292085,43099,83157,2.313434609048283,0.22160898833286252
4844,0.4847,19,85,19,384444,292000,43118,83138,2.3127613737168926,0.22161977725530338
4845,0.4848,12,78,12,384522,291922,43130,83126,2.3121435812951465,0.22164096329003222
4846,0.4849,12,83,12,384605,291839,43142,83114,2.311486186795083,0.22166511536112526
4847,0.485,11,89,11,384694,291750,43153,83103,2.3107812698010393,0.2216949044025258
4848,0.4851,31,165,31,384859,291585,43184,83072,2.3094744012165758,0.2217281406726686
4849,0.4852,26,149,26,385008,291436,43210,83046,2.3082942592827274,0.22176232769532314
4850,0.4853,30,159,30,385167,291277,43240,83016,2.3070349131922443,0.22179415591528562
4851,0.4854,15,116,15,385283,291161,43255,83001,2.3061161449752885,0.221831719950182
4852,0.4855,21,141,21,385424,291020,43276,82980,2.3049993663667467,0.2218716577540107
4853,0.4856,10,53,10,385477,290967,43286,82970,2.304579584336586,0.22188229568082324
4854,0.4857,16,81,16,385558,290886,43302,82954,2.3039380306678496,0.22189706826449818
4855,0.4858,25,132,25,385690,290754,43327,82929,2.3028925358002788,0.22192339496311045
4856,0.4859,26,142,26,385832,290612,43353,82903,2.301767836776074,0.22195360293428645
4857,0.486,41,211,41,386043,290401,43394,82862,2.300096629071094,0.22199360772431234
4858,0.4861,20,154,20,386197,290247,43414,82842,2.298876885058928,0.2220435338484919
4859,0.4862,17,93,17,386290,290154,43431,82825,2.2981402864022304,0.2220634405690401
4860,0.4863,17,138,17,386428,290016,43448,82808,2.297047269040679,0.2221101645816793
4861,0.4864,24,187,24,386615,289829,43472,82784,2.295566151311621,0.22217152917370034
4862,0.4865,9,80,9,386695,289749,43481,82775,2.294932518058548,0.22220044883014248
4863,0.4866,28,99,28,386794,289650,43509,82747,2.2941483969078695,0.22220103813940498
4864,0.4867,9,90,9,386884,289560,43518,82738,2.2934355594981626,0.22223595077061922
4865,0.4868,16,110,16,386994,289450,43534,82722,2.2925643137751868,0.2222681985748525
4866,0.4869,22,105,22,387099,289345,43556,82700,2.2917326701305285,0.22228493864989451
4867,0.487,29,130,29,387229,289215,43585,82671,2.2907030160942847,0.22230199577289814
4868,0.4871,14,75,14,387304,289140,43599,82657,2.2901089849195286,0.22231755500985753
4869,0.4872,24,144,24,387448,288996,43623,82633,2.288968445063997,0.22235347618189108
4870,0.4873,28,146,28,387594,288850,43651,82605,2.2878120643771385,0.22238225357041902
4871,0.4874,50,236,50,387830,288614,43701,82555,2.2859428462805726,0.22241889812996235
4872,0.4875,37,175,37,388005,288439,43738,82518,2.2845567735394754,0.22244626735713305
4873,0.4876,32,177,32,388182,288262,43770,82486,2.283154859967051,0.2224853539331298
4874,0.4877,17,70,17,388252,288192,43787,82469,2.282600430870612,0.2224917107545709
4875,0.4878,21,131,21,388383,288061,43808,82448,2.281562856418705,0.22252630840276486
4876,0.4879,19,137,19,388520,287924,43827,82429,2.280477759472817,0.22256873847383443
4877,0.488,16,96,16,388616,287828,43843,82413,2.2797173995691296,0.2225928516830929
4878,0.4881,29,146,29,388762,287682,43872,82384,2.278561018882271,0.22261974890965394
4879,0.4882,10,71,10,388833,287611,43882,82374,2.2779986693701684,0.2226414584375042
4880,0.4883,8,69,8,388902,287542,43890,82366,2.277452160689393,0.22266617645468603
4881,0.4884,25,122,25,389024,287420,43915,82341,2.2764858699784565,0.22268708706434698
4882,0.4885,27,160,27,389184,287260,43942,82314,2.27521860347231,0.22272670696531682
4883,0.4886,11,65,11,389249,287195,43953,82303,2.274703776454188,0.22274274826927346
4884,0.4887,15,70,15,389319,287125,43968,82288,2.274149347357749,0.2227533952513853
4885,0.4888,29,125,29,389444,287000,43997,82259,2.2731592953998225,0.2227677592150767
4886,0.4889,25,195,25,389639,286805,44022,82234,2.271614814345457,0.22283281712772904
4887,0.489,19,102,19,389741,286703,44041,82215,2.2708069319477886,0.22285440124905806
4888,0.4891,6,47,6,389788,286656,44047,82209,2.270434672411608,0.2228701557480379
4889,0.4892,25,94,25,389882,286562,44072,82184,2.2696901533392473,0.22287428202611012
4890,0.4893,7,52,7,389934,286510,44079,82177,2.2692782917247496,0.22289096171006842
4891,0.4894,39,236,39,390170,286274,44118,82138,2.2674090736281842,0.2229514782363224
4892,0.4895,22,124,22,390294,286150,44140,82116,2.266426942085921,0.22298012849407764
4893,0.4896,26,92,26,390386,286058,44166,82090,2.2656982638448864,0.22298097504264588
4894,0.4897,22,154,22,390540,285904,44188,82068,2.264478519832721,0.22302783907471221
4895,0.4898,25,120,25,390660,285784,44213,82043,2.2635280699531113,0.22304779148893367
4896,0.4899,19,133,19,390793,285651,44232,82024,2.262474654669877,0.22308832528727818
4897,0.49,20,151,20,390944,285500,44252,82004,2.2612786719047016,0.22313770734468197
4898,0.4901,29,221,29,391165,285279,44281,81975,2.259528260043087,0.22321063895832313
4899,0.4902,47,239,47,391404,285040,44328,81928,2.2576352806995312,0.2232565237295895
4900,0.4903,23,176,23,391580,284864,44351,81905,2.25624128754277,0.22331494755554587
4901,0.4904,19,123,19,391703,284741,44370,81886,2.25526707641617,0.22334961691310243
4902,0.4905,28,168,28,391871,284573,44398,81858,2.2539364465847167,0.2233926714715731
4903,0.4906,27,151,27,392022,284422,44425,81831,2.252740463819541,0.2234275214127939
4904,0.4907,39,281,39,392303,284141,44464,81792,2.250514827018122,0.22351632675927013
4905,0.4908,7,51,7,392354,284090,44471,81785,2.250110885819288,0.22353262726340964
4906,0.4909,16,123,16,392477,283967,44487,81769,2.249136674692688,0.22357383467856595
4907,0.491,15,116,15,392593,283851,44502,81754,2.2482179064757317,0.22361291557828805
4908,0.4911,13,112,13,392705,283739,44515,81741,2.2473308199214297,0.22365382510670898
4909,0.4912,49,333,49,393038,283406,44564,81692,2.2446933215055127,0.22375362231510443
4910,0.4913,39,181,39,393219,283225,44603,81653,2.2432597262704346,0.2237816475643914
4911,0.4914,23,129,23,393348,283096,44626,81630,2.242237992649854,0.22381184779807306
4912,0.4915,26,163,26,393511,282933,44652,81604,2.2409469648967177,0.22385656325695333
4913,0.4916,27,123,27,393634,282810,44679,81577,2.2399727537701177,0.22387461682222473
4914,0.4917,27,161,27,393795,282649,44706,81550,2.238697566848308,0.22391604589798433
4915,0.4918,9,133,9,393928,282516,44715,81541,2.2376441515650742,0.22397866268194266
4916,0.4919,22,106,22,394034,282410,44737,81519,2.236804587504752,0.22399698842356613
4917,0.492,18,76,18,394110,282334,44755,81501,2.2362026359143328,0.22400538705731993
4918,0.4921,21,87,21,394197,282247,44776,81480,2.235513559751616,0.22401416446950598
4919,0.4922,21,108,21,394305,282139,44797,81459,2.234658154859967,0.2240358857859504
4920,0.4923,18,120,18,394425,282019,44815,81441,2.2337077049803575,0.22407142464095087
4921,0.4924,19,103,19,394528,281916,44834,81422,2.232891902167026,0.2240943694301174
4922,0.4925,10,55,10,394583,281861,44844,81412,2.232456279305538,0.22410693885865451
4923,0.4926,16,116,16,394699,281745,44860,81396,2.231537511088582,0.22414434062802052
4924,0.4927,24,143,24,394842,281602,44884,81372,2.2304048916487136,0.2241813463223261
4925,0.4928,29,177,29,395019,281425,44913,81343,2.2290029780762897,0.2242287081550743
4926,0.4929,4,55,4,395074,281370,44917,81339,2.2285673552148015,0.22425415415663796
4927,0.493,27,172,27,395246,281198,44944,81312,2.2272050437206943,0.22430277785440403
4928,0.4931,7,60,7,395306,281138,44951,81305,2.2267298187808895,0.22432492833355866
4929,0.4932,22,125,22,395431,281013,44973,81283,2.225739766822963,0.2243552233532802
4930,0.4933,21,123,21,395554,280890,44994,81262,2.224765555696363,0.2243864454704102
4931,0.4934,24,150,24,395704,280740,45018,81238,2.223577493346851,0.22442800391183995
4932,0.4935,15,66,15,395770,280674,45033,81223,2.2230547459130654,0.2244367872626742
4933,0.4936,22,100,22,395870,280574,45055,81201,2.2222627043467242,0.2244516619445788
4934,0.4937,20,92,20,395962,280482,45075,81181,2.22153402610569,0.22446587016089564
4935,0.4938,13,106,13,396068,280376,45088,81168,2.220694462045368,0.22450379483548338
4936,0.4939,9,102,9,396170,280274,45097,81159,2.2198865796477,0.22454784150866136
4937,0.494,17,88,17,396258,280186,45114,81142,2.2191895830693196,0.2245660452552805
4938,0.4941,26,102,26,396360,280084,45140,81116,2.2183817006716513,0.2245736434108527
4939,0.4942,18,93,18,396453,279991,45158,81098,2.217645102014954,0.2245928289147551
4940,0.4943,30,125,30,396578,279866,45188,81068,2.216655050057027,0.2246061606831166
4941,0.4944,7,72,7,396650,279794,45195,81061,2.216084780129261,0.22463593410095467
4942,0.4945,20,117,20,396767,279677,45215,81041,2.2151580914966416,0.22466580542140951
4943,0.4946,25,98,25,396865,279579,45240,81016,2.214381890761627,0.22467310972143265
4944,0.4947,21,132,21,396997,279447,45261,80995,2.2133363958940566,0.22471021690036122
4945,0.4948,30,155,30,397152,279292,45291,80965,2.2121087314662273,0.22474233672072993
4946,0.4949,26,137,26,397289,279155,45317,80939,2.21102363452034,0.2247718651241065
4947,0.495,40,163,40,397452,278992,45357,80899,2.209732606767203,0.22478750510571258
4948,0.4951,30,81,30,397533,278911,45387,80869,2.2090910530984664,0.2247734726777475
4949,0.4952,29,179,29,397712,278732,45416,80840,2.2076732986947154,0.22482284493787058
4950,0.4953,10,66,10,397778,278666,45426,80830,2.20715055126093,0.2248425573580791
4951,0.4954,17,86,17,397864,278580,45443,80813,2.2064693955138766,0.22485969398402306
4952,0.4955,24,150,24,398014,278430,45467,80789,2.2052813331643644,0.22490180085129127
4953,0.4956,24,132,24,398146,278298,45491,80765,2.204235838296794,0.22493267198235406
4954,0.4957,28,118,28,398264,278180,45519,80737,2.203301229248511,0.22494615746816116
4955,0.4958,18,95,18,398359,278085,45537,80719,2.2025487897604865,0.2249668342604876
4956,0.4959,5,43,5,398402,278042,45542,80714,2.2022082118869597,0.22498299680005351
4957,0.496,33,229,33,398631,277813,45575,80681,2.200394436700038,0.22505537052224026
4958,0.4961,41,204,41,398835,277609,45616,80640,2.1987786719047016,0.22509483627309498
4959,0.4962,12,82,12,398917,277527,45628,80628,2.1981291978203017,0.22512040876156972
4960,0.4963,15,98,15,399015,277429,45643,80613,2.197352997085287,0.22514956345903553
4961,0.4964,33,131,33,399146,277298,45676,80580,2.1963154226333796,0.22516052956594146
4962,0.4965,25,133,25,399279,277165,45701,80555,2.195262007350146,0.225190092810019
4963,0.4966,47,289,47,399568,276876,45748,80508,2.192973007223419,0.22527029749513128
4964,0.4967,16,101,16,399669,276775,45764,80492,2.192173045241414,0.22529928596819745
4965,0.4968,19,143,19,399812,276632,45783,80473,2.191040425801546,0.22534828691841335
4966,0.4969,25,145,25,399957,276487,45808,80448,2.189891965530351,0.22538557440430332
4967,0.497,11,82,11,400039,276405,45819,80437,2.189242491445951,0.22541348832256292
4968,0.4971,33,203,33,400242,276202,45852,80404,2.187634647066278,0.2254701266944471
4969,0.4972,34,219,34,400461,275983,45886,80370,2.1859000760359906,0.22553479274764068
4970,0.4973,29,139,29,400600,275844,45915,80341,2.184799138258776,0.22555975125286018
4971,0.4974,21,102,21,400702,275742,45936,80320,2.1839912558611076,0.2255786913515062
4972,0.4975,16,107,16,400809,275635,45952,80304,2.1831437713851223,0.22561169189102628
4973,0.4976,11,82,11,400891,275553,45963,80293,2.1824942973007224,0.22563974303490836
4974,0.4977,10,94,10,400985,275459,45973,80283,2.1817497782283612,0.22567759780964858
4975,0.4978,28,170,28,401155,275289,46001,80255,2.180403307565581,0.22572452354701528
4976,0.4979,9,68,9,401223,275221,46010,80246,2.1798647193004688,0.22574810038625245
4977,0.498,32,187,32,401410,275034,46042,80214,2.1783836015714106,0.22579718956897715
4978,0.4981,46,229,46,401639,274805,46088,80168,2.1765698263844886,0.22584252886839282
4979,0.4982,14,85,14,401724,274720,46102,80154,2.1758965910530983,0.22586608204602196
4980,0.4983,15,83,15,401807,274637,46117,80139,2.175239196553035,0.2258861929781045
4981,0.4984,24,106,24,401913,274531,46141,80115,2.174399632492713,0.22590132131759558
4982,0.4985,15,56,15,401969,274475,46156,80100,2.173956089215562,0.22590425156877952
4983,0.4986,23,183,23,402152,274292,46179,80077,2.1725066531491573,0.2259706689919265
4984,0.4987,19,103,19,402255,274189,46198,80058,2.1716908503358257,0.2259948566960341
4985,0.4988,16,77,16,402332,274112,46214,80042,2.171080978329743,0.22600902432275224
4986,0.4989,18,112,18,402444,274000,46232,80024,2.1701938917754404,0.22604117234989718
4987,0.499,17,80,17,402524,273920,46249,80007,2.1695602585223672,0.22605509045650657
4988,0.4991,19,100,19,402624,273820,46268,79988,2.168768216956026,0.22607742052186497
4989,0.4992,35,186,35,402810,273634,46303,79953,2.167295019642631,0.22611973856504905
4990,0.4993,19,84,19,402894,273550,46322,79934,2.166629704726904,0.22613187584162225
4991,0.4994,24,158,24,403052,273392,46346,79910,2.1653782790520846,0.2261804348687525
4992,0.4995,44,183,44,403235,273209,46390,79866,2.16392884298568,0.22620123203285422
4993,0.4996,41,176,41,403411,273033,46431,79825,2.162534849828919,0.22622414682393485
4994,0.4997,51,266,51,403677,272767,46482,79774,2.1604280192624508,0.22628290042860263
4995,0.4998,17,93,17,403770,272674,46499,79757,2.1596914206057534,0.2263052909647562
4996,0.4999,13,110,13,403880,272564,46512,79744,2.158820174882778,0.22634740056995584
4997,0.5,28,140,28,404020,272424,46540,79716,2.1577113166899,0.22637587323223718
4998,0.5001,33,158,33,404178,272266,46573,79683,2.1564598910150803,0.22640496208257446
4999,0.5002,49,271,49,404449,271995,46622,79634,2.154313458370295,0.22647165051801757
5000,0.5003,20,154,20,404603,271841,46642,79614,2.1530937143581297,0.22652686688196214
5001,0.5004,22,82,22,404685,271759,46664,79592,2.1524442402737294,0.22653130345438038
5002,0.5005,30,185,30,404870,271574,46694,79562,2.150978963375998,0.22658457122026793
5003,0.5006,19,113,19,404983,271461,46713,79543,2.150083956406032,0.2266156511036911
5004,0.5007,15,101,15,405084,271360,46728,79528,2.149283994424027,0.22664781924716718
5005,0.5008,39,185,39,405269,271175,46767,79489,2.1478187175262957,0.2266813816074647
5006,0.5009,23,140,23,405409,271035,46790,79466,2.1467098593334177,0.22672117911218512
5007,0.501,20,134,20,405543,270901,46810,79446,2.14564852363452,0.22676375136650234
5008,0.5011,14,106,14,405649,270795,46824,79432,2.1448089595741986,0.22680147447227084
5009,0.5012,22,125,22,405774,270670,46846,79410,2.143818907616272,0.22683386654478976
5010,0.5013,17,153,17,405927,270517,46863,79393,2.1426070840197693,0.22689548741104856
5011,0.5014,31,148,31,406075,270369,46894,79362,2.141434862501584,0.226922977945907
5012,0.5015,29,200,29,406275,270169,46923,79333,2.1398507793689014,0.22698868676001854
5013,0.5016,19,69,19,406344,270100,46942,79314,2.139304270688126,0.22699147715890033
5014,0.5017,34,143,34,406487,269957,46976,79280,2.1381716512482574,0.22700916569550192
5015,0.5018,16,107,16,406594,269850,46992,79264,2.137324166772272,0.22704331536403582
5016,0.5019,18,117,18,406711,269733,47010,79246,2.136397478139653,0.2270795663922471
5017,0.502,17,88,17,406799,269645,47027,79229,2.135700481561272,0.22709918193961143
5018,0.5021,22,116,22,406915,269529,47049,79207,2.1347817133443163,0.22712596347953753
5019,0.5022,26,142,26,407057,269387,47075,79181,2.1336570143201117,0.2271608409263042
5020,0.5023,18,84,18,407141,269303,47093,79163,2.1329916994043847,0.2271756785453961
5021,0.5024,30,154,30,407295,269149,47123,79133,2.131771955392219,0.22720956006913937
5022,0.5025,13,64,13,407359,269085,47136,79120,2.1312650487897606,0.2272224695222642
5023,0.5026,38,191,38,407550,268894,47174,79082,2.1297522493980483,0.22726279973331495
5024,0.5027,17,87,17,407637,268807,47191,79065,2.1290631732353313,0.22728187379265938
5025,0.5028,23,134,23,407771,268673,47214,79042,2.128001837536434,0.22731834979796672
5026,0.5029,36,172,36,407943,268501,47250,79006,2.1266395260423265,0.2273508159547865
5027,0.503,24,112,24,408055,268389,47274,78982,2.1257524394880245,0.2273707361869586
5028,0.5031,28,163,28,408218,268226,47302,78954,2.1244614117348877,0.2274151736851201
5029,0.5032,17,71,17,408289,268155,47319,78937,2.1238990622227853,0.22742385304184481
5030,0.5033,8,57,8,408346,268098,47327,78929,2.123447598529971,0.22744339777596556
5031,0.5034,24,108,24,408454,267990,47351,78905,2.1225921936383223,0.2274607590192998
5032,0.5035,46,234,46,408688,267756,47397,78859,2.120738816373083,0.227511792622939
5033,0.5036,32,223,32,408911,267533,47429,78827,2.118972563680142,0.22758690379951496
5034,0.5037,21,146,21,409057,267387,47450,78806,2.1178161829932836,0.22763602961353926
5035,0.5038,12,75,12,409132,267312,47462,78794,2.1172221518185275,0.2276585785857512
5036,0.5039,21,173,21,409305,267139,47483,78773,2.115851919908757,0.22772554869446565
5037,0.504,22,112,22,409417,267027,47505,78751,2.1149648333544544,0.22775017496775388
5038,0.5041,20,115,20,409532,266912,47525,78731,2.114053985553162,0.2277812656411384
5039,0.5042,27,141,27,409673,266771,47552,78704,2.1129372069446206,0.22781387944134887
5040,0.5043,25,127,25,409800,266644,47577,78679,2.111931314155367,0.22784175974377613
5041,0.5044,12,96,12,409896,266548,47589,78667,2.111170954251679,0.22787827875382008
5042,0.5045,24,176,24,410072,266372,47613,78643,2.1097769610949184,0.22794081416749995
5043,0.5046,20,96,20,410168,266276,47633,78623,2.1090166011912306,0.22795948958970597
5044,0.5047,37,148,37,410316,266128,47670,78586,2.107844379673045,0.22797449479858664
5045,0.5048,30,109,30,410425,266019,47700,78556,2.106981054365733,0.22797939490676922
5046,0.5049,15,77,15,410502,265942,47715,78541,2.1063711823596503,0.22799673713942342
5047,0.505,22,118,22,410620,265824,47737,78519,2.1054365733113674,0.22802554429740113
5048,0.5051,17,91,17,410711,265733,47754,78502,2.1047158154859966,0.22804769997240257
5049,0.5052,22,132,22,410843,265601,47776,78480,2.103670320618426,0.22808582862756152
5050,0.5053,13,86,13,410929,265515,47789,78467,2.1029891648713726,0.22811368036699595
5051,0.5054,35,107,35,411036,265408,47824,78432,2.102141680395387,0.22810609585853886
5052,0.5055,18,135,18,411171,265273,47842,78414,2.1010724242808263,0.22815526918387952
5053,0.5056,9,68,9,411239,265205,47851,78405,2.100533836015714,0.2281802043013882
5054,0.5057,22,96,22,411335,265109,47873,78383,2.099773476112026,0.22819454310435178
5055,0.5058,16,140,16,411475,264969,47889,78367,2.0986646179191486,0.2282516252300953
5056,0.5059,30,182,30,411657,264787,47919,78337,2.097223102268407,0.2283052191044637
5057,0.506,21,90,21,411747,264697,47940,78316,2.0965102648586997,0.2283178771650054
5058,0.5061,19,80,19,411827,264617,47959,78297,2.0958766316056265,0.22832838554273083
5059,0.5062,17,94,17,411921,264523,47976,78280,2.095132112533266,0.2283527273681969
5060,0.5063,35,119,35,412040,264404,48011,78245,2.0941895830693196,0.22835321276291481
5061,0.5064,28,109,28,412149,264295,48039,78217,2.0933262577620075,0.22836280188723315
5062,0.5065,40,140,40,412289,264155,48079,78177,2.0922173995691296,0.22836603063692557
5063,0.5066,32,170,32,412459,263985,48111,78145,2.090870928906349,0.22840733054686815
5064,0.5067,15,89,15,412548,263896,48126,78130,2.0901660119123053,0.22843292615181301
5065,0.5068,26,179,26,412727,263717,48152,78104,2.088748257508554,0.22849386082189216
5066,0.5069,21,122,21,412849,263595,48173,78083,2.0877819667976176,0.2285280293141496
5067,0.507,33,124,33,412973,263471,48206,78050,2.0867998352553543,0.22853645895859992
5068,0.5071,38,178,38,413151,263293,48244,78012,2.0853900012672666,0.2285697543253102
5069,0.5072,19,81,19,413232,263212,48263,77993,2.08474844759853,0.22858105830805528
5070,0.5073,14,80,14,413312,263132,48277,77979,2.084114814345457,0.2286030060596111
5071,0.5074,21,93,21,413405,263039,48298,77958,2.0833782156887595,0.22861784707783353
5072,0.5075,7,36,7,413441,263003,48305,77951,2.0830930807248764,0.22862614898197411
5073,0.5076,17,107,17,413548,262896,48322,77934,2.082245596248891,0.22865944899216617
5074,0.5077,24,171,24,413719,262725,48346,77910,2.0808912051704476,0.22871989079219693
5075,0.5078,29,146,29,413865,262579,48375,77881,2.0797348244835887,0.2287522763320214
5076,0.5079,53,300,53,414165,262279,48428,77828,2.0773586997845648,0.2288338669889182
5077,0.508,16,126,16,414291,262153,48444,77812,2.0763607274109743,0.22888238495139204
5078,0.5081,10,48,10,414339,262105,48454,77802,2.075980547459131,0.22889202046442114
5079,0.5082,32,98,32,414437,262007,48486,77770,2.075204346724116,0.22888541602286205
5080,0.5083,31,96,31,414533,261911,48517,77739,2.0744439868204285,0.22887972913293095
5081,0.5084,30,133,30,414666,261778,48547,77709,2.0733905715371943,0.228901253950814
5082,0.5085,36,234,36,414900,261544,48583,77673,2.0715371942719556,0.22897732130170362
5083,0.5086,9,86,9,414986,261458,48592,77664,2.070856038524902,0.22901492678151225
5084,0.5087,17,126,17,415112,261332,48609,77647,2.0698580661513115,0.22906138728357803
5085,0.5088,22,160,22,415272,261172,48631,77625,2.0685907996451656,0.22911950223880376
5086,0.5089,12,112,12,415384,261060,48643,77613,2.067703713090863,0.22916795847321753
5087,0.509,25,111,25,415495,260949,48668,77588,2.066824546952224,0.2291861746278841
5088,0.5091,44,180,44,415675,260769,48712,77544,2.0653988721328096,0.2292078637238297
5089,0.5092,32,163,32,415838,260606,48744,77512,2.064107844379673,0.22924541136526302
5090,0.5093,31,127,31,415965,260479,48775,77481,2.0631019515904194,0.2292608592732868
5091,0.5094,41,218,41,416183,260261,48816,77440,2.0613753009757954,0.22931528186176528
5092,0.5095,27,159,27,416342,260102,48843,77413,2.0601159548853123,0.22936165800038516
5093,0.5096,17,109,17,416451,259993,48860,77396,2.0592526295780003,0.22939692758210847
5094,0.5097,16,111,16,416562,259882,48876,77380,2.058373463439361,0.229435868849737
5095,0.5098,43,162,43,416724,259720,48919,77337,2.057090356101888,0.22944783819947367
5096,0.5099,18,114,18,416838,259606,48937,77319,2.056187428716259,0.22948430659642355
5097,0.51,28,106,28,416944,259500,48965,77291,2.0553478646559373,0.22949247456137487
5098,0.5101,7,39,7,416983,259461,48972,77284,2.055038968445064,0.2295030364222186
5099,0.5102,28,132,28,417115,259329,49000,77256,2.0539934735774934,0.22952894514015776
5100,0.5103,17,99,17,417214,259230,49017,77239,2.0532093524268156,0.22955755210732637
5101,0.5104,30,159,30,417373,259071,49047,77209,2.0519500063363325,0.2295973593434043
5102,0.5105,12,80,12,417453,258991,49059,77197,2.0513163730832593,0.22962449581781622
5103,0.5106,16,67,16,417520,258924,49075,77181,2.0507857052338108,0.22963359664390592
5104,0.5107,31,104,31,417624,258820,49106,77150,2.049961982004816,0.2296335982379379
5105,0.5108,17,109,17,417733,258711,49123,77133,2.0490986566975034,0.22966913209704506
5106,0.5109,25,130,25,417863,258581,49148,77108,2.0480690026612596,0.2297007051169386
5107,0.511,25,93,25,417956,258488,49173,77083,2.047332404004562,0.22970697706297624
5108,0.5111,37,173,37,418129,258315,49210,77046,2.0459621720947916,0.22974048860779875
5109,0.5112,30,106,30,418235,258209,49240,77016,2.0451226080344695,0.22974420165560444
5110,0.5113,34,142,34,418377,258067,49274,76982,2.043997909010265,0.22976340774036036
5111,0.5114,31,161,31,418538,257906,49305,76951,2.042722722088455,0.2298025724413705
5112,0.5115,30,140,30,418678,257766,49335,76921,2.041613863895577,0.22982966174365901
5113,0.5116,33,204,33,418882,257562,49368,76888,2.0399980991002407,0.2298938555837943
5114,0.5117,18,93,18,418975,257469,49386,76870,2.0392615004435433,0.2299163423949943
5115,0.5118,9,46,9,419021,257423,49395,76861,2.0388971613230265,0.22992724749015808
5116,0.5119,20,91,20,419112,257332,49415,76841,2.0381764034976557,0.22994377163924076
5117,0.512,13,75,13,419187,257257,49428,76828,2.0375823723228996,0.2299654279599503
5118,0.5121,34,195,34,419382,257062,49462,76794,2.036037891268534,0.230021326559954
5119,0.5122,21,87,21,419469,256975,49483,76773,2.0353488151058166,0.23003283914809977
5120,0.5123,14,65,14,419534,256910,49497,76759,2.0348339880876947,0.23004534433825138
5121,0.5124,10,89,10,419623,256821,49507,76749,2.034129071093651,0.23008364061516323
5122,0.5125,23,116,23,419739,256705,49530,76726,2.033210302876695,0.23011057760076298
5123,0.5126,20,110,20,419849,256595,49550,76706,2.0323390571537194,0.2301403236113903
5124,0.5127,22,108,22,419957,256487,49572,76684,2.0314836522620707,0.23016408991178705
5125,0.5128,9,63,9,420020,256424,49581,76675,2.0309846660752755,0.23018682133539878
5126,0.5129,36,166,36,420186,256258,49617,76639,2.029669877075149,0.23021835582777855
5127,0.513,8,72,8,420258,256186,49625,76631,2.029099607147383,0.2302496567182566
5128,0.5131,26,147,26,420405,256039,49651,76605,2.0279353060448613,0.23029124228905376
5129,0.5132,7,63,7,420468,255976,49658,76598,2.027436319858066,0.23031866592096797
5130,0.5133,7,42,7,420510,255934,49665,76591,2.0271036624002026,0.23033155401849484
5131,0.5134,10,71,10,420581,255863,49675,76581,2.0265413128881002,0.23035759406095463
5132,0.5135,11,43,11,420624,255820,49686,76570,2.0262007350145734,0.23036192424561508
5133,0.5136,15,62,15,420686,255758,49701,76555,2.025709669243442,0.23037016306915467
5134,0.5137,30,123,30,420809,255635,49731,76525,2.024735458116842,0.23038595857418112
5135,0.5138,22,108,22,420917,255527,49753,76503,2.0238800532251933,0.23040990271963377
5136,0.5139,27,167,27,421084,255360,49780,76476,2.022557343809403,0.23046324087802408
5137,0.514,42,193,42,421277,255167,49822,76434,2.021028703586364,0.23049990802199027
5138,0.5141,13,88,13,421365,255079,49835,76421,2.020331707007984,0.23053092006033182
5139,0.5142,32,155,32,421520,254924,49867,76389,2.0191040425801545,0.23056445113834953
5140,0.5143,14,89,14,421609,254835,49881,76375,2.018399125586111,0.23059388303493253
5141,0.5144,44,206,44,421815,254629,49925,76331,2.0167675199594473,0.23063512206913223
5142,0.5145,31,171,31,421986,254458,49956,76300,2.0154131288810038,0.2306822510717806
5143,0.5146,9,54,9,422040,254404,49965,76291,2.0149854264351794,0.23069898244606057
5144,0.5147,27,159,27,422199,254245,49992,76264,2.0137260803446964,0.23074712035073175
5145,0.5148,19,110,19,422309,254135,50011,76245,2.012854834621721,0.23077970821478297
5146,0.5149,18,84,18,422393,254051,50029,76227,2.012189519705994,0.23079648054063545
5147,0.515,51,202,51,422595,253849,50080,76176,2.0105895957419846,0.23081887735777593
5148,0.5151,18,90,18,422685,253759,50098,76158,2.009876758332277,0.23083987790868613
5149,0.5152,33,165,33,422850,253594,50131,76125,2.008569889747814,0.2308784146500505
5150,0.5153,16,89,16,422939,253505,50147,76109,2.00786497275377,0.23090342036442627
5151,0.5154,41,193,41,423132,253312,50188,76068,2.006336332530731,0.23094298378772238
5152,0.5155,45,187,45,423319,253125,50233,76023,2.004855214801673,0.23096904735863502
5153,0.5156,23,150,23,423469,252975,50256,76000,2.0036671524521608,0.23102059427008131
5154,0.5157,24,94,24,423563,252881,50280,75976,2.0029226333797996,0.23103050870135045
5155,0.5158,45,229,45,423792,252652,50325,75931,2.001108858192878,0.2310862095726194
5156,0.5159,13,87,13,423879,252565,50338,75918,2.000419782030161,0.23111698322287608
5157,0.516,29,132,29,424011,252433,50367,75889,1.9993742871625904,0.2311419886574765
5158,0.5161,31,143,31,424154,252290,50398,75858,1.9982416677227222,0.23117008179236198
5159,0.5162,19,108,19,424262,252182,50417,75839,1.9973862628310735,0.2312016608692736
5160,0.5163,39,144,39,424406,252038,50456,75800,1.9962457229755417,0.23121175702633617
5161,0.5164,21,110,21,424516,251928,50477,75779,1.9953744772525661,0.23124010167619244
5162,0.5165,25,82,25,424598,251846,50502,75754,1.9947250031681663,0.23123931623931623
5163,0.5166,16,116,16,424714,251730,50518,75738,1.9938062349512102,0.23128366741177764
5164,0.5167,34,146,34,424860,251584,50552,75704,1.9926498542643518,0.23130698345188336
5165,0.5168,42,169,42,425029,251415,50594,75662,1.9913113040172348,0.2313277913151949
5166,0.5169,18,126,18,425155,251289,50612,75644,1.9903133316436448,0.2313746241584667
5167,0.517,9,83,9,425238,251206,50621,75635,1.9896559371435814,0.23141221572568926
5168,0.5171,14,54,14,425292,251152,50635,75621,1.989228234697757,0.2314175283759674
5169,0.5172,60,271,60,425563,250881,50695,75561,1.9870818020529717,0.23146837723087102
5170,0.5173,34,145,34,425708,250736,50729,75527,1.9859333417817766,0.23149115897297579
5171,0.5174,34,174,34,425882,250562,50763,75493,1.9845551894563427,0.23153455705325787
5172,0.5175,40,194,40,426076,250368,50803,75453,1.9830186288176403,0.23157807507803366
5173,0.5176,33,143,33,426219,250225,50836,75420,1.9818860093777722,0.23160189777211382
5174,0.5177,23,149,23,426368,250076,50859,75397,1.9807058674439235,0.23165362411014123
5175,0.5178,23,79,23,426447,249997,50882,75374,1.9800801546065137,0.23165555627268564
5176,0.5179,44,205,44,426652,249792,50926,75330,1.9784564693955138,0.23169763965526788
5177,0.518,27,208,27,426860,249584,50953,75303,1.9768090229375237,0.23178212732426967
5178,0.5181,37,225,37,427085,249359,50990,75266,1.9750269294132556,0.2318552175587216
5179,0.5182,33,190,33,427275,249169,51023,75233,1.9735220504372069,0.2319128735334554
5180,0.5183,21,94,21,427369,249075,51044,75212,1.9727775313648461,0.23193035798536482
5181,0.5184,16,68,16,427437,249007,51060,75196,1.9722389430997338,0.23194109863264684
5182,0.5185,36,142,36,427579,248865,51096,75160,1.9711142440755292,0.23195741069361933
5183,0.5186,35,153,35,427732,248712,51131,75125,1.9699024204790268,0.23198399194656572
5184,0.5187,16,81,16,427813,248631,51147,75109,1.9692608668102902,0.2320040773460184
5185,0.5188,16,98,16,427911,248533,51163,75093,1.9684846660752757,0.23203636296218474
5186,0.5189,14,102,14,428013,248431,51177,75079,1.9676767836776075,0.23207628821365645
5187,0.519,14,101,14,428114,248330,51191,75065,1.9668768216956025,0.23211552435875632
5188,0.5191,21,113,21,428227,248217,51212,75044,1.9659818147256367,0.23214677922793037
5189,0.5192,17,112,17,428339,248105,51229,75027,1.9650947281713345,0.2321868462424025
5190,0.5193,28,99,28,428438,248006,51257,74999,1.9643106070206564,0.23219145214470363
5191,0.5194,44,199,44,428637,247807,51301,74955,1.962734444303637,0.23222994032754785
5192,0.5195,42,181,42,428818,247626,51343,74913,1.961300849068559,0.23226028480276803
5193,0.5196,22,152,22,428970,247474,51365,74891,1.9600969458877202,0.23231740418469746
5194,0.5197,18,145,18,429115,247329,51383,74873,1.9589484856165251,0.23237906654831442
5195,0.5198,11,55,11,429170,247274,51394,74862,1.9585128627550374,0.2323925298631634
5196,0.5199,13,45,13,429215,247229,51407,74849,1.9581564440501837,0.23239401635628637
5197,0.52,20,106,20,429321,247123,51427,74829,1.957316879989862,0.23242284564158633
5198,0.5201,17,123,17,429444,247000,51444,74812,1.956342668863262,0.23247113221383914
5199,0.5202,8,74,8,429518,246926,51452,74804,1.9557565581041694,0.2325055170484568
5200,0.5203,9,72,9,429590,246854,51461,74795,1.9551862881764035,0.23253608747423435
5201,0.5204,20,115,20,429705,246739,51481,74775,1.9542754403751108,0.23257152099130987
5202,0.5205,25,179,25,429884,246560,51506,74750,1.9528576859713598,0.23264137437365784
5203,0.5206,32,168,32,430052,246392,51538,74718,1.9515270561399063,0.23268661829279685
5204,0.5207,38,210,38,430262,246182,51576,74680,1.9498637688505893,0.23274803498077054
5205,0.5208,19,59,19,430321,246123,51595,74661,1.9493964643264479,0.23274539877300612
5206,0.5209,32,187,32,430508,245936,51627,74629,1.9479153465973895,0.23280457941447133
5207,0.521,9,101,9,430609,245835,51636,74620,1.9471153846153846,0.23285640729587617
5208,0.5211,42,230,42,430839,245605,51678,74578,1.9452936890127994,0.23292304713242115
5209,0.5212,35,195,35,431034,245410,51713,74543,1.9437492079584338,0.23298109409819567
5210,0.5213,18,113,18,431147,245297,51731,74525,1.942854200988468,0.23302024250989614
5211,0.5214,15,62,15,431209,245235,51746,74510,1.9423631352173363,0.2330294453392547
5212,0.5215,26,139,26,431348,245096,51772,74484,1.9412621974401216,0.23306840227798986
5213,0.5216,26,113,26,431461,244983,51798,74458,1.9403671904701558,0.23308842634477103
5214,0.5217,35,174,35,431635,244809,51833,74423,1.938989038144722,0.23313139033680835
5215,0.5218,33,150,33,431785,244659,51866,74390,1.9378009757952097,0.23316167735990395
5216,0.5219,43,165,43,431950,244494,51909,74347,1.9364941072107464,0.23317891990051468
5217,0.522,26,113,26,432063,244381,51935,74321,1.9355991002407806,0.23319903860032257
5218,0.5221,12,91,12,432154,244290,51947,74309,1.93487834241541,0.23323676471049815
5219,0.5222,42,221,42,432375,244069,51989,74267,1.9331279305537954,0.233297522114998
5220,0.5223,15,80,15,432455,243989,52004,74252,1.9324942973007224,0.23332003104565407
5221,0.5224,31,176,31,432631,243813,52035,74221,1.9311003041439614,0.2333744190872674
5222,0.5225,21,184,21,432815,243629,52056,74200,1.9296429476618933,0.23345887253837755
5223,0.5226,27,173,27,432988,243456,52083,74173,1.9282727157521227,0.23352086868642347
5224,0.5227,40,158,40,433146,243298,52123,74133,1.9270212900773032,0.23354051746678806
5225,0.5228,28,143,28,433289,243155,52151,74105,1.925888670637435,0.23357813780495493
5226,0.5229,32,166,32,433455,242989,52183,74073,1.9245738816373084,0.2336230768745545
5227,0.523,19,165,19,433620,242824,52202,74054,1.923267013052845,0.2336987736605255
5228,0.5231,35,201,35,433821,242623,52237,74019,1.9216750095044988,0.23376241938845763
5229,0.5232,34,183,34,434004,242440,52271,73985,1.920225573438094,0.23381528008216798
5230,0.5233,31,140,31,434144,242300,52302,73954,1.919116715245216,0.23384368260954802
5231,0.5234,12,64,12,434208,242236,52314,73942,1.9186098086427577,0.23386193852829734
5232,0.5235,41,201,41,434409,242035,52355,73901,1.9170178050944113,0.23391129849083359
5233,0.5236,12,60,12,434469,241975,52367,73889,1.9165425801546065,0.23392662664944405
5234,0.5237,41,155,41,434624,241820,52408,73848,1.9153149157267773,0.23394198968536564
5235,0.5238,30,125,30,434749,241695,52438,73818,1.9143248637688506,0.23396183358530392
5236,0.5239,15,87,15,434836,241608,52453,73803,1.9136357876061336,0.2339899369394219
5237,0.524,28,163,28,434999,241445,52481,73775,1.912344759852997,0.2340428906795254
5238,0.5241,14,63,14,435062,241382,52495,73761,1.911845773666202,0.23405565092672215
5239,0.5242,16,95,16,435157,241287,52511,73745,1.9110933341781777,0.23408733081083827
5240,0.5243,19,77,19,435234,241210,52530,73726,1.9104834621720947,0.23409835649147764
5241,0.5244,17,111,17,435345,241099,52547,73709,1.9096042960334558,0.23413953902060938
5242,0.5245,7,41,7,435386,241058,52554,73702,1.909279558991256,0.23415300546448087
5243,0.5246,20,109,20,435495,240949,52574,73682,1.9084162336839436,0.2341854426296201
5244,0.5247,19,93,19,435588,240856,52593,73663,1.9076796350272462,0.234208426200007
5245,0.5248,21,112,21,435700,240744,52614,73642,1.9067925484729438,0.23424071046420641
5246,0.5249,18,117,18,435817,240627,52632,73624,1.9058658598403244,0.2342840595574875
5247,0.525,15,99,15,435916,240528,52647,73609,1.9050817386896464,0.23432133113896167
5248,0.5251,13,101,13,436017,240427,52660,73596,1.9042817767076416,0.23436499874213035
5249,0.5252,12,62,12,436079,240365,52672,73584,1.90379071093651,0.23438201746143483
5250,0.5253,32,127,32,436206,240238,52704,73552,1.9027848181472564,0.2343988017463909
5251,0.5254,27,105,27,436311,240133,52731,73525,1.901953174502598,0.23441136524494832
5252,0.5255,17,53,17,436364,240080,52748,73508,1.901533392472437,0.2344094799545901
5253,0.5256,21,109,21,436473,239971,52769,73487,1.9006700671651249,0.23443970165061986
5254,0.5257,31,182,31,436655,239789,52800,73456,1.8992285515143834,0.23450015163849383
5255,0.5258,14,49,14,436704,239740,52814,73442,1.8988404511468762,0.23450262147888448
5256,0.5259,39,195,39,436899,239545,52853,73403,1.8972959700925105,0.23455334432557487
5257,0.526,15,94,15,436993,239451,52868,73388,1.8965514510201495,0.2345871198923408
5258,0.5261,27,136,27,437129,239315,52895,73361,1.8954742744899253,0.2346230602924433
5259,0.5262,30,127,30,437256,239188,52925,73331,1.8944683817006716,0.23464493358803784
5260,0.5263,22,153,22,437409,239035,52947,73309,1.8932565581041694,0.23470596521783674
5261,0.5264,18,124,18,437533,238911,52965,73291,1.892274426561906,0.2347550624275309
5262,0.5265,28,159,28,437692,238752,52993,73263,1.8910150804714232,0.23480601894139705
5263,0.5266,14,96,14,437788,238656,53007,73249,1.8902547205677354,0.23484394286721919
5264,0.5267,30,124,30,437912,238532,53037,73219,1.889272589025472,0.23486372136737332
5265,0.5268,30,165,30,438077,238367,53067,73189,1.8879657204410087,0.23491442950865976
5266,0.5269,48,187,48,438264,238180,53115,73141,1.8864846027119504,0.23493757247342775
5267,0.527,19,129,19,438393,238051,53134,73122,1.88546286909137,0.23498825412230495
5268,0.5271,33,132,33,438525,237919,53167,73089,1.8844173742237993,0.23500681654491204
5269,0.5272,20,82,20,438607,237837,53187,73069,1.8837679001393992,0.2350195879140319
5270,0.5273,19,89,19,438696,237748,53206,73050,1.8830629831453554,0.23504012252331097
5271,0.5274,31,136,31,438832,237612,53237,73019,1.8819858066151312,0.2350666868406566
5272,0.5275,26,116,26,438948,237496,53263,72993,1.8810670383981751,0.235090454090161
5273,0.5276,28,166,28,439114,237330,53291,72965,1.8797522493980483,0.23514719863355837
5274,0.5277,18,147,18,439261,237183,53309,72947,1.8785879482955266,0.23521426498565118
5275,0.5278,46,230,46,439491,236953,53355,72901,1.8767662526929414,0.2352753232167408
5276,0.5279,23,84,23,439575,236869,53378,72878,1.8761009377772147,0.23528234333181597
5277,0.528,21,140,21,439715,236729,53399,72857,1.8749920795843367,0.23533686923827304
5278,0.5281,24,129,24,439844,236600,53423,72833,1.8739703459637562,0.2353756709853183
5279,0.5282,23,132,23,439976,236468,53446,72810,1.8729248510961856,0.2354192668085024
5280,0.5283,26,136,26,440112,236332,53472,72784,1.8718476745659611,0.235458533366115
5281,0.5284,22,89,22,440201,236243,53494,72762,1.8711427575719173,0.2354719179301306
5282,0.5285,46,191,46,440392,236052,53540,72716,1.8696299581802054,0.23550367913773448
5283,0.5286,12,51,12,440443,236001,53552,72704,1.8692260169813713,0.2355128682722988
5284,0.5287,21,98,21,440541,235903,53573,72683,1.8684498162463565,0.23553563674307973
5285,0.5288,21,102,21,440643,235801,53594,72662,1.8676419338486885,0.23556147738950864
5286,0.5289,29,105,29,440748,235696,53623,72633,1.86681029020403,0.2355697971971498
5287,0.529,7,49,7,440797,235647,53630,72626,1.8664221898365225,0.23558988299332084
5288,0.5291,13,107,13,440904,235540,53643,72613,1.8655747053605374,0.23563943885018157
5289,0.5292,58,252,58,441156,235288,53701,72555,1.863578760613357,0.23568832164447462
5290,0.5293,30,139,30,441295,235149,53731,72525,1.8624778228361425,0.2357202753563837
5291,0.5294,5,33,5,441328,235116,53736,72520,1.8622164491192499,0.2357331391644671
5292,0.5295,19,144,19,441472,234972,53755,72501,1.8610759092637181,0.2357963138226771
5293,0.5296,27,149,27,441621,234823,53782,72474,1.8598957673298695,0.23584349993654347
5294,0.5297,35,174,35,441795,234649,53817,72439,1.8585176150044354,0.23589003803470016
5295,0.5298,30,178,30,441973,234471,53847,72409,1.8571077810163477,0.2359521637122002
5296,0.5299,10,76,10,442049,234395,53857,72399,1.8565058294259282,0.23598571028116586
5297,0.53,22,107,22,442156,234288,53879,72377,1.855658344949943,0.23601323920238698
5298,0.5301,43,182,43,442338,234106,53922,72334,1.8542168292992016,0.23604620806683202
5299,0.5302,30,195,30,442533,233911,53952,72304,1.852672348244836,0.23612167921231814
5300,0.5303,9,72,9,442605,233839,53961,72295,1.85210207831707,0.2361547557605493
5301,0.5304,17,112,17,442717,233727,53978,72278,1.8512149917627676,0.2361987549223052
5302,0.5305,27,113,27,442830,233614,54005,72251,1.850319984792802,0.23621859317018945
5303,0.5306,19,100,19,442930,233514,54024,72232,1.8495279432264606,0.23624838918579474
5304,0.5307,17,56,17,442986,233458,54041,72215,1.8490843999493094,0.23624919440055223
5305,0.5308,27,109,27,443095,233349,54068,72188,1.8482210746419971,0.23626598415249217
5306,0.5309,37,204,37,443299,233145,54105,72151,1.8466053098466608,0.23633129814999213
5307,0.531,21,120,21,443419,233025,54126,72130,1.845654859967051,0.23637167996591896
5308,0.5311,43,254,43,443673,232771,54169,72087,1.843643074388544,0.23646090966941985
5309,0.5312,31,117,31,443790,232654,54200,72056,1.8427163857559246,0.23647402448229465
5310,0.5313,43,181,43,443971,232473,54243,72013,1.8412827905208464,0.23650676878411486
5311,0.5314,37,171,37,444142,232302,54280,71976,1.8399283994424027,0.23654684203261492
5312,0.5315,32,147,32,444289,232155,54312,71944,1.838764098339881,0.2365808503151934
5313,0.5316,30,115,30,444404,232040,54342,71914,1.8378532505385883,0.236595011087204
5314,0.5317,35,175,35,444579,231865,54377,71879,1.8364671777974908,0.23664335756426463
5315,0.5318,21,79,21,444658,231786,54398,71858,1.8358414649600812,0.2366521321020669
5316,0.5319,17,101,17,444759,231685,54415,71841,1.8350415029780762,0.23668812556420207
5317,0.532,30,168,30,444927,231517,54445,71811,1.8337108731466227,0.23674372296655766
5318,0.5321,30,104,30,445031,231413,54475,71781,1.8328871499176276,0.2367494079698147
5319,0.5322,34,134,34,445165,231279,54509,71747,1.8318258142187303,0.236768462112162
5320,0.5323,28,93,28,445258,231186,54537,71719,1.8310892155620326,0.23677060464502073
5321,0.5324,7,90,7,445348,231096,54544,71712,1.8303763781523255,0.23682333359752714
5322,0.5325,31,122,31,445470,230974,54575,71681,1.829410087441389,0.23684062711668402
5323,0.5326,14,100,14,445570,230874,54589,71667,1.8286180458750476,0.23688359594236813
5324,0.5327,42,168,42,445738,230706,54631,71625,1.827287416043594,0.2369092153963702
5325,0.5328,12,97,12,445835,230609,54643,71613,1.8265191357242427,0.23695495364334826
5326,0.5329,36,160,36,445995,230449,54679,71577,1.8252518692180966,0.23698953070265474
5327,0.533,26,118,26,446113,230331,54705,71551,1.8243172601698137,0.23701645013614592
5328,0.5331,12,60,12,446173,230271,54717,71539,1.8238420352300089,0.23703323282860078
5329,0.5332,37,165,37,446338,230106,54754,71502,1.8225351666455456,0.23706930850640567
5330,0.5333,42,189,42,446527,229917,54796,71460,1.8210382080851604,0.23711165749211122
5331,0.5334,35,179,35,446706,229738,54831,71425,1.8196204536814091,0.23716392783974127
5332,0.5335,17,104,17,446810,229634,54848,71408,1.8187967304524142,0.23720278233601955
5333,0.5336,21,143,21,446953,229491,54869,71387,1.817664111012546,0.23726227906327482
5334,0.5337,32,132,32,447085,229359,54901,71355,1.8166186161449753,0.23728526107863285
5335,0.5338,32,173,32,447258,229186,54933,71323,1.8152483842352047,0.23734064537168603
5336,0.5339,35,135,35,447393,229051,54968,71288,1.8141791281206439,0.2373584516163402
5337,0.534,31,140,31,447533,228911,54999,71257,1.8130702699277659,0.23739039471229445
5338,0.5341,15,108,15,447641,228803,55014,71242,1.8122148650361172,0.23743771767568198
5339,0.5342,23,97,23,447738,228706,55037,71219,1.811446584716766,0.23745603067433524
5340,0.5343,38,211,38,447949,228495,55075,71181,1.8097753770117855,0.237526528650943
5341,0.5344,26,106,26,448055,228389,55101,71155,1.8089358129514637,0.23754440082258366
5342,0.5345,27,101,27,448156,228288,55128,71128,1.808135850969459,0.237555775242472
5343,0.5346,27,146,27,448302,228142,55155,71101,1.8069794702826005,0.23760288461217138
5344,0.5347,35,154,35,448456,227988,55190,71066,1.8057597262704346,0.23763601222521685
5345,0.5348,25,162,25,448618,227826,55215,71041,1.8044766189329615,0.2377010509691602
5346,0.5349,30,157,30,448775,227669,55245,71011,1.8032331136738056,0.23774943082898084
5347,0.535,37,130,37,448905,227539,55282,70974,1.8022034596375618,0.2377584895800183
5348,0.5351,14,120,14,449025,227419,55296,70960,1.801253009757952,0.23781834512482447
5349,0.5352,24,119,24,449144,227300,55320,70936,1.8003104802940058,0.23785190252015181
5350,0.5353,22,107,22,449251,227193,55342,70914,1.7994629958180206,0.2378810292948505
5351,0.5354,14,80,14,449331,227113,55356,70900,1.7988293625649474,0.23790908450302503
5352,0.5355,12,77,12,449408,227036,55368,70888,1.7982194905588644,0.23793987728413957
5353,0.5356,35,114,35,449522,226922,55403,70853,1.7973165631732353,0.23794139870707748
5354,0.5357,26,103,26,449625,226819,55429,70827,1.7965007603599037,0.23795717059863059
5355,0.5358,22,144,22,449769,226675,55451,70805,1.7953602205043722,0.23801600107570256
5356,0.5359,18,56,18,449825,226619,55469,70787,1.794916677227221,0.23801470044316522
5357,0.536,10,80,10,449905,226539,55479,70777,1.7942830439741477,0.23805311520402533
5358,0.5361,22,88,22,449993,226451,55501,70755,1.7935860473957674,0.23806719918171235
5359,0.5362,24,135,24,450128,226316,55525,70731,1.7925167912812063,0.23811383383774284
5360,0.5363,25,122,25,450250,226194,55550,70706,1.7915505005702699,0.23814752441899628
5361,0.5364,38,146,38,450396,226048,55588,70668,1.7903941198834115,0.23816713625149974
5362,0.5365,18,112,18,450508,225936,55606,70650,1.7895070333291092,0.23821083935182374
5363,0.5366,31,170,31,450678,225766,55637,70619,1.7881605626663288,0.2382677935792972
5364,0.5367,22,109,22,450787,225657,55659,70597,1.7872972373590166,0.23829889216685682
5365,0.5368,21,106,21,450893,225551,55680,70576,1.7864576732986948,0.23833017590425729
5366,0.5369,25,112,25,451005,225439,55705,70551,1.7855705867443923,0.23835602554140342
5367,0.537,18,68,18,451073,225371,55723,70533,1.7850319984792802,0.2383644695576944
5368,0.5371,25,104,25,451177,225267,55748,70508,1.784208275250285,0.23838390668582538
5369,0.5372,31,94,31,451271,225173,55779,70477,1.7834637561779243,0.23837984102824286
5370,0.5373,23,137,23,451408,225036,55802,70454,1.7823786592320365,0.23843108057802295
5371,0.5374,26,140,26,451548,224896,55828,70428,1.7812698010391586,0.23847706248052986
5372,0.5375,16,96,16,451644,224800,55844,70412,1.7805094411354707,0.2385133395661423
5373,0.5376,29,158,29,451802,224642,55873,70383,1.7792580154606514,0.23856622320142362
5374,0.5377,29,130,29,451932,224512,55902,70354,1.7782283614244077,0.2385965150271649
5375,0.5378,23,135,23,452067,224377,55925,70331,1.7771591053098466,0.2386463889680633
5376,0.5379,19,80,19,452147,224297,55944,70312,1.7765254720567736,0.23866209111059064
5377,0.538,26,118,26,452265,224179,55970,70286,1.7755908630084907,0.23869050651180956
5378,0.5381,27,139,27,452404,224040,55997,70259,1.7744899252312762,0.23873339698741755
5379,0.5382,21,121,21,452525,223919,56018,70238,1.7735315549360031,0.23877725160373542
5380,0.5383,15,75,15,452600,223844,56033,70223,1.772937523761247,0.23879932124311806
5381,0.5384,28,176,28,452776,223668,56061,70195,1.7715435306044862,0.2388698134845149
5382,0.5385,26,102,26,452878,223566,56087,70169,1.770735648206818,0.2388853898922498
5383,0.5386,23,141,23,453019,223425,56110,70146,1.7696188695982764,0.23894049480364205
5384,0.5387,28,108,28,453127,223317,56138,70118,1.7687634647066277,0.2389558164499804
5385,0.5388,15,84,15,453211,223233,56153,70103,1.768098149790901,0.2389853274061145
5386,0.5389,18,91,18,453302,223142,56171,70085,1.7673773919655305,0.2390127784958411
5387,0.539,30,158,30,453460,222984,56201,70055,1.766125966290711,0.2390637423687632
5388,0.5391,28,121,28,453581,222863,56229,70027,1.7651675959954378,0.23908976066099902
5389,0.5392,27,117,27,453698,222746,56256,70000,1.7642409073628185,0.23911513735456677
5390,0.5393,27,128,27,453826,222618,56283,69973,1.7632270941579014,0.23914952954807223
5391,0.5394,13,115,13,453941,222503,56296,69960,1.7623162463566089,0.23920974619011637
5392,0.5395,24,159,24,454100,222344,56320,69936,1.761056900266126,0.2392774052278637
5393,0.5396,22,91,22,454191,222253,56342,69914,1.7603361424407553,0.23929464997758132
5394,0.5397,9,48,9,454239,222205,56351,69905,1.7599559624889114,0.23931053370305708
5395,0.5398,26,112,26,454351,222093,56377,69879,1.7590688759346091,0.2393345937281657
5396,0.5399,26,150,26,454501,221943,56403,69853,1.757880813585097,0.2393898477018191
5397,0.54,30,109,30,454610,221834,56433,69823,1.757017488277785,0.23940107729284743
5398,0.5401,33,180,33,454790,221654,56466,69790,1.7555918134583703,0.23946281275305034
5399,0.5402,24,117,24,454907,221537,56490,69766,1.7546651248257508,0.23949633199795403
5400,0.5403,18,88,18,454995,221449,56508,69748,1.7539681282473705,0.23952169836914528
5401,0.5404,15,79,15,455074,221370,56523,69733,1.7533424154099606,0.23954751411012598
5402,0.5405,27,146,27,455220,221224,56550,69706,1.7521860347231022,0.23959715395455952
5403,0.5406,29,163,29,455383,221061,56579,69677,1.7508950069699658,0.23965563497031692
5404,0.5407,40,109,40,455492,220952,56619,69637,1.7500316816626535,0.23964086734184709
5405,0.5408,22,107,22,455599,220845,56641,69615,1.7491841971866684,0.23967155546374716
5406,0.5409,4,68,4,455667,220777,56645,69611,1.7486456089215563,0.23971720594514925
5407,0.541,24,116,24,455783,220661,56669,69587,1.7477268407046003,0.23975014470383949
5408,0.5411,41,177,41,455960,220484,56710,69546,1.746324927132176,0.2397889873461366
5409,0.5412,11,35,11,455995,220449,56721,69535,1.7460477125839564,0.23978909181196204
5410,0.5413,37,186,37,456181,220263,56758,69498,1.7445745152705614,0.23984594200047626
5411,0.5414,21,72,21,456253,220191,56779,69477,1.7440042453427955,0.23985044948009446
5412,0.5415,34,173,34,456426,220018,56813,69443,1.742634013433025,0.23990451217953368
5413,0.5416,12,91,12,456517,219927,56825,69431,1.7419132556076542,0.2399484375755984
5414,0.5417,25,91,25,456608,219836,56850,69406,1.7411924977822837,0.23995823566425345
5415,0.5418,36,143,36,456751,219693,56886,69370,1.7400598783424155,0.23998228759820522
5416,0.5419,40,216,40,456967,219477,56926,69330,1.738349068559118,0.24005650832562922
5417,0.542,13,80,13,457047,219397,56939,69317,1.7377154353060449,0.24008880760891402
5418,0.5421,29,138,29,457185,219259,56968,69288,1.7366224179444938,0.24012725829760836
5419,0.5422,39,167,39,457352,219092,57007,69249,1.7352997085287036,0.2401635563447446
5420,0.5423,29,149,29,457501,218943,57036,69220,1.734119566594855,0.24021126931632444
5421,0.5424,40,156,40,457657,218787,57076,69180,1.7328839817513624,0.24023586035899946
5422,0.5425,31,110,31,457767,218677,57107,69149,1.7320127360283868,0.2402458429745749
5423,0.5426,37,151,37,457918,218526,57144,69112,1.7308167532632113,0.24027423358527036
5424,0.5427,28,117,28,458035,218409,57172,69084,1.729890064630592,0.24029802464755665
5425,0.5428,9,69,9,458104,218340,57181,69075,1.7293435559498163,0.24033192422107405
5426,0.5429,15,104,15,458208,218236,57196,69060,1.728519832720821,0.24037926041434618
5427,0.543,16,110,16,458318,218126,57212,69044,1.7276485869978457,0.24042901417278964
5428,0.5431,22,130,22,458448,217996,57234,69022,1.7266189329616017,0.24047969116919496
5429,0.5432,43,169,43,458617,217827,57277,68979,1.725280382714485,0.24050752076316395
5430,0.5433,31,151,31,458768,217676,57308,68948,1.7240843999493094,0.24055208217036955
5431,0.5434,31,135,31,458903,217541,57339,68917,1.7230151438347485,0.2405832617696137
5432,0.5435,37,132,37,459035,217409,57376,68880,1.7219696489671779,0.24059604106340096
5433,0.5436,28,113,28,459148,217296,57404,68852,1.721074641997212,0.24061674378293751
5434,0.5437,53,218,53,459366,217078,57457,68799,1.7193479913825878,0.2406594444463878
5435,0.5438,37,182,37,459548,216896,57494,68762,1.7179064757318465,0.24071442074088595
5436,0.5439,22,116,22,459664,216780,57516,68740,1.7169877075148903,0.24075371252451666
5437,0.544,34,168,34,459832,216612,57550,68706,1.7156570776834368,0.24080499653018736
5438,0.5441,45,163,45,459995,216449,57595,68661,1.7143660499303004,0.24082284030724985
5439,0.5442,30,95,30,460090,216354,57625,68631,1.7136136104422761,0.2408232012211169
5440,0.5443,27,132,27,460222,216222,57652,68604,1.7125681155747055,0.24086284257757368
5441,0.5444,42,136,42,460358,216086,57694,68562,1.711490939044481,0.2408659115820241
5442,0.5445,17,76,17,460434,216010,57711,68545,1.7108889874540616,0.24088489044297237
5443,0.5446,32,92,32,460526,215918,57743,68513,1.7101603092130275,0.24087740084589937
5444,0.5447,27,113,27,460639,215805,57770,68486,1.7092653022430617,0.24090104857346872
5445,0.5448,26,108,26,460747,215697,57796,68460,1.708409897351413,0.24092315163800293
5446,0.5449,26,119,26,460866,215578,57822,68434,1.7074673678874668,0.2409546075517936
5447,0.545,35,118,35,460984,215460,57857,68399,1.7065327588391839,0.24096118143162626
5448,0.5451,29,132,29,461116,215328,57886,68370,1.7054872639716132,0.24099570670219742
5449,0.5452,27,122,27,461238,215206,57913,68343,1.7045209732606768,0.24102712405968632
5450,0.5453,25,136,25,461374,215070,57938,68318,1.7034437967304523,0.2410758394850876
5451,0.5454,24,122,24,461496,214948,57962,68294,1.7024775060195159,0.24111537130792748
5452,0.5455,20,90,20,461586,214858,57982,68274,1.7017646686098087,0.24113840893999972
5453,0.5456,29,120,29,461706,214738,58011,68245,1.700814218730199,0.24116289671110985
5454,0.5457,22,143,22,461849,214595,58033,68223,1.6996815992903307,0.24122580599537513
5455,0.5458,17,99,17,461948,214496,58050,68206,1.6988974781396529,0.24126465323909982
5456,0.5459,25,146,25,462094,214350,58075,68181,1.6977410974527942,0.2413221911931788
5457,0.546,26,114,26,462208,214236,58101,68155,1.696838170067165,0.241349759730303
5458,0.5461,25,147,25,462355,214089,58126,68130,1.6956738689646433,0.24140826804715487
5459,0.5462,17,95,17,462450,213994,58143,68113,1.6949214294766188,0.2414438493195844
5460,0.5463,40,150,40,462600,213844,58183,68073,1.6937333671271069,0.24146468641479585
5461,0.5464,33,157,33,462757,213687,58216,68040,1.692489861867951,0.24151039836437402
5462,0.5465,22,105,22,462862,213582,58238,68018,1.6916582182232924,0.2415411931818182
5463,0.5466,19,82,19,462944,213500,58257,67999,1.6910087441388924,0.24156036078280918
5464,0.5467,19,77,19,463021,213423,58276,67980,1.6903988721328096,0.2415752497308131
5465,0.5468,30,126,30,463147,213297,58306,67950,1.6894008997592194,0.24160257709415567
5466,0.5469,31,139,31,463286,213158,58337,67919,1.6882999619820047,0.24163841225002403
5467,0.547,20,88,20,463374,213070,58357,67899,1.6876029654036244,0.2416601119696479
5468,0.5471,27,91,27,463465,212979,58384,67872,1.6868822075782537,0.24166550946943396
5469,0.5472,14,85,14,463550,212894,58398,67858,1.6862089722468636,0.24170086054596226
5470,0.5473,13,88,13,463638,212806,58411,67845,1.685511975668483,0.24174152238901697
5471,0.5474,39,179,39,463817,212627,58450,67806,1.684094221264732,0.2417903741713707
5472,0.5475,17,90,17,463907,212537,58467,67789,1.6833813838550247,0.24182202150353516
5473,0.5476,35,216,35,464123,212321,58502,67754,1.6816705740717273,0.241913773096492
5474,0.5477,23,123,23,464246,212198,58525,67731,1.6806963629451273,0.2419577821519028
5475,0.5478,39,160,39,464406,212038,58564,67692,1.679429096438981,0.24199049083044363
5476,0.5479,26,116,26,464522,211922,58590,67666,1.678510328222025,0.24202040144784467
5477,0.548,21,92,21,464614,211830,58611,67645,1.677781649980991,0.24204311655783164
5478,0.5481,36,146,36,464760,211684,58647,67609,1.6766252692941326,0.24207194594923612
5479,0.5482,30,130,30,464890,211554,58677,67579,1.6755956152578888,0.2421032267771994
5480,0.5483,33,160,33,465050,211394,58710,67546,1.6743283487517424,0.24215243421524343
5481,0.5484,21,145,21,465195,211249,58731,67525,1.6731798884805476,0.2422212975385079
5482,0.5485,19,89,19,465284,211160,58750,67506,1.6724749714865037,0.24224699102150962
5483,0.5486,27,131,27,465415,211029,58777,67479,1.6714373970345964,0.24228747468654402
5484,0.5487,65,201,65,465616,210828,58842,67414,1.66984539348625,0.24228549248495915
5485,0.5488,44,161,44,465777,210667,58886,67370,1.6685702065644406,0.24230588015264157
5486,0.5489,30,123,30,465900,210544,58916,67340,1.6675959954378405,0.2423313324984526
5487,0.549,17,104,17,466004,210440,58933,67323,1.6667722722088456,0.2423756943869414
5488,0.5491,33,188,33,466192,210252,58966,67290,1.6652832340641237,0.24244979138292583
5489,0.5492,21,104,21,466296,210148,58987,67269,1.6644595108351286,0.2424833373585613
5490,0.5493,23,125,23,466421,210023,59010,67246,1.6634694588772019,0.24252981761394168
5491,0.5494,30,170,30,466591,209853,59040,67216,1.6621229882144215,0.24259660950882272
5492,0.5495,43,138,43,466729,209715,59083,67173,1.6610299708528704,0.242599895986825
5493,0.5496,24,111,24,466840,209604,59107,67149,1.6601508047142315,0.2426315161895264
5494,0.5497,21,105,21,466945,209499,59128,67128,1.659319161069573,0.24266611719029596
5495,0.5498,18,101,18,467046,209398,59146,67110,1.658519199087568,0.24270545517670375
5496,0.5499,19,109,19,467155,209289,59165,67091,1.657655873780256,0.2427491135393299
5497,0.55,34,167,34,467322,209122,59199,67057,1.6563331643644659,0.24280267507667128
5498,0.5501,32,122,32,467444,209000,59231,67025,1.6553668736535294,0.24282220813332125
5499,0.5502,37,176,37,467620,208824,59268,66988,1.6539728804967684,0.24287558191811814
5500,0.5503,24,117,24,467737,208707,59292,66964,1.653046191864149,0.2429127474416968
5501,0.5504,24,132,24,467869,208575,59316,66940,1.6520006969965784,0.24296317804838213
5502,0.5505,28,126,28,467995,208449,59344,66912,1.6510027246229881,0.2429973743558456
5503,0.5506,25,152,25,468147,208297,59369,66887,1.6497988214421493,0.24306282341996627
5504,0.5507,11,52,11,468199,208245,59380,66876,1.6493869598276518,0.24307850000545214
5505,0.5508,42,186,42,468385,208059,59422,66834,1.6479137625142568,0.24312732590498848
5506,0.5509,15,65,15,468450,207994,59437,66819,1.647398935496135,0.24314351941138157
5507,0.551,20,103,20,468553,207891,59457,66799,1.646583132682803,0.2431795842586188
5508,0.5511,17,128,17,468681,207763,59474,66782,1.6455693194778862,0.24324609808956638
5509,0.5512,28,138,28,468819,207625,59502,66754,1.644476302116335,0.2432912139777461
5510,0.5513,25,107,25,468926,207518,59527,66729,1.6436288176403497,0.24331715570270596
5511,0.5514,20,94,20,469020,207424,59547,66709,1.6428842985679888,0.24334538344526196
5512,0.5515,26,151,26,469171,207273,59573,66683,1.6416883158028133,0.2434077005066507
5513,0.5516,30,146,30,469317,207127,59603,66653,1.6405319351159549,0.24345459858280372
5514,0.5517,30,142,30,469459,206985,59633,66623,1.63940723609175,0.2434979971345867
5515,0.5518,29,169,29,469628,206816,59662,66594,1.6380686858446332,0.24356826743718227
5516,0.5519,26,110,26,469738,206706,59688,66568,1.6371974401216576,0.24359434121065304
5517,0.552,39,157,39,469895,206549,59727,66529,1.6359539348625016,0.24362636316363823
5518,0.5521,17,62,17,469957,206487,59744,66512,1.63546286909137,0.2436345920681028
5519,0.5522,16,102,16,470059,206385,59760,66496,1.6346549866937017,0.24368131163400897
5520,0.5523,12,102,12,470161,206283,59772,66484,1.6338471042960334,0.24373916199540266
5521,0.5524,20,69,20,470230,206214,59792,66464,1.633300595615258,0.2437453699968461
5522,0.5525,31,142,31,470372,206072,59823,66433,1.632175896591053,0.24378635254399003
5523,0.5526,17,121,17,470493,205951,59840,66416,1.63121752629578,0.24384745582247483
5524,0.5527,46,179,46,470672,205772,59886,66370,1.629799771892029,0.2438800332179524
5525,0.5528,21,64,21,470736,205708,59907,66349,1.6292928652895704,0.24387904005410632
5526,0.5529,23,100,23,470836,205608,59930,66326,1.628500823723229,0.24390477101061286
5527,0.553,37,219,37,471055,205389,59967,66289,1.6267662526929414,0.24399840988228713
5528,0.5531,10,83,10,471138,205306,59977,66279,1.626108858192878,0.244045142404772
5529,0.5532,21,121,21,471259,205185,59998,66258,1.6251504878976049,0.24409544545263648
5530,0.5533,23,107,23,471366,205078,60021,66235,1.6243030034216195,0.24412763118612082
5531,0.5534,33,97,33,471463,204981,60054,66202,1.6235347231022683,0.24412297231021118
5532,0.5535,31,144,31,471607,204837,60085,66171,1.6223941832467368,0.24416622387530995
5533,0.5536,28,113,28,471720,204724,60113,66143,1.621499176276771,0.2441899530027652
5534,0.5537,37,199,37,471919,204525,60150,66106,1.6199230135597515,0.24426617793231373
5535,0.5538,20,95,20,472014,204430,60170,66086,1.6191705740717273,0.24429608599861005
5536,0.5539,17,102,17,472116,204328,60187,66069,1.618362691674059,0.2443407286323443
5537,0.554,58,261,58,472377,204067,60245,66011,1.6162954631859079,0.24441457652974327
5538,0.5541,29,123,29,472500,203944,60274,65982,1.615321252059308,0.24444477375280632
5539,0.5542,29,131,29,472631,203813,60303,65953,1.6142836776074008,0.2444822549913629
5540,0.5543,20,107,20,472738,203706,60323,65933,1.6134361931314156,0.24452323291511985
5541,0.5544,14,62,14,472800,203644,60337,65919,1.612945127360284,0.24454023734711366
5542,0.5545,34,131,34,472931,203513,60371,65885,1.6119075529083766,0.2445638052249831
5543,0.5546,22,111,22,473042,203402,60393,65863,1.6110283867697377,0.24460290048836647
5544,0.5547,17,88,17,473130,203314,60410,65846,1.6103313901913572,0.24463516124238371
5545,0.5548,30,148,30,473278,203166,60440,65816,1.6091591686731719,0.24468551799005137
5546,0.5549,26,75,26,473353,203091,60466,65790,1.608565137498416,0.24468073236859428
5547,0.555,37,130,37,473483,202961,60503,65753,1.607535483462172,0.24469510334407585
5548,0.5551,18,99,18,473582,202862,60521,65735,1.6067513623114942,0.2447346768578949
5549,0.5552,42,176,42,473758,202686,60563,65693,1.6053573691547331,0.2447769758438626
5550,0.5553,21,165,21,473923,202521,60584,65672,1.6040505005702699,0.24486843429918007
5551,0.5554,23,117,23,474040,202404,60607,65649,1.6031238119376505,0.24491052142673278
5552,0.5555,17,105,17,474145,202299,60624,65632,1.602292168292992,0.24495859008476062
5553,0.5556,34,133,34,474278,202166,60658,65598,1.601238753009758,0.24498438923828447
5554,0.5557,30,144,30,474422,202022,60688,65568,1.6000982131542263,0.24503157816061885
5555,0.5558,23,104,23,474526,201918,60711,65545,1.5992744899252314,0.24506193380018917
5556,0.5559,10,47,10,474573,201871,60721,65535,1.5989022303890508,0.2450767746423042
5557,0.556,22,94,22,474667,201777,60743,65513,1.5981577113166898,0.24510082681731452
5558,0.5561,12,68,12,474735,201709,60755,65501,1.5976191230515777,0.24512929905317915
5559,0.5562,34,164,34,474899,201545,60789,65467,1.5963201748827778,0.24518373706050664
5560,0.5563,28,125,28,475024,201420,60817,65439,1.595330122924851,0.245219385518195
5561,0.5564,28,167,28,475191,201253,60845,65411,1.594007413509061,0.24529370293702937
5562,0.5565,18,87,18,475278,201166,60863,65393,1.593318337346344,0.2453227990801286
5563,0.5566,16,75,16,475353,201091,60879,65377,1.592724306171588,0.24534653316720956
5564,0.5567,28,103,28,475456,200988,60907,65349,1.5919085033582563,0.24536207887000305
5565,0.5568,52,260,52,475716,200728,60959,65297,1.5898491952857685,0.24545437458885444
5566,0.5569,20,80,20,475796,200648,60979,65277,1.5892155620326955,0.2454714675190373
5567,0.557,40,240,40,476036,200408,61019,65237,1.5873146622734762,0.24557962694573585
5568,0.5571,19,71,19,476107,200337,61038,65218,1.5867523127613736,0.24559130876842838
5569,0.5572,19,75,19,476182,200262,61057,65199,1.5861582815866178,0.24560669928916112
5570,0.5573,22,84,22,476266,200178,61079,65177,1.5854929666708908,0.24562190273407322
5571,0.5574,19,67,19,476333,200111,61098,65158,1.5849622988214422,0.24562990775401575
5572,0.5575,24,118,24,476451,199993,61122,65134,1.5840276897731593,0.24567094260486483
5573,0.5576,36,163,36,476614,199830,61158,65098,1.5827366620200227,0.24571959173813263
5574,0.5577,23,101,23,476715,199729,61181,65075,1.581936700038018,0.2457477983716258
5575,0.5578,6,28,6,476743,199701,61187,65069,1.5817149283994425,0.24575669448955698
5576,0.5579,32,142,32,476885,199559,61219,65037,1.5805902293752376,0.24579736655127063
5577,0.558,33,189,33,477074,199370,61252,65004,1.5790932708148524,0.24587894422295686
5578,0.5581,13,75,13,477149,199295,61265,64991,1.5784992396400963,0.24591162604148536
5579,0.5582,25,131,25,477280,199164,61290,64966,1.577461665188189,0.2459622155756635
5580,0.5583,20,97,20,477377,199067,61310,64946,1.5766933848688378,0.24599546234465727
5581,0.5584,16,99,16,477476,198968,61326,64930,1.57590926371816,0.24604203139091618
5582,0.5585,45,162,45,477638,198806,61371,64885,1.574626156380687,0.24606452249033908
5583,0.5586,40,188,40,477826,198618,61411,64845,1.573137118235965,0.2461256419307455
5584,0.5587,43,172,43,477998,198446,61454,64802,1.5717748067418578,0.2461633136813955
5585,0.5588,24,63,24,478061,198383,61478,64778,1.5712758205550628,0.24615349538875442
5586,0.5589,20,90,20,478151,198293,61498,64758,1.5705629831453554,0.24618039847786172
5587,0.559,25,122,25,478273,198171,61523,64733,1.569596692434419,0.2462229559078599
5588,0.5591,26,149,26,478422,198022,61549,64707,1.5684165505005703,0.24628800018269775
5589,0.5592,20,69,20,478491,197953,61569,64687,1.5678700418197946,0.2462953091684435
5590,0.5593,32,142,32,478633,197811,61601,64655,1.56674534279559,0.2463366683684744
5591,0.5594,29,160,29,478793,197651,61630,64626,1.5654780762894436,0.24640361144896425
5592,0.5595,27,117,27,478910,197534,61657,64599,1.5645513876568242,0.24643596952691954
5593,0.5596,16,99,16,479009,197435,61673,64583,1.5637672665061462,0.24648306604889741
5594,0.5597,39,212,39,479221,197223,61712,64544,1.5620881383855025,0.24657042331539117
5595,0.5598,24,161,24,479382,197062,61736,64520,1.5608129514636928,0.2466530571675421
5596,0.5599,12,83,12,479465,196979,61748,64508,1.5601555569636294,0.24669677651279032
5597,0.56,57,240,57,479705,196739,61805,64451,1.55825465720441,0.24675906428270608
5598,0.5601,28,99,28,479804,196640,61833,64423,1.5574705360537322,0.24677185200507157
5599,0.5602,16,82,16,479886,196558,61849,64407,1.5568210619693321,0.24680321115858447
5600,0.5603,21,127,21,480013,196431,61870,64386,1.5558151691800786,0.2468627428426828
5601,0.5604,21,77,21,480090,196354,61891,64365,1.5552052971739956,0.24687498801391536
5602,0.5605,27,85,27,480175,196269,61918,64338,1.5545320618426055,0.24687748218582004
5603,0.5606,15,93,15,480268,196176,61933,64323,1.5537954631859079,0.2469222530604724
5604,0.5607,21,85,21,480353,196091,61954,64302,1.5531222278545178,0.24694212210005645
5605,0.5608,40,242,40,480595,195849,61994,64262,1.5512054872639716,0.24705606452629839
5606,0.5609,64,297,64,480892,195552,62058,64198,1.5488531238119376,0.24715303176130896
5607,0.561,30,152,30,481044,195400,62088,64168,1.5476492206310988,0.2472107501695124
5608,0.5611,23,144,23,481188,195256,62111,64145,1.546508680775567,0.24728123638690677
5609,0.5612,22,112,22,481300,195144,62133,64123,1.5456215942212648,0.2473241870349871
5610,0.5613,16,58,16,481358,195086,62149,64107,1.5451622101127866,0.24733306840848326
5611,0.5614,38,231,38,481589,194855,62187,64069,1.5433325940945382,0.24744326520523396
5612,0.5615,47,180,47,481769,194675,62234,64022,1.5419069192751236,0.24747871061512117
5613,0.5616,8,28,8,481797,194647,62242,64014,1.541685147636548,0.24748222577040993
5614,0.5617,16,101,16,481898,194546,62258,63998,1.5408851856545431,0.24753233492171545
5615,0.5618,33,188,33,482086,194358,62291,63965,1.5393961475098212,0.24761635626715392
5616,0.5619,17,127,17,482213,194231,62308,63948,1.5383902547205677,0.24768861913633564
5617,0.562,34,164,34,482377,194067,62342,63914,1.5370913065517677,0.2477469270992825
5618,0.5621,26,130,26,482507,193937,62368,63888,1.536061652515524,0.24779598564918065
5619,0.5622,14,82,14,482589,193855,62382,63874,1.535412178431124,0.24783396513391973
5620,0.5623,50,217,50,482806,193638,62432,63824,1.5336934482321631,0.247896777000101
5621,0.5624,34,111,34,482917,193527,62466,63790,1.5328142820935242,0.24790433589696756
5622,0.5625,22,87,22,483004,193440,62488,63768,1.5321252059308073,0.24792385928898011
5623,0.5626,5,52,5,483056,193388,62493,63763,1.5317133443163098,0.2479593701755
5624,0.5627,44,196,44,483252,193192,62537,63719,1.5301609428462806,0.24801974224536902
5625,0.5628,26,106,26,483358,193086,62563,63693,1.5293213787859588,0.24804598506887246
5626,0.5629,29,121,29,483479,192965,62592,63664,1.5283630084906856,0.24807796468832438
5627,0.563,9,58,9,483537,192907,62601,63655,1.5279036243822075,0.24810766988096444
5628,0.5631,31,134,31,483671,192773,62632,63624,1.5268422886833102,0.24814642917038812
5629,0.5632,31,160,31,483831,192613,62663,63593,1.5255750221771638,0.24821042442409624
5630,0.5633,16,63,16,483894,192550,62679,63577,1.5250760359903688,0.24822451362019624
5631,0.5634,16,53,16,483947,192497,62695,63561,1.5246562539602078,0.248228916886018
5632,0.5635,16,104,16,484051,192393,62711,63545,1.5238325307312128,0.24828278723753408
5633,0.5636,25,141,25,484192,192252,62736,63520,1.5227157521226713,0.24834618331951894
5634,0.5637,17,137,17,484329,192115,62753,63503,1.5216306551767838,0.2484292968413805
5635,0.5638,12,75,12,484404,192040,62765,63491,1.5210366240020277,0.248466917908199
5636,0.5639,25,84,25,484488,191956,62790,63466,1.520371309086301,0.24847507262491092
5637,0.564,25,125,25,484613,191831,62815,63441,1.519381257128374,0.24852314394058103
5638,0.5641,21,65,21,484678,191766,62836,63420,1.5188664301102521,0.24852460558181091
5639,0.5642,29,171,29,484849,191595,62865,63391,1.5175120390318084,0.24860580580894637
5640,0.5643,12,104,12,484953,191491,62877,63379,1.5166883158028133,0.24867187193471182
5641,0.5644,12,55,12,485008,191436,62889,63367,1.5162526929413256,0.24869016455850207
5642,0.5645,26,126,26,485134,191310,62915,63341,1.5152547205677354,0.24873650604160202
5643,0.5646,18,132,18,485266,191178,62933,63323,1.5142092257001647,0.24881238187669202
5644,0.5647,24,110,24,485376,191068,62957,63299,1.513337979977189,0.24884910385388043
5645,0.5648,36,157,36,485533,190911,62993,63263,1.5120944747180332,0.24889642528346723
5646,0.5649,14,85,14,485618,190826,63007,63249,1.511421239386643,0.24893830561841976
5647,0.565,31,131,31,485749,190695,63038,63218,1.5103836649347357,0.24897504263271278
5648,0.5651,26,167,26,485916,190528,63064,63192,1.5090609555189456,0.24906195806400758
5649,0.5652,19,107,19,486023,190421,63083,63173,1.5082134710429604,0.24911078337815565
5650,0.5653,20,104,20,486127,190317,63103,63153,1.5073897478139653,0.24915374600544443
5651,0.5654,45,166,45,486293,190151,63148,63108,1.5060749588138385,0.24918364204233612
5652,0.5655,39,160,39,486453,189991,63187,63069,1.5048076923076923,0.24922548012329093
5653,0.5656,17,85,17,486538,189906,63204,63052,1.5041344569763022,0.24925877023063117
5654,0.5657,18,153,18,486691,189753,63222,63034,1.5029226333797998,0.24935617733506865
5655,0.5658,53,196,53,486887,189557,63275,62981,1.5013702319097706,0.24939217068322392
5656,0.5659,19,120,19,487007,189437,63294,62962,1.500419782030161,0.24945423714040071
5657,0.566,24,116,24,487123,189321,63318,62938,1.499501013813205,0.24949754022651321
5658,0.5661,30,119,30,487242,189202,63348,62908,1.4985584843492588,0.24952600055531315
5659,0.5662,23,138,23,487380,189064,63371,62885,1.4974654669877074,0.24959416389824926
5660,0.5663,19,70,19,487450,188994,63390,62866,1.4969110378912684,0.249606924481855
5661,0.5664,28,108,28,487558,188886,63418,62838,1.4960556329996197,0.24963054774276588
5662,0.5665,56,183,56,487741,188703,63474,62782,1.494606196933215,0.24964510805813467
5663,0.5666,21,141,21,487882,188562,63495,62761,1.4934894183246736,0.24972246869566256
5664,0.5667,33,175,33,488057,188387,63528,62728,1.4921033455835762,0.24979790135993468
5665,0.5668,20,125,20,488182,188262,63548,62708,1.4911132936256495,0.24986253337052236
5666,0.5669,23,99,23,488281,188163,63571,62685,1.4903291724749714,0.24989236509758897
5667,0.567,27,123,27,488404,188040,63598,62658,1.4893549613483716,0.24993418375894502
5668,0.5671,20,88,20,488492,187952,63618,62638,1.4886579647699911,0.2499620894688535
5669,0.5672,25,144,25,488636,187808,63643,62613,1.4875174249144596,0.25003094788376373
5670,0.5673,21,85,21,488721,187723,63664,62592,1.4868441895830693,0.25005293330403694
5671,0.5674,23,108,23,488829,187615,63687,62569,1.4859887846914206,0.25009193233779936
5672,0.5675,19,101,19,488930,187514,63706,62550,1.4851888227094159,0.2501359651929106
5673,0.5676,54,186,54,489116,187328,63760,62496,1.4837156253960209,0.2501601127193544
5674,0.5677,29,119,29,489235,187209,63789,62467,1.4827730959320746,0.25019224915490473
5675,0.5678,19,68,19,489303,187141,63808,62448,1.4822345076669623,0.2502033342815589
5676,0.5679,10,38,10,489341,187103,63818,62438,1.4819335318717526,0.25021138810856736
5677,0.568,24,93,24,489434,187010,63842,62414,1.4811969332150552,0.25023253576239657
5678,0.5681,26,134,26,489568,186876,63868,62388,1.4801355975161576,0.25028885037550547
5679,0.5682,38,155,38,489723,186721,63906,62350,1.4789079330883286,0.2503302271239928
5680,0.5683,17,125,17,489848,186596,63923,62333,1.4779178811304017,0.25040473387994167
5681,0.5684,12,68,12,489916,186528,63935,62321,1.4773792928652896,0.250437012003263
5682,0.5685,19,114,19,490030,186414,63954,62302,1.4764763654796604,0.25049453995722026
5683,0.5686,23,115,23,490145,186299,63977,62279,1.4755655176783677,0.2505410776496713
5684,0.5687,27,153,27,490298,186146,64004,62252,1.4743536940818653,0.25061393408964644
5685,0.5688,27,167,27,490465,185979,64031,62225,1.4730309846660752,0.2507010362443796
5686,0.5689,17,105,17,490570,185874,64048,62208,1.4721993410214167,0.25075579848598445
5687,0.569,15,100,15,490670,185774,64063,62193,1.4714072994550753,0.25081159993063595
5688,0.5691,24,72,24,490742,185702,64087,62169,1.4708370295273097,0.25081191426185395
5689,0.5692,29,152,29,490894,185550,64116,62140,1.4696331263464706,0.2508781137712463
5690,0.5693,39,235,39,491129,185315,64155,62101,1.4677718286655683,0.2509983186212694
5691,0.5694,19,101,19,491230,185214,64174,62082,1.4669718666835636,0.2510432841614907
5692,0.5695,22,94,22,491324,185120,64196,62060,1.4662273476112027,0.2510720932114249
5693,0.5696,18,71,18,491395,185049,64214,62042,1.4656649980991003,0.25108967951078753
5694,0.5697,15,83,15,491478,184966,64229,62027,1.465007603599037,0.251128574494014
5695,0.5698,15,57,15,491535,184909,64244,62012,1.4645561399062224,0.251141053211351
5696,0.5699,23,157,23,491692,184752,64267,61989,1.4633126346470662,0.25123104794095835
5697,0.57,32,138,32,491830,184614,64299,61957,1.462219617285515,0.25127448077835596
5698,0.5701,18,61,18,491891,184553,64317,61939,1.461736471930047,0.25128198886779285
5699,0.5702,33,132,33,492023,184421,64350,61906,1.4606909770624763,0.2513163396623188
5700,0.5703,23,88,23,492111,184333,64373,61883,1.4599939804840958,0.25133622510316145
5701,0.5704,33,123,33,492234,184210,64406,61850,1.4590197693574958,0.2513614565553117
5702,0.5705,20,83,20,492317,184127,64426,61830,1.4583623748574326,0.25138540476587373
5703,0.5706,13,52,13,492369,184075,64439,61817,1.457950513242935,0.25139898817366974
5704,0.5707,16,110,16,492479,183965,64455,61801,1.4570792675199595,0.2514627735325472
5705,0.5708,41,119,41,492598,183846,64496,61760,1.456136738056013,0.2514596548944244
5706,0.5709,34,122,34,492720,183724,64530,61726,1.4551704473450766,0.25148095335098797
5707,0.571,21,147,21,492867,183577,64551,61705,1.4540061462425549,0.25156758343457736
5708,0.5711,27,116,27,492983,183461,64578,61678,1.4530873780255988,0.2516041919074484
5709,0.5712,9,49,9,493032,183412,64587,61669,1.4526992776580916,0.2516270131099514
5710,0.5713,28,84,28,493116,183328,64615,61641,1.4520339627423646,0.25162775698149564
5711,0.5714,26,124,26,493240,183204,64641,61615,1.4510518312001013,0.2516757277825659
5712,0.5715,26,116,26,493356,183088,64667,61589,1.4501330629831453,0.2517155270009032
5713,0.5716,30,166,30,493522,182922,64697,61559,1.4488182739830187,0.2517946179866738
5714,0.5717,15,88,15,493610,182834,64712,61544,1.4481212774046381,0.2518393636088355
5715,0.5718,22,109,22,493719,182725,64734,61522,1.447257952097326,0.25188436296044575
5716,0.5719,20,56,20,493775,182669,64754,61502,1.4468144088201749,0.25188085399166976
5717,0.572,37,161,37,493936,182508,64791,61465,1.4455392218983651,0.2519336156050055
5718,0.5721,23,128,23,494064,182380,64814,61442,1.4445254086934483,0.25199530805259573
5719,0.5722,9,41,9,494105,182339,64823,61433,1.4442006716512483,0.2520100749881036
5720,0.5723,30,137,30,494242,182202,64853,61403,1.4431155747053606,0.25205968678803803
5721,0.5724,31,121,31,494363,182081,64884,61372,1.4421572044100874,0.25208972573761673
5722,0.5725,21,61,21,494424,182020,64905,61351,1.441674059054619,0.25208837536107426
5723,0.5726,21,58,21,494482,181962,64926,61330,1.4412146749461412,0.2520839156240238
5724,0.5727,28,124,28,494606,181838,64954,61302,1.4402325434038779,0.2521263469605988
5725,0.5728,28,98,28,494704,181740,64982,61274,1.4394563426688634,0.2521418519097665
5726,0.5729,25,93,25,494797,181647,65007,61249,1.4387197440121657,0.25216141887886173
5727,0.573,18,86,18,494883,181561,65025,61231,1.438038588265112,0.25219529473788266
5728,0.5731,35,136,35,495019,181425,65060,61196,1.436961411734888,0.25222878481252653
5729,0.5732,24,116,24,495135,181309,65084,61172,1.4360426435179319,0.25227543601354335
5730,0.5733,29,133,29,495268,181176,65113,61143,1.4349892282346977,0.2523244153368081
5731,0.5734,24,129,24,495397,181047,65137,61119,1.4339674946141174,0.2523847278313223
5732,0.5735,28,157,28,495554,180890,65165,61091,1.4327239893549613,0.2524619701546816
5733,0.5736,13,85,13,495639,180805,65178,61078,1.4320507540235712,0.25251051128024704
5734,0.5737,16,106,16,495745,180699,65194,61062,1.4312111899632494,0.25257175474952537
5735,0.5738,36,121,36,495866,180578,65230,61026,1.4302528196679762,0.2525868777007003
5736,0.5739,21,119,21,495985,180459,65251,61005,1.42931029020403,0.2526463572209522
5737,0.574,28,148,28,496133,180311,65279,60977,1.4281380686858447,0.2527145983223368
5738,0.5741,36,172,36,496305,180139,65315,60941,1.4267757571917374,0.25278330844532937
5739,0.5742,31,157,31,496462,179982,65346,60910,1.4255322519325815,0.25285190043671024
5740,0.5743,12,61,12,496523,179921,65358,60898,1.4250491065771131,0.25287871804135054
5741,0.5744,25,122,25,496645,179799,65383,60873,1.4240828158661767,0.2529292979656961
5742,0.5745,9,54,9,496699,179745,65392,60864,1.4236551134203523,0.25295811877361196
5743,0.5746,17,74,17,496773,179671,65409,60847,1.4230690026612596,0.2529831447126618
5744,0.5747,23,80,23,496853,179591,65432,60824,1.4224353694081866,0.25299586132312873
5745,0.5748,11,73,11,496926,179518,65443,60813,1.4218571790647574,0.2530385177109903
5746,0.5749,21,67,21,496993,179451,65464,60792,1.4213265112153086,0.2530437931594261
5747,0.575,38,179,38,497172,179272,65502,60754,1.4199087568115574,0.253114245956688
5748,0.5751,13,62,13,497234,179210,65515,60741,1.4194176910404257,0.25313918258311074
5749,0.5752,28,121,28,497355,179089,65543,60713,1.4184593207451528,0.25317970659127115
5750,0.5753,29,128,29,497483,178961,65572,60684,1.4174455075402357,0.2532245613303011
5751,0.5754,30,104,30,497587,178857,65602,60654,1.4166217843112408,0.2532409784936809
5752,0.5755,10,49,10,497636,178808,65612,60644,1.4162336839437333,0.253261614018676
5753,0.5756,25,94,25,497730,178714,65637,60619,1.4154891648713726,0.25328308256696735
5754,0.5757,19,94,19,497824,178620,65656,60600,1.4147446457990116,0.2533233007273639
5755,0.5758,21,79,21,497903,178541,65677,60579,1.4141189329616017,0.25334141853462694
5756,0.5759,25,129,25,498032,178412,65702,60554,1.4130971993410215,0.2534000652812534
5757,0.576,19,89,19,498121,178323,65721,60535,1.4123922823469777,0.25343509532860525
5758,0.5761,28,106,28,498227,178217,65749,60507,1.4115527182866556,0.2534600626665103
5759,0.5762,26,116,26,498343,178101,65775,60481,1.4106339500696996,0.25350194063257075
5760,0.5763,13,73,13,498416,178028,65788,60468,1.4100557597262704,0.25353884341875754
5761,0.5764,9,57,9,498473,177971,65797,60459,1.4096042960334558,0.25357127878203245
5762,0.5765,12,36,12,498509,177935,65809,60447,1.409319161069573,0.2535719978857464
5763,0.5766,13,53,13,498562,177882,65822,60434,1.408899379039412,0.25358767350912237
5764,0.5767,20,84,20,498646,177798,65842,60414,1.4082340641236852,0.2536144274847615
5765,0.5768,10,68,10,498714,177730,65852,60404,1.4076954758585731,0.2536555048838049
5766,0.5769,36,115,36,498829,177615,65888,60368,1.4067846280572804,0.2536651777647983
5767,0.577,18,99,18,498928,177516,65906,60350,1.4060005069066024,0.25371427610503394
5768,0.5771,58,200,58,499128,177316,65964,60292,1.4044164237739196,0.2537456651291202
5769,0.5772,35,186,35,499314,177130,65999,60257,1.4029432264605246,0.2538344559727365
5770,0.5773,21,79,21,499393,177051,66020,60236,1.402317513623115,0.2538529291533038
5771,0.5774,35,92,35,499485,176959,66055,60201,1.401588835382081,0.2538412885815483
5772,0.5775,30,101,30,499586,176858,66085,60171,1.400788873400076,0.2538550135215522
5773,0.5776,23,190,23,499776,176668,66108,60148,1.3992839944240274,0.25398621714749003
5774,0.5777,22,85,22,499861,176583,66130,60126,1.398610759092637,0.25400808587759655
5775,0.5778,24,83,24,499944,176500,66154,60102,1.397953364592574,0.2540215213734457
5776,0.5779,27,134,27,500078,176366,66181,60075,1.3968920288936764,0.25408029910210156
5777,0.578,27,126,27,500204,176240,66208,60048,1.3958940565200861,0.2541305525460455
5778,0.5781,9,43,9,500247,176197,66217,60039,1.3955534786465593,0.25414839397890243
5779,0.5782,32,136,32,500383,176061,66249,60007,1.394476302116335,0.25419370689801246
5780,0.5783,16,71,16,500454,175990,66265,59991,1.3939139526042326,0.25421961937613624
5781,0.5784,21,95,21,500549,175895,66286,59970,1.3931615131162083,0.2542556123206071
5782,0.5785,33,97,33,500646,175798,66319,59937,1.3923932327968571,0.2542558381233164
5783,0.5786,16,94,16,500740,175704,66335,59921,1.3916487137244962,0.25430663129973474
5784,0.5787,18,119,18,500859,175585,66353,59903,1.39070618426055,0.2543781424106536
5785,0.5788,37,174,37,501033,175411,66390,59866,1.389328031935116,0.2544490111655623
5786,0.5789,21,111,21,501144,175300,66411,59845,1.388448865796477,0.25450254098534947
5787,0.579,9,77,9,501221,175223,66420,59836,1.387838993790394,0.2545573664484236
5788,0.5791,46,148,46,501369,175075,66466,59790,1.3866667722722088,0.25457177527515806
5789,0.5792,43,169,43,501538,174906,66509,59747,1.385328222025092,0.25461852181732175
5790,0.5793,26,107,26,501645,174799,66535,59721,1.3844807375491066,0.25465205526181134
5791,0.5794,24,105,24,501750,174694,66559,59697,1.3836490939044481,0.25468981317542055
5792,0.5795,14,55,14,501805,174639,66573,59683,1.3832134710429604,0.2547050639717995
5793,0.5796,18,70,18,501875,174569,66591,59665,1.3826590419465214,0.25472390857006244
5794,0.5797,22,125,22,502000,174444,66613,59643,1.3816689899885946,0.2547898858116854
5795,0.5798,28,105,28,502105,174339,66641,59615,1.380837346343936,0.25481504911221864
5796,0.5799,14,42,14,502147,174297,66655,59601,1.3805046888860728,0.2548162019341764
5797,0.58,47,189,47,502336,174108,66702,59554,1.3790077303256876,0.25487242255908105
5798,0.5801,26,67,26,502403,174041,66728,59528,1.3784770624762388,0.2548625887853268
5799,0.5802,33,188,33,502591,173853,66761,59495,1.376988024331517,0.25496254521144385
5800,0.5803,24,149,24,502740,173704,66785,59471,1.3758078823976683,0.25504878310281975
5801,0.5804,9,60,9,502800,173644,66794,59462,1.3753326574578635,0.2550856691805445
5802,0.5805,29,179,29,502979,173465,66823,59433,1.3739149030541122,0.2551889668438544
5803,0.5806,15,83,15,503062,173382,66838,59418,1.3732575085540488,0.2552319587628866
5804,0.5807,14,59,14,503121,173323,66852,59404,1.3727902040299076,0.25525186162327534
5805,0.5808,25,118,25,503239,173205,66877,59379,1.3718555949816247,0.255301310494273
5806,0.5809,48,184,48,503423,173021,66925,59331,1.3703982384995566,0.2553496419226002
5807,0.581,7,43,7,503466,172978,66932,59324,1.3700576606260297,0.2553744694406419
5808,0.5811,16,113,16,503579,172865,66948,59308,1.369162653656064,0.25544744651617546
5809,0.5812,22,80,22,503659,172785,66970,59286,1.3685290204029907,0.2554649223728945
5810,0.5813,16,80,16,503739,172705,66986,59270,1.3678953871499175,0.2555016704386249
5811,0.5814,20,88,20,503827,172617,67006,59250,1.3671983905715372,0.2555344227509736
5812,0.5815,11,46,11,503873,172571,67017,59239,1.3668340514510202,0.2555498037185626
5813,0.5816,24,135,24,504008,172436,67041,59215,1.3657647953364593,0.25562160318755367
5814,0.5817,36,174,36,504182,172262,67077,59179,1.3643866430110252,0.2556979964656219
5815,0.5818,21,67,21,504249,172195,67098,59158,1.3638559751615764,0.25570448621803044
5816,0.5819,15,83,15,504332,172112,67113,59143,1.3631985806615132,0.2557479838273767
5817,0.582,10,61,10,504393,172051,67123,59133,1.3627154353060449,0.25578327219876806
5818,0.5821,18,98,18,504491,171953,67141,59115,1.3619392345710304,0.25583378053213773
5819,0.5822,21,62,21,504553,171891,67162,59094,1.3614481687998987,0.25583479446717317
5820,0.5823,29,178,29,504731,171713,67191,59065,1.360038334811811,0.255938607666242
5821,0.5824,8,67,8,504798,171646,67199,59057,1.3595076669623622,0.25598713497440434
5822,0.5825,36,151,36,504949,171495,67235,59021,1.3583116841971867,0.25603862638602093
5823,0.5826,47,172,47,505121,171323,67282,58974,1.3569493727030795,0.2560780209902865
5824,0.5827,20,106,20,505227,171217,67302,58954,1.3561098086427577,0.25613131106872716
5825,0.5828,33,142,33,505369,171075,67335,58921,1.3549851096185528,0.2561827162211517
5826,0.5829,26,125,26,505494,170950,67361,58895,1.3539950576606261,0.25623789945397984
5827,0.583,30,131,30,505625,170819,67391,58865,1.3529574832087188,0.25628689852144687
5828,0.5831,8,43,8,505668,170776,67399,58857,1.352616905335192,0.2563089799811003
5829,0.5832,21,133,21,505801,170643,67420,58836,1.351563490051958,0.256389473546599
5830,0.5833,25,94,25,505895,170549,67445,58811,1.350818970979597,0.25641349843041505
5831,0.5834,20,90,20,505985,170459,67465,58791,1.3501061335698898,0.2564492911668484
5832,0.5835,24,108,24,506093,170351,67489,58767,1.3492507286782411,0.2564922878167582
5833,0.5836,52,207,52,506300,170144,67541,58715,1.3476112026359144,0.2565553463049301
5834,0.5837,20,73,20,506373,170071,67561,58695,1.3470330122924852,0.25657221789951307
5835,0.5838,26,108,26,506481,169963,67587,58669,1.3461776074008365,0.25660887364848317
5836,0.5839,62,210,62,506691,169753,67649,58607,1.3445143201115195,0.25664301979330884
5837,0.584,44,221,44,506912,169532,67693,58563,1.342763908249905,0.2567482847059339
5838,0.5841,15,59,15,506971,169473,67708,58548,1.3422966037257635,0.2567658242004026
5839,0.5842,60,250,60,507221,169223,67768,58488,1.34031649980991,0.2568518868214535
5840,0.5843,32,129,32,507350,169094,67800,58456,1.3392947661893295,0.25689299055152715
5841,0.5844,19,87,19,507437,169007,67819,58437,1.3386056900266126,0.2569291781713301
5842,0.5845,8,83,8,507520,168924,67827,58429,1.3379482955265491,0.25699682872009605
5843,0.5846,18,127,18,507647,168797,67845,58411,1.3369424027372956,0.25708161684447733
5844,0.5847,6,34,6,507681,168763,67851,58405,1.3366731086047396,0.25710047189745033
5845,0.5848,41,166,41,507847,168597,67892,58364,1.3353583196046128,0.2571543128555126
5846,0.5849,38,144,38,507991,168453,67930,58326,1.3342177797490813,0.2571931263476777
5847,0.585,27,105,27,508096,168348,67957,58299,1.3333861361044228,0.25722378853459343
5848,0.5851,23,115,23,508211,168233,67980,58276,1.3324752883031301,0.2572789602179163
5849,0.5852,24,119,24,508330,168114,68004,58252,1.3315327588391839,0.2573354655734518
5850,0.5853,29,121,29,508451,167993,68033,58223,1.3305743885439107,0.2573779043038512
5851,0.5854,17,74,17,508525,167919,68050,58206,1.3299882777848182,0.25740630182421226
5852,0.5855,25,119,25,508644,167800,68075,58181,1.329045748320872,0.25745969793920725
5853,0.5856,25,127,25,508771,167673,68100,58156,1.3280398555316184,0.25752228456044174
5854,0.5857,24,106,24,508877,167567,68124,58132,1.3272002914712964,0.2575642780871869
5855,0.5858,20,104,20,508981,167463,68144,58112,1.3263765682423014,0.2576172004876427
5856,0.5859,29,118,29,509099,167345,68173,58083,1.3254419591940185,0.25765654665791293
5857,0.586,24,80,24,509179,167265,68197,58059,1.3248083259409453,0.25766895670234863
5858,0.5861,22,101,22,509280,167164,68219,58037,1.3240083639589406,0.2577119995026665
5859,0.5862,27,139,27,509419,167025,68246,58010,1.322907426181726,0.25778212278090074
5860,0.5863,48,136,48,509555,166889,68294,57962,1.3218302496515018,0.2577795962659717
5861,0.5864,16,51,16,509606,166838,68310,57946,1.3214263084526676,0.25778525161933236
5862,0.5865,20,81,20,509687,166757,68330,57926,1.320784754783931,0.25781211751667904
5863,0.5866,45,158,45,509845,166599,68375,57881,1.3195333291091116,0.25784479686386313
5864,0.5867,30,112,30,509957,166487,68405,57851,1.3186462425548093,0.2578742789897387
5865,0.5868,13,91,13,510048,166396,68418,57838,1.3179254847294386,0.25793590624080204
5866,0.5869,29,94,29,510142,166302,68447,57809,1.3171809656570777,0.25794807037584055
5867,0.587,15,95,15,510237,166207,68462,57794,1.3164285261690534,0.2580077767509966
5868,0.5871,15,109,15,510346,166098,68477,57779,1.3155652008617413,0.25808367987779
5869,0.5872,13,96,13,510442,166002,68490,57766,1.3148048409580535,0.25815129956025884
5870,0.5873,25,124,25,510566,165878,68515,57741,1.3138227094157902,0.258211511544189
5871,0.5874,23,80,23,510646,165798,68538,57718,1.313189076162717,0.258227598919093
5872,0.5875,44,137,44,510783,165661,68582,57674,1.3121039792168292,0.2582398638816128
5873,0.5876,18,70,18,510853,165591,68600,57656,1.3115495501203904,0.25826102926355116
5874,0.5877,14,70,14,510923,165521,68614,57642,1.3109951210239514,0.2582955059754529
5875,0.5878,30,87,30,511010,165434,68644,57612,1.3103060448612343,0.25829649489343004
5876,0.5879,19,65,19,511075,165369,68663,57593,1.3097912178431124,0.25830859070155454
5877,0.588,26,48,26,511123,165321,68689,57567,1.3094110378912684,0.2582777000107677
5878,0.5881,14,96,14,511219,165225,68703,57553,1.3086506779875808,0.25834238569338086
5879,0.5882,26,116,26,511335,165109,68729,57527,1.3077319097706248,0.25839037711780666
5880,0.5883,9,47,9,511382,165062,68738,57518,1.3073596502344442,0.2584149519273969
5881,0.5884,20,99,20,511481,164963,68758,57498,1.3065755290837664,0.2584632812043459
5882,0.5885,31,150,31,511631,164813,68789,57467,1.3053874667342542,0.2585342810869174
5883,0.5886,30,127,30,511758,164686,68819,57437,1.3043815739450006,0.2585819568437307
5884,0.5887,9,48,9,511806,164638,68828,57428,1.3040013939931567,0.2586078012843029
5885,0.5888,34,167,34,511973,164471,68862,57394,1.3026786845773666,0.2586888423140198
5886,0.5889,23,101,23,512074,164370,68885,57371,1.3018787225953619,0.25872977933715463
5887,0.589,12,76,12,512150,164294,68897,57359,1.3012767710049424,0.2587783607711152
5888,0.5891,28,96,28,512246,164198,68925,57331,1.3005164111012546,0.2587968166696008
5889,0.5892,14,75,14,512321,164123,68939,57317,1.2999223799264985,0.2588376083815029
5890,0.5893,11,50,11,512371,164073,68950,57306,1.299526359143328,0.2588592413914599
5891,0.5894,25,114,25,512485,163959,68975,57281,1.2986234317576986,0.25890887723738926
5892,0.5895,45,188,45,512673,163771,69020,57236,1.2971343936129769,0.25897822240924495
5893,0.5896,45,187,45,512860,163584,69065,57191,1.2956532758839183,0.25904654059562904
5894,0.5897,20,87,20,512947,163497,69085,57171,1.2949641997212014,0.2590815161237696
5895,0.5898,28,170,28,513117,163327,69113,57143,1.293617729058421,0.2591871910010432
5896,0.5899,29,109,29,513226,163218,69142,57114,1.292754403751109,0.25921790752137686
5897,0.59,25,105,25,513331,163113,69167,57089,1.2919227601064505,0.25925740910618433
5898,0.5901,43,194,43,513525,162919,69210,57046,1.2903861994677481,0.2593412588366331
5899,0.5902,40,111,40,513636,162808,69250,57006,1.2895070333291092,0.2593374398354973
5900,0.5903,19,76,19,513712,162732,69269,56987,1.2889050817386896,0.25936309559027665
5901,0.5904,18,88,18,513800,162644,69287,56969,1.2882080851603093,0.2594063192980379
5902,0.5905,23,55,23,513855,162589,69310,56946,1.2877724622988214,0.25939371854146265
5903,0.5906,12,68,12,513923,162521,69322,56934,1.2872338740337093,0.2594335968649609
5904,0.5907,19,86,19,514009,162435,69341,56915,1.2865527182866556,0.259471164805106
5905,0.5908,19,95,19,514104,162340,69360,56896,1.2858002787986313,0.2595194219927384
5906,0.5909,34,132,34,514236,162208,69394,56862,1.2847547839310607,0.25956087095448943
5907,0.591,27,118,27,514354,162090,69421,56835,1.2838201748827778,0.2596094552929085
5908,0.5911,16,50,16,514404,162040,69437,56819,1.2834241540996072,0.2596146377347973
5909,0.5912,30,147,30,514551,161893,69467,56789,1.2822598529970852,0.2596875828829076
5910,0.5913,18,99,18,514650,161794,69485,56771,1.2814757318464074,0.25974424084368497
5911,0.5914,39,150,39,514800,161644,69524,56732,1.2802876694968952,0.2597904531633513
5912,0.5915,25,67,25,514867,161577,69549,56707,1.2797570016474464,0.259785417162962
5913,0.5916,28,179,28,515046,161398,69577,56679,1.2783392472436954,0.2599036120269446
5914,0.5917,17,79,17,515125,161319,69594,56662,1.2777135344062855,0.2599400865213023
5915,0.5918,17,91,17,515216,161228,69611,56645,1.276992776580915,0.2599909121368871
5916,0.5919,32,112,32,515328,161116,69643,56613,1.2761056900266126,0.26001589131443215
5917,0.592,20,63,20,515391,161053,69663,56593,1.2756067038398176,0.2600231568694118
5918,0.5921,23,69,23,515460,160984,69686,56570,1.275060195159042,0.2600273954972099
5919,0.5922,24,55,24,515515,160929,69710,56546,1.2746245722975542,0.26001149557420394
5920,0.5923,11,55,11,515570,160874,69721,56535,1.2741889494360663,0.26003983275761355
5921,0.5924,9,43,9,515613,160831,69730,56526,1.2738483715625395,0.2600606375686083
5922,0.5925,20,109,20,515722,160722,69750,56506,1.2729850462552275,0.26012300440090597
5923,0.5926,37,155,37,515877,160567,69787,56469,1.2717573818273984,0.2601826425109198
5924,0.5927,42,141,42,516018,160426,69829,56427,1.2706406032188569,0.26020852835791985
5925,0.5928,23,110,23,516128,160316,69852,56404,1.2697693574958815,0.2602620893318568
5926,0.5929,14,98,14,516226,160218,69866,56390,1.2689931567608668,0.26033202836460334
5927,0.593,19,91,19,516317,160127,69885,56371,1.268272398935496,0.2603765392751896
5928,0.5931,22,87,22,516404,160040,69907,56349,1.267583322772779,0.26040602803284824
5929,0.5932,36,172,36,516576,159868,69943,56313,1.2662210112786718,0.2604900523172712
5930,0.5933,15,124,15,516700,159744,69958,56298,1.2652388797364085,0.26058821895742496
5931,0.5934,23,139,23,516839,159605,69981,56275,1.264137941959194,0.26067722808967947
5932,0.5935,37,73,37,516912,159532,70018,56238,1.2635597516157648,0.2606386429994902
5933,0.5936,25,80,25,516992,159452,70043,56213,1.2629261183626916,0.2606496186214731
5934,0.5937,24,83,24,517075,159369,70067,56189,1.2622687238626282,0.260667662531662
5935,0.5938,35,141,35,517216,159228,70102,56154,1.261151945254087,0.26071816586344265
5936,0.5939,13,62,13,517278,159166,70115,56141,1.2606608794829552,0.2607486054796175
5937,0.594,26,124,26,517402,159042,70141,56115,1.259678747940692,0.26080954837630194
5938,0.5941,14,50,14,517452,158992,70155,56101,1.2592827271575213,0.260822063014603
5939,0.5942,26,111,26,517563,158881,70181,56075,1.2584035610188822,0.26086734029289715
5940,0.5943,22,131,22,517694,158750,70203,56053,1.257365986566975,0.26095073160058285
5941,0.5944,21,127,21,517821,158623,70224,56032,1.2563600937777215,0.26103282010668283
5942,0.5945,35,129,35,517950,158494,70259,55997,1.255338360157141,0.2610692290119399
5943,0.5946,26,124,26,518074,158370,70285,55971,1.2543562286148777,0.2611306282978991
5944,0.5947,24,124,24,518198,158246,70309,55947,1.2533740970726144,0.2611990121059045
5945,0.5948,40,153,40,518351,158093,70349,55907,1.252162273476112,0.2612476635514019
5946,0.5949,29,203,29,518554,157890,70378,55878,1.250554429096439,0.26139553160435613
5947,0.595,12,71,12,518625,157819,70390,55866,1.2499920795843367,0.2614409060065049
5948,0.5951,24,119,24,518744,157700,70414,55842,1.2490495501203904,0.26150359179927135
5949,0.5952,69,232,69,518976,157468,70483,55773,1.2472120136864782,0.26154913923682593
5950,0.5953,16,76,16,519052,157392,70499,55757,1.2466100620960587,0.261586964986934
5951,0.5954,24,112,24,519164,157280,70523,55733,1.2457229755417565,0.26164130827695964
5952,0.5955,10,41,10,519205,157239,70533,55723,1.2453982384995566,0.26165700923169394
5953,0.5956,38,157,38,519362,157082,70571,55685,1.2441547332404004,0.2617182175807339
5954,0.5957,11,76,11,519438,157006,70582,55674,1.243552781649981,0.2617735565168328
5955,0.5958,19,79,19,519517,156927,70601,55655,1.2429270688125713,0.26180485647891166
5956,0.5959,20,73,20,519590,156854,70621,55635,1.242348878469142,0.261825318016462
5957,0.596,11,53,11,519643,156801,70632,55624,1.241929096438981,0.2618524185006473
5958,0.5961,10,55,10,519698,156746,70642,55614,1.2414934735774934,0.26188547749105295
5959,0.5962,19,87,19,519785,156659,70661,55595,1.2408043974147762,0.2619267481413778
5960,0.5963,18,77,18,519862,156582,70679,55577,1.2401945254086935,0.2619591909841204
5961,0.5964,43,174,43,520036,156408,70722,55534,1.2388163730832593,0.2620245161412084
5962,0.5965,21,85,21,520121,156323,70743,55513,1.2381431377518692,0.2620564965350554
5963,0.5966,16,69,16,520190,156254,70759,55497,1.2375966290710936,0.26208612946337917
5964,0.5967,20,88,20,520278,156166,70779,55477,1.2368996324927133,0.2621253714982305
5965,0.5968,37,139,37,520417,156027,70816,55440,1.2357986947154986,0.26216856530806226
5966,0.5969,27,150,27,520567,155877,70843,55413,1.2346106323659867,0.2622604003975579
5967,0.597,31,111,31,520678,155766,70874,55382,1.2337314662273475,0.2622899577547502
5968,0.5971,22,74,22,520752,155692,70896,55360,1.233145355468255,0.26230502435418757
5969,0.5972,24,141,24,520893,155551,70920,55336,1.2320285768597137,0.26239644928326544
5970,0.5973,19,83,19,520976,155468,70939,55317,1.2313711823596503,0.2624332851009322
5971,0.5974,22,81,22,521057,155387,70961,55295,1.2307296286909137,0.26245716292801474
5972,0.5975,16,111,16,521168,155276,70977,55279,1.2298504625522748,0.2625394789959868
5973,0.5976,30,135,30,521303,155141,71007,55249,1.228781206437714,0.262602785303484
5974,0.5977,30,155,30,521458,154986,71037,55219,1.2275535420098846,0.2626911824171642
5975,0.5978,44,147,44,521605,154839,71081,55175,1.226389240907363,0.2627205805327264
5976,0.5979,26,119,26,521724,154720,71107,55149,1.2254467114434167,0.26277820926387413
5977,0.598,46,185,46,521909,154535,71153,55103,1.223981434545685,0.26284833856457324
5978,0.5981,25,61,25,521970,154474,71178,55078,1.2234982891902166,0.26283690921585096
5979,0.5982,24,74,24,522044,154400,71202,55054,1.222912178431124,0.26284530254853095
5980,0.5983,22,98,22,522142,154302,71224,55032,1.2221359776961096,0.262890882513113
5981,0.5984,35,107,35,522249,154195,71259,54997,1.2212884932201242,0.2629020230219129
5982,0.5985,16,65,16,522314,154130,71275,54981,1.2207736662020023,0.2629273448073033
5983,0.5986,21,112,21,522426,154018,71296,54960,1.2198865796476999,0.26299419077606256
5984,0.5987,37,124,37,522550,153894,71333,54923,1.2189044481054365,0.2630197732943199
5985,0.5988,25,113,25,522663,153781,71358,54898,1.2180094411354707,0.26307390777222434
5986,0.5989,30,140,30,522803,153641,71388,54868,1.2169005829425927,0.2631445165436504
5987,0.599,15,61,15,522864,153580,71403,54853,1.2164174375871246,0.2631685001895093
5988,0.5991,18,73,18,522937,153507,71421,54835,1.2158392472436954,0.26319705100267826
5989,0.5992,21,57,21,522994,153450,71442,54814,1.2153877835508808,0.2631947912265202
5990,0.5993,25,100,25,523094,153350,71467,54789,1.2145957419845395,0.26323274350313974
5991,0.5994,16,73,16,523167,153277,71483,54773,1.21401755164111,0.26326844508531605
5992,0.5995,33,141,33,523308,153136,71516,54740,1.2129007730325687,0.26333006215243704
5993,0.5996,26,111,26,523419,153025,71542,54714,1.2120216068939298,0.2633785663741522
5994,0.5997,16,75,16,523494,152950,71558,54698,1.2114275757191737,0.26341693635382957
5995,0.5998,22,90,22,523584,152860,71580,54676,1.2107147383094665,0.2634530876570812
5996,0.5999,27,126,27,523710,152734,71607,54649,1.2097167659358763,0.263517260334743
5997,0.6,34,151,34,523861,152583,71641,54615,1.2085207831707008,0.26358845162598094
5998,0.6001,37,134,37,523995,152449,71678,54578,1.2074594474718032,0.2636274495597193
5999,0.6002,30,81,30,524076,152368,71708,54548,1.2068178938030667,0.26362388602138065
6000,0.6003,21,85,21,524161,152283,71729,54527,1.2061446584716766,0.2636574633721774
6001,0.6004,43,167,43,524328,152116,71772,54484,1.2048219490558865,0.2637173281703775
6002,0.6005,30,157,30,524485,151959,71802,54454,1.2035784437967305,0.2638109033830234
6003,0.6006,13,38,13,524523,151921,71815,54441,1.2032774680015208,0.26381310512594375
6004,0.6007,17,122,17,524645,151799,71832,54424,1.2023111772905841,0.26390848741411
6005,0.6008,12,61,12,524706,151738,71844,54412,1.201828031935116,0.2639437302934756
6006,0.6009,36,167,36,524873,151571,71880,54376,1.2005053225193258,0.2640290948642126
6007,0.601,20,75,20,524948,151496,71900,54356,1.1999112913445698,0.2640537862153392
6008,0.6011,43,148,43,525096,151348,71943,54313,1.1987390698263845,0.2640899344066206
6009,0.6012,40,148,40,525244,151200,71983,54273,1.1975668483081991,0.2641368938984684
6010,0.6013,15,46,15,525290,151154,71998,54258,1.1972025091876821,0.2641423091153389
6011,0.6014,51,163,51,525453,150991,72049,54207,1.1959114814345457,0.2641692414156083
6012,0.6015,27,86,27,525539,150905,72076,54180,1.195230325687492,0.2641831435746154
6013,0.6016,14,73,14,525612,150832,72090,54166,1.194652135344063,0.2642269680679811
6014,0.6017,28,136,28,525748,150696,72118,54138,1.1935749588138385,0.2643018248923519
6015,0.6018,25,94,25,525842,150602,72143,54113,1.1928304397414777,0.26433334147473314
6016,0.6019,18,83,18,525925,150519,72161,54095,1.1921730452414143,0.26437584915988155
6017,0.602,30,122,30,526047,150397,72191,54065,1.1912067545304779,0.26442566344846474
6018,0.6021,7,54,7,526101,150343,72198,54058,1.1907790520846535,0.26447033037998835
6019,0.6022,28,101,28,526202,150242,72226,54030,1.1899790901026486,0.26450027414427824
6020,0.6023,19,55,19,526257,150187,72245,54011,1.189543467241161,0.2645030803435881
6021,0.6024,17,87,17,526344,150100,72262,53994,1.1888543910784437,0.2645545679931796
6022,0.6025,14,91,14,526435,150009,72276,53980,1.1881336332530732,0.2646221119766262
6023,0.6026,21,76,21,526511,149933,72297,53959,1.1875316816626535,0.26464500814156516
6024,0.6027,25,104,25,526615,149829,72322,53934,1.1867079584336586,0.2646898602788534
6025,0.6028,22,92,22,526707,149737,72344,53912,1.1859792801926246,0.2647300011293942
6026,0.6029,40,120,40,526827,149617,72384,53872,1.1850288303130148,0.2647415830831151
6027,0.603,30,96,30,526923,149521,72414,53842,1.1842684704093271,0.26475809267172495
6028,0.6031,20,102,20,527025,149419,72434,53822,1.1834605880116589,0.26481861435438714
6029,0.6032,27,105,27,527130,149314,72461,53795,1.1826289443670004,0.2648577857209676
6030,0.6033,19,101,19,527231,149213,72480,53776,1.1818289823849957,0.26492075925296443
6031,0.6034,30,104,30,527335,149109,72510,53746,1.1810052591560005,0.2649478691676321
6032,0.6035,27,107,27,527442,149002,72537,53719,1.1801577746800151,0.2649898135861603
6033,0.6036,24,133,24,527575,148869,72561,53695,1.1791043593967812,0.26507671649454
6034,0.6037,29,140,29,527715,148729,72590,53666,1.1779955012039032,0.2651547716099706
6035,0.6038,29,97,29,527812,148632,72619,53637,1.177227220884552,0.2651765717930083
6036,0.6039,53,135,53,527947,148497,72672,53584,1.1761579647699911,0.26516099979711105
6037,0.604,13,74,13,528021,148423,72685,53571,1.1755718540108986,0.26521084784696575
6038,0.6041,33,129,33,528150,148294,72718,53538,1.1745501203903181,0.26526021641761466
6039,0.6042,12,54,12,528204,148240,72730,53526,1.1741224179444938,0.26528751127543787
6040,0.6043,20,97,20,528301,148143,72750,53506,1.1733541376251426,0.26534225312300086
6041,0.6044,20,67,20,528368,148076,72770,53486,1.1728234697756938,0.26535755747611156
6042,0.6045,29,102,29,528470,147974,72799,53457,1.1720155873780256,0.2653861620108126
6043,0.6046,30,121,30,528591,147853,72829,53427,1.1710572170827525,0.26543620826709063
6044,0.6047,22,92,22,528683,147761,72851,53405,1.1703285388417184,0.2654772675302984
6045,0.6048,51,180,51,528863,147581,72902,53354,1.1689028640223038,0.26552865354467864
6046,0.6049,19,87,19,528950,147494,72921,53335,1.1682137878595868,0.265574194961883
6047,0.605,28,82,28,529032,147412,72949,53307,1.167564313775187,0.26558023904064887
6048,0.6051,30,96,30,529128,147316,72979,53277,1.1668039538714992,0.26559750340241184
6049,0.6052,26,112,26,529240,147204,73005,53251,1.165916867317197,0.2656506447831184
6050,0.6053,14,63,14,529303,147141,73019,53237,1.1654178811304017,0.26568285939574204
6051,0.6054,18,134,18,529437,147007,73037,53219,1.1643565454315044,0.2657946520431912
6052,0.6055,24,103,24,529540,146904,73061,53195,1.1635407426181725,0.26584340751328095
6053,0.6056,9,61,9,529601,146843,73070,53186,1.1630575972627044,0.26589144574036766
6054,0.6057,26,116,26,529717,146727,73096,53160,1.1621388290457484,0.26595026189797233
6055,0.6058,31,100,31,529817,146627,73127,53129,1.161346787479407,0.26596948276897814
6056,0.6059,12,44,12,529861,146583,73139,53117,1.1609982891902166,0.2659839759639459
6057,0.606,28,76,28,529937,146507,73167,53089,1.1603963375997972,0.2659822842141125
6058,0.6061,24,89,24,530026,146418,73191,53065,1.1596914206057534,0.26601264268133124
6059,0.6062,50,217,50,530243,146201,73241,53015,1.1579726904067926,0.26611818327845155
6060,0.6063,9,71,9,530314,146130,73250,53006,1.15741034089469,0.26617989715571266
6061,0.6064,18,69,18,530383,146061,73268,52988,1.1568638322139146,0.26620580861998805
6062,0.6065,27,103,27,530486,145958,73295,52961,1.156048029400583,0.2662440490853061
6063,0.6066,19,108,19,530594,145850,73314,52942,1.1551926245089341,0.26631856412732907
6064,0.6067,15,50,15,530644,145800,73329,52927,1.1547966037257635,0.2663301916699794
6065,0.6068,9,77,9,530721,145723,73338,52918,1.1541867317196806,0.26640018928619974
6066,0.6069,12,54,12,530775,145669,73350,52906,1.1537590292738562,0.2664283016492509
6067,0.607,30,108,30,530883,145561,73380,52876,1.1529036243822075,0.2664624036847967
6068,0.6071,36,129,36,531012,145432,73416,52840,1.1518818907616273,0.2665025823111685
6069,0.6072,18,66,18,531078,145366,73434,52822,1.1513591433278418,0.2665247139080065
6070,0.6073,14,72,14,531150,145294,73448,52808,1.150788873400076,0.2665697468980626
6071,0.6074,10,66,10,531216,145228,73458,52798,1.1502661259662907,0.2666215547453365
6072,0.6075,18,65,18,531281,145163,73476,52780,1.1497512989481689,0.26664241726153487
6073,0.6076,23,109,23,531390,145054,73499,52757,1.1488879736408566,0.2667040761130574
6074,0.6077,15,74,15,531464,144980,73514,52742,1.148301862881764,0.266748262712293
6075,0.6078,39,138,39,531602,144842,73553,52703,1.147208845520213,0.26678984535169203
6076,0.6079,23,124,23,531726,144718,73576,52680,1.1462267139779496,0.2668720047822166
6077,0.608,10,77,10,531803,144641,73586,52670,1.1456168419718666,0.26693899478488275
6078,0.6081,15,57,15,531860,144584,73601,52655,1.145165378279052,0.26696038815852846
6079,0.6082,31,116,31,531976,144468,73632,52624,1.144246610062096,0.2670022121648773
6080,0.6083,24,114,24,532090,144354,73656,52600,1.143343682676467,0.26706743706652314
6081,0.6084,16,77,16,532167,144277,73672,52584,1.142733810670384,0.267112327987768
6082,0.6085,12,79,12,532246,144198,73684,52572,1.1421080978329743,0.2671748742186309
6083,0.6086,24,97,24,532343,144101,73708,52548,1.1413398175136231,0.26721722459814184
6084,0.6087,39,135,39,532478,143966,73747,52509,1.1402705613990622,0.26725537600203586
6085,0.6088,31,121,31,532599,143845,73778,52478,1.1393121911037891,0.2673043912328153
6086,0.6089,12,80,12,532679,143765,73790,52466,1.138678557850716,0.267368560523057
6087,0.609,32,125,32,532804,143640,73822,52434,1.1376885058927892,0.26741944367942716
6088,0.6091,51,179,51,532983,143461,73873,52383,1.1362707514890382,0.26747309082739323
6089,0.6092,19,81,19,533064,143380,73892,52364,1.1356291978203017,0.2675126696092856
6090,0.6093,33,137,33,533201,143243,73925,52331,1.134544100874414,0.26757646721956907
6091,0.6094,11,74,11,533275,143169,73936,52320,1.1339579901153212,0.2676365422095361
6092,0.6095,34,128,34,533403,143041,73970,52286,1.1329441769104043,0.2676844471066468
6093,0.6096,33,143,33,533546,142898,74003,52253,1.131811557470536,0.26775676271195126
6094,0.6097,45,101,45,533647,142797,74048,52208,1.1310115954885311,0.2677264685520884
6095,0.6098,5,45,5,533692,142752,74053,52203,1.1306551767836777,0.26776948526583055
6096,0.6099,35,171,35,533863,142581,74088,52168,1.1293007857052337,0.2678730057663967
6097,0.61,10,53,10,533916,142528,74098,52158,1.128881003675073,0.26790832417328414
6098,0.6101,31,105,31,534021,142423,74129,52127,1.1280493600304144,0.2679362631714212
6099,0.6102,22,55,22,534076,142368,74151,52105,1.1276137371689265,0.26792922410823095
6100,0.6103,26,89,26,534165,142279,74177,52079,1.1269088201748827,0.26795398182734953
6101,0.6104,11,49,11,534214,142230,74188,52068,1.1265207198073754,0.26798011302226477
6102,0.6105,9,33,9,534247,142197,74197,52059,1.1262593460904828,0.267991722263405
6103,0.6106,28,69,28,534316,142128,74225,52031,1.1257128374097072,0.26798139669034143
6104,0.6107,28,158,28,534474,141970,74253,52003,1.124461411734888,0.26809401308429526
6105,0.6108,36,109,36,534583,141861,74289,51967,1.1235980864275756,0.2681088387642652
6106,0.6109,5,37,5,534620,141824,74294,51962,1.1233050310480295,0.26814114538717965
6107,0.611,14,73,14,534693,141751,74308,51948,1.1227268407046003,0.2681893040232526
6108,0.6111,11,92,11,534785,141659,74319,51937,1.121998162463566,0.2682751709746069
6109,0.6112,37,122,37,534907,141537,74356,51900,1.1210318717526295,0.2683044091874874
6110,0.6113,30,109,30,535016,141428,74386,51870,1.1201685464453175,0.2683421452886217
6111,0.6114,22,73,22,535089,141355,74408,51848,1.1195903561018883,0.2683602221497596
6112,0.6115,21,85,21,535174,141270,74429,51827,1.118917120770498,0.2683987840308239
6113,0.6116,37,145,37,535319,141125,74466,51790,1.117768660499303,0.26846020267993675
6114,0.6117,35,103,35,535422,141022,74501,51755,1.1169528576859713,0.2684708238015946
6115,0.6118,25,82,25,535504,140940,74526,51730,1.1163033836015714,0.26849016453002544
6116,0.6119,17,70,17,535574,140870,74543,51713,1.1157489545051325,0.2685231822123448
6117,0.612,19,116,19,535690,140754,74562,51694,1.1148301862881764,0.2686128200864649
6118,0.6121,22,133,22,535823,140621,74584,51672,1.1137767710049424,0.26871492982063827
6119,0.6122,27,123,27,535946,140498,74611,51645,1.1128025598783424,0.2687841867775563
6120,0.6123,27,95,27,536041,140403,74638,51618,1.1120501203903181,0.2688143484306404
6121,0.6124,23,110,23,536151,140293,74661,51595,1.1111788746673426,0.26888080546985743
6122,0.6125,19,89,19,536240,140204,74680,51576,1.1104739576732987,0.26893315257065387
6123,0.6126,22,98,22,536338,140106,74702,51554,1.1096977569382842,0.26898674736512573
6124,0.6127,29,102,29,536440,140004,74731,51525,1.108889874540616,0.26901931300220855
6125,0.6128,33,138,33,536578,139866,74764,51492,1.1077968571790648,0.26908726052738846
6126,0.6129,43,168,43,536746,139698,74807,51449,1.1064662273476111,0.26915933810104264
6127,0.613,8,45,8,536791,139653,74815,51441,1.1061098086427577,0.269192125341455
6128,0.6131,18,46,18,536837,139607,74833,51423,1.1057454695222406,0.2691880856409988
6129,0.6132,23,119,23,536956,139488,74856,51400,1.1048029400582942,0.2692678429235992
6130,0.6133,21,153,21,537109,139335,74877,51379,1.103591116461792,0.26940339985528067
6131,0.6134,30,103,30,537212,139232,74907,51349,1.1027753136484604,0.26943399394483186
6132,0.6135,43,156,43,537368,139076,74950,51306,1.1015397288049678,0.269489762687649
6133,0.6136,33,169,33,537537,138907,74983,51273,1.1002011785578507,0.2696024818592912
6134,0.6137,33,124,33,537661,138783,75016,51240,1.0992190470155874,0.26965156849434013
6135,0.6138,19,109,19,537770,138674,75035,51221,1.0983557217082753,0.2697332736512283
6136,0.6139,28,143,28,537913,138531,75063,51193,1.0972231022684071,0.2698288039467859
6137,0.614,13,43,13,537956,138488,75076,51180,1.0968825243948803,0.2698399308264968
6138,0.6141,7,49,7,538005,138439,75083,51173,1.0964944240273728,0.269882707845495
6139,0.6142,13,68,13,538073,138371,75096,51160,1.0959558357622607,0.2699294574502324
6140,0.6143,16,62,16,538135,138309,75112,51144,1.095464769991129,0.26995613687827585
6141,0.6144,48,229,48,538364,138080,75160,51096,1.0936509948042072,0.2700976868101662
6142,0.6145,41,136,41,538500,137944,75201,51055,1.092573818273983,0.27013370441113443
6143,0.6146,31,127,31,538627,137817,75232,51024,1.0915679254847295,0.2701955613452587
6144,0.6147,18,75,18,538702,137742,75250,51006,1.0909738943099734,0.27023332697565006
6145,0.6148,19,50,19,538752,137692,75269,50987,1.0905778735268026,0.2702314513008867
6146,0.6149,9,32,9,538784,137660,75278,50978,1.0903244202255735,0.2702424750050361
6147,0.615,16,67,16,538851,137593,75294,50962,1.0897937523761247,0.2702765771260375
6148,0.6151,26,113,26,538964,137480,75320,50936,1.088898745406159,0.27033797554347827
6149,0.6152,15,80,15,539044,137400,75335,50921,1.0882651121530857,0.2703946984138784
6150,0.6153,31,110,31,539154,137290,75366,50890,1.0873938664301102,0.2704325645658412
6151,0.6154,19,77,19,539231,137213,75385,50871,1.0867839944240274,0.2704695774228536
6152,0.6155,15,84,15,539315,137129,75400,50856,1.0861186795083007,0.2705322233156901
6153,0.6156,25,102,25,539417,137027,75425,50831,1.0853107971106324,0.270582035367139
6154,0.6157,21,68,21,539485,136959,75446,50810,1.0847722088455203,0.2705984480931357
6155,0.6158,19,75,19,539560,136884,75465,50791,1.0841781776707642,0.2706327427734115
6156,0.6159,54,162,54,539722,136722,75519,50737,1.0828950703332911,0.2706565168916937
6157,0.616,24,85,24,539807,136637,75543,50713,1.0822218350019008,0.2706858820389645
6158,0.6161,26,95,26,539902,136542,75569,50687,1.0814693955138766,0.2707219501252477
6159,0.6162,20,106,20,540008,136436,75589,50667,1.0806298314535547,0.2707973682944688
6160,0.6163,14,77,14,540085,136359,75603,50653,1.0800199594474718,0.27085427673090495
6161,0.6164,13,39,13,540124,136320,75616,50640,1.0797110632365987,0.27086007702182285
6162,0.6165,37,118,37,540242,136202,75653,50603,1.0787764541883158,0.27088675356655334
6163,0.6166,30,115,30,540357,136087,75683,50573,1.0778656063870231,0.27093646201650057
6164,0.6167,49,188,49,540545,135899,75732,50524,1.0763765682423014,0.2710180610761548
6165,0.6168,28,86,28,540631,135813,75760,50496,1.0756954124952478,0.2710336054618939
6166,0.6169,21,70,21,540701,135743,75781,50475,1.0751409833988088,0.2710532816376505
6167,0.617,15,67,15,540768,135676,75796,50460,1.07461031554936,0.27109210469764045
6168,0.6171,46,141,46,540909,135535,75842,50414,1.0734935369408187,0.27111734938074417
6169,0.6172,36,97,36,541006,135438,75878,50378,1.0727252566214676,0.2711176647866707
6170,0.6173,38,179,38,541185,135259,75916,50340,1.0713075022177163,0.2712299096439097
6171,0.6174,16,65,16,541250,135194,75932,50324,1.0707926751995944,0.27126208777584926
6172,0.6175,46,136,46,541386,135058,75978,50278,1.0697154986693702,0.27128026934864247
6173,0.6176,25,80,25,541466,134978,76003,50253,1.069081865416297,0.2712990806074577
6174,0.6177,13,38,13,541504,134940,76016,50240,1.0687808896210873,0.271303596500702
6175,0.6178,14,46,14,541550,134894,76030,50226,1.0684165505005703,0.27131590319792565
6176,0.6179,17,50,17,541600,134844,76047,50209,1.0680205297173995,0.2713222698362091
6177,0.618,17,63,17,541663,134781,76064,50192,1.0675215435306045,0.27134771020635445
6178,0.6181,26,132,26,541795,134649,76090,50166,1.0664760486630338,0.2714390065741417
6179,0.6182,20,71,20,541866,134578,76110,50146,1.0659136991509315,0.2714644550789286
6180,0.6183,19,123,19,541989,134455,76129,50127,1.0649394880243315,0.27157035897324766
6181,0.6184,23,88,23,542077,134367,76152,50104,1.0642424914459512,0.2716090876072662
6182,0.6185,12,56,12,542133,134311,76164,50092,1.0637989481688,0.27164417064798296
6183,0.6186,27,69,27,542202,134242,76191,50065,1.0632524394880243,0.2716391672589755
6184,0.6187,22,75,22,542277,134167,76213,50043,1.0626584083132682,0.2716627761793605
6185,0.6188,27,88,27,542365,134079,76240,50016,1.061961411734888,0.2716858143893099
6186,0.6189,26,93,26,542458,133986,76266,49990,1.0612248130781903,0.27172022437709265
6187,0.619,19,65,19,542523,133921,76285,49971,1.0607099860600684,0.27174102190416116
6188,0.6191,17,91,17,542614,133830,76302,49954,1.0599892282346977,0.27180820963740043
6189,0.6192,35,146,35,542760,133684,76337,49919,1.0588328475478392,0.2718855356393959
6190,0.6193,41,137,41,542897,133547,76378,49878,1.0577477506019517,0.2719258552541911
6191,0.6194,26,119,26,543016,133428,76404,49852,1.0568052211380052,0.2719991270187691
6192,0.6195,23,84,23,543100,133344,76427,49829,1.0561399062222785,0.2720324501973544
6193,0.6196,14,73,14,543173,133271,76441,49815,1.0555617158788493,0.272085249554854
6194,0.6197,16,85,16,543258,133186,76457,49799,1.0548884805474592,0.2721479902724267
6195,0.6198,25,92,25,543350,133094,76482,49774,1.0541598023064251,0.27218540149178644
6196,0.6199,35,134,35,543484,132960,76517,49739,1.0530984666075276,0.2722456061609533
6197,0.62,11,62,11,543546,132898,76528,49728,1.052607400836396,0.27229419688324774
6198,0.6201,35,141,35,543687,132757,76563,49693,1.0514906222278546,0.2723650315154837
6199,0.6202,23,81,23,543768,132676,76586,49670,1.050849068559118,0.2723942395226657
6200,0.6203,30,120,30,543888,132556,76616,49640,1.0498986186795083,0.2724538409185712
6201,0.6204,36,126,36,544014,132430,76652,49604,1.048900646305918,0.27249854422800135
6202,0.6205,12,40,12,544054,132390,76664,49592,1.0485838296793817,0.2725104680682705
6203,0.6206,8,29,8,544083,132361,76672,49584,1.0483541376251426,0.27252191596361536
6204,0.6207,16,76,16,544159,132285,76688,49568,1.0477521860347232,0.27257180249982127
6205,0.6208,23,98,23,544257,132187,76711,49545,1.0469759852997085,0.2726267250676821
6206,0.6209,14,57,14,544314,132130,76725,49531,1.046524521606894,0.2726562112946642
6207,0.621,20,65,20,544379,132065,76745,49511,1.046009694588772,0.2726737013702251
6208,0.6211,18,60,18,544439,132005,76763,49493,1.0455344696489672,0.27269171010148874
6209,0.6212,23,100,23,544539,131905,76786,49470,1.0447424280826259,0.27274982770503103
6210,0.6213,20,76,20,544615,131829,76806,49450,1.0441404764922062,0.27278394077637236
6211,0.6214,25,121,25,544736,131708,76831,49425,1.0431821061969333,0.272865794747506
6212,0.6215,26,101,26,544837,131607,76857,49399,1.0423821442149284,0.272913605073865
6213,0.6216,28,124,28,544961,131483,76885,49371,1.041400012672665,0.2729881561922877
6214,0.6217,24,115,24,545076,131368,76909,49347,1.0404891648713726,0.2730653238524749
6215,0.6218,44,151,44,545227,131217,76953,49303,1.039293182106197,0.2731165521825836
6216,0.6219,29,107,29,545334,131110,76982,49274,1.0384456976302117,0.273161699485542
6217,0.622,38,135,38,545469,130975,77020,49236,1.0373764415156508,0.27321306690490593
6218,0.6221,30,105,30,545574,130870,77050,49206,1.0365447978709923,0.2732512938981319
6219,0.6222,10,37,10,545611,130833,77060,49196,1.036251742491446,0.27326708474745737
6220,0.6223,48,107,48,545718,130726,77108,49148,1.0354042580154605,0.2732357094410532
6221,0.6224,27,70,27,545788,130656,77135,49121,1.0348498289190218,0.2732329497099184
6222,0.6225,25,125,25,545913,130531,77160,49096,1.0338597769610949,0.27332193935210186
6223,0.6226,18,81,18,545994,130450,77178,49078,1.0332182232923584,0.27337239873445923
6224,0.6227,22,85,22,546079,130365,77200,49056,1.0325449879609683,0.2734128112093902
6225,0.6228,22,109,22,546188,130256,77222,49034,1.031681662653656,0.27348987673601427
6226,0.6229,7,66,7,546254,130190,77229,49027,1.0311589152198708,0.27356221786995655
6227,0.623,25,104,25,546358,130086,77254,49002,1.0303351919908756,0.2736196730099169
6228,0.6231,20,68,20,546426,130018,77274,48982,1.0297966037257635,0.27364245810055865
6229,0.6232,22,78,22,546504,129940,77296,48960,1.0291788113040172,0.273672442705422
6230,0.6233,17,108,17,546612,129832,77313,48943,1.0283234064123685,0.2737687036778073
6231,0.6234,25,97,25,546709,129735,77338,48918,1.0275551260930174,0.273815720978657
6232,0.6235,21,59,21,546768,129676,77359,48897,1.027087821568876,0.2738207903770447
6233,0.6236,14,62,14,546830,129614,77373,48883,1.0265967557977442,0.27385894440802927
6234,0.6237,26,93,26,546923,129521,77399,48857,1.0258601571410468,0.27389588402157217
6235,0.6238,24,92,24,547015,129429,77423,48833,1.0251314789000128,0.27393948233499005
6236,0.6239,15,77,15,547092,129352,77438,48818,1.0245216068939298,0.2739967446820452
6237,0.624,24,83,24,547175,129269,77462,48794,1.0238642123938664,0.27402660855989175
6238,0.6241,38,111,38,547286,129158,77500,48756,1.0229850462552275,0.2740425149229403
6239,0.6242,26,91,26,547377,129067,77526,48730,1.0222642884298567,0.27407661546595274
6240,0.6243,18,78,18,547455,128989,77544,48712,1.0216464960081104,0.27412338703777694
6241,0.6244,28,108,28,547563,128881,77572,48684,1.0207910911164617,0.27417565398586435
6242,0.6245,31,129,31,547692,128752,77603,48653,1.0197693574958815,0.2742481891716693
6243,0.6246,24,77,24,547769,128675,77627,48629,1.0191594854897985,0.274269052023643
6244,0.6247,10,64,10,547833,128611,77637,48619,1.01865257888734,0.2743271455171246
6245,0.6248,5,29,5,547862,128582,77642,48614,1.018422886833101,0.27435156549809253
6246,0.6249,25,94,25,547956,128488,77667,48589,1.0176783677607402,0.2743947548241725
6247,0.625,36,172,36,548128,128316,77703,48553,1.016316056266633,0.2745139057720686
6248,0.6251,20,91,20,548219,128225,77723,48533,1.0155952984412622,0.27457314520417747
6249,0.6252,22,92,22,548311,128133,77745,48511,1.014866620200228,0.27462580104617196
6250,0.6253,27,92,27,548403,128041,77772,48484,1.014137941959194,0.2746579804560261
6251,0.6254,23,80,23,548483,127961,77795,48461,1.0135043087061208,0.27468796408611174
6252,0.6255,12,62,12,548545,127899,77807,48449,1.0130132429349892,0.27473518270692043
6253,0.6256,24,60,24,548605,127839,77831,48425,1.0125380179951844,0.2747299505287523
6254,0.6257,16,55,16,548660,127784,77847,48409,1.0121023951336967,0.2747498481778504
6255,0.6258,29,155,29,548815,127629,77876,48380,1.0108747307058674,0.2748723076660853
6256,0.6259,23,73,23,548888,127556,77899,48357,1.0102965403624382,0.2748915657171443
6257,0.626,18,75,18,548963,127481,77917,48339,1.0097025091876821,0.2749345921965647
6258,0.6261,22,83,22,549046,127398,77939,48317,1.0090451146876187,0.27497367896878466
6259,0.6262,30,134,30,549180,127264,77969,48287,1.0079837789887214,0.2750596692698988
6260,0.6263,31,111,31,549291,127153,78000,48256,1.0071046128500825,0.2751056103164604
6261,0.6264,18,106,18,549397,127047,78018,48238,1.0062650487897604,0.2751975354422797
6262,0.6265,27,94,27,549491,126953,78045,48211,1.0055205297173995,0.2752334954671051
6263,0.6266,25,62,25,549553,126891,78070,48186,1.0050294639462678,0.2752274713411813
6264,0.6267,37,98,37,549651,126793,78107,48149,1.0042532632112533,0.2752283613997782
6265,0.6268,15,95,15,549746,126698,78122,48134,1.003500823723229,0.27531573167383544
6266,0.6269,29,101,29,549847,126597,78151,48105,1.002700861741224,0.2753546038396813
6267,0.627,20,67,20,549914,126530,78171,48085,1.0021701938917755,0.27537725854021705
6268,0.6271,37,159,37,550073,126371,78208,48048,1.0009108478012927,0.275474575590962
6269,0.6272,16,65,16,550138,126306,78224,48032,1.0003960207831708,0.275510789386135
6270,0.6273,48,178,48,550316,126128,78272,47984,0.998986186795083,0.2755927219261165
6271,0.6274,17,63,17,550379,126065,78289,47967,0.9984872006082879,0.27562172474027763
6272,0.6275,15,60,15,550439,126005,78304,47952,0.9980119756684831,0.27565432836850484
6273,0.6276,9,38,9,550477,125967,78313,47943,0.9977109998732734,0.2756770743488011
6274,0.6277,31,107,31,550584,125860,78344,47912,0.996863515397288,0.2757176069792602
6275,0.6278,4,35,4,550619,125825,78348,47908,0.9965863008490685,0.27575647689270316
6276,0.6279,43,141,43,550760,125684,78391,47865,0.9954695222405272,0.27580107059101466
6277,0.628,13,65,13,550825,125619,78404,47852,0.9949546952224053,0.2758501420986793
6278,0.6281,19,143,19,550968,125476,78423,47833,0.9938220757825371,0.27599836130841443
6279,0.6282,37,131,37,551099,125345,78460,47796,0.9927845013306298,0.2760524659092878
6280,0.6283,31,149,31,551248,125196,78491,47765,0.9916043593967812,0.27616052173611394
6281,0.6284,24,85,24,551333,125111,78515,47741,0.990931124065391,0.2761958207021035
6282,0.6285,35,124,35,551457,124987,78550,47706,0.9899489925231276,0.27624744488774877
6283,0.6286,20,86,20,551543,124901,78570,47686,0.989267836776074,0.27630122778656563
6284,0.6287,19,85,19,551628,124816,78589,47667,0.9885946014446838,0.27635767003124945
6285,0.6288,30,150,30,551778,124666,78619,47637,0.9874065390951717,0.27647226107496675
6286,0.6289,19,63,19,551841,124603,78638,47618,0.9869075529083766,0.2764935751156944
6287,0.629,12,53,12,551894,124550,78650,47606,0.9864877708782157,0.2765282650619206
6288,0.6291,48,176,48,552070,124374,78698,47558,0.9850937777214548,0.2766093571877254
6289,0.6292,22,71,22,552141,124303,78720,47536,0.9845314282093525,0.2766310325362694
6290,0.6293,25,77,25,552218,124226,78745,47511,0.9839215562032696,0.2766497609717184
6291,0.6294,10,61,10,552279,124165,78755,47501,0.9834384108478013,0.2767059289550639
6292,0.6295,40,137,40,552416,124028,78795,47461,0.9823533139019136,0.2767582760410289
6293,0.6296,7,29,7,552445,123999,78802,47454,0.9821236218476745,0.2767755594827737
6294,0.6297,13,81,13,552526,123918,78815,47441,0.981482068178938,0.27685152224277687
6295,0.6298,12,59,12,552585,123859,78827,47429,0.9810147636547966,0.2768962215683527
6296,0.6299,20,46,20,552631,123813,78847,47409,0.9806504245342795,0.2768861478081088
6297,0.63,7,58,7,552689,123755,78854,47402,0.9801910404258015,0.27695040226225043
6298,0.6301,25,113,25,552802,123642,78879,47377,0.9792960334558357,0.2770276986767552
6299,0.6302,22,56,22,552858,123586,78901,47355,0.9788524901786846,0.2770254064267788
6300,0.6303,25,109,25,552967,123477,78926,47330,0.9779891648713724,0.2770963719285509
6301,0.6304,25,82,25,553049,123395,78951,47305,0.9773396907869725,0.2771236086701816
6302,0.6305,26,93,26,553142,123302,78977,47279,0.976603092130275,0.27716451421905136
6303,0.6306,19,113,19,553255,123189,78996,47260,0.9757080851603092,0.27726768710875394
6304,0.6307,36,112,36,553367,123077,79032,47224,0.9748209986060068,0.2772972560349029
6305,0.6308,17,64,17,553431,123013,79049,47207,0.9743140920035483,0.27732933850311364
6306,0.6309,20,63,20,553494,122950,79069,47187,0.9738151058167532,0.2773470791185927
6307,0.631,28,111,28,553605,122839,79097,47159,0.9729359396781143,0.2774091459899528
6308,0.6311,24,81,24,553686,122758,79121,47135,0.9722943860093778,0.27743932946030736
6309,0.6312,46,138,46,553824,122620,79167,47089,0.9712013686478267,0.2774690794241908
6310,0.6313,39,154,39,553978,122466,79206,47050,0.9699816246356608,0.27755492106939755
6311,0.6314,14,55,14,554033,122411,79220,47036,0.9695460017741732,0.27758532166400113
6312,0.6315,24,80,24,554113,122331,79244,47012,0.9689123685211,0.277614073212356
6313,0.6316,17,62,17,554175,122269,79261,46995,0.9684213027499683,0.2776432082427451
6314,0.6317,25,108,25,554283,122161,79286,46970,0.9675658978583196,0.2777137248641586
6315,0.6318,16,80,16,554363,122081,79302,46954,0.9669322646052465,0.2777767917886828
6316,0.6319,36,123,36,554486,121958,79338,46918,0.9659580534786466,0.27782514981406475
6317,0.632,23,92,23,554578,121866,79361,46895,0.9652293752376124,0.2778781827554945
6318,0.6321,11,83,11,554661,121783,79372,46884,0.9645719807375491,0.27796783010310255
6319,0.6322,45,152,45,554813,121631,79417,46839,0.9633680775567102,0.2780257612631329
6320,0.6323,24,126,24,554939,121505,79441,46815,0.96237010518312,0.27813094106463876
6321,0.6324,11,48,11,554987,121457,79452,46804,0.9619899252312761,0.2781630918632363
6322,0.6325,34,130,34,555117,121327,79486,46770,0.9609602711950324,0.2782322111637923
6323,0.6326,21,93,21,555210,121234,79507,46749,0.9602236725383348,0.2782960180494455
6324,0.6327,29,78,29,555288,121156,79536,46720,0.9596058801165885,0.27830065048011626
6325,0.6328,20,107,20,555395,121049,79556,46700,0.9587583956406032,0.27839212156257265
6326,0.6329,9,27,9,555422,121022,79565,46691,0.958544544417691,0.2783982159999523
6327,0.633,17,66,17,555488,120956,79582,46674,0.9580217969839057,0.27843464773608545
6328,0.6331,43,128,43,555616,120828,79625,46631,0.9570079837789888,0.27846219074519735
6329,0.6332,23,124,23,555740,120704,79648,46608,0.9560258522367254,0.27856937936310605
6330,0.6333,18,57,18,555797,120647,79666,46590,0.9555743885439107,0.27858667639338186
6331,0.6334,27,62,27,555859,120585,79693,46563,0.9550833227727791,0.2785734797903654
6332,0.6335,20,88,20,555947,120497,79713,46543,0.9543863261943987,0.2786338601532567
6333,0.6336,24,119,24,556066,120378,79737,46519,0.9534437967304524,0.2787287968028185
6334,0.6337,32,100,32,556166,120278,79769,46487,0.952651755164111,0.2787575330554973
6335,0.6338,33,100,33,556266,120178,79802,46454,0.9518597135977697,0.27878198665322385
6336,0.6339,42,156,42,556422,120022,79844,46412,0.950624128754277,0.27886129036134444
6337,0.634,17,35,17,556457,119987,79861,46395,0.9503469142060575,0.27884626942818336
6338,0.6341,28,92,28,556549,119895,79889,46367,0.9496182359650235,0.2788791184997173
6339,0.6342,15,59,15,556608,119836,79904,46352,0.949150931440882,0.27891303824584207
6340,0.6343,26,102,26,556710,119734,79930,46326,0.9483430490432138,0.27897145610020474
6341,0.6344,20,82,20,556792,119652,79950,46306,0.9476935749588138,0.2790224032586558
6342,0.6345,26,93,26,556885,119559,79976,46280,0.9469569763021163,0.2790658409662383
6343,0.6346,12,74,12,556959,119485,79988,46268,0.9463708655430237,0.27913823580870334
6344,0.6347,30,90,30,557049,119395,80018,46238,0.9456580281333165,0.2791593462655389
6345,0.6348,27,107,27,557156,119288,80045,46211,0.9448105436573312,0.27922223095003595
6346,0.6349,32,107,32,557263,119181,80077,46179,0.9439630591813458,0.2792634252539913
6347,0.635,37,123,37,557386,119058,80114,46142,0.9429888480547459,0.2793099273607748
6348,0.6351,26,69,26,557455,118989,80140,46116,0.9424423393739704,0.2793131643499591
6349,0.6352,24,87,24,557542,118902,80164,46092,0.9417532632112533,0.27935561293137934
6350,0.6353,8,70,8,557612,118832,80172,46084,0.9411988341148143,0.27943922966843726
6351,0.6354,35,112,35,557724,118720,80207,46049,0.940311747560512,0.27947611504591274
6352,0.6355,18,89,18,557813,118631,80225,46031,0.9396068305664681,0.27954840825448496
6353,0.6356,25,84,25,557897,118547,80250,46006,0.9389415156507414,0.2795816545429132
6354,0.6357,30,120,30,558017,118427,80280,45976,0.9379910657711317,0.27965426421658973
6355,0.6358,11,61,11,558078,118366,80291,45965,0.9375079204156634,0.2797098538924488
6356,0.6359,21,75,21,558153,118291,80312,45944,0.9369138892409073,0.2797454866502268
6357,0.636,26,119,26,558272,118172,80338,45918,0.9359713597769611,0.279834237308794
6358,0.6361,27,78,27,558350,118094,80365,45891,0.9353535673552148,0.2798487666554868
6359,0.6362,24,103,24,558453,117991,80389,45867,0.9345377645418832,0.2799191983302616
6360,0.6363,29,87,29,558540,117904,80418,45838,0.9338486883791661,0.2799403940345177
6361,0.6364,34,118,34,558658,117786,80452,45804,0.9329140793308833,0.2799926645883
6362,0.6365,23,101,23,558759,117685,80475,45781,0.9321141173488785,0.2800643558905216
6363,0.6366,24,124,24,558883,117561,80499,45757,0.9311319858066152,0.2801711997452822
6364,0.6367,17,70,17,558953,117491,80516,45740,0.9305775567101762,0.28021638046694564
6365,0.6368,23,87,23,559040,117404,80539,45717,0.9298884805474591,0.28026434364674074
6366,0.6369,23,70,23,559110,117334,80562,45694,0.9293340514510201,0.28028314154623746
6367,0.637,16,71,16,559181,117263,80578,45678,0.9287717019389178,0.2803345996403606
6368,0.6371,22,73,22,559254,117190,80600,45656,0.9281935115954886,0.2803630423836017
6369,0.6372,26,84,26,559338,117106,80626,45630,0.9275281966797617,0.2803927834037951
6370,0.6373,18,51,18,559389,117055,80644,45612,0.9271242554809276,0.2804010647519165
6371,0.6374,37,133,37,559522,116922,80681,45575,0.9260708401976936,0.28046671630860875
6372,0.6375,23,81,23,559603,116841,80704,45552,0.9254292865289571,0.28050470155733315
6373,0.6376,21,71,21,559674,116770,80725,45531,0.9248669370168546,0.2805343158698961
6374,0.6377,23,78,23,559752,116692,80748,45508,0.9242491445951083,0.2805672009864365
6375,0.6378,27,75,27,559827,116617,80775,45481,0.9236551134203523,0.2805771817048946
6376,0.6379,24,39,24,559866,116578,80799,45457,0.9233462172094792,0.2805381553368099
6377,0.638,9,39,9,559905,116539,80808,45448,0.923037320998606,0.2805657244099835
6378,0.6381,11,77,11,559982,116462,80819,45437,0.9224274489925232,0.280650281965917
6379,0.6382,20,77,20,560059,116385,80839,45417,0.9218175769864403,0.28069492342492675
6380,0.6383,27,128,27,560187,116257,80866,45390,0.9208037637815233,0.280797045413772
6381,0.6384,19,81,19,560268,116176,80885,45371,0.9201622101127868,0.2808532501377308
6382,0.6385,17,89,17,560357,116087,80902,45354,0.9194572931187429,0.2809323529958313
6383,0.6386,25,139,25,560496,115948,80927,45329,0.9183563553415284,0.2810630158051055
6384,0.6387,31,118,31,560614,115830,80958,45298,0.9174217462932455,0.2811305297651557
6385,0.6388,9,38,9,560652,115792,80967,45289,0.9171207704980358,0.28115668514598247
6386,0.6389,34,84,34,560736,115708,81001,45255,0.916455455582309,0.28115156899411664
6387,0.639,19,77,19,560813,115631,81020,45236,0.915845583576226,0.2812012407765421
6388,0.6391,27,78,27,560891,115553,81047,45209,0.9152277911544798,0.28121695425535886
6389,0.6392,28,100,28,560991,115453,81075,45181,0.9144357495881383,0.28126673058007645
6390,0.6393,27,79,27,561070,115374,81102,45154,0.9138100367507287,0.28128426193561246
6391,0.6394,26,93,26,561163,115281,81128,45128,0.9130734380940312,0.2813308480197495
6392,0.6395,9,38,9,561201,115243,81137,45119,0.9127724622988215,0.281357179381649
6393,0.6396,44,128,44,561329,115115,81181,45075,0.9117586490939045,0.2813846057806355
6394,0.6397,19,77,19,561406,115038,81200,45056,0.9111487770878216,0.2814346571389309
6395,0.6398,21,91,21,561497,114947,81221,45035,0.9104280192624509,0.2815004187971147
6396,0.6399,20,86,20,561583,114861,81241,45015,0.9097468635153972,0.2815619605194025
6397,0.64,19,97,19,561680,114764,81260,44996,0.9089785831960461,0.2816474712068102
6398,0.6401,19,57,19,561737,114707,81279,44977,0.9085271195032315,0.28166253350366977
6399,0.6402,17,69,17,561806,114638,81296,44960,0.907980610822456,0.2817077908244464
6400,0.6403,26,60,26,561866,114578,81322,44934,0.9075053858826512,0.2816966748583179
6401,0.6404,37,130,37,561996,114448,81359,44897,0.9064757318464073,0.2817597037873796
6402,0.6405,22,66,22,562062,114382,81381,44875,0.905952984412622,0.2817772531191722
6403,0.6406,12,80,12,562142,114302,81393,44863,0.9053193511595489,0.28186473156786984
6404,0.6407,17,74,17,562216,114228,81410,44846,0.9047332404004562,0.28191910683078314
6405,0.6408,9,33,9,562249,114195,81419,44837,0.9044718666835636,0.2819369686603954
6406,0.6409,10,44,10,562293,114151,81429,44827,0.9041233683943734,0.28196983230384076
6407,0.641,19,66,19,562359,114085,81448,44808,0.903600620960588,0.28200109507656096
6408,0.6411,27,144,27,562503,113941,81475,44781,0.9024600811050564,0.28213480172880884
6409,0.6412,31,117,31,562620,113824,81506,44750,0.9015333924724369,0.282202630948327
6410,0.6413,13,65,13,562685,113759,81519,44737,0.901018565454315,0.28225948919846555
6411,0.6414,27,98,27,562783,113661,81546,44710,0.9002423647193004,0.2823117868801738
6412,0.6415,34,117,34,562900,113544,81580,44676,0.8993156760866811,0.2823663253697383
6413,0.6416,28,80,28,562980,113464,81608,44648,0.8986820428336079,0.2823821088848411
6414,0.6417,27,107,27,563087,113357,81635,44621,0.8978345583576226,0.28245072098646645
6415,0.6418,23,107,23,563194,113250,81658,44598,0.8969870738816373,0.2825376311388171
6416,0.6419,28,103,28,563297,113147,81686,44570,0.8961712710683056,0.28259477418414
6417,0.642,34,109,34,563406,113038,81720,44536,0.8953079457609935,0.282635460164748
6418,0.6421,31,137,31,563543,112901,81751,44505,0.8942228488151058,0.2827401750886243
6419,0.6422,30,103,30,563646,112798,81781,44475,0.8934070460017741,0.2827885269563116
6420,0.6423,22,80,22,563726,112718,81803,44453,0.892773412748701,0.2828320746193636
6421,0.6424,24,66,24,563792,112652,81827,44429,0.8922506653149157,0.28284133663523914
6422,0.6425,29,111,29,563903,112541,81856,44400,0.8913714991762768,0.2829088638405515
6423,0.6426,37,160,37,564063,112381,81893,44363,0.8901042326701305,0.2830283774817537
6424,0.6427,22,68,22,564131,112313,81915,44341,0.8895656444050184,0.2830505445121095
6425,0.6428,17,58,17,564189,112255,81932,44324,0.8891062602965404,0.28307755190670525
6426,0.6429,12,72,12,564261,112183,81944,44312,0.8885359903687745,0.28315281638391004
6427,0.643,24,136,24,564397,112047,81968,44288,0.8874588138385503,0.28328909073464037
6428,0.6431,16,74,16,564471,111973,81984,44272,0.8868727030794576,0.2833498671957503
6429,0.6432,13,56,13,564527,111917,81997,44259,0.8864291598023064,0.2833918143632824
6430,0.6433,19,81,19,564608,111836,82016,44240,0.8857876061335699,0.2834516517593993
6431,0.6434,23,77,23,564685,111759,82039,44217,0.885177734127487,0.28348592091090935
6432,0.6435,16,48,16,564733,111711,82055,44201,0.8847975541756431,0.28349966647852637
6433,0.6436,24,85,24,564818,111626,82079,44177,0.8841243188442529,0.28354396256811487
6434,0.6437,18,48,18,564866,111578,82097,44159,0.8837441388924091,0.28354854658815826
6435,0.6438,14,53,14,564919,111525,82111,44145,0.8833243568622481,0.2835806513779148
6436,0.6439,23,54,23,564973,111471,82134,44122,0.8828966544164237,0.2835731684587353
6437,0.644,30,112,30,565085,111359,82164,44092,0.8820095678621214,0.2836392175026214
6438,0.6441,25,70,25,565155,111289,82189,44067,0.8814551387656824,0.28365174180591674
6439,0.6442,7,42,7,565197,111247,82196,44060,0.881122481307819,0.2836961630834412
6440,0.6443,21,66,21,565263,111181,82217,44039,0.8805997338740337,0.2837198814585749
6441,0.6444,25,59,25,565322,111122,82242,44014,0.8801324293498923,0.2837123556105611
6442,0.6445,35,128,35,565450,110994,82277,43979,0.8791186161449753,0.2837849173727036
6443,0.6446,21,85,21,565535,110909,82298,43958,0.8784453808135851,0.28384355608360723
6444,0.6447,25,106,25,565641,110803,82323,43933,0.8776058167532632,0.28392229345465825
6445,0.6448,28,104,28,565745,110699,82351,43905,0.8767820935242682,0.28398359680215257
6446,0.6449,22,102,22,565847,110597,82373,43883,0.8759742111265999,0.28406913516312793
6447,0.645,24,73,24,565920,110524,82397,43859,0.8753960207831707,0.28409216040626234
6448,0.6451,21,51,21,565971,110473,82418,43838,0.8749920795843366,0.2840886262158887
6449,0.6452,13,55,13,566026,110418,82431,43825,0.8745564567228488,0.2841295877284544
6450,0.6453,15,82,15,566108,110336,82446,43810,0.8739069826384489,0.28421107261946466
6451,0.6454,31,92,31,566200,110244,82477,43779,0.8731783043974147,0.2842367698330769
6452,0.6455,15,90,15,566290,110154,82492,43764,0.8724654669877075,0.28433321638794684
6453,0.6456,19,74,19,566364,110080,82511,43745,0.8718793562286149,0.28438160247033967
6454,0.6457,12,48,12,566412,110032,82523,43733,0.871499176276771,0.2844145286638702
6455,0.6458,25,68,25,566480,109964,82548,43708,0.8709605880116589,0.28442396793169866
6456,0.6459,19,61,19,566541,109903,82567,43689,0.8704774426561906,0.2844484087712902
6457,0.646,9,41,9,566582,109862,82576,43680,0.8701527056139906,0.28448242174779537
6458,0.6461,22,135,22,566717,109727,82598,43658,0.8690834494994297,0.2846301789614369
6459,0.6462,26,69,26,566786,109658,82624,43632,0.8685369408186542,0.2846369626198708
6460,0.6463,17,37,17,566823,109621,82641,43615,0.8682438854391078,0.28462632801691506
6461,0.6464,19,80,19,566903,109541,82660,43596,0.8676102521860347,0.2846862613215617
6462,0.6465,27,62,27,566965,109479,82687,43569,0.867119186414903,0.28467539595421043
6463,0.6466,29,107,29,567072,109372,82716,43540,0.8662717019389178,0.28473893481217954
6464,0.6467,19,60,19,567132,109312,82735,43521,0.8657964769991129,0.28476179882616975
6465,0.6468,34,74,34,567206,109238,82769,43487,0.8652103662400202,0.2847405467343264
6466,0.6469,13,64,13,567270,109174,82782,43474,0.8647034596375618,0.28479901472669145
6467,0.647,23,72,23,567342,109102,82805,43451,0.864133189709796,0.28482560159420006
6468,0.6471,12,54,12,567396,109048,82817,43439,0.8637054872639716,0.2848701856551706
6469,0.6472,10,36,10,567432,109012,82827,43429,0.8634203523000887,0.28489054781850026
6470,0.6473,25,96,25,567528,108916,82852,43404,0.862659992396401,0.28495273109243696
6471,0.6474,27,107,27,567635,108809,82879,43377,0.8618125079204156,0.2850262179175483
6472,0.6475,35,96,35,567731,108713,82914,43342,0.8610521480167279,0.28504159679063495
6473,0.6476,23,80,23,567811,108633,82937,43319,0.8604185147636548,0.2850834474044435
6474,0.6477,16,53,16,567864,108580,82953,43303,0.8599987327334938,0.2851076157305294
6475,0.6478,16,75,16,567939,108505,82969,43287,0.8594047015587378,0.2851731316538421
6476,0.6479,28,67,28,568006,108438,82997,43259,0.858874033709289,0.2851671423956967
6477,0.648,27,76,27,568082,108362,83024,43232,0.8582720821188696,0.2851827908756283
6478,0.6481,16,87,16,568169,108275,83040,43216,0.8575830059561526,0.2852710722089101
6479,0.6482,36,93,36,568262,108182,83076,43180,0.856846407299455,0.2852763573420013
6480,0.6483,23,73,23,568335,108109,83099,43157,0.8562682169560258,0.28530535612761626
6481,0.6484,27,110,27,568445,107999,83126,43130,0.8553969712330504,0.2853853330598363
6482,0.6485,14,71,14,568516,107928,83140,43116,0.8548346217209479,0.28545324541193295
6483,0.6486,28,117,28,568633,107811,83168,43088,0.8539079330883285,0.2855419850363488
6484,0.6487,33,103,33,568736,107708,83201,43055,0.8530921302749969,0.28558067960971856
6485,0.6488,39,150,39,568886,107558,83240,43016,0.8519040679254847,0.2856801306998552
6486,0.6489,30,113,30,568999,107445,83270,42986,0.851009060955519,0.28575227180567836
6487,0.649,12,50,12,569049,107395,83282,42974,0.8506130401723483,0.28579028922184757
6488,0.6491,39,116,39,569165,107279,83321,42935,0.8496942719553923,0.28582555554076183
6489,0.6492,19,63,19,569228,107216,83340,42916,0.8491952857685972,0.2858551141662004
6490,0.6493,14,91,14,569319,107125,83354,42902,0.8484745279432264,0.2859618601984976
6491,0.6494,9,53,9,569372,107072,83363,42893,0.8480547459130655,0.28602007134998164
6492,0.6495,23,51,23,569423,107021,83386,42870,0.8476508047142314,0.2860078323581803
6493,0.6496,25,109,25,569532,106912,83411,42845,0.8467874794069192,0.2860968101658019
6494,0.6497,32,131,32,569663,106781,83443,42813,0.845749904955012,0.2861946334746046
6495,0.6498,15,68,15,569731,106713,83458,42798,0.8452113166898999,0.286253185384353
6496,0.6499,19,68,19,569799,106645,83477,42779,0.8446727284247877,0.2862926972909305
6497,0.65,19,57,19,569856,106588,83496,42760,0.8442212647319731,0.286311165867638
6498,0.6501,16,58,16,569914,106530,83512,42744,0.8437618806234951,0.2863459142248483
6499,0.6502,26,83,26,569997,106447,83538,42718,0.8431044861234318,0.28638085341735664
6500,0.6503,16,72,16,570069,106375,83554,42702,0.8425342161956659,0.2864425766550172
6501,0.6504,19,58,19,570127,106317,83573,42683,0.8420748320871879,0.28646308724832215
6502,0.6505,17,93,17,570220,106224,83590,42666,0.8413382334304904,0.28656054805561154
6503,0.6506,13,35,13,570255,106189,83603,42653,0.8410610188822709,0.28656561991910884
6504,0.6507,11,67,11,570322,106122,83614,42642,0.8405303510328223,0.28664192949907236
6505,0.6508,22,80,22,570402,106042,83636,42620,0.8398967177797491,0.28669061360670517
6506,0.6509,16,64,16,570466,105978,83652,42604,0.8393898111772906,0.286737289846684
6507,0.651,20,72,20,570538,105906,83672,42584,0.8388195412495247,0.2867802545625968
6508,0.6511,31,119,31,570657,105787,83703,42553,0.8378770117855785,0.28686126466226236
6509,0.6512,48,127,48,570784,105660,83751,42505,0.8368711189963249,0.2868761178415955
6510,0.6513,33,88,33,570872,105572,83784,42472,0.8361741224179445,0.28688768204047443
6511,0.6514,24,54,24,570926,105518,83808,42448,0.8357464199721202,0.28687671492099537
6512,0.6515,19,90,19,571016,105428,83827,42429,0.8350335825624129,0.28695969754560147
6513,0.6516,15,79,15,571095,105349,83842,42414,0.8344078697250031,0.2870407341486028
6514,0.6517,16,49,16,571144,105300,83858,42398,0.8340197693574959,0.2870587279448605
6515,0.6518,21,46,21,571190,105254,83879,42377,0.8336554302369789,0.2870467584721366
6516,0.6519,23,74,23,571264,105180,83902,42354,0.8330693194778862,0.28707958843385256
6517,0.652,5,43,5,571307,105137,83907,42349,0.8327287416043594,0.28713911828919353
6518,0.6521,29,91,29,571398,105046,83936,42320,0.8320079837789888,0.28717614646526335
6519,0.6522,17,73,17,571471,104973,83953,42303,0.8314297934355594,0.28723620956571333
6520,0.6523,23,69,23,571540,104904,83976,42280,0.8308832847547839,0.28725948472660073
6521,0.6524,11,39,11,571579,104865,83987,42269,0.8305743885439107,0.28728234126714425
6522,0.6525,3,21,3,571600,104844,83990,42266,0.8304080598149791,0.2873088165318469
6523,0.6526,22,89,22,571689,104755,84012,42244,0.8297031428209353,0.28737610459935103
6524,0.6527,15,52,15,571741,104703,84027,42229,0.8292912812064377,0.2874050581221245
6525,0.6528,19,41,19,571782,104662,84046,42210,0.8289665441642378,0.28739310419957514
6526,0.6529,7,49,7,571831,104613,84053,42203,0.8285784437967304,0.28745504577157804
6527,0.653,28,98,28,571929,104515,84081,42175,0.8278022430617159,0.28751107778307994
6528,0.6531,16,93,16,572022,104422,84097,42159,0.8270656444050184,0.2876157210006754
6529,0.6532,28,116,28,572138,104306,84125,42131,0.8261468761880624,0.2877073417237447
6530,0.6533,30,79,30,572217,104227,84155,42101,0.8255211633506526,0.2877166365972336
6531,0.6534,23,98,23,572315,104129,84178,42078,0.8247449626156381,0.28779743787917134
6532,0.6535,27,82,27,572397,104047,84205,42051,0.8240954885312382,0.2878273487658969
6533,0.6536,17,72,17,572469,103975,84222,42034,0.8235252186034723,0.28788636316939364
6534,0.6537,33,94,33,572563,103881,84255,42001,0.8227806995311114,0.28791077720349323
6535,0.6538,18,91,18,572654,103790,84273,41983,0.8220599417057407,0.2880025793528294
6536,0.6539,27,97,27,572751,103693,84300,41956,0.8212916613863895,0.28806239658356736
6537,0.654,26,66,26,572817,103627,84326,41930,0.8207689139526042,0.2880658436213992
6538,0.6541,17,72,17,572889,103555,84343,41913,0.8201986440248384,0.28812522341683394
6539,0.6542,16,55,16,572944,103500,84359,41897,0.8197630211633506,0.28815587666870707
6540,0.6543,13,95,13,573039,103405,84372,41884,0.8190105816753264,0.28828059935714334
6541,0.6544,29,73,29,573112,103332,84401,41855,0.818432391331897,0.2882833862535902
6542,0.6545,26,82,26,573194,103250,84427,41829,0.8177829172474972,0.2883187780450651
6543,0.6546,14,56,14,573250,103194,84441,41815,0.817339373970346,0.28836141205028654
6544,0.6547,9,46,9,573296,103148,84450,41806,0.8169750348498289,0.2884087365647033
6545,0.6548,12,54,12,573350,103094,84462,41794,0.8165473324040046,0.28845729114902546
6546,0.6549,23,47,23,573397,103047,84485,41771,0.8161750728678241,0.2884379013658523
6547,0.655,32,99,32,573496,102948,84517,41739,0.8153909517171462,0.2884778867486367
6548,0.6551,43,186,43,573682,102762,84560,41696,0.8139177544037511,0.2886375278627698
6549,0.6552,19,50,19,573732,102712,84579,41677,0.8135217336205804,0.2886438717630844
6550,0.6553,32,114,32,573846,102598,84611,41645,0.8126188062349512,0.28871418370388857
6551,0.6554,19,87,19,573933,102511,84630,41626,0.8119297300722342,0.28879468838674316
6552,0.6555,19,75,19,574008,102436,84649,41607,0.8113356988974781,0.28885124580854327
6553,0.6556,12,57,12,574065,102379,84661,41595,0.8108842352046636,0.28890633030963925
6554,0.6557,39,92,39,574157,102287,84700,41556,0.8101555569636294,0.2888983127437553
6555,0.6558,21,69,21,574226,102218,84721,41535,0.8096090482828538,0.2889331005265977
6556,0.6559,19,48,19,574274,102170,84740,41516,0.80922886833101,0.28893559567390004
6557,0.656,32,103,32,574377,102067,84772,41484,0.8084130655176783,0.288984402755815
6558,0.6561,17,42,17,574419,102025,84789,41467,0.808080408059815,0.2889847517631645
6559,0.6562,27,103,27,574522,101922,84816,41440,0.8072646052464834,0.2890584673762922
6560,0.6563,30,116,30,574638,101806,84846,41410,0.8063458370295273,0.2891436710982013
6561,0.6564,14,67,14,574705,101739,84860,41396,0.8058151691800786,0.2892094875467216
6562,0.6565,24,74,24,574779,101665,84884,41372,0.8052290584209859,0.289239847032586
6563,0.6566,11,47,11,574826,101618,84895,41361,0.8048567988848054,0.28928024395190904
6564,0.6567,22,75,22,574901,101543,84917,41339,0.8042627677100495,0.2893226578575328
6565,0.6568,24,74,24,574975,101469,84941,41315,0.8036766569509568,0.2893531488121918
6566,0.6569,12,70,12,575045,101399,84953,41303,0.8031222278545178,0.28943532676486666
6567,0.657,25,98,25,575143,101301,84978,41278,0.8023460271195032,0.28950967533788285
6568,0.6571,19,56,19,575199,101245,84997,41259,0.8019024838423521,0.2895287149834391
6569,0.6572,24,119,24,575318,101126,85021,41235,0.8009599543784057,0.2896509577763573
6570,0.6573,18,86,18,575404,101040,85039,41217,0.8002787986313522,0.28973618169931886
6571,0.6574,26,92,26,575496,100948,85065,41191,0.799550120390318,0.28979379339941885
6572,0.6575,20,72,20,575568,100876,85085,41171,0.7989798504625523,0.2898406865333305
6573,0.6576,19,63,19,575631,100813,85104,41152,0.7984808642757572,0.2898742647835734
6574,0.6577,32,102,32,575733,100711,85136,41120,0.797672981878089,0.2899225134138517
6575,0.6578,29,108,29,575841,100603,85165,41091,0.7968175769864403,0.2899981650599179
6576,0.6579,13,50,13,575891,100553,85178,41078,0.7964215562032696,0.2900353736117093
6577,0.658,23,81,23,575972,100472,85201,41055,0.795780002534533,0.2900859906590262
6578,0.6581,20,83,20,576055,100389,85221,41035,0.7951226080344697,0.2901558434212015
6579,0.6582,18,54,18,576109,100335,85239,41017,0.7946949055886453,0.29017629747014545
6580,0.6583,21,83,21,576192,100252,85260,40996,0.7940375110885819,0.29024127775260533
6581,0.6584,42,163,42,576355,100089,85302,40954,0.7927464833354454,0.2903653495742433
6582,0.6585,26,94,26,576449,99995,85328,40928,0.7920019642630846,0.29042810612887887
6583,0.6586,8,27,8,576476,99968,85336,40920,0.7917881130401724,0.2904434728294816
6584,0.6587,28,103,28,576579,99865,85364,40892,0.7909723102268407,0.290514858941296
6585,0.6588,26,95,26,576674,99770,85390,40866,0.7902198707388164,0.29057993685827244
6586,0.6589,17,54,17,576728,99716,85407,40849,0.789792168292992,0.2906057695727955
6587,0.659,22,105,22,576833,99611,85429,40827,0.7889605246483335,0.2907119155784047
6588,0.6591,39,108,39,576941,99503,85468,40788,0.7881051197566848,0.29073853632806096
6589,0.6592,12,91,12,577032,99412,85480,40776,0.7873843619313141,0.29086655063200845
6590,0.6593,26,103,26,577135,99309,85506,40750,0.7865685591179825,0.29094881442820525
6591,0.6594,12,59,12,577194,99250,85518,40738,0.7861012545938411,0.29101065805640486
6592,0.6595,19,72,19,577266,99178,85537,40719,0.7855309846660753,0.29106414004589093
6593,0.6596,18,43,18,577309,99135,85555,40701,0.7851904067925485,0.2910623873680597
6594,0.6597,22,139,22,577448,98996,85577,40679,0.7840894690153339,0.29124037945229997
6595,0.6598,22,43,22,577491,98953,85599,40657,0.7837488911418071,0.291218394097844
6596,0.6599,38,163,38,577654,98790,85637,40619,0.7824578633886706,0.29136569375004484
6597,0.66,48,130,48,577784,98660,85685,40571,0.7814282093524269,0.29139343967938175
6598,0.6601,26,97,26,577881,98563,85711,40545,0.7806599290330757,0.2914641861000086
6599,0.6602,26,74,26,577955,98489,85737,40519,0.780073818273983,0.2914868209023941
6600,0.6603,16,62,16,578017,98427,85753,40503,0.7795827525028514,0.2915353055495573
6601,0.6604,8,46,8,578063,98381,85761,40495,0.7792184133823343,0.29159105965033555
6602,0.6605,14,52,14,578115,98329,85775,40481,0.7788065517678368,0.29162884518406457
6603,0.6606,29,93,29,578208,98236,85804,40452,0.7780699531111392,0.29167628057221967
6604,0.6607,15,64,15,578272,98172,85819,40437,0.7775630465086808,0.29173430296733976
6605,0.6608,30,101,30,578373,98071,85849,40407,0.776763084526676,0.2917936423114141
6606,0.6609,21,73,21,578446,97998,85870,40386,0.7761848941832468,0.29184009712105446
6607,0.661,17,59,17,578505,97939,85887,40369,0.7757175896591053,0.29187754865951354
6608,0.6611,22,51,22,578556,97888,85909,40347,0.7753136484602712,0.2918725358990126
6609,0.6612,20,79,20,578635,97809,85929,40327,0.7746879356228615,0.2919369317194649
6610,0.6613,25,121,25,578756,97688,85954,40302,0.7737295653275884,0.2920646423653888
6611,0.6614,21,64,21,578820,97624,85975,40281,0.7732226587251299,0.292092382437185
6612,0.6615,16,50,16,578870,97574,85991,40265,0.7728266379419592,0.2921161645107698
6613,0.6616,15,49,15,578919,97525,86006,40250,0.7724385375744519,0.2921429867537652
6614,0.6617,12,66,12,578985,97459,86018,40238,0.7719157901406666,0.29222132653579963
6615,0.6618,23,118,23,579103,97341,86041,40215,0.7709811810923838,0.2923536596004536
6616,0.6619,23,60,23,579163,97281,86064,40192,0.7705059561525789,0.29236286398056344
6617,0.662,34,74,34,579237,97207,86098,40158,0.7699198453934862,0.2923452116623594
6618,0.6621,16,53,16,579290,97154,86114,40142,0.7695000633633253,0.2923755972497378
6619,0.6622,11,41,11,579331,97113,86125,40131,0.7691753263211253,0.29240622540876104
6620,0.6623,14,54,14,579385,97059,86139,40117,0.7687476238753009,0.29244911646352134
6621,0.6624,28,88,28,579473,96971,86167,40089,0.7680506272969205,0.2924923391215526
6622,0.6625,14,68,14,579541,96903,86181,40075,0.7675120390318084,0.29256522945290486
6623,0.6626,18,51,18,579592,96852,86199,40057,0.7671080978329743,0.29258120357317635
6624,0.6627,25,99,25,579691,96753,86224,40032,0.7663239766822962,0.2926636692619805
6625,0.6628,13,54,13,579745,96699,86237,40019,0.7658962742364719,0.29271200573443146
6626,0.6629,15,70,15,579815,96629,86252,40004,0.7653418451400329,0.2927843200398147
6627,0.663,19,87,19,579902,96542,86271,39985,0.7646527689773159,0.29287247211174344
6628,0.6631,16,63,16,579965,96479,86287,39969,0.7641537827905208,0.29292477720450283
6629,0.6632,26,89,26,580054,96390,86313,39943,0.763448865796477,0.2929811564331453
6630,0.6633,26,126,26,580180,96264,86339,39917,0.7624508934228869,0.29311724836798086
6631,0.6634,26,76,26,580256,96188,86365,39891,0.7618489418324673,0.29314589319439444
6632,0.6635,14,78,14,580334,96110,86379,39877,0.7612311494107211,0.2932412657092222
6633,0.6636,20,46,20,580380,96064,86399,39857,0.760866810290204,0.29323651238587123
6634,0.6637,42,138,42,580518,95926,86441,39815,0.7597737929286529,0.2933159472819561
6635,0.6638,28,104,28,580622,95822,86469,39787,0.7589500696996578,0.2933949811590676
6636,0.6639,26,107,26,580729,95715,86495,39761,0.7581025852236726,0.29349109805426793
6637,0.664,23,58,23,580787,95657,86518,39738,0.7576432011151946,0.293496805642749
6638,0.6641,13,76,13,580863,95581,86531,39725,0.757041249524775,0.29359378002453695
6639,0.6642,25,100,25,580963,95481,86556,39700,0.7562492079584336,0.2936803248977297
6640,0.6643,33,106,33,581069,95375,86589,39667,0.7554096438981118,0.29373824439803914
6641,0.6644,30,85,30,581154,95290,86619,39637,0.7547364085667215,0.29376625879179113
6642,0.6645,18,45,18,581199,95245,86637,39619,0.7543799898618679,0.293770020168466
6643,0.6646,22,67,22,581266,95178,86659,39597,0.7538493220124192,0.2938007790762382
6644,0.6647,16,64,16,581330,95114,86675,39581,0.7533424154099607,0.29385649058985114
6645,0.6648,29,73,29,581403,95041,86704,39552,0.7527642250665315,0.2938637224818527
6646,0.6649,18,47,18,581450,94994,86722,39534,0.752391965530351,0.29387190770694577
6647,0.665,31,90,31,581540,94904,86753,39503,0.7516791281206437,0.29390582335741444
6648,0.6651,25,81,25,581621,94823,86778,39478,0.7510375744519072,0.29395164592966544
6649,0.6652,15,53,15,581674,94770,86793,39463,0.7506177924217463,0.29398881050114356
6650,0.6653,29,88,29,581762,94682,86822,39434,0.7499207958433659,0.294029049479555
6651,0.6654,10,80,10,581842,94602,86832,39424,0.7492871625902927,0.2941518809783176
6652,0.6655,19,73,19,581915,94529,86851,39405,0.7487089722468635,0.2942120746039094
6653,0.6656,29,92,29,582007,94437,86880,39376,0.7479802940058294,0.2942613946328085
6654,0.6657,26,77,26,582084,94360,86906,39350,0.7473704219997466,0.2942936205220253
6655,0.6658,33,94,33,582178,94266,86939,39317,0.7466259029273856,0.29432637386493793
6656,0.6659,9,37,9,582215,94229,86948,39308,0.7463328475478394,0.29436036454316034
6657,0.666,26,93,26,582308,94136,86974,39282,0.7455962488911418,0.2944280381957457
6658,0.6661,16,45,16,582353,94091,86990,39266,0.7452398301862881,0.2944427364142865
6659,0.6662,11,45,11,582398,94046,87001,39255,0.7448834114814346,0.29448391234874455
6660,0.6663,10,49,10,582447,93997,87011,39245,0.7444953111139273,0.294539259392684
6661,0.6664,15,77,15,582524,93920,87026,39230,0.7438854391078443,0.2946301164100638
6662,0.6665,18,63,18,582587,93857,87044,39212,0.7433864529210493,0.2946741915848169
6663,0.6666,23,73,23,582660,93784,87067,39189,0.7428082625776201,0.2947139644890316
6664,0.6667,20,71,20,582731,93713,87087,39169,0.7422459130655177,0.29476528047440587
6665,0.6668,15,50,15,582781,93663,87102,39154,0.741849892282347,0.2947965998328527
6666,0.6669,24,79,24,582860,93584,87126,39130,0.7412241794449372,0.2948445529484455
6667,0.667,16,81,16,582941,93503,87142,39114,0.7405826257762007,0.2949395628011492
6668,0.6671,14,62,14,583003,93441,87156,39100,0.740091560005069,0.29500305565824914
6669,0.6672,19,74,19,583077,93367,87175,39081,0.7395054492459764,0.2950667431746799
6670,0.6673,17,69,17,583146,93298,87192,39064,0.7389589405652008,0.29513002221181306
6671,0.6674,16,42,16,583188,93256,87208,39048,0.7386262831073375,0.2951384689805297
6672,0.6675,21,56,21,583244,93200,87229,39027,0.7381827398301863,0.2951515197350012
6673,0.6676,23,85,23,583329,93115,87252,39004,0.737509504498796,0.2952187043498664
6674,0.6677,16,93,16,583422,93022,87268,38988,0.7367729058420986,0.2953412620256041
6675,0.6678,14,47,14,583469,92975,87282,38974,0.7364006463059182,0.2953716966403686
6676,0.6679,21,79,21,583548,92896,87303,38953,0.7357749334685084,0.2954364462377417
6677,0.668,26,84,26,583632,92812,87329,38927,0.7351096185527817,0.2954857711080242
6678,0.6681,19,87,19,583719,92725,87348,38908,0.7344205423900646,0.29557937599234235
6679,0.6682,34,106,34,583825,92619,87382,38874,0.7335809783297428,0.2956355091145536
6680,0.6683,16,61,16,583886,92558,87398,38858,0.7330978329742744,0.29568697875448957
6681,0.6684,20,98,20,583984,92460,87418,38838,0.73232163223926,0.29580039299913174
6682,0.6685,14,54,14,584038,92406,87432,38824,0.7318939297934356,0.29584698620742206
6683,0.6686,10,56,10,584094,92350,87442,38814,0.7314503865162844,0.2959196120886829
6684,0.6687,41,90,41,584184,92260,87483,38773,0.7307375491065771,0.295902558897377
6685,0.6688,19,51,19,584235,92209,87502,38754,0.730333607907743,0.2959156402953506
6686,0.6689,27,80,27,584315,92129,87529,38727,0.7296999746546698,0.2959512746836217
6687,0.669,31,103,31,584418,92026,87560,38696,0.7288841718413382,0.2960175027921849
6688,0.6691,15,45,15,584463,91981,87575,38681,0.7285277531364847,0.29603863403284814
6689,0.6692,29,101,29,584564,91880,87604,38652,0.7277277911544798,0.29611129837894157
6690,0.6693,16,45,16,584609,91835,87620,38636,0.7273713724496261,0.2961271087061493
6691,0.6694,23,70,23,584679,91765,87643,38613,0.7268169433531871,0.2961619291598276
6692,0.6695,16,41,16,584720,91724,87659,38597,0.7264922063109872,0.29616869115491745
6693,0.6696,38,100,38,584820,91624,87697,38559,0.7257001647446458,0.2961907468717114
6694,0.6697,27,101,27,584921,91523,87724,38532,0.724900202762641,0.29627465303140976
6695,0.6698,14,59,14,584980,91464,87738,38518,0.7244328982384995,0.29633333846224863
6696,0.6699,14,54,14,585034,91410,87752,38504,0.7240051957926752,0.2963806826054159
6697,0.67,33,98,33,585132,91312,87785,38471,0.7232289950576606,0.29642557191619856
6698,0.6701,16,54,16,585186,91258,87801,38455,0.7228012926118362,0.2964621896032009
6699,0.6702,14,60,14,585246,91198,87815,38441,0.7223260676720314,0.29652342273544224
6700,0.6703,21,61,21,585307,91137,87836,38420,0.7218429223165632,0.2965490093163627
6701,0.6704,11,39,11,585346,91098,87847,38409,0.7215340261056901,0.2965785633209016
6702,0.6705,21,92,21,585438,91006,87868,38388,0.7208053478646559,0.29667527087809326
6703,0.6706,35,134,35,585572,90872,87903,38353,0.7197440121657585,0.2967924163281099
6704,0.6707,22,56,22,585628,90816,87925,38331,0.7193004688886073,0.2968013194266998
6705,0.6708,17,67,17,585695,90749,87942,38314,0.7187698010391586,0.29686277244446513
6706,0.6709,12,62,12,585757,90687,87954,38302,0.7182787352680269,0.29694004915147804
6707,0.671,20,54,20,585811,90633,87974,38282,0.7178510328222025,0.2969553581817477
6708,0.6711,9,21,9,585832,90612,87983,38273,0.7176847040932708,0.29695464949373473
6709,0.6712,24,49,24,585881,90563,88007,38249,0.7172966037257635,0.2969366208117256
6710,0.6713,15,80,15,585961,90483,88022,38234,0.7166629704726905,0.2970392411258808
6711,0.6714,24,75,24,586036,90408,88046,38210,0.7160689392979344,0.2970812794476667
6712,0.6715,18,72,18,586108,90336,88064,38192,0.7154986693701686,0.29714925930536534
6713,0.6716,15,48,15,586156,90288,88079,38177,0.7151184894183247,0.29717821974856967
6714,0.6717,15,51,15,586207,90237,88094,38162,0.7147145482194905,0.29721415275819907
6715,0.6718,20,47,20,586254,90190,88114,38142,0.7143422886833101,0.29721347754262384
6716,0.6719,11,45,11,586299,90145,88125,38131,0.7139858699784565,0.29725747606723
6717,0.672,20,88,20,586387,90057,88145,38111,0.7132888734000761,0.2973519131140378
6718,0.6721,18,78,18,586465,89979,88163,38093,0.7126710809783298,0.29743425573115123
6719,0.6722,23,78,23,586543,89901,88186,38070,0.7120532885565835,0.2974892749138477
6720,0.6723,9,53,9,586596,89848,88195,38061,0.7116335065264225,0.29756311127442164
6721,0.6724,21,59,21,586655,89789,88216,38040,0.7111662020022811,0.2975850550344601
6722,0.6725,14,55,14,586710,89734,88230,38026,0.7107305791407933,0.2976361928616155
6723,0.6726,34,99,34,586809,89635,88264,37992,0.7099464579901154,0.297679958002617
6724,0.6727,23,86,23,586895,89549,88287,37969,0.7092653022430617,0.29775404256653965
6725,0.6728,13,45,13,586940,89504,88300,37956,0.7089088835382081,0.29778754118939277
6726,0.6729,16,67,16,587007,89437,88316,37940,0.7083782156887594,0.29785597085816123
6727,0.673,24,53,24,587060,89384,88340,37916,0.7079584336585985,0.29784760408483896
6728,0.6731,29,79,29,587139,89305,88369,37887,0.7073327208211887,0.2978725077048871
6729,0.6732,20,62,20,587201,89243,88389,37867,0.706841655050057,0.29790732436472345
6730,0.6733,34,76,34,587277,89167,88423,37833,0.7062397034596376,0.2978976377952756
6731,0.6734,26,98,26,587375,89069,88449,37807,0.705463502724623,0.2979838582553044
6732,0.6735,17,42,17,587417,89027,88466,37790,0.7051308452667596,0.2979884400356419
6733,0.6736,21,64,21,587481,88963,88487,37769,0.7046239386643011,0.2980225988700565
6734,0.6737,25,78,25,587559,88885,88512,37744,0.7040061462425549,0.2980675832550206
6735,0.6738,17,62,17,587621,88823,88529,37727,0.7035150804714232,0.2981193204267088
6736,0.6739,16,52,16,587673,88771,88545,37711,0.7031032188569256,0.298153096883351
6737,0.674,21,64,21,587737,88707,88566,37690,0.7025963122544671,0.29818745698078275
6738,0.6741,20,58,20,587795,88649,88586,37670,0.702136928145989,0.2982132537464673
6739,0.6742,15,72,15,587867,88577,88601,37655,0.7015666582182233,0.2982999556372394
6740,0.6743,17,66,17,587933,88511,88618,37638,0.701043910784438,0.2983614614463848
6741,0.6744,16,49,16,587982,88462,88634,37622,0.7006558104169307,0.29838837600329937
6742,0.6745,41,99,41,588081,88363,88675,37581,0.6998716892662527,0.2983945245505939
6743,0.6746,16,39,16,588120,88324,88691,37565,0.6995627930553795,0.29839779488279355
6744,0.6747,14,49,14,588169,88275,88705,37551,0.6991746926878722,0.29843593533927804
6745,0.6748,16,57,16,588226,88218,88721,37535,0.6987232289950577,0.2984819447647372
6746,0.6749,7,52,7,588278,88166,88728,37528,0.6983113673805601,0.29856635957165817
6747,0.675,13,52,13,588330,88114,88741,37515,0.6978995057660626,0.29861735745727497
6748,0.6751,16,69,16,588399,88045,88757,37499,0.6973529970852871,0.29869209201554836
6749,0.6752,22,43,22,588442,88002,88779,37477,0.6970124192117603,0.298671490847074
6750,0.6753,10,43,10,588485,87959,88789,37467,0.6966718413382335,0.298717969161099
6751,0.6754,16,53,16,588538,87906,88805,37451,0.6962520593080724,0.29875475641567684
6752,0.6755,22,58,22,588596,87848,88827,37429,0.6957926751995944,0.298769925844329
6753,0.6756,29,105,29,588701,87743,88856,37400,0.694961031554936,0.2988581063263626
6754,0.6757,21,69,21,588770,87674,88877,37379,0.6944145228741604,0.2989052641679928
6755,0.6758,28,112,28,588882,87562,88905,37351,0.693527436319858,0.2990161152161905
6756,0.6759,34,89,34,588971,87473,88939,37317,0.6928225193258142,0.2990383844859364
6757,0.676,26,72,26,589043,87401,88965,37291,0.6922522493980484,0.29906489590350627
6758,0.6761,26,114,26,589157,87287,88991,37265,0.6913493220124192,0.29919230522191537
6759,0.6762,18,50,18,589207,87237,89009,37247,0.6909533012292485,0.29921114360078405
6760,0.6763,29,74,29,589281,87163,89038,37218,0.6903671904701558,0.29922576599319833
6761,0.6764,27,69,27,589350,87094,89065,37191,0.6898206817893803,0.2992396508025908
6762,0.6765,26,105,26,589455,86989,89091,37165,0.6889890381447218,0.2993459735489795
6763,0.6766,30,62,30,589517,86927,89121,37135,0.6884979723735901,0.2993261433799229
6764,0.6767,13,70,13,589587,86857,89134,37122,0.6879435432771512,0.29942167625162325
6765,0.6768,11,38,11,589625,86819,89145,37111,0.6876425674819414,0.29945130315500684
6766,0.6769,13,89,13,589714,86730,89158,37098,0.6869376504878976,0.29959298381626126
6767,0.677,12,44,12,589758,86686,89170,37086,0.6865891521987074,0.29963158064828876
6768,0.6771,14,68,14,589826,86618,89184,37072,0.6860505639335952,0.29971703452178833
6769,0.6772,24,64,24,589890,86554,89208,37048,0.6855436573311368,0.2997362502224883
6770,0.6773,17,77,17,589967,86477,89225,37031,0.6849337853250539,0.2998267318716197
6771,0.6774,26,88,26,590055,86389,89251,37005,0.6842367887466734,0.2998930255928165
6772,0.6775,16,71,16,590126,86318,89267,36989,0.683674439234571,0.29997485949702773
6773,0.6776,12,61,12,590187,86257,89279,36977,0.6831912938791028,0.3000551795770648
6774,0.6777,21,59,21,590246,86198,89300,36956,0.6827239893549614,0.30007957516605227
6775,0.6778,8,38,8,590284,86160,89308,36948,0.6824230135597517,0.30012671800370405
6776,0.6779,42,87,42,590371,86073,89350,36906,0.6817339373970346,0.30010001707608613
6777,0.678,20,52,20,590423,86021,89370,36886,0.6813220757825371,0.30011309363990657
6778,0.6781,22,68,22,590491,85953,89392,36864,0.6807834875174249,0.30015388749114535
6779,0.6782,32,88,32,590579,85865,89424,36832,0.6800864909390445,0.30018663863012135
6780,0.6783,18,45,18,590624,85820,89442,36814,0.6797300722341908,0.30019407342172644
6781,0.6784,33,82,33,590706,85738,89475,36781,0.6790805981497909,0.3002064985838931
6782,0.6785,12,62,12,590768,85676,89487,36769,0.6785895323786593,0.3002899260892646
6783,0.6786,14,38,14,590806,85638,89501,36755,0.6782885565834496,0.3003031219105668
6784,0.6787,25,115,25,590921,85523,89526,36730,0.6773777087821569,0.30044252492781365
6785,0.6788,32,104,32,591025,85419,89558,36698,0.6765539855531618,0.30051507980051917
6786,0.6789,39,99,39,591124,85320,89597,36659,0.6757698644024839,0.3005353380499922
6787,0.679,11,34,11,591158,85286,89608,36648,0.6755005702699277,0.30055603851263796
6788,0.6791,24,60,24,591218,85226,89632,36624,0.6750253453301229,0.3005662700041034
6789,0.6792,18,59,18,591277,85167,89650,36606,0.6745580408059815,0.3006085092754551
6790,0.6793,21,85,21,591362,85082,89671,36585,0.6738848054745913,0.30069780630737997
6791,0.6794,13,53,13,591415,85029,89684,36572,0.6734650234444304,0.30075410564057864
6792,0.6795,13,42,13,591457,84987,89697,36559,0.673132365986567,0.30078324255837297
6793,0.6796,19,75,19,591532,84912,89716,36540,0.6725383348118109,0.3008595988538682
6794,0.6797,28,89,28,591621,84823,89744,36512,0.6718334178177671,0.30091894342110687
6795,0.6798,16,50,16,591671,84773,89760,36496,0.6714373970345964,0.30095077884702603
6796,0.6799,38,95,38,591766,84678,89798,36458,0.6706849575465721,0.30096750759476953
6797,0.68,21,57,21,591823,84621,89819,36437,0.6702334938537574,0.3009879561862909
6798,0.6801,23,95,23,591918,84526,89842,36414,0.6694810543657331,0.3010914503059368
6799,0.6802,13,61,13,591979,84465,89855,36401,0.6689979090102649,0.3011682358976056
6800,0.6803,12,41,12,592020,84424,89867,36389,0.6686731719680649,0.30120102969051343
6801,0.6804,17,47,17,592067,84377,89884,36372,0.6683009124318844,0.3012198858789721
6802,0.6805,18,82,18,592149,84295,89902,36354,0.6676514383474845,0.3013203590580941
6803,0.6806,17,57,17,592206,84238,89919,36337,0.6671999746546698,0.30136429608127724
6804,0.6807,15,49,15,592255,84189,89934,36322,0.6668118742871626,0.30139987221083553
6805,0.6808,20,59,20,592314,84130,89954,36302,0.6663445697630211,0.30143151321907796
6806,0.6809,5,27,5,592341,84103,89959,36297,0.666130718540109,0.3014700996677741
6807,0.681,41,118,41,592459,83985,90000,36256,0.6651961094918262,0.3015277650718141
6808,0.6811,17,50,17,592509,83935,90017,36239,0.6648000887086555,0.30155441276815287
6809,0.6812,3,26,3,592535,83909,90020,36236,0.6645941579014066,0.3016022306379791
6810,0.6813,34,86,34,592621,83823,90054,36202,0.6639130021543531,0.3016204957300562
6811,0.6814,32,94,32,592715,83729,90086,36170,0.6631684830819922,0.3016705727320495
6812,0.6815,9,56,9,592771,83673,90095,36161,0.6627249398048409,0.3017591000884557
6813,0.6816,22,78,22,592849,83595,90117,36139,0.6621071473830946,0.30182738403461007
6814,0.6817,20,60,20,592909,83535,90137,36119,0.6616319224432898,0.3018620355357949
6815,0.6818,6,29,6,592938,83506,90143,36113,0.6614022303890508,0.30190019980103494
6816,0.6819,28,77,28,593015,83429,90171,36085,0.6607923583829679,0.3019311545090952
6817,0.682,18,63,18,593078,83366,90189,36067,0.6602933721961729,0.3019852134669647
6818,0.6821,22,97,22,593175,83269,90211,36045,0.6595250918768217,0.3021020165278174
6819,0.6822,18,87,18,593262,83182,90229,36027,0.6588360157141047,0.3022171144796114
6820,0.6823,33,89,33,593351,83093,90262,35994,0.6581310987200608,0.30224961582708443
6821,0.6824,20,73,20,593424,83020,90282,35974,0.6575529083766316,0.30231776392086995
6822,0.6825,24,87,24,593511,82933,90306,35950,0.6568638322139145,0.3023981561703524
6823,0.6826,21,71,21,593582,82862,90327,35929,0.6563014827018122,0.30245557323366246
6824,0.6827,21,72,21,593654,82790,90348,35908,0.6557312127740463,0.302515627896005
6825,0.6828,12,55,12,593709,82735,90360,35896,0.6552955899125587,0.3025853276125127
6826,0.6829,15,60,15,593769,82675,90375,35881,0.6548203649727538,0.3026502243665441
6827,0.683,9,75,9,593844,82600,90384,35872,0.6542263337979978,0.30278884462151395
6828,0.6831,20,73,20,593917,82527,90404,35852,0.6536481434545685,0.3028577703815711
6829,0.6832,14,23,14,593940,82504,90418,35838,0.6534659738943099,0.3028341586250021
6830,0.6833,9,46,9,593986,82458,90427,35829,0.6531016347737929,0.3028988815338964
6831,0.6834,17,56,17,594042,82402,90444,35812,0.6526580914966418,0.30294212191449404
6832,0.6835,17,58,17,594100,82344,90461,35795,0.6521987073881638,0.30299054503593226
6833,0.6836,36,99,36,594199,82245,90497,35759,0.6514145862374857,0.3030321006067591
6834,0.6837,25,58,25,594257,82187,90522,35734,0.6509552021290077,0.3030333867589318
6835,0.6838,36,108,36,594365,82079,90558,35698,0.650099797237359,0.30309822800716607
6836,0.6839,17,64,17,594429,82015,90575,35681,0.6495928906349006,0.3031623844480696
6837,0.684,23,62,23,594491,81953,90598,35658,0.6491018248637689,0.3031859264864681
6838,0.6841,14,46,14,594537,81907,90612,35644,0.6487374857432519,0.30322158042041325
6839,0.6842,9,30,9,594567,81877,90621,35635,0.6484998732733493,0.3032456259786235
6840,0.6843,24,70,24,594637,81807,90645,35611,0.6479454441769104,0.30328399393619376
6841,0.6844,20,46,20,594683,81761,90665,35591,0.6475811050563933,0.3032841366146295
6842,0.6845,16,40,16,594723,81721,90681,35575,0.6472642884298568,0.30329252489428454
6843,0.6846,33,121,33,594844,81600,90714,35542,0.6463059181345837,0.3034095371429547
6844,0.6847,11,38,11,594882,81562,90725,35531,0.646004942339374,0.3034425627492677
6845,0.6848,23,83,23,594965,81479,90748,35508,0.6453475478393106,0.30352090403207194
6846,0.6849,21,55,21,595020,81424,90769,35487,0.6449119249778228,0.30353858918322485
6847,0.685,20,55,20,595075,81369,90789,35467,0.6444763021163351,0.3035622582080865
6848,0.6851,29,82,29,595157,81287,90818,35438,0.6438268280319351,0.3036024844720497
6849,0.6852,21,84,21,595241,81203,90839,35417,0.6431615131162083,0.3036957640198937
6850,0.6853,20,73,20,595314,81130,90859,35397,0.6425833227727791,0.30376650904940483
6851,0.6854,16,55,16,595369,81075,90875,35381,0.6421476999112914,0.3038143161365666
6852,0.6855,24,60,24,595429,81015,90899,35357,0.6416724749714865,0.3038273811569793
6853,0.6856,27,84,27,595513,80931,90926,35330,0.6410071600557598,0.3038852237637729
6854,0.6857,16,59,16,595572,80872,90942,35314,0.6405398555316183,0.30394367651868553
6855,0.6858,33,100,33,595672,80772,90975,35281,0.6397478139652769,0.3040076516763892
6856,0.6859,17,66,17,595738,80706,90992,35264,0.6392250665314916,0.30407864102785204
6857,0.686,12,52,12,595790,80654,91004,35252,0.638813204916994,0.3041430124411161
6858,0.6861,10,54,10,595844,80600,91014,35242,0.6383855024711697,0.30422471987707395
6859,0.6862,27,49,27,595893,80551,91041,35215,0.6379974021036624,0.3041912133096073
6860,0.6863,20,64,20,595957,80487,91061,35195,0.637490495501204,0.30423920748258154
6861,0.6864,18,100,18,596057,80387,91079,35177,0.6366984539348625,0.3043941019694715
6862,0.6865,24,91,24,596148,80296,91103,35153,0.6359776961094918,0.3044894282323797
6863,0.6866,35,78,35,596226,80218,91138,35118,0.6353599036877455,0.30448428938059235
6864,0.6867,11,60,11,596286,80158,91149,35107,0.6348846787479407,0.30457641087927817
6865,0.6868,15,50,15,596336,80108,91164,35092,0.6344886579647699,0.30461805555555554
6866,0.6869,25,84,25,596420,80024,91189,35067,0.6338233430490432,0.30468933278883664
6867,0.687,18,65,18,596485,79959,91207,35049,0.6333085160309213,0.3047527128547579
6868,0.6871,22,78,22,596563,79881,91229,35027,0.632690723609175,0.30482646987154943
6869,0.6872,22,64,22,596627,79817,91251,35005,0.6321838170067166,0.3048631795300552
6870,0.6873,33,110,33,596737,79707,91284,34972,0.631312571283741,0.304955571639097
6871,0.6874,4,42,4,596779,79665,91288,34968,0.6309799138258776,0.3050430504305043
6872,0.6875,17,67,17,596846,79598,91305,34951,0.6304492459764288,0.3051183336388794
6873,0.6876,17,62,17,596908,79536,91322,34934,0.6299581802052971,0.30518039661046564
6874,0.6877,22,65,22,596973,79471,91344,34912,0.6294433531871753,0.3052201813206508
6875,0.6878,13,77,13,597050,79394,91357,34899,0.6288334811810924,0.30534678414251093
6876,0.6879,7,28,7,597078,79366,91364,34892,0.6286117095425168,0.305379054420697
6877,0.688,14,61,14,597139,79305,91378,34878,0.6281285641870485,0.3054570295052679
6878,0.6881,20,90,20,597229,79215,91398,34858,0.6274157267773413,0.3055762538023897
6879,0.6882,14,37,14,597266,79178,91412,34844,0.627122671397795,0.3055901492694392
6880,0.6883,16,73,16,597339,79105,91428,34828,0.6265444810543658,0.30568843091992665
6881,0.6884,23,56,23,597395,79049,91451,34805,0.6261009377772145,0.305698526182655
6882,0.6885,24,80,24,597475,78969,91475,34781,0.6254673045241415,0.30576703296703295
6883,0.6886,15,54,15,597529,78915,91490,34766,0.6250396020783171,0.30582067363939447
6884,0.6887,20,44,20,597573,78871,91510,34746,0.6246911037891268,0.30581691120166876
6885,0.6888,19,89,19,597662,78782,91529,34727,0.623986186795083,0.305940498110282
6886,0.6889,25,79,25,597741,78703,91554,34702,0.6233604739576732,0.3060006172567347
6887,0.689,31,60,31,597801,78643,91585,34671,0.6228852490178685,0.3059727835924952
6888,0.6891,35,96,35,597897,78547,91620,34636,0.6221248891141807,0.30601768816871794
6889,0.6892,21,78,21,597975,78469,91641,34615,0.6215070966924344,0.3060998903469987
6890,0.6893,26,89,26,598064,78380,91667,34589,0.6208021796983906,0.3061813417840292
6891,0.6894,22,66,22,598130,78314,91689,34567,0.6202794322646052,0.30622513974893917
6892,0.6895,40,100,40,598230,78214,91729,34527,0.6194873906982639,0.30625060980477375
6893,0.6896,26,98,26,598328,78116,91755,34501,0.6187111899632493,0.3063569443334488
6894,0.6897,11,45,11,598373,78071,91766,34490,0.6183547712583957,0.30641163458036086
6895,0.6898,22,91,22,598464,77980,91788,34468,0.6176340134330249,0.3065239043824701
6896,0.6899,7,42,7,598506,77938,91795,34461,0.6173013559751616,0.30659525440617796
6897,0.69,17,65,17,598571,77873,91812,34444,0.6167865289570397,0.3066677350712715
6898,0.6901,27,36,27,598607,77837,91839,34417,0.6165013939931567,0.30659931940064494
6899,0.6902,28,121,28,598728,77716,91867,34389,0.6155430236978837,0.3067570581151599
6900,0.6903,20,43,20,598771,77673,91887,34369,0.6152024458243569,0.3067510397886507
6901,0.6904,16,50,16,598821,77623,91903,34353,0.6148064250411862,0.3067889547760234
6902,0.6905,23,96,23,598917,77527,91926,34330,0.6140460651374984,0.3069097150826502
6903,0.6906,25,66,25,598983,77461,91951,34305,0.613523317703713,0.30693591968935097
6904,0.6907,21,72,21,599055,77389,91972,34284,0.6129530477759473,0.30700348338452443
6905,0.6908,21,63,21,599118,77326,91993,34263,0.6124540615891522,0.30704639346172113
6906,0.6909,20,52,20,599170,77274,92013,34243,0.6120421999746547,0.307065290493826
6907,0.691,32,112,32,599282,77162,92045,34211,0.6111551134203523,0.307174988551983
6908,0.6911,9,52,9,599334,77110,92054,34202,0.6107432518058548,0.30726246945522495
6909,0.6912,13,36,13,599370,77074,92067,34189,0.6104581168419718,0.3072809469455255
6910,0.6913,20,46,20,599416,77028,92087,34169,0.6100937777214548,0.3072834698777845
6911,0.6914,16,49,16,599465,76979,92103,34153,0.6097056773539475,0.3073192239858907
6912,0.6915,4,50,4,599515,76929,92107,34149,0.6093096565707768,0.30743261491924595
6913,0.6916,15,21,15,599536,76908,92122,34134,0.6091433278418451,0.3073972010590587
6914,0.6917,21,53,21,599589,76855,92143,34113,0.6087235458116842,0.3074129478768654
6915,0.6918,19,62,19,599651,76793,92162,34094,0.6082324800405525,0.30746615924319354
6916,0.6919,10,49,10,599700,76744,92172,34084,0.6078443796730453,0.3075396109286462
6917,0.692,11,36,11,599736,76708,92183,34073,0.6075592447091623,0.3075707928254845
6918,0.6921,30,78,30,599814,76630,92213,34043,0.606941452287416,0.3075998662727133
6919,0.6922,12,65,12,599879,76565,92225,34031,0.6064266252692941,0.30770552280371805
6920,0.6923,26,64,26,599943,76501,92251,34005,0.6059197186668356,0.3077208477367745
6921,0.6924,28,81,28,600024,76420,92279,33977,0.605278164998099,0.3077710445030209
6922,0.6925,37,104,37,600128,76316,92316,33940,0.604454441769104,0.3078290523871717
6923,0.6926,23,100,23,600228,76216,92339,33917,0.6036624002027626,0.30796400715498534
6924,0.6927,31,70,31,600298,76146,92370,33886,0.6031079711063236,0.3079649556492657
6925,0.6928,6,34,6,600332,76112,92376,33880,0.6028386769737676,0.3080224016292094
6926,0.6929,28,93,28,600425,76019,92404,33852,0.6021020783170701,0.3081067797690018
6927,0.693,20,55,20,600480,75964,92424,33832,0.6016664554555823,0.30813508688841124
6928,0.6931,5,33,5,600513,75931,92429,33827,0.6014050817386897,0.3081962134878551
6929,0.6932,8,21,8,600534,75910,92437,33819,0.6012387530097579,0.30820475899716576
6930,0.6933,23,59,23,600593,75851,92460,33796,0.6007714484856165,0.3082254872454331
6931,0.6934,19,56,19,600649,75795,92479,33777,0.6003279052084654,0.3082630599058154
6932,0.6935,30,89,30,600738,75706,92509,33747,0.5996229882144215,0.308324120855527
6933,0.6936,20,55,20,600793,75651,92529,33727,0.5991873653529337,0.3083526851834921
6934,0.6937,21,65,21,600858,75586,92550,33706,0.5986725383348118,0.3084031768107455
6935,0.6938,16,31,16,600889,75555,92566,33690,0.598427005449246,0.3083893999725388
6936,0.6939,17,32,17,600921,75523,92583,33673,0.5981735521480167,0.30837210154218103
6937,0.694,15,44,15,600965,75479,92598,33658,0.5978250538588266,0.3084013670890715
6938,0.6941,16,62,16,601027,75417,92614,33642,0.5973339880876949,0.3084752290044838
6939,0.6942,25,62,25,601089,75355,92639,33617,0.5968429223165632,0.30849208971111847
6940,0.6943,23,49,23,601138,75306,92662,33594,0.5964548219490559,0.3084848484848485
6941,0.6944,29,94,29,601232,75212,92691,33565,0.595710302876695,0.30856706840600495
6942,0.6945,14,55,14,601287,75157,92705,33551,0.5952746800152072,0.3086341391617912
6943,0.6946,20,42,20,601329,75115,92725,33531,0.5949420225573439,0.30862618043922463
6944,0.6947,14,49,14,601378,75066,92739,33517,0.5945539221898365,0.30867631212989144
6945,0.6948,23,51,23,601429,75015,92762,33494,0.5941499809910024,0.30867485646351916
6946,0.6949,28,102,28,601531,74913,92790,33466,0.5933420985933342,0.30878675758218843
6947,0.695,21,87,21,601618,74826,92811,33445,0.5926530224306171,0.3089008136989591
6948,0.6951,23,63,23,601681,74763,92834,33422,0.5921540362438221,0.308933770855479
6949,0.6952,23,62,23,601743,74701,92857,33399,0.5916629704726905,0.3089639222941721
6950,0.6953,20,45,20,601788,74656,92877,33379,0.5913065517678368,0.30896468736983385
6951,0.6954,10,45,10,601833,74611,92887,33369,0.5909501330629832,0.3090294498981293
6952,0.6955,12,37,12,601870,74574,92899,33357,0.5906570776834368,0.30905856519442976
6953,0.6956,19,46,19,601916,74528,92918,33338,0.5902927385629197,0.30906865926241817
6954,0.6957,18,73,18,601989,74455,92936,33320,0.5897145482194905,0.3091626072836929
6955,0.6958,22,69,22,602058,74386,92958,33298,0.589168039538715,0.30921956836670256
6956,0.6959,28,77,28,602135,74309,92986,33270,0.5885581675326321,0.30926110114427535
6957,0.696,22,51,22,602186,74258,93008,33248,0.588154226333798,0.30926645954644394
6958,0.6961,24,90,24,602276,74168,93032,33224,0.5874413889240907,0.30937127532777114
6959,0.6962,33,58,33,602334,74110,93065,33191,0.5869820048156127,0.30932610134108723
6960,0.6963,28,66,28,602400,74044,93093,33163,0.5864592573818274,0.30933614409506843
6961,0.6964,18,55,18,602455,73989,93111,33145,0.5860236345203397,0.30937890865644896
6962,0.6965,30,89,30,602544,73900,93141,33115,0.5853187175262958,0.309442601504462
6963,0.6966,16,54,16,602598,73846,93157,33099,0.5848910150804715,0.30949553508812944
6964,0.6967,24,59,24,602657,73787,93181,33075,0.58442371055633,0.3095113323725927
6965,0.6968,17,58,17,602715,73729,93198,33058,0.583964326447852,0.3095695168887599
6966,0.6969,30,78,30,602793,73651,93228,33028,0.5833465340261057,0.3096017023031712
6967,0.697,17,58,17,602851,73593,93245,33011,0.5828871499176277,0.30966005027953925
6968,0.6971,21,61,21,602912,73532,93266,32990,0.5824040045621595,0.30970128236420646
6969,0.6972,7,31,7,602943,73501,93273,32983,0.5821584716765936,0.30974606513654634
6970,0.6973,12,59,12,603002,73442,93285,32971,0.5816911671524522,0.3098399631623956
6971,0.6974,22,56,22,603058,73386,93307,32949,0.5812476238753009,0.30986034701650444
6972,0.6975,26,75,26,603133,73311,93333,32923,0.580653592700545,0.3099101982416176
6973,0.6976,10,68,10,603201,73243,93343,32913,0.5801150044354327,0.310043709258073
6974,0.6977,23,63,23,603264,73180,93366,32890,0.5796160182486377,0.3100782502121241
6975,0.6978,18,65,18,603329,73115,93384,32872,0.5791011912305157,0.31015124496400504
6976,0.6979,14,47,14,603376,73068,93398,32858,0.5787289316943354,0.3101976851764439
6977,0.698,7,53,7,603429,73015,93405,32851,0.5783091496641743,0.3103073696937638
6978,0.6981,16,78,16,603507,72937,93421,32835,0.577691357242428,0.31043187232916086
6979,0.6982,37,74,37,603581,72863,93458,32798,0.5771052464833355,0.3104078136682409
6980,0.6983,37,82,37,603663,72781,93495,32761,0.5764557723989355,0.3104072312444335
6981,0.6984,12,25,12,603688,72756,93507,32749,0.5762577620073501,0.31040235059949767
6982,0.6985,19,46,19,603734,72710,93526,32730,0.5758934228868331,0.31041350531107736
6983,0.6986,33,90,33,603824,72620,93559,32697,0.5751805854771258,0.31046269832980433
6984,0.6987,17,111,17,603935,72509,93576,32680,0.5743014193384869,0.31067887326621607
6985,0.6988,19,43,19,603978,72466,93595,32661,0.5739608414649601,0.3106813663473703
6986,0.6989,10,28,10,604006,72438,93605,32651,0.5737390698263845,0.3106985507522195
6987,0.699,32,83,32,604089,72355,93637,32619,0.5730816753263211,0.3107340865357136
6988,0.6991,13,55,13,604144,72300,93650,32606,0.5726460524648334,0.310811583703506
6989,0.6992,20,52,20,604196,72248,93670,32586,0.5722341908503358,0.3108342713241887
6990,0.6993,17,71,17,604267,72177,93687,32569,0.5716718413382335,0.310933114391003
6991,0.6994,15,43,15,604310,72134,93702,32554,0.5713312634647066,0.31096209689744764
6992,0.6995,21,55,21,604365,72079,93723,32533,0.5708956406032188,0.31098726723511644
6993,0.6996,18,39,18,604404,72040,93741,32515,0.5705867443923457,0.3109846492276792
6994,0.6997,20,75,20,604479,71965,93761,32495,0.5699927132175897,0.311076009955964
6995,0.6998,20,49,20,604528,71916,93781,32475,0.5696046128500823,0.3110900364973992
6996,0.6999,15,52,15,604580,71864,93796,32460,0.5691927512355849,0.3111460450136114
6997,0.7,22,62,22,604642,71802,93818,32438,0.5687016854644532,0.3111857252494244
6998,0.7001,10,37,10,604679,71765,93828,32428,0.5684086300849068,0.31123012102540476
6999,0.7002,19,60,19,604739,71705,93847,32409,0.567933405145102,0.3112837850817373
7000,0.7003,22,47,22,604786,71658,93869,32387,0.5675611456089216,0.31127877360757367
7001,0.7004,12,55,12,604841,71603,93881,32375,0.5671255227474338,0.31136394237242493
7002,0.7005,28,86,28,604927,71517,93909,32347,0.5664443670003801,0.3114361087576061
7003,0.7006,8,47,8,604974,71470,93917,32339,0.5660721074641997,0.31152404897455904
7004,0.7007,23,60,23,605034,71410,93940,32316,0.5655968825243949,0.31155158783718645
7005,0.7008,12,53,12,605087,71357,93952,32304,0.565177100494234,0.31163118241190035
7006,0.7009,4,16,4,605103,71341,93956,32300,0.5650503738436193,0.3116527243079476
7007,0.701,23,70,23,605173,71271,93979,32277,0.5644959447471803,0.3117105110673311
7008,0.7011,18,45,18,605218,71226,93997,32259,0.5641395260423268,0.3117263371503116
7009,0.7012,7,46,7,605264,71180,94004,32252,0.5637751869218096,0.31181839276046097
7010,0.7013,21,75,21,605339,71105,94025,32231,0.5631811557470536,0.3119048540682821
7011,0.7014,14,45,14,605384,71060,94039,32217,0.5628247370421999,0.3119474810461187
7012,0.7015,16,62,16,605446,70998,94055,32201,0.5623336712710683,0.31202821732768726
7013,0.7016,13,64,13,605510,70934,94068,32188,0.5618267646686098,0.31213514090106864
7014,0.7017,17,48,17,605558,70886,94085,32171,0.5614465847167659,0.3121670531841602
7015,0.7018,40,145,40,605703,70741,94125,32131,0.5602981244455709,0.3123396065012832
7016,0.7019,14,40,14,605743,70701,94139,32117,0.5599813078190343,0.3123674842926336
7017,0.702,14,34,14,605777,70667,94153,32103,0.5597120136864783,0.3123771528656223
7018,0.7021,26,45,26,605822,70622,94179,32077,0.5593555949816247,0.31233994488748673
7019,0.7022,17,77,17,605899,70545,94196,32060,0.5587457229755417,0.3124604064129428
7020,0.7023,27,42,27,605941,70503,94223,32033,0.5584130655176783,0.3124073496137942
7021,0.7024,7,40,7,605981,70463,94230,32026,0.5580962488911418,0.31248231517528713
7022,0.7025,18,67,18,606048,70396,94248,32008,0.5575655810416931,0.3125659153939299
7023,0.7026,12,57,12,606105,70339,94260,31996,0.5571141173488785,0.31265940294132016
7024,0.7027,16,63,16,606168,70276,94276,31980,0.5566151311620834,0.31274448443123143
7025,0.7028,24,66,24,606234,70210,94300,31956,0.5560923837282981,0.3127850752696592
7026,0.7029,11,40,11,606274,70170,94311,31945,0.5557755671017615,0.3128335699946139
7027,0.703,19,76,19,606350,70094,94330,31926,0.555173615511342,0.31293863948245443
7028,0.7031,15,60,15,606410,70034,94345,31911,0.5546983905715372,0.3130217274020305
7029,0.7032,33,93,33,606503,69941,94378,31878,0.5539617919148397,0.3130849841385203
7030,0.7033,19,61,19,606564,69880,94397,31859,0.5534786465593714,0.3131444185612204
7031,0.7034,15,37,15,606601,69843,94412,31844,0.5531855911798251,0.31315704072300293
7032,0.7035,18,40,18,606641,69803,94430,31826,0.5528687745532885,0.31315864566216334
7033,0.7036,16,94,16,606735,69709,94446,31810,0.5521242554809276,0.31334035993262344
7034,0.7037,8,44,8,606779,69665,94454,31802,0.5517757571917374,0.3134220978249086
7035,0.7038,35,73,35,606852,69592,94489,31767,0.5511975668483082,0.3134107479355558
7036,0.7039,11,46,11,606898,69546,94500,31756,0.5508332277277912,0.31347850980237313
7037,0.704,15,47,15,606945,69499,94515,31741,0.5504609681916107,0.3135223231924141
7038,0.7041,17,42,17,606987,69457,94532,31724,0.5501283107337473,0.3135371265356144
7039,0.7042,8,37,8,607024,69420,94540,31716,0.549835255354201,0.3135975320360702
7040,0.7043,20,48,20,607072,69372,94560,31696,0.5494550754023572,0.31361063838207937
7041,0.7044,29,97,29,607169,69275,94589,31667,0.548686795083006,0.3137148065225575
7042,0.7045,19,63,19,607232,69212,94608,31648,0.5481878088962109,0.31378147927820743
7043,0.7046,11,48,11,607280,69164,94619,31637,0.547807628944367,0.31385601333320107
7044,0.7047,7,56,7,607336,69108,94626,31630,0.5473640856672158,0.3139828068851873
7045,0.7048,17,90,17,607426,69018,94643,31613,0.5466512482575085,0.31414772783734635
7046,0.7049,7,71,7,607497,68947,94650,31606,0.5460888987454061,0.3143218004435472
7047,0.705,19,58,19,607555,68889,94669,31587,0.5456295146369281,0.3143735817508659
7048,0.7051,23,98,23,607653,68791,94692,31564,0.5448533139019136,0.3145234417816751
7049,0.7052,23,56,23,607709,68735,94715,31541,0.5444097706247624,0.31454186445410665
7050,0.7053,11,64,11,607773,68671,94726,31530,0.5439028640223039,0.31466751828824063
7051,0.7054,30,105,30,607878,68566,94756,31500,0.5430712203776454,0.31479223712349846
7052,0.7055,15,103,15,607981,68463,94771,31485,0.5422554175643137,0.3150138071797335
7053,0.7056,15,52,15,608033,68411,94786,31470,0.5418435559498163,0.31507493917762136
7054,0.7057,20,67,20,608100,68344,94806,31450,0.5413128881003675,0.3151492073671764
7055,0.7058,7,32,7,608132,68312,94813,31443,0.5410594347991382,0.31520224550147863
7056,0.7059,27,66,27,608198,68246,94840,31416,0.540536687365353,0.31522546206176877
7057,0.706,18,75,18,608273,68171,94858,31398,0.5399426561905969,0.31533911157087047
7058,0.7061,16,70,16,608343,68101,94874,31382,0.5393882270941579,0.31545088105505464
7059,0.7062,18,67,18,608410,68034,94892,31364,0.5388575592447091,0.31553954807943824
7060,0.7063,36,87,36,608497,67947,94928,31328,0.5381684830819922,0.3155678670360111
7061,0.7064,26,47,26,608544,67900,94954,31302,0.5377962235458117,0.31553799318562126
7062,0.7065,25,58,25,608602,67842,94979,31277,0.5373368394373337,0.3155499954600026
7063,0.7066,12,62,12,608664,67780,94991,31265,0.536845773666202,0.31566459690039883
7064,0.7067,26,59,26,608723,67721,95017,31239,0.5363784691420606,0.3156729991915926
7065,0.7068,25,44,25,608767,67677,95042,31214,0.5360299708528704,0.3156404526195508
7066,0.7069,23,57,23,608824,67620,95065,31191,0.5355785071600557,0.31566323587454836
7067,0.707,15,60,15,608884,67560,95080,31176,0.5351032822202509,0.3157510938259601
7068,0.7071,23,79,23,608963,67481,95103,31153,0.5344775693828412,0.3158444349818521
7069,0.7072,25,71,25,609034,67410,95128,31128,0.5339152198707389,0.315898435121476
7070,0.7073,14,59,14,609093,67351,95142,31114,0.5334479153465974,0.31599045346062055
7071,0.7074,35,125,35,609218,67226,95177,31079,0.5324578633886706,0.31614872081786277
7072,0.7075,15,49,15,609267,67177,95192,31064,0.5320697630211634,0.31620199305788826
7073,0.7076,14,32,14,609299,67145,95206,31050,0.5318163097199341,0.31620754620907376
7074,0.7077,15,42,15,609341,67103,95221,31035,0.5314836522620707,0.3162383582302472
7075,0.7078,11,45,11,609386,67058,95232,31024,0.5311272335572171,0.31630676372830896
7076,0.7079,18,44,18,609430,67014,95250,31006,0.5307787352680269,0.31632319934707204
7077,0.708,12,32,12,609462,66982,95262,30994,0.5305252819667976,0.31634277782314035
7078,0.7081,22,62,22,609524,66920,95284,30972,0.5300342161956659,0.31638949045887305
7079,0.7082,22,67,22,609591,66853,95306,30950,0.5295035483462172,0.3164524605584696
7080,0.7083,10,30,10,609621,66823,95316,30940,0.5292659358763148,0.3164796497652486
7081,0.7084,10,35,10,609656,66788,95326,30930,0.5289887213280953,0.31652305614114085
7082,0.7085,17,62,17,609718,66726,95343,30913,0.5284976555569636,0.3166050451151691
7083,0.7086,22,65,22,609783,66661,95365,30891,0.5279828285388417,0.31666188289322617
7084,0.7087,9,48,9,609831,66613,95374,30882,0.5276026485869978,0.3167547053695061
7085,0.7088,21,63,21,609894,66550,95395,30861,0.5271036624002028,0.3168122696615372
7086,0.7089,27,68,27,609962,66482,95422,30834,0.5265650741350906,0.3168440955238604
7087,0.709,12,32,12,609994,66450,95434,30822,0.5263116208338614,0.3168640513200099
7088,0.7091,9,29,9,610023,66421,95443,30813,0.5260819287796223,0.3168953246806673
7089,0.7092,25,67,25,610090,66354,95468,30788,0.5255512609301736,0.31693809063021144
7090,0.7093,9,43,9,610133,66311,95477,30779,0.5252106830566469,0.31701514059120406
7091,0.7094,10,45,10,610178,66266,95487,30769,0.5248542643517932,0.31709177101046016
7092,0.7095,18,24,18,610202,66242,95505,30751,0.5246641743758712,0.31704349798439063
7093,0.7096,22,73,22,610275,66169,95527,30729,0.524085984032442,0.3171272884889265
7094,0.7097,18,53,18,610328,66116,95545,30711,0.5236662020022811,0.3171739287595402
7095,0.7098,15,27,15,610355,66089,95560,30696,0.5234523507793689,0.31715658418143305
7096,0.7099,21,80,21,610435,66009,95581,30675,0.5228187175262958,0.3172706962889413
7097,0.71,25,64,25,610499,65945,95606,30650,0.5223118109238373,0.3173042082923547
7098,0.7101,11,40,11,610539,65905,95617,30639,0.5219949942973007,0.3173578886310905
7099,0.7102,29,100,29,610639,65805,95646,30610,0.5212029527309593,0.3174817196494321
7100,0.7103,30,51,30,610690,65754,95676,30580,0.5207990115321252,0.31743724956920716
7101,0.7104,10,31,10,610721,65723,95686,30570,0.5205534786465593,0.3174685595006906
7102,0.7105,10,38,10,610759,65685,95696,30560,0.5202525028513496,0.3175229882071796
7103,0.7106,14,40,14,610799,65645,95710,30546,0.5199356862248131,0.31755569647888054
7104,0.7107,12,40,12,610839,65605,95722,30534,0.5196188695982765,0.3176026378472836
7105,0.7108,20,45,20,610884,65560,95742,30514,0.5192624508934229,0.3176093427982597
7106,0.7109,5,37,5,610921,65523,95747,30509,0.5189693955138766,0.3176961846051316
7107,0.711,21,63,21,610984,65460,95768,30488,0.5184704093270814,0.3177554508692208
7108,0.7111,13,67,13,611051,65393,95781,30475,0.5179397414776328,0.3178850085534276
7109,0.7112,17,77,17,611128,65316,95798,30458,0.5173298694715499,0.3180195042495876
7110,0.7113,15,61,15,611189,65255,95813,30443,0.5168467241160816,0.3181153211143389
7111,0.7114,9,35,9,611224,65220,95822,30434,0.5165695095678621,0.31816756225562964
7112,0.7115,10,43,10,611267,65177,95832,30424,0.5162289316943354,0.31823934896078493
7113,0.7116,7,58,7,611325,65119,95839,30417,0.5157695475858574,0.31838259922960976
7114,0.7117,15,38,15,611363,65081,95854,30402,0.5154685717906475,0.3184022286689777
7115,0.7118,11,41,11,611404,65040,95865,30391,0.5151438347484476,0.318460458341629
7116,0.7119,20,63,20,611467,64977,95885,30371,0.5146448485616525,0.31852791878172587
7117,0.712,21,67,21,611534,64910,95906,30350,0.5141141807122038,0.31860172160403105
7118,0.7121,24,106,24,611640,64804,95930,30326,0.5132746166518819,0.3187848207715757
7119,0.7122,14,62,14,611702,64742,95944,30312,0.5127835508807502,0.31889241904601595
7120,0.7123,20,83,20,611785,64659,95964,30292,0.5121261563806868,0.3190277090288675
7121,0.7124,17,41,17,611826,64618,95981,30275,0.5118014193384869,0.31904355431907516
7122,0.7125,14,33,14,611859,64585,95995,30261,0.5115400456215943,0.3190540455053455
7123,0.7126,30,99,30,611958,64486,96025,30231,0.5107559244709162,0.31917184877054805
7124,0.7127,13,30,13,611988,64456,96038,30218,0.5105183120010138,0.31917950017956354
7125,0.7128,14,52,14,612040,64404,96052,30204,0.5101064503865163,0.3192541856925419
7126,0.7129,11,41,11,612081,64363,96063,30193,0.5097817133443163,0.3193134227336182
7127,0.713,17,40,17,612121,64323,96080,30176,0.5094648967177797,0.3193261304352427
7128,0.7131,15,72,15,612193,64251,96095,30161,0.508894626790014,0.31946150913019533
7129,0.7132,16,52,16,612245,64199,96111,30145,0.5084827651755164,0.31952217417111844
7130,0.7133,18,45,18,612290,64154,96129,30127,0.5081263464706628,0.3195447651170437
7131,0.7134,24,61,24,612351,64093,96153,30103,0.5076432011151946,0.31957832604356873
7132,0.7135,15,32,15,612383,64061,96168,30088,0.5073897478139653,0.3195785403987297
7133,0.7136,11,43,11,612426,64018,96179,30077,0.5070491699404385,0.3196450395876508
7134,0.7137,19,56,19,612482,63962,96198,30058,0.5066056266632872,0.31969793660923207
7135,0.7138,35,88,35,612570,63874,96233,30023,0.5059086300849068,0.3197439747808769
7136,0.7139,38,63,38,612633,63811,96271,29985,0.5054096438981118,0.3196831421382575
7137,0.714,17,55,17,612688,63756,96288,29968,0.504974021036624,0.3197473432631983
7138,0.7141,12,25,12,612713,63731,96300,29956,0.5047760106450386,0.31974553566663466
7139,0.7142,14,48,14,612761,63683,96314,29942,0.5043958306931948,0.31980774365821096
7140,0.7143,8,29,8,612790,63654,96322,29934,0.5041661386389558,0.3198486985510963
7141,0.7144,16,49,16,612839,63605,96338,29918,0.5037780382714485,0.3198999176673118
7142,0.7145,26,63,26,612902,63542,96364,29892,0.5032790520846534,0.31992636513474754
7143,0.7146,11,28,11,612930,63514,96375,29881,0.5030572804460778,0.3199421810589432
7144,0.7147,25,41,25,612971,63473,96400,29856,0.5027325434038779,0.31990056681203055
7145,0.7148,42,110,42,613081,63363,96442,29814,0.5018612976809023,0.3199716668276506
7146,0.7149,18,39,18,613120,63324,96460,29796,0.5015524014700291,0.3199742268041237
7147,0.715,13,52,13,613172,63272,96473,29783,0.5011405398555316,0.3200580301971952
7148,0.7151,25,55,25,613227,63217,96498,29758,0.5007049169940438,0.3200645334767411
7149,0.7152,25,54,25,613281,63163,96523,29733,0.5002772145482195,0.3200676024801929
7150,0.7153,14,59,14,613340,63104,96537,29719,0.49980991002407804,0.3201684927227088
7151,0.7154,19,52,19,613392,63052,96556,29700,0.4993980484095805,0.3202087286527514
7152,0.7155,25,80,25,613472,62972,96581,29675,0.49876441515650743,0.3203017906678036
7153,0.7156,15,50,15,613522,62922,96596,29660,0.4983683943733367,0.3203646497159275
7154,0.7157,27,65,27,613587,62857,96623,29633,0.4978535673552148,0.3203913936641799
7155,0.7158,6,26,6,613613,62831,96629,29627,0.497647636547966,0.320437387786887
7156,0.7159,16,48,16,613661,62783,96645,29611,0.49726745659612215,0.3204861787561963
7157,0.716,30,56,30,613717,62727,96675,29581,0.49682391331897097,0.3204597651341162
7158,0.7161,13,39,13,613756,62688,96688,29568,0.4965150171080978,0.32049947970863685
7159,0.7162,19,58,19,613814,62630,96707,29549,0.4960556329996198,0.3205610822421593
7160,0.7163,9,50,9,613864,62580,96716,29540,0.4956596122164491,0.32066869300911854
7161,0.7164,42,109,42,613973,62471,96758,29498,0.494796286909137,0.32073850971523016
7162,0.7165,13,34,13,614007,62437,96771,29485,0.4945269927765809,0.3207610800461261
7163,0.7166,12,47,12,614054,62390,96783,29473,0.49415473324040043,0.32083646299380597
7164,0.7167,15,74,15,614128,62316,96798,29458,0.49356862248130784,0.32098415673284375
7165,0.7168,23,72,23,614200,62244,96821,29435,0.492998352553542,0.3210658929525846
7166,0.7169,15,44,15,614244,62200,96836,29420,0.4926498542643518,0.32110892818161973
7167,0.717,18,55,18,614299,62145,96854,29402,0.492214231402864,0.32116836160660645
7168,0.7171,12,41,12,614340,62104,96866,29390,0.49188949436066404,0.32122324961199644
7169,0.7172,7,37,7,614377,62067,96873,29383,0.4915964389811177,0.3213012575177693
7170,0.7173,23,71,23,614448,61996,96896,29360,0.49103408946901533,0.32138009545076407
7171,0.7174,36,105,36,614553,61891,96932,29324,0.49020244582435685,0.321482212355424
7172,0.7175,15,48,15,614601,61843,96947,29309,0.489822265872513,0.3215398455327365
7173,0.7176,13,58,13,614659,61785,96960,29296,0.489362881764035,0.3216477640781283
7174,0.7177,15,31,15,614690,61754,96975,29281,0.48911734887846914,0.3216455209534794
7175,0.7178,14,60,14,614750,61694,96989,29267,0.4886421239386643,0.3217532788777608
7176,0.7179,10,24,10,614774,61670,96999,29257,0.48845203396274234,0.32176361256832403
7177,0.718,12,46,12,614820,61624,97011,29245,0.4880876948422253,0.321836930086168
7178,0.7181,33,70,33,614890,61554,97044,29212,0.4875332657457863,0.32183857391534276
7179,0.7182,15,40,15,614930,61514,97059,29197,0.4872164491192498,0.3218683511371278
7180,0.7183,26,64,26,614994,61450,97085,29171,0.48670954251679127,0.32190110460047894
7181,0.7184,10,31,10,615025,61419,97095,29161,0.48646400963122544,0.32193640980348864
7182,0.7185,22,50,22,615075,61369,97117,29139,0.48606798884805474,0.32194944093339817
7183,0.7186,18,58,18,615133,61311,97135,29121,0.48560860473957673,0.32202096602972397
7184,0.7187,45,105,45,615238,61206,97180,29076,0.48477696109491825,0.32205755300059813
7185,0.7188,14,32,14,615270,61174,97194,29062,0.484523507793689,0.3220665809654683
7186,0.7189,21,56,21,615326,61118,97215,29041,0.48407996451653784,0.3221087190408057
7187,0.719,21,39,21,615365,61079,97236,29020,0.4837710683056647,0.32209014528463137
7188,0.7191,19,48,19,615413,61031,97255,29001,0.4833908883538208,0.3221188022036609
7189,0.7192,26,75,26,615488,60956,97281,28975,0.48279685717906473,0.32219145789549763
7190,0.7193,18,60,18,615548,60896,97299,28957,0.4823216322392599,0.3222708201173027
7191,0.7194,32,128,32,615676,60768,97331,28925,0.48130781903434294,0.322488934476492
7192,0.7195,19,46,19,615722,60722,97350,28906,0.48094347991382586,0.3225108225108225
7193,0.7196,15,65,15,615787,60657,97365,28891,0.48042865289570397,0.32263143788806004
7194,0.7197,25,42,25,615829,60615,97390,28866,0.4800959954378406,0.3225936232272773
7195,0.7198,10,22,10,615851,60593,97400,28856,0.47992174629324547,0.322597234178135
7196,0.7199,16,44,16,615895,60549,97416,28840,0.47957324800405526,0.3226347760910179
7197,0.72,16,41,16,615936,60508,97432,28824,0.4792485109618553,0.32266153226167554
7198,0.7201,13,42,13,615978,60466,97445,28811,0.4789158535039919,0.32271469695442273
7199,0.7202,15,28,15,616006,60438,97460,28796,0.4786940818654163,0.3227021090615685
7200,0.7203,21,39,21,616045,60399,97481,28775,0.47838518565454313,0.3226837418978626
7201,0.7204,15,45,15,616090,60354,97496,28760,0.47802876694968954,0.3227326794891936
7202,0.7205,10,32,10,616122,60322,97506,28750,0.47777531364846026,0.3227725884677564
7203,0.7206,21,88,21,616210,60234,97527,28729,0.47707831707007986,0.322932005440464
7204,0.7207,11,60,11,616270,60174,97538,28718,0.476603092130275,0.3230661926832561
7205,0.7208,27,54,27,616324,60120,97565,28691,0.47617538968445067,0.3230568285460134
7206,0.7209,17,75,17,616399,60045,97582,28674,0.4755813585096946,0.3232002164136205
7207,0.721,19,45,19,616444,60000,97601,28655,0.475224939804841,0.3232192205741357
7208,0.7211,20,51,20,616495,59949,97621,28635,0.47482099860600685,0.32325250609590894
7209,0.7212,11,56,11,616551,59893,97632,28624,0.47437745532885567,0.32337291141814567
7210,0.7213,14,62,14,616613,59831,97646,28610,0.473886389557724,0.3234924978234077
7211,0.7214,23,68,23,616681,59763,97669,28587,0.47334780129261184,0.3235653650254669
7212,0.7215,30,62,30,616743,59701,97699,28557,0.47285673552148016,0.3235627365224682
7213,0.7216,10,41,10,616784,59660,97709,28547,0.4725319984792802,0.3236364460870452
7214,0.7217,18,80,18,616864,59580,97727,28529,0.4718983652262071,0.3237921211227003
7215,0.7218,11,43,11,616907,59537,97738,28518,0.4715577873526803,0.3238657657146102
7216,0.7219,21,68,21,616975,59469,97759,28497,0.4710191990875681,0.32395470977423096
7217,0.722,21,67,21,617042,59402,97780,28476,0.4704885312381194,0.3240401465668313
7218,0.7221,12,31,12,617073,59371,97792,28464,0.47024299835255357,0.32406216200831106
7219,0.7222,19,53,19,617126,59318,97811,28445,0.4698232163223926,0.3241115276369313
7220,0.7223,14,35,14,617161,59283,97825,28431,0.4695460017741731,0.32413297763184895
7221,0.7224,29,73,29,617234,59210,97854,28402,0.4689678114307439,0.3241793361639958
7222,0.7225,31,62,31,617296,59148,97885,28371,0.4684767456596122,0.32416960888492785
7223,0.7226,7,36,7,617332,59112,97892,28364,0.4681916106957293,0.3242489368512506
7224,0.7227,21,41,21,617373,59071,97913,28343,0.46786687365352936,0.3242386803029263
7225,0.7228,13,48,13,617421,59023,97926,28330,0.46748669370168544,0.32431627992169704
7226,0.7229,20,56,20,617477,58967,97946,28310,0.46704315042453426,0.32436953607479635
7227,0.723,33,84,33,617561,58883,97979,28277,0.4663778355088075,0.32442634235888024
7228,0.7231,13,68,13,617629,58815,97992,28264,0.46583924724369535,0.3245788307169352
7229,0.7232,17,42,17,617671,58773,98009,28247,0.465506589785832,0.32460353941622616
7230,0.7233,31,54,31,617725,58719,98040,28216,0.46507888734000763,0.3245643296715937
7231,0.7234,23,67,23,617792,58652,98063,28193,0.46454821949055886,0.3246358454718176
7232,0.7235,41,81,41,617873,58571,98104,28152,0.46390666582182233,0.3246197663826205
7233,0.7236,22,35,22,617908,58536,98126,28130,0.46362945127360283,0.3245794198416911
7234,0.7237,25,74,25,617982,58462,98151,28105,0.4630433405145102,0.3246618226344912
7235,0.7238,6,33,6,618015,58429,98157,28099,0.4627819667976175,0.3247388128698225
7236,0.7239,6,24,6,618039,58405,98163,28093,0.4625918768216956,0.32478207588614766
7237,0.724,24,72,24,618111,58333,98187,28069,0.4620216068939298,0.32486516515821395
7238,0.7241,31,111,31,618222,58222,98218,28038,0.4611424407552908,0.3250405750057964
7239,0.7242,28,65,28,618287,58157,98246,28010,0.46062761373716893,0.32506644074877855
7240,0.7243,25,61,25,618348,58096,98271,27985,0.46014446838170064,0.32510077717498637
7241,0.7244,21,50,21,618398,58046,98292,27964,0.45974844759852995,0.3251249854668062
7242,0.7245,10,29,10,618427,58017,98302,27954,0.45951875554429095,0.32515615730885994
7243,0.7246,16,50,16,618477,57967,98318,27938,0.45912273476112025,0.3252197194575403
7244,0.7247,5,31,5,618508,57936,98323,27933,0.4588772018755544,0.3252978374034867
7245,0.7248,13,46,13,618554,57890,98336,27920,0.4585128627550374,0.325370003496096
7246,0.7249,8,39,8,618593,57851,98344,27912,0.45820396654416423,0.32545503305621304
7247,0.725,23,47,23,618640,57804,98367,27889,0.45783170700798376,0.32545248736769633
7248,0.7251,9,32,9,618672,57772,98376,27880,0.45757825370675453,0.325503198991267
7249,0.7252,26,50,26,618722,57722,98402,27854,0.45718223292358384,0.32548845470692717
7250,0.7253,4,32,4,618754,57690,98406,27850,0.45692877962235456,0.32557867664250645
7251,0.7254,17,38,17,618792,57652,98423,27833,0.45662780382714485,0.3255892846698251
7252,0.7255,23,60,23,618852,57592,98446,27810,0.45615257888734,0.3256364019577996
7253,0.7256,30,71,30,618923,57521,98476,27780,0.45559022937523763,0.3256702735020691
7254,0.7257,9,33,9,618956,57488,98485,27771,0.45532885565834497,0.32572514338662195
7255,0.7258,9,25,9,618981,57463,98494,27762,0.4551308452667596,0.3257494866529774
7256,0.7259,27,55,27,619036,57408,98521,27735,0.4546952224052718,0.32574609774144675
7257,0.726,15,46,15,619082,57362,98536,27720,0.4543308832847548,0.3258033426576714
7258,0.7261,9,43,9,619125,57319,98545,27711,0.453990305411228,0.3258967423262378
7259,0.7262,13,40,13,619165,57279,98558,27698,0.45367348878469144,0.32594702095861233
7260,0.7263,34,69,34,619234,57210,98592,27664,0.45312698010391583,0.32594198458892004
7261,0.7264,10,47,10,619281,57163,98602,27654,0.4527547205677354,0.32604312814648007
7262,0.7265,17,61,17,619342,57102,98619,27637,0.45227157521226713,0.3261426261815693
7263,0.7266,15,45,15,619387,57057,98634,27622,0.4519151565074135,0.3261965776638836
7264,0.7267,46,93,46,619480,56964,98680,27576,0.45117855785071603,0.3261887863733144
7265,0.7268,20,24,20,619504,56940,98700,27556,0.4509884678747941,0.32612194660102256
7266,0.7269,27,61,27,619565,56879,98727,27529,0.4505053225193258,0.3261420718415316
7267,0.727,12,31,12,619596,56848,98739,27517,0.45025978963375995,0.32616606412611865
7268,0.7271,10,20,10,619616,56828,98749,27507,0.4501013813204917,0.32616351455504833
7269,0.7272,24,74,24,619690,56754,98773,27483,0.44951527056139906,0.3262580576231347
7270,0.7273,12,37,12,619727,56717,98785,27471,0.44922221518185274,0.3263054116976291
7271,0.7274,13,49,13,619776,56668,98798,27458,0.44883411481434543,0.32639136533295293
7272,0.7275,21,49,21,619825,56619,98819,27437,0.4484460144468382,0.3264133434852955
7273,0.7276,41,83,41,619908,56536,98860,27396,0.4477886199467748,0.32640709145498736
7274,0.7277,25,72,25,619980,56464,98885,27371,0.447218350019009,0.3264865509632015
7275,0.7278,5,24,5,620004,56440,98890,27366,0.44702826004308704,0.32653986588072453
7276,0.7279,3,23,3,620027,56417,98893,27363,0.44684609048282853,0.3266053950823586
7277,0.728,9,32,9,620059,56385,98902,27354,0.4465926371815993,0.326657829685093
7278,0.7281,17,53,17,620112,56332,98919,27337,0.44617285515143834,0.32672793985825094
7279,0.7282,9,42,9,620154,56290,98928,27328,0.44584019769357497,0.3268195843000311
7280,0.7283,14,46,14,620200,56244,98942,27314,0.44547585857305794,0.32688671342061804
7281,0.7284,16,47,16,620247,56197,98958,27298,0.44510359903687746,0.32694173303790647
7282,0.7285,16,54,16,620301,56143,98974,27282,0.4446758965910531,0.32702427329937067
7283,0.7286,21,73,21,620374,56070,98995,27261,0.4440977062476239,0.32714115995247867
7284,0.7287,9,45,9,620419,56025,99004,27252,0.44374128754277026,0.32724521776721066
7285,0.7288,19,56,19,620475,55969,99023,27233,0.4432977442656191,0.3273118434653013
7286,0.7289,13,29,13,620504,55940,99036,27220,0.44306805221138007,0.32732082732082735
7287,0.729,20,67,20,620571,55873,99056,27200,0.4425373843619313,0.32742286904289
7288,0.7291,15,52,15,620623,55821,99071,27185,0.4421255227474338,0.32750644531720596
7289,0.7292,13,46,13,620669,55775,99084,27172,0.44176118362691674,0.327582673273295
7290,0.7293,25,73,25,620742,55702,99109,27147,0.44118299328348753,0.3276684087918985
7291,0.7294,17,57,17,620799,55645,99126,27130,0.4407315295906729,0.32775596496526727
7292,0.7295,11,31,11,620830,55614,99137,27119,0.4404859967051071,0.3277893948001402
7293,0.7296,35,92,35,620922,55522,99172,27084,0.439757318464073,0.32786964627266785
7294,0.7297,20,56,20,620978,55466,99192,27064,0.43931377518692183,0.32792923785290196
7295,0.7298,24,56,24,621034,55410,99216,27040,0.43887023190977065,0.3279563371740449
7296,0.7299,18,58,18,621092,55352,99234,27022,0.43841084780129264,0.32804040109743365
7297,0.73,22,56,22,621148,55296,99256,27000,0.43796730452414145,0.32808398950131235
7298,0.7301,13,59,13,621207,55237,99269,26987,0.4375,0.3282131737692158
7299,0.7302,9,22,9,621229,55215,99278,26978,0.43732575085540487,0.3282274646259414
7300,0.7303,10,38,10,621267,55177,99288,26968,0.43702477506019516,0.3282975226733216
7301,0.7304,17,68,17,621335,55109,99305,26951,0.436486186795083,0.3284304167682184
7302,0.7305,22,58,22,621393,55051,99327,26929,0.436026802686605,0.3284825567211515
7303,0.7306,35,87,35,621480,54964,99362,26894,0.43533772652388797,0.3285445527621002
7304,0.7307,23,87,23,621567,54877,99385,26871,0.43464865036117095,0.328705289426041
7305,0.7308,14,22,14,621589,54855,99399,26857,0.4344744012165758,0.32867877423144704
7306,0.7309,11,34,11,621623,54821,99410,26846,0.43420510708401977,0.3287251888767801
7307,0.731,14,31,14,621654,54790,99424,26832,0.43395957419845393,0.32873489990443755
7308,0.7311,11,59,11,621713,54731,99435,26821,0.4334922696743125,0.32888218559937216
7309,0.7312,10,34,10,621747,54697,99445,26811,0.4332229755417564,0.32893703685527803
7310,0.7313,8,42,8,621789,54655,99453,26803,0.43289031808389306,0.32904073264749933
7311,0.7314,19,55,19,621844,54600,99472,26784,0.43245469522240526,0.3291064582718962
7312,0.7315,28,78,28,621922,54522,99500,26756,0.431836902800659,0.32919117104259454
7313,0.7316,13,27,13,621949,54495,99513,26743,0.4316230515777468,0.3291932346931239
7314,0.7317,19,51,19,622000,54444,99532,26724,0.4312191103789127,0.32924305144884686
7315,0.7318,16,35,16,622035,54409,99548,26708,0.4309418958306932,0.3292528076728676
7316,0.7319,18,53,18,622088,54356,99566,26690,0.43052211380053224,0.3293191520864694
7317,0.732,18,39,18,622127,54317,99584,26672,0.4302132175896591,0.32932867426440626
7318,0.7321,16,58,16,622185,54259,99600,26656,0.42975383348118107,0.3294321201260582
7319,0.7322,12,22,12,622207,54237,99612,26644,0.429579584336586,0.32942223760833816
7320,0.7323,12,59,12,622266,54178,99624,26632,0.42911227981244454,0.3295631728746442
7321,0.7324,8,31,8,622297,54147,99632,26624,0.4288667469268787,0.32962325587153807
7322,0.7325,20,47,20,622344,54100,99652,26604,0.4284944873906983,0.3296490880253767
7323,0.7326,19,72,19,622416,54028,99671,26585,0.42792421746293247,0.3297855184647637
7324,0.7327,24,61,24,622477,53967,99695,26561,0.4274410721074642,0.32983558513808864
7325,0.7328,24,59,24,622536,53908,99719,26537,0.4269737675833228,0.32987755609422587
7326,0.7329,23,47,23,622583,53861,99742,26514,0.4266015080471423,0.3298786936236392
7327,0.733,17,42,17,622625,53819,99759,26497,0.42626885058927894,0.32990935803575877
7328,0.7331,9,25,9,622650,53794,99768,26488,0.4260708401976936,0.32993697217308987
7329,0.7332,5,24,5,622674,53770,99773,26483,0.42588075022177163,0.329993894309247
7330,0.7333,16,32,16,622706,53738,99789,26467,0.4256272969205424,0.3299918957670968
7331,0.7334,19,48,19,622754,53690,99808,26448,0.4252471169686985,0.3300306970475929
7332,0.7335,8,31,8,622785,53659,99816,26440,0.42500158408313266,0.33009151175420415
7333,0.7336,9,43,9,622828,53616,99825,26431,0.4246610062096059,0.3301935113121041
7334,0.7337,21,72,21,622900,53544,99846,26410,0.4240907362818401,0.3303149310853741
7335,0.7338,11,42,11,622942,53502,99857,26399,0.4237580788239767,0.3303963655023091
7336,0.7339,24,59,24,623001,53443,99881,26375,0.42329077429983525,0.33043924929213964
7337,0.734,19,47,19,623048,53396,99900,26356,0.4229185147636548,0.33047447085966497
7338,0.7341,16,33,16,623081,53363,99916,26340,0.4226571410467621,0.3304768954744489
7339,0.7342,10,35,10,623116,53328,99926,26330,0.42237992649854267,0.33053805016445303
7340,0.7343,25,47,25,623163,53281,99951,26305,0.4220076669623622,0.33052295629884654
7341,0.7344,17,40,17,623203,53241,99968,26288,0.42169085033582565,0.3305460901054961
7342,0.7345,15,50,15,623253,53191,99983,26273,0.4212948295526549,0.3306277056277056
7343,0.7346,17,36,17,623289,53155,100000,26256,0.421009694588772,0.33063429499691477
7344,0.7347,6,34,6,623323,53121,100006,26250,0.42074040045621597,0.3307253278905394
7345,0.7348,20,50,20,623373,53071,100026,26230,0.4203443796730452,0.3307650597092092
7346,0.7349,19,41,19,623414,53030,100045,26211,0.4200196426308453,0.33077573478376093
7347,0.735,30,78,30,623492,52952,100075,26181,0.419401850209099,0.33084806591434673
7348,0.7351,15,34,15,623526,52918,100090,26166,0.4191325560765429,0.3308633857670325
7349,0.7352,8,48,8,623574,52870,100098,26158,0.418752376124699,0.33099660879688214
7350,0.7353,19,74,19,623648,52796,100117,26139,0.41816626536560636,0.33114587952112495
7351,0.7354,23,68,23,623716,52728,100140,26116,0.41762767710049425,0.3312363654812034
7352,0.7355,17,52,17,623768,52676,100157,26099,0.41721581548599673,0.3313106950174548
7353,0.7356,20,69,20,623837,52607,100177,26079,0.41666930680522113,0.33143125841954096
7354,0.7357,10,40,10,623877,52567,100187,26069,0.4163524901786846,0.3315148278142327
7355,0.7358,26,79,26,623956,52488,100213,26043,0.4157267773412749,0.33162700080223095
7356,0.7359,23,56,23,624012,52432,100236,26020,0.4152832340641237,0.3316677713761281
7357,0.736,8,31,8,624043,52401,100244,26012,0.41503770117855787,0.33173070791832987
7358,0.7361,27,61,27,624104,52340,100271,25985,0.4145545558230896,0.33175869773380146
7359,0.7362,34,63,34,624167,52277,100305,25951,0.41405556963629453,0.3317354399959094
7360,0.7363,5,38,5,624205,52239,100310,25946,0.41375459384108476,0.33185393617701603
7361,0.7364,11,32,11,624237,52207,100321,25935,0.41350114053985554,0.3318957794783855
7362,0.7365,28,62,28,624299,52145,100349,25907,0.41301007476872387,0.33191974581048533
7363,0.7366,14,67,14,624366,52078,100363,25893,0.41247940691927515,0.33208500596375573
7364,0.7367,26,27,26,624393,52051,100389,25867,0.4122655556963629,0.33197720680715626
7365,0.7368,9,29,9,624422,52022,100398,25858,0.4120358636421239,0.3320236260914227
7366,0.7369,8,32,8,624454,51990,100406,25850,0.4117824103408947,0.33209146968139774
7367,0.737,12,32,12,624486,51958,100418,25838,0.41152895703966547,0.3321250449894596
7368,0.7371,13,35,13,624521,51923,100431,25825,0.41125174249144597,0.3321628852189124
7369,0.7372,17,53,17,624574,51870,100448,25808,0.410831960461285,0.33224336362934165
7370,0.7373,31,65,31,624639,51805,100479,25777,0.4103171334431631,0.3322549044881545
7371,0.7374,3,14,3,624653,51791,100482,25774,0.4102062476238753,0.3322890478953136
7372,0.7375,32,74,32,624727,51717,100514,25742,0.40962013686478266,0.3323306523451116
7373,0.7376,29,65,29,624792,51652,100543,25713,0.40910530984666077,0.3323595941317133
7374,0.7377,20,62,20,624854,51590,100563,25693,0.4086142440755291,0.33245345030601814
7375,0.7378,19,50,19,624904,51540,100582,25674,0.4082182232923584,0.3325044681016396
7376,0.7379,10,20,10,624924,51520,100592,25664,0.4080598149790901,0.33250414593698174
7377,0.738,31,73,31,624997,51447,100623,25633,0.4074816246356609,0.33255059678256355
7378,0.7381,27,68,27,625065,51379,100650,25606,0.40694303637054874,0.3326102487497564
7379,0.7382,16,51,16,625116,51328,100666,25590,0.4065390951717146,0.3326919576692062
7380,0.7383,22,52,22,625168,51276,100688,25568,0.4061272335572171,0.33272604237155795
7381,0.7384,26,46,26,625214,51230,100714,25542,0.40576289443670005,0.3326994216641484
7382,0.7385,17,54,17,625268,51176,100731,25525,0.4053351919908757,0.3327857524673733
7383,0.7386,26,35,26,625303,51141,100757,25499,0.4050579774426562,0.33271137787056365
7384,0.7387,9,16,9,625319,51125,100766,25490,0.40493125079204156,0.332702473405991
7385,0.7388,21,53,21,625372,51072,100787,25469,0.4045114687618806,0.3327497680981435
7386,0.7389,13,39,13,625411,51033,100800,25456,0.4042025725510075,0.33280602439566476
7387,0.739,13,42,13,625453,50991,100813,25443,0.40386991509314407,0.3328754219326478
7388,0.7391,6,25,6,625478,50966,100819,25437,0.4036719047015587,0.3329319529337853
7389,0.7392,11,61,11,625539,50905,100830,25426,0.4031887593460905,0.33310188521046497
7390,0.7393,11,26,11,625565,50879,100841,25415,0.4029828285388417,0.33311924922012215
7391,0.7394,12,25,12,625590,50854,100853,25403,0.40278481814725636,0.33312351652963007
7392,0.7395,37,84,37,625674,50770,100890,25366,0.4021195032315296,0.33316696437953136
7393,0.7396,14,31,14,625705,50739,100904,25352,0.4018739703459638,0.3331800081481384
7394,0.7397,9,31,9,625736,50708,100913,25343,0.40162843746039795,0.3332369068125337
7395,0.7398,11,37,11,625773,50671,100924,25332,0.4013353820808516,0.3333026327908109
7396,0.7399,22,42,22,625815,50629,100946,25310,0.4010027246229882,0.3332938279408473
7397,0.74,7,45,7,625860,50584,100953,25303,0.4006463059181346,0.33342996824225496
7398,0.7401,22,54,22,625914,50530,100975,25281,0.40021860347231025,0.33347403411114485
7399,0.7402,16,66,16,625980,50464,100991,25265,0.3996958560385249,0.33362384291354696
7400,0.7403,15,24,15,626004,50440,101006,25250,0.39950576606260296,0.33359756903157617
7401,0.7404,20,54,20,626058,50386,101026,25230,0.3990780636167786,0.3336595429538722
7402,0.7405,21,62,21,626120,50324,101047,25209,0.39858699784564694,0.33374816305455896
7403,0.7406,12,34,12,626154,50290,101059,25197,0.3983177037130909,0.33379257355571157
7404,0.7407,16,54,16,626208,50236,101075,25181,0.3978900012672665,0.333890236949229
7405,0.7408,15,53,15,626261,50183,101090,25166,0.39747021923710557,0.33399248828783396
7406,0.7409,20,52,20,626313,50131,101110,25146,0.39705835762260805,0.3340462558284735
7407,0.741,18,33,18,626346,50098,101128,25128,0.3967969839057154,0.3340334458830723
7408,0.7411,16,34,16,626380,50064,101144,25112,0.3965276897731593,0.334042779610514
7409,0.7412,20,35,20,626415,50029,101164,25092,0.3962504752249398,0.3340211126049973
7410,0.7413,26,43,26,626458,49986,101190,25066,0.395909897351413,0.3339817726376379
7411,0.7414,13,45,13,626503,49941,101203,25053,0.3955534786465594,0.33406672533802706
7412,0.7415,15,35,15,626538,49906,101218,25038,0.3952762640983399,0.33408945345858243
7413,0.7416,15,28,15,626566,49878,101233,25023,0.39505449245976426,0.3340809869027116
7414,0.7417,17,35,17,626601,49843,101250,25006,0.3947772779115448,0.33408595973226096
7415,0.7418,15,56,15,626657,49787,101265,24991,0.39433373463439364,0.33420257294926314
7416,0.7419,23,44,23,626701,49743,101288,24968,0.3939852363452034,0.33419442920051934
7417,0.742,16,56,16,626757,49687,101304,24952,0.3935416930680522,0.33430244242286206
7418,0.7421,13,54,13,626811,49633,101317,24939,0.39311399062222785,0.33442847181247654
7419,0.7422,9,43,9,626854,49590,101326,24930,0.39277341274870103,0.33454106280193235
7420,0.7423,15,34,15,626888,49556,101341,24915,0.392504118616145,0.3345597615179063
7421,0.7424,16,46,16,626934,49510,101357,24899,0.39213977949562795,0.3346234998454488
7422,0.7425,27,53,27,626987,49457,101384,24872,0.391719997465467,0.3346204038800468
7423,0.7426,13,26,13,627013,49431,101397,24859,0.3915140666582182,0.3346210795531027
7424,0.7427,27,66,27,627079,49365,101424,24832,0.3909913192244329,0.334676604175371
7425,0.7428,14,73,14,627152,49292,101438,24818,0.39041312888100366,0.3348805829172851
7426,0.7429,13,52,13,627204,49240,101451,24805,0.39000126726650614,0.3349989871024377
7427,0.743,13,63,13,627267,49177,101464,24792,0.3895022810797111,0.3351674350065568
7428,0.7431,13,42,13,627309,49135,101477,24779,0.38916962362184765,0.3352409557052791
7429,0.7432,15,42,15,627351,49093,101492,24764,0.3888369661639843,0.33529658664716955
7430,0.7433,11,36,11,627387,49057,101503,24753,0.3885518312001014,0.3353610621866956
7431,0.7434,16,31,16,627418,49026,101519,24737,0.38830629831453556,0.3353578352290444
7432,0.7435,17,60,17,627478,48966,101536,24720,0.3878310733747307,0.3354775669733735
7433,0.7436,8,32,8,627510,48934,101544,24712,0.38757762007350144,0.3355511500964071
7434,0.7437,4,20,4,627530,48914,101548,24708,0.3874192117602332,0.3356062046670832
7435,0.7438,36,60,36,627590,48854,101584,24672,0.38694398682042835,0.335554769741316
7436,0.7439,34,69,34,627659,48785,101618,24638,0.38639747813965275,0.3355624259428245
7437,0.744,27,49,27,627708,48736,101645,24611,0.3860093777721455,0.3355420126249199
7438,0.7441,24,42,24,627750,48694,101669,24587,0.3856767203142821,0.33551670965188796
7439,0.7442,32,66,32,627816,48628,101701,24555,0.38515397288049674,0.33552874301408797
7440,0.7443,20,48,20,627864,48580,101721,24535,0.3847737929286529,0.33556725706079465
7441,0.7444,13,40,13,627904,48540,101734,24522,0.38445697630211634,0.3356327502668966
7442,0.7445,16,46,16,627950,48494,101750,24506,0.3840926371815993,0.3356986301369863
7443,0.7446,16,41,16,627991,48453,101766,24490,0.3837679001393993,0.3357416064598385
7444,0.7447,16,43,16,628034,48410,101782,24474,0.3834273222658725,0.33579386422260027
7445,0.7448,27,65,27,628099,48345,101809,24447,0.3829124952477506,0.3358473458621827
7446,0.7449,11,53,11,628152,48292,101820,24436,0.38249271321758965,0.33599164008359916
7447,0.745,23,62,23,628214,48230,101843,24413,0.382001647446458,0.3360681689908181
7448,0.7451,17,58,17,628272,48172,101860,24396,0.38154226333797997,0.33618123690883034
7449,0.7452,13,30,13,628302,48142,101873,24383,0.3813046508680776,0.3362013098931403
7450,0.7453,18,51,18,628353,48091,101891,24365,0.38090070966924344,0.3362730484707961
7451,0.7454,26,83,26,628436,48008,101917,24339,0.3802433151691801,0.33642030768380166
7452,0.7455,9,27,9,628463,47981,101926,24330,0.3800294639462679,0.33646333199651507
7453,0.7456,36,88,36,628551,47893,101962,24294,0.37933246736788745,0.3365425907711915
7454,0.7457,11,35,11,628586,47858,101973,24283,0.37905525281966795,0.3366047046755659
7455,0.7458,9,52,9,628638,47806,101982,24274,0.37864339120517043,0.33676470588235297
7456,0.7459,22,63,22,628701,47743,102004,24252,0.3781444050183754,0.336856726161539
7457,0.746,18,60,18,628761,47683,102022,24234,0.37766918007857053,0.33697178692103397
7458,0.7461,11,52,11,628813,47631,102033,24223,0.377257318464073,0.3371141481337156
7459,0.7462,21,58,21,628871,47573,102054,24202,0.376797934355595,0.33719261581330545
7460,0.7463,11,32,11,628903,47541,102065,24191,0.3765444810543657,0.3372413985390063
7461,0.7464,26,40,26,628943,47501,102091,24165,0.3762276644278292,0.33718918315519214
7462,0.7465,30,72,30,629015,47429,102121,24135,0.37565739450006336,0.33725057291375554
7463,0.7466,22,52,22,629067,47377,102143,24113,0.37524553288556584,0.33729192894111065
7464,0.7467,25,52,25,629119,47325,102168,24088,0.3748336712710683,0.3373055326061081
7465,0.7468,9,35,9,629154,47290,102177,24079,0.3745564567228488,0.3373873810758172
7466,0.7469,13,27,13,629181,47263,102190,24066,0.37434260549993664,0.33739432769280375
7467,0.747,10,71,10,629252,47192,102200,24056,0.37378025598783426,0.33763754772063775
7468,0.7471,3,24,3,629276,47168,102203,24053,0.3735901660119123,0.3377234242709313
7469,0.7472,14,49,14,629325,47119,102217,24039,0.373202065644405,0.337825683689817
7470,0.7473,19,63,19,629388,47056,102236,24020,0.37270307945760994,0.3379481118802409
7471,0.7474,12,30,12,629418,47026,102248,24008,0.3724654669877075,0.337978995973759
7472,0.7475,17,32,17,629450,46994,102265,23991,0.37221201368647827,0.3379728111572867
7473,0.7476,16,47,16,629497,46947,102281,23975,0.3718397541502978,0.33804743239051355
7474,0.7477,13,55,13,629552,46892,102294,23962,0.37140413128881006,0.33818838738815027
7475,0.7478,17,61,17,629613,46831,102311,23945,0.3709209859333418,0.3383208997400249
7476,0.7479,9,32,9,629645,46799,102320,23936,0.37066753263211255,0.3383897646144059
7477,0.748,22,57,22,629702,46742,102342,23914,0.3702160689392979,0.3384567481884058
7478,0.7481,17,22,17,629724,46720,102359,23897,0.37004181979470285,0.33840293413767225
7479,0.7482,12,27,12,629751,46693,102371,23885,0.3698279685717906,0.3384199042194452
7480,0.7483,23,40,23,629791,46653,102394,23862,0.3695111519452541,0.3383960859391619
7481,0.7484,25,62,25,629853,46591,102419,23837,0.3690200861741224,0.3384591355710797
7482,0.7485,12,35,12,629888,46556,102431,23825,0.3687428716259029,0.3385146559440758
7483,0.7486,17,44,17,629932,46512,102448,23808,0.3683943733367127,0.3385665529010239
7484,0.7487,21,69,21,630001,46443,102469,23787,0.36784786465593716,0.33870140965399403
7485,0.7488,15,22,15,630023,46421,102484,23772,0.36767361551134203,0.338666248771245
7486,0.7489,19,49,19,630072,46372,102503,23753,0.36728551514383473,0.33872370766488413
7487,0.749,26,48,26,630120,46324,102529,23727,0.36690533519199087,0.33871036816034034
7488,0.7491,18,70,18,630190,46254,102547,23709,0.3663509060955519,0.33887912182153423
7489,0.7492,14,26,14,630216,46228,102561,23695,0.36614497528830314,0.33887276003603967
7490,0.7493,25,50,25,630266,46178,102586,23670,0.36574895450513245,0.33887870805176956
7491,0.7494,8,35,8,630301,46143,102594,23662,0.36547173995691296,0.3389728529474966
7492,0.7495,11,40,11,630341,46103,102605,23651,0.36515492333037636,0.3390629928032801
7493,0.7496,23,40,23,630381,46063,102628,23628,0.3648381067038398,0.3390394742506206
7494,0.7497,24,36,24,630417,46027,102652,23604,0.36455297173995693,0.3389869454696902
7495,0.7498,12,40,12,630457,45987,102664,23592,0.36423615511342033,0.3390678221877291
7496,0.7499,17,48,17,630505,45939,102681,23575,0.3638559751615765,0.3391403170584343
7497,0.75,14,40,14,630545,45899,102695,23561,0.36353915853503993,0.33920241865822054
7498,0.7501,19,38,19,630583,45861,102714,23542,0.36323818273983016,0.3392072388801637
7499,0.7502,21,60,21,630643,45801,102735,23521,0.3627629578000253,0.3393006549147457
7500,0.7503,20,72,20,630715,45729,102755,23501,0.36219268787225956,0.33946266069622993
7501,0.7504,12,25,12,630740,45704,102767,23489,0.3619946774806742,0.339470755712283
7502,0.7505,17,38,17,630778,45666,102784,23472,0.36169370168546444,0.3394949231970841
7503,0.7506,14,31,14,630809,45635,102798,23458,0.3614481687998986,0.3395134094626084
7504,0.7507,18,51,18,630860,45584,102816,23440,0.3610442276010645,0.33959202596198423
7505,0.7508,21,37,21,630897,45547,102837,23419,0.3607511722215182,0.3395731229881391
7506,0.7509,18,40,18,630937,45507,102855,23401,0.3604343555949816,0.33959772450223485
7507,0.751,5,17,5,630954,45490,102860,23396,0.3602997085287036,0.3396335975379613
7508,0.7511,25,37,25,630991,45453,102885,23371,0.36000665314915725,0.3395763105893293
7509,0.7512,19,70,19,631061,45383,102904,23352,0.35945222405271826,0.3397395795446279
7510,0.7513,26,75,26,631136,45308,102930,23326,0.3588581928779622,0.33986071043506133
7511,0.7514,19,52,19,631188,45256,102949,23307,0.3584463312634647,0.3399355337426892
7512,0.7515,15,39,15,631227,45217,102964,23292,0.35813743505259155,0.33998452758031794
7513,0.7516,7,24,7,631251,45193,102971,23285,0.35794734507666964,0.3400362160109816
7514,0.7517,9,50,9,631301,45143,102980,23276,0.3575513242934989,0.34019789824463964
7515,0.7518,27,49,27,631350,45094,103007,23249,0.35716322392599165,0.34018114510630204
7516,0.7519,24,64,24,631414,45030,103031,23225,0.35665631732353315,0.34026811222621056
7517,0.752,15,50,15,631464,44980,103046,23210,0.35626029654036245,0.34037248863469716
7518,0.7521,12,57,12,631521,44923,103058,23198,0.35580883284754783,0.3405410959909573
7519,0.7522,14,23,14,631544,44900,103072,23184,0.3556266632872893,0.34052053345866873
7520,0.7523,13,32,13,631576,44868,103085,23171,0.3553732099860601,0.3405546818736313
7521,0.7524,11,28,11,631604,44840,103096,23160,0.35515143834748447,0.34058823529411764
7522,0.7525,11,19,11,631623,44821,103107,23149,0.3550009504498796,0.34057672502574665
7523,0.7526,15,23,15,631646,44798,103122,23134,0.3548187808896211,0.3405464287817229
7524,0.7527,18,47,18,631693,44751,103140,23116,0.3544465213534406,0.34060736440390765
7525,0.7528,7,23,7,631716,44728,103147,23109,0.3542643517931821,0.34065480489998085
7526,0.7529,18,63,18,631779,44665,103165,23091,0.35376536560638705,0.3407963870358345
7527,0.753,16,40,16,631819,44625,103181,23075,0.35344854897985045,0.3408419497784343
7528,0.7531,13,11,13,631830,44614,103194,23062,0.3533614244075529,0.34077073113068146
7529,0.7532,8,29,8,631859,44585,103202,23054,0.3531317323533139,0.34083886515176154
7530,0.7533,38,69,38,631928,44516,103240,23016,0.35258522367253836,0.3408162056506545
7531,0.7534,20,69,20,631997,44447,103260,22996,0.35203871499176276,0.3409694112065003
7532,0.7535,10,47,10,632044,44400,103270,22986,0.3516664554555823,0.3411094292583029
7533,0.7536,10,34,10,632078,44366,103280,22976,0.35139716132302623,0.3411838080247097
7534,0.7537,35,53,35,632131,44313,103315,22941,0.35097737929286527,0.34110982246409133
7535,0.7538,19,46,19,632177,44267,103334,22922,0.35061304017234823,0.3411570346336454
7536,0.7539,19,69,19,632246,44198,103353,22903,0.3500665314915727,0.34132129178402704
7537,0.754,17,73,17,632319,44125,103370,22886,0.3494883411481435,0.34152601811642863
7538,0.7541,28,89,28,632408,44036,103398,22858,0.34878342415409963,0.34170478667743
7539,0.7542,31,47,31,632455,43989,103429,22827,0.34841116461791916,0.34163972701149425
7540,0.7543,11,31,11,632486,43958,103440,22816,0.3481656317323533,0.34168987929433614
7541,0.7544,6,27,6,632513,43931,103446,22810,0.34795178050944114,0.34176892764567507
7542,0.7545,14,42,14,632555,43889,103460,22796,0.34761912305157777,0.34184599235210317
7543,0.7546,14,49,14,632604,43840,103474,22782,0.34723102268407047,0.34195911260544565
7544,0.7547,26,63,26,632667,43777,103500,22756,0.34673203649727535,0.34202576165211246
7545,0.7548,16,61,16,632728,43716,103516,22740,0.3462488911418071,0.34218129288551824
7546,0.7549,17,43,17,632771,43673,103533,22723,0.3459083132682803,0.34223447195614193
7547,0.755,16,20,16,632791,43653,103549,22707,0.34574990495501207,0.34217902350813745
7548,0.7551,6,21,6,632812,43632,103555,22701,0.3455835762260803,0.342227850391208
7549,0.7552,9,25,9,632837,43607,103564,22692,0.345385565834495,0.34226760584624205
7550,0.7553,12,18,12,632855,43589,103576,22680,0.34524299835255357,0.3422414703707616
7551,0.7554,15,31,15,632886,43558,103591,22665,0.34499746546698773,0.34225269166301736
7552,0.7555,5,37,5,632923,43521,103596,22660,0.3447044100874414,0.34239434278720476
7553,0.7556,18,38,18,632961,43483,103614,22642,0.34440343429223164,0.34241209829867675
7554,0.7557,15,28,15,632989,43455,103629,22627,0.3441816626536561,0.342407917435913
7555,0.7558,20,38,20,633027,43417,103649,22607,0.3438806868584463,0.34240579183327274
7556,0.7559,24,56,24,633083,43361,103673,22583,0.3434371435812951,0.3424572364430426
7557,0.756,23,42,23,633125,43319,103696,22560,0.34310448612343175,0.3424459994839023
7558,0.7561,15,32,15,633157,43287,103711,22545,0.34285103282220253,0.3424626321545753
7559,0.7562,13,46,13,633203,43241,103724,22532,0.34248669370168544,0.3425721800738905
7560,0.7563,13,41,13,633244,43200,103737,22519,0.3421619566594855,0.3426558529496797
7561,0.7564,27,48,27,633292,43152,103764,22492,0.3417817767076416,0.34263603680458227
7562,0.7565,17,28,17,633320,43124,103781,22475,0.34156000506906603,0.3426119300599095
7563,0.7566,12,36,12,633356,43088,103793,22463,0.3412748701051831,0.3426797455416393
7564,0.7567,21,38,21,633394,43050,103814,22442,0.3409738943099734,0.3426678067550235
7565,0.7568,12,27,12,633421,43023,103826,22430,0.3407600430870612,0.342688646815272
7566,0.7569,26,71,26,633492,42952,103852,22404,0.3401976935749588,0.34279943693004467
7567,0.757,15,47,15,633539,42905,103867,22389,0.33982543403877835,0.34289521242380616
7568,0.7571,17,56,17,633595,42849,103884,22372,0.33938189076162717,0.3430183529844682
7569,0.7572,8,28,8,633623,42821,103892,22364,0.33916011912305155,0.3430850655825727
7570,0.7573,15,52,15,633675,42769,103907,22349,0.33874825750855403,0.3432077152246691
7571,0.7574,9,41,9,633716,42728,103916,22340,0.3384235204663541,0.3433331284194996
7572,0.7575,35,49,35,633765,42679,103951,22305,0.3380354200988468,0.34323833559029915
7573,0.7576,10,34,10,633799,42645,103961,22295,0.3377661259662907,0.34331690791499847
7574,0.7577,18,37,18,633836,42608,103979,22277,0.3374730705867444,0.3433305078215304
7575,0.7578,20,51,20,633887,42557,103999,22257,0.3370691293879103,0.3433980312895362
7576,0.7579,5,23,5,633910,42534,104004,22252,0.33688695982765177,0.34346926805173955
7577,0.758,14,46,14,633956,42488,104018,22238,0.33652262070713473,0.34357136235824864
7578,0.7581,15,56,15,634012,42432,104033,22223,0.33607907742998355,0.34371664991106643
7579,0.7582,17,22,17,634034,42410,104050,22206,0.3359048282853884,0.3436610127522595
7580,0.7583,22,51,22,634085,42359,104072,22184,0.3355008870865543,0.34370884526594675
7581,0.7584,5,28,5,634113,42331,104077,22179,0.3352791154479787,0.34380716168035963
7582,0.7585,23,76,23,634189,42255,104100,22156,0.33467716385755925,0.3439785129869122
7583,0.7586,15,38,15,634227,42217,104115,22141,0.33437618806234953,0.3440287143789428
7584,0.7587,16,53,16,634280,42164,104131,22125,0.33395640603218857,0.34414907682496226
7585,0.7588,16,34,16,634314,42130,104147,22109,0.3336871118996325,0.3441678730988963
7586,0.7589,35,74,35,634388,42056,104182,22074,0.33310100114053987,0.34420707937002964
7587,0.759,25,68,25,634456,41988,104207,22049,0.3325624128754277,0.34431656698471197
7588,0.7591,20,41,20,634497,41947,104227,22029,0.3322376758332277,0.3443322495935976
7589,0.7592,28,73,28,634570,41874,104255,22001,0.3316594854897985,0.34443835616438356
7590,0.7593,11,30,11,634600,41844,104266,21990,0.33142187301989606,0.34448726384058653
7591,0.7594,4,17,4,634617,41827,104270,21986,0.33128722595361804,0.34453794681334526
7592,0.7595,10,35,10,634652,41792,104280,21976,0.33101001140539854,0.34462426295320536
7593,0.7596,21,46,21,634698,41746,104301,21955,0.3306456722848815,0.34465706974772764
7594,0.7597,17,49,17,634747,41697,104318,21938,0.3302575719173742,0.3447473874440167
7595,0.7598,15,60,15,634807,41637,104333,21923,0.32978234697756936,0.3449181875393329
7596,0.7599,17,48,17,634855,41589,104350,21906,0.3294021670257255,0.34500354358610913
7597,0.76,20,59,20,634914,41530,104370,21886,0.3289348625015841,0.3451179513056642
7598,0.7601,24,50,24,634964,41480,104394,21862,0.32853884171841335,0.3451422436929683
7599,0.7602,14,59,14,635023,41421,104408,21848,0.32807153719427196,0.34531919265359023
7600,0.7603,21,35,21,635058,41386,104429,21827,0.32779432264605246,0.34529289861262713
7601,0.7604,13,24,13,635082,41362,104442,21814,0.3276042326701305,0.3452893503862226
7602,0.7605,14,48,14,635130,41314,104456,21800,0.32722405271828664,0.345406724340083
7603,0.7606,14,25,14,635155,41289,104470,21786,0.3270260423267013,0.34539833531510106
7604,0.7607,8,27,8,635182,41262,104478,21778,0.3268121911037891,0.34546319796954317
7605,0.7608,16,54,16,635236,41208,104494,21762,0.32638448865796477,0.3455931395902811
7606,0.7609,24,57,24,635293,41151,104518,21738,0.3259330249651502,0.3456566331154892
7607,0.761,28,45,28,635338,41106,104546,21710,0.32557660626029655,0.34561258278145696
7608,0.7611,9,30,9,635368,41076,104555,21701,0.3253389937903941,0.3456839288274368
7609,0.7612,21,54,21,635422,41022,104576,21680,0.32491129134456975,0.345762495614175
7610,0.7613,15,41,15,635463,40981,104591,21665,0.32458655430236977,0.3458321361300003
7611,0.7614,9,29,9,635492,40952,104600,21656,0.32435686224813076,0.34589828775875286
7612,0.7615,9,20,9,635512,40932,104609,21647,0.3241984539348625,0.3459147637386344
7613,0.7616,21,49,21,635561,40883,104630,21626,0.3238103535673552,0.34596618086995473
7614,0.7617,11,29,11,635590,40854,104641,21615,0.3235806615131162,0.34601162176439515
7615,0.7618,11,32,11,635622,40822,104652,21604,0.323327208211887,0.34607375132156476
7616,0.7619,33,60,33,635682,40762,104685,21571,0.32285198327208214,0.34606067412125197
7617,0.762,18,52,18,635734,40710,104703,21553,0.32244012165758457,0.3461606411512455
7618,0.7621,17,33,17,635767,40677,104720,21536,0.3221787479406919,0.3461655924003022
7619,0.7622,18,48,18,635815,40629,104738,21518,0.32179856798884804,0.3462435837610826
7620,0.7623,19,32,19,635847,40597,104757,21499,0.3215451146876188,0.3462219788714249
7621,0.7624,31,87,31,635934,40510,104788,21468,0.3208560385249018,0.3463809738939624
7622,0.7625,21,41,21,635975,40469,104809,21447,0.3205313014827018,0.3463886555979068
7623,0.7626,11,28,11,636003,40441,104820,21436,0.3203095298441262,0.34642920632868435
7624,0.7627,9,14,9,636017,40427,104829,21427,0.32019864402483844,0.3464125198047014
7625,0.7628,18,38,18,636055,40389,104847,21409,0.3198976682296287,0.3464351597139066
7626,0.7629,11,27,11,636082,40362,104858,21398,0.3196838170067165,0.346470207253886
7627,0.763,23,47,23,636129,40315,104881,21375,0.3193115574705361,0.3464905171016372
7628,0.7631,9,26,9,636155,40289,104890,21366,0.3191056266632873,0.34654123753142485
7629,0.7632,19,63,19,636218,40226,104909,21347,0.31860664047649223,0.3466941678982671
7630,0.7633,18,32,18,636250,40194,104927,21329,0.31835318717526295,0.34668335419274093
7631,0.7634,14,25,14,636275,40169,104941,21315,0.3181551767836776,0.3466755578687138
7632,0.7635,9,27,9,636302,40142,104950,21306,0.31794132556076543,0.346732196328603
7633,0.7636,18,61,18,636363,40081,104968,21288,0.31745818020529715,0.34688523521647735
7634,0.7637,17,38,17,636401,40043,104985,21271,0.31715720441008743,0.34691913755422904
7635,0.7638,24,43,24,636444,40000,105009,21247,0.3168166265365606,0.34690678727121327
7636,0.7639,5,30,5,636474,39970,105014,21242,0.3165790140666582,0.34702345945239493
7637,0.764,9,32,9,636506,39938,105023,21233,0.31632556076542895,0.34710892416341077
7638,0.7641,13,28,13,636534,39910,105036,21220,0.3161037891268534,0.3471290691967937
7639,0.7642,31,112,31,636646,39798,105067,21189,0.315216702572551,0.34743469919818976
7640,0.7643,15,20,15,636666,39778,105082,21174,0.3150582942592827,0.3473881086756792
7641,0.7644,10,34,10,636700,39744,105092,21164,0.31478900012672667,0.3474748801471071
7642,0.7645,10,20,10,636720,39724,105102,21154,0.31463059181345837,0.3474818489437892
7643,0.7646,9,35,9,636755,39689,105111,21145,0.3143533772652389,0.34758523194266366
7644,0.7647,18,38,18,636793,39651,105129,21127,0.31405240147002916,0.3476093323241963
7645,0.7648,24,50,24,636843,39601,105153,21103,0.31365638068685847,0.34763771744860306
7646,0.7649,10,26,10,636869,39575,105163,21093,0.3134504498796097,0.3476791718863322
7647,0.765,16,32,16,636901,39543,105179,21077,0.31319699657838046,0.3476905311778291
7648,0.7651,14,43,14,636944,39500,105193,21063,0.31285641870485364,0.3477866023809917
7649,0.7652,18,63,18,637007,39437,105211,21045,0.31235743251805853,0.3479547634006812
7650,0.7653,9,33,9,637040,39404,105220,21036,0.31209605880116587,0.3480476505625414
7651,0.7654,24,59,24,637099,39345,105244,21012,0.31162875427702447,0.3481286346239873
7652,0.7655,13,32,13,637131,39313,105257,20999,0.3113753009757952,0.3481728345934474
7653,0.7656,21,36,21,637167,39277,105278,20978,0.3110901660119123,0.34815368019251514
7654,0.7657,13,36,13,637203,39241,105291,20965,0.3108050310480294,0.34822110753081087
7655,0.7658,13,29,13,637232,39212,105304,20952,0.3105753389937904,0.3482481218004122
7656,0.7659,13,31,13,637263,39181,105317,20939,0.3103298061082246,0.34828675981370594
7657,0.766,11,28,11,637291,39153,105328,20928,0.31010803446964896,0.34832975483097817
7658,0.7661,13,62,13,637353,39091,105341,20915,0.3096169686985173,0.34854847848548476
7659,0.7662,15,38,15,637391,39053,105356,20900,0.3093159929033076,0.34860640835321
7660,0.7663,19,48,19,637439,39005,105375,20881,0.3089358129514637,0.34867915706509034
7661,0.7664,8,27,8,637466,38978,105383,20873,0.30872196172855154,0.34874939432925095
7662,0.7665,15,34,15,637500,38944,105398,20858,0.30845266759599543,0.3487843215945955
7663,0.7666,23,29,23,637529,38915,105421,20835,0.3082229755417564,0.34870292887029286
7664,0.7667,22,44,22,637573,38871,105443,20813,0.3078744772525662,0.34871992493800685
7665,0.7668,24,58,24,637631,38813,105467,20789,0.3074150931440882,0.3487970202342203
7666,0.7669,25,38,25,637669,38775,105492,20764,0.30711411734887845,0.3487461999697677
7667,0.767,13,23,13,637692,38752,105505,20751,0.30693194778861993,0.34873871905618203
7668,0.7671,4,14,4,637706,38738,105509,20747,0.3068210619693322,0.34877700260569894
7669,0.7672,9,30,9,637736,38708,105518,20738,0.3065834494994297,0.34885442250109344
7670,0.7673,15,45,15,637781,38663,105533,20723,0.3062270307945761,0.34895429899302866
7671,0.7674,31,67,31,637848,38596,105564,20692,0.30569636294512736,0.34900823100796113
7672,0.7675,26,51,26,637899,38545,105590,20666,0.30529242174629323,0.34902298559389305
7673,0.7676,15,46,15,637945,38499,105605,20651,0.3049280826257762,0.3491293322062553
7674,0.7677,19,50,19,637995,38449,105624,20632,0.3045320618426055,0.34921548382728795
7675,0.7678,14,46,14,638041,38403,105638,20618,0.3041677227220885,0.3493332881516748
7676,0.7679,18,33,18,638074,38370,105656,20600,0.3039063490051958,0.3493301678819739
7677,0.768,11,45,11,638119,38325,105667,20589,0.30354993030034216,0.3494755066707404
7678,0.7681,17,27,17,638146,38298,105684,20572,0.30333607907743,0.34944793613045694
7679,0.7682,12,20,12,638166,38278,105696,20560,0.3031776707641617,0.3494340392263503
7680,0.7683,21,49,21,638215,38229,105717,20539,0.30278957039665444,0.3494929213177239
7681,0.7684,13,34,13,638249,38195,105730,20526,0.30252027626409833,0.3495512678598798
7682,0.7685,26,51,26,638300,38144,105756,20500,0.30211633506526425,0.3495668781119978
7683,0.7686,18,54,18,638354,38090,105774,20482,0.30168863261943984,0.3496892713241822
7684,0.7687,16,37,16,638391,38053,105790,20466,0.3013955772398936,0.34973256549154974
7685,0.7688,7,38,7,638429,38015,105797,20459,0.3010946014446838,0.34988199883709
7686,0.7689,12,32,12,638461,37983,105809,20447,0.3008411481434546,0.34994009926407665
7687,0.769,15,27,15,638488,37956,105824,20432,0.3006272969205424,0.3499349181338631
7688,0.7691,12,33,12,638521,37923,105836,20420,0.30036592320364974,0.34999914299916013
7689,0.7692,15,33,15,638554,37890,105851,20405,0.3001045494867571,0.35003001972724934
7690,0.7693,17,28,17,638582,37862,105868,20388,0.29988277784818146,0.35000858369098714
7691,0.7694,14,43,14,638625,37819,105882,20374,0.29954219997465464,0.3501108380733078
7692,0.7695,17,33,17,638658,37786,105899,20357,0.29928082625776203,0.3501195328758406
7693,0.7696,6,14,6,638672,37772,105905,20351,0.2991699404384742,0.3501367788999191
7694,0.7697,24,37,24,638709,37735,105929,20327,0.2988768850589279,0.35009128173331955
7695,0.7698,5,18,5,638727,37717,105934,20322,0.29873431757698643,0.3501438687778907
7696,0.7699,19,63,19,638790,37654,105953,20303,0.29823533139019137,0.3503114377900858
7697,0.77,20,36,20,638826,37618,105973,20283,0.29795019642630843,0.3503048306592287
7698,0.7701,20,49,20,638875,37569,105993,20263,0.2975620960588012,0.3503769539355374
7699,0.7702,19,66,19,638941,37503,106012,20244,0.29703934862501585,0.35056366564496855
7700,0.7703,19,61,19,639002,37442,106031,20225,0.29655620326954757,0.3507205160663811
7701,0.7704,21,52,21,639054,37390,106052,20204,0.29614434165505005,0.3508004306004098
7702,0.7705,22,45,22,639099,37345,106074,20182,0.2957879229501964,0.3508265683939715
7703,0.7706,15,40,15,639139,37305,106089,20167,0.29547110632365986,0.3509013084632517
7704,0.7707,9,35,9,639174,37270,106098,20158,0.29519389177544036,0.35101344291983005
7705,0.7708,19,27,19,639201,37243,106117,20139,0.2949800405525282,0.35096371684500366
7706,0.7709,27,52,27,639253,37191,106144,20112,0.29456817893803067,0.3509763886707502
7707,0.771,15,38,15,639291,37153,106159,20097,0.29426720314282095,0.3510393013100437
7708,0.7711,17,38,17,639329,37115,106176,20080,0.2939662273476112,0.35107963982865636
7709,0.7712,14,42,14,639371,37073,106190,20066,0.2936335698897478,0.35117870456255795
7710,0.7713,28,57,28,639428,37016,106218,20038,0.2931821061969332,0.35121113331230064
7711,0.7714,23,50,23,639478,36966,106241,20015,0.2927860854137625,0.3512574366894228
7712,0.7715,15,32,15,639510,36934,106256,20000,0.2925326321125333,0.35128394281097414
7713,0.7716,11,38,11,639548,36896,106267,19989,0.2922316563173235,0.3513931616419091
7714,0.7717,10,31,10,639579,36865,106277,19979,0.29198612343175767,0.35147069171768347
7715,0.7718,8,32,8,639611,36833,106285,19971,0.29173267013052845,0.3515773537074854
7716,0.7719,16,37,16,639648,36796,106301,19955,0.2914396147509821,0.35162375993374567
7717,0.772,19,32,19,639680,36764,106320,19936,0.2911861614497529,0.35160493827160494
7718,0.7721,27,54,27,639734,36710,106347,19909,0.29075845900392855,0.3516310779067098
7719,0.7722,42,85,42,639819,36625,106389,19867,0.29008522367253836,0.3516781137152163
7720,0.7723,31,82,31,639901,36543,106420,19836,0.2894357495881384,0.3518331293566754
7721,0.7724,27,48,27,639949,36495,106447,19809,0.28905556963629453,0.3518222506393862
7722,0.7725,24,70,24,640019,36425,106471,19785,0.28850114053985554,0.3519836328055506
7723,0.7726,14,28,14,640047,36397,106485,19771,0.2882793689012799,0.35199757869249393
7724,0.7727,21,56,21,640103,36341,106506,19750,0.28783582562412874,0.3521063985309586
7725,0.7728,20,50,20,640153,36291,106526,19730,0.28743980484095805,0.3521893575623427
7726,0.7729,9,25,9,640178,36266,106535,19721,0.2872417944493727,0.3522424848625574
7727,0.773,11,49,11,640227,36217,106546,19710,0.2868536940818654,0.3524236951740662
7728,0.7731,11,37,11,640264,36180,106557,19699,0.28656063870231907,0.3525295728270012
7729,0.7732,10,51,10,640315,36129,106567,19689,0.286156697503485,0.3527356766634419
7730,0.7733,22,34,22,640349,36095,106589,19667,0.2858874033709289,0.3526953839532298
7731,0.7734,17,50,17,640399,36045,106606,19650,0.2854913825877582,0.3528144357662268
7732,0.7735,34,69,34,640468,35976,106640,19616,0.28494487390698264,0.35285652611886603
7733,0.7736,13,34,13,640502,35942,106653,19603,0.28467557977442653,0.35292105500045007
7734,0.7737,12,32,12,640534,35910,106665,19591,0.2844221264731973,0.3529846309075512
7735,0.7738,20,31,20,640565,35879,106685,19571,0.2841765935876315,0.35294860234445447
7736,0.7739,14,39,14,640604,35840,106699,19557,0.2838676973767583,0.3530335577738867
7737,0.774,13,36,13,640640,35804,106712,19544,0.28358256241287544,0.35311122353111224
7738,0.7741,16,38,16,640678,35766,106728,19528,0.28328158661766567,0.353166708865338
7739,0.7742,23,64,23,640742,35702,106751,19505,0.2827746800152072,0.35330664589635374
7740,0.7743,10,44,10,640786,35658,106761,19495,0.28242618172601697,0.35347125269704277
7741,0.7744,16,57,16,640843,35601,106777,19479,0.2819747180332024,0.3536492374727669
7742,0.7745,15,29,15,640872,35572,106792,19464,0.2817450259789634,0.35365942292317754
7743,0.7746,12,35,12,640907,35537,106804,19452,0.2814678114307439,0.3537434759679209
7744,0.7747,10,40,10,640947,35497,106814,19442,0.2811509948042073,0.35388339795045415
7745,0.7748,7,28,7,640975,35469,106821,19435,0.28092922316563174,0.3539814949730439
7746,0.7749,11,28,11,641003,35441,106832,19424,0.2807074515270561,0.3540326255354051
7747,0.775,21,37,21,641040,35404,106853,19403,0.28041439614750985,0.35402412100644076
7748,0.7751,5,17,5,641057,35387,106858,19398,0.28027974908123177,0.35407502053481793
7749,0.7752,16,43,16,641100,35344,106874,19382,0.279939171207705,0.3541643825603918
7750,0.7753,10,25,10,641125,35319,106884,19372,0.2797411608161196,0.35420818781883673
7751,0.7754,20,45,20,641170,35274,106904,19352,0.279384742111266,0.3542635375096108
7752,0.7755,8,19,8,641189,35255,106912,19344,0.27923425421366116,0.3542922031539039
7753,0.7756,11,22,11,641211,35233,106923,19333,0.27906000506906603,0.3543048784957666
7754,0.7757,22,48,22,641259,35185,106945,19311,0.27867982511722217,0.35435628302994715
7755,0.7758,16,40,16,641299,35145,106961,19295,0.27836300849068557,0.35442689199118294
7756,0.7759,8,35,8,641334,35110,106969,19287,0.2780857939424661,0.35455999411732264
7757,0.776,22,43,22,641377,35067,106991,19265,0.2777452160689393,0.35457925347861297
7758,0.7761,22,45,22,641422,35022,107013,19243,0.27738879736408567,0.3546116281212568
7759,0.7762,12,37,12,641459,34985,107025,19231,0.27709574198453935,0.35471078648369486
7760,0.7763,11,41,11,641500,34944,107036,19220,0.27677100494233936,0.35484823868251975
7761,0.7764,12,39,12,641539,34905,107048,19208,0.2764621087314662,0.3549609151220594
7762,0.7765,30,55,30,641594,34850,107078,19178,0.27602648586997847,0.35496409269267787
7763,0.7766,8,29,8,641623,34821,107086,19170,0.27579679381573946,0.3550591765294216
7764,0.7767,14,23,14,641646,34798,107100,19156,0.27561462425548094,0.3550431849353153
7765,0.7768,17,44,17,641690,34754,107117,19139,0.2752661259662907,0.3551296086690294
7766,0.7769,23,36,23,641726,34718,107140,19116,0.2749809910024078,0.3550915778132779
7767,0.777,13,38,13,641764,34680,107153,19103,0.2746800152071981,0.35518658312106055
7768,0.7771,11,27,11,641791,34653,107164,19092,0.2744661639842859,0.3552330449344125
7769,0.7772,12,27,12,641818,34626,107176,19080,0.27425231276137374,0.3552675678695118
7770,0.7773,37,96,37,641914,34530,107213,19043,0.27349195285768596,0.3554589065387415
7771,0.7774,17,37,17,641951,34493,107230,19026,0.27319889747813964,0.35549991591771146
7772,0.7775,12,48,12,641999,34445,107242,19014,0.2728187175262958,0.3556744420958117
7773,0.7776,16,68,16,642067,34377,107258,18998,0.2722801292611836,0.3559344262295082
7774,0.7777,13,15,13,642082,34362,107271,18985,0.2721613230262324,0.3558775563761786
7775,0.7778,14,29,14,642111,34333,107285,18971,0.2719316309719934,0.35590199609785383
7776,0.7779,18,39,18,642150,34294,107303,18953,0.27162273476112025,0.35594493586493137
7777,0.778,18,34,18,642184,34260,107321,18935,0.2713534406285642,0.35595450700253783
7778,0.7781,16,36,16,642220,34224,107337,18919,0.27106830566468126,0.356001731178142
7779,0.7782,26,37,26,642257,34187,107363,18893,0.27077525028513494,0.35593443858327056
7780,0.7783,8,26,8,642283,34161,107371,18885,0.2705693194778862,0.3560117633751838
7781,0.7784,12,53,12,642336,34108,107383,18873,0.27014953744772524,0.3562220418640645
7782,0.7785,10,20,10,642356,34088,107393,18863,0.269991129134457,0.35623500972597305
7783,0.7786,8,17,8,642373,34071,107401,18855,0.2698564820681789,0.35625212560934133
7784,0.7787,13,25,13,642398,34046,107414,18842,0.26965847167659357,0.3562622901225231
7785,0.7788,16,32,16,642430,34014,107430,18826,0.26940501837536435,0.35628311884935654
7786,0.7789,9,40,9,642470,33974,107439,18817,0.2690882017488278,0.3564433331439071
7787,0.779,13,42,13,642512,33932,107452,18804,0.2687555442909644,0.35656856796116504
7788,0.7791,14,16,14,642528,33916,107466,18790,0.2686288176403498,0.35650590065647175
7789,0.7792,16,33,16,642561,33883,107482,18774,0.2683674439234571,0.3565337941774123
7790,0.7793,17,25,17,642586,33858,107499,18757,0.2681694335318717,0.35649529601824576
7791,0.7794,14,32,14,642618,33826,107513,18743,0.2679159802306425,0.3565409271623961
7792,0.7795,10,33,10,642651,33793,107523,18733,0.26765460651374984,0.35664242470395613
7793,0.7796,11,33,11,642684,33760,107534,18722,0.26739323279685717,0.35673183186616364
7794,0.7797,10,30,10,642714,33730,107544,18712,0.2671556203269548,0.35681324129514513
7795,0.7798,22,33,22,642747,33697,107566,18690,0.2668942466100621,0.35676790043331363
7796,0.7799,9,30,9,642777,33667,107575,18681,0.26665663414015967,0.35686177122335144
7797,0.78,19,50,19,642827,33617,107594,18662,0.266260613356989,0.35696933759253235
7798,0.7801,3,17,3,642844,33600,107597,18659,0.26612596629071095,0.357048546661819
7799,0.7802,9,13,9,642857,33587,107606,18650,0.2660230008870866,0.35702662863487566
7800,0.7803,18,37,18,642894,33550,107624,18632,0.26572994550754026,0.35705798934498484
7801,0.7804,17,33,17,642927,33517,107641,18615,0.2654685717906476,0.35707434972761454
7802,0.7805,26,54,26,642981,33463,107667,18589,0.26504086934482324,0.35712364558518406
7803,0.7806,11,19,11,643000,33444,107678,18578,0.2648903814472183,0.3571181423244012
7804,0.7807,16,41,16,643041,33403,107694,18562,0.2645656444050184,0.35720196285961703
7805,0.7808,14,46,14,643087,33357,107708,18548,0.2642013052845013,0.35734514979289084
7806,0.7809,19,63,19,643150,33294,107727,18529,0.26370231909770625,0.35754394766802383
7807,0.781,15,32,15,643182,33262,107742,18514,0.26344886579647697,0.3575788009888752
7808,0.7811,22,31,22,643213,33231,107764,18492,0.2632033329109112,0.3575198654370396
7809,0.7812,20,40,20,643253,33191,107784,18472,0.2628865162843746,0.35754795501616243
7810,0.7813,9,28,9,643281,33163,107793,18463,0.26266474464579903,0.35762987641885874
7811,0.7814,19,73,19,643354,33090,107812,18444,0.26208655430236977,0.3578996390732332
7812,0.7815,16,35,16,643389,33055,107828,18428,0.26180933975415027,0.3579433987918342
7813,0.7816,10,39,10,643428,33016,107838,18418,0.2615004435432772,0.3580899793910643
7814,0.7817,21,32,21,643460,32984,107859,18397,0.2612469902420479,0.35805064128763553
7815,0.7818,25,48,25,643508,32936,107884,18372,0.26086681029020403,0.3580728151555313
7816,0.7819,24,51,24,643559,32885,107908,18348,0.2604628690913699,0.35812854995803484
7817,0.782,7,22,7,643581,32863,107915,18341,0.2602886199467748,0.35819467229122726
7818,0.7821,22,42,22,643623,32821,107937,18319,0.2599559624889114,0.3582127493156042
7819,0.7822,17,25,17,643648,32796,107954,18302,0.25975795209732605,0.35817448823828724
7820,0.7823,10,28,10,643676,32768,107964,18292,0.2595361804587505,0.3582452017234626
7821,0.7824,19,47,19,643723,32721,107983,18273,0.25916392092257,0.3583362748558654
7822,0.7825,8,22,8,643745,32699,107991,18265,0.2589896717779749,0.3583902362451927
7823,0.7826,21,48,21,643793,32651,108012,18244,0.258609491826131,0.3584635032910895
7824,0.7827,10,43,10,643836,32608,108022,18234,0.2582689139526042,0.3586404940796979
7825,0.7828,10,27,10,643863,32581,108032,18224,0.25805506272969203,0.358704851884657
7826,0.7829,23,52,23,643915,32529,108055,18201,0.2576432011151945,0.3587817859254879
7827,0.783,11,31,11,643946,32498,108066,18190,0.2573976682296287,0.35886205808080807
7828,0.7831,23,44,23,643990,32454,108089,18167,0.25704916994043847,0.3588826771497995
7829,0.7832,10,26,10,644016,32428,108099,18157,0.2568432391331897,0.35894039735099337
7830,0.7833,10,35,10,644051,32393,108109,18147,0.25656602458497024,0.35906212900672735
7831,0.7834,27,56,27,644107,32337,108136,18120,0.25612248130781906,0.3591176645460491
7832,0.7835,10,24,10,644131,32313,108146,18110,0.2559323913318971,0.359161493762767
7833,0.7836,15,34,15,644165,32279,108161,18095,0.255663097199341,0.3592130861158534
7834,0.7837,12,35,12,644200,32244,108173,18083,0.25538588265112155,0.3593101118683808
7835,0.7838,11,58,11,644258,32186,108184,18072,0.25492649854264354,0.35958454375422816
7836,0.7839,15,34,15,644292,32152,108199,18057,0.25465720441008743,0.3596367185166006
7837,0.784,22,45,22,644337,32107,108221,18035,0.2543007857052338,0.3596785130230146
7838,0.7841,15,44,15,644381,32063,108236,18020,0.2539522874160436,0.35980272747239583
7839,0.7842,16,38,16,644419,32025,108252,18004,0.2536513116208339,0.3598712746606968
7840,0.7843,17,35,17,644454,31990,108269,17987,0.2533740970726144,0.35990555655601575
7841,0.7844,11,39,11,644493,31951,108280,17976,0.2530652008617412,0.3600456666733431
7842,0.7845,11,36,11,644529,31915,108291,17965,0.25278006589785834,0.36016439454691257
7843,0.7846,5,28,5,644557,31887,108296,17960,0.2525582942592827,0.3603025257287299
7844,0.7847,13,27,13,644584,31860,108309,17947,0.25234444303637055,0.3603308771859377
7845,0.7848,24,52,24,644636,31808,108333,17923,0.251932581421873,0.3603989463312622
7846,0.7849,20,34,20,644670,31774,108353,17903,0.2516632872893169,0.36038810717233327
7847,0.785,10,56,10,644726,31718,108363,17893,0.25121974401216574,0.3606659813347846
7848,0.7851,25,58,25,644784,31660,108388,17868,0.2507603599036877,0.3607656275238249
7849,0.7852,18,34,18,644818,31626,108406,17850,0.25049106577113167,0.3607809847198642
7850,0.7853,12,32,12,644850,31594,108418,17838,0.2502376124699024,0.36085936235636834
7851,0.7854,19,35,19,644885,31559,108437,17819,0.24996039792168293,0.3608692130098424
7852,0.7855,8,27,8,644912,31532,108445,17811,0.24974654669877075,0.3609630545366111
7853,0.7856,13,38,13,644950,31494,108458,17798,0.249445570903561,0.3610727907165463
7854,0.7857,26,71,26,645021,31423,108484,17772,0.24888322139145863,0.36125622522614087
7855,0.7858,11,30,11,645051,31393,108495,17761,0.2486456089215562,0.3613337673434512
7856,0.7859,14,20,14,645071,31373,108509,17747,0.2484872006082879,0.36129885993485344
7857,0.786,24,31,24,645102,31342,108533,17723,0.24824166772272208,0.3612147151737491
7858,0.7861,8,31,8,645133,31311,108541,17715,0.24799613483715624,0.36133888140986414
7859,0.7862,21,57,21,645190,31254,108562,17694,0.24754467114434164,0.36148565824957096
7860,0.7863,13,27,13,645217,31227,108575,17681,0.24733081992142947,0.3615154984869551
7861,0.7864,20,59,20,645276,31168,108595,17661,0.24686351539728804,0.36169079850089086
7862,0.7865,20,35,20,645311,31133,108615,17641,0.24658630084906855,0.3616886045844097
7863,0.7866,20,34,20,645345,31099,108635,17621,0.2463170067165125,0.3616789819376026
7864,0.7867,19,54,19,645399,31045,108654,17602,0.2458893042706881,0.3618311509445598
7865,0.7868,15,44,15,645443,31001,108669,17587,0.2455408059814979,0.36196180126780275
7866,0.7869,13,29,13,645472,30972,108682,17574,0.2453111139272589,0.36200716845878134
7867,0.787,8,10,8,645482,30962,108690,17566,0.24523190977062476,0.3619765908341576
7868,0.7871,14,36,14,645518,30926,108704,17552,0.24494677480674185,0.3620611411361855
7869,0.7872,14,31,14,645549,30895,108718,17538,0.244701241921176,0.36210847975553856
7870,0.7873,13,23,13,645572,30872,108731,17525,0.2445190723609175,0.3621092216459698
7871,0.7874,11,45,11,645617,30827,108742,17514,0.24416265365606388,0.36230115223102544
7872,0.7875,11,48,11,645665,30779,108753,17503,0.24378247370422,0.36251605153059113
7873,0.7876,20,40,20,645705,30739,108773,17483,0.24346565707768344,0.36255236199245156
7874,0.7877,10,39,10,645744,30700,108783,17473,0.2431567608668103,0.36271355323521476
7875,0.7878,36,44,36,645788,30656,108819,17437,0.24280826257762006,0.3625683571413719
7876,0.7879,3,28,3,645816,30628,108822,17434,0.24258649093904447,0.36273979443219173
7877,0.788,4,28,4,645844,30600,108826,17430,0.24236471930046888,0.36289818863210493
7878,0.7881,20,30,20,645874,30570,108846,17410,0.24212710683056646,0.36285952480200084
7879,0.7882,15,34,15,645908,30536,108861,17395,0.2418578126980104,0.3629175272787966
7880,0.7883,14,55,14,645963,30481,108875,17381,0.2414221898365226,0.363148217792821
7881,0.7884,15,36,15,645999,30445,108890,17366,0.24113705487263973,0.3632218527117191
7882,0.7885,23,27,23,646026,30418,108913,17343,0.24092320364972752,0.36312053767718433
7883,0.7886,16,36,16,646062,30382,108929,17327,0.24063806868584464,0.3631809511832149
7884,0.7887,19,35,19,646097,30347,108948,17308,0.24036085413762515,0.3631937886895394
7885,0.7888,15,28,15,646125,30319,108963,17293,0.24013908249904956,0.36320675459968077
7886,0.7889,14,30,14,646155,30289,108977,17279,0.23990147002914713,0.3632484022872519
7887,0.789,15,32,15,646187,30257,108992,17264,0.23964801672791788,0.36329201826560886
7888,0.7891,14,55,14,646242,30202,109006,17250,0.23921239386643012,0.36352524656494983
7889,0.7892,11,23,11,646265,30179,109017,17239,0.2390302243061716,0.36355392466995656
7890,0.7893,18,62,18,646327,30117,109035,17221,0.23853915853503993,0.3637880772318222
7891,0.7894,12,41,12,646368,30076,109047,17209,0.23821442149283995,0.36394205350534
7892,0.7895,9,28,9,646396,30048,109056,17200,0.23799264985426435,0.36403657297663394
7893,0.7896,18,57,18,646453,29991,109074,17182,0.23754118616144976,0.36423377779662097
7894,0.7897,18,39,18,646492,29952,109092,17164,0.2372322899505766,0.3642923847525257
7895,0.7898,9,23,9,646515,29929,109101,17155,0.2370501203903181,0.364348823379492
7896,0.7899,13,27,13,646542,29902,109114,17142,0.2368362691674059,0.36438228041833176
7897,0.79,22,28,22,646570,29874,109136,17120,0.23661449752883032,0.36430182576499126
7898,0.7901,25,39,25,646609,29835,109161,17095,0.23630560131795716,0.36426592797783935
7899,0.7902,16,62,16,646671,29773,109177,17079,0.2358145355468255,0.36453086314351574
7900,0.7903,10,33,10,646704,29740,109187,17069,0.23555316182993283,0.3646520968189878
7901,0.7904,11,24,11,646728,29716,109198,17058,0.2353630718540109,0.36468978492324794
7902,0.7905,10,52,10,646780,29664,109208,17048,0.23495121023951338,0.3649597533824285
7903,0.7906,11,27,11,646807,29637,109219,17037,0.2347373590166012,0.3650212109525646
7904,0.7907,16,41,16,646848,29596,109235,17021,0.23441262197440121,0.3651243108737156
7905,0.7908,19,29,19,646877,29567,109254,17002,0.2341829299201622,0.36509265820610276
7906,0.7909,7,32,7,646909,29535,109261,16995,0.23392947661893296,0.36524822695035464
7907,0.791,19,43,19,646952,29492,109280,16976,0.23358889874540617,0.3653266764224843
7908,0.7911,8,24,8,646976,29468,109288,16968,0.2333988087694842,0.3654061504005513
7909,0.7912,8,43,8,647019,29425,109296,16960,0.23305823089595742,0.365635442492185
7910,0.7913,16,44,16,647063,29381,109312,16944,0.2327097326067672,0.36576362655153805
7911,0.7914,15,43,15,647106,29338,109327,16929,0.2323691547332404,0.365897940216569
7912,0.7915,3,27,3,647133,29311,109330,16926,0.23215530351032823,0.36607046304907326
7913,0.7916,11,28,11,647161,29283,109341,16915,0.23193353187175264,0.3661413914022252
7914,0.7917,12,33,12,647194,29250,109353,16903,0.23167215815485998,0.3662383810369857
7915,0.7918,11,33,11,647227,29217,109364,16892,0.2314107844379673,0.36634930273916155
7916,0.7919,14,37,14,647264,29180,109378,16878,0.23111772905842098,0.3664509965695428
7917,0.792,19,29,19,647293,29151,109397,16859,0.23088803700418198,0.3664203434036079
7918,0.7921,24,50,24,647343,29101,109421,16835,0.2304920162210113,0.3664881574364333
7919,0.7922,16,39,16,647382,29062,109437,16819,0.23018312001013813,0.36657875809158474
7920,0.7923,5,21,5,647403,29041,109442,16814,0.23001679128120645,0.36667757060298767
7921,0.7924,8,21,8,647424,29020,109450,16806,0.22985046255227473,0.3667350412429625
7922,0.7925,21,30,21,647454,28990,109471,16785,0.2296128500823723,0.36668487165483343
7923,0.7926,8,22,8,647476,28968,109479,16777,0.2294386009377772,0.3667504645316428
7924,0.7927,13,37,13,647513,28931,109492,16764,0.22914554555823088,0.36686727213043
7925,0.7928,17,24,17,647537,28907,109509,16747,0.22895545558230895,0.36682437464406187
7926,0.7929,8,40,8,647577,28867,109517,16739,0.2286386389557724,0.3670350392492216
7927,0.793,18,52,18,647629,28815,109535,16721,0.22822677734127486,0.36720397048489106
7928,0.7931,17,36,17,647665,28779,109552,16704,0.22794164237739198,0.3672580964316338
7929,0.7932,10,23,10,647688,28756,109562,16694,0.22775947281713343,0.3673047304730473
7930,0.7933,13,43,13,647731,28713,109575,16681,0.22741889494360665,0.36747147200070496
7931,0.7934,8,20,8,647751,28693,109583,16673,0.22726048663033835,0.3675219327249482
7932,0.7935,13,42,13,647793,28651,109596,16660,0.22692782917247498,0.36768113703074307
7933,0.7936,19,32,19,647825,28619,109615,16641,0.22667437587124573,0.3676756517896597
7934,0.7937,20,30,20,647855,28589,109635,16621,0.2264367634013433,0.367639902676399
7935,0.7938,6,22,6,647877,28567,109641,16615,0.2262625142567482,0.36773493869239965
7936,0.7939,16,19,16,647896,28548,109657,16599,0.22611202635914332,0.36766562562296495
7937,0.794,11,38,11,647934,28510,109668,16588,0.2258110505639336,0.3678211894097299
7938,0.7941,6,28,6,647962,28482,109674,16582,0.22558927892535802,0.3679655600923132
7939,0.7942,15,27,15,647989,28455,109689,16567,0.2253754277024458,0.3679756563457865
7940,0.7943,9,21,9,648010,28434,109698,16558,0.22520909897351413,0.3680209815078236
7941,0.7944,12,37,12,648047,28397,109710,16546,0.2249160435939678,0.3681552188327437
7942,0.7945,10,35,10,648082,28362,109720,16536,0.22463882904574833,0.36830148336228785
7943,0.7946,18,24,18,648106,28338,109738,16518,0.22444873906982638,0.3682450508293205
7944,0.7947,5,35,5,648141,28303,109743,16513,0.2241715245216069,0.368462156372724
7945,0.7948,20,51,20,648192,28252,109763,16493,0.22376758332277277,0.36859984355793945
7946,0.7949,11,16,11,648208,28236,109774,16482,0.22364085667215816,0.36857641218301357
7947,0.795,10,30,10,648238,28206,109784,16472,0.22340324420225574,0.36868257307847263
7948,0.7951,18,60,18,648298,28146,109802,16454,0.2229280192624509,0.3689237668161435
7949,0.7952,11,37,11,648335,28109,109813,16443,0.22263496388290457,0.3690743400969653
7950,0.7953,14,26,14,648361,28083,109827,16429,0.2224290330756558,0.3690914809489576
7951,0.7954,12,26,12,648387,28057,109839,16417,0.22222310226840705,0.3691370238791204
7952,0.7955,11,24,11,648411,28033,109850,16406,0.22203301229248512,0.36918022457751076
7953,0.7956,13,35,13,648446,27998,109863,16393,0.22175579774426563,0.3692865670969341
7954,0.7957,20,37,20,648483,27961,109883,16373,0.2214627423647193,0.3693102359363017
7955,0.7958,14,39,14,648522,27922,109897,16359,0.22115384615384615,0.36943610126239246
7956,0.7959,18,49,18,648571,27873,109915,16341,0.22076574578633887,0.36958881802144117
7957,0.796,16,40,16,648611,27833,109931,16325,0.2204489291598023,0.36969518547035646
7958,0.7961,6,27,6,648638,27806,109937,16319,0.22023507793689012,0.3698356940509915
7959,0.7962,18,49,18,648687,27757,109955,16301,0.21984697756938285,0.36998955921739524
7960,0.7963,22,40,22,648727,27717,109977,16279,0.21953016094284628,0.3700109100827348
7961,0.7964,15,34,15,648761,27683,109992,16264,0.2192608668102902,0.37008214440121057
7962,0.7965,17,37,17,648798,27646,110009,16247,0.2189678114307439,0.37015013783519013
7963,0.7966,18,49,18,648847,27597,110027,16229,0.2185797110632366,0.3703052982247981
7964,0.7967,14,43,14,648890,27554,110041,16215,0.2182391331897098,0.37046768260641094
7965,0.7968,14,39,14,648929,27515,110055,16201,0.21793023697883665,0.3705965779119773
7966,0.7969,25,35,25,648964,27480,110080,16176,0.21765302243061715,0.37053326003298515
7967,0.797,21,41,21,649005,27439,110101,16155,0.2173282853884172,0.3705785199798137
7968,0.7971,11,35,11,649040,27404,110112,16144,0.2170510708401977,0.37071736933957933
7969,0.7972,8,26,8,649066,27378,110120,16136,0.21684514003294894,0.37082318334329184
7970,0.7973,11,37,11,649103,27341,110131,16125,0.21655208465340262,0.370979616251783
7971,0.7974,27,54,27,649157,27287,110158,16098,0.21612438220757826,0.37104990203987553
7972,0.7975,13,38,13,649195,27249,110171,16085,0.21582340641236852,0.37118659712927493
7973,0.7976,9,32,9,649227,27217,110180,16076,0.21556995311113927,0.3713302381447347
7974,0.7977,14,33,14,649260,27184,110194,16062,0.2153085793942466,0.37141007260787123
7975,0.7978,20,44,20,649304,27140,110214,16042,0.2149600811050564,0.37149738316891295
7976,0.7979,13,41,13,649345,27099,110227,16029,0.21463534406285642,0.371661101836394
7977,0.798,11,28,11,649373,27071,110238,16018,0.21441357242428083,0.37174220798811763
7978,0.7981,11,43,11,649416,27028,110249,16007,0.21407299455075401,0.371953061461601
7979,0.7982,15,37,15,649453,26991,110264,15992,0.21377993917120772,0.3720540678873043
7980,0.7983,26,39,26,649492,26952,110290,15966,0.21347104296033456,0.3720117433244792
7981,0.7984,14,38,14,649530,26914,110304,15952,0.21317006716512482,0.3721364251388046
7982,0.7985,16,41,16,649571,26873,110320,15936,0.21284533012292486,0.372258170010979
7983,0.7986,16,32,16,649603,26841,110336,15920,0.2125918768216956,0.37230186384789876
7984,0.7987,20,54,20,649657,26787,110356,15900,0.21216417437587123,0.3724787406001827
7985,0.7988,18,54,18,649711,26733,110374,15882,0.21173647193004688,0.3726856740584301
7986,0.7989,11,24,11,649735,26709,110385,15871,0.21154638195412495,0.3727336777829967
7987,0.799,18,30,18,649765,26679,110403,15853,0.21130876948422253,0.37273112009780873
7988,0.7991,22,33,22,649798,26646,110425,15831,0.21104739576732987,0.37269581185111944
7989,0.7992,17,54,17,649852,26592,110442,15814,0.2106196933215055,0.3729189265669952
7990,0.7993,20,38,20,649890,26554,110462,15794,0.21031871752629577,0.3729574005856239
7991,0.7994,18,25,18,649915,26529,110480,15776,0.21012070713471043,0.37291100342749084
7992,0.7995,8,17,8,649932,26512,110488,15768,0.2099860600684324,0.3729422894985809
7993,0.7996,7,23,7,649955,26489,110495,15761,0.20980389050817386,0.3730414201183432
7994,0.7997,9,43,9,649998,26446,110504,15752,0.20946331263464707,0.3732878335466136
7995,0.7998,24,47,24,650045,26399,110528,15728,0.2090910530984666,0.37334725947729486
7996,0.7999,20,32,20,650077,26367,110548,15708,0.20883759979723737,0.37333333333333335
7997,0.8,19,43,19,650120,26324,110567,15689,0.20849702192371056,0.3734320329421846
7998,0.8001,17,33,17,650153,26291,110584,15672,0.2082356482068179,0.3734718680742559
7999,0.8002,8,19,8,650172,26272,110592,15664,0.20808516030921304,0.3735215566577642
8000,0.8003,10,12,10,650184,26260,110602,15654,0.20799011532125206,0.37347902848690173
8001,0.8004,7,15,7,650199,26245,110609,15647,0.20787130908630086,0.3735080683662752
8002,0.8005,14,26,14,650225,26219,110623,15633,0.20766537827905207,0.3735305361750932
8003,0.8006,16,29,16,650254,26190,110639,15617,0.20743568622481307,0.37354988399071926
8004,0.8007,14,23,14,650277,26167,110653,15603,0.20725351666455455,0.37354560689490063
8005,0.8008,9,18,9,650295,26149,110662,15594,0.2071109491826131,0.37357161679802603
8006,0.8009,19,38,19,650333,26111,110681,15575,0.20680997338740337,0.37362663724032047
8007,0.801,10,24,10,650357,26087,110691,15565,0.20661988341148144,0.3736915394218765
8008,0.8011,10,34,10,650391,26053,110701,15555,0.20635058927892536,0.37384637569698137
8009,0.8012,11,19,11,650410,26034,110712,15544,0.2062001013813205,0.3738515561114051
8010,0.8013,11,40,11,650450,25994,110723,15533,0.20588328475478393,0.37404580152671757
8011,0.8014,15,31,15,650481,25963,110738,15518,0.2056377518692181,0.3740989850775054
8012,0.8015,13,30,13,650511,25933,110751,15505,0.20540013939931567,0.37417346397026885
8013,0.8016,14,41,14,650552,25892,110765,15491,0.2050754023571157,0.3743324553560641
8014,0.8017,15,28,15,650580,25864,110780,15476,0.2048536307185401,0.37435897435897436
8015,0.8018,12,24,12,650604,25840,110792,15464,0.20466354074261817,0.37439473174510945
8016,0.8019,18,45,18,650649,25795,110810,15446,0.20430712203776455,0.3745302005286002
8017,0.802,20,24,20,650673,25771,110830,15426,0.20411703206184262,0.3744447411219263
8018,0.8021,14,13,14,650686,25758,110844,15412,0.20401406665821822,0.37435025504007774
8019,0.8022,9,24,9,650710,25734,110853,15403,0.2038239766822963,0.3744317767459951
8020,0.8023,21,35,21,650745,25699,110874,15382,0.2035467621340768,0.37443100216645164
8021,0.8024,16,29,16,650774,25670,110890,15366,0.2033170700798378,0.3744517009455113
8022,0.8025,12,40,12,650814,25630,110902,15354,0.20300025345330122,0.3746340035135663
8023,0.8026,10,20,10,650834,25610,110912,15344,0.20284184514003295,0.3746642574595888
8024,0.8027,37,70,37,650904,25540,110949,15307,0.20228741604359396,0.3747398829779421
8025,0.8028,9,32,9,650936,25508,110958,15298,0.2020339627423647,0.3748958486497084
8026,0.8029,16,34,16,650970,25474,110974,15282,0.20176466860980866,0.3749631956031014
8027,0.803,10,31,10,651001,25443,110984,15272,0.20151913572424282,0.37509517376888124
8028,0.8031,14,22,14,651023,25421,110998,15258,0.2013448865796477,0.37508296664126456
8029,0.8032,8,21,8,651044,25400,111006,15250,0.201178557850716,0.3751537515375154
8030,0.8033,20,35,20,651079,25365,111026,15230,0.2009013433024965,0.375169355831999
8031,0.8034,11,25,11,651104,25340,111037,15219,0.20070333291091116,0.3752311447520896
8032,0.8035,13,38,13,651142,25302,111050,15206,0.20040235711570142,0.3753826404660808
8033,0.8036,10,48,10,651190,25254,111060,15196,0.20002217716385756,0.3756736711990111
8034,0.8037,12,14,12,651204,25240,111072,15184,0.19991129134456975,0.37561844448842274
8035,0.8038,17,23,17,651227,25217,111089,15167,0.19972912178431124,0.3755695324881141
8036,0.8039,20,43,20,651270,25174,111109,15147,0.19938854391078445,0.37566032588477466
8037,0.804,9,18,9,651288,25156,111118,15138,0.19924597642884298,0.37568868814215517
8038,0.8041,13,35,13,651323,25121,111131,15125,0.19896876188062348,0.37581374546538787
8039,0.8042,14,32,14,651355,25089,111145,15111,0.19871530857939423,0.3758955223880597
8040,0.8043,22,55,22,651410,25034,111167,15089,0.19827968571790647,0.3760685890885527
8041,0.8044,18,30,18,651440,25004,111185,15071,0.19804207324800405,0.37606986899563316
8042,0.8045,13,28,13,651468,24976,111198,15058,0.19782030160942846,0.376130289254134
8043,0.8046,12,15,12,651483,24961,111210,15046,0.19770149537447726,0.3760841852675782
8044,0.8047,15,22,15,651505,24939,111225,15031,0.19752724622988213,0.37605704278208657
8045,0.8048,10,20,10,651525,24919,111235,15021,0.19736883791661386,0.3760891337005508
8046,0.8049,20,46,20,651571,24873,111255,15001,0.19700449879609683,0.3762100616943372
8047,0.805,18,43,18,651614,24830,111273,14983,0.19666392092257,0.37633436314771557
8048,0.8051,5,12,5,651626,24818,111278,14978,0.19656887593460906,0.3763694843702885
8049,0.8052,9,25,9,651651,24793,111287,14969,0.1963708655430237,0.37646496655097833
8050,0.8053,13,28,13,651679,24765,111300,14956,0.1961490939044481,0.37652627073840034
8051,0.8054,10,9,10,651688,24756,111310,14946,0.1960778101634774,0.3764545866706967
8052,0.8055,18,34,18,651722,24722,111328,14928,0.1958085160309213,0.37649432534678434
8053,0.8056,29,48,29,651770,24674,111357,14899,0.19542833607907742,0.3764940742425391
8054,0.8057,2,9,2,651779,24665,111359,14897,0.1953570523381067,0.37654820282088874
8055,0.8058,23,46,23,651825,24619,111382,14874,0.19499271321758965,0.3766237054667916
8056,0.8059,14,26,14,651851,24593,111396,14860,0.1947867824103409,0.37665069829924214
8057,0.806,13,31,13,651882,24562,111409,14847,0.19454124952477506,0.3767413534979319
8058,0.8061,20,34,20,651916,24528,111429,14827,0.19427195539221898,0.3767500952864947
8059,0.8062,12,32,12,651948,24496,111441,14815,0.19401850209098973,0.3768665259087787
8060,0.8063,10,21,10,651969,24475,111451,14805,0.19385217336205804,0.3769093686354379
8061,0.8064,17,44,17,652013,24431,111468,14788,0.19350367507286784,0.37706213824931795
8062,0.8065,8,22,8,652035,24409,111476,14780,0.1933294259282727,0.37714664829416417
8063,0.8066,12,26,12,652061,24383,111488,14768,0.19312349512102395,0.377206201629588
8064,0.8067,9,18,9,652079,24365,111497,14759,0.1929809276390825,0.3772364788876393
8065,0.8068,14,32,14,652111,24333,111511,14745,0.19272747433785326,0.3773222785198833
8066,0.8069,11,21,11,652132,24312,111522,14734,0.19256114560892157,0.3773497925523741
8067,0.807,12,14,12,652146,24298,111534,14722,0.19245025978963376,0.3772936955407483
8068,0.8071,12,46,12,652192,24252,111546,14710,0.19208592066911673,0.3775473538319388
8069,0.8072,8,29,8,652221,24223,111554,14702,0.19185622861487772,0.3777007064868337
8070,0.8073,12,21,12,652242,24202,111566,14690,0.191689899885946,0.3777126401316466
8071,0.8074,19,18,19,652260,24184,111585,14671,0.19154733240400457,0.37758332260970273
8072,0.8075,3,16,3,652276,24168,111588,14668,0.19142060575338993,0.3776908023483366
8073,0.8076,39,49,39,652325,24119,111627,14629,0.19103250538588265,0.3775420666873129
8074,0.8077,12,26,12,652351,24093,111639,14617,0.1908265745786339,0.377602686644278
8075,0.8078,14,29,14,652380,24064,111653,14603,0.19059688252439488,0.3776605374091603
8076,0.8079,9,11,9,652391,24053,111662,14594,0.19050975795209732,0.377623101405025
8077,0.808,15,42,15,652433,24011,111677,14579,0.19017710049423395,0.37779217413837785
8078,0.8081,13,21,13,652454,23990,111690,14566,0.19001077176530223,0.3777881522979562
8079,0.8082,14,19,14,652473,23971,111704,14552,0.18986028386769738,0.3777483581237183
8080,0.8083,13,15,13,652488,23956,111717,14539,0.18974147763274615,0.3776854136900896
8081,0.8084,6,23,6,652511,23933,111723,14533,0.18955930807248764,0.3778141735558675
8082,0.8085,15,25,15,652536,23908,111738,14518,0.1893612976809023,0.37781710300317495
8083,0.8086,16,31,16,652567,23877,111754,14502,0.18911576479533646,0.37786289377003046
8084,0.8087,12,30,12,652597,23847,111766,14490,0.18887815232543403,0.37796384693638
8085,0.8088,12,24,12,652621,23823,111778,14478,0.1886880623495121,0.3780057961933109
8086,0.8089,7,11,7,652632,23812,111785,14471,0.18860093777721454,0.3780006791526265
8087,0.809,8,25,8,652657,23787,111793,14463,0.1884029273856292,0.3781176470588235
8088,0.8091,14,33,14,652690,23754,111807,14449,0.18814155366873653,0.37821637044211187
8089,0.8092,8,43,8,652733,23711,111815,14441,0.18780097579520974,0.37851226672258337
8090,0.8093,3,24,3,652757,23687,111818,14438,0.1876108858192878,0.3787016393442623
8091,0.8094,6,13,6,652770,23674,111824,14432,0.18750792041566341,0.3787330079252611
8092,0.8095,7,23,7,652793,23651,111831,14425,0.1873257508554049,0.37884756802185104
8093,0.8096,24,55,24,652848,23596,111855,14401,0.18689012799391713,0.37900360554780643
8094,0.8097,9,23,9,652871,23573,111864,14392,0.1867079584336586,0.3790860002634005
8095,0.8098,7,27,7,652898,23546,111871,14385,0.1864941072107464,0.3792412538556853
8096,0.8099,4,22,4,652920,23524,111875,14381,0.1863198580661513,0.3793958580662182
8097,0.81,11,35,11,652955,23489,111886,14370,0.18604264351793182,0.3795662854275073
8098,0.8101,12,26,12,652981,23463,111898,14358,0.18583671271068306,0.3796303640834457
8099,0.8102,10,40,10,653021,23423,111908,14348,0.18551989608414649,0.3798681528156522
8100,0.8103,15,35,15,653056,23388,111923,14333,0.18524268153592702,0.3799740197767822
8101,0.8104,19,28,19,653084,23360,111942,14314,0.18502090989735143,0.3799437277698147
8102,0.8105,8,23,8,653107,23337,111950,14306,0.18483874033709288,0.38004409850437
8103,0.8106,12,25,12,653132,23312,111962,14294,0.18464072994550754,0.38009892038504495
8104,0.8107,11,21,11,653153,23291,111973,14283,0.18447440121657585,0.38012987704263584
8105,0.8108,7,25,7,653178,23266,111980,14276,0.1842763908249905,0.38026743380746897
8106,0.8109,9,15,9,653193,23251,111989,14267,0.18415758459003928,0.38027080334772645
8107,0.811,10,28,10,653221,23223,111999,14257,0.1839358129514637,0.3803895410885806
8108,0.8111,14,25,14,653246,23198,112013,14243,0.18373780255987834,0.380411847974146
8109,0.8112,13,46,13,653292,23152,112026,14230,0.18337346343936128,0.3806644909314643
8110,0.8113,16,40,16,653332,23112,112042,14214,0.18305664681282474,0.3808069442211863
8111,0.8114,12,26,12,653358,23086,112054,14202,0.18285071600557598,0.3808732031752843
8112,0.8115,10,21,10,653379,23065,112064,14192,0.18268438727664427,0.38092170598813646
8113,0.8116,11,37,11,653416,23028,112075,14181,0.18239133189709797,0.3811174715794566
8114,0.8117,9,31,9,653447,22997,112084,14172,0.18214579901153213,0.38128547983534666
8115,0.8118,6,19,6,653466,22978,112090,14166,0.18199531111392725,0.3813805729054491
8116,0.8119,10,27,10,653493,22951,112100,14156,0.18178145989101507,0.3814913628156413
8117,0.812,13,26,13,653519,22925,112113,14143,0.1815755290837663,0.3815420308621992
8118,0.8121,14,50,14,653569,22875,112127,14129,0.18117950830059562,0.38182358663928223
8119,0.8122,13,19,13,653588,22856,112140,14116,0.18102902040299074,0.38180244509358435
8120,0.8123,10,19,10,653607,22837,112150,14106,0.18087853250538588,0.3818314701025905
8121,0.8124,10,25,10,653632,22812,112160,14096,0.18068052211380053,0.38192261840251435
8122,0.8125,7,18,7,653650,22794,112167,14089,0.1805379546318591,0.381991703494835
8123,0.8126,8,36,8,653686,22758,112175,14081,0.18025281966797618,0.382230788023562
8124,0.8127,14,16,14,653702,22742,112189,14067,0.18012609301736154,0.38216197125702955
8125,0.8128,7,21,7,653723,22721,112196,14060,0.17995976428842986,0.38226258122400153
8126,0.8129,11,22,11,653745,22699,112207,14049,0.17978551514383476,0.3823065200827256
8127,0.813,12,35,12,653780,22664,112219,14037,0.17950830059561526,0.3824691425301763
8128,0.8131,5,22,5,653802,22642,112224,14032,0.17933405145102016,0.38261438621366634
8129,0.8132,16,33,16,653835,22609,112240,14016,0.1790726777341275,0.38268941979522186
8130,0.8133,18,39,18,653874,22570,112258,13998,0.17876378152325434,0.3827936994093196
8131,0.8134,21,44,21,653918,22526,112279,13977,0.17841528323406414,0.3829000356135112
8132,0.8135,16,20,16,653938,22506,112295,13961,0.17825687492079584,0.382839279348452
8133,0.8136,17,17,17,653955,22489,112312,13944,0.1781222278545178,0.38272994263442484
8134,0.8137,17,40,17,653995,22449,112329,13927,0.17780541122798124,0.382862326808885
8135,0.8138,31,70,31,654065,22379,112360,13896,0.17725098213154225,0.3830737422467264
8136,0.8139,19,25,19,654090,22354,112379,13877,0.1770529717399569,0.38301454555491155
8137,0.814,18,23,18,654113,22331,112397,13859,0.1768708021796984,0.3829510914617298
8138,0.8141,16,33,16,654146,22298,112413,13843,0.17660942846280572,0.38302758639772005
8139,0.8142,11,23,11,654169,22275,112424,13832,0.1764272589025472,0.3830836125958955
8140,0.8143,6,21,6,654190,22254,112430,13826,0.17626093017361552,0.3832039911308204
8141,0.8144,9,23,9,654213,22231,112439,13817,0.17607876061335698,0.38329449622725253
8142,0.8145,6,18,6,654231,22213,112445,13811,0.17593619313141554,0.38338330002220744
8143,0.8146,11,22,11,654253,22191,112456,13800,0.17576194398682043,0.38342919063099107
8144,0.8147,22,52,22,654305,22139,112478,13778,0.1753500823723229,0.3836066486621934
8145,0.8148,16,24,16,654329,22115,112494,13762,0.17515999239640095,0.38358837137999274
8146,0.8149,12,26,12,654355,22089,112506,13750,0.1749540615891522,0.3836602583777449
8147,0.815,15,24,15,654379,22065,112521,13735,0.17476397161323026,0.38365921787709495
8148,0.8151,14,24,14,654403,22041,112535,13721,0.17457388163730833,0.38367540965270397
8149,0.8152,15,25,15,654428,22016,112550,13706,0.17437587124572299,0.38368512401321314
8150,0.8153,12,36,12,654464,21980,112562,13694,0.17409073628184007,0.3838649997196838
8151,0.8154,16,44,16,654508,21936,112578,13678,0.17374223799264985,0.3840624473521649
8152,0.8155,21,29,21,654537,21907,112599,13657,0.17351254593841084,0.384011922168485
8153,0.8156,12,25,12,654562,21882,112611,13645,0.1733145355468255,0.38407408449911334
8154,0.8157,12,34,12,654596,21848,112623,13633,0.1730452414142694,0.3842338152814182
8155,0.8158,17,41,17,654637,21807,112640,13616,0.17272050437206946,0.3843830279761737
8156,0.8159,8,13,8,654650,21794,112648,13608,0.17261753896844506,0.3843850629907915
8157,0.816,15,24,15,654674,21770,112663,13593,0.17242744899252313,0.38438480898113847
8158,0.8161,11,30,11,654704,21740,112674,13582,0.1721898365226207,0.3845195628786592
8159,0.8162,22,53,22,654757,21687,112696,13560,0.17177005449245977,0.38471359264618266
8160,0.8163,15,32,15,654789,21655,112711,13545,0.17151660119123052,0.3848011363636364
8161,0.8164,12,40,12,654829,21615,112723,13533,0.17119978456469395,0.38502902014339363
8162,0.8165,19,35,19,654864,21580,112742,13514,0.17092257001647446,0.38508007066735056
8163,0.8166,22,42,22,654906,21538,112764,13492,0.17058991255861108,0.3851555809306309
8164,0.8167,11,25,11,654931,21513,112775,13481,0.17039190216702574,0.38523746928044805
8165,0.8168,7,22,7,654953,21491,112782,13474,0.1702176530224306,0.38535678535678536
8166,0.8169,23,33,23,654986,21458,112805,13451,0.16995627930553794,0.3853161075940302
8167,0.817,16,26,16,655012,21432,112821,13435,0.16975034849828918,0.38532136404049677
8168,0.8171,7,21,7,655033,21411,112828,13428,0.1695840197693575,0.38543012141565486
8169,0.8172,16,34,16,655067,21377,112844,13412,0.16931472563680142,0.38552415993561184
8170,0.8173,21,46,21,655113,21331,112865,13391,0.16895038651628438,0.38566326824491676
8171,0.8174,9,13,9,655126,21318,112874,13382,0.16884742111266,0.38564841498559077
8172,0.8175,15,34,15,655160,21284,112889,13367,0.1685781269801039,0.38576087270208653
8173,0.8176,11,31,11,655191,21253,112900,13356,0.16833259409453807,0.38591117917304746
8174,0.8177,32,43,32,655234,21210,112932,13324,0.1679920162210113,0.38582266751607114
8175,0.8178,14,23,14,655257,21187,112946,13310,0.16780984666075274,0.38583065194074845
8176,0.8179,11,18,11,655275,21169,112957,13299,0.1676672791788113,0.3858361378670071
8177,0.818,8,14,8,655289,21155,112965,13291,0.16755639335952352,0.3858503164373222
8178,0.8181,15,45,15,655334,21110,112980,13276,0.16719997465466988,0.3860873611353458
8179,0.8182,10,23,10,655357,21087,112990,13266,0.16701780509441136,0.3861671469740634
8180,0.8183,12,22,12,655379,21065,113002,13254,0.16684355594981626,0.386200064104432
8181,0.8184,21,47,21,655426,21018,113023,13233,0.16647129641363578,0.3863536831041429
8182,0.8185,8,32,8,655458,20986,113031,13225,0.16621784311240653,0.3865715705474847
8183,0.8186,23,30,23,655488,20956,113054,13202,0.1659802306425041,0.38649803852684583
8184,0.8187,22,26,22,655514,20930,113076,13180,0.16577429983525535,0.3863969510407505
8185,0.8188,15,48,15,655562,20882,113091,13165,0.1653941198834115,0.38667136605280933
8186,0.8189,13,22,13,655584,20860,113104,13152,0.16521987073881636,0.3866870516288369
8187,0.819,6,25,6,655609,20835,113110,13146,0.16502186034723101,0.38686324710867837
8188,0.8191,11,16,11,655625,20819,113121,13135,0.1648951336966164,0.3868469105260058
8189,0.8192,7,13,7,655638,20806,113128,13128,0.164792168292992,0.3868686273354158
8190,0.8193,12,19,12,655657,20787,113140,13116,0.16464168039538715,0.38686841872400674
8191,0.8194,12,20,12,655677,20767,113152,13104,0.16448327208211888,0.38687963154320804
8192,0.8195,8,7,8,655684,20760,113160,13096,0.16442782917247498,0.3868147448015123
8193,0.8196,11,19,11,655703,20741,113171,13085,0.1642773412748701,0.3868326139655886
8194,0.8197,13,24,13,655727,20717,113184,13072,0.16408725129894816,0.3868714670454882
8195,0.8198,2,12,2,655739,20705,113186,13070,0.1639922063109872,0.38697261287934864
8196,0.8199,13,19,13,655758,20686,113199,13057,0.16384171841338233,0.3869543312687076
8197,0.82,17,26,17,655784,20660,113216,13040,0.16363578760613356,0.38694362017804157
8198,0.8201,15,21,15,655805,20639,113231,13025,0.16346945887720188,0.38691183460076045
8199,0.8202,8,34,8,655839,20605,113239,13017,0.1632001647446458,0.3871572184878948
8200,0.8203,7,17,7,655856,20588,113246,13010,0.16306551767836777,0.3872254300851241
8201,0.8204,23,29,23,655885,20559,113269,12987,0.16283582562412877,0.3871400465033089
8202,0.8205,12,40,12,655925,20519,113281,12975,0.1625190089975922,0.3873828148325073
8203,0.8206,13,20,13,655945,20499,113294,12962,0.16236060068432392,0.38737634858491976
8204,0.8207,16,29,16,655974,20470,113310,12946,0.16213090863008492,0.38741920038305006
8205,0.8208,15,31,15,656005,20439,113325,12931,0.16188537574451908,0.3875037458795325
8206,0.8209,8,21,8,656026,20418,113333,12923,0.16171904701558737,0.38760085180408504
8207,0.821,11,33,11,656059,20385,113344,12912,0.1614576732986947,0.38778268312460584
8208,0.8211,17,23,17,656082,20362,113361,12895,0.1612755037384362,0.3877379198364254
8209,0.8212,14,26,14,656108,20336,113375,12881,0.16106957293118743,0.3877833639401511
8210,0.8213,13,41,13,656149,20295,113388,12868,0.16074483588898744,0.3880227964900642
8211,0.8214,16,16,16,656165,20279,113404,12852,0.16061810923837283,0.38791464187618846
8212,0.8215,13,27,13,656192,20252,113417,12839,0.16040425801546065,0.38799069233326283
8213,0.8216,16,35,16,656227,20217,113433,12823,0.16012704346724116,0.38810532687651333
8214,0.8217,8,22,8,656249,20195,113441,12815,0.15995279432264606,0.38821569221448043
8215,0.8218,5,36,5,656285,20159,113446,12810,0.15966765935876315,0.3885468167066032
8216,0.8219,10,25,10,656310,20134,113456,12800,0.1594696489671778,0.38865610007894574
8217,0.822,9,33,9,656343,20101,113465,12791,0.15920827525028514,0.3888787547123921
8218,0.8221,9,35,9,656378,20066,113474,12782,0.15893106070206564,0.389125669751583
8219,0.8222,11,31,11,656409,20035,113485,12771,0.1586855278164998,0.3892885447783942
8220,0.8223,15,20,15,656429,20015,113500,12756,0.15852711950323153,0.38924658997284184
8221,0.8224,23,30,23,656459,19985,113523,12733,0.1582895070333291,0.38917415489944374
8222,0.8225,21,38,21,656497,19947,113544,12712,0.15798853123811937,0.38923420802841485
8223,0.8226,5,7,5,656504,19940,113549,12707,0.15793308832847547,0.38922412472815265
8224,0.8227,10,17,10,656521,19923,113559,12697,0.15779844126219744,0.3892397302268547
8225,0.8228,7,29,7,656550,19894,113566,12690,0.15756874920795844,0.3894549472133563
8226,0.8229,11,29,11,656579,19865,113577,12679,0.15733905715371943,0.38959562438544737
8227,0.823,13,17,13,656596,19848,113590,12666,0.15720441008744138,0.3895552684997232
8228,0.8231,13,25,13,656621,19823,113603,12653,0.15700639969585603,0.3896107895060968
8229,0.8232,12,31,12,656652,19792,113615,12641,0.1567608668102902,0.3897573459131132
8230,0.8233,16,32,16,656684,19760,113631,12625,0.15650741350906094,0.3898409757603829
8231,0.8234,6,9,6,656693,19751,113637,12619,0.15643612976809024,0.38983626814952116
8232,0.8235,11,18,11,656711,19733,113648,12608,0.15629356228614877,0.38984570668810486
8233,0.8236,12,33,12,656744,19700,113660,12596,0.1560321885692561,0.3900173396086203
8234,0.8237,8,12,8,656756,19688,113668,12588,0.15593714358129515,0.39001115379848805
8235,0.8238,13,44,13,656800,19644,113681,12575,0.15558864529210492,0.39029765045470066
8236,0.8239,7,28,7,656828,19616,113688,12568,0.15536687365352933,0.39050459855828984
8237,0.824,13,32,13,656860,19584,113701,12555,0.15511342035230008,0.390646877625315
8238,0.8241,3,16,3,656876,19568,113704,12552,0.15498669370168547,0.39078455790784555
8239,0.8242,15,29,15,656905,19539,113719,12537,0.15475700164744646,0.39085297418630754
8240,0.8243,13,24,13,656929,19515,113732,12524,0.15456691167152453,0.39089859234058494
8241,0.8244,11,26,11,656955,19489,113743,12513,0.15436098086427577,0.39100681207424537
8242,0.8245,22,41,22,656996,19448,113765,12491,0.15403624382207579,0.39108926390932713
8243,0.8246,14,36,14,657032,19412,113779,12477,0.15375110885819288,0.39126344507510424
8244,0.8247,4,19,4,657051,19393,113783,12473,0.15360062096058802,0.3914203226008912
8245,0.8248,5,13,5,657064,19380,113788,12468,0.15349765555696362,0.3914845516201959
8246,0.8249,17,25,17,657089,19355,113805,12451,0.15329964516537828,0.391467018801484
8247,0.825,12,30,12,657119,19325,113817,12439,0.15306203269547586,0.3916068505226042
8248,0.8251,14,32,14,657151,19293,113831,12425,0.1528085793942466,0.3917334005927234
8249,0.8252,11,32,11,657183,19261,113842,12414,0.15255512609301736,0.3919179163378058
8250,0.8253,10,29,10,657212,19232,113852,12404,0.15232543403877835,0.39208496649386776
8251,0.8254,8,24,8,657236,19208,113860,12396,0.15213534406285642,0.39222883179344387
8252,0.8255,13,24,13,657260,19184,113873,12383,0.1519452540869345,0.3922767447017455
8253,0.8256,19,32,19,657292,19152,113892,12364,0.15169180078570524,0.39230866861276814
8254,0.8257,16,25,16,657317,19127,113908,12348,0.1514937903941199,0.39231135822081015
8255,0.8258,7,19,7,657336,19108,113915,12341,0.151343302496515,0.39241311329454037
8256,0.8259,8,13,8,657349,19095,113923,12333,0.15124033709289064,0.3924207712867507
8257,0.826,10,24,10,657373,19071,113933,12323,0.1510502471169687,0.3925272345034083
8258,0.8261,5,19,5,657392,19052,113938,12318,0.15089975921936383,0.3926681542875359
8259,0.8262,5,14,5,657406,19038,113943,12313,0.15078887340007605,0.3927466428503078
8260,0.8263,9,6,9,657412,19032,113952,12304,0.15074135090609556,0.392647434260914
8261,0.8264,7,23,7,657435,19009,113959,12297,0.15055918134583704,0.39280010221682743
8262,0.8265,13,22,13,657457,18987,113972,12284,0.1503849322012419,0.39282402225704327
8263,0.8266,16,40,16,657497,18947,113988,12268,0.15006811557470537,0.39301617811949385
8264,0.8267,14,36,14,657533,18911,114002,12254,0.14978298061082246,0.39319749719236324
8265,0.8268,15,27,15,657560,18884,114017,12239,0.14956912938791028,0.39324615236320404
8266,0.8269,13,26,13,657586,18858,114030,12226,0.14936319858066152,0.3933213228670699
8267,0.827,6,19,6,657605,18839,114036,12220,0.14921271068305664,0.3934447342155253
8268,0.8271,15,23,15,657628,18816,114051,12205,0.14903054112279812,0.39344315141355857
8269,0.8272,13,14,13,657642,18802,114064,12192,0.14891965530351034,0.3933664580241337
8270,0.8273,12,30,12,657672,18772,114076,12180,0.14868204283360792,0.3935125355388989
8271,0.8274,15,32,15,657704,18740,114091,12165,0.14842858953237867,0.39362562692121017
8272,0.8275,19,22,19,657726,18718,114110,12146,0.14825434038778354,0.3935329186106791
8273,0.8276,17,19,17,657745,18699,114127,12129,0.14810385249017868,0.39344102763721295
8274,0.8277,7,29,7,657774,18670,114134,12122,0.14787416043593968,0.39367368147570797
8275,0.8278,21,44,21,657818,18626,114155,12101,0.14752566214674945,0.39382302209782927
8276,0.8279,14,35,14,657853,18591,114169,12087,0.14724844759852998,0.3939956972423235
8277,0.828,9,20,9,657873,18571,114178,12078,0.14709003928526168,0.39407484746647525
8278,0.8281,12,32,12,657905,18539,114190,12066,0.14683658598403243,0.39424930566900834
8279,0.8282,12,30,12,657935,18509,114202,12054,0.14659897351413,0.39439845564898734
8280,0.8283,11,26,11,657961,18483,114213,12043,0.14639304270688125,0.3945161501670707
8281,0.8284,13,21,13,657982,18462,114226,12030,0.14622671397794956,0.39452971271153087
8282,0.8285,16,22,16,658004,18440,114242,12014,0.14605246483335446,0.39449661784987194
8283,0.8286,11,28,11,658032,18412,114253,12003,0.14583069319477887,0.39464080223573894
8284,0.8287,11,17,11,658049,18395,114264,11992,0.14569604612850082,0.39464244578273605
8285,0.8288,9,29,9,658078,18366,114273,11983,0.1454663540742618,0.39484002767801246
8286,0.8289,9,32,9,658110,18334,114282,11974,0.14521290077303256,0.39507720733799656
8287,0.829,10,23,10,658133,18311,114292,11964,0.14503073121277404,0.395177539223782
8288,0.8291,15,27,15,658160,18284,114307,11949,0.14481687998986187,0.3952303774021764
8289,0.8292,21,32,21,658192,18252,114328,11928,0.14456342668863262,0.3952286282306163
8290,0.8293,7,20,7,658212,18232,114335,11921,0.14440501837536435,0.39535037973004344
8291,0.8294,19,38,19,658250,18194,114354,11902,0.1441040425801546,0.39546783625730997
8292,0.8295,13,25,13,658275,18169,114367,11889,0.14390603218856926,0.3955352984230488
8293,0.8296,5,13,5,658288,18156,114372,11884,0.14380306678494487,0.39560585885486016
8294,0.8297,20,44,20,658332,18112,114392,11864,0.14345456849575466,0.39578329330130774
8295,0.8298,14,42,14,658374,18070,114406,11850,0.14312191103789126,0.3960561497326203
8296,0.8299,3,9,3,658383,18061,114409,11847,0.14305062729692053,0.3961147519058446
8297,0.83,14,30,14,658413,18031,114423,11833,0.1428130148270181,0.3962295740691133
8298,0.8301,16,29,16,658442,18002,114439,11817,0.1425833227727791,0.396290955431101
8299,0.8302,30,50,30,658492,17952,114469,11787,0.1421873019896084,0.3963482295974982
8300,0.8303,15,19,15,658511,17933,114484,11772,0.14203681409200355,0.3962969197104865
8301,0.8304,7,25,7,658536,17908,114491,11765,0.1418388037004182,0.39648839011896336
8302,0.8305,8,16,8,658552,17892,114499,11757,0.14171207704980357,0.3965395122938379
8303,0.8306,14,26,14,658578,17866,114513,11743,0.1415061462425548,0.39660238441014556
8304,0.8307,17,28,17,658606,17838,114530,11726,0.14128437460397922,0.3966310377486132
8305,0.8308,17,21,17,658627,17817,114547,11709,0.14111804587504753,0.3965657386710018
8306,0.8309,24,50,24,658677,17767,114571,11685,0.1407220250918768,0.3967472497623251
8307,0.831,5,13,5,658690,17754,114576,11680,0.14061905968825245,0.39682000407691786
8308,0.8311,3,5,3,658695,17749,114579,11677,0.14057945760993537,0.3968259362468565
8309,0.8312,8,16,8,658711,17733,114587,11669,0.14045273095932073,0.3968777634174546
8310,0.8313,4,10,4,658721,17723,114591,11665,0.1403735268026866,0.3969307200217776
8311,0.8314,18,45,18,658766,17678,114609,11647,0.14001710809783297,0.3971696504688832
8312,0.8315,10,26,10,658792,17652,114619,11637,0.1398111772905842,0.3973163986479566
8313,0.8316,8,20,8,658812,17632,114627,11629,0.13965276897731593,0.39742319127849357
8314,0.8317,14,20,14,658832,17612,114641,11615,0.13949436066404766,0.39740650768125363
8315,0.8318,13,22,13,658854,17590,114654,11602,0.13932011151945253,0.3974376541518224
8316,0.8319,4,15,4,658869,17575,114658,11598,0.13920130528450134,0.39755938710451444
8317,0.832,4,8,4,658877,17567,114662,11594,0.13913794195919402,0.3975858166729536
8318,0.8321,15,32,15,658909,17535,114677,11579,0.13888448865796477,0.39771244075015455
8319,0.8322,10,29,10,658938,17506,114687,11569,0.13865479660372576,0.3979019776440241
8320,0.8323,15,21,15,658959,17485,114702,11554,0.13848846787479407,0.39787871483177795
8321,0.8324,12,34,12,658993,17451,114714,11542,0.138219173742238,0.3980960921601766
8322,0.8325,11,36,11,659029,17415,114725,11531,0.13793403877835508,0.3983624680439439
8323,0.8326,16,38,16,659067,17377,114741,11515,0.13763306298314534,0.39855323272878307
8324,0.8327,13,37,13,659104,17340,114754,11502,0.13734000760359905,0.3987934262533805
8325,0.8328,15,22,15,659126,17318,114769,11487,0.13716575845900392,0.3987849331713244
8326,0.8329,13,23,13,659149,17295,114782,11474,0.1369835888987454,0.39883207619312455
8327,0.833,11,16,11,659165,17279,114793,11463,0.1368568622481308,0.3988240205970357
8328,0.8331,10,27,10,659192,17252,114803,11453,0.1366430110252186,0.3989897230447657
8329,0.8332,5,14,5,659206,17238,114808,11448,0.1365321252059308,0.3990796904413303
8330,0.8333,8,23,8,659229,17215,114816,11440,0.1363499556456723,0.39923224568138194
8331,0.8334,14,17,14,659246,17198,114830,11426,0.13621530857939423,0.3991755170486305
8332,0.8335,5,17,5,659263,17181,114835,11421,0.1360806615131162,0.39930774071743236
8333,0.8336,14,37,14,659300,17144,114849,11407,0.13578760613356988,0.3995306644250639
8334,0.8337,17,24,17,659324,17120,114866,11390,0.13559751615764795,0.3995089442300947
8335,0.8338,9,14,9,659338,17106,114875,11381,0.13548663033836017,0.3995155685049321
8336,0.8339,16,29,16,659367,17077,114891,11365,0.13525693828412116,0.39958512059630125
8337,0.834,6,18,6,659385,17059,114897,11359,0.1351143708021797,0.3997114504891266
8338,0.8341,16,19,16,659404,17040,114913,11343,0.13496388290457484,0.39964062995455024
8339,0.8342,19,31,19,659435,17009,114932,11324,0.134718350019009,0.3996752902975329
8340,0.8343,6,33,6,659468,16976,114938,11318,0.13445697630211634,0.40001413727292007
8341,0.8344,14,27,14,659495,16949,114952,11304,0.13424312507920416,0.400099104519874
8342,0.8345,16,34,16,659529,16915,114968,11288,0.13397383094664808,0.4002411091018686
8343,0.8346,6,22,6,659551,16893,114974,11282,0.13379958180205298,0.40042590949423246
8344,0.8347,7,24,7,659575,16869,114981,11275,0.13360949182613102,0.40061824900511656
8345,0.8348,12,24,12,659599,16845,114993,11263,0.1334194018502091,0.40070442578625304
8346,0.8349,6,14,6,659613,16831,114999,11257,0.1333085160309213,0.4007761321560809
8347,0.835,15,18,15,659631,16813,115014,11242,0.13316594854897984,0.40071288540367134
8348,0.8351,14,25,14,659656,16788,115028,11228,0.1329679381573945,0.40077098800685323
8349,0.8352,5,29,5,659685,16759,115033,11223,0.1327382461031555,0.40107926524194126
8350,0.8353,6,13,6,659698,16746,115039,11217,0.13263528069953112,0.4011372170367986
8351,0.8354,15,44,15,659742,16702,115054,11202,0.1322867824103409,0.4014478211009174
8352,0.8355,6,14,6,659756,16688,115060,11196,0.1321758965910531,0.40152058528188206
8353,0.8356,6,15,6,659771,16673,115066,11190,0.13205709035610189,0.4016078670638481
8354,0.8357,15,19,15,659790,16654,115081,11175,0.13190660245849703,0.4015595242373064
8355,0.8358,10,23,10,659813,16631,115091,11165,0.13172443289823849,0.4016765002158584
8356,0.8359,2,13,2,659826,16618,115093,11163,0.13162146749461412,0.4018213887189086
8357,0.836,8,15,8,659841,16603,115101,11155,0.1315026612596629,0.40186612868362276
8358,0.8361,11,23,11,659864,16580,115112,11144,0.13132049169940438,0.40196219881690953
8359,0.8362,14,22,14,659886,16558,115126,11130,0.13114624255480928,0.40197919676394106
8360,0.8363,12,13,12,659899,16545,115138,11118,0.13104327715118488,0.4019086866934172
8361,0.8364,9,10,9,659909,16535,115147,11109,0.13096407299455076,0.40185935465200406
8362,0.8365,12,30,12,659939,16505,115159,11097,0.13072646052464834,0.4020360843417144
8363,0.8366,22,27,22,659966,16478,115181,11075,0.13051260930173617,0.401952600442783
8364,0.8367,14,26,14,659992,16452,115195,11061,0.13030667849448738,0.4020281321557082
8365,0.8368,9,14,9,660006,16438,115204,11052,0.1301957926751996,0.40203710440160056
8366,0.8369,7,14,7,660020,16424,115211,11045,0.13008490685591179,0.40208962830827477
8367,0.837,15,33,15,660053,16391,115226,11030,0.12982353313901915,0.40224645344808724
8368,0.8371,4,13,4,660066,16378,115230,11026,0.12972056773539475,0.40235002189461394
8369,0.8372,9,14,9,660080,16364,115239,11017,0.12960968191610694,0.40235930024469524
8370,0.8373,13,23,13,660103,16341,115252,11004,0.12942751235584843,0.40241360394953374
8371,0.8374,6,9,6,660112,16332,115258,10998,0.12935622861487772,0.40241492864983536
8372,0.8375,9,18,9,660130,16314,115267,10989,0.12921366113293625,0.4024832435996044
8373,0.8376,7,22,7,660152,16292,115274,10982,0.12903941198834115,0.4026545427880032
8374,0.8377,10,35,10,660187,16257,115284,10972,0.12876219744012166,0.4029527342171949
8375,0.8378,11,25,11,660212,16232,115295,10961,0.1285641870485363,0.4030816754311771
8376,0.8379,5,14,5,660226,16218,115300,10956,0.1284533012292485,0.40317950982556855
8377,0.838,5,15,5,660241,16203,115305,10951,0.1283344949942973,0.4032923326213449
8378,0.8381,6,17,6,660258,16186,115311,10945,0.12819984792801925,0.4034130699200177
8379,0.8382,10,14,10,660272,16172,115321,10935,0.12808896210873147,0.40340133544840817
8380,0.8383,14,27,14,660299,16145,115335,10921,0.1278751108858193,0.40349515997930985
8381,0.8384,10,16,10,660315,16129,115345,10911,0.12774838423520465,0.40351331360946746
8382,0.8385,7,13,7,660328,16116,115352,10904,0.1276454188315803,0.40355292376017765
8383,0.8386,8,9,8,660337,16107,115360,10896,0.12757413509060955,0.40351072103099656
8384,0.8387,18,25,18,660362,16082,115378,10878,0.1273761246990242,0.403486646884273
8385,0.8388,7,14,7,660376,16068,115385,10871,0.1272652388797364,0.4035413341252459
8386,0.8389,10,24,10,660400,16044,115395,10861,0.12707514890381447,0.4036796134547482
8387,0.839,8,11,8,660411,16033,115403,10853,0.12698802433151693,0.4036673361600833
8388,0.8391,9,26,9,660437,16007,115412,10844,0.12678209352426814,0.40385832929872256
8389,0.8392,16,25,16,660462,15982,115428,10828,0.1265840831326828,0.4038791495710556
8390,0.8393,14,39,14,660501,15943,115442,10814,0.12627518692180967,0.4041559218148522
8391,0.8394,15,26,15,660527,15917,115457,10799,0.12606925611456088,0.40421470279982036
8392,0.8395,9,18,9,660545,15899,115466,10790,0.12592668863261944,0.40428641013151484
8393,0.8396,13,19,13,660564,15880,115479,10777,0.12577620073501458,0.40428405296920134
8394,0.8397,10,17,10,660581,15863,115489,10767,0.12564155366873653,0.4043184378520466
8395,0.8398,18,19,18,660600,15844,115507,10749,0.12549106577113167,0.4042041138645508
8396,0.8399,6,34,6,660634,15810,115513,10743,0.1252217716385756,0.40458705231047337
8397,0.84,17,37,17,660671,15773,115530,10726,0.12492871625902928,0.4047699913204272
8398,0.8401,13,27,13,660698,15746,115543,10713,0.12471486503611709,0.4048905854340678
8399,0.8402,10,33,10,660731,15713,115553,10703,0.12445349131922444,0.4051711084191399
8400,0.8403,13,22,13,660753,15691,115566,10690,0.12427924217462932,0.40521587506159734
8401,0.8404,7,13,7,660766,15678,115573,10683,0.12417627677100494,0.40525776715602596
8402,0.8405,7,12,7,660778,15666,115580,10676,0.12408123178304398,0.40528433680054665
8403,0.8406,20,19,20,660797,15647,115600,10656,0.1239307438854391,0.4051248906968787
8404,0.8407,16,26,16,660823,15621,115616,10640,0.12372481307819035,0.40516355051216635
8405,0.8408,9,34,9,660857,15587,115625,10631,0.12345551894563427,0.40548478144786027
8406,0.8409,12,18,12,660875,15569,115637,10619,0.12331295146369281,0.40549106460974493
8407,0.841,11,36,11,660911,15533,115648,10608,0.12302781649980991,0.4057993190773115
8408,0.8411,7,24,7,660935,15509,115655,10601,0.12283772652388797,0.4060130218307162
8409,0.8412,10,21,10,660956,15488,115665,10591,0.12267139779495628,0.4061121975535872
8410,0.8413,14,35,14,660991,15453,115679,10577,0.12239418324673679,0.4063388398002305
8411,0.8414,18,20,18,661011,15433,115697,10559,0.1222357749334685,0.4062403816558941
8412,0.8415,12,20,12,661031,15413,115709,10547,0.12207736662020023,0.4062788906009245
8413,0.8416,13,24,13,661055,15389,115722,10534,0.12188727664427829,0.40635728889403233
8414,0.8417,9,30,9,661085,15359,115731,10525,0.12164966417437587,0.4066218513367331
8415,0.8418,12,9,12,661094,15350,115743,10513,0.12157838043340514,0.40648803309747517
8416,0.8419,8,8,8,661102,15342,115751,10505,0.12151501710809784,0.4064301466321043
8417,0.842,14,21,14,661123,15321,115765,10491,0.12134868837916614,0.40643886564388654
8418,0.8421,12,22,12,661145,15299,115777,10479,0.12117443923457102,0.40650942664287376
8419,0.8422,8,23,8,661168,15276,115785,10471,0.12099226967431251,0.40668815784363227
8420,0.8423,11,11,11,661179,15265,115796,10460,0.12090514510201496,0.4066083576287658
8421,0.8424,13,12,13,661191,15253,115809,10447,0.12081010011405399,0.40649805447470816
8422,0.8425,25,38,25,661229,15215,115834,10422,0.12050912431884425,0.40652182392635644
8423,0.8426,11,20,11,661249,15195,115845,10411,0.12035071600557597,0.40658439428259
8424,0.8427,6,20,6,661269,15175,115851,10405,0.1201923076923077,0.40676309616888195
8425,0.8428,21,29,21,661298,15146,115872,10384,0.11996261563806869,0.40673717195456327
8426,0.8429,11,16,11,661314,15130,115883,10373,0.11983588898745406,0.40673646237697525
8427,0.843,8,8,8,661322,15122,115891,10365,0.11977252566214674,0.4066779142307843
8428,0.8431,6,20,6,661342,15102,115897,10359,0.11961411734887847,0.4068575468363379
8429,0.8432,12,27,12,661369,15075,115909,10347,0.11940026612596628,0.40700967665801274
8430,0.8433,17,37,17,661406,15038,115926,10330,0.11910721074641997,0.40720592872910755
8431,0.8434,7,33,7,661439,15005,115933,10323,0.11884583702952731,0.4075726468730259
8432,0.8435,6,29,6,661468,14976,115939,10317,0.1186161449752883,0.40789941881152886
8433,0.8436,12,27,12,661495,14949,115951,10305,0.11840229375237613,0.4080541696364932
8434,0.8437,6,24,6,661519,14925,115957,10299,0.1182122037764542,0.40830161750713606
8435,0.8438,8,30,8,661549,14895,115965,10291,0.11797459130655177,0.40860001588183914
8436,0.8439,7,17,7,661566,14878,115972,10284,0.11783994424027373,0.40871154916143393
8437,0.844,2,17,2,661583,14861,115974,10282,0.1177052971739957,0.4089408582905779
8438,0.8441,14,28,14,661611,14833,115988,10268,0.1174835255354201,0.4090673678339508
8439,0.8442,8,19,8,661630,14814,115996,10260,0.11733303763781523,0.4091888011486001
8440,0.8443,7,35,7,661665,14779,116003,10253,0.11705582308959574,0.40959571748162354
8441,0.8444,11,10,11,661675,14769,116014,10242,0.1169766189329616,0.4094998200791652
8442,0.8445,15,20,15,661695,14749,116029,10227,0.11681821061969332,0.40947309417040356
8443,0.8446,16,23,16,661718,14726,116045,10211,0.1166360410594348,0.4094718691101576
8444,0.8447,7,22,7,661740,14704,116052,10204,0.11646179191483969,0.40966757668219045
8445,0.8448,13,29,13,661769,14675,116065,10191,0.11623209986060068,0.4098367248451701
8446,0.8449,7,7,7,661776,14668,116072,10184,0.11617665695095679,0.40978593272171254
8447,0.845,8,17,8,661793,14651,116080,10176,0.11604200988467875,0.4098763443025738
8448,0.8451,11,38,11,661831,14613,116091,10165,0.11574103408946902,0.4102429574622649
8449,0.8452,13,27,13,661858,14586,116104,10152,0.11552718286655683,0.4103807906863934
8450,0.8453,15,23,15,661881,14563,116119,10137,0.11534501330629832,0.41040485829959517
8451,0.8454,14,22,14,661903,14541,116133,10123,0.1151707641617032,0.41043626337982486
8452,0.8455,18,26,18,661929,14515,116151,10105,0.11496483335445444,0.4104386677497969
8453,0.8456,7,15,7,661944,14500,116158,10098,0.11484602711950323,0.4105211805837873
8454,0.8457,9,27,9,661971,14473,116167,10089,0.11463217589659105,0.4107564530575686
8455,0.8458,13,23,13,661994,14450,116180,10076,0.11445000633633252,0.4108293239827122
8456,0.8459,9,10,9,662004,14440,116189,10067,0.11437080217969839,0.4107805932998735
8457,0.846,13,21,13,662025,14419,116202,10054,0.1142044734507667,0.4108200874433049
8458,0.8461,7,11,7,662036,14408,116209,10047,0.11411734887846914,0.41083622980985485
8459,0.8462,7,12,7,662048,14396,116216,10040,0.11402230389050817,0.41086920936323457
8460,0.8463,10,25,10,662073,14371,116226,10030,0.11382429349892283,0.41104872751116756
8461,0.8464,11,18,11,662091,14353,116237,10019,0.11368172601698137,0.411086492696537
8462,0.8465,15,34,15,662125,14319,116252,10004,0.11341243188442529,0.4112979484438597
8463,0.8466,15,24,15,662149,14295,116267,9989,0.11322234190850336,0.41134080052709604
8464,0.8467,9,12,9,662161,14283,116276,9980,0.1131272969205424,0.41132588715327867
8465,0.8468,10,24,10,662185,14259,116286,9970,0.11293720694462045,0.41149036278839407
8466,0.8469,12,14,12,662199,14245,116298,9958,0.11282632112533265,0.41143659876874766
8467,0.847,10,26,10,662225,14219,116308,9948,0.1126203903180839,0.41163570157652996
8468,0.8471,13,36,13,662261,14183,116321,9935,0.11233525535420098,0.41193299610249606
8469,0.8472,7,16,7,662277,14167,116328,9928,0.11220852870358636,0.412035692052293
8470,0.8473,3,15,3,662292,14152,116331,9925,0.11208972246863515,0.41221913029031854
8471,0.8474,7,15,7,662307,14137,116338,9918,0.11197091623368394,0.41230513406776137
8472,0.8475,15,29,15,662336,14108,116353,9903,0.11174122417944493,0.41243596684852774
8473,0.8476,9,26,9,662362,14082,116362,9894,0.11153529337219617,0.41266266266266266
8474,0.8477,12,27,12,662389,14055,116374,9882,0.111321442149284,0.41283368843213436
8475,0.8478,12,10,12,662399,14045,116386,9870,0.11124223799264986,0.41271168722559065
8476,0.8479,7,30,7,662429,14015,116393,9863,0.11100462552274744,0.4130580450624005
8477,0.848,10,25,10,662454,13990,116403,9853,0.11080661513116208,0.4132449775615485
8478,0.8481,10,18,10,662472,13972,116413,9843,0.11066404764922064,0.4133109384841486
8479,0.8482,8,19,8,662491,13953,116421,9835,0.11051355975161577,0.4134437531528502
8480,0.8483,12,22,12,662513,13931,116433,9823,0.11033931060702065,0.41353035278268924
8481,0.8484,12,15,12,662528,13916,116445,9811,0.11022050437206944,0.4134951742740338
8482,0.8485,10,25,10,662553,13891,116455,9801,0.1100224939804841,0.413683943947324
8483,0.8486,6,17,6,662570,13874,116461,9795,0.10988784691420606,0.4138324390553044
8484,0.8487,8,9,8,662579,13865,116469,9787,0.10981656317323533,0.41379164552680536
8485,0.8488,7,22,7,662601,13843,116476,9780,0.10964231402864022,0.4140033018668247
8486,0.8489,9,16,9,662617,13827,116485,9771,0.1095155873780256,0.4140605136028477
8487,0.849,13,31,13,662648,13796,116498,9758,0.10927005449245976,0.4142820752313832
8488,0.8491,9,16,9,662664,13780,116507,9749,0.10914332784184513,0.41433975094564157
8489,0.8492,13,33,13,662697,13747,116520,9736,0.10888195412495248,0.4145977941489588
8490,0.8493,26,32,26,662729,13715,116546,9710,0.10862850082372323,0.4145144076840982
8491,0.8494,5,14,5,662743,13701,116551,9705,0.10851761500443544,0.41463727249423227
8492,0.8495,13,22,13,662765,13679,116564,9692,0.10834336585984032,0.41470198108767276
8493,0.8496,12,16,12,662781,13663,116576,9680,0.1082166392092257,0.41468534464293366
8494,0.8497,8,25,8,662806,13638,116584,9672,0.10801862881764035,0.4149292149292149
8495,0.8498,7,17,7,662823,13621,116591,9665,0.10788398175136231,0.415056256978442
8496,0.8499,6,11,6,662834,13610,116597,9659,0.10779685717906476,0.4151016373716103
8497,0.85,3,16,3,662850,13594,116600,9656,0.10767013052845013,0.41531182795698923
8498,0.8501,8,17,8,662867,13577,116608,9648,0.1075354834621721,0.41541442411194834
8499,0.8502,12,6,12,662873,13571,116620,9636,0.10748796096819162,0.41521954582669024
8500,0.8503,6,19,6,662892,13552,116626,9630,0.10733747307058675,0.4154085065999482
8501,0.8504,8,21,8,662913,13531,116634,9622,0.10717114434165505,0.4155832937416318
8502,0.8505,6,19,6,662932,13512,116640,9616,0.10702065644405018,0.4157730888965756
8503,0.8506,12,35,12,662967,13477,116652,9604,0.1067434418958307,0.41609982236471554
8504,0.8507,17,33,17,663000,13444,116669,9587,0.10648206817893803,0.41626503408449483
8505,0.8508,9,17,9,663017,13427,116678,9578,0.10634742111265999,0.4163442729841339
8506,0.8509,16,32,16,663049,13395,116694,9562,0.10609396781143074,0.41651783769656314
8507,0.851,10,5,10,663054,13390,116704,9552,0.10605436573311368,0.41635428471798447
8508,0.8511,8,23,8,663077,13367,116712,9544,0.10587219617285515,0.4165684605647942
8509,0.8512,9,20,9,663097,13347,116721,9535,0.10571378785958688,0.41670308539463335
8510,0.8513,10,12,10,663109,13335,116731,9525,0.1056187428716259,0.4166666666666667
8511,0.8514,8,23,8,663132,13312,116739,9517,0.10543657331136738,0.41688203600683343
8512,0.8515,8,22,8,663154,13290,116747,9509,0.10526232416677227,0.4170796964779157
8513,0.8516,4,18,4,663172,13272,116751,9505,0.10511975668483083,0.41730693243183914
8514,0.8517,13,17,13,663189,13255,116764,9492,0.10498510961855279,0.4172857959291335
8515,0.8518,9,34,9,663223,13221,116773,9483,0.1047158154859967,0.41767970401691334
8516,0.8519,12,35,12,663258,13186,116785,9471,0.10443860093777721,0.41801650703976695
8517,0.852,8,19,8,663277,13167,116793,9463,0.10428811304017235,0.41816173221387537
8518,0.8521,3,21,3,663298,13146,116796,9460,0.10412178431124065,0.4184729717774042
8519,0.8522,9,22,9,663320,13124,116805,9451,0.10394753516664555,0.41864894795127355
8520,0.8523,1,12,1,663332,13112,116806,9450,0.10385249017868457,0.4188458469993795
8521,0.8524,9,26,9,663358,13086,116815,9441,0.10364655937143581,0.41909708349980024
8522,0.8525,17,40,17,663398,13046,116832,9424,0.10332974274489926,0.41940364931019136
8523,0.8526,12,10,12,663408,13036,116844,9412,0.1032505385882651,0.41928011404133997
8524,0.8527,13,22,13,663430,13014,116857,9399,0.10307628944367,0.41935483870967744
8525,0.8528,20,30,20,663460,12984,116877,9379,0.10283867697376758,0.4193981129544337
8526,0.8529,4,19,4,663479,12965,116881,9375,0.10268818907616271,0.4196508504923903
8527,0.853,6,22,6,663501,12943,116887,9369,0.10251393993156761,0.419908569379706
8528,0.8531,7,15,7,663516,12928,116894,9362,0.1023951336966164,0.4200089726334679
8529,0.8532,11,23,11,663539,12905,116905,9351,0.10221296413635787,0.4201563623292595
8530,0.8533,11,25,11,663564,12880,116916,9340,0.10201495374477253,0.42034203420342037
8531,0.8534,7,11,7,663575,12869,116923,9333,0.10192782917247498,0.4203675344563553
8532,0.8535,8,26,8,663601,12843,116931,9325,0.1017218983652262,0.4206513893901119
8533,0.8536,9,15,9,663616,12828,116940,9316,0.10160309213027499,0.42070086705202314
8534,0.8537,6,13,6,663629,12815,116946,9310,0.10150012672665061,0.4207909604519774
8535,0.8538,19,20,19,663649,12795,116965,9291,0.10134171841338234,0.4206737299646835
8536,0.8539,9,15,9,663664,12780,116974,9282,0.10122291217843113,0.42072341582812073
8537,0.854,8,11,8,663675,12769,116982,9274,0.10113578760613356,0.4207231320600644
8538,0.8541,14,19,14,663694,12750,116996,9260,0.10098529970852871,0.42071785552021806
8539,0.8542,9,22,9,663716,12728,117005,9251,0.1008110505639336,0.4209017698712407
8540,0.8543,4,19,4,663735,12709,117009,9247,0.10066056266632872,0.4211605028238295
8541,0.8544,11,16,11,663751,12693,117020,9236,0.1005338360157141,0.4211774362716038
8542,0.8545,2,7,2,663758,12686,117022,9234,0.10047839310607021,0.42125912408759125
8543,0.8546,6,8,6,663766,12678,117028,9228,0.10041502978076289,0.42125445083538754
8544,0.8547,8,13,8,663779,12665,117036,9220,0.10031206437713851,0.42129312314370576
8545,0.8548,10,23,10,663802,12642,117046,9210,0.10012989481687999,0.4214717188358045
8546,0.8549,12,23,12,663825,12619,117058,9198,0.09994772525662146,0.42159783654947974
8547,0.855,19,37,19,663862,12582,117077,9179,0.09965466987707515,0.42180965948256055
8548,0.8551,14,21,14,663883,12561,117091,9165,0.09948834114814345,0.42184479425573046
8549,0.8552,15,18,15,663901,12543,117106,9150,0.09934577366620201,0.42179504909417787
8550,0.8553,10,22,10,663923,12521,117116,9140,0.0991715245216069,0.4219565117030608
8551,0.8554,15,21,15,663944,12500,117131,9125,0.0990051957926752,0.42196531791907516
8552,0.8555,13,15,13,663959,12485,117144,9112,0.09888638955772398,0.42191045052553594
8553,0.8556,7,15,7,663974,12470,117151,9105,0.09876758332277277,0.4220162224797219
8554,0.8557,24,19,24,663993,12451,117175,9081,0.09861709542516792,0.42174438045699425
8555,0.8558,10,16,10,664009,12435,117185,9071,0.09849036877455329,0.4217892681112248
8556,0.8559,8,14,8,664023,12421,117193,9063,0.0983794829552655,0.42184881772481847
8557,0.856,7,21,7,664044,12400,117200,9056,0.0982131542263338,0.4220730797912006
8558,0.8561,5,21,5,664065,12379,117205,9051,0.09804682549740211,0.42235184321045266
8559,0.8562,13,19,13,664084,12360,117218,9038,0.09789633759979724,0.4223759229834564
8560,0.8563,13,10,13,664094,12350,117231,9025,0.0978171334431631,0.4222222222222222
8561,0.8564,5,4,5,664098,12346,117236,9020,0.09778545178050944,0.4221660582233455
8562,0.8565,17,14,17,664112,12332,117253,9003,0.09767456596122165,0.42198265760487463
8563,0.8566,4,11,4,664123,12321,117257,8999,0.09758744138892408,0.4220919324577861
8564,0.8567,18,25,18,664148,12296,117275,8981,0.09738943099733874,0.42209898011937774
8565,0.8568,12,38,12,664186,12258,117287,8969,0.09708845520212901,0.42252791256418715
8566,0.8569,9,19,9,664205,12239,117296,8960,0.09693796730452414,0.42266144629463653
8567,0.857,19,25,19,664230,12214,117315,8941,0.0967399569129388,0.4226424013235642
8568,0.8571,8,9,8,664239,12205,117323,8933,0.09666867317196806,0.4226038414230296
8569,0.8572,11,15,11,664254,12190,117334,8922,0.09654986693701685,0.42260325881015537
8570,0.8573,13,20,13,664274,12170,117347,8909,0.09639145862374858,0.42264813321315053
8571,0.8574,8,19,8,664293,12151,117355,8901,0.09624097072614371,0.4228101843055292
8572,0.8575,14,26,14,664319,12125,117369,8887,0.09603503991889495,0.4229487911669522
8573,0.8576,11,17,11,664336,12108,117380,8876,0.09590039285261691,0.4229889439573008
8574,0.8577,14,12,14,664348,12096,117394,8862,0.09580534786465594,0.4228456913827655
8575,0.8578,11,18,11,664366,12078,117405,8851,0.09566278038271449,0.42290601557647284
8576,0.8579,15,21,15,664387,12057,117420,8836,0.09549645165378279,0.42291676638108455
8577,0.858,4,13,4,664400,12044,117424,8832,0.09539348625015841,0.42306955355432074
8578,0.8581,11,18,11,664418,12026,117435,8821,0.09525091876821695,0.42313042644025517
8579,0.8582,7,24,7,664442,12002,117442,8814,0.09506082879229502,0.423424289008455
8580,0.8583,9,17,9,664459,11985,117451,8805,0.09492618172601698,0.4235209235209235
8581,0.8584,12,15,12,664474,11970,117463,8793,0.09480737549106577,0.423493714781101
8582,0.8585,6,11,6,664485,11959,117469,8787,0.09472025091876822,0.42355152800539864
8583,0.8586,11,19,11,664504,11940,117480,8776,0.09456976302116335,0.42363390615949026
8584,0.8587,9,17,9,664521,11923,117489,8767,0.09443511595488531,0.4237312711454809
8585,0.8588,16,24,16,664545,11899,117505,8751,0.09424502597896338,0.4237772397094431
8586,0.8589,12,17,12,664562,11882,117517,8739,0.09411037891268534,0.42379128073323313
8587,0.859,11,12,11,664574,11870,117528,8728,0.09401533392472437,0.4237304592678901
8588,0.8591,10,29,10,664603,11841,117538,8718,0.09378564187048537,0.42404786225010943
8589,0.8592,8,22,8,664625,11819,117546,8710,0.09361139272589025,0.4242778508451459
8590,0.8593,10,25,10,664650,11794,117556,8700,0.0934133823343049,0.42451449204645264
8591,0.8594,10,4,10,664654,11790,117566,8690,0.09338170067165125,0.42431640625
8592,0.8595,20,42,20,664696,11748,117586,8670,0.09304904321378786,0.4246253305906553
8593,0.8596,12,15,12,664711,11733,117598,8658,0.09293023697883665,0.42459908783286743
8594,0.8597,10,19,10,664730,11714,117608,8648,0.09277974908123178,0.42471270012768886
8595,0.8598,9,17,9,664747,11697,117617,8639,0.09264510201495374,0.42481313926042485
8596,0.8599,8,23,8,664770,11674,117625,8631,0.09246293245469522,0.4250677173110071
8597,0.86,10,25,10,664795,11649,117635,8621,0.09226492206310988,0.42530833744449925
8598,0.8601,9,17,9,664812,11632,117644,8612,0.09213027499683184,0.4254099980241059
8599,0.8602,7,12,7,664824,11620,117651,8605,0.09203523000887087,0.42546353522867736
8600,0.8603,15,24,15,664848,11596,117666,8590,0.09184514003294893,0.4255424551669474
8601,0.8604,9,26,9,664874,11570,117675,8581,0.09163920922570017,0.4258349461565183
8602,0.8605,18,21,18,664895,11549,117693,8563,0.09147288049676847,0.4257657120127287
8603,0.8606,14,24,14,664919,11525,117707,8549,0.09128279052084654,0.4258742652186908
8604,0.8607,4,9,4,664928,11516,117711,8545,0.09121150677987581,0.42595084990778126
8605,0.8608,8,19,8,664947,11497,117719,8537,0.09106101888227094,0.426125586502945
8606,0.8609,5,8,5,664955,11489,117724,8532,0.09099765555696362,0.4261525398331752
8607,0.861,7,5,7,664960,11484,117731,8525,0.09095805347864656,0.42605827377680044
8608,0.8611,6,17,6,664977,11467,117737,8519,0.09082340641236852,0.42624837386170317
8609,0.8612,8,18,8,664995,11449,117745,8511,0.09068083893042707,0.42640280561122246
8610,0.8613,11,30,11,665025,11419,117756,8500,0.09044322646052465,0.42672824941011095
8611,0.8614,12,15,12,665040,11404,117768,8488,0.09032442022557344,0.42670420269455056
8612,0.8615,20,41,20,665081,11363,117788,8468,0.08999968318337347,0.4270082194543896
8613,0.8616,6,16,6,665097,11347,117794,8462,0.08987295653275884,0.4271795648442627
8614,0.8617,6,18,6,665115,11329,117800,8456,0.08973038905081739,0.4273944907758403
8615,0.8618,8,16,8,665131,11313,117808,8448,0.08960366240020276,0.427508729315318
8616,0.8619,16,14,16,665145,11299,117824,8432,0.08949277658091497,0.4273478282905073
8617,0.862,5,13,5,665158,11286,117829,8427,0.08938981117729058,0.4274844011565972
8618,0.8621,8,10,8,665168,11276,117837,8419,0.08931060702065645,0.42746890073622745
8619,0.8622,14,37,14,665205,11239,117851,8405,0.08901755164111012,0.4278660150682142
8620,0.8623,13,23,13,665228,11216,117864,8392,0.08883538208085161,0.4279885760913913
8621,0.8624,5,13,5,665241,11203,117869,8387,0.08873241667722723,0.4281265952016335
8622,0.8625,5,13,5,665254,11190,117874,8382,0.08862945127360283,0.42826486817903126
8623,0.8626,5,14,5,665268,11176,117879,8377,0.08851856545431504,0.42842530557970643
8624,0.8627,7,15,7,665283,11161,117886,8370,0.08839975921936383,0.42854948543341354
8625,0.8628,12,24,12,665307,11137,117898,8358,0.0882096692434419,0.4287253141831239
8626,0.8629,6,11,6,665318,11126,117904,8352,0.08812254467114435,0.42879145702844235
8627,0.863,12,29,12,665347,11097,117916,8340,0.08789285261690534,0.42907856150640533
8628,0.8631,11,8,11,665355,11089,117927,8329,0.08782948929159802,0.4289319188381914
8629,0.8632,16,17,16,665372,11072,117943,8313,0.08769484222531998,0.42883672942997164
8630,0.8633,5,15,5,665387,11057,117948,8308,0.08757603599036877,0.4290214304156984
8631,0.8634,7,20,7,665407,11037,117955,8301,0.0874176276771005,0.4292584548557245
8632,0.8635,14,18,14,665425,11019,117969,8287,0.08727506019515904,0.4292447943644463
8633,0.8636,10,8,10,665433,11011,117979,8277,0.08721169686985172,0.4291269182911655
8634,0.8637,7,11,7,665444,11000,117986,8270,0.08712457229755417,0.42916450441100157
8635,0.8638,3,20,3,665464,10980,117989,8267,0.0869661639842859,0.42952148386761574
8636,0.8639,6,11,6,665475,10969,117995,8261,0.08687903941198834,0.4295891835673427
8637,0.864,13,26,13,665501,10943,118008,8248,0.08667310860473958,0.42978479495596894
8638,0.8641,9,17,9,665518,10926,118017,8239,0.08653846153846154,0.42989825202191495
8639,0.8642,10,18,10,665536,10908,118027,8229,0.08639589405652008,0.43000470293149395
8640,0.8643,17,27,17,665563,10881,118044,8212,0.0861820428336079,0.43010527418425604
8641,0.8644,10,10,10,665573,10871,118054,8202,0.08610283867697377,0.430031982383474
8642,0.8645,12,15,12,665588,10856,118066,8190,0.08598403244202256,0.43001155098183347
8643,0.8646,11,17,11,665605,10839,118077,8179,0.08584938537574452,0.4300662530234515
8644,0.8647,13,22,13,665627,10817,118090,8166,0.0856751362311494,0.4301743665384818
8645,0.8648,12,19,12,665646,10798,118102,8154,0.08552464833354455,0.4302448290417898
8646,0.8649,8,19,8,665665,10779,118110,8146,0.08537416043593968,0.43043593130779395
8647,0.865,14,28,14,665693,10751,118124,8132,0.08515238879736409,0.43065190912460943
8648,0.8651,2,11,2,665704,10740,118126,8130,0.08506526422506654,0.43084260731319557
8649,0.8652,12,12,12,665716,10728,118138,8118,0.08497021923710556,0.43075453677172876
8650,0.8653,8,17,8,665733,10711,118146,8110,0.08483557217082753,0.43090165240954253
8651,0.8654,17,25,17,665758,10686,118163,8093,0.08463756177924217,0.43096011502209913
8652,0.8655,9,16,9,665774,10670,118172,8084,0.08451083512862755,0.4310547083288898
8653,0.8656,9,19,9,665793,10651,118181,8075,0.08436034723102269,0.43121862650859766
8654,0.8657,16,33,16,665826,10618,118197,8059,0.08409897351413002,0.4314932805054345
8655,0.8658,12,26,12,665852,10592,118209,8047,0.08389304270688126,0.43172917001985084
8656,0.8659,8,14,8,665866,10578,118217,8039,0.08378215688759347,0.4318096363538701
8657,0.866,8,9,8,665875,10569,118225,8031,0.08371087314662273,0.4317741935483871
8658,0.8661,15,30,15,665905,10539,118240,8016,0.08347326067672031,0.4320129345189976
8659,0.8662,10,17,10,665922,10522,118250,8006,0.08333861361044227,0.4321027633851468
8660,0.8663,5,10,5,665932,10512,118255,8001,0.08325940945380814,0.43218279047156055
8661,0.8664,9,14,9,665946,10498,118264,7992,0.08314852363452034,0.43223363980530016
8662,0.8665,2,8,2,665954,10490,118266,7990,0.08308516030921302,0.43235930735930733
8663,0.8666,9,16,9,665970,10474,118275,7981,0.08295843365859841,0.4324573286372257
8664,0.8667,3,11,3,665981,10463,118278,7978,0.08287130908630085,0.43262295970934334
8665,0.8668,8,10,8,665991,10453,118286,7970,0.08279210492966671,0.4326114096509798
8666,0.8669,12,25,12,666016,10428,118298,7958,0.08259409453808136,0.43282932666159035
8667,0.867,12,16,12,666032,10412,118310,7946,0.08246736788746674,0.43283582089552236
8668,0.8671,5,15,5,666047,10397,118315,7941,0.08234856165251553,0.43303522739666267
8669,0.8672,8,15,8,666062,10382,118323,7933,0.08222975541756432,0.43314223314223316
8670,0.8673,6,21,6,666083,10361,118329,7927,0.08206342668863262,0.43345363079615046
8671,0.8674,11,30,11,666113,10331,118340,7916,0.0818258142187302,0.4338247383131474
8672,0.8675,9,16,9,666129,10315,118349,7907,0.08169908756811557,0.43392602348809134
8673,0.8676,12,14,12,666143,10301,118361,7895,0.08158820174882778,0.43388656847658824
8674,0.8677,20,14,20,666157,10287,118381,7875,0.08147731592953998,0.433597621407334
8675,0.8678,8,14,8,666171,10273,118389,7867,0.08136643011025219,0.4336824696802646
8676,0.8679,13,28,13,666199,10245,118402,7854,0.0811446584716766,0.43394662688546326
8677,0.868,12,25,12,666224,10220,118414,7842,0.08094664808009125,0.43417118812977523
8678,0.8681,6,7,6,666231,10213,118420,7836,0.08089120517044734,0.4341514765360962
8679,0.8682,8,20,8,666251,10193,118428,7828,0.08073279685717906,0.4343821097608346
8680,0.8683,7,10,7,666261,10183,118435,7821,0.08065359270054492,0.43440346589646744
8681,0.8684,7,11,7,666272,10172,118442,7814,0.08056646812824737,0.4344490159012565
8682,0.8685,10,7,10,666279,10165,118452,7804,0.08051102521860347,0.43430352273359674
8683,0.8686,5,27,5,666306,10138,118457,7799,0.08029717399569129,0.4347995762948096
8684,0.8687,21,19,21,666325,10119,118478,7778,0.08014668609808642,0.43459797731463373
8685,0.8688,10,20,10,666345,10099,118488,7768,0.07998827778481815,0.4347680080595511
8686,0.8689,7,18,7,666363,10081,118495,7761,0.0798457103028767,0.4349848671673579
8687,0.869,16,25,16,666388,10056,118511,7745,0.07964769991129135,0.4350879164091905
8688,0.8691,6,17,6,666405,10039,118517,7739,0.07951305284501331,0.4353133085836427
8689,0.8692,6,17,6,666422,10022,118523,7733,0.07937840577873527,0.4355392847085328
8690,0.8693,8,8,8,666430,10014,118531,7725,0.07931504245342795,0.4354811432437003
8691,0.8694,10,13,10,666443,10001,118541,7715,0.07921207704980357,0.4354820501241815
8692,0.8695,9,16,9,666459,9985,118550,7706,0.07908535039918894,0.4355887174269403
8693,0.8696,16,14,16,666473,9971,118566,7690,0.07897446457990115,0.4354226827472963
8694,0.8697,9,18,9,666491,9953,118575,7681,0.07883189709795971,0.43557899512305776
8695,0.8698,10,19,10,666510,9934,118585,7671,0.07868140920035484,0.43572848622550414
8696,0.8699,8,21,8,666531,9913,118593,7663,0.07851508047142314,0.43599226217569415
8697,0.87,9,26,9,666557,9887,118602,7654,0.07830914966417438,0.4363491249073599
8698,0.8701,5,14,5,666571,9873,118607,7649,0.07819826384488658,0.4365369250085607
8699,0.8702,21,28,21,666599,9845,118628,7628,0.07797649220631099,0.43655926286270247
8700,0.8703,13,11,13,666610,9834,118641,7615,0.07788936763401343,0.4364146942518196
8701,0.8704,3,12,3,666622,9822,118644,7612,0.07779432264605246,0.4366181025582196
8702,0.8705,12,9,12,666631,9813,118656,7600,0.07772303890508174,0.43645552173663354
8703,0.8706,9,8,9,666639,9805,118665,7591,0.07765967557977442,0.4363646815359853
8704,0.8707,9,10,9,666649,9795,118674,7582,0.07758047142314028,0.4363238763883294
8705,0.8708,6,11,6,666660,9784,118680,7576,0.07749334685084273,0.43640552995391707
8706,0.8709,8,16,8,666676,9768,118688,7568,0.07736662020022811,0.4365482233502538
8707,0.871,7,26,7,666702,9742,118695,7561,0.07716068939297935,0.43697624689360226
8708,0.8711,11,14,11,666716,9728,118706,7550,0.07704980357369155,0.4369718717444149
8709,0.8712,11,21,11,666737,9707,118717,7539,0.07688347484475985,0.4371448451814914
8710,0.8713,7,8,7,666745,9699,118724,7532,0.07682011151945255,0.4371191457257269
8711,0.8714,8,10,8,666755,9689,118732,7524,0.0767409073628184,0.43711148550514145
8712,0.8715,10,37,10,666792,9652,118742,7514,0.07644785198327209,0.4377257369218222
8713,0.8716,22,24,22,666816,9628,118764,7492,0.07625776200735014,0.4376168224299065
8714,0.8717,11,21,11,666837,9607,118775,7481,0.07609143327841845,0.43779260299625467
8715,0.8718,9,22,9,666859,9585,118784,7472,0.07591718413382334,0.43806062027320164
8716,0.8719,10,10,10,666869,9575,118794,7462,0.0758379799771892,0.43798790866936665
8717,0.872,9,9,9,666878,9566,118803,7453,0.07576669623621847,0.4379223221105823
8718,0.8721,13,9,13,666887,9557,118816,7440,0.07569541249524775,0.43772430428899217
8719,0.8722,10,23,10,666910,9534,118826,7430,0.07551324293498923,0.4379863239801933
8720,0.8723,4,10,4,666920,9524,118830,7426,0.07543403877835508,0.43811209439528026
8721,0.8724,6,6,6,666926,9518,118836,7420,0.07538651628437461,0.43806824890778134
8722,0.8725,9,10,9,666936,9508,118845,7411,0.07530731212774046,0.4380282522607719
8723,0.8726,5,17,5,666953,9491,118850,7406,0.07517266506146243,0.4383026572764396
8724,0.8727,6,3,6,666956,9488,118856,7400,0.07514890381447219,0.438180956892468
8725,0.8728,9,10,9,666966,9478,118865,7391,0.07506969965783804,0.4381409686407019
8726,0.8729,13,13,13,666979,9465,118878,7378,0.07496673425421366,0.43804547883393696
8727,0.873,6,7,6,666986,9458,118884,7372,0.07491129134456977,0.4380273321449792
8728,0.8731,11,27,11,667013,9431,118895,7361,0.07469744012165759,0.43836350643163413
8729,0.8732,14,21,14,667034,9410,118909,7347,0.07453111139272589,0.43844363549561377
8730,0.8733,6,14,6,667048,9396,118915,7341,0.0744202255734381,0.4386090697257573
8731,0.8734,8,11,8,667059,9385,118923,7333,0.07433310100114054,0.4386290226103601
8732,0.8735,16,10,16,667069,9375,118939,7317,0.0742538968445064,0.43835370237239396
8733,0.8736,2,15,2,667084,9360,118941,7315,0.07413509060955518,0.4386806596701649
8734,0.8737,16,22,16,667106,9338,118957,7299,0.07396084146496008,0.4387209232433732
8735,0.8738,11,21,11,667127,9317,118968,7288,0.07379451273602838,0.4389039445950015
8736,0.8739,7,16,7,667143,9301,118975,7281,0.07366778608541376,0.4390905801471475
8737,0.874,10,16,10,667159,9285,118985,7271,0.07354105943479913,0.4391761294998792
8738,0.8741,4,10,4,667169,9275,118989,7267,0.073461855278165,0.439306008946923
8739,0.8742,15,15,15,667184,9260,119004,7252,0.07334304904321379,0.43919573643410853
8740,0.8743,8,22,8,667206,9238,119012,7244,0.07316879989861869,0.43950976823201066
8741,0.8744,9,23,9,667229,9215,119021,7235,0.07298663033836016,0.4398176291793313
8742,0.8745,8,8,8,667237,9207,119029,7227,0.07292326701305285,0.4397590361445783
8743,0.8746,16,20,16,667257,9187,119045,7211,0.07276485869978457,0.43974874984754236
8744,0.8747,4,18,4,667275,9169,119049,7207,0.07262229121784311,0.440095261358085
8745,0.8748,1,14,1,667289,9155,119050,7206,0.07251140539855531,0.4404376260619767
8746,0.8749,6,8,6,667297,9147,119056,7200,0.07244804207324801,0.4404477885850615
8747,0.875,13,40,13,667337,9107,119069,7187,0.07213122544671144,0.44108260709463604
8748,0.8751,14,14,14,667351,9093,119083,7173,0.07202033962742364,0.44098118775359646
8749,0.8752,10,12,10,667363,9081,119093,7163,0.07192529463946268,0.4409628170401379
8750,0.8753,10,11,10,667374,9070,119103,7153,0.07183817006716513,0.44091721629784875
8751,0.8754,8,11,8,667385,9059,119111,7145,0.07175104549486758,0.4409405085164157
8752,0.8755,10,9,10,667394,9050,119121,7135,0.07167976175389684,0.4408402842137782
8753,0.8756,6,11,6,667405,9039,119127,7129,0.07159263718159929,0.44093270658090056
8754,0.8757,6,9,6,667414,9030,119133,7123,0.07152135344062856,0.44097071751377453
8755,0.8758,12,21,12,667435,9009,119145,7111,0.07135502471169687,0.4411290322580645
8756,0.8759,9,15,9,667450,8994,119154,7102,0.07123621847674566,0.441227634194831
8757,0.876,7,26,7,667476,8968,119161,7095,0.0710302876694969,0.4416983128929839
8758,0.8761,14,23,14,667499,8945,119175,7081,0.07084811810923837,0.4418445026831399
8759,0.8762,7,17,7,667516,8928,119182,7074,0.07071347104296033,0.4420697412823397
8760,0.8763,10,13,10,667529,8915,119192,7064,0.07061050563933595,0.4420802303022717
8761,0.8764,12,17,12,667546,8898,119204,7052,0.07047585857305791,0.4421316614420063
8762,0.8765,11,18,11,667564,8880,119215,7041,0.07033329109111647,0.4422460900697192
8763,0.8766,9,26,9,667590,8854,119224,7032,0.07012736028386769,0.44265390910235425
8764,0.8767,13,20,13,667610,8834,119237,7019,0.06996895197059942,0.4427553144515234
8765,0.8768,10,12,10,667622,8822,119247,7009,0.06987390698263844,0.44273892994757125
8766,0.8769,14,27,14,667649,8795,119261,6995,0.06966005575972627,0.4430018999366688
8767,0.877,6,8,6,667657,8787,119267,6989,0.06959669243441896,0.4430147058823529
8768,0.8771,6,9,6,667666,8778,119273,6983,0.06952540869344823,0.4430556436774316
8769,0.8772,3,19,3,667685,8759,119276,6980,0.06937492079584337,0.4434843382679967
8770,0.8773,8,14,8,667699,8745,119284,6972,0.06926403497655557,0.4435961061271235
8771,0.8774,11,24,11,667723,8721,119295,6961,0.06907394500063363,0.44388470858308887
8772,0.8775,8,20,8,667743,8701,119303,6953,0.06891553668736536,0.4441676248882075
8773,0.8776,16,19,16,667762,8682,119319,6937,0.06876504878976049,0.4441385492028939
8774,0.8777,7,12,7,667774,8670,119326,6930,0.06867000380179952,0.4442307692307692
8775,0.8778,3,7,3,667781,8663,119329,6927,0.06861456089215562,0.44432328415651057
8776,0.8779,7,11,7,667792,8652,119336,6920,0.06852743631985807,0.4443873619316722
8777,0.878,11,11,11,667803,8641,119347,6909,0.06844031174756052,0.4443086816720257
8778,0.8781,6,17,6,667820,8624,119353,6903,0.06830566468128248,0.4445804083209892
8779,0.8782,18,17,18,667837,8607,119371,6885,0.06817101761500444,0.4444229279628195
8780,0.8783,13,25,13,667862,8582,119384,6872,0.06797300722341909,0.444674517924162
8781,0.8784,9,12,9,667874,8570,119393,6863,0.06787796223545811,0.4446964297285039
8782,0.8785,2,7,2,667881,8563,119395,6861,0.06782251932581422,0.444826244813278
8783,0.8786,2,10,2,667891,8553,119397,6859,0.06774331516918009,0.44504282377368287
8784,0.8787,11,11,11,667902,8542,119408,6848,0.06765619059688252,0.44496426250812215
8785,0.8788,11,16,11,667918,8526,119419,6837,0.0675294639462679,0.4450302675258739
8786,0.8789,10,15,10,667933,8511,119429,6827,0.06741065771131668,0.44510366410222973
8787,0.879,11,17,11,667950,8494,119440,6816,0.06727601064503864,0.445199216198563
8788,0.8791,6,17,6,667967,8477,119446,6810,0.06714136357876062,0.4454765487015111
8789,0.8792,21,25,21,667992,8452,119467,6789,0.06694335318717526,0.4454432123876386
8790,0.8793,4,20,4,668012,8432,119471,6785,0.06678494487390699,0.4458828941315634
8791,0.8794,9,18,9,668030,8414,119480,6776,0.06664237739196553,0.44608294930875575
8792,0.8795,14,16,14,668046,8398,119494,6762,0.0665156507413509,0.44604221635883906
8793,0.8796,15,23,15,668069,8375,119509,6747,0.06633348118109238,0.4461711413834149
8794,0.8797,9,14,9,668083,8361,119518,6738,0.06622259536180458,0.44625471885555335
8795,0.8798,7,17,7,668100,8344,119525,6731,0.06608794829552656,0.44650082918739636
8796,0.8799,7,18,7,668118,8326,119532,6724,0.0659453808135851,0.44677740863787374
8797,0.88,11,18,11,668136,8308,119543,6713,0.06580281333164364,0.4469076626056854
8798,0.8801,12,7,12,668143,8301,119555,6701,0.06574737042199974,0.446673776829756
8799,0.8802,10,13,10,668156,8288,119565,6691,0.06564440501837536,0.4466920355163896
8800,0.8803,9,18,9,668174,8270,119574,6682,0.06550183753643392,0.4468967362225789
8801,0.8804,6,13,6,668187,8257,119580,6676,0.06539887213280952,0.44706355052568136
8802,0.8805,7,17,7,668204,8240,119587,6669,0.0652642250665315,0.44731370313233615
8803,0.8806,16,20,16,668224,8220,119603,6653,0.06510581675326321,0.4473206481543737
8804,0.8807,9,12,9,668236,8208,119612,6644,0.06501077176530225,0.4473471586318341
8805,0.8808,14,19,14,668255,8189,119626,6630,0.06486028386769738,0.4473986098927053
8806,0.8809,7,12,7,668267,8177,119633,6623,0.06476523887973641,0.4475
8807,0.881,12,5,12,668272,8172,119645,6611,0.06472563680141934,0.44720286815937227
8808,0.8811,9,9,9,668281,8163,119654,6602,0.06465435306044862,0.4471385032170674
8809,0.8812,8,15,8,668296,8148,119662,6594,0.0645355468254974,0.4472934472934473
8810,0.8813,7,22,7,668318,8126,119669,6587,0.06436129768090229,0.4476993135322504
8811,0.8814,14,27,14,668345,8099,119683,6573,0.06414744645799011,0.44799618320610685
8812,0.8815,12,25,12,668370,8074,119695,6561,0.06394943606640477,0.44830884865049536
8813,0.8816,8,23,8,668393,8051,119703,6553,0.06376726650614624,0.44871268145713505
8814,0.8817,15,20,15,668413,8031,119718,6538,0.06360885819287797,0.4487610680211408
8815,0.8818,12,23,12,668436,8008,119730,6526,0.06342668863261944,0.4490161001788909
8816,0.8819,4,13,4,668449,7995,119734,6522,0.06332372322899506,0.4492663773506923
8817,0.882,10,19,10,668468,7976,119744,6512,0.06317323533139019,0.44947542794036444
8818,0.8821,9,6,9,668474,7970,119753,6503,0.06312571283740971,0.44931942237269396
8819,0.8822,11,17,11,668491,7953,119764,6492,0.06299106577113167,0.4494288681204569
8820,0.8823,13,15,13,668506,7938,119777,6479,0.06287225953618046,0.4494000138725116
8821,0.8824,11,15,11,668521,7923,119788,6468,0.06275345330122925,0.44944757139879093
8822,0.8825,9,23,9,668544,7900,119797,6459,0.06257128374097072,0.44982241103140885
8823,0.8826,8,12,8,668556,7888,119805,6451,0.062476238753009755,0.44989190320106004
8824,0.8827,8,16,8,668572,7872,119813,6443,0.06234951210239514,0.45008732099196647
8825,0.8828,12,17,12,668589,7855,119825,6431,0.0622148650361171,0.4501609967800644
8826,0.8829,5,5,5,668594,7850,119830,6426,0.06217526295780003,0.45012608573830204
8827,0.883,6,18,6,668612,7832,119836,6420,0.062032695475858574,0.4504630928992422
8828,0.8831,7,10,7,668622,7822,119843,6413,0.06195349131922443,0.4505093080435546
8829,0.8832,6,9,6,668631,7813,119849,6407,0.0618822075782537,0.45056258790436005
8830,0.8833,2,10,2,668641,7803,119851,6405,0.06180300342161957,0.45080236486486486
8831,0.8834,2,12,2,668653,7791,119853,6403,0.061707958433658595,0.4511061011695082
8832,0.8835,5,12,5,668665,7779,119858,6398,0.06161291344569763,0.45129435000352686
8833,0.8836,4,15,4,668680,7764,119862,6394,0.06149410721074642,0.4516174600932335
8834,0.8837,11,19,11,668699,7745,119873,6383,0.061343619313141556,0.4517978482446206
8835,0.8838,10,17,10,668716,7728,119883,6373,0.061208972246863516,0.45195376214452876
8836,0.8839,5,6,5,668722,7722,119888,6368,0.06116144975288303,0.45195173882185946
8837,0.884,16,14,16,668736,7708,119904,6352,0.06105056393359524,0.45177809388335705
8838,0.8841,16,8,16,668744,7700,119920,6336,0.060987200608287925,0.45141065830721006
8839,0.8842,8,9,8,668753,7691,119928,6328,0.0609159168673172,0.4513874028104715
8840,0.8843,6,5,6,668758,7686,119934,6322,0.06087631478900013,0.451313535122787
8841,0.8844,20,14,20,668772,7672,119954,6302,0.06076542896971233,0.45098039215686275
8842,0.8845,15,16,15,668788,7656,119969,6287,0.06063870231909771,0.45090726529441294
8843,0.8846,7,10,7,668798,7646,119976,6280,0.06055949816246357,0.4509550481114462
8844,0.8847,8,12,8,668810,7634,119984,6272,0.0604644531745026,0.45102833309362866
8845,0.8848,12,21,12,668831,7613,119996,6260,0.0602981244455709,0.45123621422907806
8846,0.8849,11,10,11,668841,7603,120007,6249,0.060218920288936766,0.45112619116373087
8847,0.885,10,13,10,668854,7590,120017,6239,0.06011595488531238,0.45115337334586736
8848,0.8851,8,18,8,668872,7572,120025,6231,0.05997338740337093,0.4514236035644425
8849,0.8852,4,10,4,668882,7562,120029,6227,0.05989418324673679,0.45159184857495105
8850,0.8853,4,12,4,668894,7550,120033,6223,0.05979913825877582,0.45182603644812314
8851,0.8854,14,15,14,668909,7535,120047,6209,0.05968033202382461,0.45176076833527357
8852,0.8855,11,6,11,668915,7529,120058,6198,0.05963280952984413,0.45151890434909303
8853,0.8856,6,15,6,668930,7514,120064,6192,0.05951400329489292,0.4517729461549686
8854,0.8857,11,19,11,668949,7495,120075,6181,0.05936351539728805,0.45195963732085404
8855,0.8858,11,13,11,668962,7482,120086,6170,0.05926054999366367,0.4519484324641078
8856,0.8859,5,13,5,668975,7469,120091,6165,0.05915758459003929,0.45217837758544815
8857,0.886,9,14,9,668989,7455,120100,6156,0.05904669877075149,0.45228124311218865
8858,0.8861,21,30,21,669019,7425,120121,6135,0.05880908630084907,0.4524336283185841
8859,0.8862,15,24,15,669043,7401,120136,6120,0.05861899632492713,0.4526292433991569
8860,0.8863,18,17,18,669060,7384,120154,6102,0.05848434925864909,0.4524692273468782
8861,0.8864,4,10,4,669070,7374,120158,6098,0.05840514510201495,0.45264251781472686
8862,0.8865,8,14,8,669084,7360,120166,6090,0.058294259282727155,0.4527881040892193
8863,0.8866,8,16,8,669100,7344,120174,6082,0.05816753263211253,0.45300163861164905
8864,0.8867,2,10,2,669110,7334,120176,6080,0.058088328475478394,0.45325779036827196
8865,0.8868,10,13,10,669123,7321,120186,6070,0.057985363071854014,0.45328952281383017
8866,0.8869,6,4,6,669127,7317,120192,6064,0.057953681409200354,0.4531798819221284
8867,0.887,9,17,9,669144,7300,120201,6055,0.057819034342922314,0.45338824410333206
8868,0.8871,4,13,4,669157,7287,120205,6051,0.05771606893929793,0.45366621682411157
8869,0.8872,18,24,18,669181,7263,120223,6033,0.057525978963375995,0.45374548736462095
8870,0.8873,1,9,1,669190,7254,120224,6032,0.057454695222405275,0.45401174168297453
8871,0.8874,6,9,6,669199,7245,120230,6026,0.05738341148143455,0.4540727902946274
8872,0.8875,6,17,6,669216,7228,120236,6020,0.05724876441515651,0.4544082125603865
8873,0.8876,8,12,8,669228,7216,120244,6012,0.05715371942719554,0.45449047475052917
8874,0.8877,4,4,4,669232,7212,120248,6008,0.05712203776454188,0.4544629349470499
8875,0.8878,6,15,6,669247,7197,120254,6002,0.05700323152959067,0.4547314190468975
8876,0.8879,8,7,8,669254,7190,120262,5994,0.056947788619946774,0.4546419902912621
8877,0.888,8,8,8,669262,7182,120270,5986,0.05688442529463946,0.4545868772782503
8878,0.8881,2,3,2,669265,7179,120272,5984,0.05686066404764922,0.45460761224644836
8879,0.8882,4,11,4,669276,7168,120276,5980,0.056773539475351666,0.45482202616367506
8880,0.8883,17,24,17,669300,7144,120293,5963,0.05658344949942973,0.4549477378500038
8881,0.8884,10,18,10,669318,7126,120303,5953,0.05644088201748828,0.4551571221041364
8882,0.8885,6,10,6,669328,7116,120309,5947,0.05636167786085414,0.4552553012324887
8883,0.8886,8,10,8,669338,7106,120317,5939,0.056282473704219994,0.4552702184745113
8884,0.8887,3,11,3,669349,7095,120320,5936,0.056195349131922444,0.4555291228608702
8885,0.8888,6,13,6,669362,7082,120326,5930,0.05609238372829806,0.45573316938210884
8886,0.8889,3,8,3,669370,7074,120329,5927,0.05602902040299075,0.45588800861472195
8887,0.889,5,13,5,669383,7061,120334,5922,0.05592605499936636,0.4561349456982208
8888,0.8891,7,4,7,669387,7057,120341,5915,0.05589437333671271,0.4559821153253161
8889,0.8892,9,11,9,669398,7046,120350,5906,0.05580724876441516,0.4559913526868437
8890,0.8893,8,12,8,669410,7034,120358,5898,0.05571220377645419,0.45607794618001857
8891,0.8894,3,13,3,669423,7021,120361,5895,0.05560923837282981,0.45641065345308146
8892,0.8895,3,12,3,669435,7009,120364,5892,0.055514193384868835,0.4567087822649407
8893,0.8896,12,19,12,669454,6990,120376,5880,0.05536370548726397,0.4568764568764569
8894,0.8897,4,4,4,669458,6986,120380,5876,0.05533202382461032,0.45684963458249106
8895,0.8898,2,12,2,669470,6974,120382,5874,0.055236978836649346,0.4571917808219178
8896,0.8899,3,8,3,669478,6966,120385,5871,0.05517361551134203,0.4573498480953494
8897,0.89,9,20,9,669498,6946,120394,5862,0.055015207198073755,0.457682698313554
8898,0.8901,16,22,16,669520,6924,120410,5846,0.05484095805347865,0.4577916992952232
8899,0.8902,7,12,7,669532,6912,120417,5839,0.05474591306551768,0.4579248686377539
8900,0.8903,8,13,8,669545,6899,120425,5831,0.054642947661893294,0.4580518460329929
8901,0.8904,5,6,5,669551,6893,120430,5826,0.05459542516791281,0.45805487852818616
8902,0.8905,5,10,5,669561,6883,120435,5821,0.05451622101127867,0.4582021410579345
8903,0.8906,5,9,5,669570,6874,120440,5816,0.05444493727030795,0.4583136327817179
8904,0.8907,4,7,4,669577,6867,120444,5812,0.05438949436066405,0.4583957725372663
8905,0.8908,13,11,13,669588,6856,120457,5799,0.05430236978836649,0.45823785065191625
8906,0.8909,2,3,2,669591,6853,120459,5797,0.05427860854137625,0.4582608695652174
8907,0.891,8,12,8,669603,6841,120467,5789,0.05418356355341528,0.4583531274742676
8908,0.8911,6,5,6,669608,6836,120473,5783,0.054143961475098215,0.4582772010460417
8909,0.8912,10,16,10,669624,6820,120483,5773,0.05401723482448359,0.4584292861113317
8910,0.8913,9,12,9,669636,6808,120492,5764,0.05392218983652262,0.45847916003818007
8911,0.8914,10,9,10,669645,6799,120502,5754,0.0538509060955519,0.4583764837090735
8912,0.8915,9,14,9,669659,6785,120511,5745,0.0537400202762641,0.45849960095770154
8913,0.8916,5,9,5,669668,6776,120516,5740,0.053668736535293374,0.45861297539149887
8914,0.8917,19,22,19,669690,6754,120535,5721,0.053494487390698266,0.45859719438877755
8915,0.8918,10,12,10,669702,6742,120545,5711,0.05339944240273729,0.458604352364892
8916,0.8919,10,17,10,669719,6725,120555,5701,0.05326479533645926,0.45879607275068407
8917,0.892,8,13,8,669732,6712,120563,5693,0.05316182993283487,0.4589278516727126
8918,0.8921,5,8,5,669740,6704,120568,5688,0.05309846660752756,0.4590058102001291
8919,0.8922,4,5,4,669745,6699,120572,5684,0.05305886452921049,0.45901639344262296
8920,0.8923,11,16,11,669761,6683,120583,5673,0.05293213787859587,0.459129168015539
8921,0.8924,2,9,2,669770,6674,120585,5671,0.05286085413762514,0.4593762656946132
8922,0.8925,10,21,10,669791,6653,120595,5661,0.052694525408693446,0.4597206431703752
8923,0.8926,4,8,4,669799,6645,120599,5657,0.052631162083386133,0.4598439278166152
8924,0.8927,15,21,15,669820,6624,120614,5642,0.05246483335445444,0.4599706505788358
8925,0.8928,11,7,11,669827,6617,120625,5631,0.05240939044481054,0.4597485303723057
8926,0.8929,12,11,12,669838,6606,120637,5619,0.05232226587251299,0.4596319018404908
8927,0.893,7,6,7,669844,6600,120644,5612,0.0522747433785325,0.4595479855879463
8928,0.8931,8,10,8,669854,6590,120652,5604,0.05219553922189837,0.45957028046580284
8929,0.8932,5,17,5,669871,6573,120657,5599,0.05206089215562033,0.4599901413079198
8930,0.8933,6,10,6,669881,6563,120663,5593,0.051981687998986184,0.46010200723922345
8931,0.8934,12,12,12,669893,6551,120675,5581,0.05188664301102522,0.4600230794592812
8932,0.8935,11,19,11,669912,6532,120686,5570,0.051736155113420355,0.4602545033878698
8933,0.8936,6,5,6,669917,6527,120692,5564,0.05169655303510328,0.46017699115044247
8934,0.8937,4,10,4,669927,6517,120696,5560,0.051617348878469145,0.4603792332532914
8935,0.8938,14,11,14,669938,6506,120710,5546,0.05153022430617159,0.46017258546299367
8936,0.8939,7,2,7,669940,6504,120717,5539,0.05151438347484476,0.4599352320850286
8937,0.894,9,26,9,669966,6478,120726,5530,0.051308452667596,0.4605263157894737
8938,0.8941,10,9,10,669975,6469,120736,5520,0.05123716892662527,0.46042205354908666
8939,0.8942,7,3,7,669978,6466,120743,5513,0.051213407679635024,0.46022205526337756
8940,0.8943,2,10,2,669988,6456,120745,5511,0.05113420352300089,0.46051642015542743
8941,0.8944,4,7,4,669995,6449,120749,5507,0.05107876061335699,0.4606055536968886
8942,0.8945,8,14,8,670009,6435,120757,5499,0.050967874794069196,0.46078431372549017
8943,0.8946,12,10,12,670019,6425,120769,5487,0.05088867063743505,0.4606279382135662
8944,0.8947,3,11,3,670030,6414,120772,5484,0.050801546065137496,0.46091780131114474
8945,0.8948,10,17,10,670047,6397,120782,5474,0.05066689899885946,0.46112374694633984
8946,0.8949,7,8,7,670055,6389,120789,5467,0.05060353567355215,0.46111673414304993
8947,0.895,11,12,11,670067,6377,120800,5456,0.05050849068559118,0.46108341080030424
8948,0.8951,10,12,10,670079,6365,120810,5446,0.05041344569763021,0.4610955888578444
8949,0.8952,10,19,10,670098,6346,120820,5436,0.05026295780002535,0.4613817687998642
8950,0.8953,12,17,12,670115,6329,120832,5424,0.05012831073374731,0.4614991916957373
8951,0.8954,11,13,11,670128,6316,120843,5413,0.05002534533012293,0.46150566970756246
8952,0.8955,14,9,14,670137,6307,120857,5399,0.0499540615891522,0.4612164701862293
8953,0.8956,6,9,6,670146,6298,120863,5393,0.04988277784818147,0.46129501325806177
8954,0.8957,5,9,5,670155,6289,120868,5388,0.049811494107210745,0.46141988524449773
8955,0.8958,10,14,10,670169,6275,120878,5378,0.04970060828792295,0.4615120569810349
8956,0.8959,7,12,7,670181,6263,120885,5371,0.049605563299961984,0.4616640880178786
8957,0.896,3,8,3,670189,6255,120888,5368,0.04954219997465467,0.4618428977028306
8958,0.8961,5,9,5,670198,6246,120893,5363,0.049470916233683944,0.4619691618571798
8959,0.8962,16,17,16,670215,6229,120909,5347,0.049336269167405904,0.4619039391845197
8960,0.8963,6,7,6,670222,6222,120915,5341,0.049280826257762006,0.46190435008215863
8961,0.8964,6,9,6,670231,6213,120921,5335,0.04920954251679128,0.46198475926567373
8962,0.8965,3,14,3,670245,6199,120924,5332,0.04909865669750348,0.4624056890122279
8963,0.8966,8,7,8,670252,6192,120932,5324,0.049043213787859585,0.4623133032302883
8964,0.8967,7,27,7,670279,6165,120939,5317,0.04882936256494741,0.4630726354293677
8965,0.8968,8,21,8,670300,6144,120947,5309,0.048663033836015716,0.4635466689950231
8966,0.8969,3,2,3,670302,6142,120950,5306,0.048647193004688886,0.463487071977638
8967,0.897,9,9,9,670311,6133,120959,5297,0.04857590926371816,0.46342957130358703
8968,0.8971,8,16,8,670327,6117,120967,5289,0.048449182613103534,0.46370331404523935
8969,0.8972,8,8,8,670335,6109,120975,5281,0.04838581928779622,0.4636523266022827
8970,0.8973,6,3,6,670338,6106,120981,5275,0.04836205804080598,0.4634917845532027
8971,0.8974,8,11,8,670349,6095,120989,5267,0.048274933468508426,0.46356275303643724
8972,0.8975,6,13,6,670362,6082,120995,5261,0.048171968064884045,0.463810279467513
8973,0.8976,8,16,8,670378,6066,121003,5253,0.04804524141426942,0.4640869334746886
8974,0.8977,9,10,9,670388,6056,121012,5244,0.04796603725763528,0.464070796460177
8975,0.8978,10,7,10,670395,6049,121022,5234,0.04791059434799138,0.4638837188690951
8976,0.8979,11,10,11,670405,6039,121033,5223,0.047831390191357244,0.4637719765583378
8977,0.898,3,10,3,670415,6029,121036,5220,0.0477521860347231,0.4640412481109432
8978,0.8981,3,5,3,670420,6024,121039,5217,0.047712583956406034,0.4641046170269549
8979,0.8982,9,11,9,670431,6013,121048,5208,0.047625459384108476,0.4641297567061759
8980,0.8983,4,22,4,670453,5991,121052,5204,0.04745121023951337,0.4648503796337651
8981,0.8984,10,19,10,670472,5972,121062,5194,0.047300722341908505,0.4651620992298048
8982,0.8985,8,8,8,670480,5964,121070,5186,0.04723735901660119,0.4651121076233184
8983,0.8986,3,6,3,670486,5958,121073,5183,0.04718983652262071,0.46521856206803697
8984,0.8987,11,11,11,670497,5947,121084,5172,0.04710271195032315,0.4651497436819858
8985,0.8988,17,7,17,670504,5940,121101,5155,0.047047269040679254,0.46462370437133843
8986,0.8989,6,9,6,670513,5931,121107,5149,0.04697598529970853,0.46471119133574007
8987,0.899,5,8,5,670521,5923,121112,5144,0.046912621974401214,0.4648052769494895
8988,0.8991,9,4,9,670525,5919,121121,5135,0.04688094031174756,0.46453772390085035
8989,0.8992,9,13,9,670538,5906,121130,5126,0.04677797490812318,0.46464829586656997
8990,0.8993,8,19,8,670557,5887,121138,5118,0.04662748701051831,0.46506133575647435
8991,0.8994,10,11,10,670568,5876,121148,5108,0.04654036243822076,0.4650400582665696
8992,0.8995,15,12,15,670580,5864,121163,5093,0.04644531745025979,0.4648170119558273
8993,0.8996,11,8,11,670588,5856,121174,5082,0.046381954124952475,0.4646187602852441
8994,0.8997,11,15,11,670603,5841,121185,5071,0.046263147890001265,0.4647177419354839
8995,0.8998,15,12,15,670615,5829,121200,5056,0.0461681029020403,0.46449242076251723
8996,0.8999,5,14,5,670629,5815,121205,5051,0.046057217082752504,0.4648444689858274
8997,0.9,7,19,7,670648,5796,121212,5044,0.045906729185147634,0.4653136531365314
8998,0.9001,11,10,11,670658,5786,121223,5033,0.0458275250285135,0.4652001109159811
8999,0.9002,9,15,9,670673,5771,121232,5024,0.04570871879356229,0.4654006484483557
9000,0.9003,11,18,11,670691,5753,121243,5013,0.04556615131162083,0.46563254690692923
9001,0.9004,5,18,5,670709,5735,121248,5008,0.045423583829679384,0.46616401377641253
9002,0.9005,12,24,12,670733,5711,121260,4996,0.045233493853757446,0.46661062856075464
9003,0.9006,4,6,4,670739,5705,121264,4992,0.045185971359776964,0.46667289894362907
9004,0.9007,9,9,9,670748,5696,121273,4983,0.045114687618806236,0.46661672441239815
9005,0.9008,11,9,11,670757,5687,121284,4972,0.04504340387783551,0.4664602683178535
9006,0.9009,5,14,5,670771,5673,121289,4967,0.04493251805854771,0.4668233082706767
9007,0.901,8,18,8,670789,5655,121297,4959,0.04478995057660626,0.4672131147540984
9008,0.9011,10,14,10,670803,5641,121307,4949,0.04467906475731846,0.46732766761095373
9009,0.9012,4,20,4,670823,5621,121311,4945,0.044520656444050184,0.46801060003785727
9010,0.9013,10,15,10,670838,5606,121321,4935,0.044401850209098974,0.46817190019922206
9011,0.9014,3,6,3,670844,5600,121324,4932,0.04435432771511849,0.4682871249525256
9012,0.9015,8,7,8,670851,5593,121332,4924,0.04429888480547459,0.4681943520015213
9013,0.9016,5,2,5,670853,5591,121337,4919,0.044283043974147764,0.4680304471931494
9014,0.9017,13,16,13,670869,5575,121350,4906,0.04415631732353314,0.46808510638297873
9015,0.9018,16,22,16,670891,5553,121366,4890,0.04398206817893803,0.4682562482045389
9016,0.9019,8,2,8,670893,5551,121374,4882,0.0439662273476112,0.467938272788268
9017,0.902,12,6,12,670899,5545,121386,4870,0.04391870485363072,0.4675948151704273
9018,0.9021,7,13,7,670912,5532,121393,4863,0.04381573945000634,0.4678210678210678
9019,0.9022,18,18,18,670930,5514,121411,4845,0.04367317196806488,0.46770923834346945
9020,0.9023,9,10,9,670940,5504,121420,4836,0.043593967811430746,0.46769825918762087
9021,0.9024,4,8,4,670948,5496,121424,4832,0.043530604486123434,0.4678543764523625
9022,0.9025,7,9,7,670957,5487,121431,4825,0.043459320745152706,0.46790147401086113
9023,0.9026,11,8,11,670965,5479,121442,4814,0.04339595741984539,0.4676964927620713
9024,0.9027,14,11,14,670976,5468,121456,4800,0.043308832847547836,0.4674717569146864
9025,0.9028,11,7,11,670983,5461,121467,4789,0.04325338993790394,0.467219512195122
9026,0.9029,4,7,4,670990,5454,121471,4785,0.04319794702826004,0.46733079402285377
9027,0.903,10,11,10,671001,5443,121481,4775,0.04311082245596249,0.46731258563319633
9028,0.9031,6,12,6,671013,5431,121487,4769,0.04301577746800152,0.4675490196078431
9029,0.9032,7,10,7,671023,5421,121494,4762,0.04293657331136738,0.46764214867917114
9030,0.9033,8,13,8,671036,5408,121502,4754,0.042833607907743,0.4678212950206652
9031,0.9034,7,12,7,671048,5396,121509,4747,0.04273856291978203,0.4680074928522133
9032,0.9035,3,13,3,671061,5383,121512,4744,0.04263559751615765,0.4684506764095981
9033,0.9036,3,8,3,671069,5375,121515,4741,0.042572234190850336,0.46866350336101226
9034,0.9037,9,13,9,671082,5362,121524,4732,0.042469268787225956,0.46879334257975036
9035,0.9038,5,10,5,671092,5352,121529,4727,0.04239006463059181,0.4689949399742038
9036,0.9039,7,12,7,671104,5340,121536,4720,0.04229501964263085,0.4691848906560636
9037,0.904,14,10,14,671114,5330,121550,4706,0.042215815485996705,0.4689119170984456
9038,0.9041,4,9,4,671123,5321,121554,4702,0.04214453174502598,0.46912102165020453
9039,0.9042,14,27,14,671150,5294,121568,4688,0.0419306805221138,0.46964536165097176
9040,0.9043,7,7,7,671157,5287,121575,4681,0.041875237612469904,0.4696027287319422
9041,0.9044,9,10,9,671167,5277,121584,4672,0.04179603345583576,0.4695949341642376
9042,0.9045,13,13,13,671180,5264,121597,4659,0.04169306805221138,0.46951526756021367
9043,0.9046,15,8,15,671188,5256,121612,4644,0.04162970472690407,0.4690909090909091
9044,0.9047,6,14,6,671202,5242,121618,4638,0.04151881890761627,0.4694331983805668
9045,0.9048,8,20,8,671222,5222,121626,4630,0.041360410594347995,0.4699553390174584
9046,0.9049,2,4,2,671226,5218,121628,4628,0.041328728931694335,0.47003859435303674
9047,0.905,12,9,12,671235,5209,121640,4616,0.04125744519072361,0.46982188295165395
9048,0.9051,1,4,1,671239,5205,121641,4615,0.041225763528069954,0.469959266802444
9049,0.9052,8,15,8,671254,5190,121649,4607,0.041106957293118744,0.4702459936715321
9050,0.9053,8,10,8,671264,5180,121657,4599,0.0410277531364846,0.47029348604151755
9051,0.9054,11,13,11,671277,5167,121668,4588,0.04092478773286022,0.47032291132752435
9052,0.9055,3,6,3,671283,5161,121671,4585,0.04087726523887974,0.47044941514467475
9053,0.9056,9,9,9,671292,5152,121680,4576,0.04080598149790901,0.47039473684210525
9054,0.9057,7,8,7,671300,5144,121687,4569,0.0407426181726017,0.47040049418305363
9055,0.9058,9,11,9,671311,5133,121696,4560,0.04065549360030414,0.4704425874342309
9056,0.9059,10,9,10,671320,5124,121706,4550,0.04058420985933342,0.4703328509406657
9057,0.906,5,10,5,671330,5114,121711,4545,0.04050500570269928,0.4705456051351072
9058,0.9061,5,10,5,671340,5104,121716,4540,0.040425801546065135,0.4707590211530485
9059,0.9062,8,13,8,671353,5091,121724,4532,0.040322836142440754,0.4709550036371194
9060,0.9063,16,11,16,671364,5080,121740,4516,0.040235711570143204,0.47061275531471447
9061,0.9064,2,6,2,671370,5074,121742,4514,0.040188189076162714,0.4707968293700459
9062,0.9065,10,16,10,671386,5058,121752,4504,0.040061462425548096,0.4710311650282368
9063,0.9066,5,13,5,671399,5045,121757,4499,0.03995849702192371,0.47139564124057
9064,0.9067,7,14,7,671413,5031,121764,4492,0.03984761120263591,0.4717000945080332
9065,0.9068,3,13,3,671426,5018,121767,4489,0.03974464579901153,0.47217839486694013
9066,0.9069,3,3,3,671429,5015,121770,4486,0.03972088455202129,0.4721608251762972
9067,0.907,3,6,3,671435,5009,121773,4483,0.039673362058040805,0.4722924568057311
9068,0.9071,3,3,3,671438,5006,121776,4480,0.03964960081105057,0.4722749314779675
9069,0.9072,10,12,10,671450,4994,121786,4470,0.039554555823089595,0.4723161453930685
9070,0.9073,2,9,2,671459,4985,121788,4468,0.03948327208211887,0.4726541838569766
9071,0.9074,16,8,16,671467,4977,121804,4452,0.039419908756811554,0.47216035634743875
9072,0.9075,7,17,7,671484,4960,121811,4445,0.03928526169053352,0.47262094630515683
9073,0.9076,6,6,6,671490,4954,121817,4439,0.03923773919655304,0.47258596827424676
9074,0.9077,10,8,10,671498,4946,121827,4429,0.039174375871245726,0.47242666666666666
9075,0.9078,5,11,5,671509,4935,121832,4424,0.03908725129894817,0.47270007479431564
9076,0.9079,7,14,7,671523,4921,121839,4417,0.03897636547966037,0.47301349325337333
9077,0.908,8,10,8,671533,4911,121847,4409,0.03889716132302623,0.473068669527897
9078,0.9081,10,21,10,671554,4890,121857,4399,0.03873083259409454,0.47357089030035526
9079,0.9082,9,5,9,671559,4885,121866,4390,0.03869123051577747,0.4733153638814016
9080,0.9083,10,10,10,671569,4875,121876,4380,0.03861202635914333,0.473257698541329
9081,0.9084,7,7,7,671576,4868,121883,4373,0.03855658344949943,0.47321718428741477
9082,0.9085,11,12,11,671588,4856,121894,4362,0.038461538461538464,0.47320459969624645
9083,0.9086,4,7,4,671595,4849,121898,4358,0.038406095551894566,0.4733355055935701
9084,0.9087,11,12,11,671607,4837,121909,4347,0.038311050563933594,0.4733231707317073
9085,0.9088,16,16,16,671623,4821,121925,4331,0.03818432391331897,0.4732298951048951
9086,0.9089,10,9,10,671632,4812,121935,4321,0.03811304017234825,0.4731194569144859
9087,0.909,9,9,9,671641,4803,121944,4312,0.03804175643137752,0.4730663741086122
9088,0.9091,12,18,12,671659,4785,121956,4300,0.037899188949436065,0.4733076499724821
9089,0.9092,10,15,10,671674,4770,121966,4290,0.037780382714484854,0.4735099337748344
9090,0.9093,10,7,10,671681,4763,121976,4280,0.03772493980484096,0.4732942607541745
9091,0.9094,4,11,4,671692,4752,121980,4276,0.037637815232543406,0.47363757199822776
9092,0.9095,2,13,2,671705,4739,121982,4274,0.03753484982891902,0.4742039276600466
9093,0.9096,5,5,5,671710,4734,121987,4269,0.03749524775060195,0.47417527490836386
9094,0.9097,2,9,2,671719,4725,121989,4267,0.03742396400963122,0.4745329181494662
9095,0.9098,4,8,4,671727,4717,121993,4263,0.03736060068432391,0.47472160356347437
9096,0.9099,6,11,6,671738,4706,121999,4257,0.03727347611202636,0.4749525828405668
9097,0.91,8,13,8,671751,4693,122007,4249,0.03717051070840198,0.4751733392976963
9098,0.9101,11,16,11,671767,4677,122018,4238,0.037043784057787355,0.47537857543466067
9099,0.9102,8,9,8,671776,4668,122026,4230,0.03697250031681663,0.4753877275792313
9100,0.9103,9,6,9,671782,4662,122035,4221,0.036924977822836144,0.475177304964539
9101,0.9104,4,9,4,671791,4653,122039,4217,0.03685369408186542,0.4754227733934611
9102,0.9105,11,6,11,671797,4647,122050,4206,0.036806171587884934,0.4750931887495764
9103,0.9106,12,5,12,671802,4642,122062,4194,0.03676656950956786,0.47464916251697603
9104,0.9107,11,19,11,671821,4623,122073,4183,0.036616081611962996,0.47501703384056326
9105,0.9108,7,9,7,671830,4614,122080,4176,0.03654479787099227,0.4750853242320819
9106,0.9109,3,2,3,671832,4612,122083,4173,0.03652895703966544,0.47501422879908933
9107,0.911,6,15,6,671847,4597,122089,4167,0.03641015080471423,0.47546782291191236
9108,0.9111,8,8,8,671855,4589,122097,4159,0.03634678747940692,0.4754229538180155
9109,0.9112,8,6,8,671861,4583,122105,4151,0.03629926498542643,0.4752690634302725
9110,0.9113,12,24,12,671885,4559,122117,4139,0.0361091750095045,0.4758565187399402
9111,0.9114,6,9,6,671894,4550,122123,4133,0.036037891268533774,0.47598756190256825
9112,0.9115,9,13,9,671907,4537,122132,4124,0.035934925864909394,0.47615748758803833
9113,0.9116,3,6,3,671913,4531,122135,4121,0.035887403370928904,0.4763060564031438
9114,0.9117,9,11,9,671924,4520,122144,4112,0.03580027879863135,0.4763670064874884
9115,0.9118,10,18,10,671942,4502,122154,4102,0.0356577113166899,0.4767549976754998
9116,0.9119,5,8,5,671950,4494,122159,4097,0.035594347991382586,0.4768944243976254
9117,0.912,2,12,2,671962,4482,122161,4095,0.03549930300342162,0.4774396642182581
9118,0.9121,0,2,0,671964,4480,122161,4095,0.03548346217209479,0.4775510204081633
9119,0.9122,5,11,5,671975,4469,122166,4090,0.03539633759979724,0.4778595630330646
9120,0.9123,11,6,11,671981,4463,122177,4079,0.03534881510581675,0.47752282837742915
9121,0.9124,11,12,11,671993,4451,122188,4068,0.035253770117855784,0.4775208357788473
9122,0.9125,10,14,10,672007,4437,122198,4058,0.03514288429856799,0.47769276044732195
9123,0.9126,6,9,6,672016,4428,122204,4052,0.03507160055759726,0.47783018867924526
9124,0.9127,9,10,9,672026,4418,122213,4043,0.034992396400963126,0.4778394988772013
9125,0.9128,8,24,8,672050,4394,122221,4035,0.03480230642504119,0.47870447265393284
9126,0.9129,3,7,3,672057,4387,122224,4032,0.03474686351539729,0.4789167359543889
9127,0.913,8,11,8,672068,4376,122232,4024,0.03465973894309973,0.47904761904761906
9128,0.9131,11,6,11,672074,4370,122243,4013,0.03461221644911925,0.47870690683526185
9129,0.9132,6,12,6,672086,4358,122249,4007,0.034517171461158284,0.47901972504482965
9130,0.9133,11,11,11,672097,4347,122260,3996,0.03443004688886073,0.47896440129449835
9131,0.9134,13,11,13,672108,4336,122273,3983,0.034342922316563176,0.478783507633129
9132,0.9135,4,5,4,672113,4331,122277,3979,0.0343033202382461,0.47882069795427196
9133,0.9136,2,7,2,672120,4324,122279,3977,0.034247877328602204,0.4790989037465366
9134,0.9137,12,9,12,672129,4315,122291,3965,0.034176593587631476,0.4788647342995169
9135,0.9138,2,0,2,672129,4315,122293,3963,0.034176593587631476,0.47873882580333416
9136,0.9139,5,10,5,672139,4305,122298,3958,0.03409738943099734,0.4790027834926782
9137,0.914,2,13,2,672152,4292,122300,3956,0.03399442402737295,0.47963142580019397
9138,0.9141,4,7,4,672159,4285,122304,3952,0.033938981117729056,0.47978632997450527
9139,0.9142,10,16,10,672175,4269,122314,3942,0.03381225446711444,0.48008768724881257
9140,0.9143,5,10,5,672185,4259,122319,3937,0.033733050310480295,0.48035627135187897
9141,0.9144,10,11,10,672196,4248,122329,3927,0.03364592573818274,0.4803669724770642
9142,0.9145,7,8,7,672204,4240,122336,3920,0.033582562412875425,0.4803921568627451
9143,0.9146,3,3,3,672207,4237,122339,3917,0.03355880116588519,0.4803777287220996
9144,0.9147,9,11,9,672218,4226,122348,3908,0.03347167659358763,0.4804524219326285
9145,0.9148,1,5,1,672223,4221,122349,3907,0.03343207451527056,0.48068405511811024
9146,0.9149,10,16,10,672239,4205,122359,3897,0.033305347864655936,0.4809923475685016
9147,0.915,5,16,5,672255,4189,122364,3892,0.03317862121404131,0.4816235614404158
9148,0.9151,7,20,7,672275,4169,122371,3885,0.03302021290077303,0.48236900918798115
9149,0.9152,3,9,3,672284,4160,122374,3882,0.032948929159802305,0.4827157423526486
9150,0.9153,9,14,9,672298,4146,122383,3873,0.03283804334051451,0.4829779274223719
9151,0.9154,3,6,3,672304,4140,122386,3870,0.03279052084653403,0.48314606741573035
9152,0.9155,6,12,6,672316,4128,122392,3864,0.032695475858573055,0.48348348348348347
9153,0.9156,5,9,5,672325,4119,122397,3859,0.032624192117602334,0.4837051892704939
9154,0.9157,10,4,10,672329,4115,122407,3849,0.032592510454948674,0.48329984932194875
9155,0.9158,4,2,4,672331,4113,122411,3845,0.032576669623621844,0.48316159839155565
9156,0.9159,4,8,4,672339,4105,122415,3841,0.03251330629831454,0.48338786810974077
9157,0.916,5,12,5,672351,4093,122420,3836,0.032418261310353566,0.4837936688106949
9158,0.9161,4,9,4,672360,4084,122424,3832,0.03234697756938284,0.48408287013643253
9159,0.9162,7,9,7,672369,4075,122431,3825,0.03227569382841212,0.48417721518987344
9160,0.9163,6,8,6,672377,4067,122437,3819,0.032212330503104805,0.48427593203144814
9161,0.9164,7,6,7,672383,4061,122444,3812,0.032164808009124315,0.48418646005334687
9162,0.9165,5,9,5,672392,4052,122449,3807,0.032093524268153595,0.48441277516223435
9163,0.9166,12,7,12,672399,4045,122461,3795,0.0320380813585097,0.4840561224489796
9164,0.9167,10,14,10,672413,4031,122471,3785,0.0319271955392219,0.4842630501535312
9165,0.9168,13,13,13,672426,4018,122484,3772,0.031824230135597514,0.4842105263157895
9166,0.9169,3,5,3,672431,4013,122487,3769,0.03178462805728045,0.48432279619635055
9167,0.917,10,11,10,672442,4002,122497,3759,0.03169750348498289,0.4843448009277155
9168,0.9171,6,9,6,672451,3993,122503,3753,0.03162621974401217,0.4845081332300542
9169,0.9172,9,9,9,672460,3984,122512,3744,0.03155493600304144,0.484472049689441
9170,0.9173,5,8,5,672468,3976,122517,3739,0.03149157267773413,0.4846403110823072
9171,0.9174,6,7,6,672475,3969,122523,3733,0.03143612976809023,0.48467930407686316
9172,0.9175,6,13,6,672488,3956,122529,3727,0.03133316436446585,0.48509696733046986
9173,0.9176,1,6,1,672494,3950,122530,3726,0.03128564187048536,0.4854090672225117
9174,0.9177,12,18,12,672512,3932,122542,3714,0.031143074388543912,0.48574417996337954
9175,0.9178,6,13,6,672525,3919,122548,3708,0.031040108984919528,0.48616756260652944
9176,0.9179,2,9,2,672534,3910,122550,3706,0.030968825243948804,0.48660714285714285
9177,0.918,4,3,4,672537,3907,122554,3702,0.03094506399695856,0.48652911026416085
9178,0.9181,2,8,2,672545,3899,122556,3700,0.030881700671651247,0.486906171864719
9179,0.9182,9,12,9,672557,3887,122565,3691,0.03078665568369028,0.4870678279229348
9180,0.9183,8,10,8,672567,3877,122573,3683,0.03070745152705614,0.4871693121693122
9181,0.9184,18,10,18,672577,3867,122591,3665,0.030628247370422,0.4865905469994689
9182,0.9185,7,8,7,672585,3859,122598,3658,0.030564884045114687,0.48663030464280965
9183,0.9186,3,3,3,672588,3856,122601,3655,0.030541122798124445,0.48661962455065905
9184,0.9187,0,1,0,672589,3855,122601,3655,0.03053320238246103,0.4866844207723036
9185,0.9188,10,15,10,672604,3840,122611,3645,0.03041439614750982,0.48697394789579157
9186,0.9189,3,2,3,672606,3838,122614,3642,0.030398555316182994,0.4868983957219251
9187,0.919,4,9,4,672615,3829,122618,3638,0.030327271575212266,0.48721039239319675
9188,0.9191,5,10,5,672625,3819,122623,3633,0.030248067418578127,0.48752012882447665
9189,0.9192,11,6,11,672631,3813,122634,3622,0.030200544924597644,0.4871553463349025
9190,0.9193,6,7,6,672638,3806,122640,3616,0.030145102014953743,0.4872002155753166
9191,0.9194,12,10,12,672648,3796,122652,3604,0.030065897858319604,0.48702702702702705
9192,0.9195,3,3,3,672651,3793,122655,3601,0.030042136611329363,0.4870164998647552
9193,0.9196,8,5,8,672656,3788,122663,3593,0.03000253453301229,0.4867904078038206
9194,0.9197,1,10,1,672666,3778,122664,3592,0.029923330376378152,0.4873812754409769
9195,0.9198,18,21,18,672687,3757,122682,3574,0.02975700164744646,0.4875187559678079
9196,0.9199,4,5,4,672692,3752,122686,3570,0.029717399569129388,0.4875717017208413
9197,0.92,11,15,11,672707,3737,122697,3559,0.029598593334178178,0.4878015350877193
9198,0.9201,5,10,5,672717,3727,122702,3554,0.02951938917754404,0.4881197637687131
9199,0.9202,5,3,5,672720,3724,122707,3549,0.029495627930553797,0.4879692011549567
9200,0.9203,5,6,5,672726,3718,122712,3544,0.02944810543657331,0.488019829248141
9201,0.9204,5,10,5,672736,3708,122717,3539,0.029368901279939172,0.48834000275976264
9202,0.9205,7,9,7,672745,3699,122724,3532,0.029297617538968444,0.4884524961969299
9203,0.9206,2,6,2,672751,3693,122726,3530,0.02925009504498796,0.48871659975079607
9204,0.9207,10,3,10,672754,3690,122736,3520,0.02922633379799772,0.4882108183079057
9205,0.9208,7,11,7,672765,3679,122743,3513,0.029139209225700166,0.48845939933259175
9206,0.9209,11,8,11,672773,3671,122754,3502,0.029075845900392853,0.48821971281193366
9207,0.921,7,12,7,672785,3659,122761,3495,0.028980800912431885,0.488537880905787
9208,0.9211,7,7,7,672792,3652,122768,3488,0.028925358002787987,0.48851540616246497
9209,0.9212,8,4,8,672796,3648,122776,3480,0.02889367634013433,0.4882154882154882
9210,0.9213,8,6,8,672802,3642,122784,3472,0.028846153846153848,0.4880517289850998
9211,0.9214,11,10,11,672812,3632,122795,3461,0.028766949689519705,0.48794586211758073
9212,0.9215,10,9,10,672821,3623,122805,3451,0.02869566594854898,0.48784280463669777
9213,0.9216,6,9,6,672830,3614,122811,3445,0.028624382207578253,0.4880294659300184
9214,0.9217,7,9,7,672839,3605,122818,3438,0.028553098466607526,0.48814425670878886
9215,0.9218,6,4,6,672843,3601,122824,3432,0.028521416803953873,0.4879852125693161
9216,0.9219,2,8,2,672851,3593,122826,3430,0.02845805347864656,0.4883952726754948
9217,0.922,9,4,9,672855,3589,122835,3421,0.028426371815992904,0.48801711840228246
9218,0.9221,7,8,7,672863,3581,122842,3414,0.02836300849068559,0.4880629020729092
9219,0.9222,8,5,8,672868,3576,122850,3406,0.02832340641236852,0.4878258378688055
9220,0.9223,12,5,12,672873,3571,122862,3394,0.028283804334051452,0.48729361091170137
9221,0.9224,9,10,9,672883,3561,122871,3385,0.02820460017741731,0.48733083789231213
9222,0.9225,5,6,5,672889,3555,122876,3380,0.028157077683436827,0.48738284066330206
9223,0.9226,11,7,11,672896,3548,122887,3369,0.02810163477379293,0.4870608645366488
9224,0.9227,6,1,6,672897,3547,122893,3363,0.028093714358129514,0.4866859623733719
9225,0.9228,5,10,5,672907,3537,122898,3358,0.028014510201495375,0.4870195794053662
9226,0.9229,14,16,14,672923,3521,122912,3344,0.02788778355088075,0.48710852148579753
9227,0.923,9,9,9,672932,3512,122921,3335,0.027816499809910022,0.48707463122535416
9228,0.9231,7,4,7,672936,3508,122928,3328,0.02778481814725637,0.48683440608543005
9229,0.9232,2,11,2,672947,3497,122930,3326,0.027697693574958812,0.48746885534222484
9230,0.9233,13,4,13,672951,3493,122943,3313,0.02766601191230516,0.4867763737878343
9231,0.9234,3,3,3,672954,3490,122946,3310,0.027642250665314914,0.48676470588235293
9232,0.9235,3,8,3,672962,3482,122949,3307,0.027578887340007605,0.4871115039033731
9233,0.9236,7,9,7,672971,3473,122956,3300,0.027507603599036878,0.48722870219991143
9234,0.9237,13,11,13,672982,3462,122969,3287,0.027420479026739324,0.4870351163135279
9235,0.9238,2,2,2,672984,3460,122971,3285,0.027404638195412494,0.4870274277242402
9236,0.9239,5,7,5,672991,3453,122976,3280,0.027349195285768596,0.48715282934798754
9237,0.924,5,8,5,672999,3445,122981,3275,0.027285831960461283,0.48735119047619047
9238,0.9241,5,6,5,673005,3439,122986,3270,0.0272383094664808,0.487404978387241
9239,0.9242,7,8,7,673013,3431,122993,3263,0.027174946141173488,0.4874514490588587
9240,0.9243,7,5,7,673018,3426,123000,3256,0.02713534406285642,0.48727925770727326
9241,0.9244,3,10,3,673028,3416,123003,3253,0.027056139906222278,0.48777927725296144
9242,0.9245,8,7,8,673035,3409,123011,3245,0.02700069699657838,0.4876765855124737
9243,0.9246,4,3,4,673038,3406,123015,3241,0.02697693574958814,0.4875883857379269
9244,0.9247,4,5,4,673043,3401,123019,3237,0.026937333671271067,0.48764688159084063
9245,0.9248,15,20,15,673063,3381,123034,3222,0.02677892535800279,0.4879600181735575
9246,0.9249,8,11,8,673074,3370,123042,3214,0.026691800785705235,0.4881530984204131
9247,0.925,2,6,2,673080,3364,123044,3212,0.02664427829172475,0.4884428223844282
9248,0.9251,8,7,8,673087,3357,123052,3204,0.02658883538208085,0.4883401920438957
9249,0.9252,10,7,10,673094,3350,123062,3194,0.026533392472436954,0.488080684596577
9250,0.9253,6,3,6,673097,3347,123068,3188,0.026509631225446712,0.48783473603672534
9251,0.9254,5,19,5,673116,3328,123073,3183,0.026359143327841845,0.4888649976962064
9252,0.9255,2,6,2,673122,3322,123075,3181,0.026311620833861363,0.4891588497616485
9253,0.9256,7,12,7,673134,3310,123082,3174,0.026216575845900394,0.4895126465144972
9254,0.9257,2,7,2,673141,3303,123084,3172,0.026161132936256496,0.4898841698841699
9255,0.9258,5,6,5,673147,3297,123089,3167,0.02611361044227601,0.4899443069306931
9256,0.9259,4,7,4,673154,3290,123093,3163,0.026058167532632112,0.4901596156826282
9257,0.926,5,11,5,673165,3279,123098,3158,0.025971042960334558,0.49060121174460153
9258,0.9261,4,12,4,673177,3267,123102,3154,0.02587599797237359,0.491200747547111
9259,0.9262,9,18,9,673195,3249,123111,3145,0.025733430490432137,0.49186737566468564
9260,0.9263,12,14,12,673209,3235,123123,3133,0.025622544671144342,0.49199120603015073
9261,0.9264,10,6,10,673215,3229,123133,3123,0.025575022177163856,0.49165617128463474
9262,0.9265,10,12,10,673227,3217,123143,3113,0.02547997718920289,0.49178515007898893
9263,0.9266,10,12,10,673239,3205,123153,3103,0.02538493220124192,0.4919150285351934
9264,0.9267,12,8,12,673247,3197,123165,3091,0.02532156887593461,0.49157124681933845
9265,0.9268,3,6,3,673253,3191,123168,3088,0.025274046381954126,0.4917980570154483
9266,0.9269,5,2,5,673255,3189,123173,3083,0.025258205550627296,0.49154974489795916
9267,0.927,6,13,6,673268,3176,123179,3077,0.025155240147002916,0.49208379977610744
9268,0.9271,6,6,6,673274,3170,123185,3071,0.02510771765302243,0.49206857875340493
9269,0.9272,5,6,5,673280,3164,123190,3066,0.025060195159041947,0.49213483146067416
9270,0.9273,1,5,1,673285,3159,123191,3065,0.025020593080724875,0.49244858611825193
9271,0.9274,4,13,4,673298,3146,123195,3061,0.024917627677100495,0.49315289189624617
9272,0.9275,7,13,7,673311,3133,123202,3054,0.02481466227347611,0.49361564570874417
9273,0.9276,7,10,7,673321,3123,123209,3047,0.024735458116841972,0.4938411669367909
9274,0.9277,3,6,3,673327,3117,123212,3044,0.02468793562286149,0.49407563707190394
9275,0.9278,7,8,7,673335,3109,123219,3037,0.024624572297554177,0.49414253172795314
9276,0.9279,2,3,2,673338,3106,123221,3035,0.024600811050563935,0.4942191825435597
9277,0.928,11,12,11,673350,3094,123232,3024,0.024505766062602966,0.494279176201373
9278,0.9281,3,0,3,673350,3094,123235,3021,0.024505766062602966,0.4940310711365495
9279,0.9282,6,8,6,673358,3086,123241,3015,0.024442402737295654,0.494181281757089
9280,0.9283,15,20,15,673378,3066,123256,3000,0.024283994424027372,0.49455984174085066
9281,0.9284,7,11,7,673389,3055,123263,2993,0.024196869851729818,0.4948743386243386
9282,0.9285,4,9,4,673398,3046,123267,2989,0.024125586110759094,0.4952775476387738
9283,0.9286,2,8,2,673406,3038,123269,2987,0.02406222278545178,0.49576763485477177
9284,0.9287,8,2,8,673408,3036,123277,2979,0.02404638195412495,0.4952618453865337
9285,0.9288,0,2,0,673410,3034,123277,2979,0.024030541122798125,0.4954265757525362
9286,0.9289,8,5,8,673415,3029,123285,2971,0.023990939044481054,0.49516666666666664
9287,0.929,2,4,2,673419,3025,123287,2969,0.023959257381827397,0.49532866199532866
9288,0.9291,6,9,6,673428,3016,123293,2963,0.023887973640856673,0.49556782070580363
9289,0.9292,4,14,4,673442,3002,123297,2959,0.023777087821568874,0.4963932226136554
9290,0.9293,8,12,8,673454,2990,123305,2951,0.02368204283360791,0.49671772428884026
9291,0.9294,3,7,3,673461,2983,123308,2948,0.02362659992396401,0.4970494014500084
9292,0.9295,8,9,8,673470,2974,123316,2940,0.023555316182993283,0.4971254649983091
9293,0.9296,2,6,2,673476,2968,123318,2938,0.0235077936890128,0.49746020995597695
9294,0.9297,5,11,5,673487,2957,123323,2933,0.023420669116715247,0.49796264855687605
9295,0.9298,8,7,8,673494,2950,123331,2925,0.023365226207071346,0.4978723404255319
9296,0.9299,2,4,2,673498,2946,123333,2923,0.023333544544417693,0.49804055205316067
9297,0.93,8,16,8,673514,2930,123341,2915,0.023206817893803067,0.49871685201026517
9298,0.9301,4,10,4,673524,2920,123345,2911,0.02312761373716893,0.4992282627336649
9299,0.9302,7,12,7,673536,2908,123352,2904,0.02303256874920796,0.49965588437715075
9300,0.9303,3,12,3,673548,2896,123355,2901,0.02293752376124699,0.5004312575470071
9301,0.9304,3,8,3,673556,2888,123358,2898,0.022874160435939678,0.5008641548565503
9302,0.9305,7,7,7,673563,2881,123365,2891,0.02281871752629578,0.5008662508662509
9303,0.9306,6,6,6,673569,2875,123371,2885,0.022771195032315297,0.5008680555555556
9304,0.9307,8,11,8,673580,2864,123379,2877,0.022684070460017743,0.5011322069325902
9305,0.9308,4,8,4,673588,2856,123383,2873,0.02262070713471043,0.5014836795252225
9306,0.9309,3,13,3,673601,2843,123386,2870,0.022517741731086047,0.5023630316821285
9307,0.931,6,9,6,673610,2834,123392,2864,0.022446457990115323,0.5026325026325026
9308,0.9311,5,9,5,673619,2825,123397,2859,0.022375174249144595,0.502990851513019
9309,0.9312,5,16,5,673635,2809,123402,2854,0.02224844759852997,0.5039731591029489
9310,0.9313,2,2,2,673637,2807,123404,2852,0.022232606767203143,0.5039759674854215
9311,0.9314,5,3,5,673640,2804,123409,2847,0.022208845520212902,0.5038046363475491
9312,0.9315,3,11,3,673651,2793,123412,2844,0.022121720947915348,0.5045236828100054
9313,0.9316,6,10,6,673661,2783,123418,2838,0.022042516791281205,0.5048923679060665
9314,0.9317,11,3,11,673664,2780,123429,2827,0.022018755544290964,0.504191189584448
9315,0.9318,14,11,14,673675,2769,123443,2813,0.02193163097199341,0.5039412396990326
9316,0.9319,7,11,7,673686,2758,123450,2806,0.021844506399695856,0.50431344356578
9317,0.932,6,7,6,673693,2751,123456,2800,0.021789063490051958,0.5044136191677175
9318,0.9321,3,12,3,673705,2739,123459,2797,0.02169401850209099,0.5052384393063584
9319,0.9322,3,3,3,673708,2736,123462,2794,0.021670257255100748,0.5052441229656419
9320,0.9323,9,8,9,673716,2728,123471,2785,0.021606893929793435,0.5051695991293307
9321,0.9324,7,6,7,673722,2722,123478,2778,0.021559371435812952,0.5050909090909091
9322,0.9325,10,10,10,673732,2712,123488,2768,0.02148016727917881,0.5051094890510949
9323,0.9326,2,5,2,673737,2707,123490,2766,0.021440565200861742,0.5053900968390279
9324,0.9327,7,9,7,673746,2698,123497,2759,0.021369281459891015,0.5055891515484698
9325,0.9328,5,4,5,673750,2694,123502,2754,0.021337599797237358,0.5055066079295154
9326,0.9329,3,8,3,673758,2686,123505,2751,0.021274236471930046,0.5059775611550488
9327,0.933,7,3,7,673761,2683,123512,2744,0.021250475224939804,0.5056200479086052
9328,0.9331,6,11,6,673772,2672,123518,2738,0.02116335065264225,0.5060998151571164
9329,0.9332,6,2,6,673774,2670,123524,2732,0.021147509821315424,0.5057386153276564
9330,0.9333,6,8,6,673782,2662,123530,2726,0.02108414649600811,0.505939123979213
9331,0.9334,2,5,2,673787,2657,123532,2724,0.02104454441769104,0.5062256086229325
9332,0.9335,6,4,6,673791,2653,123538,2718,0.021012862755037384,0.5060510147086204
9333,0.9336,8,15,8,673806,2638,123546,2710,0.020894056520086173,0.5067314884068811
9334,0.9337,8,4,8,673810,2634,123554,2702,0.020862374857432517,0.5063718140929535
9335,0.9338,3,2,3,673812,2632,123557,2699,0.02084653402610569,0.5062839992496717
9336,0.9339,9,6,9,673818,2626,123566,2690,0.020799011532125204,0.5060195635816404
9337,0.934,5,13,5,673831,2613,123571,2685,0.020696046128500824,0.5067950169875425
9338,0.9341,0,4,0,673835,2609,123571,2685,0.020664364465847167,0.5071779372874953
9339,0.9342,5,2,5,673837,2607,123576,2680,0.02064852363452034,0.5069037261206734
9340,0.9343,6,12,6,673849,2595,123582,2674,0.020553478646559372,0.5074966786866578
9341,0.9344,2,5,2,673854,2590,123584,2672,0.0205138765682423,0.507791714177119
9342,0.9346,7,3,7,673857,2587,123591,2665,0.02049011532125206,0.5074257425742574
9343,0.9347,6,5,6,673862,2582,123597,2659,0.020450513242934988,0.5073459263499333
9344,0.9348,7,4,7,673866,2578,123604,2652,0.020418831580281332,0.5070745697896749
9345,0.9349,4,2,4,673868,2576,123608,2648,0.020402990748954505,0.5068912710566615
9346,0.935,14,9,14,673877,2567,123622,2634,0.020331707007983778,0.5064410690251875
9347,0.9351,6,6,6,673883,2561,123628,2628,0.020284184514003295,0.5064559645403739
9348,0.9352,3,1,3,673884,2560,123631,2625,0.02027626409833988,0.506268081002893
9349,0.9353,7,8,7,673892,2552,123638,2618,0.020212900773032567,0.5063829787234042
9350,0.9354,8,5,8,673897,2547,123646,2610,0.0201732986947155,0.506108202443281
9351,0.9355,7,15,7,673912,2532,123653,2603,0.02005449245976429,0.5069133398247322
9352,0.9356,5,6,5,673918,2526,123658,2598,0.020006969965783803,0.5070257611241218
9353,0.9357,3,7,3,673925,2519,123661,2595,0.019951527056139905,0.5074305827141181
9354,0.9358,4,5,4,673930,2514,123665,2591,0.019911924977822838,0.5075416258570029
9355,0.9359,9,12,9,673942,2502,123674,2582,0.01981687998986187,0.50786782061369
9356,0.936,4,9,4,673951,2493,123678,2578,0.01974559624889114,0.5083809899428121
9357,0.9361,7,6,7,673957,2487,123685,2571,0.019698073754910658,0.5083036773428232
9358,0.9362,5,7,5,673964,2480,123690,2566,0.01964263084526676,0.5085216012683313
9359,0.9363,8,15,8,673979,2465,123698,2558,0.01952382461031555,0.5092574158869202
9360,0.9364,5,8,5,673987,2457,123703,2553,0.019460461285008238,0.5095808383233533
9361,0.9365,4,5,4,673992,2452,123707,2549,0.019420859206691166,0.5096980603879224
9362,0.9366,8,11,8,674003,2441,123715,2541,0.019333734634393612,0.5100361300682457
9363,0.9367,7,4,7,674007,2437,123722,2534,0.019302052971739956,0.5097565882116274
9364,0.9368,5,3,5,674010,2434,123727,2529,0.019278291724749715,0.5095708240983277
9365,0.9369,3,4,3,674014,2430,123730,2526,0.019246610062096058,0.5096852300242131
9366,0.937,4,5,4,674019,2425,123734,2522,0.019207007983778987,0.5098039215686274
9367,0.9371,2,4,2,674023,2421,123736,2520,0.019175326321125334,0.5100182149362478
9368,0.9372,14,8,14,674031,2413,123750,2506,0.01911196299581802,0.5094531408822931
9369,0.9373,4,4,4,674035,2409,123754,2502,0.019080281333164365,0.5094685400122174
9370,0.9374,3,0,3,674035,2409,123757,2499,0.019080281333164365,0.5091687041564792
9371,0.9375,8,8,8,674043,2401,123765,2491,0.019016918007857053,0.509198691741619
9372,0.9376,7,8,7,674051,2393,123772,2484,0.01895355468254974,0.5093295058437564
9373,0.9377,11,16,11,674067,2377,123783,2473,0.018826828031935115,0.5098969072164948
9374,0.9378,8,14,8,674081,2363,123791,2465,0.01871594221264732,0.5105633802816901
9375,0.9379,9,6,9,674087,2357,123800,2456,0.018668419718666836,0.5102846457510908
9376,0.938,6,8,6,674095,2349,123806,2450,0.018605056393359524,0.5105230256303397
9377,0.9381,7,5,7,674100,2344,123813,2443,0.018565454315042453,0.5103405055358262
9378,0.9382,6,7,6,674107,2337,123819,2437,0.018510011405398555,0.5104733975701717
9379,0.9383,5,5,5,674112,2332,123824,2432,0.018470409327081484,0.5104953820319059
9380,0.9384,1,4,1,674116,2328,123825,2431,0.01843872766442783,0.5108216011767178
9381,0.9385,5,3,5,674119,2325,123830,2426,0.018414966417437586,0.5106293411913282
9382,0.9386,3,13,3,674132,2312,123833,2423,0.018312001013813205,0.5117212249208025
9383,0.9387,7,7,7,674139,2305,123840,2416,0.018256558104169308,0.5117559839017157
9384,0.9388,9,6,9,674145,2299,123849,2407,0.01820903561018882,0.5114747131321717
9385,0.9389,6,7,6,674152,2292,123855,2401,0.018153592700544924,0.5116130406989132
9386,0.939,9,6,9,674158,2286,123864,2392,0.01810607020656444,0.5113296280461735
9387,0.9391,7,6,7,674164,2280,123871,2385,0.018058547712583955,0.5112540192926045
9388,0.9392,10,19,10,674183,2261,123881,2375,0.01790805981497909,0.5122950819672131
9389,0.9393,6,4,6,674187,2257,123887,2369,0.017876378152325435,0.5121054907047125
9390,0.9394,5,6,5,674193,2251,123892,2364,0.01782885565834495,0.5122426868905742
9391,0.9395,3,7,3,674200,2244,123895,2361,0.01777341274870105,0.5127035830618892
9392,0.9396,14,5,14,674205,2239,123909,2347,0.01773381067038398,0.5117749672917575
9393,0.9397,2,6,2,674211,2233,123911,2345,0.017686288176403497,0.5122324159021406
9394,0.9398,3,8,3,674219,2225,123914,2342,0.017622924851096185,0.512809283993869
9395,0.9399,6,8,6,674227,2217,123920,2336,0.017559561525788872,0.5130683066110256
9396,0.94,11,11,11,674238,2206,123931,2325,0.017472436953491318,0.5131317589935996
9397,0.9401,4,3,4,674241,2203,123935,2321,0.017448675706501077,0.5130415561450045
9398,0.9402,6,11,6,674252,2192,123941,2315,0.017361551134203523,0.513645440426004
9399,0.9403,3,5,3,674257,2187,123944,2312,0.01732194905588645,0.5138919759946655
9400,0.9404,0,13,0,674270,2174,123944,2312,0.01721898365226207,0.5153811859117253
9401,0.9405,5,5,5,674275,2169,123949,2307,0.017179381573945,0.5154155495978552
9402,0.9406,5,12,5,674287,2157,123954,2302,0.01708433658598403,0.5162592509531285
9403,0.9407,6,6,6,674293,2151,123960,2296,0.017036814092003548,0.516303125702721
9404,0.9408,1,1,1,674294,2150,123961,2295,0.017028893676340133,0.5163104611923509
9405,0.9409,1,5,1,674299,2145,123962,2294,0.016989291598023065,0.5167830592475783
9406,0.941,1,7,1,674306,2138,123963,2293,0.016933848688379168,0.5174904084856692
9407,0.9411,8,7,8,674313,2131,123971,2285,0.016878405778735266,0.5174365942028986
9408,0.9412,9,11,9,674324,2120,123980,2276,0.016791281206437712,0.5177434030937216
9409,0.9413,5,6,5,674330,2114,123985,2271,0.01674375871245723,0.5179019384264538
9410,0.9414,1,4,1,674334,2110,123986,2270,0.016712077049803573,0.5182648401826484
9411,0.9415,11,8,11,674342,2102,123997,2259,0.01664871372449626,0.5180004586104104
9412,0.9416,3,9,3,674351,2093,124000,2256,0.016577429983525536,0.5187399402161417
9413,0.9417,13,11,13,674362,2082,124013,2243,0.016490305411227982,0.5186127167630058
9414,0.9418,5,4,5,674366,2078,124018,2238,0.016458623748574326,0.5185356811862836
9415,0.9419,4,2,4,674368,2076,124022,2234,0.016442782917247496,0.5183294663573086
9416,0.942,10,9,10,674377,2067,124032,2224,0.016371499176276772,0.5182941039384759
9417,0.9421,7,3,7,674380,2064,124039,2217,0.016347737929286527,0.5178696566222845
9418,0.9422,8,9,8,674389,2055,124047,2209,0.016276454188315803,0.5180581613508443
9419,0.9423,1,3,1,674392,2052,124048,2208,0.016252692941325562,0.5183098591549296
9420,0.9424,2,1,2,674393,2051,124050,2206,0.016244772525662147,0.5182053089029833
9421,0.9425,4,7,4,674400,2044,124054,2202,0.01618932961601825,0.5186057465850212
9422,0.9426,5,8,5,674408,2036,124059,2197,0.016125966290710936,0.5190172454523978
9423,0.9427,3,10,3,674418,2026,124062,2194,0.016046762134076797,0.5199052132701422
9424,0.9428,8,18,8,674436,2008,124070,2186,0.015904194652135346,0.5212207916070577
9425,0.9429,3,4,3,674440,2004,124073,2183,0.01587251298948169,0.5213756866491521
9426,0.943,11,2,11,674442,2002,124084,2172,0.01585667215815486,0.5203641590800192
9427,0.9431,2,4,2,674446,1998,124086,2170,0.015824990495501203,0.5206333973128598
9428,0.9432,4,6,4,674452,1992,124090,2166,0.01577746800152072,0.5209235209235209
9429,0.9433,13,8,13,674460,1984,124103,2153,0.015714104676213408,0.5204254290548707
9430,0.9434,3,3,3,674463,1981,124106,2150,0.015690343429223166,0.5204550956184943
9431,0.9435,6,9,6,674472,1972,124112,2144,0.015619059688252439,0.5208940719144801
9432,0.9436,7,3,7,674475,1969,124119,2137,0.015595298441262197,0.5204578665367755
9433,0.9437,4,5,4,674480,1964,124123,2133,0.015555696362945128,0.5206248474493532
9434,0.9438,5,5,5,674485,1959,124128,2128,0.015516094284628057,0.5206753119647664
9435,0.9439,1,2,1,674487,1957,124129,2127,0.015500253453301228,0.5208129285014691
9436,0.944,4,8,4,674495,1949,124133,2123,0.015436890127993918,0.5213654223968566
9437,0.9441,3,8,3,674503,1941,124136,2120,0.015373526802686605,0.5220389066732332
9438,0.9442,9,11,9,674514,1930,124145,2111,0.015286402230389051,0.522395446671616
9439,0.9443,8,2,8,674516,1928,124153,2103,0.015270561399062223,0.5217067725130241
9440,0.9444,4,7,4,674523,1921,124157,2099,0.015215118489418325,0.5221393034825871
9441,0.9445,7,4,7,674527,1917,124164,2092,0.015183436826764669,0.521825891743577
9442,0.9446,0,5,0,674532,1912,124164,2092,0.0151438347484476,0.5224775224775224
9443,0.9447,3,1,3,674533,1911,124167,2089,0.015135914332784184,0.52225
9444,0.9448,14,11,14,674544,1900,124181,2075,0.01504878976048663,0.5220125786163522
9445,0.9449,5,6,5,674550,1894,124186,2070,0.015001267266506146,0.5221997981836529
9446,0.945,6,19,6,674569,1875,124192,2064,0.01485077936890128,0.523990860624524
9447,0.9451,5,4,5,674573,1871,124197,2059,0.014819097706247624,0.5239185750636133
9448,0.9452,5,4,5,674577,1867,124202,2054,0.014787416043593968,0.5238459576638612
9449,0.9453,1,8,1,674585,1859,124203,2053,0.014724052718286655,0.5247955010224948
9450,0.9454,1,12,1,674597,1847,124204,2052,0.014629007730325688,0.5262887919979482
9451,0.9455,2,4,2,674601,1843,124206,2050,0.014597326067672032,0.5265861803236579
9452,0.9456,7,8,7,674609,1835,124213,2043,0.01453396274236472,0.5268179473955648
9453,0.9457,2,3,2,674612,1832,124215,2041,0.014510201495374478,0.5269816679576556
9454,0.9458,8,9,8,674621,1823,124223,2033,0.01443891775440375,0.5272302904564315
9455,0.9459,3,2,3,674623,1821,124226,2030,0.014423076923076924,0.5271358088808101
9456,0.946,3,0,3,674623,1821,124229,2027,0.014423076923076924,0.5267671517671517
9457,0.9461,4,7,4,674630,1814,124233,2023,0.014367634013433024,0.527234818868908
9458,0.9462,4,8,4,674638,1806,124237,2019,0.014304270688125714,0.527843137254902
9459,0.9463,3,6,3,674644,1800,124240,2016,0.014256748194145229,0.5283018867924528
9460,0.9464,16,10,16,674654,1790,124256,2000,0.014177544037511088,0.5277044854881267
9461,0.9465,3,4,3,674658,1786,124259,1997,0.014145862374857432,0.527887919640497
9462,0.9466,2,7,2,674665,1779,124261,1995,0.014090419465213534,0.5286168521462639
9463,0.9467,3,3,3,674668,1776,124264,1992,0.014066658218223293,0.5286624203821656
9464,0.9469,4,11,4,674679,1765,124268,1988,0.013979533645925739,0.5297095656807888
9465,0.947,3,6,3,674685,1759,124271,1985,0.013932011151945254,0.5301816239316239
9466,0.9471,4,2,4,674687,1757,124275,1981,0.013916170320618426,0.5299625468164794
9467,0.9472,3,8,3,674695,1749,124278,1978,0.013852806995311114,0.5307217601287899
9468,0.9473,2,2,2,674697,1747,124280,1976,0.013836966163984285,0.5307547676604889
9469,0.9474,1,3,1,674700,1744,124281,1975,0.013813204916994044,0.5310567356816348
9470,0.9475,14,9,14,674709,1735,124295,1961,0.013741921176023318,0.5305735930735931
9471,0.9476,11,10,11,674719,1725,124306,1950,0.013662717019389177,0.5306122448979592
9472,0.9477,2,2,2,674721,1723,124308,1948,0.01364687618806235,0.5306456006537729
9473,0.9478,2,2,2,674723,1721,124310,1946,0.013631035356735521,0.5306790291791655
9474,0.9479,4,8,4,674731,1713,124314,1942,0.01356767203142821,0.531326949384405
9475,0.948,9,5,9,674736,1708,124323,1933,0.013528069953111139,0.5308981049162318
9476,0.9481,8,4,8,674740,1704,124331,1925,0.013496388290457483,0.5304491595480849
9477,0.9482,4,8,4,674748,1696,124335,1921,0.013433024965150172,0.5311031241360243
9478,0.9483,4,5,4,674753,1691,124339,1917,0.0133934228868331,0.531319290465632
9479,0.9484,7,10,7,674763,1681,124346,1910,0.013314218730198961,0.531885268727374
9480,0.9485,2,15,2,674778,1666,124348,1908,0.013195412495247751,0.5338556239507555
9481,0.9486,4,3,4,674781,1663,124352,1904,0.013171651248257508,0.5337818895430334
9482,0.9487,4,7,4,674788,1656,124356,1900,0.01311620833861361,0.5343082114735658
9483,0.9488,3,7,3,674795,1649,124359,1897,0.013060765428969712,0.5349689791314157
9484,0.9489,3,5,3,674800,1644,124362,1894,0.013021163350652643,0.5353306953080836
9485,0.949,0,3,0,674803,1641,124362,1894,0.0129974021036624,0.5357850070721358
9486,0.9491,2,9,2,674812,1632,124364,1892,0.012926118362691674,0.5368898978433598
9487,0.9492,10,9,10,674821,1623,124374,1882,0.012854834621720948,0.5369472182596291
9488,0.9493,4,3,4,674824,1620,124378,1878,0.012831073374730707,0.5368782161234992
9489,0.9494,5,1,5,674825,1619,124383,1873,0.012823152959067292,0.536368843069874
9490,0.9495,7,3,7,674828,1616,124390,1866,0.01279939171207705,0.5358989086731764
9491,0.9496,3,4,3,674832,1612,124393,1863,0.012767710049423394,0.5361151079136691
9492,0.9497,9,4,9,674836,1608,124402,1854,0.012736028386769738,0.5355285961871751
9493,0.9498,3,8,3,674844,1600,124405,1851,0.012672665061462425,0.5363662706461895
9494,0.9499,6,4,6,674848,1596,124411,1845,0.012640983398808769,0.5361813426329556
9495,0.95,15,18,15,674866,1578,124426,1830,0.012498415916867317,0.5369718309859155
9496,0.9501,1,1,1,674867,1577,124427,1829,0.012490495501203904,0.5369935408103347
9497,0.9502,3,1,3,674868,1576,124430,1826,0.012482575085540489,0.5367430922986478
9498,0.9503,3,4,3,674872,1572,124433,1823,0.012450893422886833,0.5369661266568483
9499,0.9504,2,4,2,674876,1568,124435,1821,0.012419211760233176,0.5373266450280318
9500,0.9505,1,3,1,674879,1565,124436,1820,0.012395450513242935,0.5376661742983752
9501,0.9506,8,7,8,674886,1558,124444,1812,0.012340007603599037,0.5376854599406529
9502,0.9507,6,5,6,674891,1553,124450,1806,0.012300405525281968,0.5376600178624591
9503,0.9508,1,1,1,674892,1552,124451,1805,0.012292485109618553,0.537682454572535
9504,0.9509,5,1,5,674893,1551,124456,1800,0.01228456469395514,0.5371530886302597
9505,0.951,2,2,2,674895,1549,124458,1798,0.012268723862628311,0.5371974902898118
9506,0.9511,6,4,6,674899,1545,124464,1792,0.012237042199974655,0.5370092897812406
9507,0.9512,3,5,3,674904,1540,124467,1789,0.012197440121657585,0.5373986182036647
9508,0.9513,3,7,3,674911,1533,124470,1786,0.012141997212013686,0.5381138897258211
9509,0.9514,4,3,4,674914,1530,124474,1782,0.012118235965023445,0.5380434782608695
9510,0.9515,4,8,4,674922,1522,124478,1778,0.012054872639716132,0.5387878787878788
9511,0.9516,4,6,4,674928,1516,124482,1774,0.012007350145735647,0.539209726443769
9512,0.9517,8,5,8,674933,1511,124490,1766,0.011967748067418578,0.5389075373817516
9513,0.9518,9,6,9,674939,1505,124499,1757,0.011920225573438093,0.5386266094420601
9514,0.9519,1,0,1,674939,1505,124500,1756,0.011920225573438093,0.5384851272615762
9515,0.952,7,6,7,674945,1499,124507,1749,0.01187270307945761,0.5384852216748769
9516,0.9521,5,5,5,674950,1494,124512,1744,0.01183310100114054,0.5386040765904879
9517,0.9522,2,4,2,674954,1490,124514,1742,0.011801419338486883,0.5389851485148515
9518,0.9523,2,2,2,674956,1488,124516,1740,0.011785578507160055,0.5390334572490706
9519,0.9524,3,2,3,674958,1486,124519,1737,0.011769737675833229,0.5389388768228359
9520,0.9525,3,9,3,674967,1477,124522,1734,0.011698453934862501,0.5400186857676736
9521,0.9526,5,12,5,674979,1465,124527,1729,0.011603408946901534,0.5413274890419537
9522,0.9527,6,0,6,674979,1465,124533,1723,0.011603408946901534,0.5404642409033877
9523,0.9528,4,10,4,674989,1455,124537,1719,0.011524204790267393,0.5415879017013232
9524,0.9529,2,3,2,674992,1452,124539,1717,0.011500443543277152,0.5418112969390975
9525,0.953,14,4,14,674996,1448,124553,1703,0.011468761880623495,0.5404633449698508
9526,0.9531,3,4,3,675000,1444,124556,1700,0.011437080217969839,0.5407124681933843
9527,0.9532,3,4,3,675004,1440,124559,1697,0.011405398555316183,0.5409627032196366
9528,0.9533,1,11,1,675015,1429,124560,1696,0.011318273983018629,0.54272
9529,0.9534,2,5,2,675020,1424,124562,1694,0.011278671904701559,0.5432969852469531
9530,0.9535,3,5,3,675025,1419,124565,1691,0.01123906982638449,0.5437299035369775
9531,0.9537,2,1,2,675026,1418,124567,1689,0.011231149410721075,0.5436112005149663
9532,0.9538,4,6,4,675032,1412,124571,1685,0.01118362691674059,0.5440749112043913
9533,0.9539,5,4,5,675036,1408,124576,1680,0.011151945254086934,0.5440414507772021
9534,0.954,5,2,5,675038,1406,124581,1675,0.011136104422760107,0.5436546575787082
9535,0.9541,5,2,5,675040,1404,124586,1670,0.011120263591433279,0.5432661027976577
9536,0.9542,4,5,4,675045,1399,124590,1666,0.011080661513116208,0.5435562805872757
9537,0.9543,4,5,4,675050,1394,124594,1662,0.011041059434799138,0.543848167539267
9538,0.9544,6,6,6,675056,1388,124600,1656,0.010993536940818654,0.5440210249671484
9539,0.9545,2,11,2,675067,1377,124602,1654,0.0109064123685211,0.5456944902672385
9540,0.9546,7,11,7,675078,1366,124609,1647,0.010819287796223546,0.5466312645204116
9541,0.9547,6,5,6,675083,1361,124615,1641,0.010779685717906476,0.5466355762824784
9542,0.9548,2,6,2,675089,1355,124617,1639,0.010732163223925992,0.5474281897127589
9543,0.9549,5,4,5,675093,1351,124622,1634,0.010700481561272335,0.5474036850921273
9544,0.955,12,11,12,675104,1340,124634,1622,0.010613356988974781,0.5476029709655638
9545,0.9551,8,7,8,675111,1333,124642,1614,0.010557914079330884,0.5476756023074313
9546,0.9552,2,2,2,675113,1331,124644,1612,0.010542073248004056,0.5477404009514101
9547,0.9553,5,4,5,675117,1327,124649,1607,0.0105103915853504,0.5477164280845263
9548,0.9554,3,4,3,675121,1323,124652,1604,0.010478709922696743,0.5480013665869491
9549,0.9555,2,3,2,675124,1320,124654,1602,0.010454948675706502,0.5482546201232033
9550,0.9556,1,2,1,675126,1318,124655,1601,0.010439107844379673,0.5484755053100376
9551,0.9557,6,3,6,675129,1315,124661,1595,0.01041534659738943,0.5481099656357389
9552,0.9558,9,10,9,675139,1305,124670,1586,0.010336142440755291,0.5485991006572121
9553,0.9559,4,3,4,675142,1302,124674,1582,0.010312381193765048,0.5485436893203883
9554,0.956,5,7,5,675149,1295,124679,1577,0.01025693828412115,0.5490947075208914
9555,0.9561,4,6,4,675155,1289,124683,1573,0.010209415790140666,0.5496156533892383
9556,0.9562,4,2,4,675157,1287,124687,1569,0.010193574958813838,0.5493697478991597
9557,0.9563,3,4,3,675161,1283,124690,1566,0.010161893296160183,0.5496665496665497
9558,0.9564,5,5,5,675166,1278,124695,1561,0.010122291217843112,0.549841493483621
9559,0.9565,6,3,6,675169,1275,124701,1555,0.01009852997085287,0.549469964664311
9560,0.9566,4,5,4,675174,1270,124705,1551,0.010058927892535801,0.5498050336760014
9561,0.9567,9,9,9,675183,1261,124714,1542,0.009987644151565073,0.5501248662147699
9562,0.9568,8,7,8,675190,1254,124722,1534,0.009932201241921176,0.5502152080344332
9563,0.9569,4,7,4,675197,1247,124726,1530,0.009876758332277278,0.5509542671948146
9564,0.957,3,5,3,675202,1242,124729,1527,0.009837156253960208,0.551462621885157
9565,0.9571,1,2,1,675204,1240,124730,1526,0.00982131542263338,0.5516992046276211
9566,0.9572,2,3,2,675207,1237,124732,1524,0.009797554175643137,0.5519739224918507
9567,0.9573,2,5,2,675212,1232,124734,1522,0.009757952097326068,0.5526506899055919
9568,0.9574,0,3,0,675215,1229,124734,1522,0.009734190850335826,0.5532533624136677
9569,0.9575,6,4,6,675219,1225,124740,1516,0.00970250918768217,0.553082816490332
9570,0.9576,2,2,2,675221,1223,124742,1514,0.009686668356355342,0.5531603945926197
9571,0.9577,6,4,6,675225,1219,124748,1508,0.009654986693701685,0.552988632196553
9572,0.9579,2,2,2,675227,1217,124750,1506,0.009639145862374857,0.55306647080426
9573,0.958,2,5,2,675232,1212,124752,1504,0.009599543784057788,0.5537555228276878
9574,0.9581,3,2,3,675234,1210,124755,1501,0.00958370295273096,0.5536702323865732
9575,0.9582,2,5,2,675239,1205,124757,1499,0.00954410087441389,0.5543639053254438
9576,0.9583,6,8,6,675247,1197,124763,1493,0.009480737549106577,0.5550185873605948
9577,0.9584,2,5,2,675252,1192,124765,1491,0.009441135470789508,0.555721207603429
9578,0.9585,5,5,5,675257,1187,124770,1486,0.009401533392472437,0.5559296670407782
9579,0.9586,4,0,4,675257,1187,124774,1482,0.009401533392472437,0.5552641438741102
9580,0.9587,2,5,2,675262,1182,124776,1480,0.009361931314155367,0.5559729526671675
9581,0.9588,0,1,0,675263,1181,124776,1480,0.009354010898491952,0.5561818865088313
9582,0.9589,3,5,3,675268,1176,124779,1477,0.009314408820174883,0.5567282321899736
9583,0.959,3,7,3,675275,1169,124782,1474,0.009258965910530985,0.5576995838062807
9584,0.9591,4,4,4,675279,1165,124786,1470,0.009227284247877329,0.5578747628083491
9585,0.9592,6,5,6,675284,1160,124792,1464,0.009187682169560259,0.5579268292682927
9586,0.9593,6,10,6,675294,1150,124798,1458,0.009108478012926118,0.5590490797546013
9587,0.9594,7,4,7,675298,1146,124805,1451,0.009076796350272462,0.5587216018482865
9588,0.9595,2,5,2,675303,1141,124807,1449,0.009037194271955392,0.5594594594594594
9589,0.9596,3,9,3,675312,1132,124810,1446,0.008965910530984667,0.560899922420481
9590,0.9597,4,3,4,675315,1129,124814,1442,0.008942149283994423,0.5608712563204978
9591,0.9598,3,2,3,675317,1127,124817,1439,0.008926308452667595,0.5607950116913484
9592,0.9599,3,7,3,675324,1120,124820,1436,0.008870865543023698,0.5618153364632238
9593,0.96,29,15,29,675339,1105,124849,1407,0.008752059308072487,0.5601114649681529
9594,0.9601,3,9,3,675348,1096,124852,1404,0.008680775567101761,0.5616
9595,0.9602,2,1,2,675349,1095,124854,1402,0.008672855151438348,0.5614737685222266
9596,0.9603,9,1,9,675350,1094,124863,1393,0.008664934735774933,0.5601125854443104
9597,0.9604,5,6,5,675356,1088,124868,1388,0.008617412241794449,0.5605815831987075
9598,0.9605,3,7,3,675363,1081,124871,1385,0.008561969332150551,0.5616382806163828
9599,0.9606,7,5,7,675368,1076,124878,1378,0.008522367253833481,0.5615321923390383
9600,0.9607,3,4,3,675372,1072,124881,1375,0.008490685591179825,0.5619125459746629
9601,0.9608,2,3,2,675375,1069,124883,1373,0.008466924344189584,0.5622440622440622
9602,0.961,2,1,2,675376,1068,124885,1371,0.008459003928526169,0.5621156211562116
9603,0.9611,9,7,9,675383,1061,124894,1362,0.008403561018882271,0.5621130829550145
9604,0.9612,6,3,6,675386,1058,124900,1356,0.00837979977189203,0.5617232808616405
9605,0.9613,4,4,4,675390,1054,124904,1352,0.008348118109238373,0.5619285120532004
9606,0.9614,9,6,9,675396,1048,124913,1343,0.008300595615257889,0.561689669594312
9607,0.9615,6,2,6,675398,1046,124919,1337,0.00828475478393106,0.56105749055812
9608,0.9616,7,8,7,675406,1038,124926,1330,0.008221391458623748,0.5616554054054054
9609,0.9617,6,8,6,675414,1030,124932,1324,0.008158028133316437,0.562446898895497
9610,0.9618,5,3,5,675417,1027,124937,1319,0.008134266886326194,0.5622335890878091
9611,0.9619,0,5,0,675422,1022,124937,1319,0.008094664808009125,0.5634344297308842
9612,0.962,4,2,4,675424,1020,124941,1315,0.008078823976682296,0.563169164882227
9613,0.9621,6,8,6,675432,1012,124947,1309,0.008015460651374984,0.5639810426540285
9614,0.9622,8,6,8,675438,1006,124955,1301,0.0079679381573945,0.563935847420893
9615,0.9623,7,2,7,675440,1004,124962,1294,0.007952097326067673,0.5630983463881636
9616,0.9624,1,4,1,675444,1000,124963,1293,0.007920415663414017,0.563890100305277
9617,0.9625,6,3,6,675447,997,124969,1287,0.007896654416423773,0.5634851138353766
9618,0.9626,3,4,3,675451,993,124972,1284,0.007864972753770117,0.5638998682476943
9619,0.9627,2,4,2,675455,989,124974,1282,0.007833291091116463,0.5645090268604139
9620,0.9628,3,5,3,675460,984,124977,1279,0.007793689012799392,0.5651789659743703
9621,0.9629,1,5,1,675465,979,124978,1278,0.007754086934482322,0.5662383695170581
9622,0.963,5,4,5,675469,975,124983,1273,0.007722405271828665,0.5662811387900356
9623,0.9631,8,1,8,675470,974,124991,1265,0.007714484856165251,0.5649843680214381
9624,0.9632,5,4,5,675474,970,124996,1260,0.007682803193511596,0.5650224215246636
9625,0.9633,6,11,6,675485,959,125002,1254,0.007595678621214041,0.5666516041572526
9626,0.9634,3,1,3,675486,958,125005,1251,0.007587758205550627,0.5663196016296967
9627,0.9635,0,5,0,675491,953,125005,1251,0.007548156127233557,0.5676043557168784
9628,0.9636,7,5,7,675496,948,125012,1244,0.007508554048916487,0.5675182481751825
9629,0.9637,3,7,3,675503,941,125015,1241,0.007453111139272589,0.5687442713107241
9630,0.9638,5,5,5,675508,936,125020,1236,0.007413509060955519,0.569060773480663
9631,0.9639,3,2,3,675510,934,125023,1233,0.007397668229628691,0.5689893862482694
9632,0.964,5,14,5,675524,920,125028,1228,0.007286782410340894,0.5716945996275605
9633,0.9641,1,2,1,675526,918,125029,1227,0.007270941579014066,0.5720279720279721
9634,0.9642,6,4,6,675530,914,125035,1221,0.007239259916360411,0.5718969555035128
9635,0.9643,3,6,3,675536,908,125038,1218,0.007191737422379926,0.5729068673565381
9636,0.9644,1,5,1,675541,903,125039,1217,0.007152135344062857,0.5740566037735849
9637,0.9645,11,4,11,675545,899,125050,1206,0.0071204536814092004,0.5729216152019002
9638,0.9646,3,0,3,675545,899,125053,1203,0.0071204536814092004,0.5723120837297812
9639,0.9647,4,4,4,675549,895,125057,1199,0.007088772018755544,0.5725883476599809
9640,0.9648,1,0,1,675549,895,125058,1198,0.007088772018755544,0.572384137601529
9641,0.9649,3,5,3,675554,890,125061,1195,0.007049169940438475,0.5731414868105515
9642,0.965,13,7,13,675561,883,125074,1182,0.006993727030794576,0.5723970944309927
9643,0.9651,7,2,7,675563,881,125081,1175,0.006977886199467748,0.5714980544747081
9644,0.9652,2,3,2,675566,878,125083,1173,0.006954124952477506,0.5719161384690395
9645,0.9653,6,3,6,675569,875,125089,1167,0.006930363705487264,0.5714985308521058
9646,0.9654,2,1,2,675570,874,125091,1165,0.00692244328982385,0.5713585090730751
9647,0.9655,6,4,6,675574,870,125097,1159,0.006890761627170194,0.571217348447511
9648,0.9656,3,7,3,675581,863,125100,1156,0.006835318717526296,0.5725606736007924
9649,0.9657,7,6,7,675587,857,125107,1149,0.006787796223545812,0.5727816550348953
9650,0.9658,2,1,2,675588,856,125109,1147,0.006779875807882398,0.5726410384423365
9651,0.966,7,5,7,675593,851,125116,1140,0.006740273729565327,0.5725765946760422
9652,0.9661,3,3,3,675596,848,125119,1137,0.006716512482575086,0.5727959697732997
9653,0.9662,1,5,1,675601,843,125120,1136,0.006676910404258015,0.5740272865083376
9654,0.9663,4,5,4,675606,838,125124,1132,0.006637308325940945,0.5746192893401015
9655,0.9664,3,3,3,675609,835,125127,1129,0.006613547078950704,0.574847250509165
9656,0.9665,1,2,1,675611,833,125128,1128,0.0065977062476238755,0.5752167261601224
9657,0.9666,0,3,0,675614,830,125128,1128,0.006573945000633633,0.5760980592441267
9658,0.9667,5,6,5,675620,824,125133,1123,0.006526422506653149,0.5767847971237802
9659,0.9668,5,2,5,675622,822,125138,1118,0.0065105816753263214,0.5762886597938144
9660,0.9669,1,1,1,675623,821,125139,1117,0.006502661259662907,0.5763673890608875
9661,0.967,4,3,4,675626,818,125143,1113,0.006478900012672665,0.5763852925945107
9662,0.9671,4,2,4,675628,816,125147,1109,0.006463059181345837,0.5761038961038961
9663,0.9672,4,3,4,675631,813,125151,1105,0.006439297934355595,0.5761209593326382
9664,0.9673,1,2,1,675633,811,125152,1104,0.0064234571030287665,0.5765013054830287
9665,0.9674,1,0,1,675633,811,125153,1103,0.0064234571030287665,0.5762800417972832
9666,0.9675,4,7,4,675640,804,125157,1099,0.006368014193384869,0.5775091960063058
9667,0.9676,3,1,3,675641,803,125160,1096,0.006360093777721455,0.5771458662453923
9668,0.9677,3,5,3,675646,798,125163,1093,0.006320491699404384,0.5780010576414596
9669,0.9678,2,5,2,675651,793,125165,1091,0.006280889621087315,0.5790870488322718
9670,0.9679,10,1,10,675652,792,125175,1081,0.006272969205423901,0.5771489588894821
9671,0.968,4,6,4,675658,786,125179,1077,0.006225446711443416,0.5780998389694042
9672,0.9681,2,1,2,675659,785,125181,1075,0.006217526295780002,0.5779569892473119
9673,0.9682,4,8,4,675667,777,125185,1071,0.00615416297047269,0.5795454545454546
9674,0.9683,2,3,2,675670,774,125187,1069,0.006130401723482448,0.5800325556158438
9675,0.9684,5,3,5,675673,771,125192,1064,0.006106640476492206,0.5798365122615804
9676,0.9685,3,4,3,675677,767,125195,1061,0.0060749588138385505,0.5804157549234136
9677,0.9686,5,5,5,675682,762,125200,1056,0.00603535673552148,0.5808580858085809
9678,0.9687,9,7,9,675689,755,125209,1047,0.005979913825877582,0.5810210876803552
9679,0.9688,2,2,2,675691,753,125211,1045,0.005964072994550754,0.5812013348164627
9680,0.9689,5,2,5,675693,751,125216,1040,0.005948232163223926,0.5806811836962591
9681,0.969,4,1,4,675694,750,125220,1036,0.005940311747560512,0.58006718924972
9682,0.9691,4,0,4,675694,750,125224,1032,0.005940311747560512,0.5791245791245792
9683,0.9692,1,7,1,675701,743,125225,1031,0.005884868837916614,0.5811724915445321
9684,0.9693,3,7,3,675708,736,125228,1028,0.005829425928272716,0.5827664399092971
9685,0.9694,2,3,2,675711,733,125230,1026,0.0058056646812824735,0.5832859579306424
9686,0.9695,0,3,0,675714,730,125230,1026,0.005781903434292232,0.5842824601366743
9687,0.9696,2,2,2,675716,728,125232,1024,0.005766062602965404,0.5844748858447488
9688,0.9697,1,2,1,675718,726,125233,1023,0.005750221771638576,0.5849056603773585
9689,0.9698,2,3,2,675721,723,125235,1021,0.0057264605246483335,0.5854357798165137
9690,0.9699,5,4,5,675725,719,125240,1016,0.005694778861994677,0.5855907780979827
9691,0.97,24,16,24,675741,703,125264,992,0.005568052211380054,0.5852507374631268
9692,0.9701,5,3,5,675744,700,125269,987,0.005544290964389811,0.5850622406639004
9693,0.9702,2,3,2,675747,697,125271,985,0.005520529717399569,0.5856123662306778
9694,0.9703,3,2,3,675749,695,125274,982,0.005504688886072741,0.5855694692903995
9695,0.9704,4,3,4,675752,692,125278,978,0.005480927639082499,0.5856287425149701
9696,0.9705,3,0,3,675752,692,125281,975,0.005480927639082499,0.584883023395321
9697,0.9706,3,2,3,675754,690,125284,972,0.005465086807755671,0.5848375451263538
9698,0.9707,2,4,2,675758,686,125286,970,0.005433405145102015,0.5857487922705314
9699,0.9708,3,2,3,675760,684,125289,967,0.005417564313775187,0.5857056329497274
9700,0.9709,1,3,1,675763,681,125290,966,0.005393803066784945,0.5865209471766849
9701,0.971,5,2,5,675765,679,125295,961,0.0053779622354581166,0.5859756097560975
9702,0.9711,1,2,1,675767,677,125296,960,0.005362121404131288,0.5864386072083079
9703,0.9712,3,4,3,675771,673,125299,957,0.005330439741477633,0.587116564417178
9704,0.9713,10,1,10,675772,672,125309,947,0.005322519325814219,0.5849289684990735
9705,0.9714,1,4,1,675776,668,125310,946,0.0052908376631605625,0.5861214374225526
9706,0.9715,2,1,2,675777,667,125312,944,0.0052829172474971485,0.5859714463066419
9707,0.9716,3,2,3,675779,665,125315,941,0.00526707641617032,0.5859277708592777
9708,0.9717,6,7,6,675786,658,125321,935,0.005211633506526423,0.5869428750784683
9709,0.9718,1,1,1,675787,657,125322,934,0.0052037130908630085,0.5870521684475173
9710,0.9719,3,5,3,675792,652,125325,931,0.005164111012545938,0.5881238155401137
9711,0.972,4,2,4,675794,650,125329,927,0.00514827018121911,0.5878249841471148
9712,0.9721,4,1,4,675795,649,125333,923,0.005140349765555697,0.5871501272264631
9713,0.9722,7,1,7,675796,648,125340,916,0.005132429349892283,0.5856777493606138
9714,0.9723,3,5,3,675801,643,125343,913,0.005092827271575212,0.5867609254498715
9715,0.9724,1,4,1,675805,639,125344,912,0.005061145608921556,0.5880077369439072
9716,0.9725,10,7,10,675812,632,125354,902,0.005005702699277658,0.5880052151238592
9717,0.9726,3,1,3,675813,631,125357,899,0.004997782283614244,0.5875816993464053
9718,0.9727,2,4,2,675817,627,125359,897,0.004966100620960588,0.5885826771653543
9719,0.9728,1,0,1,675817,627,125360,896,0.004966100620960588,0.5883125410374261
9720,0.9729,3,4,3,675821,623,125363,893,0.0049344189583069315,0.5890501319261213
9721,0.973,7,2,7,675823,621,125370,886,0.004918578126980104,0.5879230258792303
9722,0.9731,3,2,3,675825,619,125373,883,0.004902737295653276,0.5878828229027963
9723,0.9732,1,7,1,675832,612,125374,882,0.0048472943860093775,0.5903614457831325
9724,0.9733,2,3,2,675835,609,125376,880,0.004823533139019136,0.5910006715916722
9725,0.9734,0,1,0,675836,608,125376,880,0.004815612723355722,0.5913978494623656
9726,0.9735,0,1,0,675837,607,125376,880,0.004807692307692308,0.5917955615332885
9727,0.9736,8,5,8,675842,602,125384,872,0.0047680902293752376,0.5915875169606513
9728,0.9737,4,2,4,675844,600,125388,868,0.004752249398048409,0.5912806539509536
9729,0.9738,2,5,2,675849,595,125390,866,0.00471264731973134,0.5927446954140999
9730,0.9739,0,2,0,675851,593,125390,866,0.004696806488404512,0.5935572309801234
9731,0.974,7,7,7,675858,586,125397,859,0.004641363578760613,0.5944636678200692
9732,0.9741,2,3,2,675861,583,125399,857,0.004617602331770371,0.5951388888888889
9733,0.9742,0,4,0,675865,579,125399,857,0.0045859206691167154,0.5967966573816156
9734,0.9743,7,5,7,675870,574,125406,850,0.004546318590799645,0.5969101123595506
9735,0.9744,4,8,4,675878,566,125410,846,0.004482955265492333,0.5991501416430595
9736,0.9745,7,2,7,675880,564,125417,839,0.004467114434165505,0.5980042765502495
9737,0.9746,4,3,4,675883,561,125421,835,0.004443353187175263,0.5981375358166189
9738,0.9747,1,0,1,675883,561,125422,834,0.004443353187175263,0.5978494623655914
9739,0.9748,4,3,4,675886,558,125426,830,0.004419591940185021,0.5979827089337176
9740,0.9749,1,1,1,675887,557,125427,829,0.0044116715245216065,0.5981240981240982
9741,0.975,20,8,20,675895,549,125447,809,0.004348308199214295,0.5957290132547864
9742,0.9751,1,4,1,675899,545,125448,808,0.004316626536560638,0.5971914264597191
9743,0.9752,3,5,3,675904,540,125451,805,0.004277024458243569,0.5985130111524164
9744,0.9753,2,2,2,675906,538,125453,803,0.004261183626916741,0.598806860551827
9745,0.9754,0,2,0,675908,536,125453,803,0.0042453427955899126,0.5997012696041822
9746,0.9755,1,1,1,675909,535,125454,802,0.0042374223799264985,0.599850411368736
9747,0.9756,4,2,4,675911,533,125458,798,0.00422158154859967,0.599549211119459
9748,0.9757,3,1,3,675912,532,125461,795,0.004213661132936256,0.5990957045968349
9749,0.9758,2,1,2,675913,531,125463,793,0.004205740717272842,0.5989425981873112
9750,0.9759,0,1,0,675914,530,125463,793,0.004197820301609428,0.5993953136810279
9751,0.976,3,3,3,675917,527,125466,790,0.004174059054619187,0.5998481397114654
9752,0.9761,1,0,1,675917,527,125467,789,0.004174059054619187,0.5995440729483282
9753,0.9762,3,2,3,675919,525,125470,786,0.0041582182232923585,0.5995423340961098
9754,0.9763,12,2,12,675921,523,125482,774,0.00414237739196553,0.5967617579028527
9755,0.9764,1,5,1,675926,518,125483,773,0.00410277531364846,0.5987606506584043
9756,0.9765,11,5,11,675931,513,125494,762,0.0040631732353313904,0.5976470588235294
9757,0.9767,11,8,11,675939,505,125505,751,0.003999809910024078,0.5979299363057324
9758,0.9768,3,4,3,675943,501,125508,748,0.003968128247370422,0.5988791032826261
9759,0.9769,2,2,2,675945,499,125510,746,0.003952287416043594,0.5991967871485944
9760,0.977,2,1,2,675946,498,125512,744,0.00394436700038018,0.5990338164251208
9761,0.9771,6,2,6,675948,496,125518,738,0.003928526169053352,0.5980551053484603
9762,0.9772,2,4,2,675952,492,125520,736,0.003896844506399696,0.5993485342019544
9763,0.9773,2,0,2,675952,492,125522,734,0.003896844506399696,0.598694942903752
9764,0.9774,2,1,2,675953,491,125524,732,0.003888924090736282,0.598528209321341
9765,0.9775,3,0,3,675953,491,125527,729,0.003888924090736282,0.5975409836065574
9766,0.9776,3,0,3,675953,491,125530,726,0.003888924090736282,0.5965488907148726
9767,0.9777,1,0,1,675953,491,125531,725,0.003888924090736282,0.5962171052631579
9768,0.9778,2,0,2,675953,491,125533,723,0.003888924090736282,0.5955518945634267
9769,0.9779,1,4,1,675957,487,125534,722,0.0038572424280826256,0.597187758478081
9770,0.978,4,1,4,675958,486,125538,718,0.0038493220124192116,0.5963455149501661
9771,0.9782,9,2,9,675960,484,125547,709,0.003833481181092384,0.5943000838222967
9772,0.9783,3,2,3,675962,482,125550,706,0.0038176403497655557,0.5942760942760943
9773,0.9784,4,3,4,675965,479,125554,702,0.0037938791027753134,0.594411515664691
9774,0.9785,4,3,4,675968,476,125558,698,0.0037701178557850716,0.5945485519591142
9775,0.9786,5,3,5,675971,473,125563,693,0.0037463566087948294,0.5943396226415094
9776,0.9787,4,0,4,675971,473,125567,689,0.0037463566087948294,0.5929432013769363
9777,0.9788,3,1,3,675972,472,125570,686,0.0037384361931314157,0.5924006908462867
9778,0.9789,4,1,4,675973,471,125574,682,0.0037305157774680017,0.5915004336513443
9779,0.979,0,2,0,675975,469,125574,682,0.0037146749461411735,0.5925282363162467
9780,0.9791,2,2,2,675977,467,125576,680,0.0036988341148143453,0.5928509154315605
9781,0.9792,2,5,2,675982,462,125578,678,0.0036592320364972754,0.5947368421052631
9782,0.9793,3,4,3,675986,458,125581,675,0.0036275503738436195,0.5957634598411298
9783,0.9795,5,3,5,675989,455,125586,670,0.0036037891268533772,0.5955555555555555
9784,0.9796,5,3,5,675992,452,125591,665,0.0035800278798631354,0.5953446732318711
9785,0.9797,3,5,3,675997,447,125594,662,0.003540425801546065,0.5969341749323716
9786,0.9799,4,1,4,675998,446,125598,658,0.003532505385882651,0.5960144927536232
9787,0.98,36,32,36,676030,414,125634,622,0.0032790520846534025,0.6003861003861004
9788,0.9801,6,7,6,676037,407,125640,616,0.0032236091750095044,0.6021505376344086
9789,0.9804,1,1,1,676038,406,125641,615,0.0032156887593460903,0.6023506366307542
9790,0.9806,1,1,1,676039,405,125642,614,0.0032077683436826767,0.6025515210991168
9791,0.9807,4,3,4,676042,402,125646,610,0.0031840070966924344,0.6027667984189723
9792,0.9808,5,2,5,676044,400,125651,605,0.0031681662653656063,0.6019900497512438
9793,0.9809,2,0,2,676044,400,125653,603,0.0031681662653656063,0.6011964107676969
9794,0.981,4,2,4,676046,398,125657,599,0.0031523254340387785,0.600802407221665
9795,0.9811,0,3,0,676049,395,125657,599,0.0031285641870485363,0.60261569416499
9796,0.9812,4,0,4,676049,395,125661,595,0.0031285641870485363,0.601010101010101
9797,0.9813,2,1,2,676050,394,125663,593,0.003120643771385122,0.6008105369807497
9798,0.9814,1,1,1,676051,393,125664,592,0.003112723355721708,0.601015228426396
9799,0.9815,5,2,5,676053,391,125669,587,0.0030968825243948804,0.6002044989775052
9800,0.9816,6,7,6,676060,384,125675,581,0.0030414396147509823,0.6020725388601036
9801,0.9817,10,10,10,676070,374,125685,571,0.002962235458116842,0.6042328042328042
9802,0.9818,1,1,1,676071,373,125686,570,0.002954315042453428,0.6044538706256628
9803,0.9819,3,3,3,676074,370,125689,567,0.002930553795463186,0.6051227321237994
9804,0.982,4,4,4,676078,366,125693,563,0.0028988721328095297,0.6060279870828849
9805,0.9821,0,3,0,676081,363,125693,563,0.002875110885819288,0.6079913606911447
9806,0.9822,2,0,2,676081,363,125695,561,0.002875110885819288,0.6071428571428571
9807,0.9823,0,1,0,676082,362,125695,561,0.002867190470155874,0.6078006500541712
9808,0.9824,1,2,1,676084,360,125696,560,0.0028513496388290456,0.6086956521739131
9809,0.9825,4,3,4,676087,357,125700,556,0.002827588391838804,0.6089813800657174
9810,0.9826,2,1,2,676088,356,125702,554,0.0028196679761753897,0.6087912087912087
9811,0.9827,2,0,2,676088,356,125704,552,0.0028196679761753897,0.6079295154185022
9812,0.983,2,2,2,676090,354,125706,550,0.0028038271448485616,0.6084070796460177
9813,0.9831,1,2,1,676092,352,125707,549,0.0027879863135217334,0.609322974472808
9814,0.9833,6,4,6,676096,348,125713,543,0.0027563046508680775,0.6094276094276094
9815,0.9834,2,2,2,676098,346,125715,541,0.0027404638195412494,0.6099210822998873
9816,0.9835,3,0,3,676098,346,125718,538,0.0027404638195412494,0.6085972850678733
9817,0.9836,1,1,1,676099,345,125719,537,0.0027325434038778353,0.608843537414966
9818,0.9838,4,3,4,676102,342,125723,533,0.0027087821568875935,0.6091428571428571
9819,0.984,10,4,10,676106,338,125733,523,0.0026771004942339376,0.6074332171893148
9820,0.9841,0,1,0,676107,337,125733,523,0.0026691800785705235,0.608139534883721
9821,0.9842,4,2,4,676109,335,125737,519,0.0026533392472436954,0.607728337236534
9822,0.9843,6,2,6,676111,333,125743,513,0.002637498415916867,0.6063829787234043
9823,0.9844,1,2,1,676113,331,125744,512,0.0026216575845900395,0.6073546856465006
9824,0.9847,4,4,4,676117,327,125748,508,0.002589975921936383,0.6083832335329341
9825,0.9848,2,2,2,676119,325,125750,506,0.002574135090609555,0.6089049338146811
9826,0.985,12,11,12,676130,314,125762,494,0.002487010518312001,0.6113861386138614
9827,0.9851,4,0,4,676130,314,125766,490,0.002487010518312001,0.6094527363184079
9828,0.9852,1,0,1,676130,314,125767,489,0.002487010518312001,0.6089663760896638
9829,0.9853,4,1,4,676131,313,125771,485,0.002479090102648587,0.6077694235588973
9830,0.9854,6,3,6,676134,310,125777,479,0.002455328855658345,0.6070975918884665
9831,0.9855,5,2,5,676136,308,125782,474,0.002439488024331517,0.6061381074168798
9832,0.9857,3,2,3,676138,306,125785,471,0.0024236471930046887,0.6061776061776062
9833,0.9858,3,1,3,676139,305,125788,468,0.0024157267773412747,0.6054333764553687
9834,0.9859,2,0,2,676139,305,125790,466,0.0024157267773412747,0.6044098573281452
9835,0.986,6,1,6,676140,304,125796,460,0.002407806361677861,0.6020942408376964
9836,0.9861,2,3,2,676143,301,125798,458,0.0023840451146876188,0.6034255599472991
9837,0.9862,0,2,0,676145,299,125798,458,0.0023682042833607906,0.6050198150594451
9838,0.9863,4,2,4,676147,297,125802,454,0.002352363452033963,0.6045272969374168
9839,0.9864,0,1,0,676148,296,125802,454,0.002344443036370549,0.6053333333333333
9840,0.9865,1,1,1,676149,295,125803,453,0.0023365226207071347,0.6056149732620321
9841,0.9867,8,9,8,676158,286,125811,445,0.0022652388797364084,0.6087551299589603
9842,0.9868,1,1,1,676159,285,125812,444,0.0022573184640729944,0.6090534979423868
9843,0.987,3,1,3,676160,284,125815,441,0.0022493980484095807,0.6082758620689656
9844,0.9871,2,2,2,676162,282,125817,439,0.0022335572170827525,0.608876560332871
9845,0.9872,1,0,1,676162,282,125818,438,0.0022335572170827525,0.6083333333333333
9846,0.9874,3,1,3,676163,281,125821,435,0.0022256368014193385,0.6075418994413407
9847,0.9875,6,5,6,676168,276,125827,429,0.0021860347231022685,0.6085106382978723
9848,0.9876,2,1,2,676169,275,125829,427,0.0021781143074388544,0.6082621082621082
9849,0.9878,2,1,2,676170,274,125831,425,0.0021701938917754403,0.6080114449213162
9850,0.988,0,2,0,676172,272,125831,425,0.002154353060448612,0.6097560975609756
9851,0.9881,1,1,1,676173,271,125832,424,0.0021464326447851985,0.6100719424460431
9852,0.9882,1,2,1,676175,269,125833,423,0.0021305918134583704,0.611271676300578
9853,0.9883,3,2,3,676177,267,125836,420,0.002114750982131542,0.611353711790393
9854,0.9884,0,3,0,676180,264,125836,420,0.0020909897351413004,0.6140350877192983
9855,0.9885,1,5,1,676185,259,125837,419,0.00205138765682423,0.6179941002949852
9856,0.9886,2,2,2,676187,257,125839,417,0.0020355468254974023,0.6186943620178041
9857,0.9887,3,2,3,676189,255,125842,414,0.002019705994170574,0.6188340807174888
9858,0.9888,4,3,4,676192,252,125846,410,0.001995944747180332,0.6193353474320241
9859,0.9889,1,2,1,676194,250,125847,409,0.001980103915853504,0.6206373292867982
9860,0.989,0,1,0,676195,249,125847,409,0.00197218350019009,0.621580547112462
9861,0.9891,1,0,1,676195,249,125848,408,0.00197218350019009,0.6210045662100456
9862,0.9892,5,3,5,676198,246,125853,403,0.001948422253199848,0.6209553158705701
9863,0.9893,2,2,2,676200,244,125855,401,0.0019325814218730199,0.6217054263565891
9864,0.9895,1,0,1,676200,244,125856,400,0.0019325814218730199,0.6211180124223602
9865,0.9898,3,2,3,676202,242,125859,397,0.001916740590546192,0.621283255086072
9866,0.9899,1,1,1,676203,241,125860,396,0.0019088201748827778,0.6216640502354788
9867,0.99,71,41,71,676244,200,125931,325,0.0015840831326828031,0.6190476190476191
9868,0.9901,0,1,0,676245,199,125931,325,0.0015761627170193893,0.6202290076335878
9869,0.9903,2,6,2,676251,193,125933,323,0.001528640223038905,0.625968992248062
9870,0.9904,2,2,2,676253,191,125935,321,0.001512799391712077,0.626953125
9871,0.9905,3,1,3,676254,190,125938,318,0.001504878976048663,0.6259842519685039
9872,0.9908,2,0,2,676254,190,125940,316,0.001504878976048663,0.6245059288537549
9873,0.9909,0,1,0,676255,189,125940,316,0.0014969585603852491,0.6257425742574257
9874,0.991,1,1,1,676256,188,125941,315,0.001489038144721835,0.6262425447316103
9875,0.9914,1,0,1,676256,188,125942,314,0.001489038144721835,0.6254980079681275
9876,0.9915,0,1,0,676257,187,125942,314,0.001481117729058421,0.626746506986028
9877,0.9917,5,2,5,676259,185,125947,309,0.001465276897731593,0.6255060728744939
9878,0.9918,0,1,0,676260,184,125947,309,0.001457356482068179,0.6267748478701826
9879,0.992,5,1,5,676261,183,125952,304,0.0014494360664047648,0.6242299794661191
9880,0.9921,1,1,1,676262,182,125953,303,0.001441515650741351,0.6247422680412371
9881,0.9922,2,0,2,676262,182,125955,301,0.001441515650741351,0.6231884057971014
9882,0.9924,0,1,0,676263,181,125955,301,0.001433595235077937,0.6244813278008299
9883,0.9925,12,8,12,676271,173,125967,289,0.0013702319097706247,0.6255411255411255
9884,0.9926,1,2,1,676273,171,125968,288,0.0013543910784437967,0.6274509803921569
9885,0.9927,1,0,1,676273,171,125969,287,0.0013543910784437967,0.6266375545851528
9886,0.9929,0,1,0,676274,170,125969,287,0.0013464706627803827,0.6280087527352297
9887,0.9933,9,7,9,676281,163,125978,278,0.0012910277531364845,0.6303854875283447
9888,0.9935,1,0,1,676281,163,125979,277,0.0012910277531364845,0.6295454545454545
9889,0.9936,1,0,1,676281,163,125980,276,0.0012910277531364845,0.6287015945330297
9890,0.9937,0,1,0,676282,162,125980,276,0.0012831073374730707,0.6301369863013698
9891,0.9938,3,0,3,676282,162,125983,273,0.0012831073374730707,0.6275862068965518
9892,0.9939,1,1,1,676283,161,125984,272,0.0012751869218096566,0.628175519630485
9893,0.994,6,4,6,676287,157,125990,266,0.0012435052591560005,0.6288416075650118
9894,0.9942,4,1,4,676288,156,125994,262,0.0012355848434925864,0.6267942583732058
9895,0.9943,1,0,1,676288,156,125995,261,0.0012355848434925864,0.6258992805755396
9896,0.9944,0,1,0,676289,155,125995,261,0.0012276644278291725,0.6274038461538461
9897,0.9947,0,1,0,676290,154,125995,261,0.0012197440121657585,0.6289156626506024
9898,0.995,23,14,23,676304,140,126018,238,0.0011088581928779622,0.6296296296296297
9899,0.9952,0,3,0,676307,137,126018,238,0.0010850969458877202,0.6346666666666667
9900,0.9956,1,0,1,676307,137,126019,237,0.0010850969458877202,0.6336898395721925
9901,0.9957,0,1,0,676308,136,126019,237,0.001077176530224306,0.6353887399463807
9902,0.9958,2,1,2,676309,135,126021,235,0.0010692561145608922,0.6351351351351351
9903,0.996,2,0,2,676309,135,126023,233,0.0010692561145608922,0.6331521739130435
9904,0.9962,2,0,2,676309,135,126025,231,0.0010692561145608922,0.6311475409836066
9905,0.9967,16,10,16,676319,125,126041,215,0.000990051957926752,0.6323529411764706
9906,0.9969,1,0,1,676319,125,126042,214,0.000990051957926752,0.6312684365781711
9907,0.9971,1,3,1,676322,122,126043,213,0.0009662907109365099,0.6358208955223881
9908,0.9972,1,0,1,676322,122,126044,212,0.0009662907109365099,0.6347305389221557
9909,0.9973,1,3,1,676325,119,126045,211,0.0009425294639462679,0.6393939393939394
9910,0.9975,3,2,3,676327,117,126048,208,0.0009266886326194399,0.64
9911,0.9978,1,0,1,676327,117,126049,207,0.0009266886326194399,0.6388888888888888
9912,0.998,6,3,6,676330,114,126055,201,0.0009029273856291978,0.638095238095238
9913,0.9981,1,1,1,676331,113,126056,200,0.0008950069699657839,0.6389776357827476
9914,0.9983,0,1,0,676332,112,126056,200,0.0008870865543023698,0.6410256410256411
9915,0.9986,3,5,3,676337,107,126059,197,0.0008474844759852997,0.6480263157894737
9916,0.9989,0,1,0,676338,106,126059,197,0.0008395640603218857,0.6501650165016502
9917,0.999,1,2,1,676340,104,126060,196,0.0008237232289950577,0.6533333333333333
9918,1.0,196,104,196,676444,0,126256,0,0.0,
