,min,max,Neg,Pos,$\frac{\text{Pos}}{\text{Neg}+\text{Pos}}$,TN,FP,FN,TP,Prec,Rec,FP/P
0,0.0205,0.0328,"2,641",91,0.0333,"2,641","673,803",91,"126,165",0.1577,0.9993,5.3368
1,0.0328,0.0511,"23,376","1,000",0.0410,"26,017","650,427","1,091","125,165",0.1614,0.9914,5.1517
2,0.0511,0.0589,"17,185","1,000",0.0550,"43,202","633,242","2,091","124,165",0.1639,0.9834,5.0155
3,0.0589,0.0644,"16,135","1,000",0.0584,"59,337","617,107","3,091","123,165",0.1664,0.9755,4.8877
4,0.0644,0.0693,"14,414","1,000",0.0649,"73,751","602,693","4,091","122,165",0.1685,0.9676,4.7736
5,0.0693,0.0740,"13,312","1,001",0.0699,"87,063","589,381","5,092","121,164",0.1705,0.9597,4.6681
6,0.0740,0.0787,"12,949","1,000",0.0717,"100,012","576,432","6,092","120,164",0.1725,0.9517,4.5656
7,0.0787,0.0826,"11,156","1,000",0.0823,"111,168","565,276","7,092","119,164",0.1741,0.9438,4.4772
8,0.0826,0.0864,"11,211","1,000",0.0819,"122,379","554,065","8,092","118,164",0.1758,0.9359,4.3884
9,0.0864,0.0898,"10,056","1,000",0.0904,"132,435","544,009","9,092","117,164",0.1772,0.9280,4.3088
10,0.0898,0.0929,"9,702","1,000",0.0934,"142,137","534,307","10,092","116,164",0.1786,0.9201,4.2319
11,0.0929,0.0958,"10,158","1,001",0.0897,"152,295","524,149","11,093","115,163",0.1801,0.9121,4.1515
12,0.0958,0.0983,"9,002","1,002",0.1002,"161,297","515,147","12,095","114,161",0.1814,0.9042,4.0802
13,0.0983,0.1008,"9,101","1,000",0.0990,"170,398","506,046","13,095","113,161",0.1828,0.8963,4.0081
14,0.1008,0.1030,"8,374","1,000",0.1067,"178,772","497,672","14,095","112,161",0.1839,0.8884,3.9418
15,0.1030,0.1053,"8,162","1,000",0.1091,"186,934","489,510","15,095","111,161",0.1851,0.8804,3.8771
16,0.1053,0.1075,"8,472","1,000",0.1056,"195,406","481,038","16,095","110,161",0.1863,0.8725,3.8100
17,0.1075,0.1097,"8,437","1,000",0.1060,"203,843","472,601","17,095","109,161",0.1876,0.8646,3.7432
18,0.1097,0.1115,"7,643","1,000",0.1157,"211,486","464,958","18,095","108,161",0.1887,0.8567,3.6827
19,0.1115,0.1132,"7,343","1,000",0.1199,"218,829","457,615","19,095","107,161",0.1897,0.8488,3.6245
20,0.1132,0.1149,"7,793","1,000",0.1137,"226,622","449,822","20,095","106,161",0.1909,0.8408,3.5628
21,0.1149,0.1166,"7,872","1,002",0.1129,"234,494","441,950","21,097","105,159",0.1922,0.8329,3.5004
22,0.1166,0.1183,"7,393","1,001",0.1193,"241,887","434,557","22,098","104,158",0.1933,0.8250,3.4419
23,0.1183,0.1201,"7,324","1,000",0.1201,"249,211","427,233","23,098","103,158",0.1945,0.8171,3.3839
24,0.1201,0.1216,"7,052","1,000",0.1242,"256,263","420,181","24,098","102,158",0.1956,0.8091,3.3280
25,0.1216,0.1233,"6,962","1,003",0.1259,"263,225","413,219","25,101","101,155",0.1967,0.8012,3.2729
26,0.1233,0.1249,"7,219","1,000",0.1217,"270,444","406,000","26,101","100,155",0.1979,0.7933,3.2157
27,0.1249,0.1266,"6,856","1,001",0.1274,"277,300","399,144","27,102","99,154",0.1990,0.7853,3.1614
28,0.1266,0.1280,"6,794","1,000",0.1283,"284,094","392,350","28,102","98,154",0.2001,0.7774,3.1076
29,0.1280,0.1297,"6,891","1,001",0.1268,"290,985","385,459","29,103","97,153",0.2013,0.7695,3.0530
30,0.1297,0.1311,"6,710","1,009",0.1307,"297,695","378,749","30,112","96,144",0.2025,0.7615,2.9998
31,0.1312,0.1327,"6,866","1,000",0.1271,"304,561","371,883","31,112","95,144",0.2037,0.7536,2.9455
32,0.1327,0.1340,"6,448","1,000",0.1343,"311,009","365,435","32,112","94,144",0.2048,0.7457,2.8944
33,0.1340,0.1355,"6,801","1,003",0.1285,"317,810","358,634","33,115","93,141",0.2062,0.7377,2.8405
34,0.1355,0.1369,"6,299","1,000",0.1370,"324,109","352,335","34,115","92,141",0.2073,0.7298,2.7906
35,0.1369,0.1385,"6,621","1,000",0.1312,"330,730","345,714","35,115","91,141",0.2086,0.7219,2.7382
36,0.1385,0.1400,"6,626","1,006",0.1318,"337,356","339,088","36,121","90,135",0.2100,0.7139,2.6857
37,0.1400,0.1416,"6,491","1,005",0.1341,"343,847","332,597","37,126","89,130",0.2113,0.7059,2.6343
38,0.1416,0.1431,"5,934","1,004",0.1447,"349,781","326,663","38,130","88,126",0.2125,0.6980,2.5873
39,0.1431,0.1446,"5,978","1,000",0.1433,"355,759","320,685","39,130","87,126",0.2136,0.6901,2.5400
40,0.1446,0.1460,"5,953","1,000",0.1438,"361,712","314,732","40,130","86,126",0.2149,0.6822,2.4928
41,0.1460,0.1474,"6,048","1,001",0.1420,"367,760","308,684","41,131","85,125",0.2162,0.6742,2.4449
42,0.1474,0.1489,"6,037","1,002",0.1423,"373,797","302,647","42,133","84,123",0.2175,0.6663,2.3971
43,0.1489,0.1504,"5,815","1,004",0.1472,"379,612","296,832","43,137","83,119",0.2188,0.6583,2.3510
44,0.1504,0.1520,"5,842","1,000",0.1462,"385,454","290,990","44,137","82,119",0.2201,0.6504,2.3048
45,0.1520,0.1536,"5,685","1,000",0.1496,"391,139","285,305","45,137","81,119",0.2214,0.6425,2.2597
46,0.1536,0.1553,"5,359","1,000",0.1573,"396,498","279,946","46,137","80,119",0.2225,0.6346,2.2173
47,0.1553,0.1569,"5,903","1,000",0.1449,"402,401","274,043","47,137","79,119",0.2240,0.6267,2.1705
48,0.1569,0.1585,"5,422","1,001",0.1558,"407,823","268,621","48,138","78,118",0.2253,0.6187,2.1276
49,0.1585,0.1600,"5,337","1,010",0.1591,"413,160","263,284","49,148","77,108",0.2265,0.6107,2.0853
50,0.1600,0.1614,"5,066","1,004",0.1654,"418,226","258,218","50,152","76,104",0.2276,0.6028,2.0452
51,0.1614,0.1631,"5,615","1,000",0.1512,"423,841","252,603","51,152","75,104",0.2292,0.5949,2.0007
52,0.1631,0.1647,"5,200","1,004",0.1618,"429,041","247,403","52,156","74,100",0.2305,0.5869,1.9595
53,0.1647,0.1663,"5,416","1,003",0.1563,"434,457","241,987","53,159","73,097",0.2320,0.5790,1.9166
54,0.1663,0.1678,"4,927","1,011",0.1703,"439,384","237,060","54,170","72,086",0.2332,0.5710,1.8776
55,0.1678,0.1695,"4,958","1,001",0.1680,"444,342","232,102","55,171","71,085",0.2345,0.5630,1.8383
56,0.1695,0.1710,"4,780","1,000",0.1730,"449,122","227,322","56,171","70,085",0.2357,0.5551,1.8005
57,0.1710,0.1725,"4,700","1,000",0.1754,"453,822","222,622","57,171","69,085",0.2368,0.5472,1.7633
58,0.1725,0.1743,"4,868","1,006",0.1713,"458,690","217,754","58,177","68,079",0.2382,0.5392,1.7247
59,0.1743,0.1757,"4,689","1,001",0.1759,"463,379","213,065","59,178","67,078",0.2394,0.5313,1.6876
60,0.1757,0.1771,"4,666","1,006",0.1774,"468,045","208,399","60,184","66,072",0.2407,0.5233,1.6506
61,0.1771,0.1786,"4,601","1,002",0.1788,"472,646","203,798","61,186","65,070",0.2420,0.5154,1.6142
62,0.1786,0.1801,"4,443","1,000",0.1837,"477,089","199,355","62,186","64,070",0.2432,0.5075,1.5790
63,0.1801,0.1818,"4,668","1,000",0.1764,"481,757","194,687","63,186","63,070",0.2447,0.4995,1.5420
64,0.1818,0.1833,"4,496","1,000",0.1820,"486,253","190,191","64,186","62,070",0.2461,0.4916,1.5064
65,0.1833,0.1848,"4,572","1,001",0.1796,"490,825","185,619","65,187","61,069",0.2476,0.4837,1.4702
66,0.1848,0.1863,"4,215","1,000",0.1918,"495,040","181,404","66,187","60,069",0.2488,0.4758,1.4368
67,0.1863,0.1880,"4,541","1,002",0.1808,"499,581","176,863","67,189","59,067",0.2504,0.4678,1.4008
68,0.1880,0.1897,"4,201","1,000",0.1923,"503,782","172,662","68,189","58,067",0.2517,0.4599,1.3676
69,0.1897,0.1913,"4,466","1,004",0.1835,"508,248","168,196","69,193","57,063",0.2533,0.4520,1.3322
70,0.1913,0.1930,"4,066","1,001",0.1976,"512,314","164,130","70,194","56,062",0.2546,0.4440,1.3000
71,0.1930,0.1947,"4,453","1,001",0.1835,"516,767","159,677","71,195","55,061",0.2564,0.4361,1.2647
72,0.1947,0.1962,"3,999","1,002",0.2004,"520,766","155,678","72,197","54,059",0.2577,0.4282,1.2330
73,0.1962,0.1978,"3,935","1,000",0.2026,"524,701","151,743","73,197","53,059",0.2591,0.4202,1.2019
74,0.1978,0.1995,"4,187","1,002",0.1931,"528,888","147,556","74,199","52,057",0.2608,0.4123,1.1687
75,0.1995,0.2013,"3,966","1,000",0.2014,"532,854","143,590","75,199","51,057",0.2623,0.4044,1.1373
76,0.2013,0.2030,"3,808","1,000",0.2080,"536,662","139,782","76,199","50,057",0.2637,0.3965,1.1071
77,0.2030,0.2048,"4,116","1,000",0.1955,"540,778","135,666","77,199","49,057",0.2656,0.3886,1.0745
78,0.2048,0.2067,"3,733","1,001",0.2114,"544,511","131,933","78,200","48,056",0.2670,0.3806,1.0450
79,0.2067,0.2087,"4,055","1,001",0.1980,"548,566","127,878","79,201","47,055",0.2690,0.3727,1.0128
80,0.2087,0.2104,"3,774","1,000",0.2095,"552,340","124,104","80,201","46,055",0.2707,0.3648,0.9830
81,0.2104,0.2121,"3,603","1,000",0.2172,"555,943","120,501","81,201","45,055",0.2721,0.3569,0.9544
82,0.2121,0.2139,"3,651","1,007",0.2162,"559,594","116,850","82,208","44,048",0.2738,0.3489,0.9255
83,0.2140,0.2159,"3,668","1,000",0.2142,"563,262","113,182","83,208","43,048",0.2755,0.3410,0.8964
84,0.2159,0.2178,"3,487","1,005",0.2237,"566,749","109,695","84,213","42,043",0.2771,0.3330,0.8688
85,0.2178,0.2199,"3,536","1,000",0.2205,"570,285","106,159","85,213","41,043",0.2788,0.3251,0.8408
86,0.2199,0.2220,"3,313","1,000",0.2319,"573,598","102,846","86,213","40,043",0.2802,0.3172,0.8146
87,0.2221,0.2241,"3,436","1,001",0.2256,"577,034","99,410","87,214","39,042",0.2820,0.3092,0.7874
88,0.2241,0.2262,"3,437","1,000",0.2254,"580,471","95,973","88,214","38,042",0.2839,0.3013,0.7601
89,0.2262,0.2286,"3,618","1,001",0.2167,"584,089","92,355","89,215","37,041",0.2863,0.2934,0.7315
90,0.2286,0.2308,"3,222","1,000",0.2369,"587,311","89,133","90,215","36,041",0.2879,0.2855,0.7060
91,0.2308,0.2333,"3,360","1,001",0.2295,"590,671","85,773","91,216","35,040",0.2900,0.2775,0.6794
92,0.2333,0.2357,"3,283","1,000",0.2335,"593,954","82,490","92,216","34,040",0.2921,0.2696,0.6534
93,0.2357,0.2382,"3,295","1,000",0.2328,"597,249","79,195","93,216","33,040",0.2944,0.2617,0.6273
94,0.2382,0.2406,"3,106","1,000",0.2435,"600,355","76,089","94,216","32,040",0.2963,0.2538,0.6027
95,0.2406,0.2431,"3,060","1,000",0.2463,"603,415","73,029","95,216","31,040",0.2983,0.2458,0.5784
96,0.2431,0.2455,"2,951","1,005",0.2540,"606,366","70,078","96,221","30,035",0.3000,0.2379,0.5550
97,0.2455,0.2480,"2,942","1,000",0.2537,"609,308","67,136","97,221","29,035",0.3019,0.2300,0.5317
98,0.2480,0.2508,"3,055","1,000",0.2466,"612,363","64,081","98,221","28,035",0.3043,0.2220,0.5075
99,0.2508,0.2533,"2,746","1,000",0.2670,"615,109","61,335","99,221","27,035",0.3059,0.2141,0.4858
100,0.2533,0.2561,"2,776","1,011",0.2670,"617,885","58,559","100,232","26,024",0.3077,0.2061,0.4638
101,0.2561,0.2590,"2,725","1,001",0.2687,"620,610","55,834","101,233","25,023",0.3095,0.1982,0.4422
102,0.2590,0.2617,"2,568","1,001",0.2805,"623,178","53,266","102,234","24,022",0.3108,0.1903,0.4219
103,0.2617,0.2644,"2,774","1,000",0.2650,"625,952","50,492","103,234","23,022",0.3132,0.1823,0.3999
104,0.2644,0.2673,"2,650","1,000",0.2740,"628,602","47,842","104,234","22,022",0.3152,0.1744,0.3789
105,0.2673,0.2703,"2,660","1,004",0.2740,"631,262","45,182","105,238","21,018",0.3175,0.1665,0.3579
106,0.2703,0.2729,"2,561","1,000",0.2808,"633,823","42,621","106,238","20,018",0.3196,0.1586,0.3376
107,0.2729,0.2759,"2,620","1,000",0.2762,"636,443","40,001","107,238","19,018",0.3222,0.1506,0.3168
108,0.2759,0.2790,"2,632","1,001",0.2755,"639,075","37,369","108,239","18,017",0.3253,0.1427,0.2960
109,0.2790,0.2821,"2,447","1,000",0.2901,"641,522","34,922","109,239","17,017",0.3276,0.1348,0.2766
110,0.2821,0.2851,"2,252","1,001",0.3077,"643,774","32,670","110,240","16,016",0.3290,0.1269,0.2588
111,0.2851,0.2888,"2,460","1,000",0.2890,"646,234","30,210","111,240","15,016",0.3320,0.1189,0.2393
112,0.2888,0.2922,"2,255","1,002",0.3076,"648,489","27,955","112,242","14,014",0.3339,0.1110,0.2214
113,0.2922,0.2961,"2,280","1,001",0.3051,"650,769","25,675","113,243","13,013",0.3364,0.1031,0.2034
114,0.2961,0.3001,"2,236","1,001",0.3092,"653,005","23,439","114,244","12,012",0.3388,0.0951,0.1856
115,0.3001,0.3043,"2,254","1,000",0.3073,"655,259","21,185","115,244","11,012",0.3420,0.0872,0.1678
116,0.3043,0.3092,"2,289","1,000",0.3040,"657,548","18,896","116,244","10,012",0.3463,0.0793,0.1497
117,0.3092,0.3141,"2,224","1,002",0.3106,"659,772","16,672","117,246","9,010",0.3508,0.0714,0.1320
118,0.3141,0.3196,"2,088","1,001",0.3241,"661,860","14,584","118,247","8,009",0.3545,0.0634,0.1155
119,0.3196,0.3264,"2,153","1,002",0.3176,"664,013","12,431","119,249","7,007",0.3605,0.0555,0.0985
120,0.3265,0.3340,"2,091","1,000",0.3235,"666,104","10,340","120,249","6,007",0.3675,0.0476,0.0819
121,0.3340,0.3420,"1,924","1,001",0.3422,"668,028","8,416","121,250","5,006",0.3730,0.0396,0.0667
122,0.3420,0.3514,"1,830","1,000",0.3534,"669,858","6,586","122,250","4,006",0.3782,0.0317,0.0522
123,0.3514,0.3638,"1,710","1,000",0.3690,"671,568","4,876","123,250","3,006",0.3814,0.0238,0.0386
124,0.3638,0.3796,"1,771","1,000",0.3609,"673,339","3,105","124,250","2,006",0.3925,0.0159,0.0246
125,0.3796,0.4028,"1,584","1,005",0.3882,"674,923","1,521","125,255","1,001",0.3969,0.0079,0.0120
126,0.4028,0.5215,"1,521","1,001",0.3969,"676,444",0,"126,256",0,nan,0.0000,0.0000
