,min,max,Neg,Pos,$\frac{\text{Pos}}{\text{Neg}+\text{Pos}}$,TN,FP,FN,TP,Prec,Rec,FP/P
0,0.0021,0.0332,"28,870",858,0.0289,"28,870","647,574",858,"125,398",0.1622,0.9932,5.1291
1,0.0332,0.0426,"24,316","1,000",0.0395,"53,186","623,258","1,858","124,398",0.1664,0.9853,4.9365
2,0.0426,0.0493,"20,335","1,000",0.0469,"73,521","602,923","2,858","123,398",0.1699,0.9774,4.7754
3,0.0493,0.0547,"17,360","1,000",0.0545,"90,881","585,563","3,858","122,398",0.1729,0.9694,4.6379
4,0.0547,0.0594,"16,742","1,000",0.0564,"107,623","568,821","4,858","121,398",0.1759,0.9615,4.5053
5,0.0594,0.0638,"15,626","1,000",0.0601,"123,249","553,195","5,858","120,398",0.1787,0.9536,4.3815
6,0.0638,0.0674,"13,592","1,000",0.0685,"136,841","539,603","6,858","119,398",0.1812,0.9457,4.2739
7,0.0674,0.0708,"12,947","1,000",0.0717,"149,788","526,656","7,858","118,398",0.1835,0.9378,4.1713
8,0.0708,0.0741,"12,497","1,000",0.0741,"162,285","514,159","8,858","117,398",0.1859,0.9298,4.0724
9,0.0741,0.0772,"12,233","1,000",0.0756,"174,518","501,926","9,858","116,398",0.1882,0.9219,3.9755
10,0.0772,0.0801,"11,085","1,000",0.0827,"185,603","490,841","10,858","115,398",0.1904,0.9140,3.8877
11,0.0801,0.0829,"11,114","1,000",0.0825,"196,717","479,727","11,858","114,398",0.1925,0.9061,3.7996
12,0.0829,0.0856,"10,983","1,000",0.0835,"207,700","468,744","12,858","113,398",0.1948,0.8982,3.7126
13,0.0856,0.0883,"10,269","1,000",0.0887,"217,969","458,475","13,858","112,398",0.1969,0.8902,3.6313
14,0.0883,0.0908,"9,622","1,000",0.0941,"227,591","448,853","14,858","111,398",0.1988,0.8823,3.5551
15,0.0908,0.0933,"9,974","1,000",0.0911,"237,565","438,879","15,858","110,398",0.2010,0.8744,3.4761
16,0.0933,0.0958,"9,807","1,000",0.0925,"247,372","429,072","16,858","109,398",0.2032,0.8665,3.3984
17,0.0958,0.0982,"9,377","1,000",0.0964,"256,749","419,695","17,858","108,398",0.2053,0.8586,3.3242
18,0.0982,0.1005,"8,821","1,000",0.1018,"265,570","410,874","18,858","107,398",0.2072,0.8506,3.2543
19,0.1005,0.1029,"8,883","1,000",0.1012,"274,453","401,991","19,858","106,398",0.2093,0.8427,3.1839
20,0.1029,0.1052,"8,838","1,000",0.1016,"283,291","393,153","20,858","105,398",0.2114,0.8348,3.1139
21,0.1052,0.1075,"8,755","1,000",0.1025,"292,046","384,398","21,858","104,398",0.2136,0.8269,3.0446
22,0.1075,0.1097,"8,169","1,000",0.1091,"300,215","376,229","22,858","103,398",0.2156,0.8190,2.9799
23,0.1097,0.1120,"8,223","1,000",0.1084,"308,438","368,006","23,858","102,398",0.2177,0.8110,2.9148
24,0.1120,0.1142,"8,146","1,000",0.1093,"316,584","359,860","24,858","101,398",0.2198,0.8031,2.8502
25,0.1142,0.1163,"7,333","1,000",0.1200,"323,917","352,527","25,858","100,398",0.2217,0.7952,2.7922
26,0.1163,0.1185,"7,602","1,000",0.1163,"331,519","344,925","26,858","99,398",0.2237,0.7873,2.7319
27,0.1185,0.1207,"7,413","1,000",0.1189,"338,932","337,512","27,858","98,398",0.2257,0.7794,2.6732
28,0.1207,0.1227,"6,868","1,000",0.1271,"345,800","330,644","28,858","97,398",0.2275,0.7714,2.6188
29,0.1227,0.1249,"7,125","1,000",0.1231,"352,925","323,519","29,858","96,398",0.2296,0.7635,2.5624
30,0.1249,0.1270,"6,971","1,000",0.1255,"359,896","316,548","30,858","95,398",0.2316,0.7556,2.5072
31,0.1270,0.1292,"7,006","1,000",0.1249,"366,902","309,542","31,858","94,398",0.2337,0.7477,2.4517
32,0.1292,0.1313,"6,755","1,000",0.1289,"373,657","302,787","32,858","93,398",0.2357,0.7398,2.3982
33,0.1313,0.1335,"6,852","1,000",0.1274,"380,509","295,935","33,858","92,398",0.2379,0.7318,2.3439
34,0.1335,0.1356,"6,541","1,000",0.1326,"387,050","289,394","34,858","91,398",0.2400,0.7239,2.2921
35,0.1356,0.1378,"6,613","1,000",0.1314,"393,663","282,781","35,858","90,398",0.2422,0.7160,2.2397
36,0.1378,0.1399,"6,210","1,000",0.1387,"399,873","276,571","36,858","89,398",0.2443,0.7081,2.1906
37,0.1399,0.1422,"6,586","1,000",0.1318,"406,459","269,985","37,858","88,398",0.2467,0.7001,2.1384
38,0.1422,0.1443,"5,958","1,000",0.1437,"412,417","264,027","38,858","87,398",0.2487,0.6922,2.0912
39,0.1443,0.1465,"6,131","1,000",0.1402,"418,548","257,896","39,858","86,398",0.2509,0.6843,2.0426
40,0.1466,0.1488,"5,819","1,000",0.1466,"424,367","252,077","40,858","85,398",0.2530,0.6764,1.9966
41,0.1488,0.1509,"5,763","1,000",0.1479,"430,130","246,314","41,858","84,398",0.2552,0.6685,1.9509
42,0.1509,0.1530,"5,259","1,000",0.1598,"435,389","241,055","42,858","83,398",0.2570,0.6605,1.9093
43,0.1530,0.1552,"5,711","1,000",0.1490,"441,100","235,344","43,858","82,398",0.2593,0.6526,1.8640
44,0.1552,0.1576,"5,651","1,000",0.1504,"446,751","229,693","44,858","81,398",0.2617,0.6447,1.8193
45,0.1576,0.1599,"5,451","1,000",0.1550,"452,202","224,242","45,858","80,398",0.2639,0.6368,1.7761
46,0.1599,0.1621,"5,409","1,000",0.1560,"457,611","218,833","46,858","79,398",0.2662,0.6289,1.7332
47,0.1621,0.1643,"5,063","1,000",0.1649,"462,674","213,770","47,858","78,398",0.2683,0.6209,1.6931
48,0.1643,0.1665,"4,758","1,000",0.1737,"467,432","209,012","48,858","77,398",0.2702,0.6130,1.6555
49,0.1665,0.1689,"5,378","1,000",0.1568,"472,810","203,634","49,858","76,398",0.2728,0.6051,1.6129
50,0.1689,0.1712,"4,977","1,000",0.1673,"477,787","198,657","50,858","75,398",0.2751,0.5972,1.5734
51,0.1712,0.1735,"4,903","1,000",0.1694,"482,690","193,754","51,858","74,398",0.2774,0.5893,1.5346
52,0.1735,0.1757,"4,538","1,000",0.1806,"487,228","189,216","52,858","73,398",0.2795,0.5813,1.4987
53,0.1757,0.1781,"4,800","1,000",0.1724,"492,028","184,416","53,858","72,398",0.2819,0.5734,1.4607
54,0.1781,0.1806,"4,755","1,000",0.1738,"496,783","179,661","54,858","71,398",0.2844,0.5655,1.4230
55,0.1806,0.1831,"4,664","1,000",0.1766,"501,447","174,997","55,858","70,398",0.2869,0.5576,1.3860
56,0.1831,0.1855,"4,293","1,000",0.1889,"505,740","170,704","56,858","69,398",0.2890,0.5497,1.3520
57,0.1855,0.1881,"4,724","1,000",0.1747,"510,464","165,980","57,858","68,398",0.2918,0.5417,1.3146
58,0.1881,0.1906,"4,338","1,000",0.1873,"514,802","161,642","58,858","67,398",0.2943,0.5338,1.2803
59,0.1906,0.1931,"4,224","1,000",0.1914,"519,026","157,418","59,858","66,398",0.2967,0.5259,1.2468
60,0.1931,0.1957,"4,301","1,000",0.1886,"523,327","153,117","60,858","65,398",0.2993,0.5180,1.2128
61,0.1957,0.1982,"4,020","1,000",0.1992,"527,347","149,097","61,858","64,398",0.3016,0.5101,1.1809
62,0.1982,0.2008,"4,059","1,000",0.1977,"531,406","145,038","62,858","63,398",0.3042,0.5021,1.1488
63,0.2008,0.2036,"4,039","1,000",0.1985,"535,445","140,999","63,858","62,398",0.3068,0.4942,1.1168
64,0.2036,0.2061,"3,877","1,000",0.2050,"539,322","137,122","64,858","61,398",0.3093,0.4863,1.0861
65,0.2061,0.2089,"3,997","1,000",0.2001,"543,319","133,125","65,858","60,398",0.3121,0.4784,1.0544
66,0.2089,0.2118,"4,000","1,000",0.2000,"547,319","129,125","66,858","59,398",0.3151,0.4705,1.0227
67,0.2118,0.2146,"3,784","1,000",0.2090,"551,103","125,341","67,858","58,398",0.3178,0.4625,0.9928
68,0.2146,0.2178,"4,088","1,000",0.1965,"555,191","121,253","68,858","57,398",0.3213,0.4546,0.9604
69,0.2178,0.2207,"3,692","1,000",0.2131,"558,883","117,561","69,858","56,398",0.3242,0.4467,0.9311
70,0.2207,0.2237,"3,547","1,000",0.2199,"562,430","114,014","70,858","55,398",0.3270,0.4388,0.9030
71,0.2237,0.2267,"3,511","1,000",0.2217,"565,941","110,503","71,858","54,398",0.3299,0.4309,0.8752
72,0.2267,0.2298,"3,471","1,000",0.2237,"569,412","107,032","72,858","53,398",0.3328,0.4229,0.8477
73,0.2298,0.2330,"3,495","1,000",0.2225,"572,907","103,537","73,858","52,398",0.3360,0.4150,0.8201
74,0.2330,0.2363,"3,419","1,000",0.2263,"576,326","100,118","74,858","51,398",0.3392,0.4071,0.7930
75,0.2363,0.2396,"3,409","1,000",0.2268,"579,735","96,709","75,858","50,398",0.3426,0.3992,0.7660
76,0.2396,0.2429,"3,305","1,000",0.2323,"583,040","93,404","76,858","49,398",0.3459,0.3913,0.7398
77,0.2429,0.2464,"3,346","1,000",0.2301,"586,386","90,058","77,858","48,398",0.3496,0.3833,0.7133
78,0.2464,0.2497,"2,911","1,000",0.2557,"589,297","87,147","78,858","47,398",0.3523,0.3754,0.6902
79,0.2497,0.2535,"3,258","1,000",0.2349,"592,555","83,889","79,858","46,398",0.3561,0.3675,0.6644
80,0.2535,0.2571,"3,008","1,000",0.2495,"595,563","80,881","80,858","45,398",0.3595,0.3596,0.6406
81,0.2571,0.2608,"2,938","1,000",0.2539,"598,501","77,943","81,858","44,398",0.3629,0.3517,0.6173
82,0.2608,0.2644,"2,839","1,000",0.2605,"601,340","75,104","82,858","43,398",0.3662,0.3437,0.5949
83,0.2644,0.2682,"2,662","1,000",0.2731,"604,002","72,442","83,858","42,398",0.3692,0.3358,0.5738
84,0.2682,0.2723,"3,009","1,000",0.2494,"607,011","69,433","84,858","41,398",0.3735,0.3279,0.5499
85,0.2723,0.2762,"2,761","1,000",0.2659,"609,772","66,672","85,858","40,398",0.3773,0.3200,0.5281
86,0.2762,0.2804,"2,708","1,000",0.2697,"612,480","63,964","86,858","39,398",0.3812,0.3120,0.5066
87,0.2804,0.2847,"2,689","1,000",0.2711,"615,169","61,275","87,858","38,398",0.3852,0.3041,0.4853
88,0.2847,0.2890,"2,532","1,000",0.2831,"617,701","58,743","88,858","37,398",0.3890,0.2962,0.4653
89,0.2890,0.2936,"2,525","1,000",0.2837,"620,226","56,218","89,858","36,398",0.3930,0.2883,0.4453
90,0.2936,0.2984,"2,533","1,000",0.2830,"622,759","53,685","90,858","35,398",0.3974,0.2804,0.4252
91,0.2984,0.3031,"2,359","1,000",0.2977,"625,118","51,326","91,858","34,398",0.4013,0.2724,0.4065
92,0.3031,0.3080,"2,517","1,000",0.2843,"627,635","48,809","92,858","33,398",0.4063,0.2645,0.3866
93,0.3080,0.3129,"2,168","1,001",0.3159,"629,803","46,641","93,859","32,397",0.4099,0.2566,0.3694
94,0.3129,0.3181,"2,272","1,000",0.3056,"632,075","44,369","94,859","31,397",0.4144,0.2487,0.3514
95,0.3181,0.3235,"2,110","1,000",0.3215,"634,185","42,259","95,859","30,397",0.4184,0.2408,0.3347
96,0.3235,0.3292,"2,236","1,000",0.3090,"636,421","40,023","96,859","29,397",0.4235,0.2328,0.3170
97,0.3292,0.3349,"2,069","1,000",0.3258,"638,490","37,954","97,859","28,397",0.4280,0.2249,0.3006
98,0.3349,0.3408,"2,055","1,000",0.3273,"640,545","35,899","98,859","27,397",0.4328,0.2170,0.2843
99,0.3408,0.3470,"2,026","1,000",0.3305,"642,571","33,873","99,859","26,397",0.4380,0.2091,0.2683
100,0.3470,0.3533,"1,980","1,000",0.3356,"644,551","31,893","100,859","25,397",0.4433,0.2012,0.2526
101,0.3533,0.3598,"1,830","1,000",0.3534,"646,381","30,063","101,859","24,397",0.4480,0.1932,0.2381
102,0.3598,0.3664,"1,779","1,000",0.3598,"648,160","28,284","102,859","23,397",0.4527,0.1853,0.2240
103,0.3664,0.3730,"1,579","1,000",0.3877,"649,739","26,705","103,859","22,397",0.4561,0.1774,0.2115
104,0.3730,0.3799,"1,574","1,000",0.3885,"651,313","25,131","104,859","21,397",0.4599,0.1695,0.1990
105,0.3799,0.3876,"1,727","1,000",0.3667,"653,040","23,404","105,859","20,397",0.4657,0.1616,0.1854
106,0.3877,0.3954,"1,654","1,000",0.3768,"654,694","21,750","106,859","19,397",0.4714,0.1536,0.1723
107,0.3954,0.4037,"1,640","1,000",0.3788,"656,334","20,110","107,859","18,397",0.4778,0.1457,0.1593
108,0.4037,0.4120,"1,423","1,000",0.4127,"657,757","18,687","108,859","17,397",0.4821,0.1378,0.1480
109,0.4120,0.4206,"1,538","1,000",0.3940,"659,295","17,149","109,859","16,397",0.4888,0.1299,0.1358
110,0.4206,0.4299,"1,499","1,000",0.4002,"660,794","15,650","110,859","15,397",0.4959,0.1220,0.1240
111,0.4299,0.4392,"1,393","1,000",0.4179,"662,187","14,257","111,859","14,397",0.5024,0.1140,0.1129
112,0.4392,0.4486,"1,240","1,000",0.4464,"663,427","13,017","112,859","13,397",0.5072,0.1061,0.1031
113,0.4486,0.4586,"1,340","1,000",0.4274,"664,767","11,677","113,859","12,397",0.5150,0.0982,0.0925
114,0.4586,0.4689,"1,197","1,000",0.4552,"665,964","10,480","114,859","11,397",0.5210,0.0903,0.0830
115,0.4689,0.4798,"1,141","1,000",0.4671,"667,105","9,339","115,859","10,397",0.5268,0.0823,0.0740
116,0.4798,0.4912,"1,130","1,000",0.4695,"668,235","8,209","116,859","9,397",0.5337,0.0744,0.0650
117,0.4912,0.5034,"1,119","1,000",0.4719,"669,354","7,090","117,859","8,397",0.5422,0.0665,0.0562
118,0.5034,0.5168,"1,050","1,000",0.4878,"670,404","6,040","118,859","7,397",0.5505,0.0586,0.0478
119,0.5168,0.5321,"1,040","1,000",0.4902,"671,444","5,000","119,859","6,397",0.5613,0.0507,0.0396
120,0.5321,0.5503,"1,000","1,145",0.5338,"672,444","4,000","121,004","5,252",0.5677,0.0416,0.0317
121,0.5503,0.5709,"1,000","1,027",0.5067,"673,444","3,000","122,031","4,225",0.5848,0.0335,0.0238
122,0.5709,0.5987,"1,000","1,201",0.5457,"674,444","2,000","123,232","3,024",0.6019,0.0240,0.0158
123,0.5987,0.6404,"1,000","1,292",0.5637,"675,444","1,000","124,524","1,732",0.6340,0.0137,0.0079
124,0.6404,0.9025,"1,000","1,732",0.6340,"676,444",0,"126,256",0,nan,0.0000,0.0000
