,y_proba,y_test,Neg,Pos,TN,FP,FN,TP,FP/P,Prec
0,0.0,170,4623,170,4623,671821,170,126086,5.321101571410468,0.15802092223780465
1,0.0004,1,1,1,4624,671820,171,126085,5.321093650994804,0.15802006504533747
2,0.0005,0,16,0,4640,671804,171,126085,5.32096692434419,0.15802323380821143
3,0.0006,1,5,1,4645,671799,172,126084,5.320927322265873,0.1580231688104647
4,0.0007,0,2,0,4647,671797,172,126084,5.320911481434545,0.15802356491757544
5,0.0008,0,44,0,4691,671753,172,126084,5.320562983145355,0.15803227977644557
6,0.001,2,33,2,4724,671720,174,126082,5.320301609428463,0.158036705849321
7,0.0011,2,24,2,4748,671696,176,126080,5.320111519452541,0.15803934939130784
8,0.0012,2,42,2,4790,671654,178,126078,5.319778861994678,0.15804555916021923
9,0.0013,0,9,0,4799,671645,178,126078,5.319707578253706,0.158047342247873
10,0.0014,2,23,2,4822,671622,180,126076,5.3195254086934485,0.15804978826573465
11,0.0015,0,11,0,4833,671611,180,126076,5.3194382841211505,0.15805196775176228
12,0.0016,3,37,3,4870,671574,183,126073,5.319145228741604,0.15805613260000978
13,0.0017,6,109,6,4979,671465,189,126067,5.3182819034342925,0.15807140026983243
14,0.0018,1,30,1,5009,671435,190,126066,5.31804429096439,0.15807629081342844
15,0.0019,2,25,2,5034,671410,192,126064,5.317846280572804,0.1580791348683468
16,0.002,9,76,9,5110,671334,201,126055,5.317244328982385,0.15808469893615287
17,0.0021,0,14,0,5124,671320,201,126055,5.317133443163097,0.15808747452578775
18,0.0022,3,56,3,5180,671264,204,126052,5.316689899885946,0.15809541010088848
19,0.0023,0,33,0,5213,671231,204,126052,5.316428526169053,0.15810195376045896
20,0.0024,2,32,2,5245,671199,206,126050,5.316175072867824,0.15810618765279102
21,0.0025,5,125,5,5370,671074,211,126045,5.315185020909897,0.15812570017776517
22,0.0026,0,14,0,5384,671060,211,126045,5.31507413509061,0.15812847742769146
23,0.0027,2,30,2,5414,671030,213,126043,5.314836522620707,0.15813231661340932
24,0.0028,2,22,2,5436,671008,215,126041,5.314662273476112,0.15813456889099667
25,0.0029,6,54,6,5490,670954,221,126035,5.314234571030288,0.15813894545595986
26,0.003,1,21,1,5511,670933,222,126034,5.314068242301356,0.15814205607007567
27,0.0031,3,59,3,5570,670874,225,126031,5.313600937777214,0.15815059511485058
28,0.0032,1,19,1,5589,670855,226,126030,5.31345044987961,0.15815330944866574
29,0.0033,5,184,5,5773,670671,231,126025,5.311993093397541,0.15818455220058844
30,0.0034,0,19,0,5792,670652,231,126025,5.311842605499937,0.1581883247539467
31,0.0035,1,15,1,5807,670637,232,126024,5.3117237992649855,0.1581902465415026
32,0.0036,0,10,0,5817,670627,232,126024,5.311644595108351,0.15819223223218198
33,0.0037,2,29,2,5846,670598,234,126022,5.3114149030541125,0.15819587758278728
34,0.0038,5,68,5,5914,670530,239,126017,5.310876314789,0.15820409843989117
35,0.0039,0,10,0,5924,670520,239,126017,5.310797110632366,0.15820608458866317
36,0.004,3,95,3,6019,670425,242,126014,5.310044671144341,0.15822178471923148
37,0.0041,0,12,0,6031,670413,242,126014,5.3099496261563806,0.158224168693427
38,0.0042,3,24,3,6055,670389,245,126011,5.309759536180459,0.1582257659467604
39,0.0043,3,52,3,6107,670337,248,126008,5.309347674565961,0.15823292668378655
40,0.0044,1,25,1,6132,670312,249,126007,5.309149664174376,0.15823683724738452
41,0.0045,1,27,1,6159,670285,250,126006,5.308935812951463,0.1582411455108748
42,0.0046,1,25,1,6184,670260,251,126005,5.308737802559878,0.15824505660803878
43,0.0047,0,2,0,6186,670258,251,126005,5.308721961728551,0.15824545407735885
44,0.0048,0,13,0,6199,670245,251,126005,5.3086189963249275,0.1582480376766091
45,0.0049,0,25,0,6224,670220,251,126005,5.308420985933342,0.1582530063738265
46,0.005,12,205,12,6429,670015,263,125993,5.306797300722342,0.15828107255203466
47,0.0051,0,12,0,6441,670003,263,125993,5.306702255734381,0.15828345871084779
48,0.0052,0,19,0,6460,669984,263,125993,5.306551767836776,0.158287236942776
49,0.0053,4,35,4,6495,669949,267,125989,5.3062745532885565,0.15828996730901151
50,0.0054,1,23,1,6518,669926,268,125988,5.3060923837282985,0.15829348396937357
51,0.0055,0,21,0,6539,669905,268,125988,5.305926054999366,0.1582976606151832
52,0.0056,0,31,0,6570,669874,268,125988,5.305680522113801,0.1583038265427926
53,0.0057,1,54,1,6624,669820,269,125987,5.3052528196679765,0.15831351068789293
54,0.0058,1,52,1,6676,669768,270,125986,5.304840958053479,0.15832279825172102
55,0.0059,0,14,0,6690,669754,270,125986,5.304730072234191,0.15832558373338024
56,0.006,3,40,3,6730,669714,273,125983,5.304413255607654,0.15833036947481266
57,0.0061,2,26,2,6756,669688,275,125981,5.304207324800405,0.15833342759363503
58,0.0062,4,57,4,6813,669631,279,125977,5.303755861107591,0.15834053956219646
59,0.0063,0,21,0,6834,669610,279,125977,5.303589532378659,0.1583447190564954
60,0.0064,3,46,3,6880,669564,282,125974,5.303225193258142,0.15835070103502283
61,0.0065,0,17,0,6897,669547,282,125974,5.303090546191864,0.15835408493301875
62,0.0066,0,17,0,6914,669530,282,125974,5.302955899125586,0.15835746897564312
63,0.0067,12,196,12,7110,669334,294,125962,5.301403497655557,0.15838379672474148
64,0.0068,1,32,1,7142,669302,295,125961,5.301150044354328,0.15838911152662705
65,0.0069,3,43,3,7185,669259,298,125958,5.300809466480801,0.15839450112359268
66,0.007,0,6,0,7191,669253,298,125958,5.300761943986821,0.15839569623659633
67,0.0071,6,61,6,7252,669192,304,125952,5.300278798631352,0.15840149708732004
68,0.0072,1,5,1,7257,669187,305,125951,5.300239196553035,0.15840143471950782
69,0.0073,1,44,1,7301,669143,306,125950,5.2998906982638445,0.1584091420752038
70,0.0074,0,4,0,7305,669139,306,125950,5.299859016601191,0.15840993901311676
71,0.0075,6,107,6,7412,669032,312,125944,5.299011532125206,0.15842490842490842
72,0.0076,2,27,2,7439,669005,314,125942,5.298797680902294,0.1584281719410225
73,0.0077,3,13,3,7452,668992,317,125939,5.298694715498669,0.1584275867968415
74,0.0078,0,36,0,7488,668956,317,125939,5.298409580534787,0.1584347618238887
75,0.0079,4,22,4,7510,668934,321,125935,5.298235331390192,0.15843491191630318
76,0.008,4,39,4,7549,668895,325,125931,5.297926435179318,0.15843845067977141
77,0.0081,5,58,5,7607,668837,330,125926,5.29746705107084,0.15844471874005206
78,0.0082,0,19,0,7626,668818,330,125926,5.2973165631732355,0.1584485066889464
79,0.0083,4,33,4,7659,668785,334,125922,5.2970551894563425,0.15845085043921847
80,0.0084,1,42,1,7701,668743,335,125921,5.296722531998479,0.15845816596699988
81,0.0085,0,23,0,7724,668720,335,125921,5.296540362438221,0.15846275236238755
82,0.0086,3,56,3,7780,668664,338,125918,5.29609681916107,0.15847074310769688
83,0.0087,0,23,0,7803,668641,338,125918,5.295914649600811,0.15847533034047817
84,0.0088,0,7,0,7810,668634,338,125918,5.295859206691167,0.15847672650751618
85,0.0089,1,19,1,7829,668615,339,125917,5.295708718793562,0.15847945708920472
86,0.009,2,27,2,7856,668588,341,125915,5.29549486757065,0.1584827244201721
87,0.0091,0,24,0,7880,668564,341,125915,5.295304777594728,0.15848751194178826
88,0.0092,1,60,1,7940,668504,342,125914,5.294829552654924,0.15849842274470116
89,0.0093,1,34,1,7974,668470,343,125913,5.294560258522368,0.15850414724383577
90,0.0094,0,15,0,7989,668455,343,125913,5.294441452287416,0.15850714026748308
91,0.0095,1,17,1,8006,668438,344,125912,5.294306805221138,0.1585094731541512
92,0.0096,2,40,2,8046,668398,346,125910,5.293989988594602,0.15851533662005166
93,0.0097,1,27,1,8073,668371,347,125909,5.293776137371689,0.1585196656091051
94,0.0098,2,36,2,8109,668335,349,125907,5.293491002407807,0.15852473175681972
95,0.0099,1,31,1,8140,668304,350,125906,5.29324546952224,0.1585298598607421
96,0.01,27,603,27,8743,667701,377,125879,5.288469458877202,0.15862168905466367
97,0.0101,1,10,1,8753,667691,378,125878,5.288390254720568,0.15862262764800542
98,0.0102,0,41,0,8794,667650,378,125878,5.288065517678368,0.1586308233609904
99,0.0103,1,18,1,8812,667632,379,125877,5.287922950196426,0.15863336143635423
100,0.0104,3,27,3,8839,667605,382,125874,5.287709098973514,0.15863557825726957
101,0.0105,1,55,1,8894,667550,383,125873,5.287273476112026,0.1586455144355533
102,0.0106,3,46,3,8940,667504,386,125870,5.286909136991509,0.158651531308059
103,0.0107,0,20,0,8960,667484,386,125870,5.286750728678241,0.15865553082230632
104,0.0108,1,25,1,8985,667459,387,125869,5.286552718286655,0.15865946997963012
105,0.0109,0,3,0,8988,667456,387,125869,5.286528957039666,0.15866006995871806
106,0.011,1,37,1,9025,667419,388,125868,5.2862359016601195,0.15866640950879063
107,0.0111,2,32,2,9057,667387,390,125866,5.28598244835889,0.15867068892270184
108,0.0112,0,42,0,9099,667345,390,125866,5.285649790901027,0.15867909043117154
109,0.0113,0,20,0,9119,667325,390,125866,5.285491382587758,0.15868309146220771
110,0.0114,1,23,1,9142,667302,391,125865,5.2853092130274995,0.1586866321972548
111,0.0115,1,26,1,9168,667276,392,125864,5.285103282220251,0.1586907733817485
112,0.0116,5,33,5,9201,667243,397,125859,5.284841908503358,0.15869207239421915
113,0.0117,8,108,8,9309,667135,405,125851,5.283986503611709,0.15870519782190354
114,0.0118,0,45,0,9354,667090,405,125851,5.283630084906856,0.1587142044616182
115,0.0119,1,16,1,9370,667074,406,125850,5.283503358256241,0.15871634608108723
116,0.012,3,47,3,9417,667027,409,125847,5.283131098720061,0.1587225713038894
117,0.0121,5,35,5,9452,666992,414,125842,5.282853884171842,0.15872427267246358
118,0.0122,2,35,2,9487,666957,416,125840,5.282576669623622,0.15872915765322018
119,0.0123,0,16,0,9503,666941,416,125840,5.282449942973007,0.15873236114387201
120,0.0124,1,21,1,9524,666920,417,125839,5.282283614244076,0.15873550473725306
121,0.0125,7,83,7,9607,666837,424,125832,5.2816262197440125,0.15874469671451766
122,0.0126,0,30,0,9637,666807,424,125832,5.28138860727411,0.15875070492367901
123,0.0127,3,44,3,9681,666763,427,125829,5.28104010898492,0.15875633364959524
124,0.0128,2,29,2,9710,666734,429,125827,5.280810416930681,0.15876001973349685
125,0.0129,4,56,4,9766,666678,433,125823,5.280366873653529,0.15876699209212355
126,0.013,3,31,3,9797,666647,436,125820,5.2801213407679635,0.15877001818372247
127,0.0131,1,21,1,9818,666626,437,125819,5.279955012039032,0.15877316406816877
128,0.0132,0,25,0,9843,666601,437,125819,5.279757001647447,0.15877817319098458
129,0.0133,5,135,5,9978,666466,442,125814,5.278687745532886,0.15879991922047762
130,0.0134,1,17,1,9995,666449,443,125813,5.278553098466608,0.15880226490731603
131,0.0135,0,16,0,10011,666433,443,125813,5.278426371815993,0.15880547203772566
132,0.0136,0,52,0,10063,666381,443,125813,5.278014510201495,0.1588158961062568
133,0.0137,1,20,1,10083,666361,444,125812,5.2778561018882275,0.158818843863651
134,0.0138,5,38,5,10121,666323,449,125807,5.277555126093017,0.15882115309355788
135,0.0139,2,31,2,10152,666292,451,125805,5.277309593207452,0.1588252448879367
136,0.014,2,57,2,10209,666235,453,125803,5.276858129514637,0.1588345508675089
137,0.0141,2,50,2,10259,666185,455,125801,5.276462108731466,0.1588424542858081
138,0.0142,1,62,1,10321,666123,456,125800,5.275971042960334,0.15885382796054667
139,0.0143,3,27,3,10348,666096,459,125797,5.275757191737422,0.1588560575734348
140,0.0144,0,48,0,10396,666048,459,125797,5.2753770117855785,0.15886568709785376
141,0.0145,2,19,2,10415,666029,461,125795,5.275226523887974,0.15886737456808583
142,0.0146,1,11,1,10426,666018,462,125794,5.275139399315676,0.15886851929498416
143,0.0147,2,33,2,10459,665985,464,125792,5.274878025598784,0.1588730160133472
144,0.0148,0,18,0,10477,665967,464,125792,5.274735458116842,0.15887662786277137
145,0.0149,0,7,0,10484,665960,464,125792,5.274680015207198,0.15887803251523205
146,0.015,13,158,13,10642,665802,477,125779,5.2734285895323785,0.15889593105443411
147,0.0151,1,9,1,10651,665793,478,125778,5.273357305791408,0.15889667509294808
148,0.0152,1,28,1,10679,665765,479,125777,5.273135534152832,0.1589012332889474
149,0.0153,3,71,3,10750,665694,482,125774,5.27257318464073,0.15891229967604503
150,0.0154,0,32,0,10782,665662,482,125774,5.2723197313395005,0.15891872495059614
151,0.0155,1,34,1,10816,665628,483,125773,5.2720504372069446,0.15892448960767044
152,0.0156,3,45,3,10861,665583,486,125770,5.271694018502091,0.15893033829403566
153,0.0157,1,21,1,10882,665562,487,125769,5.271527689773159,0.1589334930642171
154,0.0158,2,45,2,10927,665517,489,125767,5.271171271068305,0.15894040572032292
155,0.0159,2,26,2,10953,665491,491,125765,5.270965340261057,0.15894350248212968
156,0.016,2,37,2,10990,665454,493,125763,5.270672284881511,0.15894880923943747
157,0.0161,1,28,1,11018,665426,494,125762,5.270450513242935,0.15895337138581475
158,0.0162,5,57,5,11075,665369,499,125757,5.269999049550121,0.15895950834633168
159,0.0163,2,11,2,11086,665358,501,125755,5.269911924977823,0.1589595923717598
160,0.0164,2,19,2,11105,665339,503,125753,5.269761437080218,0.158961283896184
161,0.0165,0,62,0,11167,665277,503,125753,5.269270371309086,0.15897374309444648
162,0.0166,0,14,0,11181,665263,503,125753,5.269159485489799,0.1589765567321015
163,0.0167,7,101,7,11282,665162,510,125746,5.268359523507794,0.15898941469804326
164,0.0168,0,8,0,11290,665154,510,125746,5.268296160182486,0.15899102288532052
165,0.0169,0,12,0,11302,665142,510,125746,5.268201115194525,0.15899343522723824
166,0.017,3,62,3,11364,665080,513,125743,5.2677100494233935,0.15900270983519701
167,0.0171,0,17,0,11381,665063,513,125743,5.2675754023571155,0.15900612792518012
168,0.0172,0,37,0,11418,665026,513,125743,5.267282346977569,0.1590135678055159
169,0.0173,0,10,0,11428,665016,513,125743,5.267203142820935,0.15901557870349878
170,0.0174,1,23,1,11451,664993,514,125742,5.267020973260677,0.159019140419989
171,0.0175,3,78,3,11529,664915,517,125739,5.26640318083893,0.15903163710042573
172,0.0176,3,35,3,11564,664880,520,125736,5.266125966290711,0.15903548625375657
173,0.0177,3,27,3,11591,664853,523,125733,5.265912115067799,0.15903772644595274
174,0.0178,0,22,0,11613,664831,523,125733,5.265737865923204,0.15904215218502235
175,0.0179,0,9,0,11622,664822,523,125733,5.265666582182233,0.15904396278563793
176,0.018,6,39,6,11661,664783,529,125727,5.26535768597136,0.1590454263703179
177,0.0181,1,17,1,11678,664766,530,125726,5.265223038905082,0.15904778289976368
178,0.0182,3,24,3,11702,664742,533,125723,5.26503294892916,0.15904942027793767
179,0.0183,10,79,10,11781,664663,543,125713,5.26440723609175,0.15905467777361662
180,0.0184,1,22,1,11803,664641,544,125712,5.264232986947155,0.15905804115376293
181,0.0185,0,33,0,11836,664608,544,125712,5.263971613230263,0.15906468266018828
182,0.0186,0,7,0,11843,664601,544,125712,5.263916170320618,0.15906609153588516
183,0.0187,1,25,1,11868,664576,545,125711,5.2637181599290335,0.15907005935818253
184,0.0188,0,14,0,11882,664562,545,125711,5.263607274109745,0.1590728773474483
185,0.0189,0,21,0,11903,664541,545,125711,5.263440945380814,0.15907710451855864
186,0.019,2,43,2,11946,664498,547,125709,5.2631003675072865,0.15908363251654314
187,0.0191,1,20,1,11966,664478,548,125708,5.262941959194018,0.15908659480173024
188,0.0192,3,36,3,12002,664442,551,125705,5.2626568242301355,0.1590906502207817
189,0.0193,2,51,2,12053,664391,553,125703,5.262252883031302,0.15909879077679365
190,0.0194,2,17,2,12070,664374,555,125701,5.262118235965024,0.15910008543492707
191,0.0195,0,7,0,12077,664367,555,125701,5.26206279305538,0.1591014950611846
192,0.0196,1,35,1,12112,664332,556,125700,5.26178557850716,0.15910747919071633
193,0.0197,0,31,0,12143,664301,556,125700,5.261540045621595,0.1591137226408574
194,0.0198,0,22,0,12165,664279,556,125700,5.2613657964769995,0.15911815377370792
195,0.0199,3,28,3,12193,664251,559,125697,5.261144024838424,0.15912060034331374
196,0.02,10,258,10,12451,663993,569,125687,5.259100557597263,0.1591619390132712
197,0.0201,1,14,1,12465,663979,570,125686,5.258989671777975,0.15916369599766989
198,0.0202,0,40,0,12505,663939,570,125686,5.258672855151438,0.15917175874624032
199,0.0203,3,30,3,12535,663909,573,125683,5.258435242681536,0.1591746116981935
200,0.0204,3,26,3,12561,663883,576,125680,5.258229311874287,0.1591766584807039
201,0.0205,0,26,0,12587,663857,576,125680,5.258023381067038,0.15918190027826434
202,0.0206,2,17,2,12604,663840,578,125678,5.25788873400076,0.15918319784982737
203,0.0207,2,20,2,12624,663820,580,125676,5.257730325687492,0.1591851003678296
204,0.0208,5,80,5,12704,663740,585,125671,5.257096692434419,0.15919590682166831
205,0.0209,0,14,0,12718,663726,585,125671,5.256985806615131,0.1591987301699905
206,0.021,1,22,1,12740,663704,586,125670,5.256811557470536,0.1592021019187356
207,0.0211,6,26,6,12766,663678,592,125664,5.256605626663287,0.15920095471924717
208,0.0212,1,36,1,12802,663642,593,125663,5.256320491699404,0.15920715059451035
209,0.0213,2,59,2,12861,663583,595,125661,5.255853187175263,0.15921692150969788
210,0.0214,4,48,4,12909,663535,599,125657,5.2554730072234195,0.1592223438656246
211,0.0215,2,28,2,12937,663507,601,125655,5.2552512355848435,0.15922586237046385
212,0.0216,0,21,0,12958,663486,601,125655,5.255084906855912,0.15923009956395626
213,0.0217,1,120,1,13078,663366,602,125654,5.254134456976302,0.15925325086816558
214,0.0218,0,26,0,13104,663340,602,125654,5.253928526169053,0.15925849879720252
215,0.0219,1,16,1,13120,663324,603,125653,5.253801799518438,0.15926066285835963
216,0.022,5,69,5,13189,663255,608,125648,5.2532552908376635,0.15926926377514092
217,0.0221,3,18,3,13207,663237,611,125645,5.253112723355722,0.15926970066499171
218,0.0222,1,14,1,13221,663223,612,125644,5.253001837536434,0.15927146147576207
219,0.0223,0,17,0,13238,663206,612,125644,5.252867190470156,0.15927489383279458
220,0.0224,2,23,2,13261,663183,614,125642,5.252685020909897,0.15927740626881753
221,0.0225,9,72,9,13333,663111,623,125633,5.252114750982131,0.15928235270252453
222,0.0226,0,1,0,13334,663110,623,125633,5.252106830566468,0.1592825546470777
223,0.0227,2,32,2,13366,663078,625,125631,5.251853377265239,0.15928688527707938
224,0.0228,2,22,2,13388,663056,627,125629,5.251679128120644,0.15928919657404414
225,0.0229,2,24,2,13412,663032,629,125627,5.2514890381447215,0.1592919119670225
226,0.023,2,31,2,13443,663001,631,125625,5.251243505259156,0.15929604146959395
227,0.0231,1,26,1,13469,662975,632,125624,5.2510375744519076,0.15930022736523886
228,0.0232,1,26,1,13495,662949,633,125623,5.250831643644658,0.15930441354752642
229,0.0233,0,87,0,13582,662862,633,125623,5.250142567481942,0.15932199090661206
230,0.0234,2,36,2,13618,662826,635,125621,5.249857432518058,0.15932713295884188
231,0.0235,2,28,2,13646,662798,637,125619,5.249635660879483,0.15933065877574937
232,0.0236,2,46,2,13692,662752,639,125617,5.2492713217589655,0.1593378227708091
233,0.0237,4,29,4,13721,662723,643,125613,5.249041629704727,0.15933941872501065
234,0.0238,1,29,1,13750,662694,644,125612,5.248811937650488,0.1593442140488592
235,0.0239,1,24,1,13774,662670,645,125611,5.248621847674566,0.15934799900035648
236,0.024,1,52,1,13826,662618,646,125610,5.248209986060068,0.15935744480023548
237,0.0241,2,25,2,13851,662593,648,125608,5.248011975668483,0.1593603662010071
238,0.0242,1,17,1,13868,662576,649,125607,5.247877328602205,0.15936273682634616
239,0.0243,3,44,3,13912,662532,652,125604,5.247528830313015,0.1593684338743567
240,0.0244,0,21,0,13933,662511,652,125604,5.2473625015840835,0.15937268038293903
241,0.0245,0,32,0,13965,662479,652,125604,5.247109048282854,0.15937915168833738
242,0.0246,0,23,0,13988,662456,652,125604,5.246926878722595,0.15938380326371088
243,0.0247,0,30,0,14018,662426,652,125604,5.246689266252693,0.1593898709439996
244,0.0248,1,23,1,14041,662403,653,125603,5.246507096692435,0.15939345639500208
245,0.0249,0,9,0,14050,662394,653,125603,5.246435812951463,0.1593952768855719
246,0.025,6,88,6,14138,662306,659,125597,5.245738816373083,0.1594066782332343
247,0.0251,0,4,0,14142,662302,659,125597,5.24570713471043,0.1594074875079166
248,0.0252,1,51,1,14193,662251,660,125596,5.245303193511596,0.159416739544607
249,0.0253,1,11,1,14204,662240,661,125595,5.245216068939298,0.15941789841781592
250,0.0254,2,36,2,14240,662204,663,125593,5.244930933975415,0.1594230493388525
251,0.0255,7,43,7,14283,662161,670,125586,5.244590356101888,0.1594242821616585
252,0.0256,1,29,1,14312,662132,671,125585,5.244360664047649,0.159429084303119
253,0.0257,1,52,1,14364,662080,672,125584,5.2439488024331515,0.15943854232261473
254,0.0258,5,40,5,14404,662040,677,125579,5.243631985806615,0.15944130347287203
255,0.0259,0,17,0,14421,662023,677,125579,5.243497338740337,0.15944474493462435
256,0.026,6,35,6,14456,661988,683,125573,5.243220124192118,0.15944542708437823
257,0.0261,0,17,0,14473,661971,683,125573,5.24308547712584,0.15944886888859544
258,0.0262,3,23,3,14496,661948,686,125570,5.242903307565581,0.1594503236751414
259,0.0263,2,42,2,14538,661906,688,125568,5.242570650107718,0.15945669317336192
260,0.0264,4,46,4,14584,661860,692,125564,5.242206310987201,0.15946173852968668
261,0.0265,0,22,0,14606,661838,692,125564,5.242032061842606,0.1594661938882553
262,0.0266,2,20,2,14626,661818,694,125562,5.241873653529337,0.15946810942619827
263,0.0267,5,116,5,14742,661702,699,125557,5.240954885312381,0.15948626817857908
264,0.0268,0,37,0,14779,661665,699,125557,5.240661829932835,0.15949376414785155
265,0.0269,1,31,1,14810,661634,700,125556,5.240416297047269,0.15949897737522073
266,0.027,1,55,1,14865,661579,701,125555,5.239980674185781,0.15950905436685495
267,0.0271,1,35,1,14900,661544,702,125554,5.239703459637561,0.15951507944372872
268,0.0272,3,6,3,14906,661538,705,125551,5.239655937143581,0.15951309191209634
269,0.0273,3,27,3,14933,661511,708,125548,5.239442085920669,0.15951536034782654
270,0.0274,2,26,2,14959,661485,710,125546,5.239236155113421,0.15951849418892014
271,0.0275,6,111,6,15070,661374,716,125540,5.238356988974782,0.15953458700696646
272,0.0276,2,18,2,15088,661356,718,125538,5.23821442149284,0.1595361001608857
273,0.0277,1,25,1,15113,661331,719,125537,5.238016411101254,0.15954010075387487
274,0.0278,1,17,1,15130,661314,720,125536,5.237881764034976,0.15954247950689457
275,0.0279,3,37,3,15167,661277,723,125533,5.23758870865543,0.1595467774939312
276,0.028,1,17,1,15184,661260,724,125532,5.237454061589152,0.15954915657505414
277,0.0281,5,29,5,15213,661231,729,125527,5.237224369534913,0.15954969634881375
278,0.0282,6,62,6,15275,661169,735,125521,5.236733303763781,0.15955586063125246
279,0.0283,4,32,4,15307,661137,739,125517,5.236479850462552,0.15955807763006352
280,0.0284,2,14,2,15321,661123,741,125515,5.2363689646432645,0.15955878053183295
281,0.0285,3,37,3,15358,661086,744,125512,5.236075909263718,0.1595630805061798
282,0.0286,0,41,0,15399,661045,744,125512,5.235751172221518,0.15957139787707694
283,0.0287,2,10,2,15409,661035,746,125510,5.235671968064884,0.1595712896274212
284,0.0288,2,31,2,15440,661004,748,125508,5.235426435179318,0.1595754419512989
285,0.0289,0,2,0,15442,661002,748,125508,5.235410594347991,0.1595758477323874
286,0.029,0,33,0,15475,660969,748,125508,5.235149220631099,0.15958254341830722
287,0.0291,1,26,1,15501,660943,749,125507,5.23494328982385,0.1595867505880857
288,0.0292,3,35,3,15536,660908,752,125504,5.234666075275631,0.1595906471417018
289,0.0293,1,27,1,15563,660881,753,125503,5.234452224052719,0.1595950578852062
290,0.0294,8,35,8,15598,660846,761,125495,5.234175009504499,0.15959361142303402
291,0.0295,3,44,3,15642,660802,764,125492,5.233826511215309,0.15959933561746625
292,0.0296,2,35,2,15677,660767,766,125490,5.233549296667089,0.15960430241002624
293,0.0297,1,27,1,15704,660740,767,125489,5.233335445444177,0.15960871450938593
294,0.0298,2,27,2,15731,660713,769,125487,5.233121594221265,0.1596120580005088
295,0.0299,3,21,3,15752,660692,772,125484,5.2329552654923335,0.15961311462064473
296,0.03,12,172,12,15924,660520,784,125472,5.231592953998226,0.15963521257213814
297,0.0301,0,15,0,15939,660505,784,125472,5.231474147763275,0.15963825913480928
298,0.0302,0,30,0,15969,660475,784,125472,5.231236535293372,0.15964435260901816
299,0.0303,2,51,2,16020,660424,786,125470,5.230832594094538,0.15965257401125343
300,0.0304,1,21,1,16041,660403,787,125469,5.230666265365606,0.15965577091434738
301,0.0305,1,24,1,16065,660379,788,125468,5.2304761753896845,0.15965957750045492
302,0.0306,0,51,0,16116,660328,788,125468,5.2300722341908505,0.15966993978080826
303,0.0307,2,44,2,16160,660284,790,125466,5.22972373590166,0.15967674196627427
304,0.0308,2,38,2,16198,660246,792,125464,5.22942276010645,0.15968232553995748
305,0.0309,4,20,4,16218,660226,796,125460,5.229264351793182,0.15968211219240255
306,0.031,2,41,2,16259,660185,798,125458,5.228939614750982,0.15968830626633215
307,0.0311,2,25,2,16284,660160,800,125456,5.228741604359397,0.1596912486507403
308,0.0312,4,45,4,16329,660115,804,125452,5.228385185654544,0.15969611758131388
309,0.0313,4,19,4,16348,660096,808,125448,5.228234697756938,0.1596957013229049
310,0.0314,2,51,2,16399,660045,810,125446,5.227830756558104,0.15970393040785955
311,0.0315,1,22,1,16421,660023,811,125445,5.227656507413509,0.15970733371696874
312,0.0316,0,24,0,16445,659999,811,125445,5.227466417437587,0.15971221372879543
313,0.0317,6,45,6,16490,659954,817,125439,5.227109998732733,0.15971494525670588
314,0.0318,1,33,1,16523,659921,818,125438,5.226848625015841,0.1597205863815147
315,0.0319,1,9,1,16532,659912,819,125437,5.22677734127487,0.15972134681523756
316,0.032,3,55,3,16587,659857,822,125434,5.226341718413383,0.15972932326997252
317,0.0321,2,22,2,16609,659835,824,125432,5.226167469268788,0.15973165814939377
318,0.0322,3,49,3,16658,659786,827,125429,5.22577936890128,0.1597384155931815
319,0.0323,3,33,3,16691,659753,830,125426,5.225517995184387,0.15974191872171822
320,0.0324,1,20,1,16711,659733,831,125425,5.225359586871119,0.1597449175834673
321,0.0325,2,66,2,16777,659667,833,125423,5.224836839437334,0.1597562062948197
322,0.0326,0,12,0,16789,659655,833,125423,5.224741794449373,0.15975864818527585
323,0.0327,1,19,1,16808,659636,834,125422,5.224591306551768,0.15976144437735812
324,0.0328,1,26,1,16834,659610,835,125421,5.224385375744519,0.159765665304937
325,0.0329,4,52,4,16886,659558,839,125417,5.223973514130021,0.15977196726010381
326,0.033,1,36,1,16922,659522,840,125416,5.223688379166139,0.15977822452219156
327,0.0331,0,35,0,16957,659487,840,125416,5.223411164617919,0.15978534927245788
328,0.0332,2,12,2,16969,659475,842,125414,5.223316119629958,0.1597856512194718
329,0.0333,4,65,4,17034,659410,846,125410,5.222801292611837,0.159794602584032
330,0.0334,0,31,0,17065,659379,846,125410,5.22255575972627,0.15980091464075058
331,0.0335,6,47,6,17112,659332,852,125404,5.22218350019009,0.15980406149329202
332,0.0336,1,41,1,17153,659291,853,125403,5.22185876314789,0.15981134047157236
333,0.0337,6,30,6,17183,659261,859,125397,5.221621150677987,0.15981102595015917
334,0.0338,3,39,3,17222,659222,862,125394,5.221312254467114,0.1598157570072494
335,0.0339,3,24,3,17246,659198,865,125391,5.2211221644911925,0.159817433076426
336,0.034,0,42,0,17288,659156,865,125391,5.220789507033329,0.15982598875529447
337,0.0341,2,22,2,17310,659134,867,125389,5.220615257888734,0.1598283288061663
338,0.0342,2,38,2,17348,659096,869,125387,5.220314282093525,0.1598339288423076
339,0.0343,2,48,2,17396,659048,871,125385,5.21993410214168,0.15984156709368422
340,0.0344,4,31,4,17427,659017,875,125381,5.219688569256115,0.15984359980520094
341,0.0345,3,67,3,17494,658950,878,125378,5.219157901406666,0.15985404065646006
342,0.0346,0,22,0,17516,658928,878,125378,5.218983652262071,0.15985852460646738
343,0.0347,2,24,2,17540,658904,880,125376,5.218793562286149,0.1598612740347835
344,0.0348,0,35,0,17575,658869,880,125376,5.218516347737929,0.15986840846929212
345,0.0349,1,17,1,17592,658852,881,125375,5.218381700671651,0.1598708027140101
346,0.035,5,68,5,17660,658784,886,125370,5.217843112406539,0.15987930942136366
347,0.0351,1,21,1,17681,658763,887,125369,5.217676783677607,0.15988251977983298
348,0.0352,1,33,1,17714,658730,888,125368,5.217415409960715,0.15988817724315074
349,0.0353,4,45,4,17759,658685,892,125364,5.217058991255861,0.15989306790774557
350,0.0354,1,38,1,17797,658647,893,125363,5.216758015460651,0.15989974617670694
351,0.0355,2,9,2,17806,658638,895,125361,5.216686731719681,0.15989943864724318
352,0.0356,4,49,4,17855,658589,899,125357,5.216298631352173,0.15990514652794963
353,0.0357,5,34,5,17889,658555,904,125352,5.216029337219617,0.15990672362920602
354,0.0358,2,80,2,17969,658475,906,125350,5.215395703966544,0.1599209007112557
355,0.0359,0,16,0,17985,658459,906,125350,5.2152689773159295,0.1599241651984093
356,0.036,3,51,3,18036,658408,909,125347,5.214865036117096,0.1599313560998016
357,0.0361,1,10,1,18046,658398,910,125346,5.214785831960461,0.15993232484076433
358,0.0362,1,25,1,18071,658373,911,125345,5.214587821568876,0.15993635465818062
359,0.0363,4,28,4,18099,658345,915,125341,5.2143660499303,0.15993778120318597
360,0.0364,1,25,1,18124,658320,916,125340,5.214168039538715,0.15994181149988515
361,0.0365,0,21,0,18145,658299,916,125340,5.214001710809783,0.15994609762913792
362,0.0366,1,19,1,18164,658280,917,125339,5.2138512229121785,0.15994890374021048
363,0.0367,5,86,5,18250,658194,922,125334,5.213170067165125,0.15996109902900726
364,0.0368,0,29,0,18279,658165,922,125334,5.212940375110886,0.1599670197409314
365,0.0369,1,26,1,18305,658139,923,125333,5.212734444303637,0.15997125615210245
366,0.037,0,38,0,18343,658101,923,125333,5.2124334685084275,0.15997901546269372
367,0.0371,3,36,3,18379,658065,926,125330,5.212148333544544,0.1599831502626389
368,0.0372,1,27,1,18406,658038,927,125329,5.211934482321632,0.15998759202264073
369,0.0373,0,34,0,18440,658004,927,125329,5.211665188189076,0.15999453616788772
370,0.0374,0,9,0,18449,657995,927,125329,5.211593904448105,0.15999637442488676
371,0.0375,1,48,1,18497,657947,928,125328,5.211213724496262,0.1600051067632696
372,0.0376,2,26,2,18523,657921,930,125326,5.211007793689013,0.16000827325224354
373,0.0377,4,30,4,18553,657891,934,125322,5.21077018121911,0.16001011219170264
374,0.0378,1,19,1,18572,657872,935,125321,5.210619693321505,0.16001292146380267
375,0.0379,0,23,0,18595,657849,935,125321,5.210437523761247,0.16001762069537903
376,0.038,4,65,4,18660,657784,939,125317,5.209922696743125,0.1600266121483691
377,0.0381,1,24,1,18684,657760,940,125316,5.209732606767203,0.16003044404374545
378,0.0382,2,23,2,18707,657737,942,125314,5.2095504372069446,0.16003299912777072
379,0.0383,5,60,5,18767,657677,947,125309,5.20907521226714,0.16003989854224723
380,0.0384,2,22,2,18789,657655,949,125307,5.208900963122544,0.16004224981544443
381,0.0385,1,23,1,18812,657632,950,125306,5.208718793562286,0.1600458784731358
382,0.0386,0,34,0,18846,657598,950,125306,5.20844949942973,0.1600528289547633
383,0.0387,1,27,1,18873,657571,951,125305,5.208235648206818,0.16005727599262207
384,0.0388,5,52,5,18925,657519,956,125300,5.2078237865923205,0.16006254319325414
385,0.0389,0,43,0,18968,657476,956,125300,5.207483208718793,0.16007133586108926
386,0.039,3,33,3,19001,657443,959,125297,5.207221835001901,0.16007486521705802
387,0.0391,2,47,2,19048,657396,961,125295,5.2068495754657205,0.16008233134148725
388,0.0392,4,33,4,19081,657363,965,125291,5.206588201748827,0.16008478842502563
389,0.0393,2,53,2,19134,657310,967,125289,5.206168419718667,0.16009348338037743
390,0.0394,1,16,1,19150,657294,968,125288,5.206041693068053,0.16009568326386245
391,0.0395,2,47,2,19197,657247,970,125286,5.205669433531872,0.16010315219933216
392,0.0396,1,19,1,19216,657228,971,125285,5.2055189456342665,0.16010596629065588
393,0.0397,0,21,0,19237,657207,971,125285,5.205352616905335,0.16011026310812124
394,0.0398,2,34,2,19271,657173,973,125283,5.205083322772779,0.1601150735632419
395,0.0399,3,26,3,19297,657147,976,125280,5.20487739196553,0.16011717387053362
396,0.04,2,96,2,19393,657051,978,125278,5.204117032061842,0.16013467479794308
397,0.0401,2,20,2,19413,657031,980,125276,5.203958623748575,0.1601366215564989
398,0.0402,1,30,1,19443,657001,981,125275,5.203721011278672,0.1601416891225092
399,0.0403,2,45,2,19488,656956,983,125273,5.203364592573818,0.16014875439289517
400,0.0404,5,71,5,19559,656885,988,125268,5.202802243061716,0.16015792306620316
401,0.0405,1,19,1,19578,656866,989,125267,5.202651755164111,0.16016073992530683
402,0.0406,4,59,4,19637,656807,993,125263,5.20218445063997,0.1601685271139412
403,0.0407,1,8,1,19645,656799,994,125262,5.202121087314662,0.16016909166931992
404,0.0408,2,22,2,19667,656777,996,125260,5.201946838170067,0.16017144968844185
405,0.0409,0,16,0,19683,656761,996,125260,5.201820111519453,0.1601747267656495
406,0.041,1,16,1,19699,656745,997,125259,5.201693384868838,0.16017693004127856
407,0.0411,3,38,3,19737,656707,1000,125256,5.2013924090736285,0.16018149196317472
408,0.0412,1,17,1,19754,656690,1001,125255,5.201257762007351,0.1601839004022022
409,0.0413,1,25,1,19779,656665,1002,125254,5.201059751615765,0.16018794785649154
410,0.0414,2,40,2,19819,656625,1004,125252,5.200742934989228,0.16019399470760745
411,0.0415,1,61,1,19880,656564,1005,125251,5.20025978963376,0.16020541944066052
412,0.0416,4,24,4,19904,656540,1009,125247,5.200069699657838,0.16020604077581233
413,0.0417,2,49,2,19953,656491,1011,125245,5.199681599290331,0.1602139341158652
414,0.0418,1,19,1,19972,656472,1012,125244,5.199531111392726,0.1602167539106274
415,0.0419,3,35,3,20007,656437,1015,125241,5.199253896844507,0.1602207046891431
416,0.042,0,13,0,20020,656424,1015,125241,5.199150931440882,0.1602233693462033
417,0.0421,2,13,2,20033,656411,1017,125239,5.1990479660372575,0.1602238853706902
418,0.0422,2,34,2,20067,656377,1019,125237,5.1987786719047016,0.1602287062411881
419,0.0423,2,35,2,20102,656342,1021,125235,5.198501457356482,0.16023373256889598
420,0.0424,1,18,1,20120,656324,1022,125234,5.198358889874541,0.1602363484219981
421,0.0425,9,52,9,20172,656272,1031,125225,5.197947028260043,0.16023733936278706
422,0.0426,2,46,2,20218,656226,1033,125223,5.1975826891395265,0.1602446224897594
423,0.0427,2,21,2,20239,656205,1035,125221,5.197416360410594,0.16024677960549047
424,0.0428,2,24,2,20263,656181,1037,125219,5.197226270434673,0.16024955208599947
425,0.0429,4,33,4,20296,656148,1041,125215,5.1969648967177795,0.1602520211476612
426,0.043,0,7,0,20303,656141,1041,125215,5.196909453808136,0.16025345681097988
427,0.0431,3,22,3,20325,656119,1044,125212,5.196735204663541,0.16025474478806037
428,0.0432,0,23,0,20348,656096,1044,125212,5.196553035103282,0.16025946233751606
429,0.0433,4,53,4,20401,656043,1048,125208,5.196133253073121,0.16026603485947538
430,0.0434,3,31,3,20432,656012,1051,125205,5.195887720187556,0.16026916976973107
431,0.0435,0,27,0,20459,655985,1051,125205,5.195673868964644,0.1602747090976587
432,0.0436,1,17,1,20476,655968,1052,125204,5.195539221898366,0.16027712206786726
433,0.0437,1,34,1,20510,655934,1053,125203,5.195269927765809,0.16028302333649538
434,0.0438,3,33,3,20543,655901,1056,125200,5.195008554048917,0.16028656985460266
435,0.0439,1,30,1,20573,655871,1057,125199,5.194770941579014,0.16029165119643565
436,0.044,2,33,2,20606,655838,1059,125197,5.194509567862122,0.16029627353447667
437,0.0441,3,22,3,20628,655816,1062,125194,5.194335318717527,0.16029756341148
438,0.0442,2,29,2,20657,655787,1064,125192,5.194105626663287,0.1603013653376083
439,0.0443,3,32,3,20689,655755,1067,125189,5.193852173362058,0.16030470814808745
440,0.0444,2,46,2,20735,655709,1069,125187,5.193487834241541,0.16031200057369996
441,0.0445,4,36,4,20771,655673,1073,125183,5.193202699277658,0.16031509010624237
442,0.0446,2,24,2,20795,655649,1075,125181,5.193012609301737,0.1603178668852375
443,0.0447,1,62,1,20857,655587,1076,125180,5.192521543530605,0.16032952212375778
444,0.0448,2,34,2,20891,655553,1078,125178,5.192252249398049,0.16033435331759593
445,0.0449,1,24,1,20915,655529,1079,125177,5.192062159422126,0.16033820670008941
446,0.045,5,68,5,20983,655461,1084,125172,5.191523571157014,0.1603467954852024
447,0.0451,1,22,1,21005,655439,1085,125171,5.191349322012419,0.16035023891571976
448,0.0452,2,33,2,21038,655406,1087,125169,5.191087948295526,0.1603548666047465
449,0.0453,3,53,3,21091,655353,1090,125166,5.1906681662653655,0.1603625280102086
450,0.0454,1,24,1,21115,655329,1091,125165,5.190478076289444,0.16036638334183223
451,0.0455,2,33,2,21148,655296,1093,125163,5.190216702572551,0.16037101244267796
452,0.0456,7,50,7,21198,655246,1100,125156,5.189820681789381,0.1603737560898101
453,0.0457,1,43,1,21241,655203,1101,125155,5.189480103915853,0.16038151720107952
454,0.0458,2,41,2,21282,655162,1103,125153,5.189155366873654,0.16038779210959678
455,0.0459,1,24,1,21306,655138,1104,125152,5.188965276897732,0.160391649258609
456,0.046,4,35,4,21341,655103,1108,125148,5.188688062349512,0.1603945397058126
457,0.0461,1,29,1,21370,655074,1109,125147,5.188458370295273,0.16039942529103934
458,0.0462,0,19,0,21389,655055,1109,125147,5.188307882397668,0.1604033314449335
459,0.0463,5,31,5,21420,655024,1114,125142,5.188062349512102,0.16040432420792497
460,0.0464,0,11,0,21431,655013,1114,125142,5.187975224939805,0.16040658587075646
461,0.0465,1,19,1,21450,654994,1115,125141,5.1878247370422,0.16040941631897043
462,0.0466,0,18,0,21468,654976,1115,125141,5.187682169560259,0.16041311751955156
463,0.0467,2,60,2,21528,654916,1117,125139,5.187206944620454,0.16042330348501066
464,0.0468,3,19,3,21547,654897,1120,125136,5.187056456722849,0.16042398206229735
465,0.0469,0,17,0,21564,654880,1120,125136,5.186921809656571,0.16042747841069926
466,0.047,2,28,2,21592,654852,1122,125134,5.186700038017995,0.1604310846604939
467,0.0471,1,39,1,21631,654813,1123,125133,5.186391141807122,0.16043803032517637
468,0.0472,2,22,2,21653,654791,1125,125131,5.186216892662527,0.16044040301466045
469,0.0473,2,37,2,21690,654754,1127,125129,5.185923837282981,0.16044586175105752
470,0.0474,0,21,0,21711,654733,1127,125129,5.185757508554049,0.16045018221172463
471,0.0475,4,28,4,21739,654705,1131,125125,5.185535736915473,0.16045163689522074
472,0.0476,2,10,2,21749,654695,1133,125123,5.185456532758839,0.16045154125706254
473,0.0477,2,40,2,21789,654655,1135,125121,5.185139716132302,0.16045761859816152
474,0.0478,0,16,0,21805,654639,1135,125121,5.185012989481688,0.1604609110495537
475,0.0479,1,30,1,21835,654609,1136,125120,5.1847753770117855,0.1604660080617753
476,0.048,2,25,2,21860,654584,1138,125118,5.1845773666202,0.16046899969475517
477,0.0481,5,32,5,21892,654552,1143,125113,5.184323913318971,0.16047020194570746
478,0.0482,2,29,2,21921,654523,1145,125111,5.184094221264732,0.16047401729529498
479,0.0483,2,17,2,21938,654506,1147,125109,5.183959574198454,0.16047536283935018
480,0.0484,4,20,4,21958,654486,1151,125105,5.1838011658851855,0.16047517223775032
481,0.0485,0,30,0,21988,654456,1151,125105,5.183563553415283,0.16048134783551254
482,0.0486,2,45,2,22033,654411,1153,125103,5.18320713471043,0.16048845819318192
483,0.0487,2,16,2,22049,654395,1155,125101,5.183080408059815,0.16048959840717592
484,0.0488,2,47,2,22096,654348,1157,125099,5.182708148523634,0.16049712167729172
485,0.0489,0,28,0,22124,654320,1157,125099,5.182486376885059,0.1605028874071584
486,0.049,2,67,2,22191,654253,1159,125097,5.18195570903561,0.16051453134021942
487,0.0491,0,16,0,22207,654237,1159,125097,5.181828982384996,0.1605178267597718
488,0.0492,2,20,2,22227,654217,1161,125095,5.1816705740717275,0.16051979181637135
489,0.0493,1,20,1,22247,654197,1162,125094,5.181512165758459,0.16052283421725647
490,0.0494,1,3,1,22250,654194,1163,125093,5.181488404511469,0.16052237494016966
491,0.0495,4,30,4,22280,654164,1167,125089,5.181250792041566,0.16052424565577547
492,0.0496,3,24,3,22304,654140,1170,125086,5.181060702065644,0.160525957809416
493,0.0497,1,46,1,22350,654094,1171,125085,5.1806963629451275,0.16053435731712482
494,0.0498,1,26,1,22376,654068,1172,125084,5.180490432137878,0.160538636877015
495,0.0499,0,22,0,22398,654046,1172,125084,5.180316182993283,0.16054316994596537
496,0.05,2,76,2,22474,653970,1174,125082,5.179714231402864,0.1605566765761464
497,0.0501,5,30,5,22504,653940,1179,125077,5.179476618932962,0.1605574717881638
498,0.0502,0,13,0,22517,653927,1179,125077,5.179373653529337,0.1605601511673881
499,0.0503,1,13,1,22530,653914,1180,125076,5.179270688125713,0.16056175303919176
500,0.0504,0,25,0,22555,653889,1180,125076,5.179072677734127,0.16056690608692303
501,0.0505,0,21,0,22576,653868,1180,125076,5.178906349005196,0.16057123490263742
502,0.0506,2,39,2,22615,653829,1182,125074,5.178597452794323,0.1605771193588932
503,0.0507,4,21,4,22636,653808,1186,125070,5.178431124065391,0.16057713788295472
504,0.0508,5,41,5,22677,653767,1191,125065,5.178106387023191,0.1605802021488588
505,0.0509,0,23,0,22700,653744,1191,125065,5.177924217462932,0.16058494444722646
506,0.051,1,45,1,22745,653699,1192,125064,5.177567798758079,0.16059314579660308
507,0.0511,0,43,0,22788,653656,1192,125064,5.177227220884552,0.16060201356071502
508,0.0512,2,12,2,22800,653644,1194,125062,5.177132175896591,0.16060233258765183
509,0.0513,6,39,6,22839,653605,1200,125056,5.176823279685718,0.16060390850447115
510,0.0514,0,27,0,22866,653578,1200,125056,5.176609428462806,0.16060947762363317
511,0.0515,4,28,4,22894,653550,1204,125052,5.17638765682423,0.1606109411483659
512,0.0516,0,25,0,22919,653525,1204,125052,5.176189646432645,0.16061609834351645
513,0.0517,4,46,4,22965,653479,1208,125048,5.175825307312127,0.16062127581959265
514,0.0518,5,43,5,23008,653436,1213,125043,5.175484729438601,0.16062475673717597
515,0.0519,2,5,2,23013,653431,1215,125041,5.175445127360284,0.1606236319353811
516,0.052,1,30,1,23043,653401,1216,125040,5.175207514890381,0.16062874386112755
517,0.0521,6,70,6,23113,653331,1222,125034,5.174653085793943,0.1606367192769459
518,0.0522,1,31,1,23144,653300,1223,125033,5.174407552908376,0.1606420388188603
519,0.0523,1,26,1,23170,653274,1224,125032,5.174201622101128,0.16064632676607915
520,0.0524,0,13,0,23183,653261,1224,125032,5.174098656697503,0.16064901007718174
521,0.0525,3,51,3,23234,653210,1227,125029,5.173694715498669,0.1606563022413423
522,0.0526,3,22,3,23256,653188,1230,125026,5.173520466354074,0.16065760831853448
523,0.0527,0,28,0,23284,653160,1230,125026,5.173298694715498,0.16066338895842383
524,0.0528,1,30,1,23314,653130,1231,125025,5.173061082245597,0.16066850434682037
525,0.0529,0,3,0,23317,653127,1231,125025,5.173037320998606,0.16066912377016315
526,0.053,0,32,0,23349,653095,1231,125025,5.172783867697377,0.1606757312496787
527,0.0531,5,39,5,23388,653056,1236,125020,5.172474971486504,0.16067839131395906
528,0.0532,3,40,3,23428,653016,1239,125017,5.172158154859967,0.16068341574200581
529,0.0533,2,37,2,23465,652979,1241,125015,5.171865099480421,0.16068889991439522
530,0.0534,0,15,0,23480,652964,1241,125015,5.171746293245469,0.16069199811305962
531,0.0535,3,39,3,23519,652925,1244,125012,5.171437397034596,0.1606968173515336
532,0.0536,0,7,0,23526,652918,1244,125012,5.171381954124953,0.16069826333988918
533,0.0537,3,42,3,23568,652876,1247,125009,5.171049296667089,0.16070370298951644
534,0.0538,0,7,0,23575,652869,1247,125009,5.170993853757445,0.16070514913649697
535,0.0539,4,56,4,23631,652813,1251,125005,5.170550310480294,0.16071240315857951
536,0.054,1,30,1,23661,652783,1252,125004,5.170312698010392,0.16071752292079966
537,0.0541,3,22,3,23683,652761,1255,125001,5.170138448865797,0.16071883172487214
538,0.0542,1,42,1,23725,652719,1256,125000,5.169805791407933,0.1607264320403642
539,0.0543,2,29,2,23754,652690,1258,124998,5.169576099353694,0.16073026715083685
540,0.0544,4,32,4,23786,652658,1262,124994,5.169322646052465,0.16073256418037887
541,0.0545,1,24,1,23810,652634,1263,124993,5.169132556076543,0.1607364456223871
542,0.0546,2,36,2,23846,652598,1265,124991,5.16884742111266,0.1607417285995558
543,0.0547,0,27,0,23873,652571,1265,124991,5.168633569889748,0.16074731018233915
544,0.0548,0,27,0,23900,652544,1265,124991,5.1684197186668355,0.16075289215276484
545,0.0549,0,14,0,23914,652530,1265,124991,5.168308832847548,0.16075578666042462
546,0.055,4,65,4,23979,652465,1269,124987,5.167794005829426,0.1607649089590097
547,0.0551,6,24,6,24003,652441,1275,124981,5.167603915853504,0.16076339491293018
548,0.0552,4,24,4,24027,652417,1279,124977,5.167413825877582,0.16076403985623763
549,0.0553,1,37,1,24064,652380,1280,124976,5.167120770498036,0.1607706121776895
550,0.0554,1,25,1,24089,652355,1281,124975,5.16692276010645,0.16077470315052808
551,0.0555,3,39,3,24128,652316,1284,124972,5.166613863895577,0.16077953088173239
552,0.0556,1,21,1,24149,652295,1285,124971,5.166447535166646,0.1607827950791621
553,0.0557,2,14,2,24163,652281,1287,124969,5.1663366493473575,0.16078353168221293
554,0.0558,2,34,2,24197,652247,1289,124967,5.1660673552148015,0.16078840576726616
555,0.0559,3,74,3,24271,652173,1292,124964,5.165481244455709,0.16080047662123925
556,0.056,0,20,0,24291,652153,1292,124964,5.16532283614244,0.16080461500649196
557,0.0561,1,18,1,24309,652135,1293,124963,5.1651802686604995,0.1608072598308064
558,0.0562,1,26,1,24335,652109,1294,124962,5.16497433785325,0.16081156033361174
559,0.0563,0,39,0,24374,652070,1294,124962,5.164665441642377,0.16081963162392282
560,0.0564,1,22,1,24396,652048,1295,124961,5.164491192497782,0.16082310500907968
561,0.0565,2,25,2,24421,652023,1297,124959,5.164293182106197,0.1608261195240044
562,0.0566,2,24,2,24445,651999,1299,124957,5.164103092130275,0.16082892724941952
563,0.0567,4,52,4,24497,651947,1303,124953,5.163691230515777,0.1608353713476638
564,0.0568,1,32,1,24529,651915,1304,124952,5.163437777214548,0.16084091614137297
565,0.0569,2,21,2,24550,651894,1306,124950,5.163271448485617,0.16084310363470658
566,0.057,3,44,3,24594,651850,1309,124947,5.162922950196426,0.16084897341261617
567,0.0571,1,34,1,24628,651816,1310,124946,5.1626536560638705,0.1608549336862514
568,0.0572,2,34,2,24662,651782,1312,124944,5.162384361931315,0.1608598141429539
569,0.0573,1,23,1,24685,651759,1313,124943,5.162202192371056,0.16086349719712323
570,0.0574,1,23,1,24708,651736,1314,124942,5.162020022810797,0.16086718047891146
571,0.0575,5,48,5,24756,651688,1319,124937,5.161639842858953,0.16087172058586835
572,0.0576,0,23,0,24779,651665,1319,124937,5.1614576732986945,0.160876484994888
573,0.0577,2,41,2,24820,651624,1321,124935,5.161132936256495,0.16088281766098905
574,0.0578,2,12,2,24832,651612,1323,124933,5.161037891268534,0.16088314263822445
575,0.0579,1,34,1,24866,651578,1324,124932,5.160768597135978,0.16088910638626674
576,0.058,5,45,5,24911,651533,1329,124927,5.160412178431124,0.16089302732916055
577,0.0581,1,46,1,24957,651487,1330,124926,5.160047839310607,0.1609014789809032
578,0.0582,0,17,0,24974,651470,1330,124926,5.159913192244329,0.16090500208656408
579,0.0583,2,62,2,25036,651408,1332,124924,5.159422126473197,0.16091569070964484
580,0.0584,2,18,2,25054,651390,1334,124922,5.159279558991256,0.16091726007069324
581,0.0585,1,34,1,25088,651356,1335,124921,5.1590102648587,0.16092322714701066
582,0.0586,1,16,1,25104,651340,1336,124920,5.1588835382080855,0.16092546311802747
583,0.0587,1,36,1,25140,651304,1337,124919,5.158598403244202,0.1609318456165303
584,0.0588,3,33,3,25173,651271,1340,124916,5.15833702952731,0.16093544468021237
585,0.0589,0,16,0,25189,651255,1340,124916,5.158210302876695,0.16093876220575104
586,0.059,2,53,2,25242,651202,1342,124914,5.157790520846534,0.1609475903086652
587,0.0591,1,13,1,25255,651189,1343,124913,5.15768755544291,0.1609492051302535
588,0.0592,1,41,1,25296,651148,1344,124912,5.15736281840071,0.16095662706491767
589,0.0593,6,72,6,25368,651076,1350,124906,5.156792548472944,0.16096507393212728
590,0.0594,2,29,2,25397,651047,1352,124904,5.156562856418705,0.16096892716163777
591,0.0595,5,35,5,25432,651012,1357,124899,5.156285641870485,0.160970781442717
592,0.0596,4,35,4,25467,650977,1361,124895,5.1560084273222655,0.16097371731419616
593,0.0597,2,36,2,25503,650941,1363,124893,5.155723292358383,0.16097902386335222
594,0.0598,2,28,2,25531,650913,1365,124891,5.155501520719807,0.1609826708807895
595,0.0599,1,33,1,25564,650880,1366,124890,5.155240147002915,0.16098843729455894
596,0.06,1,66,1,25630,650814,1367,124889,5.1547173995691296,0.16100105323815944
597,0.0601,4,15,4,25645,650799,1371,124885,5.154598593334178,0.16099984014108837
598,0.0602,0,19,0,25664,650780,1371,124885,5.154448105436574,0.1610037838499868
599,0.0603,1,22,1,25686,650758,1372,124884,5.1542738562919785,0.1610072688173152
600,0.0604,3,19,3,25705,650739,1375,124881,5.154123368394373,0.16100796781929294
601,0.0605,1,33,1,25738,650706,1376,124880,5.153861994677481,0.16101373671004893
602,0.0606,0,24,0,25762,650682,1376,124880,5.153671904701559,0.16101871932869324
603,0.0607,7,45,7,25807,650637,1383,124873,5.153315485996705,0.16102048974223415
604,0.0608,1,30,1,25837,650607,1384,124872,5.153077873526803,0.16102563705787004
605,0.0609,2,24,2,25861,650583,1386,124870,5.152887783550881,0.16102845691486137
606,0.061,0,39,0,25900,650544,1386,124870,5.152578887340008,0.16103655595591515
607,0.0611,0,21,0,25921,650523,1386,124870,5.152412558611076,0.16104091731547746
608,0.0612,3,37,3,25958,650486,1389,124867,5.152119503231529,0.16104535611521462
609,0.0613,5,86,5,26044,650400,1394,124862,5.151438347484476,0.16105781013386442
610,0.0614,0,40,0,26084,650360,1394,124862,5.15112153085794,0.16106612041453933
611,0.0615,2,27,2,26111,650333,1396,124860,5.1509076796350275,0.1610695659016529
612,0.0616,1,28,1,26139,650305,1397,124859,5.1506859079964515,0.1610743016961572
613,0.0617,2,42,2,26181,650263,1399,124857,5.150353250538588,0.1610808648983383
614,0.0618,2,23,2,26204,650240,1401,124855,5.15017108097833,0.1610834800895374
615,0.0619,3,28,3,26232,650212,1404,124852,5.149949309339754,0.1610860522485885
616,0.062,2,48,2,26280,650164,1406,124850,5.149569129387911,0.16109386411084187
617,0.0621,4,53,4,26333,650111,1410,124846,5.149149347357749,0.1611005513854317
618,0.0622,5,12,5,26345,650099,1415,124841,5.149054302369788,0.16109763336516375
619,0.0623,1,32,1,26377,650067,1416,124840,5.148800849068559,0.1611032033521442
620,0.0624,1,35,1,26412,650032,1417,124839,5.148523634520339,0.16110939756423973
621,0.0625,0,33,0,26445,649999,1417,124839,5.148262260803447,0.16111625914062036
622,0.0626,1,78,1,26523,649921,1418,124838,5.147644468381701,0.1611313969892573
623,0.0627,4,38,4,26561,649883,1422,124834,5.147343492586491,0.16113496928555845
624,0.0628,2,28,2,26589,649855,1424,124832,5.147121720947915,0.1611386276005664
625,0.0629,0,24,0,26613,649831,1424,124832,5.146931630971993,0.16114361987083414
626,0.063,5,48,5,26661,649783,1429,124827,5.14655145102015,0.16114819070241798
627,0.0631,1,26,1,26687,649757,1430,124826,5.1463455202129005,0.1611525169026431
628,0.0632,1,29,1,26716,649728,1431,124825,5.146115828158662,0.16115746759744007
629,0.0633,2,47,2,26763,649681,1433,124823,5.145743568622481,0.1611650811357979
630,0.0634,0,31,0,26794,649650,1433,124823,5.1454980357369156,0.16117153212571644
631,0.0635,2,52,2,26846,649598,1435,124821,5.145086174122418,0.1611801879860902
632,0.0636,0,19,0,26865,649579,1435,124821,5.144935686224813,0.16118414256198346
633,0.0637,2,47,2,26912,649532,1437,124819,5.144563426688633,0.16119175929262053
634,0.0638,1,45,1,26957,649487,1438,124818,5.144207007983779,0.1612000439103454
635,0.0639,0,19,0,26976,649468,1438,124818,5.144056520086174,0.16120399955571973
636,0.064,2,35,2,27011,649433,1440,124816,5.143779305537954,0.16120912006344212
637,0.0641,5,33,5,27044,649400,1445,124811,5.143517931821062,0.16121057437830255
638,0.0642,2,17,2,27061,649383,1447,124809,5.143383284754784,0.16121194742389486
639,0.0643,2,47,2,27108,649336,1449,124807,5.143011025218604,0.16121956796095813
640,0.0644,0,33,0,27141,649303,1449,124807,5.142749651501711,0.16122644068672412
641,0.0645,2,32,2,27173,649271,1451,124805,5.142496198200481,0.161230938564172
642,0.0646,3,46,3,27219,649225,1454,124802,5.1421318590799645,0.16123726950093473
643,0.0647,2,96,2,27315,649129,1456,124800,5.141371499176277,0.16125510221221842
644,0.0648,3,32,3,27347,649097,1459,124797,5.141118045875047,0.1612585186084916
645,0.0649,1,38,1,27385,649059,1460,124796,5.140817070079838,0.16126535332846592
646,0.065,12,90,12,27475,648969,1472,124784,5.14010423267013,0.16127110331074646
647,0.0651,2,14,2,27489,648955,1474,124782,5.139993346850843,0.16127185335585606
648,0.0652,1,42,1,27531,648913,1475,124781,5.139660689392979,0.1612795239461596
649,0.0653,3,20,3,27551,648893,1478,124778,5.139502281079711,0.16128044091092983
650,0.0654,0,36,0,27587,648857,1478,124778,5.139217146115828,0.16128794586594453
651,0.0655,1,26,1,27613,648831,1479,124777,5.139011215308579,0.16129228239625237
652,0.0656,3,34,3,27647,648797,1482,124774,5.138741921176023,0.1612961189082838
653,0.0657,6,32,6,27679,648765,1488,124768,5.138488467874794,0.1612962860020193
654,0.0658,3,32,3,27711,648733,1491,124765,5.1382350145735645,0.16129970601087526
655,0.0659,1,11,1,27722,648722,1492,124764,5.138147890001267,0.16130091559511098
656,0.066,1,12,1,27734,648710,1493,124763,5.1380528450133065,0.16130233375954947
657,0.0661,1,26,1,27760,648684,1494,124762,5.137846914206057,0.16130667170041607
658,0.0662,0,9,0,27769,648675,1494,124762,5.137775630465087,0.16130854872471836
659,0.0663,1,27,1,27796,648648,1495,124761,5.137561779242175,0.16131309565831276
660,0.0664,2,18,2,27814,648630,1497,124759,5.137419211760233,0.1613146812276875
661,0.0665,8,55,8,27869,648575,1505,124751,5.136983588898746,0.16131747801056734
662,0.0666,0,40,0,27909,648535,1505,124751,5.136666772272209,0.1613258225287927
663,0.0667,1,39,1,27948,648496,1506,124750,5.136357876061336,0.1613328746608453
664,0.0668,3,90,3,28038,648406,1509,124747,5.135645038651629,0.16134840063997682
665,0.0669,1,27,1,28065,648379,1510,124746,5.135431187428717,0.16135295068714633
666,0.067,4,48,4,28113,648331,1514,124742,5.135051007476872,0.1613586297801113
667,0.0671,2,29,2,28142,648302,1516,124740,5.134821315422633,0.16136251329164522
668,0.0672,5,18,5,28160,648284,1521,124735,5.134678747940692,0.1613608462405193
669,0.0673,2,49,2,28209,648235,1523,124733,5.134290647573184,0.16136890531043976
670,0.0674,5,39,5,28248,648196,1528,124728,5.133981751362311,0.1613716225657374
671,0.0675,1,40,1,28288,648156,1529,124727,5.133664934735775,0.16137888917209978
672,0.0676,1,29,1,28317,648127,1530,124726,5.133435242681536,0.16138385954379422
673,0.0677,1,48,1,28365,648079,1531,124725,5.133055062729692,0.1613927981739225
674,0.0678,0,24,0,28389,648055,1531,124725,5.1328649727537705,0.1613978105023422
675,0.0679,1,23,1,28412,648032,1532,124724,5.132682803193512,0.16140152907256625
676,0.068,7,30,7,28442,648002,1539,124717,5.132445190723609,0.1614001985197724
677,0.0681,0,16,0,28458,647986,1539,124717,5.132318464072995,0.161403540558274
678,0.0682,1,13,1,28471,647973,1540,124716,5.13221549866937,0.16140517077375244
679,0.0683,1,32,1,28503,647941,1541,124715,5.131962045368141,0.1614107701227972
680,0.0684,3,21,3,28524,647920,1544,124712,5.13179571663921,0.16141190113792853
681,0.0685,3,23,3,28547,647897,1547,124709,5.131613547078951,0.16141345006381003
682,0.0686,5,54,5,28601,647843,1552,124704,5.131185844633126,0.1614193052332091
683,0.0687,3,20,3,28621,647823,1555,124701,5.131027436319858,0.1614202277210805
684,0.0688,1,27,1,28648,647796,1556,124700,5.130813585096946,0.16142478407655186
685,0.0689,3,46,3,28694,647750,1559,124697,5.130449245976429,0.16143114025946118
686,0.069,0,19,0,28713,647731,1559,124697,5.130298758078824,0.16143511110420647
687,0.0691,2,12,2,28725,647719,1561,124695,5.130203713090863,0.16143544782979077
688,0.0692,0,40,0,28765,647679,1561,124695,5.129886896464327,0.16144380831048172
689,0.0693,2,45,2,28810,647634,1563,124693,5.129530477759473,0.16145104340518976
690,0.0694,3,24,3,28834,647610,1566,124690,5.129340387783551,0.16145280331477405
691,0.0695,4,89,4,28923,647521,1570,124686,5.128635470789507,0.16146706776809844
692,0.0696,3,59,3,28982,647462,1573,124683,5.1281681662653655,0.16147614761476148
693,0.0697,0,25,0,29007,647437,1573,124683,5.12797015587378,0.16148137595192458
694,0.0698,4,66,4,29073,647371,1577,124679,5.127447408439995,0.16149083608574574
695,0.0699,0,45,0,29118,647326,1577,124679,5.127090989735141,0.16150024935071663
696,0.07,3,62,3,29180,647264,1580,124676,5.12659992396401,0.1615099619141384
697,0.0701,1,20,1,29200,647244,1581,124675,5.1264415156507415,0.16151306030814114
698,0.0702,9,61,9,29261,647183,1590,124666,5.125958370295273,0.1615160478280078
699,0.0703,3,44,3,29305,647139,1593,124663,5.125609872006083,0.1615219965742509
700,0.0704,3,26,3,29331,647113,1596,124660,5.125403941198834,0.16152417874167663
701,0.0705,3,21,3,29352,647092,1599,124657,5.125237612469903,0.16152531457766708
702,0.0706,0,12,0,29364,647080,1599,124657,5.125142567481942,0.16152782618949202
703,0.0707,2,37,2,29401,647043,1601,124655,5.124849512102395,0.16153339777996056
704,0.0708,5,51,5,29452,646992,1606,124650,5.1244455709035615,0.16153864097599663
705,0.0709,0,17,0,29469,646975,1606,124650,5.124310923837283,0.16154219990280252
706,0.071,1,36,1,29505,646939,1607,124649,5.1240257888734,0.16154865031597174
707,0.0711,1,38,1,29543,646901,1608,124648,5.123724813078191,0.16155552012898727
708,0.0712,1,33,1,29576,646868,1609,124647,5.123463439361298,0.16156134359020888
709,0.0713,3,31,3,29607,646837,1612,124644,5.123217906475732,0.16156457514831862
710,0.0714,1,61,1,29668,646776,1613,124643,5.122734761120263,0.1615762640017941
711,0.0715,2,39,2,29707,646737,1615,124641,5.12242586490939,0.1615822592814418
712,0.0716,1,50,1,29757,646687,1616,124640,5.12202984412622,0.16159164660383987
713,0.0717,5,50,5,29807,646637,1621,124635,5.121633823343049,0.16159668703129376
714,0.0718,1,14,1,29821,646623,1622,124634,5.121522937523761,0.16159853330342544
715,0.0719,1,26,1,29847,646597,1623,124633,5.121317006716512,0.1616028940782905
716,0.072,1,20,1,29867,646577,1624,124632,5.121158598403245,0.1616059978553155
717,0.0721,2,31,2,29898,646546,1626,124630,5.120913065517678,0.161610319823231
718,0.0722,2,51,2,29949,646495,1628,124628,5.120509124318844,0.16161883383065995
719,0.0723,2,43,2,29992,646452,1630,124626,5.120168546445317,0.16162567211099266
720,0.0724,1,21,1,30013,646431,1631,124625,5.120002217716386,0.16162898674026271
721,0.0725,2,49,2,30062,646382,1633,124623,5.1196141173488785,0.16163708406560268
722,0.0726,4,36,4,30098,646346,1637,124619,5.119328982384996,0.16164028198426647
723,0.0727,3,25,3,30123,646321,1640,124616,5.11913097199341,0.16164226130021
724,0.0728,1,43,1,30166,646278,1641,124615,5.118790394119883,0.16165019010420384
725,0.0729,0,35,0,30201,646243,1641,124615,5.118513179571664,0.16165752966175354
726,0.073,0,38,0,30239,646205,1641,124615,5.118212203776454,0.16166549907890299
727,0.0731,0,28,0,30267,646177,1641,124615,5.117990432137878,0.16167137178382754
728,0.0732,0,21,0,30288,646156,1641,124615,5.117824103408947,0.16167577659252877
729,0.0733,1,23,1,30311,646133,1642,124614,5.117641933848688,0.16167951351091864
730,0.0734,2,25,2,30336,646108,1644,124612,5.117443923457103,0.16168258252024081
731,0.0735,2,41,2,30377,646067,1646,124610,5.117119186414903,0.16168900849512832
732,0.0736,1,32,1,30409,646035,1647,124609,5.1168657331136735,0.16169463461728112
733,0.0737,2,34,2,30443,646001,1649,124607,5.116596438981118,0.1616995930486058
734,0.0738,0,22,0,30465,645979,1649,124607,5.1164221898365225,0.1617042095236612
735,0.0739,1,11,1,30476,645968,1650,124606,5.116335065264225,0.1617054299781721
736,0.074,0,49,0,30525,645919,1650,124606,5.115946964896718,0.16171571331235196
737,0.0741,1,27,1,30552,645892,1651,124605,5.115733113673806,0.16172029222696518
738,0.0742,3,41,3,30593,645851,1654,124602,5.115408376631605,0.1617256341399151
739,0.0743,6,31,6,30624,645820,1660,124596,5.11516284374604,0.16172561317521963
740,0.0744,1,8,1,30632,645812,1661,124595,5.115099480420732,0.16172620446075905
741,0.0745,1,46,1,30678,645766,1662,124594,5.114735141300216,0.16173477335271821
742,0.0746,4,40,4,30718,645726,1666,124590,5.114418324673679,0.16173881887433209
743,0.0747,4,44,4,30762,645682,1670,124586,5.114069826384489,0.16174370478846323
744,0.0748,2,28,2,30790,645654,1672,124584,5.113848054745913,0.16174740794403808
745,0.0749,3,19,3,30809,645635,1675,124581,5.113697566848308,0.16174813299126478
746,0.075,4,71,4,30880,645564,1679,124577,5.113135217336206,0.1617586909410095
747,0.0751,1,31,1,30911,645533,1680,124576,5.11288968445064,0.16176411391114764
748,0.0752,1,23,1,30934,645510,1681,124575,5.112707514890381,0.1617678567950291
749,0.0753,1,39,1,30973,645471,1682,124574,5.112398618679508,0.16177496120356602
750,0.0754,1,22,1,30995,645449,1683,124573,5.112224369534913,0.16177849464041288
751,0.0755,3,23,3,31018,645426,1686,124570,5.112042199974654,0.1617800611951231
752,0.0756,3,13,3,31031,645413,1689,124567,5.111939234571031,0.1617795267409543
753,0.0757,1,32,1,31063,645381,1690,124566,5.111685781269801,0.16178516183581468
754,0.0758,1,30,1,31093,645351,1691,124565,5.111448168799899,0.16179037713205077
755,0.0759,0,20,0,31113,645331,1691,124565,5.11128976048663,0.1617945800471752
756,0.076,7,55,7,31168,645276,1698,124558,5.110854137625142,0.1617985176024961
757,0.0761,1,32,1,31200,645244,1699,124557,5.110600684323913,0.1618041545802097
758,0.0762,0,17,0,31217,645227,1699,124557,5.110466037257635,0.16180772788210718
759,0.0763,0,28,0,31245,645199,1699,124557,5.11024426561906,0.16181361366458982
760,0.0764,3,46,3,31291,645153,1702,124554,5.109879926498543,0.16182001722733455
761,0.0765,1,19,1,31310,645134,1703,124553,5.1097294386009375,0.1618229228244728
762,0.0766,2,50,2,31360,645084,1705,124551,5.109333417817767,0.16183125767409226
763,0.0767,4,40,4,31400,645044,1709,124547,5.109016601191231,0.16183531252314542
764,0.0768,2,42,2,31442,645002,1711,124545,5.108683943733367,0.1618419667674619
765,0.0769,2,32,2,31474,644970,1713,124543,5.108430490432138,0.16184651851235782
766,0.077,0,44,0,31518,644926,1713,124543,5.108081992142948,0.1618557732670192
767,0.0771,3,34,3,31552,644892,1716,124540,5.107812698010392,0.16185965751359443
768,0.0772,5,24,5,31576,644868,1721,124535,5.10762260803447,0.16185925971175055
769,0.0773,4,45,4,31621,644823,1725,124531,5.107266189329616,0.16186436932803364
770,0.0774,2,81,2,31702,644742,1727,124529,5.1066246356608795,0.16187923371607665
771,0.0775,3,62,3,31764,644680,1730,124526,5.106133569889748,0.161889012826213
772,0.0776,4,42,4,31806,644638,1734,124522,5.105800912431884,0.16189349420146654
773,0.0777,1,39,1,31845,644599,1735,124521,5.105492016221011,0.16190061368837114
774,0.0778,3,27,3,31872,644572,1738,124518,5.105278164998099,0.16190302825417052
775,0.0779,0,24,0,31896,644548,1738,124518,5.105088075022177,0.16190808071088827
776,0.078,0,27,0,31923,644521,1738,124518,5.104874223799265,0.16191376510163985
777,0.0781,3,11,3,31934,644510,1741,124515,5.104787099226967,0.16191281167712362
778,0.0782,1,25,1,31959,644485,1742,124514,5.104589088835382,0.16191698558775758
779,0.0783,0,49,0,32008,644436,1742,124514,5.104200988467875,0.161927303465765
780,0.0784,3,11,3,32019,644425,1745,124511,5.104113863895577,0.16192635017738796
781,0.0785,2,37,2,32056,644388,1747,124509,5.103820808516031,0.16193196227843262
782,0.0786,6,23,6,32079,644365,1753,124503,5.103638638955772,0.1619302663135935
783,0.0787,2,29,2,32108,644336,1755,124501,5.103408946901533,0.16193419411396695
784,0.0788,4,17,4,32125,644319,1759,124497,5.103274299835255,0.16193341449709683
785,0.0789,1,17,1,32142,644302,1760,124496,5.103139652768977,0.1619359051402319
786,0.079,1,22,1,32164,644280,1761,124495,5.102965403624382,0.16193944912360575
787,0.0791,0,20,0,32184,644260,1761,124495,5.102806995311114,0.16194366215504288
788,0.0792,1,27,1,32211,644233,1762,124494,5.1025931440882015,0.1619482599154186
789,0.0793,1,30,1,32241,644203,1763,124493,5.102355531618299,0.1619534900662941
790,0.0794,0,25,0,32266,644178,1763,124493,5.102157521226714,0.16195875738775106
791,0.0795,5,44,5,32310,644134,1768,124488,5.101809022937524,0.1619625771835831
792,0.0796,0,38,0,32348,644096,1768,124488,5.101508047142314,0.1619705848677568
793,0.0797,1,10,1,32358,644086,1769,124487,5.10142884298568,0.16197160191679905
794,0.0798,0,23,0,32381,644063,1769,124487,5.101246673425421,0.1619764491575044
795,0.0799,0,11,0,32392,644052,1769,124487,5.101159548853124,0.1619787675056178
796,0.08,2,56,2,32448,643996,1771,124485,5.100716005575973,0.1619883900838147
797,0.0801,4,42,4,32490,643954,1775,124481,5.100383348118109,0.1619928816360525
798,0.0802,2,28,2,32518,643926,1777,124479,5.100161576479533,0.1619966033537002
799,0.0803,3,24,3,32542,643902,1780,124476,5.099971486503612,0.1619983914167246
800,0.0804,1,44,1,32586,643858,1781,124475,5.0996229882144215,0.1620065778770403
801,0.0805,0,6,0,32592,643852,1781,124475,5.099575465720441,0.16200784301475804
802,0.0806,4,37,4,32629,643815,1785,124471,5.099282410340895,0.1620112822568679
803,0.0807,5,47,5,32676,643768,1790,124466,5.0989101508047145,0.16201573999588667
804,0.0808,4,48,4,32724,643720,1794,124462,5.09852997085287,0.16202150011325442
805,0.0809,1,40,1,32764,643680,1795,124461,5.098213154226333,0.16202884626650577
806,0.081,2,52,2,32816,643628,1797,124459,5.097801292611837,0.16203763375763422
807,0.0811,3,26,3,32842,643602,1800,124456,5.097595361804587,0.16203984594913404
808,0.0812,1,30,1,32872,643572,1801,124455,5.097357749334685,0.16204508435250323
809,0.0813,5,24,5,32896,643548,1806,124450,5.097167659358763,0.1620446928247209
810,0.0814,5,57,5,32953,643491,1811,124445,5.096716195665948,0.16205126468872405
811,0.0815,0,15,0,32968,643476,1811,124445,5.096597389430998,0.16205443007809398
812,0.0816,0,23,0,32991,643453,1811,124445,5.096415219870739,0.16205928391531166
813,0.0817,1,25,1,33016,643428,1812,124444,5.096217209479153,0.16206346891148524
814,0.0818,0,32,0,33048,643396,1812,124444,5.095963756177924,0.16207022296311732
815,0.0819,6,51,6,33099,643345,1818,124438,5.09555981497909,0.16207444030409635
816,0.082,2,15,2,33114,643330,1820,124436,5.095441008744139,0.1620754240224235
817,0.0821,2,45,2,33159,643285,1822,124434,5.095084590039285,0.16208274121130256
818,0.0822,0,28,0,33187,643257,1822,124434,5.09486281840071,0.1620886528564227
819,0.0823,0,11,0,33198,643246,1822,124434,5.094775693828412,0.16209097540641934
820,0.0824,1,21,1,33219,643225,1823,124433,5.094609365099481,0.16209431804267005
821,0.0825,2,34,2,33253,643191,1825,124431,5.094340070966925,0.1620993145063586
822,0.0826,6,33,6,33286,643158,1831,124425,5.094078697250032,0.16209973383985837
823,0.0827,4,38,4,33324,643120,1835,124421,5.093777721454822,0.16210339252235387
824,0.0828,1,36,1,33360,643084,1836,124420,5.093492586490939,0.16210990431320227
825,0.0829,1,43,1,33403,643041,1837,124419,5.0931520086174125,0.16211789539519975
826,0.083,0,29,0,33432,643012,1837,124419,5.092922316563174,0.162124021573275
827,0.0831,2,27,2,33459,642985,1839,124417,5.0927084653402614,0.16212754201839452
828,0.0832,3,27,3,33486,642958,1842,124414,5.092494614117349,0.16212997086158995
829,0.0833,3,67,3,33553,642891,1845,124411,5.0919639462679,0.16214085197223518
830,0.0834,1,19,1,33572,642872,1846,124410,5.091813458370296,0.16214377503968555
831,0.0835,1,12,1,33584,642860,1847,124409,5.091718413382334,0.16214521895189302
832,0.0836,3,10,3,33594,642850,1850,124406,5.091639209225701,0.1621440562211309
833,0.0837,0,39,0,33633,642811,1850,124406,5.091330313014827,0.16215229850224905
834,0.0838,0,23,0,33656,642788,1850,124406,5.091148143454569,0.16215715972752653
835,0.0839,0,45,0,33701,642743,1850,124406,5.090791724749715,0.162166671663523
836,0.084,1,28,1,33729,642715,1851,124405,5.09056995311114,0.16217149859213684
837,0.0841,0,65,0,33794,642650,1851,124405,5.090055126093017,0.1621852409540385
838,0.0842,2,64,2,33858,642586,1853,124403,5.089548219490559,0.1621965895208406
839,0.0843,7,40,7,33898,642546,1860,124396,5.089231402864022,0.1621974021503582
840,0.0844,2,26,2,33924,642520,1862,124394,5.089025472056774,0.1622007161168006
841,0.0845,3,37,3,33961,642483,1865,124391,5.088732416677227,0.16220526448934244
842,0.0846,0,17,0,33978,642466,1865,124391,5.088597769610949,0.16220886032206788
843,0.0847,2,31,2,34009,642435,1867,124389,5.088352236725384,0.16221323276266783
844,0.0848,2,41,2,34050,642394,1869,124387,5.088027499683183,0.16221972114593344
845,0.0849,3,46,3,34096,642348,1872,124384,5.087663160562666,0.1622261755085219
846,0.085,3,57,3,34153,642291,1875,124381,5.0872116968698515,0.16223495836550703
847,0.0851,1,27,1,34180,642264,1876,124380,5.086997845646939,0.16223957925712587
848,0.0852,0,32,0,34212,642232,1876,124380,5.08674439234571,0.162246351478975
849,0.0853,4,28,4,34240,642204,1880,124376,5.086522620707135,0.1622479062850583
850,0.0854,1,29,1,34269,642175,1881,124375,5.086292928652895,0.1622529515361033
851,0.0855,2,28,2,34297,642147,1883,124373,5.08607115701432,0.16225669258466838
852,0.0856,0,22,0,34319,642125,1883,124373,5.085896907869725,0.16226134967084063
853,0.0857,3,28,3,34347,642097,1886,124370,5.085675136231149,0.16226399831956237
854,0.0858,3,71,3,34418,642026,1889,124367,5.085112786719047,0.16227575147476556
855,0.0859,2,35,2,34453,641991,1891,124365,5.084835572170827,0.16228097646524592
856,0.086,0,43,0,34496,641948,1891,124365,5.084494994297301,0.16229008251197619
857,0.0861,1,18,1,34514,641930,1892,124364,5.084352426815359,0.16229280145740407
858,0.0862,6,31,6,34545,641899,1898,124358,5.0841068939297935,0.1622928077655408
859,0.0863,4,62,4,34607,641837,1902,124354,5.083615828158662,0.1623015671027198
860,0.0864,3,31,3,34638,641806,1905,124351,5.083370295273096,0.1623048539659626
861,0.0865,0,16,0,34654,641790,1905,124351,5.083243568622481,0.16230824352175383
862,0.0866,2,20,2,34674,641770,1907,124349,5.083085160309213,0.16231029383163711
863,0.0867,1,44,1,34718,641726,1908,124348,5.0827366620200225,0.16231852275367653
864,0.0868,2,50,2,34768,641676,1910,124346,5.082340641236852,0.1623269305581302
865,0.0869,0,29,0,34797,641647,1910,124346,5.0821109491826135,0.16233307615082646
866,0.087,1,30,1,34827,641617,1911,124345,5.081873336712711,0.16233834054430898
867,0.0871,2,29,2,34856,641588,1913,124343,5.081643644658472,0.16234229976329462
868,0.0872,3,33,3,34889,641555,1916,124340,5.081382270941579,0.1623460134874885
869,0.0873,0,45,0,34934,641510,1916,124340,5.081025852236725,0.16235555265391396
870,0.0874,0,12,0,34946,641498,1916,124340,5.080930807248764,0.16235809662095638
871,0.0875,2,52,2,34998,641446,1918,124338,5.0805189456342665,0.16236693375677738
872,0.0876,0,16,0,35014,641430,1918,124338,5.080392218983652,0.16237032626069514
873,0.0877,0,25,0,35039,641405,1918,124338,5.080194208592067,0.1623756273318855
874,0.0878,1,23,1,35062,641382,1919,124337,5.080012039031808,0.16237941072377726
875,0.0879,1,36,1,35098,641346,1920,124336,5.079726904067925,0.16238595134794861
876,0.088,2,55,2,35153,641291,1922,124334,5.079291281206438,0.16239542857142858
877,0.0881,2,56,2,35209,641235,1924,124332,5.078847737929286,0.16240511934291837
878,0.0882,3,37,3,35246,641198,1927,124329,5.07855468254974,0.16240968639904274
879,0.0883,2,22,2,35268,641176,1929,124327,5.078380433405145,0.1624121655956933
880,0.0884,3,30,3,35298,641146,1932,124324,5.078142820935243,0.16241524814819652
881,0.0885,2,16,2,35314,641130,1934,124322,5.078016094284628,0.16241645459153545
882,0.0886,0,23,0,35337,641107,1934,124322,5.077833924724369,0.16242133496379155
883,0.0887,5,24,5,35361,641083,1939,124317,5.077643834748447,0.16242095636268616
884,0.0888,1,20,1,35381,641063,1940,124316,5.077485426435179,0.162424106227111
885,0.0889,1,19,1,35400,641044,1941,124315,5.077334938537574,0.1624270440407704
886,0.089,5,26,5,35426,641018,1946,124310,5.077129007730326,0.16242709008425146
887,0.0891,3,24,3,35450,640994,1949,124307,5.076938917754403,0.1624289005241075
888,0.0892,0,40,0,35490,640954,1949,124307,5.076622101127867,0.1624373906418856
889,0.0893,2,58,2,35548,640896,1951,124305,5.076162717019389,0.16244751379049427
890,0.0894,2,40,2,35588,640856,1953,124303,5.075845900392853,0.16245381678840606
891,0.0895,1,22,1,35610,640834,1954,124302,5.075671651248258,0.16245739319545807
892,0.0896,1,28,1,35638,640806,1955,124301,5.075449879609682,0.16246224384301802
893,0.0897,6,77,6,35715,640729,1961,124295,5.074840007603599,0.1624720270213745
894,0.0898,1,35,1,35750,640694,1962,124294,5.07456279305538,0.1624783656737099
895,0.0899,1,18,1,35768,640676,1963,124293,5.074420225573438,0.16248109400511654
896,0.09,4,75,4,35843,640601,1967,124289,5.073826194398682,0.16249264600138583
897,0.0901,4,24,4,35867,640577,1971,124285,5.07363610442276,0.16249336481613677
898,0.0902,1,32,1,35899,640545,1972,124284,5.0733826511215305,0.16249906841921527
899,0.0903,0,22,0,35921,640523,1972,124284,5.0732084019769355,0.16250374277432084
900,0.0904,1,31,1,35952,640492,1973,124283,5.07296286909137,0.16250923474224446
901,0.0905,5,52,5,36004,640440,1978,124278,5.072551007476872,0.1625148093807129
902,0.0906,2,20,2,36024,640420,1980,124276,5.072392599163604,0.16251686944877441
903,0.0907,5,53,5,36077,640367,1985,124271,5.071972817133443,0.16252265778054453
904,0.0908,3,64,3,36141,640303,1988,124268,5.071465910530985,0.16253297600876832
905,0.0909,0,25,0,36166,640278,1988,124268,5.071267900139399,0.162538290698009
906,0.091,3,69,3,36235,640209,1991,124265,5.0707213914586236,0.16254967467827552
907,0.0911,5,80,5,36315,640129,1996,124260,5.070087758205551,0.1625612090179215
908,0.0912,9,32,9,36347,640097,2005,124251,5.0698343049043215,0.16255815413921407
909,0.0913,2,15,2,36362,640082,2007,124249,5.06971549866937,0.16255915303710042
910,0.0914,2,22,2,36384,640060,2009,124247,5.069541249524775,0.1625616408066392
911,0.0915,2,22,2,36406,640038,2011,124245,5.06936700038018,0.1625641287324198
912,0.0916,1,33,1,36439,640005,2012,124244,5.069105626663287,0.162570052430556
913,0.0917,2,37,2,36476,639968,2014,124242,5.068812571283741,0.16257573180146817
914,0.0918,0,13,0,36489,639955,2014,124242,5.068709605880117,0.16257849742932778
915,0.0919,2,37,2,36526,639918,2016,124240,5.0684165505005705,0.1625841776177178
916,0.092,4,85,4,36611,639833,2020,124236,5.06774331516918,0.16259788055790772
917,0.0921,0,15,0,36626,639818,2020,124236,5.0676245089342284,0.16260107269905008
918,0.0922,4,32,4,36658,639786,2024,124232,5.067371055633,0.16260349887044545
919,0.0923,2,19,2,36677,639767,2026,124230,5.0672205677353945,0.1626053505445702
920,0.0924,0,31,0,36708,639736,2026,124230,5.066975034849829,0.16261194869928766
921,0.0925,3,42,3,36750,639694,2029,124227,5.0666423773919655,0.16261760051104762
922,0.0926,2,23,2,36773,639671,2031,124225,5.066460207831707,0.16262030433462146
923,0.0927,5,44,5,36817,639627,2036,124220,5.0661117095425166,0.16262419044651613
924,0.0928,2,20,2,36837,639607,2038,124218,5.065953301229248,0.16262625601413935
925,0.0929,5,43,5,36880,639564,2043,124213,5.065612723355722,0.1626299299402836
926,0.093,2,40,2,36920,639524,2045,124211,5.065295906729185,0.16263625472186033
927,0.0931,2,25,2,36945,639499,2047,124209,5.065097896337599,0.1626393857338145
928,0.0932,3,65,3,37010,639434,2050,124206,5.064583069319478,0.1626499397621916
929,0.0933,3,45,3,37055,639389,2053,124203,5.064226650614624,0.16265623526700124
930,0.0934,0,16,0,37071,639373,2053,124203,5.06409992396401,0.1626596435718252
931,0.0935,2,22,2,37093,639351,2055,124201,5.063925674819415,0.1626621369598927
932,0.0936,0,26,0,37119,639325,2055,124201,5.0637197440121655,0.1626676760188913
933,0.0937,3,43,3,37162,639282,2058,124198,5.063379166138639,0.16267354744066642
934,0.0938,1,44,1,37206,639238,2059,124197,5.063030667849449,0.16268182621965196
935,0.0939,0,48,0,37254,639190,2059,124197,5.062650487897605,0.1626920552747165
936,0.094,1,34,1,37288,639156,2060,124196,5.062381193765049,0.16269820476005828
937,0.0941,4,58,4,37346,639098,2064,124192,5.061921809656571,0.16270617982680238
938,0.0942,3,46,3,37392,639052,2067,124189,5.061557470536053,0.16271269494170257
939,0.0943,4,45,4,37437,639007,2071,124185,5.0612010518312,0.1627179006069246
940,0.0944,5,47,5,37484,638960,2076,124180,5.06082879229502,0.1627224362502293
941,0.0945,1,15,1,37499,638945,2077,124179,5.060709986060068,0.1627245375587716
942,0.0946,5,65,5,37564,638880,2082,124174,5.060195159041947,0.16273291274274165
943,0.0947,4,49,4,37613,638831,2086,124170,5.059807058674439,0.16273897412978489
944,0.0948,1,23,1,37636,638808,2087,124169,5.059624889114181,0.16274278254783564
945,0.0949,4,26,4,37662,638782,2091,124165,5.059418958306932,0.1627439389629948
946,0.095,4,64,4,37726,638718,2095,124161,5.058912051704474,0.16275320201499846
947,0.0951,7,68,7,37794,638650,2102,124154,5.058373463439361,0.1627600274775696
948,0.0952,3,45,3,37839,638605,2105,124151,5.058017044734508,0.1627663368101988
949,0.0953,2,13,2,37852,638592,2107,124149,5.057914079330883,0.162766915637156
950,0.0954,1,23,1,37875,638569,2108,124148,5.057731909770625,0.16277072623266559
951,0.0955,1,22,1,37897,638547,2109,124147,5.0575576606260295,0.16277432364749164
952,0.0956,3,28,3,37925,638519,2112,124144,5.0573358889874545,0.16277700635798512
953,0.0957,2,83,2,38008,638436,2114,124142,5.05667849448739,0.1627925274529294
954,0.0958,1,45,1,38053,638391,2115,124141,5.056322075782537,0.16280103654666295
955,0.0959,1,32,1,38085,638359,2116,124140,5.056068622481308,0.16280677089412576
956,0.096,1,19,1,38104,638340,2117,124139,5.0559181345837025,0.16280972984173991
957,0.0961,3,41,3,38145,638299,2120,124136,5.055593397541503,0.16281519080315043
958,0.0962,4,49,4,38194,638250,2124,124132,5.055205297173996,0.16282126283149392
959,0.0963,7,33,7,38227,638217,2131,124125,5.054943923457103,0.16282062381450846
960,0.0964,0,18,0,38245,638199,2131,124125,5.054801355975162,0.16282446833629796
961,0.0965,3,31,3,38276,638168,2134,124122,5.054555823089596,0.162827795196054
962,0.0966,0,16,0,38292,638152,2134,124122,5.054429096438981,0.16283121292343697
963,0.0967,3,31,3,38323,638121,2137,124119,5.054183563553416,0.162834540302267
964,0.0968,0,9,0,38332,638112,2137,124119,5.054112279812444,0.16283646296201545
965,0.0969,0,19,0,38351,638093,2137,124119,5.05396179191484,0.16284052205947952
966,0.097,0,15,0,38366,638078,2137,124119,5.053842985679888,0.16284372675305728
967,0.0971,0,38,0,38404,638040,2137,124119,5.053542009884679,0.16285184587467968
968,0.0972,3,31,3,38435,638009,2140,124116,5.053296476999113,0.1628551746760702
969,0.0973,4,46,4,38481,637963,2144,124112,5.052932137878596,0.16286061083226716
970,0.0974,3,29,3,38510,637934,2147,124109,5.052702445824357,0.1628635129513689
971,0.0975,1,37,1,38547,637897,2148,124108,5.052409390444811,0.16287032237321278
972,0.0976,0,32,0,38579,637865,2148,124108,5.052155937143581,0.16287716231415023
973,0.0977,1,22,1,38601,637843,2149,124107,5.051981687998986,0.16288076645449176
974,0.0978,3,24,3,38625,637819,2152,124104,5.0517915980230645,0.16288260099773863
975,0.0979,2,36,2,38661,637783,2154,124102,5.051506463059181,0.16288809991009143
976,0.098,3,67,3,38728,637716,2157,124099,5.050975795209733,0.16289912905364162
977,0.0981,5,45,5,38773,637671,2162,124094,5.050619376504879,0.16290325756630983
978,0.0982,3,23,3,38796,637648,2165,124091,5.05043720694462,0.16290487949284466
979,0.0983,0,16,0,38812,637632,2165,124091,5.050310480294006,0.16290830131163164
980,0.0984,1,18,1,38830,637614,2166,124090,5.050167912812064,0.1629110520622184
981,0.0985,3,49,3,38879,637565,2169,124087,5.049779812444557,0.16291823562466848
982,0.0986,2,28,2,38907,637537,2171,124085,5.049558040805982,0.16292202693724708
983,0.0987,2,56,2,38963,637481,2173,124083,5.04911449752883,0.1629318087514641
984,0.0988,4,44,4,39007,637437,2177,124079,5.04876599923964,0.1629368260154744
985,0.0989,1,13,1,39020,637424,2178,124078,5.048663033836016,0.16293850836898655
986,0.099,2,34,2,39054,637390,2180,124076,5.048393739703459,0.1629435851370908
987,0.0991,0,35,0,39089,637355,2180,124076,5.0481165251552405,0.16295107501533296
988,0.0992,4,47,4,39136,637308,2184,124072,5.04774426561906,0.16295673645223147
989,0.0993,4,45,4,39181,637263,2188,124068,5.047387846914206,0.1629619705489465
990,0.0994,0,23,0,39204,637240,2188,124068,5.047205677353947,0.16296689381958418
991,0.0995,0,34,0,39238,637206,2188,124068,5.046936383221391,0.16297417224284555
992,0.0996,3,31,3,39269,637175,2191,124065,5.046690850335826,0.16297751037780464
993,0.0997,2,28,2,39297,637147,2193,124063,5.04646907869725,0.16298130607848033
994,0.0998,2,44,2,39341,637103,2195,124061,5.0461205804080596,0.16298852809644176
995,0.0999,5,43,5,39384,637060,2200,124056,5.045780002534533,0.16299223771409352
996,0.1,2,44,2,39428,637016,2202,124054,5.045431504245343,0.16299946128477014
997,0.1001,4,52,4,39480,636964,2206,124050,5.045019642630845,0.1630061996231344
998,0.1002,1,27,1,39507,636937,2207,124049,5.044805791407933,0.1630108832488377
999,0.1003,0,40,0,39547,636897,2207,124049,5.044488974781396,0.16301945210304017
1000,0.1004,3,52,3,39599,636845,2210,124046,5.044077113166899,0.1630272930025457
1001,0.1005,2,35,2,39634,636810,2212,124044,5.04379989861868,0.16303259232388867
1002,0.1006,1,23,1,39657,636787,2213,124043,5.043617729058421,0.1630364207510219
1003,0.1007,0,36,0,39693,636751,2213,124043,5.043332594094538,0.16304413546899688
1004,0.1008,6,49,6,39742,636702,2219,124037,5.042944493727031,0.16304803618586663
1005,0.1009,3,26,3,39768,636676,2222,124034,5.042738562919782,0.1630503082646475
1006,0.101,1,29,1,39797,636647,2223,124033,5.042508870865543,0.1630554240942315
1007,0.1011,4,49,4,39846,636598,2227,124029,5.042120770498036,0.1630615268719096
1008,0.1012,3,38,3,39884,636560,2230,124026,5.041819794702826,0.16306637250751393
1009,0.1013,1,26,1,39910,636534,2231,124025,5.041613863895577,0.16307084657469045
1010,0.1014,0,10,0,39920,636524,2231,124025,5.041534659738943,0.16307299069487963
1011,0.1015,2,18,2,39938,636506,2233,124023,5.041392092257001,0.16307464935590885
1012,0.1016,2,34,2,39972,636472,2235,124021,5.041122798124445,0.16307973906400192
1013,0.1017,0,47,0,40019,636425,2235,124021,5.040750538588265,0.16308981834344582
1014,0.1018,4,63,4,40082,636362,2239,124017,5.04025155240147,0.16309892829759895
1015,0.1019,1,15,1,40097,636347,2240,124016,5.040132746166519,0.16310104515869395
1016,0.102,3,26,3,40123,636321,2243,124013,5.03992681535927,0.16310332038288436
1017,0.1021,3,43,3,40166,636278,2246,124010,5.039586237485743,0.1631092428132497
1018,0.1022,2,39,2,40205,636239,2248,124008,5.03927734127487,0.1631154085448545
1019,0.1023,9,38,9,40243,636201,2257,123999,5.038976365479661,0.1631136543014996
1020,0.1024,2,40,2,40283,636161,2259,123997,5.038659548853124,0.16312003557155222
1021,0.1025,1,46,1,40329,636115,2260,123996,5.038295209732607,0.16312880618751735
1022,0.1026,1,10,1,40339,636105,2261,123995,5.038216005575973,0.1631298513353506
1023,0.1027,4,36,4,40375,636069,2265,123991,5.037930870612089,0.1631331736968134
1024,0.1028,2,50,2,40425,636019,2267,123989,5.037534849828919,0.16314170377153925
1025,0.1029,6,66,6,40491,635953,2273,123983,5.037012102395134,0.16314926520128012
1026,0.103,4,25,4,40516,635928,2277,123979,5.0368140920035485,0.16315022759363976
1027,0.1031,5,25,5,40541,635903,2282,123974,5.036616081611963,0.16315008876436582
1028,0.1032,1,20,1,40561,635883,2283,123973,5.0364576732986945,0.16315328167442253
1029,0.1033,1,43,1,40604,635840,2284,123972,5.036117095425168,0.16316141361284106
1030,0.1034,0,44,0,40648,635796,2284,123972,5.035768597135978,0.1631708626843984
1031,0.1035,2,21,2,40669,635775,2286,123970,5.035602268407046,0.16317316994517897
1032,0.1036,2,36,2,40705,635739,2288,123968,5.035317133443163,0.1631786991563853
1033,0.1037,2,26,2,40731,635713,2290,123966,5.035111202635914,0.16318208085257063
1034,0.1038,2,18,2,40749,635695,2292,123964,5.034968635153973,0.16318374428526483
1035,0.1039,2,27,2,40776,635668,2294,123962,5.034754783931061,0.16318734120558692
1036,0.104,1,32,1,40808,635636,2295,123961,5.034501330629832,0.16319311424347385
1037,0.1041,3,20,3,40828,635616,2298,123958,5.034342922316563,0.1631941061700374
1038,0.1042,3,15,3,40843,635601,2301,123955,5.034224116081612,0.16319402387710716
1039,0.1043,5,48,5,40891,635553,2306,123950,5.033843936129768,0.1631988287077207
1040,0.1044,4,54,4,40945,635499,2310,123946,5.033416233683944,0.16320602545279778
1041,0.1045,4,43,4,40988,635456,2314,123942,5.033075655810417,0.16321085912788813
1042,0.1046,1,18,1,41006,635438,2315,123941,5.032933088328475,0.1632136258706127
1043,0.1047,2,48,2,41054,635390,2317,123939,5.032552908376632,0.16322173919341945
1044,0.1048,3,51,3,41105,635339,2320,123936,5.032148967177798,0.16322939646373186
1045,0.1049,6,54,6,41159,635285,2326,123930,5.031721264731973,0.16323439341951884
1046,0.105,4,50,4,41209,635235,2330,123926,5.031325243948802,0.16324073549615958
1047,0.1051,1,35,1,41244,635200,2331,123925,5.031048029400583,0.16324715955870245
1048,0.1052,0,30,0,41274,635170,2331,123925,5.030810416930681,0.16325361120808332
1049,0.1053,1,10,1,41284,635160,2332,123924,5.030731212774047,0.1632546595633685
1050,0.1054,2,33,2,41317,635127,2334,123922,5.030469839057154,0.16325955241361229
1051,0.1055,2,27,2,41344,635100,2336,123920,5.030255987834241,0.16326315512107717
1052,0.1056,4,43,4,41387,635057,2340,123916,5.029915409960715,0.1632679950406668
1053,0.1057,6,127,6,41514,634930,2346,123910,5.028909517171461,0.16328870381108007
1054,0.1058,1,32,1,41546,634898,2347,123909,5.028656063870232,0.16329448726751333
1055,0.1059,1,16,1,41562,634882,2348,123908,5.028529337219617,0.1632968278443311
1056,0.106,1,18,1,41580,634864,2349,123907,5.028386769737676,0.163299598956734
1057,0.1061,5,44,5,41624,634820,2354,123902,5.0280382714484855,0.16330355518885706
1058,0.1062,4,40,4,41664,634780,2358,123898,5.027721454821949,0.16330775375060302
1059,0.1063,3,47,3,41711,634733,2361,123895,5.027349195285769,0.16331456260512398
1060,0.1064,3,43,3,41754,634690,2364,123892,5.027008617412242,0.1633205111642512
1061,0.1065,0,26,0,41780,634664,2364,123892,5.026802686604993,0.163326109080938
1062,0.1066,1,43,1,41823,634621,2365,123891,5.026462108731466,0.16333426498196468
1063,0.1067,5,35,5,41858,634586,2370,123886,5.026184894183246,0.16333628663945407
1064,0.1068,3,33,3,41891,634553,2373,123883,5.025923520466354,0.1633400840677394
1065,0.1069,7,63,7,41954,634490,2380,123876,5.025424534279559,0.16334593059287997
1066,0.107,3,34,3,41988,634456,2383,123873,5.0251552401470025,0.1633499444172648
1067,0.1071,2,15,2,42003,634441,2385,123871,5.025036433912052,0.16335096899429258
1068,0.1072,0,32,0,42035,634409,2385,123871,5.024782980610823,0.1633578625309912
1069,0.1073,3,78,3,42113,634331,2388,123868,5.024165188189076,0.16337135765148728
1070,0.1074,0,9,0,42122,634322,2388,123868,5.024093904448105,0.16337329693084846
1071,0.1075,4,66,4,42188,634256,2392,123864,5.02357115701432,0.1633831055769535
1072,0.1076,4,30,4,42218,634226,2396,123860,5.023333544544418,0.16338515682917243
1073,0.1077,2,36,2,42254,634190,2398,123858,5.023048409580535,0.16339070876778253
1074,0.1078,3,24,3,42278,634166,2401,123855,5.022858319604613,0.16339257091821993
1075,0.1079,4,31,4,42309,634135,2405,123851,5.022612786719047,0.16339483842709496
1076,0.108,3,43,3,42352,634092,2408,123848,5.0222722088455205,0.163400796896852
1077,0.1081,5,47,5,42399,634045,2413,123843,5.02189994930934,0.163405410825874
1078,0.1082,6,79,6,42478,633966,2419,123837,5.02127423647193,0.16341582179009584
1079,0.1083,3,51,3,42529,633915,2422,123834,5.020870295273096,0.1634235083121192
1080,0.1084,2,46,2,42575,633869,2424,123832,5.020505956152579,0.16343122155045328
1081,0.1085,1,45,1,42620,633824,2425,123831,5.020149537447725,0.16343982419438927
1082,0.1086,0,29,0,42649,633795,2425,123831,5.019919845393487,0.16344608025595742
1083,0.1087,1,17,1,42666,633778,2426,123830,5.019785198327209,0.16344864362572728
1084,0.1088,1,39,1,42705,633739,2427,123829,5.019476302116335,0.1634559537889668
1085,0.1089,2,34,2,42739,633705,2429,123827,5.019207007983779,0.16346108151206815
1086,0.109,2,66,2,42805,633639,2431,123825,5.0186842605499935,0.16347311555400654
1087,0.1091,8,19,8,42824,633620,2439,123817,5.018533772652389,0.1634683808686399
1088,0.1092,5,43,5,42867,633577,2444,123812,5.018193194778862,0.1634721391517437
1089,0.1093,2,44,2,42911,633533,2446,123810,5.0178446964896715,0.1634794274192803
1090,0.1094,1,35,1,42946,633498,2447,123809,5.017567481941453,0.16348587825016803
1091,0.1095,4,34,4,42980,633464,2451,123805,5.017298187808896,0.16348879988484938
1092,0.1096,2,21,2,43001,633443,2453,123803,5.0171318590799645,0.16349112441663607
1093,0.1097,2,32,2,43033,633411,2455,123801,5.016878405778735,0.16349582415492622
1094,0.1098,2,36,2,43069,633375,2457,123799,5.016593270814853,0.16350138805611392
1095,0.1099,3,54,3,43123,633321,2460,123796,5.016165568369028,0.1635097349550994
1096,0.11,6,41,6,43164,633280,2466,123790,5.015840831326828,0.16351196058488646
1097,0.1101,10,31,10,43195,633249,2476,123780,5.015595298441262,0.16350760670991468
1098,0.1102,1,37,1,43232,633212,2477,123779,5.015302243061716,0.16351449356729472
1099,0.1103,5,48,5,43280,633164,2482,123774,5.014922063109872,0.16351933711876004
1100,0.1104,1,17,1,43297,633147,2483,123773,5.014787416043594,0.16352190456058766
1101,0.1105,1,21,1,43318,633126,2484,123772,5.014621087314662,0.16352533630687358
1102,0.1106,0,46,0,43364,633080,2484,123772,5.014256748194145,0.16353527506038168
1103,0.1107,1,62,1,43426,633018,2485,123771,5.0137656824230135,0.1635475674197167
1104,0.1108,1,26,1,43452,632992,2486,123770,5.013559751615765,0.16355208110343808
1105,0.1109,4,38,4,43490,632954,2490,123766,5.013258775820555,0.16355587271381752
1106,0.111,6,41,6,43531,632913,2496,123760,5.012934038778355,0.16355810237711665
1107,0.1111,3,26,3,43557,632887,2499,123757,5.012728107971106,0.16356040621481172
1108,0.1112,2,78,2,43635,632809,2501,123755,5.01211031554936,0.16357505776114115
1109,0.1113,1,34,1,43669,632775,2502,123754,5.011841021416804,0.1635813035587532
1110,0.1114,0,25,0,43694,632750,2502,123754,5.011643011025218,0.16358670938950753
1111,0.1115,3,56,3,43750,632694,2505,123751,5.011199467748067,0.16359550264725128
1112,0.1116,0,32,0,43782,632662,2505,123751,5.010946014446838,0.1636024235437519
1113,0.1117,2,44,2,43826,632618,2507,123749,5.010597516157648,0.1636097291394257
1114,0.1118,2,18,2,43844,632600,2509,123747,5.010454948675706,0.1636114111644523
1115,0.1119,2,28,2,43872,632572,2511,123745,5.010233177037131,0.1636152565656993
1116,0.112,1,49,1,43921,632523,2512,123744,5.009845076669624,0.16362475157583234
1117,0.1121,0,10,0,43931,632513,2512,123744,5.00976587251299,0.1636269151888842
1118,0.1122,2,29,2,43960,632484,2514,123742,5.009536180458751,0.163630978040956
1119,0.1123,1,15,1,43975,632469,2515,123741,5.0094173742237995,0.16363311778474232
1120,0.1124,4,45,4,44020,632424,2519,123737,5.009060955518946,0.163638431498054
1121,0.1125,6,96,6,44116,632328,2525,123731,5.008300595615258,0.1636525720876281
1122,0.1126,2,18,2,44134,632310,2527,123729,5.008158028133316,0.16365425593124164
1123,0.1127,5,52,5,44186,632258,2532,123724,5.007746166518819,0.1636599813223066
1124,0.1128,2,21,2,44207,632237,2534,123722,5.007579837789887,0.16366231501972991
1125,0.1129,1,24,1,44231,632213,2535,123721,5.007389747813965,0.16366640473903807
1126,0.113,3,52,3,44283,632161,2538,123718,5.006977886199468,0.16367434470331893
1127,0.1131,0,44,0,44327,632117,2538,123718,5.0066293879102775,0.16368387280292657
1128,0.1132,3,36,3,44363,632081,2541,123715,5.006344252946395,0.16368834976633906
1129,0.1133,0,37,0,44400,632044,2541,123715,5.0060511975668485,0.16369636352329248
1130,0.1134,2,31,2,44431,632013,2543,123713,5.005805664681282,0.16370086512836662
1131,0.1135,2,23,2,44454,631990,2545,123711,5.005623495121024,0.1637036341092575
1132,0.1136,2,29,2,44483,631961,2547,123709,5.005393803066785,0.1637077030979131
1133,0.1137,9,46,9,44529,631915,2556,123700,5.005029463946268,0.16370770829059772
1134,0.1138,2,19,2,44548,631896,2558,123698,5.004878976048663,0.1637096112462513
1135,0.1139,1,39,1,44587,631857,2559,123697,5.00457007983779,0.16371695471137734
1136,0.114,1,32,1,44619,631825,2560,123696,5.004316626536561,0.16372278202723684
1137,0.1141,3,64,3,44683,631761,2563,123693,5.003809719934102,0.1637333312154016
1138,0.1142,5,20,5,44703,631741,2568,123688,5.003651311620834,0.16373213101429784
1139,0.1143,1,26,1,44729,631715,2569,123687,5.003445380813585,0.16373665942107646
1140,0.1144,2,42,2,44771,631673,2571,123685,5.003112723355722,0.16374354941630326
1141,0.1145,2,9,2,44780,631664,2573,123683,5.003041439614751,0.16374328619826384
1142,0.1146,1,50,1,44830,631614,2574,123682,5.00264541883158,0.16375301868406558
1143,0.1147,3,37,3,44867,631577,2577,123679,5.002352363452034,0.16375771923692098
1144,0.1148,2,45,2,44912,631532,2579,123677,5.00199594474718,0.16376526233135463
1145,0.1149,2,27,2,44939,631505,2581,123675,5.001782093524268,0.1637689027781456
1146,0.115,1,28,1,44967,631477,2582,123674,5.001560321885693,0.1637738677430077
1147,0.1151,2,27,2,44994,631450,2584,123672,5.001346470662781,0.16377750879990252
1148,0.1152,2,36,2,45030,631414,2586,123670,5.001061335698897,0.1637831022773625
1149,0.1153,0,34,0,45064,631380,2586,123670,5.000792041566341,0.16379047745182437
1150,0.1154,1,34,1,45098,631346,2587,123669,5.000522747433785,0.16379674576001801
1151,0.1155,2,51,2,45149,631295,2589,123667,5.000118806234951,0.16380559551341656
1152,0.1156,3,31,3,45180,631264,2592,123664,4.999873273349386,0.16380899900387852
1153,0.1157,4,67,4,45247,631197,2596,123660,4.999342605499937,0.16381910746008846
1154,0.1158,4,33,4,45280,631164,2600,123656,4.999081231783044,0.16382183831906943
1155,0.1159,6,38,6,45318,631126,2606,123650,4.9987802559878345,0.16382343900706964
1156,0.116,2,48,2,45366,631078,2608,123648,4.99840007603599,0.16383164221187557
1157,0.1161,8,70,8,45436,631008,2616,123640,4.997845646939552,0.1638379747908959
1158,0.1162,4,30,4,45466,630978,2620,123636,4.997608034469649,0.1638400559756379
1159,0.1163,3,39,3,45505,630939,2623,123633,4.997299138258776,0.16384519966285524
1160,0.1164,2,17,2,45522,630922,2625,123631,4.997164491192498,0.1638466747862642
1161,0.1165,4,31,4,45553,630891,2629,123627,4.996918958306932,0.1638489737819376
1162,0.1166,6,39,6,45592,630852,2635,123621,4.9966100620960585,0.16385079386538684
1163,0.1167,3,39,3,45631,630813,2638,123618,4.9963011658851855,0.1638559391117279
1164,0.1168,1,47,1,45678,630766,2639,123617,4.995928906349005,0.16386503937655011
1165,0.1169,2,32,2,45710,630734,2641,123615,4.995675453047776,0.16386977380496295
1166,0.117,0,24,0,45734,630710,2641,123615,4.995485363071854,0.16387498757167004
1167,0.1171,4,43,4,45777,630667,2645,123611,4.9951447851983275,0.16387989574135797
1168,0.1172,5,39,5,45816,630628,2650,123606,4.9948358889874545,0.16388282681502028
1169,0.1173,0,51,0,45867,630577,2650,123606,4.99443194778862,0.1638939090379921
1170,0.1174,5,20,5,45887,630557,2655,123601,4.994273539475351,0.16389271213724446
1171,0.1175,2,57,2,45944,630500,2657,123599,4.993822075782537,0.1639028827779907
1172,0.1176,2,25,2,45969,630475,2659,123597,4.993624065390952,0.1639060991523356
1173,0.1177,0,5,0,45974,630470,2659,123597,4.993584463312635,0.16390718596623377
1174,0.1178,1,24,1,45998,630446,2660,123596,4.993394373336713,0.16391129406584778
1175,0.1179,2,44,2,46042,630402,2662,123594,4.993045875047523,0.16391864147820412
1176,0.118,4,26,4,46068,630376,2666,123590,4.9928399442402736,0.1639198584551558
1177,0.1181,3,46,3,46114,630330,2669,123587,4.992475605119757,0.16392653302684512
1178,0.1182,3,33,3,46147,630297,2672,123584,4.992214231402864,0.16393038158542264
1179,0.1183,1,31,1,46178,630266,2673,123583,4.991968698517298,0.16393601371096864
1180,0.1184,3,31,3,46209,630235,2676,123580,4.991723165631733,0.1639394281090188
1181,0.1185,10,38,10,46247,630197,2686,123570,4.9914221898365225,0.16393660109821737
1182,0.1186,1,26,1,46273,630171,2687,123569,4.991216259029274,0.16394114681455144
1183,0.1187,1,37,1,46310,630134,2688,123568,4.990923203649728,0.16394808558289617
1184,0.1188,4,81,4,46391,630053,2692,123564,4.990281649980991,0.16396126945119338
1185,0.1189,2,23,2,46414,630030,2694,123562,4.990099480420732,0.16396405482011486
1186,0.119,2,47,2,46461,629983,2696,123560,4.989727220884552,0.16397206264274236
1187,0.1191,2,26,2,46487,629957,2698,123558,4.989521290077303,0.16397550148304943
1188,0.1192,2,63,2,46550,629894,2700,123556,4.989022303890509,0.16398699316477536
1189,0.1193,2,34,2,46584,629860,2702,123554,4.988753009757952,0.16399217428930177
1190,0.1194,6,73,6,46657,629787,2708,123548,4.988174819414523,0.16400140707653302
1191,0.1195,1,38,1,46695,629749,2709,123547,4.9878738436193135,0.16400857033622906
1192,0.1196,5,38,5,46733,629711,2714,123542,4.987572867824103,0.1640112950097776
1193,0.1197,2,52,2,46785,629659,2716,123540,4.987161006209606,0.1640203983276664
1194,0.1198,3,45,3,46830,629614,2719,123537,4.986804587504753,0.16402686845001865
1195,0.1199,6,20,6,46850,629594,2725,123531,4.986646179191484,0.1640245643153527
1196,0.12,6,58,6,46908,629536,2731,123525,4.986186795083006,0.16403053670287002
1197,0.1201,0,49,0,46957,629487,2731,123525,4.985798694715498,0.16404121049863749
1198,0.1202,3,46,3,47003,629441,2734,123522,4.985434355594982,0.16404790142410716
1199,0.1203,4,63,4,47066,629378,2738,123518,4.984935369408187,0.16405718718123088
1200,0.1204,5,50,5,47116,629328,2743,123513,4.984539348625016,0.16406253113207173
1201,0.1205,1,29,1,47145,629299,2744,123512,4.984309656570777,0.1640677407742448
1202,0.1206,3,32,3,47177,629267,2747,123509,4.984056203269548,0.16407138378481778
1203,0.1207,11,77,11,47254,629190,2758,123498,4.9834463312634645,0.16407595178878898
1204,0.1208,5,54,5,47308,629136,2763,123493,4.98301862881764,0.16408217063121405
1205,0.1209,1,35,1,47343,629101,2764,123492,4.982741414269421,0.1640886907000198
1206,0.121,2,35,2,47378,629066,2766,123490,4.982464199721202,0.1640941006383578
1207,0.1211,4,25,4,47403,629041,2770,123486,4.982266189329616,0.16409510887981427
1208,0.1212,4,53,4,47456,628988,2774,123482,4.9818464072994555,0.16410222334445226
1209,0.1213,9,35,9,47491,628953,2783,123473,4.981569192751236,0.16409985832493826
1210,0.1214,3,30,3,47521,628923,2786,123470,4.981331580281333,0.164103068476182
1211,0.1215,9,49,9,47570,628874,2795,123461,4.980943479913826,0.16410375696996685
1212,0.1216,2,33,2,47603,628841,2797,123459,4.980682106196933,0.16410873321813108
1213,0.1217,1,36,1,47639,628805,2798,123458,4.98039697123305,0.1641154755717083
1214,0.1218,0,30,0,47669,628775,2798,123458,4.980159358763148,0.16412202070369153
1215,0.1219,0,31,0,47700,628744,2798,123458,4.979913825877582,0.16412878455521257
1216,0.122,1,45,1,47745,628699,2799,123457,4.979557407172728,0.1641374927541627
1217,0.1221,3,89,3,47834,628610,2802,123454,4.978852490178684,0.164153582673815
1218,0.1222,1,30,1,47864,628580,2803,123453,4.978614877708782,0.1641590196174902
1219,0.1223,2,32,2,47896,628548,2805,123451,4.978361424407553,0.164163782132689
1220,0.1224,0,32,0,47928,628516,2805,123451,4.978107971106324,0.16417076813211218
1221,0.1225,0,20,0,47948,628496,2805,123451,4.9779495627930554,0.16417513468369446
1222,0.1226,0,21,0,47969,628475,2805,123451,4.977783234064123,0.16417971981285392
1223,0.1227,4,47,4,48016,628428,2809,123447,4.977410974527944,0.164185536159601
1224,0.1228,1,36,1,48052,628392,2810,123446,4.97712583956406,0.16419228610418735
1225,0.1229,2,33,2,48085,628359,2812,123444,4.976864465847168,0.16419726976348858
1226,0.123,3,61,3,48146,628298,2815,123441,4.9763813204917,0.16420725810420905
1227,0.1231,7,85,7,48231,628213,2822,123434,4.975708085160309,0.16421804384238878
1228,0.1232,0,29,0,48260,628184,2822,123434,4.97547839310607,0.1642243799376811
1229,0.1233,4,34,4,48294,628150,2826,123430,4.975209098973514,0.164227361026105
1230,0.1234,1,58,1,48352,628092,2827,123429,4.974749714865036,0.16423892346321659
1231,0.1235,5,39,5,48391,628053,2832,123424,4.974440818654163,0.1642418863118898
1232,0.1236,2,60,2,48451,627993,2834,123422,4.973965593714358,0.1642527764284716
1233,0.1237,4,31,4,48482,627962,2838,123418,4.973720060828792,0.1642551039420799
1234,0.1238,2,23,2,48505,627939,2840,123416,4.973537891268534,0.1642579073806656
1235,0.1239,2,34,2,48539,627905,2842,123414,4.973268597135978,0.16426311593344506
1236,0.124,0,24,0,48563,627881,2842,123414,4.973078507160055,0.16426836329271458
1237,0.1241,1,49,1,48612,627832,2843,123413,4.972690406792548,0.16427796524436103
1238,0.1242,4,15,4,48627,627817,2847,123409,4.972571600557597,0.16427679553157107
1239,0.1243,5,65,5,48692,627752,2852,123404,4.972056773539475,0.1642854480294373
1240,0.1244,2,33,2,48725,627719,2854,123402,4.971795399822582,0.16429044055485068
1241,0.1245,6,39,6,48764,627680,2860,123396,4.971486503611709,0.16429229532031378
1242,0.1246,1,25,1,48789,627655,2861,123395,4.971288493220124,0.16429665135476998
1243,0.1247,3,38,3,48827,627617,2864,123392,4.9709875174249145,0.1643016262122025
1244,0.1248,2,26,2,48853,627591,2866,123390,4.970781586617666,0.1643050889436617
1245,0.1249,2,20,2,48873,627571,2868,123388,4.970623178304398,0.16430723914354844
1246,0.125,5,95,5,48968,627476,2873,123383,4.969870738816373,0.16432246267275213
1247,0.1251,1,56,1,49024,627420,2874,123382,4.969427195539222,0.16433360593072474
1248,0.1252,0,31,0,49055,627389,2874,123382,4.969181662653656,0.16434039141096288
1249,0.1253,3,35,3,49090,627354,2877,123379,4.9689044481054365,0.1643447137664123
1250,0.1254,6,36,6,49126,627318,2883,123373,4.968619313141554,0.16434591596275963
1251,0.1255,0,29,0,49155,627289,2883,123373,4.968389621087315,0.1643522650673672
1252,0.1256,6,121,6,49276,627168,2889,123367,4.967431250792042,0.16437208124870925
1253,0.1257,1,52,1,49328,627116,2890,123366,4.967019389177544,0.16438235693860745
1254,0.1258,4,120,4,49448,626996,2894,123362,4.9660689392979345,0.1644041910661311
1255,0.1259,3,46,3,49494,626950,2897,123359,4.965704600177418,0.1644109293637688
1256,0.126,0,18,0,49512,626932,2897,123359,4.965562032695476,0.16441487369567276
1257,0.1261,1,27,1,49539,626905,2898,123358,4.965348181472564,0.16441967683332379
1258,0.1262,10,99,10,49638,626806,2908,123348,4.9645640603218855,0.16443023699133777
1259,0.1263,1,21,1,49659,626785,2909,123347,4.964397731592954,0.16443372633083245
1260,0.1264,3,22,3,49681,626763,2912,123344,4.964223482448359,0.16443520724376656
1261,0.1265,2,44,2,49725,626719,2914,123342,4.963874984159169,0.16444262533313958
1262,0.1266,2,41,2,49766,626678,2916,123340,4.963550247116968,0.1644493865480562
1263,0.1267,2,40,2,49806,626638,2918,123338,4.963233430490432,0.16445592925640287
1264,0.1268,1,19,1,49825,626619,2919,123337,4.963082942592827,0.16445898159358682
1265,0.1269,5,26,5,49851,626593,2924,123332,4.9628770117855785,0.16445911257792445
1266,0.127,2,53,2,49904,626540,2926,123330,4.962457229755418,0.16446850787469827
1267,0.1271,3,35,3,49939,626505,2929,123327,4.962180015207198,0.1644728419165893
1268,0.1272,2,18,2,49957,626487,2931,123325,4.9620374477252565,0.16447456162344695
1269,0.1273,3,40,3,49997,626447,2934,123322,4.96172063109872,0.16447999317123008
1270,0.1274,0,36,0,50033,626411,2934,123322,4.961435496134837,0.16448789102253736
1271,0.1275,0,76,0,50109,626335,2934,123322,4.960833544544418,0.16450456675519604
1272,0.1276,5,47,5,50156,626288,2939,123317,4.960461285008237,0.16450930823567078
1273,0.1277,2,41,2,50197,626247,2941,123315,4.960136547966037,0.1645160773891953
1274,0.1278,0,32,0,50229,626215,2941,123315,4.959883094664808,0.1645231011433832
1275,0.1279,1,24,1,50253,626191,2942,123314,4.959693004688886,0.1645272546547388
1276,0.128,1,41,1,50294,626150,2943,123313,4.959368267646686,0.16453514049392698
1277,0.1281,6,96,6,50390,626054,2949,123307,4.958607907742999,0.16454952953249502
1278,0.1282,4,24,4,50414,626030,2953,123303,4.958417817767076,0.16455034010246447
1279,0.1283,5,36,5,50450,625994,2958,123298,4.9581326828031935,0.16455267105480909
1280,0.1284,1,51,1,50501,625943,2959,123297,4.95772874160436,0.16456275692701938
1281,0.1285,4,54,4,50555,625889,2963,123293,4.957301039158535,0.16457015785216408
1282,0.1286,1,38,1,50593,625851,2964,123292,4.957000063363325,0.16457739043146635
1283,0.1287,1,27,1,50620,625824,2965,123291,4.956786212140413,0.16458220700426504
1284,0.1288,6,28,6,50648,625796,2971,123285,4.956564440501838,0.16458166740312463
1285,0.1289,6,87,6,50735,625709,2977,123279,4.9558753643391205,0.16459409229520366
1286,0.129,1,41,1,50776,625668,2978,123278,4.955550627296921,0.16460198732618908
1287,0.1291,4,47,4,50823,625621,2982,123274,4.95517836776074,0.16460785557387886
1288,0.1292,2,45,2,50868,625576,2984,123272,4.954821949055886,0.16461551609939534
1289,0.1293,4,129,4,50997,625447,2988,123268,4.953800215435306,0.16463941553194472
1290,0.1294,0,18,0,51015,625429,2988,123268,4.9536576479533645,0.16464337375466978
1291,0.1295,4,70,4,51085,625359,2992,123264,4.953103218856926,0.16465430530453914
1292,0.1296,5,54,5,51139,625305,2997,123259,4.952675516411102,0.16466060350217215
1293,0.1297,1,18,1,51157,625287,2998,123258,4.95253294892916,0.16466344708734945
1294,0.1298,1,57,1,51214,625230,2999,123257,4.952081485236345,0.16467487077263868
1295,0.1299,2,58,2,51272,625172,3001,123255,4.951622101127867,0.1646854001793094
1296,0.13,2,42,2,51314,625130,3003,123253,4.951289443670004,0.16469241016965913
1297,0.1301,1,19,1,51333,625111,3004,123252,4.951138955772399,0.16469547532414083
1298,0.1302,5,33,5,51366,625078,3009,123247,4.950877582055506,0.16469715698393078
1299,0.1303,9,189,9,51555,624889,3018,123238,4.949380623495121,0.16472871584637366
1300,0.1304,2,22,2,51577,624867,3020,123236,4.949206374350526,0.16473132710335342
1301,0.1305,4,55,4,51632,624812,3024,123232,4.948770751489038,0.16473897257380582
1302,0.1306,5,87,5,51719,624725,3029,123227,4.948081675326321,0.16475255096583738
1303,0.1307,1,27,1,51746,624698,3030,123226,4.947867824103409,0.1647573817660618
1304,0.1308,7,62,7,51808,624636,3037,123219,4.947376758332277,0.16476322281725736
1305,0.1309,5,73,5,51881,624563,3042,123214,4.946798567988848,0.1647737226472598
1306,0.131,4,56,4,51937,624507,3046,123210,4.946355024711697,0.16478159517571486
1307,0.1311,3,51,3,51988,624456,3049,123207,4.945951083512862,0.16478948403224447
1308,0.1312,4,33,4,52021,624423,3053,123203,4.94568970979597,0.1647922891927247
1309,0.1313,7,47,7,52068,624376,3060,123196,4.94531745025979,0.16479482912682658
1310,0.1314,3,32,3,52100,624344,3063,123193,4.94506399695856,0.16479853171147382
1311,0.1315,2,33,2,52133,624311,3065,123191,4.944802623241667,0.16480357243191324
1312,0.1316,1,34,1,52167,624277,3066,123190,4.944533329109111,0.16480995147611868
1313,0.1317,3,67,3,52234,624210,3069,123187,4.944002661259663,0.1648213733798771
1314,0.1318,5,52,5,52286,624158,3074,123182,4.943590799645166,0.16482725399416598
1315,0.1319,4,44,4,52330,624114,3078,123178,4.943242301355975,0.16483248850516263
1316,0.132,5,43,5,52373,624071,3083,123173,4.942901723482448,0.16483638543768836
1317,0.1321,6,67,6,52440,624004,3089,123167,4.942371055633,0.16484445996967226
1318,0.1322,1,39,1,52479,623965,3090,123166,4.942062159422126,0.16485194698118535
1319,0.1323,3,20,3,52499,623945,3093,123163,4.941903751108859,0.1648530065264995
1320,0.1324,1,15,1,52514,623930,3094,123162,4.941784944873907,0.16485519855653655
1321,0.1325,7,59,7,52573,623871,3101,123155,4.941317640349766,0.16486039307868802
1322,0.1326,0,10,0,52583,623861,3101,123155,4.941238436193132,0.16486259999785816
1323,0.1327,0,15,0,52598,623846,3101,123155,4.94111962995818,0.1648659104874023
1324,0.1328,2,32,2,52630,623814,3103,123153,4.940866176656951,0.16487073726148543
1325,0.1329,4,42,4,52672,623772,3107,123149,4.940533519199088,0.1648755356992239
1326,0.133,3,67,3,52739,623705,3110,123146,4.940002851349639,0.16488697210019135
1327,0.1331,5,43,5,52782,623662,3115,123141,4.939662273476112,0.16489087483580006
1328,0.1332,4,38,4,52820,623624,3119,123137,4.939361297680902,0.1648947923097216
1329,0.1333,1,55,1,52875,623569,3120,123136,4.938925674819415,0.164905819567299
1330,0.1334,1,34,1,52909,623535,3121,123135,4.938656380686859,0.16491221021334726
1331,0.1335,4,31,4,52940,623504,3125,123131,4.9384108478012925,0.16491458343099372
1332,0.1336,1,16,1,52956,623488,3126,123130,4.938284121150678,0.16491699905440266
1333,0.1337,4,26,4,52982,623462,3130,123126,4.938078190343429,0.1649182681746827
1334,0.1338,3,45,3,53027,623417,3133,123123,4.937721771638576,0.16492485332333165
1335,0.1339,2,41,2,53068,623376,3135,123121,4.937397034596375,0.16493167420632635
1336,0.134,3,36,3,53104,623340,3138,123118,4.937111899632493,0.16493627236897454
1337,0.1341,0,29,0,53133,623311,3138,123118,4.936882207578254,0.16494268041568588
1338,0.1342,0,27,0,53160,623284,3138,123118,4.936668356355342,0.16494864697575837
1339,0.1343,2,16,2,53176,623268,3140,123116,4.936541629704727,0.1649499453364488
1340,0.1344,7,115,7,53291,623153,3147,123109,4.935630781903434,0.16496753151038107
1341,0.1345,2,21,2,53312,623132,3149,123107,4.935464453174503,0.16496993590525288
1342,0.1346,3,21,3,53333,623111,3152,123104,4.935298124445571,0.16497122143082088
1343,0.1347,2,58,2,53391,623053,3154,123102,4.934838740337093,0.16498180672916485
1344,0.1348,1,35,1,53426,623018,3155,123101,4.934561525788873,0.16498842677910627
1345,0.1349,1,22,1,53448,622996,3156,123100,4.934387276644278,0.1649921725890502
1346,0.135,1,24,1,53472,622972,3157,123099,4.9341971866683565,0.16499636093615755
1347,0.1351,6,61,6,53533,622911,3163,123093,4.933714041312888,0.1650031367124037
1348,0.1352,1,62,1,53595,622849,3164,123092,4.9332229755417565,0.16501573180720727
1349,0.1353,6,80,6,53675,622769,3170,123086,4.932589342288684,0.16502671430774077
1350,0.1354,1,37,1,53712,622732,3171,123085,4.932296286909137,0.16503378174538794
1351,0.1355,3,28,3,53740,622704,3174,123082,4.932074515270561,0.1650366190837586
1352,0.1356,0,36,0,53776,622668,3174,123082,4.931789380306679,0.16504458598726116
1353,0.1357,1,36,1,53812,622632,3175,123081,4.931504245342795,0.16505143399672528
1354,0.1358,2,29,2,53841,622603,3177,123079,4.9312745532885565,0.16505561351889947
1355,0.1359,2,67,2,53908,622536,3179,123077,4.9307438854391075,0.16506820562409721
1356,0.136,3,26,3,53934,622510,3182,123074,4.930537954631859,0.16507060237344148
1357,0.1361,7,74,7,54008,622436,3189,123067,4.929951843872766,0.16507914790416672
1358,0.1362,1,47,1,54055,622389,3190,123066,4.929579584336586,0.1650884359216854
1359,0.1363,2,38,2,54093,622351,3192,123064,4.9292786085413764,0.16509461172635378
1360,0.1364,6,54,6,54147,622297,3198,123058,4.928850906095552,0.16509985174849567
1361,0.1365,0,15,0,54162,622282,3198,123058,4.928732099860601,0.1651031743902112
1362,0.1366,1,84,1,54246,622198,3199,123057,4.928066784944874,0.16512066339709228
1363,0.1367,1,26,1,54272,622172,3200,123056,4.927860854137625,0.16512530393382965
1364,0.1368,0,52,0,54324,622120,3200,123056,4.927448992523128,0.16513682673623412
1365,0.1369,1,39,1,54363,622081,3201,123055,4.927140096312255,0.16514434948787873
1366,0.137,2,26,2,54389,622055,3203,123053,4.926934165505005,0.16514787118109053
1367,0.1371,5,41,5,54430,622014,3208,123048,4.926609428462806,0.16515135653140275
1368,0.1372,2,30,2,54460,621984,3210,123046,4.926371815992903,0.1651557655396427
1369,0.1373,0,12,0,54472,621972,3210,123046,4.926276771004942,0.16515842570246625
1370,0.1374,3,65,3,54537,621907,3213,123043,4.925761943986821,0.16516947446137326
1371,0.1375,5,50,5,54587,621857,3218,123038,4.92536592320365,0.16517495754435188
1372,0.1376,5,43,5,54630,621814,3223,123033,4.9250253453301225,0.16517888908728906
1373,0.1377,2,42,2,54672,621772,3225,123031,4.92469268787226,0.16518596192550244
1374,0.1378,2,33,2,54705,621739,3227,123029,4.924431314155367,0.16519103935722265
1375,0.1379,4,67,4,54772,621672,3231,123025,4.923900646305918,0.16520141748926073
1376,0.138,7,148,7,54920,621524,3238,123018,4.922728424787733,0.16522640764389382
1377,0.1381,3,21,3,54941,621503,3241,123015,4.922562096058801,0.16522770436712075
1378,0.1382,2,54,2,54995,621449,3243,123013,4.922134393612977,0.16523744663931805
1379,0.1383,7,64,7,55059,621385,3250,123006,4.921627487010518,0.16524380332379085
1380,0.1384,4,38,4,55097,621347,3254,123002,4.921326511215309,0.16524775340599637
1381,0.1385,2,23,2,55120,621324,3256,123000,4.92114434165505,0.16525061666693536
1382,0.1386,1,30,1,55150,621294,3257,122999,4.920906729185147,0.1652561558418526
1383,0.1387,1,44,1,55194,621250,3258,122998,4.920558230895957,0.16526480420504994
1384,0.1388,3,28,3,55222,621222,3261,122995,4.920336459257382,0.16526765714838548
1385,0.1389,2,45,2,55267,621177,3263,122993,4.919980040552528,0.16527540750097425
1386,0.139,4,34,4,55301,621143,3267,122989,4.919710746419972,0.1652784720990362
1387,0.1391,2,41,2,55342,621102,3269,122987,4.919386009377772,0.16528533549078134
1388,0.1392,3,72,3,55414,621030,3272,122984,4.9188157394500065,0.16529796482324258
1389,0.1393,10,32,10,55446,620998,3282,122974,4.918562286148777,0.1652938551450861
1390,0.1394,1,58,1,55504,620940,3283,122973,4.918102902040299,0.1653056204152905
1391,0.1395,1,40,1,55544,620900,3284,122972,4.917786085413763,0.16531338724941924
1392,0.1396,4,54,4,55598,620846,3288,122968,4.917358382967938,0.1653209001175025
1393,0.1397,5,25,5,55623,620821,3293,122963,4.917160372576353,0.1653208458369634
1394,0.1398,5,32,5,55655,620789,3298,122958,4.916906919275124,0.1653223475187127
1395,0.1399,7,57,7,55712,620732,3305,122951,4.916455455582309,0.16532716224520394
1396,0.14,1,62,1,55774,620670,3306,122950,4.915964389811177,0.16533982410370887
1397,0.1401,2,25,2,55799,620645,3308,122948,4.915766379419592,0.1653431379800509
1398,0.1402,5,28,5,55827,620617,3313,122943,4.915544607781016,0.1653437516811017
1399,0.1403,2,15,2,55842,620602,3315,122941,4.915425801546065,0.16534484219473522
1400,0.1404,4,39,4,55881,620563,3319,122937,4.915116905335192,0.16534902488231337
1401,0.1405,1,24,1,55905,620539,3320,122936,4.91492681535927,0.16535323985339118
1402,0.1406,7,50,7,55955,620489,3327,122929,4.914530794576099,0.16535650199484006
1403,0.1407,7,26,7,55981,620463,3334,122922,4.914324863768851,0.1653544260376521
1404,0.1408,1,32,1,56013,620431,3335,122921,4.9140714104676215,0.16536042144233148
1405,0.1409,5,70,5,56083,620361,3340,122916,4.913516981371182,0.16537038008710078
1406,0.141,5,56,5,56139,620305,3345,122911,4.913073438094031,0.16537722546339154
1407,0.1411,4,97,4,56236,620208,3349,122907,4.91230515777468,0.16539431985628067
1408,0.1412,1,31,1,56267,620177,3350,122906,4.912059624889114,0.1654000966244686
1409,0.1413,2,31,2,56298,620146,3352,122904,4.9118140920035485,0.1654047506897248
1410,0.1414,3,77,3,56375,620069,3355,122901,4.911204219997465,0.16541852295516643
1411,0.1415,1,11,1,56386,620058,3356,122900,4.911117095425168,0.16541984876668667
1412,0.1416,4,36,4,56422,620022,3360,122896,4.910831960461285,0.16542337108536878
1413,0.1417,3,48,3,56470,619974,3363,122893,4.910451780509441,0.16543068947738962
1414,0.1418,3,38,3,56508,619936,3366,122890,4.910150804714231,0.1654357817308495
1415,0.1419,4,59,4,56567,619877,3370,122886,4.90968350019009,0.16544442843814244
1416,0.142,1,23,1,56590,619854,3371,122885,4.909501330629832,0.1654484280480761
1417,0.1421,6,46,6,56636,619808,3377,122879,4.909136991509315,0.16545193331780414
1418,0.1422,2,34,2,56670,619774,3379,122877,4.908867697376758,0.165457260543647
1419,0.1423,4,48,4,56718,619726,3383,122873,4.9084875174249145,0.16546346009084312
1420,0.1424,2,14,2,56732,619712,3385,122871,4.908376631605627,0.16546433193326537
1421,0.1425,8,71,8,56803,619641,3393,122863,4.907814282093525,0.1654711624449161
1422,0.1426,5,51,5,56854,619590,3398,122858,4.90741034089469,0.16547690882055038
1423,0.1427,6,77,6,56931,619513,3404,122852,4.9068004688886075,0.16548732766226856
1424,0.1428,3,46,3,56977,619467,3407,122849,4.90643612976809,0.1654942100129864
1425,0.1429,2,30,2,57007,619437,3409,122847,4.906198517298188,0.16549865011235593
1426,0.143,0,38,0,57045,619399,3409,122847,4.905897541502978,0.16550712297540168
1427,0.1431,2,52,2,57097,619347,3411,122845,4.90548567988848,0.16551647013171794
1428,0.1432,0,15,0,57112,619332,3411,122845,4.905366873653529,0.16551981535401933
1429,0.1433,3,53,3,57165,619279,3414,122842,4.904947091623368,0.1655282629113042
1430,0.1434,2,32,2,57197,619247,3416,122840,4.904693638322139,0.1655331517733096
1431,0.1435,3,140,3,57337,619107,3419,122837,4.903584780129261,0.16556101269098478
1432,0.1436,2,20,2,57357,619087,3421,122835,4.903426371815993,0.16556322632298273
1433,0.1437,0,47,0,57404,619040,3421,122835,4.903054112279812,0.16557371524852568
1434,0.1438,6,132,6,57536,618908,3427,122829,4.902008617412242,0.16559643108001892
1435,0.1439,4,54,4,57590,618854,3431,122825,4.901580914966417,0.16560398770896845
1436,0.144,4,33,4,57623,618821,3435,122821,4.901319541249525,0.16560685613813672
1437,0.1441,1,54,1,57677,618767,3436,122820,4.900891838803701,0.16561778995586493
1438,0.1442,5,50,5,57727,618717,3441,122815,4.90049581802053,0.1656233311576574
1439,0.1443,4,62,4,57789,618655,3445,122811,4.900004752249398,0.16563267904394807
1440,0.1444,3,88,3,57877,618567,3448,122808,4.899307755671018,0.16564896307536672
1441,0.1445,0,38,0,57915,618529,3448,122808,4.8990067798758075,0.16565745403237664
1442,0.1446,1,28,1,57943,618501,3449,122807,4.898785008237232,0.16566258559195368
1443,0.1447,3,34,3,57977,618467,3452,122804,4.8985157141046765,0.16566680741591133
1444,0.1448,1,36,1,58013,618431,3453,122803,4.898230579140793,0.16567372786461496
1445,0.1449,2,13,2,58026,618418,3455,122801,4.898127613737169,0.1656743823350454
1446,0.145,3,41,3,58067,618377,3458,122798,4.897802876694969,0.1656801700003373
1447,0.1451,7,32,7,58099,618345,3465,122791,4.897549423393739,0.16567944344897562
1448,0.1452,7,40,7,58139,618305,3472,122784,4.897232606767203,0.1656805053104283
1449,0.1453,1,35,1,58174,618270,3473,122783,4.896955392218984,0.1656872045589182
1450,0.1454,1,28,1,58202,618242,3474,122782,4.896733620580408,0.165692339249471
1451,0.1455,1,34,1,58236,618208,3475,122781,4.896464326447852,0.1656988160418036
1452,0.1456,3,74,3,58310,618134,3478,122778,4.895878215688759,0.16571198738851578
1453,0.1457,6,35,6,58345,618099,3484,122772,4.89560100114054,0.1657130593585118
1454,0.1458,3,38,3,58383,618061,3487,122769,4.89530002534533,0.1657181809591944
1455,0.1459,3,64,3,58447,617997,3490,122766,4.8947931187428715,0.1657291198399488
1456,0.146,6,68,6,58515,617929,3496,122760,4.89425453047776,0.16573757676973735
1457,0.1461,6,87,6,58602,617842,3502,122754,4.893565454315042,0.16575028760619825
1458,0.1462,1,34,1,58636,617808,3503,122753,4.893296160182486,0.16575677088045415
1459,0.1463,1,59,1,58695,617749,3504,122752,4.892828855658345,0.16576885108865486
1460,0.1464,4,26,4,58721,617723,3508,122748,4.892622924851096,0.16577016520565965
1461,0.1465,2,24,2,58745,617699,3510,122746,4.892432834875175,0.16577328498402988
1462,0.1466,3,38,3,58783,617661,3513,122743,4.8921318590799645,0.16577841286648912
1463,0.1467,4,45,4,58828,617616,3517,122739,4.891775440375111,0.16578398200863098
1464,0.1468,3,27,3,58855,617589,3520,122736,4.891561589152198,0.1657866477560531
1465,0.1469,0,31,0,58886,617558,3520,122736,4.891316056266633,0.16579359011419786
1466,0.147,2,22,2,58908,617536,3522,122734,4.891141807122038,0.16579626352547044
1467,0.1471,1,32,1,58940,617504,3523,122733,4.8908883538208086,0.16580230385673778
1468,0.1472,1,23,1,58963,617481,3524,122732,4.89070618426055,0.16580632871889578
1469,0.1473,3,21,3,58984,617460,3527,122729,4.890539855531618,0.16580765182946516
1470,0.1474,2,25,2,59009,617435,3529,122727,4.890341845140033,0.1658109981328412
1471,0.1475,2,46,2,59055,617389,3531,122725,4.889977506019516,0.16581904949778006
1472,0.1476,4,49,4,59104,617340,3535,122721,4.889589405652009,0.16582551978823368
1473,0.1477,3,47,3,59151,617293,3538,122718,4.889217146115828,0.1658326700549046
1474,0.1478,4,44,4,59195,617249,3542,122714,4.888868647826638,0.16583802163081127
1475,0.1479,5,28,5,59223,617221,3547,122709,4.888646876188062,0.16583866041382292
1476,0.148,0,40,0,59263,617181,3547,122709,4.888330059561526,0.16584762599845923
1477,0.1481,4,35,4,59298,617146,3551,122705,4.8880528450133065,0.1658509618828656
1478,0.1482,0,50,0,59348,617096,3551,122705,4.8876568242301355,0.16586217104329407
1479,0.1483,2,34,2,59382,617062,3553,122703,4.8873875300975795,0.16586753901576853
1480,0.1484,1,12,1,59394,617050,3554,122702,4.887292485109619,0.16586910207745298
1481,0.1485,1,48,1,59442,617002,3555,122701,4.886912305157774,0.16587873781774576
1482,0.1486,4,27,4,59469,616975,3559,122697,4.886698453934862,0.165880282070972
1483,0.1487,1,29,1,59498,616946,3560,122696,4.886468761880623,0.16588565819680332
1484,0.1488,5,55,5,59553,616891,3565,122691,4.886033139019136,0.16589235541157032
1485,0.1489,2,11,2,59564,616880,3567,122689,4.885946014446838,0.16589256715735787
1486,0.149,3,42,3,59606,616838,3570,122686,4.885613356988975,0.16589860504865292
1487,0.1491,5,46,5,59652,616792,3575,122681,4.885249017868458,0.1659032851774169
1488,0.1492,3,23,3,59675,616769,3578,122678,4.885066848308199,0.16590506148513687
1489,0.1493,4,39,4,59714,616730,3582,122674,4.884757952097326,0.1659092999226404
1490,0.1494,9,42,9,59756,616688,3591,122665,4.884425294639462,0.1659085714131139
1491,0.1495,3,29,3,59785,616659,3594,122662,4.884195602585224,0.16591169464955005
1492,0.1496,4,22,4,59807,616637,3598,122658,4.8840213534406285,0.16591211897821573
1493,0.1497,2,15,2,59822,616622,3600,122656,4.883902547205677,0.16591322885301604
1494,0.1498,6,46,6,59868,616576,3606,122650,4.88353820808516,0.1659167832300271
1495,0.1499,2,49,2,59917,616527,3608,122648,4.883150107717653,0.16592552507863498
1496,0.15,4,89,4,60006,616438,3612,122644,4.882445190723609,0.16594099166263013
1497,0.1501,1,50,1,60056,616388,3613,122643,4.882049169940439,0.16595109000840289
1498,0.1502,3,56,3,60112,616332,3616,122640,4.881605626663287,0.16596027995648008
1499,0.1503,4,35,4,60147,616297,3620,122636,4.881328412115068,0.16596362593090308
1500,0.1504,4,32,4,60179,616265,3624,122632,4.881074958813839,0.16596629841507002
1501,0.1505,6,68,6,60247,616197,3630,122626,4.880536370548726,0.16597480045965002
1502,0.1506,1,34,1,60281,616163,3631,122625,4.88026707641617,0.16598130992923546
1503,0.1507,0,25,0,60306,616138,3631,122625,4.880069066024585,0.16598692679519683
1504,0.1508,5,98,5,60404,616040,3636,122620,4.87929286528957,0.16600330327891047
1505,0.1509,6,62,6,60466,615978,3642,122614,4.878801799518438,0.1660104631515099
1506,0.151,3,46,3,60512,615932,3645,122611,4.8784374603979215,0.1660174153705336
1507,0.1511,6,114,6,60626,615818,3651,122605,4.877534533012293,0.16603626918446474
1508,0.1512,3,48,3,60674,615770,3654,122602,4.877154353060448,0.1660436744621952
1509,0.1513,0,48,0,60722,615722,3654,122602,4.876774173108605,0.16605446931157594
1510,0.1514,3,34,3,60756,615688,3657,122599,4.876504878976049,0.16605872783890277
1511,0.1515,1,30,1,60786,615658,3658,122598,4.876267266506146,0.16606434624303765
1512,0.1516,1,26,1,60812,615632,3659,122597,4.876061335698897,0.16606906529003873
1513,0.1517,3,37,3,60849,615595,3662,122594,4.875768280319351,0.16607400001896533
1514,0.1518,5,26,5,60875,615569,3667,122589,4.875562349512102,0.16607420091633499
1515,0.1519,0,11,0,60886,615558,3667,122589,4.875475224939805,0.1660766757840918
1516,0.152,4,106,4,60992,615452,3671,122585,4.874635660879483,0.16609600873668937
1517,0.1521,3,49,3,61041,615403,3674,122582,4.874247560511976,0.1661036470930981
1518,0.1522,7,118,7,61159,615285,3681,122575,4.873312951463693,0.16612229962323477
1519,0.1523,12,64,12,61223,615221,3693,122563,4.8728060448612345,0.16612314715418064
1520,0.1524,4,39,4,61262,615182,3697,122559,4.872497148650361,0.16612740785722901
1521,0.1525,6,63,6,61325,615119,3703,122553,4.871998162463566,0.16613481330455812
1522,0.1526,1,12,1,61337,615107,3704,122552,4.871903117475605,0.16613638551146262
1523,0.1527,1,78,1,61415,615029,3705,122551,4.871285325053859,0.16615282410043655
1524,0.1528,3,24,3,61439,615005,3708,122548,4.871095235077937,0.16615483904207562
1525,0.1529,3,58,3,61497,614947,3711,122545,4.8706358509694585,0.16616451432693508
1526,0.153,0,54,0,61551,614893,3711,122545,4.870208148523634,0.16617668197190816
1527,0.1531,0,16,0,61567,614877,3711,122545,4.87008142187302,0.16618028754227565
1528,0.1532,2,46,2,61613,614831,3713,122543,4.869717082752503,0.166188392864408
1529,0.1533,3,59,3,61672,614772,3716,122540,4.869249778228362,0.16619829868495292
1530,0.1534,8,77,8,61749,614695,3724,122532,4.8686399062222785,0.16620660936183834
1531,0.1535,4,45,4,61794,614650,3728,122528,4.868283487517425,0.16621223096728335
1532,0.1536,3,49,3,61843,614601,3731,122525,4.867895387149917,0.16621988642375932
1533,0.1537,6,44,6,61887,614557,3737,122519,4.867546888860727,0.1662230217779442
1534,0.1538,4,47,4,61934,614510,3741,122515,4.867174629324547,0.16622909670635325
1535,0.1539,3,61,3,61995,614449,3744,122512,4.8666914839690785,0.16623946178970123
1536,0.154,3,20,3,62015,614429,3747,122509,4.86653307565581,0.1662405792617561
1537,0.1541,0,57,0,62072,614372,3747,122509,4.866081611962996,0.1662534384792117
1538,0.1542,2,30,2,62102,614342,3749,122507,4.8658439994930935,0.16625794430066404
1539,0.1543,3,28,3,62130,614314,3752,122504,4.865622227854518,0.16626086767695686
1540,0.1544,6,30,6,62160,614284,3758,122498,4.865384615384615,0.16626084784916026
1541,0.1545,3,60,3,62220,614224,3761,122495,4.864909390444811,0.16627099341811463
1542,0.1546,6,93,6,62313,614131,3767,122489,4.864172791788113,0.1662851945372105
1543,0.1547,2,36,2,62349,614095,3769,122487,4.86388765682423,0.166291057886291
1544,0.1548,4,67,4,62416,614028,3773,122483,4.863356988974782,0.1663016574090543
1545,0.1549,0,21,0,62437,614007,3773,122483,4.8631906602458495,0.16630639927222365
1546,0.155,3,45,3,62482,613962,3776,122480,4.862834241540996,0.16631316519155614
1547,0.1551,4,19,4,62501,613943,3780,122476,4.862683753643391,0.16631292783048782
1548,0.1552,4,109,4,62610,613834,3784,122472,4.861820428336079,0.1663330191523633
1549,0.1553,5,48,5,62658,613786,3789,122467,4.861440248384235,0.16633820167795582
1550,0.1554,3,52,3,62710,613734,3792,122464,4.861028386769737,0.1663465535087028
1551,0.1555,5,28,5,62738,613706,3797,122459,4.860806615131162,0.16634721835458083
1552,0.1556,1,27,1,62765,613679,3798,122458,4.86059276390825,0.16635218716081382
1553,0.1557,4,37,4,62802,613642,3802,122454,4.860299708528704,0.1663560187801591
1554,0.1558,5,105,5,62907,613537,3807,122449,4.859468064884045,0.1663740886375556
1555,0.1559,9,44,9,62951,613493,3816,122440,4.859119566594855,0.1663738410969477
1556,0.156,4,40,4,62991,613453,3820,122436,4.858802749968318,0.1663783532570809
1557,0.1561,4,49,4,63040,613404,3824,122432,4.858414649600811,0.1663849009833713
1558,0.1562,5,49,5,63089,613355,3829,122427,4.858026549233304,0.16639031669706517
1559,0.1563,4,50,4,63139,613305,3833,122423,4.857630528450133,0.16639709240371442
1560,0.1564,1,20,1,63159,613285,3834,122422,4.8574721201368645,0.16640048280089764
1561,0.1565,5,34,5,63193,613251,3839,122417,4.8572028260043085,0.16640250765290865
1562,0.1566,3,36,3,63229,613215,3842,122414,4.856917691040426,0.16640725148138533
1563,0.1567,3,32,3,63261,613183,3845,122411,4.856664237739197,0.16641109090068706
1564,0.1568,4,20,4,63281,613163,3849,122407,4.856505829425928,0.1664110825618228
1565,0.1569,5,31,5,63312,613132,3854,122402,4.856260296540363,0.16641242960896438
1566,0.157,1,43,1,63355,613089,3855,122401,4.8559197186668355,0.1664210254388231
1567,0.1571,4,47,4,63402,613042,3859,122397,4.855547459130655,0.16642712719885674
1568,0.1572,2,39,2,63441,613003,3861,122395,4.855238562919782,0.16643368624880678
1569,0.1573,2,19,2,63460,612984,3863,122393,4.855088075022177,0.1664357193657131
1570,0.1574,5,78,5,63538,612906,3868,122388,4.854470282600431,0.16644770663163305
1571,0.1575,3,37,3,63575,612869,3871,122385,4.854177227220885,0.16645268165831129
1572,0.1576,2,32,2,63607,612837,3873,122383,4.8539237739196555,0.16645765893202036
1573,0.1577,4,42,4,63649,612795,3877,122379,4.853591116461792,0.16646263333578173
1574,0.1578,6,40,6,63689,612755,3883,122373,4.853274299835255,0.1664648877474399
1575,0.1579,0,44,0,63733,612711,3883,122373,4.852925801546065,0.1664748518536657
1576,0.158,1,34,1,63767,612677,3884,122372,4.852656507413509,0.16648141824558635
1577,0.1581,5,90,5,63857,612587,3889,122367,4.851943670003802,0.1664961344519521
1578,0.1582,15,211,15,64068,612376,3904,122352,4.850272462298822,0.16652693241580557
1579,0.1583,4,31,4,64099,612345,3908,122348,4.850026929413255,0.16652942113236413
1580,0.1584,2,73,2,64172,612272,3910,122346,4.849448739069826,0.16654370026326606
1581,0.1585,2,31,2,64203,612241,3912,122344,4.849203206184261,0.1665484593341819
1582,0.1586,5,52,5,64255,612189,3917,122339,4.848791344569763,0.16655457654439312
1583,0.1587,4,69,4,64324,612120,3921,122335,4.848244835888988,0.16656568475944747
1584,0.1588,10,60,10,64384,612060,3931,122325,4.847769610949182,0.16656794460671173
1585,0.1589,2,34,2,64418,612026,3933,122323,4.847500316816626,0.16657338676841665
1586,0.159,8,71,8,64489,611955,3941,122315,4.846937967304524,0.16658041319950426
1587,0.1591,9,67,9,64556,611888,3950,122306,4.846407299455075,0.16658539840968464
1588,0.1592,4,53,4,64609,611835,3954,122302,4.8459875174249145,0.16659288388951926
1589,0.1593,5,46,5,64655,611789,3959,122297,4.845623178304398,0.16659764659726517
1590,0.1594,5,36,5,64691,611753,3964,122292,4.845338043340514,0.16660014031837286
1591,0.1595,1,35,1,64726,611718,3965,122291,4.845060828792295,0.16660694896111627
1592,0.1596,7,94,7,64820,611624,3972,122284,4.844316309719934,0.16662033933408546
1593,0.1597,4,50,4,64870,611574,3976,122280,4.843920288936763,0.16662714926947322
1594,0.1598,4,74,4,64944,611500,3980,122276,4.84333417817767,0.1666394103922723
1595,0.1599,7,70,7,65014,611430,3987,122269,4.842779749081232,0.16664735811279557
1596,0.16,3,59,3,65073,611371,3990,122266,4.84231244455709,0.16665735234182572
1597,0.1601,3,70,3,65143,611301,3993,122263,4.841758015460651,0.16666984748433675
1598,0.1602,9,90,9,65233,611211,4002,122254,4.841045178050944,0.1666800733504666
1599,0.1603,1,23,1,65256,611188,4003,122253,4.840863008490685,0.16668416409772566
1600,0.1604,8,54,8,65310,611134,4011,122245,4.840435306044861,0.16668734719701545
1601,0.1605,1,61,1,65371,611073,4012,122244,4.839952160689393,0.1667000765017039
1602,0.1606,4,33,4,65404,611040,4016,122240,4.8396907869725005,0.16670303294785074
1603,0.1607,3,44,3,65448,610996,4019,122237,4.83934228868331,0.1667096270898882
1604,0.1608,1,25,1,65473,610971,4020,122236,4.839144278291725,0.16671417485103115
1605,0.1609,3,48,3,65521,610923,4023,122233,4.8387640983398805,0.16672167996988363
1606,0.161,5,57,5,65578,610866,4028,122228,4.838312634647067,0.16672895972412816
1607,0.1611,2,26,2,65604,610840,4030,122226,4.838106703839817,0.16673259979319735
1608,0.1612,7,76,7,65680,610764,4037,122219,4.837504752249398,0.1667419298946906
1609,0.1613,0,48,0,65728,610716,4037,122219,4.837124572297554,0.1667528498434377
1610,0.1614,1,42,1,65770,610674,4038,122218,4.836791914839691,0.16676126905464925
1611,0.1615,3,55,3,65825,610619,4041,122215,4.836356291978203,0.1667703736453276
1612,0.1616,7,52,7,65877,610567,4048,122208,4.835944430363705,0.16677424857562007
1613,0.1617,1,25,1,65902,610542,4049,122207,4.8357464199721205,0.16677880147226404
1614,0.1618,0,28,0,65930,610514,4049,122207,4.835524648333545,0.16678517471179344
1615,0.1619,0,25,0,65955,610489,4049,122207,4.835326637941959,0.16679086551584832
1616,0.162,3,72,3,66027,610417,4052,122204,4.834756368014193,0.1668038453716178
1617,0.1621,2,56,2,66083,610361,4054,122202,4.834312824737042,0.16681432177164285
1618,0.1622,5,57,5,66140,610304,4059,122197,4.833861361044228,0.1668216152605935
1619,0.1623,8,72,8,66212,610232,4067,122189,4.833291091116462,0.16682891397160923
1620,0.1624,7,52,7,66264,610180,4074,122182,4.832879229501964,0.16683279580316837
1621,0.1625,3,156,3,66420,610024,4077,122179,4.831643644658472,0.16686492680308604
1622,0.1626,2,66,2,66486,609958,4079,122177,4.831120897224686,0.16687769332158686
1623,0.1627,1,36,1,66522,609922,4080,122176,4.830835762260803,0.16688476132976732
1624,0.1628,10,126,10,66648,609796,4090,122166,4.829837789887213,0.16690210693997776
1625,0.1629,3,35,3,66683,609761,4093,122163,4.829560575338994,0.16690667337045922
1626,0.163,2,67,2,66750,609694,4095,122161,4.829029907489545,0.166919676711917
1627,0.1631,5,26,5,66776,609668,4100,122156,4.828823976682297,0.16691991517086074
1628,0.1632,8,46,8,66822,609622,4108,122148,4.828459637561779,0.16692130040859832
1629,0.1633,4,74,4,66896,609548,4112,122144,4.827873526802686,0.16693362781060883
1630,0.1634,1,46,1,66942,609502,4113,122143,4.827509187682169,0.1669429846441922
1631,0.1635,7,26,7,66968,609476,4120,122136,4.827303256874921,0.16694094684067512
1632,0.1636,4,20,4,66988,609456,4124,122132,4.827144848561653,0.16694095583853208
1633,0.1637,8,50,8,67038,609406,4132,122124,4.826748827778482,0.16694325591568357
1634,0.1638,1,35,1,67073,609371,4133,122123,4.826471613230263,0.16695010485390174
1635,0.1639,2,16,2,67089,609355,4135,122121,4.826344886579648,0.16695147892753828
1636,0.164,5,47,5,67136,609308,4140,122116,4.825972627043467,0.16695651222820143
1637,0.1641,8,206,8,67342,609102,4148,122108,4.824341021416804,0.16699443388356286
1638,0.1642,3,33,3,67375,609069,4151,122105,4.824079647699912,0.16699855301200536
1639,0.1643,11,138,11,67513,608931,4162,122094,4.82298663033836,0.16701754385964912
1640,0.1644,3,62,3,67575,608869,4165,122091,4.8224955645672285,0.16702829156178176
1641,0.1645,6,70,6,67645,608799,4171,122085,4.821941135470789,0.16703745053934688
1642,0.1646,0,36,0,67681,608763,4171,122085,4.8216560005069065,0.16704567844476553
1643,0.1647,4,75,4,67756,608688,4175,122081,4.821061969332151,0.16705826328155682
1644,0.1648,5,62,5,67818,608626,4180,122076,4.820570903561019,0.16706673856100024
1645,0.1649,0,31,0,67849,608595,4180,122076,4.820325370675453,0.16707382666069956
1646,0.165,1,59,1,67908,608536,4181,122075,4.819858066151312,0.1670861785546618
1647,0.1651,3,40,3,67948,608496,4184,122072,4.819541249524775,0.16709190657132533
1648,0.1652,6,148,6,68096,608348,4190,122066,4.81836902800659,0.16711892159788833
1649,0.1653,0,42,0,68138,608306,4190,122066,4.818036370548726,0.16712853176189668
1650,0.1654,7,51,7,68189,608255,4197,122059,4.817632429349892,0.1671322198396854
1651,0.1655,2,27,2,68216,608228,4199,122057,4.81741857812698,0.16713611809088233
1652,0.1656,6,47,6,68263,608181,4205,122051,4.8170463185907995,0.1671400322089418
1653,0.1657,4,41,4,68304,608140,4209,122047,4.8167215815486,0.16714485467421358
1654,0.1658,4,35,4,68339,608105,4213,122043,4.81644436700038,0.16714830417942664
1655,0.1659,2,41,2,68380,608064,4215,122041,4.81611962995818,0.16715540915347793
1656,0.166,2,91,2,68471,607973,4217,122039,4.81539887213281,0.16717396426360115
1657,0.1661,3,70,3,68541,607903,4220,122036,4.81484444303637,0.16718657312460355
1658,0.1662,1,22,1,68563,607881,4221,122035,4.814670193891775,0.16719047123230618
1659,0.1663,9,133,9,68696,607748,4230,122026,4.813616778608542,0.1672106707007923
1660,0.1664,7,57,7,68753,607691,4237,122019,4.813165314915727,0.1672157432404654
1661,0.1665,2,39,2,68792,607652,4239,122017,4.812856418704854,0.16722239810105677
1662,0.1666,2,33,2,68825,607619,4241,122015,4.812595044987961,0.1672276785347174
1663,0.1667,2,48,2,68873,607571,4243,122013,4.812214865036117,0.16723639772802035
1664,0.1668,5,52,5,68925,607519,4248,122008,4.81180300342162,0.16724261062304754
1665,0.1669,9,123,9,69048,607396,4257,121999,4.81082879229502,0.16726053784300687
1666,0.167,7,41,7,69089,607355,4264,121992,4.81050405525282,0.1672619480165134
1667,0.1671,4,76,4,69165,607279,4268,121988,4.809902103662401,0.16727481155735827
1668,0.1672,2,46,2,69211,607233,4270,121986,4.809537764541883,0.16728307956868924
1669,0.1673,5,32,5,69243,607201,4275,121981,4.809284311240654,0.16728471081293833
1670,0.1674,0,29,0,69272,607172,4275,121981,4.809054619186415,0.16729136408956694
1671,0.1675,6,92,6,69364,607080,4281,121975,4.808325940945381,0.16730562166091723
1672,0.1676,2,69,2,69433,607011,4283,121973,4.8077794322646055,0.16731917298596402
1673,0.1677,0,19,0,69452,606992,4283,121973,4.807628944367,0.16732353405170344
1674,0.1678,3,58,3,69510,606934,4286,121970,4.807169560258522,0.16733342113639108
1675,0.1679,3,36,3,69546,606898,4289,121967,4.80688442529464,0.16733825879964054
1676,0.168,5,40,5,69586,606858,4294,121962,4.806567608668103,0.16734173046842843
1677,0.1681,4,48,4,69634,606810,4298,121958,4.806187428716259,0.16734818213752525
1678,0.1682,3,26,3,69660,606784,4301,121955,4.80598149790901,0.16735072501952003
1679,0.1683,2,43,2,69703,606741,4303,121953,4.805640920035484,0.16735831501288606
1680,0.1684,4,47,4,69750,606694,4307,121949,4.805268660499303,0.1673645392874151
1681,0.1685,2,92,2,69842,606602,4309,121947,4.804539982258269,0.16738338807684863
1682,0.1686,7,85,7,69927,606517,4316,121940,4.803866746926879,0.16739491829991338
1683,0.1687,2,53,2,69980,606464,4318,121938,4.803446964896718,0.16740481217789077
1684,0.1688,2,104,2,70084,606360,4320,121936,4.802623241667723,0.16742643101156673
1685,0.1689,1,37,1,70121,606323,4321,121935,4.802330186288176,0.16743379406748707
1686,0.169,6,20,6,70141,606303,4327,121929,4.802171777974908,0.16743153280822595
1687,0.1691,2,40,2,70181,606263,4329,121927,4.801854961348371,0.167438443263434
1688,0.1692,0,40,0,70221,606223,4329,121927,4.801538144721835,0.16744764128270273
1689,0.1693,7,45,7,70266,606178,4336,121920,4.801181726016981,0.16744998612824097
1690,0.1694,2,62,2,70328,606116,4338,121918,4.8006906602458495,0.16746195919421344
1691,0.1695,0,23,0,70351,606093,4338,121918,4.8005084906855915,0.16746724980803862
1692,0.1696,0,17,0,70368,606076,4338,121918,4.8003738436193135,0.16747116047659732
1693,0.1697,6,54,6,70422,606022,4344,121912,4.799946141173489,0.1674767217907118
1694,0.1698,7,35,7,70457,605987,4351,121905,4.7996689266252694,0.16747676853159535
1695,0.1699,3,44,3,70501,605943,4354,121902,4.799320428336079,0.16748346145127052
1696,0.17,4,46,4,70547,605897,4358,121898,4.798956089215562,0.16748947162319058
1697,0.1701,3,32,3,70579,605865,4361,121895,4.798702635914333,0.16749340441903923
1698,0.1702,7,31,7,70610,605834,4368,121888,4.798457103028767,0.16749253148867288
1699,0.1703,1,59,1,70669,605775,4369,121887,4.797989798504625,0.16750496796589626
1700,0.1704,6,59,6,70728,605716,4375,121881,4.797522493980484,0.1675116857271264
1701,0.1705,6,63,6,70791,605653,4381,121875,4.797023507793689,0.16751932571667344
1702,0.1706,14,73,14,70864,605580,4395,121861,4.79644531745026,0.16752011503338415
1703,0.1707,4,43,4,70907,605537,4399,121857,4.796104739576733,0.16752544013285783
1704,0.1708,2,27,2,70934,605510,4401,121855,4.795890888353821,0.1675293697112179
1705,0.1709,6,86,6,71020,605424,4407,121849,4.795209732606767,0.16754231217163293
1706,0.171,4,35,4,71055,605389,4411,121845,4.794932518058547,0.16754579681368034
1707,0.1711,2,18,2,71073,605371,4413,121843,4.7947899505766065,0.1675476544730987
1708,0.1712,2,76,2,71149,605295,4415,121841,4.794187998986187,0.1675628768208423
1709,0.1713,2,56,2,71205,605239,4417,121839,4.793744455709035,0.16757349280269793
1710,0.1714,6,35,6,71240,605204,4423,121833,4.793467241160816,0.16757469014644372
1711,0.1715,5,36,5,71276,605168,4428,121828,4.793182106196933,0.16757726314862806
1712,0.1716,8,38,8,71314,605130,4436,121820,4.792881130401724,0.16757686223261573
1713,0.1717,2,33,2,71347,605097,4438,121818,4.7926197566848305,0.16758217948453397
1714,0.1718,6,52,6,71399,605045,4444,121812,4.792207895070334,0.16758729708869832
1715,0.1719,0,29,0,71428,605016,4444,121812,4.791978203016094,0.16759398372104542
1716,0.172,1,69,1,71497,604947,4445,121811,4.791431694335318,0.16760875009287823
1717,0.1721,3,138,3,71635,604809,4448,121808,4.790338676973768,0.16763714584161946
1718,0.1722,2,22,2,71657,604787,4450,121806,4.790164427829173,0.16763993047001555
1719,0.1723,6,34,6,71691,604753,4456,121800,4.789895133696616,0.16764090162727288
1720,0.1724,8,71,8,71762,604682,4464,121792,4.789332784184514,0.1676481195472928
1721,0.1725,6,26,6,71788,604656,4470,121786,4.789126853377265,0.16764724506567627
1722,0.1726,1,47,1,71835,604609,4471,121785,4.788754593841085,0.1676569465056154
1723,0.1727,3,33,3,71868,604576,4474,121782,4.7884932201241925,0.167661125780951
1724,0.1728,5,49,5,71917,604527,4479,121777,4.788105119756684,0.16766670705379566
1725,0.1729,2,54,2,71971,604473,4481,121775,4.78767741731086,0.16767688172635242
1726,0.173,4,45,4,72016,604428,4485,121771,4.787320998606007,0.16768268752779886
1727,0.1731,5,65,5,72081,604363,4490,121766,4.786806171587885,0.1676919665789412
1728,0.1732,5,75,5,72156,604288,4495,121761,4.786212140413129,0.16770355719793018
1729,0.1733,3,82,3,72238,604206,4498,121758,4.785562666328729,0.16771906044927848
1730,0.1734,2,53,2,72291,604153,4500,121756,4.785142884298568,0.16772901286524894
1731,0.1735,12,82,12,72373,604071,4512,121744,4.784493410214168,0.16773420224161803
1732,0.1736,5,75,5,72448,603996,4517,121739,4.783899379039412,0.16774580253122695
1733,0.1737,9,88,9,72536,603908,4526,121730,4.783202382461032,0.16775582315148876
1734,0.1738,8,41,8,72577,603867,4534,121722,4.782877645418831,0.16775612640213675
1735,0.1739,3,36,3,72613,603831,4537,121719,4.782592510454949,0.16776100888980774
1736,0.174,8,42,8,72655,603789,4545,121711,4.782259852997085,0.16776154376292213
1737,0.1741,4,55,4,72710,603734,4549,121707,4.781824230135597,0.16776967389491357
1738,0.1742,4,61,4,72771,603673,4553,121703,4.781341084780129,0.1677791931356979
1739,0.1743,4,46,4,72817,603627,4557,121699,4.780976745659612,0.16778524415228463
1740,0.1744,2,66,2,72883,603561,4559,121697,4.780453998225827,0.16779821801345177
1741,0.1745,5,58,5,72941,603503,4564,121692,4.779994614117349,0.16780590048193933
1742,0.1746,5,50,5,72991,603453,4569,121687,4.779598593334178,0.16781173290674903
1743,0.1747,9,102,9,73093,603351,4578,121678,4.7787907109365095,0.16782501113748555
1744,0.1748,0,35,0,73128,603316,4578,121678,4.778513496388291,0.16783311310162566
1745,0.1749,4,31,4,73159,603285,4582,121674,4.778267963502724,0.1678356982946622
1746,0.175,1,42,1,73201,603243,4583,121673,4.777935306044861,0.16784427437109956
1747,0.1751,6,73,6,73274,603170,4589,121667,4.777357115701432,0.16785428999899288
1748,0.1752,0,47,0,73321,603123,4589,121667,4.776984856165251,0.1678651747402696
1749,0.1753,5,49,5,73370,603074,4594,121662,4.776596755797744,0.16787078329212293
1750,0.1754,6,55,6,73425,603019,4600,121656,4.776161132936257,0.1678766343533308
1751,0.1755,2,14,2,73439,603005,4602,121654,4.776050247116968,0.16787758104156575
1752,0.1756,5,37,5,73476,602968,4607,121649,4.775757191737422,0.1678804113069387
1753,0.1757,8,63,8,73539,602905,4615,121641,4.775258205550627,0.16788582091406204
1754,0.1758,3,28,3,73567,602877,4618,121638,4.775036433912052,0.16788886358460486
1755,0.1759,5,90,5,73657,602787,4623,121633,4.774323596502344,0.16790397835509788
1756,0.176,5,50,5,73707,602737,4628,121628,4.773927575719174,0.1679098244669469
1757,0.1761,9,106,9,73813,602631,4637,121619,4.773088011658852,0.16792405937176388
1758,0.1762,3,51,3,73864,602580,4640,121616,4.772684070460017,0.1679324381797193
1759,0.1763,4,46,4,73910,602534,4644,121612,4.7723197313395005,0.16793850963755927
1760,0.1764,1,28,1,73938,602506,4645,121611,4.772097959700925,0.16794385437712414
1761,0.1765,10,111,10,74049,602395,4655,121601,4.771218793562286,0.16795811026580257
1762,0.1766,2,39,2,74088,602356,4657,121599,4.770909897351413,0.16796485969431801
1763,0.1767,6,127,6,74215,602229,4663,121593,4.769904004562159,0.16798743337450367
1764,0.1768,1,29,1,74244,602200,4664,121592,4.76967431250792,0.16799301456772112
1765,0.1769,1,36,1,74280,602164,4665,121591,4.769389177544038,0.1680002210692845
1766,0.177,5,71,5,74351,602093,4670,121586,4.768826828031935,0.1680109551334224
1767,0.1771,1,20,1,74371,602073,4671,121585,4.768668419718667,0.16801444881421887
1768,0.1772,1,75,1,74446,601998,4672,121584,4.768074388543911,0.16803071386518736
1769,0.1773,6,51,6,74497,601947,4678,121578,4.767670447345076,0.1680356587540168
1770,0.1774,8,163,8,74660,601784,4686,121570,4.7663794195919404,0.16806432258617496
1771,0.1775,2,37,2,74697,601747,4688,121568,4.766086364212394,0.16807061930141087
1772,0.1776,1,73,1,74770,601674,4689,121567,4.765508173868965,0.16808643315298774
1773,0.1777,6,97,6,74867,601577,4695,121561,4.7647398935496135,0.16810207733516977
1774,0.1778,1,28,1,74895,601549,4696,121560,4.7645181219110375,0.16810743608501622
1775,0.1779,3,37,3,74932,601512,4699,121557,4.764225066531491,0.1681125867655784
1776,0.178,10,128,10,75060,601384,4709,121547,4.763211253326575,0.16813084512906487
1777,0.1781,1,22,1,75082,601362,4710,121546,4.76303700418198,0.16813481106862838
1778,0.1782,10,126,10,75208,601236,4720,121536,4.762039031808389,0.16815261244209792
1779,0.1783,3,47,3,75255,601189,4723,121533,4.761666772272209,0.16816009475289254
1780,0.1784,2,28,2,75283,601161,4725,121531,4.761445000633633,0.16816430789326572
1781,0.1785,3,23,3,75306,601138,4728,121528,4.761262831073375,0.16816620679539374
1782,0.1786,11,118,11,75424,601020,4739,121517,4.760328222025092,0.16818100664741045
1783,0.1787,11,77,11,75501,600943,4750,121506,4.759718350019009,0.1681862664354162
1784,0.1788,4,50,4,75551,600893,4754,121502,4.759322329235839,0.16819330144865344
1785,0.1789,2,32,2,75583,600861,4756,121500,4.759068875934609,0.1681984492518284
1786,0.179,2,10,2,75593,600851,4758,121498,4.758989671777975,0.1681984746985183
1787,0.1791,0,18,0,75611,600833,4758,121498,4.758847104296033,0.1682026660907534
1788,0.1792,2,56,2,75667,600777,4760,121496,4.758403561018882,0.16821340407297516
1789,0.1793,2,59,2,75726,600718,4762,121494,4.757936256494741,0.16822484256700249
1790,0.1794,0,26,0,75752,600692,4762,121494,4.757730325687492,0.16823089896508656
1791,0.1795,5,70,5,75822,600622,4767,121489,4.757175896591053,0.1682414476444757
1792,0.1796,7,47,7,75869,600575,4774,121482,4.7568036370548725,0.16824433528100968
1793,0.1797,5,52,5,75921,600523,4779,121477,4.756391775440375,0.16825069252077562
1794,0.1798,6,24,6,75945,600499,4785,121471,4.756201685464453,0.16824937324265551
1795,0.1799,13,41,13,75986,600458,4798,121458,4.755876948422253,0.16824395081976296
1796,0.18,5,58,5,76044,600400,4803,121453,4.755417564313775,0.16825170775767365
1797,0.1801,0,47,0,76091,600353,4803,121453,4.755045304777595,0.16826266337492346
1798,0.1802,1,22,1,76113,600331,4804,121452,4.754871055633,0.16826663969641845
1799,0.1803,6,32,6,76145,600299,4810,121446,4.754617602331771,0.16826718577891084
1800,0.1804,3,44,3,76189,600255,4813,121443,4.75426910404258,0.1682739871802333
1801,0.1805,13,81,13,76270,600174,4826,121430,4.753627550373843,0.16827789202942334
1802,0.1806,1,41,1,76311,600133,4827,121429,4.7533028133316435,0.16828630110787432
1803,0.1807,4,30,4,76341,600103,4831,121425,4.753065200861741,0.168288687341309
1804,0.1808,6,86,6,76427,600017,4837,121419,4.752384045114687,0.1683018313474792
1805,0.1809,6,41,6,76468,599976,4843,121413,4.7520593080724876,0.16830447927539788
1806,0.181,3,53,3,76521,599923,4846,121410,4.751639526042327,0.16831338646644475
1807,0.1811,9,72,9,76593,599851,4855,121401,4.751069256114561,0.16831981055165185
1808,0.1812,3,41,3,76634,599810,4858,121398,4.750744519072361,0.1683259198455924
1809,0.1813,2,22,2,76656,599788,4860,121396,4.750570269927766,0.16832874828060523
1810,0.1814,3,38,3,76694,599750,4863,121393,4.750269294132556,0.1683341584124092
1811,0.1815,0,25,0,76719,599725,4863,121393,4.75007128374097,0.16833999428664934
1812,0.1816,2,36,2,76755,599689,4865,121391,4.749786148777088,0.1683460919731514
1813,0.1817,5,49,5,76804,599640,4870,121386,4.749398048409581,0.16835176540097027
1814,0.1818,1,33,1,76837,599607,4871,121385,4.7491366746926875,0.16835831742931961
1815,0.1819,4,18,4,76855,599589,4875,121381,4.748994107210747,0.168357906709017
1816,0.182,2,32,2,76887,599557,4877,121379,4.748740653909517,0.1683630724502591
1817,0.1821,9,52,9,76939,599505,4886,121370,4.74832879229502,0.1683648344026357
1818,0.1822,7,72,7,77011,599433,4893,121363,4.747758522367254,0.16837357587999932
1819,0.1823,5,67,5,77078,599366,4898,121358,4.7472278545178055,0.1683834588552622
1820,0.1824,3,47,3,77125,599319,4901,121355,4.746855594981625,0.1683909784451777
1821,0.1825,4,49,4,77174,599270,4905,121351,4.746467494614118,0.16839781244232405
1822,0.1826,10,182,10,77356,599088,4915,121341,4.745025978963376,0.16842881116667985
1823,0.1827,3,39,3,77395,599049,4918,121338,4.744717082752503,0.16843446647427007
1824,0.1828,1,53,1,77448,598996,4919,121337,4.744297300722342,0.1684457049725613
1825,0.1829,2,17,2,77465,598979,4921,121335,4.744162653656064,0.16844737156295728
1826,0.183,7,26,7,77491,598953,4928,121328,4.743956722848815,0.16844537062618617
1827,0.1831,1,31,1,77522,598922,4929,121327,4.743711189963249,0.16845146609019937
1828,0.1832,4,17,4,77539,598905,4933,121323,4.743576542896971,0.1684508239057632
1829,0.1833,1,30,1,77569,598875,4934,121322,4.743338930427069,0.16845668615670434
1830,0.1834,6,58,6,77627,598817,4940,121316,4.742879546318591,0.1684633255245906
1831,0.1835,6,45,6,77672,598772,4946,121310,4.742523127613737,0.16846692460025386
1832,0.1836,4,53,4,77725,598719,4950,121306,4.742103345583576,0.16847470573938406
1833,0.1837,5,40,5,77765,598679,4955,121301,4.741786528957039,0.16847829106364065
1834,0.1838,7,77,7,77842,598602,4962,121294,4.741176656950957,0.1684882260771
1835,0.1839,7,81,7,77923,598521,4969,121287,4.7405351032822205,0.168499099759936
1836,0.184,6,89,6,78012,598432,4975,121281,4.739830186288176,0.1685130044892895
1837,0.1841,3,49,3,78061,598383,4978,121278,4.739442085920669,0.16852101197647226
1838,0.1842,4,80,4,78141,598303,4982,121274,4.738808452667596,0.1685351254973408
1839,0.1843,7,49,7,78190,598254,4989,121267,4.738420352300088,0.1685385138168309
1840,0.1844,1,33,1,78223,598221,4990,121266,4.738158978583196,0.16854508837546753
1841,0.1845,4,48,4,78271,598173,4994,121262,4.737778798631352,0.168551710717438
1842,0.1846,9,50,9,78321,598123,5003,121253,4.737382777848182,0.16855302373167858
1843,0.1847,5,51,5,78372,598072,5008,121248,4.736978836649348,0.16855919479508424
1844,0.1848,13,54,13,78426,598018,5021,121235,4.736551134203523,0.1685568221474224
1845,0.1849,2,63,2,78489,597955,5023,121233,4.736052148016728,0.16856927534942184
1846,0.185,6,33,6,78522,597922,5029,121227,4.7357907742998355,0.16857007379555558
1847,0.1851,7,81,7,78603,597841,5036,121220,4.735149220631099,0.168580968791243
1848,0.1852,4,18,4,78621,597823,5040,121216,4.735006653149157,0.16858056378026784
1849,0.1853,2,44,2,78665,597779,5042,121214,4.734658154859967,0.16858856762165975
1850,0.1854,5,27,5,78692,597752,5047,121209,4.734444303637055,0.16858911679493047
1851,0.1855,3,36,3,78728,597716,5050,121206,4.734159168673172,0.1685940894839774
1852,0.1856,3,51,3,78779,597665,5053,121203,4.7337552274743375,0.1686025807241385
1853,0.1857,4,61,4,78840,597604,5057,121199,4.733272082118869,0.168612262330569
1854,0.1858,2,36,2,78876,597568,5059,121197,4.732986947154987,0.16861839405090676
1855,0.1859,2,11,2,78887,597557,5061,121195,4.732899822582689,0.1686186612350296
1856,0.186,2,58,2,78945,597499,5063,121193,4.732440438474211,0.16862995553032453
1857,0.1861,4,64,4,79009,597435,5067,121189,4.731933531871753,0.1686403459945674
1858,0.1862,4,80,4,79089,597355,5071,121185,4.73129989861868,0.1686544938347204
1859,0.1863,4,22,4,79111,597333,5075,121181,4.731125649474085,0.16865502968626916
1860,0.1864,1,37,1,79148,597296,5076,121180,4.730832594094538,0.16866255796992524
1861,0.1865,3,36,3,79184,597260,5079,121177,4.730547459130655,0.16866753800263629
1862,0.1866,3,15,3,79199,597245,5082,121174,4.730428652895704,0.1686675881345009
1863,0.1867,5,38,5,79237,597207,5087,121169,4.730127677100494,0.1686707239662795
1864,0.1868,1,49,1,79286,597158,5088,121168,4.729739576732987,0.16868107238217744
1865,0.1869,5,68,5,79354,597090,5093,121163,4.729200988467875,0.16869125503130514
1866,0.187,6,29,6,79383,597061,5099,121157,4.7289712964136355,0.1686911216371631
1867,0.1871,3,34,3,79417,597027,5102,121154,4.7287020022810795,0.16869563522287556
1868,0.1872,3,35,3,79452,596992,5105,121151,4.72842478773286,0.16870038418532243
1869,0.1873,5,30,5,79482,596962,5110,121146,4.728187175262958,0.16870164376389066
1870,0.1874,6,106,6,79588,596856,5116,121140,4.727347611202636,0.16871960289472365
1871,0.1875,3,38,3,79626,596818,5119,121137,4.727046635407426,0.16872505937001622
1872,0.1876,6,61,6,79687,596757,5125,121131,4.726563490051958,0.1687324485156459
1873,0.1877,5,57,5,79744,596700,5130,121126,4.726112026359143,0.1687400567825629
1874,0.1878,12,87,12,79831,596613,5142,121114,4.725422950196426,0.16874661256996046
1875,0.1879,5,35,5,79866,596578,5147,121109,4.725145735648207,0.1687490507700432
1876,0.188,2,49,2,79915,596529,5149,121107,4.7247576352806995,0.16875825627476881
1877,0.1881,3,29,3,79944,596500,5152,121104,4.724527943226461,0.1687616011059024
1878,0.1882,4,30,4,79974,596470,5156,121100,4.724290330756558,0.1687640230221442
1879,0.1883,2,27,2,80001,596443,5158,121098,4.724076479533646,0.1687680564594915
1880,0.1884,7,46,7,80047,596397,5165,121091,4.723712140413129,0.1687707668978436
1881,0.1885,6,60,6,80107,596337,5171,121085,4.723236915473324,0.16877792986554635
1882,0.1886,2,20,2,80127,596317,5173,121083,4.723078507160055,0.16878031781432953
1883,0.1887,3,47,3,80174,596270,5176,121080,4.722706247623876,0.16878789990938872
1884,0.1888,7,62,7,80236,596208,5183,121073,4.722215181852744,0.16879437765673425
1885,0.1889,3,64,3,80300,596144,5186,121070,4.721708275250285,0.16880596307378273
1886,0.189,4,49,4,80349,596095,5190,121066,4.721320174882778,0.16881286071049598
1887,0.1891,0,16,0,80365,596079,5190,121066,4.721193448232163,0.16881662704195108
1888,0.1892,12,237,12,80602,595842,5202,121054,4.719316309719934,0.16885852341204302
1889,0.1893,5,46,5,80648,595796,5207,121049,4.718951970599417,0.16886356185786328
1890,0.1894,1,25,1,80673,595771,5208,121048,4.718753960207832,0.16886829171659792
1891,0.1895,6,53,6,80726,595718,5214,121042,4.71833417817767,0.16887382108376583
1892,0.1896,1,41,1,80767,595677,5215,121041,4.718009441135471,0.16888232191740685
1893,0.1897,4,36,4,80803,595641,5219,121037,4.717724306171588,0.16888616645132123
1894,0.1898,3,42,3,80845,595599,5222,121034,4.717391648713725,0.16889258518655992
1895,0.1899,6,141,6,80986,595458,5228,121028,4.716274870105183,0.16891886233645878
1896,0.19,14,179,14,81165,595279,5242,121014,4.714857115701432,0.16894483123526266
1897,0.1901,6,47,6,81212,595232,5248,121008,4.714484856165251,0.16894895565732157
1898,0.1902,7,53,7,81265,595179,5255,121001,4.714065074135091,0.1689533357535815
1899,0.1903,6,91,6,81356,595088,5261,120995,4.71334431630972,0.16896784311315868
1900,0.1904,1,40,1,81396,595048,5262,120994,4.713027499683183,0.16897612151242525
1901,0.1905,0,30,0,81426,595018,5262,120994,4.7127898872132805,0.16898320139885925
1902,0.1906,5,21,5,81447,594997,5267,120989,4.712623558484349,0.16898235440357773
1903,0.1907,4,51,4,81498,594946,5271,120985,4.712219617285515,0.16898974901212546
1904,0.1908,10,78,10,81576,594868,5281,120975,4.711601824863769,0.16899655371359362
1905,0.1909,3,34,3,81610,594834,5284,120972,4.711332530731212,0.16900109806288297
1906,0.191,3,56,3,81666,594778,5287,120969,4.710888987454061,0.16901083762837987
1907,0.1911,3,25,3,81691,594753,5290,120966,4.710690977062476,0.1690132579965042
1908,0.1912,9,70,9,81761,594683,5299,120957,4.710136547966037,0.16901933933262533
1909,0.1913,1,20,1,81781,594663,5300,120956,4.709978139652769,0.16902290185140417
1910,0.1914,3,21,3,81802,594642,5303,120953,4.709811810923838,0.16902437831454942
1911,0.1915,7,28,7,81830,594614,5310,120946,4.709590039285262,0.16902286321202975
1912,0.1916,4,81,4,81911,594533,5314,120942,4.708948485616525,0.1690373528075754
1913,0.1917,2,29,2,81940,594504,5316,120940,4.708718793562286,0.16904188168466017
1914,0.1918,1,27,1,81967,594477,5317,120939,4.708504942339374,0.16904709986916702
1915,0.1919,0,21,0,81988,594456,5317,120939,4.708338613610442,0.16905206214748494
1916,0.192,6,64,6,82052,594392,5323,120933,4.707831707007983,0.16906021738370672
1917,0.1921,6,68,6,82120,594324,5329,120927,4.7072931187428715,0.1690693197213286
1918,0.1922,6,46,6,82166,594278,5335,120921,4.706928779622355,0.16907322297710148
1919,0.1923,12,90,12,82256,594188,5347,120909,4.706215942212648,0.16908055830188073
1920,0.1924,5,94,5,82350,594094,5352,120904,4.7054714231402865,0.16909697649503916
1921,0.1925,4,49,4,82399,594045,5356,120900,4.705083322772779,0.16910391708453099
1922,0.1926,0,14,0,82413,594031,5356,120900,4.704972436953491,0.16910722852974622
1923,0.1927,7,47,7,82460,593984,5363,120893,4.704600177417311,0.16911021056769207
1924,0.1928,6,49,6,82509,593935,5369,120887,4.704212077049804,0.1691148285866971
1925,0.1929,3,33,3,82542,593902,5372,120884,4.703950703332911,0.16911914894807678
1926,0.193,5,46,5,82588,593856,5377,120879,4.703586364212394,0.16912422086507586
1927,0.1931,5,55,5,82643,593801,5382,120874,4.703150741350906,0.16913142337426101
1928,0.1932,2,37,2,82680,593764,5384,120872,4.70285768597136,0.16913785479600804
1929,0.1933,5,30,5,82710,593734,5389,120867,4.702620073501457,0.16913914198272884
1930,0.1934,5,31,5,82741,593703,5394,120862,4.702374540615891,0.16914066599959415
1931,0.1935,5,58,5,82799,593645,5399,120857,4.701915156507414,0.1691485818094281
1932,0.1936,3,27,3,82826,593618,5402,120854,4.701701305284502,0.16915148529263568
1933,0.1937,0,28,0,82854,593590,5402,120854,4.701479533645926,0.1691581145618131
1934,0.1938,0,17,0,82871,593573,5402,120854,4.701344886579648,0.16916213972876165
1935,0.1939,4,37,4,82908,593536,5406,120850,4.701051831200101,0.16916624905863217
1936,0.194,8,84,8,82992,593452,5414,120842,4.700386516284374,0.16917683754868443
1937,0.1941,7,84,7,83076,593368,5421,120835,4.699721201368648,0.1691885920389581
1938,0.1942,0,30,0,83106,593338,5421,120835,4.699483588898746,0.16919569908131504
1939,0.1943,11,165,11,83271,593173,5432,120824,4.698176720314282,0.16922199953221093
1940,0.1944,3,36,3,83307,593137,5435,120821,4.6978915853503995,0.16922704136657898
1941,0.1945,5,51,5,83358,593086,5440,120816,4.697487644151565,0.16923331213527906
1942,0.1946,7,94,7,83452,592992,5447,120809,4.696743125079204,0.16924745132046606
1943,0.1947,3,29,3,83481,592963,5450,120806,4.696513433024965,0.16925083605480204
1944,0.1948,0,40,0,83521,592923,5450,120806,4.696196616398429,0.16926032149457287
1945,0.1949,9,93,9,83614,592830,5459,120797,4.695460017741731,0.16927190254853025
1946,0.195,3,33,3,83647,592797,5462,120794,4.695198644024838,0.16927623806914605
1947,0.1951,5,36,5,83683,592761,5467,120789,4.694913509060956,0.16927895732604584
1948,0.1952,4,44,4,83727,592717,5471,120785,4.694565010771766,0.16928473921586765
1949,0.1953,5,81,5,83808,592636,5476,120780,4.693923457103029,0.169298137412113
1950,0.1954,3,42,3,83850,592594,5479,120777,4.693590799645166,0.1693046114854683
1951,0.1955,4,50,4,83900,592544,5483,120773,4.6931947788619945,0.16931182069122144
1952,0.1956,5,56,5,83956,592488,5488,120768,4.6927512355848435,0.16931929068945792
1953,0.1957,6,55,6,84011,592433,5494,120762,4.692315612723355,0.16932535982445193
1954,0.1958,6,55,6,84066,592378,5500,120756,4.691879989861868,0.16933142999772835
1955,0.1959,6,35,6,84101,592343,5506,120750,4.691602775313648,0.16933275182900406
1956,0.196,3,24,3,84125,592319,5509,120747,4.691412685337727,0.16933495637149998
1957,0.1961,5,60,5,84185,592259,5514,120742,4.6909374603979215,0.16934338100507573
1958,0.1962,1,55,1,84240,592204,5515,120741,4.690501837536434,0.16935527986029777
1959,0.1963,3,38,3,84278,592166,5518,120738,4.690200861741224,0.1693608115538698
1960,0.1964,5,51,5,84329,592115,5523,120733,4.68979692054239,0.16936710210311315
1961,0.1965,2,45,2,84374,592070,5525,120731,4.689440501837536,0.16937546383913601
1962,0.1966,1,34,1,84408,592036,5526,120730,4.68917120770498,0.16938237794732072
1963,0.1967,2,41,2,84449,591995,5528,120728,4.688846470662781,0.16938979098471638
1964,0.1968,3,92,3,84541,591903,5531,120725,4.688117792421746,0.16940816246344517
1965,0.1969,5,64,5,84605,591839,5536,120720,4.6876108858192875,0.16941754998533454
1966,0.197,11,76,11,84681,591763,5547,120709,4.687008934228868,0.16942279836962013
1967,0.1971,8,54,8,84735,591709,5555,120701,4.686581231783044,0.16942631349924903
1968,0.1972,6,51,6,84786,591658,5561,120695,4.68617729058421,0.1694314476109457
1969,0.1973,5,46,5,84832,591612,5566,120690,4.685812951463693,0.16943655921224424
1970,0.1974,12,119,12,84951,591493,5578,120678,4.684870421999746,0.169450876264268
1971,0.1975,3,25,3,84976,591468,5581,120675,4.684672411608161,0.16945332608759758
1972,0.1976,11,78,11,85054,591390,5592,120664,4.684054619186415,0.16945905788044166
1973,0.1977,5,50,5,85104,591340,5597,120659,4.683658598403245,0.16946512565326638
1974,0.1978,5,37,5,85141,591303,5602,120654,4.683365543023698,0.16946809989929168
1975,0.1979,3,56,3,85197,591247,5605,120651,4.682921999746546,0.16947793082716905
1976,0.198,3,37,3,85234,591210,5608,120648,4.682628944367,0.169483239634871
1977,0.1981,4,52,4,85286,591158,5612,120644,4.682217082752503,0.16949095394505775
1978,0.1982,3,34,3,85320,591124,5615,120641,4.681947788619947,0.16949554979522735
1979,0.1983,3,23,3,85343,591101,5618,120638,4.681765619059688,0.16949752648091507
1980,0.1984,8,45,8,85388,591056,5626,120630,4.681409200354834,0.16949890822638072
1981,0.1985,8,92,8,85480,590964,5634,120622,4.680680522113801,0.1695114856110154
1982,0.1986,5,72,5,85552,590892,5639,120617,4.680110252186035,0.16952280294416514
1983,0.1987,1,33,1,85585,590859,5640,120616,4.679848878469142,0.1695294985769001
1984,0.1988,4,20,4,85605,590839,5644,120612,4.679690470155874,0.16952959515131752
1985,0.1989,6,55,6,85660,590784,5650,120606,4.679254847294386,0.169535697718551
1986,0.199,5,60,5,85720,590724,5655,120601,4.678779622354581,0.16954416054546093
1987,0.1991,8,69,8,85789,590655,5663,120593,4.678233113673806,0.16955126763098102
1988,0.1992,2,34,2,85823,590621,5665,120591,4.677963819541249,0.1695570378452557
1989,0.1993,4,23,4,85846,590598,5669,120587,4.677781649980991,0.169557850629583
1990,0.1994,3,52,3,85898,590546,5672,120584,4.6773697883664935,0.16956674588331247
1991,0.1995,9,200,9,86098,590346,5681,120575,4.67578570523381,0.16960393630234583
1992,0.1996,11,62,11,86160,590284,5692,120564,4.675294639462679,0.16960587917529485
1993,0.1997,5,42,5,86202,590242,5697,120559,4.674961982004816,0.1696100596369448
1994,0.1998,5,49,5,86251,590193,5702,120554,4.674573881637309,0.1696159111470045
1995,0.1999,6,64,6,86315,590129,5708,120548,4.67406697503485,0.16962417525823967
1996,0.2,2,30,2,86345,590099,5710,120546,4.673829362564947,0.16962899900794348
1997,0.2001,2,34,2,86379,590065,5712,120544,4.6735600684323915,0.16963477805656837
1998,0.2002,4,22,4,86401,590043,5716,120540,4.673385819287796,0.16963535575717403
1999,0.2003,3,30,3,86431,590013,5719,120537,4.673148206817894,0.16963901203293225
2000,0.2004,9,79,9,86510,589934,5728,120528,4.672522493980484,0.16964735622735627
2001,0.2005,1,22,1,86532,589912,5729,120527,4.672348244835889,0.16965144086965947
2002,0.2006,3,42,3,86574,589870,5732,120524,4.672015587378025,0.1696579644535286
2003,0.2007,3,34,3,86608,589836,5735,120521,4.671746293245469,0.16966257811213234
2004,0.2008,3,108,3,86716,589728,5738,120518,4.670890888353821,0.16968486974935446
2005,0.2009,4,61,4,86777,589667,5742,120514,4.670407742998353,0.1696947679535217
2006,0.201,13,131,13,86908,589536,5755,120501,4.669370168546445,0.1697108742220476
2007,0.2011,5,39,5,86947,589497,5760,120496,4.669061272335572,0.1697143492964015
2008,0.2012,5,50,5,86997,589447,5765,120491,4.668665251552402,0.16972045446222064
2009,0.2013,9,46,9,87043,589401,5774,120482,4.668300912431884,0.16972092584270929
2010,0.2014,4,57,4,87100,589344,5778,120478,4.66784944873907,0.1697298759407288
2011,0.2015,5,47,5,87147,589297,5783,120473,4.66747718920289,0.16973526635388927
2012,0.2016,3,43,3,87190,589254,5786,120470,4.667136611329362,0.16974204056788272
2013,0.2017,4,33,4,87223,589221,5790,120466,4.66687523761247,0.1697452538936179
2014,0.2018,6,45,6,87268,589176,5796,120460,4.666518818907616,0.16974899807788782
2015,0.2019,4,40,4,87308,589136,5800,120456,4.6662020022810795,0.1697538867405495
2016,0.202,7,111,7,87419,589025,5807,120449,4.66532283614244,0.1697722538105695
2017,0.2021,2,37,2,87456,588988,5809,120447,4.665029780762895,0.16977876761084526
2018,0.2022,1,70,1,87526,588918,5810,120446,4.664475351666455,0.16979435099610354
2019,0.2023,8,106,8,87632,588812,5818,120438,4.663635787606133,0.16981036305956998
2020,0.2024,2,40,2,87672,588772,5820,120436,4.663318970979597,0.16981759935026114
2021,0.2025,9,113,9,87785,588659,5829,120427,4.662423964009632,0.16983412449265675
2022,0.2026,8,93,8,87878,588566,5837,120419,4.661687365352933,0.1698470348455891
2023,0.2027,10,112,10,87990,588454,5847,120409,4.660800278798631,0.16986215954281716
2024,0.2028,1,62,1,88052,588392,5848,120408,4.6603092130274995,0.16987584650112866
2025,0.2029,8,93,8,88145,588299,5856,120400,4.659572614370802,0.16988876801011432
2026,0.203,1,29,1,88174,588270,5857,120399,4.659342922316563,0.16989454879499455
2027,0.2031,2,28,2,88202,588242,5859,120397,4.659121150677987,0.16989891891357942
2028,0.2032,7,76,7,88278,588166,5866,120390,4.658519199087568,0.16990894156566314
2029,0.2033,9,73,9,88351,588093,5875,120381,4.657941008744139,0.16991590375934756
2030,0.2034,5,46,5,88397,588047,5880,120376,4.657576669623622,0.16992107822586222
2031,0.2035,8,90,8,88487,587957,5888,120368,4.656863832213914,0.16993329333286275
2032,0.2036,0,26,0,88513,587931,5888,120368,4.656657901406666,0.16993953118668811
2033,0.2037,10,93,10,88606,587838,5898,120358,4.655921302749968,0.16995012680105506
2034,0.2038,4,54,4,88660,587784,5902,120354,4.655493600304144,0.1699583979393847
2035,0.2039,6,95,6,88755,587689,5908,120348,4.65474116081612,0.1699741680166432
2036,0.204,6,65,6,88820,587624,5914,120342,4.654226333797998,0.1699827392840899
2037,0.2041,8,106,8,88926,587518,5922,120334,4.653386769737676,0.16999881331125716
2038,0.2042,2,35,2,88961,587483,5924,120332,4.653109555189456,0.17000487415496987
2039,0.2043,4,74,4,89035,587409,5928,120328,4.652523444430364,0.17001795864848102
2040,0.2044,2,36,2,89071,587373,5930,120326,4.6522383094664805,0.17002426172709018
2041,0.2045,5,33,5,89104,587340,5935,120321,4.651976935749588,0.17002632616464664
2042,0.2046,9,116,9,89220,587224,5944,120312,4.651058167532632,0.17004364442233327
2043,0.2047,3,52,3,89272,587172,5947,120309,4.650646305918134,0.170052623321333
2044,0.2048,15,145,15,89417,587027,5962,120294,4.649497845646939,0.17006988340513007
2045,0.2049,2,34,2,89451,586993,5964,120292,4.649228551514383,0.17007571205383967
2046,0.205,3,54,3,89505,586939,5967,120289,4.648800849068559,0.17008517762305791
2047,0.2051,12,127,12,89632,586812,5979,120277,4.647794956279306,0.17010164208465978
2048,0.2052,4,43,4,89675,586769,5983,120273,4.6474543784057785,0.17010729207034378
2049,0.2053,3,22,3,89697,586747,5986,120270,4.647280129261183,0.17010906385560742
2050,0.2054,3,57,3,89754,586690,5989,120267,4.646828665568369,0.1701192576068983
2051,0.2055,9,32,9,89786,586658,5998,120258,4.64657521226714,0.17011639289533692
2052,0.2056,3,44,3,89830,586614,6001,120255,4.646226713977949,0.17012345993387742
2053,0.2057,10,106,10,89936,586508,6011,120245,4.645387149917628,0.17013723323424165
2054,0.2058,1,43,1,89979,586465,6012,120244,4.645046572044101,0.17014641104047068
2055,0.2059,6,57,6,90036,586408,6018,120238,4.644595108351286,0.1701530893828027
2056,0.206,4,49,4,90085,586359,6022,120234,4.644207007983779,0.17016019122748174
2057,0.2061,2,61,2,90146,586298,6024,120232,4.643723862628311,0.17017253336730218
2058,0.2062,6,55,6,90201,586243,6030,120226,4.643288239766823,0.17017873395718708
2059,0.2063,1,44,1,90245,586199,6031,120225,4.642939741477632,0.17018815895269696
2060,0.2064,1,38,1,90283,586161,6032,120224,4.642638765682423,0.17019613949899842
2061,0.2065,1,44,1,90327,586117,6033,120223,4.642290267393233,0.17020556672424045
2062,0.2066,6,44,6,90371,586073,6039,120217,4.641941769104043,0.17020912089934728
2063,0.2067,2,57,2,90428,586016,6041,120215,4.641490305411228,0.17022050858713367
2064,0.2068,3,27,3,90455,585989,6044,120212,4.641276454188316,0.1702234916121614
2065,0.2069,1,23,1,90478,585966,6045,120211,4.641094284628057,0.17022786072047094
2066,0.207,5,51,5,90529,585915,6050,120206,4.640690343429223,0.17023427996051668
2067,0.2071,8,75,8,90604,585840,6058,120198,4.640096312254467,0.17024296142700535
2068,0.2072,6,59,6,90663,585781,6064,120192,4.639629007730326,0.17025013704490116
2069,0.2073,10,95,10,90758,585686,6074,120182,4.638876568242301,0.17026129531300468
2070,0.2074,4,29,4,90787,585657,6078,120178,4.638646876188062,0.1702635885157296
2071,0.2075,4,24,4,90811,585633,6082,120174,4.63845678621214,0.17026467575413676
2072,0.2076,5,108,5,90919,585525,6087,120169,4.637601381320492,0.1702848543419669
2073,0.2077,5,141,5,91060,585384,6092,120164,4.63648460271195,0.17031300492666693
2074,0.2078,8,49,8,91109,585335,6100,120156,4.636096502344443,0.1703154257106044
2075,0.2079,11,79,11,91188,585256,6111,120145,4.635470789507034,0.17032156177833602
2076,0.208,5,107,5,91295,585149,6116,120140,4.634623305031048,0.17034151957566332
2077,0.2081,9,52,9,91347,585097,6125,120131,4.63421144341655,0.17034349175018576
2078,0.2082,1,32,1,91379,585065,6126,120130,4.633957990115321,0.17035004502300782
2079,0.2083,5,58,5,91437,585007,6131,120125,4.633498606006843,0.17035817407237228
2080,0.2084,6,82,6,91519,584925,6137,120119,4.632849131922443,0.17037092720454325
2081,0.2085,7,113,7,91632,584812,6144,120112,4.631954124952477,0.17038999948930664
2082,0.2086,2,35,2,91667,584777,6146,120110,4.631676910404258,0.1703961060425288
2083,0.2087,3,51,3,91718,584726,6149,120107,4.6312729692054235,0.17040490442416856
2084,0.2088,6,144,6,91862,584582,6155,120101,4.630132429349892,0.17043266262986337
2085,0.2089,3,62,3,91924,584520,6158,120098,4.62964136357876,0.17044412717245372
2086,0.209,4,117,4,92041,584403,6162,120094,4.628714674946141,0.170467723780229
2087,0.2091,6,68,6,92109,584335,6168,120088,4.628176086681029,0.17047711389321474
2088,0.2092,6,30,6,92139,584305,6174,120082,4.627938474211127,0.1704773086385751
2089,0.2093,6,78,6,92217,584227,6180,120076,4.627320681789381,0.17048912186942267
2090,0.2094,3,41,3,92258,584186,6183,120073,4.62699594474718,0.17049551372435426
2091,0.2095,4,61,4,92319,584125,6187,120069,4.626512799391712,0.17050557090801682
2092,0.2096,2,31,2,92350,584094,6189,120067,4.626267266506146,0.17051072126970962
2093,0.2097,6,63,6,92413,584031,6195,120061,4.625768280319351,0.17051890946069548
2094,0.2098,3,43,3,92456,583988,6198,120058,4.625427702445824,0.17052578950807193
2095,0.2099,2,21,2,92477,583967,6200,120056,4.625261373716893,0.1705285196648405
2096,0.21,1,35,1,92512,583932,6201,120055,4.624984159168673,0.17053581955348607
2097,0.2101,4,90,4,92602,583842,6205,120051,4.6242713217589655,0.17055291074069495
2098,0.2102,11,77,11,92679,583765,6216,120040,4.623661449752883,0.17055860643217938
2099,0.2103,1,13,1,92692,583752,6217,120039,4.6235584843492585,0.17056057835351687
2100,0.2104,4,28,4,92720,583724,6221,120035,4.6233367127106835,0.17056264999808174
2101,0.2105,10,119,10,92839,583605,6231,120025,4.622394183246737,0.17057970808521525
2102,0.2106,0,27,0,92866,583578,6231,120025,4.622180332023825,0.17058625389601806
2103,0.2107,2,43,2,92909,583535,6233,120023,4.621839754150298,0.1705943220033032
2104,0.2108,2,33,2,92942,583502,6235,120021,4.621578380433405,0.17059996617026024
2105,0.2109,0,26,0,92968,583476,6235,120021,4.621372449626157,0.17060627124209485
2106,0.211,2,49,2,93017,583427,6237,120019,4.6209843492586495,0.17061579709032393
2107,0.2111,7,88,7,93105,583339,6244,120012,4.620287352680268,0.17062888941652177
2108,0.2112,4,55,4,93160,583284,6248,120008,4.619851729818781,0.17063751613838918
2109,0.2113,9,151,9,93311,583133,6257,119999,4.618655747053605,0.17066354539403697
2110,0.2114,17,168,17,93479,582965,6274,119982,4.617325117222152,0.17068427633946798
2111,0.2115,5,104,5,93583,582861,6279,119977,4.616501393993157,0.17070363298512603
2112,0.2116,7,110,7,93693,582751,6286,119970,4.615630148270181,0.17072209312088296
2113,0.2117,9,213,9,93906,582538,6295,119961,4.613943099733874,0.1707632324031778
2114,0.2118,5,45,5,93951,582493,6300,119956,4.6135866810290205,0.17076826929784225
2115,0.2119,4,89,4,94040,582404,6304,119952,4.612881764034976,0.1707851858601621
2116,0.212,6,148,6,94188,582256,6310,119946,4.611709542516791,0.1708140962287205
2117,0.2121,11,96,11,94284,582160,6321,119935,4.610949182613104,0.17082446107720464
2118,0.2122,5,85,5,94369,582075,6326,119930,4.610275947281713,0.170839239036759
2119,0.2123,8,95,8,94464,581980,6334,119922,4.609523507793689,0.1708529110901522
2120,0.2124,4,84,4,94548,581896,6338,119918,4.608858192877962,0.17086863470948144
2121,0.2125,7,118,7,94666,581778,6345,119911,4.607923583829679,0.1708890975916681
2122,0.2126,9,124,9,94790,581654,6354,119902,4.606941452287416,0.17090866587984424
2123,0.2127,5,25,5,94815,581629,6359,119897,4.606743441895831,0.17090884728434869
2124,0.2128,2,20,2,94835,581609,6361,119895,4.606585033582562,0.17091135617188213
2125,0.2129,3,31,3,94866,581578,6364,119892,4.606339500696997,0.17091536345103853
2126,0.213,11,72,11,94938,581506,6375,119881,4.605769230769231,0.17091990584370684
2127,0.2131,11,166,11,95104,581340,6386,119870,4.6044544417691045,0.17094736241639452
2128,0.2132,1,69,1,95173,581271,6387,119869,4.603907933088329,0.17096300310922213
2129,0.2133,4,72,4,95245,581199,6391,119865,4.603337663160563,0.17097583102256
2130,0.2134,3,75,3,95320,581124,6394,119862,4.602743631985807,0.170990576131335
2131,0.2135,10,155,10,95475,580969,6404,119852,4.601515967557978,0.17101656485750286
2132,0.2136,4,70,4,95545,580899,6408,119848,4.600961538461538,0.1710289162850501
2133,0.2137,1,34,1,95579,580865,6409,119847,4.600692244328982,0.17103603192181666
2134,0.2138,6,79,6,95658,580786,6415,119841,4.6000665314915725,0.1710482182388061
2135,0.2139,8,72,8,95730,580714,6423,119833,4.599496261563807,0.1710563316950897
2136,0.214,3,53,3,95783,580661,6426,119830,4.599076479533646,0.17106572389937916
2137,0.2141,2,34,2,95817,580627,6428,119828,4.59880718540109,0.17107166056349088
2138,0.2142,15,112,15,95929,580515,6443,119813,4.597920098846788,0.17108126477878938
2139,0.2143,2,57,2,95986,580458,6445,119811,4.597468635153973,0.1710928229009138
2140,0.2144,6,45,6,96031,580413,6451,119805,4.597112216449119,0.17109671559428635
2141,0.2145,6,53,6,96084,580360,6457,119799,4.596692434418959,0.17110256384621209
2142,0.2146,5,66,5,96150,580294,6462,119794,4.596169686985173,0.17111277439407618
2143,0.2147,9,116,9,96266,580178,6471,119785,4.595250918768217,0.1711304740393421
2144,0.2148,8,88,8,96354,580090,6479,119777,4.594553922189837,0.17114251707824488
2145,0.2149,5,24,5,96378,580066,6484,119772,4.594363832213914,0.17114246439890374
2146,0.215,4,81,4,96459,579985,6488,119768,4.593722278545178,0.171157537016633
2147,0.2151,7,60,7,96519,579925,6495,119761,4.593247053605373,0.17116392210220013
2148,0.2152,4,32,4,96551,579893,6499,119757,4.592993600304144,0.17116701207746732
2149,0.2153,8,107,8,96658,579786,6507,119749,4.592146115828158,0.17118371489632397
2150,0.2154,11,248,11,96906,579538,6518,119738,4.5901818527436316,0.17123138789262038
2151,0.2155,6,74,6,96980,579464,6524,119732,4.58959574198454,0.17124239841189023
2152,0.2156,11,125,11,97105,579339,6535,119721,4.588605690026613,0.17125997768431894
2153,0.2157,4,62,4,97167,579277,6539,119717,4.588114624255481,0.17127042578334006
2154,0.2158,1,37,1,97204,579240,6540,119716,4.587821568875935,0.17127830650284137
2155,0.2159,5,65,5,97269,579175,6545,119711,4.587306741857812,0.17128830739204964
2156,0.216,9,94,9,97363,579081,6554,119702,4.586562222785452,0.17130067560315576
2157,0.2161,8,49,8,97412,579032,6562,119694,4.586174122417945,0.17130320039614957
2158,0.2162,5,56,5,97468,578976,6567,119689,4.585730579140793,0.1713110002647907
2159,0.2163,5,30,5,97498,578946,6572,119684,4.585492966670891,0.17131242574753447
2160,0.2164,7,39,7,97537,578907,6579,119677,4.585184070460017,0.17131368597047741
2161,0.2165,1,49,1,97586,578858,6580,119676,4.58479597009251,0.17132451677370034
2162,0.2166,2,23,2,97609,578835,6582,119674,4.584613800532252,0.17132778532560067
2163,0.2167,1,19,1,97628,578816,6583,119673,4.5844633126346475,0.17133125933264517
2164,0.2168,6,66,6,97694,578750,6589,119667,4.583940565200861,0.17134033106296095
2165,0.2169,4,41,4,97735,578709,6593,119663,4.583615828158662,0.17134564386888362
2166,0.217,3,36,3,97771,578673,6596,119660,4.583330693194779,0.1713509171126096
2167,0.2171,11,147,11,97918,578526,6607,119649,4.582166392092257,0.17137393919862498
2168,0.2172,2,45,2,97963,578481,6609,119647,4.581809973387403,0.1713826117846584
2169,0.2173,4,75,4,98038,578406,6613,119643,4.581215942212648,0.17139627733869686
2170,0.2174,2,28,2,98066,578378,6615,119641,4.580994170574072,0.1714007784888377
2171,0.2175,1,27,1,98093,578351,6616,119640,4.58078031935116,0.17140622157019217
2172,0.2176,2,41,2,98134,578310,6618,119638,4.58045558230896,0.1714139162229851
2173,0.2177,3,38,3,98172,578272,6621,119635,4.58015460651375,0.17141968772343594
2174,0.2178,5,63,5,98235,578209,6626,119630,4.579655620326955,0.17142922651213247
2175,0.2179,4,42,4,98277,578167,6630,119626,4.5793229628690915,0.17143479513265394
2176,0.218,11,175,11,98452,577992,6641,119615,4.577936890127994,0.17146473587564345
2177,0.2181,3,39,3,98491,577953,6644,119612,4.577627993917121,0.1714707589973694
2178,0.2182,9,59,9,98550,577894,6653,119603,4.577160689392979,0.17147457265049168
2179,0.2183,6,118,6,98668,577776,6659,119597,4.576226080344696,0.17149645885343998
2180,0.2184,2,37,2,98705,577739,6661,119595,4.57593302496515,0.17150318211932875
2181,0.2185,2,36,2,98741,577703,6663,119593,4.575647890001267,0.17150966017301117
2182,0.2186,14,122,14,98863,577581,6677,119579,4.574681599290331,0.17152303631877905
2183,0.2187,9,73,9,98936,577508,6686,119570,4.574103408946901,0.17153030220434443
2184,0.2188,4,61,4,98997,577447,6690,119566,4.573620263591433,0.17154055950175964
2185,0.2189,7,81,7,99078,577366,6697,119559,4.572978709922697,0.17155217562865444
2186,0.219,5,50,5,99128,577316,6702,119554,4.5725826891395265,0.1715585403303342
2187,0.2191,2,51,2,99179,577265,6704,119552,4.572178747940692,0.17156871890324146
2188,0.2192,8,100,8,99279,577165,6712,119544,4.5713867063743505,0.1715838319872429
2189,0.2193,17,239,17,99518,576926,6729,119527,4.569493727030794,0.1716224928315335
2190,0.2194,1,48,1,99566,576878,6730,119526,4.569113547078951,0.17163313249205922
2191,0.2195,2,9,2,99575,576869,6732,119524,4.56904226333798,0.17163297161229363
2192,0.2196,7,59,7,99634,576810,6739,119517,4.568574958813839,0.17163918676139228
2193,0.2197,2,23,2,99657,576787,6741,119515,4.56839278925358,0.17164247697119928
2194,0.2198,6,107,6,99764,576680,6747,119509,4.567545304777595,0.17166171829776108
2195,0.2199,5,29,5,99793,576651,6752,119504,4.567315612723355,0.1716629198957129
2196,0.22,13,112,13,99905,576539,6765,119491,4.566428526169053,0.17167507147680416
2197,0.2201,9,48,9,99953,576491,6774,119482,4.56604834621721,0.17167620008247447
2198,0.2202,4,71,4,100024,576420,6778,119478,4.565485996705107,0.17168895441573334
2199,0.2203,5,31,5,100055,576389,6783,119473,4.565240463819541,0.17169065130729944
2200,0.2204,13,77,13,100132,576312,6796,119460,4.564630591813458,0.1716941756782394
2201,0.2205,7,29,7,100161,576283,6803,119453,4.564400899759219,0.1716929984936815
2202,0.2206,2,69,2,100230,576214,6805,119451,4.5638543910784435,0.17170764664026508
2203,0.2207,6,56,6,100286,576158,6811,119445,4.5634108478012925,0.17171432555638777
2204,0.2208,7,87,7,100373,576071,6818,119438,4.562721771638576,0.1717274686596435
2205,0.2209,0,19,0,100392,576052,6818,119438,4.56257128374097,0.17173216005981395
2206,0.221,7,40,7,100432,576012,6825,119431,4.5622544671144345,0.17173370067712235
2207,0.2211,12,102,12,100534,575910,6837,119419,4.561446584716766,0.17174459860008714
2208,0.2212,8,74,8,100608,575836,6845,119411,4.560860473957673,0.17175334809067858
2209,0.2213,9,74,9,100682,575762,6854,119402,4.56027436319858,0.17176090821734152
2210,0.2214,6,36,6,100718,575726,6860,119396,4.559989228234698,0.17176265461314705
2211,0.2215,5,49,5,100767,575677,6865,119391,4.55960112786719,0.17176880535429628
2212,0.2216,7,71,7,100838,575606,6872,119384,4.559038778355088,0.17177801119440567
2213,0.2217,5,64,5,100902,575542,6877,119379,4.5585318717526295,0.17178787229051937
2214,0.2218,3,35,3,100937,575507,6880,119376,4.55825465720441,0.17179294931664754
2215,0.2219,4,21,4,100958,575486,6884,119372,4.5580883284754785,0.17179337361014768
2216,0.222,18,159,18,101117,575327,6902,119354,4.556828982384996,0.1718112342211749
2217,0.2221,10,87,10,101204,575240,6912,119344,4.5561399062222785,0.17182083088582517
2218,0.2222,0,27,0,101231,575213,6912,119344,4.555926054999366,0.17182751019714726
2219,0.2223,9,158,9,101389,575055,6921,119335,4.554674629324547,0.17185587350048243
2220,0.2224,8,35,8,101424,575020,6929,119327,4.554397414776328,0.1718549946928553
2221,0.2225,12,107,12,101531,574913,6941,119315,4.553549930300342,0.17186716755878473
2222,0.2226,1,33,1,101564,574880,6942,119314,4.55328855658345,0.17187414469154155
2223,0.2227,2,42,2,101606,574838,6944,119312,4.552955899125586,0.17188215803500684
2224,0.2228,8,88,8,101694,574750,6952,119304,4.552258902547206,0.17189440591077929
2225,0.2229,8,67,8,101761,574683,6960,119296,4.551728234697757,0.17190145523135425
2226,0.223,15,125,15,101886,574558,6975,119281,4.55073818273983,0.17191452195682283
2227,0.2231,5,48,5,101934,574510,6980,119276,4.550358002787986,0.17192044809206297
2228,0.2232,4,40,4,101974,574470,6984,119272,4.55004118616145,0.1719255861689216
2229,0.2233,4,68,4,102042,574402,6988,119268,4.549502597896337,0.1719376648838785
2230,0.2234,4,34,4,102076,574368,6992,119264,4.549233303763781,0.17194131758627054
2231,0.2235,4,34,4,102110,574334,6996,119260,4.548964009631225,0.17194497068890446
2232,0.2236,9,139,9,102249,574195,7005,119251,4.547863071854011,0.17196868970330784
2233,0.2237,9,84,9,102333,574111,7014,119242,4.547197756938284,0.17197877560203823
2234,0.2238,3,21,3,102354,574090,7017,119239,4.547031428209352,0.17198040180058818
2235,0.2239,3,40,3,102394,574050,7020,119236,4.546714611582816,0.17198674140253806
2236,0.224,8,102,8,102496,573948,7028,119228,4.545906729185147,0.17200249287338282
2237,0.2241,7,66,7,102562,573882,7035,119221,4.545383981751362,0.17201050926052838
2238,0.2242,3,39,3,102601,573843,7038,119218,4.545075085540489,0.172016604599018
2239,0.2243,4,84,4,102685,573759,7042,119214,4.544409770624762,0.17203267659778954
2240,0.2244,12,86,12,102771,573673,7054,119202,4.5437286148777085,0.1720396896987191
2241,0.2245,8,78,8,102849,573595,7062,119194,4.543110822455962,0.1720494984764481
2242,0.2246,9,93,9,102942,573502,7071,119185,4.542374223799265,0.17206184034058672
2243,0.2247,1,51,1,102993,573451,7072,119184,4.541970282600431,0.17207331422755132
2244,0.2248,10,54,10,103047,573397,7082,119174,4.541542580154607,0.1720747764489128
2245,0.2249,22,152,22,103199,573245,7104,119152,4.540338676973768,0.17208624531879832
2246,0.225,6,76,6,103275,573169,7110,119146,4.5397367253833485,0.17209796118818746
2247,0.2251,8,84,8,103359,573085,7118,119138,4.5390714104676215,0.1721092769237659
2248,0.2252,0,32,0,103391,573053,7118,119138,4.538817957166392,0.17211723353814193
2249,0.2253,5,28,5,103419,573025,7123,119133,4.538596185527816,0.17211821578310155
2250,0.2254,9,57,9,103476,572968,7132,119124,4.5381447218350015,0.17212162544863976
2251,0.2255,4,63,4,103539,572905,7136,119120,4.537645735648207,0.17213250966366822
2252,0.2256,7,40,7,103579,572865,7143,119113,4.53732891902167,0.17213408518767936
2253,0.2257,8,57,8,103636,572808,7151,119105,4.536877455328856,0.17213869373750745
2254,0.2258,8,146,8,103782,572662,7159,119097,4.535721074641997,0.17216545068441466
2255,0.2259,3,32,3,103814,572630,7162,119094,4.535467621340768,0.17216982495908772
2256,0.226,0,29,0,103843,572601,7162,119094,4.535237929286529,0.17217704335003145
2257,0.2261,3,104,3,103947,572497,7165,119091,4.534414206057534,0.1721993441181744
2258,0.2262,5,87,5,104034,572410,7170,119086,4.533725129894817,0.1722150236588498
2259,0.2263,3,56,3,104090,572354,7173,119083,4.533281586617666,0.17222537989722853
2260,0.2264,3,37,3,104127,572317,7176,119080,4.53298853123812,0.17223100476282077
2261,0.2265,5,62,5,104189,572255,7181,119075,4.532497465466988,0.17224046403309562
2262,0.2266,6,60,6,104249,572195,7187,119069,4.532022240527183,0.17224822933061754
2263,0.2267,2,36,2,104285,572159,7189,119067,4.5317371055633,0.17225480523012734
2264,0.2268,2,44,2,104329,572115,7191,119065,4.53138860727411,0.17226337567637953
2265,0.2269,17,189,17,104518,571926,7208,119048,4.529891648713725,0.17229012958519424
2266,0.227,8,76,8,104594,571850,7216,119040,4.529289697123305,0.1722994977492799
2267,0.2271,10,76,10,104670,571774,7226,119030,4.528687745532886,0.17230647187914372
2268,0.2272,1,23,1,104693,571751,7227,119029,4.528505575972627,0.17231101074148064
2269,0.2273,3,45,3,104738,571706,7230,119026,4.528149157267773,0.17231864167289196
2270,0.2274,2,43,2,104781,571663,7232,119024,4.527808579394247,0.17232697299934702
2271,0.2275,13,137,13,104918,571526,7245,119011,4.526723482448359,0.17234558032371908
2272,0.2276,3,49,3,104967,571477,7248,119008,4.526335382080852,0.17235421479105267
2273,0.2277,3,53,3,105020,571424,7251,119005,4.52591560005069,0.17236384914306901
2274,0.2278,2,62,2,105082,571362,7253,119003,4.525424534279559,0.17237693104372326
2275,0.2279,11,155,11,105237,571207,7264,118992,4.52419686985173,0.17240245204643878
2276,0.228,3,63,3,105300,571144,7267,118989,4.523697883664934,0.17241459254955205
2277,0.2281,3,40,3,105340,571104,7270,118986,4.5233810670383985,0.17242098856670868
2278,0.2282,3,83,3,105423,571021,7273,118983,4.522723672538334,0.17243813079344467
2279,0.2283,6,60,6,105483,570961,7279,118977,4.52224844759853,0.1724459299241381
2280,0.2284,9,61,9,105544,570900,7288,118968,4.521765302243062,0.17245038181217276
2281,0.2285,10,87,10,105631,570813,7298,118958,4.5210762260803445,0.17246013532027296
2282,0.2286,14,129,14,105760,570684,7312,118944,4.5200544924597645,0.17247559553846423
2283,0.2287,10,132,10,105892,570552,7322,118934,4.519008997592193,0.17249661341927175
2284,0.2288,11,75,11,105967,570477,7333,118923,4.518414966417438,0.17250217580504787
2285,0.2289,4,55,4,106022,570422,7337,118919,4.517979343555949,0.17251113744866475
2286,0.229,18,137,18,106159,570285,7355,118901,4.516894246610062,0.17252381795335367
2287,0.2291,13,134,13,106293,570151,7368,118888,4.515832910911165,0.17254175743317868
2288,0.2292,2,22,2,106315,570129,7370,118886,4.51565866176657,0.17254486477072342
2289,0.2293,4,46,4,106361,570083,7374,118882,4.515294322646053,0.17255158099468043
2290,0.2294,6,100,6,106461,569983,7380,118876,4.514502281079711,0.17256942277011697
2291,0.2295,3,41,3,106502,569942,7383,118873,4.514177544037511,0.1725760908226447
2292,0.2296,6,82,6,106584,569860,7389,118867,4.513528069953111,0.1725894294836706
2293,0.2297,0,104,0,106688,569756,7389,118867,4.512704346724116,0.17261549498056267
2294,0.2298,4,59,4,106747,569697,7393,118863,4.512237042199975,0.17262547926106658
2295,0.2299,5,110,5,106857,569587,7398,118858,4.5113657964769995,0.17264705241522563
2296,0.23,2,40,2,106897,569547,7400,118856,4.511048979850463,0.17265468047059643
2297,0.2301,3,44,3,106941,569503,7403,118853,4.510700481561273,0.1726621108844842
2298,0.2302,7,32,7,106973,569471,7410,118846,4.510447028260043,0.17266172417650588
2299,0.2303,9,97,9,107070,569374,7419,118837,4.509678747940692,0.17267524058755238
2300,0.2304,2,21,2,107091,569353,7421,118835,4.50951241921176,0.172678105401431
2301,0.2305,3,66,3,107157,569287,7424,118832,4.508989671777975,0.17269106070316326
2302,0.2306,18,58,18,107215,569229,7442,118814,4.508530287669497,0.17268397469344213
2303,0.2307,6,65,6,107280,569164,7448,118808,4.508015460651375,0.17269307471815715
2304,0.2308,11,92,11,107372,569072,7459,118797,4.507286782410341,0.172702941984593
2305,0.2309,7,141,7,107513,568931,7466,118790,4.5061700038018,0.1727299297244086
2306,0.231,5,47,5,107560,568884,7471,118785,4.505797744265619,0.17273572023749797
2307,0.2311,7,104,7,107664,568780,7478,118778,4.504974021036624,0.1727534258927974
2308,0.2312,3,49,3,107713,568731,7481,118775,4.504585920669117,0.17276212862142293
2309,0.2313,6,42,6,107755,568689,7487,118769,4.504253263211253,0.17276546349013322
2310,0.2314,21,194,21,107949,568495,7508,118748,4.502716702572551,0.17278895528946822
2311,0.2315,1,36,1,107985,568459,7509,118747,4.502431567608668,0.17279680328751496
2312,0.2316,5,45,5,108030,568414,7514,118742,4.502075148903814,0.17280210025088918
2313,0.2317,6,65,6,108095,568349,7520,118736,4.501560321885693,0.17281122422989878
2314,0.2318,7,75,7,108170,568274,7527,118729,4.500966290710936,0.17282166162302057
2315,0.2319,6,56,6,108226,568218,7533,118723,4.500522747433785,0.17282852530275525
2316,0.232,16,145,16,108371,568073,7549,118707,4.49937428716259,0.17284574390634555
2317,0.2321,11,192,11,108563,567881,7560,118696,4.4978535673552145,0.17288082764205617
2318,0.2322,6,123,6,108686,567758,7566,118690,4.4968793562286145,0.1729045754376151
2319,0.2323,0,50,0,108736,567708,7566,118690,4.496483335445444,0.17291717050457606
2320,0.2324,8,97,8,108833,567611,7574,118682,4.495715055126093,0.17293196929008456
2321,0.2325,7,31,7,108864,567580,7581,118675,4.495469522240527,0.1729313447625154
2322,0.2326,4,52,4,108916,567528,7585,118671,4.4950576606260295,0.17293962830024526
2323,0.2327,1,29,1,108945,567499,7586,118670,4.494827968571791,0.17294573202811553
2324,0.2328,6,34,6,108979,567465,7592,118664,4.494558674439235,0.17294706972012552
2325,0.2329,5,55,5,109034,567410,7597,118659,4.494123051577747,0.17295490686796808
2326,0.233,3,31,3,109065,567379,7600,118656,4.493877518692181,0.17295910558499203
2327,0.2331,5,76,5,109141,567303,7605,118651,4.493275567101762,0.1729722401210577
2328,0.2332,3,37,3,109178,567266,7608,118648,4.492982511722215,0.17297795350437517
2329,0.2333,9,62,9,109240,567204,7617,118639,4.492491445951083,0.17298273803188194
2330,0.2334,8,117,8,109357,567087,7625,118631,4.491564757318464,0.17300260456922525
2331,0.2335,8,77,8,109434,567010,7633,118623,4.490954885312381,0.17301238417637424
2332,0.2336,9,69,9,109503,566941,7642,118614,4.490408376631605,0.17301894085813685
2333,0.2337,3,32,3,109535,566909,7645,118611,4.490154923330376,0.1730233982961839
2334,0.2338,4,36,4,109571,566873,7649,118607,4.4898697883664935,0.17302765945031218
2335,0.2339,6,82,6,109653,566791,7655,118601,4.489220314282093,0.17304112099353364
2336,0.234,9,131,9,109784,566660,7664,118592,4.488182739830187,0.17306334020185274
2337,0.2341,7,64,7,109848,566596,7671,118585,4.487675833227728,0.17307105713672738
2338,0.2342,6,68,6,109916,566528,7677,118579,4.487137244962615,0.17308099318792539
2339,0.2343,7,44,7,109960,566484,7684,118572,4.486788746673425,0.17308366031390135
2340,0.2344,6,47,6,110007,566437,7690,118566,4.486416487137245,0.17308829304397208
2341,0.2345,2,28,2,110035,566409,7692,118564,4.486194715498669,0.17309295402884492
2342,0.2346,15,214,15,110249,566195,7707,118549,4.484499746546699,0.17312893577745844
2343,0.2347,5,79,5,110328,566116,7712,118544,4.483874033709289,0.17314287383518828
2344,0.2348,7,92,7,110420,566024,7719,118537,4.483145355468255,0.1731576879197033
2345,0.2349,11,54,11,110474,565970,7730,118526,4.482717653022431,0.17315806082139268
2346,0.235,10,90,10,110564,565880,7740,118516,4.482004815612723,0.17316875025569992
2347,0.2351,6,42,6,110606,565838,7746,118510,4.4816721581548595,0.17317212879996727
2348,0.2352,8,108,8,110714,565730,7754,118502,4.480816753263211,0.17318979527411754
2349,0.2353,5,54,5,110768,565676,7759,118497,4.4803890508173865,0.17319742228939172
2350,0.2354,6,69,6,110837,565607,7765,118491,4.479842542136612,0.1732076398410754
2351,0.2355,13,80,13,110917,565527,7778,118478,4.479208908883538,0.1732121841214611
2352,0.2356,7,99,7,111016,565428,7785,118471,4.47842478773286,0.17322879548003434
2353,0.2357,7,42,7,111058,565386,7792,118464,4.478092130274997,0.1732309717043211
2354,0.2358,10,112,10,111170,565274,7802,118454,4.477205043720694,0.17324725621884726
2355,0.2359,5,70,5,111240,565204,7807,118449,4.476650614624256,0.17325894861867058
2356,0.236,6,68,6,111308,565136,7813,118443,4.476112026359143,0.1732689272198239
2357,0.2361,7,80,7,111388,565056,7820,118436,4.47547839310607,0.1732807406670451
2358,0.2362,8,82,8,111470,564974,7828,118428,4.47482891902167,0.1732918545746135
2359,0.2363,4,84,4,111554,564890,7832,118424,4.474163604105944,0.17330831799143587
2360,0.2364,3,64,3,111618,564826,7835,118421,4.473656697503485,0.1733209220091709
2361,0.2365,2,31,2,111649,564795,7837,118419,4.473411164617919,0.17332636626298642
2362,0.2366,13,111,13,111760,564684,7850,118406,4.472531998479281,0.17333879869416915
2363,0.2367,5,69,5,111829,564615,7855,118401,4.471985489798505,0.1733502582662778
2364,0.2368,18,182,18,112011,564433,7873,118383,4.4705439741477635,0.17337467194676165
2365,0.2369,5,41,5,112052,564392,7878,118378,4.470219237105563,0.17337902954142684
2366,0.237,7,78,7,112130,564314,7885,118371,4.469601444683817,0.17339036305177352
2367,0.2371,8,87,8,112217,564227,7893,118363,4.4689123685211,0.1734027747256772
2368,0.2372,5,55,5,112272,564172,7898,118358,4.468476745659612,0.17341069257028996
2369,0.2373,11,117,11,112389,564055,7909,118347,4.467550057026993,0.17342710015504056
2370,0.2374,3,35,3,112424,564020,7912,118344,4.467272842478773,0.17343236161344971
2371,0.2375,8,87,8,112511,563933,7920,118336,4.466583766316056,0.1734447849748413
2372,0.2376,6,40,6,112551,563893,7926,118330,4.46626694968952,0.17344768499449592
2373,0.2377,11,76,11,112627,563817,7937,118319,4.465664998099101,0.17345368079092732
2374,0.2378,4,22,4,112649,563795,7941,118315,4.4654907489545055,0.1734544281714093
2375,0.2379,10,137,10,112786,563658,7951,118305,4.464405652008617,0.17347715345260667
2376,0.238,14,163,14,112949,563495,7965,118291,4.463114624255481,0.17350165594482725
2377,0.2381,3,43,3,112992,563452,7968,118288,4.462774046381954,0.1735089623610174
2378,0.2382,7,101,7,113093,563351,7975,118281,4.461974084399949,0.17352618421670343
2379,0.2383,5,45,5,113138,563306,7980,118276,4.461617665695096,0.1735315780052877
2380,0.2384,3,31,3,113169,563275,7983,118273,4.4613721328095295,0.17353583313280943
2381,0.2385,7,79,7,113248,563196,7990,118266,4.4607464199721205,0.1735474611937276
2382,0.2386,6,70,6,113318,563126,7996,118260,4.460191990875681,0.17355801263894474
2383,0.2387,5,96,5,113414,563030,8001,118255,4.459431630971993,0.17357640341413652
2384,0.2388,22,213,22,113627,562817,8023,118233,4.457744582435686,0.17360399383305192
2385,0.2389,9,74,9,113701,562743,8032,118224,4.4571584716765935,0.17361193714232848
2386,0.239,20,231,20,113932,562512,8052,118204,4.455328855658345,0.173646572138748
2387,0.2391,8,51,8,113983,562461,8060,118196,4.454924914459511,0.17364987063969076
2388,0.2392,12,131,12,114114,562330,8072,118184,4.453887340007603,0.1736687268740981
2389,0.2393,8,62,8,114176,562268,8080,118176,4.453396274236472,0.17367483584247934
2390,0.2394,5,103,5,114279,562165,8085,118171,4.452580471423141,0.17369505656028786
2391,0.2395,4,69,4,114348,562096,8089,118167,4.452033962742365,0.17370781594765555
2392,0.2396,5,51,5,114399,562045,8094,118162,4.45163002154353,0.17371476624027685
2393,0.2397,8,70,8,114469,561975,8102,118154,4.451075592447092,0.17372292609196197
2394,0.2398,5,60,5,114529,561915,8107,118149,4.4506003675072865,0.173732178147939
2395,0.2399,14,208,14,114737,561707,8121,118135,4.448952921049297,0.1737683167559521
2396,0.24,3,41,3,114778,561666,8124,118132,4.448628184007097,0.17377515085363593
2397,0.2401,8,69,8,114847,561597,8132,118124,4.448081675326321,0.17378306687596823
2398,0.2402,5,72,5,114919,561525,8137,118119,4.447511405398555,0.1737953987675901
2399,0.2403,13,116,13,115035,561409,8150,118106,4.446592637181599,0.17380926101704894
2400,0.2404,0,36,0,115071,561373,8150,118106,4.446307502217716,0.17381846973931497
2401,0.2405,22,233,22,115304,561140,8172,118084,4.444462045368141,0.17385133623075746
2402,0.2406,8,89,8,115393,561051,8180,118076,4.443757128374097,0.17386438766239598
2403,0.2407,9,60,9,115453,560991,8189,118067,4.4432819034342925,0.17386880060318854
2404,0.2408,4,51,4,115504,560940,8193,118063,4.442877962235458,0.17387699317970612
2405,0.2409,7,135,7,115639,560805,8200,118056,4.441808706120897,0.17390305231851585
2406,0.241,12,90,12,115729,560715,8212,118044,4.44109586871119,0.17391150614577486
2407,0.2411,5,65,5,115794,560650,8217,118039,4.440581041693068,0.17392207623815917
2408,0.2412,5,72,5,115866,560578,8222,118034,4.440010771765302,0.17393444265648117
2409,0.2413,14,134,14,116000,560444,8236,118020,4.438949436066404,0.17395174983492123
2410,0.2414,3,28,3,116028,560416,8239,118017,4.438727664427829,0.1739552763500596
2411,0.2415,4,36,4,116064,560380,8243,118013,4.438442529463947,0.1739596369655937
2412,0.2416,9,101,9,116165,560279,8252,118004,4.437642567481942,0.1739745799319753
2413,0.2417,18,228,18,116393,560051,8270,117986,4.4358367127106835,0.17401115278369764
2414,0.2418,3,29,3,116422,560022,8273,117983,4.435607020656444,0.17401494089276628
2415,0.2419,4,46,4,116468,559976,8277,117979,4.435242681535927,0.1740218746081967
2416,0.242,9,62,9,116530,559914,8286,117970,4.434751615764795,0.17402682464846492
2417,0.2421,8,83,8,116613,559831,8294,117962,4.434094221264732,0.17403838635099506
2418,0.2422,4,70,4,116683,559761,8298,117958,4.433539792168293,0.1740514874158759
2419,0.2423,13,89,13,116772,559672,8311,117945,4.432834875174249,0.17405850207418055
2420,0.2424,4,48,4,116820,559624,8315,117941,4.432454695222405,0.17406595677167505
2421,0.2425,6,39,6,116859,559585,8321,117935,4.432145799011532,0.17406866217971426
2422,0.2426,2,53,2,116912,559532,8323,117933,4.431726016981371,0.1740798417630431
2423,0.2427,3,52,3,116964,559480,8326,117930,4.431314155366874,0.17408954695088646
2424,0.2428,1,43,1,117007,559437,8327,117929,4.430973577493347,0.17409937906537973
2425,0.2429,2,47,2,117054,559390,8329,117927,4.430601317957167,0.17410902132974662
2426,0.243,7,106,7,117160,559284,8336,117920,4.429761753896845,0.1741277369891495
2427,0.2431,2,36,2,117196,559248,8338,117918,4.429476618932962,0.1741345548949593
2428,0.2432,6,33,6,117229,559215,8344,117912,4.429215245216069,0.17413572343149808
2429,0.2433,8,52,8,117281,559163,8352,117904,4.428803383601571,0.17413933923821423
2430,0.2434,5,67,5,117348,559096,8357,117899,4.428272715752123,0.17415047378488763
2431,0.2435,10,125,10,117473,558971,8367,117889,4.4272826637941955,0.17417043406317406
2432,0.2436,17,155,17,117628,558816,8384,117872,4.426054999366367,0.17418958220036412
2433,0.2437,0,40,0,117668,558776,8384,117872,4.42573818273983,0.17419987940554024
2434,0.2438,14,115,14,117783,558661,8398,117858,4.424827334938538,0.1742124020167948
2435,0.2439,7,115,7,117898,558546,8405,117851,4.423916487137245,0.1742334753110969
2436,0.244,2,40,2,117938,558506,8407,117849,4.423599670510709,0.1742413377590171
2437,0.2441,11,79,11,118017,558427,8418,117838,4.422973957673299,0.1742482606670462
2438,0.2442,2,56,2,118073,558371,8420,117836,4.422530414396148,0.17426024871082377
2439,0.2443,4,54,4,118127,558317,8424,117832,4.422102711950323,0.17426928088335558
2440,0.2444,2,29,2,118156,558288,8426,117830,4.4218730198960845,0.17427431306369598
2441,0.2445,4,43,4,118199,558245,8430,117826,4.421532442022557,0.17428051195806357
2442,0.2446,4,47,4,118246,558198,8434,117822,4.421160182486377,0.17428774296618443
2443,0.2447,5,129,5,118375,558069,8439,117817,4.420138448865797,0.17431489925815893
2444,0.2448,13,132,13,118507,557937,8452,117804,4.419092953998226,0.17433306547922947
2445,0.2449,1,80,1,118587,557857,8453,117803,4.418459320745153,0.1743524849776515
2446,0.245,8,72,8,118659,557785,8461,117795,4.4178890508173865,0.1743612895586015
2447,0.2451,11,104,11,118763,557681,8472,117784,4.417065327588392,0.17437469002835085
2448,0.2452,12,45,12,118808,557636,8484,117772,4.416708908883538,0.1743716390685334
2449,0.2453,4,45,4,118853,557591,8488,117768,4.416352490178684,0.17437836765335177
2450,0.2454,5,83,5,118936,557508,8493,117763,4.415695095678621,0.17439368786753762
2451,0.2455,10,95,10,119031,557413,8503,117753,4.414942656190597,0.17440599793236033
2452,0.2456,4,30,4,119061,557383,8507,117749,4.414705043720694,0.17440885634216716
2453,0.2457,6,96,6,119157,557287,8513,117743,4.413944683817006,0.1744263217931055
2454,0.2458,15,100,15,119257,557187,8528,117728,4.413152642250665,0.1744338175918449
2455,0.2459,8,95,8,119352,557092,8536,117720,4.412400202762641,0.17444858716205403
2456,0.246,7,71,7,119423,557021,8543,117713,4.411837853250539,0.17445837915385914
2457,0.2461,3,36,3,119459,556985,8546,117710,4.411552718286655,0.17446401707438175
2458,0.2462,10,122,10,119581,556863,8556,117700,4.410586427575719,0.1744833321720877
2459,0.2463,10,122,10,119703,556741,8566,117690,4.409620136864783,0.17450265483051638
2460,0.2464,10,97,10,119800,556644,8576,117680,4.408851856545431,0.1745155147970412
2461,0.2465,18,197,18,119997,556447,8594,117662,4.4072915346597386,0.17454447277814122
2462,0.2466,5,29,5,120026,556418,8599,117657,4.4070618426055,0.17454585914030338
2463,0.2467,12,120,12,120146,556298,8611,117645,4.40611139272589,0.17456224042686103
2464,0.2468,6,66,6,120212,556232,8617,117639,4.405588645292105,0.17457198781369135
2465,0.2469,5,66,5,120278,556166,8622,117634,4.40506589785832,0.1745829623033541
2466,0.247,8,113,8,120391,556053,8630,117626,4.404170890888354,0.17460244419077928
2467,0.2471,11,125,11,120516,555928,8641,117615,4.403180838930427,0.17462136790078733
2468,0.2472,7,58,7,120574,555870,8648,117608,4.402721454821949,0.17462782748656971
2469,0.2473,10,144,10,120718,555726,8658,117598,4.401580914966417,0.1746529159810136
2470,0.2474,6,45,6,120763,555681,8664,117592,4.401224496261563,0.17465723413830644
2471,0.2475,2,45,2,120808,555636,8666,117590,4.40086807755671,0.17466645673221176
2472,0.2476,16,160,16,120968,555476,8682,117574,4.399600811050564,0.17468835896292995
2473,0.2477,3,61,3,121029,555415,8685,117571,4.399117665695096,0.174700513829411
2474,0.2478,15,125,15,121154,555290,8700,117556,4.398127613737169,0.17471457064469434
2475,0.2479,12,125,12,121279,555165,8712,117544,4.3971375617792425,0.17473231367500658
2476,0.248,4,51,4,121330,555114,8716,117540,4.396733620580408,0.17474065418476661
2477,0.2481,15,95,15,121425,555019,8731,117525,4.395981181092384,0.17474693105581196
2478,0.2482,6,103,6,121528,554916,8737,117519,4.395165378279052,0.17476633429253385
2479,0.2483,9,64,9,121592,554852,8746,117510,4.3946584716765935,0.17477192345789916
2480,0.2484,12,80,12,121672,554772,8758,117498,4.394024838423521,0.17477799098576466
2481,0.2485,7,92,7,121764,554680,8765,117491,4.393296160182486,0.17479331896199032
2482,0.2486,9,77,9,121841,554603,8774,117482,4.392686288176404,0.17480229435264885
2483,0.2487,11,138,11,121979,554465,8785,117471,4.391593270814853,0.1748246856843509
2484,0.2488,4,44,4,122023,554421,8789,117467,4.3912447725256625,0.17483122187031172
2485,0.2489,3,74,3,122097,554347,8792,117464,4.39065866176657,0.17484679470863085
2486,0.249,3,25,3,122122,554322,8795,117461,4.390460651374984,0.17484961661727075
2487,0.2491,4,35,4,122157,554287,8799,117457,4.3901834368267645,0.17485381335746952
2488,0.2492,10,86,10,122243,554201,8809,117447,4.389502281079711,0.17486391681356903
2489,0.2493,10,72,10,122315,554129,8819,117437,4.388932011151946,0.17487037759505394
2490,0.2494,5,68,5,122383,554061,8824,117432,4.388393422886833,0.17488194217959085
2491,0.2495,12,70,12,122453,553991,8836,117420,4.387838993790394,0.17488542785268635
2492,0.2496,11,93,11,122546,553898,8847,117409,4.387102395133697,0.1748961354492058
2493,0.2497,4,49,4,122595,553849,8851,117405,4.38671429476619,0.17490398567457327
2494,0.2498,14,180,14,122775,553669,8865,117391,4.385288619946775,0.17493368700265252
2495,0.2499,14,97,14,122872,553572,8879,117377,4.384520339627423,0.1749417615943984
2496,0.25,7,40,7,122912,553532,8886,117370,4.384203523000887,0.17494358341456726
2497,0.2501,8,63,8,122975,553469,8894,117362,4.383704536814092,0.17495017373973476
2498,0.2502,18,175,18,123150,553294,8912,117344,4.382318464072995,0.17497368177765055
2499,0.2503,11,125,11,123275,553169,8923,117333,4.381328412115068,0.17499276661367155
2500,0.2504,5,58,5,123333,553111,8928,117328,4.38086902800659,0.17500175258300904
2501,0.2505,6,49,6,123382,553062,8934,117322,4.380480927639082,0.17500716007541947
2502,0.2506,9,64,9,123446,552998,8943,117313,4.379974021036624,0.17501279256941926
2503,0.2507,8,35,8,123481,552963,8951,117305,4.379696806488404,0.17501208471835147
2504,0.2508,10,102,10,123583,552861,8961,117295,4.378888924090736,0.17502641176084374
2505,0.2509,10,127,10,123710,552734,8971,117285,4.377883031301483,0.17504727477877494
2506,0.251,2,66,2,123776,552668,8973,117283,4.377360283867698,0.1750620567772867
2507,0.2511,23,152,23,123928,552516,8996,117260,4.376156380686859,0.17507345739471106
2508,0.2512,3,33,3,123961,552483,8999,117257,4.375895006969966,0.17507838862842298
2509,0.2513,15,220,15,124181,552263,9014,117242,4.374152515524015,0.17511743750980202
2510,0.2514,4,78,4,124259,552185,9018,117238,4.373534723102268,0.17513291297132008
2511,0.2515,16,167,16,124426,552018,9034,117222,4.372212013686478,0.17515689438766363
2512,0.2516,5,106,5,124532,551912,9039,117217,4.371372449626157,0.1751784782904343
2513,0.2517,5,47,5,124579,551865,9044,117212,4.371000190089976,0.17518462000636698
2514,0.2518,6,68,6,124647,551797,9050,117206,4.370461601824863,0.17519502902079662
2515,0.2519,6,48,6,124695,551749,9056,117200,4.37008142187302,0.175200202108083
2516,0.252,8,60,8,124755,551689,9064,117192,4.369606196933215,0.17520605309464612
2517,0.2521,7,44,7,124799,551645,9071,117185,4.369257698644025,0.1752089469670918
2518,0.2522,5,63,5,124862,551582,9076,117180,4.36875871245723,0.17521928578477844
2519,0.2523,8,53,8,124915,551529,9084,117172,4.368338930427069,0.17522330608149234
2520,0.2524,4,52,4,124967,551477,9088,117168,4.3679270688125715,0.17523199904284037
2521,0.2525,7,106,7,125073,551371,9095,117161,4.3670875047522495,0.17525114728988292
2522,0.2526,1,39,1,125112,551332,9096,117160,4.3667786085413764,0.17526013774286006
2523,0.2527,3,88,3,125200,551244,9099,117157,4.366081611962996,0.17527951035381456
2524,0.2528,20,217,20,125417,551027,9119,117137,4.364362881764035,0.1753117498099269
2525,0.2529,4,26,4,125443,551001,9123,117133,4.364156950956787,0.1753136346900472
2526,0.253,8,102,8,125545,550899,9131,117125,4.363349068559118,0.17533052704693244
2527,0.2531,8,98,8,125643,550801,9139,117117,4.362572867824103,0.1753463748543983
2528,0.2532,9,80,9,125723,550721,9148,117108,4.361939234571031,0.17535626634961943
2529,0.2533,15,145,15,125868,550576,9163,117093,4.3607907742998355,0.175375822450945
2530,0.2534,11,117,11,125985,550459,9174,117082,4.3598640856672155,0.17539297211706847
2531,0.2535,4,91,4,126076,550368,9178,117078,4.359143327841845,0.17541194343812083
2532,0.2536,10,160,10,126236,550208,9188,117068,4.357876061335699,0.17544164633524958
2533,0.2537,11,139,11,126375,550069,9199,117057,4.356775123558484,0.1754646048872327
2534,0.2538,5,30,5,126405,550039,9204,117052,4.356537511088582,0.17546631569006327
2535,0.2539,5,84,5,126489,549955,9209,117047,4.3558721961728555,0.17548223243708413
2536,0.254,12,138,12,126627,549817,9221,117035,4.354779178811304,0.1755037099686287
2537,0.2541,8,88,8,126715,549729,9229,117027,4.354082182232924,0.1755169807245829
2538,0.2542,11,61,11,126776,549668,9240,117016,4.353599036877456,0.17551943649465113
2539,0.2543,11,99,11,126875,549569,9251,117005,4.3528149157267775,0.17553189893395182
2540,0.2544,9,109,9,126984,549460,9260,116996,4.351951590419465,0.17554947363366824
2541,0.2545,9,65,9,127049,549395,9269,116987,4.3514367634013436,0.17555546218235185
2542,0.2546,8,65,8,127114,549330,9277,116979,4.350921936383221,0.1755626893828539
2543,0.2547,4,34,4,127148,549296,9281,116975,4.350652642250665,0.175566698835759
2544,0.2548,1,36,1,127184,549260,9282,116974,4.350367507286783,0.17557494814134372
2545,0.2549,6,50,6,127234,549210,9288,116968,4.349971486503612,0.17558070065357909
2546,0.255,26,262,26,127496,548948,9314,116942,4.347896337599797,0.17561759449758968
2547,0.2551,7,107,7,127603,548841,9321,116935,4.347048853123812,0.1756371512340487
2548,0.2552,7,112,7,127715,548729,9328,116928,4.34616176656951,0.17565803409263328
2549,0.2553,5,60,5,127775,548669,9333,116923,4.345686541629704,0.17566767629418623
2550,0.2554,11,189,11,127964,548480,9344,116912,4.344189583069319,0.17570394594464617
2551,0.2555,8,39,8,128003,548441,9352,116904,4.343880686858446,0.17570433384184145
2552,0.2556,11,80,11,128083,548361,9363,116893,4.343247053605373,0.17571183337492147
2553,0.2557,11,173,11,128256,548188,9374,116882,4.341876821695602,0.17574390665644218
2554,0.2558,6,95,6,128351,548093,9380,116876,4.341124382207578,0.17576157685546243
2555,0.2559,5,29,5,128380,548064,9385,116871,4.340894690153339,0.1757630445081098
2556,0.256,15,123,15,128503,547941,9400,116856,4.339920479026739,0.17577696650255642
2557,0.2561,4,45,4,128548,547896,9404,116852,4.3395640603218855,0.17578390608170313
2558,0.2562,2,30,2,128578,547866,9406,116850,4.339326447851983,0.17578935966638384
2559,0.2563,15,97,15,128675,547769,9421,116835,4.338558167532632,0.1757964141052416
2560,0.2564,5,63,5,128738,547706,9426,116830,4.338059181345837,0.17580687878459555
2561,0.2565,8,86,8,128824,547620,9434,116822,4.337378025598784,0.17581971037351643
2562,0.2566,10,73,10,128897,547547,9444,116812,4.336799835255354,0.17582662385848616
2563,0.2567,6,54,6,128951,547493,9450,116806,4.3363721328095295,0.17583347257786028
2564,0.2568,2,51,2,129002,547442,9452,116804,4.335968191610696,0.17584449134808489
2565,0.2569,21,320,21,129322,547122,9473,116783,4.333433658598404,0.1759031789186706
2566,0.257,11,166,11,129488,546956,9484,116772,4.332118869598276,0.1759335149338283
2567,0.2571,10,65,10,129553,546891,9494,116762,4.331604042580155,0.17593832921722646
2568,0.2572,1,50,1,129603,546841,9495,116761,4.331208021796984,0.17595034373012738
2569,0.2573,5,148,5,129751,546693,9500,116756,4.330035800278798,0.17598338380191997
2570,0.2574,10,64,10,129815,546629,9510,116746,4.32952889367634,0.1759879404560015
2571,0.2575,7,60,7,129875,546569,9517,116739,4.3290536687365355,0.17599516363439005
2572,0.2576,6,76,6,129951,546493,9523,116733,4.328451717146116,0.17600787665139786
2573,0.2577,6,52,6,130003,546441,9529,116727,4.328039855531618,0.1760142226404169
2574,0.2578,2,45,2,130048,546396,9531,116725,4.3276834368267645,0.17602368195246418
2575,0.2579,13,206,13,130254,546190,9544,116712,4.326051831200101,0.1760622233754009
2576,0.258,5,39,5,130293,546151,9549,116707,4.325742934989228,0.1760663671555597
2577,0.2581,6,70,6,130363,546081,9555,116701,4.32518850589279,0.1760775036135562
2578,0.2582,10,107,10,130470,545974,9565,116691,4.324341021416804,0.1760935012412003
2579,0.2583,9,40,9,130510,545934,9574,116682,4.324024204790267,0.17609294070774023
2580,0.2584,9,56,9,130566,545878,9583,116673,4.323580661513116,0.17609663256111605
2581,0.2585,29,360,29,130926,545518,9612,116644,4.320729311874287,0.17615628803827463
2582,0.2586,4,63,4,130989,545455,9616,116640,4.320230325687492,0.1761680725575635
2583,0.2587,9,50,9,131039,545405,9625,116631,4.3198343049043215,0.17617017805678242
2584,0.2588,17,282,17,131321,545123,9642,116614,4.317600747687239,0.17622408902630501
2585,0.2589,10,85,10,131406,545038,9652,116604,4.316927512355848,0.1762342777514124
2586,0.259,7,58,7,131464,544980,9659,116597,4.3164681282473705,0.17624101200616105
2587,0.2591,0,24,0,131488,544956,9659,116597,4.316278038271449,0.17624740572561837
2588,0.2592,3,58,3,131546,544898,9662,116594,4.31581865416297,0.17625912331517238
2589,0.2593,24,234,24,131780,544664,9686,116570,4.313965276897732,0.17629160025044086
2590,0.2594,25,240,25,132020,544424,9711,116545,4.312064377138512,0.17632445697150698
2591,0.2595,7,82,7,132102,544342,9718,116538,4.3114149030541125,0.17633761045878224
2592,0.2596,6,55,6,132157,544287,9724,116532,4.310979280192624,0.1763448084876494
2593,0.2597,16,205,16,132362,544082,9740,116516,4.309355594981625,0.17637958334720966
2594,0.2598,4,38,4,132400,544044,9744,116512,4.309054619186415,0.17638474255021527
2595,0.2599,9,113,9,132513,543931,9753,116503,4.308159612216449,0.17640369817423088
2596,0.26,3,33,3,132546,543898,9756,116500,4.307898238499557,0.17640877168010805
2597,0.2601,9,107,9,132653,543791,9765,116491,4.307050754023571,0.1764261330764734
2598,0.2602,13,79,13,132732,543712,9778,116478,4.306425041186161,0.176431027431497
2599,0.2603,8,66,8,132798,543646,9786,116470,4.305902293752376,0.17643868653388192
2600,0.2604,15,117,15,132915,543529,9801,116455,4.304975605119757,0.1764512473029649
2601,0.2605,9,79,9,132994,543450,9810,116446,4.304349892282347,0.1764611393310461
2602,0.2606,22,242,22,133236,543208,9832,116424,4.302433151691801,0.17649841123535548
2603,0.2607,3,33,3,133269,543175,9835,116421,4.302171777974908,0.17650349607941831
2604,0.2608,12,157,12,133426,543018,9847,116409,4.300928272715752,0.17653053332666088
2605,0.2609,7,36,7,133462,542982,9854,116402,4.3006431377518695,0.17653142933404511
2606,0.261,5,60,5,133522,542922,9859,116397,4.300167912812064,0.17654124938004215
2607,0.2611,10,129,10,133651,542793,9869,116387,4.299146179191484,0.17656330592554387
2608,0.2612,5,43,5,133694,542750,9874,116382,4.298805601317957,0.17656857806933968
2609,0.2613,11,93,11,133787,542657,9885,116371,4.29806900266126,0.17657975078448868
2610,0.2614,2,44,2,133831,542613,9887,116369,4.297720504372069,0.1765890418858178
2611,0.2615,5,70,5,133901,542543,9892,116364,4.297166075275631,0.1766015537852838
2612,0.2616,12,185,12,134086,542358,9904,116352,4.295700798377899,0.176636152479847
2613,0.2617,6,51,6,134137,542307,9910,116346,4.295296857179065,0.17664232911715275
2614,0.2618,10,80,10,134217,542227,9920,116336,4.294663223925991,0.1766512846910622
2615,0.2619,7,41,7,134258,542186,9927,116329,4.294338486883792,0.17665353105092518
2616,0.262,6,97,6,134355,542089,9933,116323,4.29357020656444,0.1766720533647625
2617,0.2621,4,46,4,134401,542043,9937,116319,4.293205867443923,0.17667939522633444
2618,0.2622,12,177,12,134578,541866,9949,116307,4.291803953871499,0.17671189793564915
2619,0.2623,18,211,18,134789,541655,9967,116289,4.290132746166519,0.17674604525613122
2620,0.2624,9,69,9,134858,541586,9976,116280,4.289586237485743,0.17675332058504314
2621,0.2625,4,72,4,134930,541514,9980,116276,4.289015967557978,0.17676766141169675
2622,0.2626,5,101,5,135031,541413,9985,116271,4.288216005575973,0.1767885489079862
2623,0.2627,15,174,15,135205,541239,10000,116256,4.286837853250539,0.17681655373805125
2624,0.2628,7,70,7,135275,541169,10007,116249,4.2862834241540995,0.17682661563875646
2625,0.2629,3,26,3,135301,541143,10010,116246,4.286077493346851,0.17682985264432474
2626,0.263,22,292,22,135593,540851,10032,116224,4.283764731973134,0.1768808735684663
2627,0.2631,1,24,1,135617,540827,10033,116223,4.283574641997212,0.17688608172893996
2628,0.2632,16,266,16,135883,540561,10049,116207,4.281467811430744,0.17693767053206003
2629,0.2633,2,47,2,135930,540514,10051,116205,4.2810955518945635,0.17694782700058928
2630,0.2634,6,96,6,136026,540418,10057,116199,4.280335191990876,0.17696617662960296
2631,0.2635,8,61,8,136087,540357,10065,116191,4.2798520466354075,0.17697258997057336
2632,0.2636,11,75,11,136162,540282,10076,116180,4.279258015460651,0.17697901782586045
2633,0.2637,2,30,2,136192,540252,10078,116178,4.279020402990749,0.17698459851012294
2634,0.2638,6,69,6,136261,540183,10084,116172,4.278473894309974,0.17699568069108942
2635,0.2639,17,92,17,136353,540091,10101,116155,4.277745216068939,0.17699917409020396
2636,0.264,19,229,19,136582,539862,10120,116136,4.275931440882018,0.1770371251131863
2637,0.2641,6,94,6,136676,539768,10126,116130,4.275186921809657,0.17705496891284925
2638,0.2642,12,180,12,136856,539588,10138,116118,4.273761246990242,0.1770885122295663
2639,0.2643,16,158,16,137014,539430,10154,116102,4.272509821315422,0.1771111097551302
2640,0.2644,8,74,8,137088,539356,10162,116094,4.27192371055633,0.17712106186589366
2641,0.2645,8,89,8,137177,539267,10170,116086,4.271218793562286,0.17713507071761325
2642,0.2646,5,40,5,137217,539227,10175,116081,4.2709019769357495,0.17713960458288316
2643,0.2647,5,35,5,137252,539192,10180,116076,4.27062476238753,0.1771427873785993
2644,0.2648,8,101,8,137353,539091,10188,116068,4.269824800405526,0.17716004817151257
2645,0.2649,3,82,3,137435,539009,10191,116065,4.269175326321125,0.17717845617441694
2646,0.265,4,54,4,137489,538955,10195,116061,4.268747623875301,0.17718803815479317
2647,0.2651,7,53,7,137542,538902,10202,116054,4.2683278418451405,0.17719358246966208
2648,0.2652,4,28,4,137570,538874,10206,116050,4.2681060702065645,0.1771961326810439
2649,0.2653,12,175,12,137745,538699,10218,116038,4.266719997465467,0.17722841385166868
2650,0.2654,7,67,7,137812,538632,10225,116031,4.266189329616018,0.17723775438660808
2651,0.2655,6,54,6,137866,538578,10231,116025,4.2657616271701935,0.17724483389168702
2652,0.2656,12,120,12,137986,538458,10243,116013,4.264811177290584,0.17726224691391979
2653,0.2657,7,49,7,138035,538409,10250,116006,4.264423076923077,0.17726671913082676
2654,0.2658,4,34,4,138069,538375,10254,116002,4.264153782790521,0.1772709004136759
2655,0.2659,6,40,6,138109,538335,10260,115996,4.263836966163984,0.17727419303074438
2656,0.266,9,71,9,138180,538264,10269,115987,4.263274616651882,0.1772821134396432
2657,0.2661,18,154,18,138334,538110,10287,115969,4.262054872639716,0.17730121285043549
2658,0.2662,0,28,0,138362,538082,10287,115969,4.26183310100114,0.1773088031361469
2659,0.2663,6,82,6,138444,538000,10293,115963,4.261183626916741,0.17732348772025328
2660,0.2664,3,59,3,138503,537941,10296,115960,4.260716322392599,0.1773357128984357
2661,0.2665,23,287,23,138790,537654,10319,115937,4.2584431630971995,0.17738463350933534
2662,0.2666,12,157,12,138947,537497,10331,115925,4.2571996578380435,0.17741214712697154
2663,0.2667,12,121,12,139068,537376,10343,115913,4.25624128754277,0.17742989702872694
2664,0.2668,11,87,11,139155,537289,10354,115902,4.255552211380053,0.1774396769092042
2665,0.2669,6,54,6,139209,537235,10360,115896,4.2551245089342284,0.1774467909194327
2666,0.267,4,53,4,139262,537182,10364,115892,4.254704726904068,0.17745615351399688
2667,0.2671,6,108,6,139370,537074,10370,115886,4.253849322012419,0.17747794658172017
2668,0.2672,9,65,9,139435,537009,10379,115877,4.253334494994298,0.17748427750020676
2669,0.2673,2,75,2,139510,536934,10381,115875,4.252740463819541,0.1775021484078804
2670,0.2674,8,162,8,139672,536772,10389,115867,4.251457356482068,0.17753612640372396
2671,0.2675,9,75,9,139747,536697,10398,115858,4.2508633253073125,0.1775451877619511
2672,0.2676,9,77,9,139824,536620,10407,115849,4.250253453301229,0.17755479570676921
2673,0.2677,1,29,1,139853,536591,10408,115848,4.25002376124699,0.17756142719855803
2674,0.2678,7,111,7,139964,536480,10415,115841,4.249144595108351,0.17758281582227156
2675,0.2679,7,34,7,139998,536446,10422,115834,4.248875300975795,0.17758324645857607
2676,0.268,2,31,2,140029,536415,10424,115832,4.248629768090229,0.17758916484092682
2677,0.2681,3,64,3,140093,536351,10427,115829,4.248122861487771,0.17760280904044895
2678,0.2682,6,53,6,140146,536298,10433,115823,4.24770307945761,0.17760967673177216
2679,0.2683,18,220,18,140366,536078,10451,115805,4.245960588011659,0.17764690903122185
2680,0.2684,5,23,5,140389,536055,10456,115800,4.2457784184514,0.17764686931909704
2681,0.2685,4,32,4,140421,536023,10460,115796,4.245524965150171,0.17765054409276196
2682,0.2686,17,222,17,140643,535801,10477,115779,4.243766632872894,0.17768961601031338
2683,0.2687,7,54,7,140697,535747,10484,115772,4.243338930427069,0.17769550849629864
2684,0.2688,12,160,12,140857,535587,10496,115760,4.242071663920923,0.17772400886163597
2685,0.2689,7,142,7,140999,535445,10503,115753,4.240946964896718,0.17775392430566433
2686,0.269,5,72,5,141071,535373,10508,115748,4.240376694968952,0.17776726599203527
2687,0.2691,15,240,15,141311,535133,10523,115733,4.238475795209733,0.17781386644870065
2688,0.2692,7,63,7,141374,535070,10530,115726,4.237976809022937,0.17782223615387924
2689,0.2693,7,43,7,141417,535027,10537,115719,4.237636231149411,0.17782514222138898
2690,0.2694,10,92,10,141509,534935,10547,115709,4.236907552908376,0.17783765008207253
2691,0.2695,19,173,19,141682,534762,10566,115690,4.235537320998606,0.17786093362769273
2692,0.2696,3,27,3,141709,534735,10569,115687,4.235323469775694,0.1778645248776948
2693,0.2697,5,107,5,141816,534628,10574,115682,4.234475985299708,0.17788746905322078
2694,0.2698,6,76,6,141892,534552,10580,115676,4.233874033709289,0.17790067484020988
2695,0.2699,11,211,11,142103,534341,10591,115665,4.2322028260043085,0.17794451128143432
2696,0.27,14,136,14,142239,534205,10605,115651,4.231125649474085,0.1779640412645263
2697,0.2701,2,21,2,142260,534184,10607,115649,4.230959320745153,0.1779672623581751
2698,0.2702,6,82,6,142342,534102,10613,115643,4.230309846660753,0.17798213145156946
2699,0.2703,13,172,13,142514,533930,10626,115630,4.228947535166646,0.17801280867048463
2700,0.2704,8,140,8,142654,533790,10634,115622,4.227838676973768,0.17804105868077583
2701,0.2705,7,82,7,142736,533708,10641,115615,4.227189202889368,0.17805468156834117
2702,0.2706,5,34,5,142770,533674,10646,115610,4.226919908756812,0.1780576758398482
2703,0.2707,4,40,4,142810,533634,10650,115606,4.226603092130275,0.17806358203437866
2704,0.2708,4,46,4,142856,533588,10654,115602,4.226238753009758,0.1780711347987492
2705,0.2709,3,69,3,142925,533519,10657,115599,4.225692244328982,0.17808626474693354
2706,0.271,17,142,17,143067,533377,10674,115582,4.224567545304778,0.1781037014665025
2707,0.2711,7,89,7,143156,533288,10681,115575,4.223862628310734,0.1781192640048824
2708,0.2712,13,103,13,143259,533185,10694,115562,4.223046825497402,0.17813107420920637
2709,0.2713,18,271,18,143530,532914,10712,115544,4.2209003928526165,0.1781827041998094
2710,0.2714,9,35,9,143565,532879,10721,115535,4.220623178304398,0.17818091527943566
2711,0.2715,18,230,18,143795,532649,10739,115517,4.218801482701812,0.1782213198470762
2712,0.2716,11,97,11,143892,532552,10750,115506,4.218033202382461,0.17823404695258757
2713,0.2717,13,62,13,143954,532490,10763,115493,4.217542136611329,0.178234614179693
2714,0.2718,10,97,10,144051,532393,10773,115483,4.2167738562919785,0.17824861547580093
2715,0.2719,18,138,18,144189,532255,10791,115465,4.215680838930427,0.17826375594392638
2716,0.272,10,104,10,144293,532151,10801,115455,4.214857115701432,0.1782796947526737
2717,0.2721,4,9,4,144302,532142,10805,115451,4.214785831960461,0.17827709688029364
2718,0.2722,7,45,7,144347,532097,10812,115444,4.2144294132556075,0.17828060308150373
2719,0.2723,5,49,5,144396,532048,10817,115439,4.2140413128881,0.1782877494065518
2720,0.2724,10,88,10,144484,531960,10827,115429,4.21334431630972,0.17829929146154785
2721,0.2725,13,119,13,144603,531841,10840,115416,4.212401786845773,0.17831556862266457
2722,0.2726,9,111,9,144714,531730,10849,115407,4.211522620707135,0.17833472664984384
2723,0.2727,6,28,6,144742,531702,10855,115401,4.211300849068559,0.17833482459515718
2724,0.2728,4,57,4,144799,531645,10859,115397,4.210849385375744,0.17834545516365244
2725,0.2729,4,46,4,144845,531599,10863,115393,4.2104850462552275,0.17835305537008186
2726,0.273,12,50,12,144895,531549,10875,115381,4.210089025472056,0.17835159909109177
2727,0.2731,6,84,6,144979,531465,10881,115375,4.20942371055633,0.17836713870508936
2728,0.2732,5,43,5,145022,531422,10886,115370,4.209083132682803,0.17837264530173533
2729,0.2733,5,73,5,145095,531349,10891,115365,4.208504942339374,0.17838642738521202
2730,0.2734,6,90,6,145185,531259,10897,115359,4.207792104929666,0.17840363243831753
2731,0.2735,2,26,2,145211,531233,10899,115357,4.207586174122418,0.17840826489738473
2732,0.2736,6,77,6,145288,531156,10905,115351,4.206976302116335,0.1784218887034479
2733,0.2737,19,170,19,145458,530986,10924,115332,4.205629831453555,0.17844466655732935
2734,0.2738,5,33,5,145491,530953,10929,115327,4.205368457736662,0.1784474221699573
2735,0.2739,3,58,3,145549,530895,10932,115324,4.204909073628184,0.17845962436882853
2736,0.274,8,92,8,145641,530803,10940,115316,4.20418039538715,0.17847486298963502
2737,0.2741,15,169,15,145810,530634,10955,115301,4.202841845140033,0.17850248089978094
2738,0.2742,13,182,13,145992,530452,10968,115288,4.201400329489291,0.17853625298107598
2739,0.2743,8,145,8,146137,530307,10976,115280,4.200251869218096,0.1785661731106729
2740,0.2744,14,70,14,146207,530237,10990,115266,4.199697440121658,0.17856772160625126
2741,0.2745,5,78,5,146285,530159,10995,115261,4.199079647699912,0.17858293824176505
2742,0.2746,10,82,10,146367,530077,11005,115251,4.198430173615511,0.17859290159422805
2743,0.2747,13,140,13,146507,529937,11018,115238,4.197321315422633,0.1786151044290309
2744,0.2748,7,62,7,146569,529875,11025,115231,4.1968302496515015,0.17862335802178247
2745,0.2749,7,127,7,146696,529748,11032,115224,4.195824356862248,0.17864961579727492
2746,0.275,6,83,6,146779,529665,11038,115218,4.195166962362185,0.17866496713357308
2747,0.2751,7,84,7,146863,529581,11045,115211,4.194501647446458,0.17867932604622885
2748,0.2752,4,38,4,146901,529543,11049,115207,4.194200671651248,0.17868476153547888
2749,0.2753,3,57,3,146958,529486,11052,115204,4.193749207958434,0.17869673796708496
2750,0.2754,19,78,19,147036,529408,11071,115185,4.193131415536687,0.17869415274444495
2751,0.2755,9,137,9,147173,529271,11080,115176,4.1920463185907995,0.17872067059044422
2752,0.2756,5,81,5,147254,529190,11085,115171,4.191404764922063,0.17873676401892727
2753,0.2757,1,27,1,147281,529163,11086,115170,4.191190913699151,0.1787429791738123
2754,0.2758,14,118,14,147399,529045,11100,115156,4.190256304650868,0.17875787215480882
2755,0.2759,0,41,0,147440,529004,11100,115156,4.189931567608668,0.17876924987580725
2756,0.276,5,42,5,147482,528962,11105,115151,4.189598910150805,0.17877453179799196
2757,0.2761,14,65,14,147547,528897,11119,115137,4.189084083132683,0.17877472307362655
2758,0.2762,5,63,5,147610,528834,11124,115132,4.1885850969458875,0.17878583651931934
2759,0.2763,14,160,14,147770,528674,11138,115118,4.187317830439741,0.17881241146208712
2760,0.2764,6,67,6,147837,528607,11144,115112,4.186787162590293,0.17882336858163267
2761,0.2765,14,94,14,147931,528513,11158,115098,4.186042643517932,0.17883162344956813
2762,0.2766,22,198,22,148129,528315,11180,115076,4.184474401216576,0.17885857899784113
2763,0.2767,4,29,4,148158,528286,11184,115072,4.1842447091623365,0.17886153587893522
2764,0.2768,13,120,13,148278,528166,11197,115059,4.183294259282727,0.17887830852345601
2765,0.2769,7,74,7,148352,528092,11204,115052,4.182708148523634,0.17888995310536987
2766,0.277,1,33,1,148385,528059,11205,115051,4.182446774806742,0.17889785573230085
2767,0.2771,1,34,1,148419,528025,11206,115050,4.182177480674186,0.1789060373984372
2768,0.2772,13,75,13,148494,527950,11219,115037,4.1815834494994295,0.17891030456292273
2769,0.2773,17,212,17,148706,527738,11236,115020,4.179904321378786,0.17894759769617805
2770,0.2774,16,123,16,148829,527615,11252,115004,4.178930110252186,0.1789614063698708
2771,0.2775,6,29,6,148858,527586,11258,114998,4.1787004181979475,0.17896181666521419
2772,0.2776,15,88,15,148946,527498,11273,114983,4.178003421619566,0.1789671601183537
2773,0.2777,2,31,2,148977,527467,11275,114981,4.177757888734001,0.1789732398575449
2774,0.2778,4,66,4,149043,527401,11279,114977,4.177235141300216,0.17898651572750002
2775,0.2779,10,118,10,149161,527283,11289,114967,4.176300532251933,0.17900661736084078
2776,0.278,25,170,25,149331,527113,11314,114942,4.174954061589152,0.17902204639789426
2777,0.2781,7,60,7,149391,527053,11321,114935,4.174478836649348,0.1790298261026686
2778,0.2782,5,64,5,149455,526989,11326,114930,4.173971930046889,0.1790412809092736
2779,0.2783,6,47,6,149502,526942,11332,114924,4.173599670510709,0.1790467169159918
2780,0.2784,14,69,14,149571,526873,11346,114910,4.173053161829933,0.1790480583000796
2781,0.2785,5,46,5,149617,526827,11351,114905,4.172688822709416,0.17905449626947073
2782,0.2786,10,60,10,149677,526767,11361,114895,4.172213597769611,0.17905844510037994
2783,0.2787,9,92,9,149769,526675,11370,114886,4.171484919528577,0.17907260572260472
2784,0.2788,17,76,17,149845,526599,11387,114869,4.170882967938158,0.1790720659487301
2785,0.2789,14,148,14,149993,526451,11401,114855,4.169710746419972,0.17909547080488877
2786,0.279,5,77,5,150070,526374,11406,114850,4.169100874413889,0.17911057602335534
2787,0.2791,9,81,9,150151,526293,11415,114841,4.168459320745153,0.17912168127099795
2788,0.2792,3,63,3,150214,526230,11418,114838,4.167960334558358,0.17913544272994442
2789,0.2793,14,93,14,150307,526137,11432,114824,4.16722373590166,0.17914350483102717
2790,0.2794,9,75,9,150382,526062,11441,114815,4.166629704726904,0.1791529419841873
2791,0.2795,17,231,17,150613,525831,11458,114798,4.164800088708655,0.17919575916794275
2792,0.2796,4,75,4,150688,525756,11462,114794,4.1642060575338995,0.17921161501834362
2793,0.2797,7,56,7,150744,525700,11469,114787,4.1637625142567485,0.179218313564522
2794,0.2798,14,69,14,150813,525631,11483,114773,4.163216005575973,0.17921968007695144
2795,0.2799,6,94,6,150907,525537,11489,114767,4.162471486503612,0.17923829930782878
2796,0.28,8,75,8,150982,525462,11497,114759,4.161877455328856,0.17924904056567967
2797,0.2801,4,30,4,151012,525432,11501,114755,4.161639842858953,0.17925231221502466
2798,0.2802,3,58,3,151070,525374,11504,114752,4.161180458750475,0.17926470726075805
2799,0.2803,6,46,6,151116,525328,11510,114746,4.160816119629958,0.17926989691816883
2800,0.2804,20,205,20,151321,525123,11530,114726,4.159192434418959,0.17930167898988666
2801,0.2805,8,109,8,151430,525014,11538,114718,4.158329109111646,0.1793219660732932
2802,0.2806,3,51,3,151481,524963,11541,114715,4.157925167912812,0.17933241412085454
2803,0.2807,5,88,5,151569,524875,11546,114710,4.157228171334432,0.17935067270183008
2804,0.2808,7,64,7,151633,524811,11553,114703,4.156721264731973,0.1793596387256573
2805,0.2809,9,104,9,151737,524707,11562,114694,4.155897541502978,0.1793772609051284
2806,0.281,14,66,14,151803,524641,11576,114680,4.155374794069193,0.1793778086438581
2807,0.2811,12,140,12,151943,524501,11588,114668,4.154265935876315,0.17940169188430602
2808,0.2812,2,104,2,152047,524397,11590,114666,4.153442212647319,0.17942831927368663
2809,0.2813,5,81,5,152128,524316,11595,114661,4.152800658978583,0.17944464354742032
2810,0.2814,3,45,3,152173,524271,11598,114658,4.15244424027373,0.17945342909775577
2811,0.2815,7,58,7,152231,524213,11605,114651,4.151984856165251,0.17946073029627588
2812,0.2816,6,35,6,152266,524178,11611,114645,4.151707641617032,0.17946285590844413
2813,0.2817,3,22,3,152288,524156,11614,114642,4.151533392472437,0.17946518304690998
2814,0.2818,2,28,2,152316,524128,11616,114640,4.151311620833861,0.17947048067529994
2815,0.2819,7,60,7,152376,524068,11623,114633,4.150836395894056,0.1794783474583569
2816,0.282,7,42,7,152418,524026,11630,114626,4.150503738436193,0.1794811571873258
2817,0.2821,6,97,6,152515,523929,11636,114620,4.149735458116842,0.17950071176996596
2818,0.2822,2,47,2,152562,523882,11638,114618,4.149363198580661,0.1795113547376664
2819,0.2823,17,241,17,152803,523641,11655,114601,4.1474543784057785,0.17955728391425196
2820,0.2824,6,106,6,152909,523535,11661,114595,4.146614814345456,0.17957939604782724
2821,0.2825,7,37,7,152946,523498,11668,114588,4.146321758965911,0.17958080885648642
2822,0.2826,17,205,17,153151,523293,11685,114571,4.144698073754911,0.17961665809639674
2823,0.2827,8,119,8,153270,523174,11693,114563,4.143755544290965,0.1796398828984362
2824,0.2828,12,94,12,153364,523080,11705,114551,4.143011025218604,0.17965092663311538
2825,0.2829,19,114,19,153478,522966,11724,114532,4.142108097832974,0.17965860285051874
2826,0.283,9,112,9,153590,522854,11733,114523,4.141221011278672,0.1796785889669693
2827,0.2831,11,68,11,153658,522786,11744,114512,4.14068242301356,0.17968360170595232
2828,0.2832,4,52,4,153710,522734,11748,114508,4.1402705613990625,0.17969311501752866
2829,0.2833,4,71,4,153781,522663,11752,114504,4.13970821188696,0.17970798864347964
2830,0.2834,6,51,6,153832,522612,11758,114498,4.139304270688125,0.17971464896171777
2831,0.2835,3,32,3,153864,522580,11761,114495,4.139050817386896,0.17971981320880587
2832,0.2836,5,62,5,153926,522518,11766,114490,4.138559751615765,0.17973086680230074
2833,0.2837,5,121,5,154047,522397,11771,114485,4.137601381320492,0.17975857380174035
2834,0.2838,14,231,14,154278,522166,11785,114471,4.135771765302243,0.17980576058256117
2835,0.2839,12,127,12,154405,522039,11797,114459,4.13476587251299,0.17982617384500815
2836,0.284,15,114,15,154519,521925,11812,114444,4.13386294512736,0.1798390556422453
2837,0.2841,2,37,2,154556,521888,11814,114442,4.133569889747814,0.17984693476655195
2838,0.2842,12,171,12,154727,521717,11826,114430,4.13221549866937,0.1798798076545201
2839,0.2843,14,48,14,154775,521669,11840,114416,4.131835318717527,0.17987533112712922
2840,0.2844,15,232,15,155007,521437,11855,114401,4.129997782283614,0.17992161525419997
2841,0.2845,11,74,11,155081,521363,11866,114390,4.1294116715245215,0.17992836840722734
2842,0.2846,7,53,7,155134,521310,11873,114383,4.128991889494361,0.1799343393745094
2843,0.2847,7,151,7,155285,521159,11880,114376,4.127795906729185,0.17996805840748345
2844,0.2848,11,91,11,155376,521068,11891,114365,4.127075148903814,0.17997963593329272
2845,0.2849,11,115,11,155491,520953,11902,114354,4.126164301102522,0.17999801670688345
2846,0.285,1,24,1,155515,520929,11903,114353,4.1259742111266,0.18000352599318098
2847,0.2851,8,89,8,155604,520840,11911,114345,4.125269294132556,0.1800184198304431
2848,0.2852,6,18,6,155622,520822,11917,114339,4.125126726650614,0.18001577552777956
2849,0.2853,17,135,17,155757,520687,11934,114322,4.124057470536053,0.1800320940333129
2850,0.2854,2,118,2,155875,520569,11936,114320,4.123122861487771,0.18006297163756185
2851,0.2855,10,98,10,155973,520471,11946,114310,4.122346660752756,0.1800778536219578
2852,0.2856,4,73,4,156046,520398,11950,114306,4.121768470409327,0.18009339786735235
2853,0.2857,25,330,25,156376,520068,11975,114281,4.119154733240401,0.18015477284586245
2854,0.2858,7,60,7,156436,520008,11982,114274,4.118679508300596,0.18016276671890422
2855,0.2859,12,88,12,156524,519920,11994,114262,4.117982511722215,0.1801722533909824
2856,0.286,3,43,3,156567,519877,11997,114259,4.117641933848688,0.18018059217581087
2857,0.2861,2,67,2,156634,519810,11999,114257,4.11711126599924,0.18019704542264461
2858,0.2862,16,159,16,156793,519651,12015,114241,4.115851919908756,0.180221551936292
2859,0.2863,3,70,3,156863,519581,12018,114238,4.115297490812318,0.18023757571167795
2860,0.2864,4,34,4,156897,519547,12022,114234,4.115028196679762,0.1802420709992884
2861,0.2865,1,39,1,156936,519508,12023,114233,4.114719300468889,0.18025186945455635
2862,0.2866,17,144,17,157080,519364,12040,114216,4.113578760613357,0.18027084188263517
2863,0.2867,8,62,8,157142,519302,12048,114208,4.113087694842226,0.1802781329418636
2864,0.2868,7,52,7,157194,519250,12055,114201,4.112675833227728,0.18028387357506737
2865,0.2869,8,72,8,157266,519178,12063,114193,4.112105563299962,0.18029401409284607
2866,0.287,6,152,6,157418,519026,12069,114187,4.110901660119123,0.18032952576779063
2867,0.2871,13,79,13,157497,518947,12082,114174,4.110275947281713,0.18033519658959346
2868,0.2872,9,75,9,157572,518872,12091,114165,4.1096819161069575,0.1803449087494096
2869,0.2873,9,78,9,157650,518794,12100,114156,4.109064123685211,0.18035547831582274
2870,0.2874,8,68,8,157718,518726,12108,114148,4.108525535420099,0.1803644959344198
2871,0.2875,6,46,6,157764,518680,12114,114142,4.108161196299582,0.18036983543555693
2872,0.2876,12,71,12,157835,518609,12126,114130,4.1075988467874796,0.18037453041459434
2873,0.2877,18,149,18,157984,518460,12144,114112,4.106418704853631,0.18039369431463928
2874,0.2878,14,65,14,158049,518395,12158,114098,4.105903877835509,0.18039409131800668
2875,0.2879,17,124,17,158173,518271,12175,114081,4.104921746293246,0.1804074313040838
2876,0.288,5,42,5,158215,518229,12180,114076,4.104589088835382,0.18041293363171254
2877,0.2881,9,84,9,158299,518145,12189,114067,4.1039237739196555,0.18042523710400943
2878,0.2882,4,69,4,158368,518076,12193,114063,4.10337726523888,0.18043974505607152
2879,0.2883,16,238,16,158606,517838,12209,114047,4.101492206310987,0.18048695569605228
2880,0.2884,3,72,3,158678,517766,12212,114044,4.100921936383221,0.18050363242113926
2881,0.2885,7,64,7,158742,517702,12219,114037,4.100415029780763,0.18051283837154267
2882,0.2886,21,180,21,158922,517522,12240,114016,4.098989354961349,0.1805370381513068
2883,0.2887,4,42,4,158964,517480,12244,114012,4.098656697503485,0.1805438548706872
2884,0.2888,10,86,10,159050,517394,12254,114002,4.097975541756432,0.18055546756710528
2885,0.2889,5,51,5,159101,517343,12259,113997,4.097571600557597,0.1805635632147496
2886,0.289,8,55,8,159156,517288,12267,113989,4.09713597769611,0.18056891031987543
2887,0.2891,3,57,3,159213,517231,12270,113986,4.096684514003295,0.18058132147898426
2888,0.2892,7,75,7,159288,517156,12277,113979,4.096090482828539,0.18059369231622394
2889,0.2893,9,179,9,159467,516977,12286,113970,4.094672728424788,0.18063323860799718
2890,0.2894,9,68,9,159535,516909,12295,113961,4.094134140159675,0.18064101954443862
2891,0.2895,21,208,21,159743,516701,12316,113940,4.0924866937016855,0.1806733149287788
2892,0.2896,7,82,7,159825,516619,12323,113933,4.091837219617285,0.18068771489107957
2893,0.2897,13,91,13,159916,516528,12336,113920,4.0911164617919145,0.18069690125117377
2894,0.2898,13,100,13,160016,516428,12349,113907,4.090324420225573,0.18070867078616926
2895,0.2899,6,132,6,160148,516296,12355,113901,4.089278925358003,0.1807387213839482
2896,0.29,10,94,10,160242,516202,12365,113891,4.088534406285642,0.18075268254051385
2897,0.2901,2,30,2,160272,516172,12367,113889,4.088296793815739,0.1807586884444522
2898,0.2902,14,91,14,160363,516081,12381,113875,4.087576035990368,0.18076659322238378
2899,0.2903,11,97,11,160460,515984,12392,113864,4.086807755671018,0.18078012472850594
2900,0.2904,8,51,8,160511,515933,12400,113856,4.086403814472184,0.1807843579357531
2901,0.2905,4,58,4,160569,515875,12404,113852,4.085944430363705,0.18079580516636573
2902,0.2906,9,72,9,160641,515803,12413,113843,4.08537416043594,0.180804769664224
2903,0.2907,7,52,7,160693,515751,12420,113836,4.084962298821442,0.1808105948820417
2904,0.2908,13,116,13,160809,515635,12433,113823,4.084043530604486,0.1808269971944117
2905,0.2909,13,177,13,160986,515458,12446,113810,4.082641617032062,0.18086093683454427
2906,0.291,11,115,11,161101,515343,12457,113799,4.081730769230769,0.1808796742229894
2907,0.2911,7,33,7,161134,515310,12464,113792,4.081469395513877,0.1808800480685167
2908,0.2912,7,73,7,161207,515237,12471,113785,4.080891205170447,0.18089192428881662
2909,0.2913,2,35,2,161242,515202,12473,113783,4.080613990622228,0.18089938551793763
2910,0.2914,12,87,12,161329,515115,12485,113771,4.079924914459511,0.18090878155977394
2911,0.2915,3,60,3,161389,515055,12488,113768,4.079449689519706,0.18092213548168562
2912,0.2916,8,63,8,161452,514992,12496,113760,4.078950703332911,0.18092984197266967
2913,0.2917,9,88,9,161540,514904,12505,113751,4.078253706754531,0.18094344274681662
2914,0.2918,16,169,16,161709,514735,12521,113735,4.076915156507414,0.1809712476331408
2915,0.2919,4,50,4,161759,514685,12525,113731,4.076519135724243,0.18098043334351768
2916,0.292,8,112,8,161871,514573,12533,113723,4.075632049169941,0.18100226644766162
2917,0.2921,7,98,7,161969,514475,12540,113716,4.074855848434926,0.18102137725628034
2918,0.2922,8,99,8,162068,514376,12548,113708,4.074071727284248,0.18103947879582985
2919,0.2923,12,75,12,162143,514301,12560,113696,4.073477696109491,0.1810454508540646
2920,0.2924,10,117,10,162260,514184,12570,113686,4.072551007476872,0.18106614426553266
2921,0.2925,9,97,9,162357,514087,12579,113677,4.0717827271575215,0.1810823812770404
2922,0.2926,8,64,8,162421,514023,12587,113669,4.071275820555063,0.18109040739725854
2923,0.2927,9,167,9,162588,513856,12596,113660,4.069953111139273,0.18112685572957501
2924,0.2928,6,65,6,162653,513791,12602,113654,4.0694382841211505,0.18113778896955113
2925,0.2929,12,56,12,162709,513735,12614,113642,4.0689947408439995,0.18113829483707564
2926,0.293,3,45,3,162754,513690,12617,113639,4.068638322139146,0.18114737243137174
2927,0.2931,30,242,30,162996,513448,12647,113609,4.0667215815486,0.18117810661550704
2928,0.2932,4,36,4,163032,513412,12651,113605,4.066436446584717,0.18118328530167443
2929,0.2933,10,71,10,163103,513341,12661,113595,4.065874097072614,0.18119074355277093
2930,0.2934,17,198,17,163301,513143,12678,113578,4.064305854771258,0.18122577670127538
2931,0.2935,7,57,7,163358,513086,12685,113571,4.0638543910784435,0.18123311476613202
2932,0.2936,12,78,12,163436,513008,12697,113559,4.063236598656697,0.1812399950843246
2933,0.2937,9,63,9,163499,512945,12706,113550,4.062737612469903,0.18124645847133655
2934,0.2938,8,61,8,163560,512884,12714,113542,4.0622544671144345,0.18125365166835347
2935,0.2939,8,46,8,163606,512838,12722,113534,4.061890127993917,0.18125650571864643
2936,0.294,13,68,13,163674,512770,12735,113521,4.061351539728805,0.18125919101503934
2937,0.2941,9,50,9,163724,512720,12744,113512,4.060955518945634,0.18126189654952157
2938,0.2942,5,72,5,163796,512648,12749,113507,4.060385249017869,0.18127620157948113
2939,0.2943,6,31,6,163827,512617,12755,113501,4.060139716132302,0.18127733111011024
2940,0.2944,7,122,7,163949,512495,12762,113494,4.059173425421366,0.1813035053331608
2941,0.2945,4,52,4,164001,512443,12766,113490,4.058761563806868,0.181313335452836
2942,0.2946,12,102,12,164103,512341,12778,113478,4.0579536814092005,0.1813271888517287
2943,0.2947,4,143,4,164246,512198,12782,113474,4.056821061969332,0.18136339807439042
2944,0.2948,1,54,1,164300,512144,12783,113473,4.056393359523508,0.18137774389123057
2945,0.2949,12,88,12,164388,512056,12795,113461,4.0556963629451275,0.1813875562135002
2946,0.295,15,43,15,164431,512013,12810,113446,4.0553557850716,0.18138039423847127
2947,0.2951,8,104,8,164535,511909,12818,113438,4.054532061842606,0.18140008667187976
2948,0.2952,6,29,6,164564,511880,12824,113432,4.054302369788367,0.18140064479811677
2949,0.2953,10,140,10,164704,511740,12834,113422,4.053193511595489,0.18142817381734655
2950,0.2954,11,126,11,164830,511614,12845,113411,4.0521955392218985,0.18145034198632054
2951,0.2955,6,55,6,164885,511559,12851,113405,4.05175991636041,0.18145845200683558
2952,0.2956,12,86,12,164971,511473,12863,113393,4.051078760613357,0.1814677066763114
2953,0.2957,6,207,6,165178,511266,12869,113387,4.049439234571031,0.1815199798928365
2954,0.2958,5,79,5,165257,511187,12874,113382,4.048813521733621,0.18153638749281503
2955,0.2959,16,111,16,165368,511076,12890,113366,4.047934355594982,0.1815476857738589
2956,0.296,3,45,3,165413,511031,12893,113363,4.047577936890128,0.18155683750964935
2957,0.2961,2,52,2,165465,510979,12895,113361,4.047166075275631,0.18156933722010443
2958,0.2962,12,123,12,165588,510856,12907,113349,4.046191864149031,0.18158938169351416
2959,0.2963,14,85,14,165673,510771,12921,113335,4.04551862881764,0.18159575456733312
2960,0.2964,3,112,3,165785,510659,12924,113332,4.044631542263338,0.18162441445469565
2961,0.2965,15,170,15,165955,510489,12939,113317,4.0432850716005575,0.18165423224528138
2962,0.2966,5,72,5,166027,510417,12944,113312,4.042714801672791,0.18166864134904742
2963,0.2967,6,30,6,166057,510387,12950,113306,4.04247718920289,0.1816695072736106
2964,0.2968,9,104,9,166161,510283,12959,113297,4.041653465973894,0.18168799512492384
2965,0.2969,7,57,7,166218,510226,12966,113290,4.0412020022810795,0.18169541759954838
2966,0.297,13,63,13,166281,510163,12979,113277,4.040703016094285,0.1816967150006416
2967,0.2971,12,167,12,166448,509996,12991,113265,4.039380306678495,0.18172964456303217
2968,0.2972,7,74,7,166522,509922,12998,113258,4.038794195919402,0.18174203279951218
2969,0.2973,10,93,10,166615,509829,13008,113248,4.038057597262704,0.18175602694370038
2970,0.2974,12,155,12,166770,509674,13020,113236,4.036829932834875,0.18178549068083671
2971,0.2975,14,102,14,166872,509572,13034,113222,4.036022050437207,0.181796870233175
2972,0.2976,6,75,6,166947,509497,13040,113216,4.035428019262451,0.18181088238080786
2973,0.2977,7,37,7,166984,509460,13047,113209,4.035134963882904,0.1818124878547029
2974,0.2978,12,74,12,167058,509386,13059,113197,4.034548853123812,0.18181832783741284
2975,0.2979,15,121,15,167179,509265,13074,113182,4.033590482828539,0.181833955340776
2976,0.298,5,84,5,167263,509181,13079,113177,4.032925167912812,0.1818519244550564
2977,0.2981,13,168,13,167431,509013,13092,113164,4.031594538081358,0.18188393335015599
2978,0.2982,3,70,3,167501,508943,13095,113161,4.03104010898492,0.1819004539433921
2979,0.2983,8,55,8,167556,508888,13103,113153,4.030604486123432,0.1819060158413995
2980,0.2984,15,76,15,167632,508812,13118,113138,4.030002534533012,0.181908513546105
2981,0.2985,2,39,2,167671,508773,13120,113136,4.029693638322139,0.18191729015016667
2982,0.2986,2,48,2,167719,508725,13122,113134,4.029313458370296,0.1819287008791382
2983,0.2987,6,47,6,167766,508678,13128,113128,4.028941198834115,0.1819345583670791
2984,0.2988,7,63,7,167829,508615,13135,113121,4.028442212647319,0.18194378321345395
2985,0.2989,15,218,15,168047,508397,13150,113106,4.026715562032695,0.1819878584656872
2986,0.299,8,77,8,168124,508320,13158,113098,4.026105690026613,0.1819998776990689
2987,0.2991,7,63,7,168187,508257,13165,113091,4.025606703839817,0.1820091156646517
2988,0.2992,8,67,8,168254,508190,13173,113083,4.025076035990368,0.18201821099581023
2989,0.2993,8,74,8,168328,508116,13181,113075,4.0244899252312765,0.18202935972993814
2990,0.2994,11,118,11,168446,507998,13192,113064,4.023555316182994,0.1820494572200521
2991,0.2995,17,168,17,168614,507830,13209,113047,4.02222468635154,0.18207632107486668
2992,0.2996,3,25,3,168639,507805,13212,113044,4.022026675959954,0.1820797005391005
2993,0.2997,2,28,2,168667,507777,13214,113042,4.021804904321379,0.1820852776735248
2994,0.2998,10,52,10,168719,507725,13224,113032,4.021393042706881,0.1820873546331334
2995,0.2999,9,91,9,168810,507634,13233,113023,4.020672284881511,0.18210219170975273
2996,0.3,8,40,8,168850,507594,13241,113015,4.020355468254974,0.18210338554548838
2997,0.3001,16,123,16,168973,507471,13257,112999,4.019381257128374,0.182118394120586
2998,0.3002,9,101,9,169074,507370,13266,112990,4.018581295146369,0.18213617899284287
2999,0.3003,8,98,8,169172,507272,13274,112982,4.017805094411354,0.18215440771038963
3000,0.3004,3,27,3,169199,507245,13277,112979,4.017591243188442,0.18215838148797853
3001,0.3005,8,67,8,169266,507178,13285,112971,4.017060575338994,0.18216751135614184
3002,0.3006,13,112,13,169378,507066,13298,112958,4.016173488784691,0.18218327032501969
3003,0.3007,3,58,3,169436,507008,13301,112955,4.0157141046762135,0.18219635687936214
3004,0.3008,10,126,10,169562,506882,13311,112945,4.014716132302623,0.18222020015262322
3005,0.3009,12,141,12,169703,506741,13323,112933,4.013599353694082,0.18224582603110667
3006,0.301,13,139,13,169842,506602,13336,112920,4.012498415916867,0.18226955620623642
3007,0.3011,12,90,12,169932,506512,13348,112908,4.01178557850716,0.18228019760421038
3008,0.3012,7,84,7,170016,506428,13355,112901,4.011120263591433,0.18229567806448593
3009,0.3013,6,86,6,170102,506342,13361,112895,4.0104391078443795,0.18231307237778105
3010,0.3014,14,67,14,170169,506275,13375,112881,4.0099084399949305,0.18231431174049836
3011,0.3015,24,262,24,170431,506013,13399,112857,4.007833291091116,0.1823597847690145
3012,0.3016,2,41,2,170472,505972,13401,112855,4.007508554048917,0.18236922435511055
3013,0.3017,13,100,13,170572,505872,13414,112842,4.006716512482575,0.18238152037936753
3014,0.3018,17,124,17,170696,505748,13431,112825,4.005734380940312,0.1823956105423289
3015,0.3019,12,103,12,170799,505645,13443,112813,4.00491857812698,0.18241012324199865
3016,0.302,9,51,9,170850,505594,13452,112804,4.004514636928146,0.18241326783074976
3017,0.3021,8,108,8,170958,505486,13460,112796,4.003659232036497,0.1824345525181066
3018,0.3022,27,224,27,171182,505262,13487,112769,4.0018850589278925,0.1824649572594255
3019,0.3023,16,114,16,171296,505148,13503,112753,4.000982131542263,0.18247745188954217
3020,0.3024,13,160,13,171456,504988,13516,112740,3.999714865036117,0.18250751139660173
3021,0.3025,13,102,13,171558,504886,13529,112727,3.9989069826384487,0.18252044565124115
3022,0.3026,6,36,6,171594,504850,13535,112721,3.998621847674566,0.18252314308800122
3023,0.3027,13,124,13,171718,504726,13548,112708,3.9976397161323027,0.18254258754781888
3024,0.3028,11,67,11,171785,504659,13559,112697,3.9971090482828537,0.18254783301693026
3025,0.3029,26,265,26,172050,504394,13585,112671,3.995010138132049,0.18259178530624812
3026,0.303,10,142,10,172192,504252,13595,112661,3.9938854391078444,0.1826205640017312
3027,0.3031,17,188,17,172380,504064,13612,112644,3.9923964009631225,0.18265370321124422
3028,0.3032,13,40,13,172420,504024,13625,112631,3.992079584336586,0.1826483203736287
3029,0.3033,7,57,7,172477,503967,13632,112624,3.9916281206437714,0.18265592588928478
3030,0.3034,3,59,3,172536,503908,13635,112621,3.99116081611963,0.18266942836427807
3031,0.3035,2,76,2,172612,503832,13637,112619,3.9905588645292105,0.18268929728396904
3032,0.3036,8,63,8,172675,503769,13645,112611,3.9900598783424153,0.1826973620169376
3033,0.3037,5,104,5,172779,503665,13650,112606,3.9892361551134203,0.1827215624295156
3034,0.3038,13,116,13,172895,503549,13663,112593,3.9883173868964645,0.18273871932119543
3035,0.3039,2,43,2,172938,503506,13665,112591,3.9879768090229377,0.18274882039678816
3036,0.304,12,106,12,173044,503400,13677,112579,3.9871372449626157,0.1827643474858721
3037,0.3041,10,129,10,173173,503271,13687,112569,3.9861155113420352,0.18278936087295403
3038,0.3042,10,82,10,173255,503189,13697,112559,3.9854660372576354,0.18280043134529061
3039,0.3043,22,306,22,173561,502883,13719,112537,3.9830423900646306,0.18286211042865036
3040,0.3044,11,105,11,173666,502778,13730,112526,3.9822107464199723,0.1828787071106315
3041,0.3045,7,104,7,173770,502674,13737,112519,3.981387023190977,0.18290032558888022
3042,0.3046,3,65,3,173835,502609,13740,112516,3.980872196172855,0.1829156675472465
3043,0.3047,8,142,8,173977,502467,13748,112508,3.9797474971486504,0.18294727427944224
3044,0.3048,6,81,6,174058,502386,13754,112502,3.979105943479914,0.18296340146498224
3045,0.3049,2,41,2,174099,502345,13756,112500,3.9787812064377137,0.18297294440062128
3046,0.305,15,86,15,174185,502259,13771,112485,3.97810005069066,0.18297860572856345
3047,0.3051,8,80,8,174265,502179,13779,112477,3.9774664174375873,0.18299178727613494
3048,0.3052,5,76,5,174341,502103,13784,112472,3.9768644658471675,0.1830077695968759
3049,0.3053,11,103,11,174444,502000,13795,112461,3.976048663033836,0.18302382087715902
3050,0.3054,0,28,0,174472,501972,13795,112461,3.9758268913952604,0.1830321613585208
3051,0.3055,11,138,11,174610,501834,13806,112450,3.9747338740337095,0.18305865039623367
3052,0.3056,3,57,3,174667,501777,13809,112447,3.9742824103408947,0.1830716481283701
3053,0.3057,10,83,10,174750,501694,13819,112437,3.9736250158408315,0.1830830881359189
3054,0.3058,11,78,11,174828,501616,13830,112426,3.973007223419085,0.18309171033903218
3055,0.3059,15,82,15,174910,501534,13845,112411,3.972357749334685,0.1830962056861771
3056,0.306,8,108,8,175018,501426,13853,112403,3.9715023444430364,0.18311777384255223
3057,0.3061,11,64,11,175082,501362,13864,112392,3.970995437840578,0.1831222281239715
3058,0.3062,5,42,5,175124,501320,13869,112387,3.9706627803827144,0.18312810510553082
3059,0.3063,11,125,11,175249,501195,13880,112376,3.9696727284247877,0.18315076820775428
3060,0.3064,8,77,8,175326,501118,13888,112368,3.969062856418705,0.1831631039665127
3061,0.3065,11,86,11,175412,501032,13899,112357,3.9683817006716513,0.18317413582571582
3062,0.3066,12,94,12,175506,500938,13911,112345,3.96763718159929,0.1831862288698692
3063,0.3067,8,65,8,175571,500873,13919,112337,3.9671223545811682,0.1831949902969619
3064,0.3068,10,107,10,175678,500766,13929,112327,3.9662748701051833,0.18321363969250995
3065,0.3069,3,48,3,175726,500718,13932,112324,3.9658946901533394,0.18322398791599923
3066,0.307,19,237,19,175963,500481,13951,112305,3.9640175516411102,0.18326952639257424
3067,0.3071,35,163,35,176126,500318,13986,112270,3.962726523887974,0.18327162791305085
3068,0.3072,11,91,11,176217,500227,13997,112259,3.962005766062603,0.1832841893528995
3069,0.3073,13,177,13,176394,500050,14010,112246,3.9606038524901788,0.18331983223800252
3070,0.3074,5,59,5,176453,499991,14015,112241,3.9601365479660373,0.18333082883612747
3071,0.3075,4,46,4,176499,499945,14019,112237,3.95977220884552,0.18333926838750567
3072,0.3076,11,92,11,176591,499853,14030,112226,3.959043530604486,0.18335214898730393
3073,0.3077,6,135,6,176726,499718,14036,112220,3.957974274489925,0.18338459124944032
3074,0.3078,7,144,7,176870,499574,14043,112213,3.956833734634394,0.18341841196364095
3075,0.3079,38,287,38,177157,499287,14081,112175,3.9545605753389936,0.1834537550984362
3076,0.308,7,86,7,177243,499201,14088,112168,3.95387941959194,0.18347021193420013
3077,0.3081,13,144,13,177387,499057,14101,112155,3.9527388797364087,0.18349607010333566
3078,0.3082,8,99,8,177486,498958,14109,112147,3.9519547585857304,0.1835151078783515
3079,0.3083,12,82,12,177568,498876,14121,112135,3.9513052845013306,0.1835237008826355
3080,0.3084,4,78,4,177646,498798,14125,112131,3.9506874920795845,0.18354178636142662
3081,0.3085,8,63,8,177709,498735,14133,112123,3.9501885058927892,0.18355002308228754
3082,0.3086,5,76,5,177785,498659,14138,112118,3.94958655430237,0.1835661788181284
3083,0.3087,2,40,2,177825,498619,14140,112116,3.9492697376758334,0.18357552784759348
3084,0.3088,2,33,2,177858,498586,14142,112114,3.9490083639589404,0.18358277386605534
3085,0.3089,8,103,8,177961,498483,14150,112106,3.948192561145609,0.1836030455838543
3086,0.309,3,52,3,178013,498431,14153,112103,3.9477806995311115,0.18361467174637286
3087,0.3091,26,164,26,178177,498267,14179,112077,3.9464817513623114,0.18362923203963666
3088,0.3092,12,169,12,178346,498098,14191,112065,3.9451432011151946,0.18366403731461922
3089,0.3093,10,89,10,178435,498009,14201,112055,3.9444382841211505,0.18367745023472948
3090,0.3094,10,78,10,178513,497931,14211,112045,3.9438204916994044,0.1836875549201936
3091,0.3095,5,37,5,178550,497894,14216,112040,3.943527436319858,0.1836920060203235
3092,0.3096,7,91,7,178641,497803,14223,112033,3.9428066784944873,0.18371004663548887
3093,0.3097,5,59,5,178700,497744,14228,112028,3.942339373970346,0.18372112855296735
3094,0.3098,2,51,2,178751,497693,14230,112026,3.941935432771512,0.18373381836550937
3095,0.3099,27,183,27,178934,497510,14257,111999,3.940485996705107,0.1837528239943955
3096,0.31,10,58,10,178992,497452,14267,111989,3.940026612596629,0.183756918225062
3097,0.3101,14,184,14,179176,497268,14281,111975,3.938569256114561,0.1837936586879127
3098,0.3102,13,79,13,179255,497189,14294,111962,3.937943543277151,0.18380007584326383
3099,0.3103,6,76,6,179331,497113,14300,111956,3.9373415916867316,0.1838149700608634
3100,0.3104,6,69,6,179400,497044,14306,111950,3.936795083005956,0.18382775528166123
3101,0.3105,5,39,5,179439,497005,14311,111945,3.936486186795083,0.18383282699729042
3102,0.3106,12,155,12,179594,496850,14323,111933,3.935258522367254,0.18386354415284265
3103,0.3107,9,98,9,179692,496752,14332,111924,3.934482321632239,0.18388107958914102
3104,0.3108,8,114,8,179806,496638,14340,111916,3.93357939424661,0.18390479727353695
3105,0.3109,12,127,12,179933,496511,14352,111904,3.9325735014573566,0.18392708924007461
3106,0.311,7,58,7,179991,496453,14359,111897,3.9321141173488785,0.18393523465110545
3107,0.3111,10,58,10,180049,496395,14369,111887,3.9316547332404004,0.18393935707451478
3108,0.3112,4,28,4,180077,496367,14373,111883,3.931432961601825,0.1839424578709412
3109,0.3113,19,126,19,180203,496241,14392,111864,3.930434989228235,0.18395507354815369
3110,0.3114,5,67,5,180270,496174,14397,111859,3.929904321378786,0.1839686332814173
3111,0.3115,13,111,13,180381,496063,14410,111846,3.929025155240147,0.18398477403690355
3112,0.3116,14,91,14,180472,495972,14424,111832,3.9283043974147764,0.18399352422820514
3113,0.3117,12,144,12,180616,495828,14436,111820,3.9271638575592447,0.1840210121649376
3114,0.3118,17,144,17,180760,495684,14453,111803,3.926023317703713,0.1840417984253161
3115,0.3119,12,86,12,180846,495598,14465,111791,3.9253421619566593,0.18405173620200563
3116,0.312,11,77,11,180923,495521,14476,111780,3.9247322899505765,0.18406029300132884
3117,0.3121,11,125,11,181048,495396,14487,111769,3.92374223799265,0.18408340401702997
3118,0.3122,5,36,5,181084,495360,14492,111764,3.923457103028767,0.18408759989722034
3119,0.3123,6,65,6,181149,495295,14498,111758,3.922942276010645,0.1840992466885099
3120,0.3124,1,27,1,181176,495268,14499,111757,3.9227284247877328,0.184106091182406
3121,0.3125,5,69,5,181245,495199,14504,111752,3.922181916106957,0.18412029966175195
3122,0.3126,5,63,5,181308,495136,14509,111747,3.9216829299201623,0.18413269114475114
3123,0.3127,2,59,2,181367,495077,14511,111745,3.921215625396021,0.18414790498696487
3124,0.3128,7,57,7,181424,495020,14518,111738,3.920764161703206,0.18415579193022588
3125,0.3129,18,84,18,181508,494936,14536,111720,3.9200988467874796,0.18415708408059922
3126,0.313,17,168,17,181676,494768,14553,111703,3.918768216956026,0.18418522897220146
3127,0.3131,12,86,12,181762,494682,14565,111691,3.9180870612089724,0.18419520658076793
3128,0.3132,27,153,27,181915,494529,14592,111664,3.91687523761247,0.18420536033903392
3129,0.3133,10,61,10,181976,494468,14602,111654,3.9163920922570017,0.18421043948248042
3130,0.3134,9,81,9,182057,494387,14611,111645,3.915750538588265,0.18422294532301925
3131,0.3135,6,132,6,182189,494255,14617,111639,3.9147050437206943,0.1842550016999673
3132,0.3136,17,124,17,182313,494131,14634,111622,3.913722912178431,0.18426982615026258
3133,0.3137,5,47,5,182360,494084,14639,111617,3.913350652642251,0.1842773909899439
3134,0.3138,11,101,11,182461,493983,14650,111606,3.912550690660246,0.18429330783749376
3135,0.3139,5,63,5,182524,493920,14655,111601,3.9120517044734506,0.18430574662150445
3136,0.314,1,81,1,182605,493839,14656,111600,3.911410150804714,0.18432905709741196
3137,0.3141,9,70,9,182675,493769,14665,111591,3.910855721708275,0.184338245011233
3138,0.3142,26,184,26,182859,493585,14691,111565,3.909398365226207,0.18435924977278362
3139,0.3143,10,96,10,182955,493489,14701,111555,3.908638005322519,0.1843750206596545
3140,0.3144,4,71,4,183026,493418,14705,111551,3.908075655810417,0.1843912663293491
3141,0.3145,9,154,9,183180,493264,14714,111542,3.9068559117982513,0.18442608042909628
3142,0.3146,9,92,9,183272,493172,14723,111533,3.9061272335572172,0.18444200064494257
3143,0.3147,5,52,5,183324,493120,14728,111528,3.9057153719427196,0.18445111866738995
3144,0.3148,4,61,4,183385,493059,14732,111524,3.9052322265872514,0.18446433326772338
3145,0.3149,9,92,9,183477,492967,14741,111515,3.9045035483462174,0.18448026574819432
3146,0.315,3,45,3,183522,492922,14744,111512,3.9041471296413635,0.18448995258373949
3147,0.3151,4,39,4,183561,492883,14748,111508,3.9038382334304904,0.1844964600730322
3148,0.3152,6,80,6,183641,492803,14754,111502,3.903204600177417,0.18451278741695004
3149,0.3153,12,134,12,183775,492669,14766,111490,3.9021432644785197,0.1845375141312138
3150,0.3154,5,73,5,183848,492596,14771,111485,3.9015650741350907,0.1845530649035477
3151,0.3155,3,37,3,183885,492559,14774,111482,3.9012720187555443,0.1845603195809556
3152,0.3156,4,25,4,183910,492534,14778,111478,3.901074008363959,0.18456255835976768
3153,0.3157,17,82,17,183992,492452,14795,111461,3.900424534279559,0.18456466411552658
3154,0.3158,10,92,10,184084,492360,14805,111451,3.899695856038525,0.18457928060270515
3155,0.3159,8,116,8,184200,492244,14813,111443,3.898777087821569,0.18460394210907308
3156,0.316,15,141,15,184341,492103,14828,111428,3.8976603092130273,0.184626804588331
3157,0.3161,13,52,13,184393,492051,14841,111415,3.89724844759853,0.1846251487242032
3158,0.3162,5,39,5,184432,492012,14846,111410,3.896939551387657,0.18463032504615343
3159,0.3163,6,65,6,184497,491947,14852,111404,3.896424724369535,0.18464210716481783
3160,0.3164,9,107,9,184604,491840,14861,111395,3.8955772398935498,0.18466269364343912
3161,0.3165,5,62,5,184666,491778,14866,111390,3.895086174122418,0.18467491644119052
3162,0.3166,8,106,8,184772,491672,14874,111382,3.8942466100620963,0.1846965611703098
3163,0.3167,11,121,11,184893,491551,14885,111371,3.893288239766823,0.18471875300619317
3164,0.3168,8,67,8,184960,491484,14893,111363,3.8927575719173744,0.18472846344097257
3165,0.3169,7,126,7,185086,491358,14900,111356,3.891759599543784,0.18475761306357577
3166,0.317,13,127,13,185213,491231,14913,111343,3.8907537067545306,0.1847789649072147
3167,0.3171,18,81,18,185294,491150,14931,111325,3.890112153085794,0.1847794514295199
3168,0.3172,19,141,19,185435,491009,14950,111306,3.8889953744772527,0.18479699160738153
3169,0.3173,6,83,6,185518,490926,14956,111300,3.888337979977189,0.1848143388030407
3170,0.3174,2,66,2,185584,490860,14958,111298,3.887815232543404,0.18483188797624545
3171,0.3175,5,48,5,185632,490812,14963,111293,3.88743505259156,0.184839853513922
3172,0.3176,14,142,14,185774,490670,14977,111279,3.8863103535673553,0.18486449848741338
3173,0.3177,5,56,5,185830,490614,14982,111274,3.885866810290204,0.18487492689669838
3174,0.3178,7,24,7,185854,490590,14989,111267,3.885676720314282,0.18487281862635144
3175,0.3179,4,51,4,185905,490539,14993,111263,3.8852727791154478,0.18488306785288183
3176,0.318,14,114,14,186019,490425,15007,111249,3.8843698517298186,0.18489913142332892
3177,0.3181,12,68,12,186087,490357,15019,111237,3.8838312634647068,0.18490377231155897
3178,0.3182,5,92,5,186179,490265,15024,111232,3.8831025852236727,0.18492527809781262
3179,0.3183,5,83,5,186262,490182,15029,111227,3.882445190723609,0.18494402311904212
3180,0.3184,13,78,13,186340,490104,15042,111214,3.881827398301863,0.18495039230490357
3181,0.3185,7,178,7,186518,489926,15049,111207,3.8804175643137753,0.18499566651639487
3182,0.3186,8,90,8,186608,489836,15057,111199,3.879704726904068,0.1850125200695467
3183,0.3187,9,70,9,186678,489766,15066,111190,3.879150297807629,0.18502186516150934
3184,0.3188,8,104,8,186782,489662,15074,111182,3.878326574578634,0.18504303945782932
3185,0.3189,5,43,5,186825,489619,15079,111177,3.877985996705107,0.18504950099534617
3186,0.319,11,126,11,186951,489493,15090,111166,3.876988024331517,0.18507339438849663
3187,0.3191,2,82,2,187033,489411,15092,111164,3.876338550247117,0.1850959497148566
3188,0.3192,6,50,6,187083,489361,15098,111158,3.8759425294639462,0.18510321904885607
3189,0.3193,13,90,13,187173,489271,15111,111145,3.875229692054239,0.18511332143047488
3190,0.3194,5,96,5,187269,489175,15116,111140,3.8744693321505514,0.18513613686148106
3191,0.3195,13,71,13,187340,489104,15129,111127,3.8739069826384487,0.18514038761743395
3192,0.3196,12,104,12,187444,489000,15141,111115,3.8730832594094537,0.18515617839914017
3193,0.3197,15,82,15,187526,488918,15156,111100,3.872433785325054,0.18516111183331166
3194,0.3198,27,151,27,187677,488767,15183,111073,3.8712378025598784,0.18517104561216324
3195,0.3199,7,61,7,187738,488706,15190,111066,3.8707546572044103,0.18518036854004521
3196,0.32,17,202,17,187940,488504,15207,111049,3.8691547332404004,0.18521965530987253
3197,0.3201,9,92,9,188032,488412,15216,111040,3.8684260549993663,0.1852358487418509
3198,0.3202,15,152,15,188184,488260,15231,111025,3.8672221518185275,0.1852624377383048
3199,0.3203,19,207,19,188391,488053,15250,111006,3.865582625776201,0.18530061312825616
3200,0.3204,5,64,5,188455,487989,15255,111001,3.8650757191737424,0.18531361124559675
3201,0.3205,6,159,6,188614,487830,15261,110995,3.8638163730832593,0.18535465286185446
3202,0.3206,11,77,11,188691,487753,15272,110984,3.8632065010771766,0.18536352355040694
3203,0.3207,7,92,7,188783,487661,15279,110977,3.8624778228361425,0.18538248490740647
3204,0.3208,6,94,6,188877,487567,15285,110971,3.8617333037637813,0.18540343303182086
3205,0.3209,6,78,6,188955,487489,15291,110965,3.8611155113420352,0.18541943073318917
3206,0.321,0,30,0,188985,487459,15291,110965,3.8608778988721326,0.18542872612061015
3207,0.3211,7,83,7,189068,487376,15298,110958,3.8602205043720694,0.18544491872432453
3208,0.3212,10,89,10,189157,487287,15308,110948,3.859515587378026,0.18545889157270973
3209,0.3213,16,145,16,189302,487142,15324,110932,3.8583671271068307,0.18548206409240328
3210,0.3214,6,45,6,189347,487097,15330,110926,3.858010708401977,0.18548784912954852
3211,0.3215,12,61,12,189408,487036,15342,110914,3.8575275630465087,0.1854904256208713
3212,0.3216,14,99,14,189507,486937,15356,110900,3.856743441895831,0.18550206828951704
3213,0.3217,13,97,13,189604,486840,15369,110887,3.8559751615764797,0.18551445726895388
3214,0.3218,5,84,5,189688,486756,15374,110882,3.8553098466607527,0.18553371773548535
3215,0.3219,16,85,16,189773,486671,15390,110866,3.8546366113293624,0.18553830139388858
3216,0.322,21,221,21,189994,486450,15411,110845,3.852886199467748,0.18557831557270696
3217,0.3221,13,147,13,190141,486303,15424,110832,3.851721898365226,0.18560626993895854
3218,0.3222,4,50,4,190191,486253,15428,110828,3.8513258775820556,0.18561635690969902
3219,0.3223,10,79,10,190270,486174,15438,110818,3.8507001647446457,0.18562727808747856
3220,0.3224,13,176,13,190446,485998,15451,110805,3.849306171587885,0.18566428117821124
3221,0.3225,12,89,12,190535,485909,15463,110793,3.848601254593841,0.18567559686409632
3222,0.3226,5,48,5,190583,485861,15468,110788,3.848221074641997,0.185683710188067
3223,0.3227,1,44,1,190627,485817,15469,110787,3.847872576352807,0.1856960395840457
3224,0.3228,5,55,5,190682,485762,15474,110782,3.8474369534913193,0.18570633515717197
3225,0.3229,18,110,18,190792,485652,15492,110764,3.8465657077683435,0.1857160103015345
3226,0.323,10,98,10,190890,485554,15502,110754,3.845789507033329,0.18573287629882543
3227,0.3231,11,95,11,190985,485459,15513,110743,3.845037067545305,0.18574744801258633
3228,0.3232,19,177,19,191162,485282,15532,110724,3.8436351539728806,0.18577665325516857
3229,0.3233,5,97,5,191259,485185,15537,110719,3.8428668736535294,0.18580006175491354
3230,0.3234,9,61,9,191320,485124,15546,110710,3.8423837282980613,0.1858067851112894
3231,0.3235,18,124,18,191444,485000,15564,110692,3.841401596755798,0.1858208604446593
3232,0.3236,7,55,7,191499,484945,15571,110685,3.84096597389431,0.18582845054815908
3233,0.3237,13,76,13,191575,484869,15584,110672,3.8403640223038904,0.18583439259429663
3234,0.3238,14,95,14,191670,484774,15598,110658,3.8396115828158663,0.1858448991656478
3235,0.3239,28,166,28,191836,484608,15626,110630,3.8382967938157395,0.18585842973734876
3236,0.324,4,17,4,191853,484591,15630,110626,3.8381621467494615,0.18585826681697598
3237,0.3241,14,110,14,191963,484481,15644,110612,3.8372909010264857,0.18587346851668562
3238,0.3242,5,47,5,192010,484434,15649,110607,3.8369186414903056,0.18588130901904237
3239,0.3243,14,126,14,192136,484308,15663,110593,3.835920669116715,0.18590151974866406
3240,0.3244,10,106,10,192242,484202,15673,110583,3.8350811050563935,0.18592096303706382
3241,0.3245,6,50,6,192292,484152,15679,110577,3.8346850842732225,0.1859283808255525
3242,0.3246,7,76,7,192368,484076,15686,110570,3.834083132682803,0.18594256078406313
3243,0.3247,8,117,8,192485,483959,15694,110562,3.833156444050184,0.18596819960943348
3244,0.3248,18,136,18,192621,483823,15712,110544,3.8320792675199593,0.18598609949744854
3245,0.3249,14,104,14,192725,483719,15726,110530,3.8312555442909644,0.18599947160197156
3246,0.325,5,62,5,192787,483657,15731,110525,3.830764478519833,0.18601202998407895
3247,0.3251,4,62,4,192849,483595,15735,110521,3.830273412748701,0.18602596126009063
3248,0.3252,12,86,12,192935,483509,15747,110509,3.8295922570016474,0.1860364500739035
3249,0.3253,8,40,8,192975,483469,15755,110501,3.829275440375111,0.18603801538798256
3250,0.3254,13,75,13,193050,483394,15768,110488,3.828681409200355,0.18604369218127506
3251,0.3255,3,29,3,193079,483365,15771,110485,3.8284517171461157,0.18604866548791782
3252,0.3256,11,45,11,193124,483320,15782,110474,3.828095298441262,0.18604768657143722
3253,0.3257,4,59,4,193183,483261,15786,110470,3.8276279939171207,0.18606069078421036
3254,0.3258,6,78,6,193261,483183,15792,110464,3.8270102014953746,0.1860769110262496
3255,0.3259,13,115,13,193376,483068,15805,110451,3.8260993536940817,0.18609513764513014
3256,0.326,5,73,5,193449,482995,15810,110446,3.8255211633506527,0.18611117196149238
3257,0.3261,14,125,14,193574,482870,15824,110432,3.824531111392726,0.18613117771387927
3258,0.3262,12,109,12,193683,482761,15836,110420,3.8236677860854136,0.1861489157609566
3259,0.3263,5,129,5,193812,482632,15841,110415,3.822646052464833,0.18618254539690784
3260,0.3264,25,134,25,193946,482498,15866,110390,3.821584716765936,0.18619030913089823
3261,0.3265,19,132,19,194078,482366,15885,110371,3.820539221898365,0.1862056865017706
3262,0.3266,7,86,7,194164,482280,15892,110364,3.8198580661513115,0.18622309514649604
3263,0.3267,7,29,7,194193,482251,15899,110357,3.8196283740970727,0.18622259571251149
3264,0.3268,3,72,3,194265,482179,15902,110354,3.819058104169307,0.18624110387100803
3265,0.3269,9,107,9,194372,482072,15911,110345,3.8182106196933217,0.18626237937128745
3266,0.327,6,57,6,194429,482015,15917,110339,3.817759156000507,0.18627206028827356
3267,0.3271,7,38,7,194467,481977,15924,110332,3.817458180205297,0.18627439393964976
3268,0.3272,2,43,2,194510,481934,15926,110330,3.8171176023317703,0.18628517012683532
3269,0.3273,23,103,23,194613,481831,15949,110307,3.8163017995184387,0.18628596712252887
3270,0.3274,12,145,12,194758,481686,15961,110295,3.8151533392472436,0.18631510132926563
3271,0.3275,7,68,7,194826,481618,15968,110288,3.8146147509821318,0.18632688298479827
3272,0.3276,6,69,6,194895,481549,15974,110282,3.814068242301356,0.18634035729794485
3273,0.3277,4,40,4,194935,481509,15978,110278,3.8137514256748193,0.18634745271525058
3274,0.3278,3,17,3,194952,481492,15981,110275,3.8136167786085413,0.18634868115322414
3275,0.3279,1,42,1,194994,481450,15982,110274,3.813284121150678,0.1863605329511732
3276,0.328,20,107,20,195101,481343,16002,110254,3.812436636674693,0.18636673275895585
3277,0.3281,4,58,4,195159,481285,16006,110250,3.811977252566215,0.1863795041713508
3278,0.3282,6,60,6,195219,481225,16012,110244,3.81150202762641,0.18639015738779208
3279,0.3283,18,203,18,195422,481022,16030,110226,3.809894183246737,0.1864293832706411
3280,0.3284,7,54,7,195476,480968,16037,110219,3.8094664808009124,0.18643677888722182
3281,0.3285,8,87,8,195563,480881,16045,110211,3.8087774046381955,0.1864532086375725
3282,0.3286,11,117,11,195680,480764,16056,110200,3.807850716005576,0.1864749798634096
3283,0.3287,9,88,9,195768,480676,16065,110191,3.8071537194271956,0.18649036077492903
3284,0.3288,17,89,17,195857,480587,16082,110174,3.8064488024331515,0.18649504622004498
3285,0.3289,6,54,6,195911,480533,16088,110168,3.806021099987327,0.1865038318878756
3286,0.329,21,203,21,196114,480330,16109,110147,3.8044132556076544,0.18653901845457146
3287,0.3291,11,174,11,196288,480156,16120,110136,3.80303510328222,0.18657884572381125
3288,0.3292,13,105,13,196393,480051,16133,110123,3.802203459637562,0.18659412308912288
3289,0.3293,5,56,5,196449,479995,16138,110118,3.8017599163604108,0.1866049383762093
3290,0.3294,7,45,7,196494,479950,16145,110111,3.801403497655557,0.1866095200326746
3291,0.3295,14,136,14,196630,479814,16159,110097,3.8003263211253326,0.18663323789520792
3292,0.3296,4,70,4,196700,479744,16163,110093,3.7997718920288936,0.1866498710660742
3293,0.3297,16,126,16,196826,479618,16179,110077,3.7987739196553036,0.18666768414180213
3294,0.3298,7,70,7,196896,479548,16186,110070,3.7982194905588647,0.1866801895464521
3295,0.3299,20,161,20,197057,479387,16206,110050,3.796944303637055,0.18670358324977904
3296,0.33,6,95,6,197152,479292,16212,110044,3.7961918641490304,0.18672539943258176
3297,0.3301,4,23,4,197175,479269,16216,110040,3.796009694588772,0.18672716690225333
3298,0.3302,8,90,8,197265,479179,16224,110032,3.7952968571790646,0.18674464665459403
3299,0.3303,8,75,8,197340,479104,16232,110024,3.7947028260043085,0.18675737700465772
3300,0.3304,9,49,9,197389,479055,16241,110015,3.7943147256368013,0.1867604868691327
3301,0.3305,11,93,11,197482,478962,16252,110004,3.793578126980104,0.18677478835790182
3302,0.3306,10,149,10,197631,478813,16262,109994,3.792397985046255,0.1868082410705036
3303,0.3307,12,57,12,197688,478756,16274,109982,3.7919465213534407,0.18680975238561126
3304,0.3308,7,44,7,197732,478712,16281,109975,3.7915980230642505,0.18681404549446481
3305,0.3309,13,107,13,197839,478605,16294,109962,3.790750538588265,0.18683004653675792
3306,0.331,10,65,10,197904,478540,16304,109952,3.7902357115701433,0.18683686439237918
3307,0.3311,15,135,15,198039,478405,16319,109937,3.7891664554555824,0.1868590037767149
3308,0.3312,8,104,8,198143,478301,16327,109929,3.7883427322265875,0.18688098192883737
3309,0.3313,13,66,13,198209,478235,16340,109916,3.787819984792802,0.186883980474402
3310,0.3314,9,95,9,198304,478140,16349,109907,3.7870675453047777,0.18690172724289045
3311,0.3315,16,124,16,198428,478016,16365,109891,3.7860854137625144,0.18691901950478562
3312,0.3316,24,120,24,198548,477896,16389,109867,3.7851349638829044,0.1869239812645573
3313,0.3317,11,84,11,198632,477812,16400,109856,3.784469648967178,0.18693548057746892
3314,0.3318,17,148,17,198780,477664,16417,109839,3.7832974274489923,0.18695904531551327
3315,0.3319,19,83,19,198863,477581,16436,109820,3.782640032948929,0.18695916418256012
3316,0.332,4,37,4,198900,477544,16440,109816,3.7823469775693828,0.18696540452192864
3317,0.3321,20,148,20,199048,477396,16460,109796,3.7811747560511977,0.18698483630567173
3318,0.3322,5,55,5,199103,477341,16465,109791,3.78073913318971,0.1869954286259308
3319,0.3323,9,107,9,199210,477234,16474,109782,3.7798916487137246,0.18701704893904084
3320,0.3324,2,59,2,199269,477175,16476,109780,3.779424344189583,0.18703307749316386
3321,0.3325,5,32,5,199301,477143,16481,109775,3.779170890888354,0.18703634920039938
3322,0.3326,19,135,19,199436,477008,16500,109756,3.778101634773793,0.1870530571064346
3323,0.3327,3,49,3,199485,476959,16503,109753,3.7777135344062858,0.1870645222869142
3324,0.3328,5,53,5,199538,476906,16508,109748,3.7772937523761247,0.18707449365384024
3325,0.3329,9,101,9,199639,476805,16517,109739,3.77649379039412,0.1870942333396983
3326,0.333,19,113,19,199752,476692,16536,109720,3.775598783424154,0.1871039473953466
3327,0.3331,8,56,8,199808,476636,16544,109712,3.775155240147003,0.18711072605346996
3328,0.3332,8,48,8,199856,476588,16552,109704,3.774775060195159,0.187114952958594
3329,0.3333,13,94,13,199950,476494,16565,109691,3.7740305411227983,0.18712693091771368
3330,0.3334,10,51,10,200001,476443,16575,109681,3.773626599923964,0.18712934464379552
3331,0.3335,17,208,17,200209,476235,16592,109664,3.7719791534659737,0.18717219179414882
3332,0.3336,22,155,22,200364,476080,16614,109642,3.770751489038145,0.18719119309160318
3333,0.3337,9,67,9,200431,476013,16623,109633,3.770220821188696,0.18720011747711074
3334,0.3338,20,150,20,200581,475863,16643,109613,3.769032758839184,0.1872203130444288
3335,0.3339,11,58,11,200639,475805,16654,109602,3.768573374730706,0.18722358974183773
3336,0.334,9,47,9,200686,475758,16663,109593,3.7682011151945254,0.18722612586294377
3337,0.3341,8,128,8,200814,475630,16671,109585,3.7671873019896083,0.1872559657561751
3338,0.3342,11,71,11,200885,475559,16682,109574,3.766624952477506,0.1872634084900356
3339,0.3343,10,108,10,200993,475451,16692,109564,3.7657695475858572,0.18728408673281882
3340,0.3344,13,108,13,201101,475343,16705,109551,3.7649141426942085,0.18730060489592987
3341,0.3345,11,100,11,201201,475243,16716,109540,3.7641221011278674,0.18731734677649658
3342,0.3346,3,28,3,201229,475215,16719,109537,3.7639003294892914,0.18732214682463677
3343,0.3347,15,112,15,201341,475103,16734,109522,3.7630132429349894,0.18733718195424418
3344,0.3348,5,59,5,201400,475044,16739,109517,3.762545938410848,0.18734913892647645
3345,0.3349,22,171,22,201571,474873,16761,109495,3.761191547332404,0.18737336746707553
3346,0.335,13,125,13,201696,474748,16774,109482,3.7602014953744773,0.187395375109118
3347,0.3351,16,131,16,201827,474617,16790,109466,3.7591639209225702,0.18741514476538437
3348,0.3352,4,59,4,201886,474558,16794,109462,3.758696616398429,0.18742851272216704
3349,0.3353,4,70,4,201956,474488,16798,109458,3.75814218730199,0.18744541447325608
3350,0.3354,7,122,7,202078,474366,16805,109451,3.757175896591053,0.1874748422879087
3351,0.3355,9,102,9,202180,474264,16814,109442,3.756368014193385,0.18749507457521422
3352,0.3356,21,127,21,202307,474137,16835,109421,3.7553621214041315,0.18750664029967887
3353,0.3357,18,114,18,202421,474023,16853,109403,3.754459194018502,0.18751821139270447
3354,0.3358,8,75,8,202496,473948,16861,109395,3.753865162843746,0.18753117805476366
3355,0.3359,11,104,11,202600,473844,16872,109384,3.753041439614751,0.18754929461548486
3356,0.336,6,74,6,202674,473770,16878,109378,3.752455328855658,0.18756473485290184
3357,0.3361,4,98,4,202772,473672,16882,109374,3.7516791281206436,0.18759068752722768
3358,0.3362,25,159,25,202931,473513,16907,109349,3.750419782030161,0.18760701503958055
3359,0.3363,18,122,18,203053,473391,16925,109331,3.7494534913192243,0.1876211984445413
3360,0.3364,2,40,2,203093,473351,16927,109329,3.749136674692688,0.18763128990183292
3361,0.3365,12,78,12,203171,473273,16939,109317,3.7485188822709414,0.18763967798966683
3362,0.3366,22,139,22,203310,473134,16961,109295,3.7474179444937272,0.1876537741080887
3363,0.3367,30,184,30,203494,472950,16991,109265,3.7459605880116587,0.18767122111247564
3364,0.3368,14,129,14,203623,472821,17005,109251,3.7449388543910787,0.1876932750587556
3365,0.3369,21,141,21,203764,472680,17026,109230,3.743822075782537,0.18770943960406247
3366,0.337,11,78,11,203842,472602,17037,109219,3.743204283360791,0.18771924698489742
3367,0.3371,12,42,12,203884,472560,17049,109207,3.7428716259029273,0.18771604439578043
3368,0.3372,6,116,6,204000,472444,17055,109201,3.7419528576859715,0.18774510225309252
3369,0.3373,29,141,29,204141,472303,17084,109172,3.7408360790774298,0.18775011823380197
3370,0.3374,9,62,9,204203,472241,17093,109163,3.7403450133062983,0.18775756616741543
3371,0.3375,24,146,24,204349,472095,17117,109139,3.73918863261944,0.18777119026072114
3372,0.3376,11,38,11,204387,472057,17128,109128,3.73888765682423,0.18776809449658888
3373,0.3377,15,144,15,204531,471913,17143,109113,3.7377471169686984,0.18779366155731414
3374,0.3378,17,238,17,204769,471675,17160,109096,3.735862058040806,0.18784684496987625
3375,0.3379,21,232,21,205001,471443,17181,109075,3.734024521606894,0.18789253735456954
3376,0.338,17,114,17,205115,471329,17198,109058,3.7331215942212648,0.18790565605363319
3377,0.3381,11,81,11,205196,471248,17209,109047,3.7324800405525282,0.18791649075039418
3378,0.3382,12,85,12,205281,471163,17221,109035,3.731806805221138,0.1879272248439326
3379,0.3383,7,91,7,205372,471072,17228,109028,3.731086047395767,0.18794690570591277
3380,0.3384,18,150,18,205522,470922,17246,109010,3.729897985046255,0.18797031376092369
3381,0.3385,13,106,13,205628,470816,17259,108997,3.7290584209859334,0.18798647150029407
3382,0.3386,9,132,9,205760,470684,17268,108988,3.7280129261183625,0.1880166714969845
3383,0.3387,8,106,8,205866,470578,17276,108980,3.727173362058041,0.1880398510589104
3384,0.3388,18,131,18,205997,470447,17294,108962,3.7261357876061334,0.1880571409833123
3385,0.3389,9,61,9,206058,470386,17303,108953,3.7256526422506653,0.1880643284847041
3386,0.339,17,96,17,206154,470290,17320,108936,3.7248922823469774,0.18807166805357495
3387,0.3391,10,88,10,206242,470202,17330,108926,3.724195285768597,0.18808622618833834
3388,0.3392,4,62,4,206304,470140,17334,108922,3.7237042199974653,0.18810075605030205
3389,0.3393,7,48,7,206352,470092,17341,108915,3.723324040045622,0.18810653411789494
3390,0.3394,10,72,10,206424,470020,17351,108905,3.7227537701178557,0.18811590447812757
3391,0.3395,19,186,19,206610,469834,17370,108886,3.721280572804461,0.18814970970417472
3392,0.3396,15,60,15,206670,469774,17385,108871,3.720805347864656,0.18814817375074527
3393,0.3397,3,20,3,206690,469754,17388,108868,3.7206469395513877,0.1881504678356509
3394,0.3398,3,40,3,206730,469714,17391,108865,3.720330122924851,0.18815926606392558
3395,0.3399,3,59,3,206789,469655,17394,108862,3.71986281840071,0.18817424552778916
3396,0.34,5,45,5,206834,469610,17399,108857,3.719506399695856,0.1881818668999269
3397,0.3401,13,65,13,206899,469545,17412,108844,3.718991572677734,0.18818476838252457
3398,0.3402,12,71,12,206970,469474,17424,108832,3.7184292231656317,0.18819102689579564
3399,0.3403,13,96,13,207066,469378,17437,108819,3.717668863261944,0.18820402042902332
3400,0.3404,22,205,22,207271,469173,17459,108797,3.716045178050944,0.1882398740419053
3401,0.3405,11,87,11,207358,469086,17470,108786,3.715356101888227,0.1882527618572971
3402,0.3406,3,61,3,207419,469025,17473,108783,3.714872956532759,0.1882684213441143
3403,0.3407,15,149,15,207568,468876,17488,108768,3.71369281459891,0.18829590543656646
3404,0.3408,11,100,11,207668,468776,17499,108757,3.712900773032569,0.18831304877816507
3405,0.3409,14,83,14,207751,468693,17513,108743,3.7122433785325053,0.18832043724326158
3406,0.341,13,88,13,207839,468605,17526,108730,3.711546381954125,0.18833086509565503
3407,0.3411,10,58,10,207897,468547,17536,108720,3.711086997845647,0.1883357267953997
3408,0.3412,4,85,4,207982,468462,17540,108716,3.7104137625142566,0.18835783761681837
3409,0.3413,13,138,13,208120,468324,17553,108703,3.7093207451527057,0.18838459898756904
3410,0.3414,5,52,5,208172,468272,17558,108698,3.708908883538208,0.18839454391042862
3411,0.3415,15,112,15,208284,468160,17573,108683,3.7080217969839055,0.1884100179771619
3412,0.3416,4,66,4,208350,468094,17577,108679,3.7074990495501203,0.18842594920358616
3413,0.3417,5,53,5,208403,468041,17582,108674,3.7070792675199593,0.18843622933337958
3414,0.3418,14,194,14,208597,467847,17596,108660,3.705542706881257,0.18847993172676133
3415,0.3419,11,90,11,208687,467757,17607,108649,3.70482986947155,0.1884938741095686
3416,0.342,24,234,24,208921,467523,17631,108625,3.702976492206311,0.18853662600581794
3417,0.3421,10,147,10,209068,467376,17641,108615,3.701812191103789,0.1885706547498138
3418,0.3422,17,123,17,209191,467253,17658,108598,3.700837979977189,0.1885869782287432
3419,0.3423,16,77,16,209268,467176,17674,108582,3.7002281079711064,0.1885896505128891
3420,0.3424,9,87,9,209355,467089,17683,108573,3.6995390318083894,0.1886054664021596
3421,0.3425,19,124,19,209479,466965,17702,108554,3.698556900266126,0.18861931578279778
3422,0.3426,10,103,10,209582,466862,17712,108544,3.6977410974527944,0.18863897839091007
3423,0.3427,14,88,14,209670,466774,17726,108530,3.6970441008744137,0.18864808866268964
3424,0.3428,14,98,14,209768,466676,17740,108516,3.696267900139399,0.18866048206511912
3425,0.3429,13,104,13,209872,466572,17753,108503,3.6954441769104043,0.18867625961831067
3426,0.343,10,72,10,209944,466500,17763,108493,3.6948739069826386,0.18868577530509067
3427,0.3431,11,83,11,210027,466417,17774,108482,3.694216512482575,0.18869749295093574
3428,0.3432,12,156,12,210183,466261,17786,108470,3.6929809276390824,0.18873177190720528
3429,0.3433,5,54,5,210237,466207,17791,108465,3.692553225193258,0.18874244786591307
3430,0.3434,5,80,5,210317,466127,17796,108460,3.691919591940185,0.1887616670756561
3431,0.3435,12,124,12,210441,466003,17808,108448,3.6909374603979215,0.1887854664714658
3432,0.3436,10,99,10,210540,465904,17818,108438,3.6901533392472436,0.18880388340048265
3433,0.3437,5,90,5,210630,465814,17823,108433,3.6894405018375362,0.18882641093466748
3434,0.3438,27,190,27,210820,465624,17850,108406,3.6879356228614877,0.18885075692908035
3435,0.3439,15,138,15,210958,465486,17865,108391,3.686842605499937,0.18887496798094366
3436,0.344,4,72,4,211030,465414,17869,108387,3.6862723355721707,0.18889301343148582
3437,0.3441,6,82,6,211112,465332,17875,108381,3.685622861487771,0.1889115289351993
3438,0.3442,7,54,7,211166,465278,17882,108374,3.6851951590419465,0.188919414557955
3439,0.3443,6,48,6,211214,465230,17888,108368,3.6848149790901026,0.18892673963298337
3440,0.3444,10,98,10,211312,465132,17898,108358,3.684038778355088,0.18894488134056392
3441,0.3445,15,127,15,211439,465005,17913,108343,3.6830328855658343,0.18896551483566698
3442,0.3446,9,82,9,211521,464923,17922,108334,3.6823834114814344,0.18897981184704243
3443,0.3447,7,54,7,211575,464869,17929,108327,3.68195570903561,0.18898771100984654
3444,0.3448,13,119,13,211694,464750,17942,108314,3.681013179571664,0.18900855750841092
3445,0.3449,19,152,19,211846,464598,17961,108295,3.679809276390825,0.18903180873217162
3446,0.345,15,143,15,211989,464455,17976,108280,3.6786766569509566,0.18905776668092572
3447,0.3451,10,138,10,212127,464317,17986,108270,3.6775836395894057,0.18908916898218087
3448,0.3452,6,97,6,212224,464220,17992,108264,3.6768153592700545,0.1891127088267969
3449,0.3453,12,53,12,212277,464167,18004,108252,3.6763955772398935,0.18911321951228033
3450,0.3454,3,60,3,212337,464107,18007,108249,3.6759203523000887,0.18912879396739093
3451,0.3455,12,93,12,212430,464014,18019,108237,3.6751837536433913,0.18914252661856423
3452,0.3456,29,218,29,212648,463796,18048,108208,3.673457103028767,0.18917350228320082
3453,0.3457,13,60,13,212708,463736,18061,108195,3.672981878088962,0.18917491795338948
3454,0.3458,6,85,6,212793,463651,18067,108189,3.6723086427575717,0.18919452993844432
3455,0.3459,21,213,21,213006,463438,18088,108168,3.6706215942212648,0.18923524245721704
3456,0.346,11,123,11,213129,463315,18099,108157,3.6696473830946648,0.18926036621216788
3457,0.3461,9,89,9,213218,463226,18108,108148,3.668942466100621,0.18927707596075424
3458,0.3462,10,61,10,213279,463165,18118,108138,3.6684593207451526,0.1892830949601175
3459,0.3463,14,133,14,213412,463032,18132,108124,3.667405905461919,0.18930729958190057
3460,0.3464,24,182,24,213594,462850,18156,108100,3.6659643898111773,0.18933356686224714
3461,0.3465,7,79,7,213673,462771,18163,108093,3.6653386769737675,0.18934982762969815
3462,0.3466,6,44,6,213717,462727,18169,108087,3.6649901786845773,0.1893559022728945
3463,0.3467,5,82,5,213799,462645,18174,108082,3.6643407046001775,0.1893760063918476
3464,0.3468,7,107,7,213906,462538,18181,108075,3.663493220124192,0.1894015733956289
3465,0.3469,13,71,13,213977,462467,18194,108062,3.6629308706120898,0.18940667345568762
3466,0.347,10,78,10,214055,462389,18204,108052,3.6623130781903432,0.1894183622846184
3467,0.3471,6,30,6,214085,462359,18210,108046,3.662075465720441,0.18941979821355
3468,0.3472,11,77,11,214162,462282,18221,108035,3.6614655937143583,0.1894297381982301
3469,0.3473,10,145,10,214307,462137,18231,108025,3.6603171334431632,0.18946369628281085
3470,0.3474,18,175,18,214482,461962,18249,108007,3.6589310607020655,0.18949627084981815
3471,0.3475,22,158,22,214640,461804,18271,107985,3.6576796350272462,0.18951752315330764
3472,0.3476,16,132,16,214772,461672,18287,107969,3.6566341401596754,0.1895386743580606
3473,0.3477,14,94,14,214866,461578,18301,107955,3.6558896210873146,0.1895500348531165
3474,0.3478,12,97,12,214963,461481,18313,107943,3.6551213407679635,0.18956524487903564
3475,0.3479,10,77,10,215040,461404,18323,107933,3.6545114687618807,0.18957664792556955
3476,0.348,14,153,14,215193,461251,18337,107919,3.653299645165378,0.1896076743328004
3477,0.3481,13,151,13,215344,461100,18350,107906,3.6521036624002026,0.18963947656087984
3478,0.3482,5,69,5,215413,461031,18355,107901,3.6515571537194274,0.18965535424268629
3479,0.3483,19,161,19,215574,460870,18374,107882,3.6502819667976176,0.18968197034911524
3480,0.3484,9,66,9,215640,460804,18383,107873,3.6497592193638324,0.18969116035992312
3481,0.3485,13,98,13,215738,460706,18396,107860,3.6489830186288175,0.18970532884484828
3482,0.3486,33,187,33,215925,460519,18429,107827,3.6475019008997593,0.1897206983070172
3483,0.3487,9,124,9,216049,460395,18438,107818,3.646519769357496,0.18974926656025118
3484,0.3488,18,248,18,216297,460147,18456,107800,3.6445555062729693,0.18980644320684853
3485,0.3489,14,105,14,216402,460042,18470,107786,3.6437238626283106,0.1898215656853836
3486,0.349,11,108,11,216510,459934,18481,107775,3.642868457736662,0.1898419789011624
3487,0.3491,24,169,24,216679,459765,18505,107751,3.641529907489545,0.18986425052333325
3488,0.3492,7,80,7,216759,459685,18512,107744,3.640896274236472,0.1898810247625694
3489,0.3493,20,246,20,217005,459439,18532,107724,3.638947851983272,0.1899348159171173
3490,0.3494,11,67,11,217072,459372,18543,107713,3.6384171841338233,0.18994154315490622
3491,0.3495,5,72,5,217144,459300,18548,107708,3.6378469142060577,0.1899585191037869
3492,0.3496,13,134,13,217278,459166,18561,107695,3.63678557850716,0.18998484637327318
3493,0.3497,18,137,18,217415,459029,18579,107677,3.635700481561272,0.19000504670852258
3494,0.3498,29,154,29,217569,458875,18608,107648,3.6344807375491066,0.19001523327384767
3495,0.3499,6,61,6,217630,458814,18614,107642,3.6339975921936385,0.190027115963111
3496,0.35,18,123,18,217753,458691,18632,107624,3.6330233810670385,0.19004264411149271
3497,0.3501,5,102,5,217855,458589,18637,107619,3.63221549866937,0.19006972702611055
3498,0.3502,13,66,13,217921,458523,18650,107606,3.631692751235585,0.1900732871836631
3499,0.3503,8,45,8,217966,458478,18658,107598,3.631336332530731,0.19007695079812606
3500,0.3504,17,90,17,218056,458388,18675,107581,3.630623495121024,0.1900828490606376
3501,0.3505,30,210,30,218266,458178,18705,107551,3.628960207831707,0.19011045924815592
3502,0.3506,16,127,16,218393,458051,18721,107535,3.6279543150424534,0.19013023660415923
3503,0.3507,11,93,11,218486,457958,18732,107524,3.627217716385756,0.19014575176575027
3504,0.3508,11,76,11,218562,457882,18743,107513,3.6266157647953365,0.19015555496599723
3505,0.3509,6,68,6,218630,457814,18749,107507,3.626077176530224,0.19016983271451088
3506,0.351,4,46,4,218676,457768,18753,107503,3.6257128374097074,0.19017957758314152
3507,0.3511,21,191,21,218867,457577,18774,107482,3.624200038017995,0.19021376528822653
3508,0.3512,25,146,25,219013,457431,18799,107457,3.6230436573311366,0.19022708926371246
3509,0.3513,19,149,19,219162,457282,18818,107438,3.6218635153972882,0.19025003541578128
3510,0.3514,4,76,4,219238,457206,18822,107434,3.6212615638068684,0.1902699064890904
3511,0.3515,32,262,32,219500,456944,18854,107402,3.619186414903054,0.19031232612617083
3512,0.3516,3,29,3,219529,456915,18857,107399,3.6189567228488153,0.19031780179120136
3513,0.3517,15,151,15,219680,456764,18872,107384,3.61776074008364,0.19034721385168432
3514,0.3518,10,89,10,219769,456675,18882,107374,3.6170558230895957,0.19036289400388973
3515,0.3519,20,191,20,219960,456484,18902,107354,3.615543023697884,0.19039866060818889
3516,0.352,12,86,12,220046,456398,18914,107342,3.61486186795083,0.19041047291304503
3517,0.3521,8,61,8,220107,456337,18922,107334,3.6143787225953616,0.1904195887317247
3518,0.3522,7,144,7,220251,456193,18929,107327,3.6132381827398303,0.1904581913685406
3519,0.3523,18,161,18,220412,456032,18947,107309,3.6119629958180206,0.19048675668911014
3520,0.3524,18,125,18,220537,455907,18965,107291,3.610972943860094,0.19050316229816158
3521,0.3525,16,72,16,220609,455835,18981,107275,3.610402673932328,0.19050451954325087
3522,0.3526,10,62,10,220671,455773,18991,107265,3.6099116081611964,0.1905111200309748
3523,0.3527,4,43,4,220714,455730,18995,107261,3.6095710302876696,0.19051991950137748
3524,0.3528,9,93,9,220807,455637,19004,107252,3.608834431630972,0.19053845429560712
3525,0.3529,15,119,15,220926,455518,19019,107237,3.607891902167026,0.1905571696386527
3526,0.353,11,136,11,221062,455382,19030,107226,3.6068147256368013,0.19058740721781417
3527,0.3531,18,162,18,221224,455220,19048,107208,3.6055316182993282,0.19061639889905907
3528,0.3532,11,92,11,221316,455128,19059,107197,3.604802940058294,0.19063175210065353
3529,0.3533,21,103,21,221419,455025,19080,107176,3.6039871372449626,0.19063644497252763
3530,0.3534,16,149,16,221568,454876,19096,107160,3.602806995311114,0.19066394323495292
3531,0.3535,32,240,32,221808,454636,19128,107128,3.6009060955518946,0.1906992972137766
3532,0.3536,17,113,17,221921,454523,19145,107111,3.6000110885819288,0.19071316907452185
3533,0.3537,13,74,13,221995,454449,19158,107098,3.599424977822836,0.19071956577098623
3534,0.3538,5,51,5,222046,454398,19163,107093,3.599021036624002,0.19072968222108636
3535,0.3539,11,33,11,222079,454365,19174,107082,3.5987596629071095,0.190725037269769
3536,0.354,9,76,9,222155,454289,19183,107073,3.59815771131669,0.19073788393229324
3537,0.3541,17,81,17,222236,454208,19200,107056,3.5975161576479535,0.19074089911342967
3538,0.3542,10,67,10,222303,454141,19210,107046,3.5969854897985045,0.1907492511408853
3539,0.3543,13,47,13,222350,454094,19223,107033,3.5966132302623244,0.19074647985215468
3540,0.3544,13,91,13,222441,454003,19236,107020,3.5958924724369536,0.19075866764820693
3541,0.3545,7,95,7,222536,453908,19243,107013,3.595140032948929,0.1907808764514076
3542,0.3546,9,79,9,222615,453829,19252,107004,3.5945143201115193,0.19079476421679895
3543,0.3547,26,224,26,222839,453605,19278,106978,3.5927401470029148,0.19083347158226346
3544,0.3548,11,41,11,222880,453564,19289,106967,3.5924154099607146,0.1908315507973689
3545,0.3549,24,143,24,223023,453421,19313,106943,3.5912827905208466,0.19084559322154884
3546,0.355,11,159,11,223182,453262,19324,106932,3.5900234444303636,0.19088387237278515
3547,0.3551,11,83,11,223265,453179,19335,106921,3.5893660499303004,0.19089626852347796
3548,0.3552,11,75,11,223340,453104,19346,106910,3.5887720187555443,0.19090594163717337
3549,0.3553,5,45,5,223385,453059,19351,106905,3.588415600050691,0.19091405876092035
3550,0.3554,12,130,12,223515,452929,19363,106893,3.587385946014447,0.1909410491191843
3551,0.3555,8,74,8,223589,452855,19371,106885,3.5867998352553543,0.19095472898131274
3552,0.3556,17,79,17,223668,452776,19388,106868,3.5861741224179444,0.19095710844751307
3553,0.3557,6,68,6,223736,452708,19394,106862,3.5856355341528325,0.19097163893704094
3554,0.3558,21,143,21,223879,452565,19415,106841,3.584502914712964,0.19099008591255726
3555,0.3559,4,42,4,223921,452523,19419,106837,3.5841702572551006,0.19099864130434782
3556,0.356,12,87,12,224008,452436,19431,106825,3.5834811810923837,0.19101099486643983
3557,0.3561,8,122,8,224130,452314,19439,106817,3.5825148903814474,0.19104109770340044
3558,0.3562,9,90,9,224220,452224,19448,106808,3.58180205297174,0.1910588302637416
3559,0.3563,11,126,11,224346,452098,19459,106797,3.5808040805981496,0.19108598216122885
3560,0.3564,15,68,15,224414,452030,19474,106782,3.5802654923330377,0.19108752138465174
3561,0.3565,5,63,5,224477,451967,19479,106777,3.5797665061462425,0.19110182838652406
3562,0.3566,12,83,12,224560,451884,19491,106765,3.5791091116461793,0.19111284545394336
3563,0.3567,6,23,6,224583,451861,19497,106759,3.578926942085921,0.1911120260642297
3564,0.3568,16,100,16,224683,451761,19513,106743,3.5781349005195793,0.19112307163422285
3565,0.3569,5,48,5,224731,451713,19518,106738,3.5777547205677354,0.1911322569034705
3566,0.357,14,99,14,224830,451614,19532,106724,3.5769705994170575,0.19114586504948616
3567,0.3571,11,86,11,224916,451528,19543,106713,3.576289443670004,0.19115937381883452
3568,0.3572,13,139,13,225055,451389,19556,106700,3.5751885058927892,0.1911881438265223
3569,0.3573,20,158,20,225213,451231,19576,106680,3.57393708021797,0.1912132938766219
3570,0.3574,12,95,12,225308,451136,19588,106668,3.5731846407299455,0.19122846017597578
3571,0.3575,12,62,12,225370,451074,19600,106656,3.572693574958814,0.19123231671238772
3572,0.3576,11,89,11,225459,450985,19611,106645,3.57198865796477,0.19124688413464125
3573,0.3577,36,205,36,225664,450780,19647,106609,3.57036497275377,0.191264987288949
3574,0.3578,6,60,6,225724,450720,19653,106603,3.5698897478139653,0.19127687176018215
3575,0.3579,5,79,5,225803,450641,19658,106598,3.5692640349765554,0.191296732640752
3576,0.358,25,224,25,226027,450417,19683,106573,3.567489861867951,0.19133736691861614
3577,0.3581,6,105,6,226132,450312,19689,106567,3.566658218223292,0.19136473093795958
3578,0.3582,12,109,12,226241,450203,19701,106555,3.56579489291598,0.1913847668107149
3579,0.3583,11,73,11,226314,450130,19712,106544,3.565216702572551,0.19139388582904895
3580,0.3584,31,198,31,226512,449932,19743,106513,3.563648460271195,0.1914169414766958
3581,0.3585,10,116,10,226628,449816,19753,106503,3.562729692054239,0.1914423199639056
3582,0.3586,15,96,15,226724,449720,19768,106488,3.5619693321505514,0.19145355694272645
3583,0.3587,15,82,15,226806,449638,19783,106473,3.561319858066151,0.19145997831368197
3584,0.3588,7,86,7,226892,449552,19790,106466,3.5606387023190975,0.1914794125370042
3585,0.3589,10,95,10,226987,449457,19800,106456,3.5598862628310735,0.19149759045030426
3586,0.359,14,102,14,227089,449355,19814,106442,3.559078380433405,0.19151236872455232
3587,0.3591,11,82,11,227171,449273,19825,106431,3.5584289063490053,0.19152462462030145
3588,0.3592,12,52,12,227223,449221,19837,106419,3.5580170447345076,0.19152508818659564
3589,0.3593,14,129,14,227352,449092,19851,106405,3.556995311113927,0.1915491892845506
3590,0.3594,4,83,4,227435,449009,19855,106401,3.556337916613864,0.1915719918618678
3591,0.3595,24,129,24,227564,448880,19879,106377,3.5553161829932836,0.1915815559281558
3592,0.3596,15,80,15,227644,448800,19894,106362,3.5546825497402104,0.19158732045781232
3593,0.3597,8,52,8,227696,448748,19902,106354,3.5542706881257127,0.19159361702894243
3594,0.3598,11,96,11,227792,448652,19913,106343,3.5535103282220253,0.19161073523184893
3595,0.3599,18,122,18,227914,448530,19931,106325,3.5525440375110886,0.1916266411945463
3596,0.36,21,126,21,228040,448404,19952,106304,3.5515460651374986,0.1916395653208535
3597,0.3601,26,219,26,228259,448185,19978,106278,3.5498114941072108,0.19167735268178399
3598,0.3602,22,214,22,228473,447971,20000,106256,3.54811652515524,0.19171927748016607
3599,0.3603,23,185,23,228658,447786,20023,106233,3.5466512482575085,0.19174974143486054
3600,0.3604,21,177,21,228835,447609,20044,106212,3.545249334685084,0.1917803766921081
3601,0.3605,18,114,18,228949,447495,20062,106194,3.544346407299455,0.19179358809728927
3602,0.3606,12,82,12,229031,447413,20074,106182,3.543696933215055,0.19180447800287215
3603,0.3607,2,61,2,229092,447352,20076,106180,3.543213787859587,0.19182269498421048
3604,0.3608,7,100,7,229192,447252,20083,106173,3.5424217462932455,0.19184713375796178
3605,0.3609,5,45,5,229237,447207,20088,106168,3.542065327588392,0.19185543257284843
3606,0.361,9,101,9,229338,447106,20097,106159,3.541265365606387,0.1918773101497474
3607,0.3611,18,122,18,229460,446984,20115,106141,3.5402990748954504,0.19189333333333333
3608,0.3612,10,83,10,229543,446901,20125,106131,3.539641680395387,0.1919075207221282
3609,0.3613,10,93,10,229636,446808,20135,106121,3.53890508173869,0.19192518388436852
3610,0.3614,16,106,16,229742,446702,20151,106105,3.5380655176783677,0.19193859701487137
3611,0.3615,42,272,42,230014,446430,20193,106063,3.5359111646179193,0.19197166298939533
3612,0.3616,26,159,26,230173,446271,20219,106037,3.5346518185274363,0.19198889025688565
3613,0.3617,24,159,24,230332,446112,20243,106013,3.5333924724369536,0.1920090559203079
3614,0.3618,10,132,10,230464,445980,20253,106003,3.5323469775693828,0.19204033457552136
3615,0.3619,11,71,11,230535,445909,20264,105992,3.5317846280572804,0.19204893631285322
3616,0.362,20,95,20,230630,445814,20284,105972,3.531032188569256,0.1920527160892085
3617,0.3621,10,82,10,230712,445732,20294,105962,3.530382714484856,0.1920666166389339
3618,0.3622,10,68,10,230780,445664,20304,105952,3.529844126219744,0.19207564682677805
3619,0.3623,19,134,19,230914,445530,20323,105933,3.5287827905208466,0.1920944832200891
3620,0.3624,5,56,5,230970,445474,20328,105928,3.528339247243695,0.1921066662797741
3621,0.3625,17,93,17,231063,445381,20345,105911,3.527602648586998,0.19211416091653788
3622,0.3626,13,111,13,231174,445270,20358,105898,3.526723482448359,0.19213379586623316
3623,0.3627,13,84,13,231258,445186,20371,105885,3.526058167532632,0.19214402499859365
3624,0.3628,43,309,43,231567,444877,20414,105842,3.5236107590926373,0.1921887568796428
3625,0.3629,35,249,35,231816,444628,20449,105807,3.5216385755924473,0.1922243316649559
3626,0.363,3,18,3,231834,444610,20452,105804,3.5214960081105056,0.19222621517621283
3627,0.3631,9,65,9,231899,444545,20461,105795,3.5209811810923837,0.19223570883453864
3628,0.3632,9,95,9,231994,444450,20470,105786,3.5202287416043596,0.1922556866508189
3629,0.3633,6,58,6,232052,444392,20476,105780,3.5197693574958815,0.1922671455472107
3630,0.3634,17,110,17,232162,444282,20493,105763,3.5188981117729057,0.19228063158468853
3631,0.3635,22,203,22,232365,444079,20515,105741,3.517290267393233,0.19231930449965443
3632,0.3636,14,57,14,232422,444022,20529,105727,3.516838803700418,0.1923186763413849
3633,0.3637,7,95,7,232517,443927,20536,105720,3.516086364212394,0.19234163017354775
3634,0.3638,14,183,14,232700,443744,20550,105706,3.5146369281459893,0.19238511238511238
3635,0.3639,11,69,11,232769,443675,20561,105695,3.5140904194652136,0.19239310482916797
3636,0.364,23,184,23,232953,443491,20584,105672,3.5126330629831455,0.19242374304168344
3637,0.3641,11,102,11,233055,443389,20595,105661,3.511825180585477,0.19244331117384572
3638,0.3642,25,136,25,233191,443253,20620,105636,3.510748004055253,0.19245421205380323
3639,0.3643,13,89,13,233280,443164,20633,105623,3.510043087061209,0.19246629384442415
3640,0.3644,21,118,21,233398,443046,20654,105602,3.509108478012926,0.19247677928289175
3641,0.3645,12,82,12,233480,442964,20666,105590,3.508459003928526,0.19248788633388872
3642,0.3646,11,98,11,233578,442866,20677,105579,3.5076828031935117,0.1925060853868665
3643,0.3647,29,224,29,233802,442642,20706,105550,3.5059086300849067,0.1925420290701068
3644,0.3648,14,180,14,233982,442462,20720,105536,3.5044829552654924,0.19258464446950535
3645,0.3649,19,139,19,234121,442323,20739,105517,3.5033820174882777,0.19260550525700934
3646,0.365,10,123,10,234244,442200,20749,105507,3.5024078063616777,0.19263401782339828
3647,0.3651,18,133,18,234377,442067,20767,105489,3.501354391078444,0.1926542673260817
3648,0.3652,9,43,9,234420,442024,20776,105480,3.501013813204917,0.1926561267132295
3649,0.3653,19,69,19,234489,441955,20795,105461,3.5004673045241415,0.19265238867698423
3650,0.3654,15,76,15,234565,441879,20810,105446,3.499865352933722,0.1926570136573334
3651,0.3655,21,148,21,234713,441731,20831,105425,3.4986931314155365,0.19267813932406846
3652,0.3656,10,69,10,234782,441662,20841,105415,3.4981466227347613,0.19268768381781723
3653,0.3657,17,91,17,234873,441571,20858,105398,3.4974258649093906,0.19269464997102212
3654,0.3658,18,130,18,235003,441441,20876,105380,3.496396210873147,0.1927138862625978
3655,0.3659,22,171,22,235174,441270,20898,105358,3.495041819794703,0.19274168172870765
3656,0.366,13,74,13,235248,441196,20911,105345,3.49445570903561,0.19274857695945957
3657,0.3661,5,37,5,235285,441159,20916,105340,3.4941626536560637,0.1927542410873579
3658,0.3662,10,73,10,235358,441086,20926,105330,3.4935844633126347,0.19276521917366987
3659,0.3663,10,82,10,235440,441004,20936,105320,3.492934989228235,0.19277937634077946
3660,0.3664,16,127,16,235567,440877,20952,105304,3.491929096438981,0.19280055512732958
3661,0.3665,7,44,7,235611,440833,20959,105297,3.491580598149791,0.19280574222254773
3662,0.3666,8,85,8,235696,440748,20967,105289,3.4909073628184006,0.19282392951393404
3663,0.3667,20,154,20,235850,440594,20987,105269,3.489687618806235,0.192848755090563
3664,0.3668,14,140,14,235990,440454,21001,105255,3.488578760613357,0.19287752263569044
3665,0.3669,12,53,12,236043,440401,21013,105243,3.488158978583196,0.19287850686528213
3666,0.367,12,71,12,236114,440330,21025,105231,3.487596629071094,0.1928858551106109
3667,0.3671,22,124,22,236238,440206,21047,105209,3.4866144975288305,0.19289715171016567
3668,0.3672,9,139,9,236377,440067,21056,105200,3.485513559751616,0.19293300346435782
3669,0.3673,10,72,10,236449,439995,21066,105190,3.48494328982385,0.19294367966836945
3670,0.3674,8,159,8,236608,439836,21074,105182,3.483683943733367,0.19298812149323508
3671,0.3675,14,100,14,236708,439736,21088,105168,3.482891902167026,0.1930028041636692
3672,0.3676,19,140,19,236848,439596,21107,105149,3.481783043974148,0.19302425905698997
3673,0.3677,28,184,28,237032,439412,21135,105121,3.4803256874920794,0.19304798790890543
3674,0.3678,15,174,15,237206,439238,21150,105106,3.4789475351666455,0.1930874594006731
3675,0.3679,9,80,9,237286,439158,21159,105097,3.4783139019135723,0.19310249790998704
3676,0.368,11,106,11,237392,439052,21170,105086,3.4774743378532507,0.19312380315287667
3677,0.3681,12,135,12,237527,438917,21182,105074,3.47640508173869,0.19315393085547372
3678,0.3682,20,203,20,237730,438714,21202,105054,3.4747972373590166,0.19319636315487487
3679,0.3683,22,107,22,237837,438607,21224,105032,3.473949752883031,0.19320173865377577
3680,0.3684,8,82,8,237919,438525,21232,105024,3.4733002787986313,0.19321901061357855
3681,0.3685,15,113,15,238032,438412,21247,105009,3.4724052718286655,0.19323691944183238
3682,0.3686,13,97,13,238129,438315,21260,104996,3.4716369915093144,0.1932521152709958
3683,0.3687,7,75,7,238204,438240,21267,104989,3.4710429603345583,0.19326840061926
3684,0.3688,11,162,11,238366,438078,21278,104978,3.4697598529970852,0.19330971391532364
3685,0.3689,7,112,7,238478,437966,21285,104971,3.4688727664427828,0.19333919036646977
3686,0.369,8,90,8,238568,437876,21293,104963,3.468159929033076,0.19335935701008955
3687,0.3691,24,171,24,238739,437705,21317,104939,3.466805537954632,0.1933846131165184
3688,0.3692,13,92,13,238831,437613,21330,104926,3.466076859713598,0.19339807829483227
3689,0.3693,41,230,41,239061,437383,21371,104885,3.4642551641110124,0.19341912117255675
3690,0.3694,13,79,13,239140,437304,21384,104872,3.463629451273603,0.19342796435105944
3691,0.3695,5,57,5,239197,437247,21389,104867,3.463177987580788,0.19344086299191682
3692,0.3696,16,102,16,239299,437145,21405,104851,3.46237010518312,0.1934534572210865
3693,0.3697,7,68,7,239367,437077,21412,104844,3.461831516918008,0.1934673135014144
3694,0.3698,12,93,12,239460,436984,21424,104832,3.46109491826131,0.19348265831942948
3695,0.3699,16,177,16,239637,436807,21440,104816,3.459693004688886,0.19352206239395298
3696,0.37,18,151,18,239788,436656,21458,104798,3.4584970219237103,0.1935492211711429
3697,0.3701,11,91,11,239879,436565,21469,104787,3.45777626409834,0.19356536966705581
3698,0.3702,11,150,11,240029,436415,21480,104776,3.456588201748828,0.19360262827726255
3699,0.3703,10,66,10,240095,436349,21490,104766,3.4560654543150426,0.19361133954889442
3700,0.3704,10,98,10,240193,436251,21500,104756,3.4552892535800277,0.19363150569216295
3701,0.3705,16,141,16,240334,436110,21516,104740,3.4541724749714864,0.19365813072016272
3702,0.3706,18,113,18,240447,435997,21534,104722,3.4532774680015206,0.19367175926867744
3703,0.3707,7,73,7,240520,435924,21541,104715,3.4526992776580916,0.19368746982737095
3704,0.3708,9,106,9,240626,435818,21550,104706,3.4518597135977696,0.1937120275880442
3705,0.3709,16,66,16,240692,435752,21566,104690,3.4513369661639843,0.19371181366363088
3706,0.371,9,98,9,240790,435654,21575,104681,3.45056076542897,0.19373351716990386
3707,0.3711,8,47,8,240837,435607,21583,104673,3.4501885058927892,0.19373843192418747
3708,0.3712,13,75,13,240912,435532,21596,104660,3.449594474718033,0.19374592737397073
3709,0.3713,12,111,12,241023,435421,21608,104648,3.4487153085793945,0.19376783336943984
3710,0.3714,5,59,5,241082,435362,21613,104643,3.448248004055253,0.1937815390598235
3711,0.3715,19,118,19,241200,435244,21632,104624,3.44731339500697,0.19379552038646483
3712,0.3716,11,108,11,241308,435136,21643,104613,3.4464579901153214,0.19381786719382527
3713,0.3717,16,92,16,241400,435044,21659,104597,3.4457293118742873,0.19382700721405527
3714,0.3718,13,69,13,241469,434975,21672,104584,3.4451828031935117,0.19383237050999055
3715,0.3719,3,63,3,241532,434912,21675,104581,3.4446838170067164,0.19385052262031202
3716,0.372,16,152,16,241684,434760,21691,104565,3.4434799138258776,0.1938812404394382
3717,0.3721,25,178,25,241862,434582,21716,104540,3.44207007983779,0.19390787242961705
3718,0.3722,8,58,8,241920,434524,21724,104532,3.4416106957293118,0.19391677302543706
3719,0.3723,33,207,33,242127,434317,21757,104499,3.4399711696869852,0.1939419022449222
3720,0.3724,20,177,20,242304,434140,21777,104479,3.438569256114561,0.19397570453326005
3721,0.3725,21,178,21,242482,433962,21798,104458,3.437159422126473,0.19400839493332342
3722,0.3726,13,88,13,242570,433874,21811,104445,3.436462425548093,0.1940206457509395
3723,0.3727,9,77,9,242647,433797,21820,104436,3.4358525535420097,0.19403492539476397
3724,0.3728,22,125,22,242772,433672,21842,104414,3.434862501584083,0.19404704824135918
3725,0.3729,9,120,9,242892,433552,21851,104405,3.4339120517044734,0.19407685000845792
3726,0.373,27,208,27,243100,433344,21878,104378,3.432264605246483,0.19411145536169247
3727,0.3731,16,115,16,243215,433229,21894,104362,3.4313537574451907,0.19412899397497355
3728,0.3732,15,123,15,243338,433106,21909,104347,3.4303795463185907,0.1941509304069379
3729,0.3733,13,98,13,243436,433008,21922,104334,3.429603345583576,0.19416684346282256
3730,0.3734,11,101,11,243537,432907,21933,104323,3.428803383601571,0.1941868473465741
3731,0.3735,10,81,10,243618,432826,21943,104313,3.4281618299328347,0.1942011285719339
3732,0.3736,6,64,6,243682,432762,21949,104307,3.4276549233303766,0.19421526842919626
3733,0.3737,10,44,10,243726,432718,21959,104297,3.427306425041186,0.19421617645689598
3734,0.3738,15,173,15,243899,432545,21974,104282,3.4259361931314154,0.1942562501513523
3735,0.3739,4,38,4,243937,432507,21978,104278,3.4256352173362057,0.19426399768995034
3736,0.374,15,127,15,244064,432380,21993,104263,3.4246293245469523,0.1942874499434447
3737,0.3741,11,59,11,244123,432321,22004,104252,3.424162020022811,0.1942922957360881
3738,0.3742,47,267,47,244390,432054,22051,104205,3.422047269040679,0.1943184170335603
3739,0.3743,21,141,21,244531,431913,22072,104184,3.420930490432138,0.19433796495783412
3740,0.3744,10,69,10,244600,431844,22082,104174,3.420383981751362,0.19434795100164548
3741,0.3745,8,92,8,244692,431752,22090,104166,3.419655303510328,0.19436928783881116
3742,0.3746,3,76,3,244768,431676,22093,104163,3.4190533519199087,0.19439234546197645
3743,0.3747,12,67,12,244835,431609,22105,104151,3.41852268407046,0.1943986113185008
3744,0.3748,16,148,16,244983,431461,22121,104135,3.4173504625522746,0.19442826309382444
3745,0.3749,26,132,26,245115,431329,22147,104109,3.416304967684704,0.19443707768219662
3746,0.375,10,49,10,245164,431280,22157,104099,3.415916867317197,0.19443982673956206
3747,0.3751,5,41,5,245205,431239,22162,104094,3.4155921302749968,0.19444719454993434
3748,0.3752,6,145,6,245350,431094,22168,104088,3.4144436700038017,0.1944908461046896
3749,0.3753,25,189,25,245539,430905,22193,104063,3.4129467114434164,0.19452191532951504
3750,0.3754,16,105,16,245644,430800,22209,104047,3.412115067798758,0.19453600749373184
3751,0.3755,20,164,20,245808,430636,22229,104027,3.410816119629958,0.1945655487662322
3752,0.3756,20,143,20,245951,430493,22249,104007,3.40968350019009,0.19458746492048642
3753,0.3757,21,140,21,246091,430353,22270,103986,3.408574641997212,0.19460679456300214
3754,0.3758,15,66,15,246157,430287,22285,103971,3.408051894563427,0.1946082229933852
3755,0.3759,10,134,10,246291,430153,22295,103961,3.4069905588645293,0.19464196781960405
3756,0.376,11,60,11,246351,430093,22306,103950,3.4065153339247245,0.19464724750628695
3757,0.3761,10,109,10,246460,429984,22316,103940,3.4056520086174125,0.19467190086978672
3758,0.3762,12,87,12,246547,429897,22328,103928,3.404962932454695,0.19468552428230226
3759,0.3763,14,104,14,246651,429793,22342,103914,3.4041392092257,0.19470233667536682
3760,0.3764,27,212,27,246863,429581,22369,103887,3.4024600811050565,0.1947389534142629
3761,0.3765,12,129,12,246992,429452,22381,103875,3.401438347484476,0.1947679378692622
3762,0.3766,9,61,9,247053,429391,22390,103866,3.400955202129008,0.19477662740479731
3763,0.3767,20,173,20,247226,429218,22410,103846,3.399584970219237,0.1948096288625756
3764,0.3768,4,29,4,247255,429189,22414,103842,3.399355278164998,0.194814185291287
3765,0.3769,17,105,17,247360,429084,22431,103825,3.39852363452034,0.19482688413969365
3766,0.377,15,112,15,247472,428972,22446,103810,3.3976365479660373,0.1948451711957236
3767,0.3771,15,90,15,247562,428882,22461,103795,3.39692371055633,0.19485541894994526
3768,0.3772,22,170,22,247732,428712,22483,103773,3.3955772398935498,0.19488436293980113
3769,0.3773,8,74,8,247806,428638,22491,103765,3.394991129134457,0.19489935255811858
3770,0.3774,14,128,14,247934,428510,22505,103751,3.39397731592954,0.1949250461709575
3771,0.3775,14,101,14,248035,428409,22519,103737,3.393177353947535,0.1949408620942373
3772,0.3776,12,87,12,248122,428322,22531,103725,3.392488277784818,0.1949545810802429
3773,0.3777,15,141,15,248263,428181,22546,103710,3.3913714991762767,0.1949835586614551
3774,0.3778,10,68,10,248331,428113,22556,103700,3.390832910911165,0.19499335292668663
3775,0.3779,12,51,12,248382,428062,22568,103688,3.3904289697123304,0.19499388810531265
3776,0.378,5,70,5,248452,427992,22573,103683,3.3898745406158914,0.19501199040767386
3777,0.3781,35,236,35,248688,427756,22608,103648,3.3880053225193256,0.19504557737615824
3778,0.3782,8,53,8,248741,427703,22616,103640,3.387585540489165,0.1950529130900379
3779,0.3783,17,123,17,248864,427580,22633,103623,3.386611329362565,0.1950723169861616
3780,0.3784,18,132,18,248996,427448,22651,103605,3.385565834494994,0.1950935217388848
3781,0.3785,5,55,5,249051,427393,22656,103600,3.3851302116335065,0.19510615017523772
3782,0.3786,13,96,13,249147,427297,22669,103587,3.3843698517298186,0.1951217215060164
3783,0.3787,11,95,11,249242,427202,22680,103576,3.3836174122417946,0.19513996435421213
3784,0.3788,13,89,13,249331,427113,22693,103563,3.3829124952477505,0.19515297469642492
3785,0.3789,12,54,12,249385,427059,22705,103551,3.382484792801926,0.1951546333465257
3786,0.379,13,162,13,249547,426897,22718,103538,3.381201685464453,0.19519451016618436
3787,0.3791,5,66,5,249613,426831,22723,103533,3.380678938030668,0.19521121343077585
3788,0.3792,13,97,13,249710,426734,22736,103520,3.3799106577113167,0.19522719300561617
3789,0.3793,17,144,17,249854,426590,22753,103503,3.378770117855785,0.19525441762105894
3790,0.3794,25,204,25,250058,426386,22778,103478,3.3771543530604484,0.19529162200111727
3791,0.3795,10,59,10,250117,426327,22788,103468,3.376687048536307,0.19529818137204014
3792,0.3796,15,91,15,250208,426236,22803,103453,3.3759662907109367,0.19530894543779462
3793,0.3797,8,66,8,250274,426170,22811,103445,3.375443543277151,0.19532112949973093
3794,0.3798,22,109,22,250383,426061,22833,103423,3.374580217969839,0.19532790414818957
3795,0.3799,20,176,20,250559,425885,22853,103403,3.3731862248130784,0.1953624491770076
3796,0.38,15,175,15,250734,425710,22868,103388,3.3718001520719807,0.19540425403233427
3797,0.3801,32,202,32,250936,425508,22900,103356,3.3702002281079713,0.19543020511889636
3798,0.3802,14,112,14,251048,425396,22914,103342,3.369313141553669,0.19545029863561916
3799,0.3803,7,48,7,251096,425348,22921,103335,3.368932961601825,0.1954573912911896
3800,0.3804,7,80,7,251176,425268,22928,103328,3.3682993283487517,0.19547631839817176
3801,0.3805,9,91,9,251267,425177,22937,103319,3.367578570523381,0.19549627622536406
3802,0.3806,14,111,14,251378,425066,22951,103305,3.3666994043847422,0.195516029456575
3803,0.3807,16,149,16,251527,424917,22967,103289,3.3655192624508934,0.19554681317516273
3804,0.3808,12,67,12,251594,424850,22979,103277,3.364988594601445,0.19555334228320082
3805,0.3809,2,37,2,251631,424813,22981,103275,3.3646955392218985,0.19556399690960596
3806,0.381,23,212,23,251843,424601,23004,103252,3.3630164111012544,0.19560748920627524
3807,0.3811,10,58,10,251901,424543,23014,103242,3.3625570269927767,0.19561374423297365
3808,0.3812,14,101,14,252002,424442,23028,103228,3.3617570650107718,0.1956298444103322
3809,0.3813,27,175,27,252177,424267,23055,103201,3.3603709922696745,0.19565357519318707
3810,0.3814,12,73,12,252250,424194,23067,103189,3.359792801926245,0.19566235544187052
3811,0.3815,12,65,12,252315,424129,23079,103177,3.359277974908123,0.19566816990514047
3812,0.3816,30,205,30,252520,423924,23109,103147,3.3576542896971233,0.19569849223349417
3813,0.3817,22,134,22,252654,423790,23131,103125,3.3565929539982258,0.19571467883814278
3814,0.3818,13,141,13,252795,423649,23144,103112,3.3554761753896845,0.195747217428777
3815,0.3819,11,89,11,252884,423560,23155,103101,3.3547712583956404,0.19576349872118878
3816,0.382,14,88,14,252972,423472,23169,103087,3.35407426181726,0.19577483244992488
3817,0.3821,17,124,17,253096,423348,23186,103070,3.3530921302749968,0.19579497661554127
3818,0.3822,10,101,10,253197,423247,23196,103060,3.352292168292992,0.19581727014841147
3819,0.3823,10,83,10,253280,423164,23206,103050,3.3516347737929286,0.19583287407784666
3820,0.3824,9,90,9,253370,423074,23215,103041,3.3509219363832212,0.19585261777368065
3821,0.3825,21,143,21,253513,422931,23236,103020,3.3497893169433532,0.1958737601031275
3822,0.3826,16,94,16,253607,422837,23252,103004,3.349044797870992,0.19588430723355538
3823,0.3827,14,120,14,253727,422717,23266,102990,3.3480943479913825,0.19590760632823986
3824,0.3828,6,87,6,253814,422630,23272,102984,3.3474052718286655,0.1959308542009916
3825,0.3829,28,232,28,254046,422398,23300,102956,3.3455677353947535,0.19597452384487413
3826,0.383,7,109,7,254155,422289,23307,102949,3.3447044100874415,0.19600447796998693
3827,0.3831,12,111,12,254266,422178,23319,102937,3.3438252439488023,0.19602753682526686
3828,0.3832,7,58,7,254324,422120,23326,102930,3.3433658598403246,0.19603847252642606
3829,0.3833,26,170,26,254494,421950,23352,102904,3.342019389177544,0.19606214299595698
3830,0.3834,8,100,8,254594,421850,23360,102896,3.3412273476112024,0.19608724983134698
3831,0.3835,11,175,11,254769,421675,23371,102885,3.339841274870105,0.1961358090590209
3832,0.3836,14,68,14,254837,421607,23385,102871,3.339302686604993,0.19613978088690087
3833,0.3837,14,101,14,254938,421506,23399,102857,3.3385027246229884,0.1961560979702992
3834,0.3838,14,75,14,255013,421431,23413,102843,3.3379086934482323,0.19616269355337096
3835,0.3839,8,83,8,255096,421348,23421,102835,3.3372512989481686,0.1961814862366769
3836,0.384,7,97,7,255193,421251,23428,102828,3.3364830186288175,0.1962070603859342
3837,0.3841,31,255,31,255448,420996,23459,102797,3.334463312634647,0.19625500913528818
3838,0.3842,21,189,21,255637,420807,23480,102776,3.332966354074262,0.1962936153389243
3839,0.3843,14,61,14,255698,420746,23494,102762,3.3324832087187937,0.19629499453685523
3840,0.3844,8,39,8,255737,420707,23502,102754,3.3321743125079206,0.19629733638227106
3841,0.3845,11,93,11,255830,420614,23513,102743,3.331437713851223,0.19631532586742892
3842,0.3846,21,232,21,256062,420382,23534,102722,3.3296001774173107,0.1963701290756714
3843,0.3847,12,91,12,256153,420291,23546,102710,3.32887941959194,0.19638585777082646
3844,0.3848,16,58,16,256211,420233,23562,102694,3.3284200354834623,0.196383051554041
3845,0.3849,8,97,8,256308,420136,23570,102686,3.327651755164111,0.19640719021005237
3846,0.385,10,107,10,256415,420029,23580,102676,3.326804270688126,0.19643202188614994
3847,0.3851,24,160,24,256575,419869,23604,102652,3.3255370041819794,0.1964552620851602
3848,0.3852,28,110,28,256685,419759,23632,102624,3.324665758459004,0.1964535599359091
3849,0.3853,8,58,8,256743,419701,23640,102616,3.324206374350526,0.1964630674475462
3850,0.3854,13,91,13,256834,419610,23653,102603,3.323485616525155,0.19647729949273574
3851,0.3855,17,119,17,256953,419491,23670,102586,3.322543087061209,0.19649591918433487
3852,0.3856,5,68,5,257021,419423,23675,102581,3.3220044987960966,0.19651381981747265
3853,0.3857,18,154,18,257175,419269,23693,102563,3.320784754783931,0.19654409848380322
3854,0.3858,8,130,8,257305,419139,23701,102555,3.3197551007476873,0.19658075423524135
3855,0.3859,18,133,18,257438,419006,23719,102537,3.318701685464453,0.19660315640321124
3856,0.386,9,45,9,257483,418961,23728,102528,3.3183452667595996,0.19660625631604886
3857,0.3861,5,61,5,257544,418900,23733,102523,3.3178621214041315,0.1966215529426205
3858,0.3862,16,117,16,257661,418783,23749,102507,3.316935432771512,0.19664102514914922
3859,0.3863,27,181,27,257842,418602,23776,102480,3.315501837536434,0.1966677029718931
3860,0.3864,13,116,13,257958,418486,23789,102467,3.314583069319478,0.1966914481728678
3861,0.3865,16,125,16,258083,418361,23805,102451,3.3135930173615513,0.1967139774045145
3862,0.3866,29,235,29,258318,418126,23834,102422,3.311731719680649,0.19675803192020716
3863,0.3867,17,107,17,258425,418019,23851,102405,3.3108842352046635,0.19677224724455444
3864,0.3868,13,112,13,258537,417907,23864,102392,3.309997148650361,0.19679453544980866
3865,0.3869,13,119,13,258656,417788,23877,102379,3.3090546191864147,0.19681948297373728
3866,0.387,35,258,35,258914,417530,23912,102344,3.3070111519452543,0.1968630860554673
3867,0.3871,13,140,13,259054,417390,23925,102331,3.3059022937523763,0.1968960269067442
3868,0.3872,5,65,5,259119,417325,23930,102326,3.3053874667342544,0.19691292809982083
3869,0.3873,18,199,18,259318,417126,23948,102308,3.303811304017235,0.19696053781616144
3870,0.3874,39,239,39,259557,416887,23987,102269,3.3019183246736787,0.19699088520598818
3871,0.3875,10,108,10,259665,416779,23997,102259,3.30106291978203,0.1970164034232561
3872,0.3876,13,129,13,259794,416650,24010,102246,3.3000411861614496,0.19704526533255218
3873,0.3877,19,191,19,259985,416459,24029,102227,3.2985283867697377,0.19708841187153692
3874,0.3878,18,178,18,260163,416281,24047,102209,3.29711855278165,0.1971281991938128
3875,0.3879,7,81,7,260244,416200,24054,102202,3.2964769991129135,0.19714815915062056
3876,0.388,13,73,13,260317,416127,24067,102189,3.295898808769484,0.19715578913249832
3877,0.3881,8,75,8,260392,416052,24075,102181,3.295304777594728,0.19717192845689102
3878,0.3882,13,112,13,260504,415940,24088,102168,3.294417691040426,0.19719440734364263
3879,0.3883,26,168,26,260672,415772,24114,102142,3.2930870612089724,0.19721807095386493
3880,0.3884,14,76,14,260748,415696,24128,102128,3.2924851096185526,0.1972253120751452
3881,0.3885,15,137,15,260885,415559,24143,102113,3.291400012672665,0.19725424593178692
3882,0.3886,18,145,18,261030,415414,24161,102095,3.29025155240147,0.19728159317036031
3883,0.3887,14,162,14,261192,415252,24175,102081,3.288968445063997,0.19732164775879366
3884,0.3888,13,94,13,261286,415158,24188,102068,3.288223925991636,0.19733733416340246
3885,0.3889,5,77,5,261363,415081,24193,102063,3.287614053985553,0.19735895611280416
3886,0.389,20,165,20,261528,414916,24213,102043,3.28630718540109,0.1973908956029395
3887,0.3891,19,123,19,261651,414793,24232,102024,3.28533297427449,0.19740836698483216
3888,0.3892,17,95,17,261746,414698,24249,102007,3.2845805347864654,0.1974182560648726
3889,0.3893,14,138,14,261884,414560,24263,101993,3.2834875174249145,0.19744924528557573
3890,0.3894,29,220,29,262104,414340,24292,101964,3.2817450259789633,0.1974883014658031
3891,0.3895,18,157,18,262261,414183,24310,101946,3.2805015207198074,0.1975203873450242
3892,0.3896,44,230,44,262491,413953,24354,101902,3.278679825117222,0.19754000639714647
3893,0.3897,10,81,10,262572,413872,24364,101892,3.2780382714484855,0.19755547110694038
3894,0.3898,16,142,16,262714,413730,24380,101876,3.276913572424281,0.19758497767675318
3895,0.3899,22,190,22,262904,413540,24402,101854,3.2754086934482323,0.19762356566044617
3896,0.39,12,87,12,262991,413453,24414,101842,3.2747196172855153,0.19763824605323163
3897,0.3901,11,113,11,263104,413340,24425,101831,3.2738246103155495,0.19766446480877223
3898,0.3902,13,87,13,263191,413253,24438,101818,3.2731355341528325,0.19767760172869372
3899,0.3903,8,64,8,263255,413189,24446,101810,3.272628627550374,0.19768970425185292
3900,0.3904,14,111,14,263366,413078,24460,101796,3.271749461411735,0.19771050781356214
3901,0.3905,24,236,24,263602,412842,24484,101772,3.269880243315169,0.1977637607993564
3902,0.3906,18,104,18,263706,412738,24502,101754,3.269056520086174,0.19777566998126306
3903,0.3907,18,86,18,263792,412652,24520,101736,3.2683753643391205,0.1977806636235682
3904,0.3908,10,43,10,263835,412609,24530,101726,3.2680347864655936,0.1977816014854132
3905,0.3909,17,129,17,263964,412480,24547,101709,3.267013052845013,0.1978046982724251
3906,0.391,13,87,13,264051,412393,24560,101696,3.2663239766822962,0.19781788756421553
3907,0.3911,22,164,22,264215,412229,24582,101674,3.2650250285134965,0.19784667534534728
3908,0.3912,17,132,17,264347,412097,24599,101657,3.2639795336459256,0.19787096548153396
3909,0.3913,25,163,25,264510,411934,24624,101632,3.2626885058927892,0.19789472044488926
3910,0.3914,11,62,11,264572,411872,24635,101621,3.262197440121658,0.19790143195720292
3911,0.3915,16,114,16,264686,411758,24651,101605,3.261294512736028,0.19792037992609518
3912,0.3916,17,197,17,264883,411561,24668,101588,3.259734190850336,0.1979697904507268
3913,0.3917,8,42,8,264925,411519,24676,101580,3.2594015333924724,0.19797349049598614
3914,0.3918,21,111,21,265036,411408,24697,101559,3.2585223672538333,0.1979834960143635
3915,0.3919,16,123,16,265159,411285,24713,101543,3.2575481561272337,0.19800595911299695
3916,0.392,25,117,25,265276,411168,24738,101518,3.256621467494614,0.19801203855771368
3917,0.3921,8,72,8,265348,411096,24746,101510,3.2560511975668485,0.19802733483416113
3918,0.3922,7,60,7,265408,411036,24753,101503,3.2555759726270437,0.1980395638185582
3919,0.3923,8,67,8,265475,410969,24761,101495,3.2550453047775947,0.19805293640138624
3920,0.3924,9,74,9,265549,410895,24770,101486,3.254459194018502,0.19806745371120318
3921,0.3925,20,174,20,265723,410721,24790,101466,3.253081041693068,0.19810342706862924
3922,0.3926,12,70,12,265793,410651,24802,101454,3.252526612596629,0.19811171537087122
3923,0.3927,19,98,19,265891,410553,24821,101435,3.2517504118616145,0.19811987780963616
3924,0.3928,8,63,8,265954,410490,24829,101427,3.2512514256748193,0.19813172838565626
3925,0.3929,16,126,16,266080,410364,24845,101411,3.2502534533012293,0.198155439402081
3926,0.393,9,75,9,266155,410289,24854,101402,3.249659422126473,0.1981703801708453
3927,0.3931,26,240,26,266395,410049,24880,101376,3.247758522367254,0.19822261328640564
3928,0.3932,17,89,17,266484,409960,24897,101359,3.24705360537321,0.19823045887205443
3929,0.3933,19,132,19,266616,409828,24916,101340,3.2460081105056395,0.19825184675097032
3930,0.3934,4,61,4,266677,409767,24920,101336,3.245524965150171,0.19826923340305183
3931,0.3935,8,49,8,266726,409718,24928,101328,3.2451368647826637,0.1982756933818091
3932,0.3936,29,181,29,266907,409537,24957,101299,3.243703269547586,0.1983004330156841
3933,0.3937,18,139,18,267046,409398,24975,101281,3.2426023317703714,0.19832615008645352
3934,0.3938,22,183,22,267229,409215,24997,101259,3.2411528957039666,0.19836269819814525
3935,0.3939,22,137,22,267366,409078,25019,101237,3.240067798758079,0.1983813918854041
3936,0.394,23,185,23,267551,408893,25042,101214,3.238602521860347,0.19841719482383108
3937,0.3941,18,146,18,267697,408747,25060,101196,3.2374461411734887,0.19844570863802424
3938,0.3942,39,162,39,267859,408585,25099,101157,3.2361630338360157,0.19844744988641314
3939,0.3943,35,188,35,268047,408397,25134,101122,3.2346739956912938,0.1984656116847458
3940,0.3944,6,52,6,268099,408345,25140,101116,3.2342621340767965,0.1984764290102677
3941,0.3945,12,99,12,268198,408246,25152,101104,3.2334780129261183,0.1984961225090802
3942,0.3946,3,33,3,268231,408213,25155,101101,3.2332166392092256,0.1985042625963551
3943,0.3947,8,70,8,268301,408143,25163,101093,3.2326622101127866,0.1985189578113095
3944,0.3948,16,114,16,268415,408029,25179,101077,3.2317592827271575,0.1985382219027079
3945,0.3949,11,65,11,268480,407964,25190,101066,3.2312444557090356,0.19854625464118028
3946,0.395,16,106,16,268586,407858,25206,101050,3.2304048916487136,0.1985624120666211
3947,0.3951,8,65,8,268651,407793,25214,101042,3.2298900646305917,0.19857517662896618
3948,0.3952,20,150,20,268801,407643,25234,101022,3.2287020022810795,0.1986022234673115
3949,0.3953,11,46,11,268847,407597,25245,101011,3.2283376631605627,0.19860285327796653
3950,0.3954,11,87,11,268934,407510,25256,101000,3.2276485869978457,0.1986194961750998
3951,0.3955,22,189,22,269123,407321,25278,100978,3.2261516284374605,0.19865866350317432
3952,0.3956,2,30,2,269153,407291,25280,100976,3.225914015967558,0.1986672359212776
3953,0.3957,9,113,9,269266,407178,25289,100967,3.225019008997592,0.19869722224955474
3954,0.3958,25,160,25,269426,407018,25314,100942,3.223751742491446,0.19872037168280968
3955,0.3959,14,94,14,269520,406924,25328,100928,3.223007223419085,0.1987350645463639
3956,0.396,2,18,2,269538,406906,25330,100926,3.2228646559371437,0.19873895303958788
3957,0.3961,18,122,18,269660,406784,25348,100908,3.221898365226207,0.19875830227775895
3958,0.3962,18,124,18,269784,406660,25366,100890,3.2209162336839436,0.19877844547335238
3959,0.3963,22,172,22,269956,406488,25388,100868,3.2195539221898364,0.19881109122588478
3960,0.3964,14,51,14,270007,406437,25402,100854,3.2191499809910025,0.19880896763396158
3961,0.3965,19,114,19,270121,406323,25421,100835,3.2182470536053733,0.19882364075889564
3962,0.3966,3,78,3,270199,406245,25424,100832,3.217629261183627,0.19884948439783307
3963,0.3967,42,241,42,270440,406004,25466,100790,3.2157204410087443,0.198877650485207
3964,0.3968,18,130,18,270570,405874,25484,100772,3.2146907869725,0.19890021829837795
3965,0.3969,34,259,34,270829,405615,25518,100738,3.212639399315676,0.19894816462033404
3966,0.397,12,52,12,270881,405563,25530,100726,3.2122275377011786,0.1989496117829935
3967,0.3971,24,141,24,271022,405422,25554,100702,3.2111107590926373,0.19896705155258396
3968,0.3972,17,82,17,271104,405340,25571,100685,3.210461285008237,0.1989723827874117
3969,0.3973,8,98,8,271202,405242,25579,100677,3.2096850842732225,0.1989982586145213
3970,0.3974,10,48,10,271250,405194,25589,100667,3.2093049043213786,0.19900130668306115
3971,0.3975,14,121,14,271371,405073,25603,100653,3.2083465340261057,0.19902674570815027
3972,0.3976,13,78,13,271449,404995,25616,100640,3.2077287416043596,0.19903685464811574
3973,0.3977,13,82,13,271531,404913,25629,100627,3.2070792675199593,0.19904854215294537
3974,0.3978,14,107,14,271638,404806,25643,100613,3.206231783043974,0.19906849564420806
3975,0.3979,15,76,15,271714,404730,25658,100598,3.2056298314535545,0.1990746604185796
3976,0.398,8,101,8,271815,404629,25666,100590,3.20482986947155,0.19910177566560244
3977,0.3981,10,70,10,271885,404559,25676,100580,3.204275440375111,0.19911351133054467
3978,0.3982,16,95,16,271980,404464,25692,100564,3.2035230008870865,0.1991255930364257
3979,0.3983,29,154,29,272134,404310,25721,100535,3.202303256874921,0.19914033020035854
3980,0.3984,29,272,29,272406,404038,25750,100506,3.200148903814472,0.19920165535612355
3981,0.3985,5,60,5,272466,403978,25755,100501,3.1996736788746674,0.19921741043730265
3982,0.3986,8,48,8,272514,403930,25763,100493,3.1992934989228234,0.19922366743784484
3983,0.3987,13,86,13,272600,403844,25776,100480,3.19861234317577,0.19923699843751239
3984,0.3988,29,223,29,272823,403621,25805,100451,3.1968460904828286,0.19927907124379057
3985,0.3989,17,165,17,272988,403456,25822,100434,3.195539221898365,0.1993173113179464
3986,0.399,10,105,10,273093,403351,25832,100424,3.194707578253707,0.1993429606471143
3987,0.3991,2,41,2,273134,403310,25834,100422,3.1943828412115067,0.1993560067655023
3988,0.3992,10,50,10,273184,403260,25844,100412,3.193986820428336,0.19935990088787942
3989,0.3993,13,46,13,273230,403214,25857,100399,3.193622481307819,0.19935744311604348
3990,0.3994,12,61,12,273291,403153,25869,100387,3.1931393359523508,0.19936251340509195
3991,0.3995,22,124,22,273415,403029,25891,100365,3.1921572044100874,0.1993766314258811
3992,0.3996,10,77,10,273492,402952,25901,100355,3.1915473324040047,0.19939122642840254
3993,0.3997,6,41,6,273533,402911,25907,100349,3.1912225953618045,0.19939792552557326
3994,0.3998,17,196,17,273729,402715,25924,100332,3.1896701938917755,0.1994485604724807
3995,0.3999,22,120,22,273849,402595,25946,100310,3.188719744012166,0.1994611308298784
3996,0.4,15,73,15,273922,402522,25961,100295,3.1881415536687365,0.1994662073875784
3997,0.4001,17,162,17,274084,402360,25978,100278,3.1868584463312635,0.19950341995631052
3998,0.4002,8,69,8,274153,402291,25986,100270,3.186311937650488,0.19951806845338177
3999,0.4003,23,103,23,274256,402188,26009,100247,3.185496134837156,0.19952232627105992
4000,0.4004,3,32,3,274288,402156,26012,100244,3.185242681535927,0.19953025477707007
4001,0.4005,16,71,16,274359,402085,26028,100228,3.1846803320238246,0.19953296052461314
4002,0.4006,12,81,12,274440,402004,26040,100216,3.184038778355088,0.19954601569033492
4003,0.4007,13,65,13,274505,401939,26053,100203,3.183523951336966,0.19955112298911462
4004,0.4008,20,209,20,274714,401730,26073,100183,3.1818685844633126,0.19960232151787263
4005,0.4009,13,99,13,274813,401631,26086,100170,3.1810844633126347,0.19962096528305046
4006,0.401,11,79,11,274892,401552,26097,100159,3.180458750475225,0.1996348495448575
4007,0.4011,24,115,24,275007,401437,26121,100135,3.1795479026739324,0.1996423245316724
4008,0.4012,22,137,22,275144,401300,26143,100113,3.1784628057280444,0.1996617558778891
4009,0.4013,32,178,32,275322,401122,26175,100081,3.1770529717399567,0.19968156615183869
4010,0.4014,23,131,23,275453,400991,26198,100058,3.1760153972880496,0.19969703561927077
4011,0.4015,13,80,13,275533,400911,26211,100045,3.1753817640349764,0.19970815800190037
4012,0.4016,9,80,9,275613,400831,26220,100036,3.1747481307819037,0.1997256756783737
4013,0.4017,22,152,22,275765,400679,26242,100014,3.1735442276010644,0.19975114491315038
4014,0.4018,9,152,9,275917,400527,26251,100005,3.1723403244202255,0.19979741554985495
4015,0.4019,28,202,28,276119,400325,26279,99977,3.170740400456216,0.1998333006863854
4016,0.402,35,206,35,276325,400119,26314,99942,3.1691087948295524,0.19985961712671055
4017,0.4021,18,107,18,276432,400012,26332,99924,3.1682613103535675,0.1998735838187288
4018,0.4022,10,80,10,276512,399932,26342,99914,3.1676276771004943,0.1998895659863238
4019,0.4023,10,117,10,276629,399815,26352,99904,3.1667009884678747,0.1999203552396447
4020,0.4024,22,170,22,276799,399645,26374,99882,3.1653545178050946,0.19995315568527827
4021,0.4025,14,95,14,276894,399550,26388,99868,3.16460207831707,0.19996876364087798
4022,0.4026,9,47,9,276941,399503,26397,99859,3.1642298187808895,0.19997316575950913
4023,0.4027,9,142,9,277083,399361,26406,99850,3.163105119756685,0.20001562465570671
4024,0.4028,13,125,13,277208,399236,26419,99837,3.162115067798758,0.2000448832134778
4025,0.4029,11,78,11,277286,399158,26430,99826,3.1614972753770116,0.20005851891042598
4026,0.403,21,152,21,277438,399006,26451,99805,3.160293372196173,0.2000858040420119
4027,0.4031,17,153,17,277591,398853,26468,99788,3.1590815485996706,0.2001199259587559
4028,0.4032,8,62,8,277653,398791,26476,99780,3.1585904828285387,0.20013197719081133
4029,0.4033,17,93,17,277746,398698,26493,99763,3.1578538841718413,0.20014203719047227
4030,0.4034,13,114,13,277860,398584,26506,99750,3.156950956786212,0.2001669562983862
4031,0.4035,9,126,9,277986,398458,26515,99741,3.155952984412622,0.20020313168031248
4032,0.4036,37,217,37,278203,398241,26552,99704,3.154234254213661,0.200230949201217
4033,0.4037,11,108,11,278311,398133,26563,99693,3.1533788493220123,0.2002567162020465
4034,0.4038,12,76,12,278387,398057,26575,99681,3.152776897731593,0.20026801248849796
4035,0.4039,16,118,16,278505,397939,26591,99665,3.15184228868331,0.20028978866729366
4036,0.404,6,73,6,278578,397866,26597,99659,3.151264098339881,0.20030953218431236
4037,0.4041,25,115,25,278693,397751,26622,99634,3.150353250538588,0.20031565085396624
4038,0.4042,15,122,15,278815,397629,26637,99619,3.149386959827652,0.2003406750756162
4039,0.4043,32,301,32,279116,397328,26669,99587,3.147002914712964,0.20041053298853928
4040,0.4044,24,173,24,279289,397155,26693,99563,3.1456326828031935,0.20044169931429906
4041,0.4045,23,138,23,279427,397017,26716,99540,3.144539665441642,0.2004603701085676
4042,0.4046,20,168,20,279595,396849,26736,99520,3.1432090356101887,0.20049600196627912
4043,0.4047,11,69,11,279664,396780,26747,99509,3.142662526929413,0.20050615669499022
4044,0.4048,21,125,21,279789,396655,26768,99488,3.1416724749714864,0.20052283313480185
4045,0.4049,21,108,21,279897,396547,26789,99467,3.1408170700798377,0.20053264625595246
4046,0.405,13,139,13,280036,396408,26802,99454,3.139716132302623,0.20056789993990262
4047,0.4051,17,108,17,280144,396300,26819,99437,3.1388607274109743,0.20058418072486014
4048,0.4052,30,198,30,280342,396102,26849,99407,3.1372924851096187,0.2006159323039541
4049,0.4053,19,157,19,280499,395945,26868,99388,3.1360489798504627,0.20064885642587915
4050,0.4054,26,127,26,280626,395818,26894,99362,3.135043087061209,0.20065834645987318
4051,0.4055,32,229,32,280855,395589,26926,99330,3.1332293118742873,0.20069950840440556
4052,0.4056,23,116,23,280971,395473,26949,99307,3.132310543657331,0.20070940620073568
4053,0.4057,13,110,13,281081,395363,26962,99294,3.1314392979343557,0.20073303319269717
4054,0.4058,15,84,15,281165,395279,26977,99279,3.1307739830186287,0.20074288556650585
4055,0.4059,9,62,9,281227,395217,26986,99270,3.1302829172474973,0.20075350818120596
4056,0.406,15,148,15,281375,395069,27001,99255,3.1291106957293118,0.2007893608240749
4057,0.4061,16,150,16,281525,394919,27017,99239,3.1279226333797996,0.20082443267133185
4058,0.4062,19,164,19,281689,394755,27036,99220,3.126623685211,0.20086036742750138
4059,0.4063,13,65,13,281754,394690,27049,99207,3.126108858192878,0.200865767558823
4060,0.4064,21,77,21,281831,394613,27070,99186,3.1254989861867952,0.20086310421851805
4061,0.4065,34,133,34,281964,394480,27104,99152,3.124445570903561,0.200862180733826
4062,0.4066,15,79,15,282043,394401,27119,99137,3.123819858066151,0.20087004445453036
4063,0.4067,8,79,8,282122,394322,27127,99129,3.1231941452287417,0.20088924736194677
4064,0.4068,25,153,25,282275,394169,27152,99104,3.121982321632239,0.20091105736579948
4065,0.4069,16,153,16,282428,394016,27168,99088,3.120770498035737,0.20094746747136508
4066,0.407,9,71,9,282499,393945,27177,99079,3.1202081485236346,0.20096181930291426
4067,0.4071,20,94,20,282593,393851,27197,99059,3.1194636294512734,0.20096772230224585
4068,0.4072,16,116,16,282709,393735,27213,99043,3.1185448612343176,0.20098908636343343
4069,0.4073,11,112,11,282821,393623,27224,99032,3.117657774680015,0.20101693883143376
4070,0.4074,11,58,11,282879,393565,27235,99021,3.117198390571537,0.20102276556783993
4071,0.4075,12,100,12,282979,393465,27247,99009,3.116406349005196,0.20104411603455208
4072,0.4076,27,159,27,283138,393306,27274,98982,3.115147002914713,0.20106523010920438
4073,0.4077,5,81,5,283219,393225,27279,98977,3.1145054492459763,0.20109020280291426
4074,0.4078,20,164,20,283383,393061,27299,98957,3.1132065010771766,0.20112475559837242
4075,0.4079,18,166,18,283549,392895,27317,98939,3.1118917120770497,0.20116340065957214
4076,0.408,9,72,9,283621,392823,27326,98930,3.111321442149284,0.20117823378810093
4077,0.4081,17,131,17,283752,392692,27343,98913,3.110283867697377,0.20120421883422668
4078,0.4082,17,123,17,283875,392569,27360,98896,3.109309656570777,0.2012269439329352
4079,0.4083,31,184,31,284059,392385,27391,98865,3.107852300088709,0.20125190839694657
4080,0.4084,25,160,25,284219,392225,27416,98840,3.1065850335825624,0.20127681671469153
4081,0.4085,11,110,11,284329,392115,27427,98829,3.105713787859587,0.20130401838091513
4082,0.4086,6,64,6,284393,392051,27433,98823,3.1052068812571285,0.2013205017988323
4083,0.4087,16,139,16,284532,391912,27449,98807,3.104105943479914,0.2013514862884869
4084,0.4088,16,130,16,284662,391782,27465,98791,3.10307628944367,0.20137879581632093
4085,0.4089,9,46,9,284708,391736,27474,98782,3.102711950323153,0.20138302773802388
4086,0.409,11,61,11,284769,391675,27485,98771,3.1022288049676847,0.20139016323917414
4087,0.4091,11,74,11,284843,391601,27496,98760,3.101642694208592,0.20140264009576617
4088,0.4092,17,99,17,284942,391502,27513,98743,3.100858573057914,0.20141561872125163
4089,0.4093,6,56,6,284998,391446,27519,98737,3.100415029780763,0.20142885412182798
4090,0.4094,23,185,23,285183,391261,27542,98714,3.098949752883031,0.20146742180723506
4091,0.4095,8,96,8,285279,391165,27550,98706,3.0981893929793434,0.20149386266996822
4092,0.4096,16,88,16,285367,391077,27566,98690,3.097492396400963,0.20150398046417992
4093,0.4097,17,147,17,285514,390930,27583,98673,3.0963280952984413,0.20153675528948964
4094,0.4098,5,72,5,285586,390858,27588,98668,3.0957578253706752,0.2015582420545589
4095,0.4099,8,60,8,285646,390798,27596,98660,3.0952826004308704,0.2015698997666807
4096,0.41,24,107,24,285753,390691,27620,98636,3.0944351159548855,0.20157481602282318
4097,0.4101,16,75,16,285828,390616,27636,98620,3.0938410847801294,0.2015796057526429
4098,0.4102,24,115,24,285943,390501,27660,98596,3.0929302369788365,0.2015878240921535
4099,0.4103,7,54,7,285997,390447,27667,98589,3.092502534533012,0.20159865531371923
4100,0.4104,31,185,31,286182,390262,27698,98558,3.0910372576352807,0.20162431979051593
4101,0.4105,19,98,19,286280,390164,27717,98539,3.090261056900266,0.20163371209098369
4102,0.4106,9,113,9,286393,390051,27726,98530,3.0893660499303004,0.2016656398836631
4103,0.4107,21,119,21,286512,389932,27747,98509,3.088423520466354,0.20168044861098883
4104,0.4108,35,218,35,286730,389714,27782,98474,3.0866968698517296,0.20171327439429074
4105,0.4109,29,162,29,286892,389552,27811,98445,3.0854137625142566,0.20173279753768977
4106,0.411,27,140,27,287032,389412,27838,98418,3.0843049043213786,0.20174651005473218
4107,0.4111,8,97,8,287129,389315,27846,98410,3.0835366240020274,0.20177354041724332
4108,0.4112,15,112,15,287241,389203,27861,98395,3.0826495374477254,0.20179533140004677
4109,0.4113,26,223,26,287464,388980,27887,98369,3.080883284754784,0.20184508432355458
4110,0.4114,5,30,5,287494,388950,27892,98364,3.0806456722848816,0.2018493209716938
4111,0.4115,17,180,17,287674,388770,27909,98347,3.079219997465467,0.20189605372015348
4112,0.4116,19,102,19,287776,388668,27928,98328,3.0784121150677985,0.201907202523224
4113,0.4117,50,336,50,288112,388332,27978,98278,3.0757508554048916,0.20196461231787263
4114,0.4118,8,68,8,288180,388264,27986,98270,3.0752122671397797,0.20197971775867668
4115,0.4119,15,86,15,288266,388178,28001,98255,3.074531111392726,0.2019908188794757
4116,0.412,13,104,13,288370,388074,28014,98242,3.0737073881637307,0.2020126831113926
4117,0.4121,9,88,9,288458,387986,28023,98233,3.0730103915853504,0.20203447417727402
4118,0.4122,25,187,25,288645,387799,28048,98208,3.071529273856292,0.2020711635840636
4119,0.4123,34,261,34,288906,387538,28082,98174,3.069462045368141,0.2021238923477287
4120,0.4124,6,32,6,288938,387506,28088,98168,3.0692085920669117,0.20212735291574183
4121,0.4125,2,63,2,289001,387443,28090,98166,3.0687096058801164,0.20215028963631235
4122,0.4126,23,162,23,289163,387281,28113,98143,3.0674264985426434,0.20217994989946933
4123,0.4127,20,132,20,289295,387149,28133,98123,3.066381003675073,0.20220206399709853
4124,0.4128,23,86,23,289381,387063,28156,98100,3.0656998479280193,0.2022000853321461
4125,0.4129,22,103,22,289484,386960,28178,98078,3.0648840451146877,0.2022068374024303
4126,0.413,24,75,24,289559,386885,28202,98054,3.0642900139399316,0.20219862704381375
4127,0.4131,24,173,24,289732,386712,28226,98030,3.062919782030161,0.2022312900470766
4128,0.4132,12,121,12,289853,386591,28238,98018,3.0619614117348877,0.202262029801345
4129,0.4133,9,77,9,289930,386514,28247,98009,3.061351539728805,0.2022793551596106
4130,0.4134,18,121,18,290051,386393,28265,97991,3.060393169433532,0.2023002411310035
4131,0.4135,20,174,20,290225,386219,28285,97971,3.0590150171080976,0.20233999049959728
4132,0.4136,18,149,18,290374,386070,28303,97953,3.0578348751742492,0.2023726145245164
4133,0.4137,13,93,13,290467,385977,28316,97940,3.057098276517552,0.20239007929045683
4134,0.4138,6,67,6,290534,385910,28322,97934,3.056567608668103,0.20240821421780575
4135,0.4139,30,175,30,290709,385735,28352,97904,3.0551815359270056,0.20243197922417341
4136,0.414,25,193,25,290902,385542,28377,97879,3.0536528957039666,0.20247155171165507
4137,0.4141,9,97,9,290999,385445,28386,97870,3.0528846153846154,0.2024973361058523
4138,0.4142,21,133,21,291132,385312,28407,97849,3.051831200101381,0.2025184151866562
4139,0.4143,33,143,33,291275,385169,28440,97816,3.0506985806615132,0.2025238879054215
4140,0.4144,13,82,13,291357,385087,28453,97803,3.0500491065771134,0.2025368096253805
4141,0.4145,2,47,2,291404,385040,28455,97801,3.049676847040933,0.20255322145385335
4142,0.4146,26,170,26,291574,384870,28481,97775,3.048330376378152,0.20258160759978866
4143,0.4147,36,281,36,291855,384589,28517,97739,3.046104739576733,0.20264011212287075
4144,0.4148,11,78,11,291933,384511,28528,97728,3.045486947154987,0.2026547002627328
4145,0.4149,20,130,20,292063,384381,28548,97708,3.044457293118743,0.20267626931956548
4146,0.415,12,108,12,292171,384273,28560,97696,3.0436018882270943,0.20270183352041313
4147,0.4151,15,122,15,292293,384151,28575,97681,3.0426355975161576,0.20272833684769795
4148,0.4152,27,191,27,292484,383960,28602,97654,3.0411227981244457,0.20276403925135067
4149,0.4153,9,107,9,292591,383853,28611,97645,3.0402753136484604,0.20279419644526042
4150,0.4154,16,130,16,292721,383723,28627,97629,3.0392456596122166,0.2028224667187422
4151,0.4155,30,204,30,292925,383519,28657,97599,3.03762989481688,0.2028587581424931
4152,0.4156,4,55,4,292980,383464,28661,97595,3.0371942719553924,0.2028753229853303
4153,0.4157,10,85,10,293065,383379,28671,97585,3.036521036624002,0.2028946033382956
4154,0.4158,22,119,22,293184,383260,28693,97563,3.035578507160056,0.20290834673050165
4155,0.4159,15,102,15,293286,383158,28708,97548,3.0347706247623876,0.20292652889708054
4156,0.416,16,100,16,293386,383058,28724,97532,3.033978583196046,0.20294221685844482
4157,0.4161,19,124,19,293510,382934,28743,97513,3.0329964516537826,0.20296307397069813
4158,0.4162,22,124,22,293634,382810,28765,97491,3.0320143201115193,0.20297896527385953
4159,0.4163,8,76,8,293710,382734,28773,97483,3.0314123685211,0.2029978114060935
4160,0.4164,18,77,18,293787,382657,28791,97465,3.030802496515017,0.20300048737612522
4161,0.4165,12,68,12,293855,382589,28803,97453,3.0302639082499048,0.20300932001783178
4162,0.4166,17,126,17,293981,382463,28820,97436,3.0292659358763148,0.20303438848591057
4163,0.4167,16,112,16,294093,382351,28836,97420,3.0283788493220123,0.20305520758862042
4164,0.4168,24,134,24,294227,382217,28860,97396,3.0273175136231147,0.20307206018185495
4165,0.4169,34,220,34,294447,381997,28894,97362,3.025575022177164,0.20310873478958358
4166,0.417,18,123,18,294570,381874,28912,97344,3.024600811050564,0.20313093414688096
4167,0.4171,35,261,35,294831,381613,28947,97309,3.0225335825624127,0.2031833993844509
4168,0.4172,34,270,34,295101,381343,28981,97275,3.020395070333291,0.20324141590997413
4169,0.4173,22,169,22,295270,381174,29003,97253,3.019056520086174,0.20327657092931628
4170,0.4174,8,90,8,295360,381084,29011,97245,3.0183436826764667,0.2033014933236329
4171,0.4175,61,353,61,295713,380731,29072,97184,3.0155477759472817,0.20334996809056002
4172,0.4176,21,114,21,295827,380617,29093,97163,3.0146448485616526,0.20336347272803382
4173,0.4177,19,177,19,296004,380440,29112,97144,3.0132429349892282,0.20340714931823511
4174,0.4178,10,72,10,296076,380368,29122,97134,3.0126726650614626,0.203421137503089
4175,0.4179,9,66,9,296142,380302,29131,97125,3.012149917627677,0.20343424230301177
4176,0.418,22,137,22,296279,380165,29153,97103,3.0110648206817894,0.20345591994434992
4177,0.4181,14,53,14,296332,380112,29167,97089,3.0106450386516284,0.20345514783078827
4178,0.4182,25,127,25,296459,379985,29192,97064,3.009639145862375,0.20346756832107393
4179,0.4183,6,70,6,296529,379915,29198,97058,3.009084716765936,0.20348740914055932
4180,0.4184,28,222,28,296751,379693,29226,97030,3.0073263844886577,0.20353538637741414
4181,0.4185,5,59,5,296810,379634,29231,97025,3.0068590799645167,0.2035522249658561
4182,0.4186,32,210,32,297020,379424,29263,96993,3.0051957926751998,0.20358845297292077
4183,0.4187,19,107,19,297127,379317,29282,96974,3.0043483081992144,0.20360241952923738
4184,0.4188,16,111,16,297238,379206,29298,96958,3.0034691420605752,0.20362312144555236
4185,0.4189,11,56,11,297294,379150,29309,96947,3.0030255987834242,0.20362867230837414
4186,0.419,14,95,14,297389,379055,29323,96933,3.0022731592953997,0.20364589023252688
4187,0.4191,14,112,14,297501,378943,29337,96919,3.0013860727410973,0.20367039183628868
4188,0.4192,12,49,12,297550,378894,29349,96907,3.00099797237359,0.20367128274215482
4189,0.4193,23,106,23,297656,378788,29372,96884,3.0001584083132684,0.2036781647858188
4190,0.4194,28,127,28,297783,378661,29400,96856,2.9991525155240146,0.2036856726468244
4191,0.4195,20,144,20,297927,378517,29420,96836,2.998011975668483,0.20371387158595822
4192,0.4196,15,131,15,298058,378386,29435,96821,2.9969744012165758,0.20374489433026027
4193,0.4197,9,72,9,298130,378314,29444,96812,2.99640413128881,0.2037606866389126
4194,0.4198,21,77,21,298207,378237,29465,96791,2.9957942592827274,0.2037585152875199
4195,0.4199,9,56,9,298263,378181,29474,96782,2.995350716005576,0.20376745135936905
4196,0.42,14,128,14,298391,378053,29488,96768,2.994336902800659,0.2037989052716708
4197,0.4201,23,151,23,298542,377902,29511,96745,2.9931409200354833,0.20382515848620134
4198,0.4202,19,142,19,298684,377760,29530,96726,2.9920162210112786,0.2038542759954983
4199,0.4203,10,78,10,298762,377682,29540,96716,2.9913984285895325,0.2038710112605871
4200,0.4204,8,51,8,298813,377631,29548,96708,2.990994487390698,0.20387950389911014
4201,0.4205,25,83,25,298896,377548,29573,96683,2.990337092890635,0.20387321790435464
4202,0.4206,16,118,16,299014,377430,29589,96667,2.989402483842352,0.2038970927890284
4203,0.4207,20,90,20,299104,377340,29609,96647,2.9886896464326447,0.20390221672746298
4204,0.4208,16,152,16,299256,377188,29625,96631,2.987485743251806,0.2039407453056969
4205,0.4209,17,77,17,299333,377111,29642,96614,2.986875871245723,0.20394532693018103
4206,0.421,43,203,43,299536,376908,29685,96571,2.98526802686605,0.20396047131974174
4207,0.4211,20,177,20,299713,376731,29705,96551,2.9838661132936255,0.20400311019645792
4208,0.4212,20,160,20,299873,376571,29725,96531,2.9825988467874796,0.20403845259584613
4209,0.4213,31,253,31,300126,376318,29756,96500,2.9805949816246358,0.20409544475887129
4210,0.4214,18,95,18,300221,376223,29774,96482,2.9798425421366113,0.20410615500153373
4211,0.4215,7,40,7,300261,376183,29781,96475,2.979525725510075,0.20411164097508136
4212,0.4216,24,157,24,300418,376026,29805,96451,2.978282220250919,0.2041390374557915
4213,0.4217,14,114,14,300532,375912,29819,96437,2.9773792928652894,0.2041647171900438
4214,0.4218,26,149,26,300681,375763,29845,96411,2.976199150931441,0.20418532151283214
4215,0.4219,26,184,26,300865,375579,29871,96385,2.974741794449373,0.2042210846589994
4216,0.422,29,180,29,301045,375399,29900,96356,2.973316119629958,0.2042500874394548
4217,0.4221,13,93,13,301138,375306,29913,96343,2.9725795209732606,0.204268428428768
4218,0.4222,36,188,36,301326,375118,29949,96307,2.9710904828285387,0.20428912340245
4219,0.4223,9,97,9,301423,375021,29958,96298,2.9703222025091875,0.20431597283368588
4220,0.4224,13,94,13,301517,374927,29971,96285,2.969577683436827,0.204334779250104
4221,0.4225,26,122,26,301639,374805,29997,96259,2.96861139272589,0.20434378343494727
4222,0.4226,21,106,21,301745,374699,30018,96238,2.9677718286655685,0.20435429792095333
4223,0.4227,33,169,33,301914,374530,30051,96205,2.9664332784184513,0.20437188651789223
4224,0.4228,28,165,28,302079,374365,30079,96177,2.9651264098339882,0.2043962069273306
4225,0.4229,20,109,20,302188,374256,30099,96157,2.9642630845266758,0.20440974207770618
4226,0.423,20,112,20,302300,374144,30119,96137,2.9633759979723737,0.2044245887033497
4227,0.4231,10,41,10,302341,374103,30129,96127,2.9630512609301736,0.20442549390723688
4228,0.4232,13,92,13,302433,374011,30142,96114,2.9623225826891395,0.20444349906939643
4229,0.4233,14,94,14,302527,373917,30156,96100,2.9615780636167788,0.20446068971973355
4230,0.4234,21,139,21,302666,373778,30177,96079,2.960477125839564,0.2044856200929219
4231,0.4235,14,88,14,302754,373690,30191,96065,2.959780129261184,0.20450021819884834
4232,0.4236,8,113,8,302867,373577,30199,96057,2.958885122291218,0.20453587261569647
4233,0.4237,13,107,13,302974,373470,30212,96044,2.9580376378152327,0.20456046039095746
4234,0.4238,17,82,17,303056,373388,30229,96027,2.957388163730833,0.20456738706688113
4235,0.4239,9,67,9,303123,373321,30238,96018,2.956857495881384,0.20458133673101958
4236,0.424,10,48,10,303171,373273,30248,96008,2.95647731592954,0.20458531242475192
4237,0.4241,35,240,35,303411,373033,30283,95973,2.9545764161703207,0.20463064438408038
4238,0.4242,17,96,17,303507,372937,30300,95956,2.953816056266633,0.2046437033608947
4239,0.4243,33,247,33,303754,372690,30333,95923,2.9518597135977696,0.20469555902205017
4240,0.4244,30,177,30,303931,372513,30363,95893,2.950457800025345,0.20472197196449235
4241,0.4245,17,148,17,304079,372365,30380,95876,2.94928557850716,0.20475780634331467
4242,0.4246,15,156,15,304235,372209,30395,95861,2.9480499936636675,0.2048005640182024
4243,0.4247,13,121,13,304356,372088,30408,95848,2.9470916233683946,0.20483142993913697
4244,0.4248,18,112,18,304468,371976,30426,95830,2.946204536814092,0.20484987366557933
4245,0.4249,14,74,14,304542,371902,30440,95816,2.9456184260549994,0.20485848310306637
4246,0.425,16,129,16,304671,371773,30456,95800,2.944596692434419,0.2048877929221747
4247,0.4251,13,100,13,304771,371673,30469,95787,2.9438046508680777,0.20490951097420101
4248,0.4252,21,99,21,304870,371574,30490,95766,2.9430205297173995,0.20491719091025806
4249,0.4253,11,69,11,304939,371505,30501,95755,2.942474021036624,0.20492873346744853
4250,0.4254,15,110,15,305049,371395,30516,95740,2.9416027753136484,0.2049514594282167
4251,0.4255,10,129,10,305178,371266,30526,95730,2.940581041693068,0.20499104917386873
4252,0.4256,15,115,15,305293,371151,30541,95715,2.9396701938917755,0.2050160003084397
4253,0.4257,41,256,41,305549,370895,30582,95674,2.9376425674819413,0.20505863012759099
4254,0.4258,42,277,42,305826,370618,30624,95632,2.935448612343176,0.2051088471849866
4255,0.4259,44,256,44,306082,370362,30668,95588,2.933420985933342,0.20514647494366348
4256,0.426,27,201,27,306283,370161,30695,95561,2.9318289823849955,0.2051889324532661
4257,0.4261,22,126,22,306409,370035,30717,95539,2.9308310100114054,0.20520690588391963
4258,0.4262,16,121,16,306530,369914,30733,95523,2.929872639716132,0.20523293163199316
4259,0.4263,13,128,13,306658,369786,30746,95510,2.9288588265112154,0.20526718475980882
4260,0.4264,16,112,16,306770,369674,30762,95494,2.927971739956913,0.2052892718329722
4261,0.4265,13,63,13,306833,369611,30775,95481,2.9274727537701177,0.20529486639202565
4262,0.4266,24,169,24,307002,369442,30799,95457,2.926134203523001,0.20532846919438416
4263,0.4267,27,134,27,307136,369308,30826,95430,2.9250728678241034,0.2053415042454028
4264,0.4268,8,73,8,307209,369235,30834,95422,2.9244946774806744,0.20536008281377446
4265,0.4269,39,176,39,307385,369059,30873,95383,2.9231006843239133,0.20537117659470935
4266,0.427,11,97,11,307482,368962,30884,95372,2.922332404004562,0.20539525427817046
4267,0.4271,32,251,32,307733,368711,30916,95340,2.920344379673045,0.20545155597121867
4268,0.4272,41,266,41,307999,368445,30957,95299,2.918237549106577,0.2054991547060447
4269,0.4273,16,114,16,308113,368331,30973,95283,2.917334621720948,0.20552226636814247
4270,0.4274,38,295,38,308408,368036,31011,95245,2.9149980991002407,0.2055879692886175
4271,0.4275,16,117,16,308525,367919,31027,95229,2.9140714104676215,0.2056124608116628
4272,0.4276,16,115,16,308640,367804,31043,95213,2.9131605626663286,0.20563607815695753
4273,0.4277,17,103,17,308743,367701,31060,95196,2.912344759852997,0.205652661391195
4274,0.4278,35,290,35,309033,367411,31095,95161,2.910047839310607,0.20572148768191761
4275,0.4279,15,71,15,309104,367340,31110,95146,2.9094854897985045,0.2057273085023114
4276,0.428,31,196,31,309300,367144,31141,95115,2.9079330883284755,0.20576127236030017
4277,0.4281,11,60,11,309360,367084,31152,95104,2.9074578633886707,0.2057690809800341
4278,0.4282,16,97,16,309457,366987,31168,95088,2.9066895830693196,0.20578477519883137
4279,0.4283,15,104,15,309561,366883,31183,95073,2.9058658598403246,0.20580531479188494
4280,0.4284,12,85,12,309646,366798,31195,95061,2.9051926245089343,0.205822556234695
4281,0.4285,32,265,32,309911,366533,31227,95029,2.9030937143581297,0.20588566649767528
4282,0.4286,10,81,10,309992,366452,31237,95019,2.902452160689393,0.20590459638850545
4283,0.4287,9,67,9,310059,366385,31246,95010,2.901921492839944,0.20591900649118433
4284,0.4288,27,131,27,310190,366254,31273,94983,2.900883918388037,0.20593100726958158
4285,0.4289,13,62,13,310252,366192,31286,94970,2.900392852616905,0.2059363087158092
4286,0.429,10,100,10,310352,366092,31296,94960,2.899600811050564,0.20596375246176135
4287,0.4291,11,120,11,310472,365972,31307,94949,2.8986503611709544,0.20599842489276904
4288,0.4292,11,105,11,310577,365867,31318,94938,2.8978187175262957,0.20602641030370764
4289,0.4293,18,100,18,310677,365767,31336,94920,2.8970266759599546,0.20604010966230868
4290,0.4294,25,140,25,310817,365627,31361,94895,2.8959178177670766,0.20605964535896223
4291,0.4295,9,72,9,310889,365555,31370,94886,2.8953475478393105,0.20607634854411314
4292,0.4296,31,178,31,311067,365377,31401,94855,2.893937713851223,0.20610257435380416
4293,0.4297,8,53,8,311120,365324,31409,94847,2.8935179318210618,0.20611251034941358
4294,0.4298,14,94,14,311214,365230,31423,94833,2.892773412748701,0.20613046474069854
4295,0.4299,11,70,11,311284,365160,31434,94822,2.892218983652262,0.206142849068007
4296,0.43,6,108,6,311392,365052,31440,94816,2.8913635787606133,0.2061809040855202
4297,0.4301,14,86,14,311478,364966,31454,94802,2.8906824230135597,0.2061952984983731
4298,0.4302,14,106,14,311584,364860,31468,94788,2.8898428589532377,0.206218671679198
4299,0.4303,25,175,25,311759,364685,31493,94763,2.8884567862121404,0.20625402657101566
4300,0.4304,17,144,17,311903,364541,31510,94746,2.8873162463566087,0.20628931365355432
4301,0.4305,23,112,23,312015,364429,31533,94723,2.8864291598023066,0.20629987455134682
4302,0.4306,24,155,24,312170,364274,31557,94699,2.8852014953744773,0.20632804108302666
4303,0.4307,10,63,10,312233,364211,31567,94689,2.884702509187682,0.20633907169317933
4304,0.4308,6,95,6,312328,364116,31573,94683,2.883950069699658,0.20637141754886126
4305,0.4309,5,54,5,312382,364062,31578,94678,2.8835223672538333,0.20638706020839692
4306,0.431,10,115,10,312497,363947,31588,94668,2.882611519452541,0.2064215082367563
4307,0.4311,35,308,35,312805,363639,31623,94633,2.8801720314282093,0.20649963340548844
4308,0.4312,11,96,11,312901,363543,31634,94622,2.8794116715245215,0.20652385057784858
4309,0.4313,30,186,30,313087,363357,31664,94592,2.8779384742111267,0.20655575184136224
4310,0.4314,15,113,15,313200,363244,31679,94577,2.877043467241161,0.20658073788664127
4311,0.4315,18,98,18,313298,363146,31697,94559,2.8762672665061464,0.2065937667274773
4312,0.4316,15,94,15,313392,363052,31712,94544,2.875522747433785,0.20661019764158778
4313,0.4317,14,133,14,313525,362919,31726,94530,2.8744693321505514,0.2066459867657378
4314,0.4318,35,212,35,313737,362707,31761,94495,2.8727902040299074,0.20668107313616302
4315,0.4319,20,133,20,313870,362574,31781,94475,2.8717367887466736,0.20670650192867723
4316,0.432,20,137,20,314007,362437,31801,94455,2.8706516918007856,0.20673375764951016
4317,0.4321,8,51,8,314058,362386,31809,94447,2.8702477506019517,0.20674294545271465
4318,0.4322,16,122,16,314180,362264,31825,94431,2.869281459891015,0.20677038285945762
4319,0.4323,21,246,21,314426,362018,31846,94410,2.8673330376378154,0.20684532938382397
4320,0.4324,19,107,19,314533,361911,31865,94391,2.86648555316183,0.20686080709705415
4321,0.4325,18,148,18,314681,361763,31883,94373,2.8653133316436445,0.206896627321676
4322,0.4326,7,92,7,314773,361671,31890,94366,2.8645846534026105,0.20692619239228396
4323,0.4327,19,113,19,314886,361558,31909,94347,2.8636896464326447,0.20694442921222622
4324,0.4328,27,89,27,314975,361469,31936,94320,2.862984729438601,0.20693785940424186
4325,0.4329,18,101,18,315076,361368,31954,94302,2.862184767456596,0.20695239976298638
4326,0.433,18,58,18,315134,361310,31972,94284,2.861725383348118,0.20694741370606284
4327,0.4331,17,125,17,315259,361185,31989,94267,2.8607353313901913,0.2069746098381388
4328,0.4332,23,105,23,315364,361080,32012,94244,2.859903687745533,0.2069822807495322
4329,0.4333,18,140,18,315504,360940,32030,94226,2.858794829552655,0.20701458369034595
4330,0.4334,19,140,19,315644,360800,32049,94207,2.857685971359777,0.2070451663381003
4331,0.4335,7,60,7,315704,360740,32056,94200,2.8572107464199723,0.20706027168417812
4332,0.4336,12,98,12,315802,360642,32068,94188,2.8564345456849574,0.20708396543763605
4333,0.4337,26,120,26,315922,360522,32094,94162,2.855484095805348,0.20709327796887508
4334,0.4338,24,135,24,316057,360387,32118,94138,2.854414839690787,0.20711292008140367
4335,0.4339,11,81,11,316138,360306,32129,94127,2.8537732860220504,0.20713064412135562
4336,0.434,24,212,24,316350,360094,32153,94103,2.8520941579014067,0.20718542834937262
4337,0.4341,16,97,16,316447,359997,32169,94087,2.8513258775820556,0.20720175121783635
4338,0.4342,5,24,5,316471,359973,32174,94082,2.8511357876061334,0.20720397308696084
4339,0.4343,11,116,11,316587,359857,32185,94071,2.8502170193891776,0.2072377117075836
4340,0.4344,14,98,14,316685,359759,32199,94057,2.849440818654163,0.2072580076506778
4341,0.4345,31,142,31,316827,359617,32230,94026,2.848316119629958,0.20726871129941385
4342,0.4346,7,63,7,316890,359554,32237,94019,2.8478171334431632,0.20728526609829068
4343,0.4347,12,154,12,317044,359400,32249,94007,2.8465973894309973,0.2073346904657405
4344,0.4348,27,180,27,317224,359220,32276,93980,2.845171714611583,0.20736981465136806
4345,0.4349,27,133,27,317357,359087,32303,93953,2.8441182993283487,0.20738345399964683
4346,0.435,24,141,24,317498,358946,32327,93929,2.8430015207198074,0.20740601711288986
4347,0.4351,23,121,23,317619,358825,32350,93906,2.8420431504245345,0.20742118388181946
4348,0.4352,36,128,36,317747,358697,32386,93870,2.8410293372196174,0.20741680237401314
4349,0.4353,14,85,14,317832,358612,32400,93856,2.840356101888227,0.20743124375646455
4350,0.4354,23,163,23,317995,358449,32423,93833,2.8390650741350907,0.20746569618070143
4351,0.4355,14,88,14,318083,358361,32437,93819,2.8383680775567104,0.20748153390242824
4352,0.4356,9,74,9,318157,358287,32446,93810,2.8377819667976176,0.2074997179808758
4353,0.4357,30,209,30,318366,358078,32476,93780,2.836126599923964,0.20754307769254943
4354,0.4358,13,107,13,318473,357971,32489,93767,2.8352791154479786,0.20756943183880922
4355,0.4359,24,108,24,318581,357863,32513,93743,2.83442371055633,0.20757695867636833
4356,0.436,17,105,17,318686,357758,32530,93726,2.8335920669116716,0.20759539651460518
4357,0.4361,21,147,21,318833,357611,32551,93705,2.8324277658091495,0.20762614221521064
4358,0.4362,33,188,33,319021,357423,32584,93672,2.830938727664428,0.20765470687992552
4359,0.4363,14,93,14,319114,357330,32598,93658,2.83020212900773,0.20767293143054805
4360,0.4364,27,212,27,319326,357118,32625,93631,2.8285230008870865,0.20772314525378868
4361,0.4365,37,181,37,319507,356937,32662,93594,2.827089405652009,0.20774153165930867
4362,0.4366,8,63,8,319570,356874,32670,93586,2.8265904194652136,0.20775651556187008
4363,0.4367,29,183,29,319753,356691,32699,93557,2.825140983398809,0.2077899291057373
4364,0.4368,20,124,20,319877,356567,32719,93537,2.8241588518565455,0.20781197234416934
4365,0.4369,9,89,9,319966,356478,32728,93528,2.8234539348625014,0.20783722883694883
4366,0.437,27,216,27,320182,356262,32755,93501,2.821743125079204,0.20788948846392433
4367,0.4371,51,277,51,320459,355985,32806,93450,2.8195491699404385,0.20792773148508684
4368,0.4372,30,162,30,320621,355823,32836,93420,2.8182660626029654,0.207949817804618
4369,0.4373,24,130,24,320751,355693,32860,93396,2.8172364085667216,0.207967685692591
4370,0.4374,15,124,15,320875,355569,32875,93381,2.8162542770244583,0.2079986635482793
4371,0.4375,17,138,17,321013,355431,32892,93364,2.815161259662907,0.20803262068427678
4372,0.4376,29,129,29,321142,355302,32921,93335,2.8141395260423265,0.208041244926299
4373,0.4377,6,54,6,321196,355248,32927,93329,2.813711823596502,0.20805569612351948
4374,0.4378,24,157,24,321353,355091,32951,93305,2.8124683183373462,0.20808615598711852
4375,0.4379,12,64,12,321417,355027,32963,93293,2.8119614117348877,0.20809466452533903
4376,0.438,55,339,55,321756,354688,33018,93238,2.8092763908249907,0.2081549184463505
4377,0.4381,20,152,20,321908,354536,33038,93218,2.8080724876441514,0.20819021158939954
4378,0.4382,18,101,18,322009,354435,33056,93200,2.807272525662147,0.20820534587331196
4379,0.4383,38,223,38,322232,354212,33094,93162,2.8055062729692053,0.20824187368957517
4380,0.4384,17,75,17,322307,354137,33111,93145,2.804912241794449,0.2082466989505502
4381,0.4385,16,94,16,322401,354043,33127,93129,2.8041677227220885,0.20826214521481667
4382,0.4386,26,188,26,322589,353855,33153,93103,2.8026786845773666,0.20830368848974623
4383,0.4387,32,145,32,322734,353710,33185,93071,2.8015302243061715,0.20831458813154544
4384,0.4388,12,88,12,322822,353622,33197,93059,2.800833227727791,0.20833435941980966
4385,0.4389,20,113,20,322935,353509,33217,93039,2.7999382207578254,0.208351621774143
4386,0.439,39,251,39,323186,353258,33256,93000,2.7979501964263083,0.20839962532884565
4387,0.4391,33,142,33,323328,353116,33289,92967,2.7968254974021036,0.20840740400329086
4388,0.4392,18,115,18,323443,353001,33307,92949,2.795914649600811,0.20842919609821728
4389,0.4393,11,70,11,323513,352931,33318,92938,2.795360220504372,0.2084423900293584
4390,0.4394,27,166,27,323679,352765,33345,92911,2.7940454315042453,0.20847207388326947
4391,0.4395,9,79,9,323758,352686,33354,92902,2.7934197186668355,0.20849304738906793
4392,0.4396,21,88,21,323846,352598,33375,92881,2.792722722088455,0.2084969212914638
4393,0.4397,19,100,19,323946,352498,33394,92862,2.791930680522114,0.20850996946290642
4394,0.4398,35,255,35,324201,352243,33429,92827,2.789910974527943,0.20856719167771362
4395,0.4399,6,69,6,324270,352174,33435,92821,2.7893644658471675,0.20858886054899492
4396,0.44,19,103,19,324373,352071,33454,92802,2.788548663033836,0.2086033542156975
4397,0.4401,12,123,12,324496,351948,33466,92790,2.7875744519072363,0.20863969348245484
4398,0.4402,15,103,15,324599,351845,33481,92775,2.7867586490939042,0.20866132877513383
4399,0.4403,15,159,15,324758,351686,33496,92760,2.7854993030034216,0.2087092695175567
4400,0.4404,20,106,20,324864,351580,33516,92740,2.7846597389430996,0.2087234425639179
4401,0.4405,22,164,22,325028,351416,33538,92718,2.7833607907743,0.20876131978186763
4402,0.4406,20,151,20,325179,351265,33558,92698,2.7821648080091244,0.2087966790025295
4403,0.4407,11,85,11,325264,351180,33569,92687,2.781491572677734,0.2088170555594356
4404,0.4408,57,245,57,325509,350935,33626,92630,2.779551070840198,0.20883072379470877
4405,0.4409,24,106,24,325615,350829,33650,92606,2.7787115067798758,0.2088378229052736
4406,0.441,30,101,30,325716,350728,33680,92576,2.777911544797871,0.20883186255932723
4407,0.4411,18,162,18,325878,350566,33698,92558,2.776628437460398,0.20887607080636572
4408,0.4412,34,207,34,326085,350359,33732,92524,2.7749889114180712,0.20891296346890714
4409,0.4413,16,106,16,326191,350253,33748,92508,2.774149347357749,0.2089343912404209
4410,0.4414,21,105,21,326296,350148,33769,92487,2.773317703713091,0.20894642312514827
4411,0.4415,15,103,15,326399,350045,33784,92472,2.7725019008997593,0.20896824302795147
4412,0.4416,42,211,42,326610,349834,33826,92430,2.770830693194779,0.20899281876888012
4413,0.4417,19,115,19,326725,349719,33845,92411,2.769919845393486,0.20901318616696446
4414,0.4418,18,125,18,326850,349594,33863,92393,2.7689297934355594,0.20904008488937456
4415,0.4419,33,193,33,327043,349401,33896,92360,2.7674011532125204,0.20907232643895682
4416,0.442,24,138,24,327181,349263,33920,92336,2.7663081358509696,0.20909467639193025
4417,0.4421,31,156,31,327337,349107,33951,92305,2.765072551007477,0.20911302819134958
4418,0.4422,15,148,15,327485,348959,33966,92290,2.7639003294892914,0.20915628137400877
4419,0.4423,39,188,39,327673,348771,34005,92251,2.76241129134457,0.20917550598382847
4420,0.4424,12,103,12,327776,348668,34017,92239,2.761595488531238,0.2092028477660822
4421,0.4425,15,80,15,327856,348588,34032,92224,2.760961855278165,0.20921390524758854
4422,0.4426,15,131,15,327987,348457,34047,92209,2.7599242808262576,0.20924918192009367
4423,0.4427,8,61,8,328048,348396,34055,92201,2.7594411354707895,0.20926379435175455
4424,0.4428,20,120,20,328168,348276,34075,92181,2.75849068559118,0.20928490181788462
4425,0.4429,19,108,19,328276,348168,34094,92162,2.7576352806995312,0.2093021143233484
4426,0.443,32,182,32,328458,347986,34126,92130,2.7561937650487898,0.20933117632624126
4427,0.4431,24,111,24,328569,347875,34150,92106,2.7553145989101506,0.20934085790068208
4428,0.4432,22,134,22,328703,347741,34172,92084,2.7542532632112535,0.20936508838742682
4429,0.4433,22,119,22,328822,347622,34194,92062,2.753310733747307,0.20938219266564168
4430,0.4434,18,145,18,328967,347477,34212,92044,2.752162273476112,0.2094188901099151
4431,0.4435,6,105,6,329072,347372,34218,92038,2.7513306298314535,0.20945813704740449
4432,0.4436,18,130,18,329202,347242,34236,92020,2.7503009757952097,0.2094877316954346
4433,0.4437,34,192,34,329394,347050,34270,91986,2.748780255987834,0.20951812607622153
4434,0.4438,8,118,8,329512,346932,34278,91978,2.7478456469395516,0.20956004647877696
4435,0.4439,31,220,31,329732,346712,34309,91947,2.7461031554936004,0.20960928648449023
4436,0.444,20,153,20,329885,346559,34329,91927,2.7448913318970978,0.20964637411456694
4437,0.4441,8,45,8,329930,346514,34337,91919,2.7445349131922443,0.2096534704276366
4438,0.4442,14,74,14,330004,346440,34351,91905,2.7439488024331515,0.20966362112035042
4439,0.4443,34,195,34,330199,346245,34385,91871,2.742404321378786,0.20969560572998933
4440,0.4444,14,52,14,330251,346193,34399,91857,2.7419924597642886,0.20969524026937564
4441,0.4445,39,243,39,330494,345950,34438,91818,2.740067798758079,0.2097412327991082
4442,0.4446,7,50,7,330544,345900,34445,91811,2.739671777974908,0.20975255362556572
4443,0.4447,10,78,10,330622,345822,34455,91801,2.739053985553162,0.20977188127680674
4444,0.4448,16,118,16,330740,345704,34471,91785,2.738119376504879,0.2097995606746684
4445,0.4449,27,190,27,330930,345514,34498,91758,2.7366144975288305,0.20984192905102544
4446,0.445,17,142,17,331072,345372,34515,91741,2.7354897985046254,0.2098793675777202
4447,0.4451,14,112,14,331184,345260,34529,91727,2.7346027119503233,0.20990784622883518
4448,0.4452,31,120,31,331304,345140,34560,91696,2.7336522620707133,0.20990943969819337
4449,0.4453,15,138,15,331442,345002,34575,91681,2.7325592447091624,0.2099486355090535
4450,0.4454,24,139,24,331581,344863,34599,91657,2.731458306931948,0.2099720516814808
4451,0.4455,16,68,16,331649,344795,34615,91641,2.7309197186668355,0.20997580401250127
4452,0.4456,11,51,11,331700,344744,34626,91630,2.7305157774680016,0.2099804296314629
4453,0.4457,24,109,24,331809,344635,34650,91606,2.7296524521606895,0.2099894324467439
4454,0.4458,14,103,14,331912,344532,34664,91592,2.728836649347358,0.21001366583815612
4455,0.4459,48,256,48,332168,344276,34712,91544,2.7268090229375237,0.21005002065072736
4456,0.446,17,144,17,332312,344132,34729,91527,2.725668483081992,0.2100886243598778
4457,0.4461,17,90,17,332402,344042,34746,91510,2.724955645672285,0.21010120490779516
4458,0.4462,12,73,12,332475,343969,34758,91498,2.7243774553288556,0.21011465851602992
4459,0.4463,11,64,11,332539,343905,34769,91487,2.723870548726397,0.21012558797589298
4460,0.4464,11,49,11,332588,343856,34780,91476,2.7234824483588898,0.21012928064098205
4461,0.4465,13,148,13,332736,343708,34793,91463,2.7223102268407047,0.21017714875301893
4462,0.4466,41,164,41,332900,343544,34834,91422,2.7210112786719045,0.21018194525549122
4463,0.4467,14,65,14,332965,343479,34848,91408,2.7204964516537826,0.21018793387707613
4464,0.4468,39,314,39,333279,343165,34887,91369,2.7180094411354707,0.21026893177518904
4465,0.4469,22,131,22,333410,343034,34909,91347,2.7169718666835636,0.21029234704096172
4466,0.447,14,158,14,333568,342876,34923,91333,2.7157204410087443,0.21034340605560917
4467,0.4471,32,234,32,333802,342642,34955,91301,2.713867063743505,0.21039860073788494
4468,0.4472,14,101,14,333903,342541,34969,91287,2.7130671017615002,0.21042210276883927
4469,0.4473,17,156,17,334059,342385,34986,91270,2.711831516918008,0.2104668457644902
4470,0.4474,20,128,20,334187,342257,35006,91250,2.710817703713091,0.21049256413391249
4471,0.4475,13,65,13,334252,342192,35019,91237,2.710302876694969,0.21050045105426726
4472,0.4476,27,189,27,334441,342003,35046,91210,2.708805918134584,0.21054308157880766
4473,0.4477,9,93,9,334534,341910,35055,91201,2.708069319477886,0.21057188572906252
4474,0.4478,30,153,30,334687,341757,35085,91171,2.706857495881384,0.21059159952694212
4475,0.4479,14,112,14,334799,341645,35099,91157,2.7059704093270813,0.21062056090313816
4476,0.448,9,59,9,334858,341586,35108,91148,2.70550310480294,0.21063285990932074
4477,0.4481,29,197,29,335055,341389,35137,91119,2.7039427829172475,0.21067587189138698
4478,0.4482,7,50,7,335105,341339,35144,91112,2.703546762134077,0.21068745360746072
4479,0.4483,17,164,17,335269,341175,35161,91095,2.702247813965277,0.21073634533971825
4480,0.4484,13,89,13,335358,341086,35174,91082,2.701542896971233,0.21075600229540364
4481,0.4485,35,208,35,335566,340878,35209,91047,2.699895450513243,0.21079354054523355
4482,0.4486,16,103,16,335669,340775,35225,91031,2.6990796476999113,0.21081457876916948
4483,0.4487,18,89,18,335758,340686,35243,91013,2.6983747307058676,0.21082513510571022
4484,0.4488,6,96,6,335854,340590,35249,91007,2.69761437080218,0.21086105788501774
4485,0.4489,18,136,18,335990,340454,35267,90989,2.6965371942719556,0.21089460253150474
4486,0.449,65,399,65,336389,340055,35332,90924,2.6933769484222534,0.2109708361660313
4487,0.4491,44,256,44,336645,339799,35376,90880,2.691349322012419,0.21101562880939168
4488,0.4492,15,57,15,336702,339742,35391,90865,2.690897858319605,0.21101607730482783
4489,0.4493,9,82,9,336784,339660,35400,90856,2.6902483842352045,0.21103977552518374
4490,0.4494,9,49,9,336833,339611,35409,90847,2.6898602838676973,0.21104730310506484
4491,0.4495,27,120,27,336953,339491,35436,90820,2.6889098339880877,0.21105665437323237
4492,0.4496,8,46,8,336999,339445,35444,90812,2.6885454948675704,0.2110645497923334
4493,0.4497,12,144,12,337143,339301,35456,90800,2.687404955012039,0.2111132036428653
4494,0.4498,18,183,18,337326,339118,35474,90782,2.6859555189456343,0.21117003954408
4495,0.4499,5,53,5,337379,339065,35479,90777,2.6855357369154733,0.2111869012334765
4496,0.45,22,133,22,337512,338932,35501,90755,2.684482321632239,0.21121188213746286
4497,0.4501,31,196,31,337708,338736,35532,90724,2.68292992016221,0.21125133889069994
4498,0.4502,35,262,35,337970,338474,35567,90689,2.6808547712583954,0.2113159801753646
4499,0.4503,18,152,18,338122,338322,35585,90671,2.6796508680775566,0.21135776108234866
4500,0.4504,47,237,47,338359,338085,35632,90624,2.6777737295653274,0.2113881444056458
4501,0.4505,12,59,12,338418,338026,35644,90612,2.677306425041186,0.21139516328463645
4502,0.4506,19,105,19,338523,337921,35663,90593,2.6764747813965277,0.2114119958741138
4503,0.4507,34,245,34,338768,337676,35697,90559,2.674534279558991,0.21147033754830877
4504,0.4508,21,102,21,338870,337574,35718,90538,2.673726397161323,0.21148204208244573
4505,0.4509,36,180,36,339050,337394,35754,90502,2.6723007223419084,0.2115046646848767
4506,0.451,16,135,16,339185,337259,35770,90486,2.6712314662273475,0.21154192334217817
4507,0.4511,23,187,23,339372,337072,35793,90463,2.6697503484982894,0.2115920334007742
4508,0.4512,9,71,9,339443,337001,35802,90454,2.6691879989861866,0.2116105788913453
4509,0.4513,24,122,24,339565,336879,35826,90430,2.6682217082752504,0.2116267150937612
4510,0.4514,14,82,14,339647,336797,35840,90416,2.6675722341908505,0.211641499673465
4511,0.4515,17,114,17,339761,336683,35857,90399,2.666669306805221,0.21166661203234977
4512,0.4516,25,150,25,339911,336533,35882,90374,2.665481244455709,0.21169481877786028
4513,0.4517,22,91,22,340002,336442,35904,90352,2.6647604866303385,0.21169932098389388
4514,0.4518,20,123,20,340125,336319,35924,90332,2.6637862755037385,0.21172339921856506
4515,0.4519,15,113,15,340238,336206,35939,90317,2.6628912685337727,0.2117517695411502
4516,0.452,13,94,13,340332,336112,35952,90304,2.662146749461412,0.2117744174702638
4517,0.4521,23,148,23,340480,335964,35975,90281,2.6609745279432264,0.21180541707234102
4518,0.4522,37,159,37,340639,335805,36012,90244,2.659715181852744,0.21181601177329368
4519,0.4523,27,130,27,340769,335675,36039,90217,2.6586855278165,0.21183069886262246
4520,0.4524,40,229,40,340998,335446,36079,90177,2.656871752629578,0.21187059909826303
4521,0.4525,39,279,39,341277,335167,36118,90138,2.6546619566594853,0.21193731557352957
4522,0.4526,30,173,30,341450,334994,36148,90108,2.6532917247497148,0.2119679512211187
4523,0.4527,51,351,51,341801,334643,36199,90057,2.6505116588518565,0.21204850482693666
4524,0.4528,13,119,13,341920,334524,36212,90044,2.6495691293879102,0.21208381225151213
4525,0.4529,23,127,23,342047,334397,36235,90021,2.648563236598657,0.2121045761489852
4526,0.453,34,224,34,342271,334173,36269,89987,2.646789063490052,0.21215343266691813
4527,0.4531,8,47,8,342318,334126,36277,89979,2.6464168039538714,0.2121620825031537
4528,0.4532,23,118,23,342436,334008,36300,89956,2.6454821949055884,0.21217839250502402
4529,0.4533,8,105,8,342541,333903,36308,89948,2.64465055126093,0.2122160853696228
4530,0.4534,4,112,4,342653,333791,36312,89944,2.6437634647066277,0.21226474093478234
4531,0.4535,26,144,26,342797,333647,36338,89918,2.6426229248510964,0.21228855075372138
4532,0.4536,20,128,20,342925,333519,36358,89898,2.6416091116461793,0.21231551874393328
4533,0.4537,12,102,12,343027,333417,36370,89886,2.640801229248511,0.21234434908328076
4534,0.4538,12,80,12,343107,333337,36382,89874,2.640167595995438,0.2123621550479548
4535,0.4539,19,101,19,343208,333236,36401,89855,2.639367634013433,0.21237747907660526
4536,0.454,12,94,12,343302,333142,36413,89843,2.638623114941072,0.21240233105192854
4537,0.4541,14,71,14,343373,333071,36427,89829,2.63806076542897,0.21241191771104279
4538,0.4542,19,172,19,343545,332899,36446,89810,2.6366984539348626,0.21246294732309934
4539,0.4543,2,38,2,343583,332861,36448,89808,2.636397478139653,0.21247832228055524
4540,0.4544,21,147,21,343730,332714,36469,89787,2.635233177037131,0.21251310647785449
4541,0.4545,11,59,11,343789,332655,36480,89776,2.6347658725129897,0.21252228174542115
4542,0.4546,24,219,24,344008,332436,36504,89752,2.633031301482702,0.21258775711294495
4543,0.4547,22,189,22,344197,332247,36526,89730,2.6315343429223166,0.212641921242153
4544,0.4548,25,137,25,344334,332110,36551,89705,2.630449245976429,0.2126643196662044
4545,0.4549,19,146,19,344480,331964,36570,89686,2.62929286528957,0.2127024783588284
4546,0.455,19,78,19,344558,331886,36589,89667,2.628675072867824,0.21270635009121036
4547,0.4551,12,102,12,344660,331784,36601,89655,2.627867190470156,0.2127354136660347
4548,0.4552,28,199,28,344859,331585,36629,89627,2.6262910277531364,0.21278358641254286
4549,0.4553,23,174,23,345033,331411,36652,89604,2.6249128754277025,0.21282852154911344
4550,0.4554,27,181,27,345214,331230,36679,89577,2.6234792801926243,0.2128695577782689
4551,0.4555,15,67,15,345281,331163,36694,89562,2.622948612343176,0.21287539366569613
4552,0.4556,21,124,21,345405,331039,36715,89541,2.6219664808009124,0.2128988539635741
4553,0.4557,14,69,14,345474,330970,36729,89527,2.6214199721201368,0.21290758316943997
4554,0.4558,8,70,8,345544,330900,36737,89519,2.620865543023698,0.21292805510692903
4555,0.4559,39,208,39,345752,330692,36776,89480,2.619218096565708,0.21296040669059338
4556,0.456,18,128,18,345880,330564,36794,89462,2.618204283360791,0.21299157671191785
4557,0.4561,25,161,25,346041,330403,36819,89437,2.616929096438981,0.21302639100609755
4558,0.4562,22,160,22,346201,330243,36841,89415,2.6156618299328347,0.21306635403113963
4559,0.4563,32,200,32,346401,330043,36873,89383,2.614077746800152,0.21310791414933744
4560,0.4564,16,116,16,346517,329927,36889,89367,2.613158978583196,0.21313684431449054
4561,0.4565,35,180,35,346697,329747,36924,89332,2.6117333037637813,0.21316267338616346
4562,0.4566,19,137,19,346834,329610,36943,89313,2.610648206817894,0.21319669724507845
4563,0.4567,22,147,22,346981,329463,36965,89291,2.609483905715372,0.21323020198016018
4564,0.4568,12,70,12,347051,329393,36977,89279,2.608929476618933,0.21324330263308747
4565,0.4569,21,143,21,347194,329250,36998,89258,2.6077968571790646,0.2132766876618846
4566,0.457,22,203,22,347397,329047,37020,89236,2.606189012799392,0.21333881606472174
4567,0.4571,21,112,21,347509,328935,37041,89215,2.6053019262450894,0.21335645103431783
4568,0.4572,14,71,14,347580,328864,37055,89201,2.604739576732987,0.21336634255438747
4569,0.4573,9,42,9,347622,328822,37064,89192,2.6044069192751236,0.2133708440387164
4570,0.4574,26,143,26,347765,328679,37090,89166,2.603274299835255,0.2133949191685912
4571,0.4575,48,211,48,347976,328468,37138,89118,2.601603092130275,0.2134123270416154
4572,0.4576,12,86,12,348062,328382,37150,89106,2.6009219363832212,0.21343367953090867
4573,0.4577,28,134,28,348196,328248,37178,89078,2.599860600684324,0.21344943760992605
4574,0.4578,17,119,17,348315,328129,37195,89061,2.5989180712203774,0.21347827129125818
4575,0.4579,17,138,17,348453,327991,37212,89044,2.5978250538588266,0.2135168511036244
4576,0.458,34,177,34,348630,327814,37246,89010,2.596423140286402,0.21354336602498897
4577,0.4581,15,70,15,348700,327744,37261,88995,2.595868711189963,0.21355092755897576
4578,0.4582,19,117,19,348817,327627,37280,88976,2.5949420225573436,0.21357503426523572
4579,0.4583,41,198,41,349015,327429,37321,88935,2.593373780255988,0.2135991584286826
4580,0.4584,21,134,21,349149,327295,37342,88914,2.5923124445570904,0.21362824926899707
4581,0.4585,12,139,12,349288,327156,37354,88902,2.5912115067798758,0.21367693927288983
4582,0.4586,12,89,12,349377,327067,37366,88890,2.590506589785832,0.21369997379536826
4583,0.4587,22,154,22,349531,326913,37388,88868,2.589286845773666,0.21373752047351852
4584,0.4588,26,152,26,349683,326761,37414,88842,2.5880829425928273,0.21376650312918818
4585,0.4589,26,207,26,349890,326554,37440,88816,2.5864434165505004,0.21382381972699038
4586,0.459,28,178,28,350068,326376,37468,88788,2.5850335825624127,0.21386247362488078
4587,0.4591,20,98,20,350166,326278,37488,88768,2.584257381827398,0.21387508854440232
4588,0.4592,22,133,22,350299,326145,37510,88746,2.5832039665441644,0.21390196461239216
4589,0.4593,17,170,17,350469,325975,37527,88729,2.581857495881384,0.21395742505497897
4590,0.4594,28,169,28,350638,325806,37555,88701,2.580518945634267,0.21399156105928246
4591,0.4595,12,73,12,350711,325733,37567,88689,2.5799407552908376,0.21400649579414222
4592,0.4596,17,94,17,350805,325639,37584,88672,2.579196236218477,0.2140227992981118
4593,0.4597,28,200,28,351005,325439,37612,88644,2.577612153085794,0.21407302400726425
4594,0.4598,21,146,21,351151,325293,37633,88623,2.5764557723989356,0.21410865972806076
4595,0.4599,14,78,14,351229,325215,37647,88609,2.575837979977189,0.21412242885864521
4596,0.46,20,106,20,351335,325109,37667,88589,2.5749984159168675,0.214139299682377
4597,0.4601,27,137,27,351472,324972,37694,88562,2.5739133189709795,0.21415893251824517
4598,0.4602,18,124,18,351596,324848,37712,88544,2.572931187428716,0.21418895382590858
4599,0.4603,16,98,16,351694,324750,37728,88528,2.5721549866937017,0.2142093215704683
4600,0.4604,43,265,43,351959,324485,37771,88485,2.570056076542897,0.21426495871370801
4601,0.4605,13,53,13,352012,324432,37784,88472,2.569636294512736,0.2142677232480189
4602,0.4606,31,186,31,352198,324246,37815,88441,2.568163097199341,0.21430527251888234
4603,0.4607,23,143,23,352341,324103,37838,88418,2.567030477759473,0.21433575502822885
4604,0.4608,31,184,31,352525,323919,37869,88387,2.5655731212774047,0.2143723351103307
4605,0.4609,28,204,28,352729,323715,37897,88359,2.563957356482068,0.21442507899066673
4606,0.461,25,139,25,352868,323576,37922,88334,2.5628564187048535,0.21444975844237818
4607,0.4611,24,165,24,353033,323411,37946,88310,2.5615495501203904,0.21448990942895796
4608,0.4612,27,213,27,353246,323198,37973,88283,2.559862501584083,0.2145493959623895
4609,0.4613,19,123,19,353369,323075,37992,88264,2.558888290457483,0.21457727081555603
4610,0.4614,10,95,10,353464,322980,38002,88254,2.558135850969459,0.21460774157778784
4611,0.4615,22,198,22,353662,322782,38024,88232,2.556567608668103,0.2146690866977767
4612,0.4616,21,130,21,353792,322652,38045,88211,2.555537954631859,0.21469686975950622
4613,0.4617,25,143,25,353935,322509,38070,88186,2.554405335191991,0.2147238218142417
4614,0.4618,12,72,12,354007,322437,38082,88174,2.553835065264225,0.2147385238096398
4615,0.4619,28,193,28,354200,322244,38110,88146,2.552306425041186,0.21478593532980822
4616,0.462,10,100,10,354300,322144,38120,88136,2.551514383474845,0.2148191478989958
4617,0.4621,32,143,32,354443,322001,38152,88104,2.5503817640349764,0.21483278672535083
4618,0.4622,41,245,41,354688,321756,38193,88063,2.54844126219744,0.21488266771428363
4619,0.4623,25,149,25,354837,321607,38218,88038,2.5472611202635913,0.21491291239976076
4620,0.4624,13,57,13,354894,321550,38231,88025,2.546809656570777,0.21491790270402247
4621,0.4625,30,196,30,355090,321354,38261,87995,2.5452572551007475,0.2149632709497275
4622,0.4626,9,78,9,355168,321276,38270,87986,2.5446394626790014,0.21498697655780405
4623,0.4627,14,74,14,355242,321202,38284,87972,2.5440533519199087,0.2149989979812989
4624,0.4628,29,162,29,355404,321040,38313,87943,2.5427702445824356,0.2150284975170117
4625,0.4629,31,162,31,355566,320878,38344,87912,2.5414871372449626,0.21505418430000733
4626,0.463,23,142,23,355708,320736,38367,87889,2.540362438220758,0.21508473539308656
4627,0.4631,14,104,14,355812,320632,38381,87875,2.539538714991763,0.21511259292986412
4628,0.4632,37,307,37,356119,320325,38418,87838,2.537107147383095,0.21520323988210593
4629,0.4633,23,122,23,356241,320203,38441,87815,2.536140856672158,0.21522334798954948
4630,0.4634,42,260,42,356501,319943,38483,87773,2.5340815485996706,0.2152797535539444
4631,0.4635,15,100,15,356601,319843,38498,87758,2.533289507033329,0.21530369160036408
4632,0.4636,19,104,19,356705,319739,38517,87739,2.532465783804334,0.21532205419679099
4633,0.4637,32,179,32,356884,319560,38549,87707,2.531048029400583,0.21535503735878428
4634,0.4638,10,100,10,356984,319460,38559,87697,2.5302559878342414,0.21538865842905808
4635,0.4639,9,47,9,357031,319413,38568,87688,2.5298837282980613,0.2153961793265062
4636,0.464,9,76,9,357107,319337,38577,87679,2.5292817767076414,0.21541904986536156
4637,0.4641,16,95,16,357202,319242,38593,87663,2.5285293372196174,0.21543849301433995
4638,0.4642,29,163,29,357365,319079,38622,87634,2.527238309466481,0.21546889329822258
4639,0.4643,25,160,25,357525,318919,38647,87609,2.5259710429603346,0.2155054510390428
4640,0.4644,9,40,9,357565,318879,38656,87600,2.525654226333798,0.21550928830271673
4641,0.4645,35,200,35,357765,318679,38691,87565,2.524070143201115,0.21554779885979855
4642,0.4646,55,224,55,357989,318455,38746,87510,2.5222959700925105,0.21556045471900287
4643,0.4647,32,219,32,358208,318236,38778,87478,2.5205613990622227,0.21561494057390182
4644,0.4648,37,229,37,358437,318007,38815,87441,2.518747623875301,0.2156651407825418
4645,0.4649,20,133,20,358570,317874,38835,87421,2.517694208592067,0.2156972082063682
4646,0.465,34,234,34,358804,317640,38869,87387,2.515840831326828,0.21575598663792783
4647,0.4651,20,128,20,358932,317512,38889,87367,2.514827018121911,0.21578545688958922
4648,0.4652,18,116,18,359048,317396,38907,87349,2.513908249904955,0.21581242510716625
4649,0.4653,18,86,18,359134,317310,38925,87331,2.5132270941579016,0.21582340889825796
4650,0.4654,26,176,26,359310,317134,38951,87305,2.5118331010011405,0.21586691688981527
4651,0.4655,4,39,4,359349,317095,38955,87301,2.5115242047902675,0.2158799790304553
4652,0.4656,11,90,11,359439,317005,38966,87290,2.51081136738056,0.21590670178953486
4653,0.4657,14,102,14,359541,316903,38980,87276,2.510003484982892,0.21593402922962351
4654,0.4658,17,104,17,359645,316799,38997,87259,2.509179761753897,0.2159566200891951
4655,0.4659,31,144,31,359789,316655,39028,87228,2.508039221898365,0.21597343785205123
4656,0.466,19,150,19,359939,316505,39047,87209,2.506851159548853,0.2160167841590829
4657,0.4661,15,87,15,360026,316418,39062,87194,2.506162083386136,0.21603421107400175
4658,0.4662,19,131,19,360157,316287,39081,87175,2.505124508934229,0.21606743633849038
4659,0.4663,18,101,18,360258,316186,39099,87157,2.504324546952224,0.21608655660318885
4660,0.4664,16,91,16,360349,316095,39115,87141,2.503603789126853,0.21610421688539713
4661,0.4665,37,210,37,360559,315885,39152,87104,2.5019405018375362,0.2161448575519431
4662,0.4666,13,104,13,360663,315781,39165,87091,2.5011167786085413,0.2161753609086757
4663,0.4667,13,94,13,360757,315687,39178,87078,2.5003722595361806,0.21620051394733902
4664,0.4668,7,65,7,360822,315622,39185,87071,2.4998574325180587,0.21622178682023277
4665,0.4669,8,98,8,360920,315524,39193,87063,2.4990812317830438,0.21625884591405087
4666,0.467,10,63,10,360983,315461,39203,87053,2.498582245596249,0.2162732227947351
4667,0.4671,18,166,18,361149,315295,39221,87035,2.497267456596122,0.21632739293614694
4668,0.4672,6,72,6,361221,315223,39227,87029,2.4966971866683565,0.21635442458956078
4669,0.4673,10,85,10,361306,315138,39237,87019,2.496023951336966,0.21638066725184443
4670,0.4674,11,79,11,361385,315059,39248,87008,2.4953982384995563,0.21640174398794232
4671,0.4675,34,197,34,361582,314862,39282,86974,2.493837916613864,0.21644153336186903
4672,0.4676,18,93,18,361675,314769,39300,86956,2.4931013179571666,0.2164565312091605
4673,0.4677,14,117,14,361792,314652,39314,86942,2.492174629324547,0.21649227827108972
4674,0.4678,29,178,29,361970,314474,39343,86913,2.4907647953364593,0.21653167641204124
4675,0.4679,11,93,11,362063,314381,39354,86902,2.490028196679762,0.21656038257289742
4676,0.468,22,163,22,362226,314218,39376,86880,2.488737168926625,0.2166054181272407
4677,0.4681,16,100,16,362326,314118,39392,86864,2.487945127360284,0.21662817782344346
4678,0.4682,15,139,15,362465,313979,39407,86849,2.4868441895830693,0.2166739848513577
4679,0.4683,20,110,20,362575,313869,39427,86829,2.485972943860094,0.2166943683272689
4680,0.4684,19,129,19,362704,313740,39446,86810,2.4849512102395135,0.21672700037448508
4681,0.4685,6,64,6,362768,313676,39452,86804,2.484444303637055,0.21674990011985618
4682,0.4686,12,84,12,362852,313592,39464,86792,2.483778988721328,0.2167718989769821
4683,0.4687,19,132,19,362984,313460,39483,86773,2.4827334938537575,0.2168062103824522
4684,0.4688,19,98,19,363082,313362,39502,86754,2.481957293118743,0.21682212158474043
4685,0.4689,40,248,40,363330,313114,39542,86714,2.4799930300342163,0.21687825765078983
4686,0.469,14,116,14,363446,312998,39556,86700,2.47907426181726,0.21691376989627167
4687,0.4691,7,42,7,363488,312956,39563,86693,2.4787416043593966,0.21692284980070012
4688,0.4692,33,209,33,363697,312747,39596,86660,2.4770862374857434,0.2169716604866715
4689,0.4693,16,138,16,363835,312609,39612,86644,2.475993220124192,0.21701527602798226
4690,0.4694,41,230,41,364065,312379,39653,86603,2.4741715245216067,0.21705991749001208
4691,0.4695,13,64,13,364129,312315,39666,86590,2.4736646179191486,0.21706922700893697
4692,0.4696,35,124,35,364253,312191,39701,86555,2.4726824863768853,0.21706800820572494
4693,0.4697,18,133,18,364386,312058,39719,86537,2.471629071093651,0.2171050815991169
4694,0.4698,26,181,26,364567,311877,39745,86511,2.470195475858573,0.21715262507906866
4695,0.4699,18,121,18,364688,311756,39763,86493,2.4692371055633,0.2171832195435519
4696,0.47,17,119,17,364807,311637,39780,86476,2.4682945760993538,0.21721471039629453
4697,0.4701,19,160,19,364967,311477,39799,86457,2.4670273095932074,0.21726467203104033
4698,0.4702,22,164,22,365131,311313,39821,86435,2.4657283614244077,0.2173109607087905
4699,0.4703,30,191,30,365322,311122,39851,86405,2.4642155620326953,0.21735630535787506
4700,0.4704,11,92,11,365414,311030,39862,86394,2.4634868837916613,0.21738495913684125
4701,0.4705,25,140,25,365554,310890,39887,86369,2.4623780255987833,0.21741231790846777
4702,0.4706,19,102,19,365656,310788,39906,86350,2.461570143201115,0.21743071677855053
4703,0.4707,20,134,20,365790,310654,39926,86330,2.460508807502218,0.21746468371521271
4704,0.4708,15,82,15,365872,310572,39941,86315,2.4598593334178176,0.21748003839883898
4705,0.4709,17,72,17,365944,310500,39958,86298,2.459289063490052,0.21748597523173
4706,0.471,30,190,30,366134,310310,39988,86268,2.4577841845140034,0.21753097751262046
4707,0.4711,22,109,22,366243,310201,40010,86246,2.4569208592066913,0.21754736446485912
4708,0.4712,10,38,10,366281,310163,40020,86236,2.4566198834114816,0.2175484801929369
4709,0.4713,31,165,31,366446,309998,40051,86205,2.455313014827018,0.21757785781531186
4710,0.4714,11,87,11,366533,309911,40062,86194,2.454623938664301,0.217603918153015
4711,0.4715,26,214,26,366747,309697,40088,86168,2.4529289697123304,0.21767016533414169
4712,0.4716,25,156,25,366903,309541,40113,86143,2.451693384868838,0.2177065537145803
4713,0.4717,39,217,39,367120,309324,40152,86104,2.449974654669877,0.2177488695792913
4714,0.4718,25,165,25,367285,309159,40177,86079,2.4486677860854136,0.2177902934434442
4715,0.4719,24,170,24,367455,308989,40201,86055,2.4473213154226334,0.21783649416267556
4716,0.472,18,104,18,367559,308885,40219,86037,2.4464975921936385,0.21785820997564076
4717,0.4721,22,105,22,367664,308780,40241,86015,2.44566594854898,0.21787256677516179
4718,0.4722,25,155,25,367819,308625,40266,85990,2.4444382841211505,0.2179085944528211
4719,0.4723,15,98,15,367917,308527,40281,85975,2.443662083386136,0.21793298893288246
4720,0.4724,20,94,20,368011,308433,40301,85955,2.4429175643137753,0.21794527216852438
4721,0.4725,28,198,28,368209,308235,40329,85927,2.441349322012419,0.2179991982991765
4722,0.4726,8,61,8,368270,308174,40337,85919,2.440866176656951,0.21801706703747592
4723,0.4727,24,176,24,368446,307998,40361,85895,2.43947218350019,0.21806683540961633
4724,0.4728,30,219,30,368665,307779,40391,85865,2.4377376124699026,0.2181285628639075
4725,0.4729,6,39,6,368704,307740,40397,85859,2.437428716259029,0.21813825746508503
4726,0.473,21,107,21,368811,307633,40418,85838,2.4365812317830438,0.21815584884273556
4727,0.4731,36,170,36,368981,307463,40454,85802,2.4352347611202636,0.21817858187227443
4728,0.4732,28,147,28,369128,307316,40482,85774,2.434070460017742,0.2182044824340482
4729,0.4733,58,379,58,369507,306937,40540,85716,2.4310686224813076,0.21829961823798621
4730,0.4734,26,208,26,369715,306729,40566,85690,2.4294211760233178,0.21836353489509938
4731,0.4735,14,109,14,369824,306620,40580,85676,2.4285578507160057,0.2183963129881518
4732,0.4736,10,76,10,369900,306544,40590,85666,2.4279558991255863,0.21841870426557203
4733,0.4737,33,198,33,370098,306346,40623,85633,2.42638765682423,0.2184632339997806
4734,0.4738,23,123,23,370221,306223,40646,85610,2.42541344569763,0.21848593661075
4735,0.4739,36,137,36,370358,306086,40682,85574,2.4243283487517426,0.2184905274983404
4736,0.474,25,165,25,370523,305921,40707,85549,2.423021480167279,0.21853271004163793
4737,0.4741,11,71,11,370594,305850,40718,85538,2.422459130655177,0.21855038989442702
4738,0.4742,31,137,31,370731,305713,40749,85507,2.4213740337092893,0.21856500178927457
4739,0.4743,20,121,20,370852,305592,40769,85487,2.420415663414016,0.2185926628635135
4740,0.4744,18,128,18,370980,305464,40787,85469,2.419401850209099,0.21862825599271488
4741,0.4745,24,91,24,371071,305373,40811,85445,2.418681092383728,0.21863117870722434
4742,0.4746,44,254,44,371325,305119,40855,85401,2.416669306805221,0.21868534262009628
4743,0.4747,32,155,32,371480,304964,40887,85369,2.415441642377392,0.2187081287003661
4744,0.4748,30,168,30,371648,304796,40917,85339,2.4141110125459386,0.21874223025363015
4745,0.4749,20,141,20,371789,304655,40937,85319,2.412994233937397,0.21878125208347224
4746,0.475,16,85,16,371874,304570,40953,85303,2.412320998606007,0.21879689026939542
4747,0.4751,43,182,43,372056,304388,40996,85260,2.4108794829552656,0.21881287726358148
4748,0.4752,22,120,22,372176,304268,41018,85238,2.409929033075656,0.21883616683696785
4749,0.4753,9,115,9,372291,304153,41027,85229,2.409018185274363,0.2188827423969264
4750,0.4754,26,168,26,372459,303985,41053,85203,2.4076875554429096,0.21892504393763426
4751,0.4755,26,113,26,372572,303872,41079,85177,2.4067925484729438,0.218936432171783
4752,0.4756,13,53,13,372625,303819,41092,85164,2.4063727664427828,0.2189401593385829
4753,0.4757,58,321,58,372946,303498,41150,85106,2.403830313014827,0.21900443639283176
4754,0.4758,12,73,12,373019,303425,41162,85094,2.4032521226713977,0.2190214635577668
4755,0.4759,13,158,13,373177,303267,41175,85081,2.4020006969965784,0.21908442942927478
4756,0.476,33,208,33,373385,303059,41208,85048,2.400353250538588,0.2191354446067708
4757,0.4761,35,169,35,373554,302890,41243,85013,2.3990147002914712,0.2191604602181473
4758,0.4762,35,164,35,373718,302726,41278,84978,2.3977157521226715,0.21918267544312156
4759,0.4763,16,59,16,373777,302667,41294,84962,2.39724844759853,0.21918380719708794
4760,0.4764,7,50,7,373827,302617,41301,84955,2.3968524268153595,0.21919798127831733
4761,0.4765,30,162,30,373989,302455,41331,84925,2.395569319477886,0.21922918064949146
4762,0.4766,14,101,14,374090,302354,41345,84911,2.3947693574958815,0.2192581307373504
4763,0.4767,17,87,17,374177,302267,41362,84894,2.3940802813331645,0.2192731189350167
4764,0.4768,14,98,14,374275,302169,41376,84880,2.3933040805981496,0.2193003986575343
4765,0.4769,19,100,19,374375,302069,41395,84861,2.3925120390318084,0.21931873982374073
4766,0.477,23,119,23,374494,301950,41418,84838,2.391569509567862,0.21933979337518228
4767,0.4771,12,71,12,374565,301879,41430,84826,2.39100716005576,0.2193558397227861
4768,0.4772,16,106,16,374671,301773,41446,84810,2.390167595995438,0.21938367698527872
4769,0.4773,39,188,39,374859,301585,41485,84771,2.388678557850716,0.2194116307239955
4770,0.4774,21,124,21,374983,301461,41506,84750,2.3876964263084526,0.21943963273961642
4771,0.4775,7,60,7,375043,301401,41513,84743,2.387221201368648,0.21945957984586062
4772,0.4776,11,72,11,375115,301329,41524,84732,2.386650931440882,0.21947826897821845
4773,0.4777,17,112,17,375227,301217,41541,84715,2.3857638448865797,0.2195075816465077
4774,0.4778,15,61,15,375288,301156,41556,84700,2.3852806995311115,0.2195119422789849
4775,0.4779,16,152,16,375440,301004,41572,84684,2.3840767963502723,0.2195660741324594
4776,0.478,22,103,22,375543,300901,41594,84662,2.3832609935369407,0.2195801983074102
4777,0.4781,13,87,13,375630,300814,41607,84649,2.3825719173742237,0.2196034379434602
4778,0.4782,29,124,29,375754,300690,41636,84620,2.3815897858319603,0.21961537463341205
4779,0.4783,17,119,17,375873,300571,41653,84603,2.380647256368014,0.21964878210886507
4780,0.4784,9,54,9,375927,300517,41662,84594,2.3802195539221898,0.21966134439161697
4781,0.4785,25,78,25,376005,300439,41687,84569,2.3796017615004437,0.21965517599634293
4782,0.4786,29,191,29,376196,300248,41716,84540,2.3780889621087313,0.21970539621817728
4783,0.4787,18,79,18,376275,300169,41734,84522,2.377463249271322,0.219714004226769
4784,0.4788,36,148,36,376423,300021,41770,84486,2.3762910277531364,0.2197255186511559
4785,0.4789,16,62,16,376485,299959,41786,84470,2.375799961982005,0.2197284804216123
4786,0.479,29,185,29,376670,299774,41815,84441,2.374334685084273,0.21977538617701026
4787,0.4791,18,66,18,376736,299708,41833,84423,2.373811937650488,0.21977658663320587
4788,0.4792,28,147,28,376883,299561,41861,84395,2.372647636547966,0.2198038316890477
4789,0.4793,24,97,24,376980,299464,41885,84371,2.371879356228615,0.21981059569867262
4790,0.4794,18,140,18,377120,299324,41903,84353,2.370770498035737,0.21985420027783786
4791,0.4795,26,169,26,377289,299155,41929,84327,2.36943194778862,0.21989819600398455
4792,0.4796,5,54,5,377343,299101,41934,84322,2.3690042453427957,0.21991899286166974
4793,0.4797,25,203,25,377546,298898,41959,84297,2.3673964009631225,0.21998460313939378
4794,0.4798,9,53,9,377599,298845,41968,84288,2.3669766189329615,0.21999671132478799
4795,0.4799,41,214,41,377813,298631,42009,84247,2.365281649980991,0.2200361472845136
4796,0.48,10,107,10,377920,298524,42019,84237,2.364434165505006,0.22007728060068815
4797,0.4801,15,100,15,378020,298424,42034,84222,2.3636421239386642,0.22010422165657031
4798,0.4802,16,101,16,378121,298323,42050,84206,2.3628421619566593,0.22012971565554507
4799,0.4803,30,159,30,378280,298164,42080,84176,2.3615828158661767,0.22016006695611237
4800,0.4804,26,181,26,378461,297983,42106,84150,2.3601492206310986,0.22021128769302833
4801,0.4805,29,153,29,378614,297830,42135,84121,2.3589373970345964,0.22024029260297787
4802,0.4806,15,105,15,378719,297725,42150,84106,2.358105753389938,0.22027022426151885
4803,0.4807,20,194,20,378913,297531,42170,84086,2.3565691927512358,0.22034133699494518
4804,0.4808,37,252,37,379165,297279,42207,84049,2.3545732480040553,0.2204112994587337
4805,0.4809,24,184,24,379349,297095,42231,84025,2.353115891521987,0.22046861880772461
4806,0.481,32,157,32,379506,296938,42263,83993,2.3518723862628312,0.22049400022576268
4807,0.4811,29,181,29,379687,296757,42292,83964,2.350438791027753,0.22053945014853396
4808,0.4812,32,137,32,379824,296620,42324,83932,2.3493536940818656,0.2205533015198974
4809,0.4813,32,222,32,380046,296398,42356,83900,2.3475953618045877,0.22061646393091733
4810,0.4814,25,98,25,380144,296300,42381,83875,2.346819161069573,0.22062208193595054
4811,0.4815,22,100,22,380244,296200,42403,83853,2.3460271195032316,0.2206350166950399
4812,0.4816,34,134,34,380378,296066,42437,83819,2.344965783804334,0.2206430893559893
4813,0.4817,28,175,28,380553,295891,42465,83791,2.343579711063237,0.2206873120137378
4814,0.4818,26,151,26,380704,295740,42491,83765,2.3423837282980613,0.22072172962148062
4815,0.4819,17,109,17,380813,295631,42508,83748,2.341520402990749,0.22075022602727087
4816,0.482,44,174,44,380987,295457,42552,83704,2.340142250665315,0.2207611014845936
4817,0.4821,28,137,28,381124,295320,42580,83676,2.3390571537194274,0.2207833328056233
4818,0.4822,23,140,23,381264,295180,42603,83653,2.3379482955265494,0.2208176162055576
4819,0.4823,23,156,23,381420,295024,42626,83630,2.3367127106830567,0.22086126120416
4820,0.4824,7,56,7,381476,294968,42633,83623,2.3362691674059053,0.22087952434157176
4821,0.4825,25,162,25,381638,294806,42658,83598,2.3349860600684322,0.22092261181171446
4822,0.4826,34,169,34,381807,294637,42692,83564,2.3336475098213154,0.2209512930954704
4823,0.4827,37,155,37,381962,294482,42729,83527,2.332419845393486,0.22096563838427127
4824,0.4828,27,188,27,382150,294294,42756,83500,2.3309308072487642,0.2210199209092786
4825,0.4829,25,94,25,382244,294200,42781,83475,2.3301862881764035,0.2210233666512213
4826,0.483,21,103,21,382347,294097,42802,83454,2.329370485363072,0.22104033627245062
4827,0.4831,15,103,15,382450,293994,42817,83439,2.3285546825497403,0.2210696997877769
4828,0.4832,24,181,24,382631,293813,42841,83415,2.327121087314662,0.22112621544530098
4829,0.4833,18,65,18,382696,293748,42859,83397,2.3266062602965403,0.22112715268663247
4830,0.4834,13,128,13,382824,293620,42872,83384,2.325592447091623,0.22117537214459262
4831,0.4835,12,83,12,382907,293537,42884,83372,2.32493505259156,0.22119928152418752
4832,0.4836,32,143,32,383050,293394,42916,83340,2.323802433151692,0.22121709216582522
4833,0.4837,21,94,21,383144,293300,42937,83319,2.323057914079331,0.22122888117699852
4834,0.4838,26,107,26,383251,293193,42963,83293,2.3222104296033454,0.22123797432042625
4835,0.4839,9,50,9,383301,293143,42972,83284,2.321814408820175,0.2212487414558467
4836,0.484,34,221,34,383522,292922,43006,83250,2.3200639969585604,0.22130833767531874
4837,0.4841,19,120,19,383642,292802,43025,83231,2.319113547078951,0.2213396164698311
4838,0.4842,9,73,9,383715,292729,43034,83222,2.3185353567355214,0.22136395434511413
4839,0.4843,24,80,24,383795,292649,43058,83198,2.317901723482448,0.22136135182667416
4840,0.4844,36,200,36,383995,292449,43094,83162,2.3163176403497654,0.22140459145232702
4841,0.4845,30,128,30,384123,292321,43124,83132,2.3153038271448487,0.22141786055777954
4842,0.4846,15,115,15,384238,292206,43139,83117,2.314392979343556,0.22145458711563107
4843,0.4847,14,61,14,384299,292145,43153,83103,2.3139098339880877,0.22146154010147956
4844,0.4848,9,62,9,384361,292083,43162,83094,2.3134187682169562,0.2214794616940804
4845,0.4849,13,117,13,384478,291966,43175,83081,2.3124920795843367,0.22152156929664815
4846,0.485,14,118,14,384596,291848,43189,83067,2.3115574705360538,0.2215622207700412
4847,0.4851,26,138,26,384734,291710,43215,83041,2.3104644531745024,0.2215898022953908
4848,0.4852,19,120,19,384854,291590,43234,83022,2.309514003294893,0.22162130417605416
4849,0.4853,8,80,8,384934,291510,43242,83014,2.3088803700418197,0.22165201696019482
4850,0.4854,26,165,26,385099,291345,43268,82988,2.3075735014573566,0.22169565600681745
4851,0.4855,23,115,23,385214,291230,43291,82965,2.3066626536560637,0.22171595023984822
4852,0.4856,10,72,10,385286,291158,43301,82955,2.306092383728298,0.2217378171835782
4853,0.4857,24,117,24,385403,291041,43325,82931,2.3051656950956785,0.22175724385782894
4854,0.4858,32,162,32,385565,290879,43357,82899,2.3038825877582054,0.22178672902096966
4855,0.4859,31,162,31,385727,290717,43388,82868,2.3025994804207324,0.2218183278236546
4856,0.486,25,116,25,385843,290601,43413,82843,2.3016807122037766,0.22183513458510512
4857,0.4861,7,66,7,385909,290535,43420,82836,2.3011579647699913,0.2218597587921933
4858,0.4862,9,84,9,385993,290451,43429,82827,2.3004926498542644,0.22189092311896227
4859,0.4863,23,166,23,386159,290285,43452,82804,2.2991778608541376,0.22194168147546564
4860,0.4864,15,108,15,386267,290177,43467,82789,2.298322455962489,0.22197465720735937
4861,0.4865,32,135,32,386402,290042,43499,82757,2.297253199847928,0.22198825640626718
4862,0.4866,16,114,16,386516,289928,43515,82741,2.296350272462299,0.22202276014372002
4863,0.4867,33,157,33,386673,289771,43548,82708,2.295106767203143,0.22204741743829853
4864,0.4868,31,157,31,386830,289614,43579,82677,2.293863261943987,0.2220762790397834
4865,0.4869,7,69,7,386899,289545,43586,82670,2.2933167532632113,0.2221028169203283
4866,0.487,32,188,32,387087,289357,43618,82638,2.2918277151184894,0.2221481471525155
4867,0.4871,22,140,22,387227,289217,43640,82616,2.2907188569256114,0.22218576619073616
4868,0.4872,25,210,25,387437,289007,43665,82591,2.2890555696362944,0.22225900031754744
4869,0.4873,10,72,10,387509,288935,43675,82581,2.2884852997085288,0.22228113997782062
4870,0.4874,26,93,26,387602,288842,43701,82555,2.2877487010518314,0.22228235553868234
4871,0.4875,23,97,23,387699,288745,43724,82532,2.28698042073248,0.22229225079926848
4872,0.4876,35,219,35,387918,288526,43759,82497,2.2852458497021924,0.22235009689426263
4873,0.4877,25,147,25,388065,288379,43784,82472,2.2840815485996706,0.22238580993444806
4874,0.4878,24,145,24,388210,288234,43808,82448,2.2829330883284755,0.22242245374741693
4875,0.4879,9,137,9,388347,288097,43817,82439,2.2818479913825875,0.22248580434829543
4876,0.488,18,122,18,388469,287975,43835,82421,2.2808817006716513,0.2225213015259344
4877,0.4881,23,217,23,388686,287758,43858,82398,2.2791629704726906,0.22260344287273473
4878,0.4882,31,177,31,388863,287581,43889,82367,2.277761056900266,0.22264480413463514
4879,0.4883,16,93,16,388956,287488,43905,82351,2.277024458243569,0.22266716057527736
4880,0.4884,10,156,10,389112,287332,43915,82341,2.275788873400076,0.22274009732926126
4881,0.4885,11,75,11,389187,287257,43926,82330,2.27519484222532,0.2227621642536128
4882,0.4886,19,54,19,389241,287203,43945,82311,2.2747671397794957,0.22275475354113783
4883,0.4887,17,90,17,389331,287113,43962,82294,2.2740543023697883,0.22277325551491986
4884,0.4888,21,180,21,389511,286933,43983,82273,2.272628627550374,0.22283765702615885
4885,0.4889,12,118,12,389629,286815,43995,82261,2.271694018502091,0.2228836337231356
4886,0.489,48,296,48,389925,286519,44043,82213,2.2693495754657205,0.22296139201371185
4887,0.4891,17,82,17,390007,286437,44060,82196,2.2687001013813206,0.22297515415060506
4888,0.4892,25,141,25,390148,286296,44085,82171,2.2675833227727793,0.22300775917517715
4889,0.4893,41,257,41,390405,286039,44126,82130,2.2655477759472817,0.22307690218350812
4890,0.4894,28,113,28,390518,285926,44154,82102,2.264652768977316,0.22308628691295226
4891,0.4895,14,113,14,390631,285813,44168,82088,2.26375776200735,0.22312524293220187
4892,0.4896,14,105,14,390736,285708,44182,82074,2.262926118362692,0.22315937158425372
4893,0.4897,23,160,23,390896,285548,44205,82051,2.2616588518565455,0.2232078977363921
4894,0.4898,27,159,27,391055,285389,44232,82024,2.2603995057660624,0.22324740822997552
4895,0.4899,17,93,17,391148,285296,44249,82007,2.259662907109365,0.223267983109313
4896,0.49,14,75,14,391223,285221,44263,81993,2.259068875934609,0.2232839706547136
4897,0.4901,23,140,23,391363,285081,44286,81970,2.257960017741731,0.22332046500350086
4898,0.4902,19,125,19,391488,284956,44305,81951,2.2569699657838043,0.2233563273527079
4899,0.4903,15,93,15,391581,284863,44320,81936,2.256233367127107,0.2233811978767663
4900,0.4904,19,123,19,391704,284740,44339,81917,2.255259156000507,0.22341589005528328
4901,0.4905,15,67,15,391771,284673,44354,81902,2.2547284881510583,0.22342494714587738
4902,0.4906,44,258,44,392029,284415,44398,81858,2.2526850209098974,0.22348903686594426
4903,0.4907,31,201,31,392230,284214,44429,81827,2.2510930173615513,0.22354599621353893
4904,0.4908,19,122,19,392352,284092,44448,81808,2.2501267266506146,0.2235802131729981
4905,0.4909,15,70,15,392422,284022,44463,81793,2.2495722975541756,0.22359115946585023
4906,0.491,35,114,35,392536,283908,44498,81758,2.2486693701685465,0.2235865516618991
4907,0.4911,19,77,19,392613,283831,44517,81739,2.2480594981624638,0.22359329266624722
4908,0.4912,7,90,7,392703,283741,44524,81732,2.2473466607527564,0.22363348318480436
4909,0.4913,37,220,37,392923,283521,44561,81695,2.245604169306805,0.22368954262682905
4910,0.4914,22,130,22,393053,283391,44583,81673,2.2445745152705614,0.22372241579558652
4911,0.4915,14,79,14,393132,283312,44597,81659,2.2439488024331515,0.22374106435853808
4912,0.4916,32,189,32,393321,283123,44629,81627,2.2424518438727663,0.2237888965044551
4913,0.4917,11,78,11,393399,283045,44640,81616,2.24183405145102,0.22381334993322566
4914,0.4918,35,201,35,393600,282844,44675,81581,2.240242047902674,0.2238622487480277
4915,0.4919,15,148,15,393748,282696,44690,81566,2.2390698263844886,0.22392124350055728
4916,0.492,37,103,37,393851,282593,44727,81529,2.238254023571157,0.2239057239057239
4917,0.4921,47,247,47,394098,282346,44774,81482,2.2362976809022936,0.2239574744109854
4918,0.4922,32,143,32,394241,282203,44806,81450,2.2351650614624257,0.2239772530406734
4919,0.4923,39,202,39,394443,282001,44845,81411,2.233565137498416,0.2240184693956171
4920,0.4924,29,144,29,394587,281857,44874,81382,2.2324245976428845,0.22404532552947234
4921,0.4925,23,117,23,394704,281740,44897,81359,2.231497909010265,0.22406836702937766
4922,0.4926,49,210,49,394914,281530,44946,81310,2.229834621720948,0.22409326424870465
4923,0.4927,24,171,24,395085,281359,44970,81286,2.228480230642504,0.2241475823463718
4924,0.4928,12,86,12,395171,281273,44982,81274,2.2277990748954504,0.22417507247336207
4925,0.4929,23,208,23,395379,281065,45005,81251,2.2261516284374605,0.22425451815542233
4926,0.493,16,101,16,395480,280964,45021,81235,2.2253516664554556,0.22428278377356095
4927,0.4931,27,102,27,395582,280862,45048,81208,2.2245437840577873,0.22428812108155882
4928,0.4932,13,57,13,395639,280805,45061,81195,2.224092320364973,0.22429558011049724
4929,0.4933,40,180,40,395819,280625,45101,81155,2.222666645545558,0.22432141080214496
4930,0.4934,12,85,12,395904,280540,45113,81143,2.221993410214168,0.22434839348269064
4931,0.4935,35,189,35,396093,280351,45148,81108,2.2204964516537826,0.2243905947839174
4932,0.4936,28,140,28,396233,280211,45176,81080,2.2193875934609046,0.22441743636016398
4933,0.4937,38,145,38,396378,280066,45214,81042,2.21823913318971,0.2244259335157349
4934,0.4938,17,94,17,396472,279972,45231,81025,2.217494614117349,0.22444784859707975
4935,0.4939,20,80,20,396552,279892,45251,81005,2.2168609808642756,0.224454622787111
4936,0.494,13,36,13,396588,279856,45264,80992,2.216575845900393,0.2244490755110185
4937,0.4941,11,70,11,396658,279786,45275,80981,2.216021416803954,0.22446897859283138
4938,0.4942,23,113,23,396771,279673,45298,80958,2.2151264098339882,0.2244898525085198
4939,0.4943,17,99,17,396870,279574,45315,80941,2.21434228868331,0.2245149300306506
4940,0.4944,28,166,28,397036,279408,45343,80913,2.2130274996831836,0.22455810235873014
4941,0.4945,13,65,13,397101,279343,45356,80900,2.2125126726650612,0.22457063704221872
4942,0.4946,26,159,26,397260,279184,45382,80874,2.2112533265745786,0.22461381221914248
4943,0.4947,24,121,24,397381,279063,45406,80850,2.2102949562793057,0.22463762075834992
4944,0.4948,24,115,24,397496,278948,45430,80826,2.209384108478013,0.22465770177945044
4945,0.4949,22,112,22,397608,278836,45452,80804,2.2084970219237103,0.2246802357913469
4946,0.495,10,67,10,397675,278769,45462,80794,2.207966354074262,0.22470053926571978
4947,0.4951,13,92,13,397767,278677,45475,80781,2.2072376758332277,0.22473001018199623
4948,0.4952,29,148,29,397915,278529,45504,80752,2.2060654543150426,0.2247600067913416
4949,0.4953,22,164,22,398079,278365,45526,80730,2.2047665061462425,0.22481516033361645
4950,0.4954,22,88,22,398167,278277,45548,80708,2.204069509567862,0.22482276418234745
4951,0.4955,51,318,51,398485,277959,45599,80657,2.2015508173868965,0.22491188346309143
4952,0.4956,22,126,22,398611,277833,45621,80635,2.2005528450133065,0.22494337011950857
4953,0.4957,20,128,20,398739,277705,45641,80615,2.1995390318083894,0.22498046438937264
4954,0.4958,18,124,18,398863,277581,45659,80597,2.198556900266126,0.2250194037601416
4955,0.4959,8,64,8,398927,277517,45667,80589,2.1980499936636675,0.22504230590942348
4956,0.496,30,150,30,399077,277367,45697,80559,2.1968619313141553,0.22507166285768568
4957,0.4961,17,118,17,399195,277249,45714,80542,2.1959273222658724,0.2251090720560327
4958,0.4962,28,136,28,399331,277113,45742,80514,2.194850145735648,0.2251340083382966
4959,0.4963,18,87,18,399418,277026,45760,80496,2.194161069572931,0.22514978099249836
4960,0.4964,18,103,18,399521,276923,45778,80478,2.1933452667595996,0.22517564304520693
4961,0.4965,22,117,22,399638,276806,45800,80456,2.19241857812698,0.22520167272197994
4962,0.4966,43,275,43,399913,276531,45843,80413,2.190240463819541,0.22528183692680084
4963,0.4967,23,121,23,400034,276410,45866,80390,2.1892820935242683,0.22530829596412555
4964,0.4968,29,167,29,400201,276243,45895,80361,2.187959384108478,0.22535080930107346
4965,0.4969,19,90,19,400291,276153,45914,80342,2.1872465466987707,0.22536641467622268
4966,0.497,14,113,14,400404,276040,45928,80328,2.186351539728805,0.22540744399048174
4967,0.4971,36,213,36,400617,275827,45964,80292,2.184664491192498,0.22546396008075953
4968,0.4972,21,154,21,400771,275673,45985,80271,2.183444747180332,0.2255158114759625
4969,0.4973,28,110,28,400881,275563,46013,80243,2.1825735014573566,0.22552458362141167
4970,0.4974,9,55,9,400936,275508,46022,80234,2.1821378785958685,0.22553985753720393
4971,0.4975,23,130,23,401066,275378,46045,80211,2.1811082245596247,0.22557221961309265
4972,0.4976,13,63,13,401129,275315,46058,80198,2.18060923837283,0.2255838745699876
4973,0.4977,35,138,35,401267,275177,46093,80163,2.1795162210112786,0.22559520459278437
4974,0.4978,17,96,17,401363,275081,46110,80146,2.178755861107591,0.2256191111599062
4975,0.4979,41,245,41,401608,274836,46151,80105,2.1768153592700545,0.22568539560095904
4976,0.498,10,81,10,401689,274755,46161,80095,2.176173805601318,0.22571509088347189
4977,0.4981,17,71,17,401760,274684,46178,80078,2.1756114560892157,0.22572316087968836
4978,0.4982,19,73,19,401833,274611,46197,80059,2.1750332657457863,0.22572814165280403
4979,0.4983,18,121,18,401954,274490,46215,80041,2.1740748954505134,0.22576587096755996
4980,0.4984,11,70,11,402024,274420,46226,80030,2.1735204663540744,0.22578642967978557
4981,0.4985,47,224,47,402248,274196,46273,79983,2.1717462932454694,0.2258264888657995
4982,0.4986,45,192,45,402440,274004,46318,79938,2.170225573438094,0.22585056308660742
4983,0.4987,16,79,16,402519,273925,46334,79922,2.1695998606006843,0.22586598162482655
4984,0.4988,7,41,7,402560,273884,46341,79915,2.169275123558484,0.22587683967450445
4985,0.4989,21,157,21,402717,273727,46362,79894,2.1680316182993282,0.22593115227885222
4986,0.499,16,104,16,402821,273623,46378,79878,2.1672078950703333,0.22596258567868266
4987,0.4991,13,89,13,402910,273534,46391,79865,2.1665029780762897,0.22599101865030743
4988,0.4992,8,56,8,402966,273478,46399,79857,2.166059434799138,0.2260093112768336
4989,0.4993,41,177,41,403143,273301,46440,79816,2.164657521226714,0.22603273136099367
4990,0.4994,13,97,13,403240,273204,46453,79803,2.1638892409073627,0.22606633862784592
4991,0.4995,18,135,18,403375,273069,46471,79785,2.162819984792802,0.22611334999744936
4992,0.4996,9,66,9,403441,273003,46480,79776,2.1622972373590166,0.22613590945039244
4993,0.4997,25,154,25,403595,272849,46505,79751,2.161077493346851,0.2261798071469087
4994,0.4998,25,130,25,403725,272719,46530,79726,2.160047839310607,0.22620834456440012
4995,0.4999,26,162,26,403887,272557,46556,79700,2.158764731973134,0.22625526249300937
4996,0.5,34,189,34,404076,272368,46590,79666,2.1572677734127486,0.22630200491997932
4997,0.5001,20,106,20,404182,272262,46610,79646,2.156428209352427,0.22632619889289246
4998,0.5002,43,222,43,404404,272040,46653,79603,2.154669877075149,0.2263744763865625
4999,0.5003,30,109,30,404513,271931,46683,79573,2.1538065517678366,0.2263786471846693
5000,0.5004,27,106,27,404619,271825,46710,79546,2.152966987707515,0.22638749356093701
5001,0.5005,21,129,21,404748,271696,46731,79525,2.1519452540869346,0.22642438806335613
5002,0.5006,31,125,31,404873,271571,46762,79494,2.150955202129008,0.22643669975645536
5003,0.5007,19,73,19,404946,271498,46781,79475,2.1503770117855785,0.22644192003373478
5004,0.5008,34,217,34,405163,271281,46815,79441,2.1486582815866178,0.22650703406116526
5005,0.5009,7,49,7,405212,271232,46822,79434,2.1482701812191105,0.2265232443407687
5006,0.501,23,136,23,405348,271096,46845,79411,2.147193004688886,0.22656038253158994
5007,0.5011,19,105,19,405453,270991,46864,79392,2.1463613610442276,0.22658633552426916
5008,0.5012,13,61,13,405514,270930,46877,79379,2.1458782156887595,0.22659708999768777
5009,0.5013,16,59,16,405573,270871,46893,79363,2.145410911164618,0.22659993033229212
5010,0.5014,29,190,29,405763,270681,46922,79334,2.1439060321885695,0.22665885747753667
5011,0.5015,20,157,20,405920,270524,46942,79314,2.142662526929413,0.22671636586076985
5012,0.5016,13,95,13,406015,270429,46955,79301,2.141910087441389,0.22674920653075228
5013,0.5017,25,165,25,406180,270264,46980,79276,2.1406032188569255,0.2268009383761515
5014,0.5018,19,92,19,406272,270172,46999,79257,2.1398745406158914,0.22681860978911308
5015,0.5019,20,109,20,406381,270063,47019,79237,2.1390112153085794,0.22684511880904668
5016,0.502,34,222,34,406603,269841,47053,79203,2.1372528830313016,0.22691408533021626
5017,0.5021,24,139,24,406742,269702,47077,79179,2.136151945254087,0.2269513100455456
5018,0.5022,30,171,30,406913,269531,47107,79149,2.134797554175643,0.22699609957554204
5019,0.5023,17,87,17,407000,269444,47124,79132,2.134108478012926,0.22701505554025522
5020,0.5024,21,113,21,407113,269331,47145,79111,2.13321347104296,0.22704209021874516
5021,0.5025,29,174,29,407287,269157,47174,79082,2.1318353187175263,0.2270911644014599
5022,0.5026,19,121,19,407408,269036,47193,79063,2.1308769484222534,0.22712791475988153
5023,0.5027,10,89,10,407497,268947,47203,79053,2.1301720314282093,0.22716379310344828
5024,0.5028,11,72,11,407569,268875,47214,79042,2.1296017615004437,0.22718636916276008
5025,0.5029,22,157,22,407726,268718,47236,79020,2.1283582562412877,0.22724004854229335
5026,0.503,25,163,25,407889,268555,47261,78995,2.127067228488151,0.22729103726082578
5027,0.5031,18,107,18,407996,268448,47279,78977,2.126219744012166,0.22732100453335252
5028,0.5032,32,159,32,408155,268289,47311,78945,2.124960397921683,0.22735388815611374
5029,0.5033,30,135,30,408290,268154,47341,78915,2.123891141807122,0.22737553627664817
5030,0.5034,11,156,11,408446,267998,47352,78904,2.1226555569636294,0.22745328651895924
5031,0.5035,31,130,31,408576,267868,47383,78873,2.1216259029273856,0.22746949452184773
5032,0.5036,22,77,22,408653,267791,47405,78851,2.121016030921303,0.2274709931283572
5033,0.5037,25,118,25,408771,267673,47430,78826,2.12008142187302,0.22749272003671006
5034,0.5038,15,80,15,408851,267593,47445,78811,2.1194477886199468,0.2275118070230136
5035,0.5039,14,134,14,408985,267459,47459,78797,2.118386452921049,0.22756861974954948
5036,0.504,46,212,46,409197,267247,47505,78751,2.1167073248004056,0.22760536188070452
5037,0.5041,22,129,22,409326,267118,47527,78729,2.115685591179825,0.227641124543512
5038,0.5042,18,156,18,409482,266962,47545,78711,2.1144500063363325,0.2277036389882924
5039,0.5043,24,73,24,409555,266889,47569,78687,2.1138718159929035,0.22769810403500243
5040,0.5044,18,114,18,409669,266775,47587,78669,2.112968888607274,0.22773300448118944
5041,0.5045,17,105,17,409774,266670,47604,78652,2.1121372449626157,0.22776423164466789
5042,0.5046,18,125,18,409899,266545,47622,78634,2.111147193004689,0.22780644245449463
5043,0.5047,33,142,33,410041,266403,47655,78601,2.110022493980484,0.2278263440423879
5044,0.5048,9,58,9,410099,266345,47664,78592,2.1095631098720062,0.227844504938583
5045,0.5049,25,162,25,410261,266183,47689,78567,2.108280002534533,0.22789557650471357
5046,0.505,30,124,30,410385,266059,47719,78537,2.10729787099227,0.22791036460086594
5047,0.5051,12,94,12,410479,265965,47731,78525,2.1065533519199087,0.22794565879996517
5048,0.5052,21,124,21,410603,265841,47752,78504,2.1055712203776453,0.2279806589321756
5049,0.5053,17,105,17,410708,265736,47769,78487,2.104739576732987,0.2280120735685878
5050,0.5054,15,89,15,410797,265647,47784,78472,2.104034659738943,0.2280373940410149
5051,0.5055,34,174,34,410971,265473,47818,78438,2.102656507413509,0.22807645001177632
5052,0.5056,17,96,17,411067,265377,47835,78421,2.1018961475098212,0.22810196685262857
5053,0.5057,18,97,18,411164,265280,47853,78403,2.10112786719047,0.22812591836081506
5054,0.5058,15,85,15,411249,265195,47868,78388,2.1004546318590798,0.22814865694752068
5055,0.5059,24,126,24,411375,265069,47892,78364,2.0994566594854898,0.2281784219920625
5056,0.506,17,82,17,411457,264987,47909,78347,2.09880718540109,0.22819470253455817
5057,0.5061,12,54,12,411511,264933,47921,78335,2.0983794829552656,0.22820361932950348
5058,0.5062,23,101,23,411612,264832,47944,78312,2.0975795209732606,0.22821905672254214
5059,0.5063,12,94,12,411706,264738,47956,78300,2.0968350019009,0.22825459570076784
5060,0.5064,13,110,13,411816,264628,47969,78287,2.095963756177924,0.228298557951679
5061,0.5065,15,81,15,411897,264547,47984,78272,2.0953222025091875,0.22831873379246775
5062,0.5066,14,109,14,412006,264438,47998,78258,2.0944588772018755,0.22835982911968625
5063,0.5067,26,150,26,412156,264288,48024,78232,2.0932708148523633,0.22840126124021956
5064,0.5068,46,197,46,412353,264091,48070,78186,2.091710492966671,0.22842902093918083
5065,0.5069,21,126,21,412479,263965,48091,78165,2.0907125205930805,0.2284657878584164
5066,0.507,24,137,24,412616,263828,48115,78141,2.089627423647193,0.22850316841585055
5067,0.5071,39,162,39,412778,263666,48154,78102,2.08834431630972,0.22852344280330517
5068,0.5072,17,98,17,412876,263568,48171,78085,2.0875681155747055,0.2285506054388517
5069,0.5073,22,123,22,412999,263445,48193,78063,2.0865939044481054,0.22858322499033698
5070,0.5074,17,168,17,413167,263277,48210,78046,2.085263274616652,0.22865731286787003
5071,0.5075,33,150,33,413317,263127,48243,78013,2.0840752122671398,0.2286832385530867
5072,0.5076,22,102,22,413419,263025,48265,77991,2.0832673298694715,0.22870187909071715
5073,0.5077,19,94,19,413513,262931,48284,77972,2.0825228107971108,0.22872195316556324
5074,0.5078,20,85,20,413598,262846,48304,77952,2.0818495754657205,0.22873373670033276
5075,0.5079,31,121,31,413719,262725,48335,77921,2.0808912051704476,0.22874479665106884
5076,0.508,45,151,45,413870,262574,48380,77876,2.079695222405272,0.2287443090027904
5077,0.5081,33,168,33,414038,262406,48413,77843,2.078364592573818,0.22878245049948714
5078,0.5082,33,208,33,414246,262198,48446,77810,2.0767171461158282,0.2288475565280817
5079,0.5083,26,156,26,414402,262042,48472,77784,2.0754815612723356,0.22889361025936802
5080,0.5084,16,101,16,414503,261941,48488,77768,2.0746815992903307,0.22892534492757036
5081,0.5085,31,166,31,414669,261775,48519,77737,2.073366810290204,0.22896687009590236
5082,0.5086,22,84,22,414753,261691,48541,77715,2.0727014953744773,0.2289735596895753
5083,0.5087,34,140,34,414893,261551,48575,77681,2.0715926371815994,0.22899077917177624
5084,0.5088,15,73,15,414966,261478,48590,77666,2.07101444683817,0.22900596796640954
5085,0.5089,25,135,25,415101,261343,48615,77641,2.069945190723609,0.22904030868713568
5086,0.509,18,77,18,415178,261266,48633,77623,2.0693353187175263,0.22905140031101628
5087,0.5091,24,122,24,415300,261144,48657,77599,2.0683690280065896,0.22907927248681154
5088,0.5092,25,138,25,415438,261006,48682,77574,2.0672760106450387,0.2291157185894028
5089,0.5093,42,210,42,415648,260796,48724,77532,2.0656127233557218,0.22916223309924097
5090,0.5094,17,84,17,415732,260712,48741,77515,2.064947408439995,0.22918040251073982
5091,0.5095,20,116,20,415848,260596,48761,77495,2.064028640223039,0.2292134366191351
5092,0.5096,36,178,36,416026,260418,48797,77459,2.0626188062349513,0.22925206510061355
5093,0.5097,23,117,23,416143,260301,48820,77436,2.0616921176023317,0.22927899519448566
5094,0.5098,19,127,19,416270,260174,48839,77417,2.0606862248130784,0.22932187173236254
5095,0.5099,19,87,19,416357,260087,48858,77398,2.059997148650361,0.22933760018963806
5096,0.51,36,174,36,416531,259913,48894,77362,2.058618996324927,0.22937365651174857
5097,0.5101,12,50,12,416581,259863,48906,77350,2.0582229755417565,0.2293802433476764
5098,0.5102,42,209,42,416790,259654,48948,77308,2.056567608668103,0.2294264635181415
5099,0.5103,6,51,6,416841,259603,48954,77302,2.056163667469269,0.22944747035514462
5100,0.5104,36,151,36,416992,259452,48990,77266,2.0549676847040934,0.22946798210965852
5101,0.5105,11,60,11,417052,259392,49001,77255,2.0544924597642886,0.22948370251331512
5102,0.5106,19,146,19,417198,259246,49020,77236,2.0533360790774298,0.22953976735754067
5103,0.5107,23,168,23,417366,259078,49043,77213,2.0520054492459763,0.22960174372790232
5104,0.5108,16,103,16,417469,258975,49059,77197,2.0511896464326447,0.22963542472305842
5105,0.5109,30,127,30,417596,258848,49089,77167,2.0501837536433913,0.22965343809056143
5106,0.511,28,129,28,417725,258719,49117,77139,2.049162020022811,0.22967742319670814
5107,0.5111,61,368,61,418093,258351,49178,77078,2.0462473070586746,0.22978931457924032
5108,0.5112,21,113,21,418206,258238,49199,77057,2.045352300088709,0.2298185180214438
5109,0.5113,28,118,28,418324,258120,49227,77029,2.044417691040426,0.2298350882741706
5110,0.5114,16,88,16,418412,258032,49243,77013,2.043720694462045,0.22985867570027907
5111,0.5115,26,85,26,418497,257947,49269,76987,2.0430474591306553,0.22985722560265603
5112,0.5116,19,75,19,418572,257872,49288,76968,2.0424534279558992,0.22986501015410346
5113,0.5117,17,77,17,418649,257795,49305,76951,2.041843555949816,0.22987877375681862
5114,0.5118,15,85,15,418734,257710,49320,76936,2.041170320618426,0.2299026433903289
5115,0.5119,10,44,10,418778,257666,49330,76926,2.040821822329236,0.22990986036725325
5116,0.512,16,87,16,418865,257579,49346,76910,2.0401327461665186,0.22993282290299533
5117,0.5121,13,76,13,418941,257503,49359,76897,2.039530794576099,0.22995514354066984
5118,0.5122,19,117,19,419058,257386,49378,76878,2.03860410594348,0.22999186271928776
5119,0.5123,33,178,33,419236,257208,49411,76845,2.0371942719553924,0.23003834720837713
5120,0.5124,39,155,39,419391,257053,49450,76806,2.035966607527563,0.2300552029449558
5121,0.5125,38,154,38,419545,256899,49488,76768,2.034746863515397,0.2300736962300737
5122,0.5126,19,107,19,419652,256792,49507,76749,2.033899379039412,0.2301036454288978
5123,0.5127,48,204,48,419856,256588,49555,76701,2.0322836142440757,0.23013360776983338
5124,0.5128,17,77,17,419933,256511,49572,76684,2.0316737422379925,0.23014751121715513
5125,0.5129,32,152,32,420085,256359,49604,76652,2.0304698390571536,0.2301785826894607
5126,0.513,15,133,15,420218,256226,49619,76637,2.02941642377392,0.2302358628024142
5127,0.5131,11,73,11,420291,256153,49630,76626,2.0288382334304904,0.2302609239164731
5128,0.5132,22,94,22,420385,256059,49652,76604,2.0280937143581297,0.23027508319229972
5129,0.5133,26,90,26,420475,255969,49678,76578,2.0273808769484223,0.23027722397134842
5130,0.5134,26,203,26,420678,255766,49704,76552,2.025773032568749,0.23035766946117875
5131,0.5135,17,125,17,420803,255641,49721,76535,2.0247829806108224,0.23040496604209817
5132,0.5136,27,152,27,420955,255489,49748,76508,2.0235790774299836,0.23044786549276047
5133,0.5137,16,90,16,421045,255399,49764,76492,2.022866240020276,0.23047325778644193
5134,0.5138,15,57,15,421102,255342,49779,76477,2.022414776327462,0.23047806183491604
5135,0.5139,47,224,47,421326,255118,49826,76430,2.020640603218857,0.23052469024093042
5136,0.514,29,145,29,421471,254973,49855,76401,2.0194921429476618,0.23055822122435676
5137,0.5141,18,83,18,421554,254890,49873,76383,2.0188347484475986,0.23057417900040147
5138,0.5142,20,52,20,421606,254838,49893,76363,2.018422886833101,0.2305639173794765
5139,0.5143,23,109,23,421715,254729,49916,76340,2.017559561525789,0.2305863732333743
5140,0.5144,19,80,19,421795,254649,49935,76321,2.0169259282727157,0.23059793939027706
5141,0.5145,30,175,30,421970,254474,49965,76291,2.0155398555316184,0.23065015947878403
5142,0.5146,18,90,18,422060,254384,49983,76273,2.014827018121911,0.2306710579240724
5143,0.5147,26,123,26,422183,254261,50009,76247,2.013852806995311,0.23069638253839544
5144,0.5148,34,163,34,422346,254098,50043,76213,2.0125617792421746,0.23073103832448813
5145,0.5149,24,128,24,422474,253970,50067,76189,2.0115479660372575,0.2307645710097256
5146,0.515,38,208,38,422682,253762,50105,76151,2.0099005195792676,0.2308214589907036
5147,0.5151,31,144,31,422826,253618,50136,76120,2.008759979723736,0.23084994753410285
5148,0.5152,29,128,29,422954,253490,50165,76091,2.0077461665188188,0.23087192526268202
5149,0.5153,21,119,21,423073,253371,50186,76070,2.0068036370548725,0.2309062927808014
5150,0.5154,43,141,43,423214,253230,50229,76027,2.005686858446331,0.23090473399198802
5151,0.5155,12,64,12,423278,253166,50241,76015,2.0051799518438727,0.23092159024974102
5152,0.5156,15,65,15,423343,253101,50256,76000,2.0046651248257508,0.23093214545078866
5153,0.5157,34,142,34,423485,252959,50290,75966,2.003540425801546,0.23095234475944365
5154,0.5158,43,204,43,423689,252755,50333,75923,2.0019246610062096,0.23099507724885754
5155,0.5159,29,96,29,423785,252659,50362,75894,2.0011643011025217,0.2309946949198455
5156,0.516,17,106,17,423891,252553,50379,75877,2.0003247370422,0.23102944310812046
5157,0.5161,27,116,27,424007,252437,50406,75850,1.999405968825244,0.23104783314599725
5158,0.5162,23,112,23,424119,252325,50429,75827,1.9985188822709417,0.23107279553377702
5159,0.5163,30,115,30,424234,252210,50459,75797,1.997608034469649,0.23108348297444872
5160,0.5164,8,40,8,424274,252170,50467,75789,1.9972912178431124,0.2310929110041194
5161,0.5165,21,96,21,424370,252074,50488,75768,1.9965308579394248,0.23111132801776466
5162,0.5166,7,94,7,424464,251980,50495,75761,1.9957863388670638,0.23116119130655
5163,0.5167,10,58,10,424522,251922,50505,75751,1.9953269547585857,0.2311786445633299
5164,0.5168,18,91,18,424613,251831,50523,75733,1.994606196933215,0.23120062033678915
5165,0.5169,26,93,26,424706,251738,50549,75707,1.9938695982765176,0.231205240574753
5166,0.517,28,142,28,424848,251596,50577,75679,1.9927448992523127,0.2312397830570621
5167,0.5171,16,115,16,424963,251481,50593,75663,1.9918340514510202,0.23128347149878953
5168,0.5172,40,181,40,425144,251300,50633,75623,1.9904004562159423,0.23131746619234497
5169,0.5173,33,140,33,425284,251160,50666,75590,1.9892915980230643,0.2313389441469013
5170,0.5174,18,98,18,425382,251062,50684,75572,1.9885153972880496,0.23136599374223138
5171,0.5175,23,102,23,425484,250960,50707,75549,1.9877075148903816,0.2313841272369215
5172,0.5176,15,102,15,425586,250858,50722,75534,1.9868996324927133,0.23142111326257997
5173,0.5177,40,168,40,425754,250690,50762,75494,1.9855690026612596,0.2314460549873691
5174,0.5178,10,97,10,425851,250593,50772,75484,1.9848007223419084,0.231491334868758
5175,0.5179,15,68,15,425919,250525,50787,75469,1.9842621340767963,0.23150426081461623
5176,0.518,51,198,51,426117,250327,50838,75418,1.9826938917754404,0.2315246588589234
5177,0.5181,19,157,19,426274,250170,50857,75399,1.9814503865162845,0.23159145987486524
5178,0.5182,28,71,28,426345,250099,50885,75371,1.980888037004182,0.2315758748886226
5179,0.5183,26,119,26,426464,249980,50911,75345,1.9799455075402357,0.23159917006070851
5180,0.5184,26,184,26,426648,249796,50937,75319,1.9784881510581676,0.23166879411900404
5181,0.5185,45,138,45,426786,249658,50982,75274,1.9773951336966165,0.2316607782551426
5182,0.5186,29,131,29,426917,249527,51011,75245,1.9763575592447091,0.23168561329178625
5183,0.5187,7,37,7,426954,249490,51018,75238,1.9760645038651627,0.23169544973023576
5184,0.5188,26,111,26,427065,249379,51044,75212,1.9751853377265238,0.23171314053686023
5185,0.5189,20,100,20,427165,249279,51064,75192,1.9743932961601824,0.23173719685272334
5186,0.519,42,156,42,427321,249123,51106,75150,1.9731577113166898,0.23174917430683406
5187,0.5191,19,95,19,427416,249028,51125,75131,1.9724052718286655,0.23177206247551355
5188,0.5192,31,150,31,427566,248878,51156,75100,1.9712172094791536,0.2318058633610924
5189,0.5193,42,161,42,427727,248717,51198,75058,1.9699420225573439,0.23182148096672073
5190,0.5194,12,48,12,427775,248669,51210,75046,1.9695618426055,0.2318273790216703
5191,0.5195,23,111,23,427886,248558,51233,75023,1.968682676466861,0.23185230282371339
5192,0.5196,17,83,17,427969,248475,51250,75006,1.9680252819667976,0.23187142366939634
5193,0.5197,45,195,45,428164,248280,51295,74961,1.966480800912432,0.23190436856710628
5194,0.5198,36,160,36,428324,248120,51331,74925,1.9652135344062855,0.2319336315374019
5195,0.5199,20,90,20,428414,248030,51351,74905,1.9645006969965784,0.23195070215368419
5196,0.52,25,114,25,428528,247916,51376,74880,1.9635977696109492,0.23197313473525075
5197,0.5201,22,125,22,428653,247791,51398,74858,1.9626077176530223,0.23201063694603113
5198,0.5202,22,142,22,428795,247649,51420,74836,1.9614830186288177,0.23206040591035243
5199,0.5203,35,204,35,428999,247445,51455,74801,1.9598672538334811,0.23212390533939908
5200,0.5204,27,121,27,429120,247324,51482,74774,1.958908883538208,0.23214673794931978
5201,0.5205,29,140,29,429260,247184,51511,74745,1.95780002534533,0.2321785238360011
5202,0.5206,16,111,16,429371,247073,51527,74729,1.9569208592066911,0.2322204336828236
5203,0.5207,11,94,11,429465,246979,51538,74718,1.9561763401343302,0.23226203539355356
5204,0.5208,24,146,24,429611,246833,51562,74694,1.9550199594474718,0.2323101947892401
5205,0.5209,10,80,10,429691,246753,51572,74684,1.9543863261943988,0.2323441296428227
5206,0.521,26,168,26,429859,246585,51598,74658,1.953055696362945,0.23240350762506887
5207,0.5211,18,159,18,430018,246426,51616,74640,1.9517963502724622,0.23247556577152362
5208,0.5212,16,87,16,430105,246339,51632,74624,1.9511072741097453,0.2325003193514517
5209,0.5213,42,167,42,430272,246172,51674,74582,1.9497845646939551,0.23252087269371544
5210,0.5214,27,173,27,430445,245999,51701,74555,1.9484143327841845,0.23258171790088408
5211,0.5215,6,132,6,430577,245867,51707,74549,1.9473688379166139,0.2326631628882453
5212,0.5216,19,135,19,430712,245732,51726,74530,1.946299581802053,0.232715714009155
5213,0.5217,26,156,26,430868,245576,51752,74504,1.9450639969585604,0.2327668082979255
5214,0.5218,21,120,21,430988,245456,51773,74483,1.9441135470789508,0.2328037532154567
5215,0.5219,29,148,29,431136,245308,51802,74454,1.9429413255607655,0.2328419261825983
5216,0.522,33,143,33,431279,245165,51835,74421,1.9418087061208973,0.23286689654740822
5217,0.5221,10,60,10,431339,245105,51845,74411,1.9413334811810923,0.23288661600671015
5218,0.5222,35,179,35,431518,244926,51880,74376,1.9399157267773413,0.2329330852922938
5219,0.5223,12,58,12,431576,244868,51892,74364,1.9394563426688634,0.23294657177225342
5220,0.5224,10,70,10,431646,244798,51902,74354,1.9389019135724244,0.2329736301198175
5221,0.5225,24,145,24,431791,244653,51926,74330,1.9377534533012293,0.23302182247956787
5222,0.5226,13,70,13,431861,244583,51939,74317,1.9371990242047903,0.23304170586390718
5223,0.5227,22,102,22,431963,244481,51961,74295,1.936391141807122,0.2330633422842372
5224,0.5228,43,165,43,432128,244316,52004,74252,1.9350842732226587,0.23308053539589663
5225,0.5229,7,48,7,432176,244268,52011,74245,1.9347040932708148,0.23309880601419722
5226,0.523,29,169,29,432345,244099,52040,74216,1.9333655430236978,0.23315269465780752
5227,0.5231,9,96,9,432441,244003,52049,74207,1.9326051831200102,0.23320134502372647
5228,0.5232,40,197,40,432638,243806,52089,74167,1.9310448612343176,0.23324936393970558
5229,0.5233,27,135,27,432773,243671,52116,74140,1.9299756051197567,0.23328330359867971
5230,0.5234,37,159,37,432932,243512,52153,74103,1.928716259029274,0.2333107693276451
5231,0.5235,29,136,29,433068,243376,52182,74074,1.9276390824990495,0.2333406835722161
5232,0.5236,33,120,33,433188,243256,52215,74041,1.92668863261944,0.2333491964941364
5233,0.5237,15,96,15,433284,243160,52230,74026,1.925928272715752,0.23338356674002006
5234,0.5238,53,179,53,433463,242981,52283,73973,1.924510518312001,0.23338717921212543
5235,0.5239,19,65,19,433528,242916,52302,73954,1.9239956912938792,0.23338908700729005
5236,0.524,30,114,30,433642,242802,52332,73924,1.92309276390825,0.23340047864715874
5237,0.5241,6,72,6,433714,242730,52338,73918,1.9225224939804841,0.233439023774033
5238,0.5242,21,112,21,433826,242618,52359,73897,1.9216354074261817,0.23347076757815585
5239,0.5243,15,89,15,433915,242529,52374,73882,1.9209304904321378,0.233500099554061
5240,0.5244,32,216,32,434131,242313,52406,73850,1.9192196806488404,0.23358204470478836
5241,0.5245,18,119,18,434250,242194,52424,73832,1.9182771511848942,0.23362634719928108
5242,0.5246,11,52,11,434302,242142,52435,73821,1.9178652895703967,0.2336381158553375
5243,0.5247,23,142,23,434444,242000,52458,73798,1.9167405905461918,0.23368735710802474
5244,0.5248,21,97,21,434541,241903,52479,73777,1.9159723102268407,0.23370818550430816
5245,0.5249,20,103,20,434644,241800,52499,73757,1.915156507413509,0.23373590191312504
5246,0.525,22,132,22,434776,241668,52521,73735,1.9141110125459384,0.2337802747595933
5247,0.5251,28,106,28,434882,241562,52549,73707,1.9132714484856166,0.23379082624679243
5248,0.5252,20,114,20,434996,241448,52569,73687,1.9123685210999872,0.23382677265298998
5249,0.5253,20,105,20,435101,241343,52589,73667,1.911536877455329,0.23385606806133138
5250,0.5254,27,85,27,435186,241258,52616,73640,1.9108636421239387,0.23385350176882674
5251,0.5255,44,233,44,435419,241025,52660,73596,1.9090181852743633,0.23391954128936085
5252,0.5256,28,166,28,435585,240859,52688,73568,1.9077033962742365,0.23397481768423195
5253,0.5257,42,188,42,435773,240671,52730,73526,1.9062143581295146,0.23401241896007918
5254,0.5258,30,145,30,435918,240526,52760,73496,1.9050658978583197,0.2340472960493214
5255,0.5259,30,131,30,436049,240395,52790,73466,1.9040283234064124,0.23407177062457585
5256,0.526,28,111,28,436160,240284,52818,73438,1.9031491572677735,0.23408622920929995
5257,0.5261,22,123,22,436283,240161,52840,73416,1.9021749461411734,0.23412431396435326
5258,0.5262,29,145,29,436428,240016,52869,73387,1.9010264858699784,0.2341617661605026
5259,0.5263,16,97,16,436525,239919,52885,73371,1.9002582055506272,0.23419515464904722
5260,0.5264,53,229,53,436754,239690,52938,73318,1.8984444303637056,0.23423682461790113
5261,0.5265,55,154,55,436908,239536,52993,73263,1.8972246863515396,0.2342175006953347
5262,0.5266,35,143,35,437051,239393,53028,73228,1.8960920669116714,0.23423890269687578
5263,0.5267,17,89,17,437140,239304,53045,73211,1.8953871499176276,0.23426395533014416
5264,0.5268,33,133,33,437273,239171,53078,73178,1.8943337346343936,0.23428280545159422
5265,0.5269,14,103,14,437376,239068,53092,73164,1.893517931821062,0.23432575776986345
5266,0.527,23,135,23,437511,238933,53115,73141,1.892448675706501,0.23437069413023834
5267,0.5271,10,85,10,437596,238848,53125,73131,1.8917754403751108,0.23441000836594772
5268,0.5272,36,178,36,437774,238670,53161,73095,1.8903656063870231,0.2344554391929819
5269,0.5273,12,53,12,437827,238617,53173,73083,1.8899458243568623,0.2344658325312801
5270,0.5274,39,199,39,438026,238418,53212,73044,1.8883696616398429,0.23451978090425157
5271,0.5275,24,135,24,438161,238283,53236,73020,1.887300405525282,0.2345624680777249
5272,0.5276,30,137,30,438298,238146,53266,72990,1.8862153085793942,0.23459194692995988
5273,0.5277,20,81,20,438379,238065,53286,72970,1.8855737549106577,0.23460382272091565
5274,0.5278,13,94,13,438473,237971,53299,72957,1.8848292358382968,0.23464274687387435
5275,0.5279,23,121,23,438594,237850,53322,72934,1.8838708655430236,0.23467746087314661
5276,0.528,38,194,38,438788,237656,53360,72896,1.8823343049043213,0.23473041551817408
5277,0.5281,39,180,39,438968,237476,53399,72857,1.880908630084907,0.23477039180493212
5278,0.5282,31,196,31,439164,237280,53430,72826,1.8793562286148777,0.23484227973660618
5279,0.5283,24,97,24,439261,237183,53454,72802,1.8785879482955266,0.23485652531574108
5280,0.5284,20,102,20,439363,237081,53474,72782,1.8777800658978583,0.2348844489338837
5281,0.5285,23,119,23,439482,236962,53497,72759,1.876837536433912,0.2349178777028358
5282,0.5286,19,92,19,439574,236870,53516,72740,1.876108858192878,0.2349407318885049
5283,0.5287,11,102,11,439676,236768,53527,72729,1.8753009757952097,0.23499096921779533
5284,0.5288,10,64,10,439740,236704,53537,72719,1.8747940691927512,0.2350148502212182
5285,0.5289,58,260,58,440000,236444,53595,72661,1.8727347611202636,0.23506898950194918
5286,0.529,20,85,20,440085,236359,53615,72641,1.8720615257888733,0.235084142394822
5287,0.5291,11,66,11,440151,236293,53626,72630,1.871538778355088,0.23510713025575952
5288,0.5292,23,87,23,440238,236206,53649,72607,1.8708497021923711,0.23511639730192704
5289,0.5293,27,105,27,440343,236101,53676,72580,1.8700180585477126,0.23512947022978414
5290,0.5294,13,87,13,440430,236014,53689,72567,1.8693289823849957,0.2351635389087468
5291,0.5295,18,97,18,440527,235917,53707,72549,1.8685607020656445,0.2351928575596662
5292,0.5296,35,140,35,440667,235777,53742,72514,1.8674518438727665,0.23521283462702447
5293,0.5297,18,63,18,440730,235714,53760,72496,1.8669528576859713,0.23521624866162683
5294,0.5298,29,111,29,440841,235603,53789,72467,1.8660736915473324,0.23522900639465055
5295,0.5299,27,132,27,440973,235471,53816,72440,1.8650281966797617,0.23526278697415812
5296,0.53,58,318,58,441291,235153,53874,72382,1.862509504498796,0.23536182873494074
5297,0.5301,14,78,14,441369,235075,53888,72368,1.8618917120770497,0.23538672209157468
5298,0.5302,14,94,14,441463,234981,53902,72354,1.8611471930046888,0.2354238859876031
5299,0.5303,15,144,15,441607,234837,53917,72339,1.8600066531491573,0.2354969138213923
5300,0.5304,18,96,18,441703,234741,53935,72321,1.8592462932454694,0.23552572444652872
5301,0.5305,24,105,24,441808,234636,53959,72297,1.8584146496008112,0.23554651992454378
5302,0.5306,21,176,21,441984,234460,53980,72276,1.8570206564440501,0.23562933597621408
5303,0.5307,17,104,17,442088,234356,53997,72259,1.8561969332150552,0.23566687865890448
5304,0.5308,34,150,34,442238,234206,54031,72225,1.855008870865543,0.23569743270099958
5305,0.5309,16,76,16,442314,234130,54047,72209,1.8544069192751236,0.23571598784353281
5306,0.531,52,185,52,442499,233945,54099,72157,1.852941642377392,0.23572861333803766
5307,0.5311,25,121,25,442620,233824,54124,72132,1.8519832720821188,0.23575939023911935
5308,0.5312,13,97,13,442717,233727,54137,72119,1.8512149917627676,0.2358016779686509
5309,0.5313,43,252,43,442969,233475,54180,72076,1.8492190470155874,0.23588860779378892
5310,0.5314,13,80,13,443049,233395,54193,72063,1.8485854137625142,0.23591786759554506
5311,0.5315,25,120,25,443169,233275,54218,72038,1.8476349638829046,0.23594802710660862
5312,0.5316,22,163,22,443332,233112,54240,72016,1.846343936129768,0.2360189821976351
5313,0.5317,20,144,20,443476,232968,54260,71996,1.8452033962742365,0.23608032423499167
5314,0.5318,28,104,28,443580,232864,54288,71968,1.8443796730452413,0.23609069913919797
5315,0.5319,22,137,22,443717,232727,54310,71946,1.8432945760993538,0.23614169946138974
5316,0.532,20,132,20,443849,232595,54330,71926,1.842249081231783,0.23619389139008476
5317,0.5321,37,161,37,444010,232434,54367,71889,1.8409738943099734,0.23622598357666033
5318,0.5322,12,64,12,444074,232370,54379,71877,1.8404669877075148,0.2362455504902267
5319,0.5323,7,66,7,444140,232304,54386,71870,1.8399442402737296,0.23627923491159666
5320,0.5324,25,104,25,444244,232200,54411,71845,1.8391205170447344,0.2362972586294792
5321,0.5325,19,134,19,444378,232066,54430,71826,1.8380591813458371,0.23635370460558355
5322,0.5326,41,220,41,444598,231846,54471,71785,1.836316689899886,0.2364218409846162
5323,0.5327,9,53,9,444651,231793,54480,71776,1.835896907869725,0.23644047975913218
5324,0.5328,18,87,18,444738,231706,54498,71758,1.835207831707008,0.23646297419133736
5325,0.5329,20,102,20,444840,231604,54518,71738,1.8343999493093397,0.23649214418049594
5326,0.533,38,171,38,445011,231433,54556,71700,1.833045558230896,0.2365298400372114
5327,0.5331,43,168,43,445179,231265,54599,71657,1.8317149283994425,0.2365526439149352
5328,0.5332,27,125,27,445304,231140,54626,71630,1.8307248764415156,0.23658222413052812
5329,0.5333,18,77,18,445381,231063,54644,71612,1.8301150044354328,0.23659700999421823
5330,0.5334,27,93,27,445474,230970,54671,71585,1.8293784057787352,0.23660160962469634
5331,0.5335,21,82,21,445556,230888,54692,71564,1.8287289316943354,0.23661275177548835
5332,0.5336,31,119,31,445675,230769,54723,71533,1.8277864022303891,0.23662761079979622
5333,0.5337,27,158,27,445833,230611,54750,71506,1.8265349765555696,0.23668313931357718
5334,0.5338,47,166,47,445999,230445,54797,71459,1.825220187555443,0.23669444591658276
5335,0.5339,30,212,30,446211,230233,54827,71429,1.8235410594347992,0.23678487844010845
5336,0.534,29,132,29,446343,230101,54856,71400,1.8224955645672285,0.23681513494150933
5337,0.5341,26,95,26,446438,230006,54882,71374,1.8217431250792042,0.236823943194638
5338,0.5342,6,48,6,446486,229958,54888,71368,1.8213629451273603,0.23684647192741418
5339,0.5343,24,117,24,446603,229841,54912,71344,1.820436256494741,0.23687766655045903
5340,0.5344,25,101,25,446704,229740,54937,71319,1.819636294512736,0.2368937650095164
5341,0.5345,14,61,14,446765,229679,54951,71305,1.8191531491572677,0.23690628073253064
5342,0.5346,35,166,35,446931,229513,54986,71270,1.817838360157141,0.2369482317817164
5343,0.5347,31,143,31,447074,229370,55017,71239,1.8167057407172729,0.2369822593468592
5344,0.5348,9,51,9,447125,229319,55026,71230,1.8163017995184387,0.23699962402137423
5345,0.5349,28,99,28,447224,229220,55054,71202,1.8155176783677607,0.23700661070094733
5346,0.535,15,83,15,447307,229137,55069,71187,1.8148602838676973,0.23703400327646143
5347,0.5351,32,195,32,447502,228942,55101,71155,1.8133158028133316,0.23710666884374051
5348,0.5352,22,97,22,447599,228845,55123,71133,1.8125475224939804,0.23712738934188507
5349,0.5353,21,94,21,447693,228751,55144,71112,1.8118030034216195,0.23714829772262666
5350,0.5354,14,92,14,447785,228659,55158,71098,1.8110743251805854,0.2371854535507094
5351,0.5355,18,49,18,447834,228610,55176,71080,1.8106862248130782,0.23717841769828824
5352,0.5356,12,75,12,447909,228535,55188,71068,1.810092193638322,0.23720723757772785
5353,0.5357,21,63,21,447972,228472,55209,71047,1.809593207451527,0.23720364985192927
5354,0.5358,33,147,33,448119,228325,55242,71014,1.808428906349005,0.23723604341565918
5355,0.5359,15,74,15,448193,228251,55257,70999,1.8078427955899126,0.23725647451963242
5356,0.536,30,130,30,448323,228121,55287,70969,1.8068131415536688,0.23728309204587247
5357,0.5361,58,280,58,448603,227841,55345,70911,1.8045954251679128,0.23735740681233933
5358,0.5362,25,143,25,448746,227698,55370,70886,1.8034628057280446,0.23740722878653914
5359,0.5363,25,169,25,448915,227529,55395,70861,1.8021242554809276,0.2374777975133215
5360,0.5364,28,106,28,449021,227423,55423,70833,1.8012846914206058,0.23749061209162597
5361,0.5365,32,143,32,449164,227280,55455,70801,1.8001520719807376,0.2375226867864775
5362,0.5366,19,118,19,449282,227162,55474,70782,1.7992174629324547,0.23756813360900034
5363,0.5367,27,111,27,449393,227051,55501,70755,1.7983382967938157,0.23758755700019477
5364,0.5368,26,108,26,449501,226943,55527,70729,1.797482891902167,0.23760716493321507
5365,0.5369,20,77,20,449578,226866,55547,70709,1.796873019896084,0.2376174073762917
5366,0.537,27,124,27,449702,226742,55574,70682,1.7958908883538207,0.2376472645112701
5367,0.5371,12,89,12,449791,226653,55586,70670,1.7951859713597769,0.2376876326419416
5368,0.5372,42,198,42,449989,226455,55628,70628,1.793617729058421,0.23773827516216006
5369,0.5373,46,179,46,450168,226276,55674,70582,1.79219997465467,0.2377635098262469
5370,0.5374,27,139,27,450307,226137,55701,70555,1.7910990368774553,0.23780553570706323
5371,0.5375,26,73,26,450380,226064,55727,70529,1.790520846534026,0.23779725077800218
5372,0.5376,18,129,18,450509,225935,55745,70511,1.7894991129134457,0.23785444903962272
5373,0.5377,25,48,25,450557,225887,55770,70486,1.7891189329616017,0.2378286820999214
5374,0.5378,41,220,41,450777,225667,55811,70445,1.7873764415156508,0.23789984870589506
5375,0.5379,10,68,10,450845,225599,55821,70435,1.7868378532505387,0.23792875142720094
5376,0.538,31,139,31,450984,225460,55852,70404,1.785736915473324,0.23796068463888814
5377,0.5381,34,145,34,451129,225315,55886,70370,1.784588455202129,0.2379897526083501
5378,0.5382,30,133,30,451262,225182,55916,70340,1.783535039918895,0.23801950447005638
5379,0.5383,28,114,28,451376,225068,55944,70312,1.7826321125332658,0.23803913602816712
5380,0.5384,9,32,9,451408,225036,55953,70303,1.7823786592320365,0.23804170800334531
5381,0.5385,31,185,31,451593,224851,55984,70272,1.7809133823343049,0.23811088935799649
5382,0.5386,36,138,36,451731,224713,56020,70236,1.7798203649727538,0.23812930371013294
5383,0.5387,14,75,14,451806,224638,56034,70222,1.7792263337979977,0.23815370006104591
5384,0.5388,44,189,44,451995,224449,56078,70178,1.7777293752376124,0.23819269788580136
5385,0.5389,52,237,52,452232,224212,56130,70126,1.7758522367253833,0.23824990317254313
5386,0.539,42,113,42,452345,224099,56172,70084,1.7749572297554175,0.23823266470190324
5387,0.5391,45,186,45,452531,223913,56217,70039,1.7734840324420225,0.23826679185717395
5388,0.5392,19,146,19,452677,223767,56236,70020,1.772327651755164,0.23833593726066846
5389,0.5393,38,231,38,452908,223536,56274,69982,1.7704980357369156,0.23842490068752173
5390,0.5394,17,110,17,453018,223426,56291,69965,1.76962679001394,0.23847016438813734
5391,0.5395,28,140,28,453158,223286,56319,69937,1.768517931821062,0.23851130368354462
5392,0.5396,14,69,14,453227,223217,56333,69923,1.7679714231402863,0.23853107730094836
5393,0.5397,34,154,34,453381,223063,56367,69889,1.7667516791281206,0.23856809306644092
5394,0.5398,5,35,5,453416,223028,56372,69884,1.766474464579901,0.2385836019009122
5395,0.5399,26,152,26,453568,222876,56398,69858,1.7652705613990622,0.23863985734489332
5396,0.54,9,57,9,453625,222819,56407,69849,1.7648190977062477,0.23866292180901225
5397,0.5401,21,102,21,453727,222717,56428,69828,1.7640112153085794,0.23869148336153412
5398,0.5402,14,110,14,453837,222607,56442,69814,1.7631399695856038,0.23874482338819716
5399,0.5403,30,161,30,453998,222446,56472,69784,1.761864782663794,0.2387982068918318
5400,0.5404,32,109,32,454107,222337,56504,69752,1.761001457356482,0.23880392620057586
5401,0.5405,25,92,25,454199,222245,56529,69727,1.760272779115448,0.23881399586261695
5402,0.5406,27,110,27,454309,222135,56556,69700,1.7594015333924724,0.2388335874723731
5403,0.5407,15,152,15,454461,221983,56571,69685,1.7581976302116336,0.23891890779927863
5404,0.5408,12,97,12,454558,221886,56583,69673,1.7574293498922824,0.23896707012988794
5405,0.5409,35,204,35,454762,221682,56618,69638,1.7558135850969459,0.23904297679527667
5406,0.541,15,114,15,454876,221568,56633,69623,1.7549106577113167,0.23909736221243102
5407,0.5411,27,165,27,455041,221403,56660,69596,1.7536037891268534,0.23916233389118174
5408,0.5412,31,134,31,455175,221269,56691,69565,1.752542453427956,0.23919142878755578
5409,0.5413,17,77,17,455252,221192,56708,69548,1.751932581421873,0.23921029098163307
5410,0.5414,20,102,20,455354,221090,56728,69528,1.7511246990242049,0.23924189141759974
5411,0.5415,9,95,9,455449,220995,56737,69519,1.7503722595361804,0.23929655713666123
5412,0.5416,16,70,16,455519,220925,56753,69503,1.7498178304397414,0.23931232525789525
5413,0.5417,45,167,45,455686,220758,56798,69458,1.7484951210239514,0.23933208368938996
5414,0.5418,43,222,43,455908,220536,56841,69415,1.7467367887466734,0.23940251973609333
5415,0.5419,30,150,30,456058,220386,56871,69385,1.7455487263971614,0.2394477018059088
5416,0.542,13,52,13,456110,220334,56884,69372,1.7451368647826637,0.2394565525049533
5417,0.5421,27,139,27,456249,220195,56911,69345,1.7440359270054493,0.23950058713821926
5418,0.5422,38,216,38,456465,219979,56949,69307,1.7423251172221519,0.2395795164646751
5419,0.5423,47,160,47,456625,219819,56996,69260,1.7410578507160055,0.23958848619235573
5420,0.5424,24,127,24,456752,219692,57020,69236,1.740051957926752,0.23963063462177428
5421,0.5425,16,104,16,456856,219588,57036,69220,1.739228234697757,0.23967480125204288
5422,0.5426,44,167,44,457023,219421,57080,69176,1.7379055252819668,0.23969757135382558
5423,0.5427,30,155,30,457178,219266,57110,69146,1.7366778608541376,0.23974730593733964
5424,0.5428,30,185,30,457363,219081,57140,69116,1.735212583956406,0.23982206615613624
5425,0.5429,32,148,32,457511,218933,57172,69084,1.7340403624382208,0.23986084154754755
5426,0.543,22,82,22,457593,218851,57194,69062,1.7333908883538207,0.2398710721641607
5427,0.5431,25,132,25,457725,218719,57219,69037,1.73234539348625,0.23991506693170603
5428,0.5432,18,109,18,457834,218610,57237,69019,1.731482068178938,0.23995841865736764
5429,0.5433,14,103,14,457937,218507,57251,69005,1.7306662653656064,0.2400073736052756
5430,0.5434,13,71,13,458008,218436,57264,68992,1.730103915853504,0.24003228634649373
5431,0.5435,19,87,19,458095,218349,57283,68973,1.729414839690787,0.24005471213481738
5432,0.5436,15,82,15,458177,218267,57298,68958,1.728765365606387,0.24008355818609103
5433,0.5437,20,51,20,458228,218216,57318,68938,1.728361424407553,0.24007327078849677
5434,0.5438,28,139,28,458367,218077,57346,68910,1.7272604866303383,0.24011540592431016
5435,0.5439,29,137,29,458504,217940,57375,68881,1.7261753896844507,0.24015326632289824
5436,0.544,27,90,27,458594,217850,57402,68854,1.7254625522747433,0.24015709582007924
5437,0.5441,24,106,24,458700,217744,57426,68830,1.7246229882144215,0.24018229148492187
5438,0.5442,46,206,46,458906,217538,57472,68784,1.7229913825877583,0.24023302435719227
5439,0.5443,41,219,41,459125,217319,57513,68743,1.7212568115574705,0.24030804510910223
5440,0.5444,17,92,17,459217,217227,57530,68726,1.7205281333164364,0.24034019576643714
5441,0.5445,26,156,26,459373,217071,57556,68700,1.7192925484729438,0.24040228014739073
5442,0.5446,10,67,10,459440,217004,57566,68690,1.7187618806234952,0.24043207067701808
5443,0.5447,35,172,35,459612,216832,57601,68655,1.717399569129388,0.2404838048667715
5444,0.5448,27,136,27,459748,216696,57628,68628,1.7163223925991635,0.24052655927997646
5445,0.5449,7,74,7,459822,216622,57635,68621,1.715736281840071,0.24057032074406734
5446,0.545,38,168,38,459990,216454,57673,68583,1.7144056520086175,0.24061086806274273
5447,0.5451,42,167,42,460157,216287,57715,68541,1.7130829425928273,0.24063996517196343
5448,0.5452,25,119,25,460276,216168,57740,68516,1.712140413128881,0.24067386997513032
5449,0.5453,41,170,41,460446,215998,57781,68475,1.7107939424661007,0.24070825702263485
5450,0.5454,20,148,20,460594,215850,57801,68455,1.7096217209479154,0.2407801480804066
5451,0.5455,37,166,37,460760,215684,57838,68418,1.7083069319477886,0.24082195831074754
5452,0.5456,14,88,14,460848,215596,57852,68404,1.707609935369408,0.24085915492957746
5453,0.5457,31,123,31,460971,215473,57883,68373,1.7066357242428083,0.2408806183634788
5454,0.5458,24,84,24,461055,215389,57907,68349,1.7059704093270815,0.24088772036174216
5455,0.5459,23,140,23,461195,215249,57930,68326,1.7048615511342036,0.2409450762584854
5456,0.546,20,78,20,461273,215171,57950,68306,1.7042437587124573,0.24095782021116352
5457,0.5461,31,128,31,461401,215043,57981,68275,1.7032299455075401,0.2409836297023133
5458,0.5462,26,131,26,461532,214912,58007,68249,1.702192371055633,0.24102542369888508
5459,0.5463,35,157,35,461689,214755,58042,68214,1.700948865796477,0.24106527570157862
5460,0.5464,17,89,17,461778,214666,58059,68197,1.7002439488024332,0.24109551266867707
5461,0.5465,22,170,22,461948,214496,58081,68175,1.6988974781396529,0.24118144415238918
5462,0.5466,12,59,12,462007,214437,58093,68163,1.6984301736155114,0.2411995753715499
5463,0.5467,13,58,13,462065,214379,58106,68150,1.6979707895070333,0.2412141762438546
5464,0.5468,19,106,19,462171,214273,58125,68131,1.6971312254467115,0.24125366496225267
5465,0.5469,8,78,8,462249,214195,58133,68123,1.6965134330249652,0.24129881906219228
5466,0.547,33,95,33,462344,214100,58166,68090,1.6957609935369409,0.24129132853751017
5467,0.5471,20,96,20,462440,214004,58186,68070,1.695000633633253,0.24131965370789227
5468,0.5472,16,59,16,462499,213945,58202,68054,1.6945333291091116,0.24132709690459894
5469,0.5473,28,105,28,462604,213840,58230,68026,1.693701685464453,0.2413416304201287
5470,0.5474,20,116,20,462720,213724,58250,68006,1.692782917247497,0.24138714371916373
5471,0.5475,33,116,33,462836,213608,58283,67973,1.691864149030541,0.24139767953093427
5472,0.5476,64,198,64,463034,213410,58347,67909,1.6902959067291852,0.24139499998222658
5473,0.5477,7,50,7,463084,213360,58354,67902,1.6898998859460144,0.2414190327879344
5474,0.5478,26,158,26,463242,213202,58380,67876,1.688648460271195,0.2414845701193263
5475,0.5479,35,130,35,463372,213072,58415,67841,1.6876188062349513,0.24150181728862674
5476,0.548,18,129,18,463501,212943,58433,67823,1.6865970726143709,0.241564149505282
5477,0.5481,30,156,30,463657,212787,58463,67793,1.6853614877708782,0.24161736403164874
5478,0.5482,21,113,21,463770,212674,58484,67772,1.6844664808009124,0.24165793058200152
5479,0.5483,17,72,17,463842,212602,58501,67755,1.6838962108731466,0.24167400849631007
5480,0.5484,12,70,12,463912,212532,58513,67743,1.6833417817767076,0.2417018999197217
5481,0.5485,22,82,22,463994,212450,58535,67721,1.6826923076923077,0.2417130966445492
5482,0.5486,7,50,7,464044,212400,58542,67714,1.682296286909137,0.24173729267369715
5483,0.5487,15,126,15,464170,212274,58557,67699,1.681298314535547,0.24180545981219617
5484,0.5488,27,191,27,464361,212083,58584,67672,1.6797855151438348,0.24189737448839163
5485,0.5489,11,61,11,464422,212022,58595,67661,1.6793023697883664,0.24192031693023888
5486,0.549,38,188,38,464610,211834,58633,67623,1.6778133316436448,0.24197998260913128
5487,0.5491,19,97,19,464707,211737,58652,67604,1.6770450513242936,0.24201245073225913
5488,0.5492,36,162,36,464869,211575,58688,67568,1.6757619439868203,0.2420551473617465
5489,0.5493,26,153,26,465022,211422,58714,67542,1.6745501203903181,0.2421172624424657
5490,0.5494,17,78,17,465100,211344,58731,67525,1.6739323279685718,0.2421387820087568
5491,0.5495,45,192,45,465292,211152,58776,67480,1.6724116081611964,0.2421832381061759
5492,0.5496,56,202,56,465494,210950,58832,67424,1.6708116841971867,0.2422065279084972
5493,0.5497,23,135,23,465629,210815,58855,67401,1.6697424280826259,0.24226140840210483
5494,0.5498,10,53,10,465682,210762,58865,67391,1.6693226460524648,0.24228032773329786
5495,0.5499,25,138,25,465820,210624,58890,67366,1.6682296286909137,0.24233245800208641
5496,0.55,16,80,16,465900,210544,58906,67350,1.6675959954378405,0.24235859716294703
5497,0.5501,39,152,39,466052,210392,58945,67311,1.6663920922570017,0.24238485000162044
5498,0.5502,37,168,37,466220,210224,58982,67274,1.6650614624255482,0.24243057607622398
5499,0.5503,15,65,15,466285,210159,58997,67259,1.664546635407426,0.24244641659877875
5500,0.5504,19,143,19,466428,210016,59016,67240,1.663414015967558,0.24251954872031625
5501,0.5505,36,178,36,466606,209838,59052,67204,1.6620041819794702,0.24257693779282563
5502,0.5506,33,136,33,466742,209702,59085,67171,1.660927005449246,0.2426058156627768
5503,0.5507,27,164,27,466906,209538,59112,67144,1.659628057280446,0.24267570712948439
5504,0.5508,46,216,46,467122,209322,59158,67098,1.6579172474971486,0.24273930974603863
5505,0.5509,13,67,13,467189,209255,59171,67085,1.6573865796476999,0.2427625389013534
5506,0.551,29,129,29,467318,209126,59200,67056,1.6563648460271194,0.24279641685555178
5507,0.5511,16,107,16,467425,209019,59216,67040,1.6555173615511343,0.24284663785640026
5508,0.5512,26,134,26,467559,208885,59242,67014,1.6544560258522367,0.2428932326684765
5509,0.5513,30,160,30,467719,208725,59272,66984,1.6531887593460906,0.24295180788439985
5510,0.5514,25,139,25,467858,208586,59297,66959,1.652087821568876,0.24300567965305123
5511,0.5515,30,178,30,468036,208408,59327,66929,1.6506779875807882,0.24308029796213368
5512,0.5516,23,121,23,468157,208287,59350,66906,1.649719617285515,0.24312391666939204
5513,0.5517,8,77,8,468234,208210,59358,66898,1.6491097452794323,0.24316995507218983
5514,0.5518,21,93,21,468327,208117,59379,66877,1.6483731466227347,0.24319439696866113
5515,0.5519,15,105,15,468432,208012,59394,66862,1.6475415029780762,0.24324599634741736
5516,0.552,34,111,34,468543,207901,59428,66828,1.6466623368394373,0.24325062152157217
5517,0.5521,9,65,9,468608,207836,59437,66819,1.6461475098213154,0.24328339189164588
5518,0.5522,23,161,23,468769,207675,59460,66796,1.6448723228995057,0.24336268676836534
5519,0.5523,26,166,26,468935,207509,59486,66770,1.643557533899379,0.24343825083218182
5520,0.5524,32,124,32,469059,207385,59518,66738,1.6425754023571157,0.24346005260412296
5521,0.5525,21,98,21,469157,207287,59539,66717,1.641799201622101,0.24348914614385192
5522,0.5526,22,125,22,469282,207162,59561,66695,1.6408091496641743,0.2435395114968761
5523,0.5527,16,90,16,469372,207072,59577,66679,1.6400963122544672,0.2435753659347363
5524,0.5528,44,228,44,469600,206844,59621,66635,1.6382904574832087,0.2436567341550905
5525,0.5529,12,65,12,469665,206779,59633,66623,1.6377756304650868,0.2436814653879635
5526,0.553,15,65,15,469730,206714,59648,66608,1.637260803446965,0.24369790942551275
5527,0.5531,33,129,33,469859,206585,59681,66575,1.6362390698263845,0.24372162834968517
5528,0.5532,42,133,42,469992,206452,59723,66533,1.6351856545431505,0.24372401413997105
5529,0.5533,9,93,9,470085,206359,59732,66524,1.6344490558864528,0.24378213373497065
5530,0.5534,41,163,41,470248,206196,59773,66483,1.6331580281333165,0.24381415510545368
5531,0.5535,26,121,26,470369,206075,59799,66457,1.6321996578380433,0.24385026345530067
5532,0.5536,22,122,22,470491,205953,59821,66435,1.6312333671271069,0.24389840962156922
5533,0.5537,31,130,31,470621,205823,59852,66404,1.630203713090863,0.24392878002549342
5534,0.5538,24,126,24,470747,205697,59876,66380,1.6292057407172729,0.2439750511803644
5535,0.5539,24,94,24,470841,205603,59900,66356,1.628461221644912,0.24399266065840808
5536,0.554,10,78,10,470919,205525,59910,66346,1.6278434292231656,0.24403485476567932
5537,0.5541,48,256,48,471175,205269,59958,66298,1.6258158028133316,0.2441312825195992
5538,0.5542,27,108,27,471283,205161,59985,66271,1.624960397921683,0.24415323174865158
5539,0.5543,35,136,35,471419,205025,60020,66236,1.6238832213914587,0.2441781162791555
5540,0.5544,48,188,48,471607,204837,60068,66188,1.6223941832467368,0.2442136334286505
5541,0.5545,10,61,10,471668,204776,60078,66178,1.6219110378912684,0.2442407198269817
5542,0.5546,25,159,25,471827,204617,60103,66153,1.6206516918007856,0.24431436274328766
5543,0.5547,22,121,22,471948,204496,60125,66131,1.6196933215055127,0.24436216637659952
5544,0.5548,24,141,24,472089,204355,60149,66107,1.6185765428969712,0.24442250667376564
5545,0.5549,12,84,12,472173,204271,60161,66095,1.6179112279812444,0.24446491052869074
5546,0.555,22,106,22,472279,204165,60183,66073,1.6170716639209226,0.24449929321560995
5547,0.5551,50,200,50,472479,203965,60233,66023,1.6154875807882398,0.24454049809621167
5548,0.5552,33,184,33,472663,203781,60266,65990,1.6140302243061715,0.24461487706239737
5549,0.5553,18,66,18,472729,203715,60284,65972,1.6135074768723863,0.24462432375309154
5550,0.5554,22,90,22,472819,203625,60306,65950,1.612794639462679,0.24464434758416026
5551,0.5555,20,91,20,472910,203534,60326,65930,1.6120738816373084,0.2446709022355491
5552,0.5556,27,144,27,473054,203390,60353,65903,1.6109333417817766,0.2447260047606139
5553,0.5557,23,177,23,473231,203213,60376,65880,1.6095314282093525,0.24482242198793724
5554,0.5558,45,177,45,473408,203036,60421,65835,1.608129514636928,0.24485719917730064
5555,0.5559,31,99,31,473507,202937,60452,65804,1.60734539348625,0.24486029299585846
5556,0.556,25,78,25,473585,202859,60477,65779,1.606727601064504,0.24486111421317908
5557,0.5561,14,78,14,473663,202781,60491,65765,1.6061098086427577,0.24489286751617972
5558,0.5562,57,256,57,473919,202525,60548,65708,1.6040821822329236,0.24496613019278016
5559,0.5563,12,62,12,473981,202463,60560,65696,1.603591116461792,0.2449889804183339
5560,0.5564,35,140,35,474121,202323,60595,65661,1.602482258268914,0.24501835930503313
5561,0.5565,17,132,17,474253,202191,60612,65644,1.6014367634013433,0.24509119420538764
5562,0.5566,15,65,15,474318,202126,60627,65629,1.6009219363832214,0.2451084013370432
5563,0.5567,23,77,23,474395,202049,60650,65606,1.6003120643771385,0.24511404606676504
5564,0.5568,17,79,17,474474,201970,60667,65589,1.5996863515397288,0.2451384554434723
5565,0.5569,22,83,22,474557,201887,60689,65567,1.5990289570396654,0.24515243742849238
5566,0.557,29,119,29,474676,201768,60718,65538,1.5980864275757192,0.24517968171309287
5567,0.5571,26,131,26,474807,201637,60744,65512,1.5970488531238118,0.24522644666459542
5568,0.5572,33,129,33,474936,201508,60777,65479,1.5960271195032316,0.24525164146568934
5569,0.5573,30,98,30,475034,201410,60807,65449,1.595250918768217,0.2452568584908135
5570,0.5574,28,143,28,475177,201267,60835,65421,1.5941182993283487,0.2453091252699784
5571,0.5575,38,154,38,475331,201113,60873,65383,1.592898555316183,0.24534326969260326
5572,0.5576,35,164,35,475495,200949,60908,65348,1.591599607147383,0.2453951790669816
5573,0.5577,26,97,26,475592,200852,60934,65322,1.5908313268280319,0.24541089663152674
5574,0.5578,27,118,27,475710,200734,60961,65295,1.5898967177797492,0.24544316597062726
5575,0.5579,34,155,34,475865,200579,60995,65261,1.5886690533519199,0.24548976828167318
5576,0.558,44,202,44,476067,200377,61039,65217,1.5870691293879102,0.2455514808316453
5577,0.5581,21,97,21,476164,200280,61060,65196,1.586300849068559,0.24558152149346835
5578,0.5582,14,62,14,476226,200218,61074,65182,1.5858097832974274,0.24559909570459684
5579,0.5583,13,77,13,476303,200141,61087,65169,1.5851999112913446,0.24563340997323885
5580,0.5584,25,152,25,476455,199989,61112,65144,1.5839960081105056,0.2457030999536082
5581,0.5585,21,164,21,476619,199825,61133,65123,1.5826970599417058,0.24579540136177666
5582,0.5586,25,148,25,476767,199677,61158,65098,1.5815248384235205,0.2458615805872911
5583,0.5587,36,212,36,476979,199465,61194,65062,1.5798457103028767,0.24595598936970517
5584,0.5588,30,152,30,477131,199313,61224,65032,1.5786418071220378,0.24601184058711154
5585,0.5589,28,125,28,477256,199188,61252,65004,1.577651755164111,0.2460483284883721
5586,0.559,13,101,13,477357,199087,61265,64991,1.5768517931821062,0.24610531736835328
5587,0.5591,35,148,35,477505,198939,61300,64956,1.575679571663921,0.2461433524697323
5588,0.5592,33,135,33,477640,198804,61333,64923,1.57461031554936,0.24617502189764415
5589,0.5593,11,47,11,477687,198757,61344,64912,1.5742380560131797,0.24618745472543227
5590,0.5594,25,94,25,477781,198663,61369,64887,1.5734935369408187,0.24620375640295958
5591,0.5595,24,103,24,477884,198560,61393,64863,1.572677734127487,0.2462313465414941
5592,0.5596,23,99,23,477983,198461,61416,64840,1.571893612976809,0.24625808485345668
5593,0.5597,42,202,42,478185,198259,61458,64798,1.5702936890127994,0.24632684171111205
5594,0.5598,13,120,13,478305,198139,61471,64785,1.5693432391331896,0.246402002099466
5595,0.5599,8,60,8,478365,198079,61479,64777,1.5688680141933848,0.2464353105883069
5596,0.56,19,118,19,478483,197961,61498,64758,1.567933405145102,0.24649149852123373
5597,0.5601,13,43,13,478526,197918,61511,64745,1.5675928272715751,0.24649455766514508
5598,0.5602,30,133,30,478659,197785,61541,64715,1.5665394119883411,0.24653333333333333
5599,0.5603,15,95,15,478754,197690,61556,64700,1.5657869725003168,0.24657951903654865
5600,0.5604,21,154,21,478908,197536,61577,64679,1.564567228488151,0.24666399710161507
5601,0.5605,13,123,13,479031,197413,61590,64666,1.563593017361551,0.24674239446884336
5602,0.5606,26,138,26,479169,197275,61616,64640,1.5625,0.24679762518374282
5603,0.5607,39,184,39,479353,197091,61655,64601,1.5610426435179319,0.24685890283233725
5604,0.5608,30,97,30,479450,196994,61685,64571,1.5602743631985807,0.2468640682048439
5605,0.5609,30,67,30,479517,196927,61715,64541,1.559743695349132,0.2468409136108434
5606,0.561,18,112,18,479629,196815,61733,64523,1.5588566087948295,0.24689482585770153
5607,0.5611,21,117,21,479746,196698,61754,64502,1.55792992016221,0.2469448698315467
5608,0.5612,46,106,46,479852,196592,61800,64456,1.5570903561018883,0.2469124452208023
5609,0.5613,28,117,28,479969,196475,61828,64428,1.5561636674692687,0.2469423502221132
5610,0.5614,23,82,23,480051,196393,61851,64405,1.5555141933848688,0.2469535809323691
5611,0.5615,17,88,17,480139,196305,61868,64388,1.5548171968064883,0.24698783626718018
5612,0.5616,12,90,12,480229,196215,61880,64376,1.5541043593967812,0.24703846257161605
5613,0.5617,32,145,32,480374,196070,61912,64344,1.552955899125586,0.247083490134939
5614,0.5618,14,69,14,480443,196001,61926,64330,1.5524093904448106,0.24710848880847844
5615,0.5619,39,159,39,480602,195842,61965,64291,1.5511500443543278,0.24714665190498705
5616,0.562,36,161,36,480763,195681,62001,64255,1.549874857432518,0.24719546349870739
5617,0.5621,34,132,34,480895,195549,62035,64221,1.5488293625649474,0.24722254301882435
5618,0.5622,47,188,47,481083,195361,62082,64174,1.5473403244202255,0.24726530140443487
5619,0.5623,39,182,39,481265,195179,62121,64135,1.5458988087694843,0.247325636101406
5620,0.5624,15,87,15,481352,195092,62136,64120,1.5452097326067673,0.24736509112232458
5621,0.5625,20,90,20,481442,195002,62156,64100,1.54449689519706,0.24739291861892226
5622,0.5626,36,175,36,481617,194827,62192,64064,1.5431108224559624,0.24745549285220422
5623,0.5627,29,103,29,481720,194724,62221,64035,1.5422950196426308,0.24746965322945289
5624,0.5628,44,180,44,481900,194544,62265,63991,1.5408693448232162,0.24751387626433557
5625,0.5629,33,119,33,482019,194425,62298,63958,1.53992681535927,0.2475317648606913
5626,0.563,15,83,15,482102,194342,62313,63943,1.5392694208592066,0.24756760942369863
5627,0.5631,19,72,19,482174,194270,62332,63924,1.538699150931441,0.24758127609471947
5628,0.5632,27,79,27,482253,194191,62359,63897,1.538073438094031,0.24757834537057127
5629,0.5633,13,102,13,482355,194089,62372,63884,1.537265555696363,0.24763831873878275
5630,0.5634,20,107,20,482462,193982,62392,63864,1.5364180712203777,0.24768272534768815
5631,0.5635,33,180,33,482642,193802,62425,63831,1.534992396400963,0.24775940970294955
5632,0.5636,31,158,31,482800,193644,62456,63800,1.5337409707261438,0.24782088531874893
5633,0.5637,25,132,25,482932,193512,62481,63775,1.5326954758585731,0.24787494121350864
5634,0.5638,23,105,23,483037,193407,62504,63752,1.5318638322139146,0.24790888127578659
5635,0.5639,28,127,28,483164,193280,62532,63724,1.530857939424661,0.24794944825761467
5636,0.564,26,122,26,483286,193158,62558,63698,1.5298916487137244,0.24799109228517147
5637,0.5641,10,42,10,483328,193116,62568,63688,1.5295589912558611,0.24800236756436816
5638,0.5642,20,49,20,483377,193067,62588,63668,1.529170890888354,0.24799111924747308
5639,0.5643,29,126,29,483503,192941,62617,63639,1.5281729185147637,0.24802790552654144
5640,0.5644,36,167,36,483670,192774,62653,63603,1.5268502090989735,0.2480838764787793
5641,0.5645,37,166,37,483836,192608,62690,63566,1.5255354200988467,0.24813603254038272
5642,0.5646,26,70,26,483906,192538,62716,63540,1.524980991002408,0.24812752364513938
5643,0.5647,23,110,23,484016,192428,62739,63517,1.5241097452794323,0.24816659829260193
5644,0.5648,39,145,39,484161,192283,62778,63478,1.5229612850082372,0.24819264860553408
5645,0.5649,15,64,15,484225,192219,62793,63463,1.5224543784057787,0.2482106679390806
5646,0.565,20,69,20,484294,192150,62813,63443,1.5219078697250032,0.2482188479340201
5647,0.5651,28,95,28,484389,192055,62841,63415,1.5211554302369787,0.248228754844013
5648,0.5652,24,118,24,484507,191937,62865,63391,1.520220821188696,0.2482728098759243
5649,0.5653,13,54,13,484561,191883,62878,63378,1.5197931187428717,0.24828704737503968
5650,0.5654,23,109,23,484670,191774,62901,63355,1.5189297934355594,0.24832535697627475
5651,0.5655,74,326,74,484996,191448,62975,63281,1.5163477379292865,0.24842479654848879
5652,0.5656,23,107,23,485103,191341,62998,63258,1.5155002534533013,0.24846130581816897
5653,0.5657,28,85,28,485188,191256,63026,63230,1.514827018121911,0.24846160496058722
5654,0.5658,69,242,69,485430,191014,63095,63161,1.5129102775313648,0.24849414773286121
5655,0.5659,15,60,15,485490,190954,63110,63146,1.51243505259156,0.24850846123573397
5656,0.566,43,192,43,485682,190762,63153,63103,1.5109143327841845,0.24856912138341244
5657,0.5661,18,93,18,485775,190669,63171,63085,1.510177734127487,0.24860691851162936
5658,0.5662,30,182,30,485957,190487,63201,63055,1.5087362184767457,0.24869646843520996
5659,0.5663,34,140,34,486097,190347,63235,63021,1.5076273602838677,0.24873306810646964
5660,0.5664,48,173,48,486270,190174,63283,62973,1.506257128374097,0.24876060154771734
5661,0.5665,30,115,30,486385,190059,63313,62943,1.5053462805728044,0.24878459458818508
5662,0.5666,24,126,24,486511,189933,63337,62919,1.5043483081992144,0.24883726448673532
5663,0.5667,13,57,13,486568,189876,63350,62906,1.5038968445063996,0.2488547444042693
5664,0.5668,4,62,4,486630,189814,63354,62902,1.503405778735268,0.24890390794409534
5665,0.5669,23,108,23,486738,189706,63377,62879,1.5025503738436192,0.24894194033691627
5666,0.567,19,65,19,486803,189641,63396,62860,1.5020355468254973,0.248949509110855
5667,0.5671,31,133,31,486936,189508,63427,62829,1.5009821315422633,0.24898845591411486
5668,0.5672,27,137,27,487073,189371,63454,62802,1.4998970345963756,0.24904331550165956
5669,0.5673,30,141,30,487214,189230,63484,62772,1.4987802559878343,0.24909326116459393
5670,0.5674,42,86,42,487300,189144,63526,62730,1.4980991002407806,0.2490530979775602
5671,0.5675,53,228,53,487528,188916,63579,62677,1.4962932454695221,0.2491206035144062
5672,0.5676,23,166,23,487694,188750,63602,62654,1.4949784564693955,0.24921640069370415
5673,0.5677,27,160,27,487854,188590,63629,62627,1.4937111899632494,0.24929443469191973
5674,0.5678,23,108,23,487962,188482,63652,62604,1.4928557850716007,0.24933289789155907
5675,0.5679,27,120,27,488082,188362,63679,62577,1.4919053351919909,0.24937136116745504
5676,0.568,41,180,41,488262,188182,63720,62536,1.4904796603725763,0.24942764380698634
5677,0.5681,20,133,20,488395,188049,63740,62516,1.4894262450893423,0.2495001297068625
5678,0.5682,22,172,22,488567,187877,63762,62494,1.488063933595235,0.2496055853113979
5679,0.5683,21,83,21,488650,187794,63783,62473,1.4874065390951716,0.24962540007272233
5680,0.5684,30,136,30,488786,187658,63813,62443,1.4863293625649474,0.24967113286232362
5681,0.5685,30,108,30,488894,187550,63843,62413,1.4854739576732987,0.24968895396518684
5682,0.5686,22,102,22,488996,187448,63865,62391,1.4846660752756304,0.2497248227858741
5683,0.5687,37,173,37,489169,187275,63902,62354,1.4832958433658598,0.24978668343822233
5684,0.5688,34,135,34,489304,187140,63936,62320,1.482226587251299,0.24981961035837408
5685,0.5689,24,110,24,489414,187030,63960,62296,1.4813553415283234,0.24985761613309482
5686,0.569,25,96,25,489510,186934,63985,62271,1.4805949816246358,0.24987861399249614
5687,0.5691,25,108,25,489618,186826,64010,62246,1.4797395767329868,0.24991167212693519
5688,0.5692,6,37,6,489655,186789,64016,62240,1.4794465213534407,0.24993073095904492
5689,0.5693,15,112,15,489767,186677,64031,62225,1.4785594347991382,0.2499979911772505
5690,0.5694,21,101,21,489868,186576,64052,62204,1.4777594728171335,0.2500361765415226
5691,0.5695,17,87,17,489955,186489,64069,62187,1.4770703966544165,0.2500723833421802
5692,0.5696,26,161,26,490116,186328,64095,62161,1.4757952097326068,0.25015594251657014
5693,0.5697,28,89,28,490205,186239,64123,62133,1.475090292738563,0.25016104874945644
5694,0.5698,25,111,25,490316,186128,64148,62108,1.474211126599924,0.25019739280362235
5695,0.5699,14,70,14,490386,186058,64162,62094,1.473656697503485,0.25022566813888264
5696,0.57,10,70,10,490456,185988,64172,62084,1.473102268407046,0.2502660517914154
5697,0.5701,19,91,19,490547,185897,64191,62065,1.4723815105816753,0.250300449262387
5698,0.5702,25,184,25,490731,185713,64216,62040,1.4709241540996072,0.2504106912933446
5699,0.5703,13,75,13,490806,185638,64229,62027,1.470330122924851,0.2504471766297216
5700,0.5704,26,94,26,490900,185544,64255,62001,1.4695856038524902,0.2504635520814397
5701,0.5705,30,126,30,491026,185418,64285,61971,1.4685876314789,0.2505002243430387
5702,0.5706,9,43,9,491069,185375,64294,61962,1.468247053605373,0.25051650177692786
5703,0.5707,14,65,14,491134,185310,64308,61948,1.4677322265872512,0.2505399218629933
5704,0.5708,18,122,18,491256,185188,64326,61930,1.4667659358763148,0.25060902079168657
5705,0.5709,33,165,33,491421,185023,64359,61897,1.4654590672918515,0.2506763324153572
5706,0.571,43,146,43,491567,184877,64402,61854,1.464302686604993,0.25069407573430175
5707,0.5711,29,115,29,491682,184762,64431,61825,1.4633918388037004,0.25072286860215665
5708,0.5712,21,128,21,491810,184634,64452,61804,1.4623780255987835,0.25078924516511253
5709,0.5713,26,130,26,491940,184504,64478,61778,1.4613483715625395,0.25084253010776264
5710,0.5714,24,121,24,492061,184383,64502,61754,1.4603900012672666,0.2508927954756904
5711,0.5715,23,110,23,492171,184273,64525,61731,1.459518755544291,0.25093494414724965
5712,0.5716,19,70,19,492241,184203,64544,61712,1.458964326447852,0.25094849846491674
5713,0.5717,38,186,38,492427,184017,64582,61674,1.457491129134457,0.25102262598141567
5714,0.5718,16,80,16,492507,183937,64598,61658,1.4568574958813838,0.25105559966611696
5715,0.5719,5,46,5,492553,183891,64603,61653,1.4564931567608668,0.2510873814876356
5716,0.572,18,67,18,492620,183824,64621,61635,1.455962488911418,0.25110099853743395
5717,0.5721,33,155,33,492775,183669,64654,61602,1.454734824483589,0.2511589221718018
5718,0.5722,43,167,43,492942,183502,64697,61559,1.4534121150677988,0.25119868114469457
5719,0.5723,21,84,21,493026,183418,64718,61538,1.452746800152072,0.25122062737797807
5720,0.5724,26,123,26,493149,183295,64744,61512,1.451772589025472,0.2512673248722463
5721,0.5725,51,221,51,493370,183074,64795,61461,1.4500221771638575,0.2513382542376347
5722,0.5726,9,93,9,493463,182981,64804,61452,1.44928557850716,0.25140631584115075
5723,0.5727,22,119,22,493582,182862,64826,61430,1.4483430490432139,0.25146136590637436
5724,0.5728,39,202,39,493784,182660,64865,61391,1.4467431250792042,0.2515498809675027
5725,0.5729,16,69,16,493853,182591,64881,61375,1.4461966163984286,0.2515719403523442
5726,0.573,14,78,14,493931,182513,64895,61361,1.4455788239766822,0.2516094376604312
5727,0.5731,44,166,44,494097,182347,64939,61317,1.4442640349765556,0.25164570884496684
5728,0.5732,36,154,36,494251,182193,64975,61281,1.44304429096439,0.2516942260775278
5729,0.5733,18,63,18,494314,182130,64993,61263,1.4425453047775947,0.2517040342162675
5730,0.5734,19,119,19,494433,182011,65012,61244,1.4416027753136484,0.25176872006741896
5731,0.5735,21,129,21,494562,181882,65033,61223,1.440581041693068,0.25183768330556755
5732,0.5736,29,107,29,494669,181775,65062,61194,1.4397335572170828,0.25185929069140506
5733,0.5737,32,108,32,494777,181667,65094,61162,1.4388781523254341,0.2518727170148541
5734,0.5738,14,84,14,494861,181583,65108,61148,1.4382128374097072,0.2519167308666796
5735,0.5739,16,75,16,494936,181508,65124,61132,1.4376188062349513,0.2519452687108473
5736,0.574,34,183,34,495119,181325,65158,61098,1.4361693701685465,0.252030541656526
5737,0.5741,39,191,39,495310,181134,65197,61059,1.4346565707768344,0.2521088553343821
5738,0.5742,17,54,17,495364,181080,65214,61042,1.43422886833101,0.25211257134832854
5739,0.5743,7,36,7,495400,181044,65221,61035,1.4339437333671272,0.25212843741092783
5740,0.5744,18,70,18,495470,180974,65239,61017,1.4333893042706882,0.25214574095730835
5741,0.5745,31,93,31,495563,180881,65270,60986,1.4326527056139906,0.25214684103246826
5742,0.5746,18,60,18,495623,180821,65288,60968,1.4321774806741858,0.2521537373495072
5743,0.5747,63,253,63,495876,180568,65351,60905,1.430173615511342,0.25222281580135253
5744,0.5748,52,220,52,496096,180348,65403,60853,1.4284311240653909,0.2522916571656005
5745,0.5749,20,88,20,496184,180260,65423,60833,1.4277341274870106,0.25232171817514404
5746,0.575,8,39,8,496223,180221,65431,60825,1.4274252312761373,0.25233772806850147
5747,0.5751,25,120,25,496343,180101,65456,60800,1.4264747813965277,0.2523858348450193
5748,0.5752,26,94,26,496437,180007,65482,60774,1.4257302623241668,0.2524036364995577
5749,0.5753,19,79,19,496516,179928,65501,60755,1.4251045494867571,0.25242746683396833
5750,0.5754,11,29,11,496545,179899,65512,60744,1.424874857432518,0.2524237147974385
5751,0.5755,26,88,26,496633,179811,65538,60718,1.4241778608541376,0.2524352572870631
5752,0.5756,53,209,53,496842,179602,65591,60665,1.4225224939804841,0.25248993827700017
5753,0.5757,19,125,19,496967,179477,65610,60646,1.4215324420225572,0.25256222852454785
5754,0.5758,20,80,20,497047,179397,65630,60626,1.4208988087694843,0.25258412735446184
5755,0.5759,28,135,28,497182,179262,65658,60598,1.4198295526549234,0.25263903943967314
5756,0.576,29,107,29,497289,179155,65687,60569,1.418982068178938,0.25266139393636017
5757,0.5761,28,86,28,497375,179069,65715,60541,1.4183009124318844,0.25266474688034724
5758,0.5762,13,58,13,497433,179011,65728,60528,1.4178415283234065,0.2526853664747703
5759,0.5763,9,79,9,497512,178932,65737,60519,1.4172158154859966,0.2527406442236616
5760,0.5764,17,79,17,497591,178853,65754,60502,1.416590102648587,0.25277098869879466
5761,0.5765,43,160,43,497751,178693,65797,60459,1.4153228361424408,0.25280574697263664
5762,0.5766,45,199,45,497950,178494,65842,60414,1.4137466734254214,0.25287558390677584
5763,0.5767,24,127,24,498077,178367,65866,60390,1.4127407806361678,0.2529349924818958
5764,0.5768,19,111,19,498188,178256,65885,60371,1.411861614497529,0.2529931650651435
5765,0.5769,14,71,14,498259,178185,65899,60357,1.4112992649854263,0.25302462459441105
5766,0.577,15,95,15,498354,178090,65914,60342,1.410546825497402,0.25307844584619515
5767,0.5771,28,99,28,498453,177991,65942,60314,1.409762704346724,0.2530958225803068
5768,0.5772,32,130,32,498583,177861,65974,60282,1.4087330503104802,0.25313362139554807
5769,0.5773,32,86,32,498669,177775,66006,60250,1.4080518945634266,0.25312467177817455
5770,0.5774,28,116,28,498785,177659,66034,60222,1.4071331263464706,0.25316019354214925
5771,0.5775,32,155,32,498940,177504,66066,60190,1.4059054619186415,0.25322473432227993
5772,0.5776,43,177,43,499117,177327,66109,60147,1.4045035483462172,0.2532782536193436
5773,0.5777,15,98,15,499215,177229,66124,60132,1.4037273476112027,0.2533356364356402
5774,0.5778,16,70,16,499285,177159,66140,60116,1.4031729185147637,0.2533600252871141
5775,0.5779,38,147,38,499432,177012,66178,60078,1.4020086174122417,0.2533974440086043
5776,0.578,36,130,36,499562,176882,66214,60042,1.400978963375998,0.25342303861153787
5777,0.5781,38,156,38,499718,176726,66252,60004,1.3997433785325053,0.25347019811599714
5778,0.5782,29,83,29,499801,176643,66281,59975,1.399085984032442,0.2534676144672003
5779,0.5783,40,167,40,499968,176476,66321,59935,1.397763274616652,0.25352035226787245
5780,0.5784,18,65,18,500033,176411,66339,59917,1.39724844759853,0.2535332250093091
5781,0.5785,20,119,20,500152,176292,66359,59897,1.3963059181345836,0.25359775434080334
5782,0.5786,27,104,27,500256,176188,66386,59870,1.3954821949055887,0.2536241093290632
5783,0.5787,18,74,18,500330,176114,66404,59852,1.394896084146496,0.25364671181441395
5784,0.5788,25,98,25,500428,176016,66429,59827,1.3941198834114814,0.2536729943224942
5785,0.5789,40,148,40,500576,175868,66469,59787,1.392947661893296,0.25370562899153426
5786,0.579,3,41,3,500617,175827,66472,59784,1.3926229248510962,0.2537402752842609
5787,0.5791,26,112,26,500729,175715,66498,59758,1.391735838296794,0.25377856484607575
5788,0.5792,18,101,18,500830,175614,66516,59740,1.390935876314789,0.2538304001631585
5789,0.5793,25,106,25,500936,175508,66541,59715,1.3900963122544672,0.2538654808415844
5790,0.5794,26,117,26,501053,175391,66567,59689,1.3891696236218476,0.2539093074697975
5791,0.5795,33,139,33,501192,175252,66600,59656,1.3880686858446332,0.25395473972789345
5792,0.5796,17,122,17,501314,175130,66617,59639,1.3871023951336967,0.254032687450217
5793,0.5797,33,183,33,501497,174947,66650,59606,1.385652959067292,0.2541259331579643
5794,0.5798,26,144,26,501641,174803,66676,59580,1.3845124192117602,0.2541993233297637
5795,0.5799,26,90,26,501731,174713,66702,59554,1.383799581802053,0.25421420857397753
5796,0.58,11,71,11,501802,174642,66713,59543,1.3832372322899507,0.2542562504003245
5797,0.5801,9,39,9,501841,174603,66722,59534,1.3829283360790774,0.2542699359776541
5798,0.5802,16,77,16,501918,174526,66738,59518,1.3823184640729946,0.2543026097656851
5799,0.5803,39,138,39,502056,174388,66777,59479,1.3812254467114433,0.2543283148114099
5800,0.5804,13,62,13,502118,174326,66790,59466,1.3807343809403116,0.25435429783739394
5801,0.5805,37,185,37,502303,174141,66827,59429,1.3792691040425802,0.25443764182043926
5802,0.5806,28,117,28,502420,174024,66855,59401,1.3783424154099606,0.2544757416729142
5803,0.5807,9,62,9,502482,173962,66864,59392,1.377851349638829,0.2545146001354166
5804,0.5808,12,60,12,502542,173902,66876,59380,1.3773761246990242,0.25454171346267607
5805,0.5809,32,155,32,502697,173747,66908,59348,1.376148460271195,0.2546086359638774
5806,0.581,19,85,19,502782,173662,66927,59329,1.3754752249398048,0.25464073719585734
5807,0.5811,41,183,41,502965,173479,66968,59288,1.3740257888734,0.25470964526758516
5808,0.5812,21,92,21,503057,173387,66989,59267,1.373297110632366,0.2547430948962838
5809,0.5813,14,63,14,503120,173324,67003,59253,1.372798124445571,0.25476723837696763
5810,0.5814,13,79,13,503199,173245,67016,59240,1.3721724116081613,0.2548121384175323
5811,0.5815,16,99,16,503298,173146,67032,59224,1.3713882904574832,0.2548693893359728
5812,0.5816,17,91,17,503389,173055,67049,59207,1.3706675326321125,0.2549147083896634
5813,0.5817,13,54,13,503443,173001,67062,59194,1.3702398301862881,0.25493227675014535
5814,0.5818,13,74,13,503517,172927,67075,59181,1.3696537194271956,0.25497182346149205
5815,0.5819,28,128,28,503645,172799,67103,59153,1.3686399062222785,0.2550225908808719
5816,0.582,24,133,24,503778,172666,67127,59129,1.3675864909390445,0.25509178368817276
5817,0.5821,8,60,8,503838,172606,67135,59121,1.3671112659992397,0.25513211667177327
5818,0.5822,30,143,30,503981,172463,67165,59091,1.3659786465593715,0.25519317308273665
5819,0.5823,36,160,36,504141,172303,67201,59055,1.3647113800532251,0.2552537625671038
5820,0.5824,29,104,29,504245,172199,67230,59026,1.3638876568242302,0.25527516488269003
5821,0.5825,18,67,18,504312,172132,67248,59008,1.3633569889747814,0.255291165527386
5822,0.5826,24,98,24,504410,172034,67272,58984,1.362580788239767,0.25532209611372275
5823,0.5827,14,74,14,504484,171960,67286,58970,1.3619946774806742,0.2553587667258477
5824,0.5828,24,105,24,504589,171855,67310,58946,1.3611630338360157,0.25539750694321084
5825,0.5829,20,78,20,504667,171777,67330,58926,1.3605452414142694,0.2554193053406328
5826,0.583,16,73,16,504740,171704,67346,58910,1.3599670510708401,0.2554484983565612
5827,0.5831,33,129,33,504869,171575,67379,58877,1.3589453174502597,0.2554848732057001
5828,0.5832,22,108,22,504977,171467,67401,58855,1.358089912558611,0.25553355736751154
5829,0.5833,12,62,12,505039,171405,67413,58843,1.3575988467874793,0.25556356624161775
5830,0.5834,36,139,36,505178,171266,67449,58807,1.356497909010265,0.2556014830075672
5831,0.5835,36,139,36,505317,171127,67485,58771,1.3553969712330503,0.25563945749854283
5832,0.5836,27,119,27,505436,171008,67512,58744,1.354454441769104,0.2556843901250044
5833,0.5837,23,98,23,505534,170910,67535,58721,1.3536782410340895,0.25571895780621956
5834,0.5838,15,79,15,505613,170831,67550,58706,1.3530525281966799,0.2557583309009005
5835,0.5839,10,50,10,505663,170781,67560,58696,1.352656507413509,0.2557816251737647
5836,0.584,26,94,26,505757,170687,67586,58670,1.3519119883411481,0.25580209019127387
5837,0.5841,26,166,26,505923,170521,67612,58644,1.3505971993410215,0.25590295202146923
5838,0.5842,23,60,23,505983,170461,67635,58621,1.3501219744012165,0.2558952689429986
5839,0.5843,16,66,16,506049,170395,67651,58605,1.3495992269674313,0.2559170305676856
5840,0.5844,31,100,31,506149,170295,67682,58574,1.34880718540109,0.2559280636521329
5841,0.5845,27,124,27,506273,170171,67709,58547,1.3478250538588266,0.2559789784800497
5842,0.5846,42,182,42,506455,169989,67751,58505,1.346383538208085,0.2560461106199725
5843,0.5847,46,223,46,506678,169766,67797,58459,1.344617285515144,0.2561463468068792
5844,0.5848,16,84,16,506762,169682,67813,58443,1.343951970599417,0.2561884931506849
5845,0.5849,19,87,19,506849,169595,67832,58424,1.3432628944367,0.25622426201325327
5846,0.585,18,78,18,506927,169517,67850,58406,1.3426451020149537,0.2562532083203538
5847,0.5851,32,112,32,507039,169405,67882,58374,1.3417580154606514,0.25627472242831867
5848,0.5852,20,95,20,507134,169310,67902,58354,1.3410055759726272,0.2563163258134795
5849,0.5853,17,70,17,507204,169240,67919,58337,1.3404511468761882,0.2563396125267492
5850,0.5854,38,231,38,507435,169009,67957,58299,1.3386215308579394,0.2564757949566227
5851,0.5855,50,171,50,507606,168838,68007,58249,1.3372671397794955,0.2565052160625663
5852,0.5856,40,138,40,507744,168700,68047,58209,1.3361741224179444,0.25653015085342584
5853,0.5857,16,87,16,507831,168613,68063,58193,1.3354850462552275,0.2565761046885885
5854,0.5858,30,110,30,507941,168503,68093,58163,1.3346138005322519,0.2566022253006626
5855,0.5859,24,105,24,508046,168398,68117,58139,1.3337821568875934,0.2566424027862998
5856,0.586,16,67,16,508113,168331,68133,58123,1.3332514890381448,0.25666581292447915
5857,0.5861,27,123,27,508236,168208,68160,58096,1.3322772779115448,0.256716628959276
5858,0.5862,20,75,20,508311,168133,68180,58076,1.3316832467367887,0.25673602730218514
5859,0.5863,17,85,17,508396,168048,68197,58059,1.3310100114053987,0.2567766588385145
5860,0.5864,22,152,22,508548,167896,68219,58037,1.3298061082245596,0.2568770387681304
5861,0.5865,32,144,32,508692,167752,68251,58005,1.328665568369028,0.2569355546007433
5862,0.5866,10,64,10,508756,167688,68261,57995,1.3281586617665695,0.25697549217264926
5863,0.5867,33,113,33,508869,167575,68294,57962,1.3272636547966037,0.25699552623294625
5864,0.5868,32,106,32,508975,167469,68326,57930,1.3264240907362819,0.25701090066947946
5865,0.5869,21,113,21,509088,167356,68347,57909,1.325529083766316,0.2570705613388676
5866,0.587,14,63,14,509151,167293,68361,57895,1.325030097579521,0.2570962928752864
5867,0.5871,19,113,19,509264,167180,68380,57876,1.3241350906095553,0.2571626617375231
5868,0.5872,29,163,29,509427,167017,68409,57847,1.3228440628564186,0.2572532730895119
5869,0.5873,34,114,34,509541,166903,68443,57813,1.3219411354707895,0.25727140034532475
5870,0.5874,16,75,16,509616,166828,68459,57797,1.3213471042960334,0.2573043962159154
5871,0.5875,28,76,28,509692,166752,68487,57769,1.320745152705614,0.2572988718204533
5872,0.5876,14,82,14,509774,166670,68501,57755,1.3200956786212141,0.25734655230032305
5873,0.5877,31,150,31,509924,166520,68532,57724,1.318907616271702,0.25741602896844507
5874,0.5878,13,63,13,509987,166457,68545,57711,1.318408630084907,0.2574453088754862
5875,0.5879,26,81,26,510068,166376,68571,57685,1.3177670764161704,0.25745221167449933
5876,0.588,42,162,42,510230,166214,68613,57643,1.3164839690786974,0.2574992070830932
5877,0.5881,15,110,15,510340,166104,68628,57628,1.3156127233557218,0.25757602846262495
5878,0.5882,23,135,23,510475,165969,68651,57605,1.314543467241161,0.257655183518656
5879,0.5883,28,150,28,510625,165819,68679,57577,1.3133554048916487,0.2577351429748071
5880,0.5884,29,151,29,510776,165668,68708,57548,1.3121594221264732,0.25781305999569926
5881,0.5885,18,106,18,510882,165562,68726,57530,1.3113198580661514,0.2578756746095781
5882,0.5886,26,93,26,510975,165469,68752,57504,1.3105832594094537,0.2578966960125217
5883,0.5887,29,107,29,511082,165362,68781,57475,1.3097357749334686,0.25792395338296603
5884,0.5888,26,95,26,511177,165267,68807,57449,1.308983335445444,0.2579473410082796
5885,0.5889,16,51,16,511228,165216,68823,57433,1.30857939424661,0.25795310106939623
5886,0.589,13,70,13,511298,165146,68836,57420,1.308024965150171,0.2579908880961153
5887,0.5891,23,128,23,511426,165018,68859,57397,1.307011151945254,0.2580626306678956
5888,0.5892,46,136,46,511562,164882,68905,57351,1.3059339754150299,0.25806698375128806
5889,0.5893,25,73,25,511635,164809,68930,57326,1.3053557850716007,0.2580682918045333
5890,0.5894,27,100,27,511735,164709,68957,57299,1.304563743505259,0.25809430290800334
5891,0.5895,22,114,22,511849,164595,68979,57277,1.30366081611963,0.25815334967909426
5892,0.5896,17,125,17,511974,164470,68996,57260,1.3026707641617032,0.2582420060433861
5893,0.5897,11,70,11,512044,164400,69007,57249,1.3021163350652643,0.25828675067336193
5894,0.5898,12,58,12,512102,164342,69019,57237,1.3016569509567861,0.2583141904241828
5895,0.5899,22,100,22,512202,164242,69041,57215,1.3008649093904447,0.25835715285585914
5896,0.59,13,82,13,512284,164160,69054,57202,1.3002154353060449,0.2584093024096277
5897,0.5901,16,86,16,512370,164074,69070,57186,1.2995342795589913,0.2584561149778541
5898,0.5902,16,110,16,512480,163964,69086,57170,1.2986630338360157,0.25853102643645937
5899,0.5903,17,102,17,512582,163862,69103,57153,1.2978551514383474,0.2585933081465059
5900,0.5904,55,210,55,512792,163652,69158,57098,1.2961918641490306,0.25865458663646657
5901,0.5905,16,73,16,512865,163579,69174,57082,1.2956136738056012,0.25868640131242043
5902,0.5906,13,78,13,512943,163501,69187,57069,1.2949958813838551,0.25873418869293197
5903,0.5907,22,96,22,513039,163405,69209,57047,1.2942355214801673,0.25877288480031935
5904,0.5908,28,85,28,513124,163320,69237,57019,1.293562286148777,0.25877851855549855
5905,0.5909,22,104,22,513228,163216,69259,56997,1.292738562919782,0.25882668144024196
5906,0.591,25,133,25,513361,163083,69284,56972,1.291685147636548,0.2588989116357274
5907,0.5911,37,111,37,513472,162972,69321,56935,1.290805981497909,0.2589049007080266
5908,0.5912,22,71,22,513543,162901,69343,56913,1.2902436319858066,0.25891435486365744
5909,0.5913,6,65,6,513608,162836,69349,56907,1.2897288049676847,0.2589707066891778
5910,0.5914,17,106,17,513714,162730,69366,56890,1.288889240907363,0.2590383389490939
5911,0.5915,14,80,14,513794,162650,69380,56876,1.2882556076542897,0.25908548417955046
5912,0.5916,23,118,23,513912,162532,69403,56853,1.2873209986060068,0.2591471613829569
5913,0.5917,34,145,34,514057,162387,69437,56819,1.2861725383348117,0.2592036714323513
5914,0.5918,30,150,30,514207,162237,69467,56789,1.2849844759852997,0.25927972021586476
5915,0.5919,33,128,33,514335,162109,69500,56756,1.2839706627803826,0.2593196719438923
5916,0.592,9,59,9,514394,162050,69509,56747,1.2835033582562412,0.25935913198078586
5917,0.5921,27,90,27,514484,161960,69536,56720,1.282790520846534,0.2593744283885129
5918,0.5922,31,133,31,514617,161827,69567,56689,1.2817371055633,0.25942722729685697
5919,0.5923,24,88,24,514705,161739,69591,56665,1.2810401089849195,0.25945037636673324
5920,0.5924,30,114,30,514819,161625,69621,56635,1.2801371815992904,0.259484101530285
5921,0.5925,30,109,30,514928,161516,69651,56605,1.279273856291978,0.25951192228166936
5922,0.5926,26,91,26,515019,161425,69677,56579,1.2785530984666076,0.25953193519384965
5923,0.5927,22,84,22,515103,161341,69699,56557,1.2778877835508808,0.25955722402224896
5924,0.5928,19,68,19,515171,161273,69718,56538,1.2773491952857685,0.25957366707833857
5925,0.5929,29,134,29,515305,161139,69747,56509,1.2762878595868712,0.25963482320076453
5926,0.593,28,144,28,515449,160995,69775,56481,1.2751473197313394,0.259711416432158
5927,0.5931,34,187,34,515636,160808,69809,56447,1.273666202002281,0.25981910657982554
5928,0.5932,40,184,40,515820,160624,69849,56407,1.272208845520213,0.2599029631711599
5929,0.5933,17,91,17,515911,160533,69866,56390,1.2714880876948422,0.25995399289148685
5930,0.5934,15,102,15,516013,160431,69881,56375,1.270680205297174,0.2600250915565067
5931,0.5935,29,106,29,516119,160325,69910,56346,1.2698406412368521,0.26005326047325206
5932,0.5936,17,120,17,516239,160205,69927,56329,1.2688901913572423,0.2601392852854517
5933,0.5937,32,128,32,516367,160077,69959,56297,1.2678763781523255,0.26018375590412895
5934,0.5938,21,104,21,516471,159973,69980,56276,1.2670526549233303,0.2602370415585737
5935,0.5939,44,151,44,516622,159822,70024,56232,1.2658566721581548,0.26026826626676663
5936,0.594,12,29,12,516651,159793,70036,56220,1.265626980103916,0.2602621138542588
5937,0.5941,12,61,12,516712,159732,70048,56208,1.2651438347484476,0.2602945262572937
5938,0.5942,19,74,19,516786,159658,70067,56189,1.264557723989355,0.2603186516375025
5939,0.5943,45,223,45,517009,159435,70112,56144,1.2627914712964137,0.2604335301675952
5940,0.5944,8,30,8,517039,159405,70120,56136,1.2625538588265113,0.26044232883766893
5941,0.5945,22,130,22,517169,159275,70142,56114,1.2615242047902675,0.26052398219036255
5942,0.5946,47,143,47,517312,159132,70189,56067,1.260391585350399,0.260535597284374
5943,0.5947,16,87,16,517399,159045,70205,56051,1.2597025091876821,0.2605859709153122
5944,0.5948,24,87,24,517486,158958,70229,56027,1.2590134330249652,0.26060887968928065
5945,0.5949,14,61,14,517547,158897,70243,56013,1.2585302876694968,0.2606346842864455
5946,0.595,30,129,30,517676,158768,70273,55983,1.2575085540489166,0.26068795954384383
5947,0.5951,23,101,23,517777,158667,70296,55960,1.2567085920669117,0.2607314084434857
5948,0.5952,19,97,19,517874,158570,70315,55941,1.2559403117475605,0.26078382926749677
5949,0.5953,16,81,16,517955,158489,70331,55925,1.255298758078824,0.2608271847920378
5950,0.5954,26,101,26,518056,158388,70357,55899,1.2544987960968192,0.26086043483739096
5951,0.5955,30,93,30,518149,158295,70387,55869,1.2537621974401216,0.2608701742589791
5952,0.5956,15,61,15,518210,158234,70402,55854,1.2532790520846535,0.26089271701356453
5953,0.5957,39,123,39,518333,158111,70441,55815,1.2523048409580535,0.26090797752493855
5954,0.5958,54,165,54,518498,157946,70495,55761,1.2509979723735902,0.26092266514433315
5955,0.5959,39,172,39,518670,157774,70534,55722,1.249635660879483,0.26099786412860193
5956,0.596,19,78,19,518748,157696,70553,55703,1.2490178684577367,0.26102746498343476
5957,0.5961,26,120,26,518868,157576,70579,55677,1.248067418578127,0.2610842520386583
5958,0.5962,21,85,21,518953,157491,70600,55656,1.2473941832467368,0.2611155681290377
5959,0.5963,22,93,22,519046,157398,70622,55634,1.2466575845900394,0.26115325397123434
5960,0.5964,34,131,34,519177,157267,70656,55600,1.245620010138132,0.26119595803952705
5961,0.5965,23,128,23,519305,157139,70679,55577,1.244606196933215,0.26127324695838583
5962,0.5966,24,116,24,519421,157023,70703,55553,1.243687428716259,0.2613324175824176
5963,0.5967,29,133,29,519554,156890,70732,55524,1.242634013433025,0.2613951999397403
5964,0.5968,34,121,34,519675,156769,70766,55490,1.2416756431377518,0.26142589949071654
5965,0.5969,24,95,24,519770,156674,70790,55466,1.2409232036497275,0.2614594135947959
5966,0.597,34,146,34,519916,156528,70824,55432,1.239766822962869,0.2615210417059823
5967,0.5971,32,106,32,520022,156422,70856,55400,1.2389272589025473,0.26154034991643926
5968,0.5972,26,125,26,520147,156297,70882,55374,1.2379372069446204,0.2616040931445498
5969,0.5973,23,116,23,520263,156181,70905,55351,1.2370184387276644,0.26166726547283625
5970,0.5974,30,146,30,520409,156035,70935,55321,1.235862058040806,0.26174321997009786
5971,0.5975,15,99,15,520508,155936,70950,55306,1.235077936890128,0.2618134651253065
5972,0.5976,20,86,20,520594,155850,70970,55286,1.2343967811430745,0.26185018187329495
5973,0.5977,20,72,20,520666,155778,70990,55266,1.2338265112153086,0.2618695627452095
5974,0.5978,17,85,17,520751,155693,71007,55249,1.2331532758839183,0.2619155976524353
5975,0.5979,18,81,18,520832,155612,71025,55231,1.2325117222151818,0.2619532068885379
5976,0.598,12,87,12,520919,155525,71037,55219,1.2318226460524648,0.26201932202103023
5977,0.5981,19,114,19,521033,155411,71056,55200,1.2309197186668357,0.2620945724582287
5978,0.5982,30,107,30,521140,155304,71086,55170,1.2300722341908503,0.26212263747541265
5979,0.5983,16,72,16,521212,155232,71102,55154,1.2295019642630844,0.26215622712537906
5980,0.5984,33,103,33,521315,155129,71135,55121,1.2286861614497528,0.2621688466111772
5981,0.5985,24,170,24,521485,154959,71159,55097,1.2273396907869725,0.2622967208744335
5982,0.5986,17,58,17,521543,154901,71176,55080,1.2268803066784946,0.26230944704520887
5983,0.5987,4,76,4,521619,154825,71180,55076,1.226278355088075,0.2623903649815866
5984,0.5988,33,103,33,521722,154722,71213,55043,1.2254625522747433,0.2624031654470479
5985,0.5989,19,57,19,521779,154665,71232,55024,1.2250110885819288,0.262407660869192
5986,0.599,20,105,20,521884,154560,71252,55004,1.2241794449372703,0.26246874463171155
5987,0.5991,43,130,43,522014,154430,71295,54961,1.2231497909010265,0.2624802403159639
5988,0.5992,13,76,13,522090,154354,71308,54948,1.222547839310607,0.26252974171293153
5989,0.5993,13,45,13,522135,154309,71321,54935,1.2221914206057534,0.2625403834757508
5990,0.5994,15,74,15,522209,154235,71336,54920,1.2216053098466608,0.26258038296956804
5991,0.5995,35,126,35,522335,154109,71371,54885,1.2206073374730706,0.26261519469458455
5992,0.5996,40,122,40,522457,153987,71411,54845,1.2196410467621341,0.2626273751149249
5993,0.5997,34,115,34,522572,153872,71445,54811,1.2187301989608414,0.2626519649420413
5994,0.5998,9,68,9,522640,153804,71454,54802,1.2181916106957293,0.2627057706873244
5995,0.5999,17,90,17,522730,153714,71471,54785,1.217478773286022,0.262759054000259
5996,0.6,20,103,20,522833,153611,71491,54765,1.2166629704726903,0.26281817483779324
5997,0.6001,26,115,26,522948,153496,71517,54739,1.2157521226713979,0.26287127524191417
5998,0.6002,12,89,12,523037,153407,71529,54727,1.215047205677354,0.26294118212305534
5999,0.6003,18,122,18,523159,153285,71547,54709,1.2140809149664173,0.2630316259122859
6000,0.6004,26,93,26,523252,153192,71573,54683,1.21334431630972,0.26305712567648826
6001,0.6005,29,152,29,523404,153040,71602,54654,1.212140413128881,0.26314674473022814
6002,0.6006,23,116,23,523520,152924,71625,54631,1.211221644911925,0.2632121606321216
6003,0.6007,23,61,23,523581,152863,71648,54608,1.2107384995564567,0.26320787001556845
6004,0.6008,37,198,37,523779,152665,71685,54571,1.2091702572551009,0.2633278001891563
6005,0.6009,20,81,20,523860,152584,71705,54551,1.208528703586364,0.2633596446761774
6006,0.601,36,158,36,524018,152426,71741,54515,1.2072772779115448,0.2634325725689931
6007,0.6011,28,135,28,524153,152291,71769,54487,1.206208021796984,0.2635048215961079
6008,0.6012,37,130,37,524283,152161,71806,54450,1.2051783677607402,0.26353872736688755
6009,0.6013,16,76,16,524359,152085,71822,54434,1.2045764161703205,0.2635786537800396
6010,0.6014,36,211,36,524570,151874,71858,54398,1.2029052084653402,0.2637197486813528
6011,0.6015,20,80,20,524650,151794,71878,54378,1.2022715752122672,0.2637506547930854
6012,0.6016,34,118,34,524768,151676,71912,54344,1.2013369661639843,0.26378021551305697
6013,0.6017,18,66,18,524834,151610,71930,54326,1.200814218730199,0.2638004040090125
6014,0.6018,14,78,14,524912,151532,71944,54312,1.2001964263084526,0.26385029439769925
6015,0.6019,29,140,29,525052,151392,71973,54283,1.1990875681155746,0.26392609699769054
6016,0.602,13,50,13,525102,151342,71986,54270,1.198691547332404,0.2639437386922942
6017,0.6021,11,77,11,525179,151265,71997,54259,1.198081675326321,0.26400323076623655
6018,0.6022,26,135,26,525314,151130,72023,54233,1.1970124192117602,0.264083598311283
6019,0.6023,46,108,46,525422,151022,72069,54187,1.1961570143201115,0.26405761930519617
6020,0.6024,27,114,27,525536,150908,72096,54160,1.1952540869344823,0.26410751555581563
6021,0.6025,21,82,21,525618,150826,72117,54139,1.1946046128500825,0.2641377796209109
6022,0.6026,19,127,19,525745,150699,72136,54120,1.193598720060829,0.26423329866858053
6023,0.6027,17,65,17,525810,150634,72153,54103,1.1930838930427068,0.2642560944040403
6024,0.6028,16,60,16,525870,150574,72169,54087,1.192608668102902,0.2642760467309355
6025,0.6029,20,105,20,525975,150469,72189,54067,1.1917770244582435,0.2643397739273282
6026,0.603,13,60,13,526035,150409,72202,54054,1.1913017995184387,0.2643705707145058
6027,0.6031,34,143,34,526178,150266,72236,54020,1.1901691800785705,0.2644331965969278
6028,0.6032,18,52,18,526230,150214,72254,54002,1.189757318464073,0.26443569553805774
6029,0.6033,29,78,29,526308,150136,72283,53973,1.1891395260423268,0.26443223963666473
6030,0.6034,38,123,38,526431,150013,72321,53935,1.1881653149157267,0.2644546649145861
6031,0.6035,30,107,30,526538,149906,72351,53905,1.1873178304397414,0.2644852338686332
6032,0.6036,31,120,31,526658,149786,72382,53874,1.1863673805601318,0.2645291171560444
6033,0.6037,14,94,14,526752,149692,72396,53860,1.1856228614877709,0.2646006917151391
6034,0.6038,35,125,35,526877,149567,72431,53825,1.1846328095298442,0.2646367605412209
6035,0.6039,17,42,17,526919,149525,72448,53808,1.1843001520719807,0.2646299420162984
6036,0.604,35,129,35,527048,149396,72483,53773,1.1832784184514002,0.2646712835127406
6037,0.6041,15,90,15,527138,149306,72498,53758,1.182565581041693,0.2647342709687586
6038,0.6042,33,117,33,527255,149189,72531,53725,1.1816388924090737,0.26476733985826506
6039,0.6043,37,153,37,527408,149036,72568,53688,1.1804270688125713,0.2648329748821057
6040,0.6044,30,153,30,527561,148883,72598,53658,1.179215245216069,0.2649241388163384
6041,0.6045,18,81,18,527642,148802,72616,53640,1.1785736915473324,0.26496478003576335
6042,0.6046,29,121,29,527763,148681,72645,53611,1.1776153212520593,0.26501789492416905
6043,0.6047,28,151,28,527914,148530,72673,53583,1.1764193384868837,0.26511406985201347
6044,0.6048,31,111,31,528025,148419,72704,53552,1.1755401723482448,0.26514697654613784
6045,0.6049,10,58,10,528083,148361,72714,53542,1.175080788239767,0.2651867480919055
6046,0.605,26,121,26,528204,148240,72740,53516,1.1741224179444938,0.26525109538254127
6047,0.6051,16,78,16,528282,148162,72756,53500,1.1735046255227475,0.26529539526534496
6048,0.6052,29,125,29,528407,148037,72785,53471,1.1725145735648206,0.2653542291124918
6049,0.6053,8,50,8,528457,147987,72793,53463,1.17211855278165,0.2653909158600149
6050,0.6054,15,81,15,528538,147906,72808,53448,1.1714769991129135,0.265442951220239
6051,0.6055,23,97,23,528635,147809,72831,53425,1.1707087187935623,0.2654869455459813
6052,0.6056,17,68,17,528703,147741,72848,53408,1.1701701305284502,0.265514618516622
6053,0.6057,21,72,21,528775,147669,72869,53387,1.1695998606006843,0.2655329858347923
6054,0.6058,14,89,14,528864,147580,72883,53373,1.1688949436066405,0.26559941876956306
6055,0.6059,25,114,25,528978,147466,72908,53348,1.1679920162210113,0.26565876881093947
6056,0.606,15,97,15,529075,147369,72923,53333,1.1672237359016602,0.26573227969825913
6057,0.6061,9,43,9,529118,147326,72932,53324,1.1668831580281334,0.2657562920508348
6058,0.6062,39,115,39,529233,147211,72971,53285,1.1659723102268407,0.2657659005665948
6059,0.6063,12,84,12,529317,147127,72983,53273,1.165306995311114,0.2658333333333333
6060,0.6064,15,78,15,529395,147049,72998,53258,1.1646892028893676,0.2658818713275123
6061,0.6065,15,77,15,529472,146972,73013,53243,1.1640793308832849,0.26592912618934644
6062,0.6066,39,185,39,529657,146787,73052,53204,1.1626140539855532,0.26603197143871476
6063,0.6067,15,102,15,529759,146685,73067,53189,1.161806171587885,0.26611265097011116
6064,0.6068,34,118,34,529877,146567,73101,53155,1.160871562539602,0.2661449414686414
6065,0.6069,31,147,31,530024,146420,73132,53124,1.1597072614370803,0.2662269975544241
6066,0.607,29,125,29,530149,146295,73161,53095,1.1587172094791536,0.2662871758864537
6067,0.6071,42,140,42,530289,146155,73203,53053,1.1576083512862756,0.2663196257178427
6068,0.6072,22,83,22,530372,146072,73225,53031,1.1569509567862122,0.2663495778566872
6069,0.6073,26,102,26,530474,145970,73251,53005,1.156143074388544,0.266390250031411
6070,0.6074,34,121,34,530595,145849,73285,52971,1.1551847040932708,0.26642691882104413
6071,0.6075,28,111,28,530706,145738,73313,52943,1.1543055379546319,0.26647238538159157
6072,0.6076,42,171,42,530877,145567,73355,52901,1.1529511468761882,0.26654674809037227
6073,0.6077,31,69,31,530946,145498,73386,52870,1.1524046381954125,0.2665248427165672
6074,0.6078,36,172,36,531118,145326,73422,52834,1.1510423267013052,0.2666229309648769
6075,0.6079,26,118,26,531236,145208,73448,52808,1.1501077176530223,0.26668552036199095
6076,0.608,42,141,42,531377,145067,73490,52766,1.148990939044481,0.26671991022731295
6077,0.6081,17,83,17,531460,144984,73507,52749,1.1483335445444176,0.26676882462714874
6078,0.6082,33,130,33,531590,144854,73540,52716,1.1473038905081738,0.2668218859138533
6079,0.6083,15,65,15,531655,144789,73555,52701,1.146789063490052,0.2668540179249582
6080,0.6084,39,170,39,531825,144619,73594,52662,1.1454425928272716,0.2669390361970996
6081,0.6085,30,136,30,531961,144483,73624,52632,1.1443654162970474,0.2670116429495472
6082,0.6086,33,160,33,532121,144323,73657,52599,1.143098149790901,0.2671057576096119
6083,0.6087,24,92,24,532213,144231,73681,52575,1.142369471549867,0.2671412456937288
6084,0.6088,47,153,47,532366,144078,73728,52528,1.1411576479533645,0.2671739417922139
6085,0.6089,17,92,17,532458,143986,73745,52511,1.1404289697123304,0.2672356320961643
6086,0.609,39,126,39,532584,143860,73784,52472,1.1394309973387404,0.26726157732819916
6087,0.6091,22,81,22,532665,143779,73806,52450,1.138789443670004,0.2672897482023554
6088,0.6092,16,62,16,532727,143717,73822,52434,1.1382983778988722,0.26731446691579447
6089,0.6093,51,175,51,532902,143542,73873,52383,1.1369123051577747,0.2673625111649866
6090,0.6094,20,68,20,532970,143474,73893,52363,1.1363737168926624,0.26738052564122206
6091,0.6095,10,51,10,533021,143423,73903,52353,1.1359697756938285,0.26741275743707094
6092,0.6096,25,84,25,533105,143339,73928,52328,1.1353044607781015,0.26743395667128333
6093,0.6097,22,100,22,533205,143239,73950,52306,1.1345124192117602,0.26748830192538803
6094,0.6098,18,75,18,533280,143164,73968,52288,1.1339183880370043,0.26752348402676873
6095,0.6099,19,88,19,533368,143076,73987,52269,1.1332213914586238,0.26757275589341933
6096,0.61,20,104,20,533472,142972,74007,52249,1.1323976682296286,0.26764026411093067
6097,0.6101,25,158,25,533630,142814,74032,52224,1.1311462425548093,0.2677632051190024
6098,0.6102,35,98,35,533728,142716,74067,52189,1.1303700418197946,0.2677663477078577
6099,0.6103,13,77,13,533805,142639,74080,52176,1.1297601698137119,0.26782331955958216
6100,0.6104,26,79,26,533884,142560,74106,52150,1.1291344569763022,0.26783421498639004
6101,0.6105,17,128,17,534012,142432,74123,52133,1.128120643771385,0.267946444632899
6102,0.6106,34,110,34,534122,142322,74157,52099,1.1272493980484095,0.2679700238142999
6103,0.6107,51,178,51,534300,142144,74208,52048,1.1258395640603218,0.26802339952212245
6104,0.6108,20,75,20,534375,142069,74228,52028,1.1252455328855657,0.26805154123968944
6105,0.6109,39,144,39,534519,141925,74267,51989,1.1241049930300342,0.26810338603710926
6106,0.611,26,118,26,534637,141807,74293,51963,1.1231703839817513,0.2681684471280384
6107,0.6111,24,122,24,534759,141685,74317,51939,1.1222040932708148,0.2682467049539313
6108,0.6112,24,85,24,534844,141600,74341,51915,1.1215308579394248,0.2682737772265716
6109,0.6113,28,83,28,534927,141517,74369,51887,1.1208734634393613,0.2682829724307667
6110,0.6114,28,88,28,535015,141429,74397,51859,1.1201764668609808,0.2682991184139729
6111,0.6115,10,75,10,535090,141354,74407,51849,1.1195824356862247,0.2683653980528253
6112,0.6116,43,124,43,535214,141230,74450,51806,1.1186003041439614,0.26837481091609855
6113,0.6117,11,60,11,535274,141170,74461,51795,1.1181250792041566,0.2684165522244967
6114,0.6118,14,75,14,535349,141095,74475,51781,1.1175310480294005,0.2684678238868496
6115,0.6119,15,60,15,535409,141035,74490,51766,1.1170558230895957,0.2684944580162966
6116,0.612,31,83,31,535492,140952,74521,51735,1.1163984285895323,0.2684924255398652
6117,0.6121,24,75,24,535567,140877,74545,51711,1.1158043974147762,0.26850582590815625
6118,0.6122,30,101,30,535668,140776,74575,51681,1.1150044354327715,0.26853271120302197
6119,0.6123,23,87,23,535755,140689,74598,51658,1.1143153592700545,0.26856670496550505
6120,0.6124,31,132,31,535887,140557,74629,51627,1.1132698644024839,0.2686331848645048
6121,0.6125,10,55,10,535942,140502,74639,51617,1.112834241540996,0.26867202098699244
6122,0.6126,19,86,19,536028,140416,74658,51598,1.1121530857939426,0.26871998916745654
6123,0.6127,25,97,25,536125,140319,74683,51573,1.1113848054745914,0.2687605528109562
6124,0.6128,46,142,46,536267,140177,74729,51527,1.1102601064503865,0.26878416725785587
6125,0.6129,16,79,16,536346,140098,74745,51511,1.1096343936129769,0.26883392742512097
6126,0.613,20,94,20,536440,140004,74765,51491,1.108889874540616,0.26888952714170083
6127,0.6131,7,31,7,536471,139973,74772,51484,1.10864434165505,0.26890633405934494
6128,0.6132,18,108,18,536579,139865,74790,51466,1.1077889367634013,0.2689893430756124
6129,0.6133,24,100,24,536679,139765,74814,51442,1.10699689519706,0.26903826742744774
6130,0.6134,19,85,19,536764,139680,74833,51423,1.1063236598656698,0.26908525768826236
6131,0.6135,25,148,25,536912,139532,74858,51398,1.1051514383474845,0.2691981354423087
6132,0.6136,23,102,23,537014,139430,74881,51375,1.1043435559498163,0.26925395036817695
6133,0.6137,35,119,35,537133,139311,74916,51340,1.10340102648587,0.2692878610655071
6134,0.6138,21,86,21,537219,139225,74937,51319,1.1027198707388164,0.26932886892266356
6135,0.6139,32,104,32,537323,139121,74969,51287,1.1018961475098212,0.26935317843788076
6136,0.614,32,152,32,537475,138969,75001,51255,1.1006922443289824,0.2694454958364875
6137,0.6141,21,80,21,537555,138889,75022,51234,1.1000586110759092,0.2694781799151076
6138,0.6142,32,124,32,537679,138765,75054,51202,1.0990764795336458,0.2695310238093985
6139,0.6143,42,141,42,537820,138624,75096,51160,1.0979597009251045,0.26956961598448764
6140,0.6144,6,29,6,537849,138595,75102,51154,1.0977300088708655,0.2695877185123505
6141,0.6145,23,100,23,537949,138495,75125,51131,1.096937967304524,0.2696412939153913
6142,0.6146,30,105,30,538054,138390,75155,51101,1.0961063236598656,0.26967507691658177
6143,0.6147,9,62,9,538116,138328,75164,51092,1.095615257888734,0.26972864533840146
6144,0.6148,41,145,41,538261,138183,75205,51051,1.094466797617539,0.269777101366562
6145,0.6149,13,60,13,538321,138123,75218,51038,1.093991572677734,0.2698124877749642
6146,0.615,26,103,26,538424,138020,75244,51012,1.0931757698644025,0.2698590714799611
6147,0.6151,24,112,24,538536,137908,75268,50988,1.0922886833101002,0.26992630865661527
6148,0.6152,25,97,25,538633,137811,75293,50963,1.091520402990749,0.26996832190873743
6149,0.6153,20,93,20,538726,137718,75313,50943,1.0907838043340514,0.27002401132189485
6150,0.6154,29,145,29,538871,137573,75342,50914,1.0896353440628563,0.2701194246818083
6151,0.6155,19,80,19,538951,137493,75361,50895,1.0890017108097834,0.27016051977832983
6152,0.6156,19,107,19,539058,137386,75380,50876,1.088154226333798,0.27024040964188206
6153,0.6157,36,117,36,539175,137269,75416,50840,1.0872275377011786,0.27026883349547337
6154,0.6158,28,134,28,539309,137135,75444,50812,1.086166202002281,0.27035281222897944
6155,0.6159,20,90,20,539399,137045,75464,50792,1.085453364592574,0.2704046593589122
6156,0.616,31,148,31,539547,136897,75495,50761,1.0842811430743886,0.2704973941958243
6157,0.6161,23,75,23,539622,136822,75518,50738,1.0836871118996325,0.27051610151418215
6158,0.6162,26,61,26,539683,136761,75544,50712,1.0832039665441642,0.2705029524251492
6159,0.6163,34,131,34,539814,136630,75578,50678,1.082166392092257,0.2705597198197621
6160,0.6164,18,80,18,539894,136550,75596,50660,1.0815327588391839,0.2706052027135303
6161,0.6165,29,99,29,539993,136451,75625,50631,1.0807486376885058,0.2706353363765622
6162,0.6166,25,99,25,540092,136352,75650,50606,1.079964516537828,0.2706811155446678
6163,0.6167,25,132,25,540224,136220,75675,50581,1.0789190216702573,0.27077478171958397
6164,0.6168,23,100,23,540324,136120,75698,50558,1.078126980103916,0.2708299853223197
6165,0.6169,14,90,14,540414,136030,75712,50544,1.0774141426942085,0.2709059140073108
6166,0.617,31,177,31,540591,135853,75743,50513,1.0760122291217844,0.27104192824871487
6167,0.6171,22,91,22,540682,135762,75765,50491,1.0752914712964137,0.27108825092750183
6168,0.6172,33,108,33,540790,135654,75798,50458,1.074436066404765,0.27111631705639616
6169,0.6173,24,59,24,540849,135595,75822,50434,1.0739687618806235,0.2711082680657317
6170,0.6174,17,89,17,540938,135506,75839,50417,1.0732638448865797,0.271171398912453
6171,0.6175,18,67,18,541005,135439,75857,50399,1.072733177037131,0.2711985707982221
6172,0.6176,18,105,18,541110,135334,75875,50381,1.0719015333924724,0.2712812643028296
6173,0.6177,19,113,19,541223,135221,75894,50362,1.0710065264225066,0.27137183901542705
6174,0.6178,39,105,39,541328,135116,75933,50323,1.0701748827778481,0.2713722571843032
6175,0.6179,16,49,16,541377,135067,75949,50307,1.0697867824103409,0.2713810998306127
6176,0.618,22,95,22,541472,134972,75971,50285,1.0690343429223166,0.27143373799640497
6177,0.6181,18,63,18,541535,134909,75989,50267,1.0685353567355216,0.2714552641811034
6178,0.6182,24,94,24,541629,134815,76013,50243,1.0677908376631606,0.27149866528331656
6179,0.6183,12,58,12,541687,134757,76025,50231,1.0673314535546825,0.27153653209937945
6180,0.6184,30,120,30,541807,134637,76055,50201,1.066381003675073,0.27159458552894966
6181,0.6185,49,117,49,541924,134520,76104,50152,1.0654543150424534,0.27157338416219023
6182,0.6186,22,97,22,542021,134423,76126,50130,1.0646860347231022,0.2716292880635915
6183,0.6187,21,75,21,542096,134348,76147,50109,1.0640920035483463,0.2716568089039722
6184,0.6188,10,68,10,542164,134280,76157,50099,1.063553415283234,0.2717174949424826
6185,0.6189,25,106,25,542270,134174,76182,50074,1.0627138512229122,0.2717749989145065
6186,0.619,17,72,17,542342,134102,76199,50057,1.0621435812951463,0.27181403026732337
6187,0.6191,21,111,21,542453,133991,76220,50036,1.0612644151565074,0.2718948849897026
6188,0.6192,18,77,18,542530,133914,76238,50018,1.0606545431504246,0.27193745514646717
6189,0.6193,8,47,8,542577,133867,76246,50010,1.060282283614244,0.2719752878282765
6190,0.6194,35,121,35,542698,133746,76281,49975,1.059323913318971,0.2720157194877015
6191,0.6195,40,148,40,542846,133598,76321,49935,1.0581516918007856,0.2720764113265734
6192,0.6196,18,131,18,542977,133467,76339,49917,1.0571141173488785,0.27219931946080356
6193,0.6197,19,71,19,543048,133396,76358,49898,1.0565517678367762,0.2722293146529619
6194,0.6198,31,121,31,543169,133275,76389,49867,1.055593397541503,0.27228598573784274
6195,0.6199,38,152,38,543321,133123,76427,49829,1.054389494360664,0.27236105645196557
6196,0.62,8,43,8,543364,133080,76435,49821,1.0540489164871372,0.2723932619285843
6197,0.6201,19,96,19,543460,132984,76454,49802,1.0532885565834496,0.2724606917378793
6198,0.6202,17,59,17,543519,132925,76471,49785,1.052821252059308,0.27248098078922883
6199,0.6203,19,75,19,543594,132850,76490,49766,1.052227220884552,0.2725171945503132
6200,0.6204,21,99,21,543693,132751,76511,49745,1.051443099733874,0.2725813168507803
6201,0.6205,20,88,20,543781,132663,76531,49725,1.0507461031554937,0.2726330679649977
6202,0.6206,18,77,18,543858,132586,76549,49707,1.0501362311494107,0.2726764055668621
6203,0.6207,29,130,29,543988,132456,76578,49678,1.049106577113167,0.272755224175607
6204,0.6208,15,84,15,544072,132372,76593,49663,1.0484412621974402,0.2728211607657868
6205,0.6209,25,120,25,544192,132252,76618,49638,1.0474908123178304,0.27290120402441037
6206,0.621,14,76,14,544268,132176,76632,49624,1.046888860727411,0.27295929592959295
6207,0.6211,24,86,24,544354,132090,76656,49600,1.0462077049803573,0.27299245968407726
6208,0.6212,12,67,12,544421,132023,76668,49588,1.0456770371309085,0.27304513493125415
6209,0.6213,13,79,13,544500,131944,76681,49575,1.045051324293499,0.27311190564073184
6210,0.6214,29,148,29,544648,131796,76710,49546,1.0438791027753136,0.27321855940708717
6211,0.6215,27,136,27,544784,131660,76737,49519,1.0428019262450894,0.27331534007804437
6212,0.6216,13,62,13,544846,131598,76750,49506,1.0423108604739577,0.2733567452955208
6213,0.6217,17,57,17,544903,131541,76767,49489,1.0418593967811431,0.27337457879909405
6214,0.6218,22,83,22,544986,131458,76789,49467,1.0412020022810797,0.2734116346552439
6215,0.6219,17,68,17,545054,131390,76806,49450,1.0406634140159676,0.2734461402344614
6216,0.622,28,73,28,545127,131317,76834,49422,1.0400852236725384,0.2734440270223914
6217,0.6221,20,67,20,545194,131250,76854,49402,1.0395545558230896,0.2734650045391139
6218,0.6222,32,76,32,545270,131174,76886,49370,1.0389526042326702,0.2734513470400567
6219,0.6223,18,90,18,545360,131084,76904,49352,1.0382397668229628,0.27351526302955065
6220,0.6224,11,58,11,545418,131026,76915,49341,1.037780382714485,0.27355891044370645
6221,0.6225,29,90,29,545508,130936,76944,49312,1.0370675453047775,0.2735786250055479
6222,0.6226,22,79,22,545587,130857,76966,49290,1.0364418324673679,0.2736098852603707
6223,0.6227,24,79,24,545666,130778,76990,49266,1.0358161196299582,0.27363311190597855
6224,0.6228,34,103,34,545769,130675,77024,49232,1.0350003168166266,0.27365249823519927
6225,0.6229,19,80,19,545849,130595,77043,49213,1.0343666835635534,0.273697499555081
6226,0.623,36,123,36,545972,130472,77079,49177,1.0333924724369534,0.27373934728275695
6227,0.6231,16,66,16,546038,130406,77095,49161,1.0328697250031682,0.27377524823603444
6228,0.6232,23,109,23,546147,130297,77118,49138,1.032006399695856,0.2738484688048597
6229,0.6233,25,96,25,546243,130201,77143,49113,1.0312460397921683,0.2738938398563414
6230,0.6234,25,118,25,546361,130083,77168,49088,1.0303114307438854,0.2739729085622115
6231,0.6235,24,103,24,546464,129980,77192,49064,1.0294956279305538,0.2740331985433748
6232,0.6236,18,67,18,546531,129913,77210,49046,1.028964960081105,0.27406277415497404
6233,0.6237,23,106,23,546637,129807,77233,49023,1.0281253960207832,0.27413185707096127
6234,0.6238,14,71,14,546708,129736,77247,49009,1.0275630465086807,0.27418389325575543
6235,0.6239,16,60,16,546768,129676,77263,48993,1.027087821568876,0.27421097112537707
6236,0.624,25,109,25,546877,129567,77288,48968,1.0262244962615639,0.2742767524575013
6237,0.6241,16,80,16,546957,129487,77304,48952,1.0255908630084907,0.2743346465738992
6238,0.6242,22,94,22,547051,129393,77326,48930,1.0248463439361297,0.2743897309937585
6239,0.6243,56,194,56,547245,129199,77382,48874,1.0233097832974274,0.2744604740752388
6240,0.6244,13,53,13,547298,129146,77395,48861,1.0228900012672666,0.27448920548068334
6241,0.6245,23,83,23,547381,129063,77418,48838,1.0222326067672032,0.27452347091921914
6242,0.6246,24,103,24,547484,128960,77442,48814,1.0214168039538716,0.2745845849224296
6243,0.6247,22,103,22,547587,128857,77464,48792,1.0206010011405398,0.2746539524568109
6244,0.6248,10,39,10,547626,128818,77474,48782,1.0202921049296667,0.27467342342342344
6245,0.6249,12,53,12,547679,128765,77486,48770,1.0198723228995057,0.2747063959219309
6246,0.625,42,168,42,547847,128597,77528,48728,1.0185416930680522,0.2747948681798957
6247,0.6251,16,67,16,547914,128530,77544,48712,1.0180110252186034,0.2748332787939653
6248,0.6252,29,137,29,548051,128393,77573,48683,1.0169259282727157,0.27492714992432626
6249,0.6253,17,76,17,548127,128317,77590,48666,1.0163239766822962,0.2749755626246589
6250,0.6254,16,103,16,548230,128214,77606,48650,1.0155081738689646,0.27507011036728785
6251,0.6255,27,146,27,548376,128068,77633,48623,1.0143517931821062,0.27518662523841053
6252,0.6256,26,117,26,548493,127951,77659,48597,1.0134251045494869,0.27526225162562024
6253,0.6257,22,90,22,548583,127861,77681,48575,1.0127122671397795,0.2753122945430638
6254,0.6258,17,54,17,548637,127807,77698,48558,1.0122845646939551,0.27532673716440337
6255,0.6259,23,85,23,548722,127722,77721,48535,1.011611329362565,0.27536495004453726
6256,0.626,32,133,32,548855,127589,77753,48503,1.0105579140793308,0.27544124662108443
6257,0.6261,11,38,11,548893,127551,77764,48492,1.010256938284121,0.27545542850326343
6258,0.6262,56,234,56,549127,127317,77820,48436,1.0084035610188822,0.2755913128083162
6259,0.6263,19,120,19,549247,127197,77839,48417,1.0074531111392726,0.2757012538863644
6260,0.6264,23,70,23,549317,127127,77862,48394,1.0068986820428336,0.2757162960557426
6261,0.6265,30,116,30,549433,127011,77892,48364,1.0059799138258776,0.27577476835352815
6262,0.6266,25,76,25,549509,126935,77917,48339,1.0053779622354582,0.27579104716044595
6263,0.6267,12,56,12,549565,126879,77929,48327,1.004934418958307,0.2758295948768878
6264,0.6268,10,68,10,549633,126811,77939,48317,1.0043958306931948,0.27589534511899866
6265,0.6269,14,56,14,549689,126755,77953,48303,1.0039522874160436,0.27592569319882554
6266,0.627,20,73,20,549762,126682,77973,48283,1.0033740970726144,0.27595804875260765
6267,0.6271,7,20,7,549782,126662,77980,48276,1.0032156887593462,0.27596062605037214
6268,0.6272,17,75,17,549857,126587,77997,48259,1.00262165758459,0.276008601855347
6269,0.6273,20,102,20,549959,126485,78017,48239,1.0018137751869218,0.2760868569858749
6270,0.6274,30,90,30,550049,126395,78047,48209,1.0011009377772147,0.2761047856864677
6271,0.6275,20,69,20,550118,126326,78067,48189,1.000554429096439,0.27613099160530613
6272,0.6276,24,115,24,550233,126211,78091,48165,0.9996435812951464,0.2762134697435427
6273,0.6277,41,120,41,550353,126091,78132,48124,0.9986931314155367,0.2762333897769997
6274,0.6278,14,70,14,550423,126021,78146,48110,0.9981387023190977,0.27628624426437565
6275,0.6279,17,63,17,550486,125958,78163,48093,0.9976397161323026,0.27631556267990415
6276,0.628,14,55,14,550541,125903,78177,48079,0.9972040932708148,0.2763446793346438
6277,0.6281,13,36,13,550577,125867,78190,48066,0.996918958306932,0.2763477890912018
6278,0.6282,28,69,28,550646,125798,78218,48038,0.9963724496261563,0.27634091902712904
6279,0.6283,20,78,20,550724,125720,78238,48018,0.9957546572044101,0.2763816781590671
6280,0.6284,23,116,23,550840,125604,78261,47995,0.994835888987454,0.2764704865811439
6281,0.6285,30,98,30,550938,125506,78291,47965,0.9940596882524395,0.2765015478091439
6282,0.6286,36,128,36,551066,125378,78327,47929,0.9930458750475225,0.27655547669742137
6283,0.6287,39,127,39,551193,125251,78366,47890,0.992039982258269,0.27659537602301015
6284,0.6288,38,122,38,551315,125129,78404,47852,0.9910736915473324,0.27663153756770975
6285,0.6289,31,180,31,551495,124949,78435,47821,0.9896480167279179,0.2767899519592522
6286,0.629,13,81,13,551576,124868,78448,47808,0.9890064630591814,0.2768653431860826
6287,0.6291,15,52,15,551628,124816,78463,47793,0.9885946014446838,0.2768859097729551
6288,0.6292,39,121,39,551749,124695,78502,47754,0.9876362311494107,0.27691665361933093
6289,0.6293,15,57,15,551806,124638,78517,47739,0.9871847674565961,0.2769453001270471
6290,0.6294,35,108,35,551914,124530,78552,47704,0.9863293625649474,0.2769720264291603
6291,0.6295,19,90,19,552004,124440,78571,47685,0.9856165251552401,0.277037037037037
6292,0.6296,38,135,38,552139,124305,78609,47647,0.9845472690406792,0.2770947706336652
6293,0.6297,34,112,34,552251,124193,78643,47613,0.9836601824863769,0.27713234694946626
6294,0.6298,42,145,42,552396,124048,78685,47571,0.9825117222151819,0.2771895885653686
6295,0.6299,31,101,31,552497,123947,78716,47540,0.9817117602331771,0.2772221801069469
6296,0.63,33,125,33,552622,123822,78749,47507,0.9807217082752503,0.2772852231671229
6297,0.6301,21,114,21,552736,123708,78770,47486,0.979818780889621,0.277381216631424
6298,0.6302,24,92,24,552828,123616,78794,47462,0.979090102648587,0.2774290089900513
6299,0.6303,19,90,19,552918,123526,78813,47443,0.9783772652388797,0.27749475051032646
6300,0.6304,11,46,11,552964,123480,78824,47432,0.9780129261183627,0.2775229357798165
6301,0.6305,25,97,25,553061,123383,78849,47407,0.9772446457990115,0.2775747994613268
6302,0.6306,10,30,10,553091,123353,78859,47397,0.9770070333291091,0.2775812591508053
6303,0.6307,10,57,10,553148,123296,78869,47387,0.9765555696362945,0.27763163291013165
6304,0.6308,14,40,14,553188,123256,78883,47373,0.9762387530097579,0.27763744732724216
6305,0.6309,21,73,21,553261,123183,78904,47352,0.9756605626663287,0.2776673410150409
6306,0.631,24,85,24,553346,123098,78928,47328,0.9749873273349385,0.2777041061809818
6307,0.6311,27,93,27,553439,123005,78955,47301,0.974250728678241,0.27774124223456603
6308,0.6312,21,62,21,553501,122943,78976,47280,0.9737596629071094,0.2777533000828325
6309,0.6313,18,70,18,553571,122873,78994,47262,0.9732052338106704,0.27779116583889263
6310,0.6314,21,95,21,553666,122778,79015,47241,0.9724527943226461,0.277857180668043
6311,0.6315,31,74,31,553740,122704,79046,47210,0.9718666835635534,0.27784643996374636
6312,0.6316,40,116,40,553856,122588,79086,47170,0.9709479153465974,0.2778661388564898
6313,0.6317,10,55,10,553911,122533,79096,47160,0.9705122924851096,0.2779136440513162
6314,0.6318,35,99,35,554010,122434,79131,47125,0.9697281713344317,0.2779268573181017
6315,0.6319,34,137,34,554147,122297,79165,47091,0.9686430743885439,0.27800670649632797
6316,0.632,21,63,21,554210,122234,79186,47070,0.9681440882017488,0.2780206019940462
6317,0.6321,22,87,22,554297,122147,79208,47048,0.9674550120390318,0.27806968291025147
6318,0.6322,21,98,21,554395,122049,79229,47027,0.9666788113040172,0.27814119094371764
6319,0.6323,29,105,29,554500,121944,79258,46998,0.9658471676593587,0.2781901480981639
6320,0.6324,29,76,29,554576,121868,79287,46969,0.9652452160689393,0.27819139169731755
6321,0.6325,13,88,13,554664,121780,79300,46956,0.9645482194905589,0.2782808647828561
6322,0.6326,24,73,24,554737,121707,79324,46932,0.9639700291471296,0.27829861419956237
6323,0.6327,17,66,17,554803,121641,79341,46915,0.9634472817133443,0.27833479674410877
6324,0.6328,18,82,18,554885,121559,79359,46897,0.9627978076289444,0.2783931709170347
6325,0.6329,16,61,16,554946,121498,79375,46881,0.9623146622734761,0.2784254568562588
6326,0.633,21,74,21,555020,121424,79396,46860,0.9617285515143835,0.27845784507142685
6327,0.6331,17,70,17,555090,121354,79413,46843,0.9611741224179445,0.2785008056029537
6328,0.6332,28,101,28,555191,121253,79441,46815,0.9603741604359397,0.27854796867934406
6329,0.6333,28,147,28,555338,121106,79469,46787,0.9592098593334178,0.27867153484659873
6330,0.6334,35,93,35,555431,121013,79504,46752,0.9584732606767203,0.2786755282687092
6331,0.6335,20,72,20,555503,120941,79524,46732,0.9579029907489545,0.2787091541273789
6332,0.6336,11,89,11,555592,120852,79535,46721,0.9571980737549106,0.2788098321328615
6333,0.6337,30,112,30,555704,120740,79565,46691,0.9563109872006083,0.27886711540873554
6334,0.6338,19,69,19,555773,120671,79584,46672,0.9557644785198327,0.2789002228954901
6335,0.6339,30,96,30,555869,120575,79614,46642,0.955004118616145,0.2789309699372671
6336,0.634,16,81,16,555950,120494,79630,46626,0.9543625649474085,0.2789971278123504
6337,0.6341,29,107,29,556057,120387,79659,46597,0.9535150804714232,0.2790506874910171
6338,0.6342,15,57,15,556114,120330,79674,46582,0.9530636167786085,0.27908119248466257
6339,0.6343,22,65,22,556179,120265,79696,46560,0.9525487897604866,0.27909485988311106
6340,0.6344,22,70,22,556249,120195,79718,46538,0.9519943606640476,0.27911691146923523
6341,0.6345,21,93,21,556342,120102,79739,46517,0.9512577620073501,0.27918184600795826
6342,0.6346,16,82,16,556424,120020,79755,46501,0.9506082879229502,0.2792500645564223
6343,0.6347,18,58,18,556482,119962,79773,46483,0.9501489038144721,0.2792694283396918
6344,0.6348,21,66,21,556548,119896,79794,46462,0.9496261563806868,0.27928924367929403
6345,0.6349,19,86,19,556634,119810,79813,46443,0.9489450006336333,0.2793513500508262
6346,0.635,16,72,16,556706,119738,79829,46427,0.9483747307058674,0.27940300303914783
6347,0.6351,17,50,17,556756,119688,79846,46410,0.9479787099226967,0.27941335837878845
6348,0.6352,12,79,12,556835,119609,79858,46398,0.9473529970852871,0.2794942381947749
6349,0.6353,32,98,32,556933,119511,79890,46366,0.9465767963502725,0.2795203675012208
6350,0.6354,39,124,39,557057,119387,79929,46327,0.9455946648080091,0.27955996475855993
6351,0.6355,25,116,25,557173,119271,79954,46302,0.9446758965910531,0.2796470439020855
6352,0.6356,19,78,19,557251,119193,79973,46283,0.9440581041693068,0.27969614929053155
6353,0.6357,23,66,23,557317,119127,79996,46260,0.9435353567355215,0.27970759491374775
6354,0.6358,15,54,15,557371,119073,80011,46245,0.9431076542896971,0.2797336043262077
6355,0.6359,21,104,21,557475,118969,80032,46224,0.9422839310607021,0.27981815210087596
6356,0.636,30,88,30,557563,118881,80062,46194,0.9415869344823217,0.2798364379827351
6357,0.6361,12,80,12,557643,118801,80074,46182,0.9409533012292485,0.2799197493075044
6358,0.6362,50,107,50,557750,118694,80124,46132,0.9401058167532632,0.2798830281630325
6359,0.6363,41,126,41,557876,118568,80165,46091,0.9391078443796731,0.2799178909139494
6360,0.6364,16,56,16,557932,118512,80181,46075,0.9386643011025219,0.2799431303808928
6361,0.6365,4,43,4,557975,118469,80185,46071,0.938323723228995,0.2799987844900936
6362,0.6366,24,108,24,558083,118361,80209,46047,0.9374683183373463,0.2800776117950465
6363,0.6367,18,68,18,558151,118293,80227,46029,0.9369297300722342,0.2801146529375251
6364,0.6368,26,77,26,558228,118216,80253,46003,0.9363198580661514,0.28013201882851557
6365,0.6369,18,77,18,558305,118139,80271,45985,0.9357099860600684,0.2801844946503863
6366,0.637,44,176,44,558481,117963,80315,45941,0.9343159929033076,0.28029212221788363
6367,0.6371,19,66,19,558547,117897,80334,45922,0.9337932454695222,0.2803215744205495
6368,0.6372,31,103,31,558650,117794,80365,45891,0.9329774426561906,0.2803616702813331
6369,0.6373,21,70,21,558720,117724,80386,45870,0.9324230135597517,0.28038925632969425
6370,0.6374,17,90,17,558810,117634,80403,45853,0.9317101761500444,0.28046878345067194
6371,0.6375,14,67,14,558877,117567,80417,45839,0.9311795083005956,0.2805221350501206
6372,0.6376,40,135,40,559012,117432,80457,45799,0.9301102521860347,0.28057783141682646
6373,0.6377,10,60,10,559072,117372,80467,45789,0.9296350272462299,0.2806369169102911
6374,0.6378,15,37,15,559109,117335,80482,45774,0.9293419718666835,0.28063442238012615
6375,0.6379,22,52,22,559161,117283,80504,45752,0.9289301102521861,0.28062685926334835
6376,0.638,27,93,27,559254,117190,80531,45725,0.9281935115954886,0.2806678329190068
6377,0.6381,25,91,25,559345,117099,80556,45700,0.9274727537701178,0.2807142550015663
6378,0.6382,24,76,24,559421,117023,80580,45676,0.9268708021796984,0.2807392792826016
6379,0.6383,17,102,17,559523,116921,80597,45659,0.9260629197820301,0.28084020174683233
6380,0.6384,10,58,10,559581,116863,80607,45649,0.9256035356735521,0.2808961799744019
6381,0.6385,26,87,26,559668,116776,80633,45623,0.9249144595108352,0.2809315328296357
6382,0.6386,34,108,34,559776,116668,80667,45589,0.9240590546191864,0.2809678473039684
6383,0.6387,25,97,25,559873,116571,80692,45564,0.9232907742998353,0.2810250716995097
6384,0.6388,7,34,7,559907,116537,80699,45557,0.9230214801672791,0.2810529692647476
6385,0.6389,26,80,26,559987,116457,80725,45531,0.922387846914206,0.2810763760278539
6386,0.639,14,36,14,560023,116421,80739,45517,0.9221027119503231,0.28107670836987
6387,0.6391,21,101,21,560124,116320,80760,45496,0.9213027499683183,0.2811588470855787
6388,0.6392,43,137,43,560261,116183,80803,45453,0.9202176530224306,0.28120591947338464
6389,0.6393,17,82,17,560343,116101,80820,45436,0.9195681789380307,0.28127302104161894
6390,0.6394,28,106,28,560449,115995,80848,45408,0.9187286148777087,0.2813330607237784
6391,0.6395,16,49,16,560498,115946,80864,45392,0.9183405145102015,0.2813472337577012
6392,0.6396,37,118,37,560616,115828,80901,45355,0.9174059054619187,0.2813882357320561
6393,0.6397,18,60,18,560676,115768,80919,45337,0.9169306805221138,0.28141274324198506
6394,0.6398,15,53,15,560729,115715,80934,45322,0.9165108984919529,0.2814384271937505
6395,0.6399,32,103,32,560832,115612,80966,45290,0.9156950956786212,0.28147568084921254
6396,0.64,18,65,18,560897,115547,80984,45272,0.9151802686604993,0.281509025674827
6397,0.6401,13,48,13,560945,115499,80997,45259,0.9148000887086555,0.28153497804152827
6398,0.6402,19,75,19,561020,115424,81016,45240,0.9142060575338994,0.28158143703629934
6399,0.6403,24,81,24,561101,115343,81040,45216,0.9135645038651629,0.2816161037375669
6400,0.6404,32,123,32,561224,115220,81072,45184,0.912590292738563,0.2816887359417471
6401,0.6405,11,72,11,561296,115148,81083,45173,0.9120200228107971,0.2817659570486711
6402,0.6406,20,63,20,561359,115085,81103,45153,0.9115210366240021,0.2817870917010946
6403,0.6407,28,88,28,561447,114997,81131,45125,0.9108240400456216,0.28181636502167096
6404,0.6408,35,127,35,561574,114870,81166,45090,0.909818147256368,0.28188297074268565
6405,0.6409,30,90,30,561664,114780,81196,45060,0.9091053098466607,0.2819069069069069
6406,0.641,34,126,34,561790,114654,81230,45026,0.9081073374730706,0.28197645290581164
6407,0.6411,23,101,23,561891,114553,81253,45003,0.9073073754910658,0.28205144275364136
6408,0.6412,57,153,57,562044,114400,81310,44946,0.9060955518945635,0.28206544249620324
6409,0.6413,30,99,30,562143,114301,81340,44916,0.9053114307438854,0.2821055540551574
6410,0.6414,16,71,16,562214,114230,81356,44900,0.904749081231783,0.2821592408722428
6411,0.6415,6,52,6,562266,114178,81362,44894,0.9043372196172855,0.2822244015288674
6412,0.6416,20,68,20,562334,114110,81382,44874,0.9037986313521733,0.2822548180949026
6413,0.6417,30,102,30,562436,114008,81412,44844,0.9029907489545052,0.2823005061314935
6414,0.6418,27,112,27,562548,113896,81439,44817,0.9021036624002028,0.2823776250212648
6415,0.6419,30,70,30,562618,113826,81469,44787,0.9015492333037638,0.2823665147245182
6416,0.642,28,95,28,562713,113731,81497,44759,0.9007967938157394,0.2824089847939933
6417,0.6421,20,73,20,562786,113658,81517,44739,0.9002186034723102,0.2824485312221822
6418,0.6422,17,43,17,562829,113615,81534,44722,0.8998780255987834,0.28244819593651516
6419,0.6423,26,88,26,562917,113527,81560,44696,0.899181029020403,0.28248737541318264
6420,0.6424,13,46,13,562963,113481,81573,44683,0.898816689899886,0.28251055866063074
6421,0.6425,19,86,19,563049,113395,81592,44664,0.8981355341528323,0.282578024661677
6422,0.6426,22,68,22,563117,113327,81614,44642,0.8975969458877202,0.28259975058397535
6423,0.6427,23,92,23,563209,113235,81637,44619,0.8968682676466861,0.28265992626097536
6424,0.6428,6,40,6,563249,113195,81643,44613,0.8965514510201495,0.2827042988948596
6425,0.6429,18,70,18,563319,113125,81661,44595,0.8959970219237106,0.2827479076845042
6426,0.643,26,110,26,563429,113015,81687,44569,0.895125776200735,0.2828269367448472
6427,0.6431,25,98,25,563527,112917,81712,44544,0.8943495754657205,0.28288909634766707
6428,0.6432,14,106,14,563633,112811,81726,44530,0.8935100114053985,0.2830158699893861
6429,0.6433,15,42,15,563675,112769,81741,44515,0.8931773539475352,0.28302306655476717
6430,0.6434,29,104,29,563779,112665,81770,44486,0.8923536307185401,0.2830780586824137
6431,0.6435,25,100,25,563879,112565,81795,44461,0.8915615891521987,0.2831441926814668
6432,0.6436,26,110,26,563989,112455,81821,44435,0.8906903434292232,0.2832239148447957
6433,0.6437,11,51,11,564040,112404,81832,44424,0.890286402230389,0.2832657433621547
6434,0.6438,23,104,23,564144,112300,81855,44401,0.889462679001394,0.2833485427661598
6435,0.6439,40,166,40,564310,112134,81895,44361,0.8881478900012673,0.28346592542892746
6436,0.644,31,87,31,564397,112047,81926,44330,0.8874588138385503,0.28348158616676367
6437,0.6441,19,71,19,564468,111976,81945,44311,0.8868964643264479,0.28352326169163145
6438,0.6442,36,97,36,564565,111879,81981,44275,0.8861281840070967,0.2835342034145779
6439,0.6443,24,102,24,564667,111777,82005,44251,0.8853203016094284,0.28360935216755967
6440,0.6444,36,92,36,564759,111685,82041,44215,0.8845916233683944,0.2836112892880051
6441,0.6445,17,87,17,564846,111598,82058,44198,0.8839025472056774,0.2836914940049809
6442,0.6446,22,59,22,564905,111539,82080,44176,0.883435242681536,0.2836977812028385
6443,0.6447,22,80,22,564985,111459,82102,44154,0.8828016094284628,0.28374236085674076
6444,0.6448,20,68,20,565053,111391,82122,44134,0.8822630211633506,0.2837743128114451
6445,0.6449,21,98,21,565151,111293,82143,44113,0.881486820428336,0.28385647915781886
6446,0.645,26,65,26,565216,111228,82169,44087,0.8809719934102141,0.28385539065769566
6447,0.6451,21,93,21,565309,111135,82190,44066,0.8802353947535166,0.28392858293438833
6448,0.6452,37,129,37,565438,111006,82227,44029,0.8792136611329363,0.2839939368529687
6449,0.6453,19,72,19,565510,110934,82246,44010,0.8786433912051704,0.2840381040892193
6450,0.6454,16,76,16,565586,110858,82262,43994,0.878041439614751,0.28410353111357944
6451,0.6455,30,99,30,565685,110759,82292,43964,0.877257318464073,0.28414650698344784
6452,0.6456,30,109,30,565794,110650,82322,43934,0.8763939931567609,0.28420793872587075
6453,0.6457,16,55,16,565849,110595,82338,43918,0.8759583702952731,0.28423498346417453
6454,0.6458,28,101,28,565950,110494,82366,43890,0.8751584083132683,0.28429111825059594
6455,0.6459,53,145,53,566095,110349,82419,43837,0.8740099480420732,0.2843124537895788
6456,0.646,18,65,18,566160,110284,82437,43819,0.8734951210239513,0.28434877971227035
6457,0.6461,11,52,11,566212,110232,82448,43808,0.8730832594094539,0.28439366398338095
6458,0.6462,19,79,19,566291,110153,82467,43789,0.8724575465720441,0.2844512868482935
6459,0.6463,15,67,15,566358,110086,82482,43774,0.8719268787225953,0.2845053945144937
6460,0.6464,22,90,22,566448,109996,82504,43752,0.8712140413128882,0.2845695553763301
6461,0.6465,9,60,9,566508,109936,82513,43743,0.8707388163730833,0.28463876001275384
6462,0.6466,13,69,13,566577,109867,82526,43730,0.8701923076923077,0.28470608149898763
6463,0.6467,29,86,29,566663,109781,82555,43701,0.8695111519452541,0.28473045699169935
6464,0.6468,32,103,32,566766,109678,82587,43669,0.8686953491319225,0.2847724441951913
6465,0.6469,40,109,40,566875,109569,82627,43629,0.8678320238246103,0.28478831316335723
6466,0.647,25,87,25,566962,109482,82652,43604,0.8671429476618933,0.28483336163986256
6467,0.6471,14,88,14,567050,109394,82666,43590,0.8664459510835129,0.284931757569419
6468,0.6472,13,62,13,567112,109332,82679,43577,0.8659548853123812,0.28498649523572844
6469,0.6473,18,71,18,567183,109261,82697,43559,0.8653925358002788,0.285034681324434
6470,0.6474,16,59,16,567242,109202,82713,43543,0.8649252312761374,0.28506988772136566
6471,0.6475,20,48,20,567290,109154,82733,43523,0.8645450513242935,0.2850658579877781
6472,0.6476,15,75,15,567365,109079,82748,43508,0.8639510201495374,0.28513569308001335
6473,0.6477,23,83,23,567448,108996,82771,43485,0.8632936256494741,0.28518307198929704
6474,0.6478,24,84,24,567532,108912,82795,43461,0.8626283107337473,0.28522769782048
6475,0.6479,34,91,34,567623,108821,82829,43427,0.8619075529083766,0.2852385581419789
6476,0.648,32,123,32,567746,108698,82861,43395,0.8609333417817767,0.28531885096618514
6477,0.6481,17,63,17,567809,108635,82878,43378,0.8604343555949816,0.28535717339964345
6478,0.6482,18,75,18,567884,108560,82896,43360,0.8598403244202256,0.28541337546076884
6479,0.6483,36,151,36,568035,108409,82932,43324,0.8586443416550501,0.28552786803134456
6480,0.6484,29,113,29,568148,108296,82961,43295,0.8577493346850843,0.28560402662427187
6481,0.6485,25,86,25,568234,108210,82986,43270,0.8570681789380307,0.28564827039873253
6482,0.6486,15,46,15,568280,108164,83001,43255,0.8567038398175136,0.28566428255370857
6483,0.6487,18,75,18,568355,108089,83019,43237,0.8561098086427575,0.28572089396402467
6484,0.6488,13,80,13,568435,108009,83032,43224,0.8554761753896845,0.28581063656741584
6485,0.6489,11,30,11,568465,107979,83043,43213,0.8552385629197821,0.28581538705751625
6486,0.649,31,106,31,568571,107873,83074,43182,0.8543989988594601,0.28586938532322664
6487,0.6491,12,52,12,568623,107821,83086,43170,0.8539871372449627,0.28591108079289496
6488,0.6492,26,109,26,568732,107712,83112,43144,0.8531238119376505,0.28599459086811263
6489,0.6493,16,50,16,568782,107662,83128,43128,0.8527277911544798,0.28601366138338086
6490,0.6494,18,54,18,568836,107608,83146,43110,0.8523000887086555,0.2860308655900423
6491,0.6495,21,70,21,568906,107538,83167,43089,0.8517456596122165,0.2860642514290267
6492,0.6496,18,60,18,568966,107478,83185,43071,0.8512704346724116,0.28609289998605103
6493,0.6497,25,98,25,569064,107380,83210,43046,0.850494233937397,0.28616063712390144
6494,0.6498,18,95,18,569159,107285,83228,43028,0.8497417944493727,0.2862560124540126
6495,0.6499,20,92,20,569251,107193,83248,43008,0.8490131162083386,0.28633630934547705
6496,0.65,27,85,27,569336,107108,83275,42981,0.8483398808769484,0.2863700870816649
6497,0.6501,31,73,31,569409,107035,83306,42950,0.8477616905335192,0.28636196953028636
6498,0.6502,30,69,30,569478,106966,83336,42920,0.8472151818527436,0.2863509600629812
6499,0.6503,28,81,28,569559,106885,83364,42892,0.846573628184007,0.2863724069783745
6500,0.6504,30,74,30,569633,106811,83394,42862,0.8459875174249145,0.2863709553493282
6501,0.6505,28,81,28,569714,106730,83422,42834,0.8453459637561779,0.28639244738038566
6502,0.6506,23,103,23,569817,106627,83445,42811,0.8445301609428463,0.2864800117774596
6503,0.6507,30,101,30,569918,106526,83475,42781,0.8437301989608414,0.2865304372869323
6504,0.6508,25,81,25,569999,106445,83500,42756,0.8430886452921049,0.2865664439246386
6505,0.6509,28,110,28,570109,106335,83528,42728,0.8422173995691293,0.28664390224267594
6506,0.651,23,72,23,570181,106263,83551,42705,0.8416471296413636,0.2866723054615756
6507,0.6511,26,74,26,570255,106189,83577,42679,0.8410610188822709,0.28669022221028023
6508,0.6512,31,98,31,570353,106091,83608,42648,0.8402848181472564,0.2867304472935814
6509,0.6513,40,160,40,570513,105931,83648,42608,0.8390175516411101,0.28684722530783163
6510,0.6514,7,45,7,570558,105886,83655,42601,0.8386611329362565,0.2869005367473247
6511,0.6515,10,48,10,570606,105838,83665,42591,0.8382809529844126,0.2869452734977666
6512,0.6516,20,74,20,570680,105764,83685,42571,0.83769484222532,0.2869922809856069
6513,0.6517,13,50,13,570730,105714,83698,42558,0.8372988214421493,0.28702654580770476
6514,0.6518,12,93,12,570823,105621,83710,42546,0.8365622227854518,0.28714896029480247
6515,0.6519,21,53,21,570876,105568,83731,42525,0.8361424407552909,0.28715064182641986
6516,0.652,29,131,29,571007,105437,83760,42496,0.8351048663033837,0.28726518085890235
6517,0.6521,13,69,13,571076,105368,83773,42483,0.834558357622608,0.2873365753359801
6518,0.6522,14,44,14,571120,105324,83787,42469,0.8342098593334178,0.2873546108408382
6519,0.6523,29,91,29,571211,105233,83816,42440,0.8334891015080471,0.28739173714897104
6520,0.6524,10,62,10,571273,105171,83826,42430,0.8329980357369154,0.2874641770719711
6521,0.6525,35,105,35,571378,105066,83861,42395,0.832166392092257,0.28749974569547204
6522,0.6526,18,52,18,571430,105014,83879,42377,0.8317545304777595,0.28751416300859617
6523,0.6527,22,69,22,571499,104945,83901,42355,0.8312080217969839,0.28754243041412086
6524,0.6528,19,93,19,571592,104852,83920,42336,0.8304714231402864,0.2876321439247765
6525,0.6529,36,129,36,571721,104723,83956,42300,0.829449689519706,0.28771008617699273
6526,0.653,16,68,16,571789,104655,83972,42284,0.8289111012545939,0.287765671469113
6527,0.6531,23,106,23,571895,104549,83995,42261,0.828071537194272,0.28786186227096244
6528,0.6532,27,87,27,571982,104462,84022,42234,0.8273824610315549,0.2879015106069695
6529,0.6533,25,98,25,572080,104364,84047,42209,0.8266062602965404,0.28797254610330686
6530,0.6534,20,52,20,572132,104312,84067,42189,0.8261943986820428,0.28797755646719136
6531,0.6535,17,86,17,572218,104226,84084,42172,0.8255132429349892,0.2880640445907731
6532,0.6536,14,51,14,572269,104175,84098,42158,0.8251093017361552,0.28809632823764975
6533,0.6537,19,76,19,572345,104099,84117,42139,0.8245073501457356,0.2881535578987678
6534,0.6538,35,100,35,572445,103999,84152,42104,0.8237153085793942,0.28818025639446143
6535,0.6539,27,92,27,572537,103907,84179,42077,0.8229866303383602,0.2882302170100833
6536,0.654,14,55,14,572592,103852,84193,42063,0.8225510074768724,0.2882705684816503
6537,0.6541,33,127,33,572719,103725,84226,42030,0.8215451146876188,0.2883606051250386
6538,0.6542,23,104,23,572823,103621,84249,42007,0.8207213914586238,0.28845414343395503
6539,0.6543,33,100,33,572923,103521,84282,41974,0.8199293498922824,0.2884910134368879
6540,0.6544,32,110,32,573033,103411,84314,41942,0.8190581041693068,0.28855269585079085
6541,0.6545,29,86,29,573119,103325,84343,41913,0.8183769484222532,0.2885815007091808
6542,0.6546,22,89,22,573208,103236,84365,41891,0.8176720314282093,0.28865063013774145
6543,0.6547,30,87,30,573295,103149,84395,41861,0.8169829552654924,0.2886766429901386
6544,0.6548,16,47,16,573342,103102,84411,41845,0.8166106957293119,0.2886917287008355
6545,0.6549,13,33,13,573375,103069,84424,41832,0.8163493220124192,0.28869365980911105
6546,0.655,32,94,32,573469,102975,84456,41800,0.8156048029400583,0.2887238818856847
6547,0.6551,16,68,16,573537,102907,84472,41784,0.8150662146749461,0.2887809193384523
6548,0.6552,20,91,20,573628,102816,84492,41764,0.8143454568495755,0.2888642965832065
6549,0.6553,27,89,27,573717,102727,84519,41737,0.8136405398555316,0.2889093476575479
6550,0.6554,22,73,22,573790,102654,84541,41715,0.8130623495121024,0.2889470731251169
6551,0.6555,29,79,29,573869,102575,84570,41686,0.8124366366746927,0.2889623668212476
6552,0.6556,23,84,23,573953,102491,84593,41663,0.8117713217589659,0.2890173009420481
6553,0.6557,19,100,19,574053,102391,84612,41644,0.8109792801926246,0.28912417120838685
6554,0.6558,32,121,32,574174,102270,84644,41612,0.8100209098973514,0.28920921310518344
6555,0.6559,17,42,17,574216,102228,84661,41595,0.809688252439488,0.28920965353246697
6556,0.656,16,70,16,574286,102158,84677,41579,0.8091338233430491,0.2892713775854512
6557,0.6561,15,46,15,574332,102112,84692,41564,0.808769484222532,0.2892897909184554
6558,0.6562,29,129,29,574461,101983,84721,41535,0.8077477506019516,0.289406206886941
6559,0.6563,22,65,22,574526,101918,84743,41513,0.8072329235838297,0.28942836625276264
6560,0.6564,21,78,21,574604,101840,84764,41492,0.8066151311620834,0.28948176262104763
6561,0.6565,22,85,22,574689,101755,84786,41470,0.8059418958306932,0.2895444231104905
6562,0.6566,22,111,22,574800,101644,84808,41448,0.8050627296920543,0.28965979928996727
6563,0.6567,13,49,13,574849,101595,84821,41435,0.8046746293245469,0.28969446969167306
6564,0.6568,21,57,21,574906,101538,84842,41414,0.8042231656317324,0.28970563545805583
6565,0.6569,22,108,22,575014,101430,84864,41392,0.8033677607400836,0.28981529456246236
6566,0.657,19,68,19,575082,101362,84883,41373,0.8028291724749715,0.2898588292990507
6567,0.6571,27,71,27,575153,101291,84910,41346,0.8022668229628691,0.28986868764766505
6568,0.6572,12,43,12,575196,101248,84922,41334,0.8019262450893423,0.289896340351517
6569,0.6573,16,71,16,575267,101177,84938,41318,0.8013638955772399,0.28996105126495664
6570,0.6574,33,153,33,575420,101024,84971,41285,0.8001520719807376,0.2901081449521815
6571,0.6575,30,103,30,575523,100921,85001,41255,0.7993362691674059,0.29016852352014405
6572,0.6576,19,73,19,575596,100848,85020,41236,0.7987580788239766,0.29022268517215166
6573,0.6577,28,80,28,575676,100768,85048,41208,0.7981244455709036,0.2902462388009241
6574,0.6578,20,89,20,575765,100679,85068,41188,0.7974195285768597,0.2903282652061438
6575,0.6579,17,77,17,575842,100602,85085,41171,0.7968096565707768,0.29040085206633137
6576,0.658,24,78,24,575920,100524,85109,41147,0.7961918641490305,0.2904405277015056
6577,0.6581,22,133,22,576053,100391,85131,41125,0.7951384488657964,0.2906031826789904
6578,0.6582,14,74,14,576127,100317,85145,41111,0.7945523381067039,0.2906850128687389
6579,0.6583,31,86,31,576213,100231,85176,41080,0.7938711823596503,0.2907063144411971
6580,0.6584,15,64,15,576277,100167,85191,41065,0.7933642757571917,0.29076271666477854
6581,0.6585,9,19,9,576296,100148,85200,41056,0.7932137878595868,0.2907566357893544
6582,0.6586,24,90,24,576386,100058,85224,41032,0.7925009504498796,0.2908214614784889
6583,0.6587,23,87,23,576473,99971,85247,41009,0.7918118742871626,0.29088523194779403
6584,0.6588,20,79,20,576552,99892,85267,40989,0.7911861614497528,0.2909476792470241
6585,0.6589,28,92,28,576644,99800,85295,40961,0.7904574832087188,0.290996795987525
6586,0.659,21,67,21,576711,99733,85316,40940,0.78992681535927,0.29102955080221504
6587,0.6591,22,68,22,576779,99665,85338,40918,0.7893882270941579,0.29105937417753214
6588,0.6592,25,123,25,576902,99542,85363,40893,0.788414015967558,0.2911880941360772
6589,0.6593,37,85,37,576987,99457,85400,40856,0.7877407806361678,0.29117758154982076
6590,0.6594,11,52,11,577039,99405,85411,40845,0.7873289190216702,0.2912299465240642
6591,0.6595,13,49,13,577088,99356,85424,40832,0.786940818654163,0.2912660142094901
6592,0.6596,19,51,19,577139,99305,85443,40813,0.7865368774553289,0.2912759245778558
6593,0.6597,18,66,18,577205,99239,85461,40795,0.7860141300215435,0.29132210748818144
6594,0.6598,26,95,26,577300,99144,85487,40769,0.7852616905335192,0.29138821982231816
6595,0.6599,28,71,28,577371,99073,85515,40741,0.7846993410214168,0.29139428097329306
6596,0.66,17,57,17,577428,99016,85532,40724,0.7842478773286022,0.29142693573779876
6597,0.6601,23,65,23,577493,98951,85555,40701,0.7837330503104802,0.29144587975825625
6598,0.6602,30,89,30,577582,98862,85585,40671,0.7830281333164364,0.2914794349723721
6599,0.6603,14,55,14,577637,98807,85599,40657,0.7825925104549487,0.29152326048299204
6600,0.6604,36,112,36,577749,98695,85635,40621,0.7817054239006463,0.29157454994401216
6601,0.6605,18,60,18,577809,98635,85653,40603,0.7812301989608414,0.29160861259139026
6602,0.6606,12,62,12,577871,98573,85665,40591,0.7807391331897098,0.29167744531631745
6603,0.6607,16,51,16,577922,98522,85681,40575,0.7803351919908756,0.29170291235612555
6604,0.6608,25,86,25,578008,98436,85706,40550,0.7796540362438221,0.29175600420186204
6605,0.6609,22,81,22,578089,98355,85728,40528,0.7790124825750855,0.2918139729124515
6606,0.661,14,64,14,578153,98291,85742,40514,0.778505575972627,0.29187709376463383
6607,0.6611,14,89,14,578242,98202,85756,40500,0.7778006589785832,0.29199290565384783
6608,0.6612,38,147,38,578389,98055,85794,40462,0.7766363578760613,0.29210854985308665
6609,0.6613,13,59,13,578448,97996,85807,40449,0.7761690533519199,0.29216656433962945
6610,0.6614,17,60,17,578508,97936,85824,40432,0.7756938284121151,0.29220629047178537
6611,0.6615,30,101,30,578609,97835,85854,40402,0.7748938664301103,0.292266180545006
6612,0.6616,14,56,14,578665,97779,85868,40388,0.774450323152959,0.292312925662423
6613,0.6617,28,94,28,578759,97685,85896,40360,0.7737058040805982,0.2923684305842298
6614,0.6618,21,85,21,578844,97600,85917,40339,0.773032568749208,0.29244086154024607
6615,0.6619,10,84,10,578928,97516,85927,40329,0.7723672538334811,0.2925677391272806
6616,0.662,32,76,32,579004,97440,85959,40297,0.7717653022430617,0.292564815554281
6617,0.6621,16,40,16,579044,97400,85975,40281,0.7714484856165251,0.29256760192038117
6618,0.6622,13,54,13,579098,97346,85988,40268,0.7710207831707008,0.2926155769035127
6619,0.6623,15,51,15,579149,97295,86003,40253,0.7706168419718666,0.2926469305260709
6620,0.6624,20,55,20,579204,97240,86023,40233,0.770181219110379,0.29266110436231113
6621,0.6625,37,88,37,579292,97152,86060,40196,0.7694842225319984,0.29265806564347496
6622,0.6626,18,87,18,579379,97065,86078,40178,0.7687951463692815,0.2927508142491785
6623,0.6627,18,58,18,579437,97007,86096,40160,0.7683357622608035,0.2927817915387812
6624,0.6628,16,93,16,579530,96914,86112,40144,0.767599163604106,0.2928978972405843
6625,0.6629,7,32,7,579562,96882,86119,40137,0.7673457103028767,0.2929301775666148
6626,0.663,19,81,19,579643,96801,86138,40118,0.7667041566341402,0.29300535353018936
6627,0.6631,24,75,24,579718,96726,86162,40094,0.7661101254593841,0.29304195293085805
6628,0.6632,10,41,10,579759,96685,86172,40084,0.7657853884171841,0.2930781098055846
6629,0.6633,22,89,22,579848,96596,86194,40062,0.7650804714231403,0.2931551756940684
6630,0.6634,33,97,33,579945,96499,86227,40029,0.7643121911037891,0.2931926051798898
6631,0.6635,29,91,29,580036,96408,86256,40000,0.7635914332784185,0.2932379332590464
6632,0.6636,15,66,15,580102,96342,86271,39985,0.7630686858446332,0.29330213383995835
6633,0.6637,31,72,31,580174,96270,86302,39954,0.7624984159168673,0.2932963354474982
6634,0.6638,21,74,21,580248,96196,86323,39933,0.7619123051577746,0.29334675197790333
6635,0.6639,28,76,28,580324,96120,86351,39905,0.7613103535673552,0.2933651902223856
6636,0.664,17,68,17,580392,96052,86368,39888,0.7607717653022431,0.2934235692217155
6637,0.6641,32,92,32,580484,95960,86400,39856,0.7600430870612089,0.2934558520351063
6638,0.6642,36,110,36,580594,95850,86436,39820,0.7591718413382335,0.29350630205646056
6639,0.6643,27,74,27,580668,95776,86463,39793,0.7585857305791408,0.29352580604710515
6640,0.6644,23,50,23,580718,95726,86486,39770,0.7581897097959701,0.2935141996811714
6641,0.6645,18,94,18,580812,95632,86504,39752,0.7574451907236092,0.2936240619275542
6642,0.6646,25,45,25,580857,95587,86529,39727,0.7570887720187556,0.2935912026841273
6643,0.6647,24,69,24,580926,95518,86553,39703,0.75654226333798,0.2936156366244888
6644,0.6648,20,59,20,580985,95459,86573,39683,0.7560749588138386,0.2936392831244173
6645,0.6649,15,66,15,581051,95393,86588,39668,0.7555522113800532,0.2937043261933497
6646,0.665,36,121,36,581172,95272,86624,39632,0.7545938410847801,0.29377928008064996
6647,0.6651,17,57,17,581229,95215,86641,39615,0.7541423773919655,0.29381443298969073
6648,0.6652,16,106,16,581335,95109,86657,39599,0.7533028133316436,0.2939617543130326
6649,0.6653,29,70,29,581405,95039,86686,39570,0.7527483842352046,0.2939625136506474
6650,0.6654,16,49,16,581454,94990,86702,39554,0.7523602838676974,0.2939856106552503
6651,0.6655,26,116,26,581570,94874,86728,39528,0.7514415156507414,0.294102766327882
6652,0.6656,20,71,20,581641,94803,86748,39508,0.7508791661386389,0.29415312223123946
6653,0.6657,19,62,19,581703,94741,86767,39489,0.7503881003675072,0.29418907844744097
6654,0.6658,12,58,12,581761,94683,86779,39477,0.7499287162590292,0.2942531305903399
6655,0.6659,17,94,17,581855,94589,86796,39460,0.7491841971866684,0.2943699691903707
6656,0.666,19,82,19,581937,94507,86815,39441,0.7485347231022684,0.2944500851076537
6657,0.6661,21,73,21,582010,94434,86836,39420,0.7479565327588392,0.2944999775875207
6658,0.6662,34,113,34,582123,94321,86870,39386,0.7470615257888734,0.29456946906295106
6659,0.6663,14,43,14,582166,94278,86884,39372,0.7467209479153466,0.2945903479236813
6660,0.6664,34,124,34,582290,94154,86918,39338,0.7457388163730833,0.29468432565247354
6661,0.6665,26,50,26,582340,94104,86944,39312,0.7453427955899126,0.2946573124662709
6662,0.6666,23,74,23,582414,94030,86967,39289,0.7447566848308199,0.2946991801618674
6663,0.6667,24,104,24,582518,93926,86991,39265,0.7439329616018249,0.29480220134994106
6664,0.6668,17,59,17,582577,93867,87008,39248,0.7434656570776834,0.2948428050933403
6665,0.6669,16,60,16,582637,93807,87024,39232,0.7429904321378786,0.2948909718202933
6666,0.667,24,48,24,582685,93759,87048,39208,0.7426102521860347,0.2948701557529312
6667,0.6671,20,60,20,582745,93699,87068,39188,0.7421350272462299,0.29489716827078644
6668,0.6672,19,71,19,582816,93628,87087,39169,0.7415726777341275,0.29495395227301824
6669,0.6673,21,57,21,582873,93571,87108,39148,0.7411212140413129,0.29496906998997885
6670,0.6674,14,50,14,582923,93521,87122,39134,0.7407251932581422,0.29500584222230597
6671,0.6675,23,55,23,582978,93466,87145,39111,0.7402895703966544,0.2950059210873681
6672,0.6676,9,50,9,583028,93416,87154,39102,0.7398935496134837,0.29506934906956034
6673,0.6677,19,78,19,583106,93338,87173,39083,0.7392757571917374,0.29514200919793687
6674,0.6678,23,65,23,583171,93273,87196,39060,0.7387609301736155,0.29516447144703134
6675,0.6679,21,63,21,583234,93210,87217,39039,0.7382619439868204,0.2951931583603657
6676,0.668,18,58,18,583292,93152,87235,39021,0.7378025598783424,0.29522671044767085
6677,0.6681,26,68,26,583360,93084,87261,38995,0.7372639716132303,0.29523997001794383
6678,0.6682,40,138,40,583498,92946,87301,38955,0.7361709542516791,0.29533513771692405
6679,0.6683,12,21,12,583519,92925,87313,38943,0.7360046255227475,0.29531804531804534
6680,0.6684,24,51,24,583570,92874,87337,38919,0.7356006843239133,0.29530399945368874
6681,0.6685,33,110,33,583680,92764,87370,38886,0.7347294386009378,0.29537409798708697
6682,0.6686,17,85,17,583765,92679,87387,38869,0.7340562032695476,0.29547389546021224
6683,0.6687,22,72,22,583837,92607,87409,38847,0.7334859333417818,0.29551782372540963
6684,0.6688,24,90,24,583927,92517,87433,38823,0.7327730959320745,0.2955915943353129
6685,0.6689,18,59,18,583986,92458,87451,38805,0.7323057914079331,0.29562786162132515
6686,0.669,18,63,18,584049,92395,87469,38787,0.7318068052211381,0.2956731868701499
6687,0.6691,14,55,14,584104,92340,87483,38773,0.7313711823596503,0.2957220107845904
6688,0.6692,19,65,19,584169,92275,87502,38754,0.7308563553415284,0.2957665860229415
6689,0.6693,27,96,27,584265,92179,87529,38727,0.7300959954378405,0.2958382350694391
6690,0.6694,17,53,17,584318,92126,87546,38710,0.7296762134076796,0.2958665810633159
6691,0.6695,15,66,15,584384,92060,87561,38695,0.7291534659738943,0.2959351458835226
6692,0.6696,15,52,15,584436,92008,87576,38680,0.7287416043593968,0.2959720861900098
6693,0.6697,26,86,26,584522,91922,87602,38654,0.7280604486123432,0.2960268349466977
6694,0.6698,9,38,9,584560,91884,87611,38645,0.7277594728171335,0.29606447609343517
6695,0.6699,17,74,17,584634,91810,87628,38628,0.7271733620580408,0.29614069519618513
6696,0.67,14,57,14,584691,91753,87642,38614,0.7267218983652262,0.2961945891214801
6697,0.6701,35,72,35,584763,91681,87677,38579,0.7261516284374604,0.2961692000614156
6698,0.6702,16,65,16,584828,91616,87693,38563,0.7256368014193385,0.2962305748238963
6699,0.6703,17,43,17,584871,91573,87710,38546,0.7252962235458117,0.2962365219529815
6700,0.6704,26,72,26,584943,91501,87736,38520,0.7247259536180459,0.2962598349497389
6701,0.6705,18,58,18,585001,91443,87754,38502,0.7242665695095679,0.29629458617107235
6702,0.6706,23,101,23,585102,91342,87777,38479,0.7234666075275631,0.29640042828201907
6703,0.6707,15,55,15,585157,91287,87792,38464,0.7230309846660753,0.2964447287496821
6704,0.6708,13,52,13,585209,91235,87805,38451,0.7226191230515777,0.2964930678716284
6705,0.6709,13,50,13,585259,91185,87818,38438,0.722223102268407,0.2965368800290072
6706,0.671,7,33,7,585292,91152,87825,38431,0.7219617285515144,0.2965743963328523
6707,0.6711,16,95,16,585387,91057,87841,38415,0.72120928906349,0.29670507909045973
6708,0.6712,32,94,32,585481,90963,87873,38383,0.7204647699911292,0.2967467103737263
6709,0.6713,15,42,15,585523,90921,87888,38368,0.7201321125332657,0.2967615187680313
6710,0.6714,11,59,11,585582,90862,87899,38357,0.7196648080091244,0.296837152431144
6711,0.6715,31,104,31,585686,90758,87930,38326,0.7188410847801293,0.29690744011651327
6712,0.6716,31,119,31,585805,90639,87961,38295,0.717898555316183,0.2970124249616083
6713,0.6717,22,49,22,585854,90590,87983,38273,0.7175104549486757,0.2970053467636172
6714,0.6718,29,107,29,585961,90483,88012,38244,0.7166629704726905,0.29709384977510545
6715,0.6719,16,50,16,586011,90433,88028,38228,0.7162669496895198,0.2971218939694235
6716,0.672,23,83,23,586094,90350,88051,38205,0.7156095551894563,0.2971879740189024
6717,0.6721,17,68,17,586162,90282,88068,38188,0.7150709669243442,0.2972522767961392
6718,0.6722,15,61,15,586223,90221,88083,38173,0.7145878215688759,0.2973114008442762
6719,0.6723,24,98,24,586321,90123,88107,38149,0.7138116208338614,0.2974070724709991
6720,0.6724,23,70,23,586391,90053,88130,38126,0.7132571917374224,0.29744341896878584
6721,0.6725,12,64,12,586455,89989,88142,38114,0.7127502851349639,0.2975262093783908
6722,0.6726,10,51,10,586506,89938,88152,38104,0.7123463439361297,0.2975898533293763
6723,0.6727,16,52,16,586558,89886,88168,38088,0.7119344823216323,0.29762295466266586
6724,0.6728,31,76,31,586634,89810,88199,38057,0.7113325307312127,0.29762956822323194
6725,0.6729,7,58,7,586692,89752,88206,38050,0.7108731466227347,0.29772617016948094
6726,0.673,18,67,18,586759,89685,88224,38032,0.710342478773286,0.29778338044269753
6727,0.6731,13,48,13,586807,89637,88237,38019,0.7099622988214421,0.2978238390674939
6728,0.6732,23,92,23,586899,89545,88260,37996,0.7092336205804081,0.2979120439701743
6729,0.6733,33,70,33,586969,89475,88293,37963,0.7086791914839691,0.29789387780724746
6730,0.6734,42,108,42,587077,89367,88335,37921,0.7078237865923204,0.2979149644899755
6731,0.6735,15,70,15,587147,89297,88350,37906,0.7072693574958814,0.2979961164437946
6732,0.6736,7,51,7,587198,89246,88357,37899,0.7068654162970472,0.29807699870226906
6733,0.6737,22,57,22,587255,89189,88379,37877,0.7064139526042327,0.2980891819999056
6734,0.6738,10,38,10,587293,89151,88389,37867,0.706112976809023,0.29812310066289816
6735,0.6739,28,111,28,587404,89040,88417,37839,0.7052338106703839,0.298229021351051
6736,0.674,31,72,31,587476,88968,88448,37808,0.7046635407426182,0.29822679371489874
6737,0.6741,10,36,10,587512,88932,88458,37798,0.7043784057787352,0.29825613509034954
6738,0.6742,17,89,17,587601,88843,88475,37781,0.7036734887846914,0.2983715567349002
6739,0.6743,11,54,11,587655,88789,88486,37770,0.703245786338867,0.2984378827266334
6740,0.6744,22,86,22,587741,88703,88508,37748,0.7025646305918135,0.2985187938410926
6741,0.6745,16,59,16,587800,88644,88524,37732,0.7020973260676721,0.29856934861049567
6742,0.6746,19,48,19,587848,88596,88543,37713,0.7017171461158281,0.298577298529796
6743,0.6747,13,66,13,587914,88530,88556,37700,0.7011943986820428,0.29866117404737386
6744,0.6748,33,96,33,588010,88434,88589,37667,0.7004340387783551,0.2987050063044702
6745,0.6749,25,76,25,588086,88358,88614,37642,0.6998320871879357,0.29874603174603176
6746,0.675,26,83,26,588169,88275,88640,37616,0.6991746926878722,0.2987981666679906
6747,0.6751,9,24,9,588193,88251,88649,37607,0.6989846027119503,0.2988050024630933
6748,0.6752,10,42,10,588235,88209,88659,37597,0.6986519452540869,0.298849021509308
6749,0.6753,28,97,28,588332,88112,88687,37569,0.6978836649347357,0.2989234649628822
6750,0.6754,24,72,24,588404,88040,88711,37545,0.69731339500697,0.29896086316040926
6751,0.6755,17,61,17,588465,87979,88728,37528,0.6968302496515018,0.29901121053008994
6752,0.6756,10,39,10,588504,87940,88738,37518,0.6965213534406286,0.299048287076153
6753,0.6757,11,45,11,588549,87895,88749,37507,0.6961649347357749,0.2990941133315258
6754,0.6758,36,96,36,588645,87799,88785,37471,0.6954045748320872,0.2991218967031213
6755,0.6759,20,54,20,588699,87745,88805,37451,0.6949768723862628,0.2991389501262021
6756,0.676,25,53,25,588752,87692,88830,37426,0.6945570903561019,0.29912562540961335
6757,0.6761,23,58,23,588810,87634,88853,37403,0.6940977062476239,0.2991354559050521
6758,0.6762,29,97,29,588907,87537,88882,37374,0.6933294259282727,0.29920503398419673
6759,0.6763,14,43,14,588950,87494,88896,37360,0.6929888480547459,0.29922950005606547
6760,0.6764,8,68,8,589018,87426,88904,37352,0.6924502597896338,0.29934764141114617
6761,0.6765,28,69,28,589087,87357,88932,37324,0.6919037511088582,0.2993559564007347
6762,0.6766,19,57,19,589144,87300,88951,37305,0.6914522874160436,0.29938605994944023
6763,0.6767,22,54,22,589198,87246,88973,37283,0.6910245849702192,0.2993921094684772
6764,0.6768,19,47,19,589245,87199,88992,37264,0.6906523254340388,0.29939821473048217
6765,0.6769,24,74,24,589319,87125,89016,37240,0.6900662146749461,0.29944116109837976
6766,0.677,10,33,10,589352,87092,89026,37230,0.6898048409580535,0.29946429433245925
6767,0.6771,20,67,20,589419,87025,89046,37210,0.6892741731086047,0.2995130196804443
6768,0.6772,39,154,39,589573,86871,89085,37171,0.688054429096439,0.2996646297221909
6769,0.6773,15,73,15,589646,86798,89100,37156,0.6874762387530098,0.29975636123077914
6770,0.6774,21,79,21,589725,86719,89121,37135,0.6868505259156,0.29982883072004135
6771,0.6775,28,109,28,589834,86610,89149,37107,0.6859872006082879,0.2999345279953442
6772,0.6776,23,70,23,589904,86540,89172,37084,0.6854327715118489,0.2999741150585647
6773,0.6777,11,31,11,589935,86509,89183,37073,0.6851872386262831,0.29998705313071483
6774,0.6778,12,42,12,589977,86467,89195,37061,0.6848545811684197,0.3000210478595946
6775,0.6779,27,107,27,590084,86360,89222,37034,0.6840070966924344,0.30012804512374996
6776,0.678,22,38,22,590122,86322,89244,37012,0.6837061208972247,0.30009567515851265
6777,0.6781,13,63,13,590185,86259,89257,36999,0.6832071347104296,0.3001752421749501
6778,0.6782,26,94,26,590279,86165,89283,36973,0.6824626156380686,0.30025662265100944
6779,0.6783,22,74,22,590353,86091,89305,36951,0.681876504878976,0.30031208855512753
6780,0.6784,20,65,20,590418,86026,89325,36931,0.6813616778608541,0.30035703538635455
6781,0.6785,25,60,25,590478,85966,89350,36906,0.6808864529210493,0.3003613516504981
6782,0.6786,10,70,10,590548,85896,89360,36896,0.6803320238246103,0.30047560101635284
6783,0.6787,24,77,24,590625,85819,89384,36872,0.6797221518185275,0.30052734104376033
6784,0.6788,13,54,13,590679,85765,89397,36859,0.6792944493727031,0.30058552974947805
6785,0.6789,19,70,19,590749,85695,89416,36840,0.6787400202762641,0.300648794222059
6786,0.679,23,81,23,590830,85614,89439,36817,0.6780984666075276,0.30071632184659114
6787,0.6791,18,52,18,590882,85562,89457,36799,0.67768660499303,0.3007412492542558
6788,0.6792,19,86,19,590968,85476,89476,36780,0.6770054492459764,0.3008441303494307
6789,0.6793,17,68,17,591036,85408,89493,36763,0.6764668609808643,0.30091429226248456
6790,0.6794,22,91,22,591127,85317,89515,36741,0.6757461031554935,0.301012633338249
6791,0.6795,22,83,22,591210,85234,89537,36719,0.6750887086554302,0.30109140406550067
6792,0.6796,20,57,20,591267,85177,89557,36699,0.6746372449626157,0.30111752929206737
6793,0.6797,28,82,28,591349,85095,89585,36671,0.6739877708782157,0.30115960120230606
6794,0.6798,10,48,10,591397,85047,89595,36661,0.6736075909263718,0.30122095507279717
6795,0.6799,16,59,16,591456,84988,89611,36645,0.6731402864022303,0.3012751473695461
6796,0.68,35,72,35,591528,84916,89646,36610,0.6725700164744646,0.3012524068923523
6797,0.6801,26,62,26,591590,84854,89672,36584,0.6720789507033329,0.30125660831041357
6798,0.6802,14,64,14,591654,84790,89686,36570,0.6715720441008745,0.3013348714568227
6799,0.6803,19,55,19,591709,84735,89705,36551,0.6711364212393867,0.30136206981844565
6800,0.6804,26,78,26,591787,84657,89731,36525,0.6705186288176403,0.3014061494281329
6801,0.6805,29,71,29,591858,84586,89760,36496,0.6699562793055379,0.3014155696139806
6802,0.6806,28,79,28,591937,84507,89788,36468,0.6693305664681283,0.3014507129572226
6803,0.6807,7,20,7,591957,84487,89795,36461,0.66917215815486,0.30146013162681484
6804,0.6808,19,53,19,592010,84434,89814,36442,0.6687523761246991,0.3014825110030114
6805,0.6809,16,56,16,592066,84378,89830,36426,0.6683088328475478,0.3015297506705076
6806,0.681,32,109,32,592175,84269,89862,36394,0.6674455075402357,0.3016168999610485
6807,0.6811,28,71,28,592246,84198,89890,36366,0.6668831580281334,0.3016323280581268
6808,0.6812,9,56,9,592302,84142,89899,36357,0.6664396147509821,0.30172034622693966
6809,0.6813,22,58,22,592360,84084,89921,36335,0.6659802306425041,0.3017380978084854
6810,0.6814,31,116,31,592476,83968,89952,36304,0.6650614624255481,0.30184914194492485
6811,0.6815,14,63,14,592539,83905,89966,36290,0.664562476238753,0.3019260368567744
6812,0.6816,19,103,19,592642,83802,89985,36271,0.6637466734254214,0.3020745713024577
6813,0.6817,34,75,34,592717,83727,90019,36237,0.6631526422506653,0.3020656196859058
6814,0.6818,10,49,10,592766,83678,90029,36227,0.662764541883158,0.30213085359242736
6815,0.6819,20,77,20,592843,83601,90049,36207,0.6621546698770752,0.30220853365384615
6816,0.682,18,64,18,592907,83537,90067,36189,0.6616477632746166,0.30226517214306
6817,0.6821,19,78,19,592985,83459,90086,36170,0.6610299708528704,0.3023514365245885
6818,0.6822,14,56,14,593041,83403,90100,36156,0.6605864275757192,0.3024113617544476
6819,0.6823,24,86,24,593127,83317,90124,36132,0.6599052718286655,0.3024889283292451
6820,0.6824,15,33,15,593160,83284,90139,36117,0.6596438981117729,0.3024849038115259
6821,0.6825,20,55,20,593215,83229,90159,36097,0.6592082752502851,0.3025074166568895
6822,0.6826,32,89,32,593304,83140,90191,36065,0.6585033582562413,0.30254603414286313
6823,0.6827,10,45,10,593349,83095,90201,36055,0.6581469395513877,0.3026017624842635
6824,0.6828,12,43,12,593392,83052,90213,36043,0.6578063616778609,0.3026407489819052
6825,0.6829,14,67,14,593459,82985,90227,36029,0.6572756938284121,0.3027290906952123
6826,0.683,14,46,14,593505,82939,90241,36015,0.6569113547078951,0.3027640936832725
6827,0.6831,16,61,16,593566,82878,90257,35999,0.6564282093524269,0.3028256096637701
6828,0.6832,12,51,12,593617,82827,90269,35987,0.6560242681535927,0.3028851818809231
6829,0.6833,17,41,17,593658,82786,90286,35970,0.6556995311113927,0.3028899592441645
6830,0.6834,20,42,20,593700,82744,90306,35950,0.6553668736535293,0.30287967378300507
6831,0.6835,35,95,35,593795,82649,90341,35915,0.654614434165505,0.3029165682669276
6832,0.6836,17,48,17,593843,82601,90358,35898,0.6542342542136611,0.3029392653102558
6833,0.6837,31,54,31,593897,82547,90389,35867,0.6538065517678368,0.30289492796459877
6834,0.6838,15,60,15,593957,82487,90404,35852,0.653331326828032,0.30296013993696075
6835,0.6839,16,70,16,594027,82417,90420,35836,0.652776897731593,0.30304516587317026
6836,0.684,18,60,18,594087,82357,90438,35818,0.6523016727917881,0.3030928707425428
6837,0.6841,23,53,23,594140,82304,90461,35795,0.6518818907616272,0.30309316759667737
6838,0.6842,27,67,27,594207,82237,90488,35768,0.6513512229121784,0.3031058006016694
6839,0.6843,13,64,13,594271,82173,90501,35755,0.65084431630972,0.3031934739841259
6840,0.6844,19,73,19,594344,82100,90520,35736,0.6502661259662907,0.3032689500661937
6841,0.6845,27,72,27,594416,82028,90547,35709,0.6496958560385249,0.30329463125440603
6842,0.6846,12,46,12,594462,81982,90559,35697,0.6493315169180078,0.30334214260828185
6843,0.6847,25,76,25,594538,81906,90584,35672,0.6487295653275884,0.3033900899828199
6844,0.6848,26,78,26,594616,81828,90610,35646,0.6481117729058421,0.3034373563511926
6845,0.6849,11,50,11,594666,81778,90621,35635,0.6477157521226714,0.30350131586791923
6846,0.685,15,49,15,594715,81729,90636,35620,0.6473276517551642,0.30353901609728245
6847,0.6851,16,80,16,594795,81649,90652,35604,0.646694018502091,0.3036510792900821
6848,0.6852,7,30,7,594825,81619,90659,35597,0.6464564060321886,0.30368720993720993
6849,0.6853,29,91,29,594916,81528,90688,35568,0.645735648206818,0.30375076860012296
6850,0.6854,27,51,27,594967,81477,90715,35541,0.6453317070079838,0.30372250423011843
6851,0.6855,49,195,49,595162,81282,90764,35492,0.643787225953618,0.3039375203384315
6852,0.6856,20,80,20,595242,81202,90784,35472,0.643153592700545,0.30402660404203163
6853,0.6857,18,55,18,595297,81147,90802,35454,0.6427179698390572,0.3040625723621581
6854,0.6858,14,68,14,595365,81079,90816,35440,0.642179381573945,0.3041564036766536
6855,0.6859,41,106,41,595471,80973,90857,35399,0.6413398175136231,0.30418829271646103
6856,0.686,10,51,10,595522,80922,90867,35389,0.640935876314789,0.30426184969607345
6857,0.6861,16,37,16,595559,80885,90883,35373,0.6406428209352427,0.3042629324433587
6858,0.6862,18,63,18,595622,80822,90901,35355,0.6401438347484476,0.3043201322120557
6859,0.6863,11,50,11,595672,80772,90912,35344,0.6397478139652769,0.3043852699025113
6860,0.6864,22,103,22,595775,80669,90934,35322,0.6389320111519452,0.30452362683311635
6861,0.6865,40,119,40,595894,80550,90974,35282,0.637989481687999,0.3045963118999931
6862,0.6866,14,38,14,595932,80512,90988,35268,0.6376885058927892,0.30461219554327174
6863,0.6867,23,77,23,596009,80435,91011,35245,0.6370786338867064,0.30467669432918393
6864,0.6868,18,94,18,596103,80341,91029,35227,0.6363341148143454,0.30481621210023535
6865,0.6869,27,84,27,596187,80257,91056,35200,0.6356687998986187,0.3048754081606139
6866,0.687,22,67,22,596254,80190,91078,35178,0.6351381320491699,0.3049199084668192
6867,0.6871,18,58,18,596312,80132,91096,35160,0.6346787479406919,0.3049647850674808
6868,0.6872,23,68,23,596380,80064,91119,35137,0.6341401596755798,0.3050060329337419
6869,0.6873,13,56,13,596436,80008,91132,35124,0.6336966163984286,0.30507591286523295
6870,0.6874,32,97,32,596533,79911,91164,35092,0.6329283360790774,0.3051398659165413
6871,0.6875,30,99,30,596632,79812,91194,35062,0.6321442149283995,0.30522137298257224
6872,0.6876,23,81,23,596713,79731,91217,35039,0.6315026612596629,0.3052975516249891
6873,0.6877,15,54,15,596767,79677,91232,35024,0.6310749588138386,0.30535043286457836
6874,0.6878,22,86,22,596853,79591,91254,35002,0.6303938030667849,0.3054462314452017
6875,0.6879,32,84,32,596937,79507,91286,34970,0.6297284881510582,0.3054762091948601
6876,0.688,10,40,10,596977,79467,91296,34960,0.6294116715245216,0.30552229805902453
6877,0.6881,9,32,9,597009,79435,91305,34951,0.6291582182232923,0.3055531271309426
6878,0.6882,19,58,19,597067,79377,91324,34932,0.6286988341148143,0.3055927354801459
6879,0.6883,30,90,30,597157,79287,91354,34902,0.6279859967051071,0.3056511572918582
6880,0.6884,22,56,22,597213,79231,91376,34880,0.6275424534279559,0.3056672888678567
6881,0.6885,15,49,15,597262,79182,91391,34865,0.6271543530604486,0.3057072961147597
6882,0.6886,24,56,24,597318,79126,91415,34841,0.6267108097832974,0.3057113023945528
6883,0.6887,22,60,22,597378,79066,91437,34819,0.6262355848434926,0.30573824472055144
6884,0.6888,24,59,24,597437,79007,91461,34795,0.6257682803193512,0.30575033830688386
6885,0.6889,21,90,21,597527,78917,91482,34774,0.6250554429096439,0.3058641405212374
6886,0.689,17,57,17,597584,78860,91499,34757,0.6246039792168293,0.30591372769919994
6887,0.6891,15,51,15,597635,78809,91514,34742,0.6242000380179952,0.3059594367288707
6888,0.6892,26,83,26,597718,78726,91540,34716,0.6235426435179319,0.306024223832443
6889,0.6893,21,99,21,597817,78627,91561,34695,0.6227585223672538,0.30616296923810027
6890,0.6894,28,67,28,597884,78560,91589,34667,0.622227854517805,0.3061725560157913
6891,0.6895,11,51,11,597935,78509,91600,34656,0.621823913318971,0.3062430963637167
6892,0.6896,22,49,22,597984,78460,91622,34634,0.6214358129514637,0.3062408262153607
6893,0.6897,11,37,11,598021,78423,91633,34623,0.6211427575719174,0.3062735523592166
6894,0.6898,19,67,19,598088,78356,91652,34604,0.6206120897224686,0.30633852691218133
6895,0.6899,15,40,15,598128,78316,91667,34589,0.620295273095932,0.30635490013728356
6896,0.69,12,64,12,598192,78252,91679,34577,0.6197883664934736,0.306454900779055
6897,0.6901,12,61,12,598253,78191,91691,34565,0.6193052211380053,0.30654687998864805
6898,0.6902,23,87,23,598340,78104,91714,34542,0.6186161449752883,0.30664204676597484
6899,0.6903,7,35,7,598375,78069,91721,34535,0.6183389304270688,0.3066942559766971
6900,0.6904,20,81,20,598456,77988,91741,34515,0.6176973767583323,0.30679181888482976
6901,0.6905,10,44,10,598500,77944,91751,34505,0.6173488784691421,0.3068502165426104
6902,0.6906,27,64,27,598564,77880,91778,34478,0.6168419718666835,0.3068584346463981
6903,0.6907,17,56,17,598620,77824,91795,34461,0.6163984285895324,0.30690653248430333
6904,0.6908,14,51,14,598671,77773,91809,34447,0.6159944873906983,0.30695954375334167
6905,0.6909,12,26,12,598697,77747,91821,34435,0.6157885565834496,0.3069565527446471
6906,0.691,19,75,19,598772,77672,91840,34416,0.6151945254086935,0.30704446506316463
6907,0.6911,16,44,16,598816,77628,91856,34400,0.6148460271195032,0.30706609062020207
6908,0.6912,18,54,18,598870,77574,91874,34382,0.6144183246736789,0.3071027903819358
6909,0.6913,10,30,10,598900,77544,91884,34372,0.6141807122037765,0.30712319954251405
6910,0.6914,8,39,8,598939,77505,91892,34364,0.6138718159929033,0.3071807203067874
6911,0.6915,33,72,33,599011,77433,91925,34331,0.6133015460651375,0.30717404530975984
6912,0.6916,10,56,10,599067,77377,91935,34321,0.6128580027879863,0.30726602087772387
6913,0.6917,20,53,20,599120,77324,91955,34301,0.6124382207578254,0.3072877939529675
6914,0.6918,15,48,15,599168,77276,91970,34286,0.6120580408059815,0.30732686757139527
6915,0.6919,18,73,18,599241,77203,91988,34268,0.6114798504625523,0.30741627867337695
6916,0.692,19,77,19,599318,77126,92007,34249,0.6108699784564694,0.30751066217732886
6917,0.6921,18,81,18,599399,77045,92025,34231,0.6102284247877329,0.30762248822747046
6918,0.6922,27,79,27,599478,76966,92052,34204,0.6096027119503231,0.30767293334532697
6919,0.6923,19,45,19,599523,76921,92071,34185,0.6092462932454695,0.3076791532410491
6920,0.6924,22,64,22,599587,76857,92093,34163,0.608739386643011,0.3077193298504774
6921,0.6925,25,56,25,599643,76801,92118,34138,0.6082958433658598,0.3077186561984514
6922,0.6926,10,43,10,599686,76758,92128,34128,0.607955265492333,0.30777555327092687
6923,0.6927,12,56,12,599742,76702,92140,34116,0.6075117222151819,0.30785612445631577
6924,0.6928,20,47,20,599789,76655,92160,34096,0.6071394626790014,0.3078617800290742
6925,0.6929,11,42,11,599831,76613,92171,34085,0.6068068052211381,0.30790980866863
6926,0.693,25,72,25,599903,76541,92196,34060,0.6062365352933722,0.3079538159691142
6927,0.6931,15,52,15,599955,76489,92211,34045,0.6058246736788747,0.30800477681075505
6928,0.6932,28,82,28,600037,76407,92239,34017,0.6051751995944747,0.3080580308628559
6929,0.6933,25,52,25,600089,76355,92264,33992,0.6047633379799772,0.30804643533580434
6930,0.6934,17,50,17,600139,76305,92281,33975,0.6043673171968065,0.30807943416757344
6931,0.6935,19,70,19,600209,76235,92300,33956,0.6038128881003675,0.30815583849860695
6932,0.6936,8,59,8,600268,76176,92308,33948,0.603345583576226,0.3082706766917293
6933,0.6937,25,75,25,600343,76101,92333,33923,0.60275155240147,0.30832363847887734
6934,0.6938,22,69,22,600412,76032,92355,33901,0.6022050437206945,0.3083787397778647
6935,0.6939,11,82,11,600494,75950,92366,33890,0.6015555696362945,0.30853969410050985
6936,0.694,13,35,13,600529,75915,92379,33877,0.601278355088075,0.30855617895657245
6937,0.6941,9,40,9,600569,75875,92388,33868,0.6009615384615384,0.3086119388024749
6938,0.6942,18,62,18,600631,75813,92406,33850,0.6004704726904068,0.30867293435342824
6939,0.6943,24,81,24,600712,75732,92430,33826,0.5998289190216702,0.30874970335347485
6940,0.6944,13,47,13,600759,75685,92443,33813,0.5994566594854898,0.3088001607335294
6941,0.6945,18,60,18,600819,75625,92461,33795,0.598981434545685,0.3088557850484372
6942,0.6946,12,76,12,600895,75549,92473,33783,0.5983794829552654,0.30899462188563276
6943,0.6947,24,66,24,600961,75483,92497,33759,0.5978567355214802,0.30902949415060144
6944,0.6948,10,45,10,601006,75438,92507,33749,0.5975003168166265,0.30909357341075405
6945,0.6949,6,28,6,601034,75410,92513,33743,0.5972785451780509,0.3091348840618215
6946,0.695,14,48,14,601082,75362,92527,33729,0.5968983652262071,0.30918224234813135
6947,0.6951,27,64,27,601146,75298,92554,33702,0.5963914586237485,0.30919266055045874
6948,0.6952,11,28,11,601174,75270,92565,33691,0.596169686985173,0.30920237516175514
6949,0.6953,16,40,16,601214,75230,92581,33675,0.5958528703586364,0.3092144529635921
6950,0.6954,12,45,12,601259,75185,92593,33663,0.5954964516537828,0.3092661325885639
6951,0.6955,24,71,24,601330,75114,92617,33639,0.5949341021416804,0.3093156050867562
6952,0.6956,31,83,31,601413,75031,92648,33608,0.594276707641617,0.3093548357403879
6953,0.6957,22,52,22,601465,74979,92670,33586,0.5938648460271195,0.30936305439137846
6954,0.6958,18,82,18,601547,74897,92688,33568,0.5932153719427196,0.3094823214861937
6955,0.6959,28,76,28,601623,74821,92716,33540,0.5926134203523001,0.3095209531104364
6956,0.696,23,62,23,601685,74759,92739,33517,0.5921223545811685,0.30955151649488344
6957,0.6961,19,40,19,601725,74719,92758,33498,0.5918055379546319,0.30954471108975484
6958,0.6962,34,83,34,601808,74636,92792,33464,0.5911481434545685,0.3095652173913043
6959,0.6963,21,65,21,601873,74571,92813,33443,0.5906333164364466,0.3096172718351325
6960,0.6964,11,31,11,601904,74540,92824,33432,0.5903877835508807,0.30963583151187346
6961,0.6965,11,54,11,601958,74486,92835,33421,0.5899600811050564,0.30972040738784323
6962,0.6966,22,93,22,602051,74393,92857,33399,0.5892234824483589,0.30984674187323735
6963,0.6967,25,92,25,602143,74301,92882,33374,0.5884948042073248,0.3099512421639192
6964,0.6968,15,38,15,602181,74263,92897,33359,0.5881938284121151,0.3099645053985245
6965,0.6969,16,55,16,602236,74208,92913,33343,0.5877582055506273,0.31002036243270636
6966,0.697,31,78,31,602314,74130,92944,33312,0.587140413128881,0.3100463505891551
6967,0.6971,21,39,21,602353,74091,92965,33291,0.5868315169180078,0.31002402637313514
6968,0.6972,17,56,17,602409,74035,92982,33274,0.5863879736408567,0.31007650802821757
6969,0.6973,19,65,19,602474,73970,93001,33255,0.5858731466227347,0.3101422242947074
6970,0.6974,13,41,13,602515,73929,93014,33242,0.5855484095805348,0.31017719345718525
6971,0.6975,13,67,13,602582,73862,93027,33229,0.585017741731086,0.3102875124893782
6972,0.6976,9,31,9,602613,73831,93036,33220,0.5847722088455202,0.3103193804822001
6973,0.6977,22,71,22,602684,73760,93058,33198,0.5842098593334178,0.3103835150245891
6974,0.6978,18,65,18,602749,73695,93076,33180,0.583695032315296,0.3104561403508772
6975,0.6979,15,41,15,602790,73654,93091,33165,0.5833702952730959,0.31047847293084563
6976,0.698,17,70,17,602860,73584,93108,33148,0.5828158661766569,0.31057227448187985
6977,0.6981,19,36,19,602896,73548,93127,33129,0.5825307312127741,0.3105542900531511
6978,0.6982,7,44,7,602940,73504,93134,33122,0.5821822329235838,0.310637180425037
6979,0.6983,20,89,20,603029,73415,93154,33102,0.58147731592954,0.3107672953613038
6980,0.6984,20,48,20,603077,73367,93174,33082,0.5810971359776961,0.3107779312158874
6981,0.6985,13,51,13,603128,73316,93187,33069,0.5806931947788619,0.3108426939888142
6982,0.6986,27,82,27,603210,73234,93214,33042,0.5800437206944621,0.310907448530242
6983,0.6987,28,105,28,603315,73129,93242,33014,0.5792120770498036,0.311033228757431
6984,0.6988,33,97,33,603412,73032,93275,32981,0.5784437967304524,0.31110335524888455
6985,0.6989,11,41,11,603453,72991,93286,32970,0.5781190596882524,0.31115221638149887
6986,0.699,15,56,15,603509,72935,93301,32955,0.5776755164111013,0.31121918972518653
6987,0.6991,30,67,30,603576,72868,93331,32925,0.5771448485616525,0.31122096925127374
6988,0.6992,20,86,20,603662,72782,93351,32905,0.5764636928145989,0.31134387389177476
6989,0.6993,12,32,12,603694,72750,93363,32893,0.5762102395133697,0.3113599575930256
6990,0.6994,24,52,24,603746,72698,93387,32869,0.5757983778988721,0.3113567686871844
6991,0.6995,18,57,18,603803,72641,93405,32851,0.5753469142060575,0.3114075000947939
6992,0.6996,35,95,35,603898,72546,93440,32816,0.5745944747180332,0.3114595394924166
6993,0.6997,32,109,32,604007,72437,93472,32784,0.5737311494107211,0.3115727849003526
6994,0.6998,20,47,20,604054,72390,93492,32764,0.5733588898745406,0.31158110961066626
6995,0.6999,9,49,9,604103,72341,93501,32755,0.5729707895070333,0.31166742787546625
6996,0.7,14,58,14,604161,72283,93515,32741,0.5725114053985553,0.3117477909811091
6997,0.7001,27,71,27,604232,72212,93542,32714,0.571949055886453,0.31178163658197205
6998,0.7002,13,49,13,604281,72163,93555,32701,0.5715609555189456,0.3118420048825145
6999,0.7003,18,85,18,604366,72078,93573,32683,0.5708877201875554,0.3119767852540545
7000,0.7004,14,46,14,604412,72032,93587,32669,0.5705233810670384,0.31202185270436766
7001,0.7005,20,78,20,604490,71954,93607,32649,0.5699055886452921,0.31212297926445703
7002,0.7006,15,56,15,604546,71898,93622,32634,0.5694620453681409,0.3121914820342096
7003,0.7007,13,47,13,604593,71851,93635,32621,0.5690897858319605,0.3122463435178804
7004,0.7008,7,47,7,604640,71804,93642,32614,0.56871752629578,0.3123407841559884
7005,0.7009,38,102,38,604742,71702,93680,32576,0.5679096438981118,0.31239571146358774
7006,0.701,12,62,12,604804,71640,93692,32564,0.5674185781269802,0.31250239914014816
7007,0.7011,19,73,19,604877,71567,93711,32545,0.5668403877835508,0.31259605040725374
7008,0.7012,12,81,12,604958,71486,93723,32533,0.5661988341148143,0.3127601688153126
7009,0.7013,14,46,14,605004,71440,93737,32519,0.5658344949942973,0.3128060100616589
7010,0.7014,22,60,22,605064,71380,93759,32497,0.5653592700544925,0.312841148666211
7011,0.7015,17,83,17,605147,71297,93776,32480,0.5647018755544291,0.31297879106160326
7012,0.7016,31,72,31,605219,71225,93807,32449,0.5641316056266633,0.3129907209136331
7013,0.7017,15,59,15,605278,71166,93822,32434,0.5636643011025219,0.3130694980694981
7014,0.7018,7,37,7,605315,71129,93829,32427,0.5633712457229756,0.31313492216771605
7015,0.7019,7,42,7,605357,71087,93836,32420,0.5630385882651121,0.31321553131672253
7016,0.702,22,92,22,605449,70995,93858,32398,0.562309910024078,0.3133480990008995
7017,0.7021,10,35,10,605484,70960,93868,32388,0.5620326954758585,0.31338777721871736
7018,0.7022,12,39,12,605523,70921,93880,32376,0.5617237992649854,0.3134263337754243
7019,0.7023,25,70,25,605593,70851,93905,32351,0.5611693701685464,0.31347260712001707
7020,0.7024,18,54,18,605647,70797,93923,32333,0.560741667722722,0.31351692039173856
7021,0.7025,18,69,18,605716,70728,93941,32315,0.5601951590419465,0.3136069407917083
7022,0.7026,16,62,16,605778,70666,93957,32299,0.5597040932708148,0.3136891176613412
7023,0.7027,15,46,15,605824,70620,93972,32284,0.5593397541502978,0.3137293010961673
7024,0.7028,8,59,8,605883,70561,93980,32276,0.5588724496261563,0.3138559078930735
7025,0.7029,14,53,14,605936,70508,93994,32262,0.5584526675959954,0.31392429697382507
7026,0.703,19,61,19,605997,70447,94013,32243,0.5579695222405272,0.31398383484273057
7027,0.7031,13,52,13,606049,70395,94026,32230,0.5575576606260296,0.31405602923264314
7028,0.7032,13,64,13,606113,70331,94039,32217,0.5570507540235712,0.3141650739166049
7029,0.7033,33,91,33,606204,70240,94072,32184,0.5563299961982004,0.31422322893071936
7030,0.7034,12,35,12,606239,70205,94084,32172,0.556052781649981,0.31425027105697567
7031,0.7035,22,56,22,606295,70149,94106,32150,0.5556092383728298,0.31427482184576583
7032,0.7036,20,42,20,606337,70107,94126,32130,0.5552765809149665,0.31426978491152907
7033,0.7037,13,49,13,606386,70058,94139,32117,0.5548884805474591,0.3143332517739173
7034,0.7038,17,53,17,606439,70005,94156,32100,0.5544686985172982,0.3143822535625092
7035,0.7039,23,56,23,606495,69949,94179,32077,0.554025155240147,0.3144002509164331
7036,0.704,19,66,19,606561,69883,94198,32058,0.5535024078063617,0.31447602044319756
7037,0.7041,24,88,24,606649,69795,94222,32034,0.5528054112279812,0.31458621807147275
7038,0.7042,18,47,18,606696,69748,94240,32016,0.5524331516918007,0.3146102747533509
7039,0.7043,26,56,26,606752,69692,94266,31990,0.5519896084146496,0.3146082885859838
7040,0.7044,15,48,15,606800,69644,94281,31975,0.5516094284628057,0.3146557238311733
7041,0.7045,27,53,27,606853,69591,94308,31948,0.5511896464326448,0.31463772540600166
7042,0.7046,13,45,13,606898,69546,94321,31935,0.5508332277277912,0.31468944925651104
7043,0.7047,10,55,10,606953,69491,94331,31925,0.5503976048663034,0.3147925376666404
7044,0.7048,17,58,17,607011,69433,94348,31908,0.5499382207578254,0.3148577574722965
7045,0.7049,6,26,6,607037,69407,94354,31902,0.5497322899505767,0.3148979853714872
7046,0.705,14,46,14,607083,69361,94368,31888,0.5493679508300595,0.314946320457486
7047,0.7051,11,25,11,607108,69336,94379,31877,0.5491699404384742,0.3149496606167192
7048,0.7052,17,68,17,607176,69268,94396,31860,0.548631352173362,0.3150462779843367
7049,0.7053,13,46,13,607222,69222,94409,31847,0.548267013052845,0.31510156427786956
7050,0.7054,25,63,25,607285,69159,94434,31822,0.54776802686605,0.3151285885463602
7051,0.7055,27,81,27,607366,69078,94461,31795,0.5471264731973134,0.31519831867794157
7052,0.7056,13,43,13,607409,69035,94474,31782,0.5467858953237866,0.3152444528204569
7053,0.7057,20,61,20,607470,68974,94494,31762,0.5463027499683183,0.3152993964421855
7054,0.7058,28,85,28,607555,68889,94522,31734,0.5456295146369281,0.3153752124265824
7055,0.7059,22,42,22,607597,68847,94544,31712,0.5452968571790647,0.31535715351186866
7056,0.706,18,73,18,607670,68774,94562,31694,0.5447186668356355,0.3154636302106143
7057,0.7061,14,47,14,607717,68727,94576,31680,0.544346407299455,0.3155158504885118
7058,0.7062,58,153,58,607870,68574,94634,31622,0.5431345837029528,0.31560142121441975
7059,0.7063,15,33,15,607903,68541,94649,31607,0.54287320998606,0.31560290769660904
7060,0.7064,15,44,15,607947,68497,94664,31592,0.5425247116968699,0.3156390812177162
7061,0.7065,21,65,21,608012,68432,94685,31571,0.5420098846787479,0.3157005289841305
7062,0.7066,9,53,9,608065,68379,94694,31562,0.541590102648587,0.315806325732182
7063,0.7067,18,34,18,608099,68345,94712,31544,0.5413208085160309,0.3157905274855089
7064,0.7068,19,52,19,608151,68293,94731,31525,0.5409089469015333,0.31582480113807126
7065,0.7069,15,60,15,608211,68233,94746,31510,0.5404337219617286,0.3159118935664658
7066,0.707,21,52,21,608263,68181,94767,31489,0.540021860347231,0.31593257750576903
7067,0.7071,17,61,17,608324,68120,94784,31472,0.5395387149917628,0.3160093180175114
7068,0.7072,15,68,15,608392,68052,94799,31457,0.5390001267266507,0.3161221598046408
7069,0.7073,29,87,29,608479,67965,94828,31428,0.5383110505639336,0.31619932993269145
7070,0.7074,17,80,17,608559,67885,94845,31411,0.5376774173108605,0.3163370125684821
7071,0.7075,14,49,14,608608,67836,94859,31397,0.5372893169433531,0.31639676317354104
7072,0.7076,22,78,22,608686,67758,94881,31375,0.5366715245216069,0.31649400300606256
7073,0.7077,20,88,20,608774,67670,94901,31355,0.5359745279432264,0.3166372128250442
7074,0.7078,11,50,11,608824,67620,94912,31344,0.5355785071600557,0.3167212319631381
7075,0.7079,10,30,10,608854,67590,94922,31334,0.5353408946901533,0.31674821074764464
7076,0.708,19,47,19,608901,67543,94941,31315,0.5349686351539729,0.3167674846749884
7077,0.7081,34,71,34,608972,67472,94975,31281,0.5344062856418705,0.3167599971646431
7078,0.7082,32,46,32,609018,67426,95007,31249,0.5340419465213534,0.3166860907017988
7079,0.7083,20,62,20,609080,67364,95027,31229,0.5335508807502217,0.31674662501394624
7080,0.7084,22,66,22,609146,67298,95049,31207,0.5330281333164364,0.31680625348967056
7081,0.7085,10,40,10,609186,67258,95059,31197,0.5327113166898999,0.31686557310446395
7082,0.7086,20,57,20,609243,67201,95079,31177,0.5322598529970853,0.3169102848197768
7083,0.7087,24,80,24,609323,67121,95103,31153,0.5316262197440121,0.3170014449396585
7084,0.7088,9,43,9,609366,67078,95112,31144,0.5312856418704853,0.3170776404471503
7085,0.7089,19,85,19,609451,66993,95131,31125,0.5306124065390951,0.3172200819421513
7086,0.709,31,80,31,609531,66913,95162,31094,0.529978773286022,0.3172630526390972
7087,0.7091,6,23,6,609554,66890,95168,31088,0.5297966037257635,0.31729571944722285
7088,0.7092,8,24,8,609578,66866,95176,31080,0.5296065137498416,0.31731770567455536
7089,0.7093,22,79,22,609657,66787,95198,31058,0.5289808009124319,0.31742040983187697
7090,0.7094,16,56,16,609713,66731,95214,31042,0.5285372576352807,0.31749051374101234
7091,0.7095,11,52,11,609765,66679,95225,31031,0.5281253960207831,0.31758264251356055
7092,0.7096,20,61,20,609826,66618,95245,31011,0.5276422506653149,0.31764127462127034
7093,0.7097,29,57,29,609883,66561,95274,30982,0.5271907869725003,0.31762402222609515
7094,0.7098,19,81,19,609964,66480,95293,30963,0.5265492333037638,0.31775499522797945
7095,0.7099,13,63,13,610027,66417,95306,30950,0.5260502471169687,0.31786950404141034
7096,0.71,29,64,29,610091,66353,95335,30921,0.5255433405145102,0.31787528013652155
7097,0.7101,10,46,10,610137,66307,95345,30911,0.5251790013939932,0.31795552263984034
7098,0.7102,9,27,9,610164,66280,95354,30902,0.524965150171081,0.3179806960136651
7099,0.7103,6,36,6,610200,66244,95360,30896,0.5246800152071981,0.3180564134239242
7100,0.7104,8,56,8,610256,66188,95368,30888,0.5242364719300469,0.3181836911286003
7101,0.7105,17,43,17,610299,66145,95385,30871,0.52389589405652,0.31820524449575327
7102,0.7106,15,35,15,610334,66110,95400,30856,0.5236186795083005,0.31821463193284244
7103,0.7107,22,51,22,610385,66059,95422,30834,0.5232147383094665,0.3182273229232246
7104,0.7108,41,94,41,610479,65965,95463,30793,0.5224702192371056,0.31824758676285164
7105,0.7109,15,46,15,610525,65919,95478,30778,0.5221058801165885,0.3182932252293246
7106,0.711,24,56,24,610581,65863,95502,30754,0.5216623368394373,0.31830837223262987
7107,0.7111,19,61,19,610642,65802,95521,30735,0.5211791914839691,0.3183753379533236
7108,0.7112,27,61,27,610703,65741,95548,30708,0.5206960461285008,0.31838588269448104
7109,0.7113,16,61,16,610764,65680,95564,30692,0.5202129007730326,0.3184742456315112
7110,0.7114,30,67,30,610831,65613,95594,30662,0.5196822329235838,0.31848351077642173
7111,0.7115,16,73,16,610904,65540,95610,30646,0.5191040425801546,0.3186118561952883
7112,0.7116,20,58,20,610962,65482,95630,30626,0.5186446584716766,0.3186623382028551
7113,0.7117,11,49,11,611011,65433,95641,30615,0.5182565581041693,0.31874687656171913
7114,0.7118,18,41,18,611052,65392,95659,30597,0.5179318210619693,0.3187552740418173
7115,0.7119,10,46,10,611098,65346,95669,30587,0.5175674819414523,0.31883710506290847
7116,0.712,23,46,23,611144,65300,95692,30564,0.5172031428209353,0.31882667111741636
7117,0.7121,20,71,20,611215,65229,95712,30544,0.5166407933088328,0.31892078143109226
7118,0.7122,20,71,20,611286,65158,95732,30524,0.5160784437967304,0.31901507075520996
7119,0.7123,6,57,6,611343,65101,95738,30518,0.5156269801039158,0.31916250954308245
7120,0.7124,10,42,10,611385,65059,95748,30508,0.5152943226460525,0.3192315338976843
7121,0.7125,15,47,15,611432,65012,95763,30493,0.514922063109872,0.3192817129993194
7122,0.7126,21,50,21,611482,64962,95784,30472,0.5145260423267013,0.31929920154242725
7123,0.7127,23,56,23,611538,64906,95807,30449,0.5140824990495502,0.31932253159247026
7124,0.7128,24,59,24,611597,64847,95831,30425,0.5136151945254087,0.319348811822991
7125,0.7129,24,65,24,611662,64782,95855,30401,0.5131003675072868,0.31939527016378977
7126,0.713,16,69,16,611731,64713,95871,30385,0.5125538588265112,0.31951250289175376
7127,0.7131,18,61,18,611792,64652,95889,30367,0.5120707134710429,0.31958871383618015
7128,0.7132,24,60,24,611852,64592,95913,30343,0.5115954885312382,0.3196186864696898
7129,0.7133,16,38,16,611890,64554,95929,30327,0.5112945127360284,0.319631960034148
7130,0.7134,36,78,36,611968,64476,95965,30291,0.5106767203142821,0.3196365823546171
7131,0.7135,29,82,29,612050,64394,95994,30262,0.5100272462298822,0.3197050371872887
7132,0.7136,16,50,16,612100,64344,96010,30246,0.5096312254467115,0.31975895972090074
7133,0.7137,19,48,19,612148,64296,96029,30227,0.5092510454948675,0.31978460268929254
7134,0.7138,13,53,13,612201,64243,96042,30214,0.5088312634647066,0.3198704172268863
7135,0.7139,17,41,17,612242,64202,96059,30197,0.5085065264225066,0.3198868632082967
7136,0.714,7,49,7,612291,64153,96066,30190,0.5081184260549994,0.32000254390892807
7137,0.7141,13,63,13,612354,64090,96079,30177,0.5076194398682042,0.3201226304008826
7138,0.7142,15,62,15,612416,64028,96094,30162,0.5071283740970726,0.3202250769720777
7139,0.7143,18,46,18,612462,63982,96112,30144,0.5067640349765555,0.3202515776724816
7140,0.7144,9,24,9,612486,63958,96121,30135,0.5065739450006337,0.320268245246724
7141,0.7145,31,70,31,612556,63888,96152,30104,0.5060195159041947,0.3202825772406162
7142,0.7146,5,53,5,612609,63835,96157,30099,0.5055997338740337,0.32042710839525623
7143,0.7147,19,51,19,612660,63784,96176,30080,0.5051957926751995,0.32046364953549816
7144,0.7148,6,39,6,612699,63745,96182,30074,0.5048868964643265,0.32055340602649784
7145,0.7149,18,56,18,612755,63689,96200,30056,0.5044433531871753,0.3206144327697477
7146,0.715,18,60,18,612815,63629,96218,30038,0.5039681282473705,0.3206892502161914
7147,0.7151,14,50,14,612865,63579,96232,30024,0.5035721074641997,0.3207589500336528
7148,0.7152,18,48,18,612913,63531,96250,30006,0.5031919275123559,0.3207928413355143
7149,0.7153,14,66,14,612979,63465,96264,29992,0.5026691800785705,0.3209176412681768
7150,0.7154,10,36,10,613015,63429,96274,29982,0.5023840451146876,0.3209686225391014
7151,0.7155,18,83,18,613098,63346,96292,29964,0.5017266506146243,0.321123137927339
7152,0.7156,17,62,17,613160,63284,96309,29947,0.5012355848434926,0.3212129012881981
7153,0.7157,31,90,31,613250,63194,96340,29916,0.5005227474337853,0.3212973901836537
7154,0.7158,13,44,13,613294,63150,96353,29903,0.5001742491445951,0.32135449689961637
7155,0.7159,24,59,24,613353,63091,96377,29879,0.4997069446204537,0.32138324190599116
7156,0.716,13,47,13,613400,63044,96390,29866,0.4993346850842732,0.32145086642987836
7157,0.7161,18,52,18,613452,62992,96408,29848,0.4989228234697757,0.32149935372684185
7158,0.7162,23,55,23,613507,62937,96431,29825,0.49848720060828794,0.3215217438175115
7159,0.7163,9,43,9,613550,62894,96440,29816,0.4981466227347611,0.3216050048538453
7160,0.7164,12,39,12,613589,62855,96452,29804,0.49783772652388797,0.32165251081924046
7161,0.7165,10,24,10,613613,62831,96462,29794,0.497647636547966,0.3216626180836707
7162,0.7166,13,65,13,613678,62766,96475,29781,0.4971328095298441,0.32179325099679085
7163,0.7167,13,52,13,613730,62714,96488,29768,0.4967209479153466,0.32187885210094935
7164,0.7168,26,96,26,613826,62618,96514,29742,0.4959605880116589,0.3220225205716761
7165,0.7169,13,42,13,613868,62576,96527,29729,0.49562793055379545,0.3220735604788473
7166,0.717,4,38,4,613906,62538,96531,29725,0.49532695475858574,0.3221768206106457
7167,0.7171,25,55,25,613961,62483,96556,29700,0.49489133189709794,0.32218521853270127
7168,0.7172,17,71,17,614032,62412,96573,29683,0.49432898238499556,0.3223084858027037
7169,0.7173,10,56,10,614088,62356,96583,29673,0.4938854391078444,0.3224309728455161
7170,0.7174,17,60,17,614148,62296,96600,29656,0.49341021416803954,0.3225160953540978
7171,0.7175,25,35,25,614183,62261,96625,29631,0.49313299961982004,0.3224546206416228
7172,0.7176,25,69,25,614252,62192,96650,29606,0.4925864909390445,0.3225124730386283
7173,0.7177,18,51,18,614303,62141,96668,29588,0.49218254974021036,0.3225588418057539
7174,0.7178,15,57,15,614360,62084,96683,29573,0.4917310860473958,0.3226485702128588
7175,0.7179,22,53,22,614413,62031,96705,29551,0.49131130401723483,0.3226725775807473
7176,0.718,18,58,18,614471,61973,96723,29533,0.4908519199087568,0.3227438637903525
7177,0.7181,12,47,12,614518,61926,96735,29521,0.49047966037257634,0.3228208689186086
7178,0.7182,27,84,27,614602,61842,96762,29494,0.4898143454568496,0.3229175790487869
7179,0.7183,16,50,16,614652,61792,96778,29478,0.48941832467367885,0.3229757861290676
7180,0.7184,14,16,14,614668,61776,96792,29464,0.48929159802306427,0.3229285401139851
7181,0.7185,9,41,9,614709,61735,96801,29455,0.4889668609808643,0.3230069086522645
7182,0.7186,16,63,16,614772,61672,96817,29439,0.48846787479406917,0.3231113696480118
7183,0.7187,10,42,10,614814,61630,96827,29429,0.4881352173362058,0.32318606617687434
7184,0.7188,21,63,21,614877,61567,96848,29408,0.48763623114941074,0.3232536411101951
7185,0.7189,22,73,22,614950,61494,96870,29386,0.4870580408059815,0.3233494718309859
7186,0.719,19,68,19,615018,61426,96889,29367,0.48651945254086937,0.3234500457083696
7187,0.7191,13,44,13,615062,61382,96902,29354,0.4861709542516791,0.3235099629694939
7188,0.7192,27,56,27,615118,61326,96929,29327,0.48572741097452793,0.32350832294573817
7189,0.7193,13,32,13,615150,61294,96942,29314,0.4854739576732987,0.3235255165106834
7190,0.7194,24,85,24,615235,61209,96966,29290,0.4848007223419085,0.3236499850827081
7191,0.7195,14,57,14,615292,61152,96980,29276,0.4843492586490939,0.3237492811960897
7192,0.7196,15,49,15,615341,61103,96995,29261,0.48396115828158665,0.32381258023106546
7193,0.7197,20,49,20,615390,61054,97015,29241,0.48357305791407934,0.32383852926518636
7194,0.7198,18,62,18,615452,60992,97033,29223,0.48308199214294767,0.32392617635648174
7195,0.7199,26,87,26,615539,60905,97059,29197,0.48239291598023065,0.3240438614015227
7196,0.72,22,59,22,615598,60846,97081,29175,0.4819256114560892,0.3240910454227347
7197,0.7201,16,61,16,615659,60785,97097,29159,0.48144246610062097,0.32419060748910433
7198,0.7202,11,69,11,615728,60716,97108,29148,0.4808959574198454,0.3243568058399359
7199,0.7203,8,37,8,615765,60679,97116,29140,0.4806029020402991,0.32443024304434476
7200,0.7204,13,19,13,615784,60660,97129,29127,0.4804524141426942,0.32440108256206357
7201,0.7205,15,54,15,615838,60606,97144,29112,0.48002471169686983,0.32448338126128534
7202,0.7206,23,48,23,615886,60558,97167,29089,0.47964453174502597,0.3244838087164099
7203,0.7207,12,43,12,615929,60515,97179,29077,0.47930395387149916,0.3245490668809715
7204,0.7208,8,47,8,615976,60468,97187,29069,0.47893169433531874,0.32465907948669265
7205,0.7209,7,19,7,615995,60449,97194,29062,0.4787812064377138,0.3246751795868664
7206,0.721,15,37,15,616032,60412,97209,29047,0.47848815105816755,0.32469622955767447
7207,0.7211,25,66,25,616098,60346,97234,29022,0.4779654036243822,0.32474711306060333
7208,0.7212,19,46,19,616144,60300,97253,29003,0.47760106450386514,0.3247707243877585
7209,0.7213,19,51,19,616195,60249,97272,28984,0.47719712330503106,0.3248125693409389
7210,0.7214,17,52,17,616247,60197,97289,28967,0.47678526169053354,0.3248732672378987
7211,0.7215,13,34,13,616281,60163,97302,28954,0.4765159675579774,0.3248987286376337
7212,0.7216,16,52,16,616333,60111,97318,28938,0.4761041059434799,0.3249671529158104
7213,0.7217,28,82,28,616415,60029,97346,28910,0.47545463185908,0.32505425066618693
7214,0.7218,23,93,23,616508,59936,97369,28887,0.4747180332023825,0.3252198191909753
7215,0.7219,10,34,10,616542,59902,97379,28877,0.4744487390698264,0.32526836301377576
7216,0.722,27,64,27,616606,59838,97406,28850,0.4739418324673679,0.3252976727403933
7217,0.7221,14,40,14,616646,59798,97420,28836,0.47362501584083133,0.325337906446736
7218,0.7222,20,42,20,616688,59756,97440,28816,0.47329235838296796,0.32533983651718373
7219,0.7223,21,95,21,616783,59661,97461,28795,0.4725399188949436,0.3255290766030569
7220,0.7224,9,30,9,616813,59631,97470,28786,0.4723023064250412,0.32557087437936144
7221,0.7225,25,70,25,616883,59561,97495,28761,0.4717478773286022,0.325638006385725
7222,0.7226,8,41,8,616924,59520,97503,28753,0.47142314028640225,0.3257281388420015
7223,0.7227,23,46,23,616970,59474,97526,28730,0.47105880116588517,0.3257221894698653
7224,0.7228,8,53,8,617023,59421,97534,28722,0.47063901913572426,0.3258568462611892
7225,0.7229,15,45,15,617068,59376,97549,28707,0.4702826004308706,0.32590851810224447
7226,0.723,16,62,16,617130,59314,97565,28691,0.46979153465973894,0.3260155672973126
7227,0.7231,10,41,10,617171,59273,97575,28681,0.46946679761753896,0.3260909111581054
7228,0.7232,21,59,21,617230,59214,97596,28660,0.46899949309339756,0.3261488039693197
7229,0.7233,30,71,30,617301,59143,97626,28630,0.4684371435812951,0.32618231118909
7230,0.7234,14,50,14,617351,59093,97640,28616,0.46804112279812443,0.326260703006533
7231,0.7235,11,30,11,617381,59063,97651,28605,0.46780351032822204,0.32628781311310856
7232,0.7236,12,62,12,617443,59001,97663,28593,0.46731244455709037,0.32642646756627164
7233,0.7237,25,77,25,617520,58924,97688,28568,0.4667025725510075,0.3265212819457779
7234,0.7238,40,91,40,617611,58833,97728,28528,0.4659818147256368,0.32655303854122547
7235,0.7239,31,96,31,617707,58737,97759,28497,0.46522145482194904,0.32667308618199326
7236,0.724,25,58,25,617765,58679,97784,28472,0.46476207071347103,0.3266973413959679
7237,0.7241,21,41,21,617806,58638,97805,28451,0.46443733367127105,0.3266887896290002
7238,0.7242,18,49,18,617855,58589,97823,28433,0.4640492333037638,0.3267334696973179
7239,0.7243,16,29,16,617884,58560,97839,28417,0.4638195412495248,0.32671855777964287
7240,0.7244,11,43,11,617927,58517,97850,28406,0.463478963375998,0.3267949794645836
7241,0.7245,17,47,17,617974,58470,97867,28389,0.4631067038398175,0.32684005111732806
7242,0.7246,21,45,21,618019,58425,97888,28368,0.46275028513496386,0.3268466350973005
7243,0.7247,18,48,18,618067,58377,97906,28350,0.46237010518312,0.32688782040195097
7244,0.7248,16,27,16,618094,58350,97922,28334,0.4621562539602078,0.3268653961515389
7245,0.7249,8,44,8,618138,58306,97930,28326,0.4618077556710176,0.3269692492381568
7246,0.725,13,55,13,618193,58251,97943,28313,0.4613721328095298,0.32707592070606717
7247,0.7251,18,58,18,618251,58193,97961,28295,0.4609127487010518,0.327155212283785
7248,0.7252,4,17,4,618268,58176,97965,28291,0.4607781016347738,0.32718840713798325
7249,0.7253,12,34,12,618302,58142,97977,28279,0.46050880750221773,0.3272237072007961
7250,0.7254,10,29,10,618331,58113,97987,28269,0.4602791154479787,0.32725567826630547
7251,0.7255,9,36,9,618367,58077,97996,28260,0.4599939804840958,0.3273220056291046
7252,0.7256,8,40,8,618407,58037,98004,28252,0.45967716385755925,0.3274113734079663
7253,0.7257,37,60,37,618467,57977,98041,28215,0.4592019389177544,0.32735056617783553
7254,0.7258,31,72,31,618539,57905,98072,28184,0.4586316689899886,0.3273821277979765
7255,0.7259,24,76,24,618615,57829,98096,28160,0.4580297173995691,0.32748374792124574
7256,0.726,12,35,12,618650,57794,98108,28148,0.45775250285134966,0.3275232133299202
7257,0.7261,27,66,27,618716,57728,98135,28121,0.45722975541756433,0.3275635126792391
7258,0.7262,4,30,4,618746,57698,98139,28117,0.4569921429476619,0.3276466818155334
7259,0.7263,10,42,10,618788,57656,98149,28107,0.4566594854897985,0.32772874083229364
7260,0.7264,24,42,24,618830,57614,98173,28083,0.45632682803193514,0.32770108638575446
7261,0.7265,10,46,10,618876,57568,98183,28073,0.45596248891141805,0.32779860113730575
7262,0.7266,17,59,17,618935,57509,98200,28056,0.45549518438727665,0.32789107695903696
7263,0.7267,8,17,8,618952,57492,98208,28048,0.4553605373209986,0.32789338321253214
7264,0.7268,17,59,17,619011,57433,98225,28031,0.45489323279685717,0.32798605260694563
7265,0.7269,16,74,16,619085,57359,98241,28015,0.4543071220377645,0.32814439993440625
7266,0.727,18,53,18,619138,57306,98259,27997,0.4538873400076036,0.3282065109081744
7267,0.7271,15,44,15,619182,57262,98274,27982,0.45353884171841335,0.3282577072873164
7268,0.7272,18,55,18,619237,57207,98292,27964,0.4531032188569256,0.3283277171807305
7269,0.7273,13,39,13,619276,57168,98305,27951,0.45279432264605246,0.32837556832199627
7270,0.7274,21,64,21,619340,57104,98326,27930,0.45228741604359396,0.3284568525530964
7271,0.7275,17,46,17,619386,57058,98343,27913,0.4519230769230769,0.32850031187110895
7272,0.7276,13,57,13,619443,57001,98356,27900,0.4514716132302623,0.3286180374789461
7273,0.7277,29,65,29,619508,56936,98385,27871,0.4509567862121404,0.3286403245015152
7274,0.7278,19,65,19,619573,56871,98404,27852,0.4504419591940185,0.32874190007436
7275,0.7279,26,72,26,619645,56799,98430,27826,0.4498716892662527,0.3288153618906942
7276,0.728,12,38,12,619683,56761,98442,27814,0.44957071347104294,0.3288678687555424
7277,0.7281,20,57,20,619740,56704,98462,27794,0.44911924977822837,0.3289308622689294
7278,0.7282,13,29,13,619769,56675,98475,27781,0.44888955772398936,0.328940513403429
7279,0.7283,24,70,24,619839,56605,98499,27757,0.44833512862755037,0.3290225456959294
7280,0.7284,9,35,9,619874,56570,98508,27748,0.4480579140793309,0.32908750207547616
7281,0.7285,18,37,18,619911,56533,98526,27730,0.44776485869978455,0.3290886866121548
7282,0.7286,25,59,25,619970,56474,98551,27705,0.44729755417564315,0.3291200893334442
7283,0.7287,44,74,44,620044,56400,98595,27661,0.4467114434165505,0.3290586597827768
7284,0.7288,11,48,11,620092,56352,98606,27650,0.44633126346470664,0.32915882955167736
7285,0.7289,30,63,30,620155,56289,98636,27620,0.4458322772779115,0.3291661204400005
7286,0.729,35,73,35,620228,56216,98671,27585,0.4452540869344823,0.3291726829035453
7287,0.7291,13,76,13,620304,56140,98684,27572,0.44465213534406284,0.3293673547400612
7288,0.7292,9,32,9,620336,56108,98693,27563,0.4443986820428336,0.3294211853569337
7289,0.7293,21,51,21,620387,56057,98714,27542,0.4439947408439995,0.32945370159930143
7290,0.7294,23,78,23,620465,55979,98737,27519,0.4433769484222532,0.3295767563294929
7291,0.7295,34,73,34,620538,55906,98771,27485,0.44279875807882396,0.3295919223897063
7292,0.7296,19,39,19,620577,55867,98790,27466,0.4424898618679508,0.3295933183732735
7293,0.7297,16,45,16,620622,55822,98806,27450,0.4421334431630972,0.32964261696608704
7294,0.7298,6,19,6,620641,55803,98812,27444,0.4419829552654923,0.32966953764099605
7295,0.7299,27,39,27,620680,55764,98839,27417,0.4416740590546192,0.32960652071987595
7296,0.73,14,47,14,620727,55717,98853,27403,0.44130179951843873,0.32967998075072186
7297,0.7301,8,38,8,620765,55679,98861,27395,0.441000823723229,0.3297662325155885
7298,0.7302,23,64,23,620829,55615,98884,27372,0.4404939171207705,0.3298347934013761
7299,0.7303,5,40,5,620869,55575,98889,27367,0.4401771004942339,0.32995346145499266
7300,0.7304,20,55,20,620924,55520,98909,27347,0.4397414776327462,0.3300107401016086
7301,0.7305,19,56,19,620980,55464,98928,27328,0.439297934355595,0.3300802009856025
7302,0.7306,13,36,13,621016,55428,98941,27315,0.43901279939171206,0.330118559878177
7303,0.7307,18,55,18,621071,55373,98959,27297,0.4385771765302243,0.330192330954397
7304,0.7308,14,52,14,621123,55321,98973,27283,0.4381653149157268,0.33028666892644426
7305,0.7309,31,75,31,621198,55246,99004,27252,0.4375712837409707,0.33033528085529346
7306,0.731,26,55,26,621253,55191,99030,27226,0.43713566087948297,0.3303444677675722
7307,0.7311,17,49,17,621302,55142,99047,27209,0.43674756051197566,0.3304027880657187
7308,0.7312,21,46,21,621348,55096,99068,27188,0.43638322139145863,0.33041660590151184
7309,0.7313,13,45,13,621393,55051,99081,27175,0.436026802686605,0.33049157200885365
7310,0.7314,16,35,16,621428,55016,99097,27159,0.4357495881383855,0.3305019774870703
7311,0.7315,9,45,9,621473,54971,99106,27150,0.43539316943353185,0.3306097100619817
7312,0.7316,26,52,26,621525,54919,99132,27124,0.4349813078190343,0.33060712065624126
7313,0.7317,8,34,8,621559,54885,99140,27116,0.43471201368647827,0.3306788941598273
7314,0.7318,27,39,27,621598,54846,99167,27089,0.4344031174756051,0.3306157319826692
7315,0.7319,12,45,12,621643,54801,99179,27077,0.43404669877075147,0.330699333154205
7316,0.732,12,47,12,621690,54754,99191,27065,0.43367443923457105,0.3307911365330791
7317,0.7321,22,36,22,621726,54718,99213,27043,0.4333893042706881,0.33075671775051674
7318,0.7322,11,26,11,621752,54692,99224,27032,0.4331833734634394,0.33077186628163086
7319,0.7323,21,52,21,621804,54640,99245,27011,0.43277151184894186,0.3308104003625185
7320,0.7324,14,60,14,621864,54580,99259,26997,0.432296286909137,0.33093886757296787
7321,0.7325,15,49,15,621913,54531,99274,26982,0.4319081865416297,0.3310146847742078
7322,0.7326,19,44,19,621957,54487,99293,26963,0.4315596882524395,0.3310374462860651
7323,0.7327,25,71,25,622028,54416,99318,26938,0.4309973387403371,0.3311207807852103
7324,0.7328,16,43,16,622071,54373,99334,26922,0.4306567608668103,0.33116427824589456
7325,0.7329,15,47,15,622118,54326,99349,26907,0.43028450133062984,0.3312323809289328
7326,0.733,20,33,20,622151,54293,99369,26887,0.4300231276137372,0.33120226656812024
7327,0.7331,18,34,18,622185,54259,99387,26869,0.42975383348118107,0.3311926831673405
7328,0.7332,12,35,12,622220,54224,99399,26857,0.42947661893296163,0.3312366645699979
7329,0.7333,18,59,18,622279,54165,99417,26839,0.4290093144088202,0.33132931707076196
7330,0.7334,15,35,15,622314,54130,99432,26824,0.4287320998606007,0.33134866714430417
7331,0.7335,50,125,50,622439,54005,99482,26774,0.42774204790267395,0.3314475296797435
7332,0.7336,29,54,29,622493,53951,99511,26745,0.4273143454568496,0.33142906711609
7333,0.7337,14,49,14,622542,53902,99525,26731,0.4269262450893423,0.33151439237036945
7334,0.7338,27,80,27,622622,53822,99552,26704,0.42629261183626915,0.3316196011226188
7335,0.7339,11,37,11,622659,53785,99563,26693,0.4259995564567228,0.3316807077710679
7336,0.734,23,45,23,622704,53740,99586,26670,0.42564313775186924,0.33167516478049996
7337,0.7341,13,42,13,622746,53698,99599,26657,0.4253104802940058,0.33174040196627463
7338,0.7342,11,37,11,622783,53661,99610,26646,0.4250174249144595,0.3318017109342897
7339,0.7343,32,76,32,622859,53585,99642,26614,0.42441547332404006,0.33184952430828313
7340,0.7344,11,41,11,622900,53544,99653,26603,0.4240907362818401,0.331927583066116
7341,0.7345,14,40,14,622940,53504,99667,26589,0.42377391965530353,0.33197657722897134
7342,0.7346,14,21,14,622961,53483,99681,26575,0.4236075909263718,0.33194683854205703
7343,0.7347,18,52,18,623013,53431,99699,26557,0.42319572931187427,0.3320123018452768
7344,0.7348,20,62,20,623075,53369,99719,26537,0.4227046635407426,0.3321027206968188
7345,0.7349,15,34,15,623109,53335,99734,26522,0.42243536940818655,0.332118662108519
7346,0.735,18,66,18,623175,53269,99752,26504,0.4219126219744012,0.3322427387712635
7347,0.7351,24,65,24,623240,53204,99776,26480,0.4213977949562793,0.33231263490788615
7348,0.7352,14,47,14,623287,53157,99790,26466,0.42102553542009885,0.3323913944463283
7349,0.7353,20,43,20,623330,53114,99810,26446,0.42068495754657204,0.33240321769733533
7350,0.7354,15,46,15,623376,53068,99825,26431,0.420320618426055,0.332469590812463
7351,0.7355,7,33,7,623409,53035,99832,26424,0.42005924470916234,0.33254886167709136
7352,0.7356,23,45,23,623454,52990,99855,26401,0.4197028260043087,0.3325439911324961
7353,0.7357,15,44,15,623498,52946,99870,26386,0.4193543277151185,0.33260222860888417
7354,0.7358,15,47,15,623545,52899,99885,26371,0.418982068178938,0.3326731424246247
7355,0.7359,30,50,30,623595,52849,99915,26341,0.4185860473957673,0.3326303826240687
7356,0.736,11,32,11,623627,52817,99926,26330,0.4183325940945381,0.33267211644155814
7357,0.7361,5,29,5,623656,52788,99931,26325,0.4181029020402991,0.3327518865420348
7358,0.7362,24,51,24,623707,52737,99955,26301,0.41769896084146496,0.3327639869429894
7359,0.7363,20,55,20,623762,52682,99975,26281,0.41726333797997717,0.33282676696680724
7360,0.7364,21,57,21,623819,52625,99996,26260,0.4168118742871626,0.3328896494897636
7361,0.7365,24,62,24,623881,52563,100020,26236,0.4163208085160309,0.33294838766989426
7362,0.7366,22,66,22,623947,52497,100042,26214,0.4157980610822456,0.33304112512863515
7363,0.7367,19,45,19,623992,52452,100061,26195,0.41544164237739195,0.33307055577453687
7364,0.7368,14,45,14,624037,52407,100075,26181,0.41508522367253836,0.3331424644983967
7365,0.7369,16,24,16,624061,52383,100091,26165,0.4148951336966164,0.333108417782757
7366,0.737,19,71,19,624132,52312,100110,26146,0.414332784184514,0.33324836218103954
7367,0.7371,19,53,19,624185,52259,100129,26127,0.41391300215435306,0.3333120710330926
7368,0.7372,19,75,19,624260,52184,100148,26108,0.413318970979597,0.33346957543554895
7369,0.7373,30,67,30,624327,52117,100178,26078,0.41278830313014825,0.33349958437240235
7370,0.7374,15,48,15,624375,52069,100193,26063,0.4124081231783044,0.3335765115445656
7371,0.7375,17,47,17,624422,52022,100210,26046,0.4120358636421239,0.33363221806630117
7372,0.7376,12,51,12,624473,51971,100222,26034,0.41163192244328983,0.3337478366771361
7373,0.7377,11,50,11,624523,51921,100233,26023,0.41123590166011914,0.3338679051626809
7374,0.7378,23,62,23,624585,51859,100256,26000,0.41074483588898747,0.33393698865898613
7375,0.7379,9,31,9,624616,51828,100265,25991,0.41049930300342163,0.3339929837186291
7376,0.738,13,59,13,624675,51769,100278,25978,0.4100319984792802,0.3341350791670418
7377,0.7381,15,37,15,624712,51732,100293,25963,0.40973894309973385,0.33416564772507884
7378,0.7382,8,54,8,624766,51678,100301,25955,0.4093112406539095,0.3343294732909974
7379,0.7383,34,78,34,624844,51600,100335,25921,0.40869344823216325,0.3343739115852479
7380,0.7384,16,54,16,624898,51546,100351,25905,0.40826574578633884,0.3344695355773328
7381,0.7385,20,47,20,624945,51499,100371,25885,0.4078934862501584,0.33450067197353456
7382,0.7386,21,39,21,624984,51460,100392,25864,0.40758459003928527,0.334488645181315
7383,0.7387,25,40,25,625024,51420,100417,25839,0.4072677734127487,0.33444647225565954
7384,0.7388,17,52,17,625076,51368,100434,25822,0.40685591179825115,0.33452519756445137
7385,0.7389,22,58,22,625134,51310,100456,25800,0.40639652768977313,0.3345869537025029
7386,0.739,24,74,24,625208,51236,100480,25776,0.40581041693068054,0.33470108554510986
7387,0.7391,18,63,18,625271,51173,100498,25758,0.4053114307438854,0.3348195135901002
7388,0.7392,27,90,27,625361,51083,100525,25731,0.4045985933341782,0.33497799880230167
7389,0.7393,24,47,24,625408,51036,100549,25707,0.4042263337979977,0.3349751768890974
7390,0.7394,18,56,18,625464,50980,100567,25689,0.40378279052084654,0.3350637154521384
7391,0.7395,13,47,13,625511,50933,100580,25676,0.40341053098466606,0.3351564437598716
7392,0.7396,18,33,18,625544,50900,100598,25658,0.4031491572677734,0.33514459625382065
7393,0.7397,23,41,23,625585,50859,100621,25635,0.40282442022557347,0.33512432347635107
7394,0.7398,24,78,24,625663,50781,100645,25611,0.40220662780382715,0.33525761859880615
7395,0.7399,13,38,13,625701,50743,100658,25598,0.4019056520086174,0.335311300611729
7396,0.74,14,34,14,625735,50709,100672,25584,0.40163635787606133,0.3353387597813692
7397,0.7401,18,46,18,625781,50663,100690,25566,0.4012720187555443,0.3353841713783468
7398,0.7402,20,38,20,625819,50625,100710,25546,0.40097104296033453,0.3353769807407018
7399,0.7403,16,43,16,625862,50582,100726,25530,0.4006304650868078,0.33542673954172797
7400,0.7404,15,43,15,625905,50539,100741,25515,0.40028988721328096,0.33548531306703133
7401,0.7405,9,40,9,625945,50499,100750,25506,0.3999730705867444,0.33558318531675546
7402,0.7406,21,83,21,626028,50416,100771,25485,0.399315676086681,0.3357663271893651
7403,0.7407,14,55,14,626083,50361,100785,25471,0.39888005322519327,0.3358872243907585
7404,0.7408,17,49,17,626132,50312,100802,25454,0.39849195285768596,0.33595544175487685
7405,0.7409,9,33,9,626165,50279,100811,25445,0.3982305791407933,0.3360229253605198
7406,0.741,9,20,9,626185,50259,100820,25436,0.39807217082752505,0.33603276306228946
7407,0.7411,20,64,20,626249,50195,100840,25416,0.39756526422506655,0.33614156670325746
7408,0.7412,28,51,28,626300,50144,100868,25388,0.3971613230262324,0.33612243817190063
7409,0.7413,13,30,13,626330,50114,100881,25375,0.39692371055633,0.3361416895176781
7410,0.7414,16,46,16,626376,50068,100897,25359,0.39655937143581294,0.33620586792527873
7411,0.7415,13,41,13,626417,50027,100910,25346,0.39623463439361295,0.3362742626670028
7412,0.7416,2,24,2,626441,50003,100912,25344,0.39604454441769105,0.33636375701753224
7413,0.7417,13,55,13,626496,49948,100925,25331,0.39560892155620325,0.33649490561776857
7414,0.7418,22,62,22,626558,49886,100947,25309,0.3951178557850716,0.336578229935501
7415,0.7419,13,30,13,626588,49856,100960,25296,0.3948802433151692,0.3365978284011071
7416,0.742,18,53,18,626641,49803,100978,25278,0.3944604612850082,0.3366763894993407
7417,0.7421,12,44,12,626685,49759,100990,25266,0.394111962995818,0.3367677440853049
7418,0.7422,26,57,26,626742,49702,101016,25240,0.3936604993030034,0.3367937871954311
7419,0.7423,25,59,25,626801,49643,101041,25215,0.393193194778862,0.33683774613267786
7420,0.7424,15,48,15,626849,49595,101056,25200,0.39281301482701814,0.33692091717360784
7421,0.7425,24,69,24,626918,49526,101080,25176,0.39226650614624253,0.33701908918101253
7422,0.7426,14,73,14,626991,49453,101094,25162,0.3916883158028133,0.3372244186825705
7423,0.7427,12,57,12,627048,49396,101106,25150,0.39123685210999876,0.33737558017868163
7424,0.7428,47,119,47,627167,49277,101153,25103,0.39029432264605246,0.33749663888141973
7425,0.7429,13,38,13,627205,49239,101166,25090,0.38999334685084275,0.3375533102826622
7426,0.743,37,65,37,627270,49174,101203,25053,0.3894785198327208,0.33751869265900547
7427,0.7431,34,67,34,627337,49107,101237,25019,0.3889478519832721,0.3375198985511157
7428,0.7432,16,33,16,627370,49074,101253,25003,0.3886864782663794,0.33752716767687674
7429,0.7433,20,64,20,627434,49010,101273,24983,0.3881795716639209,0.33764004703147593
7430,0.7434,18,58,18,627492,48952,101291,24965,0.3877201875554429,0.3377436854850711
7431,0.7435,18,31,18,627523,48921,101309,24947,0.38747465466987707,0.33772404830237723
7432,0.7436,32,61,32,627584,48860,101341,24915,0.38699150931440884,0.33771602846492715
7433,0.7437,12,48,12,627632,48812,101353,24903,0.3866113293625649,0.337828121820525
7434,0.7438,29,81,29,627713,48731,101382,24874,0.3859697756938284,0.3379389987093268
7435,0.7439,22,42,22,627755,48689,101404,24852,0.385637118235965,0.33793394161080215
7436,0.744,10,37,10,627792,48652,101414,24842,0.3853440628564187,0.33801398753639755
7437,0.7441,18,37,18,627829,48615,101432,24824,0.3850510074768724,0.33802203189041247
7438,0.7442,10,29,10,627858,48586,101442,24814,0.38482131542263337,0.33806539509536787
7439,0.7443,25,60,25,627918,48526,101467,24789,0.38434609048282853,0.3381163472686353
7440,0.7444,19,46,19,627964,48480,101486,24770,0.3839817513623115,0.3381569965870307
7441,0.7445,19,47,19,628011,48433,101505,24751,0.383609491826131,0.3382023393091386
7442,0.7446,27,49,27,628060,48384,101532,24724,0.3832213914586238,0.3381846036001532
7443,0.7447,13,46,13,628106,48338,101545,24711,0.3828570523381067,0.33827978480198223
7444,0.7448,16,36,16,628142,48302,101561,24695,0.3825719173742238,0.3383015740372892
7445,0.7449,7,29,7,628171,48273,101568,24688,0.3823422253199848,0.3383725552007237
7446,0.745,9,26,9,628197,48247,101577,24679,0.382136294512736,0.33841154046567756
7447,0.7451,14,45,14,628242,48202,101591,24665,0.3817798758078824,0.3384934195177515
7448,0.7452,13,37,13,628279,48165,101604,24652,0.3814868204283361,0.3385473172473461
7449,0.7453,5,25,5,628304,48140,101609,24647,0.38128881003675075,0.3386181598362345
7450,0.7454,18,35,18,628339,48105,101627,24629,0.38101159548853125,0.3386174278879204
7451,0.7455,22,58,22,628397,48047,101649,24607,0.38055221138005324,0.338687477633716
7452,0.7456,36,84,36,628481,47963,101685,24571,0.37988689646432644,0.33875148206358396
7453,0.7457,30,62,30,628543,47901,101715,24541,0.37939583069319477,0.3387675657767593
7454,0.7458,9,41,9,628584,47860,101724,24532,0.3790710936509948,0.33887722400265224
7455,0.7459,16,49,16,628633,47811,101740,24516,0.37868299328348753,0.3389605541499025
7456,0.746,12,25,12,628658,47786,101752,24504,0.3784849828919022,0.338968045372804
7457,0.7461,24,74,24,628732,47712,101776,24480,0.37789887213280954,0.3390957446808511
7458,0.7462,23,77,23,628809,47635,101799,24457,0.37728900012672667,0.33924707318426456
7459,0.7463,25,33,25,628842,47602,101824,24432,0.377027626409834,0.33917316822611543
7460,0.7464,16,47,16,628889,47555,101840,24416,0.37665536687365353,0.3392477525670062
7461,0.7465,18,41,18,628930,47514,101858,24398,0.37633062983145354,0.33927578151073534
7462,0.7466,14,44,14,628974,47470,101872,24384,0.37598213154226334,0.3393548027945556
7463,0.7467,26,50,26,629024,47420,101898,24358,0.37558611075909265,0.33935189055142245
7464,0.7468,15,50,15,629074,47370,101913,24343,0.37519008997592196,0.3394503088700793
7465,0.7469,16,51,16,629125,47319,101929,24327,0.3747861487770878,0.3395444267649276
7466,0.747,20,58,20,629183,47261,101949,24307,0.3743267646686098,0.33963503241672255
7467,0.7471,22,54,22,629237,47207,101971,24285,0.37389906222278546,0.3396883567392156
7468,0.7472,15,38,15,629275,47169,101986,24270,0.3735980864275757,0.3397303993616932
7469,0.7473,18,46,18,629321,47123,102004,24252,0.37323374730705866,0.3397828371278459
7470,0.7474,15,54,15,629375,47069,102019,24237,0.3728060448612343,0.33990127058031583
7471,0.7475,22,47,22,629422,47022,102041,24215,0.37243378532505383,0.339921669918722
7472,0.7476,14,40,14,629462,46982,102055,24201,0.3721169686985173,0.3399828610763806
7473,0.7477,18,29,18,629491,46953,102073,24183,0.3718872766442783,0.33995445344129555
7474,0.7478,10,31,10,629522,46922,102083,24173,0.37164174375871245,0.34000984598073003
7475,0.7479,15,61,15,629583,46861,102098,24158,0.3711585984032442,0.34016249172756585
7476,0.748,26,44,26,629627,46817,102124,24132,0.37081010011405396,0.3401316438568549
7477,0.7481,26,59,26,629686,46758,102150,24106,0.37034279558991257,0.34017272522013997
7478,0.7482,9,30,9,629716,46728,102159,24097,0.3701051831200101,0.34023296858453933
7479,0.7483,14,28,14,629744,46700,102173,24083,0.36988341148143455,0.3402370625715214
7480,0.7484,24,52,24,629796,46648,102197,24059,0.36947154986693703,0.34026334026334026
7481,0.7485,31,67,31,629863,46581,102228,24028,0.36894088201748826,0.3402965627611211
7482,0.7486,20,59,20,629922,46522,102248,24008,0.36847357749334686,0.3403941585141075
7483,0.7487,24,54,24,629976,46468,102272,23984,0.3680458750475225,0.3404303639357293
7484,0.7488,17,55,17,630031,46413,102289,23967,0.3676102521860347,0.340537084398977
7485,0.7489,15,49,15,630080,46364,102304,23952,0.3672221518185274,0.34063371067751297
7486,0.749,37,76,37,630156,46288,102341,23915,0.366620200228108,0.34065495776533766
7487,0.7491,27,69,27,630225,46219,102368,23888,0.3660736915473324,0.34073630307957836
7488,0.7492,18,44,18,630269,46175,102386,23870,0.3657251932581422,0.34078092654721964
7489,0.7493,15,50,15,630319,46125,102401,23855,0.3653291724749715,0.3408831094598457
7490,0.7494,17,48,17,630367,46077,102418,23838,0.3649489925231276,0.3409568762068226
7491,0.7495,11,48,11,630415,46029,102429,23827,0.36456881257128376,0.341087379752634
7492,0.7496,13,43,13,630458,45986,102442,23814,0.36422823469775695,0.34117478510028654
7493,0.7497,17,49,17,630507,45937,102459,23797,0.36384013433024964,0.3412539077064273
7494,0.7498,16,51,16,630558,45886,102475,23781,0.36343619313141556,0.3413524337204128
7495,0.7499,26,70,26,630628,45816,102501,23755,0.3628817640349766,0.34144974199019706
7496,0.75,15,48,15,630676,45768,102516,23740,0.36250158408313266,0.34154341946250794
7497,0.7501,15,51,15,630727,45717,102531,23725,0.3620976428842986,0.3416520261513205
7498,0.7502,18,50,18,630777,45667,102549,23707,0.3617016221011279,0.34172744832357943
7499,0.7503,8,36,8,630813,45631,102557,23699,0.36141648713724495,0.3418289340833694
7500,0.7504,11,26,11,630839,45605,102568,23688,0.3612105563299962,0.34185271239519144
7501,0.7505,14,49,14,630888,45556,102582,23674,0.3608224559624889,0.34196157735085947
7502,0.7506,24,64,24,630952,45492,102606,23650,0.3603155493600304,0.3420496948309277
7503,0.7507,16,38,16,630990,45454,102622,23634,0.3600145735648207,0.34208545622973596
7504,0.7508,17,41,17,631031,45413,102639,23617,0.3596898365226207,0.34212661161813707
7505,0.7509,18,53,18,631084,45360,102657,23599,0.35927005449245974,0.34221783958584084
7506,0.751,9,37,9,631121,45323,102666,23590,0.3589769991129134,0.3423156733852829
7507,0.7511,14,47,14,631168,45276,102680,23576,0.358604739576733,0.34241561610410737
7508,0.7512,27,84,27,631252,45192,102707,23549,0.3579394246610062,0.3425757553716123
7509,0.7513,32,53,32,631305,45139,102739,23517,0.3575196426308453,0.3425337916569564
7510,0.7514,12,50,12,631355,45089,102751,23505,0.35712362184767454,0.34266845496690673
7511,0.7515,10,21,10,631376,45068,102761,23495,0.35695729311874286,0.3426775374473112
7512,0.7516,18,45,18,631421,45023,102779,23477,0.35660087441388927,0.34272992700729926
7513,0.7517,24,61,24,631482,44962,102803,23453,0.356117729058421,0.3428049404370387
7514,0.7518,25,72,25,631554,44890,102828,23428,0.35554745913065516,0.34292572967592727
7515,0.7519,19,50,19,631604,44840,102847,23409,0.35515143834748447,0.34299403654266
7516,0.752,17,28,17,631632,44812,102864,23392,0.3549296667089089,0.34297108673978066
7517,0.7521,19,51,19,631683,44761,102883,23373,0.3545257255100748,0.3430445886048082
7518,0.7522,10,39,10,631722,44722,102893,23363,0.3542168292992016,0.3431445986634354
7519,0.7523,9,41,9,631763,44681,102902,23354,0.35389209225700163,0.34326449621518335
7520,0.7524,14,30,14,631793,44651,102916,23340,0.35365447978709924,0.34328072833169093
7521,0.7525,9,27,9,631820,44624,102925,23331,0.35344062856418706,0.3433301449488632
7522,0.7526,17,46,17,631866,44578,102942,23314,0.35307628944367,0.3433983385376775
7523,0.7527,13,37,13,631903,44541,102955,23301,0.3527832340641237,0.3434598036614487
7524,0.7528,25,51,25,631954,44490,102980,23276,0.3523792928652896,0.34347607944987163
7525,0.7529,19,69,19,632023,44421,102999,23257,0.351832784184514,0.34364195159431427
7526,0.753,13,32,13,632055,44389,103012,23244,0.35157933088328475,0.3436783818550116
7527,0.7531,11,55,11,632110,44334,103023,23233,0.351143708021797,0.3438512883508221
7528,0.7532,19,51,19,632161,44283,103042,23214,0.3507397668229629,0.3439263967287435
7529,0.7533,17,26,17,632187,44257,103059,23197,0.3505338360157141,0.34389361639042904
7530,0.7534,25,47,25,632234,44210,103084,23172,0.35016157647953366,0.3438900596598498
7531,0.7535,24,52,24,632286,44158,103108,23148,0.34974971486503614,0.343921790033578
7532,0.7536,33,68,33,632354,44090,103141,23115,0.349211126599924,0.34394762294472137
7533,0.7537,23,49,23,632403,44041,103164,23092,0.3488230262324167,0.3439739025516512
7534,0.7538,17,17,17,632420,44024,103181,23075,0.34868837916613865,0.34389484194995457
7535,0.7539,22,48,22,632468,43976,103203,23053,0.3483081992142948,0.3439257634755106
7536,0.754,28,49,28,632517,43927,103231,23025,0.3479200988467875,0.34390309475445097
7537,0.7541,23,53,23,632570,43874,103254,23002,0.3475003168166265,0.3439499970093905
7538,0.7542,30,58,30,632628,43816,103284,22972,0.3470409327081485,0.3439540037132419
7539,0.7543,20,44,20,632672,43772,103304,22952,0.3466924344189583,0.3439841736106948
7540,0.7544,29,70,29,632742,43702,103333,22923,0.3461380053225193,0.34406003752345216
7541,0.7545,25,50,25,632792,43652,103358,22898,0.3457419845393486,0.34407212622088656
7542,0.7546,10,17,10,632809,43635,103368,22888,0.3456073374730706,0.34406145242998665
7543,0.7547,2,19,2,632828,43616,103370,22886,0.34545684957546574,0.3441400258638838
7544,0.7548,25,53,25,632881,43563,103395,22861,0.3450370675453048,0.34416777068529447
7545,0.7549,18,48,18,632929,43515,103413,22843,0.3446568875934609,0.344238825763284
7546,0.755,28,51,28,632980,43464,103441,22815,0.3442529463946268,0.3442266781333454
7547,0.7551,13,49,13,633029,43415,103454,22802,0.34386484602711953,0.3443526586828156
7548,0.7552,19,41,19,633070,43374,103473,22783,0.34354010898491955,0.3443777680366401
7549,0.7553,11,51,11,633121,43323,103484,22772,0.3431361677860854,0.3445343823284666
7550,0.7554,9,46,9,633167,43277,103493,22763,0.3427718286655684,0.3446850393700787
7551,0.7555,23,47,23,633214,43230,103516,22740,0.3423995691293879,0.3447021373351523
7552,0.7556,16,40,16,633254,43190,103532,22724,0.34208275250285136,0.34475225293564343
7553,0.7557,18,33,18,633287,43157,103550,22706,0.3418213787859587,0.3447459119687837
7554,0.7558,26,55,26,633342,43102,103576,22680,0.3413857559244709,0.3447751664589097
7555,0.7559,20,34,20,633376,43068,103596,22660,0.34111646179191485,0.3447541382667965
7556,0.756,5,49,5,633425,43019,103601,22655,0.34072836142440754,0.34496147638334806
7557,0.7561,16,35,16,633460,42984,103617,22639,0.34045114687618805,0.344985751946726
7558,0.7562,11,26,11,633486,42958,103628,22628,0.3402452160689393,0.34501265513981644
7559,0.7563,17,39,17,633525,42919,103645,22611,0.33993631985806616,0.34504806958644896
7560,0.7564,8,42,8,633567,42877,103653,22603,0.3396036624002028,0.34518937080024437
7561,0.7565,13,25,13,633592,42852,103666,22590,0.3394056520086174,0.3451911616393142
7562,0.7566,7,31,7,633623,42821,103673,22583,0.33916011912305155,0.34528469206776347
7563,0.7567,13,26,13,633649,42795,103686,22570,0.3389541883158028,0.34529182284096993
7564,0.7568,20,40,20,633689,42755,103706,22550,0.3386373716892663,0.34530280989204504
7565,0.7569,31,53,31,633742,42702,103737,22519,0.3382175896591053,0.34527222827003573
7566,0.757,26,54,26,633796,42648,103763,22493,0.33778988721328096,0.3452971246987305
7567,0.7571,15,40,15,633836,42608,103778,22478,0.3374730705867444,0.3453584488215592
7568,0.7572,16,36,16,633872,42572,103794,22462,0.3371879356228615,0.34538856598087153
7569,0.7573,7,31,7,633903,42541,103801,22455,0.33694240273729564,0.3454827989414733
7570,0.7574,9,25,9,633928,42516,103810,22446,0.3367443923457103,0.3455250761983929
7571,0.7575,21,59,21,633987,42457,103831,22425,0.3362770878215689,0.3456274467494837
7572,0.7576,27,38,27,634025,42419,103858,22398,0.33597611202635913,0.34555749263310553
7573,0.7577,29,62,29,634087,42357,103887,22369,0.33548504625522746,0.3455952785588481
7574,0.7578,20,51,20,634138,42306,103907,22349,0.3350811050563934,0.34566545510788027
7575,0.7579,24,43,24,634181,42263,103931,22325,0.33474052718286657,0.34565244317829935
7576,0.758,15,26,15,634207,42237,103946,22310,0.3345345963756178,0.34563961144592315
7577,0.7581,20,50,20,634257,42187,103966,22290,0.3341385755924471,0.3457046698822836
7578,0.7582,21,50,21,634307,42137,103987,22269,0.3337425548092764,0.34575971182809057
7579,0.7583,15,48,15,634355,42089,104002,22254,0.33336237485743253,0.34586512907386974
7580,0.7584,11,19,11,634374,42070,104013,22243,0.3332118869598277,0.345855425808157
7581,0.7585,23,51,23,634425,42019,104036,22220,0.33280794576099354,0.3458957953890939
7582,0.7586,24,69,24,634494,41950,104060,22196,0.332261437080218,0.34602313472391105
7583,0.7587,19,50,19,634544,41900,104079,22177,0.33186541629704724,0.346099224370679
7584,0.7588,15,40,15,634584,41860,104094,22162,0.3315485996705107,0.34616225672425105
7585,0.7589,10,29,10,634613,41831,104104,22152,0.3313189076162717,0.3462169638810309
7586,0.759,16,35,16,634648,41796,104120,22136,0.3310416930680522,0.3462428830632547
7587,0.7591,16,39,16,634687,41757,104136,22120,0.33073279685717905,0.3462905271067834
7588,0.7592,9,27,9,634714,41730,104145,22111,0.33051894563426687,0.3463448254256669
7589,0.7593,13,58,13,634772,41672,104158,22098,0.33005956152578886,0.34652657989650304
7590,0.7594,19,53,19,634825,41619,104177,22079,0.32963977949562795,0.34661998806869915
7591,0.7595,6,17,6,634842,41602,104183,22073,0.32950513242934987,0.3466509619159796
7592,0.7596,10,31,10,634873,41571,104193,22063,0.32925959954378403,0.346717163780369
7593,0.7597,10,36,10,634909,41535,104203,22053,0.32897446457990115,0.34681071900358557
7594,0.7598,26,48,26,634957,41487,104229,22027,0.3285942846280573,0.34680542872437575
7595,0.7599,23,58,23,635015,41429,104252,22004,0.3281349005195793,0.34688569041350714
7596,0.76,15,28,15,635043,41401,104267,21989,0.32791312888100366,0.3468843666193406
7597,0.7601,10,24,10,635067,41377,104277,21979,0.32772303890508175,0.34691268388155816
7598,0.7602,14,27,14,635094,41350,104291,21965,0.3275091876821696,0.3469162125878544
7599,0.7603,13,28,13,635122,41322,104304,21952,0.32728741604359396,0.3469355501469798
7600,0.7604,17,62,17,635184,41260,104321,21935,0.3267963502724623,0.34710024527256905
7601,0.7605,13,47,13,635231,41213,104334,21922,0.3264240907362818,0.347224202106597
7602,0.7606,41,63,41,635294,41150,104375,21881,0.32592510454948675,0.34714664212847646
7603,0.7607,17,56,17,635350,41094,104392,21864,0.3254815612723356,0.3472791384732679
7604,0.7608,13,39,13,635389,41055,104405,21851,0.3251726650614624,0.34735955234794774
7605,0.7609,16,34,16,635423,41021,104421,21835,0.32490337092890637,0.3473813160239277
7606,0.761,11,54,11,635477,40967,104432,21824,0.324475668483082,0.3475657339427625
7607,0.7611,9,41,9,635518,40926,104441,21815,0.32415093144088203,0.3476992716086769
7608,0.7612,20,39,20,635557,40887,104461,21795,0.3238420352300089,0.3477074758303819
7609,0.7613,16,22,16,635579,40865,104477,21779,0.32366778608541374,0.34766298448374944
7610,0.7614,16,45,16,635624,40820,104493,21763,0.32331136738056016,0.34774619305562215
7611,0.7615,26,46,26,635670,40774,104519,21737,0.32294702826004307,0.34773079937930923
7612,0.7616,29,33,29,635703,40741,104548,21708,0.3226856545431504,0.3476116511073036
7613,0.7617,13,40,13,635743,40701,104561,21695,0.32236883791661386,0.34769857042118085
7614,0.7618,31,55,31,635798,40646,104592,21664,0.3219332150551261,0.3476809500882683
7615,0.7619,20,32,20,635830,40614,104612,21644,0.32167976175389684,0.3476501011918147
7616,0.762,23,46,23,635876,40568,104635,21621,0.3213154226333798,0.3476659859460676
7617,0.7621,29,77,29,635953,40491,104664,21592,0.32070555062729694,0.3477924713689738
7618,0.7622,35,53,35,636006,40438,104699,21557,0.320285768597136,0.34772159045084283
7619,0.7623,24,65,24,636071,40373,104723,21533,0.3197709415790141,0.3478338125545181
7620,0.7624,14,25,14,636096,40348,104737,21519,0.31957293118742874,0.34782678972634845
7621,0.7625,24,40,24,636136,40308,104761,21495,0.31925611456089215,0.3477986505509441
7622,0.7626,22,44,22,636180,40264,104783,21473,0.31890761627170194,0.3478141147124091
7623,0.7627,13,28,13,636208,40236,104796,21460,0.3186858446331263,0.3478345435684647
7624,0.7628,14,32,14,636240,40204,104810,21446,0.3184323913318971,0.3478669910786699
7625,0.7629,21,36,21,636276,40168,104831,21425,0.3181472563680142,0.34784796973682075
7626,0.763,16,34,16,636310,40134,104847,21409,0.3178779622354581,0.3478705945436524
7627,0.7631,8,12,8,636322,40122,104855,21401,0.31778291724749713,0.3478536482291176
7628,0.7632,8,13,8,636335,40109,104863,21393,0.31767995184387277,0.3478423465903548
7629,0.7633,13,48,13,636383,40061,104876,21380,0.3172997718920289,0.3479761071597142
7630,0.7634,17,48,17,636431,40013,104893,21363,0.31691959194018504,0.3480676485922836
7631,0.7635,31,64,31,636495,39949,104924,21332,0.31641268533772654,0.3481013691029846
7632,0.7636,18,43,18,636538,39906,104942,21314,0.3160721074641997,0.34815419797451813
7633,0.7637,2,17,2,636555,39889,104944,21312,0.3159374603979217,0.34822960409143644
7634,0.7638,8,17,8,636572,39872,104952,21304,0.3158028133316436,0.34824114031646397
7635,0.7639,15,31,15,636603,39841,104967,21289,0.31555728044607784,0.34825781122198596
7636,0.764,12,27,12,636630,39814,104979,21277,0.3153434292231656,0.34828370791114893
7637,0.7641,38,76,38,636706,39738,105017,21239,0.3147414776327462,0.3483116584941863
7638,0.7642,13,54,13,636760,39684,105030,21226,0.31431377518692183,0.3484813659497619
7639,0.7643,22,52,22,636812,39632,105052,21204,0.3139019135724243,0.34854362548491025
7640,0.7644,24,61,24,636873,39571,105076,21180,0.313418768216956,0.3486362364405524
7641,0.7645,16,67,16,636940,39504,105092,21164,0.3128881003675073,0.3488494758356959
7642,0.7646,11,26,11,636966,39478,105103,21153,0.3126821695602585,0.3488809354950438
7643,0.7647,27,63,27,637029,39415,105130,21126,0.31218318337346346,0.34895360169141576
7644,0.7648,16,48,16,637077,39367,105146,21110,0.31180300342161954,0.34905831969178364
7645,0.7649,29,45,29,637122,39322,105175,21081,0.31144658471676595,0.34900584408059204
7646,0.765,21,44,21,637166,39278,105196,21060,0.3110980864275757,0.34903377639298616
7647,0.7651,8,29,8,637195,39249,105204,21052,0.3108683943733367,0.3491152717202036
7648,0.7652,19,56,19,637251,39193,105223,21033,0.3104248510961855,0.3492345498621858
7649,0.7653,23,45,23,637296,39148,105246,21010,0.3100684323913319,0.34924698294491174
7650,0.7654,14,35,14,637331,39113,105260,20996,0.3097912178431124,0.3492987738940924
7651,0.7655,10,35,10,637366,39078,105270,20986,0.3095140032948929,0.3493939797549281
7652,0.7656,21,55,21,637421,39023,105291,20965,0.30907838043340513,0.34948656397946254
7653,0.7657,17,49,17,637470,38974,105308,20948,0.3086902800658979,0.34958779747004437
7654,0.7658,21,59,21,637529,38915,105329,20927,0.3082229755417564,0.34970422111560445
7655,0.7659,17,37,17,637566,38878,105346,20910,0.3079299201622101,0.3497357329229946
7656,0.766,23,60,23,637626,38818,105369,20887,0.30745469522240526,0.34983669709404575
7657,0.7661,23,54,23,637680,38764,105392,20864,0.3070269927765809,0.34990273026095126
7658,0.7662,18,36,18,637716,38728,105410,20846,0.306741857812698,0.3499177493537449
7659,0.7663,15,27,15,637743,38701,105425,20831,0.30652800658978585,0.34991265201908217
7660,0.7664,10,31,10,637774,38670,105435,20821,0.30628247370422,0.34998571212452306
7661,0.7665,22,69,22,637843,38601,105457,20799,0.3057359650234444,0.35015151515151516
7662,0.7666,18,31,18,637874,38570,105475,20781,0.3054904321378786,0.35013731866354403
7663,0.7667,20,55,20,637929,38515,105495,20761,0.30505480927639084,0.35024293137188744
7664,0.7668,18,56,18,637985,38459,105513,20743,0.30461126599923966,0.35037667646363296
7665,0.7669,27,60,27,638045,38399,105540,20716,0.3041360410594348,0.35043559164340693
7666,0.767,18,48,18,638093,38351,105558,20698,0.30375586110759095,0.35052244745889005
7667,0.7671,9,29,9,638122,38322,105567,20689,0.30352616905335195,0.3505956516581654
7668,0.7672,28,51,28,638173,38271,105595,20661,0.3031222278545178,0.35059051109753614
7669,0.7673,35,85,35,638258,38186,105630,20626,0.3024489925231276,0.35071073930490376
7670,0.7674,33,52,33,638310,38134,105663,20593,0.3020371309086301,0.35065642719703033
7671,0.7675,17,53,17,638363,38081,105680,20576,0.30161734887846914,0.3507850725403618
7672,0.7676,24,64,24,638427,38017,105704,20552,0.30111044227601064,0.350902354487869
7673,0.7677,12,19,12,638446,37998,105716,20540,0.3009599543784058,0.35088318698964777
7674,0.7678,19,72,19,638518,37926,105735,20521,0.30038968445063996,0.35110441938850584
7675,0.7679,20,46,20,638564,37880,105755,20501,0.30002534533012293,0.3511587674072044
7676,0.768,16,38,16,638602,37842,105771,20485,0.2997243695349132,0.3512095598950743
7677,0.7681,10,33,10,638635,37809,105781,20475,0.29946299581802055,0.3512970969734404
7678,0.7682,17,42,17,638677,37767,105798,20458,0.2991303383601571,0.3513610991841992
7679,0.7683,23,38,23,638715,37729,105821,20435,0.2988293625649474,0.351334158586067
7680,0.7684,19,43,19,638758,37686,105840,20416,0.2984887846914206,0.3513820522529345
7681,0.7685,13,32,13,638790,37654,105853,20403,0.29823533139019137,0.35143049072463267
7682,0.7686,19,38,19,638828,37616,105872,20384,0.2979343555949816,0.35144827586206895
7683,0.7687,12,25,12,638853,37591,105884,20372,0.29773634520339626,0.3514655901178338
7684,0.7688,25,42,25,638895,37549,105909,20347,0.2974036877455329,0.35144051402514853
7685,0.7689,9,32,9,638927,37517,105918,20338,0.29715023444430366,0.35153400743237406
7686,0.769,27,51,27,638978,37466,105945,20311,0.29674629324546953,0.35154127074787545
7687,0.7691,15,31,15,639009,37435,105960,20296,0.2965007603599037,0.35156155271864337
7688,0.7692,17,41,17,639050,37394,105977,20279,0.2961760233177037,0.35162034227454786
7689,0.7693,10,24,10,639074,37370,105987,20269,0.2959859333417818,0.35165426187130244
7690,0.7694,16,43,16,639117,37327,106003,20253,0.295645355468255,0.3517367141368531
7691,0.7695,17,47,17,639164,37280,106020,20236,0.2952730959320745,0.3518325335558801
7692,0.7696,21,45,21,639209,37235,106041,20215,0.29491667722722087,0.3518711923411662
7693,0.7697,9,28,9,639237,37207,106050,20206,0.2946949055886453,0.35194119798651874
7694,0.7698,15,33,15,639270,37174,106065,20191,0.29443353187175264,0.35197420029634796
7695,0.7699,21,37,21,639307,37137,106086,20170,0.2941404764922063,0.3519639834575183
7696,0.77,23,44,23,639351,37093,106109,20147,0.2937919782030161,0.35197414395527604
7697,0.7701,26,44,26,639395,37049,106135,20121,0.29344347991382586,0.35195032359629175
7698,0.7702,15,34,15,639429,37015,106150,20106,0.2931741857812698,0.3519896360357837
7699,0.7703,20,49,20,639478,36966,106170,20086,0.2927860854137625,0.3520647830049779
7700,0.7704,22,42,22,639520,36924,106192,20064,0.2924534279558991,0.3520741208675511
7701,0.7705,17,44,17,639564,36880,106209,20047,0.2921049296667089,0.35215275703971755
7702,0.7706,13,36,13,639600,36844,106222,20034,0.291819794702826,0.35222757480924083
7703,0.7707,22,46,22,639646,36798,106244,20012,0.29145545558230895,0.3522619257173033
7704,0.7708,14,34,14,639680,36764,106258,19998,0.2911861614497529,0.35231316725978645
7705,0.7709,14,33,14,639713,36731,106272,19984,0.29092478773286023,0.35235828264127655
7706,0.771,17,35,17,639748,36696,106289,19967,0.29064757318464074,0.35238162469336254
7707,0.7711,17,34,17,639782,36662,106306,19950,0.29037827905208463,0.3523987847099555
7708,0.7712,12,26,12,639808,36636,106318,19938,0.2901723482448359,0.3524233746950896
7709,0.7713,13,26,13,639834,36610,106331,19925,0.2899664174375871,0.3524365437339701
7710,0.7714,27,41,27,639875,36569,106358,19898,0.2896416803953871,0.3523828076575699
7711,0.7715,5,19,5,639894,36550,106363,19893,0.28949119249778227,0.35244405860779904
7712,0.7716,9,39,9,639933,36511,106372,19884,0.2891822962869091,0.3525844489759731
7713,0.7717,13,26,13,639959,36485,106385,19871,0.2889763654796604,0.3525977713109518
7714,0.7718,16,39,16,639998,36446,106401,19855,0.2886674692687872,0.3526580344931706
7715,0.7719,24,51,24,640049,36395,106425,19831,0.2882635280699531,0.35270159712588484
7716,0.772,6,12,6,640061,36383,106431,19825,0.28816848308199217,0.35270779960148024
7717,0.7721,14,27,14,640088,36356,106445,19811,0.28795463185908,0.35271600762013283
7718,0.7722,11,28,11,640116,36328,106456,19800,0.28773286022050437,0.35276510832383123
7719,0.7723,16,41,16,640157,36287,106472,19784,0.2874081231783044,0.3528383656435591
7720,0.7724,16,36,16,640193,36251,106488,19768,0.2871229882144215,0.3528802727645977
7721,0.7725,19,36,19,640229,36215,106507,19749,0.28683785325053857,0.35288757058108783
7722,0.7726,14,26,14,640255,36189,106521,19735,0.28663192244328983,0.3528896359344825
7723,0.7727,24,36,24,640291,36153,106545,19711,0.2863467874794069,0.3528390376628956
7724,0.7728,10,30,10,640321,36123,106555,19701,0.2861091750095045,0.3529127257093723
7725,0.7729,11,39,11,640360,36084,106566,19690,0.28580027879863135,0.35303187865313584
7726,0.773,12,20,12,640380,36064,106578,19678,0.28564187048536305,0.35301926733881095
7727,0.7731,16,38,16,640418,36026,106594,19662,0.28534089469015333,0.35307427093808363
7728,0.7732,16,28,16,640446,35998,106610,19646,0.28511912305157777,0.35306591905686147
7729,0.7733,3,25,3,640471,35973,106613,19643,0.28492111265999237,0.35318972957422323
7730,0.7734,9,44,9,640515,35929,106622,19634,0.28457261437080217,0.35336464913701565
7731,0.7735,17,23,17,640538,35906,106639,19617,0.28439044481054365,0.3533130414422852
7732,0.7736,10,43,10,640581,35863,106649,19607,0.28404986693701684,0.35347034433026864
7733,0.7737,10,30,10,640611,35833,106659,19597,0.28381225446711444,0.3535450117265019
7734,0.7738,19,57,19,640668,35776,106678,19578,0.2833607907742998,0.3536871770784406
7735,0.7739,18,44,18,640712,35732,106696,19560,0.2830122924851096,0.3537582290385589
7736,0.774,14,50,14,640762,35682,106710,19546,0.2826162717019389,0.35391468095893386
7737,0.7741,8,30,8,640792,35652,106718,19538,0.2823786592320365,0.3540134082261279
7738,0.7742,14,35,14,640827,35617,106732,19524,0.282101444683817,0.35407410094122344
7739,0.7743,12,23,12,640850,35594,106744,19512,0.28191927512355847,0.3540812252749247
7740,0.7744,19,47,19,640897,35547,106763,19493,0.28154701558737805,0.35416061046511627
7741,0.7745,16,39,16,640936,35508,106779,19477,0.2812381193765049,0.35422387923979265
7742,0.7746,17,42,17,640978,35466,106796,19460,0.28090546191864146,0.35429486946072897
7743,0.7747,18,59,18,641037,35407,106814,19442,0.28043815739450006,0.3544640740943317
7744,0.7748,17,56,17,641093,35351,106831,19425,0.2799946141173489,0.3546261136264057
7745,0.7749,19,56,19,641149,35295,106850,19406,0.2795510708401977,0.3547649951554816
7746,0.775,22,38,22,641187,35257,106872,19384,0.27925009504498793,0.3547519262092568
7747,0.7751,4,23,4,641210,35234,106876,19380,0.2790679254847294,0.35485406672281833
7748,0.7752,15,29,15,641239,35205,106891,19365,0.2788382334304904,0.3548653106102254
7749,0.7753,18,36,18,641275,35169,106909,19347,0.27855309846660753,0.35488663878494386
7750,0.7754,17,35,17,641310,35134,106926,19330,0.27827588391838803,0.3549133372502938
7751,0.7755,13,41,13,641351,35093,106939,19317,0.27795114687618805,0.3550266495129572
7752,0.7756,6,44,6,641395,35049,106945,19311,0.27760264858699785,0.355242825607064
7753,0.7757,16,37,16,641432,35012,106961,19295,0.2773095932074515,0.3552948975270223
7754,0.7758,17,27,17,641459,34985,106978,19278,0.27709574198453935,0.35526970495549454
7755,0.7759,31,54,31,641513,34931,107009,19247,0.276668039538715,0.3552549005131234
7756,0.776,17,34,17,641547,34897,107026,19230,0.27639874540615894,0.355275555637667
7757,0.7761,16,28,16,641575,34869,107042,19214,0.2761769737675833,0.3552687535824566
7758,0.7762,26,53,26,641628,34816,107068,19188,0.27575719173742236,0.35530701429523737
7759,0.7763,9,19,9,641647,34797,107077,19179,0.2756067038398175,0.35532458870609157
7760,0.7764,19,44,19,641691,34753,107096,19160,0.2752582055506273,0.3553873833769221
7761,0.7765,15,50,15,641741,34703,107111,19145,0.2748621847674566,0.355537810132224
7762,0.7766,16,24,16,641765,34679,107127,19129,0.27467209479153465,0.355504757656854
7763,0.7767,13,28,13,641793,34651,107140,19116,0.2744503231529591,0.3555340636449867
7764,0.7768,8,15,8,641808,34636,107148,19108,0.27433151691800783,0.3555373623102114
7765,0.7769,24,55,24,641863,34581,107172,19084,0.2738958940565201,0.3556135283704463
7766,0.777,12,39,12,641902,34542,107184,19072,0.27358699784564694,0.3557279814973701
7767,0.7771,17,51,17,641953,34491,107201,19055,0.2731830566468128,0.355862249280992
7768,0.7772,16,42,16,641995,34449,107217,19039,0.27285039918894943,0.3559489979060724
7769,0.7773,18,21,18,642016,34428,107235,19021,0.27268407046001775,0.35587195270257627
7770,0.7774,10,32,10,642048,34396,107245,19011,0.27243061715878847,0.35596457393225606
7771,0.7775,18,30,18,642078,34366,107263,18993,0.2721930046888861,0.35594745028954816
7772,0.7776,13,47,13,642125,34319,107276,18980,0.2718207451527056,0.3561042421058556
7773,0.7777,16,37,16,642162,34282,107292,18964,0.2715276897731593,0.3561582090673478
7774,0.7778,13,37,13,642199,34245,107305,18951,0.27123463439361295,0.35624859011955784
7775,0.7779,6,34,6,642233,34211,107311,18945,0.2709653402610569,0.3564037926104297
7776,0.778,16,34,16,642267,34177,107327,18929,0.27069604612850084,0.356438067261703
7777,0.7781,8,36,8,642303,34141,107335,18921,0.2704109111646179,0.3565828653273529
7778,0.7782,22,46,22,642349,34095,107357,18899,0.2700465720441009,0.35662527833339625
7779,0.7783,29,51,29,642400,34044,107386,18870,0.26964263084526674,0.3566163964168273
7780,0.7784,13,36,13,642436,34008,107399,18857,0.26935749588138386,0.35670103092783506
7781,0.7785,14,55,14,642491,33953,107413,18843,0.26892187301989606,0.3569020380331843
7782,0.7786,13,24,13,642515,33929,107426,18830,0.26873178304397416,0.3569059307416744
7783,0.7787,12,46,12,642561,33883,107438,18818,0.2683674439234571,0.3570710233202406
7784,0.7788,15,32,15,642593,33851,107453,18803,0.26811399062222785,0.357104873323964
7785,0.7789,8,29,8,642622,33822,107461,18795,0.26788429856798884,0.3572039454929015
7786,0.779,20,39,20,642661,33783,107481,18775,0.2675754023571157,0.35722439971079567
7787,0.7791,20,34,20,642695,33749,107501,18755,0.26730610822455964,0.3572108791711108
7788,0.7792,8,35,8,642730,33714,107509,18747,0.26702889367634014,0.3573511751586893
7789,0.7793,13,38,13,642768,33676,107522,18734,0.2667279178811304,0.35745086815493227
7790,0.7794,9,30,9,642798,33646,107531,18725,0.266490305411228,0.35754520631647285
7791,0.7795,18,29,18,642827,33617,107549,18707,0.266260613356989,0.3575223606757893
7792,0.7796,11,30,11,642857,33587,107560,18696,0.2660230008870866,0.35759233402826923
7793,0.7797,13,29,13,642886,33558,107573,18683,0.2657933088328476,0.357630979498861
7794,0.7798,11,48,11,642934,33510,107584,18672,0.26541312888100366,0.3578245371967345
7795,0.7799,9,24,9,642958,33486,107593,18663,0.26522303890508175,0.357878386929759
7796,0.78,23,41,23,642999,33445,107616,18640,0.26489830186288177,0.3578765479504656
7797,0.7801,19,32,19,643031,33413,107635,18621,0.2646448485616525,0.35786216704462465
7798,0.7802,10,36,10,643067,33377,107645,18611,0.2643597135977696,0.35798645841348004
7799,0.7803,27,47,27,643114,33330,107672,18584,0.26398745406158913,0.35797665369649806
7800,0.7804,7,5,7,643119,33325,107679,18577,0.2639478519832721,0.3579245501136758
7801,0.7805,14,48,14,643167,33277,107693,18563,0.2635676720314282,0.3580825617283951
7802,0.7806,8,30,8,643197,33247,107701,18555,0.2633300595615258,0.3581908034438825
7803,0.7807,12,59,12,643256,33188,107713,18543,0.2628627550373844,0.3584504455742205
7804,0.7808,16,31,16,643287,33157,107729,18527,0.26261722215181854,0.358466836932126
7805,0.7809,18,37,18,643324,33120,107747,18509,0.2623241667722722,0.35850006779135757
7806,0.781,11,38,11,643362,33082,107758,18498,0.2620231909770625,0.3586273749515316
7807,0.7811,9,27,9,643389,33055,107767,18489,0.26180933975415027,0.3587032438305137
7808,0.7812,17,31,17,643420,33024,107784,18472,0.26156380686858444,0.3587074724250427
7809,0.7813,10,15,10,643435,33009,107794,18462,0.26144500063363324,0.358687416214956
7810,0.7814,20,40,20,643475,32969,107814,18442,0.2611281840070967,0.35871700608819124
7811,0.7815,19,74,19,643549,32895,107833,18423,0.26054207324800405,0.35899684321290776
7812,0.7816,7,40,7,643589,32855,107840,18416,0.2602252566214675,0.3591894053168458
7813,0.7817,14,45,14,643634,32810,107854,18402,0.25986883791661386,0.35932984456767947
7814,0.7818,12,46,12,643680,32764,107866,18390,0.2595044987960968,0.35950267818743403
7815,0.7819,17,42,17,643722,32722,107883,18373,0.25917184133823346,0.35958508660338584
7816,0.782,26,36,26,643758,32686,107909,18347,0.2588867063743505,0.359512472321831
7817,0.7821,11,44,11,643802,32642,107920,18336,0.2585382080851603,0.35968456981442976
7818,0.7822,5,17,5,643819,32625,107925,18331,0.2584035610188823,0.35974173797001335
7819,0.7823,21,46,21,643865,32579,107946,18310,0.2580392218983652,0.35980270785434965
7820,0.7824,10,46,10,643911,32533,107956,18300,0.25767488277784817,0.3600023606712175
7821,0.7825,7,25,7,643936,32508,107963,18293,0.2574768723862628,0.36009133678470895
7822,0.7826,10,48,10,643984,32460,107973,18283,0.25709669243441896,0.36030585499477763
7823,0.7827,20,29,20,644013,32431,107993,18263,0.25686700038017996,0.3602595967964651
7824,0.7828,18,44,18,644057,32387,108011,18245,0.25651850209098975,0.36034523621425185
7825,0.7829,9,22,9,644079,32365,108020,18236,0.2563442529463946,0.36038813462184544
7826,0.783,11,29,11,644108,32336,108031,18225,0.2561145608921556,0.3604556871897312
7827,0.7831,12,33,12,644141,32303,108043,18213,0.25585318717526295,0.3605392350938317
7828,0.7832,18,31,18,644172,32272,108061,18195,0.2556076542896971,0.3605326252798859
7829,0.7833,11,34,11,644206,32238,108072,18184,0.25533836015714106,0.3606362302169688
7830,0.7834,14,48,14,644254,32190,108086,18170,0.25495818020529715,0.3608022239872915
7831,0.7835,13,30,13,644284,32160,108099,18157,0.25472056773539475,0.3608521970705726
7832,0.7836,6,23,6,644307,32137,108105,18151,0.25453839817513624,0.3609409799554566
7833,0.7837,12,35,12,644342,32102,108117,18139,0.25426118362691674,0.36103978822077587
7834,0.7838,12,19,12,644361,32083,108129,18127,0.2541106957293119,0.3610237004580761
7835,0.7839,9,50,9,644411,32033,108138,18118,0.2537146749461412,0.3612689677174932
7836,0.784,17,44,17,644455,31989,108155,18101,0.25336617665695094,0.3613695348372929
7837,0.7841,14,32,14,644487,31957,108169,18087,0.2531127233557217,0.36142194868515704
7838,0.7842,22,47,22,644534,31910,108191,18065,0.25274046381954124,0.36148074037018507
7839,0.7843,17,37,17,644571,31873,108208,18048,0.2524474084399949,0.3615312193265359
7840,0.7844,12,25,12,644596,31848,108220,18036,0.25224939804840957,0.3615588164541737
7841,0.7845,13,25,13,644621,31823,108233,18023,0.2520513876568242,0.3615736468322433
7842,0.7846,15,39,15,644660,31784,108248,18008,0.25174249144595107,0.3616645244215938
7843,0.7847,17,38,17,644698,31746,108265,17991,0.25144151565074135,0.361722661197901
7844,0.7848,28,65,28,644763,31681,108293,17963,0.25092668863261947,0.3618362742728225
7845,0.7849,18,32,18,644795,31649,108311,17945,0.2506732353313902,0.36183812557970724
7846,0.785,16,34,16,644829,31615,108327,17929,0.25040394119883413,0.36188034878088166
7847,0.7851,9,15,9,644844,31600,108336,17920,0.2502851349638829,0.36187399030694667
7848,0.7852,15,25,15,644869,31575,108351,17905,0.25008712457229754,0.36186337914308814
7849,0.7853,27,47,27,644916,31528,108378,17878,0.2497148650361171,0.3618588835364126
7850,0.7854,17,37,17,644953,31491,108395,17861,0.24942180965657076,0.361910358242827
7851,0.7855,20,44,20,644997,31447,108415,17841,0.24907331136738056,0.36197451712384354
7852,0.7856,9,19,9,645016,31428,108424,17832,0.2489228234697757,0.3619975639464068
7853,0.7857,14,37,14,645053,31391,108438,17818,0.24862976809022938,0.3620882358918084
7854,0.7858,11,18,11,645071,31373,108449,17807,0.2484872006082879,0.3620780805205368
7855,0.7859,13,35,13,645106,31338,108462,17794,0.24820998606006844,0.36216722299112597
7856,0.786,33,64,33,645170,31274,108495,17761,0.24770307945760994,0.3622106658509228
7857,0.7861,25,33,25,645203,31241,108520,17736,0.24744170574071728,0.3621291626681912
7858,0.7862,11,32,11,645235,31209,108531,17725,0.24718825243948803,0.362222585523358
7859,0.7863,16,33,16,645268,31176,108547,17709,0.24692687872259536,0.3622583614605707
7860,0.7864,14,50,14,645318,31126,108561,17695,0.24653085793942467,0.3624464881915569
7861,0.7865,11,32,11,645350,31094,108572,17684,0.24627740463819542,0.3625404895649678
7862,0.7866,6,25,6,645375,31069,108578,17678,0.24607939424661007,0.36264795782304554
7863,0.7867,28,54,28,645429,31015,108606,17650,0.2456516918007857,0.3626836535497791
7864,0.7868,13,20,13,645449,30995,108619,17637,0.24549328348751742,0.36266244448100016
7865,0.7869,8,33,8,645482,30962,108627,17629,0.24523190977062476,0.3628038114054043
7866,0.787,27,50,27,645532,30912,108654,17602,0.24483588898745406,0.362823102609556
7867,0.7871,17,43,17,645575,30869,108671,17585,0.24449531111392725,0.3629215338258967
7868,0.7872,18,46,18,645621,30823,108689,17567,0.24413097199341022,0.3630295515602397
7869,0.7873,9,39,9,645660,30784,108698,17558,0.24382207578253706,0.36320383931157174
7870,0.7874,7,11,7,645671,30773,108705,17551,0.24373495121023953,0.3631942719973512
7871,0.7875,13,48,13,645719,30725,108718,17538,0.24335477125839564,0.3633839587261463
7872,0.7876,15,44,15,645763,30681,108733,17523,0.24300627296920543,0.3635175504107543
7873,0.7877,12,27,12,645790,30654,108745,17511,0.24279242174629326,0.36356275303643726
7874,0.7878,9,28,9,645818,30626,108754,17502,0.24257065010771767,0.3636552526595745
7875,0.7879,14,27,14,645845,30599,108768,17488,0.24235679888480546,0.363674173893152
7876,0.788,14,38,14,645883,30561,108782,17474,0.24205582308959575,0.36377641303216407
7877,0.7881,12,26,12,645909,30535,108794,17462,0.241849892282347,0.36381440506698337
7878,0.7882,10,17,10,645926,30518,108804,17452,0.24171524521606894,0.3638107150302272
7879,0.7883,17,29,17,645955,30489,108821,17435,0.24148555316182993,0.3638051915532927
7880,0.7884,9,38,9,645993,30451,108830,17426,0.2411845773666202,0.3639743509409529
7881,0.7885,24,60,24,646053,30391,108854,17402,0.24070935242681535,0.36411189923210513
7882,0.7886,24,49,24,646102,30342,108878,17378,0.24032125205930807,0.3641659681475272
7883,0.7887,11,12,11,646114,30330,108889,17367,0.2402262070713471,0.36411095037423735
7884,0.7888,24,57,24,646171,30273,108913,17343,0.2397747433785325,0.36422631048387094
7885,0.7889,15,53,15,646224,30220,108928,17328,0.23935496134837156,0.36443173214435937
7886,0.789,11,18,11,646242,30202,108939,17317,0.23921239386643012,0.3644226519918348
7887,0.7891,8,30,8,646272,30172,108947,17309,0.2389747813965277,0.3645458183273309
7888,0.7892,13,29,13,646301,30143,108960,17296,0.2387450893422887,0.36459453192520924
7889,0.7893,5,17,5,646318,30126,108965,17291,0.23861044227601064,0.3646582449332518
7890,0.7894,15,31,15,646349,30095,108980,17276,0.2383649093904448,0.36469569990078315
7891,0.7895,15,54,15,646403,30041,108995,17261,0.23793720694462045,0.3649105746057249
7892,0.7896,13,21,13,646424,30020,109008,17248,0.23777087821568876,0.3648980282643649
7893,0.7897,11,19,11,646443,30001,109019,17237,0.23762039031808388,0.36489690503408273
7894,0.7898,11,37,11,646480,29964,109030,17226,0.23732733493853758,0.365034965034965
7895,0.7899,16,43,16,646523,29921,109046,17210,0.23698675706501077,0.3651524474337485
7896,0.79,12,41,12,646564,29880,109058,17198,0.2366620200228108,0.3653086367305323
7897,0.7901,9,26,9,646590,29854,109067,17189,0.23645608921556202,0.3653891120889399
7898,0.7902,19,43,19,646633,29811,109086,17170,0.23611551134203523,0.36546689087077755
7899,0.7903,18,44,18,646677,29767,109104,17152,0.235767013052845,0.3655661885376926
7900,0.7904,11,48,11,646725,29719,109115,17141,0.23538683310100114,0.3657917200170721
7901,0.7905,9,32,9,646757,29687,109124,17132,0.2351333797997719,0.3659198188769517
7902,0.7906,18,38,18,646795,29649,109142,17114,0.23483240400456215,0.36597309838975256
7903,0.7907,13,28,13,646823,29621,109155,17101,0.23461063236598656,0.3660160095886306
7904,0.7908,5,21,5,646844,29600,109160,17096,0.23444430363705487,0.36611272914168236
7905,0.7909,18,18,18,646862,29582,109178,17078,0.23430173615511343,0.3660094299185598
7906,0.791,9,33,9,646895,29549,109187,17069,0.23404036243822077,0.36614612381483547
7907,0.7911,11,33,11,646928,29516,109198,17058,0.2337789887213281,0.3662558509039378
7908,0.7912,15,56,15,646984,29460,109213,17043,0.23333544544417692,0.366492484355848
7909,0.7913,6,27,6,647011,29433,109219,17037,0.23312159422126474,0.36662362814719174
7910,0.7914,13,25,13,647036,29408,109232,17024,0.23292358382967937,0.3666436940041351
7911,0.7915,9,20,9,647056,29388,109241,17015,0.2327651755164111,0.3666788785207853
7912,0.7916,7,27,7,647083,29361,109248,17008,0.23255132429349892,0.3667967823330242
7913,0.7917,18,31,18,647114,29330,109266,16990,0.2323057914079331,0.36679620034542315
7914,0.7918,28,36,28,647150,29294,109294,16962,0.23202065644405018,0.3666983742649602
7915,0.7919,20,28,20,647178,29266,109314,16942,0.2317988848054746,0.36664646814404434
7916,0.792,25,54,25,647232,29212,109339,16917,0.23137118235965023,0.3667324242884086
7917,0.7921,11,22,11,647254,29190,109350,16906,0.23119693321505513,0.36675633460603957
7918,0.7922,17,31,17,647285,29159,109367,16889,0.2309514003294893,0.3667694579569145
7919,0.7923,8,38,8,647323,29121,109375,16881,0.23065042453427956,0.3669623059866962
7920,0.7924,18,28,18,647351,29093,109393,16863,0.23042865289570397,0.366937940638872
7921,0.7925,24,46,24,647397,29047,109417,16839,0.23006431377518693,0.36697467637187814
7922,0.7926,21,45,21,647442,29002,109438,16818,0.2297078950703333,0.36704495853339153
7923,0.7927,16,52,16,647494,28950,109454,16802,0.22929603345583577,0.3672407763595034
7924,0.7928,11,57,11,647551,28893,109465,16791,0.22884456976302117,0.3675466246388232
7925,0.7929,11,31,11,647582,28862,109476,16780,0.22859903687745534,0.36764383681696683
7926,0.793,16,31,16,647613,28831,109492,16764,0.2283535039918895,0.36767189384800963
7927,0.7931,9,27,9,647640,28804,109501,16755,0.22813965276897732,0.3677648763142299
7928,0.7932,25,43,25,647683,28761,109526,16730,0.2277990748954505,0.36776505242795277
7929,0.7933,26,50,26,647733,28711,109552,16704,0.22740305411227982,0.36780799295386984
7930,0.7934,17,54,17,647787,28657,109569,16687,0.22697535166645547,0.3680089978828511
7931,0.7935,17,29,17,647816,28628,109586,16670,0.22674565961221646,0.3680074175460285
7932,0.7936,20,24,20,647840,28604,109606,16650,0.2265555696362945,0.36792327750033144
7933,0.7937,14,45,14,647885,28559,109620,16636,0.22619915093144088,0.36809381568757604
7934,0.7938,14,25,14,647910,28534,109634,16622,0.22600114053985554,0.36810169191248115
7935,0.7939,28,56,28,647966,28478,109662,16594,0.22555759726270436,0.368166489172879
7936,0.794,26,42,26,648008,28436,109688,16568,0.22522493980484096,0.36814505377299794
7937,0.7941,8,12,8,648020,28424,109696,16560,0.22512989481687998,0.3681308909834608
7938,0.7942,20,58,20,648078,28366,109716,16540,0.22467051070840197,0.3683249454415891
7939,0.7943,25,64,25,648142,28302,109741,16515,0.2241636041059435,0.36849856081397686
7940,0.7944,19,23,19,648165,28279,109760,16496,0.22398143454568495,0.36841987716359575
7941,0.7945,12,17,12,648182,28262,109772,16484,0.22384678747940692,0.368390470656595
7942,0.7946,5,21,5,648203,28241,109777,16479,0.22368045875047524,0.3684928443649374
7943,0.7947,21,38,21,648241,28203,109798,16458,0.2233794829552655,0.3685094377644925
7944,0.7948,18,19,18,648260,28184,109816,16440,0.22322899505766064,0.3684116170670491
7945,0.7949,17,29,17,648289,28155,109833,16423,0.2229993030034216,0.36841042666786306
7946,0.795,13,53,13,648342,28102,109846,16410,0.22257952097326067,0.3686646297627606
7947,0.7951,16,41,16,648383,28061,109862,16394,0.2222547839310607,0.36877741536385106
7948,0.7952,14,33,14,648416,28028,109876,16380,0.22199341021416805,0.36885245901639346
7949,0.7953,16,18,16,648434,28010,109892,16364,0.22185084273222658,0.36877450759453734
7950,0.7954,14,28,14,648462,27982,109906,16350,0.221629071093651,0.3688080844536678
7951,0.7955,20,43,20,648505,27939,109926,16330,0.2212884932201242,0.36888115837267615
7952,0.7956,17,24,17,648529,27915,109943,16313,0.22109840324420227,0.36883874468662387
7953,0.7957,7,14,7,648543,27901,109950,16306,0.22098751742491446,0.36885561110231413
7954,0.7958,14,30,14,648573,27871,109964,16292,0.22074990495501204,0.3689060978647284
7955,0.7959,15,36,15,648609,27835,109979,16277,0.22046476999112913,0.3689925643815742
7956,0.796,18,38,18,648647,27797,109997,16259,0.22016379419591942,0.3690530234247322
7957,0.7961,16,43,16,648690,27754,110013,16243,0.2198232163223926,0.36918426256335657
7958,0.7962,11,27,11,648717,27727,110024,16232,0.21960936509948042,0.36925316772447053
7959,0.7963,20,33,20,648750,27694,110044,16212,0.21934799138258776,0.36924338359221975
7960,0.7964,26,44,26,648794,27650,110070,16186,0.21899949309339753,0.3692398941509262
7961,0.7965,13,14,13,648808,27636,110083,16173,0.21888860727410975,0.36917071834554543
7962,0.7966,33,66,33,648874,27570,110116,16140,0.21836585984032442,0.3692518874399451
7963,0.7967,21,38,21,648912,27532,110137,16119,0.21806488404511468,0.36926989072415295
7964,0.7968,18,39,18,648951,27493,110155,16101,0.21775598783424155,0.36933981740606503
7965,0.7969,14,30,14,648981,27463,110169,16087,0.21751837536433913,0.3693915040183697
7966,0.797,18,27,18,649008,27436,110187,16069,0.21730452414142695,0.3693598436961269
7967,0.7971,20,57,20,649065,27379,110207,16049,0.21685306044861236,0.36955420466058764
7968,0.7972,26,47,26,649112,27332,110233,16023,0.21648080091243188,0.3695767500864952
7969,0.7973,18,41,18,649153,27291,110251,16005,0.2161560638702319,0.3696646341463415
7970,0.7974,14,24,14,649177,27267,110265,15991,0.21596597389430996,0.3696657265708077
7971,0.7975,15,53,15,649230,27214,110280,15976,0.21554619186414903,0.3699004399166474
7972,0.7976,6,24,6,649254,27190,110286,15970,0.2153561018882271,0.3700185356811863
7973,0.7977,7,19,7,649273,27171,110293,15963,0.21520561399062224,0.3700792878008068
7974,0.7978,18,40,18,649313,27131,110311,15945,0.21488879736408567,0.3701597177082366
7975,0.7979,14,25,14,649338,27106,110325,15931,0.21469078697250032,0.37016985384669004
7976,0.798,15,33,15,649371,27073,110340,15916,0.21442941325560766,0.3702342459698993
7977,0.7981,10,23,10,649394,27050,110350,15906,0.21424724369534914,0.37028587391749695
7978,0.7982,17,31,17,649425,27019,110367,15889,0.2140017108097833,0.37030390603150926
7979,0.7983,25,44,25,649469,26975,110392,15864,0.21365321252059308,0.370316767431546
7980,0.7984,9,17,9,649486,26958,110401,15855,0.21351856545431505,0.37033144138462615
7981,0.7985,15,29,15,649515,26929,110416,15840,0.21328887340007605,0.37036171058476935
7982,0.7986,17,34,17,649549,26895,110433,15823,0.21301957926751997,0.37040591788005056
7983,0.7987,32,62,32,649611,26833,110465,15791,0.2125285134963883,0.37047203453453453
7984,0.7988,8,28,8,649639,26805,110473,15783,0.2123067418578127,0.3705973513665821
7985,0.7989,18,23,18,649662,26782,110491,15765,0.2121245722975542,0.37053141232049264
7986,0.799,9,43,9,649705,26739,110500,15756,0.21178399442402737,0.37077303212142604
7987,0.7991,9,29,9,649734,26710,110509,15747,0.21155430236978837,0.3708929034081541
7988,0.7992,15,30,15,649764,26680,110524,15732,0.21131668989988595,0.37093275488069416
7989,0.7993,11,30,11,649794,26650,110535,15721,0.21107907742998352,0.37103207382407777
7990,0.7994,18,32,18,649826,26618,110553,15703,0.21082562412875427,0.3710451076297819
7991,0.7995,12,26,12,649852,26592,110565,15691,0.2106196933215055,0.37109476621810183
7992,0.7996,8,25,8,649877,26567,110573,15683,0.21042168292992017,0.37119526627218935
7993,0.7997,23,41,23,649918,26526,110596,15660,0.21009694588772018,0.37121319869150904
7994,0.7998,18,26,18,649944,26500,110614,15642,0.20989101508047142,0.37117365098951166
7995,0.7999,17,26,17,649970,26474,110631,15625,0.20968508427322266,0.3711489584075631
7996,0.8,13,17,13,649987,26457,110644,15612,0.20955043720694463,0.37110461384867716
7997,0.8001,16,26,16,650013,26431,110660,15596,0.20934450639969585,0.37109477240821376
7998,0.8002,19,22,19,650035,26409,110679,15577,0.20917025725510074,0.37100462058781497
7999,0.8003,10,38,10,650073,26371,110689,15567,0.208869281459891,0.3711908054747484
8000,0.8004,5,31,5,650104,26340,110694,15562,0.20862374857432517,0.3713903870936948
8001,0.8005,10,13,10,650117,26327,110704,15552,0.2085207831707008,0.3713555720050622
8002,0.8006,7,31,7,650148,26296,110711,15545,0.20827525028513497,0.3715255371525537
8003,0.8007,10,21,10,650169,26275,110721,15535,0.20810892155620328,0.3715618273140397
8004,0.8008,23,35,23,650204,26240,110744,15512,0.20783170700798378,0.37152711247365394
8005,0.8009,7,15,7,650219,26225,110751,15505,0.20771290077303256,0.3715552360412174
8006,0.801,12,28,12,650247,26197,110763,15493,0.20749112913445697,0.3716238906212521
8007,0.8011,13,36,13,650283,26161,110776,15480,0.20720599417057406,0.37174899738238754
8008,0.8012,12,28,12,650311,26133,110788,15468,0.20698422253199847,0.37181798514458786
8009,0.8013,18,38,18,650349,26095,110806,15450,0.20668324673678876,0.37188590684799616
8010,0.8014,14,22,14,650371,26073,110820,15436,0.20650899759219363,0.3718711604712231
8011,0.8015,19,46,19,650417,26027,110839,15417,0.2061446584716766,0.37199594633722616
8012,0.8016,8,32,8,650449,25995,110847,15409,0.20589120517044734,0.3721621099410685
8013,0.8017,10,31,10,650480,25964,110857,15399,0.2056456722848815,0.3722892440103474
8014,0.8018,12,29,12,650509,25935,110869,15387,0.2054159802306425,0.37236822999854796
8015,0.8019,9,34,9,650543,25901,110878,15378,0.20514668609808642,0.3725380944305821
8016,0.802,15,38,15,650581,25863,110893,15363,0.20484571030287668,0.37265318003201864
8017,0.8021,17,26,17,650607,25837,110910,15346,0.20463977949562792,0.3726294830391181
8018,0.8022,27,44,27,650651,25793,110937,15319,0.20429128120643772,0.37261626775637285
8019,0.8023,10,33,10,650684,25760,110947,15309,0.20402990748954505,0.37276291119822735
8020,0.8024,8,46,8,650730,25714,110955,15301,0.203665568369028,0.37305863708399367
8021,0.8025,18,38,18,650768,25676,110973,15283,0.20336459257381828,0.3731292267877634
8022,0.8026,10,31,10,650799,25645,110983,15273,0.20311905968825245,0.3732587125470453
8023,0.8027,14,34,14,650833,25611,110997,15259,0.20284976555569637,0.3733545387815023
8024,0.8028,15,33,15,650866,25578,111012,15244,0.2025883918388037,0.37342609377296554
8025,0.8029,17,42,17,650908,25536,111029,15227,0.2022557343809403,0.37354954247724653
8026,0.803,11,14,11,650922,25522,111040,15216,0.20214484856165252,0.37350876331680494
8027,0.8031,5,17,5,650939,25505,111045,15211,0.20201020149537446,0.37358777876019256
8028,0.8032,12,24,12,650963,25481,111057,15199,0.20182011151945253,0.37362340216322515
8029,0.8033,9,29,9,650992,25452,111066,15190,0.20159041946521353,0.37375129176713745
8030,0.8034,10,24,10,651016,25428,111076,15180,0.2014003294892916,0.3738179669030733
8031,0.8035,17,31,17,651047,25397,111093,15163,0.20115479660372576,0.3738412228796844
8032,0.8036,12,39,12,651086,25358,111105,15151,0.2008459003928526,0.3740156508430225
8033,0.8037,10,27,10,651113,25331,111115,15141,0.20063204916994043,0.3741104961454833
8034,0.8038,7,20,7,651133,25311,111122,15134,0.20047364085667216,0.37418716775868466
8035,0.8039,14,40,14,651173,25271,111136,15120,0.2001568242301356,0.3743408184991706
8036,0.804,16,27,16,651200,25244,111152,15104,0.1999429730072234,0.3743432140378705
8037,0.8041,25,38,25,651238,25206,111177,15079,0.1996419972120137,0.37430805510736004
8038,0.8042,15,24,15,651262,25182,111192,15064,0.19945190723609174,0.3742980668886349
8039,0.8043,4,22,4,651284,25160,111196,15060,0.19927765809149664,0.374440576827449
8040,0.8044,19,27,19,651311,25133,111215,15041,0.19906380686858446,0.3743963757654204
8041,0.8045,25,45,25,651356,25088,111240,15016,0.19870738816373082,0.37442649112308
8042,0.8046,3,14,3,651370,25074,111243,15013,0.19859650234444304,0.3745104397934492
8043,0.8047,10,23,10,651393,25051,111253,15003,0.19841433278418452,0.37456933140260645
8044,0.8048,9,24,9,651417,25027,111262,14994,0.1982242428082626,0.37465330701381777
8045,0.8049,20,35,20,651452,24992,111282,14974,0.1979470282600431,0.3746684681979683
8046,0.805,9,16,9,651468,24976,111291,14965,0.19782030160942846,0.37467764953306126
8047,0.8051,13,33,13,651501,24943,111304,14952,0.1975589278925358,0.3747838074946735
8048,0.8052,15,22,15,651523,24921,111319,14937,0.1973846787479407,0.3747553816046967
8049,0.8053,11,29,11,651552,24892,111330,14926,0.19715498669370168,0.374855592947913
8050,0.8054,16,26,16,651578,24866,111346,14910,0.19694905588645292,0.37484915526950924
8051,0.8055,4,24,4,651602,24842,111350,14906,0.196758965910531,0.3750125792492704
8052,0.8056,21,45,21,651647,24797,111371,14885,0.19640254720567735,0.37510710145657983
8053,0.8057,7,19,7,651666,24778,111378,14878,0.1962520593080725,0.37517651805527535
8054,0.8058,8,19,8,651685,24759,111386,14870,0.19610157141046763,0.3752302606676928
8055,0.8059,12,27,12,651712,24732,111398,14858,0.19588772018755543,0.375296792119222
8056,0.806,21,47,21,651759,24685,111419,14837,0.19551546065137498,0.3754111634026618
8057,0.8061,8,20,8,651779,24665,111427,14829,0.1953570523381067,0.37547475565908744
8058,0.8062,14,41,14,651820,24624,111441,14815,0.19503231529590673,0.37564339866629476
8059,0.8063,11,19,11,651839,24605,111452,14804,0.19488182739830187,0.3756502321804664
8060,0.8064,14,37,14,651876,24568,111466,14790,0.19458877201875555,0.3757812896996799
8061,0.8065,10,18,10,651894,24550,111476,14780,0.1944462045368141,0.3757945588609204
8062,0.8066,5,16,5,651910,24534,111481,14775,0.19431947788619947,0.375868121804167
8063,0.8067,7,25,7,651935,24509,111488,14768,0.19412146749461412,0.3759961300506658
8064,0.8068,9,19,9,651954,24490,111497,14759,0.19397097959700926,0.3760350582180438
8065,0.8069,17,43,17,651997,24447,111514,14742,0.19363040172348245,0.37617698844063385
8066,0.807,13,20,13,652017,24427,111527,14729,0.19347199341021418,0.3761620185922975
8067,0.8071,17,36,17,652053,24391,111544,14712,0.19318685844633127,0.37623711735672455
8068,0.8072,16,33,16,652086,24358,111560,14696,0.1929254847294386,0.3762994827674502
8069,0.8073,7,18,7,652104,24340,111567,14689,0.19278291724749716,0.3763611673371083
8070,0.8074,13,21,13,652125,24319,111580,14676,0.19261658851856545,0.37635594306962433
8071,0.8075,14,47,14,652172,24272,111594,14662,0.192244328982385,0.3765860173627164
8072,0.8076,7,12,7,652184,24260,111601,14655,0.19214928399442402,0.3765900038545548
8073,0.8077,9,26,9,652210,24234,111610,14646,0.19194335318717526,0.37669753086419755
8074,0.8078,8,24,8,652234,24210,111618,14638,0.19175326321125333,0.37680189456342666
8075,0.8079,21,76,21,652310,24134,111639,14617,0.19115131162083387,0.3772031689504787
8076,0.808,14,16,14,652326,24118,111653,14603,0.19102458497021924,0.37713385501407504
8077,0.8081,9,45,9,652371,24073,111662,14594,0.19066816626536562,0.3774277807949932
8078,0.8082,7,21,7,652392,24052,111669,14587,0.1905018375364339,0.3775201221563705
8079,0.8083,15,41,15,652433,24011,111684,14572,0.19017710049423395,0.3776792888059508
8080,0.8084,19,41,19,652474,23970,111703,14553,0.18985236345203396,0.37777431664200606
8081,0.8085,11,22,11,652496,23948,111714,14542,0.18967811430743886,0.37781241881008054
8082,0.8086,12,15,12,652511,23933,111726,14530,0.18955930807248764,0.3777656449054936
8083,0.8087,4,8,4,652519,23925,111730,14526,0.18949594474718034,0.3777795115861746
8084,0.8088,10,38,10,652557,23887,111740,14516,0.1891949689519706,0.377991302762805
8085,0.8089,18,36,18,652593,23851,111758,14498,0.1889098339880877,0.37805418654984485
8086,0.809,20,40,20,652633,23811,111778,14478,0.18859301736155112,0.37812426545483036
8087,0.8091,10,22,10,652655,23789,111788,14468,0.18841876821695602,0.3781791567556264
8088,0.8092,11,31,11,652686,23758,111799,14457,0.1881732353313902,0.378306947533691
8089,0.8093,24,38,24,652724,23720,111823,14433,0.18787225953618045,0.3782926637485912
8090,0.8094,9,24,9,652748,23696,111832,14424,0.18768216956025852,0.3783840503672613
8091,0.8095,18,26,18,652774,23670,111850,14406,0.18747623875300976,0.37834856602584305
8092,0.8096,15,43,15,652817,23627,111865,14391,0.18713566087948297,0.3785312220527119
8093,0.8097,19,51,19,652868,23576,111884,14372,0.18673171968064883,0.3787287867608306
8094,0.8098,15,26,15,652894,23550,111899,14357,0.18652578887340007,0.3787427124277838
8095,0.8099,16,54,16,652948,23496,111915,14341,0.18609808642757572,0.37902053545471365
8096,0.81,16,32,16,652980,23464,111931,14325,0.18584463312634647,0.3790785678372013
8097,0.8101,16,44,16,653024,23420,111947,14309,0.18549613483715624,0.37925733520634
8098,0.8102,20,51,20,653075,23369,111967,14289,0.18509219363832213,0.3794412873758564
8099,0.8103,15,17,15,653092,23352,111982,14274,0.1849575465720441,0.3793653324828576
8100,0.8104,17,30,17,653122,23322,111999,14257,0.1847199341021417,0.37938742382713747
8101,0.8105,14,27,14,653149,23295,112013,14243,0.1845060828792295,0.3794288454366242
8102,0.8106,18,24,18,653173,23271,112031,14225,0.18431599290330758,0.37937379987198633
8103,0.8107,16,39,16,653212,23232,112047,14209,0.18400709669243442,0.37950375257071123
8104,0.8108,11,23,11,653235,23209,112058,14198,0.1838249271321759,0.37955462881278906
8105,0.8109,12,28,12,653263,23181,112070,14186,0.18360315549360032,0.37963978911874113
8106,0.811,10,32,10,653295,23149,112080,14176,0.18334970219237107,0.3797990622906899
8107,0.8111,17,17,17,653312,23132,112097,14159,0.183215055126093,0.37968946930894854
8108,0.8112,12,23,12,653335,23109,112109,14147,0.1830328855658345,0.3797240712905304
8109,0.8113,14,18,14,653353,23091,112123,14133,0.18289031808389306,0.3796744036105738
8110,0.8114,8,16,8,653369,23075,112131,14125,0.18276359143327842,0.3797043010752688
8111,0.8115,13,23,13,653392,23052,112144,14112,0.1825814218730199,0.3797223119147562
8112,0.8116,8,23,8,653415,23029,112152,14104,0.18239925231276138,0.37982387633641235
8113,0.8117,18,40,18,653455,22989,112170,14086,0.18208243568622481,0.3799325691166554
8114,0.8118,14,33,14,653488,22956,112184,14072,0.18182106196933215,0.3800367289618667
8115,0.8119,11,33,11,653521,22923,112195,14061,0.18155968825243948,0.38019143413367945
8116,0.812,16,35,16,653556,22888,112211,14045,0.18128247370422,0.38028321555248695
8117,0.8121,10,15,10,653571,22873,112221,14035,0.1811636674692688,0.3802698601929121
8118,0.8122,10,30,10,653601,22843,112231,14025,0.18092605499936637,0.3804111967017468
8119,0.8123,14,20,14,653621,22823,112245,14011,0.1807676466860981,0.3803822555247869
8120,0.8124,24,42,24,653663,22781,112269,13987,0.1804349892282347,0.3804123150565709
8121,0.8125,10,30,10,653693,22751,112279,13977,0.18019737675833228,0.38055434545850575
8122,0.8126,11,33,11,653726,22718,112290,13966,0.1799360030414396,0.38071093664813
8123,0.8127,4,17,4,653743,22701,112294,13962,0.1798013559751616,0.38081990017183537
8124,0.8128,7,19,7,653762,22682,112301,13955,0.1796508680775567,0.38089909108278514
8125,0.8129,9,25,9,653787,22657,112310,13946,0.17945285768597136,0.38100702128240854
8126,0.813,17,36,17,653823,22621,112327,13929,0.17916772272208845,0.38109439124487005
8127,0.8131,12,22,12,653845,22599,112339,13917,0.17899347357749334,0.3811206046664476
8128,0.8132,10,20,10,653865,22579,112349,13907,0.17883506526422507,0.3811598969467741
8129,0.8133,10,17,10,653882,22562,112359,13897,0.17870041819794702,0.3811678872157766
8130,0.8134,9,23,9,653905,22539,112368,13888,0.1785182486376885,0.3812556620089494
8131,0.8135,19,22,19,653927,22517,112387,13869,0.1783439994930934,0.3811630847029077
8132,0.8136,21,38,21,653965,22479,112408,13848,0.17804302369788366,0.38120406309356675
8133,0.8137,12,33,12,653998,22446,112420,13836,0.177781649980991,0.38134612204398877
8134,0.8138,14,37,14,654035,22409,112434,13822,0.17748859460144467,0.38149650851480776
8135,0.8139,15,33,15,654068,22376,112449,13807,0.17722722088455203,0.38158803858165435
8136,0.814,13,44,13,654112,22332,112462,13794,0.1768787225953618,0.3818302607540276
8137,0.8141,21,38,21,654150,22294,112483,13773,0.17657774680015206,0.3818726259461558
8138,0.8142,23,40,23,654190,22254,112506,13750,0.17626093017361552,0.38190201088767917
8139,0.8143,17,52,17,654242,22202,112523,13733,0.17584906855911797,0.3821622373730346
8140,0.8144,19,18,19,654260,22184,112542,13714,0.17570650107717653,0.382026853863725
8141,0.8145,15,27,15,654287,22157,112557,13699,0.17549264985426435,0.38205600178491744
8142,0.8146,10,13,10,654300,22144,112567,13689,0.17538968445063996,0.382022158345659
8143,0.8147,14,23,14,654323,22121,112581,13675,0.17520751489038144,0.3820259246843223
8144,0.8148,15,30,15,654353,22091,112596,13660,0.17496990242047902,0.3820872143436547
8145,0.8149,9,24,9,654377,22067,112605,13651,0.1747798124445571,0.38218825242174814
8146,0.815,16,30,16,654407,22037,112621,13635,0.17454219997465467,0.3822325633550123
8147,0.8151,6,9,6,654416,22028,112627,13629,0.17447091623368394,0.3822250890428247
8148,0.8152,7,25,7,654441,22003,112634,13622,0.1742729058420986,0.3823719298245614
8149,0.8153,7,20,7,654461,21983,112641,13615,0.17411449752883032,0.3824653070397213
8150,0.8154,6,16,6,654477,21967,112647,13609,0.17398777087821568,0.3825331684281538
8151,0.8155,7,20,7,654497,21947,112654,13602,0.1738293625649474,0.38262679681566286
8152,0.8156,17,34,17,654531,21913,112671,13585,0.17356006843239133,0.3826976167671418
8153,0.8157,8,28,8,654559,21885,112679,13577,0.17333829679381574,0.38286052676104
8154,0.8158,14,27,14,654586,21858,112693,13563,0.17312444557090356,0.3829084441433048
8155,0.8159,6,33,6,654619,21825,112699,13557,0.1728630718540109,0.38316092928607765
8156,0.816,11,40,11,654659,21785,112710,13546,0.17254625522747433,0.38340267753530893
8157,0.8161,16,17,16,654676,21768,112726,13530,0.1724116081611963,0.3833078361380248
8158,0.8162,7,23,7,654699,21745,112733,13523,0.17222943860093778,0.3834354088692299
8159,0.8163,15,36,15,654735,21709,112748,13508,0.17194430363705487,0.3835647556577789
8160,0.8164,4,20,4,654755,21689,112752,13504,0.1717858953237866,0.38371267013326515
8161,0.8165,16,41,16,654796,21648,112768,13488,0.17146115828158662,0.383879781420765
8162,0.8166,15,31,15,654827,21617,112783,13473,0.17121562539602078,0.3839555428897122
8163,0.8167,13,29,13,654856,21588,112796,13460,0.17098593334178178,0.3840447386441452
8164,0.8168,11,27,11,654883,21561,112807,13449,0.1707720821188696,0.38414738646101115
8165,0.8169,18,36,18,654919,21525,112825,13431,0.1704869471549867,0.38422588396841745
8166,0.817,11,7,11,654926,21518,112836,13420,0.17043150424534279,0.38410899307344437
8167,0.8171,9,21,9,654947,21497,112845,13411,0.1702651755164111,0.3841812764982239
8168,0.8172,24,50,24,654997,21447,112869,13387,0.1698691547332404,0.384308434288339
8169,0.8173,20,42,20,655039,21405,112889,13367,0.169536497275377,0.38441849764178077
8170,0.8174,31,53,31,655092,21352,112920,13336,0.16911671524521607,0.3844557195571956
8171,0.8175,16,25,16,655117,21327,112936,13320,0.16891870485363072,0.3844488700320374
8172,0.8176,11,25,11,655142,21302,112947,13309,0.16872069446204538,0.3845309294732888
8173,0.8177,10,21,10,655163,21281,112957,13299,0.16855436573311366,0.38458646616541353
8174,0.8178,13,23,13,655186,21258,112970,13286,0.16837219617285515,0.38461093098656784
8175,0.8179,15,32,15,655218,21226,112985,13271,0.1681187428716259,0.3847001188509146
8176,0.818,14,38,14,655256,21188,112999,13257,0.16781776707641616,0.3848744375090724
8177,0.8181,24,35,24,655291,21153,113023,13233,0.1675405525281967,0.3848368522072937
8178,0.8182,8,17,8,655308,21136,113031,13225,0.16740590546191864,0.3848840254940194
8179,0.8183,17,28,17,655336,21108,113048,13208,0.16718413382334305,0.3848933442126122
8180,0.8184,27,43,27,655379,21065,113075,13181,0.16684355594981626,0.3848916661799918
8181,0.8185,15,33,15,655412,21032,113090,13166,0.1665821822329236,0.38499327446049475
8182,0.8186,8,15,8,655427,21017,113098,13158,0.16646337599797237,0.38501828822238476
8183,0.8187,14,45,14,655472,20972,113112,13144,0.16610695729311875,0.38527377183726114
8184,0.8188,15,23,15,655495,20949,113127,13129,0.1659247877328602,0.385263219672516
8185,0.8189,23,38,23,655533,20911,113150,13106,0.1656238119376505,0.3852779492606638
8186,0.819,10,27,10,655560,20884,113160,13096,0.16540996071473832,0.3854031783402001
8187,0.8191,15,41,15,655601,20843,113175,13081,0.16508522367253833,0.38559721730927954
8188,0.8192,6,28,6,655629,20815,113181,13075,0.16486345203396274,0.38580702272056655
8189,0.8193,12,18,12,655647,20797,113193,13063,0.1647208845520213,0.3857944477259303
8190,0.8194,8,36,8,655683,20761,113201,13055,0.1644357495881384,0.3860598533238704
8191,0.8195,15,25,15,655708,20736,113216,13040,0.16423773919655305,0.3860729512079583
8192,0.8196,13,39,13,655747,20697,113229,13027,0.1639288429856799,0.38628276598268296
8193,0.8197,9,33,9,655780,20664,113238,13018,0.16366746926878722,0.3864972388813016
8194,0.8198,11,22,11,655802,20642,113249,13007,0.16349322012419212,0.3865493773960593
8195,0.8199,20,28,20,655830,20614,113269,12987,0.16327144848561653,0.38650635397756017
8196,0.82,14,33,14,655863,20581,113283,12973,0.16301007476872387,0.38663050604994936
8197,0.8201,10,15,10,655878,20566,113293,12963,0.16289126853377264,0.3866205374451967
8198,0.8202,9,26,9,655904,20540,113302,12954,0.16268533772652388,0.38675583686630444
8199,0.8203,22,40,22,655944,20500,113324,12932,0.16236852109998734,0.38681502751854513
8200,0.8204,14,40,14,655984,20460,113338,12918,0.16205170447345077,0.3870213913356103
8201,0.8205,7,16,7,656000,20444,113345,12911,0.16192497782283613,0.3870783990406236
8202,0.8206,23,48,23,656048,20396,113368,12888,0.16154479787099227,0.3872130753515203
8203,0.8207,12,17,12,656065,20379,113380,12876,0.16141015080471424,0.3871898962562021
8204,0.8208,5,20,5,656085,20359,113385,12871,0.16125174249144594,0.3873307252482696
8205,0.8209,7,31,7,656116,20328,113392,12864,0.1610062096058801,0.38756326825741144
8206,0.821,9,28,9,656144,20300,113401,12855,0.16078443796730452,0.3877243251394963
8207,0.8211,21,34,21,656178,20266,113422,12834,0.16051514383474844,0.38773413897280967
8208,0.8212,9,15,9,656193,20251,113431,12825,0.16039633759979724,0.38774337888499216
8209,0.8213,9,22,9,656215,20229,113440,12816,0.16022208845520214,0.38783477076713574
8210,0.8214,14,27,14,656242,20202,113454,12802,0.16000823723228996,0.38789237668161436
8211,0.8215,14,36,14,656278,20166,113468,12788,0.15972310226840705,0.3880560781695697
8212,0.8216,9,33,9,656311,20133,113477,12779,0.1594617285515144,0.3882778317938746
8213,0.8217,15,35,15,656346,20098,113492,12764,0.1591845140032949,0.38841214776946015
8214,0.8218,13,30,13,656376,20068,113505,12751,0.15894690153339247,0.38852493982144487
8215,0.8219,10,26,10,656402,20042,113515,12741,0.1587409707261437,0.3886465546167221
8216,0.822,13,24,13,656426,20018,113528,12728,0.15855088075022178,0.38868869480241863
8217,0.8221,14,23,14,656449,19995,113542,12714,0.15836871118996326,0.38870035769971567
8218,0.8222,10,13,10,656462,19982,113552,12704,0.15826574578633887,0.3886679312243774
8219,0.8223,17,30,17,656492,19952,113569,12687,0.15802813331643645,0.38870676184932135
8220,0.8224,10,16,10,656508,19936,113579,12677,0.1579014066658218,0.3887100236102168
8221,0.8225,14,33,14,656541,19903,113593,12663,0.15764003294892917,0.38884112264324755
8222,0.8226,10,17,10,656558,19886,113603,12653,0.15750538588265112,0.38885644918405604
8223,0.8227,7,19,7,656577,19867,113610,12646,0.15735489798504626,0.38895211146310704
8224,0.8228,10,16,10,656593,19851,113620,12636,0.15722817133443162,0.38895558223289317
8225,0.8229,6,17,6,656610,19834,113626,12630,0.1570935242681536,0.38904632824051255
8226,0.823,20,43,20,656653,19791,113646,12610,0.15675294639462678,0.38918551896546405
8227,0.8231,12,19,12,656672,19772,113658,12598,0.15660245849702192,0.3891875193080012
8228,0.8232,17,28,17,656700,19744,113675,12581,0.15638068685844633,0.38920340293890177
8229,0.8233,12,19,12,656719,19725,113687,12569,0.15623019896084148,0.3892054251563758
8230,0.8234,12,21,12,656740,19704,113699,12557,0.15606387023190976,0.3892315799262267
8231,0.8235,20,32,20,656772,19672,113719,12537,0.1558104169306805,0.38923903256853676
8232,0.8236,2,11,2,656783,19661,113721,12535,0.15572329235838298,0.3893340787675488
8233,0.8237,21,38,21,656821,19623,113742,12514,0.15542231656317324,0.3893954009397268
8234,0.8238,9,19,9,656840,19604,113751,12505,0.15527182866556838,0.3894546700302096
8235,0.8239,4,12,4,656852,19592,113755,12501,0.1551767836776074,0.3895241953073879
8236,0.824,21,29,21,656881,19563,113776,12480,0.1549470916233684,0.3894766407639734
8237,0.8241,12,31,12,656912,19532,113788,12468,0.15470155873780256,0.389625
8238,0.8242,22,38,22,656950,19494,113810,12446,0.15440058294259282,0.3896681277395116
8239,0.8243,16,29,16,656979,19465,113826,12430,0.1541708908883538,0.3897162564665308
8240,0.8244,4,18,4,656997,19447,113830,12426,0.15402832340641237,0.38985975590625294
8241,0.8245,7,12,7,657009,19435,113837,12419,0.1539332784184514,0.3898725434796258
8242,0.8246,10,13,10,657022,19422,113847,12409,0.15383031301482702,0.3898400929911093
8243,0.8247,17,23,17,657045,19399,113864,12392,0.1536481434545685,0.38979585417256457
8244,0.8248,9,16,9,657061,19383,113873,12383,0.15352141680395387,0.3898193036579991
8245,0.8249,6,18,6,657079,19365,113879,12377,0.15337884932201243,0.38992502047760064
8246,0.825,6,22,6,657101,19343,113885,12371,0.1532046001774173,0.3900800908116289
8247,0.8251,19,27,19,657128,19316,113904,12352,0.15299074895450512,0.39004673487432107
8248,0.8252,19,27,19,657155,19289,113923,12333,0.15277689773159295,0.3900132818923534
8249,0.8253,13,20,13,657175,19269,113936,12320,0.15261848941832468,0.39000918041090255
8250,0.8254,6,21,6,657196,19248,113942,12314,0.152452160689393,0.39015271529053924
8251,0.8255,10,23,10,657219,19225,113952,12304,0.15226999112913445,0.3902439024390244
8252,0.8256,6,20,6,657239,19205,113958,12298,0.15211158281586618,0.3903755197917659
8253,0.8257,12,45,12,657284,19160,113970,12286,0.15175516411101256,0.3907015200661451
8254,0.8258,13,26,13,657310,19134,113983,12273,0.15154923330376377,0.3907727576654886
8255,0.8259,14,30,14,657340,19104,113997,12259,0.15131162083386135,0.39087459745560055
8256,0.826,17,19,17,657359,19085,114014,12242,0.1511611329362565,0.3907811153318224
8257,0.8261,7,20,7,657379,19065,114021,12235,0.15100272462298822,0.39089456869009587
8258,0.8262,6,17,6,657396,19048,114027,12229,0.15086807755671017,0.39099018448060874
8259,0.8263,18,24,18,657420,19024,114045,12211,0.15067798758078824,0.3909396510324956
8260,0.8264,18,33,18,657453,18991,114063,12193,0.15041661386389557,0.3910017957927142
8261,0.8265,14,17,14,657470,18974,114077,12179,0.15028196679761754,0.3909414823612493
8262,0.8266,13,18,13,657488,18956,114090,12166,0.15013939931567608,0.3909131803868646
8263,0.8267,14,19,14,657507,18937,114104,12152,0.14998891141807122,0.3908778024381614
8264,0.8268,3,23,3,657530,18914,114107,12149,0.1498067418578127,0.39110839262144675
8265,0.8269,10,26,10,657556,18888,114117,12139,0.14960081105056394,0.39123988783962355
8266,0.827,12,29,12,657585,18859,114129,12127,0.14937111899632494,0.3913702962628284
8267,0.8271,11,22,11,657607,18837,114140,12116,0.1491968698517298,0.3914321713565729
8268,0.8272,11,21,11,657628,18816,114151,12105,0.14903054112279812,0.3914815174153488
8269,0.8273,7,9,7,657637,18807,114158,12098,0.1489592573818274,0.3914576929299466
8270,0.8274,15,26,15,657663,18781,114173,12083,0.14875332657457863,0.3914917055469155
8271,0.8275,12,30,12,657693,18751,114185,12071,0.1485157141046762,0.3916358445266368
8272,0.8276,14,17,14,657710,18734,114199,12057,0.14838106703839818,0.391575460361794
8273,0.8277,13,28,13,657738,18706,114212,12044,0.1481592953998226,0.39167479674796746
8274,0.8278,18,32,18,657770,18674,114230,12026,0.14790584209859334,0.3917263843648208
8275,0.8279,15,36,15,657806,18638,114245,12011,0.14762070713471043,0.39188880550752064
8276,0.828,8,20,8,657826,18618,114253,12003,0.14746229882144216,0.39198589203487805
8277,0.8281,11,22,11,657848,18596,114264,11992,0.14728804967684703,0.392049169608997
8278,0.8282,9,20,9,657868,18576,114273,11983,0.14712964136357876,0.39212670571681013
8279,0.8283,12,37,12,657905,18539,114285,11971,0.14683658598403243,0.3923631596197968
8280,0.8284,11,30,11,657935,18509,114296,11960,0.14659897351413,0.3925301125734353
8281,0.8285,11,31,11,657966,18478,114307,11949,0.14635344062856417,0.3927104216649686
8282,0.8286,12,30,12,657996,18448,114319,11937,0.14611582815866175,0.3928583182491361
8283,0.8287,13,30,13,658026,18418,114332,11924,0.14587821568875933,0.3929866192076989
8284,0.8288,19,41,19,658067,18377,114351,11905,0.14555347864655938,0.3931378376593356
8285,0.8289,9,43,9,658110,18334,114360,11896,0.14521290077303256,0.3935163744624545
8286,0.829,5,23,5,658133,18311,114365,11891,0.14503073121277404,0.3937156479703331
8287,0.8291,11,23,11,658156,18288,114376,11880,0.14484856165251553,0.3937947494033413
8288,0.8292,15,19,15,658175,18269,114391,11865,0.14469807375491064,0.3937412889095374
8289,0.8293,18,29,18,658204,18240,114409,11847,0.14446838170067164,0.3937581015056337
8290,0.8294,12,7,12,658211,18233,114421,11835,0.14441293879102776,0.3936078222695224
8291,0.8295,14,16,14,658227,18217,114435,11821,0.14428621214041312,0.3935348558492576
8292,0.8296,5,11,5,658238,18206,114440,11816,0.14419908756811559,0.39357804276863634
8293,0.8297,23,45,23,658283,18161,114463,11793,0.14384266886326194,0.39370367897442743
8294,0.8298,4,14,4,658297,18147,114467,11789,0.14373178304397416,0.3938067878140032
8295,0.8299,14,23,14,658320,18124,114481,11775,0.14354961348371562,0.39382588046422956
8296,0.83,30,63,30,658383,18061,114511,11745,0.14305062729692053,0.3940481782191505
8297,0.8301,7,16,7,658399,18045,114518,11738,0.14292390064630592,0.3941174495517577
8298,0.8302,7,28,7,658427,18017,114525,11731,0.14270212900773033,0.3943458383756891
8299,0.8303,13,30,13,658457,17987,114538,11718,0.1424645165378279,0.39447904393199795
8300,0.8304,12,24,12,658481,17963,114550,11706,0.14227442656190598,0.3945532373858236
8301,0.8305,19,29,19,658510,17934,114569,11687,0.14204473450766697,0.3945511630262314
8302,0.8306,13,22,13,658532,17912,114582,11674,0.14187048536307184,0.3945785168660853
8303,0.8307,7,10,7,658542,17902,114589,11667,0.14179128120643772,0.39456863607156145
8304,0.8308,8,12,8,658554,17890,114597,11659,0.14169623621847674,0.39456495989712004
8305,0.8309,9,33,9,658587,17857,114606,11650,0.14143486250158407,0.3948215677635815
8306,0.831,9,18,9,658605,17839,114615,11641,0.14129229501964263,0.39487788331071916
8307,0.8311,9,14,9,658619,17825,114624,11632,0.14118140920035482,0.39488067352411993
8308,0.8312,9,12,9,658631,17813,114633,11623,0.14108636421239387,0.39485663813018074
8309,0.8313,8,23,8,658654,17790,114641,11615,0.14090419465213536,0.395000850195545
8310,0.8314,10,31,10,658685,17759,114651,11605,0.14065866176656952,0.3952118240021795
8311,0.8315,7,22,7,658707,17737,114658,11598,0.1404844126219744,0.3953638997784217
8312,0.8316,9,17,9,658724,17720,114667,11589,0.14034976555569637,0.39540755399365385
8313,0.8317,13,17,13,658741,17703,114680,11576,0.1402151184894183,0.395368694286007
8314,0.8318,5,27,5,658768,17676,114685,11571,0.14000126726650614,0.3956303210585701
8315,0.8319,12,16,12,658784,17660,114697,11559,0.13987454061589152,0.39559875423525787
8316,0.832,10,19,10,658803,17641,114707,11549,0.13972405271828667,0.39564919492977046
8317,0.8321,16,20,16,658823,17621,114723,11533,0.13956564440501837,0.3955889414831584
8318,0.8322,11,17,11,658840,17604,114734,11522,0.13943099733874034,0.3955915676714963
8319,0.8323,12,21,12,658861,17583,114746,11510,0.13926466860980866,0.3956278142508507
8320,0.8324,7,9,7,658870,17574,114753,11503,0.13919338486883792,0.39560477353234513
8321,0.8325,11,39,11,658909,17535,114764,11492,0.13888448865796477,0.3959072587590864
8322,0.8326,5,23,5,658932,17512,114769,11487,0.13870231909770625,0.39611710748646506
8323,0.8327,9,20,9,658952,17492,114778,11478,0.13854391078443798,0.3962029685881947
8324,0.8328,15,32,15,658984,17460,114793,11463,0.13829045748320873,0.39632818172388756
8325,0.8329,13,25,13,659009,17435,114806,11450,0.13809244709162335,0.3963995153193699
8326,0.833,9,18,9,659027,17417,114815,11441,0.1379498796096819,0.3964585210340287
8327,0.8331,12,20,12,659047,17397,114827,11429,0.13779147129641364,0.39648234232984114
8328,0.8332,7,30,7,659077,17367,114834,11422,0.13755385882651122,0.3967487582062593
8329,0.8333,9,24,9,659101,17343,114843,11413,0.1373637688505893,0.39689108359994435
8330,0.8334,9,24,9,659125,17319,114852,11404,0.13717367887466733,0.39703373603035896
8331,0.8335,20,42,20,659167,17277,114872,11384,0.13684102141680396,0.3971947943198074
8332,0.8336,9,19,9,659186,17258,114881,11375,0.13669053351919908,0.3972688855516362
8333,0.8337,2,18,2,659204,17240,114883,11373,0.13654796603725763,0.3974766714430504
8334,0.8338,12,32,12,659236,17208,114895,11361,0.13629451273602838,0.3976688018481571
8335,0.8339,5,25,5,659261,17183,114900,11356,0.13609650234444304,0.39791162969970917
8336,0.834,9,11,9,659272,17172,114909,11347,0.13600937777214547,0.39787510080998634
8337,0.8341,9,11,9,659283,17161,114918,11338,0.13592225319984794,0.39783852064984737
8338,0.8342,5,12,5,659295,17149,114923,11333,0.13582720821188696,0.39790042834070644
8339,0.8343,18,49,18,659344,17100,114941,11315,0.13543910784437968,0.3982051733239486
8340,0.8344,11,17,11,659361,17083,114952,11304,0.13530446077810163,0.3982104484447106
8341,0.8345,27,23,27,659384,17060,114979,11277,0.1351222912178431,0.3979602639658397
8342,0.8346,8,11,8,659395,17049,114987,11269,0.13503516664554555,0.39794477011088353
8343,0.8347,15,18,15,659413,17031,115002,11254,0.1348925991636041,0.3978787343114725
8344,0.8348,6,21,6,659434,17010,115008,11248,0.13472627043467242,0.39804657088258194
8345,0.8349,11,34,11,659468,16976,115019,11237,0.13445697630211634,0.3982915677170099
8346,0.835,9,16,9,659484,16960,115028,11228,0.1343302496515017,0.39832552859372783
8347,0.8351,12,22,12,659506,16938,115040,11216,0.1341560005069066,0.3983803367194715
8348,0.8352,17,38,17,659544,16900,115057,11199,0.13385502471169686,0.39855510872273037
8349,0.8353,7,21,7,659565,16879,115064,11192,0.13368869598276517,0.3987032880909123
8350,0.8354,14,18,14,659583,16861,115078,11178,0.13354612850082373,0.3986590106637184
8351,0.8355,12,13,12,659596,16848,115090,11166,0.13344316309719934,0.3985864210751767
8352,0.8356,12,22,12,659618,16826,115102,11154,0.13326891395260423,0.3986418870621873
8353,0.8357,14,32,14,659650,16794,115116,11140,0.13301546065137498,0.39879716474547144
8354,0.8358,13,22,13,659672,16772,115129,11127,0.13284121150677988,0.39883149933689377
8355,0.8359,6,16,6,659688,16756,115135,11121,0.13271448485616524,0.3989310184022671
8356,0.836,16,25,16,659713,16731,115151,11105,0.1325164744645799,0.39894381376634575
8357,0.8361,6,18,6,659731,16713,115157,11099,0.13237390698263846,0.39907234287357973
8358,0.8362,7,21,7,659752,16692,115164,11092,0.13220757825370674,0.3992225741433919
8359,0.8363,18,29,18,659781,16663,115182,11074,0.13197788619946774,0.39925009914554566
8360,0.8364,3,16,3,659797,16647,115185,11071,0.13185115954885313,0.3994155422469154
8361,0.8365,9,10,9,659807,16637,115194,11062,0.13177195539221898,0.3993645979999278
8362,0.8366,9,21,9,659828,16616,115203,11053,0.1316056266632873,0.3994723336586071
8363,0.8367,17,43,17,659871,16573,115220,11036,0.13126504878976047,0.39972472744394943
8364,0.8368,8,28,8,659899,16545,115228,11028,0.13104327715118488,0.39995647916439997
8365,0.8369,22,28,22,659927,16517,115250,11006,0.1308215055126093,0.3998837336046216
8366,0.837,7,22,7,659949,16495,115257,10999,0.1306472563680142,0.4000509202007711
8367,0.8371,9,8,9,659957,16487,115266,10990,0.13058389304270687,0.39997088473996434
8368,0.8372,21,29,21,659986,16458,115287,10969,0.13035420098846787,0.39993437124001896
8369,0.8373,22,31,22,660017,16427,115309,10947,0.13010866810290203,0.39990501936143785
8370,0.8374,10,12,10,660029,16415,115319,10937,0.13001362311494108,0.39986107048844693
8371,0.8375,7,17,7,660046,16398,115326,10930,0.12987897604866303,0.39995608899297425
8372,0.8376,18,43,18,660089,16355,115344,10912,0.12953839817513624,0.40019070671507684
8373,0.8377,10,20,10,660109,16335,115354,10902,0.12937998986186794,0.40026434629364466
8374,0.8378,10,26,10,660135,16309,115364,10892,0.12917405905461918,0.400426454909746
8375,0.8379,8,11,8,660146,16298,115372,10884,0.12908693448232164,0.4004120373776764
8376,0.838,3,9,3,660155,16289,115375,10881,0.1290156507413509,0.40047846889952154
8377,0.8381,5,28,5,660183,16261,115380,10876,0.12879387910277532,0.4007812212108929
8378,0.8382,25,36,25,660219,16225,115405,10851,0.1285087441388924,0.4007608213916384
8379,0.8383,18,35,18,660254,16190,115423,10833,0.1282315295906729,0.4008807312289531
8380,0.8384,3,19,3,660273,16171,115426,10830,0.12808104169306805,0.40109625569423357
8381,0.8385,5,11,5,660284,16160,115431,10825,0.1279939171207705,0.40114878636279416
8382,0.8386,6,21,6,660305,16139,115437,10819,0.1278275883918388,0.40132799169077826
8383,0.8387,8,16,8,660321,16123,115445,10811,0.1277008617412242,0.4013885794906067
8384,0.8388,10,24,10,660345,16099,115455,10801,0.12751077176530223,0.40152416356877324
8385,0.8389,13,24,13,660369,16075,115468,10788,0.1273206817893803,0.40159326955291663
8386,0.839,6,21,6,660390,16054,115474,10782,0.12715435306044862,0.40177373677150097
8387,0.8391,5,18,5,660408,16036,115479,10777,0.12701178557850715,0.40193189870585166
8388,0.8392,19,34,19,660442,16002,115498,10758,0.1267424914459511,0.40201793721973095
8389,0.8393,14,21,14,660463,15981,115512,10744,0.12657616271701938,0.4020205799812909
8390,0.8394,11,33,11,660496,15948,115523,10733,0.12631478900012671,0.40227127918743677
8391,0.8395,9,17,9,660513,15931,115532,10724,0.1261801419338487,0.4023260176327143
8392,0.8396,15,17,15,660530,15914,115547,10709,0.12604549486757066,0.402246178116666
8393,0.8397,1,8,1,660538,15906,115548,10708,0.12598213154226334,0.4023446306455249
8394,0.8398,22,28,22,660566,15878,115570,10686,0.12576035990368775,0.40227375395271797
8395,0.8399,17,39,17,660605,15839,115587,10669,0.1254514636928146,0.4024822695035461
8396,0.84,11,20,11,660625,15819,115598,10658,0.12529305537954633,0.40253805189409675
8397,0.8401,10,17,10,660642,15802,115608,10648,0.12515840831326827,0.40257088846880906
8398,0.8402,10,17,10,660659,15785,115618,10638,0.12502376124699024,0.40260379215077774
8399,0.8403,14,24,14,660683,15761,115632,10624,0.1248336712710683,0.4026530225506917
8400,0.8404,15,19,15,660702,15742,115647,10609,0.12468318337346344,0.4026033167621722
8401,0.8405,11,17,11,660719,15725,115658,10598,0.1245485363071854,0.4026136838506249
8402,0.8406,19,23,19,660742,15702,115677,10579,0.12436636674692687,0.4025341501464937
8403,0.8407,9,18,9,660760,15684,115686,10570,0.12422379926498543,0.40260531728498516
8404,0.8408,16,37,16,660797,15647,115702,10554,0.1239307438854391,0.4028090530895767
8405,0.8409,16,28,16,660825,15619,115718,10538,0.12370897224686352,0.40287494743280955
8406,0.841,10,34,10,660859,15585,115728,10528,0.12343967811430744,0.4031708344502738
8407,0.8411,8,24,8,660883,15561,115736,10520,0.1232495881383855,0.40335876691844635
8408,0.8412,9,29,9,660912,15532,115745,10511,0.1230198960841465,0.4036017355911377
8409,0.8413,4,12,4,660924,15520,115749,10507,0.12292485109618553,0.40369616167825717
8410,0.8414,20,39,20,660963,15481,115769,10487,0.12261595488531238,0.40384319162045595
8411,0.8415,13,28,13,660991,15453,115782,10474,0.12239418324673679,0.40398040652601536
8412,0.8416,10,6,10,660997,15447,115792,10464,0.12234666075275631,0.40384392728956814
8413,0.8417,11,27,11,661024,15420,115803,10453,0.12213280952984412,0.4040119043017818
8414,0.8418,11,21,11,661045,15399,115814,10442,0.12196648080091244,0.40408652915908827
8415,0.8419,10,18,10,661063,15381,115824,10432,0.12182391331897098,0.40413745012203156
8416,0.842,8,17,8,661080,15364,115832,10424,0.12168926625269294,0.40421901659686676
8417,0.8421,15,21,15,661101,15343,115847,10409,0.12152293752376124,0.40420161540851196
8418,0.8422,11,26,11,661127,15317,115858,10398,0.12131700671651248,0.4043554345712619
8419,0.8423,10,26,10,661153,15291,115868,10388,0.12111107590926372,0.4045328867946571
8420,0.8424,15,42,15,661195,15249,115883,10373,0.12077841845140033,0.40484739676840215
8421,0.8425,4,14,4,661209,15235,115887,10369,0.12066753263211254,0.4049757850335885
8422,0.8426,12,12,12,661221,15223,115899,10357,0.12057248764415157,0.404886630179828
8423,0.8427,13,20,13,661241,15203,115912,10344,0.12041407933088329,0.4049007711277254
8424,0.8428,10,26,10,661267,15177,115922,10334,0.12020814852363453,0.40508016149896126
8425,0.8429,15,29,15,661296,15148,115937,10319,0.11997845646939552,0.4051910315310009
8426,0.843,5,21,5,661317,15127,115942,10314,0.11981212774046382,0.40540859242954286
8427,0.8431,16,19,16,661336,15108,115958,10298,0.11966163984285895,0.40533732189246635
8428,0.8432,5,7,5,661343,15101,115963,10293,0.11960619693321506,0.40533196818146017
8429,0.8433,19,23,19,661366,15078,115982,10274,0.11942402737295653,0.4052540233512149
8430,0.8434,8,11,8,661377,15067,115990,10266,0.11933690280065898,0.4052421742391347
8431,0.8435,9,12,9,661389,15055,115999,10257,0.11924185781269801,0.40522281921618203
8432,0.8436,18,18,18,661407,15037,116017,10239,0.11909929033075656,0.40508783035290397
8433,0.8437,18,22,18,661429,15015,116035,10221,0.11892504118616146,0.40501664289110795
8434,0.8438,10,29,10,661458,14986,116045,10211,0.11869534913192244,0.4052466563479779
8435,0.8439,13,50,13,661508,14936,116058,10198,0.11829932834875174,0.4057452056974616
8436,0.844,14,38,14,661546,14898,116072,10184,0.117998352553542,0.4060282274140818
8437,0.8441,11,16,11,661562,14882,116083,10173,0.11787162590292738,0.4060267411694273
8438,0.8442,13,23,13,661585,14859,116096,10160,0.11768945634266886,0.40609137055837563
8439,0.8443,5,23,5,661608,14836,116101,10155,0.11750728678241035,0.4063462846624785
8440,0.8444,12,19,12,661627,14817,116113,10143,0.11735679888480548,0.40637019230769234
8441,0.8445,4,18,4,661645,14799,116117,10139,0.11721423140286402,0.40656828935760686
8442,0.8446,6,24,6,661669,14775,116123,10133,0.11702414142694209,0.40681708687971735
8443,0.8447,9,19,9,661688,14756,116132,10124,0.11687365352933722,0.40691318327974274
8444,0.8448,12,21,12,661709,14735,116144,10112,0.11670732480040552,0.40697066044190444
8445,0.8449,11,26,11,661735,14709,116155,10101,0.11650139399315676,0.4071342200725514
8446,0.845,6,31,6,661766,14678,116161,10095,0.11625586110759092,0.40750010091632016
8447,0.8451,10,11,10,661777,14667,116171,10085,0.11616873653529337,0.40744182288299935
8448,0.8452,13,25,13,661802,14642,116184,10072,0.11597072614370803,0.4075422837258234
8449,0.8453,9,23,9,661825,14619,116193,10063,0.1157885565834495,0.4077060205818005
8450,0.8454,16,31,16,661856,14588,116209,10047,0.11554302369788366,0.40783438197686217
8451,0.8455,23,32,23,661888,14556,116232,10024,0.11528957039665441,0.4078112286411717
8452,0.8456,4,16,4,661904,14540,116236,10020,0.11516284374603979,0.40798045602605865
8453,0.8457,6,11,6,661915,14529,116242,10014,0.11507571917374224,0.40801857963574134
8454,0.8458,14,17,14,661932,14512,116256,10000,0.1149410721074642,0.40796344647519583
8455,0.8459,6,12,6,661944,14500,116262,9994,0.11484602711950323,0.40801829019351676
8456,0.846,8,32,8,661976,14468,116270,9986,0.11459257381827398,0.4083585507483438
8457,0.8461,10,26,10,662002,14442,116280,9976,0.11438664301102522,0.4085510688836104
8458,0.8462,11,11,11,662013,14431,116291,9965,0.11429951843872767,0.40846860141006724
8459,0.8463,12,16,12,662029,14415,116303,9953,0.11417279178811304,0.40844550229809584
8460,0.8464,13,16,13,662045,14399,116316,9940,0.11404606513749842,0.40839804429105553
8461,0.8465,13,36,13,662081,14363,116329,9927,0.11376093017361551,0.4086867023466447
8462,0.8466,10,23,10,662104,14340,116339,9917,0.11357876061335699,0.4088304406975306
8463,0.8467,8,25,8,662129,14315,116347,9909,0.11338075022177165,0.40905713342140027
8464,0.8468,9,16,9,662145,14299,116356,9900,0.11325402357115702,0.4091078143724947
8465,0.8469,16,35,16,662180,14264,116372,9884,0.11297680902293752,0.4093092595660096
8466,0.847,10,26,10,662206,14238,116382,9874,0.11277087821568876,0.4095056403450564
8467,0.8471,9,15,9,662221,14223,116391,9865,0.11265207198073755,0.40954001992693456
8468,0.8472,9,11,9,662232,14212,116400,9856,0.11256494740843999,0.40950639853747717
8469,0.8473,6,17,6,662249,14195,116406,9850,0.11243030034216196,0.4096485755874402
8470,0.8474,8,16,8,662265,14179,116414,9842,0.11230357369154734,0.40972482411223515
8471,0.8475,10,14,10,662279,14165,116424,9832,0.11219268787225954,0.4097178814018419
8472,0.8476,9,26,9,662305,14139,116433,9823,0.11198675706501077,0.409940739504215
8473,0.8477,13,18,13,662323,14121,116446,9810,0.11184418958306933,0.40992854456562616
8474,0.8478,15,23,15,662346,14098,116461,9795,0.1116620200228108,0.40995270581341814
8475,0.8479,7,21,7,662367,14077,116468,9788,0.11149569129387911,0.4101403729310706
8476,0.848,14,35,14,662402,14042,116482,9774,0.11121847674565961,0.4103963721867652
8477,0.8481,10,19,10,662421,14023,116492,9764,0.11106798884805474,0.410476310589818
8478,0.8482,10,28,10,662449,13995,116502,9754,0.11084621720947915,0.41071202998020967
8479,0.8483,11,23,11,662472,13972,116513,9743,0.11066404764922064,0.4108370229812355
8480,0.8484,11,13,11,662485,13959,116524,9732,0.11056108224559624,0.41078890717994176
8481,0.8485,10,18,10,662503,13941,116534,9722,0.1104185147636548,0.4108523855808646
8482,0.8486,8,14,8,662517,13927,116542,9714,0.110307628944367,0.41089632418256417
8483,0.8487,6,18,6,662535,13909,116548,9708,0.11016506146242555,0.4110598297836304
8484,0.8488,9,20,9,662555,13889,116557,9699,0.11000665314915727,0.41118365270476515
8485,0.8489,13,20,13,662575,13869,116570,9686,0.10984824483588898,0.4112078115049883
8486,0.849,4,19,4,662594,13850,116574,9682,0.10969775693828412,0.4114397416284209
8487,0.8491,9,18,9,662612,13832,116583,9673,0.10955518945634267,0.41152946181663475
8488,0.8492,18,22,18,662634,13810,116601,9655,0.10938094031174755,0.4114638823780098
8489,0.8493,7,16,7,662650,13794,116608,9648,0.10925421366113294,0.41156897875607884
8490,0.8494,16,35,16,662685,13759,116624,9632,0.10897699911291345,0.4117823094352529
8491,0.8495,10,33,10,662718,13726,116634,9622,0.10871562539602078,0.41211238649991433
8492,0.8496,5,3,5,662721,13723,116639,9617,0.10869186414903054,0.4120394173093402
8493,0.8497,8,19,8,662740,13704,116647,9609,0.10854137625142568,0.41217346544846223
8494,0.8498,10,19,10,662759,13685,116657,9599,0.10839088835382081,0.4122573440989521
8495,0.8499,4,10,4,662769,13675,116661,9595,0.10831168419718668,0.41233347657928665
8496,0.85,13,25,13,662794,13650,116674,9582,0.10811367380560132,0.412448347107438
8497,0.8501,12,12,12,662806,13638,116686,9570,0.10801862881764035,0.4123578076525336
8498,0.8502,2,14,2,662820,13624,116688,9568,0.10790774299835255,0.4125560538116592
8499,0.8503,5,13,5,662833,13611,116693,9563,0.10780477759472817,0.4126607404850263
8500,0.8504,8,17,8,662850,13594,116701,9555,0.10767013052845013,0.4127608104021772
8501,0.8505,7,23,7,662873,13571,116708,9548,0.10748796096819162,0.41299364159349455
8502,0.8506,8,14,8,662887,13557,116716,9540,0.10737707514890381,0.4130406546304715
8503,0.8507,10,22,10,662909,13535,116726,9530,0.10720282600430871,0.41318014307392154
8504,0.8508,8,23,8,662932,13512,116734,9522,0.10702065644405018,0.4133889033602501
8505,0.8509,9,14,9,662946,13498,116743,9513,0.10690977062476238,0.41341097735865456
8506,0.851,17,29,17,662975,13469,116760,9496,0.10668007857052338,0.4134988025255824
8507,0.8511,14,21,14,662996,13448,116774,9482,0.10651374984159169,0.4135194068905364
8508,0.8512,17,32,17,663028,13416,116791,9465,0.10626029654036244,0.41366199029762685
8509,0.8513,6,13,6,663041,13403,116797,9459,0.10615733113673806,0.4137433295424722
8510,0.8514,12,31,12,663072,13372,116809,9447,0.10591179825117222,0.41399710767343
8511,0.8515,7,8,7,663080,13364,116816,9440,0.1058484349258649,0.4139624627258376
8512,0.8516,10,14,10,663094,13350,116826,9430,0.10573754910657711,0.41395961369622475
8513,0.8517,16,31,16,663125,13319,116842,9414,0.10549201622101127,0.41411164386574584
8514,0.8518,10,19,10,663144,13300,116852,9404,0.10534152832340642,0.414200140944327
8515,0.8519,5,13,5,663157,13287,116857,9399,0.10523856291978204,0.4143083840253901
8516,0.852,6,10,6,663167,13277,116863,9393,0.10515935876314789,0.41433612704014117
8517,0.8521,7,11,7,663178,13266,116870,9386,0.10507223419085034,0.41435634822532225
8518,0.8522,18,31,18,663209,13235,116888,9368,0.1048267013052845,0.41445825775339556
8519,0.8523,11,19,11,663228,13216,116899,9357,0.10467621340767963,0.4145217738005582
8520,0.8524,8,21,8,663249,13195,116907,9349,0.10450988467874794,0.4147001419446416
8521,0.8525,1,6,1,663255,13189,116908,9348,0.10446236218476745,0.4147845764742424
8522,0.8526,3,25,3,663280,13164,116911,9345,0.10426435179318211,0.4151672664267626
8523,0.8527,5,27,5,663307,13137,116916,9340,0.10405050057026993,0.41553588112292567
8524,0.8528,12,18,12,663325,13119,116928,9328,0.10390793308832848,0.41555664454047314
8525,0.8529,11,27,11,663352,13092,116939,9317,0.1036940818654163,0.41577044937301977
8526,0.853,7,23,7,663375,13069,116946,9310,0.10351191230515777,0.41601501407569597
8527,0.8531,11,26,11,663401,13043,116957,9299,0.10330598149790901,0.4162116193715871
8528,0.8532,21,26,21,663427,13017,116978,9278,0.10310005069066025,0.41614711818793454
8529,0.8533,18,23,18,663450,12994,116996,9260,0.10291788113040172,0.41610496989305296
8530,0.8534,11,19,11,663469,12975,117007,9249,0.10276739323279686,0.4161717062634989
8531,0.8535,10,21,10,663490,12954,117017,9239,0.10260106450386516,0.41630243770558284
8532,0.8536,13,24,13,663514,12930,117030,9226,0.10241097452794323,0.4164109044953963
8533,0.8537,16,23,16,663537,12907,117046,9210,0.1022288049676847,0.41642175701948725
8534,0.8538,13,32,13,663569,12875,117059,9197,0.10197535166645545,0.41668176875679597
8535,0.8539,7,9,7,663578,12866,117066,9190,0.10190406792548473,0.4166666666666667
8536,0.854,7,27,7,663605,12839,117073,9183,0.10169021670257256,0.41699209881028065
8537,0.8541,12,19,12,663624,12820,117085,9171,0.10153972880496769,0.41703424128052385
8538,0.8542,10,17,10,663641,12803,117095,9161,0.10140508173868965,0.417091604443635
8539,0.8543,15,11,15,663652,12792,117110,9146,0.1013179571663921,0.41690217886771813
8540,0.8544,6,26,6,663678,12766,117116,9140,0.10111202635914333,0.41723728658814935
8541,0.8545,16,23,16,663701,12743,117132,9124,0.1009298567988848,0.4172497370466914
8542,0.8546,7,20,7,663721,12723,117139,9117,0.10077144848561652,0.41744505494505496
8543,0.8547,8,8,8,663729,12715,117147,9109,0.10070808516030921,0.41738453079178883
8544,0.8548,19,37,19,663766,12678,117166,9090,0.10041502978076289,0.4175854465270121
8545,0.8549,3,10,3,663776,12668,117169,9087,0.10033582562412875,0.41769708113077453
8546,0.855,7,14,7,663790,12654,117176,9080,0.10022493980484096,0.41777859574859666
8547,0.8551,7,26,7,663816,12628,117183,9073,0.1000190089975922,0.41809133219667294
8548,0.8552,6,13,6,663829,12615,117189,9067,0.09991604359396782,0.41818097961442674
8549,0.8553,13,25,13,663854,12590,117202,9054,0.09971803320238246,0.41831454444649785
8550,0.8554,9,15,9,663869,12575,117211,9045,0.09959922696743125,0.41836262719703976
8551,0.8555,6,12,6,663881,12563,117217,9039,0.09950418197947028,0.4184334783816313
8552,0.8556,14,26,14,663907,12537,117231,9025,0.09929825117222152,0.4185604303867916
8553,0.8557,13,23,13,663930,12514,117244,9012,0.09911608161196299,0.4186565084084363
8554,0.8558,17,39,17,663969,12475,117261,8995,0.09880718540108985,0.41895668374476014
8555,0.8559,5,8,5,663977,12467,117266,8990,0.09874382207578254,0.41897748986344785
8556,0.856,8,16,8,663993,12451,117274,8982,0.09861709542516792,0.4190733914990902
8557,0.8561,8,22,8,664015,12429,117282,8974,0.0984428462805728,0.4192870158389011
8558,0.8562,14,16,14,664031,12413,117296,8960,0.09831611962995818,0.4192205118607589
8559,0.8563,6,13,6,664044,12400,117302,8954,0.0982131542263338,0.41931254097592957
8560,0.8564,9,24,9,664068,12376,117311,8945,0.09802306425041186,0.4195394212278974
8561,0.8565,10,24,10,664092,12352,117321,8935,0.09783297427448992,0.4197397472635881
8562,0.8566,4,9,4,664101,12343,117325,8931,0.0977616905335192,0.4198082166024255
8563,0.8567,12,20,12,664121,12323,117337,8919,0.09760328222025091,0.4198757179173336
8564,0.8568,12,28,12,664149,12295,117349,8907,0.09738151058167532,0.42010187718139796
8565,0.8569,6,20,6,664169,12275,117355,8901,0.09722310226840705,0.4203343407631281
8566,0.857,7,15,7,664184,12260,117362,8894,0.09710429603345584,0.4204405786139737
8567,0.8571,6,18,6,664202,12242,117368,8888,0.09696172855151439,0.4206341694273545
8568,0.8572,7,21,7,664223,12221,117375,8881,0.09679539982258269,0.4208605819353616
8569,0.8573,7,21,7,664244,12200,117382,8874,0.096629071093651,0.4210875960899687
8570,0.8574,4,13,4,664257,12187,117386,8870,0.0965261056900266,0.4212375931994111
8571,0.8575,11,15,11,664272,12172,117397,8859,0.0964072994550754,0.42123531929057106
8572,0.8576,6,16,6,664288,12156,117403,8853,0.09628057280446078,0.42139083250035697
8573,0.8577,15,22,15,664310,12134,117418,8838,0.09610632365986567,0.4214190349036811
8574,0.8578,9,20,9,664330,12114,117427,8829,0.09594791534659738,0.42157284056725397
8575,0.8579,17,32,17,664362,12082,117444,8812,0.09569446204536815,0.42174787020197185
8576,0.858,7,10,7,664372,12072,117451,8805,0.095615257888734,0.42175599942520475
8577,0.8581,11,25,11,664397,12047,117462,8794,0.09541724749714865,0.42195671992706685
8578,0.8582,17,19,17,664416,12028,117479,8777,0.09526675959954378,0.4218697428502764
8579,0.8583,10,24,10,664440,12004,117489,8767,0.09507666962362185,0.4220788599489673
8580,0.8584,6,15,6,664455,11989,117495,8761,0.09495786338867064,0.4222168674698795
8581,0.8585,7,21,7,664476,11968,117502,8754,0.09479153465973894,0.42244957050477755
8582,0.8586,9,16,9,664492,11952,117511,8745,0.09466480800912432,0.4225250036237136
8583,0.8587,4,31,4,664523,11921,117515,8741,0.09441927512355848,0.4230471396767012
8584,0.8588,7,17,7,664540,11904,117522,8734,0.09428462805728044,0.42319992247310784
8585,0.8589,12,34,12,664574,11870,117534,8722,0.09401533392472437,0.42356254856254855
8586,0.859,16,21,16,664595,11849,117550,8706,0.09384900519579267,0.42354658234006326
8587,0.8591,10,16,10,664611,11833,117560,8696,0.09372227854517805,0.42359588874275417
8588,0.8592,24,38,24,664649,11795,117584,8672,0.09342130274996832,0.4237064542922754
8589,0.8593,8,18,8,664667,11777,117592,8664,0.09327873526802687,0.42385401888361623
8590,0.8594,6,21,6,664688,11756,117598,8658,0.09311240653909517,0.4241207014793769
8591,0.8595,14,30,14,664718,11726,117612,8644,0.09287479406919275,0.42434953362788413
8592,0.8596,17,27,17,664745,11699,117629,8627,0.09266094284628057,0.4244317622749188
8593,0.8597,10,32,10,664777,11667,117639,8617,0.09240748954505132,0.42481759021889176
8594,0.8598,10,15,10,664792,11652,117649,8607,0.09228868331010011,0.424848215607878
8595,0.8599,13,27,13,664819,11625,117662,8594,0.09207483208718793,0.4250457490479252
8596,0.86,14,26,14,664845,11599,117676,8580,0.09186890127993917,0.42519450914316864
8597,0.8601,24,24,24,664869,11575,117700,8556,0.09167881130401724,0.4250161442551289
8598,0.8602,7,28,7,664897,11547,117707,8549,0.09145703966544164,0.42540804140127386
8599,0.8603,10,28,10,664925,11519,117717,8539,0.09123526802686605,0.4257154252667265
8600,0.8604,6,11,6,664936,11508,117723,8533,0.0911481434545685,0.4257771568285016
8601,0.8605,4,15,4,664951,11493,117727,8529,0.09102933721961728,0.42598142043751874
8602,0.8606,8,16,8,664967,11477,117735,8521,0.09090261056900266,0.42609260926092607
8603,0.8607,11,8,11,664975,11469,117746,8510,0.09083924724369535,0.4259472446068372
8604,0.8608,9,17,9,664992,11452,117755,8501,0.09070460017741731,0.42605122036786447
8605,0.8609,11,26,11,665018,11426,117766,8490,0.09049866937016855,0.42629041976300464
8606,0.861,7,11,7,665029,11415,117773,8483,0.09041154479787099,0.4263242536938386
8607,0.8611,8,13,8,665042,11402,117781,8475,0.09030857939424661,0.42637218896211704
8608,0.8612,7,18,7,665060,11384,117788,8468,0.09016601191230515,0.42655651823493856
8609,0.8613,15,17,15,665077,11367,117803,8453,0.09003136484602713,0.42648839556004037
8610,0.8614,11,7,11,665084,11360,117814,8442,0.08997592193638322,0.42632057367942633
8611,0.8615,21,13,21,665097,11347,117835,8421,0.08987295653275884,0.4259915014164306
8612,0.8616,3,6,3,665103,11341,117838,8418,0.08982543403877835,0.4260337061592186
8613,0.8617,7,11,7,665114,11330,117845,8411,0.0897383094664808,0.4260675750975128
8614,0.8618,7,17,7,665131,11313,117852,8404,0.08960366240020276,0.4262311710706497
8615,0.8619,11,24,11,665155,11289,117863,8393,0.08941357242428083,0.426430240829184
8616,0.862,9,12,9,665167,11277,117872,8384,0.08931852743631986,0.42642795381720155
8617,0.8621,5,17,5,665184,11260,117877,8379,0.08918388037004182,0.4266510514791996
8618,0.8622,29,40,29,665224,11220,117906,8350,0.08886706374350525,0.426673479816045
8619,0.8623,12,24,12,665248,11196,117918,8338,0.08867697376758332,0.42684550015357836
8620,0.8624,12,17,12,665265,11179,117930,8326,0.08854232670130528,0.4268649064342476
8621,0.8625,6,18,6,665283,11161,117936,8320,0.08839975921936383,0.4270827986243006
8622,0.8626,11,12,11,665295,11149,117947,8309,0.08830471423140286,0.42702230445061157
8623,0.8627,11,10,11,665305,11139,117958,8298,0.08822551007476873,0.4269177342182436
8624,0.8628,4,10,4,665315,11129,117962,8294,0.08814630591813459,0.42701951294856616
8625,0.8629,17,30,17,665345,11099,117979,8277,0.08790869344823217,0.42717795210569776
8626,0.863,15,27,15,665372,11072,117994,8262,0.08769484222531998,0.4273300920657908
8627,0.8631,9,19,9,665391,11053,118003,8253,0.08754435432771512,0.4274836838288615
8628,0.8632,12,19,12,665410,11034,118015,8241,0.08739386643011025,0.4275486381322957
8629,0.8633,5,19,5,665429,11015,118020,8236,0.08724337853250538,0.4278219313282427
8630,0.8634,9,14,9,665443,11001,118029,8227,0.08713249271321759,0.4278656126482213
8631,0.8635,2,9,2,665452,10992,118031,8225,0.08706120897224687,0.428006452620076
8632,0.8636,5,11,5,665463,10981,118036,8220,0.0869740843999493,0.4281027029842196
8633,0.8637,7,24,7,665487,10957,118043,8213,0.08678399442402737,0.4284298382889932
8634,0.8638,4,7,4,665494,10950,118047,8209,0.08672855151438348,0.42846703898950883
8635,0.8639,12,22,12,665516,10928,118059,8197,0.08655430236978837,0.4286013071895425
8636,0.864,8,13,8,665529,10915,118067,8189,0.08645133696616399,0.4286536850921273
8637,0.8641,13,14,13,665543,10901,118080,8176,0.08634045114687619,0.4285789170204959
8638,0.8642,2,11,2,665554,10890,118082,8174,0.08625332657457864,0.4287662610155267
8639,0.8643,12,14,12,665568,10876,118094,8162,0.08614244075529084,0.42872150435970163
8640,0.8644,5,18,5,665586,10858,118099,8157,0.08599987327334939,0.4289771233236918
8641,0.8645,4,11,4,665597,10847,118103,8153,0.08591274870105182,0.4291052631578947
8642,0.8646,5,14,5,665611,10833,118108,8148,0.08580186288176403,0.4292713766397977
8643,0.8647,8,24,8,665635,10809,118116,8140,0.0856117729058421,0.42957412000633277
8644,0.8648,7,15,7,665650,10794,118123,8133,0.08549296667089089,0.4297035980345538
8645,0.8649,14,27,14,665677,10767,118137,8119,0.08527911544797871,0.42989516043630205
8646,0.865,21,23,21,665700,10744,118158,8098,0.08509694588772018,0.4297845239358879
8647,0.8651,6,11,6,665711,10733,118164,8092,0.08500982131542263,0.4298539176626826
8648,0.8652,12,14,12,665725,10719,118176,8080,0.08489893549613484,0.4298100962817171
8649,0.8653,6,13,6,665738,10706,118182,8074,0.08479597009251046,0.42992545260915865
8650,0.8654,6,8,6,665746,10698,118188,8068,0.08473260676720314,0.42992646275178514
8651,0.8655,3,12,3,665758,10686,118191,8065,0.08463756177924217,0.430110394112314
8652,0.8656,20,28,20,665786,10658,118211,8045,0.08441579014066658,0.4301448965406619
8653,0.8657,11,6,11,665792,10652,118222,8034,0.0843682676466861,0.4299475543187413
8654,0.8658,10,17,10,665809,10635,118232,8024,0.08423362058040806,0.43003376386730263
8655,0.8659,7,10,7,665819,10625,118239,8017,0.08415441642377391,0.43005042377427316
8656,0.866,7,5,7,665824,10620,118246,8010,0.08411481434545685,0.42995169082125606
8657,0.8661,4,5,4,665829,10615,118250,8006,0.08407521226713978,0.4299446861070834
8658,0.8662,7,18,7,665847,10597,118257,7999,0.08393264478519832,0.4301462680146268
8659,0.8663,6,14,6,665861,10583,118263,7993,0.08382175896591053,0.430286391042205
8660,0.8664,7,19,7,665880,10564,118270,7986,0.08367127106830566,0.4305121293800539
8661,0.8665,9,17,9,665897,10547,118279,7977,0.08353662400202763,0.4306305333621248
8662,0.8666,7,6,7,665903,10541,118286,7970,0.08348910150804714,0.43055480525093187
8663,0.8667,10,15,10,665918,10526,118296,7960,0.08337029527309593,0.43059612679865844
8664,0.8668,14,28,14,665946,10498,118310,7946,0.08314852363452034,0.4308176100628931
8665,0.8669,8,17,8,665963,10481,118318,7938,0.0830138765682423,0.4309680221510397
8666,0.867,5,6,5,665969,10475,118323,7933,0.08296635407426181,0.4309539330725771
8667,0.8671,4,14,4,665983,10461,118327,7929,0.08285546825497402,0.43115823817292004
8668,0.8672,4,6,4,665989,10455,118331,7925,0.08280794576099354,0.4311751904243743
8669,0.8673,3,3,3,665992,10452,118334,7922,0.0827841845140033,0.43115271579405684
8670,0.8674,5,11,5,666003,10441,118339,7917,0.08269705994170574,0.4312561281185314
8671,0.8675,8,20,8,666023,10421,118347,7909,0.08253865162843746,0.4314784506273868
8672,0.8676,17,28,17,666051,10393,118364,7892,0.08231687998986187,0.4316106097894449
8673,0.8677,10,6,10,666057,10387,118374,7882,0.08226935749588138,0.43144123925775907
8674,0.8678,10,34,10,666091,10353,118384,7872,0.08200006336332531,0.43193415637860083
8675,0.8679,11,13,11,666104,10340,118395,7861,0.08189709795970093,0.4318993461897698
8676,0.868,10,20,10,666124,10320,118405,7851,0.08173868964643265,0.4320620769357768
8677,0.8681,10,17,10,666141,10303,118415,7841,0.0816040425801546,0.4321538800705467
8678,0.8682,12,15,12,666156,10288,118427,7829,0.0814852363452034,0.43213556328310426
8679,0.8683,11,6,11,666162,10282,118438,7818,0.0814377138512229,0.4319337016574586
8680,0.8684,4,10,4,666172,10272,118442,7814,0.08135850969458877,0.4320468870949906
8681,0.8685,20,15,20,666187,10257,118462,7794,0.08123970345963756,0.431776632873525
8682,0.8686,6,12,6,666199,10245,118468,7788,0.0811446584716766,0.43187489602395607
8683,0.8687,7,15,7,666214,10230,118475,7781,0.08102585223672538,0.43201376936316693
8684,0.8688,15,20,15,666234,10210,118490,7766,0.0808674439234571,0.4320204717400979
8685,0.8689,8,9,8,666243,10201,118498,7758,0.08079616018248638,0.4319839634723537
8686,0.869,6,16,6,666259,10185,118504,7752,0.08066943353187175,0.4321792941963539
8687,0.8691,7,16,7,666275,10169,118511,7745,0.08054270688125713,0.4323434185553199
8688,0.8692,11,25,11,666300,10144,118522,7734,0.08034469648967178,0.43259872468956256
8689,0.8693,10,7,10,666307,10137,118532,7724,0.08028925358002788,0.43245059067241476
8690,0.8694,12,32,12,666339,10105,118544,7712,0.08003580027879863,0.432845035640119
8691,0.8695,11,15,11,666354,10090,118555,7701,0.07991699404384742,0.4328593108875274
8692,0.8696,18,20,18,666374,10070,118573,7683,0.07975858573057915,0.43277192587168367
8693,0.8697,9,9,9,666383,10061,118582,7674,0.07968730198960841,0.4327036932619115
8694,0.8698,6,17,6,666400,10044,118588,7668,0.07955265492333037,0.4329268292682927
8695,0.8699,11,27,11,666427,10017,118599,7657,0.0793388037004182,0.43323526083512504
8696,0.87,17,17,17,666444,10000,118616,7640,0.07920415663414015,0.4331065759637188
8697,0.8701,8,18,8,666462,9982,118624,7632,0.07906158915219871,0.4332916997842625
8698,0.8702,12,24,12,666486,9958,118636,7620,0.07887149917627677,0.4334964159745136
8699,0.8703,7,16,7,666502,9942,118643,7613,0.07874477252566214,0.4336656223298206
8700,0.8704,8,20,8,666522,9922,118651,7605,0.07858636421239387,0.43390197980259027
8701,0.8705,8,19,8,666541,9903,118659,7597,0.078435876314789,0.43411428571428573
8702,0.8706,11,15,11,666556,9888,118670,7586,0.07831707007983779,0.434130708481172
8703,0.8707,14,17,14,666573,9871,118684,7572,0.07818242301355975,0.43409963882359687
8704,0.8708,3,8,3,666581,9863,118687,7569,0.07811905968825245,0.4342014685635613
8705,0.8709,11,12,11,666593,9851,118698,7558,0.07802401470029147,0.4341432592337297
8706,0.871,7,12,7,666605,9839,118705,7551,0.0779289697123305,0.43421506612995975
8707,0.8711,10,10,10,666615,9829,118715,7541,0.07784976555569637,0.4341393206678181
8708,0.8712,8,15,8,666630,9814,118723,7533,0.07773095932074515,0.4342537614573125
8709,0.8713,9,19,9,666649,9795,118732,7524,0.07758047142314028,0.43443616836999827
8710,0.8714,5,6,5,666655,9789,118737,7519,0.07753294892915981,0.43442338802865726
8711,0.8715,16,19,16,666674,9770,118753,7503,0.07738246103155494,0.43437735193654836
8712,0.8716,8,11,8,666685,9759,118761,7495,0.07729533645925739,0.43439202503767244
8713,0.8717,22,39,22,666724,9720,118783,7473,0.07698644024838423,0.4346536381085325
8714,0.8718,7,11,7,666735,9709,118790,7466,0.07689931567608668,0.43470160116448325
8715,0.8719,6,14,6,666749,9695,118796,7460,0.07678842985679889,0.4348586417953949
8716,0.872,16,24,16,666773,9671,118812,7444,0.07659833988087694,0.43494011101373065
8717,0.8721,3,9,3,666782,9662,118815,7441,0.07652705613990622,0.4350698707829036
8718,0.8722,8,22,8,666804,9640,118823,7433,0.07635280699531112,0.4353657822292509
8719,0.8723,5,11,5,666815,9629,118828,7428,0.07626568242301356,0.4354810341795157
8720,0.8724,5,25,5,666840,9604,118833,7423,0.07606767203142821,0.43595466024549245
8721,0.8725,5,13,5,666853,9591,118838,7418,0.07596470662780383,0.4361220530307484
8722,0.8726,10,9,10,666862,9582,118848,7408,0.0758934228868331,0.43602118893466746
8723,0.8727,1,2,1,666864,9580,118849,7407,0.07587758205550628,0.43603932418908575
8724,0.8728,7,10,7,666874,9570,118856,7400,0.07579837789887213,0.43606364172068357
8725,0.8729,4,13,4,666887,9557,118860,7396,0.07569541249524775,0.4362649678522975
8726,0.873,3,17,3,666904,9540,118863,7393,0.07556076542896971,0.43660308273784915
8727,0.8731,13,19,13,666923,9521,118876,7380,0.07541027753136485,0.4366605526300219
8728,0.8732,3,18,3,666941,9503,118879,7377,0.0752677100494234,0.4370260663507109
8729,0.8733,6,11,6,666952,9492,118885,7371,0.07518058547712583,0.43711083437110837
8730,0.8734,10,12,10,666964,9480,118895,7361,0.07508554048916487,0.43708805890386554
8731,0.8735,14,13,14,666977,9467,118909,7347,0.07498257508554049,0.43695729749018675
8732,0.8736,10,21,10,666998,9446,118919,7337,0.0748162463566088,0.4371685634272776
8733,0.8737,5,7,5,667005,9439,118924,7332,0.0747608034469649,0.43718323296166
8734,0.8738,9,19,9,667024,9420,118933,7323,0.07461031554936003,0.4373768141910052
8735,0.8739,7,9,7,667033,9411,118940,7316,0.0745390318083893,0.43737669635917975
8736,0.874,14,22,14,667055,9389,118954,7302,0.07436478266379419,0.4374812773350908
8737,0.8741,5,17,5,667072,9372,118959,7297,0.07423013559751616,0.4377587137800708
8738,0.8742,6,6,6,667078,9366,118965,7291,0.07418261310353567,0.4377138740469472
8739,0.8743,5,7,5,667085,9359,118970,7286,0.07412717019389177,0.4377290477620907
8740,0.8744,5,11,5,667096,9348,118975,7281,0.07404004562159422,0.4378495399603103
8741,0.8745,17,17,17,667113,9331,118992,7264,0.07390539855531618,0.4377222054835794
8742,0.8746,16,23,16,667136,9308,119008,7248,0.07372322899505766,0.4377869050495289
8743,0.8747,8,12,8,667148,9296,119016,7240,0.0736281840070967,0.4378326076439284
8744,0.8748,13,23,13,667171,9273,119029,7227,0.07344601444683817,0.438
8745,0.8749,4,11,4,667182,9262,119033,7223,0.07335888987454062,0.4381558993023961
8746,0.875,7,14,7,667196,9248,119040,7216,0.07324800405525282,0.4382896015549077
8747,0.8751,5,14,5,667210,9234,119045,7211,0.07313711823596503,0.43849194283976894
8748,0.8752,7,28,7,667238,9206,119052,7204,0.07291534659738944,0.4390006093845216
8749,0.8753,8,13,8,667251,9193,119060,7196,0.07281238119376506,0.4390749893221063
8750,0.8754,17,13,17,667264,9180,119077,7179,0.07270941579014066,0.4388410049514029
8751,0.8755,15,24,15,667288,9156,119092,7164,0.07251932581421873,0.4389705882352941
8752,0.8756,19,30,19,667318,9126,119111,7145,0.07228171334431631,0.43912482330526703
8753,0.8757,11,16,11,667334,9110,119122,7134,0.07215498669370168,0.43917754247722235
8754,0.8758,14,23,14,667357,9087,119136,7120,0.07197281713344317,0.4393163447892886
8755,0.8759,8,9,8,667366,9078,119144,7112,0.07190153339247243,0.43928350833848057
8756,0.876,9,8,9,667374,9070,119153,7103,0.07183817006716513,0.4391887714091387
8757,0.8761,8,21,8,667395,9049,119161,7095,0.07167184133823343,0.43948216055500494
8758,0.8762,5,16,5,667411,9033,119166,7090,0.0715451146876188,0.4397444644296967
8759,0.8763,3,15,3,667426,9018,119169,7087,0.07142630845266759,0.4400496740142813
8760,0.8764,16,12,16,667438,9006,119185,7071,0.07133126346470663,0.4398208621011383
8761,0.8765,5,17,5,667455,8989,119190,7066,0.07119661639842859,0.4401121146060417
8762,0.8766,7,20,7,667475,8969,119197,7059,0.07103820808516031,0.44041677065136015
8763,0.8767,27,29,27,667504,8940,119224,7032,0.07080851603092131,0.4402704733283246
8764,0.8768,9,21,9,667525,8919,119233,7023,0.07064218730198961,0.4405344373353406
8765,0.8769,10,16,10,667541,8903,119243,7013,0.07051546065137498,0.44062578537320934
8766,0.877,27,33,27,667574,8870,119270,6986,0.07025408693448232,0.44059031281533806
8767,0.8771,5,12,5,667586,8858,119275,6981,0.07015904194652135,0.4407475219395164
8768,0.8772,26,32,26,667618,8826,119301,6955,0.0699055886452921,0.4407198529877701
8769,0.8773,7,6,7,667624,8820,119308,6948,0.06985806615131163,0.4406392694063927
8770,0.8774,5,9,5,667633,8811,119313,6943,0.06978678241034089,0.4407134695950235
8771,0.8775,11,14,11,667647,8797,119324,6932,0.0696758965910531,0.4407146035984487
8772,0.8776,7,18,7,667665,8779,119331,6925,0.06953332910911164,0.44097045338767193
8773,0.8777,9,14,9,667679,8765,119340,6916,0.06942244328982385,0.44104330080989734
8774,0.8778,19,21,19,667700,8744,119359,6897,0.06925611456089216,0.4409564605843616
8775,0.8779,10,16,10,667716,8728,119369,6887,0.06912938791027753,0.44105027217419146
8776,0.878,8,12,8,667728,8716,119377,6879,0.06903434292231657,0.44110291760179543
8777,0.8781,21,22,21,667750,8694,119398,6858,0.06886009377772145,0.4409722222222222
8778,0.8782,10,9,10,667759,8685,119408,6848,0.06878881003675073,0.440867829781755
8779,0.8783,13,16,13,667775,8669,119421,6835,0.06866208338613611,0.4408539731682147
8780,0.8784,12,24,12,667799,8645,119433,6823,0.06847199341021416,0.44110421515386605
8781,0.8785,8,17,8,667816,8628,119441,6815,0.06833734634393612,0.44130026549245616
8782,0.8786,5,5,5,667821,8623,119446,6810,0.06829774426561906,0.4412622302857513
8783,0.8787,11,20,11,667841,8603,119457,6799,0.06813933595235078,0.44143617711985456
8784,0.8788,7,23,7,667864,8580,119464,6792,0.06795716639209226,0.4418423106947697
8785,0.8789,3,12,3,667876,8568,119467,6789,0.0678621214041313,0.44207853096307875
8786,0.879,9,9,9,667885,8559,119476,6780,0.06779083766316056,0.4420105613142969
8787,0.8791,5,8,5,667893,8551,119481,6775,0.06772747433785326,0.4420592457262169
8788,0.8792,3,3,3,667896,8548,119484,6772,0.06770371309086301,0.4420365535248042
8789,0.8793,7,13,7,667909,8535,119491,6765,0.06760074768723863,0.442156862745098
8790,0.8794,10,9,10,667918,8526,119501,6755,0.0675294639462679,0.44205222171323866
8791,0.8795,11,18,11,667936,8508,119512,6744,0.06738689646432645,0.44217151848937847
8792,0.8796,4,8,4,667944,8500,119516,6740,0.06732353313901913,0.442257217847769
8793,0.8797,5,8,5,667952,8492,119521,6735,0.06726016981371183,0.4423064293688842
8794,0.8798,4,6,4,667958,8486,119525,6731,0.06721264731973134,0.4423342314516659
8795,0.8799,7,16,7,667974,8470,119532,6724,0.06708592066911671,0.4425431091220218
8796,0.88,12,22,12,667996,8448,119544,6712,0.06691167152452161,0.44274406332453825
8797,0.8801,8,9,8,668005,8439,119552,6704,0.06684038778355088,0.44271280459618306
8798,0.8802,1,9,1,668014,8430,119553,6703,0.06676910404258016,0.44293927179012754
8799,0.8803,4,9,4,668023,8421,119557,6699,0.06669782030160942,0.44305555555555554
8800,0.8804,4,8,4,668031,8413,119561,6695,0.06663445697630212,0.44314270585120463
8801,0.8805,12,12,12,668043,8401,119573,6683,0.06653941198834115,0.44305224078493766
8802,0.8806,9,10,9,668053,8391,119582,6674,0.066460207831707,0.44301360769996684
8803,0.8807,6,12,6,668065,8379,119588,6668,0.06636516284374604,0.44314481291951885
8804,0.8808,19,16,19,668081,8363,119607,6649,0.06623843619313141,0.44291233679722886
8805,0.8809,5,8,5,668089,8355,119612,6644,0.0661750728678241,0.44296286419094605
8806,0.881,17,34,17,668123,8321,119629,6627,0.06590577873526803,0.4433369012576933
8807,0.8811,14,4,14,668127,8317,119643,6613,0.06587409707261437,0.4429336905559277
8808,0.8812,10,12,10,668139,8305,119653,6603,0.0657790520846534,0.44291655486986853
8809,0.8813,15,13,15,668152,8292,119668,6588,0.06567608668102902,0.442741935483871
8810,0.8814,16,29,16,668181,8263,119684,6572,0.06544639462679001,0.4430064037748568
8811,0.8815,10,12,10,668193,8251,119694,6562,0.06535134963882905,0.4429892661851077
8812,0.8816,11,9,11,668202,8242,119705,6551,0.06528006589785831,0.44284458865679716
8813,0.8817,9,14,9,668216,8228,119714,6542,0.06516918007857052,0.44292484766418416
8814,0.8818,10,4,10,668220,8224,119724,6532,0.06513749841591687,0.44266738953645973
8815,0.8819,6,16,6,668236,8208,119730,6526,0.06501077176530225,0.442921134790281
8816,0.882,5,7,5,668243,8201,119735,6521,0.06495532885565834,0.4429425349816601
8817,0.8821,8,13,8,668256,8188,119743,6513,0.06485236345203396,0.44303108632065846
8818,0.8822,12,25,12,668281,8163,119755,6501,0.06465435306044862,0.4433306055646481
8819,0.8823,16,22,16,668303,8141,119771,6485,0.0644801039158535,0.44338848625734995
8820,0.8824,8,13,8,668316,8128,119779,6477,0.06437713851222912,0.4434782608695652
8821,0.8825,5,8,5,668324,8120,119784,6472,0.06431377518692181,0.44353070175438597
8822,0.8826,13,17,13,668341,8103,119797,6459,0.06417912812064377,0.4435517099299547
8823,0.8827,4,13,4,668354,8090,119801,6455,0.0640761627170194,0.4437951185974562
8824,0.8828,4,5,4,668359,8085,119805,6451,0.06403656063870232,0.44379471656576774
8825,0.8829,8,6,8,668365,8079,119813,6443,0.06398903814472183,0.4436716705687922
8826,0.883,12,21,12,668386,8058,119825,6431,0.06382270941579014,0.4438539581751674
8827,0.8831,7,15,7,668401,8043,119832,6424,0.06370390318083893,0.4440450680859888
8828,0.8832,4,15,4,668416,8028,119836,6420,0.06358509694588772,0.44435215946843853
8829,0.8833,10,13,10,668429,8015,119846,6410,0.06348213154226334,0.444367417677643
8830,0.8834,5,8,5,668437,8007,119851,6405,0.06341876821695602,0.444421315570358
8831,0.8835,9,16,9,668453,7991,119860,6396,0.0632920415663414,0.4445680127893237
8832,0.8836,12,23,12,668476,7968,119872,6384,0.06310987200608288,0.44481605351170567
8833,0.8837,6,11,6,668487,7957,119878,6378,0.06302274743378533,0.4449250087199163
8834,0.8838,6,9,6,668496,7948,119884,6372,0.0629514636928146,0.44497206703910613
8835,0.8839,10,21,10,668517,7927,119894,6362,0.06278513496388291,0.4452375953530688
8836,0.884,7,11,7,668528,7916,119901,6355,0.06269801039158535,0.4453086679279658
8837,0.8841,9,7,9,668535,7909,119910,6346,0.06264256748194146,0.4451771308312873
8838,0.8842,4,13,4,668548,7896,119914,6342,0.06253960207831707,0.44542772861356933
8839,0.8843,12,16,12,668564,7880,119926,6330,0.06241287542770244,0.4454609429978888
8840,0.8844,8,16,8,668580,7864,119934,6322,0.062286148777087824,0.44565064147751304
8841,0.8845,6,23,6,668603,7841,119940,6316,0.0621039792168293,0.4461397188669916
8842,0.8846,5,14,5,668617,7827,119945,6311,0.061993093397541506,0.44638562738718346
8843,0.8847,6,15,6,668632,7812,119951,6305,0.061874287162590295,0.44662463696252747
8844,0.8848,13,21,13,668653,7791,119964,6292,0.061707958433658595,0.446779805439182
8845,0.8849,11,16,11,668669,7775,119975,6281,0.06158123178304398,0.4468554354012521
8846,0.885,9,12,9,668681,7763,119984,6272,0.061486186795083005,0.44688279301745637
8847,0.8851,4,10,4,668691,7753,119988,6268,0.06140698263844887,0.4470437201340846
8848,0.8852,15,25,15,668716,7728,120003,6253,0.061208972246863516,0.44724983906730564
8849,0.8853,12,18,12,668734,7710,120015,6241,0.06106640476492206,0.44735144434090746
8850,0.8854,10,10,10,668744,7700,120025,6231,0.060987200608287925,0.44727585959371186
8851,0.8855,7,6,7,668750,7694,120032,6224,0.060939678114307436,0.447190688317287
8852,0.8856,8,3,8,668753,7691,120040,6216,0.0609159168673172,0.44696915222549793
8853,0.8857,7,9,7,668762,7682,120047,6209,0.06084463312634647,0.4469800590310273
8854,0.8858,18,41,18,668803,7641,120065,6191,0.0605198960841465,0.4475853094274147
8855,0.8859,4,12,4,668815,7629,120069,6187,0.060424851096185526,0.4478141285466126
8856,0.886,11,13,11,668828,7616,120080,6176,0.060321885692561146,0.44779582366589327
8857,0.8861,5,16,5,668844,7600,120085,6171,0.06019515904194652,0.448115605257425
8858,0.8862,13,14,13,668858,7586,120098,6158,0.060084273222658725,0.4480500582072177
8859,0.8863,8,7,8,668865,7579,120106,6150,0.06002883031301483,0.4479568795979314
8860,0.8864,11,10,11,668875,7569,120117,6139,0.059949626156380685,0.4478406769769478
8861,0.8865,7,9,7,668884,7560,120124,6132,0.05987834241540996,0.44785276073619634
8862,0.8866,9,18,9,668902,7542,120133,6123,0.05973577493346851,0.44807903402854005
8863,0.8867,2,12,2,668914,7530,120135,6121,0.05964072994550754,0.44839205918980296
8864,0.8868,11,11,11,668925,7519,120146,6110,0.059553605373209986,0.4483087533934992
8865,0.8869,2,16,2,668941,7503,120148,6108,0.05942687872259536,0.4487546837117038
8866,0.887,6,11,6,668952,7492,120154,6102,0.05933975415029781,0.4488745034574077
8867,0.8871,3,7,3,668959,7485,120157,6099,0.05928431124065391,0.44898409893992935
8868,0.8872,5,23,5,668982,7462,120162,6094,0.05910214168039539,0.44954263794629684
8869,0.8873,16,11,16,668993,7451,120178,6078,0.05901501710809783,0.4492571513046049
8870,0.8874,5,7,5,669000,7444,120183,6073,0.058959574198453935,0.44928608419027893
8871,0.8875,18,25,18,669025,7419,120201,6055,0.05876156380686858,0.44938399881252783
8872,0.8876,14,18,14,669043,7401,120215,6041,0.05861899632492713,0.4494122898378218
8873,0.8877,6,20,6,669063,7381,120221,6035,0.058460588011658855,0.4498360166964818
8874,0.8878,5,11,5,669074,7370,120226,6030,0.0583734634393613,0.45
8875,0.8879,5,16,5,669090,7354,120231,6025,0.05824673678874667,0.45033261080798265
8876,0.888,6,19,6,669109,7335,120237,6019,0.05809624889114181,0.45072637412011385
8877,0.8881,11,24,11,669133,7311,120248,6008,0.05790615891521987,0.45108491628500635
8878,0.8882,4,31,4,669164,7280,120252,6004,0.057660626029654036,0.4519722975007528
8879,0.8883,8,9,8,669173,7271,120260,5996,0.05758934228868331,0.4519484435064446
8880,0.8884,4,6,4,669179,7265,120264,5992,0.057541819794702825,0.45198762917703855
8881,0.8885,12,15,12,669194,7250,120276,5980,0.057423013559751615,0.4520030234315949
8882,0.8886,10,18,10,669212,7232,120286,5970,0.05728044607781017,0.45220421148310863
8883,0.8887,6,15,6,669227,7217,120292,5964,0.057161639842858956,0.45246946362187995
8884,0.8888,11,25,11,669252,7192,120303,5953,0.056963629451273604,0.45287181437809054
8885,0.8889,8,16,8,669268,7176,120311,5945,0.05683690280065898,0.4530904656657267
8886,0.889,3,11,3,669279,7165,120314,5942,0.05674977822836143,0.4533455405508507
8887,0.8891,3,3,3,669282,7162,120317,5939,0.05672601698137118,0.4533241737271964
8888,0.8892,12,24,12,669306,7138,120329,5927,0.056535927005449245,0.45365480290853427
8889,0.8893,5,7,5,669313,7131,120334,5922,0.05648048409580535,0.4536888071707653
8890,0.8894,5,3,5,669316,7128,120339,5917,0.0564567228488151,0.4535837485626677
8891,0.8895,12,17,12,669333,7111,120351,5905,0.05632207578253707,0.4536724031960664
8892,0.8896,5,10,5,669343,7101,120356,5900,0.05624287162590293,0.45381124528882394
8893,0.8897,14,17,14,669360,7084,120370,5886,0.056108224559624886,0.453816499614495
8894,0.8898,8,16,8,669376,7068,120378,5878,0.05598149790901027,0.45403985787115714
8895,0.8899,6,11,6,669387,7057,120384,5872,0.05589437333671271,0.4541727898522701
8896,0.89,6,16,6,669403,7041,120390,5866,0.055767646686098085,0.4544820639962811
8897,0.8901,3,7,3,669410,7034,120393,5863,0.05571220377645419,0.4546018453904009
8898,0.8902,10,15,10,669425,7019,120403,5853,0.05559339754150298,0.45470789310130516
8899,0.8903,3,8,3,669433,7011,120406,5850,0.055530034216195664,0.4548635409377187
8900,0.8904,5,5,5,669438,7006,120411,5845,0.0554904321378786,0.4548284180219438
8901,0.8905,14,18,14,669456,6988,120425,5831,0.05534786465593714,0.4548716748576332
8902,0.8906,6,8,6,669464,6980,120431,5825,0.05528450133062983,0.4549004295197189
8903,0.8907,8,17,8,669481,6963,120439,5817,0.055149854264351796,0.4551643192488263
8904,0.8908,12,24,12,669505,6939,120451,5805,0.05495976428842986,0.4555084745762712
8905,0.8909,8,16,8,669521,6923,120459,5797,0.05483303763781523,0.4557389937106918
8906,0.891,5,18,5,669539,6905,120464,5792,0.05469047015587378,0.45617074899582577
8907,0.8911,8,18,8,669557,6887,120472,5784,0.05454790267393233,0.4564754163049483
8908,0.8912,18,13,18,669570,6874,120490,5766,0.05444493727030795,0.45617088607594936
8909,0.8913,9,13,9,669583,6861,120499,5757,0.05434197186668356,0.4562529719448407
8910,0.8914,7,8,7,669591,6853,120506,5750,0.05427860854137625,0.4562405776402444
8911,0.8915,6,12,6,669603,6841,120512,5744,0.05418356355341528,0.4564163686928884
8912,0.8916,14,15,14,669618,6826,120526,5730,0.05406475731846407,0.4563555272379739
8913,0.8917,10,10,10,669628,6816,120536,5720,0.05398555316182993,0.4562858966177409
8914,0.8918,9,17,9,669645,6799,120545,5711,0.0538509060955519,0.45651478816946445
8915,0.8919,5,1,5,669646,6798,120550,5706,0.05384298567988848,0.45633397312859886
8916,0.892,6,16,6,669662,6782,120556,5700,0.053716259029273856,0.4566575869251722
8917,0.8921,8,14,8,669676,6768,120564,5692,0.05360537320998606,0.4568218298555377
8918,0.8922,2,10,2,669686,6758,120566,5690,0.05352616905335192,0.45710154241645246
8919,0.8923,11,18,11,669704,6740,120577,5679,0.05338360157141047,0.45728319510427573
8920,0.8924,10,10,10,669714,6730,120587,5669,0.05330439741477633,0.45721429147511894
8921,0.8925,5,9,5,669723,6721,120592,5664,0.0532331136738056,0.45732741219216794
8922,0.8926,19,23,19,669746,6698,120611,5645,0.05305094411354708,0.4573442437008831
8923,0.8927,12,25,12,669771,6673,120623,5633,0.05285293372196173,0.4577441898261011
8924,0.8928,10,15,10,669786,6658,120633,5623,0.05273412748701052,0.4578617376435144
8925,0.8929,9,11,9,669797,6647,120642,5614,0.05264700291471296,0.45787456161813883
8926,0.893,4,13,4,669810,6634,120646,5610,0.05254403751108858,0.45818360013067627
8927,0.8931,3,9,3,669819,6625,120649,5607,0.052472753770117855,0.45838783518639636
8928,0.8932,9,15,9,669834,6610,120658,5598,0.052353947535166645,0.45855176933158587
8929,0.8933,8,19,8,669853,6591,120666,5590,0.05220345963756178,0.4589114194236926
8930,0.8934,7,8,7,669861,6583,120673,5583,0.05214009631225447,0.45890185763603486
8931,0.8935,15,7,15,669868,6576,120688,5568,0.05208465340261057,0.45849802371541504
8932,0.8936,10,5,10,669873,6571,120698,5558,0.0520450513242935,0.4582405804270756
8933,0.8937,9,14,9,669887,6557,120707,5549,0.0519341655050057,0.45836775152816783
8934,0.8938,3,8,3,669895,6549,120710,5546,0.05187080217969839,0.4585365853658537
8935,0.8939,10,14,10,669909,6535,120720,5536,0.05175991636041059,0.4586198326567807
8936,0.894,6,13,6,669922,6522,120726,5530,0.05165695095678621,0.45884500497842684
8937,0.8941,10,22,10,669944,6500,120736,5520,0.051482701812191105,0.45923460898502494
8938,0.8942,8,15,8,669959,6485,120744,5512,0.051363895577239894,0.4594481953821789
8939,0.8943,16,20,16,669979,6465,120760,5496,0.051205487263971616,0.45949335339854525
8940,0.8944,2,9,2,669988,6456,120762,5494,0.05113420352300089,0.4597489539748954
8941,0.8945,7,13,7,670001,6443,120769,5487,0.05103123811937651,0.45993294216261527
8942,0.8946,20,16,20,670017,6427,120789,5467,0.05090451146876188,0.459643517740037
8943,0.8947,8,15,8,670032,6412,120797,5459,0.05078570523381067,0.45986016342346897
8944,0.8948,5,6,5,670038,6406,120802,5454,0.05073818273983018,0.45986509274873527
8945,0.8949,5,13,5,670051,6393,120807,5449,0.0506352173362058,0.4601418679277149
8946,0.895,15,16,15,670067,6377,120822,5434,0.05050849068559118,0.4600795868258403
8947,0.8951,13,8,13,670075,6369,120835,5421,0.050445127360283865,0.45979643765903305
8948,0.8952,8,7,8,670082,6362,120843,5413,0.05038968445063997,0.45970276008492567
8949,0.8953,8,18,8,670100,6344,120851,5405,0.05024711696869852,0.46003915226827813
8950,0.8954,6,16,6,670116,6328,120857,5399,0.05012039031808389,0.460390551718257
8951,0.8955,10,12,10,670128,6316,120867,5389,0.05002534533012293,0.4604015378043571
8952,0.8956,13,43,13,670171,6273,120880,5376,0.04968476745659612,0.46149884110224054
8953,0.8957,9,11,9,670182,6262,120889,5367,0.04959764288429857,0.4615186172499785
8954,0.8958,5,13,5,670195,6249,120894,5362,0.04949467748067419,0.46180346223408836
8955,0.8959,19,15,19,670210,6234,120913,5343,0.04937587124572298,0.46151852811609223
8956,0.896,6,6,6,670216,6228,120919,5337,0.04932834875174249,0.4614785992217899
8957,0.8961,5,7,5,670223,6221,120924,5332,0.04927290584209859,0.46152514498398683
8958,0.8962,6,4,6,670227,6217,120930,5326,0.04924122417944494,0.46140518062895264
8959,0.8963,3,8,3,670235,6209,120933,5323,0.049177860854137626,0.46158515435310443
8960,0.8964,5,14,5,670249,6195,120938,5318,0.04906697503484983,0.4619126205159385
8961,0.8965,12,19,12,670268,6176,120950,5306,0.04891648713724496,0.4621146141787145
8962,0.8966,5,10,5,670278,6166,120955,5301,0.048837282980610824,0.4622830731664777
8963,0.8967,14,16,14,670294,6150,120969,5287,0.0487105563299962,0.46227157471364866
8964,0.8968,10,19,10,670313,6131,120979,5277,0.04856006843239133,0.462570126227209
8965,0.8969,1,12,1,670325,6119,120980,5276,0.048465023444430363,0.46301009214567795
8966,0.897,9,15,9,670340,6104,120989,5267,0.04834621720947915,0.46319584908978984
8967,0.8971,5,11,5,670351,6093,120994,5262,0.0482590926371816,0.4634081902245707
8968,0.8972,13,8,13,670359,6085,121007,5249,0.04819572931187429,0.46311981648138345
8969,0.8973,4,9,4,670368,6076,121011,5245,0.04812444557090356,0.46329829520360394
8970,0.8974,8,10,8,670378,6066,121019,5237,0.04804524141426942,0.4633283199150668
8971,0.8975,5,15,5,670393,6051,121024,5232,0.04792643517931821,0.4637064610475937
8972,0.8976,9,8,9,670401,6043,121033,5223,0.0478630718540109,0.46360731404225103
8973,0.8977,9,15,9,670416,6028,121042,5214,0.047744265619059686,0.4637964774951076
8974,0.8978,10,23,10,670439,6005,121052,5204,0.047562096058801163,0.4642697832099206
8975,0.8979,6,12,6,670451,5993,121058,5198,0.0474670510708402,0.46448038602448394
8976,0.898,5,14,5,670465,5979,121063,5193,0.0473561652515524,0.46482277121374865
8977,0.8981,10,15,10,670480,5964,121073,5183,0.04723735901660119,0.46496815286624205
8978,0.8982,3,2,3,670482,5962,121076,5180,0.04722151818527436,0.46490755699156344
8979,0.8983,6,7,6,670489,5955,121082,5174,0.047166075275630465,0.4649114924970797
8980,0.8984,5,6,5,670495,5949,121087,5169,0.04711855278164998,0.4649217485159201
8981,0.8985,3,22,3,670517,5927,121090,5166,0.046944303637054874,0.46569908951591094
8982,0.8986,8,10,8,670527,5917,121098,5158,0.04686509948042073,0.46573363431151243
8983,0.8987,2,9,2,670536,5908,121100,5156,0.046793815739450004,0.4660159074475777
8984,0.8988,12,19,12,670555,5889,121112,5144,0.04664332784184514,0.4662376506843107
8985,0.8989,11,8,11,670563,5881,121123,5133,0.04657996451653783,0.46604321772289814
8986,0.899,14,19,14,670582,5862,121137,5119,0.046429476618932965,0.46616883708223295
8987,0.8991,11,19,11,670601,5843,121148,5108,0.046278988721328095,0.46644142087480595
8988,0.8992,12,14,12,670615,5829,121160,5096,0.0461681029020403,0.46645308924485124
8989,0.8993,5,11,5,670626,5818,121165,5091,0.04608097832974274,0.4666788889907416
8990,0.8994,3,14,3,670640,5804,121168,5088,0.045970092510454946,0.4671318398824826
8991,0.8995,6,9,6,670649,5795,121174,5082,0.045898808769484226,0.46722441849774754
8992,0.8996,5,8,5,670657,5787,121179,5077,0.04583544544417691,0.46732326951399117
8993,0.8997,2,8,2,670665,5779,121181,5075,0.0457720821188696,0.4675695596093606
8994,0.8998,13,14,13,670679,5765,121194,5062,0.045661196299581805,0.4675348665373603
8995,0.8999,3,13,3,670692,5752,121197,5059,0.04555823089595742,0.4679493108870595
8996,0.9,9,16,9,670708,5736,121206,5050,0.04543150424534279,0.46819951789356573
8997,0.9001,12,21,12,670729,5715,121218,5038,0.0452651755164111,0.46852041290802565
8998,0.9002,5,11,5,670740,5704,121223,5033,0.04517805094411355,0.46875291049641427
8999,0.9003,11,12,11,670752,5692,121234,5022,0.045083005956152576,0.4687324995333209
9000,0.9004,12,12,12,670764,5680,121246,5010,0.04498796096819161,0.4686623012160898
9001,0.9005,9,7,9,670771,5673,121255,5001,0.04493251805854771,0.46852164137155705
9002,0.9006,6,7,6,670778,5666,121261,4995,0.044877075148903815,0.468530156645718
9003,0.9007,9,21,9,670799,5645,121270,4986,0.04471074641997212,0.46900573793622424
9004,0.9008,7,8,7,670807,5637,121277,4979,0.04464738309466481,0.4690090429540317
9005,0.9009,3,21,3,670828,5616,121280,4976,0.044481054365733116,0.4697885196374622
9006,0.901,10,19,10,670847,5597,121290,4966,0.044330566468128246,0.4701315914039572
9007,0.9011,10,9,10,670856,5588,121300,4956,0.04425928272715752,0.47003034901365703
9008,0.9012,11,12,11,670868,5576,121311,4945,0.04416423773919655,0.4700123562399012
9009,0.9013,10,9,10,670877,5567,121321,4935,0.044092953998225826,0.469910493239383
9010,0.9014,7,8,7,670885,5559,121328,4928,0.04402959067291851,0.4699151330218366
9011,0.9015,6,15,6,670900,5544,121334,4922,0.0439107844379673,0.47028473151156125
9012,0.9016,7,10,7,670910,5534,121341,4915,0.04383158028133317,0.4703799406641784
9013,0.9017,9,14,9,670924,5520,121350,4906,0.043720694462045365,0.47055438327258775
9014,0.9018,6,14,6,670938,5506,121356,4900,0.04360980864275757,0.47088218335575627
9015,0.9019,4,6,4,670944,5500,121360,4896,0.04356228614877709,0.470950365525202
9016,0.902,10,18,10,670962,5482,121370,4886,0.04341971866683564,0.4712577160493827
9017,0.9021,12,9,12,670971,5473,121382,4874,0.04334843492586491,0.4710544119068329
9018,0.9022,19,20,19,670991,5453,121401,4855,0.043190026612596626,0.47099340318199456
9019,0.9023,1,4,1,670995,5449,121402,4854,0.04315834494994297,0.47112491507327964
9020,0.9024,8,14,8,671009,5435,121410,4846,0.04304745913065518,0.47135492656356387
9021,0.9025,12,16,12,671025,5419,121422,4834,0.04292073248004055,0.4714717643616502
9022,0.9026,12,12,12,671037,5407,121434,4822,0.04282568749207959,0.4714048294065891
9023,0.9027,11,22,11,671059,5385,121445,4811,0.04265143834748448,0.47185170655158887
9024,0.9028,5,11,5,671070,5374,121450,4806,0.04256431377518692,0.4721021611001965
9025,0.9029,7,8,7,671078,5366,121457,4799,0.04250095044987961,0.4721101819970487
9026,0.903,14,15,14,671093,5351,121471,4785,0.0423821442149284,0.47207971586424624
9027,0.9031,3,9,3,671102,5342,121474,4782,0.04231086047395767,0.47234294745160016
9028,0.9032,5,19,5,671121,5323,121479,4777,0.04216037257635281,0.47297029702970295
9029,0.9033,6,6,6,671127,5317,121485,4771,0.042112850082372325,0.4729381443298969
9030,0.9034,10,10,10,671137,5307,121495,4761,0.04203364592573818,0.4728843861740167
9031,0.9035,3,9,3,671146,5298,121498,4758,0.041962362184767454,0.47315035799522676
9032,0.9036,10,4,10,671150,5294,121508,4748,0.0419306805221138,0.472814180442143
9033,0.9037,4,5,4,671155,5289,121512,4744,0.041891078443796734,0.47283962922356226
9034,0.9038,10,10,10,671165,5279,121522,4734,0.04181187428716259,0.4727853790072905
9035,0.9039,9,9,9,671174,5270,121531,4725,0.041740590546191864,0.47273636818409204
9036,0.904,7,11,7,671185,5259,121538,4718,0.04165346597389431,0.47288764157562396
9037,0.9041,6,16,6,671201,5243,121544,4712,0.04152673932327969,0.47332998493219486
9038,0.9042,3,8,3,671209,5235,121547,4709,0.041463375997972375,0.4735518905872888
9039,0.9043,8,16,8,671225,5219,121555,4701,0.04133664934735775,0.47389112903225805
9040,0.9044,9,12,9,671237,5207,121564,4692,0.041241604359396784,0.4739872714415598
9041,0.9045,13,20,13,671257,5187,121577,4679,0.0410831960461285,0.47425501723089397
9042,0.9046,11,8,11,671265,5179,121588,4668,0.04101983272082119,0.4740530110693612
9043,0.9047,3,6,3,671271,5173,121591,4665,0.040972310226840704,0.4741817442569628
9044,0.9048,9,12,9,671283,5161,121600,4656,0.04087726523887974,0.47427931139859425
9045,0.9049,5,5,5,671288,5156,121605,4651,0.040837663160562664,0.47425308453145715
9046,0.905,17,26,17,671314,5130,121622,4634,0.0406317323533139,0.4746005735354363
9047,0.9051,5,8,5,671322,5122,121627,4629,0.04056836902800659,0.4747205414829248
9048,0.9052,13,24,13,671346,5098,121640,4616,0.04037827905208465,0.4751904467778464
9049,0.9053,5,17,5,671363,5081,121645,4611,0.04024363198580661,0.47575319851423853
9050,0.9054,4,3,4,671366,5078,121649,4607,0.040219870738816374,0.475684047496128
9051,0.9055,4,8,4,671374,5070,121653,4603,0.04015650741350906,0.47586064302698233
9052,0.9056,3,15,3,671389,5055,121656,4600,0.04003770117855785,0.47643707923355777
9053,0.9057,12,12,12,671401,5043,121668,4588,0.039942656190596885,0.47637836154085766
9054,0.9058,12,9,12,671410,5034,121680,4576,0.03987137244962616,0.4761706555671176
9055,0.9059,5,8,5,671418,5026,121685,4571,0.039808009124318845,0.4762946754194019
9056,0.906,7,7,7,671425,5019,121692,4564,0.03975256621467495,0.4762600438276114
9057,0.9061,7,11,7,671436,5008,121699,4557,0.03966544164237739,0.476424464192368
9058,0.9062,12,10,12,671446,4998,121711,4545,0.039586237485743254,0.4762653253693807
9059,0.9063,6,14,6,671460,4984,121717,4539,0.03947535166645545,0.4766355140186916
9060,0.9064,6,9,6,671469,4975,121723,4533,0.03940406792548473,0.47675641564997895
9061,0.9065,7,7,7,671476,4968,121730,4526,0.039348625015840834,0.4767221402991363
9062,0.9066,19,16,19,671492,4952,121749,4507,0.03922189836522621,0.4764774289036896
9063,0.9067,9,12,9,671504,4940,121758,4498,0.039126853377265236,0.4765840220385675
9064,0.9068,1,5,1,671509,4935,121759,4497,0.03908725129894817,0.4767811704834606
9065,0.9069,9,4,9,671513,4931,121768,4488,0.039055569636294515,0.476483703153201
9066,0.907,9,14,9,671527,4917,121777,4479,0.03894468381700671,0.47669220945083013
9067,0.9071,12,11,12,671538,4906,121789,4467,0.03885755924470916,0.47658167075642804
9068,0.9072,8,18,8,671556,4888,121797,4459,0.03871499176276771,0.47705146036161333
9069,0.9073,6,19,6,671575,4869,121803,4453,0.038564503865162844,0.4776871915897876
9070,0.9074,5,4,5,671579,4865,121808,4448,0.038532822202509184,0.47761194029850745
9071,0.9075,5,17,5,671596,4848,121813,4443,0.03839817513623115,0.4782047142395867
9072,0.9076,8,11,8,671607,4837,121821,4435,0.038311050563933594,0.4783218291630716
9073,0.9077,4,11,4,671618,4826,121825,4431,0.03822392599163604,0.4786647942097872
9074,0.9078,5,12,5,671630,4814,121830,4426,0.03812888100367507,0.479004329004329
9075,0.9079,9,17,9,671647,4797,121839,4417,0.03799423393739704,0.47937920555676145
9076,0.908,6,4,6,671651,4793,121845,4411,0.03796255227474338,0.47924815297696655
9077,0.9081,13,14,13,671665,4779,121858,4398,0.03785166645545558,0.4792415822164106
9078,0.9082,6,8,6,671673,4771,121864,4392,0.03778830313014827,0.4793190003274037
9079,0.9083,3,16,3,671689,4755,121867,4389,0.037661576479533644,0.47998687664041995
9080,0.9084,0,1,0,671690,4754,121867,4389,0.03765365606387023,0.48003937438477523
9081,0.9085,5,7,5,671697,4747,121872,4384,0.03759821315422633,0.48012265907348595
9082,0.9086,5,6,5,671703,4741,121877,4379,0.03755069066024585,0.4801535087719298
9083,0.9087,7,6,7,671709,4735,121884,4372,0.037503168166265366,0.4800702756121665
9084,0.9088,10,10,10,671719,4725,121894,4362,0.03742396400963122,0.48002641135688345
9085,0.9089,9,12,9,671731,4713,121903,4353,0.03732891902167026,0.4801455989410986
9086,0.909,8,10,8,671741,4703,121911,4345,0.037249714865036115,0.4802166224580018
9087,0.9091,3,6,3,671747,4697,121914,4342,0.03720219237105563,0.4803628719991149
9088,0.9092,6,8,6,671755,4689,121920,4336,0.03713882904574832,0.4804432132963989
9089,0.9093,10,16,10,671771,4673,121930,4326,0.037012102395133695,0.4807200800088899
9090,0.9094,6,13,6,671784,4660,121936,4320,0.036909136991509314,0.48106904231625836
9091,0.9095,10,12,10,671796,4648,121946,4310,0.03681409200354835,0.48113418173699485
9092,0.9096,6,14,6,671810,4634,121952,4304,0.03670320618426055,0.4815394942940255
9093,0.9097,2,4,2,671814,4630,121954,4302,0.036671524521606894,0.48163905060456785
9094,0.9098,12,11,12,671825,4619,121966,4290,0.03658439994930934,0.481535525872713
9095,0.9099,11,15,11,671840,4604,121977,4279,0.03646559371435813,0.48170663064280084
9096,0.91,12,17,12,671857,4587,121989,4267,0.03633094664808009,0.48192907160605375
9097,0.9101,3,4,3,671861,4583,121992,4264,0.03629926498542643,0.48197128970272407
9098,0.9102,11,10,11,671871,4573,122003,4253,0.0362200608287923,0.4818717425787446
9099,0.9103,10,9,10,671880,4564,122013,4243,0.03614877708782157,0.4817758601112751
9100,0.9104,11,11,11,671891,4553,122024,4232,0.03606165251552401,0.4817302219692658
9101,0.9105,5,12,5,671903,4541,122029,4227,0.035966607527563046,0.4820939781021898
9102,0.9106,4,2,4,671905,4539,122033,4223,0.03595076669623622,0.4819675873088336
9103,0.9107,7,21,7,671926,4518,122040,4216,0.035784437967304523,0.4827112434165331
9104,0.9108,15,18,15,671944,4500,122055,4201,0.035641870485363075,0.48281806688886336
9105,0.9109,8,10,8,671954,4490,122063,4193,0.03556266632872893,0.4828976160313256
9106,0.911,8,11,8,671965,4479,122071,4185,0.035475541756431375,0.48303324099722994
9107,0.9111,11,14,11,671979,4465,122082,4174,0.03536465593714358,0.4831577728903808
9108,0.9112,6,14,6,671993,4451,122088,4168,0.035253770117855784,0.48358278222531614
9109,0.9113,11,19,11,672012,4432,122099,4157,0.03510328222025092,0.4839911514728141
9110,0.9114,6,7,6,672019,4425,122105,4151,0.035047839310607024,0.4840251865671642
9111,0.9115,8,10,8,672029,4415,122113,4143,0.03496863515397288,0.48410843655059593
9112,0.9116,7,2,7,672031,4413,122120,4136,0.03495279432264605,0.4837992747689788
9113,0.9117,4,16,4,672047,4397,122124,4132,0.034826067672031426,0.48446476726462656
9114,0.9118,2,5,2,672052,4392,122126,4130,0.03478646559371436,0.4846280215911758
9115,0.9119,1,4,1,672056,4388,122127,4129,0.034754783931060705,0.4847951156510508
9116,0.912,0,5,0,672061,4383,122127,4129,0.03471518185274363,0.4850798872180451
9117,0.9121,8,12,8,672073,4371,122135,4121,0.034620136864782665,0.4852802637776731
9118,0.9122,7,15,7,672088,4356,122142,4114,0.034501330629831455,0.4857142857142857
9119,0.9123,11,15,11,672103,4341,122153,4103,0.034382524394880244,0.48590715300805304
9120,0.9124,6,8,6,672111,4333,122159,4097,0.03431916106957293,0.48600237247924083
9121,0.9125,8,15,8,672126,4318,122167,4089,0.03420035483462172,0.48638039728797433
9122,0.9126,8,11,8,672137,4307,122175,4081,0.034113230262324164,0.48652837386742964
9123,0.9127,6,2,6,672139,4305,122181,4075,0.03409738943099734,0.4862768496420048
9124,0.9128,5,15,5,672154,4290,122186,4070,0.03397858319604613,0.4868421052631579
9125,0.9129,7,14,7,672168,4276,122193,4063,0.033867697376758335,0.4872286844945437
9126,0.913,13,21,13,672189,4255,122206,4050,0.033701368647826635,0.4876580373269115
9127,0.9131,8,15,8,672204,4240,122214,4042,0.033582562412875425,0.48804636561217096
9128,0.9132,7,10,7,672214,4230,122221,4035,0.03350335825624129,0.4882032667876588
9129,0.9133,11,10,11,672224,4220,122232,4024,0.033424154099607147,0.4881125667151868
9130,0.9134,7,4,7,672228,4216,122239,4017,0.033392472436953494,0.487914490465201
9131,0.9135,1,7,1,672235,4209,122240,4016,0.033337029527309596,0.48826747720364744
9132,0.9136,3,5,3,672240,4204,122243,4013,0.03329742744899252,0.4883777534379944
9133,0.9137,1,2,1,672242,4202,122244,4012,0.0332815866176657,0.48843438032627223
9134,0.9138,7,9,7,672251,4193,122251,4005,0.03321030287669497,0.4885337887289583
9135,0.9139,4,9,4,672260,4184,122255,4001,0.03313901913572424,0.48882101405009165
9136,0.914,3,2,3,672262,4182,122258,3998,0.03312317830439741,0.4887530562347188
9137,0.9141,5,6,5,672268,4176,122263,3993,0.03307565581041693,0.48879911861917
9138,0.9142,5,5,5,672273,4171,122268,3988,0.03303605373209986,0.48878539036646645
9139,0.9143,5,6,5,672279,4165,122273,3983,0.03298853123811938,0.4888316151202749
9140,0.9144,5,10,5,672289,4155,122278,3978,0.03290932708148524,0.48911840649206934
9141,0.9145,10,13,10,672302,4142,122288,3968,0.03280636167786086,0.48927250308261405
9142,0.9146,5,7,5,672309,4135,122293,3963,0.03275091876821696,0.48938009385033343
9143,0.9147,3,5,3,672314,4130,122296,3960,0.032711316689899884,0.4894932014833127
9144,0.9148,6,4,6,672318,4126,122302,3954,0.03267963502724623,0.48935643564356435
9145,0.9149,10,11,10,672329,4115,122312,3944,0.032592510454948674,0.4893907432683956
9146,0.915,7,12,7,672341,4103,122319,3937,0.03249746546698771,0.4896766169154229
9147,0.9151,6,10,6,672351,4093,122325,3931,0.032418261310353566,0.48990528414755735
9148,0.9152,3,7,3,672358,4086,122328,3928,0.03236281840070967,0.49014225106064385
9149,0.9153,2,17,2,672375,4069,122330,3926,0.03222817133443163,0.49105691056910566
9150,0.9154,6,9,6,672384,4060,122336,3920,0.03215688759346091,0.49122807017543857
9151,0.9155,5,10,5,672394,4050,122341,3915,0.032077683436826765,0.4915254237288136
9152,0.9156,9,9,9,672403,4041,122350,3906,0.03200639969585604,0.49150622876557193
9153,0.9157,7,13,7,672416,4028,122357,3899,0.03190343429223166,0.491863252176107
9154,0.9158,4,5,4,672421,4023,122361,3895,0.03186383221391459,0.49191715079565546
9155,0.9159,5,9,5,672430,4014,122366,3890,0.03179254847294386,0.49215587044534415
9156,0.916,15,14,15,672444,4000,122381,3875,0.031681662653656066,0.49206349206349204
9157,0.9161,0,11,0,672455,3989,122381,3875,0.03159453808135851,0.49275178026449645
9158,0.9162,12,11,12,672466,3978,122393,3863,0.03150741350906096,0.4926667516898355
9159,0.9163,4,7,4,672473,3971,122397,3859,0.03145197059941706,0.4928480204342273
9160,0.9164,12,9,12,672482,3962,122409,3847,0.03138068685844633,0.49263670124215647
9161,0.9165,5,6,5,672488,3956,122414,3842,0.03133316436446585,0.49269043344447294
9162,0.9166,2,5,2,672493,3951,122416,3840,0.031293562286148775,0.4928763958413554
9163,0.9167,6,8,6,672501,3943,122422,3834,0.031230198960841466,0.49299215635849297
9164,0.9168,3,5,3,672506,3938,122425,3831,0.031190596882524395,0.4931136568412923
9165,0.9169,1,6,1,672512,3932,122426,3830,0.031143074388543912,0.4934295284720433
9166,0.917,3,3,3,672515,3929,122429,3827,0.031119313141553667,0.4934244455905106
9167,0.9171,4,14,4,672529,3915,122433,3823,0.031008427322265872,0.4940553114499871
9168,0.9172,5,9,5,672538,3906,122438,3818,0.030937143581295148,0.49430346970481615
9169,0.9173,7,8,7,672546,3898,122445,3811,0.030873780255987835,0.4943572447788299
9170,0.9174,10,12,10,672558,3886,122455,3801,0.030778735268026866,0.49447118511773125
9171,0.9175,8,10,8,672568,3876,122463,3793,0.030699531111392727,0.4945886034685096
9172,0.9176,9,11,9,672579,3865,122472,3784,0.030612406539095173,0.4947051902209439
9173,0.9177,13,10,13,672589,3855,122485,3771,0.03053320238246103,0.494492525570417
9174,0.9178,4,3,4,672592,3852,122489,3767,0.03050944113547079,0.49442184013650087
9175,0.9179,7,9,7,672601,3843,122496,3760,0.030438157394500065,0.4945416283046166
9176,0.918,8,9,8,672610,3834,122504,3752,0.030366873653529337,0.4945953071447403
9177,0.9181,12,9,12,672619,3825,122516,3740,0.03029558991255861,0.4943820224719101
9178,0.9182,5,5,5,672624,3820,122521,3735,0.030255987834241542,0.4943745863666446
9179,0.9183,15,10,15,672634,3810,122536,3720,0.0301767836776074,0.4940239043824701
9180,0.9184,3,4,3,672638,3806,122539,3717,0.030145102014953743,0.49408480659311443
9181,0.9185,2,6,2,672644,3800,122541,3715,0.03009757952097326,0.49434464404524286
9182,0.9186,6,10,6,672654,3790,122547,3709,0.03001837536433912,0.4945992799039872
9183,0.9187,4,5,4,672659,3785,122551,3705,0.02997877328602205,0.4946595460614152
9184,0.9188,12,11,12,672670,3774,122563,3693,0.029891648713724496,0.49457613499397346
9185,0.9189,4,13,4,672683,3761,122567,3689,0.029788683310100116,0.49516778523489935
9186,0.919,12,8,12,672691,3753,122579,3677,0.029725319984792803,0.494885598923284
9187,0.9191,5,3,5,672694,3750,122584,3672,0.02970155873780256,0.49474535165723527
9188,0.9192,10,9,10,672703,3741,122594,3662,0.029630274996831834,0.49466432527353776
9189,0.9193,5,14,5,672717,3727,122599,3657,0.02951938917754404,0.4952600216684724
9190,0.9194,8,9,8,672726,3718,122607,3649,0.02944810543657331,0.4953169539839826
9191,0.9195,3,4,3,672730,3714,122610,3646,0.029416423773919655,0.4953804347826087
9192,0.9196,3,9,3,672739,3705,122613,3643,0.02934514003294893,0.4957811649428416
9193,0.9197,4,1,4,672740,3704,122617,3639,0.029337219617285516,0.4955740160697263
9194,0.9198,4,7,4,672747,3697,122621,3635,0.029281776707641618,0.495771958537916
9195,0.9199,11,5,11,672752,3692,122632,3624,0.029242174629324547,0.4953526517222526
9196,0.92,21,20,21,672772,3672,122653,3603,0.029083766316056265,0.4952577319587629
9197,0.9201,7,8,7,672780,3664,122660,3596,0.029020402990748956,0.4953168044077135
9198,0.9202,2,10,2,672790,3654,122662,3594,0.028941198834114813,0.4958609271523179
9199,0.9203,5,5,5,672795,3649,122667,3589,0.028901596755797745,0.49585520862116605
9200,0.9204,4,10,4,672805,3639,122671,3585,0.028822392599163603,0.4962624584717608
9201,0.9205,6,6,6,672811,3633,122677,3579,0.02877487010518312,0.49625623960066556
9202,0.9206,2,1,2,672812,3632,122679,3577,0.028766949689519705,0.4961853239006797
9203,0.9207,5,2,5,672814,3630,122684,3572,0.02875110885819288,0.4959733407386837
9204,0.9208,14,15,14,672829,3615,122698,3558,0.02863230262324167,0.4960267670430782
9205,0.9209,8,4,8,672833,3611,122706,3550,0.028600620960588012,0.4957408183214635
9206,0.921,7,7,7,672840,3604,122713,3543,0.028545178050944114,0.49573247516440466
9207,0.9211,14,6,14,672846,3598,122727,3529,0.028497655556963628,0.49515925354286516
9208,0.9212,2,9,2,672855,3589,122729,3527,0.028426371815992904,0.4956436200112423
9209,0.9213,4,3,4,672858,3586,122733,3523,0.028402610569002663,0.49556899704599805
9210,0.9214,2,2,2,672860,3584,122735,3521,0.028386769737675833,0.49556650246305417
9211,0.9215,5,4,5,672864,3580,122740,3516,0.028355088075022176,0.4954904171364149
9212,0.9216,7,5,7,672869,3575,122747,3509,0.02831548599670511,0.4953416149068323
9213,0.9217,7,4,7,672873,3571,122754,3502,0.028283804334051452,0.495122296055422
9214,0.9218,12,18,12,672891,3553,122766,3490,0.028141236852109997,0.4955274740877467
9215,0.9219,7,5,7,672896,3548,122773,3483,0.02810163477379293,0.49537761342625514
9216,0.922,2,11,2,672907,3537,122775,3481,0.028014510201495375,0.49601025933314336
9217,0.9221,0,7,0,672914,3530,122775,3481,0.027959067291851478,0.49650549137070316
9218,0.9222,4,11,4,672925,3519,122779,3477,0.027871942719553924,0.49699828473413377
9219,0.9223,6,13,6,672938,3506,122785,3471,0.02776897731592954,0.4974917586355167
9220,0.9224,5,8,5,672946,3498,122790,3466,0.027705613990622227,0.49770246984491673
9221,0.9225,17,6,17,672952,3492,122807,3449,0.027658091496641744,0.4969024636219565
9222,0.9226,4,5,4,672957,3487,122811,3445,0.027618489418324673,0.4969705712637046
9223,0.9227,3,5,3,672962,3482,122814,3442,0.027578887340007605,0.4971114962449451
9224,0.9228,2,6,2,672968,3476,122816,3440,0.02753136484602712,0.4973973395026027
9225,0.9229,4,5,4,672973,3471,122820,3436,0.027491762767710048,0.49746633849717675
9226,0.923,3,5,3,672978,3466,122823,3433,0.02745216068939298,0.4976083490360922
9227,0.9231,5,6,5,672984,3460,122828,3428,0.027404638195412494,0.49767711962833916
9228,0.9232,2,2,2,672986,3458,122830,3426,0.027388797364085667,0.4976757699012202
9229,0.9233,13,14,13,673000,3444,122843,3413,0.027277911544797872,0.49773953624033834
9230,0.9234,5,5,5,673005,3439,122848,3408,0.0272383094664808,0.4977362348473784
9231,0.9235,5,10,5,673015,3429,122853,3403,0.02715910530984666,0.49809718969555034
9232,0.9236,3,3,3,673018,3426,122856,3400,0.02713534406285642,0.4980955171403457
9233,0.9237,7,5,7,673023,3421,122863,3393,0.02709574198453935,0.4979454065159965
9234,0.9238,6,8,6,673031,3413,122869,3387,0.027032378659232036,0.49808823529411766
9235,0.9239,6,5,6,673036,3408,122875,3381,0.026992776580914965,0.4980114891736633
9236,0.924,4,11,4,673047,3397,122879,3377,0.02690565200861741,0.49852376734573367
9237,0.9241,9,12,9,673059,3385,122888,3368,0.026810607020656445,0.4987413001628906
9238,0.9242,9,9,9,673068,3376,122897,3359,0.026739323279685718,0.49873793615441725
9239,0.9243,7,8,7,673076,3368,122904,3352,0.026675959954378405,0.4988095238095238
9240,0.9244,12,11,12,673087,3357,122916,3340,0.02658883538208085,0.4987307749738689
9241,0.9245,3,7,3,673094,3350,122919,3337,0.026533392472436954,0.4990279647076417
9242,0.9246,0,1,0,673095,3349,122919,3337,0.02652547205677354,0.4991026024528866
9243,0.9247,4,9,4,673104,3340,122923,3333,0.026454188315802814,0.4994754982766372
9244,0.9248,10,6,10,673110,3334,122933,3323,0.026406665821822328,0.4991738020129187
9245,0.9249,8,4,8,673114,3330,122941,3315,0.026374984159168672,0.49887133182844245
9246,0.925,8,10,8,673124,3320,122949,3307,0.026295780002534533,0.4990191640259544
9247,0.9251,12,11,12,673135,3309,122961,3295,0.02620865543023698,0.49894003634161116
9248,0.9252,5,9,5,673144,3300,122966,3290,0.02613737168926625,0.4992412746585736
9249,0.9253,7,7,7,673151,3293,122973,3283,0.026081928779622354,0.4992396593673966
9250,0.9254,6,4,6,673155,3289,122979,3277,0.026050247116968697,0.499086201644837
9251,0.9255,5,8,5,673163,3281,122984,3272,0.025986883791661388,0.4993132916221578
9252,0.9256,12,8,12,673171,3273,122996,3260,0.025923520466354075,0.49900505127812644
9253,0.9257,7,6,7,673177,3267,123003,3253,0.02587599797237359,0.49892638036809817
9254,0.9258,8,9,8,673186,3258,123011,3245,0.025804714231402865,0.49900046132554204
9255,0.9259,5,3,5,673189,3255,123016,3240,0.025780952984412624,0.49884526558891457
9256,0.926,2,6,2,673195,3249,123018,3238,0.025733430490432137,0.49915215045475564
9257,0.9261,4,7,4,673202,3242,123022,3234,0.02567798758078824,0.4993823347745522
9258,0.9262,0,5,0,673207,3237,123022,3234,0.02563838550247117,0.4997681965693092
9259,0.9263,5,11,5,673218,3226,123027,3229,0.025551260930173614,0.5002323780015492
9260,0.9264,1,2,1,673220,3224,123028,3228,0.025535420098846788,0.5003099814011159
9261,0.9265,7,8,7,673228,3216,123035,3221,0.025472056773539475,0.5003883796799752
9262,0.9266,5,12,5,673240,3204,123040,3216,0.025377011785578506,0.5009345794392523
9263,0.9267,6,13,6,673253,3191,123046,3210,0.025274046381954126,0.5014841431026402
9264,0.9268,9,11,9,673264,3180,123055,3201,0.025186921809656572,0.5016455101081335
9265,0.9269,10,9,10,673273,3171,123065,3191,0.025115638068685844,0.5015718327569947
9266,0.927,8,9,8,673282,3162,123073,3183,0.025044354327715117,0.5016548463356973
9267,0.9271,5,9,5,673291,3153,123078,3178,0.024973070586744393,0.5019744116253356
9268,0.9272,8,14,8,673305,3139,123086,3170,0.024862184767456597,0.5024568077349818
9269,0.9273,7,8,7,673313,3131,123093,3163,0.024798821442149285,0.5025421035907213
9270,0.9274,3,10,3,673323,3121,123096,3160,0.024719617285515146,0.5031046011781564
9271,0.9275,11,7,11,673330,3114,123107,3149,0.024664174375871244,0.5027941880887753
9272,0.9276,2,5,2,673335,3109,123109,3147,0.024624572297554177,0.503037084398977
9273,0.9277,9,8,9,673343,3101,123118,3138,0.024561208972246864,0.5029652187850617
9274,0.9278,7,8,7,673351,3093,123125,3131,0.02449784564693955,0.5030526992287918
9275,0.9279,7,10,7,673361,3083,123132,3124,0.024418641490305412,0.503302722732399
9276,0.928,8,6,8,673367,3077,123140,3116,0.024371118996324926,0.5031487162925884
9277,0.9281,2,6,2,673373,3071,123142,3114,0.024323596502344443,0.5034761519805983
9278,0.9282,5,5,5,673378,3066,123147,3109,0.024283994424027372,0.5034817813765182
9279,0.9283,10,9,10,673387,3057,123157,3099,0.024212710683056648,0.503411306042885
9280,0.9284,2,1,2,673388,3056,123159,3097,0.024204790267393233,0.5033317081098652
9281,0.9285,7,15,7,673403,3041,123166,3090,0.024085984032442023,0.5039960854672974
9282,0.9286,8,11,8,673414,3030,123174,3082,0.02399885946014447,0.5042539267015707
9283,0.9287,4,2,4,673416,3028,123178,3078,0.02398301862881764,0.5040943334425155
9284,0.9288,7,8,7,673424,3020,123185,3071,0.02391965530351033,0.5041865046790346
9285,0.9289,11,8,11,673432,3012,123196,3060,0.023856291978203017,0.5039525691699605
9286,0.929,0,1,0,673433,3011,123196,3060,0.023848371562539602,0.5040355789820458
9287,0.9291,5,4,5,673437,3007,123201,3055,0.023816689899885946,0.5039590894094358
9288,0.9292,3,17,3,673454,2990,123204,3052,0.02368204283360791,0.505130751406819
9289,0.9293,9,8,9,673462,2982,123213,3043,0.023618679508300596,0.5050622406639004
9290,0.9294,11,19,11,673481,2963,123224,3032,0.02346819161069573,0.5057547956630526
9291,0.9295,8,12,8,673493,2951,123232,3024,0.02337314662273476,0.5061087866108787
9292,0.9296,4,8,4,673501,2943,123236,3020,0.023309783297427448,0.50645648163676
9293,0.9297,7,5,7,673506,2938,123243,3013,0.02327018121911038,0.5063014619391699
9294,0.9298,8,5,8,673511,2933,123251,3005,0.02323057914079331,0.5060626473560121
9295,0.9299,2,7,2,673518,2926,123253,3003,0.02317513623114941,0.5064935064935064
9296,0.93,6,8,6,673526,2918,123259,2997,0.0231117729058421,0.5066779374471683
9297,0.9301,9,12,9,673538,2906,123268,2988,0.02301672791788113,0.506956226671191
9298,0.9302,3,6,3,673544,2900,123271,2985,0.022969205423900647,0.5072217502124045
9299,0.9303,5,3,5,673547,2897,123276,2980,0.022945444176910405,0.5070614258975668
9300,0.9304,3,4,3,673551,2893,123279,2977,0.02291376251425675,0.5071550255536627
9301,0.9305,4,2,4,673553,2891,123283,2973,0.02289792168292992,0.5069918144611187
9302,0.9306,4,15,4,673568,2876,123287,2969,0.02277911544797871,0.5079555175363558
9303,0.9307,4,7,4,673575,2869,123291,2965,0.02272367253833481,0.5082276311278711
9304,0.9308,10,7,10,673582,2862,123301,2955,0.022668229628690913,0.5079938112429088
9305,0.9309,2,6,2,673588,2856,123303,2953,0.02262070713471043,0.5083491134446548
9306,0.931,5,8,5,673596,2848,123308,2948,0.022557343809403118,0.5086266390614217
9307,0.9311,4,11,4,673607,2837,123312,2944,0.022470219237105564,0.5092544542466702
9308,0.9312,2,3,2,673610,2834,123314,2942,0.022446457990115323,0.5093490304709142
9309,0.9313,3,6,3,673616,2828,123317,2939,0.022398935496134836,0.5096237211721866
9310,0.9314,10,11,10,673627,2817,123327,2929,0.022311810923837282,0.5097459101983989
9311,0.9315,10,10,10,673637,2807,123337,2919,0.022232606767203143,0.5097799511002445
9312,0.9316,5,6,5,673643,2801,123342,2914,0.022185084273222657,0.5098862642169729
9313,0.9317,9,9,9,673652,2792,123351,2905,0.022113800532251933,0.5099175004388274
9314,0.9318,2,8,2,673660,2784,123353,2903,0.02205043720694462,0.5104624582380869
9315,0.9319,0,4,0,673664,2780,123353,2903,0.022018755544290964,0.5108217490761922
9316,0.932,3,6,3,673670,2774,123356,2900,0.02197123305031048,0.5111032781106803
9317,0.9321,9,7,9,673677,2767,123365,2891,0.021915790140666584,0.5109579356663132
9318,0.9322,10,3,10,673680,2764,123375,2881,0.02189202889367634,0.5103631532329496
9319,0.9323,3,9,3,673689,2755,123378,2878,0.021820745152705615,0.5109178057873247
9320,0.9324,5,7,5,673696,2748,123383,2873,0.021765302243061717,0.511119017968333
9321,0.9325,8,13,8,673709,2735,123391,2865,0.021662336839437333,0.5116071428571428
9322,0.9326,1,1,1,673710,2734,123392,2864,0.021654416423773918,0.511611289746338
9323,0.9327,6,6,6,673716,2728,123398,2858,0.021606893929793435,0.5116362334407447
9324,0.9328,8,14,8,673730,2714,123406,2850,0.02149600811050564,0.5122214234363767
9325,0.9329,2,11,2,673741,2703,123408,2848,0.021408883538208086,0.5130607097820212
9326,0.933,8,9,8,673750,2694,123416,2840,0.021337599797237358,0.5131911817853271
9327,0.9331,4,6,4,673756,2688,123420,2836,0.021290077303256875,0.5133960897900073
9328,0.9332,6,7,6,673763,2681,123426,2830,0.021234634393612978,0.5135184177100345
9329,0.9333,11,7,11,673770,2674,123437,2819,0.02117919148396908,0.5131986164208994
9330,0.9334,4,4,4,673774,2670,123441,2815,0.021147509821315424,0.5132178669097539
9331,0.9335,2,11,2,673785,2659,123443,2813,0.02106038524901787,0.5140716374269005
9332,0.9336,3,4,3,673789,2655,123446,2810,0.021028703586364213,0.5141811527904849
9333,0.9337,5,5,5,673794,2650,123451,2805,0.020989101508047142,0.5142071494042163
9334,0.9338,6,14,6,673808,2636,123457,2799,0.020878215688759347,0.5149954001839926
9335,0.9339,3,6,3,673814,2630,123460,2796,0.02083069319477886,0.5152967194987099
9336,0.934,9,10,9,673824,2620,123469,2787,0.02075148903814472,0.5154429443314222
9337,0.9341,8,2,8,673826,2618,123477,2779,0.020735648206817895,0.5149156939040207
9338,0.9342,4,5,4,673831,2613,123481,2775,0.020696046128500824,0.515033407572383
9339,0.9343,1,11,1,673842,2602,123482,2774,0.02060892155620327,0.5159970238095238
9340,0.9344,4,9,4,673851,2593,123486,2770,0.020537637815232542,0.516501957859407
9341,0.9345,1,3,1,673854,2590,123487,2769,0.0205138765682423,0.5167008770292965
9342,0.9346,6,4,6,673858,2586,123493,2763,0.020482194905588644,0.5165451486259114
9343,0.9347,6,13,6,673871,2573,123499,2757,0.020379229501964264,0.5172607879924953
9344,0.9348,4,4,4,673875,2569,123503,2753,0.020347547839310608,0.5172867343104096
9345,0.9349,8,5,8,673880,2564,123511,2745,0.020307945760993536,0.5170465247692597
9346,0.935,10,7,10,673887,2557,123521,2735,0.02025250285134964,0.5168178382464097
9347,0.9351,10,15,10,673902,2542,123531,2725,0.02013369661639843,0.5173723182077083
9348,0.9352,5,4,5,673906,2538,123536,2720,0.020102014953744772,0.5173069608216052
9349,0.9353,10,2,10,673908,2536,123546,2710,0.020086174122417946,0.5165840640487991
9350,0.9354,3,4,3,673912,2532,123549,2707,0.02005449245976429,0.5167016606222562
9351,0.9355,3,5,3,673917,2527,123552,2704,0.020014890381447218,0.5169183712483273
9352,0.9356,3,6,3,673923,2521,123555,2701,0.019967367887466735,0.5172347759479127
9353,0.9357,8,14,8,673937,2507,123563,2693,0.019856482068178936,0.5178846153846154
9354,0.9358,2,6,2,673943,2501,123565,2691,0.019808959574198454,0.5182973805855162
9355,0.9359,4,4,4,673947,2497,123569,2687,0.019777277911544797,0.5183256172839507
9356,0.936,7,9,7,673956,2488,123576,2680,0.019705994170574073,0.5185758513931888
9357,0.9361,7,8,7,673964,2480,123583,2673,0.01964263084526676,0.5187269551717446
9358,0.9362,7,6,7,673970,2474,123590,2666,0.019595108351286274,0.5186770428015565
9359,0.9363,7,2,7,673972,2472,123597,2659,0.019579267519959448,0.5182225687000585
9360,0.9364,1,5,1,673977,2467,123598,2658,0.019539665441642377,0.5186341463414634
9361,0.9365,2,3,2,673980,2464,123600,2656,0.019515904194652135,0.51875
9362,0.9366,2,6,2,673986,2458,123602,2654,0.019468381700671653,0.519170579029734
9363,0.9367,11,13,11,673999,2445,123613,2643,0.01936541629704727,0.5194575471698113
9364,0.9368,13,8,13,674007,2437,123626,2630,0.019302052971739956,0.5190447996842313
9365,0.9369,2,3,2,674010,2434,123628,2628,0.019278291724749715,0.5191623864085342
9366,0.937,5,5,5,674015,2429,123633,2623,0.019238689646432643,0.519200316706255
9367,0.9371,17,14,17,674029,2415,123650,2606,0.019127803827144848,0.5190201155148377
9368,0.9372,5,5,5,674034,2410,123655,2601,0.01908820174882778,0.5190580722410697
9369,0.9373,4,10,4,674044,2400,123659,2597,0.019008997592193638,0.5197118270962577
9370,0.9374,6,4,6,674048,2396,123665,2591,0.01897731592953998,0.5195508321636254
9371,0.9375,4,6,4,674054,2390,123669,2587,0.0189297934355595,0.5197910387783805
9372,0.9376,7,4,7,674058,2386,123676,2580,0.018898111772905842,0.5195328231977446
9373,0.9377,3,8,3,674066,2378,123679,2577,0.01883474844759853,0.5200807265388496
9374,0.9378,1,7,1,674073,2371,123680,2576,0.018779305537954632,0.5207196280574086
9375,0.9379,2,4,2,674077,2367,123682,2574,0.018747623875300976,0.5209471766848816
9376,0.938,1,3,1,674080,2364,123683,2573,0.018723862628310734,0.5211667004253595
9377,0.9381,7,6,7,674086,2358,123690,2566,0.018676340134330248,0.5211210398050365
9378,0.9382,9,7,9,674093,2351,123699,2557,0.01862089722468635,0.5209861450692747
9379,0.9383,10,10,10,674103,2341,123709,2547,0.01854169306805221,0.5210720130932897
9380,0.9384,8,6,8,674109,2335,123717,2539,0.01849417057407173,0.520927369716865
9381,0.9385,5,2,5,674111,2333,123722,2534,0.0184783297427449,0.5206492705979042
9382,0.9386,15,11,15,674122,2322,123737,2519,0.018391205170447344,0.520347035736418
9383,0.9387,0,6,0,674128,2316,123737,2519,0.018343682676466862,0.5209927611168562
9384,0.9388,2,3,2,674131,2313,123739,2517,0.01831992142947662,0.5211180124223602
9385,0.9389,1,4,1,674135,2309,123740,2516,0.018288239766822964,0.5214507772020726
9386,0.939,4,7,4,674142,2302,123744,2512,0.018232796857179066,0.5218113834648941
9387,0.9391,3,3,3,674145,2299,123747,2509,0.01820903561018882,0.5218386023294509
9388,0.9392,4,4,4,674149,2295,123751,2505,0.018177353947535165,0.521875
9389,0.9393,11,10,11,674159,2285,123762,2494,0.018098149790901026,0.5218664992676292
9390,0.9394,7,5,7,674164,2280,123769,2487,0.018058547712583955,0.5217117684078036
9391,0.9395,5,4,5,674168,2276,123774,2482,0.018026866049930302,0.5216477511559479
9392,0.9396,3,6,3,674174,2270,123777,2479,0.017979343555949816,0.5220046325542219
9393,0.9397,7,2,7,674176,2268,123784,2472,0.01796350272462299,0.5215189873417722
9394,0.9398,8,8,8,674184,2260,123792,2464,0.017900139399315677,0.5215918712955123
9395,0.9399,3,7,3,674191,2253,123795,2461,0.01784469648967178,0.5220619431480695
9396,0.94,14,16,14,674207,2237,123809,2447,0.017717969839057154,0.5224167378309138
9397,0.9401,3,6,3,674213,2231,123812,2444,0.01767044734507667,0.5227807486631016
9398,0.9402,8,12,8,674225,2219,123820,2436,0.017575402357115702,0.5233082706766917
9399,0.9403,4,6,4,674231,2213,123824,2432,0.017527879863135216,0.5235737351991389
9400,0.9404,5,5,5,674236,2208,123829,2427,0.017488277784818148,0.5236245954692557
9401,0.9405,9,2,9,674238,2206,123838,2418,0.017472436953491318,0.5229238754325259
9402,0.9406,1,2,1,674240,2204,123839,2417,0.01745659612216449,0.5230469595325687
9403,0.9407,10,10,10,674250,2194,123849,2407,0.017377391965530353,0.5231471419256684
9404,0.9408,5,18,5,674268,2176,123854,2402,0.017234824483588897,0.5246832678025338
9405,0.9409,9,7,9,674275,2169,123863,2393,0.017179381573945,0.5245506356861026
9406,0.941,8,10,8,674285,2159,123871,2385,0.01710017741731086,0.5248679577464789
9407,0.9411,4,1,4,674286,2158,123875,2381,0.017092257001647446,0.5245648821326283
9408,0.9412,2,0,2,674286,2158,123877,2379,0.017092257001647446,0.5243553008595988
9409,0.9413,4,4,4,674290,2154,123881,2375,0.01706057533899379,0.5243983219253698
9410,0.9414,1,2,1,674292,2152,123882,2374,0.017044734507666963,0.5245249668581529
9411,0.9415,9,8,9,674300,2144,123891,2365,0.01698137118235965,0.5245065424706143
9412,0.9416,5,7,5,674307,2137,123896,2360,0.016925928272715753,0.5247943073159884
9413,0.9417,7,2,7,674309,2135,123903,2353,0.016910087441388923,0.5242869875222816
9414,0.9418,1,5,1,674314,2130,123904,2352,0.016870485363071855,0.5247657295850067
9415,0.9419,10,8,10,674322,2122,123914,2342,0.016807122037764542,0.524641577060932
9416,0.942,12,18,12,674340,2104,123926,2330,0.01666455455582309,0.5254848894903023
9417,0.9421,12,8,12,674348,2096,123938,2318,0.016601191230515778,0.5251472587222474
9418,0.9422,6,6,6,674354,2090,123944,2312,0.01655366873653529,0.5252158109950023
9419,0.9423,11,1,11,674355,2089,123955,2301,0.01654574832087188,0.5241457858769931
9420,0.9424,7,7,7,674362,2082,123962,2294,0.016490305411227982,0.5242230347349177
9421,0.9425,3,4,3,674366,2078,123965,2291,0.016458623748574326,0.5243762874799726
9422,0.9426,6,6,6,674372,2072,123971,2285,0.01641110125459384,0.5244434243745697
9423,0.9427,9,4,9,674376,2068,123980,2276,0.016379419591940184,0.5239410681399632
9424,0.9428,2,8,2,674384,2060,123982,2274,0.016316056266632874,0.524688509460083
9425,0.9429,5,0,5,674384,2060,123987,2269,0.016316056266632874,0.5241395241395241
9426,0.943,6,1,6,674385,2059,123993,2263,0.01630813585096946,0.523600185099491
9427,0.9431,3,5,3,674390,2054,123996,2260,0.016268533772652388,0.5238757533611498
9428,0.9432,14,14,14,674404,2040,124010,2246,0.016157647953364593,0.5240317312179188
9429,0.9433,6,1,6,674405,2039,124016,2240,0.016149727537701178,0.5234867959803693
9430,0.9434,4,8,4,674413,2031,124020,2236,0.016086364212393865,0.5240215608155613
9431,0.9435,7,8,7,674421,2023,124027,2229,0.016023000887086553,0.5242238946378175
9432,0.9436,2,7,2,674428,2016,124029,2227,0.015967557977442655,0.524864482677351
9433,0.9437,5,7,5,674435,2009,124034,2222,0.015912115067798757,0.525171354289766
9434,0.9438,7,2,7,674437,2007,124041,2215,0.01589627423647193,0.5246328754144955
9435,0.9439,11,9,11,674446,1998,124052,2204,0.015824990495501203,0.5245121370775822
9436,0.944,5,7,5,674453,1991,124057,2199,0.015769547585857305,0.5248210023866349
9437,0.9441,8,8,8,674461,1983,124065,2191,0.015706184260549993,0.5249161475802587
9438,0.9442,6,10,6,674471,1973,124071,2185,0.015626980103915854,0.5254930254930255
9439,0.9443,2,1,2,674472,1972,124073,2183,0.015619059688252439,0.5253910950661853
9440,0.9444,8,5,8,674477,1967,124081,2175,0.01557945760993537,0.5251086431675519
9441,0.9445,5,4,5,674481,1963,124086,2170,0.015547775947281713,0.5250423421243648
9442,0.9446,7,3,7,674484,1960,124093,2163,0.015524014700291472,0.5246179966044142
9443,0.9447,0,1,0,674485,1959,124093,2163,0.015516094284628057,0.524745269286754
9444,0.9448,6,4,6,674489,1955,124099,2157,0.015484412621974402,0.5245622568093385
9445,0.9449,3,1,3,674490,1954,124102,2154,0.015476492206310987,0.5243427458617332
9446,0.945,15,9,15,674499,1945,124117,2139,0.015405208465340261,0.5237512242899118
9447,0.9451,3,2,3,674501,1943,124120,2136,0.015389367634013433,0.5236577592547192
9448,0.9452,7,6,7,674507,1937,124127,2129,0.015341845140032949,0.5236104279390064
9449,0.9453,2,8,2,674515,1929,124129,2127,0.015278481814725638,0.5244082840236687
9450,0.9454,10,4,10,674519,1925,124139,2117,0.015246800152071981,0.5237506185056903
9451,0.9455,7,7,7,674526,1918,124146,2110,0.015191357242428082,0.5238331678252235
9452,0.9456,3,8,3,674534,1910,124149,2107,0.015127993917120771,0.524520786656709
9453,0.9457,5,4,5,674538,1906,124154,2102,0.015096312254467115,0.5244510978043913
9454,0.9458,3,9,3,674547,1897,124157,2099,0.015025028513496389,0.5252752752752753
9455,0.9459,3,1,3,674548,1896,124160,2096,0.015017108097832974,0.5250501002004008
9456,0.946,7,8,7,674556,1888,124167,2089,0.014953744772525663,0.5252703042494342
9457,0.9461,6,8,6,674564,1880,124173,2083,0.01489038144721835,0.5256119101690638
9458,0.9462,6,10,6,674574,1870,124179,2077,0.01481117729058421,0.5262224474284266
9459,0.9463,5,5,5,674579,1865,124184,2072,0.01477157521226714,0.5262890525781052
9460,0.9464,0,4,0,674583,1861,124184,2072,0.014739893549613484,0.5268243071446733
9461,0.9465,7,4,7,674587,1857,124191,2065,0.014708211886959827,0.5265170831208567
9462,0.9466,4,1,4,674588,1856,124195,2061,0.014700291471296414,0.5261679857033444
9463,0.9467,7,8,7,674596,1848,124202,2054,0.014636928145989101,0.5263967196309585
9464,0.9468,1,4,1,674600,1844,124203,2053,0.014605246483335445,0.5268154991018732
9465,0.9469,11,7,11,674607,1837,124214,2042,0.014549803573691547,0.5264243361691158
9466,0.947,3,3,3,674610,1834,124217,2039,0.014526042326701306,0.5264652723986574
9467,0.9471,3,5,3,674615,1829,124220,2036,0.014486440248384235,0.5267787839586029
9468,0.9472,6,5,6,674620,1824,124226,2030,0.014446838170067165,0.5267254800207577
9469,0.9473,5,6,5,674626,1818,124231,2025,0.01439931567608668,0.5269320843091335
9470,0.9474,4,1,4,674627,1817,124235,2021,0.014391395260423268,0.5265763418447108
9471,0.9475,4,3,4,674630,1814,124239,2017,0.014367634013433024,0.5264943878882798
9472,0.9476,2,2,2,674632,1812,124241,2015,0.014351793182106196,0.5265220799581918
9473,0.9477,2,3,2,674635,1809,124243,2013,0.014328031935115955,0.5266875981161695
9474,0.9478,4,2,4,674637,1807,124247,2009,0.014312191103789127,0.5264675052410901
9475,0.9479,3,7,3,674644,1800,124250,2006,0.014256748194145229,0.5270625328428796
9476,0.948,3,1,3,674645,1799,124253,2003,0.014248827778481814,0.52682798527091
9477,0.9481,2,3,2,674648,1796,124255,2001,0.014225066531491573,0.5269949960495127
9478,0.9482,0,6,0,674654,1790,124255,2001,0.014177544037511088,0.5278290688472699
9479,0.9483,7,6,7,674660,1784,124262,1994,0.014130021543530604,0.5277924827951297
9480,0.9484,7,10,7,674670,1774,124269,1987,0.014050817386896465,0.5283169369848445
9481,0.9485,8,13,8,674683,1761,124277,1979,0.013947851983272083,0.529144385026738
9482,0.9486,9,6,9,674689,1755,124286,1970,0.013900329489291598,0.5288590604026846
9483,0.9487,4,7,4,674696,1748,124290,1966,0.0138448865796477,0.5293484114162628
9484,0.9488,3,4,3,674700,1744,124293,1963,0.013813204916994044,0.5295387105476126
9485,0.9489,0,2,0,674702,1742,124293,1963,0.013797364085667216,0.5298245614035088
9486,0.949,3,2,3,674704,1740,124296,1960,0.013781523254340388,0.5297297297297298
9487,0.9491,7,7,7,674711,1733,124303,1953,0.01372608034469649,0.5298426478567553
9488,0.9492,2,6,2,674717,1727,124305,1951,0.013678557850716005,0.5304513322457858
9489,0.9493,4,4,4,674721,1723,124309,1947,0.01364687618806235,0.5305177111716621
9490,0.9494,6,8,6,674729,1715,124315,1941,0.013583512862755037,0.5309080962800875
9491,0.9495,2,4,2,674733,1711,124317,1939,0.013551831200101382,0.5312328767123288
9492,0.9496,7,9,7,674742,1702,124324,1932,0.013480547459130654,0.5316455696202531
9493,0.9497,7,8,7,674750,1694,124331,1925,0.013417184133823343,0.5319148936170213
9494,0.9498,8,7,8,674757,1687,124339,1917,0.013361741224179446,0.5319089900110988
9495,0.9499,2,9,2,674766,1678,124341,1915,0.013290457483208718,0.532980795992207
9496,0.95,22,6,22,674772,1672,124363,1893,0.013242934989228235,0.5309957924263674
9497,0.9501,4,5,4,674777,1667,124367,1889,0.013203332910911164,0.531214848143982
9498,0.9502,4,3,4,674780,1664,124371,1885,0.013179571663920923,0.5311355311355311
9499,0.9503,2,3,2,674783,1661,124373,1883,0.013155810416930681,0.5313205417607223
9500,0.9504,2,5,2,674788,1656,124375,1881,0.01311620833861361,0.5318066157760815
9501,0.9505,6,9,6,674797,1647,124381,1875,0.013044924597642884,0.5323679727427598
9502,0.9506,8,6,8,674803,1641,124389,1867,0.0129974021036624,0.5322120866590649
9503,0.9507,5,2,5,674805,1639,124394,1862,0.012981561272335572,0.5318480434161668
9504,0.9508,4,5,4,674810,1634,124398,1858,0.012941959194018502,0.5320733104238259
9505,0.9509,9,6,9,674816,1628,124407,1849,0.012894436700038018,0.5317802703480011
9506,0.951,11,16,11,674832,1612,124418,1838,0.012767710049423394,0.5327536231884058
9507,0.9511,2,5,2,674837,1607,124420,1836,0.012728107971106324,0.533255881498693
9508,0.9512,5,7,5,674844,1600,124425,1831,0.012672665061462425,0.5336636549111047
9509,0.9513,4,3,4,674847,1597,124429,1827,0.012648903814472184,0.5335864485981309
9510,0.9514,4,7,4,674854,1590,124433,1823,0.012593460904828286,0.5341341927922648
9511,0.9515,4,2,4,674856,1588,124437,1819,0.012577620073501458,0.5339007924860582
9512,0.9516,4,8,4,674864,1580,124441,1815,0.012514256748194145,0.5346097201767305
9513,0.9517,14,14,14,674878,1566,124455,1801,0.01240337092890635,0.5348975348975349
9514,0.9518,7,4,7,674882,1562,124462,1794,0.012371689266252693,0.534564958283671
9515,0.9519,4,4,4,674886,1558,124466,1790,0.012340007603599037,0.534647550776583
9516,0.952,3,1,3,674887,1557,124469,1787,0.012332087187935622,0.53438995215311
9517,0.9521,2,8,2,674895,1549,124471,1785,0.012268723862628311,0.5353929214157168
9518,0.9522,7,2,7,674897,1547,124478,1778,0.012252883031301483,0.5347368421052632
9519,0.9523,3,10,3,674907,1537,124481,1775,0.012173678874667342,0.5359299516908212
9520,0.9524,4,1,4,674908,1536,124485,1771,0.012165758459003929,0.5355306924705171
9521,0.9525,10,7,10,674915,1529,124495,1761,0.01211031554936003,0.535258358662614
9522,0.9526,5,12,5,674927,1517,124500,1756,0.012015270561399062,0.5365108463183623
9523,0.9527,5,3,5,674930,1514,124505,1751,0.01199150931440882,0.5362940275650843
9524,0.9528,4,9,4,674939,1505,124509,1747,0.011920225573438093,0.5372078720787208
9525,0.9529,0,4,0,674943,1501,124509,1747,0.011888543910784437,0.5378694581280788
9526,0.953,8,9,8,674952,1492,124517,1739,0.011817260169813711,0.5382234602290312
9527,0.9531,11,4,11,674956,1488,124528,1728,0.011785578507160055,0.5373134328358209
9528,0.9532,3,3,3,674959,1485,124531,1725,0.011761817260169814,0.5373831775700935
9529,0.9533,2,3,2,674962,1482,124533,1723,0.011738056013179572,0.537597503900156
9530,0.9534,1,4,1,674966,1478,124534,1722,0.011706374350525916,0.538125
9531,0.9535,11,13,11,674979,1465,124545,1711,0.011603408946901534,0.538727959697733
9532,0.9536,7,10,7,674989,1455,124552,1704,0.011524204790267393,0.5394112060778727
9533,0.9537,9,9,9,674998,1446,124561,1695,0.011452921049296667,0.5396370582617
9534,0.9538,5,4,5,675002,1442,124566,1690,0.01142123938664301,0.5395913154533845
9535,0.9539,5,2,5,675004,1440,124571,1685,0.011405398555316183,0.5392
9536,0.954,4,2,4,675006,1438,124575,1681,0.011389557723989354,0.5389547932029497
9537,0.9542,6,5,6,675011,1433,124581,1675,0.011349955645672285,0.538931788931789
9538,0.9543,2,1,2,675012,1432,124583,1673,0.011342035230008872,0.5388083735909823
9539,0.9544,9,3,9,675015,1429,124592,1664,0.011318273983018629,0.5379890074361461
9540,0.9545,6,6,6,675021,1423,124598,1658,0.011270751489038144,0.5381369685167153
9541,0.9546,6,5,6,675026,1418,124604,1652,0.011231149410721075,0.5381107491856677
9542,0.9547,4,9,4,675035,1409,124608,1648,0.011159865669750349,0.5390906117108276
9543,0.9548,5,8,5,675043,1401,124613,1643,0.011096502344443036,0.5397503285151117
9544,0.9549,3,7,3,675050,1394,124616,1640,0.011041059434799138,0.5405405405405406
9545,0.955,7,5,7,675055,1389,124623,1633,0.011001457356482069,0.5403706154864328
9546,0.9551,1,4,1,675059,1385,124624,1632,0.010969775693828412,0.5409347033476963
9547,0.9552,8,1,8,675060,1384,124632,1624,0.010961855278164997,0.5398936170212766
9548,0.9553,2,6,2,675066,1378,124634,1622,0.010914332784184515,0.5406666666666666
9549,0.9554,10,5,10,675071,1373,124644,1612,0.010874730705867443,0.5400335008375209
9550,0.9555,4,6,4,675077,1367,124648,1608,0.010827208211886959,0.5405042016806723
9551,0.9556,3,2,3,675079,1365,124651,1605,0.010811367380560133,0.5404040404040404
9552,0.9557,14,13,14,675092,1352,124665,1591,0.01070840197693575,0.5406048250084947
9553,0.9558,8,9,8,675101,1343,124673,1583,0.010637118235965023,0.5410116199589884
9554,0.9559,1,1,1,675102,1342,124674,1582,0.01062919782030161,0.5410396716826266
9555,0.956,1,1,1,675103,1341,124675,1581,0.010621277404638195,0.5410677618069816
9556,0.9561,4,5,4,675108,1336,124679,1577,0.010581675326321125,0.5413662890490902
9557,0.9562,6,3,6,675111,1333,124685,1571,0.010557914079330884,0.5409779614325069
9558,0.9563,9,2,9,675113,1331,124694,1562,0.010542073248004056,0.5399239543726235
9559,0.9564,2,2,2,675115,1329,124696,1560,0.010526232416677227,0.5399792315680166
9560,0.9565,3,3,3,675118,1326,124699,1557,0.010502471169686986,0.5400624349635796
9561,0.9566,4,3,4,675121,1323,124703,1553,0.010478709922696743,0.5399860917941586
9562,0.9567,11,11,11,675132,1312,124714,1542,0.010391585350399189,0.5402943237561317
9563,0.9568,6,14,6,675146,1298,124720,1536,0.010280699531111393,0.5419901199717714
9564,0.9569,4,4,4,675150,1294,124724,1532,0.010249017868457737,0.5421089879688605
9565,0.957,1,3,1,675153,1291,124725,1531,0.010225256621467494,0.5425230333097094
9566,0.9571,3,6,3,675159,1285,124728,1528,0.010177734127487011,0.5431923213650907
9567,0.9572,2,7,2,675166,1278,124730,1526,0.010122291217843112,0.5442225392296719
9568,0.9573,1,4,1,675170,1274,124731,1525,0.010090609555189456,0.5448374419435512
9569,0.9574,1,0,1,675170,1274,124732,1524,0.010090609555189456,0.544674767691208
9570,0.9575,8,14,8,675184,1260,124740,1516,0.00997972373590166,0.5461095100864554
9571,0.9576,1,2,1,675186,1258,124741,1515,0.009963882904574832,0.5463397042913811
9572,0.9577,5,3,5,675189,1255,124746,1510,0.00994012165758459,0.546112115732369
9573,0.9578,1,1,1,675190,1254,124747,1509,0.009932201241921176,0.5461454940282302
9574,0.9579,4,6,4,675196,1248,124751,1505,0.009884678747940691,0.5466763530693789
9575,0.958,6,9,6,675205,1239,124757,1499,0.009813395006969965,0.5474799123447772
9576,0.9581,7,3,7,675208,1236,124764,1492,0.009789633759979724,0.5469208211143695
9577,0.9582,1,2,1,675210,1234,124765,1491,0.009773792928652896,0.5471559633027523
9578,0.9583,6,9,6,675219,1225,124771,1485,0.00970250918768217,0.5479704797047971
9579,0.9584,6,4,6,675223,1221,124777,1479,0.009670827525028514,0.5477777777777778
9580,0.9585,4,0,4,675223,1221,124781,1475,0.009670827525028514,0.547106824925816
9581,0.9586,3,2,3,675225,1219,124784,1472,0.009654986693701685,0.5470085470085471
9582,0.9587,9,5,9,675230,1214,124793,1463,0.009615384615384616,0.5465072842734404
9583,0.9588,10,6,10,675236,1208,124803,1453,0.009567862121404131,0.5460353250657648
9584,0.9589,3,6,3,675242,1202,124806,1450,0.009520339627423647,0.5467571644042232
9585,0.959,5,5,5,675247,1197,124811,1445,0.009480737549106577,0.5469341408024224
9586,0.9591,1,5,1,675252,1192,124812,1444,0.009441135470789508,0.5477996965098634
9587,0.9592,6,2,6,675254,1190,124818,1438,0.00942529463946268,0.5471841704718418
9588,0.9593,3,5,3,675259,1185,124821,1435,0.009385692561145608,0.5477099236641222
9589,0.9594,2,5,2,675264,1180,124823,1433,0.009346090482828539,0.5484117872177574
9590,0.9595,6,5,6,675269,1175,124829,1427,0.00930648840451147,0.5484242890084551
9591,0.9596,6,4,6,675273,1171,124835,1421,0.009274806741857813,0.5482253086419753
9592,0.9597,4,2,4,675275,1169,124839,1417,0.009258965910530985,0.5479505027068832
9593,0.9598,3,1,3,675276,1168,124842,1414,0.00925104549486757,0.5476374903175832
9594,0.9599,1,1,1,675277,1167,124843,1413,0.009243125079204157,0.5476744186046512
9595,0.96,15,17,15,675294,1150,124858,1398,0.009108478012926118,0.5486656200941915
9596,0.9601,4,5,4,675299,1145,124862,1394,0.009068875934609049,0.5490350531705396
9597,0.9602,1,4,1,675303,1141,124863,1393,0.009037194271955392,0.5497237569060773
9598,0.9603,6,3,6,675306,1138,124869,1387,0.009013433024965151,0.5493069306930694
9599,0.9604,2,8,2,675314,1130,124871,1385,0.008950069699657838,0.5506958250497018
9600,0.9605,4,4,4,675318,1126,124875,1381,0.008918388037004182,0.550857598723574
9601,0.9606,8,4,8,675322,1122,124883,1373,0.008886706374350526,0.5503006012024048
9602,0.9607,10,4,10,675326,1118,124893,1363,0.00885502471169687,0.5493752519145506
9603,0.9608,0,3,0,675329,1115,124893,1363,0.008831263464706628,0.5500403551251009
9604,0.9609,1,6,1,675335,1109,124894,1362,0.008783740970726144,0.5511938486442736
9605,0.961,5,3,5,675338,1106,124899,1357,0.008759979723735902,0.5509541209906618
9606,0.9611,2,0,2,675338,1106,124901,1355,0.008759979723735902,0.5505891913856156
9607,0.9612,6,6,6,675344,1100,124907,1349,0.008712457229755418,0.550837076357697
9608,0.9613,3,6,3,675350,1094,124910,1346,0.008664934735774933,0.5516393442622951
9609,0.9614,2,1,2,675351,1093,124912,1344,0.00865701432011152,0.5514977431267952
9610,0.9615,7,9,7,675360,1084,124919,1337,0.008585730579140794,0.5522511358942586
9611,0.9616,8,2,8,675362,1082,124927,1329,0.008569889747813966,0.5512235586893405
9612,0.9617,3,6,3,675368,1076,124930,1326,0.008522367253833481,0.5520399666944213
9613,0.9618,0,2,0,675370,1074,124930,1326,0.008506526422506653,0.5525
9614,0.9619,2,0,2,675370,1074,124932,1324,0.008506526422506653,0.5521267723102585
9615,0.962,2,3,2,675373,1071,124934,1322,0.008482765175516412,0.552444630171333
9616,0.9621,1,3,1,675376,1068,124935,1321,0.008459003928526169,0.5529510255336961
9617,0.9622,8,10,8,675386,1058,124943,1313,0.00837979977189203,0.5537747785744411
9618,0.9623,3,2,3,675388,1056,124946,1310,0.008363958940565202,0.5536770921386306
9619,0.9624,4,1,4,675389,1055,124950,1306,0.008356038524901787,0.5531554426090639
9620,0.9625,5,1,5,675390,1054,124955,1301,0.008348118109238373,0.5524416135881104
9621,0.9626,5,2,5,675392,1052,124960,1296,0.008332277277911545,0.5519591141396933
9622,0.9627,6,7,6,675399,1045,124966,1290,0.008276834368267646,0.5524625267665952
9623,0.9628,0,2,0,675401,1043,124966,1290,0.00826099353694082,0.5529361337333905
9624,0.9629,13,4,13,675405,1039,124979,1277,0.008229311874287163,0.5513816925734024
9625,0.963,5,6,5,675411,1033,124984,1272,0.008181789380306679,0.5518438177874186
9626,0.9631,1,0,1,675411,1033,124985,1271,0.008181789380306679,0.5516493055555556
9627,0.9632,7,4,7,675415,1029,124992,1264,0.008150107717653022,0.55124291321413
9628,0.9633,12,18,12,675433,1011,125004,1252,0.00800754023571157,0.55324790101635
9629,0.9634,2,4,2,675437,1007,125006,1250,0.007975858573057914,0.5538325210456359
9630,0.9635,7,2,7,675439,1005,125013,1243,0.007960017741731086,0.5529359430604982
9631,0.9636,4,8,4,675447,997,125017,1239,0.007896654416423773,0.5541144901610018
9632,0.9637,7,2,7,675449,995,125024,1232,0.007880813585096945,0.5532105972159856
9633,0.9638,2,11,2,675460,984,125026,1230,0.007793689012799392,0.5555555555555556
9634,0.9639,3,6,3,675466,978,125029,1227,0.007746166518818908,0.5564625850340136
9635,0.964,12,6,12,675472,972,125041,1215,0.007698644024838423,0.5555555555555556
9636,0.9641,0,5,0,675477,967,125041,1215,0.007659041946521354,0.5568285976168652
9637,0.9642,5,0,5,675477,967,125046,1210,0.007659041946521354,0.5558107487367937
9638,0.9643,0,4,0,675481,963,125046,1210,0.007627360283867697,0.5568338702254947
9639,0.9644,4,4,4,675485,959,125050,1206,0.007595678621214041,0.5570438799076213
9640,0.9645,1,3,1,675488,956,125051,1205,0.0075719173742238,0.5576122165664045
9641,0.9646,10,5,10,675493,951,125061,1195,0.007532315295906729,0.5568499534016775
9642,0.9647,4,5,4,675498,946,125065,1191,0.007492713217589659,0.557323350491343
9643,0.9648,2,3,2,675501,943,125067,1189,0.007468951970599417,0.5576923076923077
9644,0.9649,7,2,7,675503,941,125074,1182,0.007453111139272589,0.5567593028732926
9645,0.965,15,9,15,675512,932,125089,1167,0.0073818273983018625,0.55597903763697
9646,0.9651,1,2,1,675514,930,125090,1166,0.007365986566975035,0.5562977099236641
9647,0.9652,1,5,1,675519,925,125091,1165,0.007326384488657965,0.5574162679425837
9648,0.9653,2,1,2,675520,924,125093,1163,0.007318464072994551,0.5572592237661715
9649,0.9654,2,6,2,675526,918,125095,1161,0.007270941579014066,0.5584415584415584
9650,0.9655,2,4,2,675530,914,125097,1159,0.007239259916360411,0.5590931017848528
9651,0.9656,4,5,4,675535,909,125101,1155,0.00719965783804334,0.559593023255814
9652,0.9657,4,4,4,675539,905,125105,1151,0.007167976175389684,0.5598249027237354
9653,0.9658,3,3,3,675542,902,125108,1148,0.007144214928399443,0.56
9654,0.9659,1,1,1,675543,901,125109,1147,0.007136294512736029,0.56005859375
9655,0.966,3,6,3,675549,895,125112,1144,0.007088772018755544,0.5610593428151054
9656,0.9661,1,0,1,675549,895,125113,1143,0.007088772018755544,0.5608439646712463
9657,0.9662,3,4,3,675553,891,125116,1140,0.007057090356101888,0.5612998522895125
9658,0.9663,3,2,3,675555,889,125119,1137,0.0070412495247750605,0.5612043435340572
9659,0.9664,2,6,2,675561,883,125121,1135,0.006993727030794576,0.5624380574826561
9660,0.9665,5,5,5,675566,878,125126,1130,0.006954124952477506,0.5627490039840638
9661,0.9667,11,6,11,675572,872,125137,1119,0.006906602458497022,0.5620291310899046
9662,0.9668,3,0,3,675572,872,125140,1116,0.006906602458497022,0.5613682092555332
9663,0.9669,3,3,3,675575,869,125143,1113,0.00688284121150678,0.5615539858728557
9664,0.967,5,7,5,675582,862,125148,1108,0.006827398301862882,0.5624365482233502
9665,0.9671,4,2,4,675584,860,125152,1104,0.006811557470536054,0.5621181262729125
9666,0.9672,3,0,3,675584,860,125155,1101,0.006811557470536054,0.5614482406935237
9667,0.9673,4,2,4,675586,858,125159,1097,0.006795716639209226,0.5611253196930946
9668,0.9675,8,1,8,675587,857,125167,1089,0.006787796223545812,0.5596094552929085
9669,0.9676,4,0,4,675587,857,125171,1085,0.006787796223545812,0.55870236869207
9670,0.9677,3,1,3,675588,856,125174,1082,0.006779875807882398,0.5583075335397317
9671,0.9678,2,1,2,675589,855,125176,1080,0.0067719553922189835,0.5581395348837209
9672,0.9679,2,1,2,675590,854,125178,1078,0.006764034976555569,0.5579710144927537
9673,0.968,3,5,3,675595,849,125181,1075,0.0067244328982385,0.5587318087318087
9674,0.9681,2,0,2,675595,849,125183,1073,0.0067244328982385,0.5582726326742976
9675,0.9682,8,6,8,675601,843,125191,1065,0.006676910404258015,0.5581761006289309
9676,0.9683,3,8,3,675609,835,125194,1062,0.006613547078950704,0.5598313125988402
9677,0.9684,2,3,2,675612,832,125196,1060,0.006589785831960461,0.5602536997885835
9678,0.9685,1,5,1,675617,827,125197,1059,0.006550183753643391,0.5615058324496288
9679,0.9686,6,8,6,675625,819,125203,1053,0.006486820428336079,0.5625
9680,0.9687,10,2,10,675627,817,125213,1043,0.006470979597009251,0.560752688172043
9681,0.9688,9,9,9,675636,808,125222,1034,0.006399695856038525,0.5613463626492943
9682,0.9689,2,3,2,675639,805,125224,1032,0.006375934609048283,0.5617855198693522
9683,0.969,3,3,3,675642,802,125227,1029,0.006352173362058041,0.56198798470781
9684,0.9691,2,2,2,675644,800,125229,1027,0.0063363325307312125,0.5621237000547346
9685,0.9692,9,7,9,675651,793,125238,1018,0.006280889621087315,0.5621203754831585
9686,0.9693,3,1,3,675652,792,125241,1015,0.006272969205423901,0.5617044825677919
9687,0.9694,1,3,1,675655,789,125242,1014,0.0062492079584336585,0.562396006655574
9688,0.9695,2,3,2,675658,786,125244,1012,0.006225446711443416,0.5628476084538376
9689,0.9696,0,1,0,675659,785,125244,1012,0.006217526295780002,0.5631608235948804
9690,0.9697,4,8,4,675667,777,125248,1008,0.00615416297047269,0.5647058823529412
9691,0.9698,4,3,4,675670,774,125252,1004,0.006130401723482448,0.5646794150731158
9692,0.9699,1,2,1,675672,772,125253,1003,0.00611456089215562,0.5650704225352112
9693,0.97,36,18,36,675690,754,125289,967,0.005971993410214168,0.5618826263800116
9694,0.9701,5,1,5,675691,753,125294,962,0.005964072994550754,0.560932944606414
9695,0.9702,2,4,2,675695,749,125296,960,0.005932391331897098,0.56173200702165
9696,0.9703,2,0,2,675695,749,125298,958,0.005932391331897098,0.5612185120093731
9697,0.9704,0,3,0,675698,746,125298,958,0.005908630084906856,0.562206572769953
9698,0.9705,5,9,5,675707,737,125303,953,0.00583734634393613,0.563905325443787
9699,0.9706,1,2,1,675709,735,125304,952,0.005821505512609302,0.5643153526970954
9700,0.9707,1,3,1,675712,732,125305,951,0.005797744265619059,0.5650623885918004
9701,0.9708,2,4,2,675716,728,125307,949,0.005766062602965404,0.5658914728682171
9702,0.9709,2,2,2,675718,726,125309,947,0.005750221771638576,0.5660490137477585
9703,0.971,5,6,5,675724,720,125314,942,0.005702699277658091,0.5667870036101083
9704,0.9711,3,3,3,675727,717,125317,939,0.005678938030667849,0.5670289855072463
9705,0.9712,2,1,2,675728,716,125319,937,0.005671017615004436,0.5668481548699335
9706,0.9713,3,0,3,675728,716,125322,934,0.005671017615004436,0.566060606060606
9707,0.9714,1,3,1,675731,713,125323,933,0.005647256368014194,0.5668286755771568
9708,0.9715,4,0,4,675731,713,125327,929,0.005647256368014194,0.5657734470158343
9709,0.9716,4,2,4,675733,711,125331,925,0.005631415536687365,0.565403422982885
9710,0.9717,10,9,10,675742,702,125341,915,0.0055601317957166396,0.5658627087198516
9711,0.9718,10,4,10,675746,698,125351,905,0.005528450133062983,0.5645664379288834
9712,0.9719,2,1,2,675747,697,125353,903,0.005520529717399569,0.564375
9713,0.972,1,0,1,675747,697,125354,902,0.005520529717399569,0.5641025641025641
9714,0.9721,5,3,5,675750,694,125359,897,0.005496768470409327,0.5637963544940289
9715,0.9722,7,0,7,675750,694,125366,890,0.005496768470409327,0.5618686868686869
9716,0.9723,3,4,3,675754,690,125369,887,0.005465086807755671,0.5624603677869372
9717,0.9724,5,3,5,675757,687,125374,882,0.005441325560765429,0.5621414913957935
9718,0.9725,6,5,6,675762,682,125380,876,0.005401723482448359,0.5622593068035944
9719,0.9726,2,3,2,675765,679,125382,874,0.0053779622354581166,0.5627817128139085
9720,0.9727,2,3,2,675768,676,125384,872,0.005354200988467875,0.5633074935400517
9721,0.9728,1,5,1,675773,671,125385,871,0.005314598910150805,0.5648508430609598
9722,0.9729,2,2,2,675775,669,125387,869,0.005298758078823977,0.5650195058517555
9723,0.973,3,1,3,675776,668,125390,866,0.0052908376631605625,0.5645371577574967
9724,0.9731,3,1,3,675777,667,125393,863,0.0052829172474971485,0.5640522875816993
9725,0.9732,4,4,4,675781,663,125397,859,0.005251235584843493,0.5643889618922471
9726,0.9733,12,9,12,675790,654,125409,847,0.005179951843872766,0.564290473017988
9727,0.9734,1,3,1,675793,651,125410,846,0.005156190596882524,0.5651302605210421
9728,0.9735,2,4,2,675797,647,125412,844,0.005124508934228869,0.5660630449362843
9729,0.9736,2,0,2,675797,647,125414,842,0.005124508934228869,0.5654801880456682
9730,0.9737,3,8,3,675805,639,125417,839,0.005061145608921556,0.56765899864682
9731,0.9738,2,4,2,675809,635,125419,837,0.0050294639462679005,0.5686141304347826
9732,0.9739,2,0,2,675809,635,125421,835,0.0050294639462679005,0.5680272108843537
9733,0.974,6,1,6,675810,634,125427,829,0.005021543530604486,0.5666438824333562
9734,0.9741,2,2,2,675812,632,125429,827,0.005005702699277658,0.566826593557231
9735,0.9742,6,6,6,675818,626,125435,821,0.004958180205297174,0.5673807878369039
9736,0.9743,4,2,4,675820,624,125439,817,0.004942339373970346,0.5669673837612769
9737,0.9744,1,3,1,675823,621,125440,816,0.004918578126980104,0.5678496868475992
9738,0.9745,1,1,1,675824,620,125441,815,0.00491065771131669,0.5679442508710801
9739,0.9746,2,0,2,675824,620,125443,813,0.00491065771131669,0.567341242149337
9740,0.9747,3,2,3,675826,618,125446,810,0.004894816879989862,0.5672268907563025
9741,0.9748,0,4,0,675830,614,125446,810,0.004863135217336206,0.5688202247191011
9742,0.9749,0,1,0,675831,613,125446,810,0.004855214801672792,0.5692199578355587
9743,0.975,16,9,16,675840,604,125462,794,0.004783931060702066,0.5679542203147353
9744,0.9751,4,1,4,675841,603,125466,790,0.004776010645038652,0.5671213208901651
9745,0.9752,2,4,2,675845,599,125468,788,0.004744328982384995,0.5681326604181687
9746,0.9753,3,6,3,675851,593,125471,785,0.004696806488404512,0.56966618287373
9747,0.9754,5,2,5,675853,591,125476,780,0.0046809656570776835,0.5689277899343544
9748,0.9755,5,5,5,675858,586,125481,775,0.004641363578760613,0.5694342395297576
9749,0.9756,6,2,6,675860,584,125487,769,0.004625522747433785,0.5683665927568367
9750,0.9757,5,3,5,675863,581,125492,764,0.004601761500443544,0.5680297397769517
9751,0.9758,3,2,3,675865,579,125495,761,0.0045859206691167154,0.567910447761194
9752,0.976,2,5,2,675870,574,125497,759,0.004546318590799645,0.5693923480870218
9753,0.9761,2,3,2,675873,571,125499,757,0.004522557343809403,0.5700301204819277
9754,0.9762,4,5,4,675878,566,125503,753,0.004482955265492333,0.5708870356330553
9755,0.9763,3,2,3,675880,564,125506,750,0.004467114434165505,0.5707762557077626
9756,0.9764,3,2,3,675882,562,125509,747,0.004451273602838677,0.5706646294881589
9757,0.9765,5,2,5,675884,560,125514,742,0.004435432771511849,0.5698924731182796
9758,0.9766,0,2,0,675886,558,125514,742,0.004419591940185021,0.5707692307692308
9759,0.9767,12,13,12,675899,545,125526,730,0.004316626536560638,0.5725490196078431
9760,0.9768,1,1,1,675900,544,125527,729,0.004308706120897224,0.572663000785546
9761,0.9769,0,2,0,675902,542,125527,729,0.004292865289570397,0.5735641227380016
9762,0.977,4,1,4,675903,541,125531,725,0.004284944873906983,0.5726698262243286
9763,0.9771,2,2,2,675905,539,125533,723,0.004269104042580155,0.5729001584786054
9764,0.9773,1,2,1,675907,537,125534,722,0.004253263211253327,0.5734710087370929
9765,0.9774,3,2,3,675909,535,125537,719,0.0042374223799264985,0.5733652312599681
9766,0.9775,10,6,10,675915,529,125547,709,0.004189899885946015,0.5726978998384491
9767,0.9776,1,3,1,675918,526,125548,708,0.004166138638955773,0.5737439222042139
9768,0.9777,4,6,4,675924,520,125552,704,0.004118616144975288,0.5751633986928104
9769,0.9778,1,0,1,675924,520,125553,703,0.004118616144975288,0.5748160261651676
9770,0.9779,3,0,3,675924,520,125556,700,0.004118616144975288,0.5737704918032787
9771,0.978,4,3,4,675927,517,125560,696,0.004094854897985046,0.5737840065952184
9772,0.9781,2,1,2,675928,516,125562,694,0.004086934482321632,0.5735537190082645
9773,0.9782,4,2,4,675930,514,125566,690,0.0040710936509948045,0.5730897009966778
9774,0.9783,8,8,8,675938,506,125574,682,0.004007730325687492,0.5740740740740741
9775,0.9784,1,0,1,675938,506,125575,681,0.004007730325687492,0.573715248525695
9776,0.9785,6,1,6,675939,505,125581,675,0.003999809910024078,0.5720338983050848
9777,0.9786,4,7,4,675946,498,125585,671,0.00394436700038018,0.5739948674080411
9778,0.9787,3,0,3,675946,498,125588,668,0.00394436700038018,0.5728987993138936
9779,0.9788,4,5,4,675951,493,125592,664,0.0039047649220631097,0.5738980121002593
9780,0.979,1,1,1,675952,492,125593,663,0.003896844506399696,0.574025974025974
9781,0.9791,6,3,6,675955,489,125599,657,0.003873083259409454,0.5732984293193717
9782,0.9792,3,3,3,675958,486,125602,654,0.0038493220124192116,0.5736842105263158
9783,0.9794,1,1,1,675959,485,125603,653,0.003841401596755798,0.5738137082601055
9784,0.9795,2,0,2,675959,485,125605,651,0.003841401596755798,0.5730633802816901
9785,0.9796,1,1,1,675960,484,125606,650,0.003833481181092384,0.5731922398589065
9786,0.9797,2,1,2,675961,483,125608,648,0.0038255607654289698,0.5729442970822282
9787,0.9798,0,1,0,675962,482,125608,648,0.0038176403497655557,0.5734513274336284
9788,0.9799,4,1,4,675963,481,125612,644,0.0038097199341021416,0.5724444444444444
9789,0.98,28,22,28,675985,459,125640,616,0.003635470789507033,0.5730232558139535
9790,0.9801,0,3,0,675988,456,125640,616,0.0036117095425167913,0.5746268656716418
9791,0.9802,1,1,1,675989,455,125641,615,0.0036037891268533772,0.5747663551401869
9792,0.9803,5,2,5,675991,453,125646,610,0.003587948295526549,0.5738476011288806
9793,0.9804,4,2,4,675993,451,125650,606,0.0035721074641997213,0.5733207190160833
9794,0.9806,0,1,0,675994,450,125650,606,0.0035641870485363073,0.5738636363636364
9795,0.9807,4,3,4,675997,447,125654,602,0.003540425801546065,0.5738798856053384
9796,0.9808,5,2,5,675999,445,125659,597,0.0035245849702192373,0.572936660268714
9797,0.9809,0,1,0,676000,444,125659,597,0.003516664554555823,0.5734870317002881
9798,0.981,0,3,0,676003,441,125659,597,0.003492903307565581,0.5751445086705202
9799,0.9811,3,3,3,676006,438,125662,594,0.003469142060575339,0.5755813953488372
9800,0.9812,5,1,5,676007,437,125667,589,0.003461221644911925,0.5740740740740741
9801,0.9814,1,1,1,676008,436,125668,588,0.003453301229248511,0.57421875
9802,0.9815,2,3,2,676011,433,125670,586,0.0034295399822582688,0.5750736015701668
9803,0.9816,2,1,2,676012,432,125672,584,0.003421619566594855,0.5748031496062992
9804,0.9817,8,6,8,676018,426,125680,576,0.0033740970726143706,0.5748502994011976
9805,0.9818,4,0,4,676018,426,125684,572,0.0033740970726143706,0.5731462925851704
9806,0.9819,0,1,0,676019,425,125684,572,0.003366176656950957,0.5737211634904714
9807,0.982,3,1,3,676020,424,125687,569,0.003358256241287543,0.5730110775427996
9808,0.9821,0,4,0,676024,420,125687,569,0.0033265745786338866,0.5753286147623863
9809,0.9822,1,1,1,676025,419,125688,568,0.0033186541629704725,0.5754812563323202
9810,0.9823,1,3,1,676028,416,125689,567,0.0032948929159802307,0.5768056968463886
9811,0.9825,7,3,7,676031,413,125696,560,0.0032711316689899884,0.5755395683453237
9812,0.9827,0,4,0,676035,409,125696,560,0.0032394500063363326,0.5779153766769866
9813,0.9828,2,2,2,676037,407,125698,558,0.0032236091750095044,0.5782383419689119
9814,0.983,0,3,0,676040,404,125698,558,0.0031998479280192626,0.58004158004158
9815,0.9831,1,1,1,676041,403,125699,557,0.0031919275123558485,0.5802083333333333
9816,0.9833,10,8,10,676049,395,125709,547,0.0031285641870485363,0.5806794055201698
9817,0.9835,0,1,0,676050,394,125709,547,0.003120643771385122,0.5812964930924548
9818,0.9837,3,1,3,676051,393,125712,544,0.003112723355721708,0.5805763073639274
9819,0.9838,6,2,6,676053,391,125718,538,0.0030968825243948804,0.5791173304628633
9820,0.984,7,1,7,676054,390,125725,531,0.0030889621087314663,0.5765472312703583
9821,0.9842,4,2,4,676056,388,125729,527,0.003073121277404638,0.5759562841530055
9822,0.9843,0,5,0,676061,383,125729,527,0.003033519199087568,0.5791208791208792
9823,0.9844,6,1,6,676062,382,125735,521,0.003025598783424154,0.5769656699889258
9824,0.9845,3,0,3,676062,382,125738,518,0.003025598783424154,0.5755555555555556
9825,0.9846,4,2,4,676064,380,125742,514,0.003009757952097326,0.5749440715883669
9826,0.9847,1,9,1,676073,371,125743,513,0.0029384742111266,0.580316742081448
9827,0.9848,0,1,0,676074,370,125743,513,0.002930553795463186,0.580973952434881
9828,0.9849,1,0,1,676074,370,125744,512,0.002930553795463186,0.5804988662131519
9829,0.985,9,7,9,676081,363,125753,503,0.002875110885819288,0.5808314087759815
9830,0.9852,1,1,1,676082,362,125754,502,0.002867190470155874,0.5810185185185185
9831,0.9853,1,0,1,676082,362,125755,501,0.002867190470155874,0.5805330243337196
9832,0.9855,2,4,2,676086,358,125757,499,0.002835508807502218,0.5822637106184364
9833,0.9856,0,1,0,676087,357,125757,499,0.002827588391838804,0.5829439252336449
9834,0.9858,0,2,0,676089,355,125757,499,0.0028117475605119757,0.5843091334894613
9835,0.9859,2,1,2,676090,354,125759,497,0.0028038271448485616,0.5840188014101058
9836,0.986,5,0,5,676090,354,125764,492,0.0028038271448485616,0.5815602836879432
9837,0.9861,6,3,6,676093,351,125770,486,0.0027800658978583198,0.5806451612903226
9838,0.9862,2,7,2,676100,344,125772,484,0.0027246229882144216,0.5845410628019324
9839,0.9863,1,0,1,676100,344,125773,483,0.0027246229882144216,0.5840386940749698
9840,0.9864,1,3,1,676103,341,125774,482,0.0027008617412241794,0.5856622114216282
9841,0.9866,5,3,5,676106,338,125779,477,0.0026771004942339376,0.5852760736196319
9842,0.9867,15,12,15,676118,326,125794,462,0.002582055506272969,0.5862944162436549
9843,0.9869,3,2,3,676120,324,125797,459,0.0025662146749461413,0.5862068965517241
9844,0.987,1,2,1,676122,322,125798,458,0.002550373843619313,0.5871794871794872
9845,0.9871,4,0,4,676122,322,125802,454,0.002550373843619313,0.5850515463917526
9846,0.9875,3,5,3,676127,317,125805,451,0.002510771765302243,0.5872395833333334
9847,0.9876,4,6,4,676133,311,125809,447,0.002463249271321759,0.5897097625329816
9848,0.9879,0,6,0,676139,305,125809,447,0.0024157267773412747,0.5944148936170213
9849,0.988,8,1,8,676140,304,125817,439,0.002407806361677861,0.5908479138627187
9850,0.9881,1,0,1,676140,304,125818,438,0.002407806361677861,0.5902964959568733
9851,0.9882,1,0,1,676140,304,125819,437,0.002407806361677861,0.5897435897435898
9852,0.9883,5,9,5,676149,295,125824,432,0.0023365226207071347,0.594222833562586
9853,0.9884,2,2,2,676151,293,125826,430,0.0023206817893803066,0.5947441217150761
9854,0.9886,2,2,2,676153,291,125828,428,0.002304840958053479,0.5952712100139083
9855,0.9887,1,0,1,676153,291,125829,427,0.002304840958053479,0.5947075208913649
9856,0.9888,2,2,2,676155,289,125831,425,0.0022890001267266507,0.5952380952380952
9857,0.989,3,1,3,676156,288,125834,422,0.0022810797110632366,0.5943661971830986
9858,0.9891,2,3,2,676159,285,125836,420,0.0022573184640729944,0.5957446808510638
9859,0.9892,5,0,5,676159,285,125841,415,0.0022573184640729944,0.5928571428571429
9860,0.9893,1,1,1,676160,284,125842,414,0.0022493980484095807,0.5931232091690545
9861,0.9897,1,1,1,676161,283,125843,413,0.0022414776327461666,0.5933908045977011
9862,0.9898,1,0,1,676161,283,125844,412,0.0022414776327461666,0.5928057553956835
9863,0.9899,1,0,1,676161,283,125845,411,0.0022414776327461666,0.5922190201729106
9864,0.99,65,30,65,676191,253,125910,346,0.002003865162843746,0.5776293823038398
9865,0.9901,1,0,1,676191,253,125911,345,0.002003865162843746,0.5769230769230769
9866,0.9902,2,1,2,676192,252,125913,343,0.001995944747180332,0.5764705882352941
9867,0.9905,0,2,0,676194,250,125913,343,0.001980103915853504,0.5784148397976391
9868,0.9907,0,1,0,676195,249,125913,343,0.00197218350019009,0.5793918918918919
9869,0.9908,3,2,3,676197,247,125916,340,0.001956342668863262,0.5792163543441227
9870,0.9911,2,2,2,676199,245,125918,338,0.001940501837536434,0.5797598627787307
9871,0.9912,4,1,4,676200,244,125922,334,0.0019325814218730199,0.5778546712802768
9872,0.9914,1,1,1,676201,243,125923,333,0.0019246610062096058,0.578125
9873,0.9915,0,1,0,676202,242,125923,333,0.001916740590546192,0.5791304347826087
9874,0.9916,1,2,1,676204,240,125924,332,0.0019008997592193638,0.5804195804195804
9875,0.9917,6,4,6,676208,236,125930,326,0.0018692180965657079,0.5800711743772242
9876,0.9919,2,1,2,676209,235,125932,324,0.0018612976809022938,0.5796064400715564
9877,0.992,1,3,1,676212,232,125933,323,0.0018375364339120518,0.581981981981982
9878,0.9921,2,4,2,676216,228,125935,321,0.0018058547712583957,0.5846994535519126
9879,0.9924,1,3,1,676219,225,125936,320,0.0017820935242681536,0.5871559633027523
9880,0.9925,6,1,6,676220,224,125942,314,0.0017741731086047396,0.5836431226765799
9881,0.9926,1,0,1,676220,224,125943,313,0.0017741731086047396,0.5828677839851024
9882,0.9927,2,0,2,676220,224,125945,311,0.0017741731086047396,0.5813084112149532
9883,0.9928,1,1,1,676221,223,125946,310,0.0017662526929413255,0.5816135084427767
9884,0.9929,1,0,1,676221,223,125947,309,0.0017662526929413255,0.5808270676691729
9885,0.993,2,2,2,676223,221,125949,307,0.0017504118616144975,0.5814393939393939
9886,0.9932,0,1,0,676224,220,125949,307,0.0017424914459510834,0.5825426944971537
9887,0.9933,16,7,16,676231,213,125965,291,0.0016870485363071853,0.5773809523809523
9888,0.9934,0,2,0,676233,211,125965,291,0.0016712077049803574,0.5796812749003984
9889,0.9935,1,0,1,676233,211,125966,290,0.0016712077049803574,0.5788423153692615
9890,0.9936,3,0,3,676233,211,125969,287,0.0016712077049803574,0.5763052208835341
9891,0.9937,4,2,4,676235,209,125973,283,0.0016553668736535294,0.5752032520325203
9892,0.9938,2,2,2,676237,207,125975,281,0.0016395260423267013,0.5758196721311475
9893,0.994,1,0,1,676237,207,125976,280,0.0016395260423267013,0.5749486652977412
9894,0.9942,2,1,2,676238,206,125978,278,0.0016316056266632872,0.5743801652892562
9895,0.9943,3,2,3,676240,204,125981,275,0.0016157647953364592,0.5741127348643006
9896,0.9944,1,0,1,676240,204,125982,274,0.0016157647953364592,0.5732217573221757
9897,0.9945,1,0,1,676240,204,125983,273,0.0016157647953364592,0.5723270440251572
9898,0.9948,0,1,0,676241,203,125983,273,0.0016078443796730452,0.5735294117647058
9899,0.9949,2,0,2,676241,203,125985,271,0.0016078443796730452,0.5717299578059072
9900,0.995,16,15,16,676256,188,126001,255,0.001489038144721835,0.5756207674943566
9901,0.9951,1,2,1,676258,186,126002,254,0.0014731973133950069,0.5772727272727273
9902,0.9953,1,1,1,676259,185,126003,253,0.001465276897731593,0.5776255707762558
9903,0.9954,1,3,1,676262,182,126004,252,0.001441515650741351,0.5806451612903226
9904,0.9955,0,1,0,676263,181,126004,252,0.001433595235077937,0.581986143187067
9905,0.9956,0,2,0,676265,179,126004,252,0.001417754403751109,0.5846867749419954
9906,0.9957,2,3,2,676268,176,126006,250,0.0013939931567608667,0.5868544600938967
9907,0.9958,0,1,0,676269,175,126006,250,0.0013860727410974528,0.5882352941176471
9908,0.996,3,5,3,676274,170,126009,247,0.0013464706627803827,0.592326139088729
9909,0.9961,0,3,0,676277,167,126009,247,0.0013227094157901406,0.5966183574879227
9910,0.9964,0,2,0,676279,165,126009,247,0.0013068685844633127,0.5995145631067961
9911,0.9966,1,2,1,676281,163,126010,246,0.0012910277531364845,0.6014669926650367
9912,0.9967,9,5,9,676286,158,126019,237,0.0012514256748194146,0.6
9913,0.9971,0,1,0,676287,157,126019,237,0.0012435052591560005,0.6015228426395939
9914,0.9975,6,4,6,676291,153,126025,231,0.0012118235965023444,0.6015625
9915,0.9978,2,4,2,676295,149,126027,229,0.0011801419338486885,0.6058201058201058
9916,0.998,5,2,5,676297,147,126032,224,0.0011643011025218603,0.6037735849056604
9917,0.9981,1,0,1,676297,147,126033,223,0.0011643011025218603,0.6027027027027027
9918,0.9983,4,6,4,676303,141,126037,219,0.0011167786085413763,0.6083333333333333
9919,0.9986,3,3,3,676306,138,126040,216,0.0010930173615511342,0.6101694915254238
9920,0.9988,1,0,1,676306,138,126041,215,0.0010930173615511342,0.6090651558073654
9921,0.9989,1,0,1,676306,138,126042,214,0.0010930173615511342,0.6079545454545454
9922,0.999,1,1,1,676307,137,126043,213,0.0010850969458877202,0.6085714285714285
9923,0.9991,2,1,2,676308,136,126045,211,0.001077176530224306,0.6080691642651297
9924,1.0,211,136,211,676444,0,126256,0,0.0,
