,min,max,Neg,Pos,$\frac{\text{Pos}}{\text{Neg}+\text{Pos}}$,TN,FP,FN,TP,Prec,Rec,FP/P
0,0.0000,0.0037,"4,448",22,0.0049,"4,448","671,996",22,"126,234",0.1581,0.9998,5.3225
1,0.0037,0.0201,"60,659","1,000",0.0162,"65,107","611,337","1,022","125,234",0.1700,0.9919,4.8420
2,0.0201,0.0280,"35,945","1,000",0.0271,"101,052","575,392","2,022","124,234",0.1776,0.9840,4.5573
3,0.0280,0.0340,"26,981","1,000",0.0357,"128,033","548,411","3,022","123,234",0.1835,0.9761,4.3436
4,0.0340,0.0393,"23,104","1,000",0.0415,"151,137","525,307","4,022","122,234",0.1888,0.9681,4.1606
5,0.0393,0.0440,"20,131","1,000",0.0473,"171,268","505,176","5,022","121,234",0.1935,0.9602,4.0012
6,0.0440,0.0485,"18,289","1,000",0.0518,"189,557","486,887","6,022","120,234",0.1980,0.9523,3.8563
7,0.0485,0.0530,"18,183","1,000",0.0521,"207,740","468,704","7,022","119,234",0.2028,0.9444,3.7123
8,0.0530,0.0570,"15,289","1,000",0.0614,"223,029","453,415","8,022","118,234",0.2068,0.9365,3.5912
9,0.0570,0.0607,"14,039","1,000",0.0665,"237,068","439,376","9,022","117,234",0.2106,0.9285,3.4800
10,0.0607,0.0646,"13,823","1,000",0.0675,"250,891","425,553","10,022","116,234",0.2145,0.9206,3.3706
11,0.0646,0.0683,"13,322","1,000",0.0698,"264,213","412,231","11,022","115,234",0.2185,0.9127,3.2650
12,0.0683,0.0719,"11,889","1,000",0.0776,"276,102","400,342","12,022","114,234",0.2220,0.9048,3.1709
13,0.0719,0.0754,"11,670","1,000",0.0789,"287,772","388,672","13,022","113,234",0.2256,0.8969,3.0784
14,0.0754,0.0791,"11,447","1,000",0.0803,"299,219","377,225","14,022","112,234",0.2293,0.8889,2.9878
15,0.0791,0.0825,"10,706","1,000",0.0854,"309,925","366,519","15,022","111,234",0.2328,0.8810,2.9030
16,0.0825,0.0860,"10,439","1,000",0.0874,"320,364","356,080","16,022","110,234",0.2364,0.8731,2.8203
17,0.0860,0.0897,"10,661","1,000",0.0858,"331,025","345,419","17,022","109,234",0.2403,0.8652,2.7359
18,0.0897,0.0931,"9,493","1,000",0.0953,"340,518","335,926","18,022","108,234",0.2437,0.8573,2.6607
19,0.0931,0.0964,"8,984","1,000",0.1002,"349,502","326,942","19,022","107,234",0.2470,0.8493,2.5895
20,0.0964,0.1000,"9,145","1,000",0.0986,"358,647","317,797","20,022","106,234",0.2505,0.8414,2.5171
21,0.1000,0.1033,"8,440","1,000",0.1059,"367,087","309,357","21,022","105,234",0.2538,0.8335,2.4502
22,0.1033,0.1067,"8,425","1,000",0.1061,"375,512","300,932","22,022","104,234",0.2573,0.8256,2.3835
23,0.1067,0.1099,"7,541","1,000",0.1171,"383,053","293,391","23,022","103,234",0.2603,0.8177,2.3238
24,0.1099,0.1133,"7,830","1,000",0.1133,"390,883","285,561","24,022","102,234",0.2636,0.8097,2.2618
25,0.1133,0.1166,"7,393","1,000",0.1191,"398,276","278,168","25,022","101,234",0.2668,0.8018,2.2032
26,0.1166,0.1198,"7,094","1,000",0.1235,"405,370","271,074","26,022","100,234",0.2699,0.7939,2.1470
27,0.1198,0.1233,"7,257","1,000",0.1211,"412,627","263,817","27,022","99,234",0.2733,0.7860,2.0895
28,0.1233,0.1265,"6,801","1,000",0.1282,"419,428","257,016","28,022","98,234",0.2765,0.7781,2.0357
29,0.1265,0.1297,"6,534","1,000",0.1327,"425,962","250,482","29,022","97,234",0.2796,0.7701,1.9839
30,0.1297,0.1331,"6,793","1,000",0.1283,"432,755","243,689","30,022","96,234",0.2831,0.7622,1.9301
31,0.1331,0.1364,"6,015","1,000",0.1426,"438,770","237,674","31,022","95,234",0.2861,0.7543,1.8825
32,0.1364,0.1396,"5,992","1,000",0.1430,"444,762","231,682","32,022","94,234",0.2891,0.7464,1.8350
33,0.1396,0.1430,"6,137","1,000",0.1401,"450,899","225,545","33,022","93,234",0.2925,0.7385,1.7864
34,0.1430,0.1464,"6,021","1,000",0.1424,"456,920","219,524","34,022","92,234",0.2959,0.7305,1.7387
35,0.1464,0.1498,"5,524","1,000",0.1533,"462,444","214,000","35,022","91,234",0.2989,0.7226,1.6950
36,0.1498,0.1532,"5,777","1,000",0.1476,"468,221","208,223","36,022","90,234",0.3023,0.7147,1.6492
37,0.1532,0.1566,"5,451","1,000",0.1550,"473,672","202,772","37,022","89,234",0.3056,0.7068,1.6060
38,0.1566,0.1600,"5,230","1,000",0.1605,"478,902","197,542","38,022","88,234",0.3088,0.6988,1.5646
39,0.1600,0.1634,"5,066","1,000",0.1649,"483,968","192,476","39,022","87,234",0.3119,0.6909,1.5245
40,0.1634,0.1669,"5,160","1,000",0.1623,"489,128","187,316","40,022","86,234",0.3152,0.6830,1.4836
41,0.1669,0.1703,"4,897","1,000",0.1696,"494,025","182,419","41,022","85,234",0.3184,0.6751,1.4448
42,0.1703,0.1737,"4,802","1,000",0.1724,"498,827","177,617","42,022","84,234",0.3217,0.6672,1.4068
43,0.1737,0.1772,"4,552","1,000",0.1801,"503,379","173,065","43,022","83,234",0.3248,0.6592,1.3707
44,0.1772,0.1806,"4,515","1,000",0.1813,"507,894","168,550","44,022","82,234",0.3279,0.6513,1.3350
45,0.1806,0.1840,"4,255","1,000",0.1903,"512,149","164,295","45,022","81,234",0.3309,0.6434,1.3013
46,0.1840,0.1877,"4,589","1,000",0.1789,"516,738","159,706","46,022","80,234",0.3344,0.6355,1.2649
47,0.1877,0.1914,"4,523","1,000",0.1811,"521,261","155,183","47,022","79,234",0.3380,0.6276,1.2291
48,0.1914,0.1951,"4,163","1,000",0.1937,"525,424","151,020","48,022","78,234",0.3413,0.6196,1.1961
49,0.1951,0.1990,"4,387","1,000",0.1856,"529,811","146,633","49,022","77,234",0.3450,0.6117,1.1614
50,0.1990,0.2027,"4,016","1,000",0.1994,"533,827","142,617","50,022","76,234",0.3483,0.6038,1.1296
51,0.2027,0.2062,"3,704","1,000",0.2126,"537,531","138,913","51,022","75,234",0.3513,0.5959,1.1002
52,0.2062,0.2099,"3,836","1,000",0.2068,"541,367","135,077","52,022","74,234",0.3547,0.5880,1.0699
53,0.2099,0.2137,"3,867","1,000",0.2055,"545,234","131,210","53,022","73,234",0.3582,0.5800,1.0392
54,0.2137,0.2175,"3,762","1,000",0.2100,"548,996","127,448","54,022","72,234",0.3617,0.5721,1.0094
55,0.2175,0.2214,"3,614","1,000",0.2167,"552,610","123,834","55,022","71,234",0.3652,0.5642,0.9808
56,0.2214,0.2253,"3,584","1,000",0.2182,"556,194","120,250","56,022","70,234",0.3687,0.5563,0.9524
57,0.2253,0.2292,"3,463","1,000",0.2241,"559,657","116,787","57,022","69,234",0.3722,0.5484,0.9250
58,0.2292,0.2331,"3,337","1,000",0.2306,"562,994","113,450","58,022","68,234",0.3756,0.5404,0.8986
59,0.2331,0.2373,"3,523","1,000",0.2211,"566,517","109,927","59,022","67,234",0.3795,0.5325,0.8707
60,0.2373,0.2414,"3,315","1,000",0.2317,"569,832","106,612","60,022","66,234",0.3832,0.5246,0.8444
61,0.2414,0.2457,"3,219","1,000",0.2370,"573,051","103,393","61,022","65,234",0.3869,0.5167,0.8189
62,0.2457,0.2500,"3,219","1,000",0.2370,"576,270","100,174","62,022","64,234",0.3907,0.5088,0.7934
63,0.2500,0.2544,"3,134","1,000",0.2419,"579,404","97,040","63,022","63,234",0.3945,0.5008,0.7686
64,0.2544,0.2588,"3,208","1,000",0.2376,"582,612","93,832","64,022","62,234",0.3988,0.4929,0.7432
65,0.2588,0.2632,"2,926","1,000",0.2547,"585,538","90,906","65,022","61,234",0.4025,0.4850,0.7200
66,0.2632,0.2676,"3,025","1,000",0.2484,"588,563","87,881","66,022","60,234",0.4067,0.4771,0.6961
67,0.2676,0.2720,"2,817","1,000",0.2620,"591,380","85,064","67,022","59,234",0.4105,0.4692,0.6737
68,0.2720,0.2767,"2,861","1,000",0.2590,"594,241","82,203","68,022","58,234",0.4147,0.4612,0.6511
69,0.2767,0.2812,"2,621","1,000",0.2762,"596,862","79,582","69,022","57,234",0.4183,0.4533,0.6303
70,0.2812,0.2859,"2,724","1,000",0.2685,"599,586","76,858","70,022","56,234",0.4225,0.4454,0.6087
71,0.2859,0.2907,"2,632","1,000",0.2753,"602,218","74,226","71,022","55,234",0.4266,0.4375,0.5879
72,0.2907,0.2957,"2,718","1,000",0.2690,"604,936","71,508","72,022","54,234",0.4313,0.4296,0.5664
73,0.2957,0.3004,"2,472","1,000",0.2880,"607,408","69,036","73,022","53,234",0.4354,0.4216,0.5468
74,0.3004,0.3056,"2,643","1,000",0.2745,"610,051","66,393","74,022","52,234",0.4403,0.4137,0.5259
75,0.3056,0.3105,"2,353","1,000",0.2982,"612,404","64,040","75,022","51,234",0.4445,0.4058,0.5072
76,0.3105,0.3154,"2,311","1,000",0.3020,"614,715","61,729","76,022","50,234",0.4487,0.3979,0.4889
77,0.3154,0.3206,"2,329","1,000",0.3004,"617,044","59,400","77,022","49,234",0.4532,0.3900,0.4705
78,0.3206,0.3260,"2,403","1,000",0.2939,"619,447","56,997","78,022","48,234",0.4584,0.3820,0.4514
79,0.3260,0.3314,"2,127","1,000",0.3198,"621,574","54,870","79,022","47,234",0.4626,0.3741,0.4346
80,0.3314,0.3373,"2,230","1,000",0.3096,"623,804","52,640","80,022","46,234",0.4676,0.3662,0.4169
81,0.3373,0.3428,"2,134","1,000",0.3191,"625,938","50,506","81,022","45,234",0.4725,0.3583,0.4000
82,0.3428,0.3487,"2,078","1,000",0.3249,"628,016","48,428","82,022","44,234",0.4774,0.3504,0.3836
83,0.3487,0.3543,"1,921","1,000",0.3423,"629,937","46,507","83,022","43,234",0.4818,0.3424,0.3684
84,0.3543,0.3601,"1,913","1,000",0.3433,"631,850","44,594","84,022","42,234",0.4864,0.3345,0.3532
85,0.3601,0.3661,"1,960","1,000",0.3378,"633,810","42,634","85,022","41,234",0.4917,0.3266,0.3377
86,0.3661,0.3725,"1,899","1,000",0.3449,"635,709","40,735","86,022","40,234",0.4969,0.3187,0.3226
87,0.3725,0.3791,"1,933","1,000",0.3409,"637,642","38,802","87,022","39,234",0.5028,0.3107,0.3073
88,0.3791,0.3854,"1,732","1,000",0.3660,"639,374","37,070","88,022","38,234",0.5077,0.3028,0.2936
89,0.3854,0.3920,"1,746","1,000",0.3642,"641,120","35,324","89,022","37,234",0.5132,0.2949,0.2798
90,0.3920,0.3991,"1,655","1,000",0.3766,"642,775","33,669","90,022","36,234",0.5183,0.2870,0.2667
91,0.3991,0.4062,"1,659","1,000",0.3761,"644,434","32,010","91,022","35,234",0.5240,0.2791,0.2535
92,0.4062,0.4133,"1,623","1,000",0.3812,"646,057","30,387","92,022","34,234",0.5298,0.2711,0.2407
93,0.4133,0.4208,"1,607","1,000",0.3836,"647,664","28,780","93,022","33,234",0.5359,0.2632,0.2279
94,0.4208,0.4281,"1,532","1,000",0.3949,"649,196","27,248","94,022","32,234",0.5419,0.2553,0.2158
95,0.4281,0.4360,"1,518","1,000",0.3971,"650,714","25,730","95,022","31,234",0.5483,0.2474,0.2038
96,0.4360,0.4438,"1,371","1,000",0.4218,"652,085","24,359","96,022","30,234",0.5538,0.2395,0.1929
97,0.4438,0.4518,"1,369","1,000",0.4221,"653,454","22,990","97,022","29,234",0.5598,0.2315,0.1821
98,0.4518,0.4604,"1,333","1,000",0.4286,"654,787","21,657","98,022","28,234",0.5659,0.2236,0.1715
99,0.4604,0.4695,"1,428","1,000",0.4119,"656,215","20,229","99,022","27,234",0.5738,0.2157,0.1602
100,0.4695,0.4788,"1,355","1,000",0.4246,"657,570","18,874","100,022","26,234",0.5816,0.2078,0.1495
101,0.4788,0.4885,"1,294","1,000",0.4359,"658,864","17,580","101,022","25,234",0.5894,0.1999,0.1392
102,0.4885,0.4987,"1,165","1,000",0.4619,"660,029","16,415","102,022","24,234",0.5962,0.1919,0.1300
103,0.4987,0.5086,"1,189","1,000",0.4568,"661,218","15,226","103,022","23,234",0.6041,0.1840,0.1206
104,0.5086,0.5193,"1,128","1,000",0.4699,"662,346","14,098","104,022","22,234",0.6120,0.1761,0.1117
105,0.5193,0.5303,"1,082","1,000",0.4803,"663,428","13,016","105,022","21,234",0.6200,0.1682,0.1031
106,0.5303,0.5416,"1,000","1,042",0.5103,"664,428","12,016","106,064","20,192",0.6269,0.1599,0.0952
107,0.5416,0.5529,"1,016","1,000",0.4960,"665,444","11,000","107,064","19,192",0.6357,0.1520,0.0871
108,0.5529,0.5661,"1,000","1,117",0.5276,"666,444","10,000","108,181","18,075",0.6438,0.1432,0.0792
109,0.5661,0.5804,"1,000","1,129",0.5303,"667,444","9,000","109,310","16,946",0.6531,0.1342,0.0713
110,0.5804,0.5964,"1,000","1,187",0.5428,"668,444","8,000","110,497","15,759",0.6633,0.1248,0.0634
111,0.5964,0.6138,"1,000","1,195",0.5444,"669,444","7,000","111,692","14,564",0.6754,0.1154,0.0554
112,0.6138,0.6347,"1,000","1,373",0.5786,"670,444","6,000","113,065","13,191",0.6874,0.1045,0.0475
113,0.6347,0.6592,"1,000","1,605",0.6161,"671,444","5,000","114,670","11,586",0.6985,0.0918,0.0396
114,0.6592,0.6875,"1,000","1,793",0.6420,"672,444","4,000","116,463","9,793",0.7100,0.0776,0.0317
115,0.6875,0.7205,"1,000","1,894",0.6545,"673,444","3,000","118,357","7,899",0.7247,0.0626,0.0238
116,0.7205,0.7599,"1,000","2,061",0.6733,"674,444","2,000","120,418","5,838",0.7448,0.0462,0.0158
117,0.7599,0.8127,"1,000","2,543",0.7178,"675,444","1,000","122,961","3,295",0.7672,0.0261,0.0079
118,0.8127,0.9767,"1,000","3,295",0.7672,"676,444",0,"126,256",0,nan,0.0000,0.0000
