,min,max,Neg,Pos,$\frac{\text{Pos}}{\text{Neg}+\text{Pos}}$,TN,FP,FN,TP,Prec,Rec,FP/P
0,0.000000,0.070000,"7,940",237,0.0290,"7,940","668,504",237,"126,019",0.1586,0.9981,5.2948
1,0.070000,0.140000,"29,760","1,023",0.0332,"37,700","638,744","1,260","124,996",0.1637,0.9900,5.0591
2,0.140000,0.173333,"24,623","1,108",0.0431,"62,323","614,121","2,368","123,888",0.1679,0.9812,4.8641
3,0.173333,0.199048,"20,186","1,013",0.0478,"82,509","593,935","3,381","122,875",0.1714,0.9732,4.7042
4,0.199056,0.220000,"19,268","1,000",0.0493,"101,777","574,667","4,381","121,875",0.1750,0.9653,4.5516
5,0.220000,0.238286,"20,251","1,184",0.0552,"122,028","554,416","5,565","120,691",0.1788,0.9559,4.3912
6,0.238333,0.252500,"17,530","1,029",0.0554,"139,558","536,886","6,594","119,662",0.1823,0.9478,4.2524
7,0.252500,0.266000,"14,916","1,033",0.0648,"154,474","521,970","7,627","118,629",0.1852,0.9396,4.1342
8,0.266000,0.278667,"14,218","1,003",0.0659,"168,692","507,752","8,630","117,626",0.1881,0.9316,4.0216
9,0.278667,0.289964,"13,082","1,000",0.0710,"181,774","494,670","9,630","116,626",0.1908,0.9237,3.9180
10,0.290000,0.299976,"12,494","1,010",0.0748,"194,268","482,176","10,640","115,616",0.1934,0.9157,3.8190
11,0.300000,0.310000,"12,823","1,040",0.0750,"207,091","469,353","11,680","114,576",0.1962,0.9075,3.7175
12,0.310000,0.320000,"12,858","1,095",0.0785,"219,949","456,495","12,775","113,481",0.1991,0.8988,3.6156
13,0.320000,0.330000,"13,236","1,115",0.0777,"233,185","443,259","13,890","112,366",0.2022,0.8900,3.5108
14,0.330000,0.340000,"13,479","1,219",0.0829,"246,664","429,780","15,109","111,147",0.2055,0.8803,3.4040
15,0.340000,0.350000,"13,600","1,244",0.0838,"260,264","416,180","16,353","109,903",0.2089,0.8705,3.2963
16,0.350000,0.360000,"13,605","1,366",0.0912,"273,869","402,575","17,719","108,537",0.2124,0.8597,3.1886
17,0.360000,0.370000,"13,628","1,413",0.0939,"287,497","388,947","19,132","107,124",0.2159,0.8485,3.0806
18,0.370000,0.380000,"13,638","1,436",0.0953,"301,135","375,309","20,568","105,688",0.2197,0.8371,2.9726
19,0.380000,0.390000,"13,644","1,517",0.1001,"314,779","361,665","22,085","104,171",0.2236,0.8251,2.8645
20,0.390000,0.400000,"13,473","1,535",0.1023,"328,252","348,192","23,620","102,636",0.2277,0.8129,2.7578
21,0.400000,0.406952,"11,377","1,371",0.1075,"339,629","336,815","24,991","101,265",0.2312,0.8021,2.6677
22,0.407000,0.412310,"7,900","1,005",0.1129,"347,529","328,915","25,996","100,260",0.2336,0.7941,2.6051
23,0.412333,0.420000,"7,280","1,000",0.1208,"354,809","321,635","26,996","99,260",0.2358,0.7862,2.5475
24,0.420000,0.426619,"10,286","1,374",0.1178,"365,095","311,349","28,370","97,886",0.2392,0.7753,2.4660
25,0.426667,0.431667,"8,173","1,032",0.1121,"373,268","303,176","29,402","96,854",0.2421,0.7671,2.4013
26,0.431667,0.440000,"7,599","1,007",0.1170,"380,867","295,577","30,409","95,847",0.2449,0.7591,2.3411
27,0.440000,0.446667,"10,019","1,397",0.1224,"390,886","285,558","31,806","94,450",0.2485,0.7481,2.2617
28,0.446667,0.451250,"7,691","1,074",0.1225,"398,577","277,867","32,880","93,376",0.2515,0.7396,2.2008
29,0.451250,0.457976,"6,438","1,001",0.1346,"405,015","271,429","33,881","92,375",0.2539,0.7316,2.1498
30,0.458000,0.462500,"6,707","1,004",0.1302,"411,722","264,722","34,885","91,371",0.2566,0.7237,2.0967
31,0.462500,0.470000,"6,547","1,000",0.1325,"418,269","258,175","35,885","90,371",0.2593,0.7158,2.0449
32,0.470000,0.477500,"10,371","1,613",0.1346,"428,640","247,804","37,498","88,758",0.2637,0.7030,1.9627
33,0.477500,0.481667,"6,631","1,043",0.1359,"435,271","241,173","38,541","87,715",0.2667,0.6947,1.9102
34,0.481667,0.488310,"5,752","1,016",0.1501,"441,023","235,421","39,557","86,699",0.2692,0.6867,1.8646
35,0.488333,0.492500,"6,166","1,053",0.1459,"447,189","229,255","40,610","85,646",0.2720,0.6784,1.8158
36,0.492500,0.499000,"5,780","1,025",0.1506,"452,969","223,475","41,635","84,621",0.2747,0.6702,1.7700
37,0.499000,0.502665,"5,815","1,009",0.1479,"458,784","217,660","42,644","83,612",0.2775,0.6622,1.7240
38,0.502667,0.510000,"5,615","1,006",0.1519,"464,399","212,045","43,650","82,606",0.2804,0.6543,1.6795
39,0.510000,0.513310,"5,527","1,052",0.1599,"469,926","206,518","44,702","81,554",0.2831,0.6459,1.6357
40,0.513333,0.520000,"5,249","1,042",0.1656,"475,175","201,269","45,744","80,512",0.2857,0.6377,1.5941
41,0.520000,0.523000,"5,270","1,041",0.1650,"480,445","195,999","46,785","79,471",0.2885,0.6294,1.5524
42,0.523000,0.530000,"5,195","1,010",0.1628,"485,640","190,804","47,795","78,461",0.2914,0.6214,1.5112
43,0.530000,0.533333,"5,099","1,084",0.1753,"490,739","185,705","48,879","77,377",0.2941,0.6129,1.4709
44,0.533333,0.540000,"5,012","1,031",0.1706,"495,751","180,693","49,910","76,346",0.2970,0.6047,1.4312
45,0.540000,0.542833,"4,982","1,095",0.1802,"500,733","175,711","51,005","75,251",0.2999,0.5960,1.3917
46,0.542833,0.550000,"4,766","1,001",0.1736,"505,499","170,945","52,006","74,250",0.3028,0.5881,1.3540
47,0.550000,0.553310,"4,884","1,087",0.1820,"510,383","166,061","53,093","73,163",0.3058,0.5795,1.3153
48,0.553333,0.560000,"4,642","1,008",0.1784,"515,025","161,419","54,101","72,155",0.3089,0.5715,1.2785
49,0.560000,0.563302,"4,734","1,100",0.1885,"519,759","156,685","55,201","71,055",0.3120,0.5628,1.2410
50,0.563333,0.569952,"4,376","1,003",0.1865,"524,135","152,309","56,204","70,052",0.3150,0.5548,1.2064
51,0.570000,0.572500,"4,084","1,040",0.2030,"528,219","148,225","57,244","69,012",0.3177,0.5466,1.1740
52,0.572500,0.579952,"4,789","1,052",0.1801,"533,008","143,436","58,296","67,960",0.3215,0.5383,1.1361
53,0.580000,0.583000,"4,349","1,112",0.2036,"537,357","139,087","59,408","66,848",0.3246,0.5295,1.1016
54,0.583000,0.589976,"4,172","1,003",0.1938,"541,529","134,915","60,411","65,845",0.3280,0.5215,1.0686
55,0.590000,0.593310,"4,261","1,119",0.2080,"545,790","130,654","61,530","64,726",0.3313,0.5127,1.0348
56,0.593333,0.600000,"3,875","1,021",0.2085,"549,665","126,779","62,551","63,705",0.3344,0.5046,1.0041
57,0.600000,0.603310,"3,990","1,142",0.2225,"553,655","122,789","63,693","62,563",0.3375,0.4955,0.9725
58,0.603333,0.610000,"3,709","1,004",0.2130,"557,364","119,080","64,697","61,559",0.3408,0.4876,0.9432
59,0.610000,0.613333,"4,029","1,145",0.2213,"561,393","115,051","65,842","60,414",0.3443,0.4785,0.9113
60,0.613333,0.620000,"3,340","1,016",0.2332,"564,733","111,711","66,858","59,398",0.3471,0.4705,0.8848
61,0.620000,0.622952,"3,690","1,101",0.2298,"568,423","108,021","67,959","58,297",0.3505,0.4617,0.8556
62,0.622976,0.630000,"3,369","1,000",0.2289,"571,792","104,652","68,959","57,297",0.3538,0.4538,0.8289
63,0.630000,0.632617,"3,450","1,064",0.2357,"575,242","101,202","70,023","56,233",0.3572,0.4454,0.8016
64,0.632619,0.640000,"3,278","1,000",0.2338,"578,520","97,924","71,023","55,233",0.3606,0.4375,0.7756
65,0.640000,0.642452,"3,125","1,139",0.2671,"581,645","94,799","72,162","54,094",0.3633,0.4284,0.7508
66,0.642500,0.650000,"3,201","1,043",0.2458,"584,846","91,598","73,205","53,051",0.3668,0.4202,0.7255
67,0.650000,0.652500,"3,038","1,165",0.2772,"587,884","88,560","74,370","51,886",0.3694,0.4110,0.7014
68,0.652500,0.660000,"3,133","1,050",0.2510,"591,017","85,427","75,420","50,836",0.3731,0.4026,0.6766
69,0.660000,0.662500,"2,987","1,086",0.2666,"594,004","82,440","76,506","49,750",0.3764,0.3940,0.6530
70,0.662500,0.670000,"3,079","1,046",0.2536,"597,083","79,361","77,552","48,704",0.3803,0.3858,0.6286
71,0.670000,0.672500,"2,846","1,097",0.2782,"599,929","76,515","78,649","47,607",0.3836,0.3771,0.6060
72,0.672500,0.680000,"2,871","1,001",0.2585,"602,800","73,644","79,650","46,606",0.3876,0.3691,0.5833
73,0.680000,0.682500,"2,599","1,159",0.3084,"605,399","71,045","80,809","45,447",0.3901,0.3600,0.5627
74,0.682500,0.690000,"2,686","1,025",0.2762,"608,085","68,359","81,834","44,422",0.3939,0.3518,0.5414
75,0.690000,0.692000,"2,538","1,125",0.3071,"610,623","65,821","82,959","43,297",0.3968,0.3429,0.5213
76,0.692000,0.700000,"2,699","1,006",0.2715,"613,322","63,122","83,965","42,291",0.4012,0.3350,0.5000
77,0.700000,0.701577,"2,242","1,005",0.3095,"615,564","60,880","84,970","41,286",0.4041,0.3270,0.4822
78,0.701667,0.710000,"2,737","1,012",0.2699,"618,301","58,143","85,982","40,274",0.4092,0.3190,0.4605
79,0.710000,0.711889,"2,316","1,168",0.3352,"620,617","55,827","87,150","39,106",0.4119,0.3097,0.4422
80,0.711905,0.720000,"2,377","1,000",0.2961,"622,994","53,450","88,150","38,106",0.4162,0.3018,0.4233
81,0.720000,0.730000,"4,498","1,940",0.3013,"627,492","48,952","90,090","36,166",0.4249,0.2864,0.3877
82,0.730000,0.731000,"1,927","1,086",0.3604,"629,419","47,025","91,176","35,080",0.4273,0.2778,0.3725
83,0.731000,0.740000,"2,334","1,003",0.3006,"631,753","44,691","92,179","34,077",0.4326,0.2699,0.3540
84,0.740000,0.750000,"4,093","1,990",0.3271,"635,846","40,598","94,169","32,087",0.4415,0.2541,0.3216
85,0.750000,0.760000,"3,891","1,993",0.3387,"639,737","36,707","96,162","30,094",0.4505,0.2384,0.2907
86,0.760000,0.770000,"3,612","2,045",0.3615,"643,349","33,095","98,207","28,049",0.4587,0.2222,0.2621
87,0.770000,0.770000,"1,508","1,035",0.4070,"644,857","31,587","99,242","27,014",0.4610,0.2140,0.2502
88,0.770000,0.780000,"1,909","1,001",0.3440,"646,766","29,678","100,243","26,013",0.4671,0.2060,0.2351
89,0.780000,0.790000,"3,169","1,963",0.3825,"649,935","26,509","102,206","24,050",0.4757,0.1905,0.2100
90,0.790000,0.800000,"3,027","1,976",0.3950,"652,962","23,482","104,182","22,074",0.4845,0.1748,0.1860
91,0.800000,0.810000,"2,824","1,855",0.3965,"655,786","20,658","106,037","20,219",0.4946,0.1601,0.1636
92,0.810000,0.820000,"2,649","1,834",0.4091,"658,435","18,009","107,871","18,385",0.5052,0.1456,0.1426
93,0.820000,0.830000,"2,343","1,798",0.4342,"660,778","15,666","109,669","16,587",0.5143,0.1314,0.1241
94,0.830000,0.840000,"2,187","1,692",0.4362,"662,965","13,479","111,361","14,895",0.5250,0.1180,0.1068
95,0.840000,0.850000,"2,004","1,656",0.4525,"664,969","11,475","113,017","13,239",0.5357,0.1049,0.0909
96,0.850000,0.860000,"1,777","1,500",0.4577,"666,746","9,698","114,517","11,739",0.5476,0.0930,0.0768
97,0.860000,0.870000,"1,628","1,507",0.4807,"668,374","8,070","116,024","10,232",0.5591,0.0810,0.0639
98,0.870000,0.880000,"1,383","1,419",0.5064,"669,757","6,687","117,443","8,813",0.5686,0.0698,0.0530
99,0.880000,0.889333,"1,231","1,362",0.5253,"670,988","5,456","118,805","7,451",0.5773,0.0590,0.0432
100,0.889333,0.897500,"1,003","1,060",0.5138,"671,991","4,453","119,865","6,391",0.5894,0.0506,0.0353
101,0.897500,0.910000,"1,002","1,190",0.5429,"672,993","3,451","121,055","5,201",0.6011,0.0412,0.0273
102,0.910000,0.930000,"1,371","1,838",0.5728,"674,364","2,080","122,893","3,363",0.6179,0.0266,0.0165
103,0.930000,0.950000,"1,030","1,411",0.5780,"675,394","1,050","124,304","1,952",0.6502,0.0155,0.0083
104,0.950000,1.000000,"1,050","1,952",0.6502,"676,444",0,"126,256",0,nan,0.0000,0.0000
