,y_proba,y_test,Neg,Pos,TN,FP,FN,TP,FP/P,Prec
0,0.0,185,4600,185,4600,671844,185,126071,5.321283740970726,0.1580005389045199
1,0.0006,0,3,0,4603,671841,185,126071,5.321259979723736,0.15800113295701781
2,0.0007,0,10,0,4613,671831,185,126071,5.321180775567102,0.15800311316427332
3,0.0008,1,16,1,4629,671815,186,126070,5.321054048916487,0.15800522631707578
4,0.0009,1,23,1,4652,671792,187,126069,5.320871879356228,0.1580087258306898
5,0.001,0,40,0,4692,671752,187,126069,5.320555062729692,0.15801664784456665
6,0.0011,1,51,1,4743,671701,188,126068,5.320151121530858,0.15802569415457357
7,0.0012,1,43,1,4786,671658,189,126067,5.319810543657331,0.1580331567896205
8,0.0013,1,15,1,4801,671643,190,126066,5.31969173742238,0.1580350729401323
9,0.0014,2,35,2,4836,671608,192,126064,5.31941452287416,0.15803989609764416
10,0.0015,1,28,1,4864,671580,193,126063,5.319192751235585,0.1580443882789669
11,0.0016,0,25,0,4889,671555,193,126063,5.3189947408439995,0.15804934191555356
12,0.0017,3,75,3,4964,671480,196,126060,5.318400709669244,0.15806103769089952
13,0.0018,1,33,1,4997,671447,197,126059,5.318139335952351,0.15806652238353067
14,0.0019,3,15,3,5012,671432,200,126056,5.3180205297173995,0.15806632827077022
15,0.002,6,110,6,5122,671322,206,126050,5.317149283994424,0.15808179870875827
16,0.0021,4,40,4,5162,671282,210,126046,5.316832467367887,0.15808550558866616
17,0.0022,0,37,0,5199,671245,210,126046,5.316539411988341,0.15809284188583592
18,0.0023,0,8,0,5207,671237,210,126046,5.316476048663034,0.1580944282017803
19,0.0024,0,5,0,5212,671232,210,126046,5.316436446584717,0.15809541966541157
20,0.0025,3,88,3,5300,671144,213,126043,5.315739450006336,0.15810970324403184
21,0.0026,3,12,3,5312,671132,216,126040,5.315644405018375,0.15810891501457652
22,0.0027,2,35,2,5347,671097,218,126038,5.315367190470156,0.15811374484873955
23,0.0028,0,13,0,5360,671084,218,126038,5.315264225066532,0.1581163234736966
24,0.0029,4,65,4,5425,671019,222,126034,5.314749398048409,0.15812499294275287
25,0.003,1,51,1,5476,670968,223,126033,5.314345456849575,0.1581340550388268
26,0.0031,1,35,1,5511,670933,224,126032,5.314068242301356,0.15813994341031287
27,0.0032,1,42,1,5553,670891,225,126031,5.313735584843492,0.15814722143446913
28,0.0033,10,191,10,5744,670700,235,126021,5.31222278545178,0.1581745680106336
29,0.0034,0,4,0,5748,670696,235,126021,5.312191103789127,0.15817536214239183
30,0.0035,1,13,1,5761,670683,236,126020,5.312088138385502,0.15817688649346118
31,0.0036,1,18,1,5779,670665,237,126019,5.3119455709035615,0.15817940362803823
32,0.0037,0,15,0,5794,670650,237,126019,5.31182676466861,0.15818238189260533
33,0.0038,4,85,4,5879,670565,241,126015,5.311153529337219,0.15819503376936403
34,0.0039,0,5,0,5884,670560,241,126015,5.311113927258902,0.15819602673947838
35,0.004,4,70,4,5954,670490,245,126011,5.310559498162464,0.1582057021899533
36,0.0041,2,20,2,5974,670470,247,126009,5.310401089849195,0.15820756102797437
37,0.0042,0,3,0,5977,670467,247,126009,5.310377328602205,0.1582081569312823
38,0.0043,2,58,2,6035,670409,249,126007,5.309917944493727,0.15821756468981035
39,0.0044,1,22,1,6057,670387,250,126006,5.309743695349132,0.15822087838542026
40,0.0045,3,60,3,6117,670327,253,126003,5.309268470409327,0.1582296284203785
41,0.0046,1,22,1,6139,670305,254,126002,5.309094221264732,0.15823294282230346
42,0.0047,3,35,3,6174,670270,257,125999,5.308817006716512,0.15823672653337
43,0.0048,0,16,0,6190,670254,257,125999,5.308690280065898,0.15823990616047914
44,0.0049,0,8,0,6198,670246,257,125999,5.30862691674059,0.15824149602195303
45,0.005,17,264,17,6462,669982,274,125982,5.3065359270054495,0.1582760024322708
46,0.0051,0,5,0,6467,669977,274,125982,5.306496324927132,0.1582769966794772
47,0.0052,0,6,0,6473,669971,274,125982,5.3064488024331515,0.15827818979261338
48,0.0053,1,34,1,6507,669937,275,125981,5.306179508300596,0.15828389356692524
49,0.0054,1,24,1,6531,669913,276,125980,5.305989418324674,0.1582876090127693
50,0.0055,0,17,0,6548,669896,276,125980,5.305854771258396,0.15829099005372696
51,0.0056,2,45,2,6593,669851,278,125978,5.305498352553542,0.15829782528658795
52,0.0057,3,59,3,6652,669792,281,125975,5.3050310480294005,0.15830638867909827
53,0.0058,0,29,0,6681,669763,281,125975,5.304801355975162,0.15831215802186147
54,0.0059,0,15,0,6696,669748,281,125975,5.30468254974021,0.15831514232968005
55,0.006,4,48,4,6744,669700,285,125971,5.304302369788367,0.1583204615978212
56,0.0061,4,17,4,6761,669683,289,125967,5.304167722722088,0.1583196128951172
57,0.0062,1,46,1,6807,669637,290,125966,5.303803383601571,0.15832770866877074
58,0.0063,0,10,0,6817,669627,290,125966,5.303724179444937,0.15832969872786715
59,0.0064,0,15,0,6832,669612,290,125966,5.303605373209986,0.15833268391031427
60,0.0065,0,43,0,6875,669569,290,125966,5.303264795336459,0.15834124205723193
61,0.0066,0,9,0,6884,669560,290,125966,5.303193511595489,0.15834303341436987
62,0.0067,5,263,5,7147,669297,295,125961,5.301110442276011,0.15839010736138462
63,0.0068,2,18,2,7165,669279,297,125959,5.300967874794069,0.15839157585527855
64,0.0069,1,15,1,7180,669264,298,125958,5.300849068559118,0.15839350520986592
65,0.007,5,68,5,7248,669196,303,125953,5.300310480294006,0.15840175866409945
66,0.0071,4,49,4,7297,669147,307,125949,5.299922379926499,0.15840728666727036
67,0.0072,5,29,5,7326,669118,312,125944,5.29969268787226,0.15840777197250025
68,0.0073,2,35,2,7361,669083,314,125942,5.29941547332404,0.15841262853369392
69,0.0074,1,16,1,7377,669067,315,125941,5.299288746673425,0.15841475809048464
70,0.0075,6,124,6,7501,668943,321,125935,5.298306615131162,0.15843311803823984
71,0.0076,1,29,1,7530,668914,322,125934,5.298076923076923,0.15843783968758807
72,0.0077,1,15,1,7545,668899,323,125933,5.297958116841972,0.15843977092014414
73,0.0078,1,24,1,7569,668875,324,125932,5.29776802686605,0.15844349634565372
74,0.0079,0,27,0,7596,668848,324,125932,5.297554175643138,0.15844887893505122
75,0.008,3,35,3,7631,668813,327,125929,5.297276961094918,0.15845268024088321
76,0.0081,1,34,1,7665,668779,328,125928,5.2970076669623625,0.15845840039159087
77,0.0082,1,7,1,7672,668772,329,125927,5.296952224052719,0.15845873720742068
78,0.0083,4,68,4,7740,668704,333,125923,5.296413635787606,0.15846806111546674
79,0.0084,3,29,3,7769,668675,336,125920,5.296183943733367,0.15847066744693838
80,0.0085,1,23,1,7792,668652,337,125919,5.296001774173108,0.15847419550927483
81,0.0086,2,8,2,7800,668644,339,125917,5.295938410847802,0.1584736728835168
82,0.0087,4,44,4,7844,668600,343,125913,5.2955899125586114,0.1584782124395699
83,0.0088,2,29,2,7873,668571,345,125911,5.295360220504372,0.1584818787587384
84,0.0089,1,17,1,7890,668554,346,125910,5.295225573438094,0.1584842107383091
85,0.009,2,42,2,7932,668512,348,125908,5.29489291598023,0.15849047103547242
86,0.0091,0,9,0,7941,668503,348,125908,5.29482163223926,0.1584922665975169
87,0.0092,2,40,2,7981,668463,350,125906,5.294504815612723,0.15849812870341112
88,0.0093,2,18,2,7999,668445,352,125904,5.294362248130782,0.15849960156052315
89,0.0094,2,46,2,8045,668399,354,125902,5.2939979090102645,0.15850666183222734
90,0.0095,1,39,1,8084,668360,355,125901,5.293689012799391,0.15851338539850252
91,0.0096,1,22,1,8106,668338,356,125900,5.293514763654796,0.15851671665168376
92,0.0097,1,21,1,8127,668317,357,125899,5.293348434925865,0.1585198485046889
93,0.0098,0,20,0,8147,668297,357,125899,5.293190026612597,0.15852384046255585
94,0.0099,0,15,0,8162,668282,357,125899,5.293071220377645,0.1585268345629019
95,0.01,32,514,32,8676,667768,389,125867,5.28900012672665,0.15859557605196342
96,0.0101,0,12,0,8688,667756,389,125867,5.288905081738689,0.15859797410105303
97,0.0102,0,8,0,8696,667748,389,125867,5.288841718413383,0.15859957284073511
98,0.0103,1,16,1,8712,667732,390,125866,5.288714991762768,0.15860171018576155
99,0.0104,5,40,5,8752,667692,395,125861,5.288398175136231,0.15860440323456657
100,0.0105,1,2,1,8754,667690,396,125860,5.288382334304904,0.15860374267531976
101,0.0106,1,35,1,8789,667655,397,125859,5.288105119756684,0.1586096779640939
102,0.0107,0,48,0,8837,667607,397,125859,5.287724939804841,0.1586192729115047
103,0.0108,2,42,2,8879,667565,399,125857,5.2873922823469774,0.15862554857314268
104,0.0109,3,33,3,8912,667532,402,125854,5.287130908630085,0.15862896496787188
105,0.011,1,58,1,8970,667474,403,125853,5.286671524521607,0.1586395017439215
106,0.0111,3,38,3,9008,667436,406,125850,5.2863705487263974,0.15864391909097098
107,0.0112,3,47,3,9055,667389,409,125847,5.285998289190217,0.15865013690755336
108,0.0113,1,10,1,9065,667379,410,125846,5.285919085033583,0.15865107630243624
109,0.0114,2,20,2,9085,667359,412,125844,5.285760676720314,0.15865295517036623
110,0.0115,5,51,5,9136,667308,417,125839,5.28535673552148,0.15865785283182057
111,0.0117,4,51,4,9187,667257,421,125835,5.284952794322646,0.15866381201676477
112,0.0118,1,38,1,9225,667219,422,125834,5.284651818527436,0.15867035368380172
113,0.0119,1,15,1,9240,667204,423,125833,5.284533012292485,0.15867229397871727
114,0.012,2,67,2,9307,667137,425,125831,5.284002344443036,0.15868357865638966
115,0.0121,0,20,0,9327,667117,425,125831,5.283843936129768,0.15868758102675082
116,0.0122,3,26,3,9353,667091,428,125828,5.283638005322519,0.15868960133380586
117,0.0123,3,50,3,9403,667041,431,125825,5.283241984539349,0.1586964253732661
118,0.0124,0,23,0,9426,667018,431,125825,5.28305981497909,0.15870102908141964
119,0.0125,4,67,4,9493,666951,435,125821,5.282529147129641,0.1587101966265206
120,0.0126,0,5,0,9498,666946,435,125821,5.282489545051324,0.1587111976154406
121,0.0127,1,42,1,9540,666904,436,125820,5.282156887593461,0.15871854516830575
122,0.0128,0,25,0,9565,666879,436,125820,5.281958877201876,0.15872355080553904
123,0.0129,4,65,4,9630,666814,440,125816,5.281444050183754,0.15873232151192865
124,0.013,0,26,0,9656,666788,440,125816,5.281238119376505,0.1587375284505251
125,0.0131,2,27,2,9683,666761,442,125814,5.281024268153593,0.158740813172255
126,0.0132,2,18,2,9701,666743,444,125812,5.280881700671651,0.15874229548737942
127,0.0133,10,113,10,9814,666630,454,125802,5.2799866937016855,0.15875431582773034
128,0.0134,1,12,1,9826,666618,455,125801,5.279891648713725,0.158755658307032
129,0.0135,0,13,0,9839,666605,455,125801,5.2797886833101,0.15875826280972127
130,0.0136,2,61,2,9900,666544,457,125799,5.279305537954632,0.1587683616817464
131,0.0137,2,20,2,9920,666524,459,125797,5.2791471296413635,0.1587702458978116
132,0.0138,0,18,0,9938,666506,459,125797,5.279004562159422,0.15877385293252708
133,0.0139,0,18,0,9956,666488,459,125797,5.278861994677481,0.1587774601311397
134,0.014,2,106,2,10062,666382,461,125795,5.278022430617159,0.15879658207698533
135,0.0141,0,23,0,10085,666359,461,125795,5.2778402610569,0.15880119269737955
136,0.0142,6,35,6,10120,666324,467,125789,5.277563046508681,0.1588018376166027
137,0.0143,0,31,0,10151,666293,467,125789,5.277317513623115,0.15880805270161422
138,0.0144,4,50,4,10201,666243,471,125785,5.276921492839945,0.15881382981409747
139,0.0145,1,33,1,10234,666210,472,125784,5.2766601191230516,0.15881938499534087
140,0.0146,4,25,4,10259,666185,476,125780,5.276462108731466,0.15882014988036086
141,0.0147,4,40,4,10299,666145,480,125776,5.27614529210493,0.15882392309333884
142,0.0148,2,19,2,10318,666126,482,125774,5.275994804207325,0.1588256092941028
143,0.0149,0,14,0,10332,666112,482,125774,5.275883918388037,0.1588284172216708
144,0.015,7,128,7,10460,665984,489,125767,5.27487010518312,0.15884665759815902
145,0.0151,1,27,1,10487,665957,490,125766,5.274656253960208,0.1588510122858626
146,0.0152,6,46,6,10533,665911,496,125760,5.274291914839691,0.1588538673261999
147,0.0153,5,26,5,10559,665885,501,125755,5.274085984032442,0.15885377191652772
148,0.0154,0,26,0,10585,665859,501,125755,5.273880053225193,0.15885898935592346
149,0.0155,2,28,2,10613,665831,503,125753,5.273658281586617,0.15886248332457453
150,0.0156,0,27,0,10640,665804,503,125753,5.273444430363705,0.15886790212202026
151,0.0157,0,44,0,10684,665760,503,125753,5.273095932074515,0.15887673354701692
152,0.0158,1,24,1,10708,665736,504,125752,5.272905842098593,0.15888048839653918
153,0.0159,0,25,0,10733,665711,504,125752,5.272707831707008,0.1588855069662132
154,0.016,4,53,4,10786,665658,508,125748,5.272288049676847,0.15889189619487343
155,0.0161,1,19,1,10805,665639,509,125747,5.2721375617792425,0.15889464812367163
156,0.0162,1,29,1,10834,665610,510,125746,5.271907869725003,0.15889940810456987
157,0.0163,5,38,5,10872,665572,515,125741,5.2716068939297935,0.15890172409653322
158,0.0164,1,44,1,10916,665528,516,125740,5.271258395640603,0.15890949716151798
159,0.0165,1,17,1,10933,665511,517,125739,5.271123748574325,0.15891184834123223
160,0.0166,2,43,2,10976,665468,519,125737,5.270783170700798,0.15891835870602436
161,0.0167,10,83,10,11059,665385,529,125727,5.270125776200735,0.1589244000849437
162,0.0168,0,17,0,11076,665368,529,125727,5.269991129134457,0.15892781524342842
163,0.0169,0,17,0,11093,665351,529,125727,5.269856482068179,0.15893123054869432
164,0.017,3,51,3,11144,665300,532,125724,5.269452540869345,0.15893828758672304
165,0.0171,2,26,2,11170,665274,534,125722,5.269246610062096,0.15894138529145532
166,0.0172,0,21,0,11191,665253,534,125722,5.2690802813331645,0.15894560510762035
167,0.0173,3,38,3,11229,665215,537,125719,5.268779305537954,0.15895005145814947
168,0.0174,3,25,3,11254,665190,540,125716,5.268581295146369,0.15895188555909298
169,0.0175,1,79,1,11333,665111,541,125715,5.26795558230896,0.15896670063958443
170,0.0176,0,9,0,11342,665102,541,125715,5.267884298567989,0.1589685097816562
171,0.0177,3,60,3,11402,665042,544,125712,5.267409073628184,0.15897738108185352
172,0.0178,0,30,0,11432,665012,544,125712,5.267171461158282,0.1589834126699076
173,0.0179,3,44,3,11476,664968,547,125709,5.2668229628690915,0.1589890688612417
174,0.018,1,60,1,11536,664908,548,125708,5.266347737929286,0.15900007083084583
175,0.0181,2,31,2,11567,664877,550,125706,5.266102205043721,0.15900417792945207
176,0.0182,0,31,0,11598,664846,550,125706,5.265856672158155,0.15901041297726146
177,0.0183,6,87,6,11685,664759,556,125700,5.265167595995438,0.1590215305284651
178,0.0184,3,22,3,11707,664737,559,125697,5.264993346850843,0.15902276470900797
179,0.0185,4,39,4,11746,664698,563,125693,5.26468445063997,0.15902635531021989
180,0.0186,1,29,1,11775,664669,564,125692,5.264454758585731,0.1590311262827999
181,0.0187,1,29,1,11804,664640,565,125691,5.264225066531491,0.15903589761758047
182,0.0188,1,12,1,11816,664628,566,125690,5.26413002154353,0.15903724829752075
183,0.0189,6,43,6,11859,664585,572,125684,5.263789443670004,0.1590395169239841
184,0.019,2,75,2,11934,664510,574,125682,5.263195412495247,0.15905248344706097
185,0.0191,0,22,0,11956,664488,574,125682,5.263021163350652,0.15905691180378906
186,0.0192,1,23,1,11979,664465,575,125681,5.262838993790394,0.1590604774307533
187,0.0193,0,17,0,11996,664448,575,125681,5.262704346724116,0.15906389969232873
188,0.0194,1,28,1,12024,664420,576,125680,5.26248257508554,0.15906847234527274
189,0.0195,1,15,1,12039,664405,577,125679,5.262363768850589,0.15907042795449597
190,0.0196,2,39,2,12078,664366,579,125677,5.262054872639716,0.1590761515512447
191,0.0197,3,21,3,12099,664345,582,125674,5.261888543910785,0.15907718675120472
192,0.0198,1,26,1,12125,664319,583,125673,5.2616826131035355,0.15908135778590163
193,0.0199,1,20,1,12145,664299,584,125672,5.261524204790267,0.15908432081684012
194,0.02,14,188,14,12333,664111,598,125658,5.260035166645546,0.15910728326890522
195,0.0201,0,13,0,12346,664098,598,125658,5.259932201241921,0.1591099022989379
196,0.0202,2,29,2,12375,664069,600,125656,5.259702509187682,0.15911361549906614
197,0.0203,4,29,4,12404,664040,604,125652,5.259472817133443,0.15911519934354154
198,0.0204,0,21,0,12425,664019,604,125652,5.259306488404511,0.1591194307502745
199,0.0205,1,18,1,12443,664001,605,125651,5.25916392092257,0.15912199297918578
200,0.0206,1,40,1,12483,663961,606,125650,5.258847104296033,0.1591289888312093
201,0.0207,2,58,2,12541,663903,608,125648,5.258387720187556,0.15913854836483013
202,0.0208,4,36,4,12577,663867,612,125644,5.258102585223672,0.15914154457632637
203,0.0209,0,19,0,12596,663848,612,125644,5.257952097326068,0.15914537449397842
204,0.021,6,87,6,12683,663761,618,125638,5.257263021163351,0.15915652287373053
205,0.0211,1,21,1,12704,663740,619,125637,5.257096692434419,0.15915969175691716
206,0.0212,0,8,0,12712,663732,619,125637,5.257033329109111,0.15916130478901502
207,0.0213,1,26,1,12738,663706,620,125636,5.256827398301863,0.15916548213575357
208,0.0214,1,24,1,12762,663682,621,125635,5.256637308325941,0.15916925645843177
209,0.0215,0,22,0,12784,663660,621,125635,5.256463059181346,0.15917369297917763
210,0.0216,1,20,1,12804,663640,622,125634,5.256304650868078,0.15917666108347672
211,0.0217,5,43,5,12847,663597,627,125629,5.2559640729945505,0.15918000674078148
212,0.0218,3,33,3,12880,663564,630,125626,5.255702699277658,0.15918346659232885
213,0.0219,1,32,1,12912,663532,631,125625,5.255449245976429,0.15918885595641932
214,0.022,6,82,6,12994,663450,637,125619,5.254799771892029,0.15919900541017326
215,0.0221,2,28,2,13022,663422,639,125617,5.254578000253454,0.1592025235761477
216,0.0222,1,17,1,13039,663405,640,125616,5.254443353187176,0.1592048880828267
217,0.0223,3,9,3,13048,663396,643,125613,5.254372069446204,0.15920350718432869
218,0.0224,3,30,3,13078,663366,646,125610,5.254134456976302,0.15920636369167124
219,0.0225,9,53,9,13131,663313,655,125601,5.253714674946141,0.1592074674806126
220,0.0226,2,42,2,13173,663271,657,125599,5.253382017488278,0.15921381216169964
221,0.0227,2,57,2,13230,663214,659,125597,5.252930553795463,0.15922318527505322
222,0.0228,0,15,0,13245,663199,659,125597,5.252811747560512,0.15922621311467097
223,0.0229,3,68,3,13313,663131,662,125594,5.2522731592954,0.15923674284446418
224,0.023,1,33,1,13346,663098,663,125593,5.252011785578508,0.15924233952206884
225,0.0231,4,31,4,13377,663067,667,125589,5.251766252692941,0.1592443346655576
226,0.0232,0,14,0,13391,663053,667,125589,5.251655366873654,0.1592471615764821
227,0.0233,2,88,2,13479,662965,669,125587,5.250958370295273,0.15926280067769785
228,0.0234,4,50,4,13529,662915,673,125583,5.250562349512102,0.15926863479679085
229,0.0235,2,46,2,13575,662869,675,125581,5.2501980103915855,0.15927579427991628
230,0.0236,0,32,0,13607,662837,675,125581,5.249944557090356,0.15928225890327213
231,0.0237,3,31,3,13638,662806,678,125578,5.24969902420479,0.1592853228883387
232,0.0238,0,23,0,13661,662783,678,125578,5.249516854644532,0.15928996995031464
233,0.0239,3,38,3,13699,662745,681,125575,5.249215878849322,0.15929444895473918
234,0.024,1,65,1,13764,662680,682,125574,5.2487010518312,0.15930651794979792
235,0.0241,1,35,1,13799,662645,683,125573,5.248423837282981,0.15931252521510547
236,0.0242,2,72,2,13871,662573,685,125571,5.2478535673552145,0.15932494569520292
237,0.0243,1,24,1,13895,662549,686,125570,5.247663477379293,0.1593287308134939
238,0.0244,3,9,3,13904,662540,689,125567,5.247592193638322,0.15932735022021122
239,0.0245,3,61,3,13965,662479,692,125564,5.247109048282854,0.1593364829076586
240,0.0246,5,38,5,14003,662441,697,125559,5.246808072487644,0.15933883248730965
241,0.0247,2,13,2,14016,662428,699,125557,5.246705107084019,0.15933932752527016
242,0.0248,1,21,1,14037,662407,700,125556,5.246538778355088,0.15934250719894208
243,0.0249,1,19,1,14056,662388,701,125555,5.2463882904574834,0.1593452825902381
244,0.025,7,157,7,14213,662231,708,125548,5.2451447851983275,0.15936956938430702
245,0.0251,3,19,3,14232,662212,711,125545,5.244994297300722,0.15937021188005945
246,0.0252,3,25,3,14257,662187,714,125542,5.244796286909137,0.1593720683128335
247,0.0253,3,34,3,14291,662153,717,125539,5.2445269927765805,0.15937574584990072
248,0.0254,2,34,2,14325,662119,719,125537,5.244257698644025,0.1593804909757559
249,0.0255,0,12,0,14337,662107,719,125537,5.244162653656064,0.15938291918684075
250,0.0256,0,26,0,14363,662081,719,125537,5.243956722848815,0.15938818056468998
251,0.0257,2,21,2,14384,662060,721,125535,5.243790394119883,0.15939029577384314
252,0.0258,1,34,1,14418,662026,722,125534,5.243521099987327,0.15939610950276803
253,0.0259,1,25,1,14443,662001,723,125533,5.243323089595742,0.15940010209083036
254,0.026,3,68,3,14511,661933,726,125530,5.24278450133063,0.15941066437407217
255,0.0261,1,20,1,14531,661913,727,125529,5.242626093017361,0.15941364570342959
256,0.0262,1,36,1,14567,661877,728,125528,5.242340958053479,0.15941986652358062
257,0.0263,0,42,0,14609,661835,728,125528,5.242008300595615,0.1594283703958657
258,0.0264,1,38,1,14647,661797,729,125527,5.241707324800405,0.15943499753595725
259,0.0265,1,15,1,14662,661782,730,125526,5.241588518565455,0.15943696748921643
260,0.0266,0,29,0,14691,661753,730,125526,5.241358826511215,0.1594428404669755
261,0.0267,4,90,4,14781,661663,734,125522,5.240645989101508,0.15945679859245285
262,0.0268,0,22,0,14803,661641,734,125522,5.240471739956913,0.15946125516570267
263,0.0269,1,20,1,14823,661621,735,125521,5.2403133316436445,0.1594642389810225
264,0.027,0,41,0,14864,661580,735,125521,5.239988594601445,0.15947254545477646
265,0.0271,0,18,0,14882,661562,735,125521,5.239846027119503,0.15947619247271252
266,0.0272,3,33,3,14915,661529,738,125518,5.239584653402611,0.159479675292581
267,0.0273,2,23,2,14938,661506,740,125516,5.239402483842352,0.15948219998932686
268,0.0274,1,25,1,14963,661481,741,125515,5.239204473450767,0.1594861981509436
269,0.0275,6,87,6,15050,661394,747,125509,5.23851539728805,0.15949742217274557
270,0.0276,0,24,0,15074,661370,747,125509,5.238325307312127,0.15950228688273546
271,0.0277,1,31,1,15105,661339,748,125508,5.238079774426562,0.15950750272924724
272,0.0278,0,29,0,15134,661310,748,125508,5.237850082372323,0.15951338174774854
273,0.0279,3,44,3,15178,661266,751,125505,5.237501584083133,0.15951909767899428
274,0.028,3,39,3,15217,661227,754,125502,5.23719268787226,0.15952380044462577
275,0.0281,0,18,0,15235,661209,754,125502,5.237050120390318,0.15952745035978905
276,0.0282,2,36,2,15271,661173,756,125500,5.2367649854264355,0.15953261393234547
277,0.0283,2,58,2,15329,661115,758,125498,5.236305601317957,0.15954223995789543
278,0.0284,3,31,3,15360,661084,761,125495,5.2360600684323915,0.15954532221175496
279,0.0285,2,40,2,15400,661044,763,125493,5.235743251805855,0.15955129892172903
280,0.0286,3,24,3,15424,661020,766,125490,5.235553161829933,0.15955296181866727
281,0.0287,3,20,3,15444,661000,769,125487,5.2353947535166645,0.15955381334974386
282,0.0288,0,18,0,15462,660982,769,125487,5.235252186034723,0.15955746507491078
283,0.0289,1,24,1,15486,660958,770,125486,5.235062096058801,0.15956126564637788
284,0.029,1,54,1,15540,660904,771,125485,5.234634393612977,0.15957115371654487
285,0.0291,1,20,1,15560,660884,772,125484,5.234475985299708,0.1595741434035973
286,0.0292,4,49,4,15609,660835,776,125480,5.234087884932201,0.15957981216179268
287,0.0293,0,5,0,15614,660830,776,125480,5.234048282853884,0.15958082690033193
288,0.0294,0,22,0,15636,660808,776,125480,5.233874033709289,0.1595852919032212
289,0.0295,4,43,4,15679,660765,780,125476,5.2335334558357625,0.1595897441115383
290,0.0296,1,32,1,15711,660733,781,125475,5.233280002534533,0.15959517074362
291,0.0297,0,24,0,15735,660709,781,125475,5.2330899125586114,0.15960004273808676
292,0.0298,2,19,2,15754,660690,783,125473,5.232939424661006,0.15960176197556994
293,0.0299,0,10,0,15764,660680,783,125473,5.232860220504372,0.15960379213715398
294,0.03,7,125,7,15889,660555,790,125466,5.231870168546445,0.1596216894968455
295,0.0301,0,13,0,15902,660542,790,125466,5.231767203142821,0.15962432952336364
296,0.0302,1,10,1,15912,660532,791,125465,5.231687998986187,0.15962529119067884
297,0.0303,2,25,2,15937,660507,793,125463,5.231489988594602,0.15962823008511776
298,0.0304,0,35,0,15972,660472,793,125463,5.231212774046382,0.15963533880028247
299,0.0305,1,31,1,16003,660441,794,125462,5.230967241160816,0.15964056632943252
300,0.0306,1,15,1,16018,660426,795,125461,5.230848434925865,0.15964254402986688
301,0.0307,2,21,2,16039,660405,797,125459,5.230682106196933,0.15964467134262417
302,0.0308,0,25,0,16064,660380,797,125459,5.230484095805348,0.15964975013965965
303,0.0309,2,19,2,16083,660361,799,125457,5.230333607907743,0.1596514714603127
304,0.031,10,51,10,16134,660310,809,125447,5.229929666708909,0.15965113896535443
305,0.0311,2,30,2,16164,660280,811,125445,5.229692054239006,0.15965509561233257
306,0.0312,0,22,0,16186,660258,811,125445,5.229517805094411,0.15965956601922102
307,0.0313,1,12,1,16198,660246,812,125444,5.22942276010645,0.15966093497435374
308,0.0314,3,13,3,16211,660233,815,125441,5.229319794702826,0.15966036804068864
309,0.0315,0,19,0,16230,660214,815,125441,5.229169306805221,0.1596642292100222
310,0.0316,3,37,3,16267,660177,818,125438,5.228876251425675,0.15966853993368252
311,0.0317,2,22,2,16289,660155,820,125436,5.2287020022810795,0.1596708719931873
312,0.0318,2,32,2,16321,660123,822,125434,5.22844854897985,0.15967523680649526
313,0.0319,3,11,3,16332,660112,825,125431,5.228361424407553,0.15967426353490516
314,0.032,1,53,1,16385,660059,826,125430,5.227941642377392,0.1596839675667005
315,0.0321,1,36,1,16421,660023,827,125429,5.227656507413509,0.15969021658866486
316,0.0322,1,9,1,16430,660014,828,125428,5.227585223672539,0.1596909765456902
317,0.0323,2,24,2,16454,659990,830,125426,5.227395133696616,0.15969371645089991
318,0.0324,3,36,3,16490,659954,833,125423,5.227109998732733,0.15969782664885782
319,0.0325,1,47,1,16537,659907,834,125422,5.226737739196553,0.15970631416896613
320,0.0326,0,10,0,16547,659897,834,125422,5.226658535039919,0.15970834781789311
321,0.0327,1,42,1,16589,659855,835,125421,5.226325877582055,0.1597158196608581
322,0.0328,0,34,0,16623,659821,835,125421,5.226056583449499,0.15972273515680516
323,0.0329,0,24,0,16647,659797,835,125421,5.2258664934735775,0.1597276170439292
324,0.033,1,36,1,16683,659761,836,125420,5.225581358509695,0.15973387027959157
325,0.0331,1,26,1,16709,659735,837,125419,5.225375427702446,0.1597380895977095
326,0.0332,1,28,1,16737,659707,838,125418,5.2251536560638705,0.15974271612800509
327,0.0333,3,80,3,16817,659627,841,125415,5.224520022810797,0.15975578376698316
328,0.0334,4,24,4,16841,659603,845,125411,5.224329932834875,0.15975638651030427
329,0.0335,3,19,3,16860,659584,848,125408,5.2241794449372705,0.1597570421099833
330,0.0336,3,34,3,16894,659550,851,125405,5.2239101508047145,0.15976075061627737
331,0.0337,0,20,0,16914,659530,851,125405,5.223751742491446,0.15976482129093492
332,0.0338,1,31,1,16945,659499,852,125404,5.22350620960588,0.15977006075910016
333,0.0339,2,26,2,16971,659473,854,125402,5.223300278798631,0.15977321229495142
334,0.034,1,36,1,17007,659437,855,125401,5.223015143834749,0.15977947041300242
335,0.0341,1,18,1,17025,659419,856,125400,5.222872576352807,0.1597820643995622
336,0.0342,1,25,1,17050,659394,857,125399,5.2226745659612215,0.15978608371889147
337,0.0343,1,20,1,17070,659374,858,125398,5.222516157647953,0.15978908523749574
338,0.0344,2,48,2,17118,659326,860,125396,5.22213597769611,0.15979671781853955
339,0.0345,2,28,2,17146,659298,862,125394,5.221914206057534,0.1598002783257635
340,0.0346,3,43,3,17189,659255,865,125391,5.221573628184007,0.15980582326297463
341,0.0347,7,35,7,17224,659220,872,125384,5.221296413635788,0.15980545600073412
342,0.0348,2,15,2,17239,659205,874,125382,5.221177607400836,0.1598063694657189
343,0.0349,0,42,0,17281,659163,874,125382,5.220844949942973,0.1598149245741162
344,0.035,2,97,2,17378,659066,876,125380,5.220076669623622,0.1598325442414137
345,0.0351,2,30,2,17408,659036,878,125378,5.219839057153719,0.15983651490156983
346,0.0352,0,31,0,17439,659005,878,125378,5.219593524268154,0.15984283188187404
347,0.0353,0,61,0,17500,658944,878,125378,5.219110378912685,0.1598552635269698
348,0.0354,0,17,0,17517,658927,878,125378,5.218975731846407,0.15985872842835377
349,0.0355,2,26,2,17543,658901,880,125376,5.2187698010391586,0.15986188553279007
350,0.0356,2,66,2,17609,658835,882,125374,5.218247053605373,0.1598731970686386
351,0.0357,3,37,3,17646,658798,885,125371,5.217953998225827,0.15987752640055905
352,0.0358,3,51,3,17697,658747,888,125368,5.217550057026993,0.15988471078859606
353,0.0359,1,38,1,17735,658709,889,125367,5.217249081231783,0.15989138807972697
354,0.036,5,31,5,17766,658678,894,125362,5.217003548346217,0.15989235243099842
355,0.0361,1,46,1,17812,658632,895,125361,5.216639209225701,0.15990066237836306
356,0.0362,2,38,2,17850,658594,897,125359,5.21633823343049,0.1599062698911797
357,0.0363,1,16,1,17866,658578,898,125358,5.216211506779876,0.1599084619152584
358,0.0364,1,25,1,17891,658553,899,125357,5.216013496388291,0.15991248995420393
359,0.0365,1,13,1,17904,658540,900,125356,5.215910530984666,0.15991407023380652
360,0.0366,1,16,1,17920,658524,901,125355,5.215783804334052,0.1599162625864451
361,0.0367,2,103,2,18023,658421,903,125353,5.214968001520719,0.1599351343627117
362,0.0368,0,33,0,18056,658388,903,125353,5.214706627803827,0.15994186855096262
363,0.0369,0,21,0,18077,658367,903,125353,5.214540299074895,0.15994615423875874
364,0.037,3,28,3,18105,658339,906,125350,5.21431852743632,0.1599486531009112
365,0.0371,1,16,1,18121,658323,907,125349,5.214191800785705,0.15995084678283772
366,0.0372,2,40,2,18161,658283,909,125347,5.213874984159169,0.1599568673991552
367,0.0373,2,14,2,18175,658269,911,125345,5.2137640983398805,0.15995758115602834
368,0.0374,0,10,0,18185,658259,911,125345,5.213684894183246,0.1599596224623662
369,0.0375,1,52,1,18237,658207,912,125344,5.2132730325687495,0.15996916601472017
370,0.0376,2,33,2,18270,658174,914,125342,5.2130116588518565,0.1599737593105948
371,0.0377,2,19,2,18289,658155,916,125340,5.212861170954252,0.1599754944192369
372,0.0378,3,38,3,18327,658117,919,125337,5.212560195159042,0.15998003711768655
373,0.0379,3,27,3,18354,658090,922,125334,5.2123463439361295,0.1599823339596438
374,0.038,3,80,3,18434,658010,925,125331,5.211712710683057,0.15999545536362836
375,0.0381,2,42,2,18476,657968,927,125329,5.211380053225193,0.1600018894493404
376,0.0382,0,13,0,18489,657955,927,125329,5.211277087821569,0.1600045449670873
377,0.0383,6,35,6,18524,657920,933,125323,5.21099987327335,0.1600052601810677
378,0.0384,2,41,2,18565,657879,935,125321,5.210675136231149,0.1600114913176711
379,0.0385,1,25,1,18590,657854,936,125320,5.210477125839564,0.16001552656242418
380,0.0386,2,33,2,18623,657821,938,125318,5.2102157521226715,0.16002012414143593
381,0.0387,0,20,0,18643,657801,938,125318,5.210057343809403,0.16002421087982796
382,0.0388,2,46,2,18689,657755,940,125316,5.209693004688886,0.16003146585686356
383,0.0389,1,63,1,18752,657692,941,125315,5.209194018502091,0.16004326908954836
384,0.039,3,21,3,18773,657671,944,125312,5.209027689773159,0.16004434323606004
385,0.0391,1,26,1,18799,657645,945,125311,5.208821758965911,0.16004858510567643
386,0.0392,5,56,5,18855,657589,950,125306,5.208378215688759,0.16005466888918693
387,0.0393,2,39,2,18894,657550,952,125304,5.208069319477886,0.16006049659323449
388,0.0394,2,38,2,18932,657512,954,125302,5.207768343682677,0.1600661204321844
389,0.0395,2,12,2,18944,657500,956,125300,5.207673298694716,0.16006642820643843
390,0.0396,2,45,2,18989,657455,958,125298,5.207316879989862,0.1600734842281026
391,0.0397,2,35,2,19024,657420,960,125296,5.207039665441642,0.16007849590400605
392,0.0398,2,23,2,19047,657397,962,125294,5.206857495881384,0.160081053698075
393,0.0399,0,45,0,19092,657352,962,125294,5.20650107717653,0.16009025791992804
394,0.04,3,90,3,19182,657262,965,125291,5.205788239766823,0.16010544972672777
395,0.0401,1,22,1,19204,657240,966,125290,5.205613990622228,0.1601088776149157
396,0.0402,1,11,1,19215,657229,967,125289,5.20552686604993,0.16011005497637115
397,0.0403,2,26,2,19241,657203,969,125287,5.205320935242682,0.16011322828406752
398,0.0404,1,78,1,19319,657125,970,125286,5.204703142820935,0.1601281168081737
399,0.0405,2,17,2,19336,657108,972,125284,5.204568495754657,0.16012944917637195
400,0.0406,0,44,0,19380,657064,972,125284,5.204219997465467,0.16013845500979104
401,0.0407,8,50,8,19430,657014,980,125276,5.203823976682297,0.16014010149688734
402,0.0408,5,30,5,19460,656984,985,125271,5.203586364212394,0.1601408747786847
403,0.0409,2,8,2,19468,656976,987,125269,5.2035230008870865,0.160140365230842
404,0.041,2,35,2,19503,656941,989,125267,5.203245786338867,0.16014538332515135
405,0.0411,1,27,1,19530,656914,990,125266,5.203031935115955,0.16014983763328133
406,0.0412,5,44,5,19574,656870,995,125261,5.2026834368267645,0.16015347812578712
407,0.0413,0,21,0,19595,656849,995,125261,5.202517108097833,0.16015777831762795
408,0.0414,1,30,1,19625,656819,996,125260,5.202279495627931,0.1601628479987316
409,0.0415,2,37,2,19662,656782,998,125258,5.201986440248384,0.16016827783745077
410,0.0416,2,34,2,19696,656748,1000,125256,5.201717146115828,0.160173093743766
411,0.0417,3,45,3,19741,656703,1003,125253,5.201360727410974,0.1601790893605267
412,0.0418,1,35,1,19776,656668,1004,125252,5.201083512862755,0.16018518518518518
413,0.0419,1,10,1,19786,656658,1005,125251,5.201004308706121,0.16018615977051037
414,0.042,1,26,1,19812,656632,1006,125250,5.200798377898872,0.16019041236401402
415,0.0421,5,23,5,19835,656609,1011,125245,5.200616208338614,0.1601897540973123
416,0.0422,1,24,1,19859,656585,1012,125244,5.200426118362691,0.16019359732115335
417,0.0423,0,25,0,19884,656560,1012,125244,5.200228107971106,0.16019871988375603
418,0.0424,2,48,2,19932,656512,1014,125242,5.199847928019262,0.1602064076423018
419,0.0425,3,31,3,19963,656481,1017,125239,5.199602395133697,0.1602095379419741
420,0.0426,1,44,1,20007,656437,1018,125238,5.199253896844507,0.16021748168996067
421,0.0427,4,40,4,20047,656397,1022,125234,5.19893708021797,0.16022138323582355
422,0.0428,4,36,4,20083,656361,1026,125230,5.198651945254087,0.16022446522541842
423,0.0429,0,9,0,20092,656352,1026,125230,5.198580661513116,0.16022631022720585
424,0.043,2,18,2,20110,656334,1028,125228,5.198438094031175,0.1602278514052628
425,0.0431,3,22,3,20132,656312,1031,125225,5.198263844886579,0.16022913822378212
426,0.0432,0,25,0,20157,656287,1031,125225,5.198065834494995,0.16023426383727954
427,0.0433,2,45,2,20202,656242,1033,125223,5.197709415790141,0.1602413415827964
428,0.0434,0,8,0,20210,656234,1033,125223,5.197646052464833,0.16024298201948411
429,0.0435,2,39,2,20249,656195,1035,125221,5.19733715625396,0.1602488303285318
430,0.0436,1,45,1,20294,656150,1036,125220,5.196980737549106,0.16025698452717663
431,0.0437,1,28,1,20322,656122,1037,125219,5.196758965910531,0.16026165272269086
432,0.0438,1,34,1,20356,656088,1038,125218,5.196489671777975,0.16026755202187107
433,0.0439,2,49,2,20405,656039,1040,125216,5.196101571410468,0.16027545423709288
434,0.044,3,34,3,20439,656005,1043,125213,5.195832277277912,0.1602792050362383
435,0.0441,4,29,4,20468,655976,1047,125209,5.195602585223672,0.16028085536716655
436,0.0442,1,13,1,20481,655963,1048,125208,5.1954996198200485,0.1602824477611176
437,0.0443,0,30,0,20511,655933,1048,125208,5.195262007350146,0.16028860346595558
438,0.0444,2,49,2,20560,655884,1050,125206,5.194873906982639,0.16029650872498688
439,0.0445,1,23,1,20583,655861,1051,125205,5.19469173742238,0.1603001538922447
440,0.0446,0,34,0,20617,655827,1051,125205,5.194422443289824,0.16030713210214179
441,0.0447,1,36,1,20653,655791,1052,125204,5.194137308325941,0.16031344630887523
442,0.0448,5,21,5,20674,655770,1057,125199,5.193970979597009,0.16031238115725463
443,0.0449,0,7,0,20681,655763,1057,125199,5.193915536687365,0.16031381808589917
444,0.045,3,72,3,20753,655691,1060,125196,5.193345266759599,0.16032537358158094
445,0.0451,0,12,0,20765,655679,1060,125196,5.193250221771638,0.16032783736193373
446,0.0452,0,5,0,20770,655674,1060,125196,5.193210619693321,0.16032886395942986
447,0.0453,3,23,3,20793,655651,1063,125193,5.193028450133063,0.16033036048173516
448,0.0454,2,25,2,20818,655626,1065,125191,5.192830439741478,0.16033334315210862
449,0.0455,0,19,0,20837,655607,1065,125191,5.192679951843873,0.16033724471630306
450,0.0456,1,30,1,20867,655577,1066,125190,5.1924423393739705,0.16034233004212525
451,0.0457,0,23,0,20890,655554,1066,125190,5.192260169813712,0.16034705357966247
452,0.0458,2,20,2,20910,655534,1068,125188,5.192101761500443,0.16034901027510431
453,0.0459,0,10,0,20920,655524,1068,125188,5.192022557343809,0.16035106415682096
454,0.046,2,50,2,20970,655474,1070,125186,5.191626536560639,0.16035918325519433
455,0.0461,2,40,2,21010,655434,1072,125184,5.191309719934102,0.1603652490718892
456,0.0462,1,45,1,21055,655389,1073,125183,5.190953301229248,0.16037341846748282
457,0.0463,4,40,4,21095,655349,1077,125179,5.190636484602712,0.16037733431728265
458,0.0464,2,23,2,21118,655326,1079,125177,5.190454315042453,0.1603799088536495
459,0.0465,2,27,2,21145,655299,1081,125175,5.190240463819541,0.16038330552971655
460,0.0466,0,24,0,21169,655275,1081,125175,5.1900503738436194,0.16038823755525658
461,0.0467,4,69,4,21238,655206,1085,125171,5.189503865162844,0.16039811526992723
462,0.0468,0,30,0,21268,655176,1085,125171,5.189266252692941,0.16040428168494272
463,0.0469,4,23,4,21291,655153,1089,125167,5.189084083132683,0.16040470576173876
464,0.047,2,18,2,21309,655135,1091,125165,5.1889415156507415,0.1604062540048699
465,0.0471,1,17,1,21326,655118,1092,125164,5.1888068685844635,0.1604086727618989
466,0.0472,0,22,0,21348,655096,1092,125164,5.188632619439868,0.1604131956014662
467,0.0473,0,22,0,21370,655074,1092,125164,5.188458370295273,0.16041771869609017
468,0.0474,1,16,1,21386,655058,1093,125163,5.188331643644658,0.1604199323012326
469,0.0475,2,40,2,21426,655018,1095,125161,5.188014827018122,0.16042600480146224
470,0.0476,2,34,2,21460,654984,1097,125159,5.1877455328855655,0.16043084408884012
471,0.0477,1,19,1,21479,654965,1098,125158,5.187595044987961,0.16043367520250013
472,0.0478,4,51,4,21530,654914,1102,125154,5.187191103789127,0.1604398590892076
473,0.0479,0,26,0,21556,654888,1102,125154,5.186985172981878,0.1604452067965571
474,0.048,8,49,8,21605,654839,1110,125146,5.18659707261437,0.16044667525657544
475,0.0481,4,26,4,21631,654813,1114,125142,5.186391141807122,0.16044771813758485
476,0.0482,3,39,3,21670,654774,1117,125139,5.186082245596249,0.16045251201095506
477,0.0483,4,36,4,21706,654738,1121,125135,5.185797110632366,0.1604556126446229
478,0.0484,0,10,0,21716,654728,1121,125135,5.185717906475732,0.16045767012924064
479,0.0485,1,31,1,21747,654697,1122,125134,5.185472373590166,0.16046297210549465
480,0.0486,1,22,1,21769,654675,1123,125133,5.185298124445571,0.16046642250400098
481,0.0487,0,35,0,21804,654640,1123,125133,5.185020909897351,0.16047362501651122
482,0.0488,1,50,1,21854,654590,1124,125132,5.184624889114181,0.16048283875535127
483,0.0489,0,43,0,21897,654547,1124,125132,5.184284311240654,0.16049168952863935
484,0.049,2,21,2,21918,654526,1126,125130,5.184117982511722,0.16049385883004813
485,0.0491,2,33,2,21951,654493,1128,125128,5.183856608794829,0.16049849862946228
486,0.0492,2,46,2,21997,654447,1130,125126,5.183492269674312,0.16050581536302566
487,0.0493,1,19,1,22016,654428,1131,125125,5.183341781776708,0.16050865047020535
488,0.0494,0,16,0,22032,654412,1131,125125,5.183215055126093,0.1605119449108894
489,0.0495,0,10,0,22042,654402,1131,125125,5.1831358509694585,0.16051400400499277
490,0.0496,1,13,1,22055,654389,1132,125124,5.183032885565835,0.16051560397324996
491,0.0497,3,74,3,22129,654315,1135,125121,5.182446774806742,0.16052761227349005
492,0.0498,2,44,2,22173,654271,1137,125119,5.182098276517552,0.1605345205866126
493,0.0499,1,13,1,22186,654258,1138,125118,5.181995311113927,0.16053612120465605
494,0.05,6,64,6,22250,654194,1144,125112,5.181488404511469,0.16054284196451715
495,0.0501,1,27,1,22277,654167,1145,125111,5.1812745532885565,0.16054732714127692
496,0.0502,2,34,2,22311,654133,1147,125109,5.1810052591560005,0.16055217762902924
497,0.0503,2,38,2,22349,654095,1149,125107,5.18070428336079,0.16055785277758527
498,0.0504,0,17,0,22366,654078,1149,125107,5.180569636294512,0.16056135577558603
499,0.0505,2,35,2,22401,654043,1151,125105,5.180292421746294,0.1605664135696941
500,0.0506,2,30,2,22431,654013,1153,125103,5.180054809276391,0.16057044137201648
501,0.0507,1,43,1,22474,653970,1154,125102,5.179714231402864,0.16057822640269448
502,0.0508,3,54,3,22528,653916,1157,125099,5.179286528957039,0.16058612478578718
503,0.0509,0,35,0,22563,653881,1157,125099,5.1790093144088205,0.16059334000872935
504,0.051,3,27,3,22590,653854,1160,125096,5.178795463185908,0.16059567366326466
505,0.0511,1,22,1,22612,653832,1161,125095,5.178621214041313,0.1605991318827053
506,0.0512,5,40,5,22652,653792,1166,125090,5.178304397414776,0.1606019910589794
507,0.0513,2,14,2,22666,653778,1168,125088,5.178193511595489,0.16060272241951762
508,0.0514,1,27,1,22693,653751,1169,125087,5.177979660372577,0.16060721228291377
509,0.0515,1,39,1,22732,653712,1170,125086,5.177670764161703,0.16061417723209356
510,0.0516,0,16,0,22748,653696,1170,125086,5.177544037511089,0.16061747703465154
511,0.0517,2,46,2,22794,653650,1172,125084,5.177179698390572,0.1606248089848395
512,0.0518,1,20,1,22814,653630,1173,125083,5.177021290077303,0.16062785647600591
513,0.0519,0,21,0,22835,653609,1173,125083,5.176854961348371,0.16063218833633838
514,0.052,1,42,1,22877,653567,1174,125082,5.176522303890509,0.16063977478941088
515,0.0521,5,22,5,22899,653545,1179,125077,5.176348054745913,0.1606389236368867
516,0.0522,5,45,5,22944,653500,1184,125072,5.17599163604106,0.1606428178768309
517,0.0523,1,16,1,22960,653484,1185,125071,5.1758649093904445,0.1606450411338955
518,0.0524,0,17,0,22977,653467,1185,125071,5.1757302623241666,0.16064854894687222
519,0.0525,2,39,2,23016,653428,1187,125069,5.1754213661132935,0.16065444054376574
520,0.0526,2,22,2,23038,653406,1189,125067,5.175247116968698,0.16065682432146008
521,0.0527,2,37,2,23075,653369,1191,125065,5.174954061589152,0.16066230406174448
522,0.0528,0,30,0,23105,653339,1191,125065,5.174716449119249,0.16066849605089387
523,0.0529,3,41,3,23146,653298,1194,125062,5.17439171207705,0.16067372424071125
524,0.053,2,35,2,23181,653263,1196,125060,5.17411449752883,0.16067879273771943
525,0.0531,1,23,1,23204,653240,1197,125059,5.173932327968572,0.16068246265252814
526,0.0532,0,33,0,23237,653207,1197,125059,5.173670954251679,0.1606892759030974
527,0.0533,8,65,8,23302,653142,1205,125051,5.1731561272335576,0.1606940694660579
528,0.0534,0,14,0,23316,653128,1205,125051,5.173045241414269,0.1606969604679643
529,0.0535,2,20,2,23336,653108,1207,125049,5.172886833101001,0.16069893350570644
530,0.0536,1,16,1,23352,653092,1208,125048,5.1727601064503865,0.1607011591744416
531,0.0537,4,30,4,23382,653062,1212,125044,5.172522493980484,0.16070304045978312
532,0.0538,1,21,1,23403,653041,1213,125043,5.172356165251553,0.16070629906282613
533,0.0539,1,35,1,23438,653006,1214,125042,5.172078950703333,0.1607124496175043
534,0.054,5,21,5,23459,652985,1219,125037,5.171912621974402,0.16071139376521487
535,0.0541,2,21,2,23480,652964,1221,125035,5.171746293245469,0.16071357418197196
536,0.0542,1,48,1,23528,652916,1222,125034,5.171366113293626,0.16072241146603253
537,0.0543,0,30,0,23558,652886,1222,125034,5.171128500823723,0.16072860962566846
538,0.0544,2,20,2,23578,652866,1224,125032,5.170970092510455,0.16073058421541128
539,0.0545,3,27,3,23605,652839,1227,125029,5.170756241287543,0.16073292640910797
540,0.0546,2,23,2,23628,652816,1229,125027,5.170574071727284,0.1607355211784383
541,0.0547,1,43,1,23671,652773,1230,125026,5.1702334938537575,0.16074332828918525
542,0.0548,2,37,2,23708,652736,1232,125024,5.169940438474211,0.1607488171158198
543,0.0549,2,44,2,23752,652692,1234,125022,5.169591940185021,0.16075575340035025
544,0.055,2,57,2,23809,652635,1236,125020,5.169140476492206,0.16076537796323562
545,0.0551,2,45,2,23854,652590,1238,125018,5.168784057787352,0.1607725229164309
546,0.0552,3,33,3,23887,652557,1241,125015,5.16852268407046,0.16077610819319627
547,0.0553,1,23,1,23910,652534,1242,125014,5.168340514510201,0.16077978465638135
548,0.0554,2,44,2,23954,652490,1244,125012,5.167992016221011,0.16078672466437385
549,0.0555,1,26,1,23980,652464,1245,125011,5.167786085413763,0.16079102221936398
550,0.0556,6,31,6,24011,652433,1251,125005,5.167540552528196,0.16079095696377074
551,0.0557,3,66,3,24077,652367,1254,125002,5.167017805094411,0.1608013697484721
552,0.0558,2,46,2,24123,652321,1256,125000,5.166653465973894,0.16080872638202234
553,0.0559,0,10,0,24133,652311,1256,125000,5.16657426181726,0.16081079516435506
554,0.056,5,48,5,24181,652263,1261,124995,5.166194081865417,0.16081532772901663
555,0.0561,0,24,0,24205,652239,1261,124995,5.166003991889494,0.16082029350234292
556,0.0562,1,30,1,24235,652209,1262,124994,5.165766379419592,0.16082542141499712
557,0.0563,1,46,1,24281,652163,1263,124993,5.165402040299075,0.1608338608979407
558,0.0564,1,33,1,24314,652130,1264,124992,5.165140666582182,0.1608396107689655
559,0.0565,0,46,0,24360,652084,1264,124992,5.164776327461666,0.16084913187384503
560,0.0566,2,39,2,24399,652045,1266,124990,5.164467431250792,0.16085504513953683
561,0.0567,3,28,3,24427,652017,1269,124987,5.164245659612217,0.1608576017626679
562,0.0568,3,21,3,24448,651996,1272,124984,5.164079330883284,0.16085870936188834
563,0.0569,0,37,0,24485,651959,1272,124984,5.163786275503738,0.1608663698623966
564,0.057,3,35,3,24520,651924,1275,124981,5.163509060955519,0.1608703766869823
565,0.0571,3,37,3,24557,651887,1278,124978,5.163216005575973,0.16087479806658814
566,0.0572,2,5,2,24562,651882,1280,124976,5.163176403497656,0.1608736731809417
567,0.0573,5,77,5,24639,651805,1285,124971,5.1625665314915725,0.1608842188739096
568,0.0574,3,31,3,24670,651774,1288,124968,5.162320998606007,0.1608873989046556
569,0.0575,1,38,1,24708,651736,1289,124967,5.162020022810797,0.160894189928454
570,0.0576,2,29,2,24737,651707,1291,124965,5.161790330756558,0.16089803675167896
571,0.0577,3,29,3,24766,651678,1294,124962,5.161560638702319,0.16090080346106303
572,0.0578,2,32,2,24798,651646,1296,124960,5.16130718540109,0.16090527242900518
573,0.0579,3,21,3,24819,651625,1299,124957,5.161140856672158,0.16090638206911825
574,0.058,1,42,1,24861,651583,1300,124956,5.160808199214295,0.16091400431916492
575,0.0581,0,13,0,24874,651570,1300,124956,5.1607052338106705,0.1609166982174454
576,0.0582,3,56,3,24930,651514,1303,124953,5.1602616905335195,0.1609250618506646
577,0.0583,4,50,4,24980,651464,1307,124949,5.159865669750348,0.16093110239009392
578,0.0584,3,59,3,25039,651405,1310,124946,5.159398365226207,0.16094009024268663
579,0.0585,1,40,1,25079,651365,1311,124945,5.15908154859967,0.16094730197987916
580,0.0586,4,36,4,25115,651329,1315,124941,5.158796413635788,0.1609504425006763
581,0.0587,2,36,2,25151,651293,1317,124939,5.158511278671905,0.1609557451895825
582,0.0588,3,27,3,25178,651266,1320,124936,5.158297427448993,0.16095810111285463
583,0.0589,1,15,1,25193,651251,1321,124935,5.1581786212140415,0.16096013069032422
584,0.059,3,19,3,25212,651232,1324,124932,5.158028133316437,0.1609608278662757
585,0.0591,1,26,1,25238,651206,1325,124931,5.1578222025091875,0.16096513888656255
586,0.0592,1,23,1,25261,651183,1326,124930,5.15764003294893,0.16096882799283094
587,0.0593,6,53,6,25314,651130,1332,124924,5.157220250918768,0.16097333432982755
588,0.0594,2,12,2,25326,651118,1334,124922,5.157125205930807,0.16097366115148704
589,0.0595,1,27,1,25353,651091,1335,124921,5.156911354707895,0.1609781807497822
590,0.0596,1,25,1,25378,651066,1336,124920,5.15671334431631,0.16098228576288748
591,0.0597,2,34,2,25412,651032,1338,124918,5.156444050183754,0.1609871770088279
592,0.0598,2,27,2,25439,651005,1340,124916,5.1562301989608414,0.16099061631274317
593,0.0599,1,16,1,25455,650989,1341,124915,5.156103472310227,0.1609928547861591
594,0.06,2,65,2,25520,650924,1343,124913,5.155588645292105,0.16100418000172717
595,0.0601,0,21,0,25541,650903,1343,124913,5.155422316563174,0.16100853810697383
596,0.0602,1,30,1,25571,650873,1344,124912,5.155184704093271,0.1610136829147251
597,0.0603,4,44,4,25615,650829,1348,124908,5.154836205804081,0.16101848951384296
598,0.0604,3,27,3,25642,650802,1351,124905,5.154622354581169,0.16102084936709352
599,0.0605,2,27,2,25669,650775,1353,124903,5.1544085033582565,0.161024291007351
600,0.0606,2,28,2,25697,650747,1355,124901,5.154186731719681,0.1610279405090969
601,0.0607,6,63,6,25760,650684,1361,124895,5.153687745532886,0.16103453033153295
602,0.0608,8,122,8,25882,650562,1369,124887,5.152721454821949,0.1610512103310469
603,0.0609,2,22,2,25904,650540,1371,124885,5.152547205677354,0.16105361575909985
604,0.061,0,33,0,25937,650507,1371,124885,5.152285831960461,0.1610604700590153
605,0.0611,3,18,3,25955,650489,1374,124882,5.15214326447852,0.1610609630744508
606,0.0612,6,65,6,26020,650424,1380,124876,5.151628437460398,0.1610679736876048
607,0.0613,3,45,3,26065,650379,1383,124873,5.151272018755544,0.161074076558332
608,0.0614,2,16,2,26081,650363,1385,124871,5.15114529210493,0.16107523663822795
609,0.0615,1,24,1,26105,650339,1386,124870,5.1509552021290075,0.16107914123804032
610,0.0616,1,23,1,26128,650316,1387,124869,5.1507730325687495,0.16108283829021458
611,0.0617,5,47,5,26175,650269,1392,124864,5.150400773032569,0.1610871940686308
612,0.0618,4,41,4,26216,650228,1396,124860,5.150076035990368,0.16109138575232748
613,0.0619,0,12,0,26228,650216,1396,124860,5.1499809910024075,0.16109387982597836
614,0.062,5,49,5,26277,650167,1401,124855,5.1495928906349,0.1610986526834077
615,0.0621,0,40,0,26317,650127,1401,124855,5.149276074008364,0.16110696764570015
616,0.0622,2,30,2,26347,650097,1403,124853,5.149038461538462,0.1611110394218982
617,0.0623,1,30,1,26377,650067,1404,124852,5.148800849068559,0.16111619407963929
618,0.0624,2,21,2,26398,650046,1406,124850,5.148634520339628,0.16111839524271646
619,0.0625,0,36,0,26434,650010,1406,124850,5.148349385375744,0.1611258808042743
620,0.0626,2,24,2,26458,649986,1408,124848,5.1481592953998225,0.16112870627773174
621,0.0627,1,15,1,26473,649971,1409,124847,5.148040489164871,0.1611307429615729
622,0.0628,1,22,1,26495,649949,1410,124846,5.147866240020276,0.1611342355074568
623,0.0629,0,19,0,26514,649930,1410,124846,5.1477157521226715,0.1611381870372856
624,0.063,0,22,0,26536,649908,1410,124846,5.1475415029780764,0.16114276273501008
625,0.0631,2,34,2,26570,649874,1412,124844,5.1472722088455205,0.16114766921641166
626,0.0632,1,38,1,26608,649836,1413,124843,5.14697123305031,0.16115449108598529
627,0.0633,2,51,2,26659,649785,1415,124841,5.146567291851476,0.16116293540366577
628,0.0634,2,59,2,26718,649726,1417,124839,5.146099987327335,0.1611730455158702
629,0.0635,0,33,0,26751,649693,1417,124839,5.145838613610442,0.16117991251491223
630,0.0636,1,26,1,26777,649667,1418,124838,5.1456326828031935,0.16118424025668007
631,0.0637,2,31,2,26808,649636,1420,124836,5.145387149917628,0.16118852586019894
632,0.0638,1,21,1,26829,649615,1421,124835,5.145220821188696,0.1611918135450965
633,0.0639,0,21,0,26850,649594,1421,124835,5.1450544924597645,0.161196184543709
634,0.064,1,16,1,26866,649578,1422,124834,5.1449277658091495,0.16119843184248178
635,0.0641,2,14,2,26880,649564,1424,124832,5.144816879989862,0.16119917974782927
636,0.0642,2,32,2,26912,649532,1426,124830,5.144563426688633,0.1612036747670986
637,0.0643,0,20,0,26932,649512,1426,124830,5.144405018375364,0.16120783839698738
638,0.0644,4,20,4,26952,649492,1430,124826,5.144246610062096,0.16120766920050936
639,0.0645,2,17,2,26969,649475,1432,124824,5.144111962995818,0.16120904198507294
640,0.0646,1,36,1,27005,649439,1433,124823,5.143826828031935,0.1612154542002578
641,0.0647,1,28,1,27033,649411,1434,124822,5.143605056393359,0.1612202011539162
642,0.0648,3,34,3,27067,649377,1437,124819,5.143335762260803,0.16122403112390143
643,0.0649,3,39,3,27106,649338,1440,124816,5.14302686604993,0.16122890277645016
644,0.065,4,75,4,27181,649263,1444,124812,5.142432834875175,0.16124018990407907
645,0.0651,2,37,2,27218,649226,1446,124810,5.142139779495628,0.1612457301727568
646,0.0652,1,17,1,27235,649209,1447,124809,5.14200513242935,0.16124818802663504
647,0.0653,5,33,5,27268,649176,1452,124804,5.141743758712457,0.16124964469366135
648,0.0654,3,24,3,27292,649152,1455,124801,5.1415536687365355,0.1612513938184877
649,0.0655,2,30,2,27322,649122,1457,124799,5.141316056266633,0.16125547698020856
650,0.0656,1,44,1,27366,649078,1458,124798,5.140967557977443,0.16126356160418465
651,0.0657,0,25,0,27391,649053,1458,124798,5.140769547585857,0.1612687713784695
652,0.0658,2,28,2,27419,649025,1460,124796,5.140547775947281,0.16127243897490504
653,0.0659,5,29,5,27448,648996,1465,124791,5.1403180838930425,0.1612730635174796
654,0.066,1,44,1,27492,648952,1466,124790,5.139969585603852,0.1612811505644
655,0.0661,4,27,4,27519,648925,1470,124786,5.13975573438094,0.161282442669162
656,0.0662,4,57,4,27576,648868,1474,124782,5.139304270688125,0.16128998901311964
657,0.0663,4,26,4,27602,648842,1478,124778,5.139098339880877,0.1612910731366821
658,0.0664,0,21,0,27623,648821,1478,124778,5.138932011151946,0.16129545151945646
659,0.0665,3,45,3,27668,648776,1481,124775,5.138575592447092,0.1613015819254322
660,0.0666,2,18,2,27686,648758,1483,124773,5.13843302496515,0.16130316690604513
661,0.0667,1,35,1,27721,648723,1484,124772,5.13815581041693,0.16130938144396537
662,0.0668,0,33,0,27754,648690,1484,124772,5.137894436700038,0.16131626375956415
663,0.0669,2,20,2,27774,648670,1486,124770,5.13773602838677,0.16131826644600744
664,0.067,1,8,1,27782,648662,1487,124769,5.137672665061462,0.161318850679634
665,0.0671,4,40,4,27822,648622,1491,124765,5.137355848434926,0.16132285647418435
666,0.0672,3,38,3,27860,648584,1494,124762,5.137054872639716,0.1613275299801124
667,0.0673,0,57,0,27917,648527,1494,124762,5.136603408946901,0.1613394216133942
668,0.0674,2,40,2,27957,648487,1496,124760,5.136286592320365,0.16134559849569413
669,0.0675,3,45,3,28002,648442,1499,124757,5.135930173615511,0.16135173480565806
670,0.0676,1,20,1,28022,648422,1500,124756,5.135771765302243,0.1613548238568609
671,0.0677,0,56,0,28078,648366,1500,124756,5.135328222025092,0.16136651136560595
672,0.0678,5,49,5,28127,648317,1505,124751,5.134940121657585,0.1613713153306048
673,0.0679,1,23,1,28150,648294,1506,124750,5.134757952097326,0.161375031692892
674,0.068,0,32,0,28182,648262,1506,124750,5.134504498796097,0.16138171205621646
675,0.0681,0,32,0,28214,648230,1506,124750,5.134251045494867,0.16138839297265128
676,0.0682,2,31,2,28245,648199,1508,124748,5.134005512609302,0.1613926957475739
677,0.0683,2,41,2,28286,648158,1510,124746,5.133680775567102,0.16139908707937856
678,0.0684,2,11,2,28297,648147,1512,124744,5.133593650994804,0.1613992141194554
679,0.0685,8,50,8,28347,648097,1520,124736,5.133197630211633,0.16140097537242845
680,0.0686,1,26,1,28373,648071,1521,124735,5.132991699404385,0.16140532035206767
681,0.0687,2,23,2,28396,648048,1523,124733,5.132809529844126,0.16140795387050147
682,0.0688,6,25,6,28421,648023,1529,124727,5.132611519452541,0.16140666450986735
683,0.0689,3,50,3,28471,647973,1532,124724,5.13221549866937,0.16141385303683073
684,0.069,3,32,3,28503,647941,1535,124721,5.131962045368141,0.16141728207159145
685,0.0691,4,61,4,28564,647880,1539,124717,5.131478900012673,0.16142568505961064
686,0.0692,1,43,1,28607,647837,1540,124716,5.131138322139146,0.16143358449193776
687,0.0693,2,34,2,28641,647803,1542,124714,5.13086902800659,0.16143851850509439
688,0.0694,0,34,0,28675,647769,1542,124714,5.130599733874034,0.16144562404609553
689,0.0695,3,67,3,28742,647702,1545,124711,5.130069066024585,0.1614563711382382
690,0.0696,2,48,2,28790,647654,1547,124709,5.129688886072741,0.16146423378644498
691,0.0697,2,28,2,28818,647626,1549,124707,5.129467114434165,0.16146791604139665
692,0.0698,5,59,5,28877,647567,1554,124702,5.128999809910024,0.16147482289202336
693,0.0699,2,53,2,28930,647514,1556,124700,5.128580027879863,0.16148373378364028
694,0.07,1,93,1,29023,647421,1557,124699,5.127843429223166,0.16150209811946328
695,0.0701,1,28,1,29051,647393,1558,124698,5.12762165758459,0.16150686900896397
696,0.0702,0,11,0,29062,647382,1558,124698,5.127534533012293,0.16150917003419335
697,0.0703,0,38,0,29100,647344,1558,124698,5.127233557217083,0.16151711953494757
698,0.0704,1,20,1,29120,647324,1559,124697,5.127075148903814,0.16152021771428499
699,0.0705,0,21,0,29141,647303,1559,124697,5.126908820174883,0.16152461139896374
700,0.0706,1,31,1,29172,647272,1560,124696,5.1266632872893165,0.16153001160669872
701,0.0707,2,41,2,29213,647231,1562,124694,5.126338550247117,0.16153641869352592
702,0.0708,6,34,6,29247,647197,1568,124688,5.126069256114561,0.16153701652448227
703,0.0709,3,25,3,29272,647172,1571,124685,5.125871245722975,0.16153898973514524
704,0.071,3,23,3,29295,647149,1574,124682,5.125689076162717,0.16154054449743532
705,0.0711,0,14,0,29309,647135,1574,124682,5.125578190343429,0.1615434746837657
706,0.0712,1,33,1,29342,647102,1575,124681,5.125316816626537,0.16154929559215478
707,0.0713,2,26,2,29368,647076,1577,124679,5.1251108858192875,0.1615525652571088
708,0.0714,3,38,3,29406,647038,1580,124676,5.124809910024078,0.16155726085052236
709,0.0715,3,53,3,29459,646985,1583,124673,5.124390127993917,0.1615650974913757
710,0.0716,0,38,0,29497,646947,1583,124673,5.1240891521987075,0.1615730540939841
711,0.0717,8,49,8,29546,646898,1591,124665,5.1237010518312,0.16157462190384972
712,0.0718,5,48,5,29594,646850,1596,124660,5.123320871879356,0.16157924070977694
713,0.0719,0,29,0,29623,646821,1596,124660,5.123091179825117,0.16158531447955296
714,0.072,1,34,1,29657,646787,1597,124659,5.122821885692561,0.1615913492324803
715,0.0721,0,23,0,29680,646764,1597,124659,5.122639716132302,0.16159616708342894
716,0.0722,3,48,3,29728,646716,1600,124656,5.122259536180459,0.16160296199499075
717,0.0723,2,20,2,29748,646696,1602,124654,5.12210112786719,0.1616049782848253
718,0.0724,3,22,3,29770,646674,1605,124651,5.121926878722595,0.1616063267753541
719,0.0725,0,29,0,29799,646645,1605,124651,5.1216971866683565,0.16161240302037091
720,0.0726,3,44,3,29843,646601,1608,124648,5.121348688379166,0.1616183619038728
721,0.0727,1,20,1,29863,646581,1609,124647,5.121190280065898,0.16162146602561112
722,0.0728,3,48,3,29911,646533,1612,124644,5.120810100114054,0.16162826432842267
723,0.0729,3,60,3,29971,646473,1615,124641,5.120334875174249,0.16163757887938748
724,0.073,0,60,0,30031,646413,1615,124641,5.119859650234444,0.16165015679835654
725,0.0731,3,50,3,30081,646363,1618,124638,5.119463629451274,0.16165737787629328
726,0.0732,3,25,3,30106,646338,1621,124635,5.119265619059688,0.1616593577206984
727,0.0733,5,38,5,30144,646300,1626,124630,5.118964643264478,0.16166188888744762
728,0.0734,4,44,4,30188,646256,1630,124626,5.118616144975288,0.16166676611984715
729,0.0735,2,27,2,30215,646229,1632,124624,5.118402293752376,0.16167025360217838
730,0.0736,0,9,0,30224,646220,1632,124624,5.1183310100114054,0.16167214118550577
731,0.0737,5,41,5,30265,646179,1637,124619,5.118006272969206,0.1616753027382012
732,0.0738,1,32,1,30297,646147,1638,124618,5.1177528196679765,0.16168092739032
733,0.0739,0,17,0,30314,646130,1638,124618,5.1176181726016985,0.1616844935050107
734,0.074,1,36,1,30350,646094,1639,124617,5.117333037637815,0.16169095808934866
735,0.0741,2,25,2,30375,646069,1641,124615,5.1171350272462295,0.16169402764297688
736,0.0742,3,43,3,30418,646026,1644,124612,5.116794449372703,0.1616997864107402
737,0.0743,1,16,1,30434,646010,1645,124611,5.116667722722088,0.16170205587441816
738,0.0744,1,23,1,30457,645987,1646,124610,5.11648555316183,0.16170579433867507
739,0.0745,7,47,7,30504,645940,1653,124603,5.1161132936256495,0.1617080422507245
740,0.0746,3,42,3,30546,645898,1656,124600,5.115780636167786,0.16171359302684757
741,0.0747,3,41,3,30587,645857,1659,124597,5.115455899125586,0.16171893455027814
742,0.0748,1,29,1,30616,645828,1660,124596,5.1152262070713475,0.16172393383383696
743,0.0749,3,23,3,30639,645805,1663,124593,5.115044037511089,0.16172549772974487
744,0.075,0,66,0,30705,645739,1663,124593,5.114521290077303,0.16173935394089822
745,0.0751,4,31,4,30736,645708,1667,124589,5.114275757191737,0.16174151009286028
746,0.0752,6,58,6,30794,645650,1673,124583,5.113816373083259,0.16174715962572364
747,0.0753,2,21,2,30815,645629,1675,124581,5.113650044354328,0.16174939302268213
748,0.0754,1,13,1,30828,645616,1676,124580,5.113547078950703,0.16175103480153105
749,0.0755,1,30,1,30858,645586,1677,124579,5.113309466480801,0.1617562470379724
750,0.0756,3,28,3,30886,645558,1680,124576,5.113087694842226,0.16175886274336673
751,0.0757,2,17,2,30903,645541,1682,124574,5.112953047775948,0.16176025658505547
752,0.0758,3,46,3,30949,645495,1685,124571,5.11258870865543,0.16176665376733942
753,0.0759,0,42,0,30991,645453,1685,124571,5.1122560511975665,0.16177547712798562
754,0.076,5,54,5,31045,645399,1690,124566,5.111828348751742,0.16178137967310202
755,0.0761,1,23,1,31068,645376,1691,124565,5.111646179191484,0.16178512379519988
756,0.0762,1,50,1,31118,645326,1692,124564,5.111250158408313,0.16179454207743962
757,0.0763,1,32,1,31150,645294,1693,124563,5.110996705107084,0.16180017847470374
758,0.0764,2,13,2,31163,645281,1695,124561,5.110893739703459,0.16180073313744897
759,0.0765,1,24,1,31187,645257,1696,124560,5.1107036497275375,0.1618046886467823
760,0.0766,2,28,2,31215,645229,1698,124558,5.1104818780889625,0.16180839634860034
761,0.0767,5,33,5,31248,645196,1703,124553,5.110220504372069,0.16180988867799764
762,0.0768,0,23,0,31271,645173,1703,124553,5.110038334811811,0.16181472368089425
763,0.0769,3,42,3,31313,645131,1706,124550,5.109705677353947,0.16182028658626108
764,0.077,5,40,5,31353,645091,1711,124545,5.109388860727411,0.16182325151110394
765,0.0771,1,27,1,31380,645064,1712,124544,5.109175009504499,0.1618278396274467
766,0.0772,2,21,2,31401,645043,1714,124542,5.109008680775567,0.16183007724942663
767,0.0773,4,36,4,31437,645007,1718,124538,5.108723545811684,0.16183329110058542
768,0.0774,3,74,3,31511,644933,1721,124535,5.108137435052591,0.1618455868210244
769,0.0775,2,60,2,31571,644873,1723,124533,5.107662210112787,0.16185602919654904
770,0.0776,2,30,2,31601,644843,1725,124531,5.1074245976428845,0.161860161637903
771,0.0777,1,30,1,31631,644813,1726,124530,5.107186985172982,0.16186538384049767
772,0.0778,2,27,2,31658,644786,1728,124528,5.10697313395007,0.1618688857865579
773,0.0779,3,39,3,31697,644747,1731,124525,5.106664237739197,0.16187382356305702
774,0.078,0,14,0,31711,644733,1731,124525,5.106553351919909,0.1618767695623575
775,0.0781,0,31,0,31742,644702,1731,124525,5.106307819034343,0.16188329322813683
776,0.0782,3,26,3,31768,644676,1734,124522,5.106101888227094,0.16188549632214333
777,0.0783,0,39,0,31807,644637,1734,124522,5.105792992016221,0.16189370468264688
778,0.0784,2,18,2,31825,644619,1736,124520,5.1056504245342795,0.16189531411097344
779,0.0785,0,22,0,31847,644597,1736,124520,5.1054761753896845,0.16189994500186577
780,0.0786,0,22,0,31869,644575,1736,124520,5.105301926245089,0.16190457615769183
781,0.0787,6,27,6,31896,644548,1742,124514,5.105088075022177,0.16190372167653583
782,0.0788,0,21,0,31917,644527,1742,124514,5.104921746293246,0.16190814273881365
783,0.0789,2,17,2,31934,644510,1744,124512,5.104787099226967,0.16190954224976659
784,0.079,1,38,1,31972,644472,1745,124511,5.104486123431758,0.16191645328960458
785,0.0791,0,11,0,31983,644461,1745,124511,5.10439899885946,0.16191876947405107
786,0.0792,0,28,0,32011,644433,1745,124511,5.104177227220885,0.1619246655153041
787,0.0793,3,33,3,32044,644400,1748,124508,5.103915853503992,0.16192834513361806
788,0.0794,1,37,1,32081,644363,1749,124507,5.103622798124445,0.16193504753729498
789,0.0795,3,18,3,32099,644345,1752,124504,5.1034802306425044,0.16193556862270744
790,0.0796,3,31,3,32130,644314,1755,124501,5.103234697756938,0.1619388279364997
791,0.0797,2,21,2,32151,644293,1757,124499,5.103068369028007,0.16194107118700507
792,0.0798,4,31,4,32182,644262,1761,124495,5.10282283614244,0.1619432408420346
793,0.0799,2,34,2,32216,644228,1763,124493,5.102553542009884,0.16194822308744006
794,0.08,1,54,1,32270,644174,1764,124492,5.10212583956406,0.1619585099379965
795,0.0801,0,25,0,32295,644149,1764,124492,5.101927829172475,0.16196377762830763
796,0.0802,3,19,3,32314,644130,1767,124489,5.10177734127487,0.16196451037510132
797,0.0803,2,24,2,32338,644106,1769,124487,5.101587251298948,0.16196738716069492
798,0.0804,5,27,5,32365,644079,1774,124482,5.101373400076036,0.16196762521127145
799,0.0805,3,22,3,32387,644057,1777,124479,5.101199150931441,0.16196899039212218
800,0.0806,0,32,0,32419,644025,1777,124479,5.100945697630212,0.1619757346741201
801,0.0807,2,26,2,32445,643999,1779,124477,5.100739766822963,0.16197903382799203
802,0.0808,1,41,1,32486,643958,1780,124476,5.100415029780763,0.16198658570547372
803,0.0809,3,34,3,32520,643924,1783,124473,5.100145735648207,0.16199048148287928
804,0.081,1,30,1,32550,643894,1784,124472,5.099908123178304,0.16199571558345893
805,0.0811,4,31,4,32581,643863,1788,124468,5.099662590292739,0.16199788893068223
806,0.0812,2,24,2,32605,643839,1790,124466,5.099472500316817,0.16200076792419676
807,0.0813,3,29,3,32634,643810,1793,124463,5.099242808262578,0.16200361069567717
808,0.0814,5,80,5,32714,643730,1798,124458,5.098609175009504,0.16201502757137576
809,0.0815,0,18,0,32732,643712,1798,124458,5.098466607527563,0.1620188239582384
810,0.0816,4,27,4,32759,643685,1802,124454,5.0982527563046505,0.16202015520628427
811,0.0817,2,41,2,32800,643644,1804,124452,5.097928019262451,0.16202662167229095
812,0.0818,1,42,1,32842,643602,1805,124451,5.097595361804587,0.16203439085583937
813,0.0819,2,41,2,32883,643561,1807,124449,5.097270624762388,0.1620408588429838
814,0.082,0,18,0,32901,643543,1807,124449,5.097128057280446,0.16204465671517412
815,0.0821,4,37,4,32938,643506,1811,124445,5.096835001900899,0.16204809942301007
816,0.0822,4,52,4,32990,643454,1815,124441,5.096423140286403,0.16205470800044278
817,0.0823,3,28,3,33018,643426,1818,124438,5.096201368647827,0.16205734348790932
818,0.0824,1,33,1,33051,643393,1819,124437,5.095939994930934,0.16206321711837254
819,0.0825,1,40,1,33091,643353,1820,124436,5.095623178304398,0.16207056886722784
820,0.0826,2,26,2,33117,643327,1822,124434,5.095417247497148,0.1620738745521067
821,0.0827,0,22,0,33139,643305,1822,124434,5.095242998352553,0.1620785188716478
822,0.0828,0,44,0,33183,643261,1822,124434,5.094894500063363,0.16208780830928948
823,0.0829,1,53,1,33236,643208,1823,124433,5.094474718033203,0.16209790774593852
824,0.083,0,28,0,33264,643180,1823,124433,5.094252946394627,0.16210382054498818
825,0.0831,3,23,3,33287,643157,1826,124430,5.094070776834369,0.16210540303574708
826,0.0832,1,17,1,33304,643140,1827,124429,5.09393612976809,0.1621079017000426
827,0.0833,0,49,0,33353,643091,1827,124429,5.093548029400583,0.16211825099020222
828,0.0834,2,37,2,33390,643054,1829,124427,5.093254974021036,0.16212388319710846
829,0.0835,0,48,0,33438,643006,1829,124427,5.092874794069193,0.16213402342614924
830,0.0836,3,27,3,33465,642979,1832,124424,5.092660942846281,0.16213645242460611
831,0.0837,0,24,0,33489,642955,1832,124424,5.092470852870359,0.16214152328901366
832,0.0838,1,19,1,33508,642936,1833,124423,5.092320364972754,0.16214444608064804
833,0.0839,2,20,2,33528,642916,1835,124421,5.092161956659486,0.16214648843989016
834,0.084,1,29,1,33557,642887,1836,124420,5.091932264605246,0.16215152474824288
835,0.0841,1,60,1,33617,642827,1837,124419,5.091457039665442,0.16216311326484595
836,0.0842,2,59,2,33676,642768,1839,124417,5.0909897351413,0.16217340015771944
837,0.0843,0,24,0,33700,642744,1839,124417,5.0907996451653785,0.16217847361896656
838,0.0844,3,21,3,33721,642723,1842,124414,5.090633316436446,0.16217963675327876
839,0.0845,2,13,2,33734,642710,1844,124412,5.090530351032823,0.1621802008024799
840,0.0846,2,33,2,33767,642677,1846,124410,5.0902689773159295,0.1621849933579894
841,0.0847,6,86,6,33853,642591,1852,124404,5.089587821568876,0.1621966244890775
842,0.0848,1,27,1,33880,642564,1853,124403,5.089373970345964,0.16220124203518535
843,0.0849,1,11,1,33891,642553,1854,124402,5.089286845773667,0.16220247602532092
844,0.085,4,63,4,33954,642490,1858,124398,5.088787859586871,0.16221143113466374
845,0.0851,2,11,2,33965,642479,1860,124396,5.088700735014574,0.16221157294213528
846,0.0852,6,49,6,34014,642430,1866,124390,5.088312634647067,0.16221538301035446
847,0.0853,1,39,1,34053,642391,1867,124389,5.088003738436193,0.16222254101567593
848,0.0854,4,18,4,34071,642373,1871,124385,5.087861170954252,0.16222197877296357
849,0.0855,1,45,1,34116,642328,1872,124384,5.087504752249398,0.16223040724548463
850,0.0856,2,19,2,34135,642309,1874,124382,5.087354264351793,0.1622322421940521
851,0.0857,2,50,2,34185,642259,1876,124380,5.086958243568622,0.16224063737952282
852,0.0858,3,35,3,34220,642224,1879,124377,5.086681029020403,0.1622447661821469
853,0.0859,3,32,3,34252,642192,1882,124374,5.086427575719174,0.16224826042375998
854,0.086,3,37,3,34289,642155,1885,124371,5.086134520339628,0.1622528133422741
855,0.0861,1,7,1,34296,642148,1886,124370,5.086079077429983,0.16225320214267636
856,0.0862,4,32,4,34328,642116,1890,124366,5.085825624128755,0.16225560417596238
857,0.0863,8,64,8,34392,642052,1898,124358,5.085318717526296,0.16226040891950783
858,0.0864,2,20,2,34412,642032,1900,124356,5.085160309213028,0.16226245713659398
859,0.0865,0,27,0,34439,642005,1900,124356,5.084946457990116,0.16226817387628023
860,0.0866,1,24,1,34463,641981,1901,124355,5.084756368014193,0.16227216260230498
861,0.0867,0,47,0,34510,641934,1901,124355,5.084384108478013,0.16228211549428478
862,0.0868,0,47,0,34557,641887,1901,124355,5.084011848941833,0.162292069607252
863,0.0869,1,20,1,34577,641867,1902,124354,5.083853440628564,0.16229521247786213
864,0.087,0,40,0,34617,641827,1902,124354,5.083536624002027,0.162303685421591
865,0.0871,3,37,3,34654,641790,1905,124351,5.083243568622481,0.16230824352175383
866,0.0872,1,32,1,34686,641758,1906,124350,5.082990115321252,0.16231392962872077
867,0.0873,2,62,2,34748,641696,1908,124348,5.082499049550121,0.1623248795108375
868,0.0874,6,42,6,34790,641654,1914,124342,5.082166392092257,0.16232721841889514
869,0.0875,3,56,3,34846,641598,1917,124339,5.081722848815105,0.16233580568636846
870,0.0876,0,26,0,34872,641572,1917,124339,5.081516918007857,0.16234131641927066
871,0.0877,0,13,0,34885,641559,1917,124339,5.081413952604232,0.1623440719260267
872,0.0878,1,21,1,34906,641538,1918,124338,5.081247623875301,0.1623474296100152
873,0.0879,1,38,1,34944,641500,1919,124337,5.080946648080091,0.1623543913391492
874,0.088,3,46,3,34990,641454,1922,124334,5.080582308959574,0.1623608622751989
875,0.0881,6,78,6,35068,641376,1928,124328,5.079964516537828,0.16237083781722442
876,0.0882,0,19,0,35087,641357,1928,124328,5.079814028640223,0.16237486694920233
877,0.0883,3,41,3,35128,641316,1931,124325,5.079489291598023,0.162380280052923
878,0.0884,2,12,2,35140,641304,1933,124323,5.079394246610062,0.16238063704649913
879,0.0885,1,28,1,35168,641276,1934,124322,5.079172474971487,0.16238548167576194
880,0.0886,3,22,3,35190,641254,1937,124319,5.078998225826892,0.1623868657854966
881,0.0887,1,34,1,35224,641220,1938,124318,5.078728931694335,0.16239298375782782
882,0.0888,3,40,3,35264,641180,1941,124315,5.078412115067799,0.16239818679416587
883,0.0889,0,27,0,35291,641153,1941,124315,5.078198263844887,0.16240391499056786
884,0.089,1,41,1,35332,641112,1942,124314,5.077873526802686,0.1624115198595292
885,0.0891,1,33,1,35365,641079,1943,124313,5.077612153085794,0.16241742793235361
886,0.0892,4,54,4,35419,641025,1947,124309,5.07718445063997,0.16242451008317937
887,0.0893,3,28,3,35447,640997,1950,124306,5.076962679001394,0.1624271693695177
888,0.0894,1,26,1,35473,640971,1951,124305,5.076756748194145,0.16243159330751258
889,0.0895,2,50,2,35523,640921,1953,124303,5.076360727410974,0.16244001756348467
890,0.0896,0,11,0,35534,640910,1953,124303,5.076273602838677,0.16244235265213738
891,0.0897,5,72,5,35606,640838,1958,124298,5.075703332910911,0.16245216536667992
892,0.0898,3,77,3,35683,640761,1961,124295,5.075093460904828,0.16246523130332943
893,0.0899,2,17,2,35700,640744,1963,124293,5.07495881383855,0.1624666519397101
894,0.09,5,50,5,35750,640694,1968,124288,5.07456279305538,0.16247179672201437
895,0.0901,5,19,5,35769,640675,1973,124283,5.074412305157774,0.162470357849712
896,0.0902,2,29,2,35798,640646,1975,124281,5.0741826131035355,0.1624743276155764
897,0.0903,1,21,1,35819,640625,1976,124280,5.074016284374604,0.16247769330831932
898,0.0904,1,38,1,35857,640587,1977,124279,5.073715308579394,0.1624846705174501
899,0.0905,1,25,1,35882,640562,1978,124278,5.0735172981878085,0.16248888656451022
900,0.0906,0,34,0,35916,640528,1978,124278,5.073248004055253,0.16249611012465906
901,0.0907,8,65,8,35981,640463,1986,124270,5.072733177037131,0.16250116053576869
902,0.0908,2,65,2,36046,640398,1988,124268,5.072218350019009,0.16251278335900904
903,0.0909,3,26,3,36072,640372,1991,124265,5.07201241921176,0.16251502346865246
904,0.091,1,65,1,36137,640307,1992,124264,5.071497592193638,0.16252774431674757
905,0.0911,3,39,3,36176,640268,1995,124261,5.071188695982765,0.16253274892123123
906,0.0912,3,41,3,36217,640227,1998,124258,5.070863958940565,0.1625381792971739
907,0.0913,1,41,1,36258,640186,1999,124257,5.070539221898366,0.1625458013220083
908,0.0914,1,24,1,36282,640162,2000,124256,5.070349131922443,0.1625498091358393
909,0.0915,1,26,1,36308,640136,2001,124255,5.070143201115195,0.1625542425277116
910,0.0916,4,37,4,36345,640099,2005,124251,5.069850145735648,0.16255772878916727
911,0.0917,5,49,5,36394,640050,2010,124246,5.069462045368141,0.16256267205375927
912,0.0918,4,29,4,36423,640021,2014,124242,5.069232353313902,0.16256445752313012
913,0.0919,0,9,0,36432,640012,2014,124242,5.069161069572931,0.16256637191300274
914,0.092,0,39,0,36471,639973,2014,124242,5.068852173362058,0.16257466812349927
915,0.0921,3,15,3,36486,639958,2017,124239,5.068733367127106,0.16257457174000944
916,0.0922,2,38,2,36524,639920,2019,124237,5.068432391331897,0.16258046448570124
917,0.0923,1,15,1,36539,639905,2020,124236,5.068313585096946,0.16258256002491686
918,0.0924,1,38,1,36577,639867,2021,124235,5.068012609301737,0.1625895495627547
919,0.0925,1,59,1,36636,639808,2022,124234,5.067545304777595,0.16260100884506348
920,0.0926,3,21,3,36657,639787,2025,124231,5.067378976048663,0.16260219000075915
921,0.0927,4,31,4,36688,639756,2029,124227,5.067133443163097,0.16260440350112504
922,0.0928,0,19,0,36707,639737,2029,124227,5.066982955265492,0.16260844751846945
923,0.0929,0,15,0,36722,639722,2029,124227,5.0668641490305415,0.16261164030583194
924,0.093,3,43,3,36765,639679,2032,124224,5.066523571157014,0.16261750510208756
925,0.0931,7,43,7,36808,639636,2039,124217,5.066182993283488,0.16261898559015936
926,0.0932,2,47,2,36855,639589,2041,124215,5.065810733747307,0.16262679954543313
927,0.0933,3,47,3,36902,639542,2044,124212,5.065438474211127,0.16263351812232735
928,0.0934,2,15,2,36917,639527,2046,124210,5.065319667976175,0.1626345194746359
929,0.0935,3,18,3,36935,639509,2049,124207,5.065177100494234,0.16263506329578012
930,0.0936,1,17,1,36952,639492,2050,124206,5.065042453427956,0.16263758710904047
931,0.0937,1,43,1,36995,639449,2051,124205,5.064701875554429,0.1626456484219293
932,0.0938,3,34,3,37029,639415,2054,124202,5.064432581421873,0.16264960051963223
933,0.0939,3,87,3,37116,639328,2057,124199,5.063743505259156,0.16266484354842722
934,0.094,2,58,2,37174,639270,2059,124197,5.063284121150678,0.16267500756417763
935,0.0941,2,72,2,37246,639198,2061,124195,5.062713851222912,0.16268815668993558
936,0.0942,3,34,3,37280,639164,2064,124192,5.062444557090356,0.16269211219928842
937,0.0943,1,39,1,37319,639125,2065,124191,5.062135660879483,0.16269932767032264
938,0.0944,2,46,2,37365,639079,2067,124189,5.0617713217589655,0.16270693910919887
939,0.0945,1,30,1,37395,639049,2068,124188,5.061533709289064,0.1627122374832457
940,0.0946,6,98,6,37493,638951,2074,124182,5.060757508554049,0.16272654963158453
941,0.0947,1,59,1,37552,638892,2075,124181,5.060290204029908,0.16273803423787764
942,0.0948,4,42,4,37594,638850,2079,124177,5.059957546572044,0.16274260281746256
943,0.0949,0,25,0,37619,638825,2079,124177,5.059759536180459,0.16274793512992103
944,0.095,5,54,5,37673,638771,2084,124172,5.0593318337346345,0.16275396720331664
945,0.0951,0,28,0,37701,638743,2084,124172,5.0591100620960585,0.1627599404914047
946,0.0952,1,20,1,37721,638723,2085,124171,5.05895165378279,0.1627631099471224
947,0.0953,0,9,0,37730,638714,2085,124171,5.05888037004182,0.16276503011594146
948,0.0954,2,50,2,37780,638664,2087,124169,5.0584843492586495,0.16277350350600983
949,0.0955,2,37,2,37817,638627,2089,124167,5.058191293879103,0.16277920382173955
950,0.0956,2,29,2,37846,638598,2091,124165,5.057961601824863,0.1627831974020764
951,0.0957,2,73,2,37919,638525,2093,124163,5.057383411481434,0.16279658261307375
952,0.0958,1,46,1,37965,638479,2094,124162,5.057019072360918,0.16280530419948575
953,0.0959,0,4,0,37969,638475,2094,124162,5.056987390698263,0.1628061581066746
954,0.096,2,21,2,37990,638454,2096,124160,5.056821061969332,0.16280844568812008
955,0.0961,1,27,1,38017,638427,2097,124159,5.05660721074642,0.1628131122260309
956,0.0962,2,47,2,38064,638380,2099,124157,5.056234951210239,0.162820951639068
957,0.0963,2,27,2,38091,638353,2101,124155,5.056021099987327,0.1628245211853515
958,0.0964,0,38,0,38129,638315,2101,124155,5.055720124192118,0.16283263603813922
959,0.0965,5,56,5,38185,638259,2106,124150,5.055276580914966,0.16283910604413118
960,0.0966,1,27,1,38212,638232,2107,124149,5.055062729692054,0.16284377496291225
961,0.0967,3,33,3,38245,638199,2110,124146,5.054801355975162,0.1628475296617673
962,0.0968,2,53,2,38298,638146,2112,124144,5.054381573945,0.16285665560351048
963,0.0969,0,20,0,38318,638126,2112,124144,5.054223165631733,0.16286092854238
964,0.097,3,10,3,38328,638116,2115,124141,5.0541439614750985,0.16285977039240046
965,0.0971,1,18,1,38346,638098,2116,124140,5.054001393993157,0.16286251800618703
966,0.0972,3,24,3,38370,638074,2119,124137,5.053811304017235,0.16286435120983558
967,0.0973,0,18,0,38388,638056,2119,124137,5.053668736535293,0.16286819742506164
968,0.0974,3,24,3,38412,638032,2122,124134,5.0534786465593715,0.1628700309381421
969,0.0975,0,33,0,38445,637999,2122,124134,5.0532172728424785,0.16287708313378374
970,0.0976,0,14,0,38459,637985,2122,124134,5.053106387023191,0.16288007515886627
971,0.0977,2,22,2,38481,637963,2124,124132,5.052932137878596,0.1628825802557424
972,0.0978,1,32,1,38513,637931,2125,124131,5.052678684577367,0.1628883214226664
973,0.0979,1,30,1,38543,637901,2126,124130,5.052441072107464,0.16289363556075803
974,0.098,0,32,0,38575,637869,2126,124130,5.052187618806235,0.16290047624734416
975,0.0981,5,44,5,38619,637825,2131,124125,5.0518391205170445,0.16290439005184068
976,0.0982,1,30,1,38649,637795,2132,124124,5.051601508047142,0.16290970562487614
977,0.0983,3,36,3,38685,637759,2135,124121,5.051316373083259,0.1629141072084843
978,0.0984,2,20,2,38705,637739,2137,124119,5.051157964769991,0.16291618648094527
979,0.0985,3,46,3,38751,637693,2140,124116,5.050793625649474,0.16292272735029384
980,0.0986,1,35,1,38786,637658,2141,124115,5.050516411101254,0.16292911405366164
981,0.0987,5,35,5,38821,637623,2146,124110,5.050239196553035,0.16293110578115955
982,0.0988,4,36,4,38857,637587,2150,124106,5.049954061589152,0.16293441058274133
983,0.0989,1,39,1,38896,637548,2151,124105,5.049645165378279,0.16294165453296974
984,0.099,1,31,1,38927,637517,2152,124104,5.0493996324927135,0.16294718764319788
985,0.0991,1,30,1,38957,637487,2153,124103,5.049162020022811,0.16295250725455954
986,0.0992,5,47,5,39004,637440,2158,124098,5.04878976048663,0.16295706845882937
987,0.0993,2,56,2,39060,637384,2160,124096,5.048346217209479,0.16296685402111677
988,0.0994,0,23,0,39083,637361,2160,124096,5.04816404764922,0.16297177647588768
989,0.0995,2,27,2,39110,637334,2162,124094,5.047950196426308,0.1629753568295361
990,0.0996,5,68,5,39178,637266,2167,124089,5.047411608161196,0.1629844159426286
991,0.0997,2,69,2,39247,637197,2169,124087,5.046865099480421,0.16299698929702974
992,0.0998,4,51,4,39298,637146,2173,124083,5.046461158281587,0.16300351142691621
993,0.0999,6,41,6,39339,637105,2179,124077,5.046136421239386,0.1630056937762585
994,0.1,6,49,6,39388,637056,2185,124071,5.045748320871879,0.163009589726813
995,0.1001,4,37,4,39425,637019,2189,124067,5.0454552654923335,0.1630131154692111
996,0.1002,6,37,6,39462,636982,2195,124061,5.045162210112787,0.16301444202232987
997,0.1003,1,42,1,39504,636940,2196,124060,5.044829552654924,0.16302233902759528
998,0.1004,0,23,0,39527,636917,2196,124060,5.044647383094665,0.1630272662642892
999,0.1005,2,60,2,39587,636857,2198,124058,5.0441721581548595,0.16303792144983342
1000,0.1006,0,29,0,39616,636828,2198,124058,5.043942466100621,0.16304413538953272
1001,0.1007,1,17,1,39633,636811,2199,124057,5.043807819034343,0.16304667826745245
1002,0.1008,1,50,1,39683,636761,2200,124056,5.043411798251173,0.1630562934319291
1003,0.1009,0,27,0,39710,636734,2200,124056,5.04319794702826,0.16306208020610155
1004,0.101,0,28,0,39738,636706,2200,124056,5.0429761753896845,0.16306808173909842
1005,0.1011,1,21,1,39759,636685,2201,124055,5.042809846660753,0.16307148302968164
1006,0.1012,2,34,2,39793,636651,2203,124053,5.042540552528196,0.16307657117617366
1007,0.1013,0,33,0,39826,636618,2203,124053,5.042279178811304,0.16308364588632931
1008,0.1014,2,28,2,39854,636590,2205,124051,5.042057407172728,0.1630874486124203
1009,0.1015,5,56,5,39910,636534,2210,124046,5.041613863895577,0.16309395461358436
1010,0.1016,4,22,4,39932,636512,2214,124042,5.041439614750982,0.16309427075526525
1011,0.1017,1,48,1,39980,636464,2215,124041,5.041059434799139,0.16310346414553487
1012,0.1018,0,49,0,40029,636415,2215,124041,5.040671334431631,0.16311397372103054
1013,0.1019,5,29,5,40058,636386,2220,124036,5.040441642377392,0.16311469157914948
1014,0.102,2,24,2,40082,636362,2222,124034,5.04025155240147,0.1631176387040437
1015,0.1021,8,69,8,40151,636293,2230,124026,5.039705043720694,0.16312363626320006
1016,0.1022,2,46,2,40197,636247,2232,124024,5.0393407046001775,0.16313130449537072
1017,0.1023,0,12,0,40209,636235,2232,124024,5.039245659612217,0.16313387937531815
1018,0.1024,2,12,2,40221,636223,2234,124022,5.039150614624256,0.16313425277377688
1019,0.1025,1,45,1,40266,636178,2235,124021,5.038794195919402,0.16314280865931158
1020,0.1026,0,33,0,40299,636145,2235,124021,5.038532822202509,0.16314989094487256
1021,0.1027,5,27,5,40326,636118,2240,124016,5.038318970979597,0.163150181415382
1022,0.1028,3,51,3,40377,636067,2243,124013,5.037915029780763,0.16315782549205346
1023,0.1029,5,49,5,40426,636018,2248,124008,5.037526929413255,0.16316283916602853
1024,0.103,5,22,5,40448,635996,2253,124003,5.03735268026866,0.16316205679218
1025,0.1031,2,26,2,40474,635970,2255,124001,5.037146749461412,0.16316543657586935
1026,0.1032,3,41,3,40515,635929,2258,123998,5.036822012419211,0.16317093615570968
1027,0.1033,2,39,2,40554,635890,2260,123996,5.036513116208338,0.16317710814516914
1028,0.1034,2,36,2,40590,635854,2262,123994,5.036227981244456,0.16318263652730547
1029,0.1035,3,18,3,40608,635836,2265,123991,5.036085413762514,0.16318319828066125
1030,0.1036,6,35,6,40643,635801,2271,123985,5.035808199214295,0.1631841071038424
1031,0.1037,2,37,2,40680,635764,2273,123983,5.035515143834749,0.16318985135841274
1032,0.1038,1,20,1,40700,635744,2274,123982,5.03535673552148,0.16319304591392159
1033,0.1039,1,24,1,40724,635720,2275,123981,5.035166645545559,0.16319709991167577
1034,0.104,1,33,1,40757,635687,2276,123980,5.0349052718286655,0.1632030876686759
1035,0.1041,0,15,0,40772,635672,2276,123980,5.034786465593714,0.16320631025785493
1036,0.1042,1,27,1,40799,635645,2277,123979,5.034572614370802,0.16321100965740945
1037,0.1043,3,60,3,40859,635585,2280,123976,5.034097389430998,0.16322059716072837
1038,0.1044,5,57,5,40916,635528,2285,123971,5.033645925738183,0.16322733802151154
1039,0.1045,2,11,2,40927,635517,2287,123969,5.033558801165885,0.16322749859773583
1040,0.1046,3,21,3,40948,635496,2290,123966,5.033392472436954,0.16322870663706676
1041,0.1047,0,14,0,40962,635482,2290,123966,5.033281586617666,0.1632317156671688
1042,0.1048,2,33,2,40995,635449,2292,123964,5.033020212900773,0.16323660511473995
1043,0.1049,2,41,2,41036,635408,2294,123962,5.032695475858573,0.1632432147701384
1044,0.105,3,49,3,41085,635359,2297,123959,5.032307375491066,0.16325044316083642
1045,0.1051,2,28,2,41113,635331,2299,123957,5.03208560385249,0.1632542592534058
1046,0.1052,2,23,2,41136,635308,2301,123955,5.031903434292231,0.16325700053868028
1047,0.1053,2,21,2,41157,635287,2303,123953,5.0317371055633,0.16325931194352247
1048,0.1054,0,44,0,41201,635243,2303,123953,5.03138860727411,0.1632687738080812
1049,0.1055,4,25,4,41226,635218,2307,123949,5.031190596882524,0.16326974170373582
1050,0.1056,1,29,1,41255,635189,2308,123948,5.0309609048282855,0.16327487660330087
1051,0.1057,6,101,6,41356,635088,2314,123942,5.030160942846281,0.16328998853800245
1052,0.1058,1,25,1,41381,635063,2315,123941,5.029962932454695,0.16329426458885593
1053,0.1059,5,36,5,41417,635027,2320,123936,5.0296777974908125,0.16329649798475024
1054,0.106,2,25,2,41442,635002,2322,123934,5.029479787099227,0.16329967217262062
1055,0.1061,1,35,1,41477,634967,2323,123933,5.029202572551007,0.16330610093556464
1056,0.1062,1,27,1,41504,634940,2324,123932,5.028988721328095,0.16331080867392656
1057,0.1063,4,33,4,41537,634907,2328,123928,5.028727347611203,0.16331350029980166
1058,0.1064,5,55,5,41592,634852,2333,123923,5.028291724749715,0.16331982471747225
1059,0.1065,2,27,2,41619,634825,2335,123921,5.028077873526803,0.16332343102961994
1060,0.1066,5,57,5,41676,634768,2340,123916,5.027626409833988,0.1633301875352584
1061,0.1067,3,28,3,41704,634740,2343,123913,5.027404638195413,0.1633329071393641
1062,0.1068,1,18,1,41722,634722,2344,123912,5.027262070713471,0.1633356796558024
1063,0.1069,6,46,6,41768,634676,2350,123906,5.026897731592954,0.16333896665093556
1064,0.107,1,30,1,41798,634646,2351,123905,5.0266601191230516,0.16334432358536208
1065,0.1071,2,18,2,41816,634628,2353,123903,5.02651755164111,0.16334599376953612
1066,0.1072,2,28,2,41844,634600,2355,123901,5.026295780002535,0.16334981760076783
1067,0.1073,4,46,4,41890,634554,2359,123897,5.025931440882018,0.16335531234054673
1068,0.1074,2,34,2,41924,634520,2361,123895,5.025662146749461,0.1633604293164033
1069,0.1075,4,76,4,42000,634444,2365,123891,5.025060195159042,0.16337238819255342
1070,0.1076,6,61,6,42061,634383,2371,123885,5.024577049803574,0.16337891088638845
1071,0.1077,1,33,1,42094,634350,2372,123884,5.024315676086681,0.16338491811235054
1072,0.1078,2,37,2,42131,634313,2374,123882,5.024022620707135,0.16339068445452687
1073,0.1079,1,27,1,42158,634286,2375,123881,5.023808769484223,0.16339539969426262
1074,0.108,2,51,2,42209,634235,2377,123879,5.023404828285388,0.163404184594929
1075,0.1081,1,40,1,42249,634195,2378,123878,5.023088011658852,0.16341170309455685
1076,0.1082,5,57,5,42306,634138,2383,123873,5.022636547966037,0.16341847281899602
1077,0.1083,1,50,1,42356,634088,2384,123872,5.022240527182866,0.1634281492427041
1078,0.1084,3,47,3,42403,634041,2387,123869,5.021868267646686,0.16343497249013736
1079,0.1085,1,60,1,42463,633981,2388,123868,5.021393042706881,0.16344680800528866
1080,0.1086,3,21,3,42484,633960,2391,123865,5.021226713977949,0.16344802559957775
1081,0.1087,1,36,1,42520,633924,2392,123864,5.020941579014067,0.16345468653502035
1082,0.1088,0,11,0,42531,633913,2392,123864,5.0208544544417695,0.16345705926677637
1083,0.1089,2,45,2,42576,633868,2394,123862,5.0204980357369156,0.1634645586158658
1084,0.109,1,40,1,42616,633828,2395,123861,5.020181219110379,0.16347208419285486
1085,0.1091,3,49,3,42665,633779,2398,123858,5.0197931187428715,0.16347934432980438
1086,0.1092,1,39,1,42704,633740,2399,123857,5.019484222531998,0.1634866558341704
1087,0.1093,6,68,6,42772,633672,2405,123851,5.018945634266887,0.16349470577130992
1088,0.1094,0,19,0,42791,633653,2405,123851,5.018795146369281,0.1634988066069618
1089,0.1095,2,26,2,42817,633627,2407,123849,5.018589215562033,0.16350220997100898
1090,0.1096,2,12,2,42829,633615,2409,123847,5.018494170574072,0.163502591549147
1091,0.1097,0,32,0,42861,633583,2409,123847,5.0182407172728425,0.1635094992276514
1092,0.1098,1,8,1,42869,633575,2410,123846,5.018177353947535,0.16351012184769104
1093,0.1099,2,45,2,42914,633530,2412,123844,5.017820935242682,0.16351762801469288
1094,0.11,7,55,7,42969,633475,2419,123837,5.017385312381194,0.163521771740049
1095,0.1101,9,38,9,43007,633437,2428,123828,5.017084336585984,0.16352003591873387
1096,0.1102,4,24,4,43031,633413,2432,123824,5.016894246610062,0.1635207999609105
1097,0.1103,3,33,3,43064,633380,2435,123821,5.01663287289317,0.16352461235523988
1098,0.1104,0,12,0,43076,633368,2435,123821,5.016537827905209,0.16352720390813918
1099,0.1105,1,11,1,43087,633357,2436,123820,5.016450703332911,0.163528474848021
1100,0.1106,0,46,0,43133,633311,2436,123820,5.016086364212394,0.163538410129819
1101,0.1107,4,55,4,43188,633256,2440,123816,5.015650741350906,0.16354587146268784
1102,0.1108,0,40,0,43228,633216,2440,123816,5.015333924724369,0.1635545128871699
1103,0.1109,2,35,2,43263,633181,2442,123814,5.01505671017615,0.16355986499250325
1104,0.111,2,30,2,43293,633151,2444,123812,5.014819097706248,0.1635641372167464
1105,0.1111,1,30,1,43323,633121,2445,123811,5.014581485236345,0.16356951483092272
1106,0.1112,1,34,1,43357,633087,2446,123810,5.014312191103789,0.16357575733554236
1107,0.1113,2,12,2,43369,633075,2448,123808,5.014217146115828,0.16357614056597916
1108,0.1114,3,19,3,43388,633056,2451,123805,5.014066658218224,0.16357693156339143
1109,0.1115,4,17,4,43405,633039,2455,123801,5.013932011151946,0.16357618519105754
1110,0.1116,1,35,1,43440,633004,2456,123800,5.013654796603726,0.1635826449120248
1111,0.1117,2,49,2,43489,632955,2458,123798,5.013266696236219,0.1635910263983096
1112,0.1118,2,17,2,43506,632938,2460,123796,5.013132049169941,0.163592490888476
1113,0.1119,2,37,2,43543,632901,2462,123794,5.012838993790394,0.16359827935958346
1114,0.112,3,39,3,43582,632862,2465,123791,5.012530097579521,0.16360339547983024
1115,0.1121,2,30,2,43612,632832,2467,123789,5.012292485109619,0.16360767147620803
1116,0.1122,1,33,1,43645,632799,2468,123788,5.012031111392726,0.1636137020593798
1117,0.1123,1,50,1,43695,632749,2469,123787,5.0116350906095555,0.1636234098575613
1118,0.1124,1,47,1,43742,632702,2470,123786,5.011262831073375,0.16363247004579054
1119,0.1125,5,101,5,43843,632601,2475,123781,5.01046286909137,0.16364879121925166
1120,0.1126,1,36,1,43879,632565,2476,123780,5.010177734127487,0.1636554746841719
1121,0.1127,5,55,5,43934,632510,2481,123775,5.009742111265999,0.16366184705501233
1122,0.1128,0,26,0,43960,632484,2481,123775,5.009536180458751,0.1636674737094038
1123,0.1129,1,31,1,43991,632453,2482,123774,5.009290647573184,0.1636730769993666
1124,0.113,5,97,5,44088,632356,2487,123769,5.008522367253834,0.16368854356091916
1125,0.1131,2,41,2,44129,632315,2489,123767,5.008197630211633,0.16369520766266094
1126,0.1132,0,31,0,44160,632284,2489,123767,5.007952097326068,0.16370191957949926
1127,0.1133,1,34,1,44194,632250,2490,123766,5.007682803193512,0.16370817548834946
1128,0.1134,3,61,3,44255,632189,2493,123763,5.0071996578380435,0.1637180667555612
1129,0.1135,3,44,3,44299,632145,2496,123760,5.006851159548853,0.16372427752164623
1130,0.1136,1,33,1,44332,632112,2497,123759,5.00658978583196,0.1637303190623797
1131,0.1137,8,58,8,44390,632054,2505,123751,5.006130401723483,0.16373403192622435
1132,0.1138,0,16,0,44406,632038,2505,123751,5.006003675072868,0.16373749816417016
1133,0.1139,3,31,3,44437,632007,2508,123748,5.005758142187302,0.1637408948667227
1134,0.114,1,37,1,44474,631970,2509,123747,5.005465086807756,0.1637478050645943
1135,0.1141,2,30,2,44504,631940,2511,123745,5.005227474337853,0.16375209247239259
1136,0.1142,3,33,3,44537,631907,2514,123742,5.004966100620961,0.16375592371590514
1137,0.1143,1,16,1,44553,631891,2515,123741,5.004839373970346,0.16375828445592563
1138,0.1144,0,35,0,44588,631856,2515,123741,5.004562159422126,0.16376586990154804
1139,0.1145,2,45,2,44633,631811,2517,123739,5.004205740717273,0.16377341009860366
1140,0.1146,1,22,1,44655,631789,2518,123738,5.004031491572678,0.1637770721628744
1141,0.1147,1,37,1,44692,631752,2519,123737,5.003738436193132,0.163783986265849
1142,0.1148,1,20,1,44712,631732,2520,123736,5.003580027879863,0.16378721534201315
1143,0.1149,4,41,4,44753,631691,2524,123732,5.0032552908376635,0.16379167698097621
1144,0.115,1,40,1,44793,631651,2525,123731,5.002938474211127,0.16379924329676906
1145,0.1151,1,13,1,44806,631638,2526,123730,5.002835508807502,0.1638009552959617
1146,0.1152,5,31,5,44837,631607,2531,123725,5.0025899759219365,0.16380214263396758
1147,0.1153,1,32,1,44869,631575,2532,123724,5.002336522620707,0.1638079753845828
1148,0.1154,1,16,1,44885,631559,2533,123723,5.002209795970092,0.1638103383901642
1149,0.1155,1,53,1,44938,631506,2534,123722,5.001790013939932,0.16382072698575795
1150,0.1156,1,14,1,44952,631492,2535,123721,5.001679128120644,0.16382265665448026
1151,0.1157,6,89,6,45041,631403,2541,123715,5.0009742111266,0.1638353211021324
1152,0.1158,3,28,3,45069,631375,2544,123712,5.000752439488024,0.16383807428812838
1153,0.1159,5,77,5,45146,631298,2549,123707,5.000142567481942,0.16384924603148324
1154,0.116,1,40,1,45186,631258,2550,123706,4.999825750855405,0.1638568196629243
1155,0.1161,3,60,3,45246,631198,2553,123703,4.9993505259156,0.16386652024570109
1156,0.1162,2,38,2,45284,631160,2555,123701,4.99904955012039,0.16387255401987916
1157,0.1163,1,44,1,45328,631116,2556,123700,4.9987010518312,0.16388099881295573
1158,0.1164,1,22,1,45350,631094,2557,123699,4.998526802686605,0.16388466771684423
1159,0.1165,2,19,2,45369,631075,2559,123697,4.998376314789,0.16388657766848796
1160,0.1166,3,44,3,45413,631031,2562,123694,4.9980278164998095,0.1638928086389082
1161,0.1167,8,40,8,45453,630991,2570,123686,4.997710999873274,0.16389263221219144
1162,0.1168,5,43,5,45496,630948,2575,123681,4.997370421999746,0.1638964312264702
1163,0.1169,3,34,3,45530,630914,2578,123678,4.99710112786719,0.1639004919214622
1164,0.117,1,30,1,45560,630884,2579,123677,4.996863515397288,0.16390590025193458
1165,0.1171,2,33,2,45593,630851,2581,123675,4.996602141680396,0.16391085264126087
1166,0.1172,5,41,5,45634,630810,2586,123670,4.996277404638195,0.16391421906478634
1167,0.1173,4,61,4,45695,630749,2590,123666,4.995794259282727,0.16392303970626246
1168,0.1174,1,18,1,45713,630731,2591,123665,4.995651691800786,0.16392584266088367
1169,0.1175,3,44,3,45757,630687,2594,123662,4.995303193511596,0.1639320791835079
1170,0.1176,3,61,3,45818,630626,2597,123659,4.994820048156127,0.16394201130872282
1171,0.1177,0,17,0,45835,630609,2597,123659,4.994685401089849,0.16394570630067828
1172,0.1178,0,27,0,45862,630582,2597,123659,4.994471549866937,0.16395157515966383
1173,0.1179,0,50,0,45912,630532,2597,123659,4.994075529083767,0.16396244452665173
1174,0.118,3,39,3,45951,630493,2600,123656,4.993766632872894,0.16396759791500087
1175,0.1181,5,62,5,46013,630431,2605,123651,4.993275567101762,0.16397553581705968
1176,0.1182,0,20,0,46033,630411,2605,123651,4.993117158788493,0.1639798849431479
1177,0.1183,1,23,1,46056,630388,2606,123650,4.992934989228234,0.16398377800588299
1178,0.1184,1,19,1,46075,630369,2607,123649,4.99278450133063,0.16398680137609448
1179,0.1185,3,34,3,46109,630335,2610,123646,4.992515207198074,0.16399086979645375
1180,0.1186,2,33,2,46142,630302,2612,123644,4.992253833481181,0.16399582994007528
1181,0.1187,0,34,0,46176,630268,2612,123644,4.991984539348625,0.16400322584068167
1182,0.1188,6,92,6,46268,630176,2618,123638,4.991255861107591,0.1640165876462894
1183,0.1189,5,34,5,46302,630142,2623,123633,4.990986566975035,0.16401844051606912
1184,0.119,3,60,3,46362,630082,2626,123630,4.99051134203523,0.16402816991105357
1185,0.1191,1,25,1,46387,630057,2627,123629,4.9903133316436445,0.16403250159880906
1186,0.1192,5,60,5,46447,629997,2632,123624,4.98983810670384,0.16404001480850455
1187,0.1193,3,55,3,46502,629942,2635,123621,4.989402483842352,0.16404865950159442
1188,0.1194,5,68,5,46570,629874,2640,123616,4.98886389557724,0.16405791715882095
1189,0.1195,1,33,1,46603,629841,2641,123615,4.988602521860347,0.1640639931197044
1190,0.1196,3,41,3,46644,629800,2644,123612,4.988277784818147,0.16406959273279428
1191,0.1197,2,37,2,46681,629763,2646,123610,4.987984729438601,0.16407543142639835
1192,0.1198,2,59,2,46740,629704,2648,123608,4.98751742491446,0.16408606261416253
1193,0.1199,0,43,0,46783,629661,2648,123608,4.987176847040932,0.16409542938843893
1194,0.12,2,63,2,46846,629598,2650,123606,4.986677860854138,0.1641069351729412
1195,0.1201,0,32,0,46878,629566,2650,123606,4.986424407552908,0.16411390758020744
1196,0.1202,0,18,0,46896,629548,2650,123606,4.9862818400709665,0.16411782981966502
1197,0.1203,2,62,2,46958,629486,2652,123604,4.9857907742998355,0.1641291213533575
1198,0.1204,10,45,10,47003,629441,2662,123594,4.985434355594982,0.1641278293837604
1199,0.1205,2,40,2,47043,629401,2664,123592,4.985117538968445,0.16413432794195962
1200,0.1206,1,55,1,47098,629346,2665,123591,4.9846819161069575,0.16414520736794713
1201,0.1207,9,58,9,47156,629288,2674,123582,4.984222531998479,0.1641478608524712
1202,0.1208,3,25,3,47181,629263,2677,123579,4.984024521606894,0.16414998100531053
1203,0.1209,1,19,1,47200,629244,2678,123578,4.983874033709289,0.16415301359418297
1204,0.121,7,40,7,47240,629204,2685,123571,4.983557217082753,0.1641539636677626
1205,0.1211,3,32,3,47272,629172,2688,123568,4.983303763781524,0.1641576108616521
1206,0.1212,5,39,5,47311,629133,2693,123563,4.98299486757065,0.16416056415870417
1207,0.1213,3,30,3,47341,629103,2696,123560,4.982757255100748,0.1641637758199885
1208,0.1214,2,30,2,47371,629073,2698,123558,4.982519642630845,0.16416809831112458
1209,0.1215,8,81,8,47452,628992,2706,123550,4.981878088962109,0.16417688315070786
1210,0.1216,4,22,4,47474,628970,2710,123546,4.981703839817514,0.16417724008526063
1211,0.1217,2,26,2,47500,628944,2712,123544,4.9814979090102645,0.16418069125354823
1212,0.1218,1,28,1,47528,628916,2713,123543,4.981276137371689,0.16418568985154008
1213,0.1219,0,35,0,47563,628881,2713,123543,4.98099892282347,0.16419332716659757
1214,0.122,2,61,2,47624,628820,2715,123541,4.980515777468002,0.16420441782601702
1215,0.1221,4,41,4,47665,628779,2719,123537,4.980191040425802,0.16420892284625077
1216,0.1222,7,32,7,47697,628747,2726,123530,4.979937587124573,0.1642081307816137
1217,0.1223,1,25,1,47722,628722,2727,123529,4.979739576732987,0.16421247695250654
1218,0.1224,4,35,4,47757,628687,2731,123525,4.979462362184767,0.16421567324105438
1219,0.1225,1,24,1,47781,628663,2732,123524,4.979272272208846,0.16421980172483705
1220,0.1226,2,33,2,47814,628630,2734,123522,4.9790108984919526,0.16422478435209906
1221,0.1227,2,35,2,47849,628595,2736,123520,4.978733683943734,0.1642302041576089
1222,0.1228,5,53,5,47902,628542,2741,123515,4.978313901913572,0.16423622145661831
1223,0.1229,0,21,0,47923,628521,2741,123515,4.978147573184641,0.16424080762091176
1224,0.123,6,36,6,47959,628485,2747,123509,4.9778624382207575,0.16424200193086647
1225,0.1231,5,70,5,48029,628415,2752,123504,4.977308009124319,0.16425173456183445
1226,0.1232,2,36,2,48065,628379,2754,123502,4.977022874160436,0.16425737583473982
1227,0.1233,4,39,4,48104,628340,2758,123498,4.976713977949562,0.16426144994001368
1228,0.1234,1,17,1,48121,628323,2759,123497,4.976579330883284,0.16426405256577373
1229,0.1235,1,24,1,48145,628299,2760,123496,4.976389240907363,0.16426818481101896
1230,0.1236,3,55,3,48200,628244,2763,123493,4.975953618045875,0.16427686810679798
1231,0.1237,3,60,3,48260,628184,2766,123490,4.97547839310607,0.16428664554048697
1232,0.1238,1,53,1,48313,628131,2767,123489,4.97505861107591,0.16429711822463477
1233,0.1239,2,27,2,48340,628104,2769,123487,4.9748447598529975,0.1643007965768616
1234,0.124,0,19,0,48359,628085,2769,123487,4.974694271955392,0.16430495015780258
1235,0.1241,2,27,2,48386,628058,2771,123485,4.97448042073248,0.1643086290471736
1236,0.1242,6,46,6,48432,628012,2777,123479,4.974116081611963,0.1643120143820751
1237,0.1243,4,58,4,48490,627954,2781,123475,4.973656697503485,0.1643202484865503
1238,0.1244,1,45,1,48535,627909,2782,123474,4.973300278798631,0.16432897736573757
1239,0.1245,4,41,4,48576,627868,2786,123470,4.972975541756432,0.16433349571031947
1240,0.1246,4,27,4,48603,627841,2790,123466,4.9727616905335195,0.16433495228980963
1241,0.1247,1,39,1,48642,627802,2791,123465,4.972452794322646,0.16434237095466725
1242,0.1248,4,37,4,48679,627765,2795,123461,4.9721597389431,0.16434601571298119
1243,0.1249,0,20,0,48699,627745,2795,123461,4.972001330629832,0.16435039123755668
1244,0.125,7,106,7,48805,627639,2802,123454,4.97116176656951,0.16436579757766348
1245,0.1251,3,48,3,48853,627591,2805,123451,4.970781586617666,0.16437296449466207
1246,0.1252,4,29,4,48882,627562,2809,123447,4.970551894563426,0.16437486102030735
1247,0.1253,4,36,4,48918,627526,2813,123443,4.970266759599544,0.16437828991609507
1248,0.1254,0,28,0,48946,627498,2813,123443,4.970044987960968,0.1643844190156084
1249,0.1255,1,31,1,48977,627467,2814,123442,4.969799455075402,0.16439009254117343
1250,0.1256,4,118,4,49095,627349,2818,123438,4.968864846027119,0.16441147755621768
1251,0.1257,2,32,2,49127,627317,2820,123436,4.96861139272589,0.16441625940888682
1252,0.1258,4,111,4,49238,627206,2824,123432,4.967732226587251,0.16443611967419716
1253,0.1259,3,22,3,49260,627184,2827,123429,4.967557977442656,0.16443759966853758
1254,0.126,1,44,1,49304,627140,2828,123428,4.967209479153466,0.164446126133808
1255,0.1261,0,10,0,49314,627130,2828,123428,4.967130274996832,0.16444831711873034
1256,0.1262,7,84,7,49398,627046,2835,123421,4.9664649600811055,0.16445893023943758
1257,0.1263,9,31,9,49429,627015,2844,123412,4.966219427195539,0.16445570321963363
1258,0.1264,1,39,1,49468,626976,2845,123411,4.965910530984666,0.164463137021297
1259,0.1265,1,42,1,49510,626934,2846,123410,4.965577873526803,0.16447122919620868
1260,0.1266,3,32,3,49542,626902,2849,123407,4.965324420225573,0.16447490300662793
1261,0.1267,3,30,3,49572,626872,2852,123404,4.965086807755671,0.16447813871162079
1262,0.1268,2,30,2,49602,626842,2854,123402,4.964849195285769,0.16448248836378565
1263,0.1269,4,40,4,49642,626802,2858,123398,4.964532378659232,0.1644868035190616
1264,0.127,0,40,0,49682,626762,2858,123398,4.964215562032695,0.16449557427748748
1265,0.1271,4,54,4,49736,626708,2862,123394,4.963787859586871,0.16450296093064676
1266,0.1272,4,29,4,49765,626679,2866,123390,4.963558167532632,0.16450486555236918
1267,0.1273,4,53,4,49818,626626,2870,123386,4.9631383855024716,0.16451203447411508
1268,0.1274,2,37,2,49855,626589,2872,123384,4.962845330122925,0.16451792264521523
1269,0.1275,1,73,1,49928,626516,2873,123383,4.962267139779495,0.16453282375359882
1270,0.1276,6,41,6,49969,626475,2879,123377,4.961942402737296,0.1645351349332935
1271,0.1277,1,34,1,50003,626441,2880,123376,4.96167310860474,0.16454148145480832
1272,0.1278,4,40,4,50043,626401,2884,123372,4.961356291978203,0.1645458025295656
1273,0.1279,1,15,1,50058,626386,2885,123371,4.9612374857432515,0.16454798021225545
1274,0.128,2,69,2,50127,626317,2887,123369,4.960690977062476,0.16456089616185976
1275,0.1281,9,105,9,50232,626212,2896,123360,4.959859333417818,0.16457391684854825
1276,0.1282,2,25,2,50257,626187,2898,123358,4.959661323026232,0.1645771768206045
1277,0.1283,3,20,3,50277,626167,2901,123355,4.959502914712965,0.16457822452176188
1278,0.1284,5,37,5,50314,626130,2906,123350,4.959209859333418,0.1645807760046966
1279,0.1285,6,68,6,50382,626062,2912,123344,4.958671271068305,0.16458902117143445
1280,0.1286,2,39,2,50421,626023,2914,123342,4.958362374857432,0.16459535740260087
1281,0.1287,1,37,1,50458,625986,2915,123341,4.958069319477886,0.1646023698598876
1282,0.1288,1,15,1,50473,625971,2916,123340,4.957950513242935,0.16460455004664284
1283,0.1289,5,67,5,50540,625904,2921,123335,4.957419845393487,0.1646136946955511
1284,0.129,2,30,2,50570,625874,2923,123333,4.957182232923584,0.16461805615804445
1285,0.1291,4,30,4,50600,625844,2927,123329,4.956944620453681,0.16462018786048083
1286,0.1292,4,54,4,50654,625790,2931,123325,4.956516918007857,0.1646275938941284
1287,0.1293,6,153,6,50807,625637,2937,123319,4.955305094411354,0.16465453244249328
1288,0.1294,9,34,9,50841,625603,2946,123310,4.955035800278798,0.16465196892028847
1289,0.1295,5,55,5,50896,625548,2951,123305,4.954600177417311,0.16465848437543817
1290,0.1296,6,55,6,50951,625493,2957,123299,4.954164554555823,0.16466388529791984
1291,0.1297,0,17,0,50968,625476,2957,123299,4.954029907489545,0.16466762378551633
1292,0.1298,1,20,1,50988,625456,2958,123298,4.953871499176277,0.1646709065994973
1293,0.1299,1,17,1,51005,625439,2959,123297,4.953736852109999,0.16467352978887084
1294,0.13,1,48,1,51053,625391,2960,123296,4.953356672158155,0.16468297165571194
1295,0.1301,1,19,1,51072,625372,2961,123295,4.95320618426055,0.1646860353134304
1296,0.1302,2,36,2,51108,625336,2963,123293,4.952921049296667,0.1646917231365603
1297,0.1303,8,196,8,51304,625140,2971,123285,4.951368647826638,0.16472592444132678
1298,0.1304,7,79,7,51383,625061,2978,123278,4.950742934989228,0.16473550088930283
1299,0.1305,2,38,2,51421,625023,2980,123276,4.950441959194018,0.1647416340259709
1300,0.1306,9,76,9,51497,624947,2989,123267,4.949840007603599,0.1647483206676165
1301,0.1307,0,16,0,51513,624931,2989,123267,4.9497132809529845,0.16475184376328192
1302,0.1308,7,81,7,51594,624850,2996,123260,4.949071727284248,0.16476186657042413
1303,0.1309,4,60,4,51654,624790,3000,123256,4.948596502344443,0.16477061571079854
1304,0.131,2,49,2,51703,624741,3002,123254,4.9482084019769355,0.16477917633139258
1305,0.1311,2,61,2,51764,624680,3004,123252,4.947725256621467,0.16479038201333812
1306,0.1312,2,23,2,51787,624657,3006,123250,4.947543087061209,0.16479321626886764
1307,0.1313,0,22,0,51809,624635,3006,123250,4.947368837916614,0.16479806387345647
1308,0.1314,1,32,1,51841,624603,3007,123249,4.947115384615385,0.16480399865213974
1309,0.1315,3,38,3,51879,624565,3010,123246,4.946814408820175,0.16480902260063038
1310,0.1316,2,31,2,51910,624534,3012,123244,4.946568875934609,0.16481362115494172
1311,0.1317,4,62,4,51972,624472,3016,123240,4.9460778101634775,0.16482281948129762
1312,0.1318,5,65,5,52037,624407,3021,123235,4.945562983145355,0.16483156376982566
1313,0.1319,5,31,5,52068,624376,3026,123230,4.94531745025979,0.16483281300578112
1314,0.132,3,38,3,52106,624338,3029,123227,4.9450164744645795,0.16483784018780975
1315,0.1321,4,84,4,52190,624254,3033,123223,4.944351159548853,0.16485189510847825
1316,0.1322,4,74,4,52264,624180,3037,123219,4.943765048789761,0.16486374747624763
1317,0.1323,1,31,1,52295,624149,3038,123218,4.943519515904194,0.16486946841377798
1318,0.1324,0,28,0,52323,624121,3038,123218,4.943297744265619,0.1648756454567472
1319,0.1325,9,52,9,52375,624069,3047,123209,4.9428858826511215,0.16487706047816209
1320,0.1326,1,20,1,52395,624049,3048,123208,4.942727474337853,0.16488035575444593
1321,0.1327,0,21,0,52416,624028,3048,123208,4.942561145608922,0.16488498948123484
1322,0.1328,3,57,3,52473,623971,3051,123205,4.942109681916107,0.16489421501761298
1323,0.1329,1,26,1,52499,623945,3052,123204,4.941903751108859,0.1648988354397851
1324,0.133,4,39,4,52538,623906,3056,123200,4.941594854897985,0.1649029722689953
1325,0.1331,5,43,5,52581,623863,3061,123195,4.941254277024458,0.16490687470049178
1326,0.1332,8,51,8,52632,623812,3069,123187,4.940850335825624,0.16490918997214185
1327,0.1333,2,26,2,52658,623786,3071,123185,4.940644405018375,0.16491269406710568
1328,0.1334,3,19,3,52677,623767,3074,123182,4.9404939171207705,0.16491353492674868
1329,0.1335,1,20,1,52697,623747,3075,123181,4.940335508807502,0.16491683267999058
1330,0.1336,5,34,5,52731,623713,3080,123176,4.940066214674946,0.1649187496401741
1331,0.1337,1,28,1,52759,623685,3081,123175,4.93984444303637,0.1649238143694936
1332,0.1338,0,23,0,52782,623662,3081,123175,4.939662273476112,0.16492889345332382
1333,0.1339,1,45,1,52827,623617,3082,123174,4.939305854771258,0.16493771349681505
1334,0.134,2,21,2,52848,623596,3084,123172,4.939139526042327,0.1649401152700705
1335,0.1341,0,10,0,52858,623586,3084,123172,4.939060321885693,0.16494232401929407
1336,0.1342,1,33,1,52891,623553,3085,123171,4.9387989481688,0.16494849502627476
1337,0.1343,0,23,0,52914,623530,3085,123171,4.938616778608542,0.16495357579539868
1338,0.1344,5,105,5,53019,623425,3090,123166,4.937785134963883,0.16497118234749683
1339,0.1345,4,29,4,53048,623396,3094,123162,4.937555442909644,0.16497311662322284
1340,0.1346,2,33,2,53081,623363,3096,123160,4.937294069192752,0.16497817213937147
1341,0.1347,3,24,3,53105,623339,3099,123157,4.937103979216829,0.16498012045610425
1342,0.1348,2,26,2,53131,623313,3101,123155,4.936898048409581,0.1649836295728685
1343,0.1349,5,27,5,53158,623286,3106,123150,4.936684197186668,0.16498400398694596
1344,0.135,2,40,2,53198,623246,3108,123148,4.936367380560132,0.1649906081774505
1345,0.1351,6,59,6,53257,623187,3114,123142,4.93590007603599,0.1649969383475652
1346,0.1352,2,65,2,53322,623122,3116,123140,4.935385249017869,0.16500907188092118
1347,0.1353,4,41,4,53363,623081,3120,123136,4.935060511975668,0.16501366224570066
1348,0.1354,3,30,3,53393,623051,3123,123133,4.934822899505766,0.16501693952161933
1349,0.1355,1,68,1,53461,622983,3124,123132,4.934284311240654,0.16503085985404395
1350,0.1356,4,25,4,53486,622958,3128,123128,4.934086300849069,0.16503191321107755
1351,0.1357,7,29,7,53515,622929,3135,123121,4.933856608794829,0.16503049393472288
1352,0.1358,1,36,1,53551,622893,3136,123120,4.933571473830947,0.16503733849142038
1353,0.1359,3,57,3,53608,622836,3139,123117,4.933120010138132,0.16504659140723343
1354,0.136,3,47,3,53655,622789,3142,123114,4.932747750601951,0.1650536329790871
1355,0.1361,8,78,8,53733,622711,3150,123106,4.932129958180205,0.16506193878659242
1356,0.1362,1,31,1,53764,622680,3151,123105,4.93188442529464,0.16506768036364367
1357,0.1363,1,28,1,53792,622652,3152,123104,4.931662653656064,0.16507275838209817
1358,0.1364,3,44,3,53836,622608,3155,123101,4.931314155366874,0.165079139449839
1359,0.1365,1,39,1,53875,622569,3156,123100,4.9310052591560005,0.165086653729738
1360,0.1366,1,42,1,53917,622527,3157,123099,4.930672601698137,0.16509483306644349
1361,0.1367,4,35,4,53952,622492,3161,123095,4.930395387149917,0.16509810391007354
1362,0.1368,4,43,4,53995,622449,3165,123091,4.930054809276391,0.16510314671245005
1363,0.1369,3,41,3,54036,622408,3168,123088,4.929730072234191,0.1651088671166579
1364,0.137,4,35,4,54071,622373,3172,123084,4.9294528576859715,0.1651121392649073
1365,0.1371,2,22,2,54093,622351,3174,123082,4.9292786085413764,0.1651147722196361
1366,0.1372,1,35,1,54128,622316,3175,123081,4.929001393993157,0.16512140510358908
1367,0.1373,0,15,0,54143,622301,3175,123081,4.928882587758205,0.16512472799182165
1368,0.1374,4,31,4,54174,622270,3179,123077,4.92863705487264,0.16512711528992535
1369,0.1375,2,49,2,54223,622221,3181,123075,4.928248954505133,0.16513573130675596
1370,0.1376,0,22,0,54245,622199,3181,123075,4.928074705360538,0.1651406060053081
1371,0.1377,2,38,2,54283,622161,3183,123073,4.927773729565327,0.16514678611013453
1372,0.1378,6,63,6,54346,622098,3189,123067,4.927274743378533,0.1651540262894795
1373,0.1379,2,48,2,54394,622050,3191,123065,4.926894563426688,0.16516242459217706
1374,0.138,9,163,9,54557,621887,3200,123056,4.925603535673552,0.1651884775076751
1375,0.1381,0,20,0,54577,621867,3200,123056,4.925445127360284,0.16519291255606283
1376,0.1382,2,51,2,54628,621816,3202,123054,4.92504118616145,0.16520198155382818
1377,0.1383,8,90,8,54718,621726,3210,123046,4.924328348751742,0.1652129779315012
1378,0.1384,1,40,1,54758,621686,3211,123045,4.924011532125206,0.1652207307067921
1379,0.1385,0,25,0,54783,621661,3211,123045,4.923813521733621,0.16522627721543803
1380,0.1386,7,83,7,54866,621578,3218,123038,4.9231561272335576,0.16523684691169677
1381,0.1387,0,24,0,54890,621554,3218,123038,4.922966037257635,0.16524217289468596
1382,0.1388,4,47,4,54937,621507,3222,123034,4.922593777721455,0.16524811931109235
1383,0.1389,1,50,1,54987,621457,3223,123033,4.922197756938284,0.16525809614635523
1384,0.139,5,37,5,55024,621420,3228,123028,4.921904701558738,0.16526070323246217
1385,0.1391,0,19,0,55043,621401,3228,123028,4.921754213661133,0.1652649211677675
1386,0.1392,3,36,3,55079,621365,3231,123025,4.92146907869725,0.1652695495640726
1387,0.1393,4,35,4,55114,621330,3235,123021,4.921191864149031,0.16527283499316855
1388,0.1394,2,54,2,55168,621276,3237,123019,4.9207641617032065,0.16528258284685507
1389,0.1395,0,24,0,55192,621252,3237,123019,4.920574071727284,0.16528791260172707
1390,0.1396,9,75,9,55267,621177,3246,123010,4.919980040552528,0.16529447571645298
1391,0.1397,3,23,3,55290,621154,3249,123007,4.919797870992269,0.16529621950088758
1392,0.1398,0,28,0,55318,621126,3249,123007,4.919576099353694,0.16530243921449525
1393,0.1399,6,42,6,55360,621084,3255,123001,4.919243441895831,0.16530503907483687
1394,0.14,4,65,4,55425,621019,3259,122997,4.9187286148777085,0.16531499322595214
1395,0.1401,2,22,2,55447,620997,3261,122995,4.918554365733113,0.1653176378240626
1396,0.1402,3,62,3,55509,620935,3264,122992,4.918063299961982,0.1653280496607866
1397,0.1403,1,23,1,55532,620912,3265,122991,4.917881130401724,0.16533203925780646
1398,0.1404,1,15,1,55547,620897,3266,122990,4.917762324166772,0.16533425103543953
1399,0.1405,2,22,2,55569,620875,3268,122988,4.917588075022177,0.16533689671350774
1400,0.1406,6,69,6,55638,620806,3274,122982,4.9170415663414015,0.16534550167520853
1401,0.1407,3,36,3,55674,620770,3277,122979,4.916756431377519,0.16535013828590023
1402,0.1408,2,29,2,55703,620741,3279,122977,4.91652673932328,0.16535434129602888
1403,0.1409,3,61,3,55764,620680,3282,122974,4.916043593967811,0.16536453780925
1404,0.141,8,60,8,55824,620620,3290,122966,4.915568369028007,0.16536890151240072
1405,0.1411,6,123,6,55947,620497,3296,122960,4.914594157901407,0.16538952488173492
1406,0.1412,3,35,3,55982,620462,3299,122957,4.914316943353187,0.16539394338858707
1407,0.1413,1,19,1,56001,620443,3300,122956,4.914166455455582,0.1653970478841107
1408,0.1414,5,37,5,56038,620406,3305,122951,4.913873400076036,0.16539966664738476
1409,0.1415,2,22,2,56060,620384,3307,122949,4.913699150931441,0.16540231632390867
1410,0.1416,4,25,4,56085,620359,3311,122945,4.913501140539855,0.16540338811576422
1411,0.1417,3,45,3,56130,620314,3314,122942,4.9131447218350015,0.16541003368960358
1412,0.1418,5,71,5,56201,620243,3319,122937,4.912582372322899,0.16542022121155037
1413,0.1419,2,43,2,56244,620200,3321,122935,4.912241794449373,0.1654275468118175
1414,0.142,0,16,0,56260,620184,3321,122935,4.912115067798758,0.16543110861113766
1415,0.1421,6,76,6,56336,620108,3327,122929,4.911513116208338,0.16544129027222063
1416,0.1422,5,41,5,56377,620067,3332,122924,4.911188379166139,0.16544480350367635
1417,0.1423,1,25,1,56402,620042,3333,122923,4.910990368774553,0.16544924727275173
1418,0.1424,2,20,2,56422,620022,3335,122921,4.910831960461285,0.16545145455304108
1419,0.1425,7,54,7,56476,619968,3342,122914,4.91040425801546,0.16545561744664697
1420,0.1426,6,40,6,56516,619928,3348,122908,4.910087441388924,0.16545778610621995
1421,0.1427,4,39,4,56555,619889,3352,122904,4.909778545178051,0.16546197931321377
1422,0.1428,6,44,6,56599,619845,3358,122898,4.90943004688886,0.16546503972437304
1423,0.1429,5,41,5,56640,619804,3363,122893,4.909105309846661,0.16546855581751374
1424,0.143,1,31,1,56671,619773,3364,122892,4.908859776961095,0.16547433903576983
1425,0.1431,3,54,3,56725,619719,3367,122889,4.908432074515271,0.16548300045245945
1426,0.1432,1,41,1,56766,619678,3368,122888,4.90810733747307,0.16549101359340448
1427,0.1433,2,52,2,56818,619626,3370,122886,4.907695475858573,0.1655003555498093
1428,0.1434,1,11,1,56829,619615,3371,122885,4.907608351286275,0.1655016835016835
1429,0.1435,2,164,2,56993,619451,3373,122883,4.906309403117476,0.16553599862056703
1430,0.1436,1,35,1,57028,619416,3374,122882,4.906032188569256,0.16554267962462516
1431,0.1437,2,33,2,57061,619383,3376,122880,4.905770814852364,0.16554779101208061
1432,0.1438,11,137,11,57198,619246,3387,122869,4.904685717906475,0.16556598370872438
1433,0.1439,1,50,1,57248,619196,3388,122868,4.904289697123305,0.16557601500679187
1434,0.144,2,34,2,57282,619162,3390,122866,4.904020402990749,0.16558135272523408
1435,0.1441,4,55,4,57337,619107,3394,122862,4.903584780129261,0.16558912838676548
1436,0.1442,1,50,1,57387,619057,3395,122861,4.90318875934609,0.16559916324984703
1437,0.1443,2,24,2,57411,619033,3397,122859,4.902998669370168,0.16560227095048874
1438,0.1444,4,84,4,57495,618949,3401,122855,4.902333354454441,0.165616524041391
1439,0.1445,3,52,3,57547,618897,3404,122852,4.901921492839945,0.1656247598581191
1440,0.1446,1,23,1,57570,618874,3405,122851,4.901739323279686,0.16562877077083824
1441,0.1447,2,20,2,57590,618854,3407,122849,4.901580914966417,0.1656309870662516
1442,0.1448,4,49,4,57639,618805,3411,122845,4.90119281459891,0.16563743005460796
1443,0.1449,4,42,4,57681,618763,3415,122841,4.900860157141047,0.16564231045139993
1444,0.145,2,34,2,57715,618729,3417,122839,4.900590863008491,0.1656476546992319
1445,0.1451,0,23,0,57738,618706,3417,122839,4.900408693448232,0.16565279248056422
1446,0.1452,2,23,2,57761,618683,3419,122837,4.900226523887974,0.16565568022440394
1447,0.1453,1,75,1,57836,618608,3420,122836,4.899632492713217,0.16567131165671312
1448,0.1454,3,37,3,57873,618571,3423,122833,4.899339437333671,0.1656762035273616
1449,0.1455,2,27,2,57900,618544,3425,122831,4.899125586110759,0.1656799865115495
1450,0.1456,4,77,4,57977,618467,3429,122827,4.8985157141046765,0.16569269412675672
1451,0.1457,3,35,3,58012,618432,3432,122824,4.898238499556457,0.16569714106867264
1452,0.1458,2,38,2,58050,618394,3434,122822,4.897937523761247,0.16570338470837112
1453,0.1459,4,69,4,58119,618325,3438,122818,4.897391015080472,0.16571430884458194
1454,0.146,7,69,7,58188,618256,3445,122811,4.896844506399696,0.16572185780772858
1455,0.1461,5,71,5,58259,618185,3450,122806,4.896282156887594,0.16573210740751237
1456,0.1462,0,24,0,58283,618161,3450,122806,4.896092066911671,0.16573747548811216
1457,0.1463,3,47,3,58330,618114,3453,122803,4.8957198073754915,0.16574461106979593
1458,0.1464,5,30,5,58360,618084,3458,122798,4.895482194905589,0.16574569229647906
1459,0.1465,2,26,2,58386,618058,3460,122796,4.89527626409834,0.1657492569386141
1460,0.1466,5,30,5,58416,618028,3465,122791,4.895038651628438,0.16575033847673992
1461,0.1467,3,30,3,58446,617998,3468,122788,4.894801039158535,0.16575367245061326
1462,0.1468,0,29,0,58475,617969,3468,122788,4.894571347104296,0.16576016156445367
1463,0.1469,0,32,0,58507,617937,3468,122788,4.894317893803067,0.1657673225556043
1464,0.147,1,27,1,58534,617910,3469,122787,4.894104042580155,0.16577223885070413
1465,0.1471,1,35,1,58569,617875,3470,122786,4.893826828031935,0.16577894610354804
1466,0.1472,7,48,7,58617,617827,3477,122779,4.893446648080091,0.16578180571045872
1467,0.1473,8,37,8,58654,617790,3485,122771,4.8931535927005445,0.16578107677828025
1468,0.1474,2,25,2,58679,617765,3487,122769,4.89295558230896,0.1657844204317425
1469,0.1475,2,24,2,58703,617741,3489,122767,4.892765492333037,0.16578754044520788
1470,0.1476,2,48,2,58751,617693,3491,122765,4.892385312381194,0.16579603434631
1471,0.1477,4,70,4,58821,617623,3495,122761,4.891830883284754,0.16580720274884383
1472,0.1478,3,56,3,58877,617567,3498,122758,4.891387340007603,0.1658163644345389
1473,0.1479,3,23,3,58900,617544,3501,122755,4.891205170447345,0.16581813564519202
1474,0.148,1,52,1,58952,617492,3502,122754,4.890793308832848,0.16582865695998358
1475,0.1481,4,19,4,58971,617473,3506,122750,4.890642820935243,0.1658284057642089
1476,0.1482,2,39,2,59010,617434,3508,122748,4.890333924724369,0.16583488925696652
1477,0.1483,7,49,7,59059,617385,3515,122741,4.889945824356862,0.16583797893872124
1478,0.1484,4,44,4,59103,617341,3519,122737,4.889597326067672,0.1658433300273755
1479,0.1485,2,43,2,59146,617298,3521,122735,4.889256748194145,0.16585071206284044
1480,0.1486,2,35,2,59181,617263,3523,122733,4.888979533645926,0.16585630192595635
1481,0.1487,1,55,1,59236,617208,3524,122732,4.888543910784438,0.16586750277049492
1482,0.1488,3,61,3,59297,617147,3527,122729,4.888060765428969,0.16587779573874542
1483,0.1489,3,40,3,59337,617107,3530,122726,4.8877439488024335,0.1658833817902148
1484,0.149,2,51,2,59388,617056,3532,122724,4.887340007603599,0.16589256265376193
1485,0.1491,8,47,8,59435,617009,3540,122716,4.886967748067419,0.16589408226029945
1486,0.1492,3,13,3,59448,616996,3543,122713,4.886864782663794,0.16589361492154348
1487,0.1493,5,35,5,59483,616961,3548,122708,4.886587568115575,0.1658958263763927
1488,0.1494,4,38,4,59521,616923,3552,122704,4.886286592320365,0.16589983870248112
1489,0.1495,3,37,3,59558,616886,3555,122701,4.885993536940819,0.16590475495107404
1490,0.1496,1,22,1,59580,616864,3556,122700,4.885819287796224,0.16590856234213672
1491,0.1497,0,44,0,59624,616820,3556,122700,4.885470789507034,0.16591843357853742
1492,0.1498,3,59,3,59683,616761,3559,122697,4.885003484982892,0.16592828801635792
1493,0.1499,2,62,2,59745,616699,3561,122695,4.88451241921176,0.16593994541475857
1494,0.15,4,62,4,59807,616637,3565,122691,4.8840213534406285,0.16594934859764543
1495,0.1501,4,27,4,59834,616610,3569,122687,4.883807502217716,0.1659508965950085
1496,0.1502,11,69,11,59903,616541,3580,122676,4.883260993536941,0.16595397562556055
1497,0.1503,4,45,4,59948,616496,3584,122672,4.882904574832088,0.16595956534914932
1498,0.1504,2,51,2,59999,616445,3586,122670,4.882500633633253,0.16596875993586924
1499,0.1505,5,69,5,60068,616376,3591,122665,4.881954124952477,0.1659786128239164
1500,0.1506,3,33,3,60101,616343,3594,122662,4.881692751235585,0.16598263881841124
1501,0.1507,3,31,3,60132,616312,3597,122659,4.881447218350019,0.16598621596787966
1502,0.1508,1,90,1,60222,616222,3598,122658,4.880734380940312,0.16600530532698138
1503,0.1509,4,57,4,60279,616165,3602,122654,4.880282917247497,0.16601359737635335
1504,0.151,6,41,6,60320,616124,3608,122648,4.879958180205297,0.1660160374242662
1505,0.1511,8,94,8,60414,616030,3616,122640,4.879213661132936,0.16602813164200522
1506,0.1512,1,54,1,60468,615976,3617,122639,4.878785958687112,0.16603914082438076
1507,0.1513,2,27,2,60495,615949,3619,122637,4.8785721074641994,0.16604295234407368
1508,0.1514,2,34,2,60529,615915,3621,122635,4.8783028133316435,0.16604833795951526
1509,0.1515,0,29,0,60558,615886,3621,122635,4.878073121277405,0.166054858291098
1510,0.1516,3,16,3,60574,615870,3624,122632,4.87794639462679,0.16605506823271976
1511,0.1517,2,52,2,60626,615818,3626,122630,4.877534533012293,0.1660645028492189
1512,0.1518,2,33,2,60659,615785,3628,122628,4.8772731592954,0.16606966562072986
1513,0.1519,3,30,3,60689,615755,3631,122625,4.877035546825497,0.16607302472981392
1514,0.152,6,101,6,60790,615654,3637,122619,4.876235584843492,0.16608896708941
1515,0.1521,5,47,5,60837,615607,3642,122614,4.8758633253073125,0.16609389329211713
1516,0.1522,3,91,3,60928,615516,3645,122611,4.875142567481942,0.16611098090166054
1517,0.1523,9,60,9,60988,615456,3654,122602,4.8746673425421365,0.16611431621905054
1518,0.1524,7,52,7,61040,615404,3661,122595,4.874255480927639,0.16611811127115347
1519,0.1525,4,79,4,61119,615325,3665,122591,4.873629768090229,0.1661313753869004
1520,0.1526,1,29,1,61148,615296,3666,122590,4.87340007603599,0.16613677451530454
1521,0.1527,4,47,4,61195,615249,3670,122586,4.8730278164998095,0.16614283681310862
1522,0.1528,2,11,2,61206,615238,3672,122584,4.8729406919275124,0.16614305347360203
1523,0.1529,3,84,3,61290,615154,3675,122581,4.8722753770117855,0.16615857997790534
1524,0.153,4,45,4,61335,615109,3679,122577,4.871918958306932,0.1661641945217884
1525,0.1531,0,15,0,61350,615094,3679,122577,4.871800152071981,0.16616757334909465
1526,0.1532,5,41,5,61391,615053,3684,122572,4.8714754150297805,0.1661711574309439
1527,0.1533,3,58,3,61449,614995,3687,122569,4.871016030921303,0.16618083312092238
1528,0.1534,4,73,4,61522,614922,3691,122565,4.870437840577874,0.16619276000797303
1529,0.1535,3,27,3,61549,614895,3694,122562,4.870223989354962,0.16619545275182146
1530,0.1536,4,76,4,61625,614819,3698,122558,4.869622037764542,0.16620805910680697
1531,0.1537,1,48,1,61673,614771,3699,122557,4.869241857812698,0.16621774841047676
1532,0.1538,3,34,3,61707,614737,3702,122554,4.868972563680142,0.16622202088456253
1533,0.1539,6,51,6,61758,614686,3708,122548,4.868568622481308,0.16622673398134108
1534,0.154,4,60,4,61818,614626,3712,122544,4.868093397541503,0.16623573938168942
1535,0.1541,0,52,0,61870,614574,3712,122544,4.867681535927005,0.16624746648433494
1536,0.1542,6,25,6,61895,614549,3718,122538,4.8674835255354205,0.16624631827721828
1537,0.1543,4,42,4,61937,614507,3722,122534,4.867150868077557,0.166251266890173
1538,0.1544,2,18,2,61955,614489,3724,122532,4.867008300595615,0.16625306470236262
1539,0.1545,5,71,5,62026,614418,3729,122527,4.866445951083513,0.16626342535738758
1540,0.1546,7,96,7,62122,614322,3736,122520,4.865685591179825,0.1662771666110238
1541,0.1547,3,24,3,62146,614298,3739,122517,4.865495501203903,0.16627918812727754
1542,0.1548,4,74,4,62220,614224,3743,122513,4.864909390444811,0.16629136313229823
1543,0.1549,2,31,2,62251,614193,3745,122511,4.864663857559245,0.16629609721136304
1544,0.155,2,46,2,62297,614147,3747,122509,4.864299518438727,0.16630421797962686
1545,0.1551,2,15,2,62312,614132,3749,122507,4.864180712203776,0.1663053408793181
1546,0.1552,4,121,4,62433,614011,3753,122503,4.863222341908504,0.16632813497095777
1547,0.1553,4,53,4,62486,613958,3757,122499,4.862802559878342,0.16633557695832887
1548,0.1554,3,36,3,62522,613922,3760,122496,4.86251742491446,0.16634031215967018
1549,0.1555,4,39,4,62561,613883,3764,122492,4.8622085287035866,0.16634459344763197
1550,0.1556,2,61,2,62622,613822,3766,122490,4.861725383348118,0.1663561099099295
1551,0.1557,2,42,2,62664,613780,3768,122488,4.861392725890255,0.16636333508994008
1552,0.1558,6,82,6,62746,613698,3774,122482,4.860743251805855,0.1663750713140808
1553,0.1559,7,51,7,62797,613647,3781,122475,4.860339310607021,0.16637867092683006
1554,0.156,8,66,8,62863,613581,3789,122467,4.8598165631732355,0.16638452926983022
1555,0.1561,2,39,2,62902,613542,3791,122465,4.8595076669623625,0.16639108051961463
1556,0.1562,5,47,5,62949,613495,3796,122460,4.859135407426182,0.1663960432363392
1557,0.1563,4,46,4,62995,613449,3800,122456,4.858771068305665,0.1664019132904383
1558,0.1564,5,37,5,63032,613412,3805,122451,4.858478012926119,0.16640461607663384
1559,0.1565,3,37,3,63069,613375,3808,122448,4.858184957546572,0.16640958491376323
1560,0.1566,4,43,4,63112,613332,3812,122444,4.857844379673045,0.1664147784108207
1561,0.1567,1,29,1,63141,613303,3813,122443,4.857614687618806,0.16642020479893876
1562,0.1568,4,36,4,63177,613267,3817,122439,4.857329552654924,0.16642381603520973
1563,0.1569,3,29,3,63206,613238,3820,122436,4.857099860600684,0.1664269771665167
1564,0.157,2,41,2,63247,613197,3822,122434,4.856775123558484,0.1664339866046972
1565,0.1571,3,31,3,63278,613166,3825,122431,4.856529590672919,0.16643760102338645
1566,0.1572,0,14,0,63292,613152,3825,122431,4.856418704853631,0.16644076875077318
1567,0.1573,3,29,3,63321,613123,3828,122428,4.856189012799391,0.16644393114821407
1568,0.1574,5,56,5,63377,613067,3833,122423,4.85574546952224,0.16645093747025794
1569,0.1575,6,39,6,63416,613028,3839,122417,4.855436573311367,0.1664529638518176
1570,0.1576,5,62,5,63478,612966,3844,122412,4.8549455075402355,0.16646133009146316
1571,0.1577,6,22,6,63500,612944,3850,122406,4.85477125839564,0.16645950907731014
1572,0.1578,6,61,6,63561,612883,3856,122400,4.854288113040172,0.16646651697373666
1573,0.1579,4,53,4,63614,612830,3860,122396,4.853868331010012,0.16647398214970635
1574,0.158,12,204,12,63818,612626,3872,122384,4.852252566214675,0.16650657814179398
1575,0.1581,2,70,2,63888,612556,3874,122382,4.851698137118236,0.16652016904827346
1576,0.1582,3,32,3,63920,612524,3877,122379,4.851444683817006,0.16652401745536485
1577,0.1583,2,46,2,63966,612478,3879,122377,4.85108034469649,0.1665321730137238
1578,0.1584,5,39,5,64005,612439,3884,122372,4.850771448485617,0.1665353403800433
1579,0.1585,5,46,5,64051,612393,3889,122367,4.8504071093651,0.1665400947248081
1580,0.1586,3,69,3,64120,612324,3892,122364,4.849860600684324,0.16655233241865935
1581,0.1587,3,78,3,64198,612246,3895,122361,4.849242808262578,0.16656661316867385
1582,0.1588,7,60,7,64258,612186,3902,122354,4.848767583322773,0.1665722765268059
1583,0.1589,5,30,5,64288,612156,3907,122349,4.84852997085287,0.1665734065799416
1584,0.159,7,63,7,64351,612093,3914,122342,4.848030984666075,0.16657975178198206
1585,0.1591,5,56,5,64407,612037,3919,122337,4.847587441388924,0.16658678003306218
1586,0.1592,3,56,3,64463,611981,3922,122334,4.8471438981117725,0.16659607933924814
1587,0.1593,4,63,4,64526,611918,3926,122330,4.846644911924978,0.16660583345136792
1588,0.1594,0,25,0,64551,611893,3926,122330,4.846446901533392,0.16661150631347696
1589,0.1595,6,20,6,64571,611873,3932,122324,4.846288493220124,0.16660923430632377
1590,0.1596,5,72,5,64643,611801,3937,122319,4.845718223292359,0.16661989865417098
1591,0.1597,2,76,2,64719,611725,3939,122317,4.845116271701939,0.16663487920309736
1592,0.1598,8,81,8,64800,611644,3947,122309,4.844474718033203,0.16664418566311467
1593,0.1599,9,83,9,64883,611561,3956,122300,4.843817323533139,0.16665281299864687
1594,0.16,1,80,1,64963,611481,3957,122299,4.843183690280066,0.16666984654801167
1595,0.1601,4,44,4,65007,611437,3961,122295,4.842835191990876,0.16667529833781272
1596,0.1602,9,62,9,65069,611375,3970,122286,4.842344126219744,0.16667916108393385
1597,0.1603,2,20,2,65089,611355,3972,122284,4.842185717906475,0.1666814332389636
1598,0.1604,6,64,6,65153,611291,3978,122278,4.841678811304018,0.16668915943830778
1599,0.1605,1,44,1,65197,611247,3979,122277,4.841330313014827,0.16669802215060447
1600,0.1606,3,31,3,65228,611216,3982,122274,4.841084780129261,0.166701659190991
1601,0.1607,2,25,2,65253,611191,3984,122272,4.840886769737676,0.16670506896735077
1602,0.1608,2,46,2,65299,611145,3986,122270,4.840522430617159,0.16671325238780227
1603,0.1609,4,67,4,65366,611078,3990,122266,4.83999176276771,0.16672393856089365
1604,0.161,7,64,7,65430,611014,3997,122259,4.839484856165251,0.16673053555769815
1605,0.1611,1,26,1,65456,610988,3998,122258,4.839278925358003,0.16673531120524354
1606,0.1612,6,74,6,65530,610914,4004,122252,4.83869281459891,0.16674532097778674
1607,0.1613,1,29,1,65559,610885,4005,122251,4.838463122544671,0.1667507802099474
1608,0.1614,2,46,2,65605,610839,4007,122249,4.8380987834241544,0.16675897027369158
1609,0.1615,0,57,0,65662,610782,4007,122249,4.83764731973134,0.16677193733962137
1610,0.1616,0,25,0,65687,610757,4007,122249,4.837449309339754,0.16677762528546833
1611,0.1617,5,41,5,65728,610716,4012,122244,4.837124572297554,0.166781270464964
1612,0.1618,1,30,1,65758,610686,4013,122243,4.836886959827652,0.1667869602649097
1613,0.1619,3,32,3,65790,610654,4016,122240,4.8366335065264225,0.16679083196205727
1614,0.162,4,69,4,65859,610585,4020,122236,4.836086997845647,0.1668019884801336
1615,0.1621,3,45,3,65904,610540,4023,122233,4.835730579140793,0.16680882073984712
1616,0.1622,5,64,5,65968,610476,4028,122228,4.835223672538334,0.16681770537625015
1617,0.1623,5,77,5,66045,610399,4033,122223,4.834613800532252,0.16682955193810722
1618,0.1624,3,39,3,66084,610360,4036,122220,4.834304904321379,0.1668350214311065
1619,0.1625,6,173,6,66257,610187,4042,122214,4.832934672411608,0.1668676039492027
1620,0.1626,3,55,3,66312,610132,4045,122211,4.832499049550121,0.1668767230655581
1621,0.1627,1,36,1,66348,610096,4046,122210,4.832213914586237,0.1668837890171595
1622,0.1628,10,112,10,66460,609984,4056,122200,4.831326828031935,0.16689793822317886
1623,0.1629,4,58,4,66518,609926,4060,122196,4.830867443923457,0.1669066084614313
1624,0.163,4,59,4,66577,609867,4064,122192,4.830400139399316,0.16691550817625356
1625,0.1631,1,24,1,66601,609843,4065,122191,4.8302100494233935,0.1669198425209758
1626,0.1632,7,23,7,66624,609820,4072,122184,4.8300278798631355,0.16691712067147174
1627,0.1633,2,58,2,66682,609762,4074,122182,4.829568495754657,0.1669280709999672
1628,0.1634,4,24,4,66706,609738,4078,122178,4.829378405778735,0.16692899185152393
1629,0.1635,2,49,2,66755,609689,4080,122176,4.828990305411228,0.16693789155103742
1630,0.1636,3,21,3,66776,609668,4083,122173,4.828823976682297,0.16693926686261087
1631,0.1637,1,49,1,66825,609619,4084,122172,4.828435876314789,0.16694930656430593
1632,0.1638,4,32,4,66857,609587,4088,122168,4.82818242301356,0.16695205362450546
1633,0.1639,4,22,4,66879,609565,4092,122164,4.828008173868965,0.16695251930701122
1634,0.164,5,52,5,66931,609513,4097,122159,4.827596312254467,0.16695869187286105
1635,0.1641,10,231,10,67162,609282,4107,122149,4.825766696236219,0.16700003144520809
1636,0.1642,3,15,3,67177,609267,4110,122146,4.825647890001267,0.1670000396492816
1637,0.1643,12,144,12,67321,609123,4122,122134,4.824507350145736,0.16701925588404623
1638,0.1644,3,54,3,67375,609069,4125,122131,4.824079647699912,0.16702817286652077
1639,0.1645,6,70,6,67445,608999,4131,122125,4.823525218603472,0.1670373288252061
1640,0.1646,0,45,0,67490,608954,4131,122125,4.823168799898618,0.16704761044975988
1641,0.1647,4,38,4,67528,608916,4135,122121,4.822867824103409,0.16705173609543703
1642,0.1648,5,74,5,67602,608842,4140,122116,4.822281713344316,0.16706295026526832
1643,0.1649,1,19,1,67621,608823,4141,122115,4.822131225446712,0.167066153353636
1644,0.165,4,116,4,67737,608707,4145,122111,4.821212457229755,0.16708811222493153
1645,0.1651,2,25,2,67762,608682,4147,122109,4.82101444683817,0.16709154874649523
1646,0.1652,6,153,6,67915,608529,4153,122103,4.819802623241667,0.16711969910981178
1647,0.1653,6,34,6,67949,608495,4159,122097,4.819533329109111,0.16712063641540012
1648,0.1654,5,60,5,68009,608435,4164,122092,4.819058104169307,0.1671286619111956
1649,0.1655,10,35,10,68044,608400,4174,122082,4.818780889621087,0.16712526797374885
1650,0.1656,3,42,3,68086,608358,4177,122079,4.818448232163224,0.16713145692236292
1651,0.1657,4,63,4,68149,608295,4181,122075,4.817949245976429,0.16714131193778495
1652,0.1658,2,49,2,68198,608246,4183,122073,4.817561145608922,0.16715024530376452
1653,0.1659,6,30,6,68228,608216,4189,122067,4.817323533139019,0.16715026914223663
1654,0.166,4,78,4,68306,608138,4193,122063,4.816705740717273,0.16716356181380196
1655,0.1661,4,61,4,68367,608077,4197,122059,4.816222595361805,0.16717296503665072
1656,0.1662,2,31,2,68398,608046,4199,122057,4.815977062476239,0.16717778176503864
1657,0.1663,11,153,11,68551,607893,4210,122046,4.814765238879737,0.16720027289951625
1658,0.1664,10,52,10,68603,607841,4220,122036,4.814353377265239,0.1672007749250901
1659,0.1665,2,20,2,68623,607821,4222,122034,4.814194968951971,0.16720307458330763
1660,0.1666,3,49,3,68672,607772,4225,122031,4.8138068685844635,0.167210877455971
1661,0.1667,3,49,3,68721,607723,4228,122028,4.813418768216956,0.1672186814406558
1662,0.1668,3,32,3,68753,607691,4231,122025,4.813165314915727,0.16722259070652143
1663,0.1669,12,122,12,68875,607569,4243,122013,4.81219902420479,0.16723685617243847
1664,0.167,3,49,3,68924,607520,4246,122010,4.811810923837283,0.16724466437295246
1665,0.1671,4,37,4,68961,607483,4250,122006,4.811517868457737,0.1672485808559142
1666,0.1672,2,38,2,68999,607445,4252,122004,4.811216892662527,0.1672550102885877
1667,0.1673,5,27,5,69026,607418,4257,121999,4.811003041439615,0.16725549308557383
1668,0.1674,2,25,2,69051,607393,4259,121997,4.810805031048029,0.16725894240392658
1669,0.1675,5,94,5,69145,607299,4264,121992,4.810060511975668,0.16727479154411615
1670,0.1676,1,62,1,69207,607237,4265,121991,4.809569446204537,0.16728787155731814
1671,0.1677,2,31,2,69238,607206,4267,121989,4.809323913318971,0.1672926994836772
1672,0.1678,2,44,2,69282,607162,4269,121987,4.8089754150297805,0.16730051059522813
1673,0.1679,2,44,2,69326,607118,4271,121985,4.80862691674059,0.16730832269240423
1674,0.168,3,32,3,69358,607086,4274,121982,4.808373463439361,0.16731223973621115
1675,0.1681,2,32,2,69390,607054,4276,121980,4.808120010138132,0.16731729933034672
1676,0.1682,0,21,0,69411,607033,4276,121980,4.8079536814092005,0.16732211908429617
1677,0.1683,4,75,4,69486,606958,4280,121976,4.807359650234444,0.16733476556176555
1678,0.1684,8,72,8,69558,606886,4288,121968,4.806789380306679,0.16734215631662858
1679,0.1685,3,107,3,69665,606779,4291,121965,4.805941895830693,0.1673632990460299
1680,0.1686,7,82,7,69747,606697,4298,121958,4.805292421746294,0.16737413453554836
1681,0.1687,2,44,2,69791,606653,4300,121956,4.804943923457103,0.16738195657753335
1682,0.1688,1,94,1,69885,606559,4301,121955,4.804199404384742,0.16740241093513644
1683,0.1689,5,28,5,69913,606531,4306,121950,4.803977632746166,0.16740313062385978
1684,0.169,4,35,4,69948,606496,4310,121946,4.8037004181979475,0.1674066020355773
1685,0.1691,3,35,3,69983,606461,4313,121943,4.803423203649728,0.16741121685218643
1686,0.1692,2,44,2,70027,606417,4315,121941,4.803074705360538,0.16741904393169293
1687,0.1693,1,18,1,70045,606399,4316,121940,4.802932137878596,0.16742203836400357
1688,0.1694,3,36,3,70081,606363,4319,121937,4.802647002914713,0.16742688452560758
1689,0.1695,1,33,1,70114,606330,4320,121936,4.80238562919782,0.16743332793237636
1690,0.1696,1,22,1,70136,606308,4321,121935,4.802211380053225,0.16743724278846484
1691,0.1697,7,22,7,70158,606286,4328,121928,4.80203713090863,0.16743429815960692
1692,0.1698,7,54,7,70212,606232,4335,121921,4.801609428462806,0.16743871136972588
1693,0.1699,2,34,2,70246,606198,4337,121919,4.80134013433025,0.16744424316421674
1694,0.17,3,63,3,70309,606135,4340,121916,4.800841148143455,0.16745530189505956
1695,0.1701,3,30,3,70339,606105,4343,121913,4.800603535673552,0.16745877162377854
1696,0.1702,4,30,4,70369,606075,4347,121909,4.80036592320365,0.1674610980461109
1697,0.1703,6,63,6,70432,606012,4353,121903,4.799866937016855,0.1674687291785442
1698,0.1704,6,32,6,70464,605980,4359,121897,4.799613483715626,0.16746922900435102
1699,0.1705,1,47,1,70511,605933,4360,121896,4.799241224179445,0.16747889957668627
1700,0.1706,10,98,10,70609,605835,4370,121886,4.798465023444431,0.16749001334302568
1701,0.1707,4,43,4,70652,605792,4374,121882,4.798124445570903,0.16749533444921763
1702,0.1708,5,38,5,70690,605754,4379,121877,4.797823469775694,0.16749836111985333
1703,0.1709,9,106,9,70796,605648,4388,121868,4.796983905715372,0.1675124670797618
1704,0.171,3,44,3,70840,605604,4391,121865,4.796635407426182,0.16751916576513914
1705,0.1711,3,58,3,70898,605546,4394,121862,4.796176023317703,0.16752908958933638
1706,0.1712,3,84,3,70982,605462,4397,121859,4.795510708401977,0.1675450042003462
1707,0.1713,3,62,3,71044,605400,4400,121856,4.795019642630845,0.16755585378463705
1708,0.1714,8,82,8,71126,605318,4408,121848,4.794370168546445,0.16756559025036924
1709,0.1715,5,36,5,71162,605282,4413,121843,4.794085033582562,0.16756816228296373
1710,0.1716,2,26,2,71188,605256,4415,121841,4.793879102775314,0.1675718645517723
1711,0.1717,3,17,3,71205,605239,4418,121838,4.793744455709035,0.16757234790813078
1712,0.1718,6,28,6,71233,605211,4424,121832,4.79352268407046,0.16757193178395224
1713,0.1719,3,23,3,71256,605188,4427,121829,4.793340514510201,0.16757379813676984
1714,0.172,1,69,1,71325,605119,4428,121828,4.792794005829426,0.1675885587257393
1715,0.1721,6,156,6,71481,604963,4434,121822,4.791558420985933,0.16761765859229347
1716,0.1722,4,23,4,71504,604940,4438,121818,4.791376251425675,0.16761838190979667
1717,0.1723,4,44,4,71548,604896,4442,121814,4.791027753136484,0.1676239490305624
1718,0.1724,7,67,7,71615,604829,4449,121807,4.790497085287035,0.16763138627868698
1719,0.1725,2,29,2,71644,604800,4451,121805,4.790267393232797,0.1676357856056592
1720,0.1726,4,39,4,71683,604761,4455,121801,4.7899584970219236,0.16764020138680524
1721,0.1727,1,43,1,71726,604718,4456,121800,4.789617919148397,0.1676489777266358
1722,0.1728,4,42,4,71768,604676,4460,121796,4.789285261690534,0.16765408714995209
1723,0.1729,3,60,3,71828,604616,4463,121793,4.7888100367507285,0.1676644975489015
1724,0.173,1,21,1,71849,604595,4464,121792,4.788643708021797,0.16766819890774476
1725,0.1731,5,77,5,71926,604518,4469,121787,4.788033836015714,0.16768024452537159
1726,0.1732,7,45,7,71971,604473,4476,121780,4.78767741731086,0.16768261198232573
1727,0.1733,4,77,4,72048,604396,4480,121776,4.787067545304778,0.16769580760480987
1728,0.1734,2,48,2,72096,604348,4482,121774,4.786687365352933,0.16770460060430617
1729,0.1735,15,115,15,72211,604233,4497,121759,4.785776517551641,0.16771396929993718
1730,0.1736,7,91,7,72302,604142,4504,121752,4.78505575972627,0.16772696840034496
1731,0.1737,3,47,3,72349,604095,4507,121749,4.78468350019009,0.16773438920759834
1732,0.1738,6,54,6,72403,604041,4513,121743,4.784255797744265,0.16773998875698554
1733,0.1739,2,26,2,72429,604015,4515,121741,4.784049866937017,0.16774370449572584
1734,0.174,2,48,2,72477,603967,4517,121739,4.783669686985173,0.16775250583569654
1735,0.1741,2,39,2,72516,603928,4519,121737,4.783360790774299,0.167759227742829
1736,0.1742,9,86,9,72602,603842,4528,121728,4.782679635027246,0.16776878867648884
1737,0.1743,6,54,6,72656,603788,4534,121722,4.7822519325814214,0.16777439318548332
1738,0.1744,3,71,3,72727,603717,4537,121719,4.781689583069319,0.16778737200800622
1739,0.1745,2,44,2,72771,603673,4539,121717,4.781341084780129,0.167795254966294
1740,0.1746,7,53,7,72824,603620,4546,121710,4.780921302749968,0.1677994843726304
1741,0.1747,7,103,7,72927,603517,4553,121703,4.780105499936637,0.16781528363806844
1742,0.1748,5,54,5,72981,603463,4558,121698,4.7796777974908125,0.16782204227750802
1743,0.1749,1,31,1,73012,603432,4559,121697,4.779432264605246,0.16782806921251253
1744,0.175,4,35,4,73047,603397,4563,121693,4.779155050057027,0.16783157952805858
1745,0.1751,1,41,1,73088,603356,4564,121692,4.778830313014827,0.16783992232238418
1746,0.1752,3,42,3,73130,603314,4567,121689,4.778497655556964,0.1678462020157158
1747,0.1753,4,54,4,73184,603260,4571,121685,4.77806995311114,0.16785411307064674
1748,0.1754,8,67,8,73251,603193,4579,121677,4.777539285261691,0.1678604439416723
1749,0.1755,0,27,0,73278,603166,4579,121677,4.7773254340387785,0.16786669665017115
1750,0.1756,0,27,0,73305,603139,4579,121677,4.777111582815866,0.16787294982450718
1751,0.1757,7,49,7,73354,603090,4586,121670,4.776723482448359,0.16787626248689222
1752,0.1758,1,36,1,73390,603054,4587,121669,4.776438347484476,0.16788345340219643
1753,0.1759,3,79,3,73469,602975,4590,121666,4.775812634647067,0.1678983110257355
1754,0.176,0,22,0,73491,602953,4590,121666,4.7756383855024716,0.16790340854987243
1755,0.1761,8,102,8,73593,602851,4598,121658,4.774830503104803,0.16791785885337518
1756,0.1762,7,58,7,73651,602793,4605,121651,4.774371118996325,0.1679232625296089
1757,0.1763,7,72,7,73723,602721,4612,121644,4.773800849068559,0.16793191277877864
1758,0.1764,3,41,3,73764,602680,4615,121641,4.773476112026359,0.16793797225263385
1759,0.1765,9,107,9,73871,602573,4624,121632,4.7726286275503735,0.16795244440455395
1760,0.1766,6,69,6,73940,602504,4630,121626,4.772082118869598,0.16796155386463757
1761,0.1767,10,134,10,74074,602370,4640,121616,4.771020783170701,0.1679811488067449
1762,0.1768,5,40,5,74114,602330,4645,121611,4.770703966544164,0.1679846838347324
1763,0.1769,3,12,3,74126,602318,4648,121608,4.770608921556203,0.16798402046618024
1764,0.177,1,80,1,74206,602238,4649,121607,4.76997528830313,0.16800143677168455
1765,0.1771,2,29,2,74235,602209,4651,121605,4.7697455962488915,0.16800586891107383
1766,0.1772,8,209,8,74444,602000,4659,121597,4.768090229375238,0.16804519642839869
1767,0.1773,4,46,4,74490,601954,4663,121593,4.76772589025472,0.1680512807046398
1768,0.1774,2,51,2,74541,601903,4665,121591,4.767321949055886,0.168060827042104
1769,0.1775,2,31,2,74572,601872,4667,121589,4.767076416170321,0.16806572849123863
1770,0.1776,5,84,5,74656,601788,4672,121584,4.766411101254594,0.168079494368043
1771,0.1777,10,99,10,74755,601689,4682,121574,4.7656269801039155,0.16809099871001282
1772,0.1778,2,23,2,74778,601666,4684,121572,4.7654448105436575,0.16809404373110926
1773,0.1779,3,24,3,74802,601642,4687,121569,4.765254720567736,0.16809617110359218
1774,0.178,9,119,9,74921,601523,4696,121560,4.764312191103789,0.16811348074840649
1775,0.1781,6,32,6,74953,601491,4702,121554,4.76405873780256,0.16811401779972202
1776,0.1782,8,86,8,75039,601405,4710,121546,4.763377582055506,0.16812481067181592
1777,0.1783,3,23,3,75062,601382,4713,121543,4.763195412495247,0.1681267074731127
1778,0.1784,7,55,7,75117,601327,4720,121536,4.76275978963376,0.1681314439942285
1779,0.1785,1,35,1,75152,601292,4721,121535,4.76248257508554,0.16813843423115074
1780,0.1786,14,86,14,75238,601206,4735,121521,4.761801419338487,0.16814232760087833
1781,0.1787,10,55,10,75293,601151,4745,121511,4.7613657964769995,0.16814361347351875
1782,0.1788,3,31,3,75324,601120,4748,121508,4.761120263591433,0.168147373198935
1783,0.1789,3,16,3,75340,601104,4751,121505,4.760993536940819,0.16814764277776778
1784,0.179,0,23,0,75363,601081,4751,121505,4.76081136738056,0.1681529949376268
1785,0.1791,5,35,5,75398,601046,4756,121500,4.76053415283234,0.16815538387867346
1786,0.1792,1,43,1,75441,601003,4757,121499,4.760193574958814,0.16816424037580519
1787,0.1793,2,63,2,75504,600940,4759,121497,4.759694588772018,0.16817660225043846
1788,0.1794,2,34,2,75538,600906,4761,121495,4.759425294639462,0.1681822145871891
1789,0.1795,3,54,3,75592,600852,4764,121492,4.758997592193638,0.16819133266144662
1790,0.1796,2,59,2,75651,600793,4766,121490,4.758530287669497,0.1682027681670481
1791,0.1797,3,49,3,75700,600744,4769,121487,4.758142187301989,0.1682107248234983
1792,0.1798,6,74,6,75774,600670,4775,121481,4.757556076542897,0.1682210507220789
1793,0.1799,10,47,10,75821,600623,4785,121471,4.757183817006717,0.1682204809900096
1794,0.18,5,37,5,75858,600586,4790,121466,4.7568907616271705,0.16822334125520047
1795,0.1801,0,60,0,75918,600526,4790,121466,4.756415536687365,0.16823732118915444
1796,0.1802,1,23,1,75941,600503,4791,121465,4.756233367127106,0.16824152871041376
1797,0.1803,4,30,4,75971,600473,4795,121461,4.755995754657205,0.1682439114932944
1798,0.1804,6,66,6,76037,600407,4801,121455,4.7554730072234195,0.1682523806489329
1799,0.1805,9,59,9,76096,600348,4810,121446,4.755005702699278,0.16825576272454468
1800,0.1806,2,31,2,76127,600317,4812,121444,4.754760169813712,0.16826068463106209
1801,0.1807,5,68,5,76195,600249,4817,121439,4.7542215815486,0.16827077629113965
1802,0.1808,5,78,5,76273,600171,4822,121434,4.753603789126854,0.16828320202881078
1803,0.1809,5,51,5,76324,600120,4827,121429,4.753199847928019,0.16828933308756577
1804,0.181,4,50,4,76374,600070,4831,121425,4.752803827144849,0.1682963845903298
1805,0.1811,6,75,6,76449,599995,4837,121419,4.752209795970092,0.16830696382382376
1806,0.1812,3,30,3,76479,599965,4840,121416,4.7519721835001905,0.16831050443524295
1807,0.1813,5,33,5,76512,599932,4845,121411,4.751710809783297,0.16831243943588556
1808,0.1814,4,55,4,76567,599877,4849,121407,4.751275186921809,0.16832066148701483
1809,0.1815,2,27,2,76594,599850,4851,121405,4.751061335698897,0.1683246563282057
1810,0.1816,13,95,13,76689,599755,4864,121392,4.750308896210873,0.16833183803024904
1811,0.1817,9,55,9,76744,599700,4873,121383,4.749873273349386,0.16833429716135312
1812,0.1818,2,26,2,76770,599674,4875,121381,4.7496673425421365,0.16833806020345188
1813,0.1819,2,15,2,76785,599659,4877,121379,4.749548536307185,0.16833925535131297
1814,0.182,4,44,4,76829,599615,4881,121375,4.749200038017995,0.16834491463127088
1815,0.1821,2,34,2,76863,599581,4883,121373,4.748930743885439,0.16835054663681734
1816,0.1822,2,40,2,76903,599541,4885,121371,4.748613927258902,0.16835758039816232
1817,0.1823,6,51,6,76954,599490,4891,121365,4.748209986060068,0.1683625694487796
1818,0.1824,9,226,9,77180,599264,4900,121356,4.746419972120137,0.16840498459659736
1819,0.1825,2,29,2,77209,599235,4902,121354,4.746190280065898,0.1684094539328244
1820,0.1826,2,34,2,77243,599201,4904,121352,4.745920985933342,0.1684150922971662
1821,0.1827,2,34,2,77277,599167,4906,121350,4.745651691800786,0.16842073122493986
1822,0.1828,7,65,7,77342,599102,4913,121343,4.745136864782664,0.1684278466780948
1823,0.1829,4,19,4,77361,599083,4917,121339,4.744986376885059,0.1684276715591695
1824,0.183,4,23,4,77384,599060,4921,121335,4.7448042073248,0.16842843162431723
1825,0.1831,2,50,2,77434,599010,4923,121333,4.74440818654163,0.1684378136526627
1826,0.1832,1,41,1,77475,598969,4924,121332,4.7440834494994295,0.1684462467773889
1827,0.1833,4,39,4,77514,598930,4928,121328,4.7437745532885565,0.16845074959250714
1828,0.1834,2,49,2,77563,598881,4930,121326,4.743386452921049,0.1684599011117637
1829,0.1835,4,42,4,77605,598839,4934,121322,4.743053795463186,0.1684651071079939
1830,0.1836,5,55,5,77660,598784,4939,121317,4.7426181726016985,0.16847220042744004
1831,0.1837,2,31,2,77691,598753,4941,121315,4.742372639716132,0.16847714382530538
1832,0.1838,3,54,3,77745,598699,4944,121312,4.741944937270308,0.16848631479241288
1833,0.1839,7,85,7,77830,598614,4951,121305,4.741271701938918,0.16849812270547104
1834,0.184,4,107,4,77937,598507,4955,121301,4.740424217462932,0.1685185493909487
1835,0.1841,2,53,2,77990,598454,4957,121299,4.7400044354327715,0.16852864802230766
1836,0.1842,5,44,5,78034,598410,4962,121294,4.739655937143581,0.1685331747496193
1837,0.1843,2,41,2,78075,598369,4964,121292,4.739331200101382,0.16854046558032185
1838,0.1844,1,30,1,78105,598339,4965,121291,4.739093587631479,0.16854633631171576
1839,0.1845,4,79,4,78184,598260,4969,121287,4.738467874794069,0.16856021913787425
1840,0.1846,7,62,7,78246,598198,4976,121280,4.737976809022937,0.16856665526951484
1841,0.1847,6,83,6,78329,598115,4982,121274,4.737319414522874,0.1685791692672532
1842,0.1848,4,44,4,78373,598071,4986,121270,4.736970916233684,0.16858485752932198
1843,0.1849,6,61,6,78434,598010,4992,121264,4.736487770878216,0.16859221937676044
1844,0.185,5,44,5,78478,597966,4997,121259,4.736139272589026,0.16859675344989397
1845,0.1851,7,89,7,78567,597877,5004,121252,4.735434355594982,0.1686095262463341
1846,0.1852,3,20,3,78587,597857,5007,121249,4.735275947281713,0.16861074723337033
1847,0.1853,1,34,1,78621,597823,5008,121248,4.735006653149157,0.16861756349512078
1848,0.1854,4,26,4,78647,597797,5012,121244,4.734800722341909,0.1686190356321823
1849,0.1855,8,48,8,78695,597749,5020,121236,4.7344205423900645,0.16862104216360563
1850,0.1856,5,29,5,78724,597720,5025,121231,4.734190850335826,0.16862206186513407
1851,0.1857,5,48,5,78772,597672,5030,121226,4.733810670383982,0.16862753825994786
1852,0.1858,0,35,0,78807,597637,5030,121226,4.7335334558357625,0.16863574839712156
1853,0.1859,1,28,1,78835,597609,5031,121225,4.7333116841971865,0.16864116054610662
1854,0.186,4,45,4,78880,597564,5035,121221,4.7329552654923335,0.16864709196769548
1855,0.1861,2,42,2,78922,597522,5037,121219,4.73262260803447,0.16865463358845537
1856,0.1862,7,90,7,79012,597432,5044,121212,4.731909770624762,0.1686676574214771
1857,0.1863,5,43,5,79055,597389,5049,121207,4.731569192751236,0.16867196588903918
1858,0.1864,5,42,5,79097,597347,5054,121202,4.731236535293372,0.16867604018654261
1859,0.1865,4,36,4,79133,597311,5058,121198,4.73095140032949,0.16867986343942803
1860,0.1866,4,11,4,79144,597300,5062,121194,4.730864275757192,0.16867781776883314
1861,0.1867,4,45,4,79189,597255,5066,121190,4.730507857052338,0.1686837544975607
1862,0.1868,6,42,6,79231,597213,5072,121184,4.730175199594474,0.16868667324612993
1863,0.1869,3,44,3,79275,597169,5075,121181,4.729826701305284,0.16869353379271942
1864,0.187,11,49,11,79324,597120,5086,121170,4.729438600937777,0.1686923109050662
1865,0.1871,2,42,2,79366,597078,5088,121168,4.729105943479913,0.16869986049347996
1866,0.1872,0,35,0,79401,597043,5088,121168,4.728828728931695,0.1687080816083296
1867,0.1873,8,26,8,79427,597017,5096,121160,4.728622798124445,0.16870492928623446
1868,0.1874,6,113,6,79540,596904,5102,121154,4.7277277911544795,0.16872453200159318
1869,0.1875,5,88,5,79628,596816,5107,121149,4.727030794576099,0.16873942323093744
1870,0.1876,4,58,4,79686,596758,5111,121145,4.7265714104676215,0.16874842423001435
1871,0.1877,7,44,7,79730,596714,5118,121138,4.726222912178431,0.1687506616962828
1872,0.1878,6,81,6,79811,596633,5124,121132,4.725581358509695,0.1687627566125403
1873,0.1879,6,27,6,79838,596606,5130,121126,4.725367507286783,0.16876215634805192
1874,0.188,4,64,4,79902,596542,5134,121122,4.724860600684324,0.16877257323761538
1875,0.1881,4,35,4,79937,596507,5138,121118,4.724583386136104,0.16877617139871104
1876,0.1882,2,38,2,79975,596469,5140,121116,4.724282410340895,0.16878279228244739
1877,0.1883,4,34,4,80009,596435,5144,121112,4.724013116208338,0.1687861561681674
1878,0.1884,5,38,5,80047,596397,5149,121107,4.723712140413129,0.16878930291677816
1879,0.1885,3,65,3,80112,596332,5152,121104,4.723197313395007,0.16880111954237034
1880,0.1886,4,22,4,80134,596310,5156,121100,4.723023064250412,0.16880166153245704
1881,0.1887,4,62,4,80196,596248,5160,121096,4.722531998479281,0.16881161618414597
1882,0.1888,4,45,4,80241,596203,5164,121092,4.722175579774427,0.1688175715709715
1883,0.1889,5,70,5,80311,596133,5169,121087,4.721621150677987,0.16882825353448036
1884,0.189,2,46,2,80357,596087,5171,121085,4.7212568115574705,0.16883676440240278
1885,0.1891,6,41,6,80398,596046,5177,121079,4.720932074515271,0.1688394631340422
1886,0.1892,16,227,16,80625,595819,5193,121063,4.719134140159675,0.16887437542022257
1887,0.1893,2,44,2,80669,595775,5195,121061,4.718785641870485,0.16888242219977792
1888,0.1894,3,40,3,80709,595735,5198,121058,4.718468825243948,0.16888836805046925
1889,0.1895,2,48,2,80757,595687,5200,121056,4.718088645292105,0.1688973593045206
1890,0.1896,0,10,0,80767,595677,5200,121056,4.718009441135471,0.16889971579374746
1891,0.1897,5,36,5,80803,595641,5205,121051,4.717724306171588,0.16890240158952521
1892,0.1898,3,23,3,80826,595618,5208,121048,4.717542136611329,0.16890434316683084
1893,0.1899,3,133,3,80959,595485,5211,121045,4.716488721328095,0.16893221498053118
1894,0.19,9,160,9,81119,595325,5220,121036,4.715221454821949,0.16895950505401605
1895,0.1901,8,56,8,81175,595269,5228,121028,4.714777911544798,0.16896343276601744
1896,0.1902,4,37,4,81212,595232,5232,121024,4.714484856165251,0.16896751999285173
1897,0.1903,3,55,3,81267,595177,5235,121021,4.714049233303764,0.16897701473614837
1898,0.1904,5,56,5,81323,595121,5240,121016,4.713605690026613,0.16898442616426745
1899,0.1905,1,21,1,81344,595100,5241,121015,4.713439361297681,0.16898822116559492
1900,0.1906,1,31,1,81375,595069,5242,121014,4.713193828412115,0.16899437635022757
1901,0.1907,4,46,4,81421,595023,5246,121010,4.712829489291598,0.16900059075489537
1902,0.1908,3,58,3,81479,594965,5249,121007,4.71237010518312,0.16901079930500076
1903,0.1909,5,30,5,81509,594935,5254,121002,4.712132492713217,0.1690120778783608
1904,0.191,3,48,3,81557,594887,5257,120999,4.711752312761374,0.16901992775386024
1905,0.1911,4,37,4,81594,594850,5261,120995,4.7114592573818275,0.16902402056311072
1906,0.1912,7,98,7,81692,594752,5268,120988,4.710683056646813,0.16903903652164193
1907,0.1913,0,23,0,81715,594729,5268,120988,4.710500887086554,0.1690444686936317
1908,0.1914,4,19,4,81734,594710,5272,120984,4.7103503991889495,0.16904431223399943
1909,0.1915,7,48,7,81782,594662,5279,120977,4.709970219237105,0.16904752256375072
1910,0.1916,5,53,5,81835,594609,5284,120972,4.7095504372069446,0.1690542370465398
1911,0.1917,6,47,6,81882,594562,5290,120966,4.709178177670764,0.16905837367650184
1912,0.1918,8,75,8,81957,594487,5298,120958,4.708584146496008,0.16906680457617287
1913,0.1919,1,19,1,81976,594468,5299,120957,4.708433658598404,0.16907013313764546
1914,0.192,2,67,2,82043,594401,5301,120955,4.707902990748955,0.16908364506623275
1915,0.1921,2,42,2,82085,594359,5303,120953,4.707570333291091,0.1690912496924419
1916,0.1922,3,40,3,82125,594319,5306,120950,4.707253516664554,0.16909722076589367
1917,0.1923,18,123,18,82248,594196,5324,120932,4.706279305537954,0.16910539092302357
1918,0.1924,5,88,5,82336,594108,5329,120927,4.705582308959574,0.16912039270804927
1919,0.1925,16,62,16,82398,594046,5345,120911,4.705091243188442,0.16911646434680688
1920,0.1926,3,62,3,82460,593984,5348,120908,4.704600177417311,0.16912764445538628
1921,0.1927,1,46,1,82506,593938,5349,120907,4.7042358382967935,0.16913736544285823
1922,0.1928,1,25,1,82531,593913,5350,120906,4.704037827905209,0.16914211849433214
1923,0.1929,4,39,4,82570,593874,5354,120902,4.703728931694335,0.16914669770669413
1924,0.193,3,40,3,82610,593834,5357,120899,4.703412115067799,0.1691526765939169
1925,0.1931,4,37,4,82647,593797,5361,120895,4.703119059688253,0.1691567836214761
1926,0.1932,3,61,3,82708,593736,5364,120892,4.7026359143327845,0.16916773482147354
1927,0.1933,2,51,2,82759,593685,5366,120890,4.70223197313395,0.16917748311933667
1928,0.1934,4,50,4,82809,593635,5370,120886,4.70183595235078,0.1691846705695144
1929,0.1935,0,23,0,82832,593612,5370,120886,4.701653782790521,0.16919011669731757
1930,0.1936,7,34,7,82866,593578,5377,120879,4.701384488657965,0.16919002823123014
1931,0.1937,1,27,1,82893,593551,5378,120878,4.701170637435053,0.16919525943095814
1932,0.1938,3,43,3,82936,593508,5381,120875,4.700830059561526,0.1692019546937707
1933,0.1939,4,48,4,82984,593460,5385,120871,4.700449879609682,0.1692086721701844
1934,0.194,5,51,5,83035,593409,5390,120866,4.700045938410848,0.16921493822407335
1935,0.1941,6,83,6,83118,593326,5396,120860,4.699388543910785,0.16922762417633502
1936,0.1942,4,50,4,83168,593276,5400,120856,4.698992523127614,0.16923481933312048
1937,0.1943,6,126,6,83294,593150,5406,120850,4.697994550754023,0.1692577030812325
1938,0.1944,3,47,3,83341,593103,5409,120847,4.697622291217843,0.16926535471671686
1939,0.1945,1,36,1,83377,593067,5410,120846,4.69733715625396,0.16927272650869224
1940,0.1946,7,91,7,83468,592976,5417,120839,4.696616398428589,0.16928615957916268
1941,0.1947,3,56,3,83524,592920,5420,120836,4.696172855151438,0.16929594987642835
1942,0.1948,1,36,1,83560,592884,5421,120835,4.695887720187556,0.1693033252582599
1943,0.1949,10,98,10,83658,592786,5431,120825,4.695111519452541,0.16931493488749472
1944,0.195,1,42,1,83700,592744,5432,120824,4.694778861994678,0.1693237364904256
1945,0.1951,3,58,3,83758,592686,5435,120821,4.694319477886199,0.16933400793545123
1946,0.1952,1,43,1,83801,592643,5436,120820,4.693978900012673,0.16934304932421163
1947,0.1953,7,71,7,83872,592572,5443,120813,4.6934165505005705,0.16935175255997814
1948,0.1954,6,35,6,83907,592537,5449,120807,4.693139335952351,0.1693530750942042
1949,0.1955,6,60,6,83967,592477,5455,120801,4.6926641110125455,0.16936033355858446
1950,0.1956,8,88,8,84055,592389,5463,120793,4.691967114434165,0.1693719134807104
1951,0.1957,6,50,6,84105,592339,5469,120787,4.691571093650995,0.1693768001727605
1952,0.1958,9,90,9,84195,592249,5478,120778,4.690858256241287,0.16938769499612216
1953,0.1959,3,56,3,84251,592193,5481,120775,4.690414712964136,0.16939750451633173
1954,0.196,2,26,2,84277,592167,5483,120773,4.690208782156888,0.16940135214744578
1955,0.1961,5,71,5,84348,592096,5488,120768,4.6896464326447855,0.1694123984378507
1956,0.1962,3,86,3,84434,592010,5491,120765,4.688965276897732,0.1694293430605731
1957,0.1963,4,43,4,84477,591967,5495,120761,4.688624699024205,0.16943490363785343
1958,0.1964,3,39,3,84516,591928,5498,120758,4.688315802813332,0.1694406793454621
1959,0.1965,5,41,5,84557,591887,5503,120753,4.687991065771132,0.16944460035922765
1960,0.1966,6,49,6,84606,591838,5509,120747,4.687602965403625,0.16944925868492883
1961,0.1967,2,21,2,84627,591817,5511,120745,4.6874366366746925,0.16945192137666618
1962,0.1968,3,38,3,84665,591779,5514,120742,4.687135660879483,0.16945746160464042
1963,0.1969,6,82,6,84747,591697,5520,120736,4.686486186795083,0.16946997121132795
1964,0.197,7,52,7,84799,591645,5527,120729,4.686074325180585,0.16947418069721804
1965,0.1971,4,33,4,84832,591612,5531,120725,4.685812951463693,0.16947736815580267
1966,0.1972,5,32,5,84864,591580,5536,120720,4.685559498162464,0.16947915204267866
1967,0.1973,1,13,1,84877,591567,5537,120719,4.685456532758839,0.16948107922941066
1968,0.1974,11,123,11,85000,591444,5548,120708,4.684482321632239,0.16949752300070772
1969,0.1975,2,19,2,85019,591425,5550,120706,4.6843318337346345,0.16949971283373425
1970,0.1976,7,80,7,85099,591345,5557,120699,4.683698200481562,0.1695105920420648
1971,0.1977,4,42,4,85141,591303,5561,120695,4.683365543023698,0.1695159256065326
1972,0.1978,2,40,2,85181,591263,5563,120693,4.683048726397161,0.16952311659709307
1973,0.1979,2,79,2,85260,591184,5565,120691,4.6824230135597515,0.16953959613696223
1974,0.198,5,23,5,85283,591161,5570,120686,4.682240843999493,0.1695392408761995
1975,0.1981,1,30,1,85313,591131,5571,120685,4.682003231529591,0.16954521955111995
1976,0.1982,7,38,7,85351,591093,5578,120678,4.681702255734381,0.16954610401379094
1977,0.1983,4,46,4,85397,591047,5582,120674,4.681337916613864,0.16955239482887255
1978,0.1984,7,73,7,85470,590974,5589,120667,4.680759726270435,0.16956161884995383
1979,0.1985,3,53,3,85523,590921,5592,120664,4.6803399442402736,0.16957074699438576
1980,0.1986,3,42,3,85565,590879,5595,120661,4.68000728678241,0.16957725496809736
1981,0.1987,5,41,5,85606,590838,5600,120656,4.67968254974021,0.16958119112740233
1982,0.1988,5,36,5,85642,590802,5605,120651,4.679397414776328,0.16958393597328283
1983,0.1989,7,70,7,85712,590732,5612,120644,4.678842985679888,0.16959245181170013
1984,0.199,12,72,12,85784,590660,5624,120632,4.678272715752123,0.1695956091169309
1985,0.1991,10,75,10,85859,590585,5634,120622,4.677678684577367,0.1696018177548871
1986,0.1992,5,30,5,85889,590555,5639,120617,4.677441072107464,0.16960313398165283
1987,0.1993,3,168,3,86057,590387,5642,120614,4.676110442276011,0.16963970514809404
1988,0.1994,11,74,11,86131,590313,5653,120603,4.675524331516918,0.16964451496379318
1989,0.1995,5,55,5,86186,590258,5658,120598,4.67508870865543,0.16965180008327987
1990,0.1996,6,72,6,86258,590186,5664,120592,4.674518438727665,0.16966197603189745
1991,0.1997,6,47,6,86305,590139,5670,120586,4.674146179191484,0.16966618593689542
1992,0.1998,7,58,7,86363,590081,5677,120579,4.673686795083006,0.16967185433259224
1993,0.1999,9,85,9,86448,589996,5686,120570,4.673013559751616,0.16968163407762263
1994,0.2,4,26,4,86474,589970,5690,120566,4.672807628944367,0.16968316876273687
1995,0.2001,7,76,7,86550,589894,5697,120559,4.672205677353947,0.1696931394476482
1996,0.2002,6,64,6,86614,589830,5703,120553,4.671698770751489,0.16970141458903154
1997,0.2003,2,38,2,86652,589792,5705,120551,4.671397794956279,0.16970815507437956
1998,0.2004,7,60,7,86712,589732,5712,120544,4.670922570016474,0.1697143082407402
1999,0.2005,5,59,5,86771,589673,5717,120539,4.6704552654923335,0.1697225617139671
2000,0.2006,4,57,4,86828,589616,5721,120535,4.670003801799519,0.1697315078060863
2001,0.2007,1,35,1,86863,589581,5722,120534,4.669726587251299,0.16973870429437485
2002,0.2008,1,15,1,86878,589566,5723,120533,4.669607781016348,0.1697411206043101
2003,0.2009,7,79,7,86957,589487,5730,120526,4.668982068178938,0.16975182144552284
2004,0.201,14,148,14,87105,589339,5744,120512,4.667809846660753,0.16977083923245864
2005,0.2011,6,49,6,87154,589290,5750,120506,4.667421746293246,0.16977554114139837
2006,0.2012,7,35,7,87189,589255,5757,120499,4.667144531745026,0.16977572511039035
2007,0.2013,3,28,3,87217,589227,5760,120496,4.66692276010645,0.16977891374522172
2008,0.2014,5,74,5,87291,589153,5765,120491,4.6663366493473575,0.16979076832890858
2009,0.2015,2,19,2,87310,589134,5767,120489,4.666186161449753,0.1697929745794598
2010,0.2016,3,31,3,87341,589103,5770,120486,4.665940628564187,0.16979688242066887
2011,0.2017,2,47,2,87388,589056,5772,120484,4.665568369028007,0.16980578966654453
2012,0.2018,8,50,8,87438,589006,5780,120476,4.665172348244836,0.16980839542088452
2013,0.2019,6,46,6,87484,588960,5786,120470,4.664808009124319,0.16981238459044584
2014,0.202,8,128,8,87612,588832,5794,120462,4.663794195919402,0.16983366558859936
2015,0.2021,4,35,4,87647,588797,5798,120458,4.663516981371182,0.1698373645585861
2016,0.2022,5,81,5,87728,588716,5803,120453,4.662875427702446,0.16985091000875674
2017,0.2023,13,146,13,87874,588570,5816,120440,4.661719047015588,0.1698706647296935
2018,0.2024,1,23,1,87897,588547,5817,120439,4.661536877455329,0.16987500458401153
2019,0.2025,9,95,9,87992,588452,5826,120430,4.660784437967305,0.16988723087904617
2020,0.2026,6,81,6,88073,588371,5832,120424,4.660142884298568,0.16989961836638237
2021,0.2027,6,85,6,88158,588286,5838,120418,4.659469648967177,0.16991296789632906
2022,0.2028,8,94,8,88252,588192,5846,120410,4.658725129894817,0.16992613625137948
2023,0.2029,8,109,8,88361,588083,5854,120402,4.657861804587505,0.1699429063424067
2024,0.203,1,43,1,88404,588040,5855,120401,4.657521226713978,0.16995204964139568
2025,0.2031,2,31,2,88435,588009,5857,120399,4.657275693828412,0.16995714334112547
2026,0.2032,3,48,3,88483,587961,5860,120396,4.656895513876568,0.16996514469398905
2027,0.2033,4,57,4,88540,587904,5864,120392,4.656444050183754,0.16997413510735623
2028,0.2034,2,46,2,88586,587858,5866,120390,4.656079711063237,0.1699828308728016
2029,0.2035,3,31,3,88617,587827,5869,120387,4.65583417817767,0.16998675541573594
2030,0.2036,0,33,0,88650,587794,5869,120387,4.655572804460778,0.16999467650219366
2031,0.2037,14,98,14,88748,587696,5883,120373,4.654796603725764,0.1700017936105097
2032,0.2038,7,51,7,88799,587645,5890,120366,4.65439266252693,0.17000583324270385
2033,0.2039,4,97,4,88896,587548,5894,120362,4.653624382207578,0.17002443813479115
2034,0.204,8,52,8,88948,587496,5902,120354,4.6532125205930805,0.17002754820936639
2035,0.2041,4,108,4,89056,587388,5906,120350,4.652357115701432,0.17004880337073888
2036,0.2042,5,30,5,89086,587358,5911,120345,4.652119503231529,0.17005014815537026
2037,0.2043,4,23,4,89109,587335,5915,120341,4.651937333671271,0.17005098378353936
2038,0.2044,6,20,6,89129,587315,5921,120335,4.651778925358003,0.1700487529145764
2039,0.2045,5,56,5,89185,587259,5926,120330,4.651335382080852,0.17005634626880858
2040,0.2046,8,76,8,89261,587183,5934,120322,4.650733430490432,0.1700652292209949
2041,0.2047,5,82,5,89343,587101,5939,120317,4.650083956406032,0.1700790763028365
2042,0.2048,14,148,14,89491,586953,5953,120303,4.648911734887847,0.17009823882724218
2043,0.2049,5,31,5,89522,586922,5958,120298,4.648666202002281,0.17009982749356636
2044,0.205,4,41,4,89563,586881,5962,120294,4.648341464960081,0.17010499522748965
2045,0.2051,13,139,13,89702,586742,5975,120281,4.647240527182866,0.1701231784538834
2046,0.2052,4,42,4,89744,586700,5979,120277,4.646907869725003,0.1701285897561024
2047,0.2053,4,48,4,89792,586652,5983,120273,4.646527689773159,0.1701354457686459
2048,0.2054,8,52,8,89844,586600,5991,120265,4.646115828158662,0.17013856959956994
2049,0.2055,10,52,10,89896,586548,6001,120255,4.645703966544164,0.17013934575829476
2050,0.2056,2,43,2,89939,586505,6003,120253,4.645363388670638,0.17014734888038055
2051,0.2057,11,112,11,90051,586393,6014,120242,4.644476302116335,0.17016139874192476
2052,0.2058,8,60,8,90111,586333,6022,120234,4.64400107717653,0.17016645272139796
2053,0.2059,8,61,8,90172,586272,6030,120226,4.643517931821062,0.1701717485399817
2054,0.206,3,47,3,90219,586225,6033,120223,4.643145672284882,0.1701795461237062
2055,0.2061,6,87,6,90306,586138,6039,120217,4.642456596122164,0.17019345796377175
2056,0.2062,6,57,6,90363,586081,6045,120211,4.64200513242935,0.17020014384985246
2057,0.2063,3,46,3,90409,586035,6048,120208,4.641640793308833,0.17020770471353344
2058,0.2064,1,38,1,90447,585997,6049,120207,4.641339817513623,0.1702156883846594
2059,0.2065,1,34,1,90481,585963,6050,120206,4.641070523381067,0.1702227087283639
2060,0.2066,10,78,10,90559,585885,6060,120196,4.64045273095932,0.17022976117470942
2061,0.2067,4,29,4,90588,585856,6064,120192,4.640223038905082,0.17023205221174764
2062,0.2068,4,27,4,90615,585829,6068,120188,4.640009187682169,0.1702338612243048
2063,0.2069,2,42,2,90657,585787,6070,120186,4.639676530224306,0.17024163813630266
2064,0.207,3,63,3,90720,585724,6073,120183,4.639177544037511,0.17025330532208918
2065,0.2071,8,95,8,90815,585629,6081,120175,4.638425104549487,0.17026681628327411
2066,0.2072,4,41,4,90856,585588,6085,120171,4.6381003675072865,0.1702720050328795
2067,0.2073,1,35,1,90891,585553,6086,120170,4.637823152959068,0.1702792738794116
2068,0.2074,1,24,1,90915,585529,6087,120169,4.637633062983145,0.17028388914238102
2069,0.2075,7,43,7,90958,585486,6094,120162,4.637292485109619,0.17028603496360792
2070,0.2076,13,127,13,91085,585359,6107,120149,4.636286592320365,0.17030139984238307
2071,0.2077,5,109,5,91194,585250,6112,120144,4.635423267013053,0.1703218343223787
2072,0.2078,8,56,8,91250,585194,6120,120136,4.634979723735902,0.17032594671997506
2073,0.2079,8,72,8,91322,585122,6128,120128,4.634409453808136,0.17033392414037576
2074,0.208,6,96,6,91418,585026,6134,120122,4.633649093904448,0.17035005417302468
2075,0.2081,8,95,8,91513,584931,6142,120114,4.632896654416424,0.17036359381316085
2076,0.2082,7,59,7,91572,584872,6149,120107,4.632429349892282,0.17036961384665358
2077,0.2083,7,46,7,91618,584826,6156,120100,4.632065010771766,0.17037249299926518
2078,0.2084,5,59,5,91677,584767,6161,120095,4.631597706247624,0.17038086887929835
2079,0.2085,8,107,8,91784,584660,6169,120087,4.630750221771638,0.17039731988926524
2080,0.2086,2,28,2,91812,584632,6171,120085,4.630528450133063,0.1704017357322159
2081,0.2087,6,60,6,91872,584572,6177,120079,4.630053225193258,0.17040918128264915
2082,0.2088,7,134,7,92006,584438,6184,120072,4.628991889494361,0.17043335083959063
2083,0.2089,4,65,4,92071,584373,6188,120068,4.628477062476239,0.17044436652608239
2084,0.209,6,122,6,92193,584251,6194,120062,4.627510771765302,0.17046682369912242
2085,0.2091,7,96,7,92289,584155,6201,120055,4.6267504118616145,0.17048181650359978
2086,0.2092,3,53,3,92342,584102,6204,120052,4.626330629831454,0.17049111415968665
2087,0.2093,7,84,7,92426,584018,6211,120045,4.625665314915727,0.1705032078095284
2088,0.2094,5,21,5,92447,583997,6216,120040,4.625498986186795,0.17050240257259205
2089,0.2095,2,81,2,92528,583916,6218,120038,4.624857432518058,0.170519664637178
2090,0.2096,10,55,10,92583,583861,6228,120028,4.624421809656571,0.17052120433761572
2091,0.2097,5,54,5,92637,583807,6233,120023,4.623994107210747,0.1705283946407513
2092,0.2098,8,54,8,92691,583753,6241,120015,4.623566404764922,0.17053205033476942
2093,0.2099,5,65,5,92756,583688,6246,120010,4.6230515777468,0.17054190860283816
2094,0.21,5,73,5,92829,583615,6251,120005,4.622473387403371,0.17055370796736874
2095,0.2101,3,74,3,92903,583541,6254,120002,4.621887276644278,0.17056811026475993
2096,0.2102,6,58,6,92961,583483,6260,119996,4.6214278925358006,0.17057509890131758
2097,0.2103,3,31,3,92992,583452,6263,119993,4.621182359650234,0.17057907867708208
2098,0.2104,4,24,4,93016,583428,6267,119989,4.620992269674312,0.17058018216790324
2099,0.2105,9,96,9,93112,583332,6276,119980,4.620231909770625,0.1705928521054667
2100,0.2106,4,64,4,93176,583268,6280,119976,4.619725003168166,0.17060365961174215
2101,0.2107,4,36,4,93212,583232,6284,119972,4.619439868204283,0.1706076757242564
2102,0.2108,5,58,5,93270,583174,6289,119967,4.618980484095806,0.1706158508748601
2103,0.2109,0,55,0,93325,583119,6289,119967,4.618544861234318,0.17062919756615832
2104,0.211,3,31,3,93356,583088,6292,119964,4.618299328348752,0.17063318218282575
2105,0.2111,4,91,4,93447,582997,6296,119960,4.617578570523381,0.17065055188297434
2106,0.2112,6,55,6,93502,582942,6302,119954,4.617142947661893,0.17065682547631514
2107,0.2113,6,124,6,93626,582818,6308,119948,4.61616081611963,0.17067985645293027
2108,0.2114,18,166,18,93792,582652,6326,119930,4.614846027119503,0.17069893620958124
2109,0.2115,13,159,13,93951,582493,6339,119917,4.6135866810290205,0.17072222775871643
2110,0.2116,3,61,3,94012,582432,6342,119914,4.613103535673552,0.17073351311177112
2111,0.2117,6,147,6,94159,582285,6348,119908,4.611939234571031,0.17076216937508634
2112,0.2118,2,41,2,94200,582244,6350,119906,4.61161449752883,0.17076977853734956
2113,0.2119,7,91,7,94291,582153,6357,119899,4.610893739703459,0.17078364565587734
2114,0.212,7,173,7,94464,581980,6364,119892,4.609523507793689,0.17081747099186176
2115,0.2121,10,90,10,94554,581890,6374,119882,4.608810670383982,0.17082756222818807
2116,0.2122,3,71,3,94625,581819,6377,119879,4.608248320871879,0.17084130209862364
2117,0.2123,6,100,6,94725,581719,6383,119873,4.607456279305538,0.17085856167117072
2118,0.2124,5,84,5,94809,581635,6388,119868,4.606790964389811,0.1708731110201952
2119,0.2125,8,107,8,94916,581528,6396,119860,4.605943479913826,0.17088972152360749
2120,0.2126,10,86,10,95002,581442,6406,119850,4.605262324166772,0.170898855255728
2121,0.2127,0,23,0,95025,581419,6406,119850,4.605080154606513,0.17090446034260748
2122,0.2128,4,23,4,95048,581396,6410,119846,4.6048979850462555,0.17090533653146844
2123,0.2129,3,40,3,95088,581356,6413,119843,4.604581168419719,0.17091153866448755
2124,0.213,10,89,10,95177,581267,6423,119833,4.603876251425675,0.17092140921409213
2125,0.2131,8,131,8,95308,581136,6431,119825,4.602838676973768,0.17094388988831047
2126,0.2132,6,59,6,95367,581077,6437,119819,4.6023713724496265,0.17095118248641739
2127,0.2133,5,85,5,95452,580992,6442,119814,4.601698137118236,0.1709660020034075
2128,0.2134,5,86,5,95538,580906,6447,119809,4.601016981371182,0.17098106933632076
2129,0.2135,9,144,9,95682,580762,6456,119800,4.599876441515651,0.17100556410424772
2130,0.2136,4,55,4,95737,580707,6460,119796,4.599440818654163,0.1710142568982574
2131,0.2137,3,70,3,95807,580637,6463,119793,4.598886389557724,0.1710277972102851
2132,0.2138,9,80,9,95887,580557,6472,119784,4.5982527563046505,0.17103668070268627
2133,0.2139,6,46,6,95933,580511,6478,119778,4.597888417184134,0.1710408131499995
2134,0.214,3,35,3,95968,580476,6481,119775,4.597611202635914,0.1710458107164431
2135,0.2141,0,27,0,95995,580449,6481,119775,4.597397351413002,0.17105240608719496
2136,0.2142,9,102,9,96097,580347,6490,119766,4.596589469015334,0.17106667066602105
2137,0.2143,1,49,1,96146,580298,6491,119765,4.596201368647827,0.1710774601714417
2138,0.2144,2,38,2,96184,580260,6493,119763,4.5959003928526165,0.17108437865612988
2139,0.2145,6,103,6,96287,580157,6499,119757,4.595084590039285,0.1711024497295382
2140,0.2146,9,78,9,96365,580079,6508,119748,4.594466797617539,0.17111086025546313
2141,0.2147,9,111,9,96476,579968,6517,119739,4.5935876314789,0.17112734330226795
2142,0.2148,2,56,2,96532,579912,6519,119737,4.593144088201749,0.17113867096215388
2143,0.2149,2,48,2,96580,579864,6521,119735,4.592763908249905,0.17114804337913575
2144,0.215,5,82,5,96662,579782,6526,119730,4.592114434165505,0.1711621816351971
2145,0.2151,5,51,5,96713,579731,6531,119725,4.591710492966671,0.17116873684692105
2146,0.2152,4,48,4,96761,579683,6535,119721,4.591330313014827,0.17117574391910828
2147,0.2153,5,65,5,96826,579618,6540,119716,4.590815485996705,0.1711857281356262
2148,0.2154,8,224,8,97050,579394,6548,119708,4.5890413128881,0.17123109360293634
2149,0.2155,3,71,3,97121,579323,6551,119705,4.588478963375998,0.17124492867238508
2150,0.2156,12,123,12,97244,579200,6563,119693,4.587504752249398,0.17126083678045137
2151,0.2157,6,44,6,97288,579156,6569,119687,4.587156253960208,0.1712645043307295
2152,0.2158,1,43,1,97331,579113,6570,119686,4.586815676086681,0.17127385700322983
2153,0.2159,2,28,2,97359,579085,6572,119684,4.586593904448105,0.1712783480663853
2154,0.216,3,23,3,97382,579062,6575,119681,4.586411734887847,0.17128042785401787
2155,0.2161,7,48,7,97430,579014,6582,119674,4.586031554936003,0.17128389209489786
2156,0.2162,5,70,5,97500,578944,6587,119669,4.585477125839564,0.1712951233372411
2157,0.2163,4,37,4,97537,578907,6591,119665,4.585184070460017,0.17129945087979478
2158,0.2164,7,74,7,97611,578833,6598,119658,4.584597959700925,0.17130929389211888
2159,0.2165,2,47,2,97658,578786,6600,119656,4.584225700164745,0.17131844877598998
2160,0.2166,2,38,2,97696,578748,6602,119654,4.583924724369535,0.1713253971208559
2161,0.2167,0,36,0,97732,578712,6602,119654,4.583639589405652,0.17133422875684096
2162,0.2168,3,72,3,97804,578640,6605,119651,4.583069319477886,0.17134833472005223
2163,0.2169,4,39,4,97843,578601,6609,119647,4.582760423267013,0.1713531581902132
2164,0.217,1,49,1,97892,578552,6610,119646,4.582372322899506,0.17136399703236044
2165,0.2171,13,131,13,98023,578421,6623,119633,4.581334748447598,0.17138072412735977
2166,0.2172,4,49,4,98072,578372,6627,119629,4.580946648080091,0.17138800660744039
2167,0.2173,2,48,2,98120,578324,6629,119627,4.580566468128247,0.17139741901652122
2168,0.2174,1,10,1,98130,578314,6630,119626,4.580487263971613,0.17139868756626644
2169,0.2175,3,46,3,98176,578268,6633,119623,4.580122924851096,0.17140642306606618
2170,0.2176,3,21,3,98197,578247,6636,119620,4.579956596122164,0.17140801900648692
2171,0.2177,0,45,0,98242,578202,6636,119620,4.579600177417311,0.17141907248553356
2172,0.2178,4,60,4,98302,578142,6640,119616,4.579124952477506,0.17142906279827677
2173,0.2179,3,35,3,98337,578107,6643,119613,4.578847737929286,0.17143409963882358
2174,0.218,11,153,11,98490,577954,6654,119602,4.5776359143327845,0.17145863557907895
2175,0.2181,6,37,6,98527,577917,6660,119596,4.577342858953238,0.1714606036016533
2176,0.2182,12,105,12,98632,577812,6672,119584,4.576511215308579,0.17147216215751165
2177,0.2183,4,86,4,98718,577726,6676,119580,4.575830059561526,0.17148855739087288
2178,0.2184,2,30,2,98748,577696,6678,119578,4.575592447091624,0.17149355920341214
2179,0.2185,1,31,1,98779,577665,6679,119577,4.575346914206057,0.1714999956973332
2180,0.2186,15,125,15,98904,577540,6694,119562,4.5743568622481305,0.17151292063428308
2181,0.2187,7,72,7,98976,577468,6701,119555,4.573786592320365,0.1715223170541001
2182,0.2188,2,57,2,99033,577411,6703,119553,4.5733351286275505,0.1715339673211242
2183,0.2189,9,100,9,99133,577311,6712,119544,4.572543087061209,0.17154788298857007
2184,0.219,7,49,7,99182,577262,6719,119537,4.572154986693702,0.17155162392598153
2185,0.2191,3,60,3,99242,577202,6722,119534,4.571679761753897,0.17156283011068754
2186,0.2192,8,106,8,99348,577096,6730,119526,4.570840197693575,0.17157942183852937
2187,0.2193,21,236,21,99584,576860,6751,119505,4.568970979597009,0.17161258822600217
2188,0.2194,4,46,4,99630,576814,6755,119501,4.568606640476492,0.17161916661281174
2189,0.2195,1,21,1,99651,576793,6756,119500,4.568440311747561,0.17162315289684085
2190,0.2196,1,19,1,99670,576774,6757,119499,4.568289823849955,0.1716266464447135
2191,0.2197,1,28,1,99698,576746,6758,119498,4.56806805221138,0.17163235877077576
2192,0.2198,5,103,5,99801,576643,6763,119493,4.567252249398049,0.17165180367054714
2193,0.2199,1,56,1,99857,576587,6764,119492,4.566808706120897,0.17166442314737265
2194,0.22,9,115,9,99972,576472,6773,119483,4.565897858319604,0.17168207714579248
2195,0.2201,8,37,8,100009,576435,6781,119475,4.565604802940058,0.17168168297624692
2196,0.2202,1,61,1,100070,576374,6782,119474,4.56512165758459,0.17169554270472862
2197,0.2203,6,43,6,100113,576331,6788,119468,4.5647810797110635,0.17169901077753777
2198,0.2204,9,94,9,100207,576237,6797,119459,4.564036560638702,0.17171149467583544
2199,0.2205,8,33,8,100240,576204,6805,119451,4.563775186921809,0.17171011492765811
2200,0.2206,5,75,5,100315,576129,6810,119446,4.563181155747054,0.17172267548431155
2201,0.2207,7,56,7,100371,576073,6817,119439,4.562737612469903,0.17172816572539368
2202,0.2208,5,110,5,100481,575963,6822,119434,4.561866366746927,0.17174937481755026
2203,0.2209,2,34,2,100515,575929,6824,119432,4.56159707261437,0.17175539036557988
2204,0.221,2,45,2,100560,575884,6826,119430,4.561240653909517,0.17176412383469913
2205,0.2211,11,110,11,100670,575774,6837,119419,4.560369408186542,0.1717781968460557
2206,0.2212,9,86,9,100756,575688,6846,119410,4.559688252439488,0.1717887261940043
2207,0.2213,13,85,13,100841,575603,6859,119397,4.559015017108098,0.17179424460431655
2208,0.2214,0,26,0,100867,575577,6859,119397,4.558809086300849,0.17180067167980384
2209,0.2215,4,38,4,100905,575539,6863,119393,4.558508110505639,0.17180529893572322
2210,0.2216,5,76,5,100981,575463,6868,119388,4.55790615891522,0.17181813079350824
2211,0.2217,1,35,1,101016,575428,6869,119387,4.557628944367,0.17182559386311463
2212,0.2218,1,25,1,101041,575403,6870,119386,4.557430933975415,0.17183058453717603
2213,0.2219,7,57,7,101098,575346,6877,119379,4.5569794702826005,0.17183633811939977
2214,0.222,15,153,15,101251,575193,6892,119364,4.555767646686098,0.1718563055299997
2215,0.2221,8,61,8,101312,575132,6900,119356,4.55528450133063,0.1718618608240891
2216,0.2222,4,29,4,101341,575103,6904,119352,4.555054809276391,0.1718642676631315
2217,0.2223,7,66,7,101407,575037,6911,119345,4.554532061842606,0.1718722547531474
2218,0.2224,2,33,2,101440,575004,6913,119343,4.554270688125713,0.1718780379262818
2219,0.2225,7,74,7,101514,574930,6920,119336,4.55368457736662,0.17188800834262372
2220,0.2226,2,44,2,101558,574886,6922,119334,4.55333607907743,0.17189651695427963
2221,0.2227,2,33,2,101591,574853,6924,119332,4.553074705360538,0.17190230270028883
2222,0.2228,6,65,6,101656,574788,6930,119326,4.552559878342415,0.1719112422455101
2223,0.2229,7,99,7,101755,574689,6937,119319,4.551775757191737,0.17192741294048483
2224,0.223,18,142,18,101897,574547,6955,119301,4.550651058167532,0.1719411167863855
2225,0.2231,1,48,1,101945,574499,6956,119300,4.550270878215689,0.17195181889855707
2226,0.2232,3,55,3,102000,574444,6959,119297,4.549835255354201,0.17196187049633796
2227,0.2233,6,61,6,102061,574383,6965,119291,4.549352109998733,0.17196983020842643
2228,0.2234,5,34,5,102095,574349,6970,119286,4.549082815866177,0.1719722909022757
2229,0.2235,6,62,6,102157,574287,6976,119280,4.548591750095045,0.17198050080237381
2230,0.2236,6,71,6,102228,574216,6982,119274,4.5480294005829425,0.17199094435392004
2231,0.2237,3,32,3,102260,574184,6985,119271,4.547775947281713,0.1719952989018754
2232,0.2238,4,41,4,102301,574143,6989,119267,4.5474512102395135,0.17200069223114753
2233,0.2239,2,30,2,102331,574113,6991,119265,4.547213597769611,0.17200574578368508
2234,0.224,5,62,5,102393,574051,6996,119260,4.546722531998479,0.17201515625743713
2235,0.2241,6,42,6,102435,574009,7002,119254,4.5463898745406155,0.17201841148308794
2236,0.2242,3,37,3,102472,573972,7005,119251,4.54609681916107,0.17202400958998765
2237,0.2243,8,54,8,102526,573918,7013,119243,4.545669116715246,0.17202785500049772
2238,0.2244,10,65,10,102591,573853,7023,119233,4.545154289697123,0.1720320421996693
2239,0.2245,6,88,6,102679,573765,7029,119227,4.544457293118743,0.17204671915404507
2240,0.2246,7,69,7,102748,573696,7036,119220,4.543910784437967,0.17205548724520722
2241,0.2247,5,16,5,102764,573680,7041,119215,4.543784057787352,0.17205348573737725
2242,0.2248,4,39,4,102803,573641,7045,119211,4.543475161576479,0.17205839053650707
2243,0.2249,21,140,21,102943,573501,7066,119190,4.542366303383601,0.17206806498135532
2244,0.225,8,57,8,103000,573444,7074,119182,4.541914839690787,0.17207266259135523
2245,0.2251,12,73,12,103073,573371,7086,119170,4.5413366493473575,0.17207645467921756
2246,0.2252,2,21,2,103094,573350,7088,119168,4.541170320618426,0.17207928169376102
2247,0.2253,3,34,3,103128,573316,7091,119165,4.54090102648587,0.17208414382488474
2248,0.2254,0,21,0,103149,573295,7091,119165,4.540734697756938,0.1720893625624585
2249,0.2255,7,71,7,103220,573224,7098,119158,4.540172348244836,0.17209863919050467
2250,0.2256,5,56,5,103276,573168,7103,119153,4.539728804967685,0.17210658061795034
2251,0.2257,6,67,6,103343,573101,7109,119147,4.539198137118236,0.17211606245160693
2252,0.2258,19,191,19,103534,572910,7128,119128,4.537685337726524,0.17214083619685625
2253,0.2259,1,36,1,103570,572874,7129,119127,4.537400202762641,0.17214859516098965
2254,0.226,6,26,6,103596,572848,7135,119121,4.537194271955392,0.17214788523763347
2255,0.2261,8,135,8,103731,572713,7143,119113,4.536125015840831,0.17217190449621725
2256,0.2262,3,73,3,103804,572640,7146,119110,4.535546825497402,0.17218648355619806
2257,0.2263,4,52,4,103856,572588,7150,119106,4.535134963882904,0.17219464098286236
2258,0.2264,3,31,3,103887,572557,7153,119103,4.534889430997339,0.17219876818089813
2259,0.2265,1,95,1,103982,572462,7154,119102,4.534136991509315,0.17222122609042692
2260,0.2266,8,80,8,104062,572382,7162,119094,4.533503358256241,0.17223157419780297
2261,0.2267,4,64,4,104126,572318,7166,119090,4.532996451653783,0.17224272788281303
2262,0.2268,10,43,10,104169,572275,7176,119080,4.532655873780256,0.1722414678421361
2263,0.2269,15,190,15,104359,572085,7191,119065,4.531150994804207,0.17227085292628228
2264,0.227,10,86,10,104445,571999,7201,119055,4.530469839057154,0.17228031383943945
2265,0.2271,10,35,10,104480,571964,7211,119045,4.530192624508934,0.17227706151439418
2266,0.2272,4,37,4,104517,571927,7215,119041,4.5298995691293875,0.1722814949462204
2267,0.2273,5,64,5,104581,571863,7220,119036,4.52939266252693,0.1722914637305887
2268,0.2274,2,50,2,104631,571813,7222,119034,4.528996641743759,0.17230153709866294
2269,0.2275,11,129,11,104760,571684,7233,119023,4.527974908123178,0.17232053533553301
2270,0.2276,1,65,1,104825,571619,7234,119022,4.5274600811050565,0.1723355549409896
2271,0.2277,2,35,2,104860,571584,7236,119020,4.527182866556837,0.17234189202495206
2272,0.2278,3,50,3,104910,571534,7239,119017,4.526786845773667,0.1723507749608646
2273,0.2279,10,146,10,105056,571388,7249,119007,4.525630465086808,0.17237523446722527
2274,0.228,2,69,2,105125,571319,7251,119005,4.525083956406032,0.17239006611388275
2275,0.2281,4,52,4,105177,571267,7255,119001,4.524672094791534,0.17239825690891075
2276,0.2282,9,96,9,105273,571171,7264,118992,4.523911734887847,0.17241144483259752
2277,0.2283,9,95,9,105368,571076,7273,118983,4.5231592953998225,0.17242438690025055
2278,0.2284,8,78,8,105446,570998,7281,118975,4.5225415029780764,0.1724342836603751
2279,0.2285,6,86,6,105532,570912,7287,118969,4.521860347231023,0.17244858171191843
2280,0.2286,12,116,12,105648,570796,7299,118957,4.520941579014067,0.17246318609705213
2281,0.2287,9,135,9,105783,570661,7308,118948,4.519872322899506,0.17248614794760508
2282,0.2288,15,112,15,105895,570549,7323,118933,4.518985236345204,0.17249616378672686
2283,0.2289,3,14,3,105909,570535,7326,118930,4.518874350525915,0.17249606579014162
2284,0.229,12,128,12,106037,570407,7338,118918,4.517860537320999,0.1725136909295325
2285,0.2291,17,152,17,106189,570255,7355,118901,4.516656634140159,0.17253132817533332
2286,0.2292,3,35,3,106224,570220,7358,118898,4.5163794195919404,0.17253648867102586
2287,0.2293,2,28,2,106252,570192,7360,118896,4.5161576479533645,0.17254109779882976
2288,0.2294,4,90,4,106342,570102,7364,118892,4.5154448105436575,0.1725588321523845
2289,0.2295,6,52,6,106394,570050,7370,118886,4.51503294892916,0.17256465041745533
2290,0.2296,10,85,10,106479,569965,7380,118876,4.51435971359777,0.1725739321556063
2291,0.2297,4,89,4,106568,569876,7384,118872,4.513654796603726,0.17259142676276373
2292,0.2298,10,65,10,106633,569811,7394,118862,4.513139969585604,0.17259570216924433
2293,0.2299,16,149,16,106782,569662,7410,118846,4.511959827651755,0.17261382583789875
2294,0.23,3,24,3,106806,569638,7413,118843,4.5117697376758334,0.1726162377756249
2295,0.2301,2,40,2,106846,569598,7415,118841,4.511452921049297,0.1726238635521811
2296,0.2302,5,43,5,106889,569555,7420,118836,4.51111234317577,0.17262863692291155
2297,0.2303,7,121,7,107010,569434,7427,118829,4.510153972880497,0.17265057107530116
2298,0.2304,3,25,3,107035,569409,7430,118826,4.509955962488911,0.17265323617659667
2299,0.2305,4,44,4,107079,569365,7434,118822,4.509607464199721,0.17265946610441638
2300,0.2306,11,78,11,107157,569287,7445,118811,4.508989671777975,0.17266581213722465
2301,0.2307,4,50,4,107207,569237,7449,118807,4.508593650994804,0.1726735499473871
2302,0.2308,9,82,9,107289,569155,7458,118798,4.507944176910404,0.17268330830739892
2303,0.2309,7,150,7,107439,569005,7465,118791,4.5067561145608925,0.17271254848821452
2304,0.231,6,44,6,107483,568961,7471,118785,4.5064076162717015,0.1727163807568492
2305,0.2311,10,105,10,107588,568856,7481,118775,4.505575972627043,0.1727307233094494
2306,0.2312,2,37,2,107625,568819,7483,118773,4.505282917247497,0.17273761183957928
2307,0.2313,8,50,8,107675,568769,7491,118765,4.504886896464327,0.17274054810380288
2308,0.2314,23,185,23,107860,568584,7514,118742,4.503421619566595,0.1727593601871601
2309,0.2315,1,45,1,107905,568539,7515,118741,4.503065200861741,0.17276946804795718
2310,0.2316,4,23,4,107928,568516,7519,118737,4.502883031301483,0.172770435341861
2311,0.2317,6,72,6,108000,568444,7525,118731,4.502312761373717,0.1727813148033616
2312,0.2318,5,68,5,108068,568376,7530,118726,4.501774173108605,0.1727923947245096
2313,0.2319,6,62,6,108130,568314,7536,118720,4.501283107337473,0.1728007638632149
2314,0.232,14,177,14,108307,568137,7550,118706,4.499881193765049,0.17282843386334287
2315,0.2321,13,192,13,108499,567945,7563,118693,4.498360473957673,0.17286110002650595
2316,0.2322,9,139,9,108638,567806,7572,118684,4.497259536180459,0.17288525688648052
2317,0.2323,3,32,3,108670,567774,7575,118681,4.4970060828792295,0.17288970143709348
2318,0.2324,11,94,11,108764,567680,7586,118670,4.496261563806868,0.17290012384352008
2319,0.2325,1,33,1,108797,567647,7587,118669,4.496000190089976,0.17290723223704532
2320,0.2326,5,62,5,108859,567585,7592,118664,4.495509124318844,0.17291682756550464
2321,0.2327,5,81,5,108940,567504,7597,118659,4.494867570650108,0.1729312131374032
2322,0.2328,6,48,6,108988,567456,7603,118653,4.494487390698263,0.17293607866971575
2323,0.2329,3,61,3,109049,567395,7606,118650,4.494004245342795,0.17294783869862765
2324,0.233,5,48,5,109097,567347,7611,118645,4.493624065390952,0.17295391199897375
2325,0.2331,5,85,5,109182,567262,7616,118640,4.492950830059561,0.17296931631632506
2326,0.2332,4,42,4,109224,567220,7620,118636,4.4926181726016985,0.1729750851490692
2327,0.2333,7,46,7,109270,567174,7627,118629,4.492253833481181,0.1729782459394316
2328,0.2334,7,107,7,109377,567067,7634,118622,4.491406349005196,0.17299679592351636
2329,0.2335,9,70,9,109447,566997,7643,118613,4.490851919908756,0.1730036026312335
2330,0.2336,8,70,8,109517,566927,7651,118605,4.490297490812318,0.17301161725492026
2331,0.2337,4,39,4,109556,566888,7655,118601,4.489988594601445,0.17301663484023813
2332,0.2338,1,18,1,109574,566870,7656,118600,4.489846027119503,0.17301997169825084
2333,0.2339,3,83,3,109657,566787,7659,118597,4.48918863261944,0.1730373046350659
2334,0.234,9,140,9,109797,566647,7668,118588,4.488079774426562,0.17306179631805146
2335,0.2341,1,42,1,109839,566605,7669,118587,4.487747116968698,0.17307119756214318
2336,0.2342,4,46,4,109885,566559,7673,118583,4.487382777848182,0.17307798967221394
2337,0.2343,7,66,7,109951,566493,7680,118576,4.486860030414396,0.1730862146732665
2338,0.2344,2,25,2,109976,566468,7682,118574,4.486662020022811,0.17309011710230907
2339,0.2345,4,24,4,110000,566444,7686,118570,4.486471930046889,0.17309135287745944
2340,0.2346,15,234,15,110234,566210,7701,118555,4.48461855278165,0.17313238848364038
2341,0.2347,4,87,4,110321,566123,7705,118551,4.483929476618933,0.17314955730756534
2342,0.2348,7,94,7,110415,566029,7712,118544,4.483184957546572,0.17316487796042204
2343,0.2349,5,40,5,110455,565989,7717,118539,4.4828681409200355,0.17316895729612228
2344,0.235,13,102,13,110557,565887,7730,118526,4.482060258522368,0.1731790600120103
2345,0.2351,2,42,2,110599,565845,7732,118524,4.481727601064504,0.17318727177882107
2346,0.2352,8,111,8,110710,565734,7740,118516,4.480848434925865,0.17320569967117283
2347,0.2353,7,85,7,110795,565649,7747,118509,4.480175199594474,0.1732187594093762
2348,0.2354,3,32,3,110827,565617,7750,118506,4.479921746293246,0.17322323617244267
2349,0.2355,5,70,5,110897,565547,7755,118501,4.4793673171968065,0.17323491918695763
2350,0.2356,9,97,9,110994,565450,7764,118492,4.478599036877456,0.1732486088001614
2351,0.2357,6,34,6,111028,565416,7770,118486,4.478329742744899,0.1732499685627473
2352,0.2358,17,94,17,111122,565322,7787,118469,4.477585223672539,0.17325323088487565
2353,0.2359,6,49,6,111171,565273,7793,118463,4.477197123305031,0.17325839212795582
2354,0.236,4,55,4,111226,565218,7797,118459,4.476761500443543,0.17326749327533322
2355,0.2361,6,96,6,111322,565122,7803,118453,4.476001140539855,0.17328457009106535
2356,0.2362,5,86,5,111408,565036,7808,118448,4.475319984792802,0.17330032597690656
2357,0.2363,3,87,3,111495,564949,7811,118445,4.474630908630085,0.1733187590174921
2358,0.2364,2,96,2,111591,564853,7813,118443,4.4738705487263974,0.17334068983281037
2359,0.2365,0,38,0,111629,564815,7813,118443,4.473569572931187,0.1733503303290997
2360,0.2366,10,114,10,111743,564701,7823,118433,4.472666645545559,0.17336715783433412
2361,0.2367,3,39,3,111782,564662,7826,118430,4.472357749334685,0.1733734255415083
2362,0.2368,15,182,15,111964,564480,7841,118415,4.470916233683944,0.17340147460444139
2363,0.2369,5,39,5,112003,564441,7846,118410,4.47060733747307,0.17340532561276178
2364,0.237,4,80,4,112083,564361,7850,118406,4.469973704219997,0.17342080094673584
2365,0.2371,8,88,8,112171,564273,7858,118398,4.469276707641617,0.1734334694164539
2366,0.2372,4,50,4,112221,564223,7862,118394,4.468880686858446,0.17344132947172425
2367,0.2373,10,141,10,112362,564082,7872,118384,4.467763908249905,0.1734650517388412
2368,0.2374,7,46,7,112408,564036,7879,118377,4.4673995691293875,0.1734682662844934
2369,0.2375,8,115,8,112523,563921,7887,118369,4.466488721328095,0.17348781310000147
2370,0.2376,5,44,5,112567,563877,7892,118364,4.466140223038905,0.17349294457530404
2371,0.2377,15,75,15,112642,563802,7907,118349,4.465546191864149,0.17349384520436092
2372,0.2378,2,31,2,112673,563771,7909,118347,4.465300658978583,0.17349930657159024
2373,0.2379,8,142,8,112815,563629,7917,118339,4.464175959954378,0.17352573727799545
2374,0.238,3,38,3,112853,563591,7920,118336,4.463874984159169,0.17353177099601572
2375,0.2381,8,50,8,112903,563541,7928,118328,4.463478963375998,0.17353479920629916
2376,0.2382,16,200,16,113103,563341,7944,118312,4.461894880243316,0.1735663159994895
2377,0.2383,3,45,3,113148,563296,7947,118309,4.461538461538462,0.1735741375136626
2378,0.2384,16,163,16,113311,563133,7963,118293,4.460247433785325,0.17359625256447508
2379,0.2385,3,45,3,113356,563088,7966,118290,4.459891015080472,0.17360407879326895
2380,0.2386,5,87,5,113443,563001,7971,118285,4.459201938917754,0.17362018300684295
2381,0.2387,3,75,3,113518,562926,7974,118282,4.458607907742999,0.17363565900576622
2382,0.2388,19,123,19,113641,562803,7993,118263,4.457633696616399,0.1736439640211081
2383,0.2389,22,95,22,113736,562708,8015,118241,4.456881257128374,0.17364149150670607
2384,0.239,14,218,14,113954,562490,8029,118227,4.45515460651375,0.17368010494816494
2385,0.2391,4,63,4,114017,562427,8033,118223,4.454655620326955,0.17369132446925734
2386,0.2392,10,136,10,114153,562291,8043,118213,4.45357844379673,0.17371389440767432
2387,0.2393,8,64,8,114217,562227,8051,118205,4.453071537194272,0.17372051872927788
2388,0.2394,5,95,5,114312,562132,8056,118200,4.452319097706248,0.17373870404449593
2389,0.2395,4,81,4,114393,562051,8060,118196,4.451677544037511,0.17375453327982335
2390,0.2396,3,30,3,114423,562021,8063,118193,4.4514399315676085,0.17375855245555075
2391,0.2397,7,85,7,114508,561936,8070,118186,4.450766696236219,0.1737717644775496
2392,0.2398,7,56,7,114564,561880,8077,118179,4.450323152959068,0.17377756929913435
2393,0.2399,15,225,15,114789,561655,8092,118164,4.448541059434799,0.1738168541920717
2394,0.24,2,56,2,114845,561599,8094,118162,4.448097516157648,0.17382874274928983
2395,0.2401,2,35,2,114880,561564,8096,118160,4.447820301609428,0.17383526254773995
2396,0.2402,4,84,4,114964,561480,8100,118156,4.447154986693702,0.17385188542101948
2397,0.2403,8,110,8,115074,561370,8108,118148,4.446283740970726,0.17387030218478391
2398,0.2404,2,70,2,115144,561300,8110,118146,4.445729311874287,0.17388578341766675
2399,0.2405,21,228,21,115372,561072,8131,118125,4.443923457103029,0.17391861271472048
2400,0.2406,12,95,12,115467,560977,8143,118113,4.443171017615004,0.1739283452856028
2401,0.2407,7,82,7,115549,560895,8150,118106,4.442521543530605,0.1739408336659298
2402,0.2408,2,40,2,115589,560855,8152,118104,4.442204726904068,0.17394864785649797
2403,0.2409,5,112,5,115701,560743,8157,118099,4.441317640349766,0.17397126282699066
2404,0.241,7,88,7,115789,560655,8164,118092,4.4406206437713855,0.1739852993825387
2405,0.2411,3,79,3,115868,560576,8167,118089,4.439994930933976,0.17400190079052258
2406,0.2412,8,54,8,115922,560522,8175,118081,4.439567228488151,0.17400600940461508
2407,0.2413,12,112,12,116034,560410,8187,118069,4.438680141933848,0.1740201244253691
2408,0.2414,5,54,5,116088,560356,8192,118064,4.438252439488024,0.1740278883287639
2409,0.2415,7,42,7,116130,560314,8199,118057,4.437919782030161,0.17403013984972823
2410,0.2416,9,143,9,116273,560171,8208,118048,4.436787162590293,0.17405587280804577
2411,0.2417,8,100,8,116373,560071,8216,118040,4.435995121023951,0.17407179650529192
2412,0.2418,5,38,5,116411,560033,8221,118035,4.435694145228742,0.17407546145814284
2413,0.2419,6,47,6,116458,559986,8227,118029,4.435321885692561,0.17408021946417115
2414,0.242,30,252,30,116710,559734,8257,117999,4.433325940945381,0.174108387816441
2415,0.2421,7,69,7,116779,559665,8264,117992,4.4327794322646055,0.1741175845597404
2416,0.2422,10,49,10,116828,559616,8274,117982,4.432391331897098,0.1741179873612378
2417,0.2423,13,67,13,116895,559549,8287,117969,4.431860664047649,0.17411935919045693
2418,0.2424,2,29,2,116924,559520,8289,117967,4.43163097199341,0.1741243743422383
2419,0.2425,6,47,6,116971,559473,8295,117961,4.43125871245723,0.1741291402557297
2420,0.2426,2,13,2,116984,559460,8297,117959,4.431155747053605,0.1741300435919276
2421,0.2427,2,64,2,117048,559396,8299,117957,4.430648840451147,0.17414405782509268
2422,0.2428,8,82,8,117130,559314,8307,117949,4.429999366366747,0.17415538719817855
2423,0.2429,4,63,4,117193,559251,8311,117945,4.4295003801799515,0.1741667109669874
2424,0.243,12,155,12,117348,559096,8323,117933,4.428272715752123,0.17419194746458425
2425,0.2431,1,26,1,117374,559070,8324,117932,4.428066784944874,0.17419741743746694
2426,0.2432,6,43,6,117417,559027,8330,117926,4.4277262070713475,0.1742011631531288
2427,0.2433,3,34,3,117451,558993,8333,117923,4.427456912938791,0.17420625306537296
2428,0.2434,2,63,2,117514,558930,8335,117921,4.426957926751996,0.17422002774613615
2429,0.2435,6,91,6,117605,558839,8341,117915,4.426237168926625,0.1742361330705101
2430,0.2436,17,154,17,117759,558685,8358,117898,4.42501742491446,0.17425504335757772
2431,0.2437,3,49,3,117808,558636,8361,117895,4.424629324546952,0.17426400268428202
2432,0.2438,15,113,15,117921,558523,8376,117880,4.4237343175769865,0.17427480363038012
2433,0.2439,8,123,8,118044,558400,8384,117872,4.4227601064503865,0.1742967326756098
2434,0.244,11,68,11,118112,558332,8395,117861,4.422221518185275,0.1743008283138098
2435,0.2441,8,85,8,118197,558247,8403,117853,4.421548282853884,0.17431297145392693
2436,0.2442,4,71,4,118268,558176,8407,117849,4.420985933341782,0.17432639325468732
2437,0.2443,10,60,10,118328,558116,8417,117839,4.420510708401977,0.17432965212181284
2438,0.2444,3,35,3,118363,558081,8420,117836,4.4202334938537575,0.17433501450621897
2439,0.2445,4,28,4,118391,558053,8424,117832,4.420011722215182,0.1743373502888805
2440,0.2446,2,53,2,118444,558000,8426,117830,4.419591940185021,0.1743485787846056
2441,0.2447,13,120,13,118564,557880,8439,117817,4.418641490305411,0.17436365708298246
2442,0.2448,11,125,11,118689,557755,8450,117806,4.417651438347485,0.17438247619385963
2443,0.2449,0,69,0,118758,557686,8450,117806,4.417104929666709,0.17440028897455484
2444,0.245,3,47,3,118805,557639,8453,117803,4.4167326701305285,0.17440875752470233
2445,0.2451,16,126,16,118931,557513,8469,117787,4.415734697756938,0.17442173848659856
2446,0.2452,1,34,1,118965,557479,8470,117786,4.415465403624382,0.17442929812740182
2447,0.2453,6,42,6,119007,557437,8476,117780,4.415132746166519,0.17443281197007776
2448,0.2454,8,105,8,119112,557332,8484,117772,4.41430110252186,0.17445015879034934
2449,0.2455,9,61,9,119173,557271,8493,117763,4.413817957166392,0.17445491634495447
2450,0.2456,8,65,8,119238,557206,8501,117755,4.41330313014827,0.1744619318745824
2451,0.2457,3,49,3,119287,557157,8504,117752,4.412915029780763,0.17447092867334707
2452,0.2458,16,122,16,119409,557035,8520,117736,4.411948739069826,0.17448289864265062
2453,0.2459,10,70,10,119479,556965,8530,117726,4.411394309973387,0.1744887659684211
2454,0.246,11,98,11,119577,556867,8541,117715,4.4106181092383725,0.17450065373816676
2455,0.2461,3,46,3,119623,556821,8544,117712,4.410253770117856,0.17450888244163
2456,0.2462,8,127,8,119750,556694,8552,117704,4.409247877328602,0.1745319529417347
2457,0.2463,12,128,12,119878,556566,8564,117692,4.408234064123685,0.17455039465605154
2458,0.2464,7,85,7,119963,556481,8571,117685,4.407560828792295,0.1745638314599075
2459,0.2465,6,66,6,120029,556415,8577,117679,4.407038081358509,0.1745735757921002
2460,0.2466,2,39,2,120068,556376,8579,117677,4.406729185147636,0.1745812272922159
2461,0.2467,24,234,24,120302,556142,8603,117653,4.404875807882398,0.17461245631089575
2462,0.2468,1,36,1,120338,556106,8604,117652,4.4045906729185145,0.17462056109166793
2463,0.2469,2,59,2,120397,556047,8606,117650,4.404123368394373,0.17463340344398148
2464,0.247,10,111,10,120508,555936,8616,117640,4.403244202255735,0.17464992814470826
2465,0.2471,12,144,12,120652,555792,8628,117628,4.402103662400203,0.17467256689733004
2466,0.2472,5,52,5,120704,555740,8633,117623,4.401691800785705,0.17467992746854222
2467,0.2473,5,92,5,120796,555648,8638,117618,4.400963122544671,0.17469766778658063
2468,0.2474,3,67,3,120863,555581,8641,117615,4.400432454695222,0.17471137677585724
2469,0.2475,6,48,6,120911,555533,8647,117609,4.400052274743379,0.1747164788410172
2470,0.2476,17,171,17,121082,555362,8664,117592,4.398697883664934,0.17474002680718148
2471,0.2477,3,54,3,121136,555308,8667,117589,4.39827018121911,0.1747503704133025
2472,0.2478,16,149,16,121285,555159,8683,117573,4.397090039285262,0.17476944756604412
2473,0.2479,16,116,16,121401,555043,8699,117557,4.396171271068305,0.17477995837050253
2474,0.248,6,48,6,121449,554995,8705,117551,4.395791091116462,0.17478507046358166
2475,0.2481,12,76,12,121525,554919,8717,117539,4.3951891395260425,0.1747900984150683
2476,0.2482,12,203,12,121728,554716,8729,117527,4.393581295146369,0.17482814993982831
2477,0.2483,1,41,1,121769,554675,8730,117526,4.393256558104169,0.17483758578163378
2478,0.2484,13,91,13,121860,554584,8743,117513,4.392535800278798,0.17484529762816975
2479,0.2485,10,80,10,121940,554504,8753,117503,4.391902167025726,0.1748538333678072
2480,0.2486,8,69,8,122009,554435,8761,117495,4.39135565834495,0.17486196478799876
2481,0.2487,3,75,3,122084,554360,8764,117492,4.3907616271701935,0.1748778004679602
2482,0.2488,4,44,4,122128,554316,8768,117488,4.390413128881003,0.17488434126620264
2483,0.2489,4,80,4,122208,554236,8772,117484,4.389779495627931,0.17490025605907222
2484,0.249,2,36,2,122244,554200,8774,117482,4.389494360664048,0.17490717333500078
2485,0.2491,5,23,5,122267,554177,8779,117477,4.389312191103789,0.17490702057904814
2486,0.2492,6,63,6,122330,554114,8785,117471,4.388813204916994,0.17491605679102423
2487,0.2493,8,52,8,122382,554062,8793,117463,4.388401343302497,0.1749197721603812
2488,0.2494,7,49,7,122431,554013,8800,117456,4.388013242934989,0.17492393543112192
2489,0.2495,9,58,9,122489,553955,8809,117447,4.387553858826511,0.17492798651180663
2490,0.2496,9,107,9,122596,553848,8818,117438,4.386706374350526,0.17494480742932222
2491,0.2497,3,40,3,122636,553808,8821,117435,4.386389557723989,0.17495154511853384
2492,0.2498,5,58,5,122694,553750,8826,117430,4.385930173615511,0.17496051729789328
2493,0.2499,15,93,15,122787,553657,8841,117415,4.385193574958814,0.17496632254065136
2494,0.25,10,151,10,122938,553506,8851,117405,4.383997592193638,0.17499340449031242
2495,0.2501,13,195,13,123133,553311,8864,117392,4.382453111139273,0.17502829121086383
2496,0.2502,9,83,9,123216,553228,8873,117383,4.38179571663921,0.1750388824519729
2497,0.2503,11,123,11,123339,553105,8884,117372,4.38082150551261,0.1750574590925565
2498,0.2504,6,92,6,123431,553013,8890,117366,4.380092827271575,0.17507409987484693
2499,0.2505,11,100,11,123531,552913,8901,117355,4.379300785705234,0.17508668174521236
2500,0.2506,11,72,11,123603,552841,8912,117344,4.378730515777468,0.17509195222214763
2501,0.2507,4,17,4,123620,552824,8916,117340,4.37859586871119,0.17509147014760565
2502,0.2508,13,99,13,123719,552725,8929,117327,4.377811747560512,0.17510133541874362
2503,0.2509,10,109,10,123828,552616,8939,117317,4.3769484222532,0.17511751175117513
2504,0.251,4,67,4,123895,552549,8943,117313,4.376417754403751,0.17513010142387536
2505,0.2511,14,94,14,123989,552455,8957,117299,4.37567323533139,0.17513743852220368
2506,0.2512,2,22,2,124011,552433,8959,117297,4.375498986186795,0.17514072835321698
2507,0.2513,12,176,12,124187,552257,8971,117285,4.374104993030034,0.17517198323630184
2508,0.2514,6,43,6,124230,552214,8977,117279,4.373764415156508,0.17517584201776568
2509,0.2515,9,136,9,124366,552078,8986,117270,4.372687238626283,0.175200344215565
2510,0.2516,5,82,5,124448,551996,8991,117265,4.372037764541883,0.17521564830462255
2511,0.2517,1,35,1,124483,551961,8992,117264,4.371760549993664,0.1752235795136165
2512,0.2518,4,37,4,124520,551924,8996,117260,4.371467494614118,0.17522833779648048
2513,0.2519,12,74,12,124594,551850,9008,117248,4.370881383855025,0.17523292552062628
2514,0.252,11,65,11,124659,551785,9019,117237,4.370366556836903,0.17523638983471396
2515,0.2521,7,33,7,124692,551752,9026,117230,4.37010518312001,0.1752364039690156
2516,0.2522,5,81,5,124773,551671,9031,117225,4.369463629451274,0.17525145912070036
2517,0.2523,11,88,11,124861,551583,9042,117214,4.368766632872894,0.17526095362269867
2518,0.2524,5,53,5,124914,551530,9047,117209,4.368346850842732,0.17526867731656146
2519,0.2525,14,90,14,125004,551440,9061,117195,4.367634013433025,0.1752750005608441
2520,0.2526,2,58,2,125062,551382,9063,117193,4.367174629324547,0.1752877388475489
2521,0.2527,3,107,3,125169,551275,9066,117190,4.366327144848562,0.1753120956220595
2522,0.2528,19,224,19,125393,551051,9085,117171,4.364552971739957,0.17534741448201346
2523,0.2529,7,73,7,125466,550978,9092,117164,4.363974781396528,0.17535793289450446
2524,0.253,4,85,4,125551,550893,9096,117160,4.363301546065138,0.17537530704899162
2525,0.2531,7,108,7,125659,550785,9103,117153,4.362446141173489,0.17539502169363025
2526,0.2532,8,151,8,125810,550634,9111,117145,4.361250158408313,0.17542480371500152
2527,0.2533,11,88,11,125898,550546,9122,117134,4.360553161829933,0.17543433980349868
2528,0.2534,8,72,8,125970,550474,9130,117126,4.359982891902167,0.17544337926902337
2529,0.2535,4,45,4,126015,550429,9134,117122,4.359626473197314,0.17545026522318144
2530,0.2536,13,146,13,126161,550283,9147,117109,4.358470092510455,0.17547258582662065
2531,0.2537,10,179,10,126340,550104,9157,117099,4.357052338106704,0.1755073043736314
2532,0.2538,1,10,1,126350,550094,9158,117098,4.35697313395007,0.1755086991450737
2533,0.2539,9,88,9,126438,550006,9167,117089,4.356276137371689,0.1755207279323035
2534,0.254,16,164,16,126602,549842,9183,117073,4.35497718920289,0.17554410981909238
2535,0.2541,13,91,13,126693,549751,9196,117060,4.354256431377519,0.1755519929935169
2536,0.2542,13,94,13,126787,549657,9209,117047,4.353511912305158,0.17556066860255826
2537,0.2543,9,74,9,126861,549583,9218,117038,4.352925801546065,0.17556902647831377
2538,0.2544,13,87,13,126948,549496,9231,117025,4.3522367253833485,0.17557586332613676
2539,0.2545,10,49,10,126997,549447,9241,117015,4.351848625015841,0.1755764019554003
2540,0.2546,9,93,9,127090,549354,9250,117006,4.351112026359143,0.1755897712947956
2541,0.2547,6,50,6,127140,549304,9256,117000,4.350716005575973,0.17559552396503697
2542,0.2548,4,47,4,127187,549257,9260,116996,4.350343746039792,0.1756029616376962
2543,0.2549,7,54,7,127241,549203,9267,116989,4.349916043593968,0.17560853327569229
2544,0.255,24,258,24,127499,548945,9291,116965,4.347872576352807,0.17564685918517517
2545,0.2551,8,88,8,127587,548857,9299,116957,4.347175579774427,0.1756601693566071
2546,0.2552,9,91,9,127678,548766,9308,116948,4.346454821949056,0.17567303676954368
2547,0.2553,5,53,5,127731,548713,9313,116943,4.3460350399188945,0.17568083214152655
2548,0.2554,13,195,13,127926,548518,9326,116930,4.344490558864529,0.1757162092304733
2549,0.2555,5,66,5,127992,548452,9331,116925,4.343967811430744,0.17572744474185312
2550,0.2556,5,54,5,128046,548398,9336,116920,4.34354010898492,0.17573551294268305
2551,0.2557,11,157,11,128203,548241,9347,116909,4.342296603725764,0.17576336164774864
2552,0.2558,13,127,13,128330,548114,9360,116896,4.3412907109365095,0.17578081532608533
2553,0.2559,5,27,5,128357,548087,9365,116891,4.341076859713597,0.17578175518588585
2554,0.256,14,124,14,128481,547963,9379,116877,4.3400947281713345,0.17579718428494073
2555,0.2561,8,62,8,128543,547901,9387,116869,4.339603662400203,0.1758036614167306
2556,0.2562,7,46,7,128589,547855,9394,116862,4.339239323279686,0.1758071480043387
2557,0.2563,9,87,9,128676,547768,9403,116853,4.338550247116968,0.17581900060335137
2558,0.2564,9,74,9,128750,547694,9412,116844,4.3379641363578765,0.17582741694229675
2559,0.2565,19,219,19,128969,547475,9431,116825,4.336229565327589,0.17586180942345325
2560,0.2566,6,68,6,129037,547407,9437,116819,4.335690977062476,0.17587236874196432
2561,0.2567,7,83,7,129120,547324,9444,116812,4.335033582562413,0.17588566197284894
2562,0.2568,5,76,5,129196,547248,9449,116807,4.334431630971993,0.17589958663062547
2563,0.2569,6,130,6,129326,547118,9455,116801,4.3334019769357495,0.1759265814052618
2564,0.257,12,144,12,129470,546974,9467,116789,4.332261437080218,0.17594984956980128
2565,0.2571,15,60,15,129530,546914,9482,116774,4.331786212140413,0.17594713178481455
2566,0.2572,5,52,5,129582,546862,9487,116769,4.331374350525915,0.175954709770942
2567,0.2573,4,125,4,129707,546737,9491,116765,4.330384298567989,0.17598289078254473
2568,0.2574,8,64,8,129771,546673,9499,116757,4.32987739196553,0.17598993111556607
2569,0.2575,10,69,10,129840,546604,9509,116747,4.329330883284754,0.17599581518683172
2570,0.2576,11,101,11,129941,546503,9520,116736,4.32853092130275,0.17600895001650987
2571,0.2577,12,110,12,130051,546393,9532,116724,4.327659675579774,0.1760232357185836
2572,0.2578,3,97,3,130148,546296,9535,116721,4.326891395260423,0.17604525977463625
2573,0.2579,18,240,18,130388,546056,9553,116703,4.324990495501204,0.1760866317922503
2574,0.258,8,40,8,130428,546016,9561,116695,4.324673678874667,0.1760873140780823
2575,0.2581,25,242,25,130670,545774,9586,116670,4.3227569382841216,0.1761205475481701
2576,0.2582,11,109,11,130779,545665,9597,116659,4.321893612976809,0.176135848919864
2577,0.2583,7,42,7,130821,545623,9604,116652,4.321560955518946,0.17613831112453285
2578,0.2584,9,92,9,130913,545531,9613,116643,4.320832277277912,0.17615158553491983
2579,0.2585,14,201,14,131114,545330,9627,116629,4.319240273729565,0.17618764908400672
2580,0.2586,6,38,6,131152,545292,9633,116623,4.318939297934356,0.17619029633714298
2581,0.2587,5,56,5,131208,545236,9638,116618,4.318495754657205,0.17619898043979487
2582,0.2588,13,161,13,131369,545075,9651,116605,4.3172205677353945,0.17622566799661468
2583,0.2589,6,85,6,131454,544990,9657,116599,4.316547332404005,0.17624083834525664
2584,0.259,3,40,3,131494,544950,9660,116596,4.316230515777468,0.17624775903716447
2585,0.2591,3,68,3,131562,544882,9663,116593,4.315691927512356,0.17626214142635777
2586,0.2592,4,44,4,131606,544838,9667,116589,4.315343429223166,0.17626888530404716
2587,0.2593,25,238,25,131844,544600,9692,116564,4.313458370295273,0.17630119002244526
2588,0.2594,20,216,20,132060,544384,9712,116544,4.311747560511976,0.17633388205674447
2589,0.2595,12,77,12,132137,544307,9724,116532,4.311137688505893,0.1763394714900301
2590,0.2596,8,79,8,132216,544228,9732,116524,4.310511975668483,0.17635058236675788
2591,0.2597,15,166,15,132382,544062,9747,116509,4.3091971866683565,0.17637619574580174
2592,0.2598,4,43,4,132425,544019,9751,116505,4.308856608794829,0.1763826901066426
2593,0.2599,17,205,17,132630,543814,9768,116488,4.30723292358383,0.1764162458996035
2594,0.26,2,28,2,132658,543786,9770,116486,4.307011151945254,0.17642123246177333
2595,0.2601,6,92,6,132750,543694,9776,116480,4.30628247370422,0.17643833292435024
2596,0.2602,12,92,12,132842,543602,9788,116468,4.305553795463186,0.17644795248988743
2597,0.2603,8,90,8,132932,543512,9796,116460,4.304840958053479,0.17646203172255792
2598,0.2604,13,107,13,133039,543405,9809,116447,4.303993473577493,0.1764744215369507
2599,0.2605,7,76,7,133115,543329,9816,116440,4.3033915219870735,0.17648601252862745
2600,0.2606,7,104,7,133219,543225,9823,116433,4.302567798758079,0.17650509809628626
2601,0.2607,17,57,17,133276,543168,9840,116416,4.302116335065264,0.1764991267222977
2602,0.2608,15,166,15,133442,543002,9855,116401,4.300801546065138,0.17652482624434526
2603,0.2609,4,30,4,133472,542972,9859,116397,4.300563933595235,0.17652786224405453
2604,0.261,5,68,5,133540,542904,9864,116392,4.3000253453301225,0.17653982429743242
2605,0.2611,5,114,5,133654,542790,9869,116387,4.299122417944494,0.17656410948804344
2606,0.2612,6,59,6,133713,542731,9875,116381,4.298655113420352,0.1765724186481205
2607,0.2613,12,66,12,133779,542665,9887,116369,4.298132365986567,0.17657510841625773
2608,0.2614,4,56,4,133835,542609,9891,116365,4.297688822709416,0.17658511564947935
2609,0.2615,4,54,4,133889,542555,9895,116361,4.297261120263592,0.1765945886880877
2610,0.2616,15,181,15,134070,542374,9910,116346,4.295827525028513,0.1766243623998057
2611,0.2617,7,62,7,134132,542312,9917,116339,4.295336459257382,0.17663223771010747
2612,0.2618,11,90,11,134222,542222,9928,116328,4.294623621847674,0.17664262394654923
2613,0.2619,4,77,4,134299,542145,9932,116324,4.294013749841592,0.17665827852184385
2614,0.262,2,26,2,134325,542119,9934,116322,4.293807819034343,0.17666275338261134
2615,0.2621,4,62,4,134387,542057,9938,116318,4.293316753263211,0.1766743876969812
2616,0.2622,14,185,14,134572,541872,9952,116304,4.29185147636548,0.17670653442240372
2617,0.2623,11,201,11,134773,541671,9963,116293,4.290259472817134,0.17674675210193871
2618,0.2624,9,63,9,134836,541608,9972,116284,4.289760486630338,0.1767524152900476
2619,0.2625,5,48,5,134884,541560,9977,116279,4.289380306678495,0.1767590550271419
2620,0.2626,9,107,9,134991,541453,9986,116270,4.288532822202509,0.17677654574950244
2621,0.2627,16,147,16,135138,541306,10002,116254,4.287368521099987,0.17679603382200865
2622,0.2628,14,240,14,135378,541066,10016,116240,4.285467621340768,0.17684305331154743
2623,0.2629,4,39,4,135417,541027,10020,116236,4.285158725129895,0.17684853703920653
2624,0.263,33,306,33,135723,540721,10053,116203,4.2827350779368905,0.1768895640896055
2625,0.2631,9,44,9,135767,540677,10062,116194,4.2823865796477,0.17689013520158448
2626,0.2632,7,154,7,135921,540523,10069,116187,4.281166835635534,0.17692284265505323
2627,0.2633,4,66,4,135987,540457,10073,116183,4.280644088201749,0.17693561159844054
2628,0.2634,7,95,7,136082,540362,10080,116176,4.279891648713725,0.17695243839655891
2629,0.2635,3,51,3,136133,540311,10083,116173,4.279487707514891,0.17696242406517143
2630,0.2636,9,67,9,136200,540244,10092,116164,4.278957039665442,0.17696920208163217
2631,0.2637,4,33,4,136233,540211,10096,116160,4.278695665948549,0.17697308381997376
2632,0.2638,5,71,5,136304,540140,10101,116155,4.278133316436446,0.17698595905804554
2633,0.2639,10,91,10,136395,540049,10111,116145,4.277412558611076,0.1769979609688598
2634,0.264,15,188,15,136583,539861,10126,116130,4.275923520466354,0.17702986778782026
2635,0.2641,11,137,11,136720,539724,10137,116119,4.274838423520467,0.17705304470734612
2636,0.2642,11,171,11,136891,539553,10148,116108,4.273484032442022,0.1770854145663689
2637,0.2643,16,116,16,137007,539437,10164,116092,4.272565264225067,0.1770966654411933
2638,0.2644,3,68,3,137075,539369,10167,116089,4.272026675959954,0.17711127181299183
2639,0.2645,11,82,11,137157,539287,10178,116078,4.271377201875555,0.17711962036422452
2640,0.2646,6,34,6,137191,539253,10184,116072,4.271107907742999,0.17712127570289551
2641,0.2647,3,43,3,137234,539210,10187,116069,4.2707673298694715,0.17712913125554153
2642,0.2648,12,113,12,137347,539097,10199,116057,4.269872322899506,0.17714461027483613
2643,0.2649,1,66,1,137413,539031,10200,116056,4.2693495754657205,0.17716120148926784
2644,0.265,7,53,7,137466,538978,10207,116049,4.26892979343556,0.17716674274495556
2645,0.2651,6,64,6,137530,538914,10213,116043,4.268422886833101,0.1771765169316459
2646,0.2652,6,32,6,137562,538882,10219,116037,4.268169433531872,0.17717763570762185
2647,0.2653,12,162,12,137724,538720,10231,116025,4.266886326194399,0.17720639332870047
2648,0.2654,3,47,3,137771,538673,10234,116022,4.266514066658218,0.17721534454975219
2649,0.2655,12,49,12,137820,538624,10246,116010,4.266125966290711,0.17721352694788234
2650,0.2656,16,189,16,138009,538435,10262,115994,4.264629007730326,0.1772445903222504
2651,0.2657,13,70,13,138079,538365,10275,115981,4.2640745786338865,0.17724720560681964
2652,0.2658,1,31,1,138110,538334,10276,115980,4.263829045748321,0.17725434577282467
2653,0.2659,4,22,4,138132,538312,10280,115976,4.263654796603726,0.17725527596410143
2654,0.266,6,73,6,138205,538239,10286,115970,4.263076606260297,0.17726750931277313
2655,0.2661,16,150,16,138355,538089,10302,115954,4.261888543910785,0.17728803763666914
2656,0.2662,7,65,7,138420,538024,10309,115947,4.261373716892662,0.17729685261273054
2657,0.2663,1,30,1,138450,537994,10310,115946,4.26113610442276,0.1773037281707802
2658,0.2664,3,29,3,138479,537965,10313,115943,4.260906412368521,0.17730781700178005
2659,0.2665,13,158,13,138637,537807,10326,115930,4.259654986693702,0.17733431028073982
2660,0.2666,10,147,10,138784,537660,10336,115920,4.2584906855911795,0.1773616083723492
2661,0.2667,9,107,9,138891,537553,10345,115911,4.257643201115195,0.17737932005435647
2662,0.2668,18,211,18,139102,537342,10363,115893,4.255971993410214,0.17741394750740544
2663,0.2669,13,146,13,139248,537196,10376,115880,4.254815612723355,0.1774372354825472
2664,0.267,5,37,5,139285,537159,10381,115875,4.254522557343809,0.17744099082130485
2665,0.2671,3,73,3,139358,537086,10384,115872,4.25394436700038,0.17745704930485576
2666,0.2672,1,31,1,139389,537055,10385,115871,4.2536988341148145,0.17746421493400477
2667,0.2673,3,75,3,139464,536980,10388,115868,4.253104802940058,0.17748082248854252
2668,0.2674,9,71,9,139535,536909,10397,115859,4.252542453427956,0.17748878621501055
2669,0.2675,2,56,2,139591,536853,10399,115857,4.252098910150805,0.17750149377211932
2670,0.2676,5,35,5,139626,536818,10404,115852,4.251821695602585,0.17750471141618276
2671,0.2677,6,40,6,139666,536778,10410,115846,4.251504878976049,0.1775080291254995
2672,0.2678,5,89,5,139755,536689,10415,115841,4.250799961982005,0.17752593750478904
2673,0.2679,9,65,9,139820,536624,10424,115832,4.250285134963883,0.17753227803867233
2674,0.268,5,38,5,139858,536586,10429,115827,4.249984159168673,0.1775363151868525
2675,0.2681,5,63,5,139921,536523,10434,115822,4.249485172981878,0.17754715679586722
2676,0.2682,5,59,5,139980,536464,10439,115817,4.249017868457737,0.17755691182174554
2677,0.2683,7,102,7,140082,536362,10446,115810,4.248209986060068,0.1775758542225057
2678,0.2684,14,174,14,140256,536188,10460,115796,4.2468318337346345,0.17760558541313898
2679,0.2685,3,47,3,140303,536141,10463,115793,4.246459574198454,0.177614605159418
2680,0.2686,6,130,6,140433,536011,10469,115787,4.24542992016221,0.17764245978048412
2681,0.2687,16,165,16,140598,535846,10485,115771,4.244123051577747,0.17766724931976913
2682,0.2688,11,158,11,140756,535688,10496,115760,4.242871625902928,0.1776964546671415
2683,0.2689,15,140,15,140896,535548,10511,115745,4.24176276771005,0.1777157132043489
2684,0.269,3,57,3,140953,535491,10514,115742,4.241311304017235,0.17772748002635003
2685,0.2691,16,254,16,141207,535237,10530,115726,4.239299518438727,0.17777661710419793
2686,0.2692,5,66,5,141273,535171,10535,115721,4.238776771004942,0.17778832740301
2687,0.2693,2,36,2,141309,535135,10537,115719,4.23849163604106,0.1777956346584641
2688,0.2694,9,63,9,141372,535072,10546,115710,4.237992649854264,0.17780147576300512
2689,0.2695,22,181,22,141553,534891,10568,115688,4.236559054619186,0.17782313908072656
2690,0.2696,4,29,4,141582,534862,10572,115684,4.236329362564947,0.1778260107663409
2691,0.2697,6,157,6,141739,534705,10578,115678,4.2350858573057915,0.1778613524646247
2692,0.2698,7,73,7,141812,534632,10585,115671,4.2345076669623625,0.17787246867998457
2693,0.2699,15,207,15,142019,534425,10600,115656,4.2328681409200355,0.17791013735211458
2694,0.27,12,150,12,142169,534275,10612,115644,4.231680078570523,0.17793601971938042
2695,0.2701,2,41,2,142210,534234,10614,115642,4.231355341528324,0.1779447156072851
2696,0.2702,3,74,3,142284,534160,10617,115639,4.230769230769231,0.17796118492025995
2697,0.2703,5,57,5,142341,534103,10622,115634,4.230317767076416,0.17797047112908762
2698,0.2704,6,127,6,142468,533976,10628,115628,4.229311874287163,0.17799767242812545
2699,0.2705,6,60,6,142528,533916,10634,115622,4.2288366493473575,0.17800652155839997
2700,0.2706,4,57,4,142585,533859,10638,115618,4.228385185654544,0.17801708143629413
2701,0.2707,2,42,2,142627,533817,10640,115616,4.22805252819668,0.178026062734724
2702,0.2708,2,41,2,142668,533776,10642,115614,4.2277277911544795,0.17803477109287177
2703,0.2709,4,71,4,142739,533705,10646,115610,4.227165441642377,0.17804917489970198
2704,0.271,19,148,19,142887,533557,10665,115591,4.2259932201241925,0.17806571074700991
2705,0.2711,6,82,6,142969,533475,10671,115585,4.225343746039792,0.17808060888053492
2706,0.2712,13,108,13,143077,533367,10684,115572,4.2244883411481435,0.17809378077138222
2707,0.2713,12,148,12,143225,533219,10696,115560,4.223316119629958,0.17811920546133583
2708,0.2714,7,24,7,143249,533195,10703,115553,4.223126029654036,0.178116926757385
2709,0.2715,7,60,7,143309,533135,10710,115546,4.222650804714231,0.17812453270559797
2710,0.2716,6,71,6,143380,533064,10716,115540,4.222088455202129,0.1781364283908209
2711,0.2717,15,179,15,143559,532885,10731,115525,4.220670700798378,0.1781665921253528
2712,0.2718,19,241,19,143800,532644,10750,115506,4.218761880623495,0.1782087479750058
2713,0.2719,14,103,14,143903,532541,10764,115492,4.217946077810163,0.17821931907788646
2714,0.272,5,62,5,143965,532479,10769,115487,4.217455012039032,0.17823003058802467
2715,0.2721,2,47,2,144012,532432,10771,115485,4.217082752502852,0.1782404227702005
2716,0.2722,1,35,1,144047,532397,10772,115484,4.216805537954632,0.17824878334138522
2717,0.2723,2,50,2,144097,532347,10774,115482,4.216409517171461,0.17826000379729837
2718,0.2724,11,112,11,144209,532235,10785,115471,4.215522430617159,0.17827687253167332
2719,0.2725,19,133,19,144342,532102,10804,115452,4.214469015333925,0.17828937818313223
2720,0.2726,9,111,9,144453,531991,10813,115443,4.2135898491952855,0.17830852256755128
2721,0.2727,5,36,5,144489,531955,10818,115438,4.213304714231403,0.17831209172789944
2722,0.2728,8,81,8,144570,531874,10826,115430,4.212663160562666,0.17832424950255213
2723,0.2729,5,68,5,144638,531806,10831,115425,4.212124572297554,0.17833663715118714
2724,0.273,13,51,13,144689,531755,10844,115412,4.21172063109872,0.17833418576657956
2725,0.2731,5,92,5,144781,531663,10849,115407,4.210991952857686,0.17835319208122768
2726,0.2732,7,58,7,144839,531605,10856,115400,4.210532568749208,0.17836029087874128
2727,0.2733,5,52,5,144891,531553,10861,115395,4.210120707134711,0.17836827689396983
2728,0.2734,5,80,5,144971,531473,10866,115390,4.209487073881637,0.17838398548069684
2729,0.2735,2,34,2,145005,531439,10868,115388,4.209217779749081,0.1783908216571046
2730,0.2736,10,67,10,145072,531372,10878,115378,4.208687111899632,0.17839659837649788
2731,0.2737,22,175,22,145247,531197,10900,115356,4.207301039158535,0.1784169279239289
2732,0.2738,2,25,2,145272,531172,10902,115354,4.20710302876695,0.1784212854548773
2733,0.2739,5,64,5,145336,531108,10907,115349,4.206596122164491,0.17843259489803653
2734,0.274,6,91,6,145427,531017,10913,115343,4.2058753643391205,0.17845008973327559
2735,0.2741,11,118,11,145545,530899,10924,115332,4.2049407552908376,0.17846868998856447
2736,0.2742,8,88,8,145633,530811,10932,115324,4.204243758712457,0.17848282479667563
2737,0.2743,9,124,9,145757,530687,10941,115315,4.2032616271701935,0.17850563930142632
2738,0.2744,10,66,10,145823,530621,10951,115305,4.202738879736408,0.17851116072119716
2739,0.2745,1,54,1,145877,530567,10952,115304,4.202311177290584,0.17852481377860285
2740,0.2746,16,178,16,146055,530389,10968,115288,4.200901343302497,0.17855367312139042
2741,0.2747,6,104,6,146159,530285,10974,115282,4.200077620073501,0.17857480323498567
2742,0.2748,13,96,13,146255,530189,10987,115269,4.199317260169813,0.17858481884181465
2743,0.2749,7,133,7,146388,530056,10994,115262,4.198263844886579,0.17861271497153342
2744,0.275,17,146,17,146534,529910,11011,115245,4.197107464199721,0.17863149165704365
2745,0.2751,7,67,7,146601,529843,11018,115238,4.196576796350272,0.17864113188886357
2746,0.2752,5,56,5,146657,529787,11023,115233,4.196133253073121,0.17865027441009582
2747,0.2753,5,36,5,146693,529751,11028,115228,4.195848118109239,0.17865387865341353
2748,0.2754,17,131,17,146824,529620,11045,115211,4.194810543657331,0.17866851934848046
2749,0.2755,11,138,11,146962,529482,11056,115200,4.19371752629578,0.17869275084460245
2750,0.2756,6,98,6,147060,529384,11062,115194,4.192941325560765,0.17871227376671248
2751,0.2757,4,39,4,147099,529345,11066,115190,4.192632429349892,0.17871799048926745
2752,0.2758,9,97,9,147196,529248,11075,115181,4.1918641490305415,0.17873342136992593
2753,0.2759,5,61,5,147257,529187,11080,115176,4.1913810036750725,0.17874396884985638
2754,0.276,4,57,4,147314,529130,11084,115172,4.190929539982259,0.17875468336277087
2755,0.2761,9,64,9,147378,529066,11093,115163,4.1904226333798,0.17876096853758525
2756,0.2762,6,71,6,147449,528995,11099,115157,4.189860283867698,0.17877302251642468
2757,0.2763,15,152,15,147601,528843,11114,115142,4.188656380686859,0.17879608997103968
2758,0.2764,7,94,7,147695,528749,11121,115135,4.187911861614498,0.1788132645010592
2759,0.2765,11,70,11,147765,528679,11132,115124,4.187357432518058,0.1788186758993046
2760,0.2766,17,190,17,147955,528489,11149,115107,4.18585255354201,0.17884977532489327
2761,0.2767,7,49,7,148004,528440,11156,115100,4.185464453174503,0.17885446126114926
2762,0.2768,12,117,12,148121,528323,11168,115088,4.184537764541883,0.17887166989684666
2763,0.2769,4,56,4,148177,528267,11172,115084,4.184094221264732,0.1788821343248087
2764,0.277,5,50,5,148227,528217,11177,115079,4.183698200481562,0.17888965577277025
2765,0.2771,5,53,5,148280,528164,11182,115074,4.1832784184514,0.1788980128661553
2766,0.2772,11,98,11,148378,528066,11193,115063,4.182502217716386,0.1789112293179129
2767,0.2773,17,208,17,148586,527858,11210,115046,4.180854771258396,0.1789474011672038
2768,0.2774,19,140,19,148726,527718,11229,115027,4.179745913065518,0.17896210783436667
2769,0.2775,5,36,5,148762,527682,11234,115022,4.179460778101634,0.178965744728522
2770,0.2776,8,64,8,148826,527618,11242,115014,4.178953871499176,0.1789733471100101
2771,0.2777,7,51,7,148877,527567,11249,115007,4.178549930300342,0.1789786079113067
2772,0.2778,3,56,3,148933,527511,11252,115004,4.178106387023191,0.178990373765593
2773,0.2779,8,144,8,149077,527367,11260,114996,4.17696584716766,0.17902027358362796
2774,0.278,10,116,10,149193,527251,11270,114986,4.176047078950703,0.17903982486216147
2775,0.2781,1,56,1,149249,527195,11271,114985,4.175603535673552,0.1790541592699866
2776,0.2782,8,62,8,149311,527133,11279,114977,4.1751124699024205,0.17906122004018002
2777,0.2783,8,68,8,149379,527065,11287,114969,4.174573881637309,0.17906995579673352
2778,0.2784,11,71,11,149450,526994,11298,114958,4.174011532125206,0.17907569413289467
2779,0.2785,5,74,5,149524,526920,11303,114953,4.1734254213661135,0.17908994458405322
2780,0.2786,3,45,3,149569,526875,11306,114950,4.17306900266126,0.17909866396603435
2781,0.2787,4,47,4,149616,526828,11310,114946,4.172696743125079,0.1791066637165108
2782,0.2788,25,173,25,149789,526655,11335,114921,4.171326511215309,0.1791229721810043
2783,0.2789,7,133,7,149922,526522,11342,114914,4.170273095932075,0.17915115459687325
2784,0.279,4,65,4,149987,526457,11346,114910,4.169758268913952,0.17916419148475055
2785,0.2791,9,43,9,150030,526414,11355,114901,4.169417691040426,0.1791646850611634
2786,0.2792,5,59,5,150089,526355,11360,114896,4.1689503865162845,0.17917476931809853
2787,0.2793,13,96,13,150185,526259,11373,114883,4.168190026612597,0.17918495434708692
2788,0.2794,6,42,6,150227,526217,11379,114877,4.167857369154733,0.17918901128383669
2789,0.2795,16,211,16,150438,526006,11395,114861,4.166186161449753,0.179227515225468
2790,0.2796,7,101,7,150539,525905,11402,114854,4.165386199467748,0.1792467994987195
2791,0.2797,7,78,7,150617,525827,11409,114847,4.164768407046002,0.17925965467616917
2792,0.2798,13,81,13,150698,525746,11422,114834,4.164126853377265,0.1792656654906491
2793,0.2799,5,99,5,150797,525647,11427,114829,4.163342732226587,0.1792869678176856
2794,0.28,2,55,2,150852,525592,11429,114827,4.1629071093651,0.17929980216077288
2795,0.2801,6,46,6,150898,525546,11435,114821,4.162542770244582,0.1793049922934817
2796,0.2802,8,66,8,150964,525480,11443,114813,4.162020022810797,0.17931322066616376
2797,0.2803,4,52,4,151016,525428,11447,114809,4.161608161196299,0.1793226570785506
2798,0.2804,19,190,19,151206,525238,11466,114790,4.160103282220251,0.17935152837063378
2799,0.2805,13,132,13,151338,525106,11479,114777,4.159057787352681,0.17937185391704422
2800,0.2806,8,55,8,151393,525051,11487,114769,4.1586221644911925,0.17937701228470507
2801,0.2807,4,51,4,151444,525000,11491,114765,4.158218223292359,0.17938618086328573
2802,0.2808,9,48,9,151492,524952,11500,114756,4.157838043340514,0.17938809581871729
2803,0.2809,12,121,12,151613,524831,11512,114744,4.156879673045242,0.17940663722002892
2804,0.281,10,54,10,151667,524777,11522,114734,4.156451970599417,0.17940895465441564
2805,0.2811,7,115,7,151782,524662,11529,114727,4.155541122798124,0.1794322392158764
2806,0.2812,7,99,7,151881,524563,11536,114720,4.154757001647447,0.1794510412446444
2807,0.2813,14,90,14,151971,524473,11550,114706,4.154044164237739,0.17945833639715947
2808,0.2814,5,45,5,152016,524428,11555,114701,4.153687745532886,0.1794645525394717
2809,0.2815,5,79,5,152095,524349,11560,114696,4.153062032695476,0.17948031828744454
2810,0.2816,6,41,6,152136,524308,11566,114690,4.152737295653276,0.17948412984078196
2811,0.2817,3,38,3,152174,524270,11569,114687,4.152436319858066,0.17949095166028387
2812,0.2818,5,42,5,152216,524228,11574,114682,4.152103662400203,0.1794963296864973
2813,0.2819,11,124,11,152340,524104,11585,114671,4.15112153085794,0.17951704434268717
2814,0.282,7,32,7,152372,524072,11592,114664,4.15086807755671,0.1795170461661782
2815,0.2821,5,68,5,152440,524004,11597,114659,4.150329489291598,0.17952973633982242
2816,0.2822,9,54,9,152494,523950,11606,114650,4.149901786845773,0.17953335421233949
2817,0.2823,17,213,17,152707,523737,11623,114633,4.148214738309466,0.17957140843084732
2818,0.2824,5,106,5,152813,523631,11628,114628,4.147375174249144,0.17959480399022967
2819,0.2825,3,37,3,152850,523594,11631,114625,4.147082118869598,0.1796013594079775
2820,0.2826,14,169,14,153019,523425,11645,114611,4.145743568622481,0.17963092991618027
2821,0.2827,15,133,15,153152,523292,11660,114596,4.144690153339247,0.17964909200361193
2822,0.2828,8,70,8,153222,523222,11668,114588,4.144135724242808,0.17965851899468493
2823,0.2829,20,112,20,153334,523110,11688,114568,4.143248637688506,0.17966434470061693
2824,0.283,10,143,10,153477,522967,11698,114558,4.142116018248638,0.17969177679306694
2825,0.2831,4,36,4,153513,522931,11702,114554,4.141830883284754,0.17969677717907087
2826,0.2832,9,82,9,153595,522849,11711,114545,4.141181409200355,0.17970831228408174
2827,0.2833,4,77,4,153672,522772,11715,114541,4.140571537194272,0.17972487615975197
2828,0.2834,7,83,7,153755,522689,11722,114534,4.1399141426942085,0.17973927494770275
2829,0.2835,4,25,4,153780,522664,11726,114530,4.139716132302623,0.17974117772609283
2830,0.2836,6,56,6,153836,522608,11732,114524,4.139272589025472,0.17974925133253392
2831,0.2837,6,124,6,153960,522484,11738,114518,4.138290457483209,0.17977651561533559
2832,0.2838,3,36,3,153996,522448,11741,114515,4.138005322519326,0.179782813130433
2833,0.2839,15,128,15,154124,522320,11756,114500,4.1369915093144085,0.1797996294086241
2834,0.284,10,99,10,154223,522221,11766,114490,4.136207388163731,0.17981470400228675
2835,0.2841,4,39,4,154262,522182,11770,114486,4.135898491952858,0.17982056582080455
2836,0.2842,14,379,14,154641,521803,11784,114472,4.132896654416424,0.17990963026993045
2837,0.2843,4,20,4,154661,521783,11788,114468,4.132738246103155,0.1799101298072616
2838,0.2844,19,307,19,154968,521476,11807,114449,4.130306678494487,0.17997248103156818
2839,0.2845,11,103,11,155071,521373,11818,114438,4.129490875681156,0.17998744910044023
2840,0.2846,9,77,9,155148,521296,11827,114429,4.1288810036750725,0.17999764048920525
2841,0.2847,10,166,10,155314,521130,11837,114419,4.127566214674946,0.1800317520757644
2842,0.2848,9,108,9,155422,521022,11846,114410,4.126710809783297,0.18005073713631042
2843,0.2849,7,128,7,155550,520894,11853,114403,4.12569699657838,0.18007797927583477
2844,0.285,7,55,7,155605,520839,11860,114396,4.125261373716893,0.1800845356442891
2845,0.2851,6,50,6,155655,520789,11866,114390,4.124865352933722,0.1800909664834637
2846,0.2852,5,37,5,155692,520752,11871,114385,4.124572297554176,0.18009500312530996
2847,0.2853,14,148,14,155840,520604,11885,114371,4.12340007603599,0.18011890231898894
2848,0.2854,6,89,6,155929,520515,11891,114365,4.122695159041947,0.18013640372983872
2849,0.2855,6,63,6,155992,520452,11897,114359,4.122196172855151,0.18014653180237897
2850,0.2856,9,93,9,156085,520359,11906,114350,4.121459574198454,0.18016130226607785
2851,0.2857,24,218,24,156303,520141,11930,114326,4.11973292358383,0.1801921928169629
2852,0.2858,1,61,1,156364,520080,11931,114325,4.119249778228362,0.18020822660603242
2853,0.2859,7,81,7,156445,519999,11938,114318,4.118608224559625,0.1802221917432451
2854,0.286,12,183,12,156628,519816,11950,114306,4.11715878849322,0.18025868839119286
2855,0.2861,5,48,5,156676,519768,11955,114301,4.1167786085413764,0.18026587011823633
2856,0.2862,8,153,8,156829,519615,11963,114293,4.115566784944874,0.1802990339292137
2857,0.2863,1,55,1,156884,519560,11964,114292,4.115131162083386,0.18031338545906617
2858,0.2864,5,55,5,156939,519505,11969,114287,4.1146955392218985,0.18032256639402203
2859,0.2865,7,52,7,156991,519453,11976,114280,4.114283677607401,0.18032830860946172
2860,0.2866,16,133,16,157124,519320,11992,114264,4.1132302623241666,0.18034546326927448
2861,0.2867,8,56,8,157180,519264,12000,114256,4.1127867190470155,0.1803510544260639
2862,0.2868,8,62,8,157242,519202,12008,114248,4.112295653275884,0.18035835503986108
2863,0.2869,6,64,6,157306,519138,12014,114242,4.111788746673425,0.18036881492942625
2864,0.287,8,153,8,157459,518985,12022,114234,4.110576923076923,0.18040204100003315
2865,0.2871,7,62,7,157521,518923,12029,114227,4.1100858573057915,0.18041064518676458
2866,0.2872,7,66,7,157587,518857,12036,114220,4.109563109872006,0.18042039120043848
2867,0.2873,7,70,7,157657,518787,12043,114213,4.109008680775567,0.1804312796208531
2868,0.2874,7,58,7,157715,518729,12050,114206,4.108549296667089,0.18043874963463863
2869,0.2875,4,45,4,157760,518684,12054,114202,4.108192877962235,0.18044639950954833
2870,0.2876,4,54,4,157814,518630,12058,114198,4.107765175516411,0.18045661696385115
2871,0.2877,17,145,17,157959,518485,12075,114181,4.106616715245216,0.18047595413693798
2872,0.2878,7,42,7,158001,518443,12082,114174,4.106284057787352,0.18047886794063392
2873,0.2879,11,108,11,158109,518335,12093,114163,4.105428652895704,0.1804954323966242
2874,0.288,6,35,6,158144,518300,12099,114157,4.105151438347485,0.18049764648031408
2875,0.2881,6,75,6,158219,518225,12105,114151,4.104557407172728,0.18051127810037065
2876,0.2882,4,40,4,158259,518185,12109,114147,4.104240590546192,0.18051751295205684
2877,0.2883,15,204,15,158463,517981,12124,114132,4.102624825750856,0.1805563245812062
2878,0.2884,5,63,5,158526,517918,12129,114127,4.10212583956406,0.18056783931523862
2879,0.2885,3,112,3,158638,517806,12132,114124,4.101238753009758,0.18059595208330037
2880,0.2886,29,201,29,158839,517605,12161,114095,4.099646749461412,0.18061579863859428
2881,0.2887,8,45,8,158884,517560,12169,114087,4.099290330756558,0.18061828837942712
2882,0.2888,6,55,6,158939,517505,12175,114081,4.09885470789507,0.18062623300706476
2883,0.2889,5,60,5,158999,517445,12180,114076,4.0983794829552656,0.18063690676952943
2884,0.289,4,31,4,159030,517414,12184,114072,4.0981339500697,0.18064058427265212
2885,0.2891,5,36,5,159066,517378,12189,114067,4.0978488151058166,0.18064439499877266
2886,0.2892,4,79,4,159145,517299,12193,114063,4.097223102268407,0.18066180733081813
2887,0.2893,10,189,10,159334,517110,12203,114053,4.0957261437080215,0.18070292460109352
2888,0.2894,13,70,13,159404,517040,12216,114040,4.095171714611583,0.18070609114533814
2889,0.2895,14,151,14,159555,516889,12230,114026,4.093975731846407,0.1807311602989309
2890,0.2896,3,54,3,159609,516835,12233,114023,4.093548029400583,0.18074273449809625
2891,0.2897,8,90,8,159699,516745,12241,114015,4.092835191990876,0.18075813304584945
2892,0.2898,9,94,9,159793,516651,12250,114006,4.0920906729185145,0.18077338394721695
2893,0.2899,9,115,9,159908,516536,12259,113997,4.091179825117222,0.18079466102487896
2894,0.29,7,85,7,159993,516451,12266,113990,4.090506589785832,0.18080994097782346
2895,0.2901,5,27,5,160020,516424,12271,113985,4.09029273856292,0.18081118765753662
2896,0.2902,10,56,10,160076,516368,12281,113975,4.089849195285769,0.18081425509603502
2897,0.2903,16,88,16,160164,516280,12297,113959,4.089152198707388,0.18081870528482052
2898,0.2904,8,57,8,160221,516223,12305,113951,4.088700735014574,0.18082466112533999
2899,0.2905,5,63,5,160284,516160,12310,113946,4.088201748827778,0.1808362402516402
2900,0.2906,4,72,4,160356,516088,12314,113942,4.087631478900013,0.18085170547434248
2901,0.2907,18,88,18,160444,516000,12332,113924,4.086934482321632,0.1808535632869997
2902,0.2908,12,126,12,160570,515874,12344,113912,4.085936509948042,0.18087413819932485
2903,0.2909,15,182,15,160752,515692,12359,113897,4.084494994297301,0.18090690911054672
2904,0.291,7,110,7,160862,515582,12366,113890,4.083623748574325,0.1809294138579635
2905,0.2911,11,130,11,160992,515452,12377,113879,4.082594094538082,0.18095247175174908
2906,0.2912,12,85,12,161077,515367,12389,113867,4.081920859206691,0.18096129579774775
2907,0.2913,5,97,5,161174,515270,12394,113862,4.08115257888734,0.1809826872579999
2908,0.2914,14,87,14,161261,515183,12408,113848,4.080463502724623,0.18098949018410856
2909,0.2915,7,60,7,161321,515123,12415,113841,4.079988277784818,0.1809976405644838
2910,0.2916,2,43,2,161364,515080,12417,113839,4.079647699911291,0.1810074111292551
2911,0.2917,7,86,7,161450,514994,12424,113832,4.0789665441642375,0.18102304930139657
2912,0.2918,15,148,15,161598,514846,12439,113817,4.077794322646053,0.18104612487135396
2913,0.2919,7,67,7,161665,514779,12446,113810,4.077263654796604,0.18105630228973144
2914,0.292,10,128,10,161793,514651,12456,113800,4.076249841591687,0.1810801478556005
2915,0.2921,9,88,9,161881,514563,12465,113791,4.0755528450133065,0.18109377834787396
2916,0.2922,7,80,7,161961,514483,12472,113784,4.074919211760233,0.18110771375864082
2917,0.2923,12,96,12,162057,514387,12484,113772,4.074158851856545,0.18111974834397024
2918,0.2924,17,118,17,162175,514269,12501,113755,4.073224242808263,0.18113161280460618
2919,0.2925,7,87,7,162262,514182,12508,113748,4.072535166645546,0.1811475801442836
2920,0.2926,8,75,8,162337,514107,12516,113740,4.071941135470789,0.18115878550028908
2921,0.2927,8,58,8,162395,514049,12524,113732,4.071481751362311,0.18116508782521293
2922,0.2928,9,77,9,162472,513972,12533,113723,4.070871879356228,0.18117557093811484
2923,0.2929,8,80,8,162552,513892,12541,113715,4.070238246103155,0.18118822766476472
2924,0.293,3,40,3,162592,513852,12544,113712,4.069921429476619,0.18119586209534008
2925,0.2931,29,264,29,162856,513588,12573,113683,4.067830439741478,0.18123426716682264
2926,0.2932,3,23,3,162879,513565,12576,113680,4.067648270181219,0.1812369967078255
2927,0.2933,3,44,3,162923,513521,12579,113677,4.067299771892029,0.18124579478888644
2928,0.2934,21,203,21,163126,513318,12600,113656,4.065691927512356,0.18127705455090642
2929,0.2935,7,49,7,163175,513269,12607,113649,4.065303827144849,0.18128208154814504
2930,0.2936,14,80,14,163255,513189,12621,113635,4.064670193891775,0.18128693221701786
2931,0.2937,9,64,9,163319,513125,12630,113626,4.0641632872893165,0.18129368760480638
2932,0.2938,1,56,1,163375,513069,12631,113625,4.0637197440121655,0.18130858122145735
2933,0.2939,1,48,1,163423,513021,12632,113624,4.063339564060322,0.1813211626997742
2934,0.294,16,58,16,163481,512963,12648,113608,4.0628801799518435,0.1813170414845245
2935,0.2941,7,77,7,163558,512886,12655,113601,4.062270307945761,0.181330179237558
2936,0.2942,6,53,6,163611,512833,12661,113595,4.0618505259156,0.18133767966949116
2937,0.2943,4,50,4,163661,512783,12665,113591,4.06145450513243,0.18134692691586815
2938,0.2944,7,100,7,163761,512683,12672,113584,4.0606624635660875,0.18136673335813638
2939,0.2945,10,61,10,163822,512622,12682,113574,4.060179318210619,0.1813713278270701
2940,0.2946,8,89,8,163911,512533,12690,113566,4.059474401216576,0.1813866497151409
2941,0.2947,4,112,4,164023,512421,12694,113562,4.058587314662273,0.1814138722617068
2942,0.2948,3,65,3,164088,512356,12697,113559,4.058072487644152,0.18142878825399614
2943,0.2949,4,63,4,164151,512293,12701,113555,4.057573501457356,0.18144181973897816
2944,0.295,9,45,9,164196,512248,12710,113546,4.057217082752503,0.18144309469250264
2945,0.2951,9,110,9,164306,512138,12719,113537,4.056345837029527,0.1814632197226995
2946,0.2952,9,49,9,164355,512089,12728,113528,4.05595773666202,0.18146565710330761
2947,0.2953,10,154,10,164509,511935,12738,113518,4.054737992649854,0.1814972507926255
2948,0.2954,8,117,8,164626,511818,12746,113510,4.053811304017235,0.18152073791674128
2949,0.2955,6,42,6,164668,511776,12752,113504,4.0534786465593715,0.181525076765609
2950,0.2956,9,89,9,164757,511687,12761,113495,4.052773729565327,0.18153913580365397
2951,0.2957,10,174,10,164931,511513,12771,113485,4.0513955772398935,0.18157658104505933
2952,0.2958,10,84,10,165015,511429,12781,113475,4.0507302623241666,0.18158789190019586
2953,0.2959,19,119,19,165134,511310,12800,113456,4.049787732860221,0.18159759013774757
2954,0.296,6,48,6,165182,511262,12806,113450,4.049407552908376,0.18160368297711585
2955,0.2961,12,62,12,165244,511200,12818,113438,4.048916487137245,0.18160598618719961
2956,0.2962,13,133,13,165377,511067,12831,113425,4.047863071854011,0.1816276269351729
2957,0.2963,14,85,14,165462,510982,12845,113411,4.04718983652262,0.1816340029436589
2958,0.2964,6,102,6,165564,510880,12851,113405,4.046381954124953,0.18165581425150373
2959,0.2965,12,100,12,165664,510780,12863,113393,4.0455899125586114,0.18166918466514892
2960,0.2966,9,69,9,165733,510711,12872,113384,4.045043403877836,0.18167746897507592
2961,0.2967,8,82,8,165815,510629,12880,113376,4.0443939297934355,0.1816908518361231
2962,0.2968,2,45,2,165860,510584,12882,113374,4.044037511088582,0.1817013324614798
2963,0.2969,7,47,7,165907,510537,12889,113367,4.043665251552402,0.18170583935990153
2964,0.297,14,75,14,165982,510462,12903,113353,4.043071220377645,0.181709320872374
2965,0.2971,15,163,15,166145,510299,12918,113338,4.0417801926245085,0.18173713233820316
2966,0.2972,13,60,13,166205,510239,12931,113325,4.041304967684704,0.18173756021835769
2967,0.2973,11,87,11,166292,510152,12942,113314,4.040615891521987,0.18174848347784803
2968,0.2974,14,145,14,166437,510007,12956,113300,4.039467431250792,0.1817723850365871
2969,0.2975,17,102,17,166539,509905,12973,113283,4.038659548853124,0.1817798160426709
2970,0.2976,5,51,5,166590,509854,12978,113278,4.03825560765429,0.1817881283580365
2971,0.2977,8,53,8,166643,509801,12986,113270,4.0378358256241285,0.1817930861811896
2972,0.2978,5,50,5,166693,509751,12991,113265,4.037439804840958,0.18180110944181208
2973,0.2979,10,109,10,166802,509642,13001,113255,4.036576479533646,0.18181978722003797
2974,0.298,8,72,8,166874,509570,13009,113247,4.03600620960588,0.18183029686087568
2975,0.2981,19,178,19,167052,509392,13028,113228,4.0345963756177925,0.1818573126465581
2976,0.2982,4,69,4,167121,509323,13032,113224,4.034049866937017,0.18187221205788479
2977,0.2983,8,46,8,167167,509277,13040,113216,4.0336855278165,0.18187513755174756
2978,0.2984,4,75,4,167242,509202,13044,113212,4.0330914966417435,0.18189179549303197
2979,0.2985,5,40,5,167282,509162,13049,113207,4.032774680015208,0.18189691324600035
2980,0.2986,4,43,4,167325,509119,13053,113203,4.03243410214168,0.18190422321563435
2981,0.2987,11,96,11,167421,509023,13064,113192,4.0316737422379925,0.18191782583190697
2982,0.2988,6,38,6,167459,508985,13070,113186,4.031372766442783,0.181921047429083
2983,0.2989,16,197,16,167656,508788,13086,113170,4.02981244455709,0.1819576241482544
2984,0.299,4,56,4,167712,508732,13090,113166,4.029368901279939,0.1819687472865325
2985,0.2991,4,74,4,167786,508658,13094,113162,4.028782790520847,0.18198514039432634
2986,0.2992,6,46,6,167832,508612,13100,113156,4.02841845140033,0.18199071036142098
2987,0.2993,11,85,11,167917,508527,13111,113145,4.027745216068939,0.18200111956144077
2988,0.2994,14,128,14,168045,508399,13125,113131,4.026731402864022,0.18202017601724776
2989,0.2995,15,192,15,168237,508207,13140,113116,4.025210683056647,0.18205667583527407
2990,0.2996,9,57,9,168294,508150,13149,113107,4.024759219363832,0.18206153009141143
2991,0.2997,3,58,3,168352,508092,13152,113104,4.024299835255354,0.18207457871589644
2992,0.2998,6,85,6,168437,508007,13158,113098,4.023626599923964,0.18209159481891146
2993,0.2999,3,49,3,168486,507958,13161,113095,4.023238499556457,0.18210201061745132
2994,0.3,4,50,4,168536,507908,13165,113091,4.022842478773286,0.1821114043661906
2995,0.3001,23,98,23,168634,507810,13188,113068,4.022066278038271,0.18210985088858037
2996,0.3002,12,96,12,168730,507714,13200,113056,4.021305918134583,0.18212220307038032
2997,0.3003,9,96,9,168826,507618,13209,113047,4.0205455582308955,0.18213851272425544
2998,0.3004,5,38,5,168864,507580,13214,113042,4.020244582435686,0.18214307581748632
2999,0.3005,8,56,8,168920,507524,13222,113034,4.019801039158535,0.18214896915356824
3000,0.3006,8,108,8,169028,507416,13230,113026,4.018945634266887,0.1821701303264447
3001,0.3007,7,73,7,169101,507343,13237,113019,4.018367443923457,0.18218233869901768
3002,0.3008,12,87,12,169188,507256,13249,113007,4.01767836776074,0.18219207013798985
3003,0.3009,11,117,11,169305,507139,13260,112996,4.016751679128121,0.18221193772323768
3004,0.301,22,323,22,169628,506816,13282,112974,4.014193384868838,0.1822778683102341
3005,0.3011,15,126,15,169754,506690,13297,112959,4.013195412495247,0.1822951380539628
3006,0.3012,8,94,8,169848,506596,13305,112951,4.012450893422887,0.1823122378124662
3007,0.3013,3,101,3,169949,506495,13308,112948,4.011650931440882,0.1823380036581251
3008,0.3014,15,76,15,170025,506419,13323,112933,4.011048979850463,0.18234057531097017
3009,0.3015,25,153,25,170178,506266,13348,112908,4.00983715625396,0.18235261816549145
3010,0.3016,14,95,14,170273,506171,13362,112894,4.009084716765936,0.18236211060227925
3011,0.3017,8,117,8,170390,506054,13370,112886,4.008158028133316,0.1823860147994959
3012,0.3018,19,122,19,170512,505932,13389,112867,4.00719173742238,0.1823968687732204
3013,0.3019,8,66,8,170578,505866,13397,112859,4.0066689899885946,0.182405753767829
3014,0.302,9,57,9,170635,505809,13406,112850,4.00621752629578,0.1824106656494127
3015,0.3021,13,99,13,170734,505710,13419,112837,4.005433405145102,0.182422677662328
3016,0.3022,24,202,24,170936,505508,13443,112813,4.0038334811810925,0.1824505394447221
3017,0.3023,12,103,12,171039,505405,13455,112801,4.003017678367761,0.18246506827821146
3018,0.3024,14,153,14,171192,505252,13469,112787,4.001805854771258,0.1824917197782017
3019,0.3025,15,98,15,171290,505154,13484,112772,4.001029654036244,0.18250081724996198
3020,0.3026,10,62,10,171352,505092,13494,112762,4.000538588265112,0.1825058994519741
3021,0.3027,3,121,3,171473,504971,13497,112759,3.999580217969839,0.18253767827367945
3022,0.3028,2,21,2,171494,504950,13499,112757,3.9994138892409072,0.18254123718850523
3023,0.3029,27,280,27,171774,504670,13526,112730,3.9971961728551513,0.18258827340459993
3024,0.303,7,150,7,171924,504520,13533,112723,3.9960081105056395,0.18262337523471306
3025,0.3031,18,204,18,172128,504316,13551,112705,3.994392345710303,0.18265990946823527
3026,0.3032,6,68,6,172196,504248,13557,112699,3.9938537574451907,0.18267209338889726
3027,0.3033,3,63,3,172259,504185,13560,112696,3.9933547712583954,0.18268677427250962
3028,0.3034,2,47,2,172306,504138,13562,112694,3.9929825117222153,0.18269804420004152
3029,0.3035,7,86,7,172392,504052,13569,112687,3.9923013559751617,0.18271424378870155
3030,0.3036,10,71,10,172463,503981,13579,112677,3.9917390064630593,0.18272202744471003
3031,0.3037,5,89,5,172552,503892,13584,112672,3.9910340894690153,0.1827417753874699
3032,0.3038,7,60,7,172612,503832,13591,112665,3.9905588645292105,0.18275028102326532
3033,0.3039,4,40,4,172652,503792,13595,112661,3.990242047902674,0.1827568362876002
3034,0.304,7,103,7,172755,503689,13602,112654,3.989426245089342,0.18277809596279992
3035,0.3041,9,123,9,172878,503566,13611,112645,3.9884520339627425,0.18280264389957335
3036,0.3042,12,62,12,172940,503504,13623,112633,3.9879609681916106,0.18280512288663073
3037,0.3043,27,295,27,173235,503209,13650,112606,3.9856244455709033,0.18285686448040403
3038,0.3044,7,79,7,173314,503130,13657,112599,3.984998732733494,0.18287103579659233
3039,0.3045,11,129,11,173443,503001,13668,112588,3.9839769991129135,0.18289475607913722
3040,0.3046,10,106,10,173549,502895,13678,112578,3.9831374350525914,0.1829129791233734
3041,0.3047,11,135,11,173684,502760,13689,112567,3.9820681789380306,0.18293850261730754
3042,0.3048,6,82,6,173766,502678,13695,112561,3.9814187048536307,0.18295491670716582
3043,0.3049,6,36,6,173802,502642,13701,112555,3.9811335698897476,0.18295765421482874
3044,0.305,7,45,7,173847,502597,13708,112548,3.980777151184894,0.1829617407277959
3045,0.3051,16,95,16,173942,502502,13724,112532,3.9800247116968697,0.18296874644328606
3046,0.3052,8,68,8,174010,502434,13732,112524,3.979486123431758,0.18297834974095792
3047,0.3053,13,71,13,174081,502363,13745,112511,3.9789237739196555,0.18298220448417074
3048,0.3054,5,57,5,174138,502306,13750,112506,3.9784723102268407,0.18299252454408826
3049,0.3055,7,80,7,174218,502226,13757,112499,3.9778386769737675,0.18300703566635487
3050,0.3056,4,91,4,174309,502135,13761,112495,3.9771179191483967,0.1830288140832696
3051,0.3057,9,58,9,174367,502077,13770,112486,3.976658535039919,0.18303412343404987
3052,0.3058,11,104,11,174471,501973,13781,112475,3.9758348118109237,0.1830504778272531
3053,0.3059,13,77,13,174548,501896,13794,112462,3.975224939804841,0.18305613339453544
3054,0.306,9,132,9,174680,501764,13803,112453,3.9741794449372705,0.18308350306162155
3055,0.3061,2,75,2,174755,501689,13805,112451,3.9735854137625144,0.18310320122447651
3056,0.3062,4,61,4,174816,501628,13809,112447,3.973102268407046,0.18311606888409396
3057,0.3063,7,130,7,174946,501498,13816,112440,3.972072614370802,0.18314552935312686
3058,0.3064,6,67,6,175013,501431,13822,112434,3.9715419465213535,0.18315753463709447
3059,0.3065,6,81,6,175094,501350,13828,112428,3.970900392852617,0.18317372079155655
3060,0.3066,8,80,8,175174,501270,13836,112420,3.970266759599544,0.18318695106649938
3061,0.3067,11,82,11,175256,501188,13847,112409,3.969617285515144,0.18319678877178344
3062,0.3068,8,95,8,175351,501093,13855,112401,3.9688648460271194,0.18321450576533757
3063,0.3069,7,86,7,175437,501007,13862,112394,3.968183690280066,0.18323087181142514
3064,0.307,21,242,21,175679,500765,13883,112373,3.9662669496895195,0.1832752169984571
3065,0.3071,35,161,35,175840,500604,13918,112338,3.9649917627677103,0.1832767211253267
3066,0.3072,10,64,10,175904,500540,13928,112328,3.9644848561652517,0.18328253392247595
3067,0.3073,19,96,19,176000,500444,13947,112309,3.963724496261564,0.18328592434471966
3068,0.3074,5,63,5,176063,500381,13952,112304,3.9632255100747686,0.18329810587822454
3069,0.3075,6,48,6,176111,500333,13958,112298,3.9628453301229247,0.18330446875851858
3070,0.3076,13,90,13,176201,500243,13971,112285,3.9621324927132178,0.18331406890787033
3071,0.3077,10,144,10,176345,500099,13981,112275,3.960991952857686,0.18334383889583816
3072,0.3078,6,133,6,176478,499966,13987,112269,3.959938537574452,0.18337566457324395
3073,0.3079,36,312,36,176790,499654,14023,112233,3.9574673678874666,0.18342112187381004
3074,0.308,8,91,8,176881,499563,14031,112225,3.9567466100620963,0.183437726794249
3075,0.3081,15,144,15,177025,499419,14046,112210,3.9556060702065645,0.1834608888721758
3076,0.3082,28,174,28,177199,499245,14074,112182,3.9542279178811306,0.18347570519456943
3077,0.3083,14,90,14,177289,499155,14088,112168,3.953515080471423,0.18348401745067663
3078,0.3084,9,86,9,177375,499069,14097,112159,3.9528339247243696,0.1834978109641574
3079,0.3085,5,41,5,177416,499028,14102,112154,3.9525091876821694,0.18350344087358594
3080,0.3086,3,43,3,177459,498985,14105,112151,3.9521686098086426,0.18351234422452614
3081,0.3087,3,42,3,177501,498943,14108,112148,3.9518359523507796,0.18352094859849025
3082,0.3088,2,29,2,177530,498914,14110,112146,3.9516062602965403,0.18352698589336564
3083,0.3089,6,88,6,177618,498826,14116,112140,3.95090926371816,0.18354540187178991
3084,0.309,3,45,3,177663,498781,14119,112137,3.9505528450133065,0.18355491244324115
3085,0.3091,17,137,17,177800,498644,14136,112120,3.9494677480674185,0.18357336057789916
3086,0.3092,12,118,12,177918,498526,14148,112108,3.9485331390191356,0.1835927904440303
3087,0.3093,16,102,16,178020,498424,14164,112092,3.9477252566214673,0.18360206775907592
3088,0.3094,7,67,7,178087,498357,14171,112085,3.947194588772019,0.18361285756877804
3089,0.3095,1,14,1,178101,498343,14172,112084,3.947083702952731,0.18361573128318373
3090,0.3096,4,85,4,178186,498258,14176,112080,3.946410467621341,0.18363595253777415
3091,0.3097,3,60,3,178246,498198,14179,112077,3.9459352426815357,0.1836499938552292
3092,0.3098,5,96,5,178342,498102,14184,112072,3.9451748827778483,0.18367219842208943
3093,0.3099,30,191,30,178533,497911,14214,112042,3.943662083386136,0.1836895629663269
3094,0.31,9,84,9,178617,497827,14223,112033,3.9429967684704095,0.1837028170399764
3095,0.3101,12,42,12,178659,497785,14235,112021,3.942664111012546,0.18369940604060964
3096,0.3102,5,92,5,178751,497693,14240,112016,3.941935432771512,0.1837204305660569
3097,0.3103,9,71,9,178822,497622,14249,112007,3.9413730832594096,0.1837297766346417
3098,0.3104,7,63,7,178885,497559,14256,112000,3.9408740970726144,0.18373939192104455
3099,0.3105,6,24,6,178909,497535,14262,111994,3.9406840070966926,0.1837385916010559
3100,0.3106,20,183,20,179092,497352,14282,111974,3.939234571030288,0.1837669818783377
3101,0.3107,11,93,11,179185,497259,14293,111963,3.93849797237359,0.183780296837606
3102,0.3108,9,137,9,179322,497122,14302,111954,3.9374128754277025,0.18380957384628518
3103,0.3109,7,87,7,179409,497035,14309,111947,3.9367237992649855,0.18382645135652614
3104,0.311,3,39,3,179448,496996,14312,111944,3.9364149030541125,0.1838342036982297
3105,0.3111,3,29,3,179477,496967,14315,111941,3.936185210999873,0.18383893790194905
3106,0.3112,6,49,6,179526,496918,14321,111935,3.935797110632366,0.1838456901748041
3107,0.3113,22,140,22,179666,496778,14343,111913,3.934688252439488,0.18385847663264285
3108,0.3114,13,88,13,179754,496690,14356,111900,3.9339912558611076,0.18386762845265286
3109,0.3115,15,137,15,179891,496553,14371,111885,3.9329061589152197,0.1838889089767569
3110,0.3116,16,106,16,179997,496447,14387,111869,3.932066594854898,0.1838994864511208
3111,0.3117,8,68,8,180065,496379,14395,111861,3.9315280065897857,0.18390931211363934
3112,0.3118,21,126,21,180191,496253,14416,111840,3.9305300342161957,0.18391923603790866
3113,0.3119,14,83,14,180274,496170,14430,111826,3.929872639716132,0.1839255521417904
3114,0.312,8,81,8,180355,496089,14438,111818,3.9292310860473956,0.18393931966567253
3115,0.3121,12,111,12,180466,495978,14450,111806,3.928351919908757,0.18395680044226237
3116,0.3122,3,45,3,180511,495933,14453,111803,3.9279955012039034,0.18396639330235498
3117,0.3123,5,75,5,180586,495858,14458,111798,3.9274014700291473,0.18398238477033058
3118,0.3124,5,37,5,180623,495821,14463,111793,3.927108414649601,0.18398687324518526
3119,0.3125,9,92,9,180715,495729,14472,111784,3.926379736408567,0.18400264685693968
3120,0.3126,5,53,5,180768,495676,14477,111779,3.925959954378406,0.18401198442682998
3121,0.3127,5,55,5,180823,495621,14482,111774,3.925524331516918,0.18402192971624726
3122,0.3128,15,88,15,180911,495533,14497,111759,3.9248273349385374,0.18402844101354868
3123,0.3129,17,129,17,181040,495404,14514,111742,3.923805601317957,0.18404469435687626
3124,0.313,18,172,18,181212,495232,14532,111724,3.92244328982385,0.1840726510653161
3125,0.3131,10,57,10,181269,495175,14542,111714,3.9219918261310354,0.1840764950427508
3126,0.3132,20,145,20,181414,495030,14562,111694,3.9208433658598403,0.1840935911551216
3127,0.3133,10,61,10,181475,494969,14572,111684,3.920360220504372,0.18409865277184817
3128,0.3134,11,115,11,181590,494854,14583,111673,3.9194493727030792,0.18411876140715913
3129,0.3135,6,110,6,181700,494744,14589,111667,3.918578126980104,0.18414408709604543
3130,0.3136,6,57,6,181757,494687,14595,111661,3.9181266632872895,0.18415332449352517
3131,0.3137,8,64,8,181821,494623,14603,111653,3.917619756684831,0.18416199882561737
3132,0.3138,9,111,9,181932,494512,14612,111644,3.916740590546192,0.18418360949986473
3133,0.3139,12,74,12,182006,494438,14624,111632,3.916154479787099,0.18418994505585162
3134,0.314,1,53,1,182059,494385,14625,111631,3.9157346977569385,0.18420470746646952
3135,0.3141,6,60,6,182119,494325,14631,111625,3.9152594728171333,0.18421486921363148
3136,0.3142,31,212,31,182331,494113,14662,111594,3.9135803446964896,0.18423759342388316
3137,0.3143,5,103,5,182434,494010,14667,111589,3.912764541883158,0.1842621932995266
3138,0.3144,11,71,11,182505,493939,14678,111578,3.9122021923710557,0.1842689800616663
3139,0.3145,18,149,18,182654,493790,14696,111560,3.911022050437207,0.18429008011893946
3140,0.3146,10,81,10,182735,493709,14706,111550,3.9103804967684703,0.1843012660695669
3141,0.3147,10,62,10,182797,493647,14716,111540,3.909889430997339,0.1843066688478107
3142,0.3148,5,84,5,182881,493563,14721,111535,3.909224116081612,0.18432551421422647
3143,0.3149,16,113,16,182994,493450,14737,111519,3.908329109111646,0.18433837105702938
3144,0.315,3,37,3,183031,493413,14740,111516,3.9080360537320997,0.18434560088869933
3145,0.3151,1,32,1,183063,493381,14741,111515,3.9077826004308704,0.1843540046553457
3146,0.3152,11,129,11,183192,493252,14752,111504,3.90676086681029,0.18437849314434251
3147,0.3153,9,89,9,183281,493163,14761,111495,3.9060559498162464,0.18439349185820744
3148,0.3154,5,95,5,183376,493068,14766,111490,3.905303510328222,0.18441572189930494
3149,0.3155,6,85,6,183461,492983,14772,111484,3.904630274996832,0.18443355882124252
3150,0.3156,1,21,1,183482,492962,14773,111483,3.9044639462679003,0.18443861724391797
3151,0.3157,10,67,10,183549,492895,14783,111473,3.9039332784184513,0.18444556958674185
3152,0.3158,8,82,8,183631,492813,14791,111465,3.9032838043340514,0.1844598016144887
3153,0.3159,9,97,9,183728,492716,14800,111456,3.9025155240147003,0.1844772680627371
3154,0.316,14,124,14,183852,492592,14814,111442,3.901533392472437,0.18449623696679326
3155,0.3161,12,38,12,183890,492554,14826,111430,3.901232416677227,0.1844916421627063
3156,0.3162,3,53,3,183943,492501,14829,111427,3.900812634647066,0.18450378190777708
3157,0.3163,6,60,6,184003,492441,14835,111421,3.9003374097072614,0.184514011479444
3158,0.3164,15,102,15,184105,492339,14850,111406,3.899529527309593,0.18452492360185177
3159,0.3165,12,58,12,184163,492281,14862,111394,3.899070143201115,0.1845264422081418
3160,0.3166,7,103,7,184266,492178,14869,111387,3.8982543403877834,0.18454847448079328
3161,0.3167,7,68,7,184334,492110,14876,111380,3.8977157521226715,0.18455981043596414
3162,0.3168,8,94,8,184428,492016,14884,111372,3.8969712330503103,0.1845777509662108
3163,0.3169,9,78,9,184506,491938,14893,111363,3.8963534406285643,0.18458945037385982
3164,0.317,22,123,22,184629,491815,14915,111341,3.8953792295019642,0.1845973512656759
3165,0.3171,11,84,11,184713,491731,14926,111330,3.8947139145862373,0.18460819054788818
3166,0.3172,13,151,13,184864,491580,14939,111317,3.8935179318210618,0.18463684509957753
3167,0.3173,7,49,7,184913,491531,14946,111310,3.8931298314535545,0.18464238497381566
3168,0.3174,2,75,2,184988,491456,14948,111308,3.8925358002787984,0.1846626540403873
3169,0.3175,28,115,28,185103,491341,14976,111280,3.891624952477506,0.18466001018882514
3170,0.3176,13,111,13,185214,491230,14989,111267,3.8907457863388673,0.18467643822292892
3171,0.3177,7,78,7,185292,491152,14996,111260,3.8901279939171207,0.18469087601176604
3172,0.3178,4,30,4,185322,491122,15000,111256,3.8898903814472185,0.1846946601635518
3173,0.3179,6,41,6,185363,491081,15006,111250,3.8895656444050184,0.1846991106219006
3174,0.318,11,103,11,185466,490978,15017,111239,3.888749841591687,0.18471580842121693
3175,0.3181,14,93,14,185559,490885,15031,111225,3.8880132429349894,0.18472538240520836
3176,0.3182,8,89,8,185648,490796,15039,111217,3.8873083259409453,0.1847418577339692
3177,0.3183,4,72,4,185720,490724,15043,111213,3.8867380560131797,0.1847585378536292
3178,0.3184,16,98,16,185818,490626,15059,111197,3.885961855278165,0.18476694975100652
3179,0.3185,16,225,16,186043,490401,15075,111181,3.884179761753897,0.1848143727704619
3180,0.3186,12,87,12,186130,490314,15087,111169,3.88349068559118,0.18482484126733423
3181,0.3187,4,61,4,186191,490253,15091,111165,3.8830075402357114,0.18483816580148915
3182,0.3188,1,64,1,186255,490189,15092,111164,3.8825006336332533,0.18485648196649887
3183,0.3189,12,78,12,186333,490111,15104,111152,3.8818828412115067,0.1848641942045328
3184,0.319,10,137,10,186470,489974,15114,111142,3.880797744265619,0.18489276612168035
3185,0.3191,3,93,3,186563,489881,15117,111139,3.8800611456089213,0.18491730724435126
3186,0.3192,7,60,7,186623,489821,15124,111132,3.8795859206691166,0.18492627543252135
3187,0.3193,19,124,19,186747,489697,15143,111113,3.878603789126853,0.18493866613405235
3188,0.3194,11,113,11,186860,489584,15154,111102,3.8777087821568874,0.18495853074651317
3189,0.3195,14,98,14,186958,489486,15168,111088,3.876932581421873,0.18496971230855816
3190,0.3196,12,93,12,187051,489393,15180,111076,3.8761959827651755,0.18498207234678227
3191,0.3197,14,126,14,187177,489267,15194,111062,3.8751980103915855,0.18500189062997124
3192,0.3198,20,118,20,187295,489149,15214,111042,3.8742634013433026,0.18501110479830588
3193,0.3199,11,76,11,187371,489073,15225,111031,3.873661449752883,0.18501959660325543
3194,0.32,16,244,16,187615,488829,15241,111015,3.87172886833101,0.18507311901094284
3195,0.3201,9,94,9,187709,488735,15250,111006,3.870984349258649,0.18508989713893165
3196,0.3202,18,170,18,187879,488565,15268,110988,3.8696378785958685,0.18511791284506957
3197,0.3203,19,228,19,188107,488337,15287,110969,3.86783202382461,0.18516250463035577
3198,0.3204,10,45,10,188152,488292,15297,110959,3.8674756051197567,0.18516281157645126
3199,0.3205,11,128,11,188280,488164,15308,110948,3.8664617919148396,0.18518741070117106
3200,0.3206,5,111,5,188391,488053,15313,110943,3.865582625776201,0.18521492631002545
3201,0.3207,4,91,4,188482,487962,15317,110939,3.86486186795083,0.18523762691997508
3202,0.3208,15,149,15,188631,487813,15332,110924,3.8636817260169813,0.18526331260636975
3203,0.3209,7,99,7,188730,487714,15339,110917,3.8628976048663035,0.18528442396067027
3204,0.321,6,44,6,188774,487670,15345,110911,3.8625491065771134,0.18528987722630688
3205,0.3211,10,119,10,188893,487551,15355,110901,3.8616065771131667,0.18531310781817087
3206,0.3212,11,91,11,188984,487460,15366,110890,3.8608858192877964,0.18532631403024985
3207,0.3213,18,169,18,189153,487291,15384,110872,3.859547269040679,0.18535415931777793
3208,0.3214,12,99,12,189252,487192,15396,110860,3.8587631478900013,0.18536849638492975
3209,0.3215,9,61,9,189313,487131,15405,110851,3.858280002534533,0.18537514507125633
3210,0.3216,17,86,17,189399,487045,15422,110834,3.8575988467874796,0.1853786468499479
3211,0.3217,12,90,12,189489,486955,15434,110822,3.856886009377772,0.18539020403929893
3212,0.3218,14,101,14,189590,486854,15448,110808,3.856086047395767,0.1854024515528844
3213,0.3219,4,61,4,189651,486793,15452,110804,3.855602902040299,0.18541592410939145
3214,0.322,19,206,19,189857,486587,15471,110785,3.853971296413636,0.18545395498952078
3215,0.3221,13,143,13,190000,486444,15484,110772,3.8528386769737675,0.1854806301237743
3216,0.3222,2,37,2,190037,486407,15486,110770,3.852545621594221,0.18548939426669145
3217,0.3223,14,72,14,190109,486335,15500,110756,3.8519753516664554,0.1854926635973411
3218,0.3224,7,151,7,190260,486184,15507,110749,3.85077936890128,0.1855300343589649
3219,0.3225,5,66,5,190326,486118,15512,110744,3.8502566214674947,0.18554372702567762
3220,0.3226,11,56,11,190382,486062,15523,110733,3.8498130781903432,0.18554612555400096
3221,0.3227,6,37,6,190419,486025,15529,110727,3.8495200228107973,0.18554944097380485
3222,0.3228,8,75,8,190494,485950,15537,110719,3.848925991636041,0.1855618441715591
3223,0.3229,11,90,11,190584,485860,15548,110708,3.848213154226334,0.1855748213112336
3224,0.323,9,77,9,190661,485783,15557,110699,3.847603282220251,0.18558648877920875
3225,0.3231,9,125,9,190786,485658,15566,110690,3.8466132302623244,0.18561309839221393
3226,0.3232,20,177,20,190963,485481,15586,110670,3.8452113166899,0.1856408862855216
3227,0.3233,11,123,11,191086,485358,15597,110659,3.8442371055633,0.18566416729724153
3228,0.3234,4,47,4,191133,485311,15601,110655,3.8438648460271194,0.18567334378135666
3229,0.3235,17,120,17,191253,485191,15618,110638,3.84291439614751,0.18568750430073058
3230,0.3236,12,104,12,191357,485087,15630,110626,3.842090672918515,0.18570351830495557
3231,0.3237,11,51,11,191408,485036,15641,110615,3.8416867317196806,0.1857043805852756
3232,0.3238,10,84,10,191492,484952,15651,110605,3.841021416803954,0.18571690031348806
3233,0.3239,17,135,17,191627,484817,15668,110588,3.839952160689393,0.1857357596929821
3234,0.324,6,46,6,191673,484771,15674,110582,3.839587821568876,0.18574190438277796
3235,0.3241,14,129,14,191802,484642,15688,110568,3.8385660879482955,0.18576300801397827
3236,0.3242,11,60,11,191862,484582,15699,110557,3.8380908630084907,0.18576668643795818
3237,0.3243,14,134,14,191996,484448,15713,110543,3.837029527309593,0.18578936488114947
3238,0.3244,6,102,6,192098,484346,15719,110537,3.836221644911925,0.18581300860841543
3239,0.3245,10,66,10,192164,484280,15729,110527,3.8356988974781396,0.1858199382320652
3240,0.3246,9,103,9,192267,484177,15738,110518,3.834883094664808,0.18583980023373325
3241,0.3247,7,108,7,192375,484069,15745,110511,3.8340276897731593,0.18586397120656598
3242,0.3248,20,163,20,192538,483906,15765,110491,3.832736662020023,0.18588754653876113
3243,0.3249,12,93,12,192631,483813,15777,110479,3.832000063363325,0.18590019720945258
3244,0.325,3,66,3,192697,483747,15780,110476,3.83147731592954,0.18591673496313674
3245,0.3251,7,56,7,192753,483691,15787,110469,3.831033772652389,0.18592466675642924
3246,0.3252,13,117,13,192870,483574,15800,110456,3.8301070840197693,0.18594347086847465
3247,0.3253,8,65,8,192935,483509,15808,110448,3.8295922570016474,0.18595285517301757
3248,0.3254,10,92,10,193027,483417,15818,110438,3.8288635787606133,0.1859679551405646
3249,0.3255,2,39,2,193066,483378,15820,110436,3.8285546825497403,0.18597742727520739
3250,0.3256,4,52,4,193118,483326,15824,110432,3.8281428209352426,0.1859882308954153
3251,0.3257,5,107,5,193225,483219,15829,110427,3.8272953364592572,0.1860148977673563
3252,0.3258,8,88,8,193313,483131,15837,110419,3.826598339880877,0.18603150534917023
3253,0.3259,11,116,11,193429,483015,15848,110408,3.825679571663921,0.18605278191104827
3254,0.326,11,98,11,193527,482917,15859,110397,3.824903370928906,0.1860684224542148
3255,0.3261,11,134,11,193661,482783,15870,110386,3.8238420352300087,0.18609536236721744
3256,0.3262,8,52,8,193713,482731,15878,110378,3.8234301736155114,0.18610069987135586
3257,0.3263,4,83,4,193796,482648,15882,110374,3.8227727791154478,0.18612125688423026
3258,0.3264,23,182,23,193978,482466,15905,110351,3.8213312634647068,0.18614682102571284
3259,0.3265,16,131,16,194109,482335,15921,110335,3.820293689012799,0.1861659945669597
3260,0.3266,4,73,4,194182,482262,15925,110331,3.81971549866937,0.18618343449888877
3261,0.3267,7,43,7,194225,482219,15932,110324,3.8193749207958434,0.1861873315523093
3262,0.3268,6,42,6,194267,482177,15938,110318,3.81904226333798,0.18619228854251935
3263,0.3269,14,118,14,194385,482059,15952,110304,3.818107654289697,0.18621014479297324
3264,0.327,11,77,11,194462,481982,15963,110293,3.8174977822836142,0.1862192393736018
3265,0.3271,5,39,5,194501,481943,15968,110288,3.817188886072741,0.18622463194260347
3266,0.3272,4,53,4,194554,481890,15972,110284,3.81676910404258,0.18623580231486017
3267,0.3273,13,125,13,194679,481765,15985,110271,3.8157790520846535,0.18625725462640785
3268,0.3274,10,106,10,194785,481659,15995,110261,3.8149394880243315,0.1862768617380727
3269,0.3275,8,86,8,194871,481573,16003,110253,3.814258332277278,0.18629293069246705
3270,0.3276,9,64,9,194935,481509,16012,110244,3.8137514256748193,0.18630070316500297
3271,0.3277,8,31,8,194966,481478,16020,110236,3.813505892789254,0.18629946224020388
3272,0.3278,5,31,5,194997,481447,16025,110231,3.813260359903688,0.18630234688462305
3273,0.3279,8,55,8,195052,481392,16033,110223,3.8128247370422,0.1863086635734388
3274,0.328,11,79,11,195131,481313,16044,110212,3.8121990242047903,0.18631841426820506
3275,0.3281,4,45,4,195176,481268,16048,110208,3.811842605499937,0.18632708681332802
3276,0.3282,5,67,5,195243,481201,16053,110203,3.811311937650488,0.18634131659576195
3277,0.3283,13,227,13,195470,480974,16066,110190,3.809514003294893,0.18639497669005556
3278,0.3284,9,30,9,195500,480944,16075,110181,3.8092763908249907,0.18639204905899767
3279,0.3285,4,51,4,195551,480893,16079,110177,3.8088724496261563,0.1864026257465275
3280,0.3286,12,110,12,195661,480783,16091,110165,3.808001203903181,0.18642080183027948
3281,0.3287,7,69,7,195730,480714,16098,110158,3.8074546952224053,0.18643293302102654
3282,0.3288,21,147,21,195877,480567,16119,110137,3.8062903941198836,0.18645040494054552
3283,0.3289,13,82,13,195959,480485,16132,110124,3.8056409200354833,0.1864583844811034
3284,0.329,18,173,18,196132,480312,16150,110106,3.8042706881257127,0.18648821682265784
3285,0.3291,4,81,4,196213,480231,16154,110102,3.803629134456976,0.1865082927771275
3286,0.3292,18,167,18,196380,480064,16172,110084,3.802306425041186,0.18653625870120716
3287,0.3293,6,70,6,196450,479994,16178,110078,3.801751995944747,0.18655011591805745
3288,0.3294,3,34,3,196484,479960,16181,110075,3.801482701812191,0.18655672968552714
3289,0.3295,16,143,16,196627,479817,16197,110059,3.800350082372323,0.18657989136699918
3290,0.3296,3,79,3,196706,479738,16200,110056,3.799724369534913,0.18660074534498486
3291,0.3297,18,129,18,196835,479609,16218,110038,3.7987026359143328,0.18661673848929952
3292,0.3298,6,71,6,196906,479538,16224,110032,3.7981402864022304,0.18663093440982412
3293,0.3299,17,153,17,197059,479385,16241,110015,3.7969284628057283,0.18665592127587377
3294,0.33,14,117,14,197176,479268,16255,110001,3.7960017741731087,0.1866736583801286
3295,0.3301,6,42,6,197218,479226,16261,109995,3.795669116715245,0.18667868253168166
3296,0.3302,7,84,7,197302,479142,16268,109988,3.7950038017995182,0.1866956359377387
3297,0.3303,11,78,11,197380,479064,16279,109977,3.794386009377772,0.18670516992874858
3298,0.3304,9,58,9,197438,479006,16288,109968,3.793926625269294,0.18671112816525007
3299,0.3305,8,74,8,197512,478932,16296,109960,3.7933405145102017,0.18672354183789217
3300,0.3306,12,136,12,197648,478796,16308,109948,3.792263337979977,0.1867500985148044
3301,0.3307,5,46,5,197694,478750,16313,109943,3.7918989988594602,0.18675778376844976
3302,0.3308,8,44,8,197738,478706,16321,109935,3.79155050057027,0.18676069115131294
3303,0.3309,16,91,16,197829,478615,16337,109919,3.7908297427448994,0.186767459484074
3304,0.331,10,74,10,197903,478541,16347,109909,3.7902436319858066,0.18677712634888266
3305,0.3311,17,163,17,198066,478378,16364,109892,3.78895260423267,0.1868053784826695
3306,0.3312,9,110,9,198176,478268,16373,109883,3.7880813585096944,0.1868278724341198
3307,0.3313,18,80,18,198256,478188,16391,109865,3.7874477252566217,0.18682839812057755
3308,0.3314,7,74,7,198330,478114,16398,109858,3.786861614497529,0.18684223058240867
3309,0.3315,8,78,8,198408,478036,16406,109850,3.7862438220757824,0.18685595506611827
3310,0.3316,21,124,21,198532,477912,16427,109829,3.785261690533519,0.1868663237718655
3311,0.3317,11,79,11,198611,477833,16438,109818,3.7846359776961096,0.18687622415345162
3312,0.3318,20,173,20,198784,477660,16458,109798,3.783265745786339,0.18690357438318994
3313,0.3319,19,102,19,198886,477558,16477,109779,3.7824578633886707,0.18690972984845158
3314,0.332,6,53,6,198939,477505,16483,109773,3.7820380813585097,0.18691829082649103
3315,0.3321,21,151,21,199090,477354,16504,109752,3.780842098593334,0.18693728219435674
3316,0.3322,9,70,9,199160,477284,16513,109743,3.780287669496895,0.18694710805465506
3317,0.3323,11,122,11,199282,477162,16524,109732,3.7793213787859585,0.18697073066005104
3318,0.3324,3,65,3,199347,477097,16527,109729,3.7788065517678366,0.18698728413533142
3319,0.3325,11,62,11,199409,477035,16538,109718,3.778315485996705,0.18699180063842877
3320,0.3326,19,152,19,199561,476883,16557,109699,3.7771115828158663,0.18701392132728245
3321,0.3327,4,62,4,199623,476821,16561,109695,3.7766205170447344,0.18702814586473343
3322,0.3328,4,28,4,199651,476793,16565,109691,3.776398745406159,0.18703153027192557
3323,0.3329,12,104,12,199755,476689,16577,109679,3.775575022177164,0.18704806537873828
3324,0.333,16,145,16,199900,476544,16593,109663,3.774426561905969,0.18707214345785703
3325,0.3331,6,68,6,199968,476476,16599,109657,3.7738879736408566,0.18708552495764613
3326,0.3332,6,40,6,200008,476436,16605,109651,3.77357115701432,0.18708997128412677
3327,0.3333,8,87,8,200095,476349,16613,109643,3.7728820808516033,0.18710664992013543
3328,0.3334,10,68,10,200163,476281,16623,109633,3.772343492586491,0.18711449120519394
3329,0.3335,15,199,15,200362,476082,16638,109618,3.7707673298694715,0.1871572477377497
3330,0.3336,25,174,25,200536,475908,16663,109593,3.7693891775440376,0.18717816024225406
3331,0.3337,11,83,11,200619,475825,16674,109582,3.768731783043974,0.1871894254766342
3332,0.3338,23,153,23,200772,475672,16697,109559,3.7675199594474718,0.1872064193455234
3333,0.3339,8,32,8,200804,475640,16705,109551,3.7672665061462425,0.1872055448562948
3334,0.334,10,72,10,200876,475568,16715,109541,3.766696236218477,0.18721468991247783
3335,0.3341,10,123,10,200999,475445,16725,109531,3.765722025091877,0.18724016028007986
3336,0.3342,10,72,10,201071,475373,16735,109521,3.765151755164111,0.18724931355083144
3337,0.3343,9,81,9,201152,475292,16744,109512,3.7645102014953746,0.18726274102092325
3338,0.3344,5,74,5,201226,475218,16749,109507,3.763924090736282,0.18727949035871563
3339,0.3345,9,121,9,201347,475097,16758,109498,3.762965720441009,0.18730574158177885
3340,0.3346,6,22,6,201369,475075,16764,109492,3.7627914712964134,0.18730444927613088
3341,0.3347,11,97,11,201466,474978,16775,109481,3.7620231909770623,0.18732023974307865
3342,0.3348,4,55,4,201521,474923,16779,109477,3.7615875681155746,0.18733230663928815
3343,0.3349,16,106,16,201627,474817,16795,109461,3.760748004055253,0.18734403828314602
3344,0.335,17,123,17,201750,474694,16812,109444,3.759773792928653,0.187359836203089
3345,0.3351,8,97,8,201847,474597,16820,109436,3.759005512609302,0.18737982271549725
3346,0.3352,9,73,9,201920,474524,16829,109427,3.7584273222658724,0.18739072285174613
3347,0.3353,4,85,4,202005,474439,16833,109423,3.7577540869344825,0.18741243650040593
3348,0.3354,5,115,5,202120,474324,16838,109418,3.7568432391331896,0.1874423974975246
3349,0.3355,14,106,14,202226,474218,16852,109404,3.756003675072868,0.18745694987509037
3350,0.3356,21,149,21,202375,474069,16873,109383,3.754823533139019,0.18747557639703008
3351,0.3357,19,142,19,202517,473927,16892,109364,3.7536988341148145,0.18749474961897236
3352,0.3358,7,78,7,202595,473849,16899,109357,3.753081041693068,0.1875100736275004
3353,0.3359,11,97,11,202692,473752,16910,109346,3.752312761373717,0.1875259390359768
3354,0.336,7,69,7,202761,473683,16917,109339,3.751766252692941,0.18753837762554415
3355,0.3361,2,86,2,202847,473597,16919,109337,3.7510850969458875,0.18756325759005307
3356,0.3362,13,61,13,202908,473536,16932,109324,3.7506019515904194,0.18756476683937823
3357,0.3363,17,133,17,203041,473403,16949,109307,3.749548536307185,0.18758387534107876
3358,0.3364,7,28,7,203069,473375,16956,109300,3.7493267646686097,0.1875831295319003
3359,0.3365,6,78,6,203147,473297,16962,109294,3.7487089722468636,0.18759987710074477
3360,0.3366,13,106,13,203253,473191,16975,109281,3.7478694081865416,0.18761588539878313
3361,0.3367,23,184,23,203437,473007,16998,109258,3.7464120517044734,0.187643083475737
3362,0.3368,15,133,15,203570,472874,17013,109243,3.7453586364212392,0.18766502266726448
3363,0.3369,16,126,16,203696,472748,17029,109227,3.7443606640476492,0.18768331973022895
3364,0.337,11,76,11,203772,472672,17040,109216,3.74375871245723,0.18769247690277166
3365,0.3371,6,79,6,203851,472593,17046,109210,3.74313299961982,0.18770958554699788
3366,0.3372,12,109,12,203960,472484,17058,109198,3.742269674312508,0.18772800258560518
3367,0.3373,22,139,22,204099,472345,17080,109176,3.7411687365352932,0.1877421451675864
3368,0.3374,9,50,9,204149,472295,17089,109167,3.7407727157521227,0.18774571683102248
3369,0.3375,18,159,18,204308,472136,17107,109149,3.73951336966164,0.18777191911024713
3370,0.3376,8,66,8,204374,472070,17115,109141,3.7389906222278544,0.18778206193619873
3371,0.3377,8,107,8,204481,471963,17123,109133,3.738143137751869,0.18780545727384115
3372,0.3378,19,233,19,204714,471730,17142,109114,3.7362976809022936,0.187854225919524
3373,0.3379,28,239,28,204953,471491,17170,109086,3.734404701558738,0.18789238981220407
3374,0.338,16,108,16,205061,471383,17186,109070,3.733549296667089,0.18790496388165795
3375,0.3381,12,71,12,205132,471312,17198,109058,3.732986947154987,0.18791116012199113
3376,0.3382,2,33,2,205165,471279,17200,109056,3.732725573438094,0.18791904675747628
3377,0.3383,14,89,14,205254,471190,17214,109042,3.73202065644405,0.18792827696507605
3378,0.3384,13,151,13,205405,471039,17227,109029,3.7308246736788746,0.1879589979105898
3379,0.3385,13,108,13,205513,470931,17240,109016,3.729969268787226,0.1879757977884186
3380,0.3386,7,66,7,205579,470865,17247,109009,3.7294465213534407,0.18798739036411358
3381,0.3387,12,87,12,205666,470778,17259,108997,3.7287574451907237,0.18799879263507396
3382,0.3388,20,139,20,205805,470639,17279,108977,3.727656507413509,0.18801585877546514
3383,0.3389,5,52,5,205857,470587,17284,108972,3.7272446457990114,0.1880257230066309
3384,0.339,15,94,15,205951,470493,17299,108957,3.7265001267266507,0.1880352057986021
3385,0.3391,7,94,7,206045,470399,17306,108950,3.7257556076542895,0.18805590412687345
3386,0.3392,9,52,9,206097,470347,17315,108941,3.7253437460397922,0.188060170416097
3387,0.3393,4,32,4,206129,470315,17319,108937,3.725090292738563,0.1880649527321442
3388,0.3394,19,103,19,206232,470212,17338,108918,3.7242744899252314,0.18807176281663876
3389,0.3395,19,157,19,206389,470055,17357,108899,3.7230309846660754,0.1880961181717373
3390,0.3396,8,66,8,206455,469989,17365,108891,3.7225082372322897,0.18810634328358208
3391,0.3397,5,89,5,206544,469900,17370,108886,3.721803320238246,0.1881282546571617
3392,0.3398,5,58,5,206602,469842,17375,108881,3.721343936129768,0.18814009465668377
3393,0.3399,7,64,7,206666,469778,17382,108874,3.7208370295273094,0.18815108217028542
3394,0.34,9,104,9,206770,469674,17391,108865,3.7200133062983145,0.18817227533493852
3395,0.3401,14,77,14,206847,469597,17405,108851,3.7194034342922317,0.18817767543495698
3396,0.3402,9,53,9,206900,469544,17414,108842,3.7189836522620707,0.18818228656986857
3397,0.3403,9,136,9,207036,469408,17423,108833,3.7179064757318465,0.188213910808815
3398,0.3404,21,180,21,207216,469228,17444,108812,3.7164808009124317,0.1882430281641409
3399,0.3405,6,70,6,207286,469158,17450,108806,3.7159263718159927,0.18825740011488604
3400,0.3406,3,58,3,207344,469100,17453,108803,3.715466987707515,0.1882720802626046
3401,0.3407,15,184,15,207528,468916,17468,108788,3.714009631225447,0.18831096893911067
3402,0.3408,9,91,9,207619,468825,17477,108779,3.713288873400076,0.18832798941835582
3403,0.3409,9,98,9,207717,468727,17486,108770,3.7125126726650612,0.18834729877384646
3404,0.341,24,91,24,207808,468636,17510,108746,3.711791914839691,0.18834324589266724
3405,0.3411,7,73,7,207881,468563,17517,108739,3.7112137244962615,0.18835722031103305
3406,0.3412,8,84,8,207965,468479,17525,108731,3.710548409580535,0.18837338230453388
3407,0.3413,12,140,12,208105,468339,17537,108719,3.709439551387657,0.1884022056708338
3408,0.3414,9,43,9,208148,468296,17546,108710,3.70909897351413,0.18840358679112523
3409,0.3415,12,89,12,208237,468207,17558,108698,3.708394056520086,0.18841577036080465
3410,0.3416,1,30,1,208267,468177,17559,108697,3.708156444050184,0.18842416194870978
3411,0.3417,5,51,5,208318,468126,17564,108692,3.7077525028513496,0.18843378674035832
3412,0.3418,21,241,21,208559,467885,17585,108671,3.7058436826764667,0.188482992111781
3413,0.3419,14,48,14,208607,467837,17599,108657,3.7054635027246228,0.18847897809864456
3414,0.342,22,221,22,208828,467616,17621,108635,3.7037130908630087,0.18852028022511025
3415,0.3421,15,144,15,208972,467472,17636,108620,3.702572551007477,0.1885462738590364
3416,0.3422,14,146,14,209118,467326,17650,108606,3.7014161703206185,0.1885743455824646
3417,0.3423,11,108,11,209226,467218,17661,108595,3.70056076542897,0.18859421374647672
3418,0.3424,9,98,9,209324,467120,17670,108586,3.6997845646939553,0.18861363265277764
3419,0.3425,16,111,16,209435,467009,17686,108570,3.698905398555316,0.18862745166171802
3420,0.3426,5,44,5,209479,466965,17691,108565,3.698556900266126,0.1886348235539416
3421,0.3427,10,72,10,209551,466893,17701,108555,3.69798663033836,0.18864432581223672
3422,0.3428,11,93,11,209644,466800,17712,108544,3.6972500316816626,0.1886593064323257
3423,0.3429,13,107,13,209751,466693,17725,108531,3.696402547205677,0.18867606358566402
3424,0.343,15,104,15,209855,466589,17740,108516,3.6955788239766822,0.1886890220046774
3425,0.3431,11,60,11,209915,466529,17751,108505,3.6951035990368775,0.18869319031570306
3426,0.3432,17,131,17,210046,466398,17768,108488,3.6940660245849704,0.18871219685294127
3427,0.3433,3,56,3,210102,466342,17771,108485,3.693622481307819,0.1887263472314279
3428,0.3434,6,76,6,210178,466266,17777,108479,3.6930205297173995,0.18874283377845827
3429,0.3435,15,125,15,210303,466141,17792,108464,3.692030477759473,0.18876271525656754
3430,0.3436,12,124,12,210427,466017,17804,108452,3.6910483462172095,0.1887865141548108
3431,0.3437,4,83,4,210510,465934,17808,108448,3.6903909517171463,0.1888081451020401
3432,0.3438,27,212,27,210722,465722,17835,108421,3.688711823596502,0.1888397141478691
3433,0.3439,8,122,8,210844,465600,17843,108413,3.687745532885566,0.1888685447890553
3434,0.344,10,68,10,210912,465532,17853,108403,3.6872069446204536,0.1888767891834441
3435,0.3441,7,49,7,210961,465483,17860,108396,3.6868188442529464,0.18888302237928203
3436,0.3442,3,65,3,211026,465418,17863,108393,3.6863040172348245,0.1889001779331522
3437,0.3443,9,84,9,211110,465334,17872,108384,3.6856387023190975,0.18891511160535315
3438,0.3444,11,87,11,211197,465247,17883,108373,3.6849496261563806,0.18892821031344792
3439,0.3445,19,131,19,211328,465116,17902,108354,3.6839120517044734,0.18894449578879452
3440,0.3446,7,91,7,211419,465025,17909,108347,3.6831912938791027,0.1889645814584598
3441,0.3447,8,70,8,211489,464955,17917,108339,3.6826368647826637,0.18897633674868392
3442,0.3448,12,112,12,211601,464843,17929,108327,3.6817497782283612,0.1889962838250432
3443,0.3449,22,163,22,211764,464680,17951,108305,3.680458750475225,0.18901890974458319
3444,0.345,17,127,17,211891,464553,17968,108288,3.6794528576859715,0.18903674841710003
3445,0.3451,9,114,9,212005,464439,17977,108279,3.678549930300342,0.18906163242642976
3446,0.3452,13,118,13,212123,464321,17990,108266,3.6776153212520595,0.18908218314422087
3447,0.3453,11,47,11,212170,464274,18001,108255,3.677243061715879,0.1890821250975933
3448,0.3454,17,72,17,212242,464202,18018,108238,3.6766727917881132,0.18908182516945007
3449,0.3455,14,104,14,212346,464098,18032,108224,3.675849068559118,0.1890963478601207
3450,0.3456,15,119,15,212465,463979,18047,108209,3.6749065390951716,0.1891144169398869
3451,0.3457,10,69,10,212534,463910,18057,108199,3.674360030414396,0.18912305172615707
3452,0.3458,18,137,18,212671,463773,18075,108181,3.6732749334685084,0.18914283316490488
3453,0.3459,25,203,25,212874,463570,18100,108156,3.671667089088835,0.18917453465471223
3454,0.346,12,143,12,213017,463427,18112,108144,3.6705344696489672,0.18920484069345717
3455,0.3461,9,75,9,213092,463352,18121,108135,3.669940438474211,0.18921690257171203
3456,0.3462,9,44,9,213136,463308,18130,108126,3.669591940185021,0.189218702422327
3457,0.3463,14,149,14,213285,463159,18144,108112,3.668411798251172,0.18924818518706532
3458,0.3464,18,163,18,213448,462996,18162,108094,3.6671207704980358,0.1892766464129997
3459,0.3465,9,68,9,213516,462928,18171,108085,3.6665821822329234,0.18928640854061116
3460,0.3466,6,53,6,213569,462875,18177,108079,3.666162400202763,0.18929545987942986
3461,0.3467,7,70,7,213639,462805,18184,108072,3.665607971106324,0.1893087302518756
3462,0.3468,6,113,6,213752,462692,18190,108066,3.664712964136358,0.18933768777660584
3463,0.3469,15,65,15,213817,462627,18205,108051,3.664198137118236,0.18933794539127144
3464,0.347,7,73,7,213890,462554,18212,108044,3.6636199467748067,0.18935222345679445
3465,0.3471,8,46,8,213936,462508,18220,108036,3.6632556076542895,0.18935612327883564
3466,0.3472,4,54,4,213990,462454,18224,108032,3.662827905208465,0.1893683631149581
3467,0.3473,7,142,7,214132,462312,18231,108025,3.6617032061842605,0.1894055619747623
3468,0.3474,21,187,21,214319,462125,18252,108004,3.660222088455202,0.1894378289825636
3469,0.3475,15,154,15,214473,461971,18267,107989,3.6590023444430364,0.18946768194259248
3470,0.3476,8,88,8,214561,461883,18275,107981,3.658305347864656,0.18948556146729745
3471,0.3477,13,138,13,214699,461745,18288,107968,3.657212330503105,0.18951296530007214
3472,0.3478,11,101,11,214800,461644,18299,107957,3.6564123685211,0.18953091725611437
3473,0.3479,7,57,7,214857,461587,18306,107950,3.6559609048282855,0.1895399245351926
3474,0.348,13,146,13,215003,461441,18319,107937,3.654804524141427,0.18957002202403325
3475,0.3481,11,137,11,215140,461304,18330,107926,3.653719427195539,0.18959998594592695
3476,0.3482,8,84,8,215224,461220,18338,107918,3.6530541122798126,0.18961657805312596
3477,0.3483,21,188,21,215412,461032,18359,107897,3.6515650741350907,0.18964932355355413
3478,0.3484,11,80,11,215492,460952,18370,107886,3.6509314408820175,0.18966032508376726
3479,0.3485,18,117,18,215609,460835,18388,107868,3.650004752249398,0.18967369611203036
3480,0.3486,15,115,15,215724,460720,18403,107853,3.6490939044481054,0.18969068175942227
3481,0.3487,18,162,18,215886,460558,18421,107835,3.6478107971106324,0.189719085210409
3482,0.3488,18,248,18,216134,460310,18439,107817,3.6458465340261057,0.18977622961063284
3483,0.3489,12,91,12,216225,460219,18451,107805,3.645125776200735,0.18978951593594637
3484,0.349,11,105,11,216330,460114,18462,107794,3.6442941325560767,0.18980891271121378
3485,0.3491,18,182,18,216512,459932,18480,107776,3.6428526169053352,0.1898440747708329
3486,0.3492,15,98,15,216610,459834,18495,107761,3.6420764161703207,0.18985544270122182
3487,0.3493,30,253,30,216863,459581,18525,107731,3.640072551007477,0.1898972699325944
3488,0.3494,12,64,12,216927,459517,18537,107719,3.6395656444050184,0.1899015577290581
3489,0.3495,6,88,6,217015,459429,18543,107713,3.638868647826638,0.1899224532833047
3490,0.3496,11,112,11,217127,459317,18554,107702,3.6379815612723356,0.18994425230900552
3491,0.3497,16,149,16,217276,459168,18570,107686,3.6368014193384868,0.18997131536515574
3492,0.3498,20,156,20,217432,459012,18590,107666,3.635565834494994,0.1899950236289392
3493,0.3499,12,78,12,217510,458934,18602,107654,3.634948042073248,0.19000402408804987
3494,0.35,28,196,28,217706,458738,18630,107626,3.633395640603219,0.19002973352826097
3495,0.3501,12,122,12,217828,458616,18642,107614,3.6324293498922824,0.1900535118238172
3496,0.3502,7,67,7,217895,458549,18649,107607,3.6318986820428334,0.19006598887939014
3497,0.3503,4,46,4,217941,458503,18653,107603,3.6315343429223166,0.19007571020268288
3498,0.3504,6,65,6,218006,458438,18659,107597,3.6310195159041947,0.1900889520966018
3499,0.3505,27,203,27,218209,458235,18686,107570,3.6294116715245215,0.1901185037247815
3500,0.3506,15,144,15,218353,458091,18701,107555,3.62827113166899,0.1901454266449334
3501,0.3507,12,91,12,218444,458000,18713,107543,3.6275503738436194,0.19015883849680748
3502,0.3508,7,75,7,218519,457925,18720,107536,3.6269563426688634,0.19017403499091892
3503,0.3509,5,69,5,218588,457856,18725,107531,3.6264098339880877,0.19019008219149008
3504,0.351,11,36,11,218624,457820,18736,107520,3.6261246990242046,0.19018643648070188
3505,0.3511,18,183,18,218807,457637,18754,107502,3.6246752629578,0.19022222851369308
3506,0.3512,25,181,25,218988,457456,18779,107477,3.623241667722722,0.19024733906498648
3507,0.3513,22,167,22,219155,457289,18801,107455,3.621918958306932,0.19027205246979162
3508,0.3514,9,54,9,219209,457235,18810,107446,3.6214912558611076,0.1902773424287341
3509,0.3515,28,271,28,219480,456964,18838,107418,3.6193448232163226,0.1903285363459501
3510,0.3516,5,34,5,219514,456930,18843,107413,3.619075529083766,0.19033282950262517
3511,0.3517,13,144,13,219658,456786,18856,107400,3.617934989228235,0.1903627527092129
3512,0.3518,16,75,16,219733,456711,18872,107384,3.6173409580534788,0.1903650980774515
3513,0.3519,22,203,22,219936,456508,18894,107362,3.6157331136738056,0.1904020430241013
3514,0.352,18,56,18,219992,456452,18912,107344,3.6152895703966546,0.1903951074502125
3515,0.3521,4,44,4,220036,456408,18916,107340,3.6149410721074644,0.19040422316354116
3516,0.3522,19,164,19,220200,456244,18935,107321,3.6136421239386642,0.19043233699750695
3517,0.3523,18,156,18,220356,456088,18953,107303,3.6124065390951716,0.1904592015136912
3518,0.3524,17,183,17,220539,455905,18970,107286,3.610957103028767,0.19049665211269357
3519,0.3525,11,76,11,220615,455829,18981,107275,3.6103551514383474,0.19050654941183157
3520,0.3526,6,64,6,220679,455765,18987,107269,3.609848244835889,0.19051957785853074
3521,0.3527,6,35,6,220714,455730,18993,107263,3.6095710302876696,0.1905227951324439
3522,0.3528,14,123,14,220837,455607,19007,107249,3.6085968191610696,0.19054429552141222
3523,0.3529,11,113,11,220950,455494,19018,107238,3.6077018121911038,0.19056673514212805
3524,0.353,14,136,14,221086,455358,19032,107224,3.6066246356608795,0.19059266026996954
3525,0.3531,22,184,22,221270,455174,19054,107202,3.6051672791788114,0.19062335519296697
3526,0.3532,10,54,10,221324,455120,19064,107192,3.604739576732987,0.19062726742449032
3527,0.3533,22,106,22,221430,455014,19086,107170,3.603900012672665,0.19063153700567786
3528,0.3534,10,93,10,221523,454921,19096,107160,3.6031634140159676,0.19064867874914826
3529,0.3535,32,211,32,221734,454710,19128,107128,3.6014922063109873,0.1906741801017375
3530,0.3536,19,151,19,221885,454559,19147,107109,3.600296223545812,0.1906980636247748
3531,0.3537,12,69,12,221954,454490,19159,107097,3.599749714865036,0.1907042007738783
3532,0.3538,10,56,10,222010,454434,19169,107087,3.599306171587885,0.1907088069724908
3533,0.3539,9,80,9,222090,454354,19178,107078,3.598672538334812,0.1907230083073284
3534,0.354,8,64,8,222154,454290,19186,107070,3.5981656317323534,0.19073321932449766
3535,0.3541,12,88,12,222242,454202,19198,107058,3.597468635153973,0.19074582190072337
3536,0.3542,18,104,18,222346,454098,19216,107040,3.5966449119249777,0.1907552152946334
3537,0.3543,11,46,11,222392,454052,19227,107029,3.596280572804461,0.19075498903010438
3538,0.3544,12,75,12,222467,453977,19239,107017,3.595686541629705,0.1907631810678902
3539,0.3545,7,85,7,222552,453892,19246,107010,3.5950133062983145,0.1907819904368321
3540,0.3546,9,69,9,222621,453823,19255,107001,3.594466797617539,0.19079247678416045
3541,0.3547,29,236,29,222857,453587,19284,106972,3.5925975795209735,0.19083093840255888
3542,0.3548,7,55,7,222912,453532,19291,106965,3.5921619566594853,0.1908395584632924
3543,0.3549,26,109,26,223021,453423,19317,106939,3.5912986313521733,0.19083913612985892
3544,0.355,3,109,3,223130,453314,19320,106936,3.5904353060448613,0.190871932173137
3545,0.3551,17,90,17,223220,453224,19337,106919,3.589722468635154,0.19087804364242703
3546,0.3552,19,71,19,223291,453153,19356,106900,3.5891601191230516,0.1908747922071661
3547,0.3553,6,66,6,223357,453087,19362,106894,3.5886373716892663,0.19088861943530228
3548,0.3554,12,129,12,223486,452958,19374,106882,3.587615638068686,0.19091526150328667
3549,0.3555,9,54,9,223540,452904,19383,106873,3.5871879356228615,0.19092067019545284
3550,0.3556,16,91,16,223631,452813,19399,106857,3.586467177797491,0.190928582914932
3551,0.3557,7,91,7,223722,452722,19406,106850,3.58574641997212,0.1909495114122937
3552,0.3558,24,105,24,223827,452617,19430,106826,3.584914776327462,0.19095064197782438
3553,0.3559,3,65,3,223892,452552,19433,106823,3.58439994930934,0.19096849162011173
3554,0.356,11,75,11,223967,452477,19444,106812,3.583805918134584,0.1909781883784591
3555,0.3561,7,113,7,224080,452364,19451,106805,3.582910911164618,0.19100665451768606
3556,0.3562,8,70,8,224150,452294,19459,106797,3.582356482068179,0.191018993330245
3557,0.3563,16,158,16,224308,452136,19475,106781,3.5811050563933597,0.19104983387515498
3558,0.3564,12,78,12,224386,452058,19487,106769,3.580487263971613,0.19105912921172385
3559,0.3565,6,60,6,224446,451998,19493,106763,3.5800120390318084,0.19107095878201952
3560,0.3566,11,80,11,224526,451918,19504,106752,3.5793784057787352,0.19108239210983227
3561,0.3567,4,35,4,224561,451883,19508,106748,3.579101191230516,0.19108857188376585
3562,0.3568,11,78,11,224639,451805,19519,106737,3.5784833988087694,0.19109932646067798
3563,0.3569,3,39,3,224678,451766,19522,106734,3.5781745025978964,0.19110832587287377
3564,0.357,18,91,18,224769,451675,19540,106716,3.5774537447725256,0.1911133954522906
3565,0.3571,18,110,18,224879,451565,19558,106698,3.5765824990495503,0.19112497156358205
3566,0.3572,13,112,13,224991,451453,19571,106685,3.575695412495248,0.19114448398066428
3567,0.3573,22,172,22,225163,451281,19593,106663,3.5743331010011405,0.19117151542090247
3568,0.3574,9,66,9,225229,451215,19602,106654,3.5738103535673553,0.19118108373112686
3569,0.3575,21,79,21,225308,451136,19623,106633,3.5731846407299455,0.19117770976873938
3570,0.3576,9,67,9,225375,451069,19632,106624,3.572653972880497,0.19118762473260378
3571,0.3577,30,190,30,225565,450879,19662,106594,3.571149093904448,0.19120926035879765
3572,0.3578,5,55,5,225620,450824,19667,106589,3.57071347104296,0.19122087213610017
3573,0.3579,6,77,6,225697,450747,19673,106583,3.5701035990368775,0.19123858396282276
3574,0.358,27,227,27,225924,450520,19700,106556,3.5683056646812825,0.1912773122518292
3575,0.3581,9,92,9,226016,450428,19709,106547,3.5675769864402485,0.19129583913102025
3576,0.3582,8,76,8,226092,450352,19717,106539,3.566975034849829,0.19131032823299354
3577,0.3583,22,94,22,226186,450258,19739,106517,3.566230515777468,0.19131067307260563
3578,0.3584,23,169,23,226355,450089,19762,106494,3.564891965530351,0.19133534441404068
3579,0.3585,19,128,19,226483,449961,19781,106475,3.563878152325434,0.1913517457533301
3580,0.3586,17,127,17,226610,449834,19798,106458,3.5628722595361806,0.19137071897492683
3581,0.3587,16,125,16,226735,449709,19814,106442,3.561882207578254,0.19139046769672266
3582,0.3588,4,74,4,226809,449635,19818,106438,3.561296096819161,0.19141012061366044
3583,0.3589,8,74,8,226883,449561,19826,106430,3.5607099860600684,0.1914239618986638
3584,0.359,18,116,18,226999,449445,19844,106412,3.5597912178431126,0.19143772588993213
3585,0.3591,6,74,6,227073,449371,19850,106406,3.55920510708402,0.19145448624178402
3586,0.3592,12,88,12,227161,449283,19862,106394,3.5585081105056395,0.1914673452383309
3587,0.3593,16,142,16,227303,449141,19878,106378,3.5573834114814344,0.19149300023941576
3588,0.3594,2,67,2,227370,449074,19880,106376,3.556852743631986,0.19151318750562607
3589,0.3595,24,144,24,227514,448930,19904,106352,3.555712203776454,0.19152790834206762
3590,0.3596,20,108,20,227622,448822,19924,106332,3.5548567988848054,0.19153604225133927
3591,0.3597,8,54,8,227676,448768,19932,106324,3.554429096438981,0.19154302349880742
3592,0.3598,11,108,11,227784,448660,19943,106313,3.5535736915473324,0.1915642742980289
3593,0.3599,16,137,16,227921,448523,19959,106297,3.552488594601445,0.19158826286002667
3594,0.36,19,83,19,228004,448440,19978,106278,3.551831200101381,0.19158923993813073
3595,0.3601,18,196,18,228200,448244,19996,106260,3.550278798631352,0.1916307186242119
3596,0.3602,19,164,19,228364,448080,20015,106241,3.5489798504625525,0.19165970619911568
3597,0.3603,22,180,22,228544,447900,20037,106219,3.5475541756431377,0.1916898716701647
3598,0.3604,21,144,21,228688,447756,20058,106198,3.546413635787606,0.19170905887492462
3599,0.3605,20,124,20,228812,447632,20078,106178,3.5454315042453426,0.1917227930156552
3600,0.3606,11,103,11,228915,447529,20089,106167,3.544615701432011,0.19174240016182165
3601,0.3607,6,76,6,228991,447453,20095,106161,3.5440137498415916,0.19175996271770585
3602,0.3608,10,93,10,229084,447360,20105,106151,3.543277151184894,0.1917775798493616
3603,0.3609,2,56,2,229140,447304,20107,106149,3.542833607907743,0.19179406381391012
3604,0.361,20,129,20,229269,447175,20127,106129,3.5418118742871627,0.1918095658083079
3605,0.3611,16,109,16,229378,447066,20143,106113,3.5409485489798507,0.1918239846414994
3606,0.3612,10,80,10,229458,446986,20153,106103,3.5403149157267775,0.191837118438443
3607,0.3613,8,89,8,229547,446897,20161,106095,3.5396099987327334,0.19185630171865053
3608,0.3614,14,71,14,229618,446826,20175,106081,3.539047649220631,0.19186047563152572
3609,0.3615,44,270,44,229888,446556,20219,106037,3.5369091369915093,0.19188987193105958
3610,0.3616,21,167,21,230055,446389,20240,106016,3.535586427575719,0.19191716222698926
3611,0.3617,29,198,29,230253,446191,20269,105987,3.534018185274363,0.19194353994545238
3612,0.3618,13,139,13,230392,446052,20282,105974,3.532917247497149,0.19197284185889796
3613,0.3619,12,66,12,230458,445986,20294,105962,3.532394500063363,0.19197822983324517
3614,0.362,4,50,4,230508,445936,20298,105958,3.5319984792801926,0.19198976615074634
3615,0.3621,8,54,8,230562,445882,20306,105950,3.5315707768343683,0.19199683961785471
3616,0.3622,9,63,9,230625,445819,20315,105941,3.531071790647573,0.1920055821371611
3617,0.3623,15,92,15,230717,445727,20330,105926,3.530343112406539,0.19201563301568195
3618,0.3624,5,51,5,230768,445676,20335,105921,3.529939171207705,0.19202606250577867
3619,0.3625,19,126,19,230894,445550,20354,105902,3.5289411988341146,0.19204209976570943
3620,0.3626,16,123,16,231017,445427,20370,105886,3.527966987707515,0.1920614968266665
3621,0.3627,18,120,18,231137,445307,20388,105868,3.527016537827905,0.1920769265659727
3622,0.3628,35,259,35,231396,445048,20423,105833,3.524965150171081,0.192115901619406
3623,0.3629,37,261,37,231657,444787,20460,105796,3.52289792168293,0.19215268179366235
3624,0.363,4,24,4,231681,444763,20464,105792,3.522707831707008,0.1921551888548828
3625,0.3631,11,89,11,231770,444674,20475,105781,3.522002914712964,0.19217011381493493
3626,0.3632,6,85,6,231855,444589,20481,105775,3.521329679381574,0.19219098632904769
3627,0.3633,4,49,4,231904,444540,20485,105771,3.5209415790140666,0.19220222746774096
3628,0.3634,5,28,5,231932,444512,20490,105766,3.520719807375491,0.19220466745899345
3629,0.3635,19,172,19,232104,444340,20509,105747,3.519357495881384,0.19223686435054818
3630,0.3636,10,48,10,232152,444292,20519,105737,3.51897731592954,0.19223895467329905
3631,0.3637,9,100,9,232252,444192,20528,105728,3.5181852743631987,0.19226069246435845
3632,0.3638,14,156,14,232408,444036,20542,105714,3.516949689519706,0.19229467939972714
3633,0.3639,9,74,9,232482,443962,20551,105705,3.5163635787606133,0.192307342445517
3634,0.364,26,190,26,232672,443772,20577,105679,3.5148586997845648,0.19233562228478973
3635,0.3641,9,96,9,232768,443676,20586,105670,3.514098339880877,0.1923560014999654
3636,0.3642,26,152,26,232920,443524,20612,105644,3.512894436700038,0.19237100486554207
3637,0.3643,10,92,10,233012,443432,20622,105634,3.512165758459004,0.19238852888359506
3638,0.3644,13,119,13,233131,443313,20635,105621,3.511223228995058,0.1924111095322935
3639,0.3645,11,104,11,233235,443209,20646,105610,3.5103995057660624,0.19243138448195124
3640,0.3646,23,129,23,233364,443080,20669,105587,3.5093777721454824,0.19244277494363612
3641,0.3647,31,246,31,233610,442834,20700,105556,3.5074293498922824,0.19248345155819763
3642,0.3648,23,236,23,233846,442598,20723,105533,3.5055601317957166,0.19253244206220776
3643,0.3649,18,177,18,234023,442421,20741,105515,3.504158218223292,0.19256811014425043
3644,0.365,13,124,13,234147,442297,20754,105502,3.503176086681029,0.19259253850408636
3645,0.3651,16,143,16,234290,442154,20770,105486,3.502043467241161,0.19261923891607624
3646,0.3652,11,45,11,234335,442109,20781,105475,3.501687048536307,0.19261884934548854
3647,0.3653,16,83,16,234418,442026,20797,105459,3.5010296540362438,0.19262445546453327
3648,0.3654,12,72,12,234490,441954,20809,105447,3.500459384108478,0.19263209237834786
3649,0.3655,31,170,31,234660,441784,20840,105416,3.4991129134456975,0.19264619883040934
3650,0.3656,8,52,8,234712,441732,20848,105408,3.4987010518312003,0.19265270314727492
3651,0.3657,26,127,26,234839,441605,20874,105382,3.4976951590419465,0.19265905771069514
3652,0.3658,12,121,12,234960,441484,20886,105370,3.4967367887466736,0.19268397049303837
3653,0.3659,8,81,8,235041,441403,20894,105362,3.496095235077937,0.1927007032271634
3654,0.366,12,106,12,235147,441297,20906,105350,3.495255671017615,0.19272034786617323
3655,0.3661,5,46,5,235193,441251,20911,105345,3.4948913318970978,0.19272918206499864
3656,0.3662,10,49,10,235242,441202,20921,105335,3.4945032315295905,0.19273169062661813
3657,0.3663,8,40,8,235282,441162,20929,105327,3.494186414903054,0.19273398000691688
3658,0.3664,16,150,16,235432,441012,20945,105311,3.492998352553542,0.19276325543680203
3659,0.3665,8,64,8,235496,440948,20953,105303,3.4924914459510834,0.19277401780500172
3660,0.3666,15,171,15,235667,440777,20968,105288,3.49113705487264,0.19281221100052193
3661,0.3667,24,186,24,235853,440591,20992,105264,3.4896638575592447,0.19284242152219913
3662,0.3668,18,150,18,236003,440441,21010,105246,3.4884757952097325,0.19286880574395213
3663,0.3669,13,72,13,236075,440369,21023,105233,3.487905525281967,0.19287502611793944
3664,0.367,5,70,5,236145,440299,21028,105228,3.487351096185528,0.19289237746252705
3665,0.3671,24,148,24,236293,440151,21052,105204,3.4861788746673423,0.19290920593008223
3666,0.3672,13,165,13,236458,439986,21065,105191,3.4848720060828793,0.19294834521632423
3667,0.3673,9,72,9,236530,439914,21074,105182,3.4843017361551136,0.19296050603930318
3668,0.3674,18,201,18,236731,439713,21092,105164,3.482709732606767,0.1930050268225673
3669,0.3675,22,124,22,236855,439589,21114,105142,3.4817276010645037,0.19301636954753815
3670,0.3676,17,108,17,236963,439481,21131,105125,3.480872196172855,0.19302945615729536
3671,0.3677,24,195,24,237158,439286,21155,105101,3.4793277151184894,0.19306302318020085
3672,0.3678,17,181,17,237339,439105,21172,105084,3.4778941198834117,0.1931020288906979
3673,0.3679,9,47,9,237386,439058,21181,105075,3.477521860347231,0.19310536210816107
3674,0.368,10,76,10,237462,438982,21191,105065,3.4769199087568117,0.193117506391911
3675,0.3681,11,148,11,237610,438834,21202,105054,3.475747687238626,0.1931537375341982
3676,0.3682,26,201,26,237811,438633,21228,105028,3.47415568369028,0.19318656295007366
3677,0.3683,19,90,19,237901,438543,21247,105009,3.4734428462805726,0.19319034793359238
3678,0.3684,8,52,8,237953,438491,21255,105001,3.4730309846660754,0.1931969559809528
3679,0.3685,10,97,10,238050,438394,21265,104991,3.4722627043467242,0.19321659596786808
3680,0.3686,6,99,6,238149,438295,21271,104985,3.471478583196046,0.19324289500809896
3681,0.3687,11,123,11,238272,438172,21282,104974,3.4705043720694464,0.19327031774145442
3682,0.3688,14,194,14,238466,437978,21296,104960,3.468967811430744,0.19331857412816933
3683,0.3689,5,79,5,238545,437899,21301,104955,3.468342098593334,0.19333927722739447
3684,0.369,7,55,7,238600,437844,21308,104948,3.4679064757318465,0.19334846497369157
3685,0.3691,18,151,18,238751,437693,21326,104930,3.466710492966671,0.19337551117442497
3686,0.3692,15,86,15,238837,437607,21341,104915,3.4660293372196174,0.1933838627742285
3687,0.3693,40,217,40,239054,437390,21381,104875,3.4643106070206566,0.19340175006684923
3688,0.3694,6,49,6,239103,437341,21387,104869,3.463922506653149,0.19341030228140388
3689,0.3695,7,72,7,239175,437269,21394,104862,3.4633522367253833,0.19342557426157148
3690,0.3696,22,177,22,239352,437092,21416,104840,3.461950323152959,0.19345600555051187
3691,0.3697,11,99,11,239451,436993,21427,104829,3.461166202002281,0.1934749788675986
3692,0.3698,12,78,12,239529,436915,21439,104817,3.460548409580535,0.1934849704281822
3693,0.3699,9,131,9,239660,436784,21448,104808,3.4595108351286274,0.1935183680704294
3694,0.37,5,56,5,239716,436728,21453,104803,3.4590672918514764,0.19353093359382934
3695,0.3701,13,120,13,239836,436608,21466,104790,3.458116841971867,0.19355446455287978
3696,0.3702,11,119,11,239955,436489,21477,104779,3.4571743125079206,0.19358062918923713
3697,0.3703,15,73,15,240028,436416,21492,104764,3.456596122164491,0.1935843896670239
3698,0.3704,11,111,11,240139,436305,21503,104753,3.455716956025852,0.19360770933984897
3699,0.3705,17,119,17,240258,436186,21520,104736,3.454774426561906,0.1936249588665279
3700,0.3706,16,130,16,240388,436056,21536,104720,3.453744772525662,0.1936476470849298
3701,0.3707,10,80,10,240468,435976,21546,104710,3.453111139272589,0.19366138572110245
3702,0.3708,8,120,8,240588,435856,21554,104702,3.4521606893929793,0.19369244373406738
3703,0.3709,15,89,15,240677,435767,21569,104687,3.4514557723989356,0.19370196168406562
3704,0.371,8,96,8,240773,435671,21577,104679,3.450695412495248,0.19372443786434718
3705,0.3711,6,47,6,240820,435624,21583,104673,3.450323152959067,0.19373233610403168
3706,0.3712,8,43,8,240863,435581,21591,104665,3.4499825750855404,0.19373581664649067
3707,0.3713,13,119,13,240982,435462,21604,104652,3.449040045621594,0.1937590953021029
3708,0.3714,3,49,3,241031,435413,21607,104649,3.448651945254087,0.1937721965255841
3709,0.3715,17,120,17,241151,435293,21624,104632,3.4477014953744773,0.19378987822382737
3710,0.3716,16,111,16,241262,435182,21640,104616,3.446822329235838,0.19380583107014104
3711,0.3717,14,113,14,241375,435069,21654,104602,3.4459273222658724,0.1938254973863706
3712,0.3718,14,82,14,241457,434987,21668,104588,3.4452778481814725,0.19383403604688876
3713,0.3719,7,55,7,241512,434932,21675,104581,3.444842225319985,0.19384333649050162
3714,0.372,19,177,19,241689,434755,21694,104562,3.4434403117475605,0.19387855380045502
3715,0.3721,29,192,29,241881,434563,21723,104533,3.441919591940185,0.19390423969014794
3716,0.3722,6,61,6,241942,434502,21729,104527,3.4414364465847167,0.19391721039127766
3717,0.3723,39,227,39,242169,434275,21768,104488,3.4396385122291218,0.19394056384718328
3718,0.3724,18,91,18,242260,434184,21786,104470,3.438917754403751,0.1939463923037794
3719,0.3725,16,137,16,242397,434047,21802,104454,3.4378326574578635,0.19397178463921144
3720,0.3726,25,112,25,242509,433935,21827,104429,3.436945570903561,0.1939747085614937
3721,0.3727,1,47,1,242556,433888,21828,104428,3.4365733113673804,0.1939901470511744
3722,0.3728,27,161,27,242717,433727,21855,104401,3.4352981244455707,0.1940077453691315
3723,0.3729,9,116,9,242833,433611,21864,104392,3.434379356228615,0.19403609273554237
3724,0.373,30,225,30,243058,433386,21894,104362,3.4325972627043466,0.1940723164009908
3725,0.3731,21,110,21,243168,433276,21915,104341,3.4317260169813713,0.19408054432802535
3726,0.3732,18,152,18,243320,433124,21933,104323,3.4305221138005324,0.1941084423208242
3727,0.3733,11,84,11,243404,433040,21944,104312,3.4298567988848054,0.19412228855573255
3728,0.3734,9,92,9,243496,432948,21953,104303,3.4291281206437714,0.1941420304475934
3729,0.3735,13,117,13,243613,432831,21966,104290,3.428201432011152,0.19416481574915148
3730,0.3736,13,74,13,243687,432757,21979,104277,3.4276153212520595,0.19417206359373895
3731,0.3737,7,63,7,243750,432694,21986,104270,3.4271163350652643,0.194184340104737
3732,0.3738,9,145,9,243895,432549,21995,104261,3.425967874794069,0.19422328198058902
3733,0.3739,14,85,14,243980,432464,22009,104247,3.425294639462679,0.19423302298629988
3734,0.374,13,98,13,244078,432366,22022,104234,3.4245184387276644,0.1942489750279538
3735,0.3741,10,40,10,244118,432326,22032,104224,3.424201622101128,0.19424843910166806
3736,0.3742,29,245,29,244363,432081,22061,104195,3.4222611202635913,0.19429361000678755
3737,0.3743,16,130,16,244493,431951,22077,104179,3.4212314662273475,0.19431667692537258
3738,0.3744,9,102,9,244595,431849,22086,104170,3.4204235838296793,0.19434012600299616
3739,0.3745,12,91,12,244686,431758,22098,104158,3.4197028260043085,0.19435508549847363
3740,0.3746,8,86,8,244772,431672,22106,104150,3.419021670257255,0.19437425115056867
3741,0.3747,11,115,11,244887,431557,22117,104139,3.4181108224559624,0.19439943550073177
3742,0.3748,18,162,18,245049,431395,22135,104121,3.4168277151184894,0.1944311654553739
3743,0.3749,20,117,20,245166,431278,22155,104101,3.41590102648587,0.19444356241092758
3744,0.375,6,43,6,245209,431235,22161,104095,3.415560448612343,0.19445015224254197
3745,0.3751,6,57,6,245266,431178,22167,104089,3.4151089849195286,0.19446182933003528
3746,0.3752,11,145,11,245411,431033,22178,104078,3.4139605246483335,0.19449796397382974
3747,0.3753,29,181,29,245592,430852,22207,104049,3.4125269294132554,0.1945201074591373
3748,0.3754,18,114,18,245706,430738,22225,104031,3.4116240020276263,0.19453446254364035
3749,0.3755,18,166,18,245872,430572,22243,104013,3.4103092130275,0.19456774881450098
3750,0.3756,23,212,23,246084,430360,22266,103990,3.408630084906856,0.1946102741648732
3751,0.3757,21,121,21,246205,430239,22287,103969,3.407671714611583,0.1946226937821972
3752,0.3758,17,95,17,246300,430144,22304,103952,3.4069192751235584,0.19463167670231568
3753,0.3759,22,167,22,246467,429977,22326,103930,3.4055965657077683,0.1946593695156647
3754,0.376,10,57,10,246524,429920,22336,103920,3.405145102014954,0.19466506818522403
3755,0.3761,8,85,8,246609,429835,22344,103912,3.4044718666835636,0.1946839982238776
3756,0.3762,9,84,9,246693,429751,22353,103903,3.4038065517678366,0.1947010609870815
3757,0.3763,16,81,16,246774,429670,22369,103887,3.4031649980991,0.19470646997415458
3758,0.3764,14,138,14,246912,429532,22383,103873,3.4020719807375492,0.19473570738931956
3759,0.3765,12,155,12,247067,429377,22395,103861,3.40084431630972,0.19477419088662098
3760,0.3766,10,64,10,247131,429313,22405,103851,3.4003374097072614,0.1947824684337277
3761,0.3767,20,151,20,247282,429162,22425,103831,3.399141426942086,0.19480743649541363
3762,0.3768,6,48,6,247330,429114,22431,103825,3.398761246990242,0.19481591701864567
3763,0.3769,17,87,17,247417,429027,22448,103808,3.398072170827525,0.194822036840673
3764,0.377,8,68,8,247485,428959,22456,103800,3.3975335825624127,0.19483481273896827
3765,0.3771,25,103,25,247588,428856,22481,103775,3.396717779749081,0.1948346979428535
3766,0.3772,20,179,20,247767,428677,22501,103755,3.39530002534533,0.19486995522432912
3767,0.3773,14,118,14,247885,428559,22515,103741,3.394365416297047,0.19489197820777757
3768,0.3774,14,145,14,248030,428414,22529,103727,3.393216956025852,0.19492390174784502
3769,0.3775,17,91,17,248121,428323,22546,103710,3.3924961982004818,0.1949315174058752
3770,0.3776,4,91,4,248212,428232,22550,103706,3.391775440375111,0.19495881098925064
3771,0.3777,14,144,14,248356,428088,22564,103692,3.3906349005195793,0.19499040956786642
3772,0.3778,11,73,11,248429,428015,22575,103681,3.39005671017615,0.1950005266167133
3773,0.3779,7,68,7,248497,427947,22582,103674,3.389518121911038,0.1950148696157601
3774,0.378,4,69,4,248566,427878,22586,103670,3.3889716132302623,0.19503412673925968
3775,0.3781,32,280,32,248846,427598,22618,103638,3.3867538968445063,0.195088435271706
3776,0.3782,6,55,6,248901,427543,22624,103632,3.3863182739830187,0.19509954346495975
3777,0.3783,19,137,19,249038,427406,22643,103613,3.385233177037131,0.19512107853014676
3778,0.3784,24,116,24,249154,427290,22667,103589,3.384314408820175,0.19512732656594065
3779,0.3785,7,94,7,249248,427196,22674,103582,3.383569889747814,0.1951512685152738
3780,0.3786,3,29,3,249277,427167,22677,103579,3.383340197693575,0.19515738225064344
3781,0.3787,15,54,15,249331,427113,22692,103564,3.3829124952477505,0.19515449133842244
3782,0.3788,9,56,9,249387,427057,22701,103555,3.3824689519705995,0.1951614362283552
3783,0.3789,15,80,15,249467,426977,22716,103540,3.3818353187175263,0.1951681095987499
3784,0.379,19,167,19,249634,426810,22735,103521,3.380512609301736,0.19520073312704708
3785,0.3791,6,48,6,249682,426762,22741,103515,3.380132429349892,0.19520929627345707
3786,0.3792,11,77,11,249759,426685,22752,103504,3.3795225573438095,0.1952209495104576
3787,0.3793,10,109,10,249868,426576,22762,103494,3.3786592320364974,0.195245910917426
3788,0.3794,10,100,10,249968,426476,22772,103484,3.377867190470156,0.19526756736357462
3789,0.3795,15,55,15,250023,426421,22787,103469,3.377431567608668,0.19526505501141747
3790,0.3796,11,86,11,250109,426335,22798,103458,3.3767504118616145,0.19528004333768095
3791,0.3797,11,106,11,250215,426229,22809,103447,3.3759108478012925,0.19530241128538955
3792,0.3798,24,94,24,250309,426135,22833,103423,3.3751663287289317,0.19530060918728448
3793,0.3799,23,176,23,250485,425959,22856,103400,3.3737723355721707,0.19533057905882398
3794,0.38,15,149,15,250634,425810,22871,103385,3.3725921936383223,0.19536276797777757
3795,0.3801,32,205,32,250839,425605,22903,103353,3.3709685084273224,0.19538980410542992
3796,0.3802,11,121,11,250960,425484,22914,103342,3.370010138132049,0.19541777446645966
3797,0.3803,8,41,8,251001,425443,22922,103334,3.3696854010898494,0.1954207539284046
3798,0.3804,5,75,5,251076,425368,22927,103329,3.3690913699150933,0.19544086688594792
3799,0.3805,11,82,11,251158,425286,22938,103318,3.368441895830693,0.19545444226680087
3800,0.3806,17,83,17,251241,425203,22955,103301,3.36778450133063,0.19545925858650076
3801,0.3807,15,135,15,251376,425068,22970,103286,3.366715245216069,0.19548635952410695
3802,0.3808,20,115,20,251491,424953,22990,103266,3.3658043974147764,0.19549845802593244
3803,0.3809,2,61,2,251552,424892,22992,103264,3.365321252059308,0.19551799089662902
3804,0.381,22,214,22,251766,424678,23014,103242,3.3636262831073376,0.19556372177602668
3805,0.3811,13,55,13,251821,424623,23027,103229,3.36319066024585,0.19556428695922343
3806,0.3812,15,113,15,251934,424510,23042,103214,3.362295653275884,0.19558329732966476
3807,0.3813,17,146,17,252080,424364,23059,103197,3.3611392725890257,0.19561150274565406
3808,0.3814,11,72,11,252152,424292,23070,103186,3.3605690026612596,0.19562142876100994
3809,0.3815,9,58,9,252210,424234,23079,103177,3.3601096185527815,0.19562921516616075
3810,0.3816,28,194,28,252404,424040,23107,103149,3.358573057914079,0.19565848301083671
3811,0.3817,25,158,25,252562,423882,23132,103124,3.35732163223926,0.19567898657700292
3812,0.3818,9,114,9,252676,423768,23141,103115,3.3564187048536307,0.19570758593463825
3813,0.3819,15,101,15,252777,423667,23156,103100,3.3556187428716258,0.19572220735163745
3814,0.382,12,70,12,252847,423597,23168,103088,3.3550643137751868,0.19572989547832195
3815,0.3821,19,142,19,252989,423455,23187,103069,3.353939614750982,0.19575365985216248
3816,0.3822,14,98,14,253087,423357,23201,103055,3.3531634140159676,0.19576871347917602
3817,0.3823,8,82,8,253169,423275,23209,103047,3.3525139399315678,0.19578698971352138
3818,0.3824,8,110,8,253279,423165,23217,103039,3.351642694208592,0.1958156912528221
3819,0.3825,27,110,27,253389,423055,23244,103012,3.3507714484856166,0.19581536192158033
3820,0.3826,15,103,15,253492,422952,23259,102997,3.349955645672285,0.19583077446672587
3821,0.3827,20,124,20,253616,422828,23279,102977,3.3489735141300216,0.19584636890101845
3822,0.3828,5,64,5,253680,422764,23284,102972,3.348466607527563,0.1958625621985179
3823,0.3829,26,222,26,253902,422542,23310,102946,3.3467082752502852,0.19590552020217397
3824,0.383,11,97,11,253999,422445,23321,102935,3.345939994930934,0.19592485439110738
3825,0.3831,12,101,12,254100,422344,23333,102923,3.345140032948929,0.19594415792349415
3826,0.3832,5,44,5,254144,422300,23338,102918,3.344791534659739,0.1959529185976109
3827,0.3833,16,162,16,254306,422138,23354,102902,3.343508427322266,0.19598887703793996
3828,0.3834,9,49,9,254355,422089,23363,102893,3.3431203269547587,0.19599338643991604
3829,0.3835,11,170,11,254525,421919,23374,102882,3.341773856291978,0.19604002278959073
3830,0.3836,16,77,16,254602,421842,23390,102866,3.3411639842858953,0.19604427605449126
3831,0.3837,11,99,11,254701,421743,23401,102855,3.3403798631352175,0.19606441503780037
3832,0.3838,10,69,10,254770,421674,23411,102845,3.339833354454442,0.19607488003294446
3833,0.3839,8,101,8,254871,421573,23419,102837,3.339033392472437,0.19610037947407563
3834,0.384,9,107,9,254978,421466,23428,102828,3.3381859079964515,0.19612660072402124
3835,0.3841,34,294,34,255272,421172,23462,102794,3.335857305791408,0.19618448525285992
3836,0.3842,24,177,24,255449,420995,23486,102770,3.3344553922189837,0.19621395091310034
3837,0.3843,8,54,8,255503,420941,23494,102762,3.3340276897731593,0.196221904400013
3838,0.3844,10,68,10,255571,420873,23504,102752,3.333489101508047,0.19623203628550967
3839,0.3845,10,106,10,255677,420767,23514,102742,3.3326495374477254,0.1962564158400333
3840,0.3846,17,144,17,255821,420623,23531,102725,3.3315089975921937,0.1962843079557006
3841,0.3847,14,92,14,255913,420531,23545,102711,3.3307803193511596,0.19629731558246472
3842,0.3848,17,83,17,255996,420448,23562,102694,3.3301229248510964,0.19630234238505034
3843,0.3849,12,120,12,256116,420328,23574,102682,3.3291724749714864,0.19632894208523738
3844,0.385,10,108,10,256224,420220,23584,102672,3.3283170700798377,0.19635412283989812
3845,0.3851,25,169,25,256393,420051,23609,102647,3.326978519832721,0.1963791711466277
3846,0.3852,30,118,30,256511,419933,23639,102617,3.326043910784438,0.19637738015500908
3847,0.3853,12,46,12,256557,419887,23651,102605,3.325679571663921,0.19637621245875536
3848,0.3854,11,84,11,256641,419803,23662,102594,3.325014256748194,0.19639086748201082
3849,0.3855,22,120,22,256761,419683,23684,102572,3.3240638068685846,0.1964021407166997
3850,0.3856,5,79,5,256840,419604,23689,102567,3.3234380940311747,0.19642415990164142
3851,0.3857,16,146,16,256986,419458,23705,102551,3.3222817133443163,0.196454467260143
3852,0.3858,9,104,9,257090,419354,23714,102542,3.3214579901153214,0.19647975841930193
3853,0.3859,21,139,21,257229,419215,23735,102521,3.3203570523381067,0.19649976233190733
3854,0.386,17,106,17,257335,419109,23752,102504,3.3195174882777847,0.19651350714035118
3855,0.3861,6,64,6,257399,419045,23758,102498,3.319010581675326,0.19652837829287326
3856,0.3862,23,211,23,257610,418834,23781,102475,3.317339373970346,0.1965724742906798
3857,0.3863,25,139,25,257749,418695,23806,102450,3.3162384361931316,0.19658636272054802
3858,0.3864,9,80,9,257829,418615,23815,102441,3.3156048029400584,0.196602668427194
3859,0.3865,12,110,12,257939,418505,23827,102429,3.3147335572170826,0.19662567618930613
3860,0.3866,27,244,27,258183,418261,23854,102402,3.3128009757952097,0.19667616097168417
3861,0.3867,12,82,12,258265,418179,23866,102390,3.31215150171081,0.1966886234101531
3862,0.3868,14,108,14,258373,418071,23880,102376,3.311296096819161,0.1967078299999808
3863,0.3869,22,146,22,258519,417925,23902,102354,3.3101397161323027,0.1967290626759873
3864,0.387,32,248,32,258767,417677,23934,102322,3.308175453047776,0.19677345533356794
3865,0.3871,16,166,16,258933,417511,23950,102306,3.3068606640476492,0.19681157022567558
3866,0.3872,13,109,13,259042,417402,23963,102293,3.305997338740337,0.19683275767517486
3867,0.3873,17,179,17,259221,417223,23980,102276,3.304579584336586,0.1968742961969128
3868,0.3874,27,173,27,259394,417050,24007,102249,3.3032093524268156,0.19689812612772217
3869,0.3875,8,91,8,259485,416959,24015,102241,3.302488594601445,0.19692026194144838
3870,0.3876,10,133,10,259618,416826,24025,102231,3.3014351793182106,0.1969552476895601
3871,0.3877,28,239,28,259857,416587,24053,102203,3.299542199974655,0.19700264076023052
3872,0.3878,28,235,28,260092,416352,24081,102175,3.2976809022937523,0.19704856256279807
3873,0.3879,5,99,5,260191,416253,24086,102170,3.2968967811430745,0.1970784475225829
3874,0.388,12,48,12,260239,416205,24098,102158,3.2965166011912306,0.19707810935579892
3875,0.3881,8,71,8,260310,416134,24106,102150,3.2959542516791283,0.19709271364734393
3876,0.3882,13,118,13,260428,416016,24119,102137,3.2950196426308453,0.19711745372505804
3877,0.3883,20,138,20,260566,415878,24139,102117,3.293926625269294,0.1971389685228622
3878,0.3884,10,72,10,260638,415806,24149,102107,3.2933563553415284,0.1971508728299927
3879,0.3885,20,149,20,260787,415657,24169,102087,3.2921762134076795,0.19717659692821163
3880,0.3886,17,168,17,260955,415489,24186,102070,3.290845583576226,0.19721423064810004
3881,0.3887,15,164,15,261119,415325,24201,102055,3.2895466354074263,0.1972534694035332
3882,0.3888,15,108,15,261227,415217,24216,102040,3.2886912305157776,0.19727137573778605
3883,0.3889,5,48,5,261275,415169,24221,102035,3.2883110505639337,0.19728192357367694
3884,0.389,18,155,18,261430,415014,24239,102017,3.2870833861361044,0.19731312048987393
3885,0.3891,23,145,23,261575,414869,24262,101994,3.2859349258649093,0.1973327554883983
3886,0.3892,17,95,17,261670,414774,24279,101977,3.2851824863768853,0.19734262730018906
3887,0.3893,12,104,12,261774,414670,24291,101965,3.28435876314789,0.19736370938863995
3888,0.3894,24,205,24,261979,414465,24315,101941,3.28273507793689,0.19740475517325515
3889,0.3895,17,136,17,262115,414329,24332,101924,3.281657901406666,0.19743032970268454
3890,0.3896,36,219,36,262334,414110,24368,101888,3.279923330376378,0.19745812968267318
3891,0.3897,6,86,6,262420,414024,24374,101882,3.2792421746293248,0.19748171178470497
3892,0.3898,16,149,16,262569,413875,24390,101866,3.278062032695476,0.19751386839518284
3893,0.3899,19,138,19,262707,413737,24409,101847,3.2769690153339246,0.1975371617428004
3894,0.39,8,56,8,262763,413681,24417,101839,3.2765254720567736,0.1975461669770329
3895,0.3901,10,110,10,262873,413571,24427,101829,3.275654226333798,0.19757275902211874
3896,0.3902,14,101,14,262974,413470,24441,101815,3.2748542643517933,0.19758968337910088
3897,0.3903,8,77,8,263051,413393,24449,101807,3.2742443923457105,0.1976067546583851
3898,0.3904,9,101,9,263152,413292,24458,101798,3.2734444303637056,0.19763148187695354
3899,0.3905,18,181,18,263333,413111,24476,101780,3.2720108351286274,0.19767290552757769
3900,0.3906,23,111,23,263444,413000,24499,101757,3.2711316689899887,0.1976796818693092
3901,0.3907,15,83,15,263527,412917,24514,101742,3.270474274489925,0.19768817799747018
3902,0.3908,12,92,12,263619,412825,24526,101730,3.269745596248891,0.19770481289658054
3903,0.3909,18,135,18,263754,412690,24544,101712,3.26867634013433,0.19772862469430524
3904,0.391,18,111,18,263865,412579,24562,101694,3.2677971739956915,0.1977432219852102
3905,0.3911,20,155,20,264020,412424,24582,101674,3.266569509567862,0.1977716310897922
3906,0.3912,20,134,20,264154,412290,24602,101654,3.2655081738689646,0.19779197733605217
3907,0.3913,25,143,25,264297,412147,24627,101629,3.2643755544290967,0.19780799414530847
3908,0.3914,6,52,6,264349,412095,24633,101623,3.263963692814599,0.19781864758486173
3909,0.3915,12,42,12,264391,412053,24645,101611,3.2636310353567355,0.19781608210814852
3910,0.3916,16,149,16,264540,411904,24661,101595,3.2624508934228866,0.19784848655985698
3911,0.3917,9,93,9,264633,411811,24670,101586,3.2617142947661892,0.19787026414256415
3912,0.3918,22,142,22,264775,411669,24692,101564,3.2605895957419846,0.1978906266744344
3913,0.3919,16,122,16,264897,411547,24708,101548,3.259623305031048,0.19791266724485718
3914,0.392,16,105,16,265002,411442,24724,101532,3.2587916613863896,0.19792816010168157
3915,0.3921,7,41,7,265043,411401,24731,101525,3.2584669243441895,0.19793303517466457
3916,0.3922,6,42,6,265085,411359,24737,101519,3.258134266886326,0.19793986094158844
3917,0.3923,12,76,12,265161,411283,24749,101507,3.2575323152959066,0.197950428050469
3918,0.3924,9,79,9,265240,411204,24758,101498,3.256906602458497,0.19796685013906715
3919,0.3925,11,128,11,265368,411076,24769,101487,3.25589278925358,0.19799907523562957
3920,0.3926,11,66,11,265434,411010,24780,101476,3.255370041819795,0.19800736020105916
3921,0.3927,27,111,27,265545,410899,24807,101449,3.2544908756811557,0.19800799456619328
3922,0.3928,14,61,14,265606,410838,24821,101435,3.2540077303256876,0.19800965500816947
3923,0.3929,20,159,20,265765,410679,24841,101415,3.2527483842352045,0.19803981300308146
3924,0.393,14,98,14,265863,410581,24855,101401,3.25197218350019,0.1980557910239032
3925,0.3931,32,279,32,266142,410302,24887,101369,3.2497623875300974,0.1981136316109375
3926,0.3932,13,65,13,266207,410237,24900,101356,3.2492475605119755,0.19811842617080375
3927,0.3933,15,58,15,266265,410179,24915,101341,3.248788176403498,0.19811737566468565
3928,0.3934,2,43,2,266308,410136,24917,101339,3.248447598529971,0.1981308959382179
3929,0.3935,9,50,9,266358,410086,24926,101330,3.2480515777468,0.19813615530214151
3930,0.3936,33,270,33,266628,409816,24959,101297,3.245913065517678,0.19818905017090155
3931,0.3937,27,175,27,266803,409641,24986,101270,3.244526992776581,0.19821456183170846
3932,0.3938,18,109,18,266912,409532,25004,101252,3.243663667469269,0.19822860543791504
3933,0.3939,21,136,21,267048,409396,25025,101231,3.2425864909390443,0.19824842791313424
3934,0.394,16,121,16,267169,409275,25041,101215,3.2416281206437714,0.19827028932985954
3935,0.3941,21,143,21,267312,409132,25062,101194,3.2404955012039034,0.19829285593914478
3936,0.3942,36,190,36,267502,408942,25098,101158,3.2389906222278544,0.19831013526759458
3937,0.3943,33,166,33,267668,408776,25131,101125,3.237675833227728,0.1983228116830522
3938,0.3944,10,90,10,267758,408686,25141,101115,3.2369629958180206,0.198342098191255
3939,0.3945,10,99,10,267857,408587,25151,101105,3.2361788746673423,0.19836489487769085
3940,0.3946,12,134,12,267991,408453,25163,101093,3.2351175389684452,0.19839818191095604
3941,0.3947,7,63,7,268054,408390,25170,101086,3.23461855278165,0.19841170143441497
3942,0.3948,12,84,12,268138,408306,25182,101074,3.233953237865923,0.19842553692724488
3943,0.3949,10,66,10,268204,408240,25192,101064,3.233430490432138,0.1984355119928373
3944,0.395,23,143,23,268347,408097,25215,101041,3.23229787099227,0.19845503576633447
3945,0.3951,12,87,12,268434,408010,25227,101029,3.2316087948295524,0.19847005828630027
3946,0.3952,18,150,18,268584,407860,25245,101011,3.2304207324800407,0.198500209286833
3947,0.3953,8,47,8,268631,407813,25253,101003,3.23004847294386,0.19850594320933304
3948,0.3954,10,77,10,268708,407736,25263,100993,3.2294386009377773,0.19852023375903477
3949,0.3955,28,268,28,268976,407468,25291,100965,3.2273159295399823,0.19858073728495199
3950,0.3956,8,46,8,269022,407422,25299,100957,3.226951590419465,0.19858609423284596
3951,0.3957,18,175,18,269197,407247,25317,100939,3.2255655176783677,0.19862609359565198
3952,0.3958,26,156,26,269353,407091,25343,100913,3.224329932834875,0.19864607365296336
3953,0.3959,10,66,10,269419,407025,25353,100903,3.22380718540109,0.1986561087398214
3954,0.396,7,44,7,269463,406981,25360,100896,3.2234586871118998,0.19866227452710006
3955,0.3961,18,139,18,269602,406842,25378,100878,3.222357749334685,0.1986882533679981
3956,0.3962,16,120,16,269722,406722,25394,100862,3.2214072994550755,0.19870996721724876
3957,0.3963,30,194,30,269916,406528,25424,100832,3.219870738816373,0.19873856827499212
3958,0.3964,12,63,12,269979,406465,25436,100820,3.219371752629578,0.19874429561291976
3959,0.3965,21,147,21,270126,406318,25457,100799,3.2182074515270562,0.19876872595475994
3960,0.3966,5,88,5,270214,406230,25462,100794,3.2175104549486755,0.1987953232983054
3961,0.3967,42,242,42,270456,405988,25504,100752,3.2155937143581297,0.19882385444212022
3962,0.3968,11,112,11,270568,405876,25515,100741,3.214706627803827,0.19885041362607256
3963,0.3969,21,137,21,270705,405739,25536,100720,3.2136215308579392,0.19887098462067018
3964,0.397,8,60,8,270765,405679,25544,100712,3.2131463059181344,0.19888189166079176
3965,0.3971,28,166,28,270931,405513,25572,100684,3.211831516918008,0.19890279871275413
3966,0.3972,25,139,25,271070,405374,25597,100659,3.2107305791407934,0.19891785713579943
3967,0.3973,7,102,7,271172,405272,25604,100652,3.209922696743125,0.19894687739660502
3968,0.3974,6,39,6,271211,405233,25610,100646,3.209613800532252,0.1989527139889183
3969,0.3975,19,142,19,271353,405091,25629,100627,3.208489101508047,0.1989784820789452
3970,0.3976,11,92,11,271445,404999,25640,100616,3.207760423267013,0.1989972607616467
3971,0.3977,12,69,12,271514,404930,25652,100604,3.2072139145862373,0.19900540814267687
3972,0.3978,16,88,16,271602,404842,25668,100588,3.206516918007857,0.1990147003541539
3973,0.3979,12,88,12,271690,404754,25680,100576,3.2058199214294767,0.19903033661171907
3974,0.398,7,103,7,271793,404651,25687,100569,3.205004118616145,0.1990598155259095
3975,0.3981,9,61,9,271854,404590,25696,100560,3.2045209732606765,0.19906958329209146
3976,0.3982,12,70,12,271924,404520,25708,100548,3.2039665441642375,0.19907814393309417
3977,0.3983,27,205,27,272129,404315,25735,100521,3.2023428589532377,0.19911614861063792
3978,0.3984,24,230,24,272359,404085,25759,100497,3.2005211633506527,0.19916881696136604
3979,0.3985,9,102,9,272461,403983,25768,100488,3.1997132809529845,0.1991948000975279
3980,0.3986,8,64,8,272525,403919,25776,100480,3.199206374350526,0.19920737352770326
3981,0.3987,16,91,16,272616,403828,25792,100464,3.198485616525155,0.19921791343110737
3982,0.3988,30,194,30,272810,403634,25822,100434,3.196949055886453,0.19924692700191243
3983,0.3989,17,167,17,272977,403467,25839,100417,3.1956263464706627,0.1992859467655254
3984,0.399,4,65,4,273042,403402,25843,100413,3.195111519452541,0.19930530055675197
3985,0.3991,13,93,13,273135,403309,25856,100400,3.1943749207958434,0.1993214336055143
3986,0.3992,11,78,11,273213,403231,25867,100389,3.193757128374097,0.19933481593264762
3987,0.3993,7,56,7,273269,403175,25874,100382,3.193313585096946,0.19934585359750734
3988,0.3994,9,75,9,273344,403100,25883,100373,3.1927195539221898,0.1993612368488479
3989,0.3995,27,142,27,273486,402958,25910,100346,3.191594854897985,0.19937453308537187
3990,0.3996,13,82,13,273568,402876,25923,100333,3.1909453808135853,0.1993863384796377
3991,0.3997,5,48,5,273616,402828,25928,100328,3.1905652008617413,0.19939740358854907
3992,0.3998,26,224,26,273840,402604,25954,100302,3.1887910277531364,0.199444826667409
3993,0.3999,26,140,26,273980,402464,25980,100276,3.1876821695602584,0.1994589648724987
3994,0.4,16,112,16,274092,402352,25996,100260,3.186795083005956,0.19947792730774436
3995,0.4001,14,158,14,274250,402194,26010,100246,3.1855436573311366,0.19951835044980495
3996,0.4002,8,60,8,274310,402134,26018,100238,3.185068432391332,0.19952943237282333
3997,0.4003,17,104,17,274414,402030,26035,100221,3.184244709162337,0.19954365446758693
3998,0.4004,6,40,6,274454,401990,26041,100215,3.1839278925358,0.19954998456805487
3999,0.4005,13,75,13,274529,401915,26054,100202,3.183333861361044,0.1995590669107001
4000,0.4006,13,88,13,274617,401827,26067,100189,3.1826368647826637,0.19957332037225906
4001,0.4007,13,64,13,274681,401763,26080,100176,3.182129958180205,0.19957803637493798
4002,0.4008,26,219,26,274900,401544,26106,100150,3.1803953871499178,0.1996236749891368
4003,0.4009,8,65,8,274965,401479,26114,100142,3.179880560131796,0.19963677756712736
4004,0.401,9,76,9,275041,401403,26123,100133,3.1792786085413764,0.19965266700695464
4005,0.4011,17,117,17,275158,401286,26140,100116,3.178351919908757,0.19967211937726614
4006,0.4012,11,67,11,275225,401219,26151,100105,3.177821252059308,0.199681244065714
4007,0.4013,33,173,33,275398,401046,26184,100072,3.1764510201495373,0.1996974764426742
4008,0.4014,27,127,27,275525,400919,26211,100045,3.175445127360284,0.19970496882011482
4009,0.4015,11,72,11,275597,400847,26222,100034,3.174874857432518,0.19971610023139227
4010,0.4016,7,42,7,275639,400805,26229,100027,3.174542199974655,0.19972166315251422
4011,0.4017,28,157,28,275796,400648,26257,99999,3.173298694715499,0.19973953703907144
4012,0.4018,15,147,15,275943,400501,26272,99984,3.1721343936129767,0.19977421900756268
4013,0.4019,23,162,23,276105,400339,26295,99961,3.1708512862755036,0.19980211872876275
4014,0.402,40,246,40,276351,400093,26335,99921,3.168902864022304,0.19983640458067173
4015,0.4021,21,104,21,276455,399989,26356,99900,3.1680791407933087,0.1998443654491297
4016,0.4022,16,101,16,276556,399888,26372,99884,3.167279178811304,0.19985913576590925
4017,0.4023,3,59,3,276615,399829,26375,99881,3.1668118742871627,0.19987792919893538
4018,0.4024,29,219,29,276834,399610,26404,99852,3.165077303256875,0.19991911296555093
4019,0.4025,10,56,10,276890,399554,26414,99842,3.164633759979724,0.19992551001609946
4020,0.4026,8,62,8,276952,399492,26422,99834,3.164142694208592,0.19993751577125965
4021,0.4027,12,94,12,277046,399398,26434,99822,3.1633981751362312,0.1999559312527543
4022,0.4028,19,131,19,277177,399267,26453,99803,3.162360600684324,0.19997795900374696
4023,0.4029,17,86,17,277263,399181,26470,99786,3.1616794449372705,0.19998516935989755
4024,0.403,19,148,19,277411,399033,26489,99767,3.160507223419085,0.200014033680834
4025,0.4031,22,155,22,277566,398878,26511,99745,3.1592795589912557,0.20004091267350282
4026,0.4032,9,88,9,277654,398790,26520,99736,3.1585825624128754,0.20006178213373024
4027,0.4033,15,76,15,277730,398714,26535,99721,3.157980610822456,0.2000682135082809
4028,0.4034,13,154,13,277884,398560,26548,99708,3.15676086681029,0.20010917819326146
4029,0.4035,9,107,9,277991,398453,26557,99699,3.155913382334305,0.20013770897236186
4030,0.4036,34,203,34,278194,398250,26591,99665,3.154305537954632,0.20016468674372132
4031,0.4037,6,65,6,278259,398185,26597,99659,3.15379071093651,0.20018118125356538
4032,0.4038,9,52,9,278311,398133,26606,99650,3.1533788493220123,0.20018763196011113
4033,0.4039,24,126,24,278437,398007,26630,99626,3.1523808769484223,0.20019974559564982
4034,0.404,3,37,3,278474,397970,26633,99623,3.152087821568876,0.20020981002546256
4035,0.4041,21,113,21,278587,397857,26654,99602,3.15119281459891,0.20022152579408553
4036,0.4042,11,126,11,278713,397731,26665,99591,3.15019484222532,0.20025456344179424
4037,0.4043,37,303,37,279016,397428,26702,99554,3.1477949562793057,0.2003171141007119
4038,0.4044,27,180,27,279196,397248,26729,99527,3.146369281459891,0.20034623320416686
4039,0.4045,32,176,32,279372,397072,26761,99495,3.1449752883031303,0.20036571097153053
4040,0.4046,21,178,21,279550,396894,26782,99474,3.1435654543150426,0.20040373271443768
4041,0.4047,9,62,9,279612,396832,26791,99465,3.1430743885439107,0.2004142680693214
4042,0.4048,30,166,30,279778,396666,26821,99435,3.141759599543784,0.20043297634957397
4043,0.4049,21,123,21,279901,396543,26842,99414,3.1407853884171844,0.2004488292331795
4044,0.405,13,109,13,280010,396434,26855,99401,3.139922063109872,0.20047193118678594
4045,0.4051,19,97,19,280107,396337,26874,99382,3.1391537827905207,0.20048051416225723
4046,0.4052,21,132,21,280239,396205,26895,99361,3.1381082879229503,0.20050003430420973
4047,0.4053,14,110,14,280349,396095,26909,99347,3.1372370421999745,0.20052195817068397
4048,0.4054,23,146,23,280495,395949,26932,99324,3.136080661513116,0.20054394243174975
4049,0.4055,32,239,32,280734,395710,26964,99292,3.1341876821695602,0.20058908852893523
4050,0.4056,23,113,23,280847,395597,26987,99269,3.1332926751995944,0.20059773756936222
4051,0.4057,15,113,15,280960,395484,27002,99254,3.1323976682296286,0.20061931769946922
4052,0.4058,9,71,9,281031,395413,27011,99245,3.1318353187175263,0.2006335690517489
4053,0.4059,12,50,12,281081,395363,27023,99233,3.1314392979343557,0.2006344572135642
4054,0.406,18,121,18,281202,395242,27041,99215,3.1304809276390824,0.20065445529136003
4055,0.4061,8,85,8,281287,395157,27049,99207,3.1298076923076925,0.20067602009855087
4056,0.4062,20,160,20,281447,394997,27069,99187,3.128540425801546,0.20070864293461543
4057,0.4063,9,69,9,281516,394928,27078,99178,3.1279939171207705,0.20072211225931277
4058,0.4064,19,86,19,281602,394842,27097,99159,3.127312761373717,0.2007263143192018
4059,0.4065,27,132,27,281734,394710,27124,99132,3.1262672665061464,0.20073626787515036
4060,0.4066,13,86,13,281820,394624,27137,99119,3.1255861107590928,0.20075018785076446
4061,0.4067,9,67,9,281887,394557,27146,99110,3.1250554429096438,0.20076286241535285
4062,0.4068,24,149,24,282036,394408,27170,99086,3.1238753009757954,0.20078460933668899
4063,0.4069,21,148,21,282184,394260,27191,99065,3.12270307945761,0.20081082450717072
4064,0.407,12,97,12,282281,394163,27203,99053,3.1219347991382587,0.20083087328878219
4065,0.4071,17,86,17,282367,394077,27220,99036,3.121253643391205,0.20083834739704692
4066,0.4072,31,143,31,282510,393934,27251,99005,3.120121023951337,0.20084635218556454
4067,0.4073,17,99,17,282609,393835,27268,98988,3.119336902800659,0.20085913198044733
4068,0.4074,17,80,17,282689,393755,27285,98971,3.118703269547586,0.20086417197387596
4069,0.4075,12,125,12,282814,393630,27297,98959,3.117713217589659,0.200895675705304
4070,0.4076,26,159,26,282973,393471,27323,98933,3.1164538714991763,0.20091835159746874
4071,0.4077,3,69,3,283042,393402,27326,98930,3.1159073628184006,0.2009416410064753
4072,0.4078,23,185,23,283227,393217,27349,98907,3.114442085920669,0.2009798343506921
4073,0.4079,24,158,24,283385,393059,27373,98883,3.11319066024585,0.20100540307597237
4074,0.408,17,103,17,283488,392956,27390,98866,3.112374857432518,0.20101988117652322
4075,0.4081,19,120,19,283608,392836,27409,98847,3.1114244075529083,0.20103806720997064
4076,0.4082,11,88,11,283696,392748,27420,98836,3.110727410974528,0.20105617758104413
4077,0.4083,19,129,19,283825,392619,27439,98817,3.1097056773539475,0.20107806509901593
4078,0.4084,29,164,29,283989,392455,27468,98788,3.108406729185148,0.2010980309134176
4079,0.4085,17,106,17,284095,392349,27485,98771,3.107567165124826,0.20111378074604985
4080,0.4086,6,63,6,284158,392286,27491,98765,3.1070681789380306,0.20112982154603087
4081,0.4087,18,124,18,284282,392162,27509,98747,3.106086047395767,0.20115133354654324
4082,0.4088,12,64,12,284346,392098,27521,98735,3.1055791407933087,0.2011580313467106
4083,0.4089,20,104,20,284450,391994,27541,98715,3.1047554175643137,0.20116810574087698
4084,0.409,16,64,16,284514,391930,27557,98699,3.104248510961855,0.20116829620752136
4085,0.4091,7,72,7,284586,391858,27564,98692,3.1036782410340895,0.20118642340230353
4086,0.4092,20,114,20,284700,391744,27584,98672,3.1027753136484604,0.2012006133568236
4087,0.4093,3,48,3,284748,391696,27587,98669,3.1023951336966165,0.20121542116586624
4088,0.4094,22,174,22,284922,391522,27609,98647,3.1010169813711825,0.2012509971050801
4089,0.4095,18,115,18,285037,391407,27627,98629,3.1001061335698896,0.20126888636753218
4090,0.4096,11,95,11,285132,391312,27638,98618,3.0993536940818656,0.20128998020125324
4091,0.4097,15,128,15,285260,391184,27653,98603,3.0983398808769484,0.20131812400084118
4092,0.4098,9,90,9,285350,391094,27662,98594,3.097627043467241,0.20134044534479098
4093,0.4099,8,63,8,285413,391031,27670,98586,3.0971280572804463,0.2013533026835261
4094,0.41,20,100,20,285513,390931,27690,98566,3.0963360157141047,0.20136180609891377
4095,0.4101,11,96,11,285609,390835,27701,98555,3.095575655810417,0.2013833547886144
4096,0.4102,7,106,7,285715,390729,27708,98548,3.0947360917500952,0.2014155580581143
4097,0.4103,5,59,5,285774,390670,27713,98543,3.0942687872259538,0.20143168722008614
4098,0.4104,22,156,22,285930,390514,27735,98521,3.093033202382461,0.20146001819910642
4099,0.4105,15,115,15,286045,390399,27750,98506,3.0921223545811682,0.201482905676972
4100,0.4106,16,126,16,286171,390273,27766,98490,3.0911243822075782,0.20150870667378668
4101,0.4107,17,112,17,286283,390161,27783,98473,3.0902372956532758,0.20152711436371598
4102,0.4108,26,119,26,286402,390042,27809,98447,3.0892947661893295,0.2015337090497432
4103,0.4109,23,106,23,286508,389936,27832,98424,3.088455202129008,0.20153984765337046
4104,0.411,22,142,22,286650,389794,27854,98402,3.087330503104803,0.20156248719776484
4105,0.4111,5,66,5,286716,389728,27859,98397,3.0868077556710176,0.20158156209987196
4106,0.4112,14,113,14,286829,389615,27873,98383,3.085912748701052,0.201605334448092
4107,0.4113,35,273,35,287102,389342,27908,98348,3.0837504752249396,0.20166089113986344
4108,0.4114,6,51,6,287153,389291,27914,98342,3.0833465340261057,0.20167215918528894
4109,0.4115,14,123,14,287276,389168,27928,98328,3.0823723228995057,0.20170011651377653
4110,0.4116,24,106,24,287382,389062,27952,98304,3.081532758839184,0.20170467369492331
4111,0.4117,44,311,44,287693,388751,27996,98260,3.079069509567862,0.20176135651966792
4112,0.4118,7,77,7,287770,388674,28003,98253,3.0784596375617794,0.20178178659224072
4113,0.4119,8,64,8,287834,388610,28011,98245,3.077952730959321,0.20179519569481674
4114,0.412,9,103,9,287937,388507,28020,98236,3.0771369281459893,0.20182313869947796
4115,0.4121,8,48,8,287985,388459,28028,98228,3.0767567481941454,0.20182992354429027
4116,0.4122,28,220,28,288205,388239,28056,98200,3.075014256748194,0.20187526082407045
4117,0.4123,31,242,31,288447,387997,28087,98169,3.073097516157648,0.2019248569418676
4118,0.4124,15,44,15,288491,387953,28102,98154,3.0727490178684578,0.20191850765366473
4119,0.4125,9,54,9,288545,387899,28111,98145,3.0723213154226334,0.20192616306342637
4120,0.4126,25,192,25,288737,387707,28136,98120,3.0708005956152578,0.20196489696949738
4121,0.4127,17,120,17,288857,387587,28153,98103,3.069850145735648,0.2019868640490848
4122,0.4128,16,95,16,288952,387492,28169,98087,3.0690977062476237,0.20200008649467954
4123,0.4129,23,119,23,289071,387373,28192,98064,3.0681551767836774,0.20201179555740498
4124,0.413,15,67,15,289138,387306,28207,98049,3.067624508934229,0.20201501993386284
4125,0.4131,29,178,29,289316,387128,28236,98020,3.066214674946141,0.20204143890111884
4126,0.4132,9,97,9,289413,387031,28245,98011,3.06544639462679,0.20206703749366034
4127,0.4133,15,81,15,289494,386950,28260,97996,3.0648048409580535,0.20207610744289056
4128,0.4134,13,126,13,289620,386824,28273,97983,3.0638068685844635,0.20210723029989253
4129,0.4135,18,148,18,289768,386676,28291,97965,3.062634647066278,0.20213931549332392
4130,0.4136,15,121,15,289889,386555,28306,97950,3.061676276771005,0.20216509633543514
4131,0.4137,5,66,5,289955,386489,28311,97945,3.0611535293372194,0.20218440489313302
4132,0.4138,9,66,9,290021,386423,28320,97936,3.060630781903434,0.20219713064070247
4133,0.4139,34,188,34,290209,386235,28354,97902,3.0591417437587123,0.20221961965311472
4134,0.414,39,354,39,290563,385881,28393,97863,3.056337916613864,0.2023032843818218
4135,0.4141,17,128,17,290691,385753,28410,97846,3.055324103408947,0.20232878893463385
4136,0.4142,15,139,15,290830,385614,28425,97831,3.0542231656317322,0.20236221286806153
4137,0.4143,23,120,23,290950,385494,28448,97808,3.0532727157521227,0.2023744987606093
4138,0.4144,14,88,14,291038,385406,28462,97794,3.0525757191737424,0.2023882450331126
4139,0.4145,21,134,21,291172,385272,28483,97773,3.051514383474845,0.20240971338074093
4140,0.4146,30,199,30,291371,385073,28513,97743,3.0499382207578254,0.20244358099151644
4141,0.4147,36,271,36,291642,384802,28549,97707,3.0477917881130403,0.2024977772435333
4142,0.4148,6,58,6,291700,384744,28555,97701,3.047332404004562,0.20251220346360724
4143,0.4149,16,130,16,291830,384614,28571,97685,3.0463027499683184,0.2025403328640532
4144,0.415,15,118,15,291948,384496,28586,97670,3.0453681409200355,0.20256509169041367
4145,0.4151,12,130,12,292078,384366,28598,97658,3.0443384868837917,0.20259987054586492
4146,0.4152,20,148,20,292226,384218,28618,97638,3.043166265365606,0.20262900119537788
4147,0.4153,15,104,15,292330,384114,28633,97623,3.0423425421366113,0.2026479178472901
4148,0.4154,16,147,16,292477,383967,28649,97607,3.0411782410340895,0.20268328439658287
4149,0.4155,14,104,14,292581,383863,28663,97593,3.0403545178050946,0.20270388155927022
4150,0.4156,13,40,13,292621,383823,28676,97580,3.0400377011785578,0.20269919381474566
4151,0.4157,9,95,9,292716,383728,28685,97571,3.0392852616905337,0.20272429404590495
4152,0.4158,22,138,22,292854,383590,28707,97549,3.0381922443289824,0.20274598400877916
4153,0.4159,9,79,9,292933,383511,28716,97540,3.0375665314915725,0.20276436386162797
4154,0.416,22,146,22,293079,383365,28738,97518,3.036410150804714,0.20278945190410141
4155,0.4161,20,159,20,293238,383206,28758,97498,3.0351508047142315,0.20282335907335908
4156,0.4162,11,66,11,293304,383140,28769,97487,3.0346280572804463,0.20283296610469242
4157,0.4163,6,72,6,293376,383068,28775,97481,3.03405778735268,0.20285340308688604
4158,0.4164,22,116,22,293492,382952,28797,97459,3.0331390191357244,0.20286587942407647
4159,0.4165,12,73,12,293565,382879,28809,97447,3.032560828792295,0.20287679617593052
4160,0.4166,21,139,21,293704,382740,28830,97426,3.0314598910150803,0.2029006635205325
4161,0.4167,9,83,9,293787,382657,28839,97417,3.030802496515017,0.2029207997100447
4162,0.4168,16,131,16,293918,382526,28855,97401,3.02976492206311,0.20294961525398655
4163,0.4169,34,212,34,294130,382314,28889,97367,3.028085793942466,0.20298281566290932
4164,0.417,17,127,17,294257,382187,28906,97350,3.0270799011532126,0.20300831844049572
4165,0.4171,36,259,36,294516,381928,28942,97314,3.0250285134963883,0.20305816268190183
4166,0.4172,31,250,31,294766,381678,28973,97283,3.023048409580535,0.20311257075210717
4167,0.4173,16,166,16,294932,381512,28989,97267,3.021733620580408,0.2031563623300103
4168,0.4174,8,103,8,295035,381409,28997,97259,3.0209178177670766,0.20318675992545981
4169,0.4175,51,306,51,295341,381103,29048,97208,3.0184941705740718,0.20323178852253032
4170,0.4176,14,88,14,295429,381015,29062,97194,3.0177971739956915,0.2032458611193014
4171,0.4177,23,151,23,295580,380864,29085,97171,3.016601191230516,0.20327172696559875
4172,0.4178,8,81,8,295661,380783,29093,97163,3.0159596375617794,0.20329284061379319
4173,0.4179,10,62,10,295723,380721,29103,97153,3.0154685717906475,0.20330254418528734
4174,0.418,24,152,24,295875,380569,29127,97129,3.0142646686098087,0.20332720672893753
4175,0.4181,11,59,11,295934,380510,29138,97118,3.0137973640856672,0.20333397539507733
4176,0.4182,18,122,18,296056,380388,29156,97100,3.0128310733747306,0.20335589585497438
4177,0.4183,13,59,13,296115,380329,29169,97087,3.012363768850589,0.20335933441694456
4178,0.4184,42,278,42,296393,380051,29211,97045,3.0101618932961602,0.20340769991783625
4179,0.4185,9,93,9,296486,379958,29220,97036,3.009425294639463,0.20343232828924473
4180,0.4186,29,216,29,296702,379742,29249,97007,3.0077144848561654,0.20347604294922486
4181,0.4187,12,128,12,296830,379614,29261,96995,3.0067006716512483,0.203510634503335
4182,0.4188,23,129,23,296959,379485,29284,96972,3.005678938030668,0.20352728577814996
4183,0.4189,7,53,7,297012,379432,29291,96965,3.005259156000507,0.20353822547161296
4184,0.419,23,158,23,297170,379274,29314,96942,3.0040077303256876,0.20356728879332067
4185,0.4191,15,94,15,297264,379180,29329,96927,3.0032632112533264,0.2035823879926151
4186,0.4192,22,94,22,297358,379086,29351,96905,3.0025186921809657,0.20358578208411504
4187,0.4193,29,117,29,297475,378969,29380,96876,3.001592003548346,0.20358730258802762
4188,0.4194,18,88,18,297563,378881,29398,96858,3.000895006969966,0.20359482825667016
4189,0.4195,14,150,14,297713,378731,29412,96844,2.9997069446204536,0.20363559901172265
4190,0.4196,14,140,14,297853,378591,29426,96830,2.9985980864275756,0.20367211376863875
4191,0.4197,16,137,16,297990,378454,29442,96814,2.997512989481688,0.20370401541866903
4192,0.4198,33,140,33,298130,378314,29475,96781,2.99640413128881,0.20370873193782296
4193,0.4199,12,70,12,298200,378244,29487,96769,2.995849702192371,0.20371863506893495
4194,0.42,18,166,18,298366,378078,29505,96751,2.9945349131922443,0.20375966927041103
4195,0.4201,26,163,26,298529,377915,29531,96725,2.993243885439108,0.20378602730490478
4196,0.4202,19,118,19,298647,377797,29550,96706,2.992309276390825,0.20380482315180304
4197,0.4203,12,83,12,298730,377714,29562,96694,2.991651881890762,0.20382034029780274
4198,0.4204,15,98,15,298828,377616,29577,96679,2.990875681155747,0.20383727427023265
4199,0.4205,28,109,28,298937,377507,29605,96651,2.990012355848435,0.20383711758527748
4200,0.4206,12,106,12,299043,377401,29617,96639,2.9891727917881132,0.20386254324529576
4201,0.4207,18,87,18,299130,377314,29635,96621,2.988483715625396,0.20386972897127242
4202,0.4208,16,157,16,299287,377157,29651,96605,2.98724021036624,0.20391040226949397
4203,0.4209,22,89,22,299376,377068,29673,96583,2.9865352933721963,0.20391174092316916
4204,0.421,38,207,38,299583,376861,29711,96545,2.9848957673298693,0.20393700122093933
4205,0.4211,19,153,19,299736,376708,29730,96526,2.983683943733367,0.20397097419035826
4206,0.4212,25,160,25,299896,376548,29755,96501,2.9824166772272207,0.20399789450987107
4207,0.4213,13,136,13,300032,376412,29768,96488,2.9813395006969965,0.20403467963628674
4208,0.4214,18,104,18,300136,376308,29786,96470,2.9805157774680016,0.2040492577911832
4209,0.4215,9,39,9,300175,376269,29795,96461,2.9802068812571285,0.20405093816766443
4210,0.4216,21,139,21,300314,376130,29816,96440,2.979105943479914,0.20407558668557038
4211,0.4217,18,130,18,300444,376000,29834,96422,2.97807628944367,0.20410141780018712
4212,0.4218,12,96,12,300540,375904,29846,96410,2.9773159295399823,0.20412268109774429
4213,0.4219,11,125,11,300665,375779,29857,96399,2.9763258775820556,0.20415817763639985
4214,0.422,24,136,24,300801,375643,29881,96375,2.9752487010518314,0.20417653564059
4215,0.4221,11,90,11,300891,375553,29892,96364,2.974535863642124,0.20419692445917398
4216,0.4222,21,123,21,301014,375430,29913,96343,2.973561652515524,0.2042147388680573
4217,0.4223,15,76,15,301090,375354,29928,96328,2.9729597009251045,0.2042223362350058
4218,0.4224,11,100,11,301190,375254,29939,96317,2.9721676593587634,0.20424708050325402
4219,0.4225,43,198,43,301388,375056,29982,96274,2.9705994170574073,0.20426028472620034
4220,0.4226,18,116,18,301504,374940,30000,96256,2.969680648840451,0.2042801721576584
4221,0.4227,34,182,34,301686,374758,30034,96222,2.96823913318971,0.2043016688606735
4222,0.4228,13,82,13,301768,374676,30047,96209,2.9675896591053097,0.20431527867738408
4223,0.4229,26,126,26,301894,374550,30073,96183,2.9665916867317197,0.20432601920834104
4224,0.423,17,102,17,301996,374448,30090,96166,2.9657838043340514,0.2043415622994641
4225,0.4231,5,32,5,302028,374416,30095,96161,2.965530351032822,0.20434700378471535
4226,0.4232,21,100,21,302128,374316,30116,96140,2.964738309466481,0.20435492373356914
4227,0.4233,13,102,13,302230,374214,30129,96127,2.9639304270688127,0.20437724969755985
4228,0.4234,14,119,14,302349,374095,30143,96113,2.9629878976048665,0.20440528446985165
4229,0.4235,10,98,10,302447,373997,30153,96103,2.9622116968698515,0.2044309721335886
4230,0.4236,14,121,14,302568,373876,30167,96089,2.9612533265745786,0.20445990658878851
4231,0.4237,11,111,11,302679,373765,30178,96078,2.9603741604359395,0.20448958481875862
4232,0.4238,16,96,16,302775,373669,30194,96062,2.959613800532252,0.20450428010925403
4233,0.4239,12,56,12,302831,373613,30206,96050,2.9591702572551006,0.20450833895793366
4234,0.424,13,66,13,302897,373547,30219,96037,2.9586475098213154,0.2045150601383352
4235,0.4241,35,283,35,303180,373264,30254,96002,2.9564060321885695,0.20457906603078
4236,0.4242,6,37,6,303217,373227,30260,95996,2.956112976809023,0.20458502673568857
4237,0.4243,39,268,39,303485,372959,30299,95957,2.953990305411228,0.20463579830929207
4238,0.4244,36,218,36,303703,372741,30335,95921,2.952263654796604,0.20466989002735447
4239,0.4245,17,91,17,303794,372650,30352,95904,2.951542896971233,0.204680783858424
4240,0.4246,14,141,14,303935,372509,30366,95890,2.950426118362692,0.20471862664096208
4241,0.4247,6,80,6,304015,372429,30372,95884,2.9497924851096187,0.20474340878856662
4242,0.4248,23,121,23,304136,372308,30395,95861,2.9488341148143453,0.20475725646080795
4243,0.4249,23,122,23,304258,372186,30418,95838,2.947867824103409,0.204771550176914
4244,0.425,18,148,18,304406,372038,30436,95820,2.9466956025852236,0.2048057316536214
4245,0.4251,17,128,17,304534,371910,30453,95803,2.945681789380307,0.20483287828219443
4246,0.4252,10,96,10,304630,371814,30463,95793,2.944921429476619,0.2048579255656994
4247,0.4253,10,55,10,304685,371759,30473,95783,2.9444858066151314,0.20486501747436595
4248,0.4254,18,89,18,304774,371670,30491,95765,2.9437808896210873,0.2048734048584295
4249,0.4255,17,152,17,304926,371518,30508,95748,2.9425769864402485,0.2049111212885166
4250,0.4256,16,158,16,305084,371360,30524,95732,2.941325560765429,0.2049531997978985
4251,0.4257,36,223,36,305307,371137,30560,95696,2.9395593080724876,0.20498979292380787
4252,0.4258,33,237,33,305544,370900,30593,95663,2.9376821695602584,0.20503769051553594
4253,0.4259,37,265,37,305809,370635,30630,95626,2.9355832594094537,0.20509113994093436
4254,0.426,29,199,29,306008,370436,30659,95597,2.9340070966924343,0.2051292505037197
4255,0.4261,23,115,23,306123,370321,30682,95574,2.933096248891142,0.20514064327799184
4256,0.4262,15,110,15,306233,370211,30697,95559,2.9322250031681665,0.2051634927109947
4257,0.4263,17,138,17,306371,370073,30714,95542,2.931131985806615,0.20519527936170442
4258,0.4264,15,117,15,306488,369956,30729,95527,2.9302052971739956,0.20522124331071168
4259,0.4265,11,70,11,306558,369886,30740,95516,2.9296508680775566,0.20523332516834908
4260,0.4266,22,163,22,306721,369723,30762,95494,2.92835984032442,0.20526764929054614
4261,0.4267,19,102,19,306823,369621,30781,95475,2.927551957926752,0.20528020021672944
4262,0.4268,4,50,4,306873,369571,30785,95471,2.9271559371435814,0.20529543568107828
4263,0.4269,24,137,24,307010,369434,30809,95447,2.9260708401976934,0.20531490854648823
4264,0.427,12,95,12,307105,369339,30821,95435,2.9253184007096693,0.2053363570251348
4265,0.4271,27,229,27,307334,369110,30848,95408,2.9235046255227473,0.20539139495132588
4266,0.4272,40,235,40,307569,368875,30888,95368,2.921643327841845,0.2054268992747333
4267,0.4273,12,92,12,307661,368783,30900,95356,2.920914649600811,0.20544707512189236
4268,0.4274,60,437,60,308098,368346,30960,95296,2.9174534279558992,0.20553789346090304
4269,0.4275,4,61,4,308159,368285,30964,95292,2.9169702826004307,0.20555808420176153
4270,0.4276,20,133,20,308292,368152,30984,95272,2.915916867317197,0.20558279243198455
4271,0.4277,25,126,25,308418,368026,31009,95247,2.9149188949436065,0.205595836580159
4272,0.4278,45,357,45,308775,367669,31054,95202,2.9120913065517677,0.20567717571418387
4273,0.4279,8,54,8,308829,367615,31062,95194,2.9116636041059434,0.20568744341618247
4274,0.428,9,67,9,308896,367548,31071,95185,2.911132936256495,0.20570177618626725
4275,0.4281,28,129,28,309025,367419,31099,95157,2.9101112026359144,0.2057110615336723
4276,0.4282,16,100,16,309125,367319,31115,95141,2.909319161069573,0.205728062967608
4277,0.4283,7,97,7,309222,367222,31122,95134,2.9085508807502216,0.20575919853965344
4278,0.4284,16,81,16,309303,367141,31138,95118,2.907909327081485,0.2057677622285342
4279,0.4285,33,264,33,309567,366877,31171,95085,2.9058183373463438,0.20582861793827198
4280,0.4286,10,79,10,309646,366798,31181,95075,2.9051926245089343,0.20584662883519927
4281,0.4287,9,56,9,309702,366742,31190,95066,2.904749081231783,0.20585611336312926
4282,0.4288,22,112,22,309814,366630,31212,95044,2.903861994677481,0.20586821003565287
4283,0.4289,13,63,13,309877,366567,31225,95031,2.9033630084906856,0.20587394226144828
4284,0.429,10,121,10,309998,366446,31235,95021,2.9024046381954123,0.20591071517573303
4285,0.4291,7,63,7,310061,366383,31242,95014,2.9019056520086175,0.20592678322572536
4286,0.4292,15,95,15,310156,366288,31257,94999,2.901153212520593,0.20594337148022815
4287,0.4293,25,160,25,310316,366128,31282,94974,2.899885946014447,0.20597178064723207
4288,0.4294,26,156,26,310472,365972,31308,94948,2.8986503611709544,0.20599670224767855
4289,0.4295,10,65,10,310537,365907,31318,94938,2.8981355341528325,0.2060085278130391
4290,0.4296,26,131,26,310668,365776,31344,94912,2.897097959700925,0.20602229708609732
4291,0.4297,11,71,11,310739,365705,31355,94901,2.8965356101888227,0.20603509289935432
4292,0.4298,16,88,16,310827,365617,31371,94885,2.8958386136104424,0.20604687927522572
4293,0.4299,12,74,12,310901,365543,31383,94873,2.8952525028513496,0.2060593028912983
4294,0.43,10,104,10,311005,365439,31393,94863,2.8944287796223547,0.20608861138991358
4295,0.4301,8,81,8,311086,365358,31401,94855,2.893787225953618,0.2061110833461897
4296,0.4302,11,77,11,311163,365281,31412,94844,2.893177353947535,0.2061265960336865
4297,0.4303,28,156,28,311319,365125,31440,94816,2.8919417691040428,0.20614817987524486
4298,0.4304,8,122,8,311441,365003,31448,94808,2.890975478393106,0.20618906463742712
4299,0.4305,27,175,27,311616,364828,31475,94781,2.889589405652009,0.20622093997289
4300,0.4306,20,151,20,311767,364677,31495,94761,2.8883934228868333,0.20625416269442232
4301,0.4307,10,71,10,311838,364606,31505,94751,2.8878310733747306,0.20626876263995106
4302,0.4308,16,113,16,311951,364493,31521,94735,2.8869360664047647,0.20629186373653174
4303,0.4309,13,83,13,312034,364410,31534,94722,2.8862786719047016,0.2063066830453987
4304,0.431,15,112,15,312146,364298,31549,94707,2.885391585350399,0.2063310857180205
4305,0.4311,52,376,52,312522,363922,31601,94655,2.8824135090609557,0.2064102647974059
4306,0.4312,20,116,20,312638,363806,31621,94635,2.8814947408439995,0.20642787185264844
4307,0.4313,21,129,21,312767,363677,31642,94614,2.880473007223419,0.20644961389161035
4308,0.4314,22,150,22,312917,363527,31664,94592,2.879284944873907,0.20647910259124813
4309,0.4315,18,139,18,313056,363388,31682,94574,2.8781840070966926,0.20651058384756815
4310,0.4316,14,107,14,313163,363281,31696,94560,2.8773365226207073,0.20653458296657573
4311,0.4317,21,189,21,313352,363092,31717,94539,2.875839564060322,0.2065834700883463
4312,0.4318,32,178,32,313530,362914,31749,94507,2.8744297300722343,0.20660835422947352
4313,0.4319,25,128,25,313658,362786,31774,94482,2.8734159168673172,0.20662281200521357
4314,0.432,18,76,18,313734,362710,31792,94464,2.872813965276898,0.20662592360895413
4315,0.4321,25,75,25,313809,362635,31817,94439,2.8722199341021417,0.20661643410038638
4316,0.4322,15,161,15,313970,362474,31832,94424,2.870944747180332,0.20666319397327193
4317,0.4323,19,213,19,314183,362261,31851,94405,2.869257698644025,0.20672657916288928
4318,0.4324,19,134,19,314317,362127,31870,94386,2.8681963629451275,0.20675424358123426
4319,0.4325,19,169,19,314486,361958,31889,94367,2.86685781269801,0.2067977866652057
4320,0.4326,8,82,8,314568,361876,31897,94359,2.8662083386136104,0.20682104617138097
4321,0.4327,18,101,18,314669,361775,31915,94341,2.8654083766316054,0.20683554183584876
4322,0.4328,18,82,18,314751,361693,31933,94323,2.8647589025472056,0.20684142661660995
4323,0.4329,14,88,14,314839,361605,31947,94309,2.8640619059688253,0.2068569949595757
4324,0.433,21,89,21,314928,361516,31968,94288,2.863356988974781,0.20686084369597457
4325,0.4331,12,83,12,315011,361433,31980,94276,2.862699594474718,0.2068776346308719
4326,0.4332,20,112,20,315123,361321,32000,94256,2.8618125079204155,0.20689367549283655
4327,0.4333,12,125,12,315248,361196,32012,94244,2.860822455962489,0.20692956262076234
4328,0.4334,26,173,26,315421,361023,32038,94218,2.8594522240527183,0.20696290536221473
4329,0.4335,7,59,7,315480,360964,32045,94211,2.858984919528577,0.2069775361124842
4330,0.4336,17,148,17,315628,360816,32062,94194,2.8578126980103917,0.20701523043449593
4331,0.4337,16,93,16,315721,360723,32078,94178,2.857076099353694,0.20702966139885381
4332,0.4338,20,106,20,315827,360617,32098,94158,2.8562365352933723,0.20704304326315212
4333,0.4339,8,60,8,315887,360557,32106,94150,2.8557613103535675,0.2070564121511215
4334,0.434,32,244,32,316131,360313,32138,94118,2.853828728931694,0.20711175073883603
4335,0.4341,19,97,19,316228,360216,32157,94099,2.853060448612343,0.2071228112653115
4336,0.4342,5,35,5,316263,360181,32162,94094,2.8527832340641237,0.20713004237521326
4337,0.4343,10,133,10,316396,360048,32172,94084,2.8517298187808895,0.20717324478345503
4338,0.4344,3,50,3,316446,359998,32175,94081,2.851333797997719,0.2071908192186822
4339,0.4345,30,165,30,316611,359833,32205,94051,2.8500269294132554,0.20721373743070917
4340,0.4346,11,61,11,316672,359772,32216,94040,2.8495437840577873,0.20722237402272306
4341,0.4347,9,140,9,316812,359632,32225,94031,2.8484349258649093,0.20727059513339197
4342,0.4348,20,182,20,316994,359450,32245,94011,2.846993410214168,0.20731882124372328
4343,0.4349,33,168,33,317162,359282,32278,93978,2.8456627803827144,0.20733795172748534
4344,0.435,28,186,28,317348,359096,32306,93950,2.8441895830693196,0.20737408563368842
4345,0.4351,30,146,30,317494,358950,32336,93920,2.843033202382461,0.20738843376686467
4346,0.4352,14,75,14,317569,358875,32350,93906,2.842439171207705,0.20739827863801705
4347,0.4353,31,193,31,317762,358682,32381,93875,2.840910530984666,0.20743243392545027
4348,0.4354,33,175,33,317937,358507,32414,93842,2.839524458243569,0.2074548633908774
4349,0.4355,9,38,9,317975,358469,32423,93833,2.839223482448359,0.20745652241201676
4350,0.4356,12,75,12,318050,358394,32435,93821,2.838629451273603,0.20746989816790687
4351,0.4357,33,227,33,318277,358167,32468,93788,2.836831516918008,0.20751623502339836
4352,0.4358,10,89,10,318366,358078,32478,93778,2.836126599923964,0.20753957012853652
4353,0.4359,34,204,34,318570,357874,32512,93744,2.8345108351286274,0.20757365738300954
4354,0.436,25,143,25,318713,357731,32537,93719,2.8333782156887595,0.20759552552885147
4355,0.4361,14,88,14,318801,357643,32551,93705,2.8326812191103787,0.20761142178540726
4356,0.4362,20,152,20,318953,357491,32571,93685,2.83147731592954,0.2076462400482295
4357,0.4363,11,96,11,319049,357395,32582,93674,2.830716956025852,0.20767111018491627
4358,0.4364,31,219,31,319268,357176,32613,93643,2.8289823849955646,0.20771750968792355
4359,0.4365,17,60,17,319328,357116,32630,93626,2.82850716005576,0.20771527836323217
4360,0.4366,12,45,12,319373,357071,32642,93614,2.828150741350906,0.20771492283967738
4361,0.4367,28,175,28,319548,356896,32670,93586,2.8267646686098087,0.20774636944428412
4362,0.4368,8,95,8,319643,356801,32678,93578,2.826012229121784,0.20777611744774957
4363,0.4369,9,78,9,319721,356723,32687,93569,2.825394436700038,0.2077962744174891
4364,0.437,37,242,37,319963,356481,32724,93532,2.823477696109492,0.2078428845388911
4365,0.4371,54,276,54,320239,356205,32778,93478,2.8212916613863896,0.20787532550707943
4366,0.4372,38,145,38,320384,356060,32816,93440,2.8201432011151946,0.2078754171301446
4367,0.4373,24,158,24,320542,355902,32840,93416,2.8188917754403753,0.20790620451439737
4368,0.4374,33,232,33,320774,355670,32873,93383,2.8170542390064632,0.2079554083816387
4369,0.4375,37,213,37,320987,355457,32910,93346,2.815367190470156,0.2079888057789275
4370,0.4376,26,156,26,321143,355301,32936,93320,2.814131605626663,0.20801522889031052
4371,0.4377,8,47,8,321190,355254,32944,93312,2.8137593460904826,0.20802289964018672
4372,0.4378,21,137,21,321327,355117,32965,93291,2.812674249144595,0.20804936575618632
4373,0.4379,16,90,16,321417,355027,32981,93275,2.8119614117348877,0.2080628683342925
4374,0.438,34,238,34,321655,354789,33015,93241,2.810076352806995,0.2081132959846439
4375,0.4381,24,151,24,321806,354638,33039,93217,2.8088803700418197,0.20814102778801175
4376,0.4382,16,96,16,321902,354542,33055,93201,2.808120010138132,0.2081573581273186
4377,0.4383,43,265,43,322167,354277,33098,93158,2.806021099987327,0.20820454367673516
4378,0.4384,20,89,20,322256,354188,33118,93138,2.8053161829932836,0.20821056679021563
4379,0.4385,18,105,18,322361,354083,33136,93120,2.804484539348625,0.2082275834464438
4380,0.4386,24,194,24,322555,353889,33160,93096,2.8029479787099225,0.2082754454847478
4381,0.4387,33,228,33,322783,353661,33193,93063,2.8011421239386642,0.20832325999946275
4382,0.4388,13,71,13,322854,353590,33206,93050,2.800579774426562,0.20833333333333334
4383,0.4389,20,140,20,322994,353450,33226,93030,2.799470916233684,0.20836319655975633
4384,0.439,15,98,15,323092,353352,33241,93015,2.7986947154986694,0.20838234009234555
4385,0.4391,25,125,25,323217,353227,33266,92990,2.7977046635407428,0.20839636320444985
4386,0.4392,37,188,37,323405,353039,33303,92953,2.796215625396021,0.20841853665536603
4387,0.4393,26,140,26,323545,352899,33329,92927,2.795106767203143,0.20843782103331793
4388,0.4394,26,142,26,323687,352757,33355,92901,2.7939820681789382,0.2084580552800578
4389,0.4395,11,88,11,323775,352669,33366,92890,2.7932850716005575,0.2084796850697663
4390,0.4396,25,111,25,323886,352558,33391,92865,2.792405905461919,0.2084872132781648
4391,0.4397,15,76,15,323962,352482,33406,92850,2.7918039538714994,0.20849613322195576
4392,0.4398,23,183,23,324145,352299,33429,92827,2.7903545178050946,0.2085409524494188
4393,0.4399,13,82,13,324227,352217,33442,92814,2.7897050437206943,0.20855625787866464
4394,0.44,9,88,9,324315,352129,33451,92805,2.789008047142314,0.2085814974805252
4395,0.4401,19,123,19,324438,352006,33470,92786,2.788033836015714,0.20860537060019066
4396,0.4402,19,106,19,324544,351900,33489,92767,2.7871942719553924,0.20862128289259155
4397,0.4403,15,176,15,324720,351724,33504,92752,2.7858002787986313,0.2086771839199417
4398,0.4404,24,132,24,324852,351592,33528,92728,2.784754783931061,0.20869643500180052
4399,0.4405,25,171,25,325023,351421,33553,92703,2.783400392852617,0.20873224594932946
4400,0.4406,26,196,26,325219,351225,33579,92677,2.7818479913825875,0.20877806362665632
4401,0.4407,15,100,15,325319,351125,33594,92662,2.7810559498162464,0.20879836498139873
4402,0.4408,30,172,30,325491,350953,33624,92632,2.779693638322139,0.20882581692347577
4403,0.4409,24,103,24,325594,350850,33648,92608,2.7788778355088075,0.20883150151761837
4404,0.441,17,73,17,325667,350777,33665,92591,2.778299645165378,0.20883554970137674
4405,0.4411,26,217,26,325884,350560,33691,92565,2.7765809149664173,0.2088913963328632
4406,0.4412,30,151,30,326035,350409,33721,92535,2.775384932201242,0.2089090268747291
4407,0.4413,12,102,12,326137,350307,33733,92523,2.7745770498035736,0.2089357089628074
4408,0.4414,27,121,27,326258,350186,33760,92496,2.7736186795083007,0.2089445696911101
4409,0.4415,11,98,11,326356,350088,33771,92485,2.772842478773286,0.2089711753767175
4410,0.4416,35,163,35,326519,349925,33806,92450,2.7715514510201493,0.20898558914947726
4411,0.4417,7,95,7,326614,349830,33813,92443,2.7707990115321253,0.20901795949560564
4412,0.4418,28,156,28,326770,349674,33841,92415,2.7695634266886326,0.20904161831667378
4413,0.4419,28,129,28,326899,349545,33869,92387,2.768541693068052,0.2090525239177068
4414,0.442,13,81,13,326980,349464,33882,92374,2.7679001393993157,0.20906757680416804
4415,0.4421,38,200,38,327180,349264,33920,92336,2.766316056266633,0.2090942028985507
4416,0.4422,4,89,4,327269,349175,33924,92332,2.765611139272589,0.20912918707970654
4417,0.4423,27,156,27,327425,349019,33951,92305,2.7643755544290967,0.20915472532651747
4418,0.4424,12,118,12,327543,348901,33963,92293,2.7634409453808138,0.20918915488424594
4419,0.4425,22,156,22,327699,348745,33985,92271,2.762205360537321,0.20922370163440782
4420,0.4426,19,117,19,327816,348628,34004,92252,2.7612786719047016,0.2092451460714934
4421,0.4427,13,47,13,327863,348581,34017,92239,2.760906412368521,0.2092441359284969
4422,0.4428,18,98,18,327961,348483,34035,92221,2.7601302116335065,0.2092583684286959
4423,0.4429,26,100,26,328061,348383,34061,92195,2.7593381700671653,0.20925920041400162
4424,0.443,15,87,15,328148,348296,34076,92180,2.758649093904448,0.20927360401020714
4425,0.4431,21,117,21,328265,348179,34097,92159,2.7577224052718288,0.2092914988031921
4426,0.4432,31,147,31,328412,348032,34128,92128,2.756558104169307,0.20930570701563067
4427,0.4433,25,139,25,328551,347893,34153,92103,2.7554571663920924,0.2093269029718452
4428,0.4434,21,187,21,328738,347706,34174,92082,2.753976048663034,0.20937815492919315
4429,0.4435,12,99,12,328837,347607,34186,92070,2.753191927512356,0.2094037213681862
4430,0.4436,22,179,22,329016,347428,34208,92048,2.751774173108605,0.20944943523650894
4431,0.4437,25,154,25,329170,347274,34233,92023,2.750554429096439,0.2094778703246323
4432,0.4438,20,163,20,329333,347111,34253,92003,2.7492634013433026,0.20951962360571513
4433,0.4439,53,272,53,329605,346839,34306,91950,2.7471090482828537,0.20955402254842304
4434,0.444,24,130,24,329735,346709,34330,91926,2.74607939424661,0.2095728795011798
4435,0.4441,9,54,9,329789,346655,34339,91917,2.7456516918007856,0.20958246308473866
4436,0.4442,16,166,16,329955,346489,34355,91901,2.744336902800659,0.20963297520472637
4437,0.4443,31,186,31,330141,346303,34386,91870,2.742863705487264,0.2096660451465517
4438,0.4444,12,49,12,330190,346254,34398,91858,2.7424756051197567,0.20966784749105252
4439,0.4445,26,218,26,330408,346036,34424,91832,2.7407489545051322,0.20972530534316278
4440,0.4446,11,51,11,330459,345985,34435,91821,2.7403450133062983,0.20972988035796677
4441,0.4447,12,106,12,330565,345879,34447,91809,2.7395054492459763,0.20975900641552886
4442,0.4448,28,172,28,330737,345707,34475,91781,2.738143137751869,0.20979089712174961
4443,0.4449,21,142,21,330879,345565,34496,91760,2.7370184387276644,0.2098210712856571
4444,0.445,19,124,19,331003,345441,34515,91741,2.736036307185401,0.20984624252599604
4445,0.4451,18,126,18,331129,345315,34533,91723,2.735038334811811,0.20987419858227432
4446,0.4452,28,119,28,331248,345196,34561,91695,2.734095805347865,0.2098807253983259
4447,0.4453,11,120,11,331368,345076,34572,91684,2.7331453554682548,0.20991849070427696
4448,0.4454,30,145,30,331513,344931,34602,91654,2.73199689519706,0.2099339189390382
4449,0.4455,8,60,8,331573,344871,34610,91646,2.731521670257255,0.2099482952553967
4450,0.4456,14,99,14,331672,344772,34624,91632,2.730737549106577,0.20997057772156075
4451,0.4457,14,89,14,331761,344683,34638,91618,2.7300326321125334,0.20998805870259293
4452,0.4458,12,109,12,331870,344574,34650,91606,2.729169306805221,0.2100187995781558
4453,0.4459,32,168,32,332038,344406,34682,91574,2.7278386769737675,0.2100417450341759
4454,0.446,10,103,10,332141,344303,34692,91564,2.727022874160436,0.2100732562914834
4455,0.4461,19,145,19,332286,344158,34711,91545,2.725874413889241,0.2101087208488351
4456,0.4462,18,108,18,332394,344050,34729,91527,2.725019008997592,0.21012817481180135
4457,0.4463,10,65,10,332459,343985,34739,91517,2.72450418197947,0.21014140003949466
4458,0.4464,7,66,7,332525,343919,34746,91510,2.723981434545685,0.21016055430391636
4459,0.4465,11,132,11,332657,343787,34757,91499,2.722935939678114,0.2102043254320148
4460,0.4466,19,94,19,332751,343693,34776,91480,2.7221914206057534,0.21021524772906408
4461,0.4467,7,23,7,332774,343670,34783,91473,2.722009251045495,0.2102136539022804
4462,0.4468,26,225,26,332999,343445,34809,91447,2.7202271575212267,0.21027519476099812
4463,0.4469,24,145,24,333144,343300,34833,91423,2.7190786972500316,0.2103017323675076
4464,0.447,19,177,19,333321,343123,34852,91404,2.7176767836776072,0.21035286645018605
4465,0.4471,39,255,39,333576,342868,34891,91365,2.715657077683437,0.2104054735591261
4466,0.4472,26,151,26,333727,342717,34917,91339,2.7144610949182613,0.21043137291040787
4467,0.4473,19,109,19,333836,342608,34936,91320,2.7135977696109492,0.21044965985140393
4468,0.4474,41,270,41,334106,342338,34977,91279,2.7114592573818275,0.210506045657804
4469,0.4475,18,114,18,334220,342224,34995,91261,2.7105563299961983,0.21052862267437167
4470,0.4476,36,215,36,334435,342009,35031,91225,2.7088534406285643,0.21056749931907467
4471,0.4477,24,128,24,334563,341881,35055,91201,2.707839627423647,0.21058598602574108
4472,0.4478,25,134,25,334697,341747,35080,91176,2.7067782917247496,0.21060558113105562
4473,0.4479,14,109,14,334806,341638,35094,91162,2.7059149664174376,0.21063308687615526
4474,0.448,9,82,9,334888,341556,35103,91153,2.7052654923330377,0.21065658444820884
4475,0.4481,36,300,36,335188,341256,35139,91117,2.7028893676340133,0.21073702566996552
4476,0.4482,11,52,11,335240,341204,35150,91106,2.702477506019516,0.2107422914112558
4477,0.4483,14,160,14,335400,341044,35164,91092,2.7012102395133697,0.21079474980098858
4478,0.4484,12,100,12,335500,340944,35176,91080,2.700418197947028,0.2108216210210544
4479,0.4485,32,194,32,335694,340750,35208,91048,2.6988816373083258,0.21085785483026787
4480,0.4486,22,120,22,335814,340630,35230,91026,2.697931187428716,0.21087625331282317
4481,0.4487,32,218,32,336032,340412,35262,90994,2.696204536814092,0.21092428014445788
4482,0.4488,5,65,5,336097,340347,35267,90989,2.6956897097959702,0.21094691841163268
4483,0.4489,12,116,12,336213,340231,35279,90977,2.694770941579014,0.210981707203948
4484,0.449,63,390,63,336603,339841,35342,90914,2.6916819794702826,0.21105732957249482
4485,0.4491,40,269,40,336872,339572,35382,90874,2.689551387656824,0.2111159123327897
4486,0.4492,10,90,10,336962,339482,35392,90864,2.688838550247117,0.21114173246643397
4487,0.4493,25,125,25,337087,339357,35417,90839,2.68784849828919,0.2111572399557411
4488,0.4494,8,77,8,337164,339280,35425,90831,2.6872386262831074,0.21118036971851453
4489,0.4495,26,133,26,337297,339147,35451,90805,2.686185210999873,0.2111979941947008
4490,0.4496,10,54,10,337351,339093,35461,90795,2.685757508554049,0.21120617463153193
4491,0.4497,14,104,14,337455,338989,35475,90781,2.684933785325054,0.21123158898945948
4492,0.4498,12,123,12,337578,338866,35487,90769,2.683959574198454,0.21127003153839888
4493,0.4499,11,57,11,337635,338809,35498,90758,2.6835081105056395,0.2112778681788871
4494,0.45,17,87,17,337722,338722,35515,90741,2.682819034342922,0.21128944751934392
4495,0.4501,23,155,23,337877,338567,35538,90718,2.6815913699150933,0.21132347973956694
4496,0.4502,40,260,40,338137,338307,35578,90678,2.6795320618426053,0.21137802021049687
4497,0.4503,10,112,10,338249,338195,35588,90668,2.6786449752883033,0.21141483410786194
4498,0.4504,34,160,34,338409,338035,35622,90634,2.677377708782157,0.21143119749736977
4499,0.4505,8,79,8,338488,337956,35630,90626,2.676751995944747,0.21145545076554778
4500,0.4506,19,102,19,338590,337854,35649,90607,2.6759441135470787,0.21147082231521655
4501,0.4507,29,238,29,338828,337616,35678,90578,2.6740590546191862,0.2115349584534113
4502,0.4508,20,92,20,338920,337524,35698,90558,2.673330376378152,0.21154358277152507
4503,0.4509,36,133,36,339053,337391,35734,90522,2.6722769610949184,0.2115430005631986
4504,0.451,23,162,23,339215,337229,35757,90499,2.6709938537574454,0.21158072419855609
4505,0.4511,4,50,4,339265,337179,35761,90495,2.6705978329742743,0.21159808639290675
4506,0.4512,7,69,7,339334,337110,35768,90488,2.670051324293499,0.21161932469281897
4507,0.4513,27,161,27,339495,336949,35795,90461,2.6687761373716894,0.21164923609648814
4508,0.4514,10,74,10,339569,336875,35805,90451,2.6681900266125966,0.21166743891080814
4509,0.4515,24,175,24,339744,336700,35829,90427,2.6668039538714994,0.2117098661522217
4510,0.4516,24,186,24,339930,336514,35853,90403,2.665330756558104,0.2117577889847441
4511,0.4517,26,130,26,340060,336384,35879,90377,2.6643011025218604,0.21177427178209818
4512,0.4518,27,131,27,340191,336253,35906,90350,2.6632635280699533,0.21178941545183697
4513,0.4519,25,165,25,340356,336088,35931,90325,2.6619566594854898,0.21182515542443595
4514,0.452,25,192,25,340548,335896,35956,90300,2.660435939678114,0.21187434889112053
4515,0.4521,22,158,22,340706,335738,35978,90278,2.659184514003295,0.21191222864868925
4516,0.4522,30,109,30,340815,335629,36008,90248,2.6583211886959828,0.21191095081443703
4517,0.4523,16,134,16,340949,335495,36024,90232,2.6572598529970852,0.21194803242453497
4518,0.4524,31,216,31,341165,335279,36055,90201,2.655549043213788,0.21199821378208142
4519,0.4525,42,265,42,341430,335014,36097,90159,2.653450133062983,0.2120525056859208
4520,0.4526,22,88,22,341518,334926,36119,90137,2.652753136484603,0.21205562469563335
4521,0.4527,49,327,49,341845,334599,36168,90088,2.6501631605626663,0.21212799073199792
4522,0.4528,16,128,16,341973,334471,36184,90072,2.649149347357749,0.21216225447127854
4523,0.4529,15,88,15,342061,334383,36199,90057,2.648452350779369,0.2121783997738196
4524,0.453,24,181,24,342242,334202,36223,90033,2.647018755544291,0.21222435678338655
4525,0.4531,10,80,10,342322,334122,36233,90023,2.646385122291218,0.21224581216329322
4526,0.4532,22,118,22,342440,334004,36255,90001,2.645450513242935,0.21226400632068018
4527,0.4533,20,160,20,342600,333844,36275,89981,2.6441832467367887,0.21230696631864568
4528,0.4534,7,122,7,342722,333722,36282,89974,2.643216956025852,0.21235508477776519
4529,0.4535,19,96,19,342818,333626,36301,89955,2.6424565961221647,0.21236788241210064
4530,0.4536,15,103,15,342921,333523,36316,89940,2.641640793308833,0.21239163752205034
4531,0.4537,14,100,14,343021,333423,36330,89926,2.6408487517424915,0.21241576099152237
4532,0.4538,4,41,4,343062,333382,36334,89922,2.6405240147002913,0.21242889271067603
4533,0.4539,19,87,19,343149,333295,36353,89903,2.6398349385375743,0.21243720433461405
4534,0.454,22,206,22,343355,333089,36375,89881,2.638203332910911,0.21249970447076624
4535,0.4541,24,98,24,343453,332991,36399,89857,2.6374271321758966,0.21250425684879673
4536,0.4542,41,315,41,343768,332676,36440,89816,2.634932201241921,0.2125862738229363
4537,0.4543,16,130,16,343898,332546,36456,89800,2.633902547205677,0.2126218787439682
4538,0.4544,15,131,15,344029,332415,36471,89785,2.63286497275377,0.21265987683562293
4539,0.4545,9,60,9,344089,332355,36480,89776,2.6323897478139653,0.2126733170508681
4540,0.4546,13,134,13,344223,332221,36493,89763,2.6313284121150677,0.21271659588989156
4541,0.4547,15,131,15,344354,332090,36508,89748,2.6302908376631606,0.21275465937160712
4542,0.4548,19,131,19,344485,331959,36527,89729,2.6292532632112535,0.21278528200944774
4543,0.4549,18,116,18,344601,331843,36545,89711,2.6283344949942973,0.21281022122907148
4544,0.455,18,96,18,344697,331747,36563,89693,2.6275741350906094,0.21282507593014427
4545,0.4551,9,92,9,344789,331655,36572,89684,2.6268454568495754,0.21285473217527928
4546,0.4552,13,80,13,344869,331575,36585,89671,2.626211823596502,0.21287086405568242
4547,0.4553,19,130,19,344999,331445,36604,89652,2.6251821695602584,0.21290106555021765
4548,0.4554,27,170,27,345169,331275,36631,89625,2.6238356988974783,0.21293656450463294
4549,0.4555,18,118,18,345287,331157,36649,89607,2.6229010898491953,0.2129626108697512
4550,0.4556,25,144,25,345431,331013,36674,89582,2.6217605499936636,0.21298874213911245
4551,0.4557,19,101,19,345532,330912,36693,89563,2.6209605880116587,0.2130043403293894
4552,0.4558,12,84,12,345616,330828,36705,89551,2.620295273095932,0.21302443747190036
4553,0.4559,46,242,46,345858,330586,36751,89505,2.618378532505386,0.21306097964488646
4554,0.456,10,56,10,345914,330530,36761,89495,2.617934989228235,0.2130706505565145
4555,0.4561,25,157,25,346071,330373,36786,89470,2.616691483969079,0.21310346963031418
4556,0.4562,23,136,23,346207,330237,36809,89447,2.6156143074388543,0.21312940212159626
4557,0.4563,35,238,35,346445,329999,36844,89412,2.6137292485109618,0.21318468042087593
4558,0.4564,20,156,20,346601,329843,36864,89392,2.612493663667469,0.21322647202642908
4559,0.4565,24,138,24,346739,329705,36888,89368,2.6114006463059183,0.21325162919109558
4560,0.4566,22,125,22,346864,329580,36910,89346,2.610410594347991,0.21327394336947336
4561,0.4567,20,106,20,346970,329474,36930,89326,2.6095710302876696,0.21329035339063993
4562,0.4568,13,84,13,347054,329390,36943,89313,2.6089057153719426,0.21330871763517337
4563,0.4569,16,112,16,347166,329278,36959,89297,2.6080186288176406,0.21333572239144719
4564,0.457,13,171,13,347337,329107,36972,89284,2.6066642377391966,0.21339847176445
4565,0.4571,30,186,30,347523,328921,37002,89254,2.6051910404258014,0.21343695821127517
4566,0.4572,17,98,17,347621,328823,37019,89237,2.604414839690787,0.2134550064584031
4567,0.4573,13,57,13,347678,328766,37032,89224,2.6039633759979726,0.21345965214478815
4568,0.4574,19,83,19,347761,328683,37051,89205,2.603305981497909,0.2134662876177349
4569,0.4575,39,177,39,347938,328506,37090,89166,2.6019040679254846,0.21348330747572258
4570,0.4576,14,105,14,348043,328401,37104,89152,2.6010724242808263,0.21351062020869208
4571,0.4577,26,149,26,348192,328252,37130,89126,2.5998922823469774,0.21353784818557758
4572,0.4578,20,123,20,348315,328129,37150,89106,2.5989180712203774,0.21356309993169317
4573,0.4579,11,115,11,348430,328014,37161,89095,2.598007223419085,0.21360124092263652
4574,0.458,24,110,24,348540,327904,37185,89071,2.5971359776961096,0.2136123268781102
4575,0.4581,6,66,6,348606,327838,37191,89065,2.5966132302623244,0.2136348263265076
4576,0.4582,26,167,26,348773,327671,37217,89039,2.595290520846534,0.21367137817666962
4577,0.4583,49,240,49,349013,327431,37266,88990,2.5933896210873146,0.2137019986984326
4578,0.4584,18,129,18,349142,327302,37284,88972,2.592367887466734,0.21373422313187948
4579,0.4585,11,124,11,349266,327178,37295,88961,2.591385755924471,0.21377712735408122
4580,0.4586,15,89,15,349355,327089,37310,88946,2.590680838930427,0.21379451248092107
4581,0.4587,15,141,15,349496,326948,37325,88931,2.589564060321886,0.2138386405661262
4582,0.4588,24,110,24,349606,326838,37349,88907,2.58869281459891,0.21384983583687117
4583,0.4589,23,200,23,349806,326638,37372,88884,2.5871087314662273,0.21390925149570902
4584,0.459,24,181,24,349987,326457,37396,88860,2.585675136231149,0.21395704967530826
4585,0.4591,25,99,25,350086,326358,37421,88835,2.5848910150804714,0.21396073633225993
4586,0.4592,15,126,15,350212,326232,37436,88820,2.5838930427068814,0.2139972822682459
4587,0.4593,13,99,13,350311,326133,37449,88807,2.583108921556203,0.21402371427194294
4588,0.4594,33,231,33,350542,325902,37482,88774,2.581279305537955,0.2140803904735263
4589,0.4595,17,94,17,350636,325808,37499,88757,2.5805347864655936,0.21409670377383522
4590,0.4596,17,91,17,350727,325717,37516,88740,2.579814028640223,0.21411147597941402
4591,0.4597,26,203,26,350930,325514,37542,88714,2.57820618426055,0.2141670770686675
4592,0.4598,24,162,24,351092,325352,37566,88690,2.576923076923077,0.21420532216538418
4593,0.4599,17,79,17,351171,325273,37583,88673,2.5762973640856672,0.21421393128572325
4594,0.46,11,66,11,351237,325207,37594,88662,2.575774616651882,0.21422720715975344
4595,0.4601,19,124,19,351361,325083,37613,88643,2.5747924851096187,0.21425532840575648
4596,0.4602,9,90,9,351451,324993,37622,88634,2.5740796476999113,0.21428485084387625
4597,0.4603,18,94,18,351545,324899,37640,88616,2.5733351286275505,0.21429936036177646
4598,0.4604,39,235,39,351780,324664,37679,88577,2.571473830946648,0.21434707591937877
4599,0.4605,19,127,19,351907,324537,37698,88558,2.5704679381573947,0.21437683825754367
4600,0.4606,33,199,33,352106,324338,37731,88525,2.5688917754403753,0.21441737331754118
4601,0.4607,29,169,29,352275,324169,37760,88496,2.567553225193258,0.2144499775847237
4602,0.4608,24,116,24,352391,324053,37784,88472,2.566634456976302,0.21446457790436943
4603,0.4609,23,214,23,352605,323839,37807,88449,2.5649394880243315,0.2145320746662527
4604,0.461,26,174,26,352779,323665,37833,88423,2.5635613356988975,0.21457310089107182
4605,0.4611,19,168,19,352947,323497,37852,88404,2.562230705867444,0.21462438789903399
4606,0.4612,29,157,29,353104,323340,37881,88375,2.560987200608288,0.21465091143145137
4607,0.4613,17,89,17,353193,323251,37898,88358,2.560282283614244,0.2146648882798967
4608,0.4614,23,153,23,353346,323098,37921,88335,2.559070460017742,0.21470081398429391
4609,0.4615,16,147,16,353493,322951,37937,88319,2.5579061589152197,0.21474700318525544
4610,0.4616,36,220,36,353713,322731,37973,88283,2.556163667469269,0.21479317006233364
4611,0.4617,22,115,22,353828,322616,37995,88261,2.555252819667976,0.2148112452145046
4612,0.4618,14,86,14,353914,322530,38009,88247,2.5545716639209224,0.21482945734546968
4613,0.4619,30,192,30,354106,322338,38039,88217,2.553050944113547,0.21487255057178697
4614,0.462,18,107,18,354213,322231,38057,88199,2.552203459637562,0.21489413541895086
4615,0.4621,26,105,26,354318,322126,38083,88173,2.5513718159929035,0.21489937825829455
4616,0.4622,19,94,19,354412,322032,38102,88154,2.5506272969205424,0.2149122593165052
4617,0.4623,22,150,22,354562,321882,38124,88132,2.54943923457103,0.21494875784729303
4618,0.4624,25,113,25,354675,321769,38149,88107,2.5485442276010644,0.21496013428451533
4619,0.4625,29,119,29,354794,321650,38178,88078,2.547601698137118,0.214967002499219
4620,0.4626,15,127,15,354921,321523,38193,88063,2.546595805347865,0.2150049073942957
4621,0.4627,18,95,18,355016,321428,38211,88045,2.5458433658598403,0.2150202821675666
4622,0.4628,15,120,15,355136,321308,38226,88030,2.5448929159802307,0.21505455149534125
4623,0.4629,33,181,33,355317,321127,38259,87997,2.5434593207451526,0.21508637967951036
4624,0.463,12,94,12,355411,321033,38271,87985,2.542714801672792,0.21511278232253836
4625,0.4631,24,209,24,355620,320824,38295,87961,2.541059434799138,0.2151766821189623
4626,0.4632,24,203,24,355823,320621,38319,87937,2.539451590419465,0.21523749381972695
4627,0.4633,24,146,24,355969,320475,38343,87913,2.5382952097326066,0.21526832326121237
4628,0.4634,50,295,50,356264,320180,38393,87863,2.5359586871118998,0.21532779633519017
4629,0.4635,21,77,21,356341,320103,38414,87842,2.5353488151058166,0.21532804667295835
4630,0.4636,16,98,16,356439,320005,38430,87826,2.534572614370802,0.21534900485740416
4631,0.4637,32,162,32,356601,319843,38462,87794,2.533289507033329,0.2153729911661601
4632,0.4638,9,80,9,356681,319763,38471,87785,2.532655873780256,0.2153979408560464
4633,0.4639,6,37,6,356718,319726,38477,87779,2.53236281840071,0.21540594593931361
4634,0.464,9,83,9,356801,319643,38486,87770,2.5317054239006462,0.21543249724481056
4635,0.4641,18,128,18,356929,319515,38504,87752,2.530691610695729,0.2154655299840154
4636,0.4642,31,229,31,357158,319286,38535,87721,2.5288778355088075,0.215527005678035
4637,0.4643,14,132,14,357290,319154,38549,87707,2.5278323406412366,0.21556993666141508
4638,0.4644,15,72,15,357362,319082,38564,87692,2.527262070713471,0.21557916681007144
4639,0.4645,38,191,38,357553,318891,38602,87654,2.525749271321759,0.21560712836217394
4640,0.4646,51,230,51,357783,318661,38653,87603,2.5239275757191737,0.21563072287970383
4641,0.4647,34,244,34,358027,318417,38687,87569,2.521994994297301,0.21569462986408397
4642,0.4648,40,223,40,358250,318194,38727,87529,2.5202287416043596,0.21573585919457364
4643,0.4649,17,133,17,358383,318061,38744,87512,2.5191753263211254,0.21577373247232928
4644,0.465,30,197,30,358580,317864,38774,87482,2.5176150044354326,0.21582055823913399
4645,0.4651,18,137,18,358717,317727,38792,87464,2.516529907489545,0.215858693801195
4646,0.4652,15,89,15,358806,317638,38807,87449,2.515824990495501,0.21587708319447427
4647,0.4653,13,86,13,358892,317552,38820,87436,2.5151438347484474,0.21589775499520975
4648,0.4654,35,189,35,359081,317363,38855,87401,2.513646876188062,0.21593076459368915
4649,0.4655,28,117,28,359198,317246,38883,87373,2.512720187555443,0.2159389450322402
4650,0.4656,16,105,16,359303,317141,38899,87357,2.5118885439107843,0.21596398498880093
4651,0.4657,15,150,15,359453,316991,38914,87342,2.510700481561272,0.21601501732482878
4652,0.4658,16,75,16,359528,316916,38930,87326,2.5101064503865165,0.2160240647928716
4653,0.4659,34,128,34,359656,316788,38964,87292,2.5090926371815994,0.2160265294001188
4654,0.466,20,119,20,359775,316669,38984,87272,2.508150107717653,0.2160513540343763
4655,0.4661,21,164,21,359939,316505,39005,87251,2.506851159548853,0.2160983366191462
4656,0.4662,21,99,21,360038,316406,39026,87230,2.506067038398175,0.2161105550545541
4657,0.4663,28,200,28,360238,316206,39054,87202,2.5044829552654924,0.21616328877959784
4658,0.4664,15,101,15,360339,316105,39069,87187,2.5036829932834874,0.21618827053350922
4659,0.4665,36,227,36,360566,315878,39105,87151,2.5018850589278925,0.2162400224301477
4660,0.4666,20,120,20,360686,315758,39125,87131,2.500934609048283,0.21626552226543788
4661,0.4667,15,79,15,360765,315679,39140,87116,2.500308896210873,0.21627875221887063
4662,0.4668,10,57,10,360822,315622,39150,87106,2.4998574325180587,0.2162899028624779
4663,0.4669,15,97,15,360919,315525,39165,87091,2.4990891521987075,0.21631281419516363
4664,0.467,8,49,8,360968,315476,39173,87083,2.4987010518312003,0.21632356996117338
4665,0.4671,28,193,28,361161,315283,39201,87055,2.4971724116081613,0.21637280097828193
4666,0.4672,14,89,14,361250,315194,39215,87041,2.496467494614117,0.21639340186706776
4667,0.4673,14,78,14,361328,315116,39229,87027,2.495849702192371,0.21640809363833263
4668,0.4674,12,57,12,361385,315059,39241,87015,2.4953982384995563,0.21641538622243667
4669,0.4675,39,210,39,361595,314849,39280,86976,2.4937349512102394,0.21645243576183662
4670,0.4676,21,93,21,361688,314756,39301,86955,2.492998352553542,0.216461585567734
4671,0.4677,10,102,10,361790,314654,39311,86945,2.4921904701558737,0.21649705303051053
4672,0.4678,17,112,17,361902,314542,39328,86928,2.491303383601571,0.21652427329563853
4673,0.4679,11,116,11,362018,314426,39339,86917,2.4903846153846154,0.2165653817308387
4674,0.468,24,139,24,362157,314287,39363,86893,2.4892836776074008,0.21659354903036043
4675,0.4681,11,94,11,362251,314193,39374,86882,2.48853915853504,0.2166228261547092
4676,0.4682,15,132,15,362383,314061,39389,86867,2.487493663667469,0.21666483757682178
4677,0.4683,21,103,21,362486,313958,39410,86846,2.4866778608541376,0.21667947425674394
4678,0.4684,20,157,20,362643,313801,39430,86826,2.4854343555949816,0.21672528311871142
4679,0.4685,7,74,7,362717,313727,39437,86819,2.484848244835889,0.2167516340195633
4680,0.4686,21,77,21,362794,313650,39458,86798,2.484238372829806,0.2167522374940067
4681,0.4687,21,115,21,362909,313535,39479,86777,2.4833275250285136,0.21677341673494674
4682,0.4688,22,121,22,363030,313414,39501,86755,2.4823691547332403,0.21679590373067378
4683,0.4689,40,196,40,363226,313218,39541,86715,2.4808167532632113,0.21682381798951325
4684,0.469,21,122,21,363348,313096,39562,86694,2.4798504625522746,0.2168488456439631
4685,0.4691,10,54,10,363402,313042,39572,86684,2.4794227601064502,0.21685854810545224
4686,0.4692,28,217,28,363619,312825,39600,86656,2.4777040299074895,0.21692145558862624
4687,0.4693,17,129,17,363748,312696,39617,86639,2.476682296286909,0.21695819299585561
4688,0.4694,34,207,34,363955,312489,39651,86605,2.4750427702445825,0.2170040140919182
4689,0.4695,16,74,16,364029,312415,39667,86589,2.4744566594854898,0.21701286202644585
4690,0.4696,33,127,33,364156,312288,39700,86556,2.4734507666962364,0.21701717964918615
4691,0.4697,23,131,23,364287,312157,39723,86533,2.472413192244329,0.21704331686272543
4692,0.4698,18,93,18,364380,312064,39741,86515,2.4716765935876315,0.21705860067891183
4693,0.4699,4,57,4,364437,312007,39745,86511,2.4712251298948167,0.21708178802463127
4694,0.47,5,72,5,364509,311935,39750,86506,2.470654859967051,0.2171111908664018
4695,0.4701,24,182,24,364691,311753,39774,86482,2.4692133443163096,0.2171632327645737
4696,0.4702,16,106,16,364797,311647,39790,86466,2.468373780255988,0.21718959189978726
4697,0.4703,18,159,18,364956,311488,39808,86448,2.467114434165505,0.21724096337099433
4698,0.4704,12,91,12,365047,311397,39820,86436,2.466393676340134,0.21726704421201862
4699,0.4705,17,82,17,365129,311315,39837,86419,2.4657442022557343,0.21727838203422387
4700,0.4706,21,112,21,365241,311203,39858,86398,2.464857115701432,0.21729824623177507
4701,0.4707,23,129,23,365370,311074,39881,86375,2.4638353820808514,0.21732348049686878
4702,0.4708,27,175,27,365545,310899,39908,86348,2.462449309339754,0.2173660216439646
4703,0.4709,13,57,13,365602,310842,39921,86335,2.4619978456469394,0.21737160006747622
4704,0.471,17,88,17,365690,310754,39938,86318,2.461300849068559,0.21738626747793852
4705,0.4711,32,223,32,365913,310531,39970,86286,2.459534596375618,0.2174453211429954
4706,0.4712,13,88,13,366001,310443,39983,86273,2.458837599797237,0.21746791155385717
4707,0.4713,14,77,14,366078,310366,39997,86259,2.4582277277911544,0.21748250866687677
4708,0.4714,14,92,14,366170,310274,40011,86245,2.4574990495501203,0.2175053402232932
4709,0.4715,24,200,24,366370,310074,40035,86221,2.4559149664174376,0.21756772101590988
4710,0.4716,27,87,27,366457,309987,40062,86194,2.4552258902547206,0.21756217486451898
4711,0.4717,47,278,47,366735,309709,40109,86147,2.4530240147002913,0.21762206458914352
4712,0.4718,30,173,30,366908,309536,40139,86117,2.4516537827905207,0.21765789719779707
4713,0.4719,38,264,38,367172,309272,40177,86079,2.4495627930553794,0.21772804419364059
4714,0.472,17,121,17,367293,309151,40194,86062,2.4486044227601065,0.21776105543086893
4715,0.4721,18,123,18,367416,309028,40212,86044,2.4476302116335065,0.21779321237647822
4716,0.4722,23,151,23,367567,308877,40235,86021,2.446434228868331,0.21783093355752625
4717,0.4723,25,161,25,367728,308716,40260,85996,2.4451590419465212,0.2178702446340623
4718,0.4724,18,81,18,367809,308635,40278,85978,2.4445174882777847,0.21787928932903883
4719,0.4725,37,226,37,368035,308409,40315,85941,2.442727474337853,0.21793077215671358
4720,0.4726,12,95,12,368130,308314,40327,85929,2.441975034849829,0.21795948184241698
4721,0.4727,24,148,24,368278,308166,40351,85905,2.4408028133316435,0.21799371179305252
4722,0.4728,20,129,20,368407,308037,40371,85885,2.439781079711063,0.218025395890557
4723,0.4729,7,26,7,368433,308011,40378,85878,2.4395751489038147,0.21802589054276714
4724,0.473,23,102,23,368535,307909,40401,85855,2.4387672665061464,0.21803669202872786
4725,0.4731,46,210,46,368745,307699,40447,85809,2.4371039792168294,0.21806164042408285
4726,0.4732,28,150,28,368895,307549,40475,85781,2.4359159168673172,0.21808913634861313
4727,0.4733,65,378,65,369273,307171,40540,85716,2.4329219997465468,0.21816960092851126
4728,0.4734,23,203,23,369476,306968,40563,85693,2.4313141553668736,0.2182365959440841
4729,0.4735,20,175,20,369651,306793,40583,85673,2.4299280826257763,0.21829406878557633
4730,0.4736,8,77,8,369728,306716,40591,85665,2.429318210619693,0.21832096865036787
4731,0.4737,43,260,43,369988,306456,40634,85622,2.4272589025472056,0.2183800162212621
4732,0.4738,30,171,30,370159,306285,40664,85592,2.425904511468762,0.21841547220173677
4733,0.4739,34,141,34,370300,306144,40698,85558,2.4247877328602203,0.2184262526104028
4734,0.474,22,164,22,370464,305980,40720,85536,2.4234887846914206,0.2184738299328763
4735,0.4741,13,99,13,370563,305881,40733,85523,2.4227046635407428,0.21850313231341528
4736,0.4742,23,118,23,370681,305763,40756,85500,2.42177005449246,0.2185230906065741
4737,0.4743,18,65,18,370746,305698,40774,85482,2.421255227474338,0.21852344189375736
4738,0.4744,16,109,16,370855,305589,40790,85466,2.420391902167026,0.21855237754280088
4739,0.4745,24,98,24,370953,305491,40814,85442,2.419615701432011,0.21855919044951436
4740,0.4746,38,269,38,371222,305222,40852,85404,2.4174851096185526,0.21863368029777844
4741,0.4747,31,157,31,371379,305065,40883,85373,2.4162416043593966,0.21865955670298484
4742,0.4748,20,189,20,371568,304876,40903,85353,2.4147446457990114,0.21872541507678825
4743,0.4749,23,136,23,371704,304740,40926,85330,2.413667469268787,0.21875560796780066
4744,0.475,11,61,11,371765,304679,40937,85319,2.413184323913319,0.2187677885527618
4745,0.4751,35,154,35,371919,304525,40972,85284,2.411964579901153,0.21878407117331822
4746,0.4752,20,118,20,372037,304407,40992,85264,2.41102997085287,0.21881022708900585
4747,0.4753,8,66,8,372103,304341,41000,85256,2.410507223419085,0.2188312538340901
4748,0.4754,35,168,35,372271,304173,41035,85221,2.4091765935876315,0.21885545231821754
4749,0.4755,27,149,27,372420,304024,41062,85194,2.4079964516537826,0.21888504642642426
4750,0.4756,18,73,18,372493,303951,41080,85176,2.4074182613103536,0.21888997679420857
4751,0.4757,55,315,55,372808,303636,41135,85121,2.404923330376378,0.21895682907317424
4752,0.4758,13,63,13,372871,303573,41148,85108,2.404424344189583,0.21896619592930963
4753,0.4759,13,164,13,373035,303409,41161,85095,2.403125396020783,0.21903249387393695
4754,0.476,43,255,43,373290,303154,41204,85052,2.4011056900266126,0.2190898646594849
4755,0.4761,36,189,36,373479,302965,41240,85016,2.3996087314662273,0.21912413236730666
4756,0.4762,30,130,30,373609,302835,41270,84986,2.3985790774299836,0.21913717926569215
4757,0.4763,17,82,17,373691,302753,41287,84969,2.3979296033455837,0.21914928737600653
4758,0.4764,13,56,13,373747,302697,41300,84956,2.3974860600684322,0.21915475954010416
4759,0.4765,24,132,24,373879,302565,41324,84932,2.396440565200862,0.2191810517242714
4760,0.4766,18,102,18,373981,302463,41342,84914,2.3956326828031935,0.2192024823363287
4761,0.4767,23,126,23,374107,302337,41365,84891,2.3946347104296035,0.2192274319005857
4762,0.4768,10,91,10,374198,302246,41375,84881,2.393913952604233,0.21925879620899602
4763,0.4769,20,86,20,374284,302160,41395,84861,2.393232796857179,0.21926717154883069
4764,0.477,26,169,26,374453,301991,41421,84835,2.391894246610062,0.21931049102180308
4765,0.4771,12,121,12,374574,301870,41433,84823,2.390935876314789,0.21935488876188605
4766,0.4772,23,157,23,374731,301713,41456,84800,2.389692371055633,0.21939753643473828
4767,0.4773,41,193,41,374924,301520,41497,84759,2.388163730832594,0.2194243021235946
4768,0.4774,21,127,21,375051,301393,41518,84738,2.3871578380433407,0.21945401949079457
4769,0.4775,18,107,18,375158,301286,41536,84720,2.3863103535673553,0.21947845370279218
4770,0.4776,8,71,8,375229,301215,41544,84712,2.385748004055253,0.21950265205595876
4771,0.4777,21,92,21,375321,301123,41565,84691,2.385019325814219,0.21951251121006496
4772,0.4778,28,115,28,375436,301008,41593,84663,2.384108478012926,0.2195213018349837
4773,0.4779,18,110,18,375546,300898,41611,84645,2.3832372322899507,0.21954749535071316
4774,0.478,18,105,18,375651,300793,41629,84627,2.382405588645292,0.21957085776555446
4775,0.4781,14,65,14,375716,300728,41643,84613,2.38189076162717,0.21957954123750134
4776,0.4782,30,134,30,375850,300594,41673,84583,2.3808294259282725,0.21959514716610806
4777,0.4783,12,79,12,375929,300515,41685,84571,2.380203713090863,0.21961587801166493
4778,0.4784,16,85,16,376014,300430,41701,84555,2.379530477759473,0.21963193371170306
4779,0.4785,22,62,22,376076,300368,41723,84533,2.3790394119883413,0.21962270817690782
4780,0.4786,24,146,24,376222,300222,41747,84509,2.3778830313014825,0.21965737099427912
4781,0.4787,9,82,9,376304,300140,41756,84500,2.3772335572170826,0.2196859400998336
4782,0.4788,16,93,16,376397,300047,41772,84484,2.3764969585603852,0.21970660362883618
4783,0.4789,15,70,15,376467,299977,41787,84469,2.3759425294639462,0.2197161629981844
4784,0.479,28,190,28,376657,299787,41815,84441,2.3744376504878977,0.21976795027952153
4785,0.4791,24,114,24,376771,299673,41839,84417,2.3735347231022685,0.2197844255252675
4786,0.4792,36,165,36,376936,299508,41875,84381,2.372227854517805,0.21980572509240953
4787,0.4793,15,108,15,377044,299400,41890,84366,2.3713724496261563,0.2198370882256375
4788,0.4794,28,177,28,377221,299223,41918,84338,2.369970536053732,0.2198815833726578
4789,0.4795,23,175,23,377396,299048,41941,84315,2.3685844633126347,0.2199351528446929
4790,0.4796,7,71,7,377467,298977,41948,84308,2.3680221138005324,0.21996164733814264
4791,0.4797,47,242,47,377709,298735,41995,84261,2.366105373209986,0.22000490866745345
4792,0.4798,16,65,16,377774,298670,42011,84245,2.3655905461918643,0.22000966271888017
4793,0.4799,32,149,32,377923,298521,42043,84213,2.3644104042580154,0.22003009923341016
4794,0.48,16,103,16,378026,298418,42059,84197,2.363594601444684,0.22005671497458282
4795,0.4801,14,85,14,378111,298333,42073,84183,2.3629213661132935,0.22007706867163726
4796,0.4802,32,85,32,378196,298248,42105,84151,2.3622481307819037,0.2200607219161138
4797,0.4803,40,198,40,378394,298050,42145,84111,2.3606798884805476,0.22009310212188057
4798,0.4804,34,225,34,378619,297825,42179,84077,2.3588977949562793,0.2201533377672806
4799,0.4805,23,150,23,378769,297675,42202,84054,2.357709732606767,0.220192859332144
4800,0.4806,18,102,18,378871,297573,42220,84036,2.356901850209099,0.2202149320377664
4801,0.4807,34,219,34,379090,297354,42254,84002,2.3551672791788114,0.2202718719516672
4802,0.4808,26,159,26,379249,297195,42280,83976,2.3539079330883284,0.220310569272059
4803,0.4809,20,99,20,379348,297096,42300,83956,2.3531238119376505,0.2203268845196981
4804,0.481,26,146,26,379494,296950,42326,83930,2.351967431250792,0.22035811804242805
4805,0.4811,38,205,38,379699,296745,42364,83892,2.3503437460397922,0.22039896279132087
4806,0.4812,34,140,34,379839,296605,42398,83858,2.3492348878469143,0.2204103947032957
4807,0.4813,26,195,26,380034,296410,42424,83832,2.3476904067925486,0.2204701216593643
4808,0.4814,22,117,22,380151,296293,42446,83810,2.346763718159929,0.2204928664072633
4809,0.4815,6,74,6,380225,296219,42452,83804,2.3461776074008363,0.22052349463058815
4810,0.4816,31,103,31,380328,296116,42483,83773,2.3453618045875047,0.22051967811650244
4811,0.4817,33,203,33,380531,295913,42516,83740,2.343753960207832,0.2205698361398435
4812,0.4818,25,153,25,380684,295760,42541,83715,2.3425421366113293,0.22060741814348772
4813,0.4819,14,85,14,380769,295675,42555,83701,2.341868901279939,0.22062808401164016
4814,0.482,50,186,50,380955,295489,42605,83651,2.340395703966544,0.22063353906208788
4815,0.4821,33,199,33,381154,295290,42638,83618,2.3388195412495247,0.22068153747083724
4816,0.4822,32,227,32,381381,295063,42670,83586,2.33702160689393,0.22074797503756777
4817,0.4823,25,162,25,381543,294901,42695,83561,2.3357384995564567,0.22079099090529564
4818,0.4824,16,101,16,381644,294800,42711,83545,2.334938537574452,0.22081697921209478
4819,0.4825,18,83,18,381727,294717,42729,83527,2.3342811430743886,0.22082835418407165
4820,0.4826,35,151,35,381878,294566,42764,83492,2.333085160309213,0.22084442069735333
4821,0.4827,27,121,27,381999,294445,42791,83465,2.3321267900139397,0.22085946389351963
4822,0.4828,26,172,26,382171,294273,42817,83439,2.330764478519833,0.2209064048799085
4823,0.4829,22,91,22,382262,294182,42839,83417,2.330043720694462,0.22091425030256967
4824,0.483,17,89,17,382351,294093,42856,83400,2.329338803700418,0.2209312490562739
4825,0.4831,11,87,11,382438,294006,42867,83389,2.328649727537701,0.22095947217106746
4826,0.4832,25,182,25,382620,293824,42892,83364,2.3272082118869597,0.22101445433046651
4827,0.4833,18,84,18,382704,293740,42910,83346,2.326542896971233,0.22102650323798814
4828,0.4834,24,140,24,382844,293600,42934,83322,2.325434038778355,0.22105899894407863
4829,0.4835,19,76,19,382920,293524,42953,83303,2.3248320871879358,0.2210643080246373
4830,0.4836,42,215,42,383135,293309,42995,83261,2.3231291978203017,0.22110364606846006
4831,0.4837,16,82,16,383217,293227,43011,83245,2.322479723735902,0.2211187020548673
4832,0.4838,28,91,28,383308,293136,43039,83217,2.321758965910531,0.2211142198946202
4833,0.4839,9,65,9,383373,293071,43048,83208,2.321244138892409,0.2211337863659678
4834,0.484,26,160,26,383533,292911,43074,83182,2.319976872386263,0.22117401812849483
4835,0.4841,14,98,14,383631,292813,43088,83168,2.3192006716512483,0.2212026671560531
4836,0.4842,4,59,4,383690,292754,43092,83164,2.318733367127107,0.22122909783516617
4837,0.4843,15,54,15,383744,292700,43107,83149,2.3183056646812825,0.22122980239404655
4838,0.4844,30,163,30,383907,292537,43137,83119,2.317014636928146,0.2212636028707115
4839,0.4845,43,155,43,384062,292382,43180,83076,2.315786972500317,0.2212657607508696
4840,0.4846,8,91,8,384153,292291,43188,83068,2.315066214674946,0.2213028061136139
4841,0.4847,17,69,17,384222,292222,43205,83051,2.3145197059941705,0.22130822094848285
4842,0.4848,12,63,12,384285,292159,43217,83039,2.3140207198073757,0.22132047612194095
4843,0.4849,19,146,19,384431,292013,43236,83020,2.3128643391205173,0.2213671863542675
4844,0.485,10,83,10,384514,291930,43246,83010,2.3122069446204536,0.22139542326772282
4845,0.4851,20,142,20,384656,291788,43266,82990,2.311082245596249,0.2214377578192957
4846,0.4852,17,116,17,384772,291672,43283,82973,2.3101634773792927,0.22147099253960417
4847,0.4853,7,43,7,384815,291629,43290,82966,2.309822899505766,0.22148186708311643
4848,0.4854,27,141,27,384956,291488,43317,82939,2.3087061208972246,0.22150913262131203
4849,0.4855,17,113,17,385069,291375,43334,82922,2.307811113927259,0.22154064820182903
4850,0.4856,12,89,12,385158,291286,43346,82910,2.307106196933215,0.2215683759313301
4851,0.4857,25,100,25,385258,291186,43371,82885,2.3063141553668736,0.22157558324489202
4852,0.4858,20,129,20,385387,291057,43391,82865,2.305292421746293,0.2216103893325346
4853,0.4859,14,148,14,385535,290909,43405,82851,2.304120200228108,0.22166898544520547
4854,0.486,27,182,27,385717,290727,43432,82824,2.3026786845773666,0.22172072889645592
4855,0.4861,14,89,14,385806,290638,43446,82810,2.301973767583323,0.22174439279364194
4856,0.4862,18,172,18,385978,290466,43464,82792,2.3006114560892157,0.2218090436105857
4857,0.4863,20,150,20,386128,290316,43484,82772,2.2994233937397035,0.22185650570374818
4858,0.4864,14,100,14,386228,290216,43498,82758,2.298631352173362,0.22188678031176437
4859,0.4865,19,105,19,386333,290111,43517,82739,2.2977997085287036,0.22190961512672658
4860,0.4866,24,132,24,386465,289979,43541,82715,2.2967542136611327,0.22193810471861636
4861,0.4867,36,185,36,386650,289794,43577,82679,2.2952889367634013,0.2219731363078666
4862,0.4868,34,161,34,386811,289633,43611,82645,2.2940137498415916,0.22199807670611746
4863,0.4869,8,89,8,386900,289544,43619,82637,2.293308832847548,0.22203444023203764
4864,0.487,36,144,36,387044,289400,43655,82601,2.292168292992016,0.22204510202929562
4865,0.4871,17,66,17,387110,289334,43672,82584,2.291645545558231,0.2220489462731032
4866,0.4872,34,238,34,387348,289096,43706,82550,2.2897604866303385,0.22211997438422584
4867,0.4873,12,97,12,387445,288999,43718,82538,2.2889922063109873,0.22215284076686845
4868,0.4874,21,87,21,387532,288912,43739,82517,2.2883031301482704,0.2221608975066567
4869,0.4875,30,117,30,387649,288795,43769,82487,2.287376441515651,0.22216805554807398
4870,0.4876,31,196,31,387845,288599,43800,82456,2.285824040045622,0.22222042554338306
4871,0.4877,18,133,18,387978,288466,43818,82438,2.2847706247623876,0.2222623643853935
4872,0.4878,34,179,34,388157,288287,43852,82404,2.2833528703586365,0.2222983563129399
4873,0.4879,13,98,13,388255,288189,43865,82391,2.282576669623622,0.22232986129850504
4874,0.488,24,135,24,388390,288054,43889,82367,2.281507413509061,0.22236050331919627
4875,0.4881,24,229,24,388619,287825,43913,82343,2.279693638322139,0.22244764539344297
4876,0.4882,31,200,31,388819,287625,43944,82312,2.2781095551894563,0.222502750468323
4877,0.4883,15,135,15,388954,287490,43959,82297,2.2770402990748955,0.22255244235194854
4878,0.4884,8,118,8,389072,287372,43967,82289,2.2761056900266126,0.22260665853308842
4879,0.4885,8,54,8,389126,287318,43975,82281,2.275677987580788,0.2226223555799664
4880,0.4886,16,56,16,389182,287262,43991,82265,2.275234444303637,0.22262243354342173
4881,0.4887,21,106,21,389288,287156,44012,82244,2.274394880243315,0.22264212236058473
4882,0.4888,17,168,17,389456,286988,44029,82227,2.2730642504118617,0.22270763647197434
4883,0.4889,10,125,10,389581,286863,44039,82217,2.272074198453935,0.22276200281781727
4884,0.489,46,276,46,389857,286587,44085,82171,2.269888163730833,0.22283177585299843
4885,0.4891,16,73,16,389930,286514,44101,82155,2.2693099733874034,0.22284217007668125
4886,0.4892,26,156,26,390086,286358,44127,82129,2.2680743885439107,0.22288167560863748
4887,0.4893,37,210,37,390296,286148,44164,82092,2.2664111012545938,0.2229306973712796
4888,0.4894,15,76,15,390372,286072,44179,82077,2.2658091496641743,0.2229450575717984
4889,0.4895,19,114,19,390486,285958,44198,82058,2.264906222278545,0.22297400113038562
4890,0.4896,18,73,18,390559,285885,44216,82040,2.264328031935116,0.22298022694842698
4891,0.4897,25,178,25,390737,285707,44241,82015,2.262918197947028,0.2230353364770125
4892,0.4898,22,138,22,390875,285569,44263,81993,2.261825180585477,0.22307257006981135
4893,0.4899,19,124,19,390999,285445,44282,81974,2.260843049043214,0.22310767815491306
4894,0.49,23,147,23,391146,285298,44305,81951,2.259678747940692,0.22314832715677918
4895,0.4901,31,172,31,391318,285126,44336,81920,2.258316436446585,0.22318728442756494
4896,0.4902,18,138,18,391456,284988,44354,81902,2.2572234190850335,0.2232331216440895
4897,0.4903,9,53,9,391509,284935,44363,81893,2.2568036370548725,0.22324631707503245
4898,0.4904,14,102,14,391611,284833,44377,81879,2.2559957546572043,0.2232787582626148
4899,0.4905,13,85,13,391696,284748,44390,81866,2.2553225193258144,0.22330298351945096
4900,0.4906,45,246,45,391942,284502,44435,81821,2.2533740970726144,0.22335752873829925
4901,0.4907,28,192,28,392134,284310,44463,81793,2.2518533772652387,0.22341526838075623
4902,0.4908,24,147,24,392281,284163,44487,81769,2.250689076162717,0.22345408436540123
4903,0.4909,22,124,22,392405,284039,44509,81747,2.2497069446204536,0.2234831294800785
4904,0.491,28,142,28,392547,283897,44537,81719,2.248582245596249,0.2235104590608726
4905,0.4911,22,95,22,392642,283802,44559,81697,2.2478298061082245,0.22352181538116384
4906,0.4912,4,78,4,392720,283724,44563,81693,2.2472120136864784,0.22356102753840135
4907,0.4913,30,188,30,392908,283536,44593,81663,2.2457229755417565,0.22361233190671387
4908,0.4914,34,202,34,393110,283334,44627,81629,2.2441230515777466,0.22366376865600074
4909,0.4915,24,130,24,393240,283204,44651,81605,2.243093397541503,0.2236923979397438
4910,0.4916,27,143,27,393383,283061,44678,81578,2.241960778101635,0.2237226407487954
4911,0.4917,30,68,30,393451,282993,44708,81548,2.2414221898365225,0.22370048910822102
4912,0.4918,40,218,40,393669,282775,44748,81508,2.2396955392218985,0.2237491181306841
4913,0.4919,12,124,12,393793,282651,44760,81496,2.238713407679635,0.22379972923022845
4914,0.492,34,95,34,393888,282556,44794,81462,2.2379609681916106,0.22378563697399578
4915,0.4921,42,252,42,394140,282304,44836,81420,2.23596502344443,0.22385105189649296
4916,0.4922,19,100,19,394240,282204,44855,81401,2.235172981878089,0.22387205896508575
4917,0.4923,38,180,38,394420,282024,44893,81363,2.2337473070586746,0.22390179065294025
4918,0.4924,33,174,33,394594,281850,44926,81330,2.2323691547332403,0.2239385428713035
4919,0.4925,28,132,28,394726,281718,44954,81302,2.23132365986567,0.2239601123905019
4920,0.4926,38,172,38,394898,281546,44992,81264,2.2299613483715626,0.22398500592596676
4921,0.4927,25,189,25,395087,281357,45017,81239,2.2284643898111773,0.22404825204911252
4922,0.4928,19,91,19,395178,281266,45036,81220,2.2277436319858066,0.22406382591327664
4923,0.4929,20,142,20,395320,281124,45056,81200,2.226618932961602,0.22410880869056424
4924,0.493,10,70,10,395390,281054,45066,81190,2.226064503865163,0.22413069643665595
4925,0.4931,23,115,23,395505,280939,45089,81167,2.22515365606387,0.2241525962011124
4926,0.4932,25,96,25,395601,280843,45114,81142,2.2243932961601827,0.22415845960467976
4927,0.4933,33,155,33,395756,280688,45147,81109,2.2231656317323534,0.22418372733881153
4928,0.4934,11,55,11,395811,280633,45158,81098,2.2227300088708657,0.22419422167301117
4929,0.4935,29,170,29,395981,280463,45187,81069,2.221383538208085,0.22423741190268082
4930,0.4936,30,147,30,396128,280316,45217,81039,2.2202192371055633,0.2242642276985236
4931,0.4937,36,131,36,396259,280185,45253,81003,2.2191816626536562,0.2242682481145553
4932,0.4938,34,104,34,396363,280081,45287,80969,2.218357939424661,0.22425979781193742
4933,0.4939,25,91,25,396454,279990,45312,80944,2.21763718159929,0.22426260756814265
4934,0.494,27,109,27,396563,279881,45339,80917,2.216773856291978,0.22427230749616128
4935,0.4941,10,50,10,396613,279831,45349,80907,2.2163778355088075,0.22428188879463765
4936,0.4942,19,106,19,396719,279725,45368,80888,2.2155382714484855,0.22430694400922874
4937,0.4943,15,94,15,396813,279631,45383,80873,2.2147937523761247,0.2243331558040965
4938,0.4944,28,139,28,396952,279492,45411,80845,2.21369281459891,0.22435941909934312
4939,0.4945,11,83,11,397035,279409,45422,80834,2.213035420098847,0.22438742737541048
4940,0.4946,26,156,26,397191,279253,45448,80808,2.2117998352553543,0.22442863848070188
4941,0.4947,24,128,24,397319,279125,45472,80784,2.210786022050437,0.22445673767535682
4942,0.4948,25,125,25,397444,279000,45497,80759,2.2097959700925105,0.22448083300209307
4943,0.4949,23,162,23,397606,278838,45520,80736,2.2085128627550374,0.22453236329656762
4944,0.495,8,52,8,397658,278786,45528,80728,2.2081010011405398,0.2245475836824157
4945,0.4951,9,79,9,397737,278707,45537,80719,2.2074752883031303,0.22457752082487076
4946,0.4952,36,145,36,397882,278562,45573,80683,2.2063268280319352,0.22459046054920737
4947,0.4953,26,165,26,398047,278397,45599,80657,2.2050199594474718,0.22463751970455698
4948,0.4954,21,91,21,398138,278306,45620,80636,2.204299201622101,0.2246491076552758
4949,0.4955,48,300,48,398438,278006,45668,80588,2.201923076923077,0.2247332638025176
4950,0.4956,24,137,24,398575,277869,45692,80564,2.200837979977189,0.2247672507832705
4951,0.4957,20,120,20,398695,277749,45712,80544,2.1998875300975795,0.22479925647444968
4952,0.4958,15,103,15,398798,277646,45727,80529,2.199071727284248,0.2248314371466462
4953,0.4959,6,51,6,398849,277595,45733,80523,2.1986677860854136,0.22485046828140445
4954,0.496,26,137,26,398986,277458,45759,80497,2.197582689139526,0.2248802223743208
4955,0.4961,14,92,14,399078,277366,45773,80483,2.196854010898492,0.22490771247090252
4956,0.4962,23,128,23,399206,277238,45796,80460,2.195840197693575,0.22493835581971383
4957,0.4963,16,99,16,399305,277139,45812,80444,2.195056076542897,0.22496595196080352
4958,0.4964,20,116,20,399421,277023,45832,80424,2.194137308325941,0.2249955937523605
4959,0.4965,27,147,27,399568,276876,45859,80397,2.192973007223419,0.2250295992140464
4960,0.4966,25,163,25,399731,276713,45884,80372,2.1916819794702826,0.22507806264614869
4961,0.4967,28,152,28,399883,276561,45912,80344,2.190478076289444,0.22511312534147743
4962,0.4968,30,184,30,400067,276377,45942,80314,2.1890207198073757,0.2251640775909681
4963,0.4969,14,97,14,400164,276280,45956,80300,2.1882524394880245,0.22519490717370577
4964,0.497,14,126,14,400290,276154,45970,80286,2.187254467114434,0.22524408035012905
4965,0.4971,32,170,32,400460,275984,46002,80254,2.185907996451654,0.2252819744103661
4966,0.4972,19,154,19,400614,275830,46021,80235,2.184688252439488,0.2253380702961538
4967,0.4973,47,172,47,400786,275658,46068,80188,2.1833259409453807,0.2253446715714101
4968,0.4974,5,34,5,400820,275624,46073,80183,2.1830566468128247,0.22535531903531972
4969,0.4975,19,106,19,400926,275518,46092,80164,2.1822170827525027,0.22538109884672264
4970,0.4976,15,64,15,400990,275454,46107,80149,2.181710176150044,0.22538898715702624
4971,0.4977,34,137,34,401127,275317,46141,80115,2.1806250792041566,0.22540176461320308
4972,0.4978,20,107,20,401234,275210,46161,80095,2.1797775947281712,0.2254260424142638
4973,0.4979,41,237,41,401471,274973,46202,80054,2.177900456215942,0.2254870756308675
4974,0.498,11,84,11,401555,274889,46213,80043,2.1772351413002156,0.22551643695130336
4975,0.4981,19,64,19,401619,274825,46232,80024,2.176728234697757,0.22551564186456774
4976,0.4982,23,79,23,401698,274746,46255,80001,2.176102521860347,0.2255156491809656
4977,0.4983,22,118,22,401816,274628,46277,79979,2.1751679128120642,0.22554264298223103
4978,0.4984,18,89,18,401905,274539,46295,79961,2.1744629958180206,0.22555994358251058
4979,0.4985,45,227,45,402132,274312,46340,79916,2.1726650614624257,0.22560610680126925
4980,0.4986,35,168,35,402300,274144,46375,79881,2.171334431630972,0.22563660758421014
4981,0.4987,18,99,18,402399,274045,46393,79863,2.170550310480294,0.22566034110559807
4982,0.4988,3,38,3,402437,274007,46396,79860,2.170249334685084,0.22567800896947157
4983,0.4989,17,118,17,402555,273889,46413,79843,2.1693147256368013,0.2257160788393473
4984,0.499,16,110,16,402665,273779,46429,79827,2.168443479913826,0.22575125987681205
4985,0.4991,16,101,16,402766,273678,46445,79811,2.167643517931821,0.2257807173631994
4986,0.4992,17,96,17,402862,273582,46462,79794,2.166883158028133,0.22580480847595763
4987,0.4993,36,177,36,403039,273405,46498,79758,2.165481244455709,0.2258390601506953
4988,0.4994,14,97,14,403136,273308,46512,79744,2.164712964136358,0.2258704100245856
4989,0.4995,22,159,22,403295,273149,46534,79722,2.163453618045875,0.2259239212063332
4990,0.4996,13,97,13,403392,273052,46547,79709,2.162685337726524,0.22595751797959526
4991,0.4997,34,133,34,403525,272919,46581,79675,2.1616319224432896,0.22596811063149116
4992,0.4998,26,139,26,403664,272780,46607,79649,2.1605309846660754,0.2260001305227436
4993,0.4999,29,164,29,403828,272616,46636,79620,2.1592320364972752,0.22604163117909584
4994,0.5,36,212,36,404040,272404,46672,79584,2.1575529083766316,0.22609861699830677
4995,0.5001,14,104,14,404144,272300,46686,79570,2.1567291851476367,0.22613465200215987
4996,0.5002,38,196,38,404340,272104,46724,79532,2.1551767836776072,0.22617706946956512
4997,0.5003,34,104,34,404444,272000,46758,79498,2.1543530604486123,0.2261691389424691
4998,0.5004,12,69,12,404513,271931,46770,79486,2.1538065517678366,0.22618712242151062
4999,0.5005,26,162,26,404675,271769,46796,79460,2.1525234444303636,0.22623416631314613
5000,0.5006,38,151,38,404826,271618,46834,79422,2.151327461665188,0.22624772105742935
5001,0.5007,18,95,18,404921,271523,46852,79404,2.150575022177164,0.22626928107555133
5002,0.5008,36,201,36,405122,271322,46888,79368,2.1489830186288175,0.2263195414753771
5003,0.5009,22,94,22,405216,271228,46910,79346,2.1482384995564567,0.2263316731988111
5004,0.501,12,89,12,405305,271139,46922,79334,2.1475335825624127,0.22636265846441808
5005,0.5011,21,93,21,405398,271046,46943,79313,2.1467969839057153,0.22637637394786492
5006,0.5012,12,72,12,405470,270974,46955,79301,2.1462267139779496,0.22639640282635073
5007,0.5013,21,68,21,405538,270906,46976,79280,2.1456881257128373,0.22639397348837476
5008,0.5014,29,151,29,405689,270755,47005,79251,2.1444921429476618,0.2264275469563379
5009,0.5015,22,146,22,405835,270609,47027,79229,2.1433357622608034,0.2264733962576964
5010,0.5016,20,128,20,405963,270481,47047,79209,2.1423219490558862,0.22651205353312934
5011,0.5017,33,215,33,406178,270266,47080,79176,2.1406190596882526,0.22657837352121382
5012,0.5018,22,103,22,406281,270163,47102,79154,2.139803256874921,0.22659647254499496
5013,0.5019,14,92,14,406373,270071,47116,79140,2.1390745786338865,0.22662516358304866
5014,0.502,20,115,20,406488,269956,47136,79120,2.138163730832594,0.226655513412552
5015,0.5021,14,102,14,406590,269854,47150,79106,2.1373558484349258,0.22669073819348923
5016,0.5022,26,126,26,406716,269728,47176,79080,2.1363578760613358,0.22671498360129355
5017,0.5023,14,65,14,406781,269663,47190,79066,2.135843049043214,0.22672619713301734
5018,0.5024,18,121,18,406902,269542,47208,79048,2.1348846787479405,0.22676496744025934
5019,0.5025,30,183,30,407085,269359,47238,79018,2.1334352426815357,0.22681749943308543
5020,0.5026,25,140,25,407225,269219,47263,78993,2.1323263844886577,0.226853181395242
5021,0.5027,11,98,11,407323,269121,47274,78982,2.1315501837536432,0.22689261511679015
5022,0.5028,9,37,9,407360,269084,47283,78973,2.131257128374097,0.22689674392412737
5023,0.5029,21,153,21,407513,268931,47304,78952,2.1300453047775947,0.22694986532828565
5024,0.503,16,89,16,407602,268842,47320,78936,2.129340387783551,0.22697237893138728
5025,0.5031,9,73,9,407675,268769,47329,78927,2.1287621974401216,0.22700002300860522
5026,0.5032,21,132,21,407807,268637,47350,78906,2.127716702572551,0.22703953179894287
5027,0.5033,22,99,22,407906,268538,47372,78884,2.126932581421873,0.22705528147325155
5028,0.5034,12,162,12,408068,268376,47384,78872,2.1256494740844,0.227134497534903
5029,0.5035,26,106,26,408174,268270,47410,78846,2.1248099100240783,0.22714596849468188
5030,0.5036,16,61,16,408235,268209,47426,78830,2.1243267646686097,0.22715026265059546
5031,0.5037,29,147,29,408382,268062,47455,78801,2.123162463566088,0.2271819133202446
5032,0.5038,37,171,37,408553,267891,47492,78764,2.121808072487644,0.22721149269446567
5033,0.5039,18,221,18,408774,267670,47510,78746,2.1200576606260295,0.22731629024063554
5034,0.504,27,152,27,408926,267518,47537,78719,2.1188537574451907,0.2273558285220817
5035,0.5041,25,119,25,409045,267399,47562,78694,2.1179112279812444,0.2273781902552204
5036,0.5042,20,138,20,409183,267261,47582,78674,2.116818210619693,0.2274242270946854
5037,0.5043,17,58,17,409241,267203,47599,78657,2.1163588265112154,0.22742439137223153
5038,0.5044,20,136,20,409377,267067,47619,78637,2.115281649980991,0.22746916437183254
5039,0.5045,12,91,12,409468,266976,47631,78625,2.1145608921556205,0.22750223523658786
5040,0.5046,26,159,26,409627,266817,47657,78599,2.1133015460651374,0.22754881070940547
5041,0.5047,38,181,38,409808,266636,47695,78561,2.1118679508300597,0.22758309023543077
5042,0.5048,11,72,11,409880,266564,47706,78550,2.1112976809022936,0.22760595049751675
5043,0.5049,26,162,26,410042,266402,47732,78524,2.1100145735648206,0.2276546273693488
5044,0.505,18,119,18,410161,266283,47750,78506,2.1090720441008743,0.22769287883314143
5045,0.5051,14,86,14,410247,266197,47764,78492,2.1083908883538207,0.22771831999280512
5046,0.5052,10,40,10,410287,266157,47774,78482,2.1080740717272843,0.2277223413484835
5047,0.5053,16,126,16,410413,266031,47790,78466,2.107076099353694,0.22776976287166506
5048,0.5054,22,83,22,410496,265948,47812,78444,2.1064187048536307,0.22777532579153986
5049,0.5055,29,136,29,410632,265812,47841,78415,2.1053415283234065,0.227800259712341
5050,0.5056,27,109,27,410741,265703,47868,78388,2.1044782030160945,0.22781182884760137
5051,0.5057,8,65,8,410806,265638,47876,78380,2.1039633759979726,0.22783691551023494
5052,0.5058,20,111,20,410917,265527,47896,78360,2.1030842098593334,0.22786554885761892
5053,0.5059,20,114,20,411031,265413,47916,78340,2.1021812824737043,0.2278961929059528
5054,0.506,24,96,24,411127,265317,47940,78316,2.1014209225700164,0.22790593452898877
5055,0.5061,12,66,12,411193,265251,47952,78304,2.1008981751362312,0.2279227489048333
5056,0.5062,15,62,15,411255,265189,47967,78289,2.1004071093650993,0.2279301731115239
5057,0.5063,23,147,23,411402,265042,47990,78266,2.0992428082625776,0.22797604483437614
5058,0.5064,11,76,11,411478,264966,48001,78255,2.098640856672158,0.22800178310767696
5059,0.5065,24,138,24,411616,264828,48025,78231,2.097547839310607,0.22803949174923263
5060,0.5066,7,80,7,411696,264748,48032,78224,2.096914206057534,0.22807692756259987
5061,0.5067,16,123,16,411819,264625,48048,78208,2.095939994930934,0.2281227303089259
5062,0.5068,30,149,30,411968,264476,48078,78178,2.0947598529970852,0.22815434811792654
5063,0.5069,29,167,29,412135,264309,48107,78149,2.093437143581295,0.2282002464535797
5064,0.507,29,143,29,412278,264166,48136,78120,2.092304524141427,0.22823019346394535
5065,0.5071,27,112,27,412390,264054,48163,78093,2.0914174375871246,0.2282440003857991
5066,0.5072,19,90,19,412480,263964,48182,78074,2.090704600177417,0.22826118735345197
5067,0.5073,26,149,26,412629,263815,48208,78048,2.089524458243569,0.22830198061796686
5068,0.5074,13,113,13,412742,263702,48221,78035,2.088629451273603,0.22834811565619176
5069,0.5075,25,119,25,412861,263583,48246,78010,2.0876869218096568,0.22837119027614736
5070,0.5076,24,111,24,412972,263472,48270,77986,2.0868077556710176,0.2283911930603471
5071,0.5077,16,75,16,413047,263397,48286,77970,2.0862137244962615,0.22840520612713003
5072,0.5078,17,93,17,413140,263304,48303,77953,2.085477125839564,0.22842901391033738
5073,0.5079,32,130,32,413270,263174,48335,77921,2.0844474718033204,0.22844368870842435
5074,0.508,30,142,30,413412,263032,48365,77891,2.0833227727791153,0.22847094505210855
5075,0.5081,32,139,32,413551,262893,48397,77859,2.082221835001901,0.2284916889702775
5076,0.5082,32,228,32,413779,262665,48429,77827,2.0804159802306423,0.22857218378111674
5077,0.5083,37,174,37,413953,262491,48466,77790,2.0790378279052084,0.22860518218766254
5078,0.5084,13,78,13,414031,262413,48479,77777,2.0784200354834623,0.22862811958023457
5079,0.5085,28,159,28,414190,262254,48507,77749,2.0771606893929793,0.2286715117219554
5080,0.5086,21,78,21,414268,262176,48528,77728,2.076542896971233,0.22867633214083977
5081,0.5087,21,81,21,414349,262095,48549,77707,2.0759013433024966,0.22868317431916232
5082,0.5088,8,60,8,414409,262035,48557,77699,2.075426118362692,0.22870539892975092
5083,0.5089,23,137,23,414546,261898,48580,77676,2.074341021416804,0.22874542809520163
5084,0.509,21,133,21,414679,261765,48601,77655,2.07328760613357,0.22878734311472512
5085,0.5091,32,165,32,414844,261600,48633,77623,2.0719807375491066,0.22882587560395373
5086,0.5092,33,184,33,415028,261416,48666,77590,2.0705233810670385,0.22887500516215054
5087,0.5093,41,196,41,415224,261220,48707,77549,2.068970979597009,0.22891409780706026
5088,0.5094,24,109,24,415333,261111,48731,77525,2.068107654289697,0.22893313174027569
5089,0.5095,19,92,19,415425,261019,48750,77506,2.067378976048663,0.22895207148659627
5090,0.5096,35,163,35,415588,260856,48785,77471,2.0660879482955266,0.22898261149716104
5091,0.5097,35,144,35,415732,260712,48820,77436,2.064947408439995,0.2290003193867774
5092,0.5098,34,179,34,415911,260533,48854,77402,2.0635296540362438,0.22904404693210234
5093,0.5099,23,85,23,415996,260448,48877,77379,2.0628564187048535,0.22904918789794776
5094,0.51,32,167,32,416163,260281,48909,77347,2.0615337092890633,0.22908941201559113
5095,0.5101,32,134,32,416297,260147,48941,77315,2.060472373590166,0.22910727726381044
5096,0.5102,38,214,38,416511,259933,48979,77277,2.0587774046381955,0.22916580172592746
5097,0.5103,15,78,15,416589,259855,48994,77262,2.058159612216449,0.2291845264403753
5098,0.5104,29,143,29,416732,259712,49023,77233,2.057026992776581,0.22921545059282672
5099,0.5105,17,68,17,416800,259644,49040,77216,2.0564884045114686,0.2292228225375527
5100,0.5106,25,165,25,416965,259479,49065,77191,2.0551815359270056,0.22927792794130752
5101,0.5107,22,167,22,417132,259312,49087,77169,2.0538588265112154,0.22934132982248626
5102,0.5108,24,125,24,417257,259187,49111,77145,2.0528687745532888,0.2293715733263561
5103,0.5109,37,157,37,417414,259030,49148,77108,2.0516252692941324,0.2293938798945671
5104,0.511,10,58,10,417472,258972,49158,77098,2.0511658851856547,0.22941053947094356
5105,0.5111,61,351,61,417823,258621,49219,77037,2.0483858192877964,0.22951039450869634
5106,0.5112,13,155,13,417978,258466,49232,77024,2.047158154859967,0.2295865748606516
5107,0.5113,37,185,37,418163,258281,49269,76987,2.0456928779622356,0.2296282377083408
5108,0.5114,22,102,22,418265,258179,49291,76965,2.0448849955645674,0.22964755448404267
5109,0.5115,31,127,31,418392,258052,49322,76934,2.0438791027753136,0.22966332921375818
5110,0.5116,19,106,19,418498,257946,49341,76915,2.0430395387149916,0.22969232009699547
5111,0.5117,28,103,28,418601,257843,49369,76887,2.04222373590166,0.22969856302094224
5112,0.5118,12,60,12,418661,257783,49381,76875,2.041748510961855,0.2297121240191479
5113,0.5119,7,34,7,418695,257749,49388,76868,2.0414792168292992,0.22971935078014566
5114,0.512,15,106,15,418801,257643,49403,76853,2.040639652768977,0.22975760547211327
5115,0.5121,18,75,18,418876,257568,49421,76835,2.040045621594221,0.22976767552922672
5116,0.5122,15,124,15,419000,257444,49436,76820,2.0390634900519577,0.22981834717468827
5117,0.5123,36,177,36,419177,257267,49472,76784,2.037661576479534,0.22985711762575176
5118,0.5124,39,183,39,419360,257084,49511,76745,2.036212140413129,0.22989314888760412
5119,0.5125,38,158,38,419518,256926,49549,76707,2.0349607147383093,0.22991430703797286
5120,0.5126,21,112,21,419630,256814,49570,76686,2.0340736281840073,0.22994302848575712
5121,0.5127,32,139,32,419769,256675,49602,76654,2.0329726904067926,0.22996498954486408
5122,0.5128,16,54,16,419823,256621,49618,76638,2.0325449879609683,0.22996528225794352
5123,0.5129,25,134,25,419957,256487,49643,76613,2.0314836522620707,0.23
5124,0.513,12,108,12,420065,256379,49655,76601,2.030628247370422,0.2300468496606403
5125,0.5131,18,126,18,420191,256253,49673,76583,2.029630274996832,0.2300922977081806
5126,0.5132,24,98,24,420289,256155,49697,76559,2.028854074261817,0.2301045342245893
5127,0.5133,11,59,11,420348,256096,49708,76548,2.0283867697376756,0.2301198879282356
5128,0.5134,29,172,29,420520,255924,49737,76519,2.027024458243569,0.23017178884801304
5129,0.5135,8,75,8,420595,255849,49745,76511,2.0264304270688127,0.2302051991816103
5130,0.5136,17,81,17,420676,255768,49762,76494,2.025788873400076,0.23022193329360566
5131,0.5137,18,63,18,420739,255705,49780,76476,2.025289887213281,0.2302238839668735
5132,0.5138,10,81,10,420820,255624,49790,76466,2.0246483335445444,0.23025685808064078
5133,0.5139,40,185,40,421005,255439,49830,76426,2.023183056646813,0.23029243819022796
5134,0.514,22,129,22,421134,255310,49852,76404,2.0221613230262325,0.23033094774414103
5135,0.5141,27,95,27,421229,255215,49879,76377,2.021408883538208,0.2303342662066636
5136,0.5142,24,80,24,421309,255135,49903,76353,2.020775250285135,0.23033412974225312
5137,0.5143,34,181,34,421490,254954,49937,76319,2.019341655050057,0.2303809848674658
5138,0.5144,17,78,17,421568,254876,49954,76302,2.0187238626283106,0.2303957388473872
5139,0.5145,8,48,8,421616,254828,49962,76294,2.0183436826764667,0.2304105435458834
5140,0.5146,15,72,15,421688,254756,49977,76279,2.017773412748701,0.23042578579304304
5141,0.5147,32,142,32,421830,254614,50009,76247,2.0166487137244964,0.23045024950054555
5142,0.5148,25,104,25,421934,254510,50034,76222,2.015824990495501,0.2304645453116118
5143,0.5149,13,96,13,422030,254414,50047,76209,2.0150646305918136,0.23050120530029672
5144,0.515,26,142,26,422172,254272,50073,76183,2.0139399315676085,0.23053971039929794
5145,0.5151,23,111,23,422283,254161,50096,76160,2.01306076542897,0.23056360328286726
5146,0.5152,23,107,23,422390,254054,50119,76137,2.0122132809529845,0.23058472217595272
5147,0.5153,44,243,44,422633,253811,50163,76093,2.010288619946775,0.23065194723313448
5148,0.5154,39,136,39,422769,253675,50202,76054,2.0092114434165507,0.23065608423887496
5149,0.5155,14,53,14,422822,253622,50216,76040,2.0087916613863896,0.23066049468849914
5150,0.5156,17,74,17,422896,253548,50233,76023,2.008205550627297,0.23067260165487863
5151,0.5157,37,173,37,423069,253375,50270,75986,2.0068353187175263,0.23070733936319116
5152,0.5158,49,252,49,423321,253123,50319,75937,2.004839373970346,0.2307694645353431
5153,0.5159,39,166,39,423487,252957,50358,75898,2.0035245849702195,0.23079472715938634
5154,0.516,13,94,13,423581,252863,50371,75885,2.0027800658978583,0.23083030162921142
5155,0.5161,32,152,32,423733,252711,50403,75853,2.0015761627170194,0.23086217601441425
5156,0.5162,12,65,12,423798,252646,50415,75841,2.0010613356988975,0.23087976084289485
5157,0.5163,40,140,40,423938,252506,50455,75801,1.9999524775060196,0.23088450748841785
5158,0.5164,8,24,8,423962,252482,50463,75793,1.9997623875300976,0.23088264412459067
5159,0.5165,16,60,16,424022,252422,50479,75777,1.9992871625902928,0.2308873579748872
5160,0.5166,18,123,18,424145,252299,50497,75759,1.9983129514636928,0.23093172548756621
5161,0.5167,23,90,23,424235,252209,50520,75736,1.9976001140539856,0.2309411639146808
5162,0.5168,19,93,19,424328,252116,50539,75717,1.996863515397288,0.23096210570625897
5163,0.5169,12,63,12,424391,252053,50551,75705,1.996364529210493,0.23097834377803136
5164,0.517,28,149,28,424540,251904,50579,75677,1.9951843872766444,0.23101767196510176
5165,0.5171,21,115,21,424655,251789,50600,75656,1.9942735394753517,0.23104948922719845
5166,0.5172,60,258,60,424913,251531,50660,75596,1.9922300722341908,0.23109067732104044
5167,0.5173,11,60,11,424973,251471,50671,75585,1.991754847294386,0.231107210997505
5168,0.5174,19,126,19,425099,251345,50690,75566,1.9907568749207958,0.23115159783549652
5169,0.5175,24,136,24,425235,251209,50714,75542,1.9896796983905716,0.2311913352981322
5170,0.5176,8,74,8,425309,251135,50722,75534,1.9890935876314788,0.23122487900596628
5171,0.5177,40,207,40,425516,250928,50762,75494,1.9874540615891523,0.2312773036131143
5172,0.5178,17,99,17,425615,250829,50779,75477,1.9866699404384742,0.23130742309366056
5173,0.5179,13,57,13,425672,250772,50792,75464,1.9862184767456597,0.23131720594906754
5174,0.518,23,102,23,425774,250670,50815,75441,1.9854105943479914,0.23133534287405208
5175,0.5181,13,90,13,425864,250580,50828,75428,1.9846977569382842,0.2313685553728743
5176,0.5182,17,66,17,425930,250514,50845,75411,1.9841750095044988,0.2313753164071489
5177,0.5183,28,166,28,426096,250348,50873,75383,1.9828602205043722,0.23142715922033824
5178,0.5184,25,130,25,426226,250218,50898,75358,1.9818305664681282,0.23146054991768436
5179,0.5185,46,155,46,426381,250063,50944,75312,1.980602902040299,0.23146215904725317
5180,0.5186,26,110,26,426491,249953,50970,75286,1.9797316563173235,0.2314790046704116
5181,0.5187,5,30,5,426521,249923,50975,75281,1.9794940438474211,0.23148854257635207
5182,0.5188,28,160,28,426681,249763,51003,75253,1.978226777341275,0.23153629359785363
5183,0.5189,27,115,27,426796,249648,51030,75226,1.9773159295399823,0.2315543872393605
5184,0.519,33,141,33,426937,249507,51063,75193,1.976199150931441,0.23157684016014782
5185,0.5191,12,102,12,427039,249405,51075,75181,1.9753912685337727,0.23162120362554145
5186,0.5192,37,143,37,427182,249262,51112,75144,1.9742586490939045,0.23163566641800706
5187,0.5193,48,256,48,427438,249006,51160,75096,1.9722310226840705,0.2317048336634763
5188,0.5194,15,70,15,427508,248936,51175,75081,1.9716765935876315,0.23171932336883558
5189,0.5195,40,191,40,427699,248745,51215,75041,1.9701637941959194,0.2317611014682537
5190,0.5196,27,113,27,427812,248632,51242,75014,1.9692687872259536,0.23177793020769608
5191,0.5197,29,86,29,427898,248546,51271,74985,1.9685876314789,0.23177068039847804
5192,0.5198,37,183,37,428081,248363,51308,74948,1.9671381954124953,0.2318139500357241
5193,0.5199,31,104,31,428185,248259,51339,74917,1.9663144721835002,0.23181486248978886
5194,0.52,24,115,24,428300,248144,51363,74893,1.9654036243822075,0.23184031550565415
5195,0.5201,23,107,23,428407,248037,51386,74870,1.9645561399062224,0.23186242478484517
5196,0.5202,26,139,26,428546,247898,51412,74844,1.9634552021290077,0.23190040341821022
5197,0.5203,34,184,34,428730,247714,51446,74810,1.9619978456469396,0.23195173072391512
5198,0.5204,19,91,19,428821,247623,51465,74791,1.9612770878215688,0.23197193670250052
5199,0.5205,36,171,36,428992,247452,51501,74755,1.9599226967431251,0.23200923629840445
5200,0.5206,40,209,40,429201,247243,51541,74715,1.9582673298694715,0.23206443076426117
5201,0.5207,12,75,12,429276,247168,51553,74703,1.9576732986947154,0.23208987451494542
5202,0.5208,33,183,33,429459,246985,51586,74670,1.9562238626283108,0.23214313472509365
5203,0.5209,17,66,17,429525,246919,51603,74653,1.9557011151945254,0.2321501872053537
5204,0.521,25,160,25,429685,246759,51628,74628,1.9544338486883792,0.2322060319801361
5205,0.5211,20,155,20,429840,246604,51648,74608,1.95320618426055,0.23227027632840616
5206,0.5212,18,85,18,429925,246519,51666,74590,1.9525329489291599,0.23228872438953752
5207,0.5213,37,140,37,430065,246379,51703,74553,1.9514240907362819,0.2323015467451049
5208,0.5214,30,181,30,430246,246198,51733,74523,1.949990495501204,0.2323608369891588
5209,0.5215,8,126,8,430372,246072,51741,74515,1.9489925231276137,0.2324330057051596
5210,0.5216,33,158,33,430530,245914,51774,74482,1.9477410974527942,0.23246857014444625
5211,0.5217,12,126,12,430656,245788,51786,74470,1.9467431250792042,0.23253127166222234
5212,0.5218,35,155,35,430811,245633,51821,74435,1.945515460651375,0.232559956009348
5213,0.5219,30,155,30,430966,245478,51851,74405,1.9442877962235459,0.23260066961982975
5214,0.522,35,151,35,431117,245327,51886,74370,1.9430918134583703,0.23262651823445324
5215,0.5221,13,90,13,431207,245237,51899,74357,1.942378976048663,0.23266081340701014
5216,0.5222,24,140,24,431347,245097,51923,74333,1.9412701178557852,0.2327051310146198
5217,0.5223,8,59,8,431406,245038,51931,74325,1.9408028133316437,0.2327289009684904
5218,0.5224,17,89,17,431495,244949,51948,74308,1.9400978963375999,0.23275292319354
5219,0.5225,31,143,31,431638,244806,51979,74277,1.9389652768977317,0.23278269290435405
5220,0.5226,21,121,21,431759,244685,52000,74256,1.9380069066024586,0.23282049031012006
5221,0.5227,20,61,20,431820,244624,52020,74236,1.9375237612469902,0.23281691024273976
5222,0.5228,19,103,19,431923,244521,52039,74217,1.9367079584336586,0.23284641304143214
5223,0.5229,31,157,31,432080,244364,52070,74186,1.9354644531745027,0.2328865170302935
5224,0.523,45,246,45,432326,244118,52115,74141,1.9335160309213026,0.23295806245856363
5225,0.5231,10,95,10,432421,244023,52125,74131,1.9327635914332784,0.2330035140215116
5226,0.5232,32,162,32,432583,243861,52157,74099,1.9314804840958053,0.23304503711158636
5227,0.5233,32,172,32,432755,243689,52189,74067,1.930118172601698,0.23309394629841765
5228,0.5234,33,151,33,432906,243538,52222,74034,1.9289221898365225,0.23312508659453604
5229,0.5235,36,167,36,433073,243371,52258,73998,1.9275994804207324,0.23316076869511515
5230,0.5236,32,128,32,433201,243243,52290,73966,1.9265856672158155,0.23317749496388815
5231,0.5237,13,92,13,433293,243151,52303,73953,1.9258569889747814,0.23321370906705685
5232,0.5238,50,150,50,433443,243001,52353,73903,1.9246689266252692,0.23320311513896952
5233,0.5239,35,126,35,433569,242875,52388,73868,1.9236709542516792,0.233211152259087
5234,0.524,26,114,26,433683,242761,52414,73842,1.9227680268660499,0.2332321550964457
5235,0.5241,11,65,11,433748,242696,52425,73831,1.922253199847928,0.23325340334315872
5236,0.5242,26,147,26,433895,242549,52451,73805,1.9210888987454062,0.2332987728936571
5237,0.5243,11,84,11,433979,242465,52462,73794,1.9204235838296795,0.23333407112524862
5238,0.5244,28,174,28,434153,242291,52490,73766,1.9190454315042453,0.2333946092002392
5239,0.5245,15,130,15,434283,242161,52505,73751,1.9180157774680016,0.23345425308313708
5240,0.5246,15,80,15,434363,242081,52520,73736,1.9173821442149284,0.2334769819230757
5241,0.5247,32,218,32,434581,241863,52552,73704,1.915655493600304,0.23356054340282728
5242,0.5248,23,104,23,434685,241759,52575,73681,1.9148317703713091,0.23358166370783667
5243,0.5249,19,112,19,434797,241647,52594,73662,1.9139446838170067,0.23361845047239374
5244,0.525,21,147,21,434944,241500,52615,73641,1.912780382714485,0.23367635439374757
5245,0.5251,27,120,27,435064,241380,52642,73614,1.9118299328348751,0.23369968951789558
5246,0.5252,24,147,24,435211,241233,52666,73590,1.9106656317323534,0.23375039307801526
5247,0.5253,25,129,25,435340,241104,52691,73565,1.909643898111773,0.23378534269343343
5248,0.5254,25,138,25,435478,240966,52716,73540,1.9085508807502218,0.23382701760856708
5249,0.5255,56,229,56,435707,240737,52772,73484,1.9067371055633,0.23386088135420613
5250,0.5256,27,178,27,435885,240559,52799,73457,1.9053272715752123,0.2339275705696525
5251,0.5257,38,157,38,436042,240402,52837,73419,1.9040837663160564,0.23395183878707926
5252,0.5258,16,87,16,436129,240315,52853,73403,1.9033946901533392,0.2339776487163631
5253,0.5259,23,102,23,436231,240213,52876,73380,1.9025868077556711,0.23399757009882236
5254,0.526,14,65,14,436296,240148,52890,73366,1.902071980737549,0.23401187825743028
5255,0.5261,24,149,24,436445,239999,52914,73342,1.9008918388037004,0.23406448565620203
5256,0.5262,18,84,18,436529,239915,52932,73324,1.9002265238879736,0.23408323995415642
5257,0.5263,18,108,18,436637,239807,52950,73306,1.899371118996325,0.23411995030548077
5258,0.5264,51,192,51,436829,239615,53001,73255,1.8978503991889495,0.23413877968485314
5259,0.5265,38,107,38,436936,239508,53039,73217,1.8970029147129641,0.23412582940282997
5260,0.5266,32,100,32,437036,239408,53071,73185,1.8962108731466227,0.23412232519602166
5261,0.5267,37,125,37,437161,239283,53108,73148,1.895220821188696,0.23412529486510622
5262,0.5268,28,119,28,437280,239164,53136,73120,1.8942782917247498,0.23414584160571789
5263,0.5269,13,85,13,437365,239079,53149,73107,1.8936050563933595,0.23417770175472313
5264,0.527,26,135,26,437500,238944,53175,73081,1.8925358002787986,0.23421520711481453
5265,0.5271,9,81,9,437581,238863,53184,73072,1.8918942466100621,0.23425393110744225
5266,0.5272,21,81,21,437662,238782,53205,73051,1.8912526929413256,0.23426321139840878
5267,0.5273,9,83,9,437745,238699,53214,73042,1.8905952984412622,0.23430347628319662
5268,0.5274,27,108,27,437853,238591,53241,73015,1.8897398935496135,0.23431833790106738
5269,0.5275,28,144,28,437997,238447,53269,72987,1.888599353694082,0.23435784146881844
5270,0.5276,39,142,39,438139,238305,53308,72948,1.887474654669877,0.2343688253607194
5271,0.5277,22,130,22,438269,238175,53330,72926,1.8864450006336333,0.23441261841009833
5272,0.5278,9,73,9,438342,238102,53339,72917,1.885866810290204,0.23444548403795268
5273,0.5279,13,55,13,438397,238047,53352,72904,1.8854311874287162,0.23445494627770935
5274,0.528,33,192,33,438589,237855,53385,72871,1.8839104676213407,0.2345185147042732
5275,0.5281,24,128,24,438717,237727,53409,72847,1.8828966544164238,0.2345560156355651
5276,0.5282,33,152,33,438869,237575,53442,72814,1.8816927512355848,0.23458949898353357
5277,0.5283,39,131,39,439000,237444,53481,72775,1.8806551767836777,0.23459233638171742
5278,0.5284,22,143,22,439143,237301,53503,72753,1.8795225573438095,0.23464622291600817
5279,0.5285,29,132,29,439275,237169,53532,72724,1.8784770624762388,0.23467454895722073
5280,0.5286,25,97,25,439372,237072,53557,72699,1.8777087821568876,0.23468626824331523
5281,0.5287,19,139,19,439511,236933,53576,72680,1.876607844379673,0.23474466511419095
5282,0.5288,14,85,14,439596,236848,53590,72666,1.875934609048283,0.23477451746932287
5283,0.5289,51,236,51,439832,236612,53641,72615,1.874065390951717,0.23482748919078864
5284,0.529,25,158,25,439990,236454,53666,72590,1.8728139652768978,0.23488564735118625
5285,0.5291,9,87,9,440077,236367,53675,72581,1.8721248891141806,0.2349295026994834
5286,0.5292,20,72,20,440149,236295,53695,72561,1.871554619186415,0.23493472686300412
5287,0.5293,33,137,33,440286,236158,53728,72528,1.8704695222405272,0.23495720570417836
5288,0.5294,34,172,34,440458,235986,53762,72494,1.86910721074642,0.23500389004149377
5289,0.5295,18,110,18,440568,235876,53780,72476,1.8682359650234444,0.23504306766293068
5290,0.5296,35,100,35,440668,235776,53815,72441,1.867443923457103,0.235032460896057
5291,0.5297,18,57,18,440725,235719,53833,72423,1.8669924597642884,0.2350312518254571
5292,0.5298,23,94,23,440819,235625,53856,72400,1.8662479406919275,0.2350458566674783
5293,0.5299,27,151,27,440970,235474,53883,72373,1.865051957926752,0.23509405646311318
5294,0.53,55,285,55,441255,235189,53938,72318,1.862794639462679,0.23517513422458675
5295,0.5301,13,88,13,441343,235101,53951,72305,1.8620976428842986,0.23521011301015596
5296,0.5302,19,109,19,441452,234992,53970,72286,1.8612343175769865,0.23524625908786181
5297,0.5303,33,178,33,441630,234814,54003,72253,1.8598244835888988,0.23530043931780362
5298,0.5304,19,106,19,441736,234708,54022,72234,1.8589849195285768,0.23533436284379458
5299,0.5305,23,129,23,441865,234579,54045,72211,1.8579631859079964,0.23537599009094168
5300,0.5306,29,157,29,442022,234422,54074,72182,1.8567196806488404,0.2354241953790557
5301,0.5307,11,66,11,442088,234356,54085,72171,1.8561969332150552,0.23544744834875883
5302,0.5308,52,238,52,442326,234118,54137,72119,1.8543118742871625,0.2355006090054435
5303,0.5309,16,74,16,442400,234044,54153,72103,1.85372576352807,0.23551757815689847
5304,0.531,41,140,41,442540,233904,54194,72062,1.852616905335192,0.2355229012373924
5305,0.5311,30,181,30,442721,233723,54224,72032,1.851183310100114,0.23558731664240978
5306,0.5312,18,157,18,442878,233566,54242,72014,1.849939804840958,0.23566332875188167
5307,0.5313,42,233,42,443111,233333,54284,71972,1.8480943479913825,0.23573803245934394
5308,0.5314,19,95,19,443206,233238,54303,71953,1.8473419085033582,0.23576383314055788
5309,0.5315,18,103,18,443309,233135,54321,71935,1.8465261056900266,0.23579834136427705
5310,0.5316,34,195,34,443504,232940,54355,71901,1.844981624635661,0.23586394218625448
5311,0.5317,18,157,18,443661,232783,54373,71883,1.8437381193765048,0.23594034122612959
5312,0.5318,26,107,26,443768,232676,54399,71857,1.8428906349005196,0.23595800783494728
5313,0.5319,25,166,25,443934,232510,54424,71832,1.8415758459003928,0.2360239467441234
5314,0.532,19,134,19,444068,232376,54443,71813,1.8405145102014955,0.23608020013872955
5315,0.5321,35,146,35,444214,232230,54478,71778,1.8393581295146368,0.23610562879924213
5316,0.5322,12,57,12,444271,232173,54490,71766,1.8389066658218223,0.2361197477125344
5317,0.5323,12,58,12,444329,232115,54502,71754,1.8384472817133444,0.2361346501288384
5318,0.5324,13,78,13,444407,232037,54515,71741,1.837829489291598,0.23616259241946422
5319,0.5325,25,149,25,444556,231888,54540,71716,1.8366493473577494,0.23621559663245545
5320,0.5326,27,166,27,444722,231722,54567,71689,1.8353345583576226,0.23627686537403061
5321,0.5327,11,61,11,444783,231661,54578,71678,1.8348514130021543,0.23629668456743116
5322,0.5328,24,114,24,444897,231547,54602,71654,1.8339484856165251,0.23632507808351555
5323,0.5329,18,113,18,445010,231434,54620,71636,1.8330534786465593,0.23636783581350843
5324,0.533,36,156,36,445166,231278,54656,71600,1.8318178938030667,0.23639881404393848
5325,0.5331,49,189,49,445355,231089,54705,71551,1.8303209352426815,0.2364228125826064
5326,0.5332,31,134,31,445489,230955,54736,71520,1.8292595995437841,0.2364492933300273
5327,0.5333,12,54,12,445543,230901,54748,71508,1.8288318970979598,0.23646121643205065
5328,0.5334,25,85,25,445628,230816,54773,71483,1.8281586617665695,0.23646455992246088
5329,0.5335,20,90,20,445718,230726,54793,71463,1.8274458243568623,0.23648445178348648
5330,0.5336,12,71,12,445789,230655,54805,71451,1.8268834748447598,0.23650970189271314
5331,0.5337,27,149,27,445938,230506,54832,71424,1.8257033329109111,0.2365581426158381
5332,0.5338,33,112,33,446050,230394,54865,71391,1.8248162463566089,0.23656245340225657
5333,0.5339,28,172,28,446222,230222,54893,71363,1.8234539348625016,0.2366264900442661
5334,0.534,24,103,24,446325,230119,54917,71339,1.82263813204917,0.2366465643638583
5335,0.5341,27,115,27,446440,230004,54944,71312,1.8217272842478773,0.236668480930319
5336,0.5342,7,63,7,446503,229941,54951,71305,1.8212282980610823,0.2367002383434137
5337,0.5343,33,137,33,446640,229804,54984,71272,1.8201432011151946,0.23672428224102884
5338,0.5344,46,195,46,446835,229609,55030,71226,1.818598720060829,0.23676101517443116
5339,0.5345,13,79,13,446914,229530,55043,71213,1.817973007223419,0.23679021623113422
5340,0.5346,40,184,40,447098,229346,55083,71173,1.816515650741351,0.2368336111859816
5341,0.5347,36,143,36,447241,229203,55119,71137,1.8153830313014827,0.23685489778251315
5342,0.5348,13,54,13,447295,229149,55132,71124,1.8149553288556584,0.23686445334745382
5343,0.5349,44,186,44,447481,228963,55176,71080,1.8134821315422633,0.23689937775585498
5344,0.535,4,62,4,447543,228901,55180,71076,1.8129910657711317,0.23693816525933656
5345,0.5351,52,244,52,447787,228657,55232,71024,1.8110584843492588,0.23699867525802437
5346,0.5352,19,79,19,447866,228578,55251,71005,1.810432771511849,0.23701278109906102
5347,0.5353,19,108,19,447974,228470,55270,70986,1.8095773666202002,0.23704985039538362
5348,0.5354,21,109,21,448083,228361,55291,70965,1.8087140413128882,0.23708264567728832
5349,0.5355,34,101,34,448184,228260,55325,70931,1.8079140793308832,0.23707598156361656
5350,0.5356,19,82,19,448266,228178,55344,70912,1.8072646052464834,0.237092513959009
5351,0.5357,17,61,17,448327,228117,55361,70895,1.806781459891015,0.2370975077923294
5352,0.5358,27,136,27,448463,227981,55388,70868,1.8057042833607908,0.23713648029606926
5353,0.5359,25,114,25,448577,227867,55413,70843,1.8048013559751617,0.23716313481302936
5354,0.536,32,133,32,448710,227734,55445,70811,1.8037479406919275,0.23718702373176573
5355,0.5361,38,207,38,448917,227527,55483,70773,1.802108414649601,0.23725444183707678
5356,0.5362,24,143,24,449060,227384,55507,70749,1.8009757952097325,0.23730683956489218
5357,0.5363,20,135,20,449195,227249,55527,70729,1.7999065390951716,0.2373631610387344
5358,0.5364,27,102,27,449297,227147,55554,70702,1.7990986566975036,0.23737531433713055
5359,0.5365,34,197,34,449494,226950,55588,70668,1.797538334811811,0.23744531580751163
5360,0.5366,32,165,32,449659,226785,55620,70636,1.7962314662273475,0.23749499867191623
5361,0.5367,15,85,15,449744,226700,55635,70621,1.7955582308959575,0.23752442646163574
5362,0.5368,26,102,26,449846,226598,55661,70595,1.7947503484982892,0.23753924217595973
5363,0.5369,7,49,7,449895,226549,55668,70588,1.794362248130782,0.23756045191275404
5364,0.537,26,112,26,450007,226437,55694,70562,1.7934751615764795,0.23758329152623409
5365,0.5371,14,82,14,450089,226355,55708,70548,1.7928256874920796,0.23761295776735164
5366,0.5372,27,163,27,450252,226192,55735,70521,1.791534659738943,0.23767411606501906
5367,0.5373,44,169,44,450421,226023,55779,70477,1.7901961094918262,0.2376964586846543
5368,0.5374,32,155,32,450576,225868,55811,70445,1.7889684450639969,0.23773847249361318
5369,0.5375,16,50,16,450626,225818,55827,70429,1.7885724242808263,0.23773742856467744
5370,0.5376,12,116,12,450742,225702,55839,70417,1.7876536560638703,0.23779966837656483
5371,0.5377,19,54,19,450796,225648,55858,70398,1.787225953618046,0.23779412658843557
5372,0.5378,49,211,49,451007,225437,55907,70349,1.7855547459130656,0.2378374906182172
5373,0.5379,20,95,20,451102,225342,55927,70329,1.7848023064250411,0.23786235376482645
5374,0.538,23,110,23,451212,225232,55950,70306,1.7839310607020658,0.23789157401078712
5375,0.5381,44,186,44,451398,225046,55994,70262,1.7824578633886707,0.23792785837159847
5376,0.5382,20,106,20,451504,224940,56014,70242,1.7816182993283487,0.23796166432912577
5377,0.5383,32,165,32,451669,224775,56046,70210,1.7803114307438854,0.23801210231028697
5378,0.5384,14,58,14,451727,224717,56060,70196,1.7798520466354075,0.2380227389094411
5379,0.5385,21,137,21,451864,224580,56081,70175,1.7787669496895198,0.23807908262794525
5380,0.5386,20,113,20,451977,224467,56101,70155,1.777871942719554,0.23811867409765733
5381,0.5387,19,83,19,452060,224384,56120,70136,1.7772145482194905,0.23813662909140296
5382,0.5388,29,127,29,452187,224257,56149,70107,1.776208655430237,0.23816431357095297
5383,0.5389,51,216,51,452403,224041,56200,70056,1.7744978456469396,0.23820712213997422
5384,0.539,23,69,23,452472,223972,56223,70033,1.773951336966164,0.23820343191442322
5385,0.5391,42,176,42,452648,223796,56265,69991,1.772557343809403,0.238237226289795
5386,0.5392,21,157,21,452805,223639,56286,69970,1.7713138385502472,0.23831013354495265
5387,0.5393,24,114,24,452919,223525,56310,69946,1.770410911164618,0.23834041523693994
5388,0.5394,21,154,21,453073,223371,56331,69925,1.769191167152452,0.2384110250395505
5389,0.5395,38,170,38,453243,223201,56369,69887,1.7678446964896717,0.2384505677475707
5390,0.5396,31,194,31,453437,223007,56400,69856,1.7663081358509694,0.2385279123685819
5391,0.5397,28,152,28,453589,222855,56428,69828,1.7651042326701305,0.23857894035526492
5392,0.5398,2,35,2,453624,222820,56430,69826,1.764827018121911,0.23860227031977202
5393,0.5399,25,163,25,453787,222657,56455,69801,1.7635359903687746,0.23867016802412655
5394,0.54,12,71,12,453858,222586,56467,69789,1.762973640856672,0.23869687900812314
5395,0.5401,10,58,10,453916,222528,56477,69779,1.7625142567481942,0.2387181969641507
5396,0.5402,17,97,17,454013,222431,56494,69762,1.761745976428843,0.2387531528818281
5397,0.5403,36,179,36,454192,222252,56530,69726,1.760328222025092,0.2388056634403962
5398,0.5404,21,98,21,454290,222154,56551,69705,1.7595520212900773,0.23883107939107584
5399,0.5405,33,131,33,454421,222023,56584,69672,1.7585144468381702,0.238852225783781
5400,0.5406,46,174,46,454595,221849,56630,69626,1.757136294512736,0.23887468908139634
5401,0.5407,21,160,21,454755,221689,56651,69605,1.7558690280065898,0.23895102542448524
5402,0.5408,17,95,17,454850,221594,56668,69588,1.7551165885185656,0.23898455261657658
5403,0.5409,34,145,34,454995,221449,56702,69554,1.7539681282473705,0.23901471806132582
5404,0.541,15,117,15,455112,221332,56717,69539,1.753041439614751,0.2390716159397121
5405,0.5411,20,120,20,455232,221212,56737,69519,1.7520909897351413,0.2391179475184965
5406,0.5412,37,157,37,455389,221055,56774,69482,1.7508474844759854,0.23915026313343912
5407,0.5413,16,94,16,455483,220961,56790,69466,1.7501029654036244,0.23918575063613232
5408,0.5414,19,121,19,455604,220840,56809,69447,1.7491445951083513,0.23923565299169441
5409,0.5415,7,93,7,455697,220747,56816,69440,1.7484079964516537,0.23929397250738316
5410,0.5416,21,83,21,455780,220664,56837,69419,1.7477506019515905,0.23930737064909008
5411,0.5417,28,165,28,455945,220499,56865,69391,1.7464437333671272,0.23937010590223878
5412,0.5418,37,204,37,456149,220295,56902,69354,1.7448279685717907,0.23944153095643347
5413,0.5419,33,161,33,456310,220134,56935,69321,1.743552781649981,0.2394880033165777
5414,0.542,5,32,5,456342,220102,56940,69316,1.7432993283487517,0.23950134407673332
5415,0.5421,31,164,31,456506,219938,56971,69285,1.7420003801799517,0.23955563699982366
5416,0.5422,34,224,34,456730,219714,57005,69251,1.740226207071347,0.2396518609520184
5417,0.5423,31,130,31,456860,219584,57036,69220,1.7391965530351032,0.23967812080165093
5418,0.5424,20,111,20,456971,219473,57056,69200,1.7383173868964643,0.2397176043481725
5419,0.5425,16,74,16,457045,219399,57072,69184,1.7377312761373718,0.2397369214402789
5420,0.5426,42,150,42,457195,219249,57114,69142,1.7365432137878596,0.23975089375188546
5421,0.5427,35,176,35,457371,219073,57149,69107,1.7351492206310988,0.23980498299673814
5422,0.5428,17,93,17,457464,218980,57166,69090,1.7344126219744012,0.23983753948693026
5423,0.5429,34,154,34,457618,218826,57200,69056,1.7331928779622354,0.2398760603302742
5424,0.543,33,138,33,457756,218688,57233,69023,1.7320998606006843,0.23990393137558175
5425,0.5431,33,113,33,457869,218575,57266,68990,1.7312048536307185,0.23991097664875768
5426,0.5432,19,105,19,457974,218470,57285,68971,1.73037320998606,0.239948372013735
5427,0.5433,18,82,18,458056,218388,57303,68953,1.7297237359016602,0.2399692351596187
5428,0.5434,32,118,32,458174,218270,57335,68921,1.7287891268533773,0.239983147104192
5429,0.5435,13,71,13,458245,218199,57348,68908,1.728226777341275,0.24000808061106138
5430,0.5436,19,77,19,458322,218122,57367,68889,1.727616905335192,0.24002215942942953
5431,0.5437,17,48,17,458370,218074,57384,68872,1.727236725383348,0.24001728548228587
5432,0.5438,33,145,33,458515,217929,57417,68839,1.7260882651121532,0.24005119120682922
5433,0.5439,37,160,37,458675,217769,57454,68802,1.7248209986060068,0.2400870988341458
5434,0.544,20,93,20,458768,217676,57474,68782,1.7240843999493094,0.24011198849395024
5435,0.5441,20,98,20,458866,217578,57494,68762,1.7233081992142947,0.2401410910106866
5436,0.5442,44,181,44,459047,217397,57538,68718,1.7218746039792168,0.24017615294549394
5437,0.5443,24,168,24,459215,217229,57562,68694,1.7205439741477633,0.2402534948220325
5438,0.5444,25,117,25,459332,217112,57587,68669,1.719617285515144,0.2402853933606503
5439,0.5445,23,132,23,459464,216980,57610,68646,1.7185717906475733,0.2403352635964513
5440,0.5446,32,112,32,459576,216868,57642,68614,1.7176847040932708,0.24034439999719773
5441,0.5447,33,154,33,459730,216714,57675,68581,1.716464960081105,0.2403862668465974
5442,0.5448,26,142,26,459872,216572,57701,68555,1.7153402610569002,0.2404367176731772
5443,0.5449,19,87,19,459959,216485,57720,68536,1.7146511848941832,0.2404594749158834
5444,0.545,48,206,48,460165,216279,57768,68488,1.71301957926752,0.24050539563924192
5445,0.5451,32,135,32,460300,216144,57800,68456,1.7119503231529591,0.24053408292340125
5446,0.5452,30,135,30,460435,216009,57830,68426,1.7108810670383983,0.24056814386415173
5447,0.5453,35,171,35,460606,215838,57865,68391,1.7095266759599543,0.2406193597416168
5448,0.5454,23,119,23,460725,215719,57888,68368,1.708584146496008,0.24065867146331935
5449,0.5455,39,196,39,460921,215523,57927,68329,1.7070317450259789,0.24072051632540903
5450,0.5456,26,146,26,461067,215377,57953,68303,1.7058753643391205,0.24077481669486744
5451,0.5457,20,95,20,461162,215282,57973,68283,1.7051229248510962,0.24080193253751345
5452,0.5458,21,106,21,461268,215176,57994,68262,1.7042833607907744,0.24083573832725322
5453,0.5459,27,161,27,461429,215015,58021,68235,1.7030081738689646,0.24090026478375992
5454,0.546,16,64,16,461493,214951,58037,68219,1.702501267266506,0.24091181975491754
5455,0.5461,25,110,25,461603,214841,58062,68194,1.7016300215435307,0.24093839984454218
5456,0.5462,23,132,23,461735,214709,58085,68171,1.70058452667596,0.24098911199095022
5457,0.5463,27,154,27,461889,214555,58112,68144,1.699364782663794,0.24104789900211887
5458,0.5464,31,144,31,462033,214411,58143,68113,1.6982242428082626,0.24108748283331682
5459,0.5465,21,137,21,462170,214274,58164,68092,1.6971391458623748,0.24114801357103902
5460,0.5466,7,59,7,462229,214215,58171,68085,1.6966718413382333,0.24117959617428267
5461,0.5467,8,47,8,462276,214168,58179,68077,1.696299581802053,0.24119824974755974
5462,0.5468,19,132,19,462408,214036,58198,68058,1.6952540869344823,0.24126000553007154
5463,0.5469,11,82,11,462490,213954,58209,68047,1.6946046128500825,0.24130056276396183
5464,0.547,23,85,23,462575,213869,58232,68024,1.6939313775186922,0.2413114195811886
5465,0.5471,27,104,27,462679,213765,58259,67997,1.6931076542896972,0.2413277872814645
5466,0.5472,17,85,17,462764,213680,58276,67980,1.692434418958307,0.2413548249662714
5467,0.5473,26,130,26,462894,213550,58302,67954,1.6914047649220632,0.24139621461862
5468,0.5474,19,97,19,462991,213453,58321,67935,1.690636484602712,0.24142820589364153
5469,0.5475,18,112,18,463103,213341,58339,67917,1.6897493980484095,0.24147579802174515
5470,0.5476,24,104,24,463207,213237,58363,67893,1.6889256748194146,0.2415003734926902
5471,0.5477,9,55,9,463262,213182,58372,67884,1.6884900519579267,0.24152334327168706
5472,0.5478,7,122,7,463384,213060,58379,67877,1.6875237612469902,0.24160932878189773
5473,0.5479,45,170,45,463554,212890,58424,67832,1.6861772905842098,0.24163407214254673
5474,0.548,16,114,16,463668,212776,58440,67816,1.6852743631985807,0.24168900039915606
5475,0.5481,13,99,13,463767,212677,58453,67803,1.6844902420479027,0.24173916143753565
5476,0.5482,22,103,22,463870,212574,58475,67781,1.683674439234571,0.24176847211571043
5477,0.5483,23,86,23,463956,212488,58498,67758,1.6829932834875174,0.24178043576001085
5478,0.5484,11,67,11,464023,212421,58509,67747,1.6824626156380686,0.24180848633676938
5479,0.5485,16,94,16,464117,212327,58525,67731,1.6817180965657077,0.24184633183126353
5480,0.5486,17,89,17,464206,212238,58542,67714,1.6810131795716639,0.241877178944962
5481,0.5487,15,127,15,464333,212111,58557,67699,1.6800072867824103,0.2419463207176298
5482,0.5488,31,182,31,464515,211929,58588,67668,1.678565771131669,0.24201976416055968
5483,0.5489,25,139,25,464654,211790,58613,67643,1.6774648333544544,0.2420723393443151
5484,0.549,33,157,33,464811,211633,58646,67610,1.6762213280952984,0.24211887137725924
5485,0.5491,25,105,25,464916,211528,58671,67585,1.67538968445064,0.24214207149075823
5486,0.5492,24,107,24,465023,211421,58695,67561,1.6745421999746546,0.24216974571836175
5487,0.5493,33,173,33,465196,211248,58728,67528,1.673171968064884,0.24223032111803025
5488,0.5494,15,88,15,465284,211160,58743,67513,1.6724749714865037,0.2422660250544545
5489,0.5495,23,136,23,465420,211024,58766,67490,1.6713977949562793,0.2423217504326533
5490,0.5496,62,279,62,465699,210745,58828,67428,1.6691879989861869,0.242395919086324
5491,0.5497,20,132,20,465831,210613,58848,67408,1.6681425041186162,0.24245650508414832
5492,0.5498,37,163,37,465994,210450,58885,67371,1.6668514763654796,0.24249786733184317
5493,0.5499,47,218,47,466212,210232,58932,67324,1.6651248257508553,0.24256005995186558
5494,0.55,18,99,18,466311,210133,58950,67306,1.6643407046001775,0.24259747187670083
5495,0.5501,44,199,44,466510,209934,58994,67262,1.662764541883158,0.24265140911124258
5496,0.5502,33,164,33,466674,209770,59027,67229,1.661465593714358,0.2427048473099181
5497,0.5503,14,65,14,466739,209705,59041,67215,1.6609507666962362,0.24272353026144736
5498,0.5504,22,166,22,466905,209539,59063,67193,1.6596359776961096,0.2428089270485524
5499,0.5505,40,179,40,467084,209360,59103,67153,1.6582182232923584,0.24285657455526502
5500,0.5506,31,127,31,467211,209233,59134,67122,1.6572123305031048,0.24288324799623673
5501,0.5507,12,57,12,467268,209176,59146,67110,1.6567608668102902,0.24290047269858045
5502,0.5508,41,220,41,467488,208956,59187,67069,1.655018375364339,0.24298161398424056
5503,0.5509,10,41,10,467529,208915,59197,67059,1.6546936383221391,0.24299028169320297
5504,0.551,33,148,33,467677,208767,59230,67026,1.6535214168039538,0.24303009866095224
5505,0.5511,21,105,21,467782,208662,59251,67005,1.6526897731592953,0.2430650023397795
5506,0.5512,17,98,17,467880,208564,59268,66988,1.6519135724242808,0.2431047497387063
5507,0.5513,20,95,20,467975,208469,59288,66968,1.6511611329362565,0.2431336385452935
5508,0.5514,18,121,18,468096,208348,59306,66950,1.6502027626409834,0.24319101482756866
5509,0.5515,23,179,23,468275,208169,59329,66927,1.6487850082372324,0.24328598016692354
5510,0.5516,23,136,23,468411,208033,59352,66904,1.647707831707008,0.24334302040103734
5511,0.5517,25,135,25,468546,207898,59377,66879,1.646638575592447,0.2433937338277949
5512,0.5518,24,96,24,468642,207802,59401,66855,1.6458782156887592,0.24341269292244508
5513,0.5519,10,59,10,468701,207743,59411,66845,1.645410911164618,0.24343744082042915
5514,0.552,40,164,40,468865,207579,59451,66805,1.644111962995818,0.2434726514665578
5515,0.5521,39,147,39,469012,207432,59490,66766,1.642947661893296,0.24349557618946893
5516,0.5522,18,131,18,469143,207301,59508,66748,1.641910087441389,0.24356228265748095
5517,0.5523,25,147,25,469290,207154,59533,66723,1.640745786338867,0.2436239625817429
5518,0.5524,26,112,26,469402,207042,59559,66697,1.6398586997845648,0.2436517997070202
5519,0.5525,33,162,33,469564,206880,59592,66664,1.6385755924470917,0.24370485187026583
5520,0.5526,24,102,24,469666,206778,59616,66640,1.6377677100494235,0.2437293813867412
5521,0.5527,26,102,26,469768,206676,59642,66614,1.6369598276517552,0.24374839913644847
5522,0.5528,42,210,42,469978,206466,59684,66572,1.6352965403624382,0.24381954160226782
5523,0.5529,8,59,8,470037,206407,59692,66564,1.6348292358382968,0.24385007931245445
5524,0.553,17,77,17,470114,206330,59709,66547,1.634219363832214,0.24387178105886534
5525,0.5531,39,136,39,470250,206194,59748,66508,1.6331421873019896,0.243885266701381
5526,0.5532,27,114,27,470364,206080,59775,66481,1.6322392599163604,0.24391237190940743
5527,0.5533,18,120,18,470484,205960,59793,66463,1.6312888100367506,0.24396985570234525
5528,0.5534,36,161,36,470645,205799,59829,66427,1.6300136231149411,0.24401416470138781
5529,0.5535,27,97,27,470742,205702,59856,66400,1.62924534279559,0.24402613725735203
5530,0.5536,30,118,30,470860,205584,59886,66370,1.628310733747307,0.24404862587055165
5531,0.5537,29,167,29,471027,205417,59915,66341,1.626988024331517,0.24411792845104835
5532,0.5538,17,105,17,471132,205312,59932,66324,1.6261563806868584,0.24416498549529517
5533,0.5539,39,151,39,471283,205161,59971,66285,1.624960397921683,0.24419221502619307
5534,0.554,5,51,5,471334,205110,59976,66280,1.6245564567228488,0.24422417922546888
5535,0.5541,46,218,46,471552,204892,60022,66234,1.6228298061082245,0.244292321651188
5536,0.5542,22,82,22,471634,204810,60044,66212,1.6221803320238246,0.2443048903779029
5537,0.5543,32,130,32,471764,204680,60076,66180,1.6211506779875808,0.2443328656870708
5538,0.5544,41,167,41,471931,204513,60117,66139,1.6198279685717907,0.2443691530082911
5539,0.5545,10,72,10,472003,204441,60127,66129,1.6192576986440248,0.2444062534649074
5540,0.5546,18,157,18,472160,204284,60145,66111,1.6180141933848688,0.24449786423565525
5541,0.5547,18,90,18,472250,204194,60163,66093,1.6173013559751617,0.24452896365714963
5542,0.5548,29,122,29,472372,204072,60192,66064,1.616335065264225,0.24455829656173186
5543,0.5549,18,81,18,472453,203991,60210,66046,1.6156935115954885,0.244581298118406
5544,0.555,25,115,25,472568,203876,60235,66021,1.614782663794196,0.2446155385202503
5545,0.5551,32,151,32,472719,203725,60267,65989,1.6135866810290205,0.2446628651089673
5546,0.5552,28,181,28,472900,203544,60295,65961,1.6121530857939426,0.24474870596092838
5547,0.5553,6,59,6,472959,203485,60301,65955,1.611685781269801,0.2447854809976247
5548,0.5554,20,101,20,473060,203384,60321,65935,1.6108858192877962,0.24482119716767106
5549,0.5555,21,109,21,473169,203275,60342,65914,1.6100224939804841,0.24486141707127707
5550,0.5556,21,118,21,473287,203157,60363,65893,1.6090878849322012,0.244909868054265
5551,0.5557,13,104,13,473391,203053,60376,65880,1.608264161703206,0.24496807755091418
5552,0.5558,36,131,36,473522,202922,60412,65844,1.607226587251299,0.2449863449989954
5553,0.5559,26,98,26,473620,202824,60438,65818,1.6064503865162845,0.2450026429225512
5554,0.556,23,69,23,473689,202755,60461,65795,1.6059038778355088,0.24500093092533978
5555,0.5561,9,55,9,473744,202700,60470,65786,1.6054682549740211,0.2450258114017118
5556,0.5562,38,183,38,473927,202517,60508,65748,1.6040188189076163,0.24508601569343746
5557,0.5563,27,125,27,474052,202392,60535,65721,1.6030287669496894,0.24512425730941803
5558,0.5564,29,104,29,474156,202288,60564,65692,1.6022050437206945,0.24513769684304798
5559,0.5565,32,176,32,474332,202112,60596,65660,1.6008110505639337,0.24520861031026395
5560,0.5566,16,54,16,474386,202058,60612,65644,1.6003833481181093,0.24521296068015927
5561,0.5567,23,83,23,474469,201975,60635,65621,1.599725953618046,0.2452241438586526
5562,0.5568,30,144,30,474613,201831,60665,65591,1.5985854137625142,0.24527151842406383
5563,0.5569,13,59,13,474672,201772,60678,65578,1.5981181092383727,0.24528894707312512
5564,0.557,28,110,28,474782,201662,60706,65550,1.5972468635153974,0.24531083933356287
5565,0.5571,33,110,33,474892,201552,60739,65517,1.5963756177924218,0.24531862552374106
5566,0.5572,43,138,43,475030,201414,60782,65474,1.5952826004308707,0.24532388117862175
5567,0.5573,20,79,20,475109,201335,60802,65454,1.5946568875934608,0.2453399502978009
5568,0.5574,18,112,18,475221,201223,60820,65436,1.5937698010391586,0.24539205502158187
5569,0.5575,37,136,37,475357,201087,60857,65399,1.5926926245089341,0.24541251698025413
5570,0.5576,13,92,13,475449,200995,60870,65386,1.5919639462679,0.24546044950653387
5571,0.5577,18,84,18,475533,200911,60888,65368,1.5912986313521733,0.2454868765467799
5572,0.5578,23,138,23,475671,200773,60911,65345,1.5902056139906222,0.2455489669996017
5573,0.5579,21,102,21,475773,200671,60932,65324,1.589397731592954,0.24558356360081957
5574,0.558,39,138,39,475911,200533,60971,65285,1.5883047142314028,0.24560037318766975
5575,0.5581,19,96,19,476007,200437,60990,65266,1.587544354327715,0.24563516407417305
5576,0.5582,14,91,14,476098,200346,61004,65252,1.5868235965023445,0.24567956084006656
5577,0.5583,13,72,13,476170,200274,61017,65239,1.5862533265745786,0.2457092496412605
5578,0.5584,32,151,32,476321,200123,61049,65207,1.585057343809403,0.24575811253910226
5579,0.5585,33,192,33,476513,199931,61082,65174,1.5835366240020277,0.2458422134625903
5580,0.5586,19,103,19,476616,199828,61101,65155,1.582720821188696,0.24588369819950714
5581,0.5587,28,194,28,476810,199634,61129,65127,1.5811842605499937,0.2459841139744902
5582,0.5588,37,174,37,476984,199460,61166,65090,1.5798061082245596,0.24604044604044603
5583,0.5589,41,170,41,477154,199290,61207,65049,1.5784596375617792,0.2460817359526971
5584,0.559,17,95,17,477249,199195,61224,65032,1.577707198073755,0.24612170595737756
5585,0.5591,47,208,47,477457,198987,61271,64985,1.5760597516157648,0.24618141318018577
5586,0.5592,29,99,29,477556,198888,61300,64956,1.5752756304650868,0.2461909310046846
5587,0.5593,15,103,15,477659,198785,61315,64941,1.5744598276517552,0.24624420800376148
5588,0.5594,28,114,28,477773,198671,61343,64913,1.573556900266126,0.246270638582008
5589,0.5595,28,85,28,477858,198586,61371,64885,1.5728836649347357,0.24626998796831528
5590,0.5596,18,96,18,477954,198490,61389,64867,1.5721233050310481,0.2463082431832076
5591,0.5597,38,187,38,478141,198303,61427,64829,1.5706421873019896,0.24637444324521532
5592,0.5598,31,153,31,478294,198150,61458,64798,1.5694303637054872,0.24642895173190135
5593,0.5599,12,75,12,478369,198075,61470,64786,1.5688363325307313,0.24646486165692133
5594,0.56,26,104,26,478473,197971,61496,64760,1.5680126093017361,0.24648785259447875
5595,0.5601,31,106,31,478579,197865,61527,64729,1.5671730452414143,0.24649839676458715
5596,0.5602,21,102,21,478681,197763,61548,64708,1.566365162843746,0.24653390279307047
5597,0.5603,35,177,35,478858,197586,61583,64673,1.5649632492713217,0.24659973537609767
5598,0.5604,25,134,25,478992,197452,61608,64648,1.5639019135724244,0.2466539488744754
5599,0.5605,18,131,18,479123,197321,61626,64630,1.562864339120517,0.2467255326377834
5600,0.5606,6,68,6,479191,197253,61632,64624,1.562325750855405,0.24677233968618856
5601,0.5607,39,175,39,479366,197078,61671,64585,1.5609396781143074,0.24682511474683086
5602,0.5608,35,116,35,479482,196962,61706,64550,1.5600209098973514,0.24683379730184465
5603,0.5609,19,89,19,479571,196873,61725,64531,1.5593159929033076,0.24686309314318067
5604,0.561,13,67,13,479638,196806,61738,64518,1.5587853250538588,0.24688891950222713
5605,0.5611,36,159,36,479797,196647,61774,64482,1.557525978963376,0.24693542272210287
5606,0.5612,20,61,20,479858,196586,61794,64462,1.5570428336079079,0.24693542949955563
5607,0.5613,28,113,28,479971,196473,61822,64434,1.556147826637942,0.2469615610159942
5608,0.5614,23,67,23,480038,196406,61845,64411,1.5556171587884933,0.24695859549032464
5609,0.5615,28,123,28,480161,196283,61873,64383,1.5546429476618933,0.24699423783692542
5610,0.5616,34,203,34,480364,196080,61907,64349,1.5530351032822203,0.2470884578906343
5611,0.5617,33,133,33,480497,195947,61940,64316,1.5519816879989863,0.2471192601330193
5612,0.5618,11,68,11,480565,195879,61951,64305,1.551443099733874,0.24715201549672539
5613,0.5619,44,197,44,480762,195682,61995,64261,1.5498827778481814,0.2472118887602282
5614,0.562,42,176,42,480938,195506,62037,64219,1.5484887846914206,0.24725767638848783
5615,0.5621,42,160,42,481098,195346,62079,64177,1.5472215181852744,0.247288294293762
5616,0.5622,45,131,45,481229,195215,62124,64132,1.546183943733367,0.24728259821783172
5617,0.5623,37,181,37,481410,195034,62161,64095,1.5447503484982892,0.24734784605351004
5618,0.5624,15,85,15,481495,194949,62176,64080,1.544077113166899,0.24738542788645287
5619,0.5625,27,106,27,481601,194843,62203,64053,1.543237549106577,0.2474082256968049
5620,0.5626,43,183,43,481784,194660,62246,64010,1.5417881130401723,0.24745815131248308
5621,0.5627,35,124,35,481908,194536,62281,63975,1.540805981497909,0.24747496238071107
5622,0.5628,40,209,40,482117,194327,62321,63935,1.5391506146242555,0.24755868071957934
5623,0.5629,27,106,27,482223,194221,62348,63908,1.5383110505639337,0.24758163553881973
5624,0.563,14,83,14,482306,194138,62362,63894,1.5376536560638703,0.24762045017672227
5625,0.5631,17,69,17,482375,194069,62379,63877,1.5371071473830946,0.2476371023392493
5626,0.5632,12,72,12,482447,193997,62391,63865,1.536536877455329,0.24767123500166757
5627,0.5633,21,105,21,482552,193892,62412,63844,1.5357052338106705,0.24771083589409318
5628,0.5634,21,119,21,482671,193773,62433,63823,1.534762704346724,0.24776394043385766
5629,0.5635,22,117,22,482788,193656,62455,63801,1.5338360157141047,0.24781225602722007
5630,0.5636,17,118,17,482906,193538,62472,63784,1.5329014066658218,0.24787620180163375
5631,0.5637,21,139,21,483045,193399,62493,63763,1.5318004688886073,0.24794876381424938
5632,0.5638,17,48,17,483093,193351,62510,63746,1.5314202889367634,0.24794532802794275
5633,0.5639,21,128,21,483221,193223,62531,63725,1.5304064757318465,0.24800737892491867
5634,0.564,27,108,27,483329,193115,62558,63698,1.5295510708401976,0.24803261517135036
5635,0.5641,11,45,11,483374,193070,62569,63687,1.5291946521353441,0.24804387027422817
5636,0.5642,22,70,22,483444,193000,62591,63665,1.5286402230389051,0.24804706524068337
5637,0.5643,27,109,27,483553,192891,62618,63638,1.5277768977315929,0.24807331724678303
5638,0.5644,42,208,42,483761,192683,62660,63596,1.5261294512736028,0.2481514287163599
5639,0.5645,47,235,47,483996,192448,62707,63549,1.5242681535927005,0.24824119032644915
5640,0.5646,25,72,25,484068,192376,62732,63524,1.5236978836649346,0.2482375928096913
5641,0.5647,30,115,30,484183,192261,62762,63494,1.5227870358636422,0.2482610310648863
5642,0.5648,52,218,52,484401,192043,62814,63442,1.5210603852490179,0.2483198622228311
5643,0.5649,11,46,11,484447,191997,62825,63431,1.5206960461285008,0.24833221103402917
5644,0.565,18,65,18,484512,191932,62843,63413,1.520181219110379,0.24834243866141886
5645,0.5651,35,110,35,484622,191822,62878,63378,1.5193099733874034,0.248346394984326
5646,0.5652,24,129,24,484751,191693,62902,63354,1.518288239766823,0.24840127505910675
5647,0.5653,7,69,7,484820,191624,62909,63347,1.5177417310860475,0.24844786269811076
5648,0.5654,21,98,21,484918,191526,62930,63326,1.5169655303510328,0.24848147159920267
5649,0.5655,77,300,77,485218,191226,63007,63249,1.5145894056520086,0.24854700854700854
5650,0.5656,18,106,18,485324,191120,63025,63231,1.5137498415916868,0.24859741066479
5651,0.5657,28,123,28,485447,190997,63053,63203,1.5127756304650868,0.24863493312352478
5652,0.5658,44,150,44,485597,190847,63097,63159,1.5115875681155746,0.24865160665496092
5653,0.5659,17,85,17,485682,190762,63114,63142,1.5109143327841845,0.24868454218917385
5654,0.566,60,271,60,485953,190491,63174,63082,1.5087679001393992,0.2487725428180445
5655,0.5661,31,175,31,486128,190316,63205,63051,1.507381827398302,0.2488524551342519
5656,0.5662,21,124,21,486252,190192,63226,63030,1.5063996958560386,0.24891202186223946
5657,0.5663,36,125,36,486377,190067,63262,62994,1.5054096438981117,0.2489281240491423
5658,0.5664,44,148,44,486525,189919,63306,62950,1.5042374223799264,0.24894312865554893
5659,0.5665,36,121,36,486646,189798,63342,62914,1.5032790520846535,0.2489553325524708
5660,0.5666,22,121,22,486767,189677,63364,62892,1.5023206817893804,0.24900918164937105
5661,0.5667,10,49,10,486816,189628,63374,62882,1.501932581421873,0.2490277612767811
5662,0.5668,15,71,15,486887,189557,63389,62867,1.5013702319097706,0.24905318036319843
5663,0.5669,18,85,18,486972,189472,63407,62849,1.5006969965783805,0.2490835087051811
5664,0.567,25,70,25,487042,189402,63432,62824,1.5001425674819415,0.24907820763918073
5665,0.5671,37,166,37,487208,189236,63469,62787,1.4988277784818147,0.24913202366450682
5666,0.5672,26,148,26,487356,189088,63495,62761,1.4976555569636294,0.24920091006912873
5667,0.5673,47,213,47,487569,188875,63542,62714,1.4959685084273222,0.2492716295227534
5668,0.5674,27,80,27,487649,188795,63569,62687,1.4953348751742492,0.2492703255103745
5669,0.5675,69,284,69,487933,188511,63638,62618,1.4930854771258395,0.24934595367321177
5670,0.5676,26,142,26,488075,188369,63664,62592,1.4919607781016349,0.2494092707631863
5671,0.5677,33,154,33,488229,188215,63697,62559,1.4907410340894691,0.2494636605070701
5672,0.5678,26,93,26,488322,188122,63723,62533,1.4900044354327715,0.24947836667930023
5673,0.5679,22,112,22,488434,188010,63745,62511,1.4891173488784692,0.2495239920006706
5674,0.568,33,139,33,488573,187871,63778,62478,1.4880164111012546,0.24956360920155463
5675,0.5681,21,121,21,488694,187750,63799,62457,1.4870580408059815,0.24962131355237863
5676,0.5682,12,129,12,488823,187621,63811,62445,1.486036307185401,0.2497140754840722
5677,0.5683,26,98,26,488921,187523,63837,62419,1.4852601064503865,0.24973393827367948
5678,0.5684,24,137,24,489058,187386,63861,62395,1.4841750095044988,0.2497988237696222
5679,0.5685,38,144,38,489202,187242,63899,62357,1.4830344696489672,0.24982872527534164
5680,0.5686,32,115,32,489317,187127,63931,62325,1.4821236218476745,0.24984766608405626
5681,0.5687,36,142,36,489459,186985,63967,62289,1.4809989228234697,0.24988165632998227
5682,0.5688,26,119,26,489578,186866,63993,62263,1.4800563933595234,0.24992273079408658
5683,0.5689,23,108,23,489686,186758,64016,62240,1.4792009884678747,0.2499618470831091
5684,0.569,21,96,21,489782,186662,64037,62219,1.4784406285641871,0.24999497751937674
5685,0.5691,33,155,33,489937,186507,64070,62186,1.4772129641363578,0.250051268029257
5686,0.5692,10,56,10,489993,186451,64080,62176,1.4767694208592066,0.25007742521930443
5687,0.5693,11,99,11,490092,186352,64091,62165,1.4759852997085288,0.25014385333800104
5688,0.5694,35,138,35,490230,186214,64126,62130,1.4748922823469777,0.2501771735979126
5689,0.5695,24,94,24,490324,186120,64150,62106,1.4741477632746167,0.250199415049189
5690,0.5696,22,145,22,490469,185975,64172,62084,1.4729993030034216,0.2502791674561294
5691,0.5697,26,107,26,490576,185868,64198,62058,1.4721518185274363,0.250308559812202
5692,0.5698,31,127,31,490703,185741,64229,62027,1.4711459257381827,0.25034306286526103
5693,0.5699,14,75,14,490778,185666,64243,62013,1.4705518945634266,0.25037649538313705
5694,0.57,23,111,23,490889,185555,64266,61990,1.4696727284247877,0.2504191157163344
5695,0.5701,29,124,29,491013,185431,64295,61961,1.4686905968825243,0.2504567649721899
5696,0.5702,33,172,33,491185,185259,64328,61928,1.467328285388417,0.25053097452535933
5697,0.5703,13,53,13,491238,185206,64341,61915,1.4669085033582563,0.2505452794380081
5698,0.5704,17,50,17,491288,185156,64358,61898,1.4665124825750855,0.25054441539096717
5699,0.5705,32,137,32,491425,185019,64390,61866,1.4654273856291977,0.250586305364846
5700,0.5706,11,87,11,491512,184932,64401,61855,1.4647383094664808,0.25064124123231774
5701,0.5707,38,96,38,491608,184836,64439,61817,1.4639779495627931,0.2506233453475125
5702,0.5708,14,111,14,491719,184725,64453,61803,1.463098783424154,0.2506936331775701
5703,0.5709,31,185,31,491904,184540,64484,61772,1.4616335065264225,0.25078761895482155
5704,0.571,47,158,47,492062,184382,64531,61725,1.460382080851603,0.2508055439300792
5705,0.5711,42,144,42,492206,184238,64573,61683,1.4592415409960715,0.2508244517548318
5706,0.5712,32,135,32,492341,184103,64605,61651,1.4581722848815106,0.2508646858240354
5707,0.5713,34,153,34,492494,183950,64639,61617,1.4569604612850082,0.25091726494195066
5708,0.5714,27,112,27,492606,183838,64666,61590,1.456073374730706,0.25094936193099404
5709,0.5715,27,126,27,492732,183712,64693,61563,1.4550754023571157,0.25099582101722556
5710,0.5716,24,84,24,492816,183628,64717,61539,1.454410087441389,0.2510084962494952
5711,0.5717,45,212,45,493028,183416,64762,61494,1.4527309593207451,0.2510881548323874
5712,0.5718,11,60,11,493088,183356,64773,61483,1.4522557343809404,0.25111603951984773
5713,0.5719,10,53,10,493141,183303,64783,61473,1.4518359523507793,0.2511398176291793
5714,0.572,15,73,15,493214,183230,64798,61458,1.4512577620073501,0.2511688354148957
5715,0.5721,29,112,29,493326,183118,64827,61429,1.4503706754530479,0.2511950667969756
5716,0.5722,51,178,51,493504,182940,64878,61378,1.4489608414649602,0.2512217683510834
5717,0.5723,26,75,26,493579,182865,64904,61352,1.448366810290204,0.251219202594414
5718,0.5724,16,67,16,493646,182798,64920,61336,1.4478361424407553,0.25123907362350184
5719,0.5725,22,73,22,493719,182725,64942,61314,1.447257952097326,0.25124672695757644
5720,0.5726,11,94,11,493813,182631,64953,61303,1.4465134330249652,0.25130978051440145
5721,0.5727,42,200,42,494013,182431,64995,61261,1.4449293498922824,0.25138699670075343
5722,0.5728,27,119,27,494132,182312,65022,61234,1.4439868204283361,0.25142683517692754
5723,0.5729,15,68,15,494200,182244,65037,61219,1.4434482321632238,0.25145093915707933
5724,0.573,19,74,19,494274,182170,65056,61200,1.4428621214041313,0.25146895673254716
5725,0.5731,23,80,23,494354,182090,65079,61177,1.442228488151058,0.2514808831448573
5726,0.5732,21,95,21,494449,181995,65100,61156,1.4414760486630338,0.2515144909953074
5727,0.5733,18,72,18,494521,181923,65118,61138,1.440905778735268,0.2515335656481295
5728,0.5734,22,120,22,494641,181803,65140,61116,1.4399553288556584,0.25159003618490117
5729,0.5735,33,154,33,494795,181649,65173,61083,1.4387355848434926,0.2516479079808184
5730,0.5736,27,105,27,494900,181544,65200,61056,1.4379039411988341,0.2516735366859027
5731,0.5737,30,108,30,495008,181436,65230,61026,1.4370485363071854,0.2516930488076482
5732,0.5738,15,102,15,495110,181334,65245,61011,1.4362406539095172,0.2517526666529122
5733,0.5739,14,86,14,495196,181248,65259,60997,1.4355594981624635,0.25179879873681604
5734,0.574,44,231,44,495427,181017,65303,60953,1.4337298821442148,0.2519031284870025
5735,0.5741,30,189,30,495616,180828,65333,60923,1.4322329235838296,0.2520072305802251
5736,0.5742,12,90,12,495706,180738,65345,60911,1.4315200861741224,0.25206394398487064
5737,0.5743,5,48,5,495754,180690,65350,60906,1.4311399062222785,0.252098544677892
5738,0.5744,10,53,10,495807,180637,65360,60896,1.4307201241921177,0.2521228983203123
5739,0.5745,17,72,17,495879,180565,65377,60879,1.4301498542643518,0.252145425026093
5740,0.5746,20,60,20,495939,180505,65397,60859,1.429674629324547,0.25214613612634856
5741,0.5747,27,116,27,496055,180389,65424,60832,1.428755861107591,0.2521836821835578
5742,0.5748,56,221,56,496276,180168,65480,60776,1.4270054492459765,0.2522411846736171
5743,0.5749,27,104,27,496380,180064,65507,60749,1.4261817260169813,0.25226628130541123
5744,0.575,16,73,16,496453,179991,65523,60733,1.4256035356735521,0.2522930825343547
5745,0.5751,29,145,29,496598,179846,65552,60704,1.424455075402357,0.25235501974641444
5746,0.5752,17,77,17,496675,179769,65569,60687,1.4238452033962743,0.2523829723525302
5747,0.5753,18,47,18,496722,179722,65587,60669,1.4234729438600937,0.25237633688449235
5748,0.5754,7,28,7,496750,179694,65594,60662,1.4232511722215182,0.2523839637870492
5749,0.5755,25,83,25,496833,179611,65619,60637,1.4225937777214548,0.25239336019446573
5750,0.5756,67,258,67,497091,179353,65686,60570,1.420550310480294,0.25245599629881255
5751,0.5757,29,136,29,497227,179217,65715,60541,1.4194731339500697,0.25250877968618357
5752,0.5758,18,59,18,497286,179158,65733,60523,1.4190058294259282,0.25251480092289336
5753,0.5759,27,123,27,497409,179035,65760,60496,1.4180316182993284,0.2525602114131365
5754,0.576,29,106,29,497515,178929,65789,60467,1.4171920542390064,0.25258149676686326
5755,0.5761,19,91,19,497606,178838,65808,60448,1.416471296413636,0.25261820582900796
5756,0.5762,19,89,19,497695,178749,65827,60429,1.415766379419592,0.2526528359631739
5757,0.5763,15,128,15,497823,178621,65842,60414,1.414752566214675,0.2527412303637543
5758,0.5764,16,52,16,497875,178569,65858,60398,1.4143407046001775,0.25274619508132923
5759,0.5765,38,155,38,498030,178414,65896,60360,1.4131130401723482,0.2527913424409693
5760,0.5766,54,224,54,498254,178190,65950,60306,1.4113388670637435,0.25285958674359316
5761,0.5767,21,95,21,498349,178095,65971,60285,1.4105864275757192,0.25289453813239365
5762,0.5768,17,124,17,498473,177971,65988,60268,1.4096042960334558,0.2529728549901569
5763,0.5769,7,47,7,498520,177924,65995,60261,1.4092320364972755,0.2530008186913534
5764,0.577,18,101,18,498621,177823,66013,60243,1.4084320745152705,0.25305167474565876
5765,0.5771,43,133,43,498754,177690,66056,60200,1.4073786592320365,0.25305813611332967
5766,0.5772,24,122,24,498876,177568,66080,60176,1.4064123685211,0.25311259169526884
5767,0.5773,17,71,17,498947,177497,66097,60159,1.4058500190089975,0.25313478304776654
5768,0.5774,33,115,33,499062,177382,66130,60126,1.404939171207705,0.2531535779847416
5769,0.5775,31,143,31,499205,177239,66161,60095,1.4038065517678369,0.25320855840292583
5770,0.5776,44,138,44,499343,177101,66205,60051,1.4027135344062855,0.2532173458372689
5771,0.5777,25,199,25,499542,176902,66230,60026,1.4011373716892663,0.25335122906537005
5772,0.5778,13,58,13,499600,176844,66243,60013,1.4006779875807882,0.25337228792055966
5773,0.5779,28,122,28,499722,176722,66271,59985,1.3997116968698518,0.25341455892728143
5774,0.578,37,127,37,499849,176595,66308,59948,1.3987058040805982,0.25343383655403035
5775,0.5781,29,137,29,499986,176458,66337,59919,1.3976207071347104,0.25348912965305426
5776,0.5782,30,106,30,500092,176352,66367,59889,1.3967811430743886,0.2535080701487041
5777,0.5783,39,165,39,500257,176187,66406,59850,1.3954742744899253,0.25356194156000966
5778,0.5784,21,84,21,500341,176103,66427,59829,1.3948089595741984,0.25358577895325773
5779,0.5785,26,142,26,500483,175961,66453,59803,1.3936842605499937,0.25365619857145283
5780,0.5786,20,101,20,500584,175860,66473,59783,1.3928842985679888,0.2537015739911646
5781,0.5787,11,55,11,500639,175805,66484,59772,1.392448675706501,0.2537259579670341
5782,0.5788,18,72,18,500711,175733,66502,59754,1.3918784057787352,0.25374649131374555
5783,0.5789,41,156,41,500867,175577,66543,59713,1.3906428209352426,0.25378469123209657
5784,0.579,12,79,12,500946,175498,66555,59701,1.390017108097833,0.2538318615300235
5785,0.5791,18,71,18,501017,175427,66573,59683,1.3894547585857306,0.2538513887116669
5786,0.5792,25,122,25,501139,175305,66598,59658,1.388488467874794,0.2539038061311781
5787,0.5793,14,87,14,501226,175218,66612,59644,1.387799391712077,0.2539533853922729
5788,0.5794,21,98,21,501324,175120,66633,59623,1.3870231909770625,0.25399266431799883
5789,0.5795,38,165,38,501489,174955,66671,59585,1.3857163223925992,0.25405048179415024
5790,0.5796,10,96,10,501585,174859,66681,59575,1.3849559624889114,0.2541226955134494
5791,0.5797,22,122,22,501707,174737,66703,59553,1.383989671777975,0.25418498442101667
5792,0.5798,24,119,24,501826,174618,66727,59529,1.3830471423140287,0.2542377224564056
5793,0.5799,25,93,25,501919,174525,66752,59504,1.382310543657331,0.25425908754897897
5794,0.58,13,76,13,501995,174449,66765,59491,1.3817085920669117,0.2543002479268188
5795,0.5801,11,64,11,502059,174385,66776,59480,1.381201685464453,0.25433476578367864
5796,0.5802,14,96,14,502155,174289,66790,59466,1.3804413255607655,0.2543945584051678
5797,0.5803,21,77,21,502232,174212,66811,59445,1.3798314535546825,0.2544113807846544
5798,0.5804,17,74,17,502306,174138,66828,59428,1.37924534279559,0.2544377178185181
5799,0.5805,36,164,36,502470,173974,66864,59392,1.37794639462679,0.2545015126453725
5800,0.5806,18,114,18,502584,173860,66882,59374,1.377043467241161,0.25456837339324456
5801,0.5807,10,31,10,502615,173829,66892,59364,1.376797934355595,0.25457024867813355
5802,0.5808,20,116,20,502731,173713,66912,59344,1.375879166138639,0.2546329867800581
5803,0.5809,47,212,47,502943,173501,66959,59297,1.3742000380179953,0.2547143875806493
5804,0.581,21,71,21,503014,173430,66980,59276,1.3736376885058927,0.2547248459429495
5805,0.5811,38,172,38,503186,173258,67018,59238,1.3722753770117855,0.25479148028353177
5806,0.5812,26,146,26,503332,173112,67044,59212,1.371118996324927,0.2548682013050739
5807,0.5813,20,81,20,503413,173031,67064,59192,1.3704774426561905,0.25489292619594095
5808,0.5814,15,90,15,503503,172941,67079,59177,1.3697646052464834,0.25494360626922513
5809,0.5815,23,111,23,503614,172830,67102,59154,1.3688854391078444,0.25499172356714256
5810,0.5816,16,87,16,503701,172743,67118,59138,1.3681963629451273,0.25503598828709556
5811,0.5817,26,92,26,503793,172651,67144,59112,1.3674676847040932,0.25505365394821433
5812,0.5818,17,95,17,503888,172556,67161,59095,1.366715245216069,0.25510358254443105
5813,0.5819,26,81,26,503969,172475,67187,59069,1.3660736915473324,0.25510918011263517
5814,0.582,23,146,23,504115,172329,67210,59046,1.364917310860474,0.25519611021069694
5815,0.5821,10,77,10,504192,172252,67220,59036,1.364307438854391,0.25524886721317147
5816,0.5822,30,154,30,504346,172098,67250,59006,1.3630876948422253,0.2553222791470507
5817,0.5823,28,100,28,504446,171998,67278,58978,1.3622956532758839,0.2553425464117484
5818,0.5824,25,101,25,504547,171897,67303,58953,1.3614956912938792,0.25537361923326835
5819,0.5825,27,90,27,504637,171807,67330,58926,1.3607828538841718,0.25538609561701187
5820,0.5826,18,108,18,504745,171699,67348,58908,1.359927448992523,0.2554475796484929
5821,0.5827,17,91,17,504836,171608,67365,58891,1.3592066911671525,0.25549351624085137
5822,0.5828,32,116,32,504952,171492,67397,58859,1.3582879229501965,0.2555187518178779
5823,0.5829,20,68,20,505020,171424,67417,58839,1.3577493346850842,0.255529546648832
5824,0.583,15,70,15,505090,171354,67432,58824,1.3571949055886452,0.255558741495712
5825,0.5831,23,103,23,505193,171251,67455,58801,1.3563791027753136,0.2555987341992245
5826,0.5832,15,86,15,505279,171165,67470,58786,1.35569794702826,0.2556457680114459
5827,0.5833,10,50,10,505329,171115,67480,58776,1.3553019262450894,0.2556689909565838
5828,0.5834,28,89,28,505418,171026,67508,58748,1.3545970092510455,0.25567731771218677
5829,0.5835,31,146,31,505564,170880,67539,58717,1.3534406285641871,0.2557394042605086
5830,0.5836,28,122,28,505686,170758,67567,58689,1.3524743378532504,0.25578456026882024
5831,0.5837,37,121,37,505807,170637,67604,58652,1.3515159675579775,0.2557994496029029
5832,0.5838,24,84,24,505891,170553,67628,58628,1.3508506526422506,0.2558152726447655
5833,0.5839,26,118,26,506009,170435,67654,58602,1.3499160435939679,0.25586258988722343
5834,0.584,29,120,29,506129,170315,67683,58573,1.348965593714358,0.25590245010660234
5835,0.5841,30,154,30,506283,170161,67713,58543,1.3477458497021924,0.25597715824821604
5836,0.5842,19,84,19,506367,170077,67732,58524,1.3470805347864656,0.2560093787866195
5837,0.5843,20,69,20,506436,170008,67752,58504,1.34653402610569,0.25602156560705785
5838,0.5844,13,42,13,506478,169966,67765,58491,1.3462013686478267,0.25602629816551914
5839,0.5845,20,76,20,506554,169890,67785,58471,1.3455994170574073,0.2560463476688226
5840,0.5846,31,135,31,506689,169755,67816,58440,1.3445301609428464,0.2560967593505554
5841,0.5847,38,216,38,506905,169539,67854,58402,1.3428193511595488,0.25621542416678
5842,0.5848,18,77,18,506982,169462,67872,58384,1.342209479153466,0.256243252021102
5843,0.5849,23,93,23,507075,169369,67895,58361,1.3414728804967684,0.25627277916831337
5844,0.585,24,98,24,507173,169271,67919,58337,1.3406966797617539,0.25630469930758143
5845,0.5851,39,169,39,507342,169102,67958,58298,1.3393581295146368,0.25636763412489005
5846,0.5852,18,92,18,507434,169010,67976,58280,1.3386294512736028,0.2564125126490387
5847,0.5853,16,71,16,507505,168939,67992,58264,1.3380671017615005,0.256440275876639
5848,0.5854,41,226,41,507731,168713,68033,58223,1.3362770878215688,0.2565613212535693
5849,0.5855,37,131,37,507862,168582,68070,58186,1.3352395133696617,0.256588231143724
5850,0.5856,23,70,23,507932,168512,68093,58163,1.3346850842732227,0.25659203705746114
5851,0.5857,23,109,23,508041,168403,68116,58140,1.3338217589659105,0.25664001977549517
5852,0.5858,34,126,34,508167,168277,68150,58106,1.3328237865923203,0.2566712164782691
5853,0.5859,35,166,35,508333,168111,68185,58071,1.3315089975921937,0.256744568533305
5854,0.586,23,84,23,508417,168027,68208,58048,1.330843682676467,0.2567643481145638
5855,0.5861,19,89,19,508506,167938,68227,58029,1.330138765682423,0.25680298450658723
5856,0.5862,28,122,28,508628,167816,68255,58001,1.3291724749714866,0.2568495728842381
5857,0.5863,10,49,10,508677,167767,68265,57991,1.3287843746039791,0.25687240319279936
5858,0.5864,31,159,31,508836,167608,68296,57960,1.3275250285134963,0.2569513406156902
5859,0.5865,38,128,38,508964,167480,68334,57922,1.3265112153085794,0.25697198782619496
5860,0.5866,7,72,7,509036,167408,68341,57915,1.3259409453808135,0.2570310176945984
5861,0.5867,36,135,36,509171,167273,68377,57879,1.3248716892662527,0.257066337407618
5862,0.5868,33,98,33,509269,167175,68410,57846,1.3240954885312382,0.2570693401949151
5863,0.5869,16,71,16,509340,167104,68426,57830,1.3235331390191358,0.2570976375292308
5864,0.587,31,124,31,509464,166980,68457,57799,1.3225510074768725,0.2571370101299499
5865,0.5871,28,153,28,509617,166827,68485,57771,1.32133918388037,0.25721956562391474
5866,0.5872,36,194,36,509811,166633,68521,57735,1.3198026232416677,0.25732279112885975
5867,0.5873,28,116,28,509927,166517,68549,57707,1.3188838550247117,0.25736317254174396
5868,0.5874,26,132,26,510059,166385,68575,57681,1.317838360157141,0.25742861478314427
5869,0.5875,23,79,23,510138,166306,68598,57658,1.3172126473197314,0.25744316050793875
5870,0.5876,16,68,16,510206,166238,68614,57642,1.316674059054619,0.2574682865820975
5871,0.5877,31,147,31,510353,166091,68645,57611,1.3155097579520973,0.25753457725009166
5872,0.5878,14,58,14,510411,166033,68659,57597,1.3150503738436192,0.2575548897732862
5873,0.5879,21,84,21,510495,165949,68680,57576,1.3143850589278925,0.257581925959065
5874,0.588,32,119,32,510614,165830,68712,57544,1.3134425294639462,0.2576127928944282
5875,0.5881,15,99,15,510713,165731,68727,57529,1.3126584083132682,0.25767714772014694
5876,0.5882,27,136,27,510849,165595,68754,57502,1.311581231783044,0.2577443892118675
5877,0.5883,42,226,42,511075,165369,68796,57460,1.3097912178431124,0.25786589716778335
5878,0.5884,30,154,30,511229,165215,68826,57430,1.3085714738309466,0.257944261043365
5879,0.5885,34,163,34,511392,165052,68860,57396,1.3072804460778102,0.25801985183054016
5880,0.5886,21,97,21,511489,164955,68881,57375,1.306512165758459,0.25806233976521387
5881,0.5887,24,103,24,511592,164852,68905,57351,1.3056963629451273,0.2581018258079324
5882,0.5888,22,95,22,511687,164757,68927,57329,1.304943923457103,0.2581387390470358
5883,0.5889,14,45,14,511732,164712,68941,57315,1.3045875047522495,0.2581442797497602
5884,0.589,14,75,14,511807,164637,68955,57301,1.3039934735774934,0.25818471825464767
5885,0.5891,29,150,29,511957,164487,68984,57272,1.3028054112279812,0.2582623478641228
5886,0.5892,42,160,42,512117,164327,69026,57230,1.301538144721835,0.25830824573360356
5887,0.5893,28,82,28,512199,164245,69054,57202,1.300888670637435,0.258310114835604
5888,0.5894,24,83,24,512282,164162,69078,57178,1.3002312761373718,0.25832655642902325
5889,0.5895,25,115,25,512397,164047,69103,57153,1.299320428336079,0.25837703435804704
5890,0.5896,22,144,22,512541,163903,69125,57131,1.2981798884805476,0.258471547363754
5891,0.5897,12,79,12,512620,163824,69137,57119,1.2975541756431377,0.25852369163087313
5892,0.5898,25,87,25,512707,163737,69162,57094,1.2968650994804207,0.2585415996848269
5893,0.5899,34,119,34,512826,163618,69196,57060,1.2959225700164745,0.25856678055809823
5894,0.59,17,56,17,512882,163562,69213,57043,1.2954790267393232,0.25857528161193083
5895,0.5901,20,108,20,512990,163454,69233,57023,1.2946236218476745,0.25863468751842594
5896,0.5902,27,104,27,513094,163350,69260,56996,1.2937998986186796,0.2586659163315876
5897,0.5903,7,59,7,513153,163291,69267,56989,1.2933325940945382,0.2587116397312511
5898,0.5904,64,285,64,513438,163006,69331,56925,1.291075275630465,0.25883117886973644
5899,0.5905,22,64,22,513502,162942,69353,56903,1.2905683690280065,0.258832359162137
5900,0.5906,7,49,7,513551,162893,69360,56896,1.2901802686604993,0.2588664582849915
5901,0.5907,22,111,22,513662,162782,69382,56874,1.2893011025218604,0.25892304330407545
5902,0.5908,19,59,19,513721,162723,69401,56855,1.288833797997719,0.25892849010374447
5903,0.5909,16,75,16,513796,162648,69417,56839,1.2882397668229628,0.2589629454136236
5904,0.591,22,121,22,513917,162527,69439,56817,1.2872813965276897,0.2590314756729156
5905,0.5911,36,128,36,514045,162399,69475,56781,1.2862675833227728,0.25906104571585
5906,0.5912,28,67,28,514112,162332,69503,56753,1.285736915473324,0.2590455759180227
5907,0.5913,12,70,12,514182,162262,69515,56741,1.285182486376885,0.25908777505330977
5908,0.5914,18,106,18,514288,162156,69533,56723,1.2843429223165632,0.2591523170336122
5909,0.5915,17,91,17,514379,162065,69550,56706,1.2836221644911925,0.2592025451270964
5910,0.5916,28,120,28,514499,161945,69578,56678,1.282671714611583,0.25924994168042703
5911,0.5917,22,64,22,514563,161881,69600,56656,1.2821648080091244,0.25925129383125056
5912,0.5918,35,166,35,514729,161715,69635,56621,1.2808500190089975,0.2593296570423567
5913,0.5919,30,115,30,514844,161600,69665,56591,1.279939171207705,0.2593645017438849
5914,0.592,12,52,12,514896,161548,69677,56579,1.2795273095932074,0.2593855872954747
5915,0.5921,22,74,22,514970,161474,69699,56557,1.2789411988341148,0.2593988928179938
5916,0.5922,32,110,32,515080,161364,69731,56525,1.2780699531111392,0.2594210813762971
5917,0.5923,21,80,21,515160,161284,69752,56504,1.277436319858066,0.2594449648281815
5918,0.5924,13,80,13,515240,161204,69765,56491,1.276802686604993,0.25949608397069296
5919,0.5925,42,143,42,515383,161061,69807,56449,1.2756700671651249,0.2595237000597674
5920,0.5926,22,96,22,515479,160965,69829,56427,1.274909707261437,0.2595633693972179
5921,0.5927,18,89,18,515568,160876,69847,56409,1.2742047902673932,0.2596083484824079
5922,0.5928,23,80,23,515648,160796,69870,56386,1.2735711570143202,0.25962556749638555
5923,0.5929,22,101,22,515749,160695,69892,56364,1.2727711950323153,0.2596713336005418
5924,0.593,34,164,34,515913,160531,69926,56330,1.2714722468635153,0.2597516381460936
5925,0.5931,28,140,28,516053,160391,69954,56302,1.2703633886706374,0.2598238060297287
5926,0.5932,36,141,36,516194,160250,69990,56266,1.269246610062096,0.2598699403277356
5927,0.5933,26,109,26,516303,160141,70016,56240,1.268383284754784,0.25991191463206104
5928,0.5934,20,97,20,516400,160044,70036,56220,1.2676150044354328,0.25996004882920876
5929,0.5935,20,72,20,516472,159972,70056,56200,1.267044734507667,0.25997816553485187
5930,0.5936,19,102,19,516574,159870,70075,56181,1.2662368521099987,0.26003582487468235
5931,0.5937,28,135,28,516709,159735,70103,56153,1.2651675959954378,0.2601024605350923
5932,0.5938,21,91,21,516800,159644,70124,56132,1.264446838170067,0.2601401453359039
5933,0.5939,46,161,46,516961,159483,70170,56086,1.2631716512482576,0.26017655599831147
5934,0.594,19,88,19,517049,159395,70189,56067,1.262474654669877,0.26021757896984155
5935,0.5941,9,61,9,517110,159334,70198,56058,1.2619915093144087,0.2602603625018571
5936,0.5942,28,118,28,517228,159216,70226,56030,1.261056900266126,0.26030681174098474
5937,0.5943,42,194,42,517422,159022,70268,55988,1.2595203396274237,0.26039719082833357
5938,0.5944,8,32,8,517454,158990,70276,55980,1.2592668863261944,0.2604084290831279
5939,0.5945,31,151,31,517605,158839,70307,55949,1.258070903561019,0.2604847570627782
5940,0.5946,49,146,49,517751,158693,70356,55900,1.2569145228741605,0.260493119533256
5941,0.5947,13,67,13,517818,158626,70369,55887,1.2563838550247117,0.2605296648687958
5942,0.5948,20,92,20,517910,158534,70389,55867,1.2556551767836777,0.26057247867314054
5943,0.5949,10,55,10,517965,158479,70399,55857,1.2552195539221898,0.2606048447297701
5944,0.595,17,116,17,518081,158363,70416,55840,1.2543007857052337,0.26068729196136375
5945,0.5951,28,115,28,518196,158248,70444,55812,1.2533899379039413,0.2607306362702046
5946,0.5952,18,105,18,518301,158143,70462,55794,1.2525582942592828,0.26079640267929344
5947,0.5953,16,87,16,518388,158056,70478,55778,1.2518692180965658,0.2608471992293087
5948,0.5954,25,117,25,518505,157939,70503,55753,1.2509425294639462,0.2609035434176291
5949,0.5955,31,70,31,518575,157869,70534,55722,1.2503881003675072,0.26088177872663176
5950,0.5956,12,73,12,518648,157796,70546,55710,1.249809910024078,0.26092943523835394
5951,0.5957,43,132,43,518780,157664,70589,55667,1.2487644151565074,0.26094191655221227
5952,0.5958,38,109,38,518889,157555,70627,55629,1.2479010898491953,0.26094359801861305
5953,0.5959,40,201,40,519090,157354,70667,55589,1.246309086300849,0.2610510793968339
5954,0.596,20,112,20,519202,157242,70687,55569,1.2454219997465468,0.26111902110323243
5955,0.5961,32,126,32,519328,157116,70719,55537,1.2444240273729565,0.26116255119843124
5956,0.5962,13,70,13,519398,157046,70732,55524,1.2438695982765176,0.2612033683022063
5957,0.5963,23,77,23,519475,156969,70755,55501,1.2432597262704346,0.26121805431355016
5958,0.5964,35,125,35,519600,156844,70790,55466,1.242269674312508,0.26125005887617164
5959,0.5965,19,111,19,519711,156733,70809,55447,1.241390508173869,0.26132057686869636
5960,0.5966,32,141,32,519852,156592,70841,55415,1.2402737295653277,0.26138287886720724
5961,0.5967,18,94,18,519946,156498,70859,55397,1.2395292104929667,0.261436088628802
5962,0.5968,25,99,25,520045,156399,70884,55372,1.2387450893422887,0.26147111738623324
5963,0.5969,27,107,27,520152,156292,70911,55345,1.2378976048663033,0.26150909340049233
5964,0.597,38,111,38,520263,156181,70949,55307,1.2370184387276644,0.2615136556211227
5965,0.5971,21,87,21,520350,156094,70970,55286,1.2363293625649474,0.2615479231715394
5966,0.5972,23,106,23,520456,155988,70993,55263,1.2354897985046256,0.2615987616626667
5967,0.5973,19,96,19,520552,155892,71012,55244,1.2347294386009378,0.26165125795695665
5968,0.5974,38,211,38,520763,155681,71050,55206,1.2330582308959575,0.2617800054057386
5969,0.5975,21,86,21,520849,155595,71071,55185,1.2323770751489038,0.26181326501565616
5970,0.5976,15,65,15,520914,155530,71086,55170,1.231862248130782,0.26184148077835784
5971,0.5977,13,66,13,520980,155464,71099,55157,1.2313395006969965,0.26187797038282035
5972,0.5978,19,83,19,521063,155381,71118,55138,1.2306821061969333,0.26191460153240326
5973,0.5979,12,57,12,521120,155324,71130,55126,1.2302306425041185,0.2619434545022571
5974,0.598,6,68,6,521188,155256,71136,55120,1.2296920542390064,0.2620070730501578
5975,0.5981,10,104,10,521292,155152,71146,55110,1.2288683310100115,0.26210156851927596
5976,0.5982,37,105,37,521397,155047,71183,55073,1.228036687365353,0.26210260803350466
5977,0.5983,21,91,21,521488,154956,71204,55052,1.2273159295399823,0.26214239457544475
5978,0.5984,9,35,9,521523,154921,71213,55043,1.2270387149917628,0.2621544645748795
5979,0.5985,24,151,24,521674,154770,71237,55019,1.2258427322265872,0.26225874569210017
5980,0.5986,20,111,20,521785,154659,71257,54999,1.2249635660879483,0.26232721861317004
5981,0.5987,7,61,7,521846,154598,71264,54992,1.22448042073248,0.2623789302924758
5982,0.5988,42,130,42,521976,154468,71306,54950,1.2234507666962362,0.26239387254199736
5983,0.5989,25,91,25,522067,154377,71331,54925,1.2227300088708655,0.26241985265310414
5984,0.599,34,120,34,522187,154257,71365,54891,1.221779558991256,0.2624505135119628
5985,0.5991,44,133,44,522320,154124,71409,54847,1.220726143708022,0.26246225552827906
5986,0.5992,16,89,16,522409,154035,71425,54831,1.220021226713978,0.2625175950130706
5987,0.5993,11,43,11,522452,153992,71436,54820,1.2196806488404512,0.26253280462808654
5988,0.5994,30,87,30,522539,153905,71466,54790,1.218991572677734,0.2625362370924076
5989,0.5995,21,114,21,522653,153791,71487,54769,1.218088645292105,0.2626054852320675
5990,0.5996,46,146,46,522799,153645,71533,54723,1.2169322646052465,0.26262669891730017
5991,0.5997,26,142,26,522941,153503,71559,54697,1.2158075655810416,0.2627137367915466
5992,0.5998,10,68,10,523009,153435,71569,54687,1.2152689773159295,0.2627641479516822
5993,0.5999,10,84,10,523093,153351,71579,54677,1.2146036624002028,0.2628348106985598
5994,0.6,27,108,27,523201,153243,71606,54650,1.213748257508554,0.26287561389753383
5995,0.6001,21,114,21,523315,153129,71627,54629,1.212845330122925,0.2629453498782237
5996,0.6002,17,122,17,523437,153007,71644,54612,1.2118790394119883,0.2630395098714472
5997,0.6003,20,101,20,523538,152906,71664,54592,1.2110790774299836,0.26309651177360743
5998,0.6004,27,137,27,523675,152769,71691,54565,1.2099939804840958,0.26317439493763684
5999,0.6005,34,175,34,523850,152594,71725,54531,1.2086079077429983,0.2632757996378998
6000,0.6006,21,136,21,523986,152458,71746,54510,1.207530731212774,0.2633740481620347
6001,0.6007,16,41,16,524027,152417,71762,54494,1.2072059941705742,0.2633692747123159
6002,0.6008,33,155,33,524182,152262,71795,54461,1.2059783297427449,0.26344915660086204
6003,0.6009,20,90,20,524272,152172,71815,54441,1.2052654923330377,0.2634926166310929
6004,0.601,22,84,22,524356,152088,71837,54419,1.204600177417311,0.26352133341726913
6005,0.6011,27,149,27,524505,151939,71864,54392,1.203420035483462,0.2636152589770805
6006,0.6012,33,133,33,524638,151806,71897,54359,1.202366620200228,0.26366745082822013
6007,0.6013,13,73,13,524711,151733,71910,54346,1.201788429856799,0.2637144007880473
6008,0.6014,22,145,22,524856,151588,71932,54324,1.2006399695856038,0.26382143828431565
6009,0.6015,18,86,18,524942,151502,71950,54306,1.1999588138385502,0.2638672937883853
6010,0.6016,18,99,18,525041,151403,71968,54288,1.1991746926878724,0.2639298753956177
6011,0.6017,25,99,25,525140,151304,71993,54263,1.1983905715371943,0.26396746559515877
6012,0.6018,19,84,19,525224,151220,72012,54244,1.1977252566214676,0.26400732001713195
6013,0.6019,19,67,19,525291,151153,72031,54225,1.1971945887720188,0.2640253581201492
6014,0.602,12,48,12,525339,151105,72043,54213,1.1968144088201749,0.264044068225874
6015,0.6021,11,67,11,525406,151038,72054,54202,1.196283740970726,0.26409082050282595
6016,0.6022,27,118,27,525524,150920,72081,54175,1.1953491319224432,0.26414588361491015
6017,0.6023,40,102,40,525626,150818,72121,54135,1.1945412495247751,0.2641337282206164
6018,0.6024,34,142,34,525768,150676,72155,54101,1.1934165505005703,0.2641947093667746
6019,0.6025,20,69,20,525837,150607,72175,54081,1.1928700418197946,0.26421187368091925
6020,0.6026,8,56,8,525893,150551,72183,54073,1.1924264985426436,0.264255414809602
6021,0.6027,15,68,15,525961,150483,72198,54058,1.1918879102775313,0.26428931118944365
6022,0.6028,17,75,17,526036,150408,72215,54041,1.1912938791027754,0.2643250884083561
6023,0.6029,31,126,31,526162,150282,72246,54010,1.1902959067291852,0.26437648072367004
6024,0.603,12,45,12,526207,150237,72258,53998,1.1899394880243315,0.26439150978040005
6025,0.6031,20,85,20,526292,150152,72278,53978,1.1892662526929414,0.2644295302013423
6026,0.6032,23,90,23,526382,150062,72301,53955,1.188553415283234,0.26446325551302097
6027,0.6033,25,60,25,526442,150002,72326,53930,1.1880781903434292,0.26445089539650474
6028,0.6034,21,123,21,526565,149879,72347,53909,1.1871039792168292,0.2645347125444089
6029,0.6035,37,126,37,526691,149753,72384,53872,1.1861060068432392,0.2645647636586863
6030,0.6036,29,116,29,526807,149637,72413,53843,1.1851872386262832,0.2646107725574995
6031,0.6037,17,93,17,526900,149544,72430,53826,1.1844506399695856,0.2646703053547721
6032,0.6038,16,73,16,526973,149471,72446,53810,1.1838724496261563,0.26470747389082105
6033,0.6039,25,108,25,527081,149363,72471,53785,1.1830170447345076,0.26475771358812294
6034,0.604,38,117,38,527198,149246,72509,53747,1.1820903561018883,0.2647726768903361
6035,0.6041,26,127,26,527325,149119,72535,53721,1.1810844633126347,0.26484421218694537
6036,0.6042,40,140,40,527465,148979,72575,53681,1.1799756051197567,0.264882068489095
6037,0.6043,39,152,39,527617,148827,72614,53642,1.1787717019389177,0.2649393240446686
6038,0.6044,48,178,48,527795,148649,72662,53594,1.17736186795083,0.26499804690397194
6039,0.6045,17,78,17,527873,148571,72679,53577,1.1767440755290837,0.2650384866533431
6040,0.6046,30,164,30,528037,148407,72709,53547,1.175445127360284,0.26514453786505837
6041,0.6047,54,220,54,528257,148187,72763,53493,1.1737026359143328,0.26523700912336373
6042,0.6048,32,130,32,528387,148057,72795,53461,1.172672981878089,0.2652914379856886
6043,0.6049,16,76,16,528463,147981,72811,53445,1.1720710302876696,0.26533317446605703
6044,0.605,37,138,37,528601,147843,72848,53408,1.1709780129261185,0.2653800478010047
6045,0.6051,18,80,18,528681,147763,72866,53390,1.1703443796730453,0.2654198545385851
6046,0.6052,21,120,21,528801,147643,72887,53369,1.1693939297934355,0.2655015620957953
6047,0.6053,13,65,13,528866,147578,72900,53356,1.1688791027753136,0.2655399285337474
6048,0.6054,21,70,21,528936,147508,72921,53335,1.1683246736788746,0.2655556827970106
6049,0.6055,37,111,37,529047,147397,72958,53298,1.1674455075402357,0.2655671541393657
6050,0.6056,18,86,18,529133,147311,72976,53280,1.166764351793182,0.26561510735775784
6051,0.6057,22,76,22,529209,147235,72998,53258,1.1661624002027626,0.26563520920929906
6052,0.6058,21,110,21,529319,147125,73019,53237,1.165291154479787,0.26570407562312215
6053,0.6059,19,86,19,529405,147039,73038,53218,1.1646099987327334,0.2657485131605886
6054,0.606,12,74,12,529479,146965,73050,53206,1.1640238879736409,0.265802738658447
6055,0.6061,5,46,5,529525,146919,73055,53201,1.1636595488531238,0.26584549270437735
6056,0.6062,39,104,39,529629,146815,73094,53162,1.1628358256241287,0.26584057166574154
6057,0.6063,11,60,11,529689,146755,73105,53151,1.162360600684324,0.26587996358288396
6058,0.6064,14,66,14,529755,146689,73119,53137,1.1618378532505387,0.26591634722208324
6059,0.6065,13,71,13,529826,146618,73132,53124,1.1612755037384361,0.26596309238918203
6060,0.6066,39,157,39,529983,146461,73171,53085,1.1600319984792802,0.26602888557024446
6061,0.6067,13,60,13,530043,146401,73184,53072,1.1595567735394754,0.26606107092187914
6062,0.6068,31,110,31,530153,146291,73215,53041,1.1586855278164998,0.26609375313547246
6063,0.6069,18,101,18,530254,146190,73233,53023,1.157885565834495,0.266162348842696
6064,0.607,47,151,47,530405,146039,73280,52976,1.1566895830693196,0.26619099062884705
6065,0.6071,37,136,37,530541,145903,73317,52939,1.1556124065390951,0.26623650938936444
6066,0.6072,24,86,24,530627,145817,73341,52915,1.1549312507920415,0.26626310810538817
6067,0.6073,33,123,33,530750,145694,73374,52882,1.1539570396654417,0.2663060994279268
6068,0.6074,28,102,28,530852,145592,73402,52854,1.1531491572677735,0.26633945758543887
6069,0.6075,27,139,27,530991,145453,73429,52827,1.1520482194905588,0.266426265886625
6070,0.6076,39,218,39,531209,145235,73468,52788,1.1503215688759345,0.2665750948122188
6071,0.6077,33,61,33,531270,145174,73501,52755,1.1498384235204664,0.2665349696103148
6072,0.6078,45,195,45,531465,144979,73546,52710,1.1482939424661007,0.26663092028388025
6073,0.6079,19,128,19,531593,144851,73565,52691,1.1472801292611836,0.26673315041864515
6074,0.608,34,126,34,531719,144725,73599,52657,1.1462821568875934,0.26677711240133345
6075,0.6081,23,111,23,531830,144614,73622,52634,1.1454029907489545,0.2668417423750811
6076,0.6082,32,115,32,531945,144499,73654,52602,1.144492142947662,0.2668784024434173
6077,0.6083,19,78,19,532023,144421,73673,52583,1.1438743505259157,0.2669133621652352
6078,0.6084,25,90,25,532113,144331,73698,52558,1.1431615131162083,0.2669422872786189
6079,0.6085,18,103,18,532216,144228,73716,52540,1.1423457103028767,0.26701496178240364
6080,0.6086,25,117,25,532333,144111,73741,52515,1.1414190216702573,0.2670806505752037
6081,0.6087,20,77,20,532410,144034,73761,52495,1.1408091496641743,0.2671107063079749
6082,0.6088,37,126,37,532536,143908,73798,52458,1.1398111772905841,0.26714400659992055
6083,0.6089,16,85,16,532621,143823,73814,52442,1.139137941959194,0.2671999592387843
6084,0.609,42,151,42,532772,143672,73856,52400,1.1379419591940185,0.2672487657595169
6085,0.6091,24,81,24,532853,143591,73880,52376,1.137300405525282,0.2672694892507412
6086,0.6092,29,100,29,532953,143491,73909,52347,1.1365083639589406,0.26729746014563055
6087,0.6093,46,166,46,533119,143325,73955,52301,1.1351935749588138,0.2673519879770583
6088,0.6094,29,95,29,533214,143230,73984,52272,1.1344411354707895,0.26737322380333706
6089,0.6095,17,78,17,533292,143152,74001,52255,1.1338233430490432,0.2674162133393379
6090,0.6096,41,129,41,533421,143023,74042,52214,1.1328016094284628,0.2674390612435143
6091,0.6097,15,85,15,533506,142938,74057,52199,1.1321283740970727,0.2674992441207972
6092,0.6098,14,61,14,533567,142877,74071,52185,1.1316452287416043,0.26753032369195434
6093,0.6099,15,95,15,533662,142782,74086,52170,1.13089278925358,0.26760433337436906
6094,0.61,21,95,21,533757,142687,74107,52149,1.1301403497655558,0.2676558746843499
6095,0.6101,25,141,25,533898,142546,74132,52124,1.1290235711570142,0.26775568911491243
6096,0.6102,25,84,25,533982,142462,74157,52099,1.1283582562412875,0.2677772009806693
6097,0.6103,16,84,16,534066,142378,74173,52083,1.1276929413255607,0.26783262453653944
6098,0.6104,23,86,23,534152,142292,74196,52060,1.1270117855785071,0.2678644932905244
6099,0.6105,17,125,17,534277,142167,74213,52043,1.1260217336205804,0.2679728129344524
6100,0.6106,40,139,40,534416,142028,74253,52003,1.1249207958433658,0.26801387407166893
6101,0.6107,43,126,43,534542,141902,74296,51960,1.1239228234697758,0.2680257090095016
6102,0.6108,15,83,15,534625,141819,74311,51945,1.1232654289697124,0.2680838545859912
6103,0.6109,42,142,42,534767,141677,74353,51903,1.1221407299455075,0.2681217067878913
6104,0.611,27,132,27,534899,141545,74380,51876,1.1210952350779368,0.26820252195986993
6105,0.6111,19,104,19,535003,141441,74399,51857,1.120271511848942,0.2682748916181233
6106,0.6112,17,90,17,535093,141351,74416,51840,1.1195586744392345,0.26833548146652797
6107,0.6113,32,103,32,535196,141248,74448,51808,1.118742871625903,0.2683573678103763
6108,0.6114,31,90,31,535286,141158,74479,51777,1.1180300342161957,0.2683649933915567
6109,0.6115,9,70,9,535356,141088,74488,51768,1.1174756051197567,0.26842825735263615
6110,0.6116,36,112,36,535468,140976,74524,51732,1.1165885185654543,0.2684475994769288
6111,0.6117,12,49,12,535517,140927,74536,51720,1.116200418197947,0.26847031098330104
6112,0.6118,32,103,32,535620,140824,74568,51688,1.1153846153846154,0.26849235372340424
6113,0.6119,11,56,11,535676,140768,74579,51677,1.1149410721074642,0.2685286705292421
6114,0.612,23,71,23,535747,140697,74602,51654,1.1143787225953619,0.2685403247188733
6115,0.6121,16,46,16,535793,140651,74618,51638,1.1140143834748448,0.26854370244787795
6116,0.6122,24,96,24,535889,140555,74642,51614,1.113254023571157,0.2685865045871082
6117,0.6123,33,110,33,535999,140445,74675,51581,1.1123827778481814,0.26861466676387574
6118,0.6124,41,183,41,536182,140262,74716,51540,1.1109333417817766,0.26871461194356683
6119,0.6125,8,50,8,536232,140212,74724,51532,1.110537320998606,0.26875417222963954
6120,0.6126,19,83,19,536315,140129,74743,51513,1.1098799264985426,0.268798071403972
6121,0.6127,27,108,27,536423,140021,74770,51486,1.109024521606894,0.2688465695770912
6122,0.6128,46,176,46,536599,139845,74816,51440,1.107630528450133,0.2689181064903155
6123,0.6129,21,83,21,536682,139762,74837,51419,1.1069731339500697,0.26895455092294734
6124,0.613,25,75,25,536757,139687,74862,51394,1.1063791027753136,0.268964470564839
6125,0.6131,16,70,16,536827,139617,74878,51378,1.1058246736788746,0.26900180633000864
6126,0.6132,10,86,10,536913,139531,74888,51368,1.105143517931821,0.2690846992388645
6127,0.6133,12,53,12,536966,139478,74900,51356,1.1047237359016602,0.2691134703459551
6128,0.6134,23,111,23,537077,139367,74923,51333,1.1038445697630213,0.2691819611955952
6129,0.6135,25,124,25,537201,139243,74948,51308,1.102862438220758,0.26926124764498743
6130,0.6136,25,105,25,537306,139138,74973,51283,1.1020307945760994,0.26931378366881803
6131,0.6137,41,139,41,537445,138999,75014,51242,1.1009298567988848,0.2693530837201234
6132,0.6138,26,107,26,537552,138892,75040,51216,1.1000823723228994,0.26940475939992004
6133,0.6139,32,99,32,537651,138793,75072,51184,1.0992982511722216,0.26942208793696076
6134,0.614,30,130,30,537781,138663,75102,51154,1.0982685971359778,0.2694911414678348
6135,0.6141,22,81,22,537862,138582,75124,51132,1.0976270434672413,0.2695214902432082
6136,0.6142,18,96,18,537958,138486,75142,51114,1.0968666835635534,0.2695886075949367
6137,0.6143,38,141,38,538099,138345,75180,51076,1.0957499049550121,0.269642753443388
6138,0.6144,12,61,12,538160,138284,75192,51064,1.0952667595995438,0.2696833343895895
6139,0.6145,33,106,33,538266,138178,75225,51031,1.094427195539222,0.26970704353386993
6140,0.6146,15,49,15,538315,138129,75240,51016,1.0940390951717147,0.26971899865182797
6141,0.6147,10,53,10,538368,138076,75250,51006,1.0936193131415537,0.26975597888746683
6142,0.6148,34,123,34,538491,137953,75284,50972,1.0926451020149537,0.26980018525870053
6143,0.6149,21,104,21,538595,137849,75305,50951,1.0918213787859588,0.2698675847457627
6144,0.615,51,217,51,538812,137632,75356,50900,1.0901026485869978,0.2699806929327647
6145,0.6151,15,74,15,538886,137558,75371,50885,1.0895165378279053,0.2700286028135829
6146,0.6152,15,69,15,538955,137489,75386,50870,1.0889700291471296,0.2700693887735654
6147,0.6153,17,68,17,539023,137421,75403,50853,1.0884314408820175,0.27010102297715033
6148,0.6154,28,132,28,539155,137289,75431,50825,1.0873859460144468,0.27018191096888056
6149,0.6155,20,87,20,539242,137202,75451,50805,1.0866968698517299,0.27022929997287337
6150,0.6156,20,117,20,539359,137085,75471,50785,1.0857701812191103,0.27031990205993506
6151,0.6157,38,111,38,539470,136974,75509,50747,1.0848910150804714,0.2703320353077173
6152,0.6158,31,140,31,539610,136834,75540,50716,1.0837821568875934,0.2704132231404959
6153,0.6159,25,90,25,539700,136744,75565,50691,1.0830693194778862,0.27044575452823644
6154,0.616,34,147,34,539847,136597,75599,50657,1.0819050183753642,0.2705255962489453
6155,0.6161,16,51,16,539898,136546,75615,50641,1.0815010771765303,0.2705369496813347
6156,0.6162,23,67,23,539965,136479,75638,50618,1.0809704093270815,0.27054415623981143
6157,0.6163,31,132,31,540097,136347,75669,50587,1.0799249144595109,0.27061422748135705
6158,0.6164,15,74,15,540171,136273,75684,50572,1.0793388037004181,0.2706628488854398
6159,0.6165,28,83,28,540254,136190,75712,50544,1.078681409200355,0.2706737926676449
6160,0.6166,18,102,18,540356,136088,75730,50526,1.0778735268026867,0.2707513905709111
6161,0.6167,32,148,32,540504,135940,75762,50494,1.0767013052845014,0.2708411555832091
6162,0.6168,20,112,20,540616,135828,75782,50474,1.075814218730199,0.27092570128071625
6163,0.6169,13,74,13,540690,135754,75795,50461,1.0752281079711064,0.2709824665037725
6164,0.617,33,188,33,540878,135566,75828,50428,1.0737390698263845,0.2711270256029764
6165,0.6171,36,97,36,540975,135469,75864,50392,1.0729707895070333,0.27112734785673165
6166,0.6172,36,128,36,541103,135341,75900,50356,1.0719569763021164,0.2711729322498479
6167,0.6173,23,56,23,541159,135285,75923,50333,1.0715134330249652,0.2711644344837246
6168,0.6174,20,106,20,541265,135179,75943,50313,1.0706738689646433,0.2712408082289263
6169,0.6175,21,74,21,541339,135105,75964,50292,1.0700877582055506,0.2712665253483066
6170,0.6176,16,98,16,541437,135007,75980,50276,1.069311557470536,0.2713470744752622
6171,0.6177,18,95,18,541532,134912,75998,50258,1.0685591179825118,0.27141545606739753
6172,0.6178,31,91,31,541623,134821,76029,50227,1.067838360157141,0.2714268730275388
6173,0.6179,13,66,13,541689,134755,76042,50214,1.0673156127233556,0.2714725170163649
6174,0.618,21,66,21,541755,134689,76063,50193,1.0667928652895704,0.27148667798920395
6175,0.6181,25,100,25,541855,134589,76088,50168,1.066000823723229,0.2715350433271811
6176,0.6182,10,73,10,541928,134516,76098,50158,1.0654226333797998,0.27160293273552316
6177,0.6183,16,50,16,541978,134466,76114,50142,1.065026612596629,0.2716133645345814
6178,0.6184,22,86,22,542064,134380,76136,50120,1.0643454568495754,0.2716531165311653
6179,0.6185,36,94,36,542158,134286,76172,50084,1.0636009377772147,0.27164940066171284
6180,0.6186,18,106,18,542264,134180,76190,50066,1.0627613737168926,0.27173452883644694
6181,0.6187,17,78,17,542342,134102,76207,50049,1.0621435812951463,0.2717823959685258
6182,0.6188,13,88,13,542430,134014,76220,50036,1.061446584716766,0.27186090736212987
6183,0.6189,29,111,29,542541,133903,76249,50007,1.060567418578127,0.27191017345440704
6184,0.619,21,81,21,542622,133822,76270,49986,1.0599258649093903,0.2719468140668524
6185,0.6191,20,110,20,542732,133712,76290,49966,1.059054619186415,0.2720304010278858
6186,0.6192,20,89,20,542821,133623,76310,49946,1.0583497021923711,0.27208297697323625
6187,0.6193,6,44,6,542865,133579,76316,49940,1.0580012039031808,0.27212441218620415
6188,0.6194,27,93,27,542958,133486,76343,49913,1.0572646052464834,0.2721552462118114
6189,0.6195,41,136,41,543094,133350,76384,49872,1.056187428716259,0.27219438713691585
6190,0.6196,20,111,20,543205,133239,76404,49852,1.05530826257762,0.27227990452834927
6191,0.6197,23,76,23,543281,133163,76427,49829,1.0547063109872006,0.27230152137798375
6192,0.6198,35,114,35,543395,133049,76462,49794,1.0538033836015714,0.2723320006781775
6193,0.6199,13,90,13,543485,132959,76475,49781,1.053090546191864,0.27241435919886176
6194,0.62,12,47,12,543532,132912,76487,49769,1.0527182866556837,0.27243665186855776
6195,0.6201,16,91,16,543623,132821,76503,49753,1.051997528830313,0.2725086814113729
6196,0.6202,14,63,14,543686,132758,76517,49739,1.051498542643518,0.27254694597719414
6197,0.6203,17,64,17,543750,132694,76534,49722,1.0509916360410594,0.27257477414261905
6198,0.6204,20,78,20,543828,132616,76554,49702,1.050373843619313,0.2726115907370638
6199,0.6205,18,82,18,543910,132534,76572,49684,1.0497243695349132,0.2726624153486483
6200,0.6206,21,87,21,543997,132447,76593,49663,1.0490352933721963,0.27270880237219264
6201,0.6207,22,103,22,544100,132344,76615,49641,1.0482194905588644,0.27277522872764237
6202,0.6208,13,52,13,544152,132292,76628,49628,1.047807628944367,0.27280123131046613
6203,0.6209,28,119,28,544271,132173,76656,49600,1.0468650994804207,0.2728678076502011
6204,0.621,12,76,12,544347,132097,76668,49588,1.0462631478900013,0.2729339240994028
6205,0.6211,20,103,20,544450,131994,76688,49568,1.0454473450766697,0.27300866921492384
6206,0.6212,7,69,7,544519,131925,76695,49561,1.044900836395894,0.2730844252449225
6207,0.6213,14,76,14,544595,131849,76709,49547,1.0442988848054746,0.27314273743632717
6208,0.6214,29,148,29,544743,131701,76738,49518,1.0431266632872893,0.2732494937065098
6209,0.6215,19,99,19,544842,131602,76757,49499,1.0423425421366113,0.27332262107884553
6210,0.6216,19,64,19,544906,131538,76776,49480,1.041835635534153,0.2733429824658321
6211,0.6217,16,63,16,544969,131475,76792,49464,1.0413366493473577,0.27337389949098867
6212,0.6218,17,70,17,545039,131405,76809,49447,1.0407822202509187,0.2734114082232986
6213,0.6219,9,63,9,545102,131342,76818,49438,1.0402832340641237,0.27347051665007194
6214,0.622,21,70,21,545172,131272,76839,49417,1.0397288049676847,0.2734920222038973
6215,0.6221,15,43,15,545215,131229,76854,49402,1.039388227094158,0.2734967973382199
6216,0.6222,14,52,14,545267,131177,76868,49388,1.0389763654796604,0.27351923130174727
6217,0.6223,26,99,26,545366,131078,76894,49362,1.0381922443289824,0.2735646198182221
6218,0.6224,19,95,19,545461,130983,76913,49343,1.037439804840958,0.2736321994609762
6219,0.6225,39,111,39,545572,130872,76952,49304,1.0365606387023192,0.2736435485303259
6220,0.6226,18,83,18,545655,130789,76970,49286,1.0359032442022558,0.2736970706650007
6221,0.6227,25,70,25,545725,130719,76995,49261,1.0353488151058168,0.2737026336259584
6222,0.6228,32,102,32,545827,130617,77027,49229,1.0345409327081485,0.2737286344984042
6223,0.6229,13,78,13,545905,130539,77040,49216,1.0339231402864022,0.2737948874857445
6224,0.623,22,91,22,545996,130448,77062,49194,1.0332023824610315,0.2738446465748544
6225,0.6231,12,68,12,546064,130380,77074,49182,1.0326637941959194,0.27389982290239584
6226,0.6232,39,154,39,546218,130226,77113,49143,1.0314440501837536,0.27397710864196156
6227,0.6233,27,98,27,546316,130128,77140,49116,1.0306678494487391,0.27401754033607817
6228,0.6234,27,126,27,546442,130002,77167,49089,1.029669877075149,0.2741008760909258
6229,0.6235,22,84,22,546526,129918,77189,49067,1.0290045621594222,0.2741402910858452
6230,0.6236,15,64,15,546590,129854,77204,49052,1.0284976555569636,0.2741775010340626
6231,0.6237,18,104,18,546694,129750,77222,49034,1.0276739323279687,0.2742639162341149
6232,0.6238,10,67,10,546761,129683,77232,49024,1.02714326447852,0.2743261316008886
6233,0.6239,26,97,26,546858,129586,77258,48998,1.0263749841591687,0.27436948438829906
6234,0.624,20,90,20,546948,129496,77278,48978,1.0256621467494613,0.27442652711319293
6235,0.6241,25,141,25,547089,129355,77303,48953,1.02454536814092,0.2745418040693631
6236,0.6242,31,105,31,547194,129250,77334,48922,1.0237137244962615,0.2745773746716656
6237,0.6243,56,163,56,547357,129087,77390,48866,1.0224226967431251,0.274600596786792
6238,0.6244,9,51,9,547408,129036,77399,48857,1.022018755544291,0.27464262225045394
6239,0.6245,26,91,26,547499,128945,77425,48831,1.0212979977189203,0.2746771217712177
6240,0.6246,26,100,26,547599,128845,77451,48805,1.0205059561525789,0.2747255840135097
6241,0.6247,23,106,23,547705,128739,77474,48782,1.019666392092257,0.2747956579784927
6242,0.6248,5,34,5,547739,128705,77479,48777,1.019397097959701,0.2748278698684937
6243,0.6249,16,47,16,547786,128658,77495,48761,1.0190248384235205,0.27483527694328114
6244,0.625,58,206,58,547992,128452,77553,48703,1.0173932327968571,0.2749174451751291
6245,0.6251,22,65,22,548057,128387,77575,48681,1.0168784057787352,0.27492827614249893
6246,0.6252,27,130,27,548187,128257,77602,48654,1.0158487517424915,0.27501964264517187
6247,0.6253,15,69,15,548256,128188,77617,48639,1.0153022430617158,0.2750654594603765
6248,0.6254,10,56,10,548312,128132,77627,48629,1.0148586997845648,0.27511159135782215
6249,0.6255,44,144,44,548456,127988,77671,48585,1.013718159929033,0.27515531819700634
6250,0.6256,23,88,23,548544,127900,77694,48562,1.0130211633506527,0.2751980596389024
6251,0.6257,21,119,21,548663,127781,77715,48541,1.0120786338867063,0.2752974671339935
6252,0.6258,21,81,21,548744,127700,77736,48520,1.0114370802179697,0.275337646124163
6253,0.6259,20,70,20,548814,127630,77756,48500,1.0108826511215308,0.27536478737296316
6254,0.626,29,124,29,548938,127506,77785,48471,1.0099005195792676,0.2754394040130244
6255,0.6261,7,42,7,548980,127464,77792,48464,1.0095678621214041,0.2754763312264108
6256,0.6262,52,211,52,549191,127253,77844,48412,1.0078966544164238,0.27559274755927476
6257,0.6263,25,114,25,549305,127139,77869,48387,1.0069937270307945,0.27566856192245026
6258,0.6264,19,77,19,549382,127062,77888,48368,1.0063838550247117,0.27571110984438235
6259,0.6265,26,110,26,549492,126952,77914,48342,1.0055126093017361,0.2757766951521444
6260,0.6266,28,86,28,549578,126866,77942,48314,1.0048314535546825,0.27579632378125357
6261,0.6267,16,59,16,549637,126807,77958,48298,1.004364149030541,0.27582307758202224
6262,0.6268,8,77,8,549714,126730,77966,48290,1.0037542770244583,0.2759113244200663
6263,0.6269,15,51,15,549765,126679,77981,48275,1.0033503358256242,0.27592967294260207
6264,0.627,20,67,20,549832,126612,78001,48255,1.0028196679761754,0.27595258110449655
6265,0.6271,6,20,6,549852,126592,78007,48249,1.0026612596629072,0.27595930016414916
6266,0.6272,15,64,15,549916,126528,78022,48234,1.0021543530604486,0.27599821471486935
6267,0.6273,34,156,34,550072,126372,78056,48200,1.000918768216956,0.2761038425406136
6268,0.6274,25,85,25,550157,126287,78081,48175,1.0002455328855657,0.2761346310371313
6269,0.6275,28,75,28,550232,126212,78109,48147,0.9996515017108097,0.2761371652739463
6270,0.6276,22,121,22,550353,126091,78131,48125,0.9986931314155367,0.27623754419800706
6271,0.6277,30,122,30,550475,125969,78161,48095,0.9977268407046002,0.2763064160308852
6272,0.6278,24,87,24,550562,125882,78185,48071,0.9970377645418832,0.2763447597914379
6273,0.6279,16,68,16,550630,125814,78201,48055,0.996499176276771,0.27638624481649976
6274,0.628,14,57,14,550687,125757,78215,48041,0.9960477125839564,0.2764186009044983
6275,0.6281,15,47,15,550734,125710,78230,48026,0.9956754530477759,0.2764309066629829
6276,0.6282,19,68,19,550802,125642,78249,48007,0.9951368647826638,0.27645998537279226
6277,0.6283,24,88,24,550890,125554,78273,47983,0.9944398682042833,0.2765001123679676
6278,0.6284,25,108,25,550998,125446,78298,47958,0.9935844633126346,0.27656801457867175
6279,0.6285,24,100,24,551098,125346,78322,47934,0.9927924217462932,0.27662742382271466
6280,0.6286,39,114,39,551212,125232,78361,47895,0.9918894943606641,0.2766466235769117
6281,0.6287,34,117,34,551329,125115,78395,47861,0.9909628057280446,0.2766915641476274
6282,0.6288,35,104,35,551433,125011,78430,47826,0.9901390824990496,0.27671158374653576
6283,0.6289,31,176,31,551609,124835,78461,47795,0.9887450893422887,0.2768638127787754
6284,0.629,9,73,9,551682,124762,78470,47786,0.9881668989988595,0.2769432273917982
6285,0.6291,13,58,13,551740,124704,78483,47773,0.9877075148903814,0.27698185845069195
6286,0.6292,43,124,43,551864,124580,78526,47730,0.9867253833481181,0.27700075445418143
6287,0.6293,13,42,13,551906,124538,78539,47717,0.9863927258902547,0.27701372964500304
6288,0.6294,26,95,26,552001,124443,78565,47691,0.9856402864022303,0.2770574087629405
6289,0.6295,16,61,16,552062,124382,78581,47675,0.9851571410467621,0.2770884067489262
6290,0.6296,26,102,26,552164,124280,78607,47649,0.984349258649094,0.2771434720146107
6291,0.6297,22,106,22,552270,124174,78629,47627,0.983509694588772,0.27722190208438835
6292,0.6298,30,119,30,552389,124055,78659,47597,0.9825671651248258,0.2772877682753478
6293,0.6299,30,108,30,552497,123947,78689,47567,0.9817117602331771,0.27733596091281176
6294,0.63,39,110,39,552607,123837,78728,47528,0.9808405145102015,0.2773495171125959
6295,0.6301,19,87,19,552694,123750,78747,47509,0.9801514383474845,0.2774102382940459
6296,0.6302,23,83,23,552777,123667,78770,47486,0.9794940438474211,0.277447663786203
6297,0.6303,20,70,20,552847,123597,78790,47466,0.9789396147509821,0.2774767191034882
6298,0.6304,14,37,14,552884,123560,78804,47452,0.9786465593714359,0.27747760391083665
6299,0.6305,30,101,30,552985,123459,78834,47422,0.977846597389431,0.2775147617347745
6300,0.6306,13,49,13,553034,123410,78847,47409,0.9774584970219237,0.2775393837922011
6301,0.6307,9,49,9,553083,123361,78856,47400,0.9770703966544164,0.2775809464690415
6302,0.6308,13,47,13,553130,123314,78869,47387,0.9766981371182359,0.2776023573382698
6303,0.6309,18,60,18,553190,123254,78887,47369,0.9762229121784312,0.2776237670185145
6304,0.631,20,74,20,553264,123180,78907,47349,0.9756368014193385,0.27765951832239677
6305,0.6311,27,95,27,553359,123085,78934,47322,0.9748843619313141,0.2776998597475456
6306,0.6312,15,49,15,553408,123036,78949,47307,0.9744962615638069,0.27771613744034096
6307,0.6313,36,131,36,553539,122905,78985,47271,0.9734586871118996,0.27777712485896955
6308,0.6314,23,81,23,553620,122824,79008,47248,0.9728171334431631,0.2778117503175126
6309,0.6315,21,63,21,553683,122761,79029,47227,0.972318147256368,0.27782549356425157
6310,0.6316,34,104,34,553787,122657,79063,47193,0.971494424027373,0.27785104503974095
6311,0.6317,9,55,9,553842,122602,79072,47184,0.9710588011658852,0.27790277172440603
6312,0.6318,36,113,36,553955,122489,79108,47148,0.9701637941959194,0.27793464869102846
6313,0.6319,30,119,30,554074,122370,79138,47118,0.9692212647319731,0.27800198244123475
6314,0.632,31,98,31,554172,122272,79169,47087,0.9684450639969585,0.2780306921982298
6315,0.6321,13,79,13,554251,122193,79182,47074,0.9678193511595489,0.2781050057010522
6316,0.6322,40,166,40,554417,122027,79222,47034,0.9665045621594222,0.2782072742974429
6317,0.6323,16,68,16,554485,121959,79238,47018,0.9659659738943099,0.2782508862152837
6318,0.6324,22,100,22,554585,121859,79260,46996,0.9651739323279686,0.27832163690740575
6319,0.6325,20,97,20,554682,121762,79280,46976,0.9644056520086174,0.2783960933518235
6320,0.6326,23,79,23,554761,121683,79303,46953,0.9637799391712077,0.27842809364548493
6321,0.6327,21,88,21,554849,121595,79324,46932,0.9630829425928272,0.2784835664314917
6322,0.6328,19,82,19,554931,121513,79343,46913,0.9624334685084274,0.27853775545343357
6323,0.6329,14,48,14,554979,121465,79357,46899,0.9620532885565835,0.2785571737426053
6324,0.633,16,72,16,555051,121393,79373,46883,0.9614830186288177,0.2786077634362595
6325,0.6331,19,106,19,555157,121287,79392,46864,0.9606434545684958,0.2787018810473919
6326,0.6332,22,92,22,555249,121195,79414,46842,0.9599147763274617,0.27876003499229335
6327,0.6333,32,157,32,555406,121038,79446,46810,0.9586712710683056,0.2788832753443592
6328,0.6334,31,73,31,555479,120965,79477,46779,0.9580930807248764,0.27887137542922547
6329,0.6335,30,74,30,555553,120891,79507,46749,0.9575069699657838,0.27886542591267
6330,0.6336,18,74,18,555627,120817,79525,46731,0.9569208592066911,0.27891111800797386
6331,0.6337,20,80,20,555707,120737,79545,46711,0.956287225953618,0.2789582437532846
6332,0.6338,22,76,22,555783,120661,79567,46689,0.9556852743631986,0.2789901404242605
6333,0.6339,24,90,24,555873,120571,79591,46665,0.9549724369534913,0.27903681025616495
6334,0.634,12,68,12,555941,120503,79603,46653,0.9544338486883792,0.2790985666084376
6335,0.6341,24,98,24,556039,120405,79627,46629,0.9536576479533646,0.27915873414993353
6336,0.6342,12,66,12,556105,120339,79639,46617,0.9531349005195793,0.27921727880399627
6337,0.6343,12,33,12,556138,120306,79651,46605,0.9528735268026866,0.27922066250876215
6338,0.6344,21,79,21,556217,120227,79672,46584,0.9522478139652769,0.2792621589703317
6339,0.6345,30,115,30,556332,120112,79702,46554,0.9513369661639843,0.2793251173004692
6340,0.6346,18,76,18,556408,120036,79720,46536,0.9507350145735648,0.2793746848209783
6341,0.6347,19,57,19,556465,119979,79739,46517,0.9502835508807502,0.2793880934076494
6342,0.6348,26,74,26,556539,119905,79765,46491,0.9496974401216576,0.2793997451861824
6343,0.6349,22,93,22,556632,119812,79787,46469,0.9489608414649601,0.2794606719949964
6344,0.635,16,77,16,556709,119735,79803,46453,0.9483509694588772,0.2795207836907599
6345,0.6351,21,76,21,556785,119659,79824,46432,0.9477490178684578,0.2795575919225003
6346,0.6352,22,98,22,556883,119561,79846,46410,0.9469728171334432,0.2796271637816245
6347,0.6353,19,73,19,556956,119488,79865,46391,0.946394626790014,0.27966770959554854
6348,0.6354,33,117,33,557073,119371,79898,46358,0.9454679381573945,0.2797217143650176
6349,0.6355,26,111,26,557184,119260,79924,46332,0.9445887720187556,0.2797961254166868
6350,0.6356,24,84,24,557268,119176,79948,46308,0.9439234571030287,0.2798336999347369
6351,0.6357,27,75,27,557343,119101,79975,46281,0.9433294259282727,0.27984303007582445
6352,0.6358,12,45,12,557388,119056,79987,46269,0.942973007223419,0.27986692877665204
6353,0.6359,20,90,20,557478,118966,80007,46249,0.9422601698137119,0.27993220954513814
6354,0.636,28,85,28,557563,118881,80035,46221,0.9415869344823217,0.2799542101246502
6355,0.6361,14,76,14,557639,118805,80049,46207,0.9409849828919021,0.2800220590017696
6356,0.6362,45,108,45,557747,118697,80094,46162,0.9401295780002534,0.2800089773685392
6357,0.6363,32,101,32,557848,118596,80126,46130,0.9393296160182486,0.28004079501718004
6358,0.6364,11,65,11,557913,118531,80137,46119,0.9388147890001267,0.28010324931673247
6359,0.6365,10,52,10,557965,118479,80147,46109,0.9384029273856292,0.2801480059299584
6360,0.6366,12,78,12,558043,118401,80159,46097,0.9377851349638829,0.2802283310435385
6361,0.6367,24,71,24,558114,118330,80183,46073,0.9372227854517805,0.28024427778081906
6362,0.6368,24,89,24,558203,118241,80207,46049,0.9365178684577367,0.280290948931767
6363,0.6369,14,76,14,558279,118165,80221,46035,0.9359159168673172,0.2803593179049939
6364,0.637,14,82,14,558361,118083,80235,46021,0.9352664427829173,0.28043801491736947
6365,0.6371,8,51,8,558412,118032,80243,46013,0.9348625015840831,0.2804901094211954
6366,0.6372,31,82,31,558494,117950,80274,45982,0.9342130274996832,0.2804943513163995
6367,0.6373,20,57,20,558551,117893,80294,45962,0.9337615638068686,0.2805041042385036
6368,0.6374,14,64,14,558615,117829,80308,45948,0.9332546572044101,0.280552214291384
6369,0.6375,17,67,17,558682,117762,80325,45931,0.9327239893549614,0.2805923283219197
6370,0.6376,17,83,17,558765,117679,80342,45914,0.932066594854898,0.2806599304371214
6371,0.6377,15,73,15,558838,117606,80357,45899,0.9314884045114687,0.2807192440598147
6372,0.6378,14,38,14,558876,117568,80371,45885,0.931187428716259,0.2807228989373092
6373,0.6379,28,72,28,558948,117496,80399,45857,0.9306171587884933,0.2807233414752101
6374,0.638,20,82,20,559030,117414,80419,45837,0.9299676847040933,0.28077622801698
6375,0.6381,25,88,25,559118,117326,80444,45812,0.9292706881257128,0.2808174674202209
6376,0.6382,24,89,24,559207,117237,80468,45788,0.9285657711316689,0.2808648980217758
6377,0.6383,34,154,34,559361,117083,80502,45754,0.9273460271195032,0.28098036686993744
6378,0.6384,13,42,13,559403,117041,80515,45741,0.9270133696616398,0.2809954417564596
6379,0.6385,31,102,31,559505,116939,80546,45710,0.9262054872639716,0.28103462056329886
6380,0.6386,24,70,24,559575,116869,80570,45686,0.9256510581675327,0.2810494909415275
6381,0.6387,20,79,20,559654,116790,80590,45666,0.9250253453301229,0.28109765105628604
6382,0.6388,10,44,10,559698,116746,80600,45656,0.9246768470409327,0.28112954273962143
6383,0.6389,29,99,29,559797,116647,80629,45627,0.9238927258902547,0.28117258464079276
6384,0.639,12,47,12,559844,116600,80641,45615,0.9235204663540743,0.28120087538143823
6385,0.6391,15,43,15,559887,116557,80656,45600,0.9231798884805474,0.2812089518182995
6386,0.6392,62,212,62,560099,116345,80718,45538,0.9215007603599037,0.2813019279356078
6387,0.6393,25,97,25,560196,116248,80743,45513,0.9207324800405525,0.281359536600293
6388,0.6394,27,90,27,560286,116158,80770,45486,0.9200196426308452,0.28139615451238525
6389,0.6395,15,69,15,560355,116089,80785,45471,0.9194731339500697,0.281449616241644
6390,0.6396,30,123,30,560478,115966,80815,45441,0.9184989228234698,0.28153054080678036
6391,0.6397,31,117,31,560595,115849,80846,45410,0.9175722341908503,0.28159668607643606
6392,0.6398,44,142,44,560737,115707,80890,45366,0.9164475351666456,0.28164869344955396
6393,0.6399,29,95,29,560832,115612,80919,45337,0.9156950956786212,0.2816855028611548
6394,0.64,13,78,13,560910,115534,80932,45324,0.915077303256875,0.2817640403337105
6395,0.6401,15,54,15,560964,115480,80947,45309,0.9146496008110505,0.28179166485269513
6396,0.6402,23,76,23,561040,115404,80970,45286,0.9140476492206311,0.2818221420125708
6397,0.6403,11,59,11,561099,115345,80981,45275,0.9135803446964896,0.2818764786452497
6398,0.6404,29,111,29,561210,115234,81010,45246,0.9127011785578507,0.2819416749750748
6399,0.6405,15,51,15,561261,115183,81025,45231,0.9122972373590166,0.2819641677160348
6400,0.6406,21,82,21,561343,115101,81046,45210,0.9116477632746166,0.2820143346370492
6401,0.6407,29,83,29,561426,115018,81075,45181,0.9109903687745533,0.2820304745972197
6402,0.6408,26,99,26,561525,114919,81101,45155,0.9102062476238753,0.282088284168572
6403,0.6409,27,66,27,561591,114853,81128,45128,0.9096835001900899,0.2820834974153181
6404,0.641,28,135,28,561726,114718,81156,45100,0.908614244075529,0.2821959979476655
6405,0.6411,26,82,26,561808,114636,81182,45074,0.9079647699911292,0.2822240310562895
6406,0.6412,33,100,33,561908,114536,81215,45041,0.9071727284247877,0.28225245492771517
6407,0.6413,29,100,29,562008,114436,81244,45012,0.9063806868584463,0.28229893131302997
6408,0.6414,22,95,22,562103,114341,81266,44990,0.905628247370422,0.2823681518348595
6409,0.6415,3,56,3,562159,114285,81269,44987,0.9051847040932708,0.2824539153146818
6410,0.6416,21,78,21,562237,114207,81290,44966,0.9045669116715245,0.2824976597789826
6411,0.6417,24,78,24,562315,114129,81314,44942,0.9039491192497783,0.28252792778067654
6412,0.6418,32,109,32,562424,114020,81346,44910,0.9030857939424661,0.28257723526080664
6413,0.6419,21,63,21,562487,113957,81367,44889,0.902586807755671,0.28259446256122284
6414,0.642,30,75,30,562562,113882,81397,44859,0.9019927765809149,0.28259239893915244
6415,0.6421,23,66,23,562628,113816,81420,44836,0.9014700291471296,0.28260595517232684
6416,0.6422,23,91,23,562719,113725,81443,44813,0.900749271321759,0.2826640931511688
6417,0.6423,26,80,26,562799,113645,81469,44787,0.9001156380686859,0.28268910321147245
6418,0.6424,15,44,15,562843,113601,81484,44772,0.8997671397794956,0.2826997026008221
6419,0.6425,20,91,20,562934,113510,81504,44752,0.899046381954125,0.2827716065764365
6420,0.6426,13,38,13,562972,113472,81517,44739,0.8987454061589152,0.282780590477274
6421,0.6427,17,90,17,563062,113382,81534,44722,0.898032568749208,0.2828644436573395
6422,0.6428,11,57,11,563119,113325,81545,44711,0.8975811050563933,0.28291655065934346
6423,0.6429,11,74,11,563193,113251,81556,44700,0.8969949942973007,0.2829991579667112
6424,0.643,24,102,24,563295,113149,81580,44676,0.8961871118996325,0.2830730239188975
6425,0.6431,28,108,28,563403,113041,81608,44648,0.8953317070079838,0.28313959756229035
6426,0.6432,16,93,16,563496,112948,81624,44632,0.8945951083512863,0.28323391293311334
6427,0.6433,21,82,21,563578,112866,81645,44611,0.8939456342668863,0.28328581316636714
6428,0.6434,28,116,28,563694,112750,81673,44583,0.8930268660499303,0.28336712577780887
6429,0.6435,19,86,19,563780,112664,81692,44564,0.8923457103028767,0.2834355203907701
6430,0.6436,29,108,29,563888,112556,81721,44535,0.891490305411228,0.2834980998274885
6431,0.6437,21,87,21,563975,112469,81742,44514,0.890801229248511,0.28355936630080963
6432,0.6438,31,130,31,564105,112339,81773,44483,0.8897715752122671,0.28365280381579117
6433,0.6439,32,152,32,564257,112187,81805,44451,0.8885676720314282,0.28378171324965845
6434,0.644,31,116,31,564373,112071,81836,44420,0.8876489038144721,0.2838501894677649
6435,0.6441,26,84,26,564457,111987,81862,44394,0.8869835888987454,0.2838835919964702
6436,0.6442,27,105,27,564562,111882,81889,44367,0.8861519452540869,0.2839506172839506
6437,0.6443,29,123,29,564685,111759,81918,44338,0.885177734127487,0.2840413332735415
6438,0.6444,38,93,38,564778,111666,81956,44300,0.8844411354707895,0.2840362643140172
6439,0.6445,16,92,16,564870,111574,81972,44284,0.8837124572297554,0.2841304264137869
6440,0.6446,29,79,29,564949,111495,82001,44255,0.8830867443923457,0.28414125200642054
6441,0.6447,23,75,23,565024,111420,82024,44232,0.8824927132175897,0.2841723845501503
6442,0.6448,29,86,29,565110,111334,82053,44203,0.8818115574705361,0.28419604338517523
6443,0.6449,22,109,22,565219,111225,82075,44181,0.8809482321632239,0.284294042701054
6444,0.645,29,74,29,565293,111151,82104,44152,0.8803621214041313,0.28429586035041177
6445,0.6451,19,71,19,565364,111080,82123,44133,0.8797997718920288,0.28433829640558456
6446,0.6452,31,117,31,565481,110963,82154,44102,0.8788730832594095,0.28440976364750264
6447,0.6453,14,65,14,565546,110898,82168,44088,0.8783582562412875,0.28446440323642136
6448,0.6454,11,54,11,565600,110844,82179,44077,0.8779305537954631,0.28451275166052375
6449,0.6455,31,116,31,565716,110728,82210,44046,0.8770117855785071,0.28458268184578805
6450,0.6456,33,96,33,565812,110632,82243,44013,0.8762514256748194,0.2846066798150603
6451,0.6457,30,109,30,565921,110523,82273,43983,0.8753881003675072,0.2846685565609103
6452,0.6458,39,123,39,566044,110400,82312,43944,0.8744138892409073,0.2847146633494013
6453,0.6459,47,119,47,566163,110281,82359,43897,0.8734713597769611,0.2847163667968193
6454,0.646,13,42,13,566205,110239,82372,43884,0.8731387023190977,0.28473362184748546
6455,0.6461,13,38,13,566243,110201,82385,43871,0.872837726523888,0.28474349654706893
6456,0.6462,20,82,20,566325,110119,82405,43851,0.872188252439488,0.28480223420146783
6457,0.6463,26,64,26,566389,110055,82431,43825,0.8716813458370295,0.28479984403431247
6458,0.6464,26,88,26,566477,109967,82457,43799,0.8709843492586491,0.2848419026312709
6459,0.6465,14,67,14,566544,109900,82471,43785,0.8704536814092003,0.2849009337280802
6460,0.6466,14,86,14,566630,109814,82485,43771,0.8697725256621468,0.28499527948692904
6461,0.6467,38,109,38,566739,109705,82523,43733,0.8689092003548347,0.2850206598104772
6462,0.6468,36,134,36,566873,109571,82559,43697,0.8678478646559371,0.2851019129890127
6463,0.6469,34,80,34,566953,109491,82593,43663,0.867214231402864,0.2850921294905781
6464,0.647,23,81,23,567034,109410,82616,43640,0.8665726777341275,0.28513557660895134
6465,0.6471,18,99,18,567133,109311,82634,43622,0.8657885565834496,0.28523601838713686
6466,0.6472,18,57,18,567190,109254,82652,43604,0.8653370928906349,0.2852582135053448
6467,0.6473,21,86,21,567276,109168,82673,43583,0.8646559371435812,0.2853205543662562
6468,0.6474,23,80,23,567356,109088,82696,43560,0.8640223038905082,0.28536240238981186
6469,0.6475,25,64,25,567420,109024,82721,43535,0.8635153972880497,0.28536500632542167
6470,0.6476,21,83,21,567503,108941,82742,43514,0.8628580027879863,0.28542192778196845
6471,0.6477,24,84,24,567587,108857,82766,43490,0.8621926878722596,0.285466730555902
6472,0.6478,26,84,26,567671,108773,82792,43464,0.8615273729565328,0.2855022103693583
6473,0.6479,37,115,37,567786,108658,82829,43427,0.8606165251552401,0.28554426800802185
6474,0.648,23,101,23,567887,108557,82852,43404,0.8598165631732353,0.28562591717611757
6475,0.6481,24,88,24,567975,108469,82876,43380,0.8591195665948549,0.2856785359139672
6476,0.6482,18,66,18,568041,108403,82894,43362,0.8585968191610696,0.2857180509340098
6477,0.6483,43,134,43,568175,108269,82937,43319,0.8575354834621721,0.28576800274428055
6478,0.6484,19,90,19,568265,108179,82956,43300,0.8568226460524648,0.28584820338132677
6479,0.6485,21,80,21,568345,108099,82977,43279,0.8561890127993917,0.28590019685819607
6480,0.6486,18,57,18,568402,108042,82995,43261,0.8557375491065771,0.28592294931362894
6481,0.6487,11,66,11,568468,107976,83006,43250,0.8552148016727917,0.2859957943739833
6482,0.6488,14,84,14,568552,107892,83020,43236,0.854549486757065,0.28608861362553595
6483,0.6489,25,44,25,568596,107848,83045,43211,0.8542009884678748,0.28605379355086424
6484,0.649,25,85,25,568681,107763,83070,43186,0.8535277531364847,0.2860966286626609
6485,0.6491,14,79,14,568760,107684,83084,43172,0.8529020402990749,0.2861801983348359
6486,0.6492,34,114,34,568874,107570,83118,43138,0.8519991129134457,0.28623563447195904
6487,0.6493,17,51,17,568925,107519,83135,43121,0.8515951717146116,0.28625199150292086
6488,0.6494,21,65,21,568990,107454,83156,43100,0.8510803446964896,0.2862760205640501
6489,0.6495,22,76,22,569066,107378,83178,43078,0.8504783931060702,0.28631626522039666
6490,0.6496,13,52,13,569118,107326,83191,43065,0.8500665314915726,0.28635357168979525
6491,0.6497,18,106,18,569224,107220,83209,43047,0.8492269674312508,0.2864700832518118
6492,0.6498,25,89,25,569313,107131,83234,43022,0.848522050437207,0.28652108182986685
6493,0.6499,26,102,26,569415,107029,83260,42996,0.8477141680395387,0.28659223462756206
6494,0.65,18,85,18,569500,106944,83278,42978,0.8470409327081485,0.286669067915316
6495,0.6501,23,58,23,569558,106886,83301,42955,0.8465815485996705,0.2866705374363492
6496,0.6502,34,81,34,569639,106805,83335,42921,0.845939994930934,0.28666363891374913
6497,0.6503,28,90,28,569729,106715,83363,42893,0.8452271575212267,0.2867025827495856
6498,0.6504,34,96,34,569825,106619,83397,42859,0.844466797617539,0.2867244678146617
6499,0.6505,18,67,18,569892,106552,83415,42841,0.8439361297680902,0.28676711760256507
6500,0.6506,22,109,22,570001,106443,83437,42819,0.8430728044607781,0.28687140732403427
6501,0.6507,30,116,30,570117,106327,83467,42789,0.8421540362438221,0.2869510984736715
6502,0.6508,18,76,18,570193,106251,83485,42771,0.8415520846534026,0.28701131376575273
6503,0.6509,18,71,18,570264,106180,83503,42753,0.8409897351413003,0.28706196746187884
6504,0.651,27,82,27,570346,106098,83530,42726,0.8403402610569003,0.2870907918077729
6505,0.6511,24,79,24,570425,106019,83554,42702,0.8397145482194905,0.287128246851487
6506,0.6512,39,128,39,570553,105891,83593,42663,0.8387007350145735,0.2871884971121612
6507,0.6513,43,150,43,570703,105741,83636,42620,0.8375126726650615,0.28727226157817753
6508,0.6514,12,42,12,570745,105699,83648,42608,0.8371800152071981,0.28729594692091404
6509,0.6515,10,53,10,570798,105646,83658,42598,0.8367602331770372,0.2873505841720407
6510,0.6516,19,73,19,570871,105573,83677,42579,0.8361820428336079,0.28740077757978294
6511,0.6517,10,55,10,570926,105518,83687,42569,0.8357464199721202,0.2874593988668823
6512,0.6518,19,97,19,571023,105421,83706,42550,0.834978139652769,0.28755634550013176
6513,0.6519,17,46,17,571069,105375,83723,42533,0.834613800532252,0.2875638910674203
6514,0.652,26,125,26,571194,105250,83749,42507,0.8336237485743252,0.28768180187740683
6515,0.6521,19,68,19,571262,105182,83768,42488,0.833085160309213,0.28772262477144983
6516,0.6522,14,66,14,571328,105116,83782,42474,0.8325624128754276,0.28778372518463313
6517,0.6523,29,78,29,571406,105038,83811,42445,0.8319446204536814,0.2877958815592306
6518,0.6524,7,42,7,571448,104996,83818,42438,0.831611962995818,0.28784405225388987
6519,0.6525,27,94,27,571542,104902,83845,42411,0.8308674439234571,0.28789719848214346
6520,0.6526,29,61,29,571603,104841,83874,42382,0.8303842985679889,0.2878762149935812
6521,0.6527,23,66,23,571669,104775,83897,42359,0.8298615511342036,0.28789402857259366
6522,0.6528,18,89,18,571758,104686,83915,42341,0.8291566341401597,0.2879811191141763
6523,0.6529,34,110,34,571868,104576,83949,42307,0.8282853884171841,0.28803197102455697
6524,0.653,24,76,24,571944,104500,83973,42283,0.8276834368267647,0.2880646941403296
6525,0.6531,29,97,29,572041,104403,84002,42254,0.8269151565074135,0.2881144439065302
6526,0.6532,39,121,39,572162,104282,84041,42215,0.8259567862121404,0.2881628975337379
6527,0.6533,36,104,36,572266,104178,84077,42179,0.8251330629831454,0.2881925702221281
6528,0.6534,7,40,7,572306,104138,84084,42172,0.8248162463566088,0.2882373043537694
6529,0.6535,13,96,13,572402,104042,84097,42159,0.824055886452921,0.2883632806889146
6530,0.6536,20,63,20,572465,103979,84117,42139,0.8235569002661259,0.28839020517663805
6531,0.6537,15,94,15,572559,103885,84132,42124,0.8228123811937651,0.28850276352827564
6532,0.6538,32,99,32,572658,103786,84164,42092,0.822028260043087,0.2885424807030532
6533,0.6539,22,75,22,572733,103711,84186,42070,0.8214342288683311,0.28858356027191473
6534,0.654,22,69,22,572802,103642,84208,42048,0.8208877201875554,0.28861280801702244
6535,0.6541,35,117,35,572919,103525,84243,42013,0.819961031554936,0.28867374843683435
6536,0.6542,22,82,22,573001,103443,84265,41991,0.8193115574705361,0.2887289079582491
6537,0.6543,42,114,42,573115,103329,84307,41949,0.8184086300849068,0.2887498451245199
6538,0.6544,29,91,29,573206,103238,84336,41920,0.8176878722595362,0.2887887681009658
6539,0.6545,31,86,31,573292,103152,84367,41889,0.8170067165124826,0.2888079922228887
6540,0.6546,12,62,12,573354,103090,84379,41877,0.8165156507413509,0.2888726399801334
6541,0.6547,24,78,24,573432,103012,84403,41853,0.8158978583196046,0.2889103648224209
6542,0.6548,14,40,14,573472,102972,84417,41839,0.815581041693068,0.2889214217152012
6543,0.6549,9,35,9,573507,102937,84426,41830,0.8153038271448486,0.28894706666574566
6544,0.655,29,92,29,573599,102845,84455,41801,0.8145751489038144,0.2889882886495306
6545,0.6551,16,85,16,573684,102760,84471,41785,0.8139019135724243,0.2890795254073126
6546,0.6552,19,80,19,573764,102680,84490,41766,0.8132682803193512,0.289146116887972
6547,0.6553,33,80,33,573844,102600,84523,41733,0.8126346470662781,0.28914385483569244
6548,0.6554,21,92,21,573936,102508,84544,41712,0.8119059688252439,0.2892247954513937
6549,0.6555,21,71,21,574007,102437,84565,41691,0.8113436193131416,0.289263710035524
6550,0.6556,23,70,23,574077,102367,84588,41668,0.8107891902167026,0.28929079737563784
6551,0.6557,30,118,30,574195,102249,84618,41638,0.8098545811684197,0.28937986058504245
6552,0.6558,24,87,24,574282,102162,84642,41614,0.8091655050057027,0.28943634542621854
6553,0.6559,12,39,12,574321,102123,84654,41602,0.8088566087948296,0.28945555748825885
6554,0.656,14,64,14,574385,102059,84668,41588,0.808349702192371,0.2895152700717732
6555,0.6561,17,53,17,574438,102006,84685,41571,0.8079299201622101,0.2895380179276625
6556,0.6562,25,145,25,574583,101861,84710,41546,0.8067814598910151,0.28970691807233956
6557,0.6563,18,61,18,574644,101800,84728,41528,0.8062983145355468,0.2897410136191114
6558,0.6564,25,82,25,574726,101718,84753,41503,0.8056488404511469,0.28978292289538543
6559,0.6565,16,45,16,574771,101673,84769,41487,0.8052924217462932,0.2897946353730092
6560,0.6566,17,85,17,574856,101588,84786,41470,0.804619186414903,0.2898824253100141
6561,0.6567,17,48,17,574904,101540,84803,41453,0.8042390064630592,0.2898953095606079
6562,0.6568,15,52,15,574956,101488,84818,41438,0.8038271448485617,0.28992625554482737
6563,0.6569,37,112,37,575068,101376,84855,41401,0.8029400582942593,0.28996967298654547
6564,0.657,18,69,18,575137,101307,84873,41383,0.8023935496134837,0.2900203237788212
6565,0.6571,22,82,22,575219,101225,84895,41361,0.8017440755290838,0.2900775672225885
6566,0.6572,11,48,11,575267,101177,84906,41350,0.8013638955772399,0.2901204684024781
6567,0.6573,12,55,12,575322,101122,84918,41338,0.8009282727157522,0.2901726800505405
6568,0.6574,31,140,31,575462,100982,84949,41307,0.7998194145228742,0.2903035371673144
6569,0.6575,26,108,26,575570,100874,84975,41281,0.7989640096312255,0.29039428792515215
6570,0.6576,21,83,21,575653,100791,84996,41260,0.7983066151311621,0.2904590604782789
6571,0.6577,32,93,32,575746,100698,85028,41228,0.7975700164744646,0.2904894099742119
6572,0.6578,20,83,20,575829,100615,85048,41208,0.7969126219744013,0.2905593592012579
6573,0.6579,19,64,19,575893,100551,85067,41189,0.7964057153719427,0.29059545646959223
6574,0.658,31,93,31,575986,100458,85098,41158,0.7956691167152452,0.2906310021466501
6575,0.6581,24,107,24,576093,100351,85122,41134,0.79482163223926,0.2907304661271513
6576,0.6582,18,80,18,576173,100271,85140,41116,0.7941879989861867,0.29080467086790157
6577,0.6583,36,89,36,576262,100182,85176,41080,0.7934830819921429,0.2908071526666761
6578,0.6584,13,56,13,576318,100126,85189,41067,0.7930395387149918,0.29085719547003036
6579,0.6585,17,67,17,576385,100059,85206,41050,0.792508870865543,0.29090986400583946
6580,0.6586,14,80,14,576465,99979,85220,41036,0.7918752376124699,0.2910045030670496
6581,0.6587,18,64,18,576529,99915,85238,41018,0.7913683310100114,0.29104609991982006
6582,0.6588,17,99,17,576628,99816,85255,41001,0.7905842098593334,0.2911651292102516
6583,0.6589,24,78,24,576706,99738,85279,40977,0.7899664174375871,0.2912056283978254
6584,0.659,17,55,17,576761,99683,85296,40960,0.7895307945760993,0.29123383318046403
6585,0.6591,28,79,28,576840,99604,85324,40932,0.7889050817386897,0.291256332896909
6586,0.6592,22,111,22,576951,99493,85346,40910,0.7880259156000506,0.29137554040868074
6587,0.6593,28,87,28,577038,99406,85374,40882,0.7873368394373337,0.29141480383211676
6588,0.6594,8,48,8,577086,99358,85382,40874,0.7869566594854898,0.29147412858691313
6589,0.6595,15,37,15,577123,99321,85397,40859,0.7866636041059435,0.29147524611214154
6590,0.6596,28,64,28,577187,99257,85425,40831,0.7861566975034849,0.29146679230198164
6591,0.6597,12,58,12,577245,99199,85437,40819,0.7856973133950069,0.29152680369666756
6592,0.6598,19,70,19,577315,99129,85456,40800,0.7851428842985679,0.29157644233861457
6593,0.6599,25,64,25,577379,99065,85481,40775,0.7846359776961095,0.29158323798627
6594,0.66,16,64,16,577443,99001,85497,40759,0.784129071093651,0.29163566113337147
6595,0.6601,30,71,30,577514,98930,85527,40729,0.7835667215815486,0.29163176021595455
6596,0.6602,25,65,25,577579,98865,85552,40704,0.7830518945634267,0.29164069385035357
6597,0.6603,21,45,21,577624,98820,85573,40683,0.782695475858573,0.2916281370293112
6598,0.6604,34,83,34,577707,98737,85607,40649,0.7820380813585097,0.29162900147791027
6599,0.6605,16,68,16,577775,98669,85623,40633,0.7814994930933975,0.2916899972721138
6600,0.6606,17,53,17,577828,98616,85640,40616,0.7810797110632366,0.29171454837968286
6601,0.6607,12,57,12,577885,98559,85652,40604,0.780628247370422,0.2917729568922774
6602,0.6608,17,59,17,577944,98500,85669,40587,0.7801609428462806,0.2918101619849447
6603,0.6609,20,76,20,578020,98424,85689,40567,0.7795589912558611,0.2918678187796332
6604,0.661,14,61,14,578081,98363,85703,40553,0.7790758459003928,0.29192461631489536
6605,0.6611,14,70,14,578151,98293,85717,40539,0.7785214168039539,0.2920004033652184
6606,0.6612,33,108,33,578259,98185,85750,40506,0.7776660119123051,0.292059326127867
6607,0.6613,16,74,16,578333,98111,85766,40490,0.7770799011532126,0.29213353439008377
6608,0.6614,24,67,24,578400,98044,85790,40466,0.7765492333037638,0.2921521911775323
6609,0.6615,36,107,36,578507,97937,85826,40430,0.7757017488277785,0.2921939479789256
6610,0.6616,16,71,16,578578,97866,85842,40414,0.7751393993156761,0.2922620769453283
6611,0.6617,25,84,25,578662,97782,85867,40389,0.7744740843999494,0.2923117007186747
6612,0.6618,28,93,28,578755,97689,85895,40361,0.7737374857432519,0.2923650851140891
6613,0.6619,16,86,16,578841,97603,85911,40345,0.7730563299961982,0.2924652767709572
6614,0.662,39,94,39,578935,97509,85950,40306,0.7723118109238373,0.29246453579073395
6615,0.6621,17,33,17,578968,97476,85967,40289,0.7720504372069447,0.2924472834174137
6616,0.6622,34,148,34,579116,97328,86001,40255,0.7708782156887594,0.2925870201987164
6617,0.6623,15,47,15,579163,97281,86016,40240,0.7705059561525789,0.2926098559492732
6618,0.6624,15,45,15,579208,97236,86031,40225,0.7701495374477253,0.2926284546162184
6619,0.6625,23,54,23,579262,97182,86054,40202,0.769721835001901,0.2926250509520759
6620,0.6626,19,93,19,579355,97089,86073,40183,0.7689852363452034,0.2927253919226062
6621,0.6627,24,78,24,579433,97011,86097,40159,0.7683674439234571,0.292768097980608
6622,0.6628,13,61,13,579494,96950,86110,40146,0.7678842985679889,0.29283130069440394
6623,0.6629,10,50,10,579544,96900,86120,40136,0.7674882777848181,0.2928865407630112
6624,0.663,20,78,20,579622,96822,86140,40116,0.7668704853630719,0.29295009420321605
6625,0.6631,32,83,32,579705,96739,86172,40084,0.7662130908630085,0.29296244052535025
6626,0.6632,15,38,15,579743,96701,86187,40069,0.7659121150677988,0.29296629377787525
6627,0.6633,22,93,22,579836,96608,86209,40047,0.7651755164111013,0.29305184588928324
6628,0.6634,26,93,26,579929,96515,86235,40021,0.7644389177544038,0.29311683365559266
6629,0.6635,27,71,27,580000,96444,86262,39994,0.7638765682423013,0.29312948005687567
6630,0.6636,28,77,28,580077,96367,86290,39966,0.7632666962362185,0.29314986100210516
6631,0.6637,29,69,29,580146,96298,86319,39937,0.7627201875554429,0.2931478694902191
6632,0.6638,23,111,23,580257,96187,86342,39914,0.761841021416804,0.29326749987141904
6633,0.6639,26,79,26,580336,96108,86368,39888,0.7612153085793942,0.2933027441983588
6634,0.664,20,83,20,580419,96025,86388,39868,0.7605579140793309,0.2933778781835709
6635,0.6641,29,101,29,580520,95924,86417,39839,0.7597579520973261,0.29344519493529164
6636,0.6642,43,119,43,580639,95805,86460,39796,0.7588154226333798,0.29347866166178715
6637,0.6643,27,71,27,580710,95734,86487,39769,0.7582530731212774,0.2934916570112839
6638,0.6644,15,37,15,580747,95697,86502,39754,0.757960017741731,0.293493588087205
6639,0.6645,17,75,17,580822,95622,86519,39737,0.7573659865669751,0.29356747611906114
6640,0.6646,25,39,25,580861,95583,86544,39712,0.7570570903561019,0.29352156398980006
6641,0.6647,22,64,22,580925,95519,86566,39690,0.7565501837536434,0.29354554800346133
6642,0.6648,21,72,21,580997,95447,86587,39669,0.7559799138258776,0.2935921726516475
6643,0.6649,14,78,14,581075,95369,86601,39655,0.7553621214041313,0.2936885294466169
6644,0.665,36,128,36,581203,95241,86637,39619,0.7543483081992143,0.2937787335014089
6645,0.6651,20,71,20,581274,95170,86657,39599,0.7537859586871118,0.2938286994783667
6646,0.6652,16,95,16,581369,95075,86673,39583,0.7530335191990876,0.2939520860253383
6647,0.6653,24,72,24,581441,95003,86697,39559,0.7524632492713218,0.2939834425766561
6648,0.6654,16,38,16,581479,94965,86713,39543,0.752162273476112,0.29398251405120884
6649,0.6655,20,106,20,581585,94859,86733,39523,0.7513227094157902,0.29410933011861706
6650,0.6656,18,61,18,581646,94798,86751,39505,0.7508395640603219,0.2941483064414049
6651,0.6657,18,70,18,581716,94728,86769,39487,0.7502851349638829,0.2942070558432366
6652,0.6658,15,72,15,581788,94656,86784,39472,0.7497148650361171,0.29428605511153527
6653,0.6659,8,69,8,581857,94587,86792,39464,0.7491683563553415,0.2943954166697749
6654,0.666,17,64,17,581921,94523,86809,39447,0.7486614497528831,0.29444651787713666
6655,0.6661,17,76,17,581997,94447,86826,39430,0.7480594981624635,0.2945240780716628
6656,0.6662,30,91,30,582088,94356,86856,39400,0.7473387403370929,0.29456622506653907
6657,0.6663,17,39,17,582127,94317,86873,39383,0.7470298441262198,0.29456245325355274
6658,0.6664,34,110,34,582237,94207,86907,39349,0.7461585984032442,0.2946254754559885
6659,0.6665,14,52,14,582289,94155,86921,39335,0.7457467367887467,0.29466626713611505
6660,0.6666,21,85,21,582374,94070,86942,39314,0.7450735014573565,0.29474299766088885
6661,0.6667,13,62,13,582436,94008,86955,39301,0.7445824356862248,0.29481130306280895
6662,0.6668,19,60,19,582496,93948,86974,39282,0.74410721074642,0.29484350371537943
6663,0.6669,12,39,12,582535,93909,86986,39270,0.7437983145355468,0.294866307751222
6664,0.667,13,45,13,582580,93864,86999,39257,0.7434418958306932,0.2948971236694436
6665,0.6671,22,61,22,582641,93803,87021,39235,0.742958750475225,0.2949157383604684
6666,0.6672,20,64,20,582705,93739,87041,39215,0.7424518438727664,0.29495163740842695
6667,0.6673,18,75,18,582780,93664,87059,39197,0.7418578126980104,0.29502261762292925
6668,0.6674,13,60,13,582840,93604,87072,39184,0.7413825877582055,0.29508690544326294
6669,0.6675,18,63,18,582903,93541,87090,39166,0.7408836015714104,0.2951313796559337
6670,0.6676,17,61,17,582964,93480,87107,39149,0.7404004562159422,0.2951767712943625
6671,0.6677,14,59,14,583023,93421,87121,39135,0.7399331516918007,0.2952337125441323
6672,0.6678,12,50,12,583073,93371,87133,39123,0.73953713090863,0.29528129575678896
6673,0.6679,24,60,24,583133,93311,87157,39099,0.7390619059688253,0.2952873650026433
6674,0.668,14,53,14,583186,93258,87171,39085,0.7386421239386644,0.29533107153381744
6675,0.6681,25,77,25,583263,93181,87196,39060,0.7380322519325814,0.29536981722763744
6676,0.6682,29,94,29,583357,93087,87225,39031,0.7372877328602205,0.2954253016243055
6677,0.6683,17,36,17,583393,93051,87242,39014,0.7370025978963376,0.29541513648582135
6678,0.6684,27,55,27,583448,92996,87269,38987,0.7365669750348498,0.29539410378609365
6679,0.6685,30,106,30,583554,92890,87299,38957,0.735727410974528,0.2954712659370331
6680,0.6686,14,73,14,583627,92817,87313,38943,0.7351492206310987,0.2955601092896175
6681,0.6687,21,89,21,583716,92728,87334,38922,0.7344443036370548,0.2956475503228257
6682,0.6688,17,71,17,583787,92657,87351,38905,0.7338819541249525,0.2957160882321643
6683,0.6689,24,72,24,583859,92585,87375,38881,0.7333116841971866,0.2957494713462036
6684,0.669,21,73,21,583932,92512,87396,38860,0.7327334938537574,0.2958012361842706
6685,0.6691,18,52,18,583984,92460,87414,38842,0.73232163223926,0.29582184582108423
6686,0.6692,20,70,20,584054,92390,87434,38822,0.731767203142821,0.2958723287504192
6687,0.6693,27,89,27,584143,92301,87461,38795,0.7310622861487771,0.2959281747726857
6688,0.6694,18,68,18,584211,92233,87479,38777,0.7305236978836649,0.2959850393099763
6689,0.6695,15,63,15,584274,92170,87494,38762,0.7300247116968699,0.2960468029206
6690,0.6696,12,37,12,584311,92133,87506,38750,0.7297316563173235,0.29606595203349556
6691,0.6697,22,85,22,584396,92048,87528,38728,0.7290584209859333,0.2961399645194837
6692,0.6698,11,53,11,584449,91995,87539,38717,0.7286386389557724,0.29620080788297937
6693,0.6699,20,58,20,584507,91937,87559,38697,0.7281792548472944,0.29622456634566807
6694,0.67,13,51,13,584558,91886,87572,38684,0.7277753136484603,0.2962701998927778
6695,0.6701,25,47,25,584605,91839,87597,38659,0.7274030541122798,0.29624208800134866
6696,0.6702,22,76,22,584681,91763,87619,38637,0.7268011025218604,0.2962960122699386
6697,0.6703,20,66,20,584747,91697,87639,38617,0.726278355088075,0.2963380757247878
6698,0.6704,28,85,28,584832,91612,87667,38589,0.7256051197566848,0.29638021213354737
6699,0.6705,13,61,13,584893,91551,87680,38576,0.7251219744012166,0.29644885381204517
6700,0.6706,28,84,28,584977,91467,87708,38548,0.7244566594854898,0.29648886666923047
6701,0.6707,8,47,8,585024,91420,87716,38540,0.7240843999493093,0.29655278547245306
6702,0.6708,7,51,7,585075,91369,87723,38533,0.7236804587504753,0.2966313066773414
6703,0.6709,16,40,16,585115,91329,87739,38517,0.7233636421239387,0.2966360149715817
6704,0.671,12,37,12,585152,91292,87751,38505,0.7230705867443924,0.29665554673836836
6705,0.6711,17,77,17,585229,91215,87768,38488,0.7224607147383094,0.2967394740291281
6706,0.6712,31,105,31,585334,91110,87799,38457,0.721629071093651,0.29681168816133735
6707,0.6713,23,59,23,585393,91051,87822,38434,0.7211617665695096,0.29682202571726457
6708,0.6714,10,49,10,585442,91002,87832,38424,0.7207736662020022,0.2968800704649761
6709,0.6715,27,86,27,585528,90916,87859,38397,0.7200925104549487,0.2969307030228979
6710,0.6716,29,94,29,585622,90822,87888,38368,0.7193479913825878,0.2969889310318136
6711,0.6717,21,50,21,585672,90772,87909,38347,0.7189519705994171,0.2969895987422455
6712,0.6718,29,103,29,585775,90669,87938,38318,0.7181361677860855,0.29706869684541853
6713,0.6719,23,73,23,585848,90596,87961,38295,0.7175579774426561,0.2971115128286692
6714,0.672,24,94,24,585942,90502,87985,38271,0.7168134583702953,0.2971973938636205
6715,0.6721,17,55,17,585997,90447,88002,38254,0.7163778355088075,0.2972315677422864
6716,0.6722,14,77,14,586074,90370,88016,38240,0.7157679635027246,0.29733302231552755
6717,0.6723,23,101,23,586175,90269,88039,38217,0.7149680015207198,0.2974409663309621
6718,0.6724,16,58,16,586233,90211,88055,38201,0.7145086174122418,0.297487773728312
6719,0.6725,14,92,14,586325,90119,88069,38187,0.7137799391712077,0.29762442909918474
6720,0.6726,7,64,7,586389,90055,88076,38180,0.7132730325687492,0.2977346278317152
6721,0.6727,16,77,16,586466,89978,88092,38164,0.7126631605626663,0.29782584944826834
6722,0.6728,25,71,25,586537,89907,88117,38139,0.7121008110505639,0.297853896256033
6723,0.6729,19,82,19,586619,89825,88136,38120,0.711451336966164,0.2979405213177537
6724,0.673,17,69,17,586688,89756,88153,38103,0.7109048282853884,0.29800796189552553
6725,0.6731,15,52,15,586740,89704,88168,38088,0.7104929666708909,0.29804682609240013
6726,0.6732,26,77,26,586817,89627,88194,38062,0.709883094664808,0.29808362505775754
6727,0.6733,24,49,24,586866,89578,88218,38038,0.7094949942973007,0.298066073219659
6728,0.6734,33,102,33,586968,89476,88251,38005,0.7086871118996325,0.2981228575238663
6729,0.6735,8,38,8,587006,89438,88259,37997,0.7083861361044228,0.29816769333385645
6730,0.6736,12,61,12,587067,89377,88271,37985,0.7079029907489545,0.29824437430316736
6731,0.6737,16,67,16,587134,89310,88287,37969,0.7073723228995058,0.29831315456595353
6732,0.6738,9,29,9,587163,89281,88296,37960,0.7071426308452667,0.2983315126413656
6733,0.6739,19,84,19,587247,89197,88315,37941,0.70647731592954,0.2984237600088093
6734,0.674,29,73,29,587320,89124,88344,37912,0.7058991255861108,0.29843508926603485
6735,0.6741,7,24,7,587344,89100,88351,37905,0.7057090356101888,0.2984528168182355
6736,0.6742,23,96,23,587440,89004,88374,37882,0.7049486757065011,0.29855145563734375
6737,0.6743,12,68,12,587508,88936,88386,37870,0.7044100874413889,0.2986451745185559
6738,0.6744,27,97,27,587605,88839,88413,37843,0.7036418071220377,0.2987243649452961
6739,0.6745,17,72,17,587677,88767,88430,37826,0.703071537194272,0.29880009163223875
6740,0.6746,19,67,19,587744,88700,88449,37807,0.7025408693448232,0.29885302789568957
6741,0.6747,11,47,11,587791,88653,88460,37796,0.7021686098086427,0.29890311508987816
6742,0.6748,36,104,36,587895,88549,88496,37760,0.7013448865796477,0.2989494018636835
6743,0.6749,25,79,25,587974,88470,88521,37735,0.700719173742238,0.29899766253318016
6744,0.675,18,53,18,588027,88417,88539,37717,0.700299391712077,0.2990232609764219
6745,0.6751,10,41,10,588068,88376,88549,37707,0.6999746546698771,0.29906490169174277
6746,0.6752,10,28,10,588096,88348,88559,37697,0.6997528830313015,0.29907572692292433
6747,0.6753,27,110,27,588206,88238,88586,37670,0.698881637308326,0.2991867077548686
6748,0.6754,32,81,32,588287,88157,88618,37638,0.6982400836395894,0.299201081124051
6749,0.6755,13,54,13,588341,88103,88631,37625,0.6978123811937651,0.2992571264952914
6750,0.6756,10,38,10,588379,88065,88641,37615,0.6975114053985553,0.2992918523233609
6751,0.6757,15,51,15,588430,88014,88656,37600,0.6971074641997212,0.2993296925501934
6752,0.6758,37,105,37,588535,87909,88693,37563,0.6962758205550628,0.29937356541698545
6753,0.6759,20,58,20,588593,87851,88713,37543,0.6958164364465848,0.29940029028502163
6754,0.676,31,85,31,588678,87766,88744,37512,0.6951432011151946,0.2994300675298137
6755,0.6761,23,86,23,588764,87680,88767,37489,0.6944620453681409,0.29950706644616476
6756,0.6762,26,89,26,588853,87591,88793,37463,0.6937571283740971,0.2995745837798071
6757,0.6763,11,28,11,588881,87563,88804,37452,0.6935353567355215,0.29958005039395275
6758,0.6764,14,72,14,588953,87491,88818,37438,0.6929650868077557,0.2996742149540939
6759,0.6765,25,61,25,589014,87430,88843,37413,0.6924819414522874,0.29968039858061724
6760,0.6766,13,66,13,589080,87364,88856,37400,0.6919591940185021,0.29976595812894746
6761,0.6767,25,63,25,589143,87301,88881,37375,0.691460207831707,0.2997770220411306
6762,0.6768,28,70,28,589213,87231,88909,37347,0.690905778735268,0.2997880845735202
6763,0.6769,20,45,20,589258,87186,88929,37327,0.6905493600304144,0.2997839583015428
6764,0.677,10,47,10,589305,87139,88939,37317,0.690177100494234,0.29984090763000576
6765,0.6771,19,69,19,589374,87070,88958,37298,0.6896305918134583,0.29990029589605044
6766,0.6772,34,115,34,589489,86955,88992,37264,0.6887197440121657,0.299986314492952
6767,0.6773,17,66,17,589555,86889,89009,37247,0.6881969965783804,0.30004994522137013
6768,0.6774,14,68,14,589623,86821,89023,37233,0.6876584083132683,0.30013542489560996
6769,0.6775,21,88,21,589711,86733,89044,37212,0.6869614117348879,0.3002299406995038
6770,0.6776,21,64,21,589775,86669,89065,37191,0.6864545051324293,0.30026642984014207
6771,0.6777,21,72,21,589847,86597,89086,37170,0.6858842352046636,0.30032237995588484
6772,0.6778,8,31,8,589878,86566,89094,37162,0.6856387023190977,0.30035238587870167
6773,0.6779,23,99,23,589977,86467,89117,37139,0.6848545811684197,0.300462760707409
6774,0.678,21,63,21,590040,86404,89138,37118,0.6843555949816247,0.30049707744369425
6775,0.6781,23,67,23,590107,86337,89161,37095,0.6838249271321759,0.3005298463931557
6776,0.6782,23,105,23,590212,86232,89184,37072,0.6829932834875174,0.30065529098812693
6777,0.6783,22,78,22,590290,86154,89206,37050,0.6823754910657711,0.30072075581961627
6778,0.6784,21,65,21,590355,86089,89227,37029,0.6818606640476492,0.3007602462678081
6779,0.6785,29,51,29,590406,86038,89256,37000,0.6814567228488151,0.30072010273248917
6780,0.6786,13,77,13,590483,85961,89269,36987,0.6808468508427322,0.3008344991378469
6781,0.6787,25,84,25,590567,85877,89294,36962,0.6801815359270055,0.3008979232979754
6782,0.6788,21,55,21,590622,85822,89315,36941,0.6797459130655177,0.3009131415817469
6783,0.6789,15,54,15,590676,85768,89330,36926,0.6793182106196933,0.3009601121489233
6784,0.679,22,101,22,590777,85667,89352,36904,0.6785182486376885,0.3010826378180809
6785,0.6791,19,80,19,590857,85587,89371,36885,0.6778846153846154,0.3011708798745836
6786,0.6792,29,123,29,590980,85464,89400,36856,0.6769104042580154,0.3013080444735121
6787,0.6793,13,56,13,591036,85408,89413,36843,0.6764668609808643,0.3013717679200988
6788,0.6794,24,109,24,591145,85299,89437,36819,0.6756035356735521,0.30150346386282123
6789,0.6795,21,90,21,591235,85209,89458,36798,0.6748906982638448,0.30160564557771274
6790,0.6796,32,73,32,591308,85136,89490,36766,0.6743125079204156,0.3016029269413135
6791,0.6797,29,80,29,591388,85056,89519,36737,0.6736788746673426,0.30163474091286036
6792,0.6798,11,50,11,591438,85006,89530,36726,0.6732828538841719,0.30169552788091875
6793,0.6799,15,63,15,591501,84943,89545,36711,0.6727838676973767,0.3017656632745327
6794,0.68,24,71,24,591572,84872,89569,36687,0.6722215181852743,0.30180406222492784
6795,0.6801,27,73,27,591645,84799,89596,36660,0.6716433278418451,0.30183024724392593
6796,0.6802,23,86,23,591731,84713,89619,36637,0.6709621720947916,0.3019118252987227
6797,0.6803,13,47,13,591778,84666,89632,36624,0.6705899125586111,0.30195399455849614
6798,0.6804,15,60,15,591838,84606,89647,36609,0.6701146876188062,0.302017077094419
6799,0.6805,33,87,33,591925,84519,89680,36576,0.6694256114560893,0.3020438498699368
6800,0.6806,30,82,30,592007,84437,89710,36546,0.6687761373716893,0.3020754982104924
6801,0.6807,10,29,10,592036,84408,89720,36536,0.6685464453174502,0.3020902235745469
6802,0.6808,19,53,19,592089,84355,89739,36517,0.6681266632872893,0.30211297901912765
6803,0.6809,16,61,16,592150,84294,89755,36501,0.6676435179318211,0.30217310319135726
6804,0.681,32,102,32,592252,84192,89787,36469,0.6668356355341528,0.30224347552233116
6805,0.6811,26,66,26,592318,84126,89813,36443,0.6663128881003675,0.3022584578125389
6806,0.6812,9,47,9,592365,84079,89822,36434,0.665940628564187,0.30232423058093316
6807,0.6813,19,43,19,592408,84036,89841,36415,0.6656000506906602,0.30232210608463195
6808,0.6814,46,130,46,592538,83906,89887,36369,0.6645703966544164,0.3023820411556849
6809,0.6815,20,72,20,592610,83834,89907,36349,0.6640001267266507,0.3024471015035404
6810,0.6816,15,81,15,592691,83753,89922,36334,0.6633585730579141,0.30256397445185573
6811,0.6817,27,80,27,592771,83673,89949,36307,0.6627249398048409,0.30260876812802134
6812,0.6818,11,37,11,592808,83636,89960,36296,0.6624318844252947,0.3026381616249208
6813,0.6819,19,74,19,592882,83562,89979,36277,0.661845773666202,0.3027144752542995
6814,0.682,27,70,27,592952,83492,90006,36250,0.661291344569763,0.30273421188889443
6815,0.6821,21,79,21,593031,83413,90027,36229,0.6606656317323533,0.3028117216362147
6816,0.6822,17,65,17,593096,83348,90044,36212,0.6601508047142314,0.30287721646035465
6817,0.6823,17,87,17,593183,83261,90061,36195,0.6594617285515144,0.30299859362443077
6818,0.6824,12,35,12,593218,83226,90073,36183,0.6591845140032949,0.3030173605004648
6819,0.6825,21,55,21,593273,83171,90094,36162,0.6587488911418071,0.30303436601778216
6820,0.6826,33,94,33,593367,83077,90127,36129,0.6580043720694462,0.3030803818599735
6821,0.6827,13,42,13,593409,83035,90140,36116,0.6576717146115828,0.30311117825280526
6822,0.6828,17,53,17,593462,82982,90157,36099,0.6572519325814219,0.3031465976940066
6823,0.6829,17,73,17,593535,82909,90174,36082,0.6566737422379927,0.3032330176231816
6824,0.683,20,50,20,593585,82859,90194,36062,0.656277721454822,0.30324332960536826
6825,0.6831,25,58,25,593643,82801,90219,36037,0.655818337346344,0.3032447533617193
6826,0.6832,17,60,17,593703,82741,90236,36020,0.6553431124065391,0.3032982207963894
6827,0.6833,14,52,14,593755,82689,90250,36006,0.6549312507920416,0.30334891949955767
6828,0.6834,15,33,15,593788,82656,90265,35991,0.6546698770751489,0.30334521732534325
6829,0.6835,38,115,38,593903,82541,90303,35953,0.6537590292738563,0.3034162067277668
6830,0.6836,20,83,20,593986,82458,90323,35933,0.6531016347737929,0.303511246631923
6831,0.6837,36,66,36,594052,82392,90359,35897,0.6525788873400076,0.30346862345611175
6832,0.6838,10,68,10,594120,82324,90369,35887,0.6520402990748955,0.3035842688074714
6833,0.6839,6,38,6,594158,82286,90375,35881,0.6517393232796858,0.30364653414235787
6834,0.684,20,52,20,594210,82234,90395,35861,0.6513274616651882,0.30366230577077774
6835,0.6841,32,72,32,594282,82162,90427,35829,0.6507571917374224,0.3036587536337517
6836,0.6842,24,64,24,594346,82098,90451,35805,0.6502502851349639,0.303681840156739
6837,0.6843,8,43,8,594389,82055,90459,35797,0.649909707261437,0.30374537555578185
6838,0.6844,9,44,9,594433,82011,90468,35788,0.6495612089722469,0.3038056350223686
6839,0.6845,28,70,28,594503,81941,90496,35760,0.6490067798758079,0.3038206982098708
6840,0.6846,11,47,11,594550,81894,90507,35749,0.6486345203396274,0.3038769837559396
6841,0.6847,24,69,24,594619,81825,90531,35725,0.6480880116588519,0.3039132284134411
6842,0.6848,17,69,17,594688,81756,90548,35708,0.6475415029780763,0.303991010011578
6843,0.6849,14,42,14,594730,81714,90562,35694,0.6472088455202128,0.30401676206050693
6844,0.685,10,40,10,594770,81674,90572,35684,0.6468920288936764,0.3040610780688151
6845,0.6851,24,88,24,594858,81586,90596,35660,0.646195032315296,0.304146836565853
6846,0.6852,8,41,8,594899,81545,90604,35652,0.6458702952730959,0.30420573905475395
6847,0.6853,30,93,30,594992,81452,90634,35622,0.6451336966163984,0.3042690947605788
6848,0.6854,27,61,27,595053,81391,90661,35595,0.6446505512609302,0.30426717726907493
6849,0.6855,48,177,48,595230,81214,90709,35547,0.6432486376885059,0.3044424079958205
6850,0.6856,23,77,23,595307,81137,90732,35524,0.6426387656824231,0.30450621887348817
6851,0.6857,23,64,23,595371,81073,90755,35501,0.6421318590799645,0.30453617444713227
6852,0.6858,14,46,14,595417,81027,90769,35487,0.6417675199594475,0.304572841031979
6853,0.6859,40,108,40,595525,80919,90809,35447,0.6409121150677988,0.304616468727979
6854,0.686,13,59,13,595584,80860,90822,35434,0.6404448105436573,0.304693277383184
6855,0.6861,8,45,8,595629,80815,90830,35426,0.6400883918388037,0.3047633795304583
6856,0.6862,17,48,17,595677,80767,90847,35409,0.6397082118869598,0.30478756369646054
6857,0.6863,11,62,11,595739,80705,90858,35398,0.6392171461158281,0.3048844560433408
6858,0.6864,24,100,24,595839,80605,90882,35374,0.6384251045494868,0.30500349201148486
6859,0.6865,40,131,40,595970,80474,90922,35334,0.6373875300975795,0.30510845537441283
6860,0.6866,14,43,14,596013,80431,90936,35320,0.6370469522240527,0.30513775258961046
6861,0.6867,27,75,27,596088,80356,90963,35293,0.6364529210492966,0.30517341265380593
6862,0.6868,14,85,14,596173,80271,90977,35279,0.6357796857179064,0.30531371700562526
6863,0.6869,31,84,31,596257,80187,91008,35248,0.6351143708021797,0.3053493307922207
6864,0.687,20,65,20,596322,80122,91028,35228,0.6345995437840578,0.30540095361941916
6865,0.6871,17,44,17,596366,80078,91045,35211,0.6342510454948675,0.30541508730234457
6866,0.6872,16,63,16,596429,80015,91061,35195,0.6337520593080724,0.3054856349275237
6867,0.6873,17,56,17,596485,79959,91078,35178,0.6333085160309213,0.3055316709658928
6868,0.6874,33,97,33,596582,79862,91111,35145,0.6325402357115701,0.305590094515986
6869,0.6875,26,88,26,596670,79774,91137,35119,0.6318432391331897,0.3056670119154344
6870,0.6876,23,73,23,596743,79701,91160,35096,0.6312650487897605,0.3057222749723425
6871,0.6877,12,51,12,596794,79650,91172,35084,0.6308611075909264,0.3057855561559782
6872,0.6878,22,82,22,596876,79568,91194,35062,0.6302116335065264,0.3058710634214429
6873,0.6879,32,78,32,596954,79490,91226,35030,0.6295938410847801,0.30588543485854
6874,0.688,11,31,11,596985,79459,91237,35019,0.6293483081992143,0.30590157060745293
6875,0.6881,3,31,3,597016,79428,91240,35016,0.6291027753136484,0.3059662367620845
6876,0.6882,16,64,16,597080,79364,91256,35000,0.62859586871119,0.306040362351789
6877,0.6883,23,58,23,597138,79306,91279,34977,0.628136484602712,0.3060560188304472
6878,0.6884,23,63,23,597201,79243,91302,34954,0.6276374984159169,0.30608509855775545
6879,0.6885,14,48,14,597249,79195,91316,34940,0.627257318464073,0.30612870723266306
6880,0.6886,18,54,18,597303,79141,91334,34922,0.6268296160182486,0.30616413736268555
6881,0.6887,18,63,18,597366,79078,91352,34904,0.6263306298314536,0.306223789721184
6882,0.6888,22,53,22,597419,79025,91374,34882,0.6259108478012926,0.3062322772086
6883,0.6889,19,79,19,597498,78946,91393,34863,0.6252851349638829,0.3063290249453031
6884,0.689,14,43,14,597541,78903,91407,34849,0.6249445570903561,0.30635944862507913
6885,0.6891,14,45,14,597586,78858,91421,34835,0.6245881383855024,0.30639529258617504
6886,0.6892,26,89,26,597675,78769,91447,34809,0.6238832213914586,0.3064766063850394
6887,0.6893,20,82,20,597757,78687,91467,34789,0.6232337473070587,0.3065758398251613
6888,0.6894,29,58,29,597815,78629,91496,34760,0.6227743631985807,0.30655530959793276
6889,0.6895,16,74,16,597889,78555,91512,34744,0.622188252439488,0.306657605098015
6890,0.6896,12,43,12,597932,78512,91524,34732,0.6218476745659612,0.3067005757479425
6891,0.6897,13,45,13,597977,78467,91537,34719,0.6214912558611075,0.30674288339547295
6892,0.6898,20,74,20,598051,78393,91557,34699,0.620905145102015,0.3068209952958653
6893,0.6899,10,30,10,598081,78363,91567,34689,0.6206675326321125,0.30684109967094786
6894,0.69,11,47,11,598128,78316,91578,34678,0.620295273095932,0.3069012513938793
6895,0.6901,9,56,9,598184,78260,91587,34669,0.6198517298187809,0.306998202410364
6896,0.6902,17,77,17,598261,78183,91604,34652,0.619241857812698,0.30710329241813267
6897,0.6903,11,50,11,598311,78133,91615,34641,0.6188458370295273,0.307171865855605
6898,0.6904,20,69,20,598380,78064,91635,34621,0.6182993283487518,0.3072369880640724
6899,0.6905,12,30,12,598410,78034,91647,34609,0.6180617158788493,0.30724501300569057
6900,0.6906,30,53,30,598463,77981,91677,34579,0.6176419338486884,0.3072050461975835
6901,0.6907,26,76,26,598539,77905,91703,34553,0.617039982258269,0.30725248537231675
6902,0.6908,11,28,11,598567,77877,91714,34542,0.6168182106196933,0.30726122808422063
6903,0.6909,9,24,9,598591,77853,91723,34533,0.6166281206437714,0.3072713683198975
6904,0.691,28,98,28,598689,77755,91751,34505,0.6158519199087568,0.30736682700872975
6905,0.6911,11,50,11,598739,77705,91762,34494,0.6154558991255861,0.3074358951505807
6906,0.6912,15,35,15,598774,77670,91777,34479,0.6151786845773666,0.3074392103362491
6907,0.6913,13,50,13,598824,77620,91790,34466,0.6147826637941959,0.3074960298342344
6908,0.6914,11,50,11,598874,77570,91801,34455,0.6143866430110252,0.3075652756081232
6909,0.6915,33,59,33,598933,77511,91834,34422,0.6139193384868837,0.30752325051593365
6910,0.6916,12,55,12,598988,77456,91846,34410,0.613483715625396,0.3076001644825059
6911,0.6917,23,60,23,599048,77396,91869,34387,0.6130084906855912,0.3076228048987771
6912,0.6918,16,52,16,599100,77344,91885,34371,0.6125966290710937,0.3076668307747393
6913,0.6919,14,72,14,599172,77272,91899,34357,0.6120263591433278,0.30777844466939597
6914,0.692,18,60,18,599232,77212,91917,34339,0.611551134203523,0.30783229195614564
6915,0.6921,18,79,18,599311,77133,91935,34321,0.6109254213661133,0.30793870116819494
6916,0.6922,33,94,33,599405,77039,91968,34288,0.6101809022937523,0.30799356849641146
6917,0.6923,19,58,19,599463,76981,91987,34269,0.6097215181852743,0.30803595505617976
6918,0.6924,23,61,23,599524,76920,92010,34246,0.6092383728298061,0.3080618174621737
6919,0.6925,24,79,24,599603,76841,92034,34222,0.6086126599923964,0.308131420905252
6920,0.6926,13,60,13,599663,76781,92047,34209,0.6081374350525915,0.308216956482566
6921,0.6927,10,43,10,599706,76738,92057,34199,0.6077968571790647,0.30827406546057673
6922,0.6928,16,49,16,599755,76689,92073,34183,0.6074087568115575,0.3083104841619164
6923,0.6929,13,44,13,599799,76645,92086,34170,0.6070602585223672,0.3083517574335604
6924,0.693,20,83,20,599882,76562,92106,34150,0.6064028640223039,0.30845798106799627
6925,0.6931,14,58,14,599940,76504,92120,34136,0.6059434799138259,0.30853217642805497
6926,0.6932,25,81,25,600021,76423,92145,34111,0.6053019262450894,0.3086018781551378
6927,0.6933,29,92,29,600113,76331,92174,34082,0.6045732480040552,0.30867742023131334
6928,0.6934,11,48,11,600161,76283,92185,34071,0.6041930680522114,0.308742773256973
6929,0.6935,19,62,19,600223,76221,92204,34052,0.6037020022810797,0.3087972577149438
6930,0.6936,8,56,8,600279,76165,92212,34044,0.6032584590039285,0.3089039915070457
6931,0.6937,22,70,22,600349,76095,92234,34022,0.6027040299074895,0.3089622855689857
6932,0.6938,24,77,24,600426,76018,92258,33998,0.6020941579014066,0.3090277777777778
6933,0.6939,11,82,11,600508,75936,92269,33987,0.6014446838170067,0.30918915968450644
6934,0.694,20,45,20,600553,75891,92289,33967,0.6010882651121531,0.3091900453312458
6935,0.6941,18,66,18,600619,75825,92307,33949,0.6005655176783677,0.3092626669338823
6936,0.6942,18,57,18,600676,75768,92325,33931,0.6001140539855532,0.3093100210576213
6937,0.6943,20,71,20,600747,75697,92345,33911,0.5995517044734507,0.30938435150718924
6938,0.6944,18,48,18,600795,75649,92363,33893,0.5991715245216069,0.3094064377133885
6939,0.6945,18,59,18,600854,75590,92381,33875,0.5987042199974655,0.30945964463527154
6940,0.6946,20,80,20,600934,75510,92401,33855,0.5980705867443924,0.30955973117542174
6941,0.6947,30,58,30,600992,75452,92431,33825,0.5976112026359144,0.3095344857563806
6942,0.6948,10,62,10,601054,75390,92441,33815,0.5971201368647827,0.30964699418524794
6943,0.6949,15,30,15,601084,75360,92456,33800,0.5968825243948802,0.3096372297544888
6944,0.695,14,65,14,601149,75295,92470,33786,0.5963676973767583,0.30973313409301345
6945,0.6951,22,57,22,601206,75238,92492,33764,0.5959162336839438,0.3097557842975358
6946,0.6952,12,48,12,601254,75190,92504,33752,0.5955360537320998,0.30981623249068313
6947,0.6953,12,34,12,601288,75156,92516,33740,0.5952667595995438,0.30983690861005
6948,0.6954,14,40,14,601328,75116,92530,33726,0.5949499429730072,0.30986200180077544
6949,0.6955,29,60,29,601388,75056,92559,33697,0.5944747180332024,0.3098489237078517
6950,0.6956,33,85,33,601473,74971,92592,33664,0.5938014827018122,0.30988171399641
6951,0.6957,23,65,23,601538,74906,92615,33641,0.5932866556836903,0.30992104802527937
6952,0.6958,16,52,16,601590,74854,92631,33625,0.5928747940691927,0.3099678278745195
6953,0.6959,26,81,26,601671,74773,92657,33599,0.5922332404004562,0.3100339571106928
6954,0.696,21,62,21,601733,74711,92678,33578,0.5917421746293245,0.31007766255113633
6955,0.6961,18,43,18,601776,74668,92696,33560,0.5914015967557977,0.31008611449902057
6956,0.6962,15,55,15,601831,74613,92711,33545,0.5909659738943099,0.3101481166441687
6957,0.6963,18,64,18,601895,74549,92729,33527,0.5904590672918515,0.31021688441467116
6958,0.6964,10,41,10,601936,74508,92739,33517,0.5901343302496515,0.31027077065494096
6959,0.6965,11,47,11,601983,74461,92750,33506,0.5897620707134711,0.3103355654968648
6960,0.6966,18,100,18,602083,74361,92768,33488,0.5889700291471296,0.31050821055364447
6961,0.6967,27,89,27,602172,74272,92795,33461,0.5882651121530857,0.31059192633640575
6962,0.6968,20,35,20,602207,74237,92815,33441,0.5879878976048662,0.31056483218484743
6963,0.6969,16,61,16,602268,74176,92831,33425,0.587504752249398,0.31063837696675684
6964,0.697,31,85,31,602353,74091,92862,33394,0.5868315169180078,0.3106852118900312
6965,0.6971,16,45,16,602398,74046,92878,33378,0.5864750982131542,0.3107126899016979
6966,0.6972,20,58,20,602456,73988,92898,33358,0.5860157141046762,0.31075214726212436
6967,0.6973,21,75,21,602531,73913,92919,33337,0.5854216829299201,0.3108344988344988
6968,0.6974,11,37,11,602568,73876,92930,33326,0.5851286275503739,0.3108710658383239
6969,0.6975,12,62,12,602630,73814,92942,33314,0.5846375617792422,0.31097378836531997
6970,0.6976,5,32,5,602662,73782,92947,33309,0.5843841084780129,0.31103454071770736
6971,0.6977,18,40,18,602702,73742,92965,33291,0.5840672918514763,0.3110349144656321
6972,0.6978,17,61,17,602763,73681,92982,33274,0.5835841464960081,0.3111028002430929
6973,0.6979,10,34,10,602797,73647,92992,33264,0.583314852363452,0.31113730111962284
6974,0.698,13,59,13,602856,73588,93005,33251,0.5828475478393106,0.31122530162206685
6975,0.6981,12,23,12,602879,73565,93017,33239,0.5826653782790521,0.3112149357701959
6976,0.6982,13,40,13,602919,73525,93030,33226,0.5823485616525155,0.3112476698110556
6977,0.6983,20,84,20,603003,73441,93050,33206,0.5816832467367887,0.31136365767438373
6978,0.6984,16,38,16,603041,73403,93066,33190,0.581382270941579,0.31137129079770715
6979,0.6985,16,37,16,603078,73366,93082,33174,0.5810892155620327,0.3113760090107002
6980,0.6986,31,79,31,603157,73287,93113,33143,0.580463502724623,0.3114065583012309
6981,0.6987,32,103,32,603260,73184,93145,33111,0.5796476999112914,0.3115010113363752
6982,0.6988,27,107,27,603367,73077,93172,33084,0.578800215435306,0.3116398677480431
6983,0.6989,17,59,17,603426,73018,93189,33067,0.5783329109111646,0.3117028797662252
6984,0.699,19,53,19,603479,72965,93208,33048,0.5779131288810037,0.3117353532113986
6985,0.6991,21,48,21,603527,72917,93229,33027,0.5775329489291599,0.31174016461526843
6986,0.6992,27,74,27,603601,72843,93256,33000,0.5769468381700672,0.3117825458462062
6987,0.6993,12,31,12,603632,72812,93268,32988,0.5767013052845014,0.3117958412098299
6988,0.6994,22,36,22,603668,72776,93290,32966,0.5764161703206184,0.31175880917705356
6989,0.6995,24,61,24,603729,72715,93314,32942,0.5759330249651502,0.31178246590382086
6990,0.6996,29,80,29,603809,72635,93343,32913,0.575299391712077,0.31182968886193957
6991,0.6997,30,114,30,603923,72521,93373,32883,0.5743964643264479,0.311971082691359
6992,0.6998,15,44,15,603967,72477,93388,32868,0.5740479660372576,0.3120034173430158
6993,0.6999,7,42,7,604009,72435,93395,32861,0.5737153085793942,0.3120821303753229
6994,0.7,14,63,14,604072,72372,93409,32847,0.5732163223925991,0.31217745844381717
6995,0.7001,21,72,21,604144,72300,93430,32826,0.5726460524648334,0.3122538667884253
6996,0.7002,12,65,12,604209,72235,93442,32814,0.5721312254467115,0.3123685137412065
6997,0.7003,18,101,18,604310,72134,93460,32796,0.5713312634647066,0.3125512246259411
6998,0.7004,25,61,25,604371,72073,93485,32771,0.5708481181092384,0.31256915035672045
6999,0.7005,20,62,20,604433,72011,93505,32751,0.5703570523381067,0.3126228976155476
7000,0.7006,22,73,22,604506,71938,93527,32729,0.5697788619946775,0.31269645638071214
7001,0.7007,6,39,6,604545,71899,93533,32723,0.5694699657838044,0.3127736040220986
7002,0.7008,15,36,15,604581,71863,93548,32708,0.5691848308199214,0.3127827026613497
7003,0.7009,45,96,45,604677,71767,93593,32663,0.5684244709162337,0.312774107057359
7004,0.701,21,76,21,604753,71691,93614,32642,0.5678225193258142,0.31286361937258583
7005,0.7011,18,58,18,604811,71633,93632,32624,0.5673631352173362,0.31291903661145054
7006,0.7012,13,90,13,604901,71543,93645,32611,0.566650297807629,0.31310367340668627
7007,0.7013,16,53,16,604954,71490,93661,32595,0.566230515777468,0.3131575154921458
7008,0.7014,27,60,27,605014,71430,93688,32568,0.5657552908376632,0.31315986845900884
7009,0.7015,22,83,22,605097,71347,93710,32546,0.5650978963375998,0.3132646087801873
7010,0.7016,34,76,34,605173,71271,93744,32512,0.5644959447471803,0.31326903250050586
7011,0.7017,8,43,8,605216,71228,93752,32504,0.5641553668736535,0.31334592989627114
7012,0.7018,16,39,16,605255,71189,93768,32488,0.5638464706627804,0.31335783249901134
7013,0.7019,9,38,9,605293,71151,93777,32479,0.5635454948675707,0.31341310431342273
7014,0.702,28,99,28,605392,71052,93805,32451,0.5627613737168926,0.31352714414074956
7015,0.7021,16,54,16,605446,70998,93821,32435,0.5623336712710683,0.3135846393317413
7016,0.7022,9,43,9,605489,70955,93830,32426,0.5619930933975416,0.3136553138391
7017,0.7023,26,70,26,605559,70885,93856,32400,0.5614386643011026,0.31369511545723
7018,0.7024,16,61,16,605620,70824,93872,32384,0.5609555189456342,0.3137741260367413
7019,0.7025,21,70,21,605690,70754,93893,32363,0.5604010898491952,0.31384737725108375
7020,0.7026,12,55,12,605745,70699,93905,32351,0.5599654669877075,0.3139349830179525
7021,0.7027,18,65,18,605810,70634,93923,32333,0.5594506399695856,0.31401322753892025
7022,0.7028,15,43,15,605853,70591,93938,32318,0.5591100620960588,0.3140444470357306
7023,0.7029,17,65,17,605918,70526,93955,32301,0.5585952350779368,0.3141295574119638
7024,0.703,27,71,27,605989,70455,93982,32274,0.5580328855658345,0.3141663989720527
7025,0.7031,15,53,15,606042,70402,93997,32259,0.5576131035356735,0.3142283827354107
7026,0.7032,18,66,18,606108,70336,94015,32241,0.5570903561018882,0.3143102254891447
7027,0.7033,35,106,35,606214,70230,94050,32206,0.5562507920415664,0.31440118708266623
7028,0.7034,18,64,18,606278,70166,94068,32188,0.5557438854391078,0.31447720655763334
7029,0.7035,25,67,25,606345,70099,94093,32163,0.5552132175896591,0.31451565586434843
7030,0.7036,17,56,17,606401,70043,94110,32146,0.5547696743125079,0.31457397567252837
7031,0.7037,18,45,18,606446,69998,94128,32128,0.5544132556076543,0.3145917787830719
7032,0.7038,19,53,19,606499,69945,94147,32109,0.5539934735774934,0.3146275501205244
7033,0.7039,17,43,17,606542,69902,94164,32092,0.5536528957039666,0.314645959566249
7034,0.704,25,87,25,606629,69815,94189,32067,0.5529638195412495,0.3147464714080996
7035,0.7041,24,91,24,606720,69724,94213,32043,0.5522430617158789,0.3148663122623247
7036,0.7042,11,53,11,606773,69671,94224,32032,0.5518232796857179,0.31495629430793587
7037,0.7043,23,54,23,606827,69617,94247,32009,0.5513955772398935,0.31496861039497764
7038,0.7044,16,38,16,606865,69579,94263,31993,0.5510946014446838,0.3149785373921947
7039,0.7045,26,64,26,606929,69515,94289,31967,0.5505876948422254,0.31500167517392247
7040,0.7046,21,50,21,606979,69465,94310,31946,0.5501916740590547,0.31501513642504264
7041,0.7047,17,61,17,607040,69404,94327,31929,0.5497085287035863,0.3150898522692509
7042,0.7048,13,55,13,607095,69349,94340,31916,0.5492729058420986,0.31517306078111884
7043,0.7049,7,22,7,607117,69327,94347,31909,0.5490986566975035,0.31519419969180923
7044,0.705,13,44,13,607161,69283,94360,31896,0.5487501584083133,0.31524328170865495
7045,0.7051,14,40,14,607201,69243,94374,31882,0.5484333417817767,0.31527317676143385
7046,0.7052,13,48,13,607249,69195,94387,31869,0.5480531618299328,0.3153348373308003
7047,0.7053,15,54,15,607303,69141,94402,31854,0.5476254593841084,0.31540175256200803
7048,0.7054,25,70,25,607373,69071,94427,31829,0.5470710302876695,0.31545094152626363
7049,0.7055,23,82,23,607455,68989,94450,31806,0.5464215562032696,0.31555136663524974
7050,0.7056,11,26,11,607481,68963,94461,31795,0.5462156253960208,0.3155580698306834
7051,0.7057,18,45,18,607526,68918,94479,31777,0.5458592066911672,0.3155767416455633
7052,0.7058,29,77,29,607603,68841,94508,31748,0.5452493346850843,0.3156209923550289
7053,0.7059,11,49,11,607652,68792,94519,31737,0.5448612343175769,0.31569994727889467
7054,0.706,20,75,20,607727,68717,94539,31717,0.544267203142821,0.3157994304717526
7055,0.7061,17,52,17,607779,68665,94556,31700,0.5438553415283234,0.3158471578737608
7056,0.7062,59,158,59,607937,68507,94615,31641,0.542603915853504,0.3159424052402444
7057,0.7063,9,35,9,607972,68472,94624,31632,0.5423267013052845,0.3159913689762647
7058,0.7064,20,60,20,608032,68412,94644,31612,0.5418514763654797,0.316044149404143
7059,0.7065,24,67,24,608099,68345,94668,31588,0.5413208085160309,0.31609178149360073
7060,0.7066,17,61,17,608160,68284,94685,31571,0.5408376631605627,0.316168444244154
7061,0.7067,20,50,20,608210,68234,94705,31551,0.540441642377392,0.3161898080873879
7062,0.7068,32,78,32,608288,68156,94737,31519,0.5398238499556457,0.316217707549536
7063,0.7069,19,83,19,608371,68073,94756,31500,0.5391664554555823,0.3163508179928294
7064,0.707,23,57,23,608428,68016,94779,31477,0.5387149917627677,0.3163740162624506
7065,0.7071,20,71,20,608499,67945,94799,31457,0.5381526422506653,0.31646244542363333
7066,0.7072,21,60,21,608559,67885,94820,31436,0.5376774173108605,0.31650909676704825
7067,0.7073,27,58,27,608617,67827,94847,31409,0.5372180332023825,0.31650812205248097
7068,0.7074,18,73,18,608690,67754,94865,31391,0.5366398428589533,0.31661707599979827
7069,0.7075,22,59,22,608749,67695,94887,31369,0.5361725383348118,0.31665388031979325
7070,0.7076,24,78,24,608827,67617,94911,31345,0.5355547459130655,0.31673773771750774
7071,0.7077,14,74,14,608901,67543,94925,31331,0.5349686351539729,0.31687804680704734
7072,0.7078,18,58,18,608959,67485,94943,31313,0.5345092510454948,0.31693961416223
7073,0.7079,7,27,7,608986,67458,94950,31306,0.5342953998225827,0.3169778461787696
7074,0.708,11,39,11,609025,67419,94961,31295,0.5339865036117095,0.31702696679295744
7075,0.7081,28,70,28,609095,67349,94989,31267,0.5334320745152705,0.31705808388091183
7076,0.7082,32,68,32,609163,67281,95021,31235,0.5328934862501584,0.3170550976491128
7077,0.7083,19,61,19,609224,67220,95040,31216,0.5324103408946902,0.31711975293591776
7078,0.7084,17,73,17,609297,67147,95057,31199,0.531832150551261,0.3172371016614809
7079,0.7085,12,45,12,609342,67102,95069,31187,0.5314757318464073,0.31729898564437525
7080,0.7086,14,48,14,609390,67054,95083,31173,0.5310955518945635,0.3173567349099535
7081,0.7087,23,63,23,609453,66991,95106,31150,0.5305965657077684,0.3174004748270346
7082,0.7088,9,19,9,609472,66972,95115,31141,0.5304460778101635,0.31739932526780346
7083,0.7089,15,73,15,609545,66899,95130,31126,0.5298678874667343,0.31753124203009436
7084,0.709,39,82,39,609627,66817,95169,31087,0.5292184133823343,0.31752533093642754
7085,0.7091,12,40,12,609667,66777,95181,31075,0.5289015967557977,0.31757143441115154
7086,0.7092,12,22,12,609689,66755,95193,31063,0.5287273476112027,0.31755914044449896
7087,0.7093,20,60,20,609749,66695,95213,31043,0.5282521226713978,0.3176144386011582
7088,0.7094,11,53,11,609802,66642,95224,31032,0.5278323406412369,0.31770993304257017
7089,0.7095,10,60,10,609862,66582,95234,31022,0.5273571157014321,0.3178353346174337
7090,0.7096,14,44,14,609906,66538,95248,31008,0.5270086174122418,0.31788079470198677
7091,0.7097,23,61,23,609967,66477,95271,30985,0.5265254720567736,0.31791877860089063
7092,0.7098,19,82,19,610049,66395,95290,30966,0.5258759979723736,0.31805343001817976
7093,0.7099,16,60,16,610109,66335,95306,30950,0.5254007730325687,0.318137431258673
7094,0.71,33,63,33,610172,66272,95339,30917,0.5249017868457737,0.3181121320314027
7095,0.7101,12,35,12,610207,66237,95351,30905,0.5246245722975542,0.3181425130221737
7096,0.7102,7,28,7,610235,66209,95358,30898,0.5244028006589786,0.31818509479234247
7097,0.7103,9,30,9,610265,66179,95367,30889,0.5241651881890762,0.31822021675526435
7098,0.7104,9,55,9,610320,66124,95376,30880,0.5237295653275884,0.3183373881489423
7099,0.7105,18,53,18,610373,66071,95394,30862,0.5233097832974275,0.3183848637718837
7100,0.7106,18,42,18,610415,66029,95412,30844,0.522977125839564,0.31839625076130607
7101,0.7107,36,84,36,610499,65945,95448,30808,0.5223118109238373,0.31841906710903023
7102,0.7108,35,86,35,610585,65859,95483,30773,0.5216306551767836,0.3184555840715291
7103,0.7109,15,57,15,610642,65802,95498,30758,0.5211791914839691,0.3185376967688484
7104,0.711,22,60,22,610702,65742,95520,30736,0.5207039665441643,0.31858040174962166
7105,0.7111,18,56,18,610758,65686,95538,30718,0.520260423267013,0.3186382307788059
7106,0.7112,27,81,27,610839,65605,95565,30691,0.5196188695982765,0.3187152114314198
7107,0.7113,18,62,18,610901,65543,95583,30673,0.5191278038271449,0.318793132119398
7108,0.7114,27,69,27,610970,65474,95610,30646,0.5185812951463693,0.3188306283811902
7109,0.7115,9,67,9,611037,65407,95619,30637,0.5180506272969205,0.31898921327724794
7110,0.7116,19,54,19,611091,65353,95638,30618,0.5176229248510962,0.31903387481635076
7111,0.7117,16,41,16,611132,65312,95654,30602,0.5172981878088962,0.31905665492003255
7112,0.7118,20,46,20,611178,65266,95674,30582,0.5169338486883792,0.31906769050997413
7113,0.7119,8,38,8,611216,65228,95682,30574,0.5166328728931694,0.31913738752844406
7114,0.712,17,37,17,611253,65191,95699,30557,0.5163398175136231,0.31913982537494257
7115,0.7121,18,67,18,611320,65124,95717,30539,0.5158091496641743,0.3192352320123768
7116,0.7122,15,40,15,611360,65084,95732,30524,0.5154923330376379,0.319261986444649
7117,0.7123,8,54,8,611414,65030,95740,30516,0.5150646305918135,0.3193854269147845
7118,0.7124,15,44,15,611458,64986,95755,30501,0.5147161323026233,0.3194256809827516
7119,0.7125,19,55,19,611513,64931,95774,30482,0.5142805094411355,0.31947428547472567
7120,0.7126,21,44,21,611557,64887,95795,30461,0.5139320111519452,0.3194718295087469
7121,0.7127,21,80,21,611637,64807,95816,30440,0.5132983778988721,0.3195901183239367
7122,0.7128,20,57,20,611694,64750,95836,30420,0.5128469142060575,0.3196385415572134
7123,0.7129,20,73,20,611767,64677,95856,30400,0.5122687238626283,0.31974084163362326
7124,0.713,12,66,12,611833,64611,95868,30388,0.511745976428843,0.3198770513373825
7125,0.7131,14,54,14,611887,64557,95882,30374,0.5113182739830187,0.3199587068502386
7126,0.7132,22,42,22,611929,64515,95904,30352,0.5109856165251553,0.31994265656129106
7127,0.7133,22,55,22,611984,64460,95926,30330,0.5105499936636675,0.3199704610190948
7128,0.7134,38,89,38,612073,64371,95964,30292,0.5098450766696236,0.3199983097936892
7129,0.7135,29,69,29,612142,64302,95993,30263,0.5092985679888481,0.3200232644212975
7130,0.7136,21,74,21,612216,64228,96014,30242,0.5087124572297554,0.32012279030380014
7131,0.7137,17,54,17,612270,64174,96031,30225,0.5082847547839311,0.3201834765198784
7132,0.7138,12,47,12,612317,64127,96043,30213,0.5079124952477506,0.3202565189739241
7133,0.7139,12,31,12,612348,64096,96055,30201,0.5076669623621848,0.320275300380712
7134,0.714,13,34,13,612382,64062,96068,30188,0.5073976682296287,0.3202970822281167
7135,0.7141,1,33,1,612415,64029,96069,30187,0.507136294512736,0.320402054852679
7136,0.7142,18,59,18,612474,63970,96087,30169,0.5066689899885946,0.32047291770679526
7137,0.7143,16,50,16,612524,63920,96103,30153,0.5062729692054239,0.32052767531597803
7138,0.7144,10,28,10,612552,63892,96113,30143,0.5060511975668484,0.32055085872281597
7139,0.7145,27,70,27,612622,63822,96140,30116,0.5054967684704094,0.32059443462709447
7140,0.7146,13,35,13,612657,63787,96153,30103,0.5052195539221899,0.32061987432101396
7141,0.7147,17,32,17,612689,63755,96170,30086,0.5049661006209606,0.32060613164821344
7142,0.7148,6,41,6,612730,63714,96176,30080,0.5046413635787607,0.3207028168113099
7143,0.7149,16,36,16,612766,63678,96192,30064,0.5043562286148777,0.32071003392289477
7144,0.715,12,47,12,612813,63631,96204,30052,0.5039839690786972,0.320783920241666
7145,0.7151,10,51,10,612864,63580,96214,30042,0.5035800278798631,0.32088611651107646
7146,0.7152,17,44,17,612908,63536,96231,30025,0.503231529590673,0.32091362854180694
7147,0.7153,11,59,11,612967,63477,96242,30014,0.5027642250665315,0.3210362494785594
7148,0.7154,17,44,17,613011,63433,96259,29997,0.5024157267773413,0.32106389810553354
7149,0.7155,20,94,20,613105,63339,96279,29977,0.5016712077049803,0.321241802048952
7150,0.7156,17,77,17,613182,63262,96296,29960,0.5010613356988974,0.32138336444186993
7151,0.7157,27,86,27,613268,63176,96323,29933,0.5003801799518439,0.3214834226551676
7152,0.7158,7,37,7,613305,63139,96330,29926,0.5000871245722975,0.3215601998603127
7153,0.7159,26,46,26,613351,63093,96356,29900,0.4997227854517805,0.32152957749508027
7154,0.716,12,30,12,613381,63063,96368,29888,0.4994851729818781,0.3215457606696001
7155,0.7161,15,47,15,613428,63016,96383,29873,0.49911291344569764,0.32159889760897414
7156,0.7162,15,43,15,613471,62973,96398,29858,0.4987723355721708,0.3216382458445993
7157,0.7163,17,49,17,613520,62924,96415,29841,0.4983842352046635,0.32168382471837437
7158,0.7164,9,40,9,613560,62884,96424,29832,0.498067418578127,0.3217567625868243
7159,0.7165,7,32,7,613592,62852,96431,29825,0.49781396527689775,0.3218166319583068
7160,0.7166,13,72,13,613664,62780,96444,29812,0.49724369534913193,0.321971660618628
7161,0.7167,4,49,4,613713,62731,96448,29808,0.4968555949816246,0.32211283891116177
7162,0.7168,24,76,24,613789,62655,96472,29784,0.49625364339120515,0.3222016681270892
7163,0.7169,12,49,12,613838,62606,96484,29772,0.4958655430236979,0.32228452661889195
7164,0.717,11,27,11,613865,62579,96495,29761,0.4956516918007857,0.3222980290231752
7165,0.7171,27,75,27,613940,62504,96522,29734,0.4950576606260296,0.3223617164292374
7166,0.7172,14,54,14,613994,62450,96536,29720,0.4946299581802053,0.32244765107952694
7167,0.7173,14,60,14,614054,62390,96550,29706,0.49415473324040043,0.3225547255038221
7168,0.7174,20,45,20,614099,62345,96570,29686,0.49379831453554685,0.322565222588041
7169,0.7175,21,33,21,614132,62312,96591,29665,0.4935369408186542,0.32252628374484926
7170,0.7176,29,84,29,614216,62228,96620,29636,0.4928716259029274,0.3226073325785944
7171,0.7177,12,30,12,614246,62198,96632,29624,0.492634013433025,0.3226242077062142
7172,0.7178,16,65,16,614311,62133,96648,29608,0.49211918641490304,0.32273465517053446
7173,0.7179,19,44,19,614355,62089,96667,29589,0.49177068812571284,0.3227491873731975
7174,0.718,16,50,16,614405,62039,96683,29573,0.49137466734254215,0.32280705584421254
7175,0.7181,19,65,19,614470,61974,96702,29554,0.4908598403244202,0.32289572589808585
7176,0.7182,26,94,26,614564,61880,96728,29528,0.4901153212520593,0.3230351829161561
7177,0.7183,18,43,18,614607,61837,96746,29510,0.4897747433785325,0.32305384960644573
7178,0.7184,14,20,14,614627,61817,96760,29496,0.48961633506526425,0.32302081850338943
7179,0.7185,14,60,14,614687,61757,96774,29482,0.4891411101254594,0.3231293635397144
7180,0.7186,17,76,17,614763,61681,96791,29465,0.48853915853503993,0.32327255173019115
7181,0.7187,11,45,11,614808,61636,96802,29454,0.4881827398301863,0.32335053244044354
7182,0.7188,24,68,24,614876,61568,96826,29430,0.4876441515650741,0.3234137014000308
7183,0.7189,21,61,21,614937,61507,96847,29409,0.4871610062096059,0.32347441594438825
7184,0.719,21,67,21,615004,61440,96868,29388,0.4866303383601571,0.32355661249834855
7185,0.7191,21,48,21,615052,61392,96889,29367,0.48625015840831326,0.32357121607774436
7186,0.7192,23,49,23,615101,61343,96912,29344,0.48586205804080596,0.3235744924851412
7187,0.7193,17,40,17,615141,61303,96929,29327,0.4855452414142694,0.3235904225973739
7188,0.7194,28,91,28,615232,61212,96957,29299,0.48482448358889874,0.3237065108108407
7189,0.7195,13,45,13,615277,61167,96970,29286,0.4844680648840451,0.323770355875427
7190,0.7196,14,62,14,615339,61105,96984,29272,0.4839769991129134,0.32388771479469336
7191,0.7197,19,54,19,615393,61051,97003,29253,0.48354929666708907,0.32393913890857545
7192,0.7198,13,32,13,615425,61019,97016,29240,0.48329584336585985,0.3239566137448897
7193,0.7199,12,46,12,615471,60973,97028,29228,0.4829315042453428,0.32403188434718017
7194,0.72,22,51,22,615522,60922,97050,29206,0.4825275630465087,0.3240502396591514
7195,0.7201,20,69,20,615591,60853,97070,29186,0.48198105436573313,0.32414842457157456
7196,0.7202,14,64,14,615655,60789,97084,29172,0.48147414776327463,0.32427385200253445
7197,0.7203,13,49,13,615704,60740,97097,29159,0.4810860473957673,0.32435288490417025
7198,0.7204,9,15,9,615719,60725,97106,29150,0.48096724116081613,0.3243393602225313
7199,0.7205,15,39,15,615758,60686,97121,29135,0.480658344949943,0.3243673528462164
7200,0.7206,22,55,22,615813,60631,97143,29113,0.4802227220884552,0.32440051702620787
7201,0.7207,16,31,16,615844,60600,97159,29097,0.47997718920288934,0.3243921201377972
7202,0.7208,14,39,14,615883,60561,97173,29083,0.47966829299201624,0.32442773637945654
7203,0.7209,6,24,6,615907,60537,97179,29077,0.4794782030160943,0.3244693909433794
7204,0.721,17,49,17,615956,60488,97196,29060,0.479090102648587,0.3245186938848439
7205,0.7211,27,78,27,616034,60410,97223,29033,0.4784723102268407,0.32459778853571547
7206,0.7212,23,70,23,616104,60340,97246,29010,0.47791788113040173,0.3246782316731953
7207,0.7213,20,44,20,616148,60296,97266,28990,0.47756938284121153,0.3246869610017248
7208,0.7214,21,62,21,616210,60234,97287,28969,0.47707831707007986,0.3247536517830118
7209,0.7215,12,61,12,616271,60173,97299,28957,0.4765951717146116,0.32488499943902166
7210,0.7216,16,51,16,616322,60122,97315,28941,0.47619123051577744,0.324949754668044
7211,0.7217,21,92,21,616414,60030,97336,28920,0.4754625522747434,0.32512647554806073
7212,0.7218,23,85,23,616499,59945,97359,28897,0.4747893169433532,0.3252628261407893
7213,0.7219,19,51,19,616550,59894,97378,28878,0.47438537574451906,0.32530527643851664
7214,0.722,34,82,34,616632,59812,97412,28844,0.47373590166011914,0.32534741021476266
7215,0.7221,20,56,20,616688,59756,97432,28824,0.47329235838296796,0.3254007676676451
7216,0.7222,18,60,18,616748,59696,97450,28806,0.4728171334431631,0.3254841698492689
7217,0.7223,19,86,19,616834,59610,97469,28787,0.4721359776961095,0.32565584804914194
7218,0.7224,15,61,15,616895,59549,97484,28772,0.47165283234064126,0.32576623905979324
7219,0.7225,18,62,18,616957,59487,97502,28754,0.4711617665695096,0.32585759454221963
7220,0.7226,8,32,8,616989,59455,97510,28746,0.4709083132682803,0.3259146721692498
7221,0.7227,21,47,21,617036,59408,97531,28725,0.47053605373209983,0.3259278590312369
7222,0.7228,7,54,7,617090,59354,97538,28718,0.4701083512862755,0.32607412117358525
7223,0.7229,21,63,21,617153,59291,97559,28697,0.4696093650994804,0.3261467472837205
7224,0.723,16,57,16,617210,59234,97575,28681,0.4691579014066658,0.3262355684467952
7225,0.7231,8,23,8,617233,59211,97583,28673,0.4689757318464073,0.3262596149469756
7226,0.7232,27,77,27,617310,59134,97610,28646,0.4683658598403244,0.32633857370699476
7227,0.7233,27,64,27,617374,59070,97637,28619,0.4678589532378659,0.3263693279658794
7228,0.7234,13,46,13,617420,59024,97650,28606,0.4674946141173489,0.32644071664954927
7229,0.7235,10,30,10,617450,58994,97660,28596,0.46725700164744643,0.3264756250713552
7230,0.7236,11,39,11,617489,58955,97671,28585,0.46694810543657334,0.32653644048435
7231,0.7237,24,83,24,617572,58872,97695,28561,0.4662907109365099,0.32666155799297747
7232,0.7238,29,83,29,617655,58789,97724,28532,0.46563331643644656,0.3267484339391441
7233,0.7239,34,97,34,617752,58692,97758,28498,0.4648650361170954,0.32684940933593304
7234,0.724,17,59,17,617811,58633,97775,28481,0.464397731592954,0.32693941272355764
7235,0.7241,18,36,18,617847,58597,97793,28463,0.4641125966290711,0.32693544681828623
7236,0.7242,21,54,21,617901,58543,97814,28442,0.4636848941832467,0.32697591538771054
7237,0.7243,14,46,14,617947,58497,97828,28428,0.4633205550627297,0.3270405522001726
7238,0.7244,17,41,17,617988,58456,97845,28411,0.4629958180205297,0.3270632115763178
7239,0.7245,15,47,15,618035,58409,97860,28396,0.4626235584843493,0.327124013593687
7240,0.7246,18,50,18,618085,58359,97878,28378,0.4622275377011786,0.32717294810749736
7241,0.7247,19,49,19,618134,58310,97897,28359,0.4618394373336713,0.3272104212578892
7242,0.7248,15,34,15,618168,58276,97912,28344,0.46157014320111517,0.3272223504964212
7243,0.7249,7,42,7,618210,58234,97919,28337,0.4612374857432518,0.3273267029374733
7244,0.725,21,59,21,618269,58175,97940,28316,0.4607701812191104,0.32738666450844595
7245,0.7251,19,65,19,618334,58110,97959,28297,0.46025535420098845,0.32748504172115683
7246,0.7252,0,8,0,618342,58102,97959,28297,0.46019199087568113,0.3275153647611662
7247,0.7253,15,36,15,618378,58066,97974,28282,0.45990685591179825,0.32753509056376523
7248,0.7254,9,19,9,618397,58047,97983,28273,0.4597563680141934,0.3275370713623726
7249,0.7255,10,34,10,618431,58013,97993,28263,0.4594870738816373,0.32758820529463584
7250,0.7256,11,35,11,618466,57978,98004,28252,0.4592098593334178,0.3276353937144845
7251,0.7257,33,67,33,618533,57911,98037,28219,0.4586791914839691,0.3276326483223035
7252,0.7258,28,72,28,618605,57839,98065,28191,0.45810892155620325,0.3276880158084389
7253,0.7259,19,46,19,618651,57793,98084,28172,0.4577445824356862,0.32771476763799223
7254,0.726,11,28,11,618679,57765,98095,28161,0.45752281079711066,0.3277354933314713
7255,0.7261,24,65,24,618744,57700,98119,28137,0.4570079837789887,0.3277957058145089
7256,0.7262,4,19,4,618763,57681,98123,28133,0.45685749588138386,0.3278369496818701
7257,0.7263,10,28,10,618791,57653,98133,28123,0.45663572424280824,0.3278656034321955
7258,0.7264,21,54,21,618845,57599,98154,28102,0.4562080217969839,0.3279074923279775
7259,0.7265,3,28,3,618873,57571,98157,28099,0.4559862501584083,0.3279911287498541
7260,0.7266,18,47,18,618920,57524,98175,28081,0.45561399062222785,0.32802990479528066
7261,0.7267,16,50,16,618970,57474,98191,28065,0.45521796983905716,0.32809595623049137
7262,0.7268,18,55,18,619025,57419,98209,28047,0.45478234697756936,0.32816558631502585
7263,0.7269,16,70,16,619095,57349,98225,28031,0.4542279178811304,0.32830873740922933
7264,0.727,14,46,14,619141,57303,98239,28017,0.45386357876061334,0.32837552742616033
7265,0.7271,13,36,13,619177,57267,98252,28004,0.45357844379673046,0.32841176953477735
7266,0.7272,16,51,16,619228,57216,98268,27988,0.4531745025978963,0.3284822308811793
7267,0.7273,14,48,14,619276,57168,98282,27974,0.45279432264605246,0.328556998895962
7268,0.7274,18,71,18,619347,57097,98300,27956,0.4522319731339501,0.3286891702820594
7269,0.7275,19,46,19,619393,57051,98319,27937,0.45186763401343305,0.3287169953405187
7270,0.7276,11,58,11,619451,56993,98330,27926,0.45140824990495504,0.3288545555176109
7271,0.7277,53,101,53,619552,56892,98383,27873,0.4506082879229502,0.3288267563263139
7272,0.7278,18,63,18,619615,56829,98401,27855,0.4501093017361551,0.32892872325350714
7273,0.7279,25,57,25,619672,56772,98426,27830,0.44965783804334053,0.3289520342308693
7274,0.728,20,37,20,619709,56735,98446,27810,0.4493647826637942,0.3289372523508191
7275,0.7281,18,54,18,619763,56681,98464,27792,0.44893708021796985,0.32900453399311025
7276,0.7282,11,45,11,619808,56636,98475,27781,0.4485806615131162,0.32909248137223546
7277,0.7283,23,76,23,619884,56560,98498,27758,0.4479787099226967,0.3292061007139638
7278,0.7284,16,33,16,619917,56527,98514,27742,0.44771733620580406,0.3292076564335639
7279,0.7285,19,52,19,619969,56475,98533,27723,0.44730547459130654,0.32925960236585194
7280,0.7286,21,42,21,620011,56433,98554,27702,0.44697281713344317,0.32925655197004816
7281,0.7287,25,57,25,620068,56376,98579,27677,0.44652135344062854,0.32928033502670934
7282,0.7288,10,49,10,620117,56327,98589,27667,0.4461332530731213,0.3293925756601662
7283,0.7289,37,72,37,620189,56255,98626,27630,0.4455629831453555,0.32937950765929547
7284,0.729,30,60,30,620249,56195,98656,27600,0.44508775820555063,0.32937526105376214
7285,0.7291,18,59,18,620308,56136,98674,27582,0.4446204536814092,0.3294631978785924
7286,0.7292,14,49,14,620357,56087,98688,27568,0.44423235331390193,0.3295439603131911
7287,0.7293,27,57,27,620414,56030,98715,27541,0.4437808896210873,0.3295521173612856
7288,0.7294,31,86,31,620500,55944,98746,27510,0.44309973387403373,0.32964267740312025
7289,0.7295,27,82,27,620582,55862,98773,27483,0.44245025978963376,0.3297498350230968
7290,0.7296,12,43,12,620625,55819,98785,27471,0.44210968191610694,0.32982350822427664
7291,0.7297,11,41,11,620666,55778,98796,27460,0.44178494487390696,0.3298974026286071
7292,0.7298,7,43,7,620709,55735,98803,27453,0.4414443670003802,0.3300115401259797
7293,0.7299,20,58,20,620767,55677,98823,27433,0.4409849828919022,0.33008061605101674
7294,0.73,11,49,11,620816,55628,98834,27422,0.4405968825243949,0.3301866345574955
7295,0.7301,4,35,4,620851,55593,98838,27418,0.4403196679761754,0.33029357555022826
7296,0.7302,21,59,21,620910,55534,98859,27397,0.439852363452034,0.33035897312223417
7297,0.7303,8,39,8,620949,55495,98867,27389,0.43954346724116083,0.330449785242025
7298,0.7304,17,46,17,620995,55449,98884,27372,0.43917912812064375,0.33049588872387436
7299,0.7305,29,76,29,621071,55373,98913,27343,0.4385771765302243,0.33056482421780553
7300,0.7306,18,63,18,621134,55310,98931,27325,0.4380781903434292,0.3306710231741998
7301,0.7307,15,48,15,621182,55262,98946,27310,0.43769801039158535,0.33074165576708814
7302,0.7308,14,45,14,621227,55217,98960,27296,0.4373415916867317,0.3308084786639681
7303,0.7309,13,38,13,621265,55179,98973,27283,0.437040615891522,0.33085542431665493
7304,0.731,24,44,24,621309,55135,98997,27259,0.4366921176023318,0.3308371968832682
7305,0.7311,14,23,14,621332,55112,99011,27245,0.43650994804207327,0.33081583836225215
7306,0.7312,16,35,16,621367,55077,99027,27229,0.4362327334938538,0.3308264282069351
7307,0.7313,13,40,13,621407,55037,99040,27216,0.4359159168673172,0.3308815483933717
7308,0.7314,12,49,12,621456,54988,99052,27204,0.4355278164998099,0.33098111738368696
7309,0.7315,12,35,12,621491,54953,99064,27192,0.43525060195159043,0.3310244080589202
7310,0.7316,36,67,36,621558,54886,99100,27156,0.43471993410214166,0.33100119451012894
7311,0.7317,12,45,12,621603,54841,99112,27144,0.43436351539728807,0.3310849545648594
7312,0.7318,12,44,12,621647,54797,99124,27132,0.4340150171080978,0.3311647890246433
7313,0.7319,8,35,8,621682,54762,99132,27124,0.4337378025598783,0.33124099357643555
7314,0.732,23,52,23,621734,54710,99155,27101,0.4333259409453808,0.3312635220202662
7315,0.7321,17,23,17,621757,54687,99172,27084,0.4331437713851223,0.3312176688557068
7316,0.7322,6,25,6,621782,54662,99178,27078,0.43294576099353693,0.33126988010765845
7317,0.7323,15,42,15,621824,54620,99193,27063,0.43261310353567356,0.3313174099873903
7318,0.7324,21,55,21,621879,54565,99214,27042,0.43217748067418577,0.3313686325927923
7319,0.7325,38,82,38,621961,54483,99252,27004,0.43152800658978585,0.33139028311264374
7320,0.7326,15,46,15,622007,54437,99267,26989,0.43116366746926876,0.3314543266278584
7321,0.7327,19,62,19,622069,54375,99286,26970,0.4306726016981371,0.3315508021390374
7322,0.7328,19,45,19,622114,54330,99305,26951,0.4303161829932835,0.33157810558433093
7323,0.7329,4,24,4,622138,54306,99309,26947,0.43012609301736154,0.3316431393302401
7324,0.733,23,54,23,622192,54252,99332,26924,0.4296983905715372,0.3316743865181827
7325,0.7331,15,39,15,622231,54213,99347,26909,0.42938949436066404,0.3317102635536599
7326,0.7332,17,32,17,622263,54181,99364,26892,0.4291360410594348,0.33170105953893403
7327,0.7333,17,57,17,622320,54124,99381,26875,0.4286845773666202,0.33179421968172446
7328,0.7334,8,35,8,622355,54089,99389,26867,0.4284073628184007,0.3318716339740106
7329,0.7335,46,121,46,622476,53968,99435,26821,0.4274489925231276,0.33198826572924534
7330,0.7336,29,62,29,622538,53906,99464,26792,0.42695792675199595,0.3320032714565417
7331,0.7337,23,32,23,622570,53874,99487,26769,0.4267044734507667,0.3319444961124958
7332,0.7338,22,78,22,622648,53796,99509,26747,0.4260866810290204,0.3320834833567163
7333,0.7339,8,37,8,622685,53759,99517,26739,0.4257936256494741,0.3321697433476608
7334,0.734,23,40,23,622725,53719,99540,26716,0.4254768090229375,0.33214396717846706
7335,0.7341,13,46,13,622771,53673,99553,26703,0.42511246990242046,0.3322260376231711
7336,0.7342,10,46,10,622817,53627,99563,26693,0.42474813078190343,0.3323331673306773
7337,0.7343,32,83,32,622900,53544,99595,26661,0.4240907362818401,0.3324106975874322
7338,0.7344,10,42,10,622942,53502,99605,26651,0.4237580788239767,0.3325015907077714
7339,0.7345,24,47,24,622989,53455,99629,26627,0.42338581928779623,0.33249669089183587
7340,0.7346,9,21,9,623010,53434,99638,26618,0.42321949055886454,0.33250886923499723
7341,0.7347,13,52,13,623062,53382,99651,26605,0.422807628944367,0.3326165501894058
7342,0.7348,22,57,22,623119,53325,99673,26583,0.4223561652515524,0.3326700705811683
7343,0.7349,20,25,20,623144,53300,99693,26563,0.42215815485996705,0.3326070896410102
7344,0.735,19,60,19,623204,53240,99712,26544,0.4216829299201622,0.33269828537050034
7345,0.7351,23,52,23,623256,53188,99735,26521,0.4212710683056647,0.332722779109009
7346,0.7352,10,38,10,623294,53150,99745,26511,0.420970092510455,0.3327977303824958
7347,0.7353,20,49,20,623343,53101,99765,26491,0.42058199214294767,0.33283495828726506
7348,0.7354,12,40,12,623383,53061,99777,26479,0.4202651755164111,0.33290168468695
7349,0.7355,5,38,5,623421,53023,99782,26474,0.41996419972120136,0.3330188560574613
7350,0.7356,30,50,30,623471,52973,99812,26444,0.41956817893803067,0.3329765667300452
7351,0.7357,10,55,10,623526,52918,99822,26434,0.4191325560765429,0.333123298719629
7352,0.7358,18,48,18,623574,52870,99840,26416,0.418752376124699,0.33317357414928234
7353,0.7359,32,58,32,623632,52812,99872,26384,0.418292992016221,0.33314813879488864
7354,0.736,18,30,18,623662,52782,99890,26366,0.4180553795463186,0.3331227573659473
7355,0.7361,12,26,12,623688,52756,99902,26354,0.4178494487390698,0.33313108330173175
7356,0.7362,29,69,29,623757,52687,99931,26325,0.41730294005829427,0.33317723890042017
7357,0.7363,24,61,24,623818,52626,99955,26301,0.416819794702826,0.3332319738492531
7358,0.7364,20,54,20,623872,52572,99975,26281,0.41639209225700163,0.33329106058108127
7359,0.7365,20,61,20,623933,52511,99995,26261,0.4159089469015334,0.3333798811760524
7360,0.7366,20,56,20,623989,52455,100015,26241,0.4154654036243822,0.3334476974687405
7361,0.7367,22,41,22,624030,52414,100037,26219,0.41514066658218224,0.3334350717891979
7362,0.7368,18,48,18,624078,52366,100055,26201,0.4147604866303384,0.3334860692148103
7363,0.7369,10,24,10,624102,52342,100065,26191,0.4145703966544164,0.33350311334088856
7364,0.737,20,73,20,624175,52269,100085,26171,0.4139922063109872,0.33364354920958694
7365,0.7371,17,57,17,624232,52212,100102,26154,0.4135407426181726,0.33374167368501645
7366,0.7372,24,77,24,624309,52135,100126,26130,0.4129308706120897,0.33386571264294385
7367,0.7373,24,60,24,624369,52075,100150,26106,0.4124556456722849,0.33391744797329276
7368,0.7374,11,28,11,624397,52047,100161,26095,0.4122338740337093,0.3339433339305367
7369,0.7375,12,41,12,624438,52006,100173,26083,0.41190913699150933,0.33401631471782195
7370,0.7376,16,42,16,624480,51964,100189,26067,0.4115764795336459,0.3340595404390563
7371,0.7377,14,44,14,624524,51920,100203,26053,0.4112279812444557,0.33412848037141063
7372,0.7378,25,74,25,624598,51846,100228,26028,0.41064187048536305,0.3342322212805301
7373,0.7379,11,26,11,624624,51820,100239,26017,0.4104359396781143,0.3342497783830312
7374,0.738,14,72,14,624696,51748,100253,26003,0.4098656697503485,0.33443942843178864
7375,0.7381,8,45,8,624741,51703,100261,25995,0.40950925104549485,0.33456459625730395
7376,0.7382,20,65,20,624806,51638,100281,25975,0.40899442402737296,0.3346733150374293
7377,0.7383,25,65,25,624871,51573,100306,25950,0.40847959700925107,0.33473936767152973
7378,0.7384,16,56,16,624927,51517,100322,25934,0.40803605373209983,0.3348439658622871
7379,0.7385,20,55,20,624982,51462,100342,25914,0.4076004308706121,0.3349100496277916
7380,0.7386,29,55,29,625037,51407,100371,25885,0.4071648080091243,0.3348988252341769
7381,0.7387,26,46,26,625083,51361,100397,25859,0.40680046888860727,0.33487438487438487
7382,0.7388,23,46,23,625129,51315,100420,25836,0.40643612976809024,0.33487576311389355
7383,0.7389,18,56,18,625185,51259,100438,25818,0.40599258649093906,0.3349637375611402
7384,0.739,27,48,27,625233,51211,100465,25791,0.4056124065390952,0.3349393522246175
7385,0.7391,20,67,20,625300,51144,100485,25771,0.4050817386896464,0.3350581811090165
7386,0.7392,29,87,29,625387,51057,100514,25742,0.4043926625269294,0.335186656076251
7387,0.7393,16,41,16,625428,51016,100530,25726,0.4040679254847294,0.33522712465142945
7388,0.7394,24,52,24,625480,50964,100554,25702,0.4036560638702319,0.33524639344689955
7389,0.7395,16,59,16,625539,50905,100570,25686,0.4031887593460905,0.335365774046559
7390,0.7396,3,27,3,625566,50878,100573,25683,0.4029749081231783,0.3354580008098118
7391,0.7397,35,56,35,625622,50822,100608,25648,0.40253136484602714,0.33539950307310057
7392,0.7398,25,73,25,625695,50749,100633,25623,0.4019531745025979,0.3355025401979783
7393,0.7399,18,48,18,625743,50701,100651,25605,0.401572994550754,0.33555683694598065
7394,0.74,17,40,17,625783,50661,100668,25588,0.40125617792421747,0.3355847289800522
7395,0.7401,13,43,13,625826,50618,100681,25575,0.40091560005069066,0.3356607562374496
7396,0.7402,13,38,13,625864,50580,100694,25562,0.40061462425548094,0.3357148485724042
7397,0.7403,13,48,13,625912,50532,100707,25549,0.4002344443036371,0.3358131465148986
7398,0.7404,12,44,12,625956,50488,100719,25537,0.3998859460144468,0.3359026635975008
7399,0.7405,9,34,9,625990,50454,100728,25528,0.39961665188189077,0.33597430970493014
7400,0.7406,11,48,11,626038,50406,100739,25517,0.3992364719300469,0.33609051275634527
7401,0.7407,14,58,14,626096,50348,100753,25503,0.3987770878215689,0.33622496737023905
7402,0.7408,12,53,12,626149,50295,100765,25491,0.39835730579140793,0.3363549996041485
7403,0.7409,10,23,10,626172,50272,100775,25481,0.3981751362311494,0.3363695167188098
7404,0.741,9,34,9,626206,50238,100784,25472,0.3979058420985933,0.3364416853784176
7405,0.7411,28,56,28,626262,50182,100812,25444,0.39746229882144213,0.3364451379155317
7406,0.7412,13,33,13,626295,50149,100825,25431,0.39720092510454946,0.33647790420746226
7407,0.7413,16,29,16,626324,50120,100841,25415,0.39697123305031046,0.3364665386906732
7408,0.7414,17,40,17,626364,50080,100858,25398,0.3966544164237739,0.33649540263388006
7409,0.7415,20,41,20,626405,50039,100878,25378,0.39632967938157393,0.33650238009997746
7410,0.7416,0,25,0,626430,50014,100878,25378,0.3961316689899886,0.33661396434634977
7411,0.7417,14,44,14,626474,49970,100892,25364,0.3957831707007984,0.33668728595322167
7412,0.7418,24,62,24,626536,49908,100916,25340,0.3952921049296667,0.3367531362959813
7413,0.7419,13,25,13,626561,49883,100929,25327,0.39509409453808136,0.33675043212338784
7414,0.742,18,55,18,626616,49828,100947,25309,0.39465847167659357,0.3368380425090169
7415,0.7421,9,35,9,626651,49793,100956,25300,0.3943812571283741,0.33691555804136203
7416,0.7422,15,52,15,626703,49741,100971,25285,0.39396939551387655,0.3370165009463386
7417,0.7423,21,39,21,626742,49702,100992,25264,0.3936604993030034,0.3370061094362778
7418,0.7424,18,49,18,626791,49653,101010,25246,0.39327239893549615,0.337067250564093
7419,0.7425,32,76,32,626867,49577,101042,25214,0.39267044734507667,0.3371261248011124
7420,0.7426,19,74,19,626941,49503,101061,25195,0.392084336585984,0.33729149374815925
7421,0.7427,16,58,16,626999,49445,101077,25179,0.391624952477506,0.3374115566037736
7422,0.7428,63,126,63,627125,49319,101140,25116,0.39062698010391583,0.33742191173507086
7423,0.7429,11,39,11,627164,49280,101151,25105,0.39031808389304273,0.3375008402231633
7424,0.743,32,48,32,627212,49232,101183,25073,0.3899379039411988,0.3374335509050535
7425,0.7431,30,64,30,627276,49168,101213,25043,0.3894309973387403,0.33745671126921883
7426,0.7432,17,35,17,627311,49133,101230,25026,0.3891537827905208,0.33746409741231675
7427,0.7433,26,68,26,627379,49065,101256,25000,0.3886151945254087,0.33754134881522985
7428,0.7434,23,62,23,627441,49003,101279,24977,0.38812412875427704,0.3376182752095161
7429,0.7435,18,29,18,627470,48974,101297,24959,0.38789443670003804,0.3375894390867407
7430,0.7436,31,65,31,627535,48909,101328,24928,0.3873796096819161,0.3376085160556361
7431,0.7437,12,61,12,627596,48848,101340,24916,0.38689646432644786,0.3377799468575457
7432,0.7438,27,84,27,627680,48764,101367,24889,0.38623114941072106,0.33792241999646994
7433,0.7439,29,56,29,627736,48708,101396,24860,0.3857876061335699,0.33791866028708134
7434,0.744,13,39,13,627775,48669,101409,24847,0.3854787099226967,0.3379808477066217
7435,0.7441,26,51,26,627826,48618,101435,24821,0.38507476872386265,0.33798118166097035
7436,0.7442,15,29,15,627855,48589,101450,24806,0.38484507666962364,0.33797942639144357
7437,0.7443,11,55,11,627910,48534,101461,24795,0.38440945380813585,0.3381336169864583
7438,0.7444,31,56,31,627966,48478,101492,24764,0.38396591053098467,0.33811201223341797
7439,0.7445,31,60,31,628026,48418,101523,24733,0.3834906855911798,0.33810884335142377
7440,0.7446,32,59,32,628085,48359,101555,24701,0.38302338106703837,0.338091979195182
7441,0.7447,10,38,10,628123,48321,101565,24691,0.38272240527182866,0.33817728592560126
7442,0.7448,16,43,16,628166,48278,101581,24675,0.38238182739830184,0.33823146409332033
7443,0.7449,7,22,7,628188,48256,101588,24668,0.38220757825370677,0.33826997970489825
7444,0.745,10,31,10,628219,48225,101598,24658,0.38196204536814093,0.33832306573549387
7445,0.7451,19,44,19,628263,48181,101617,24639,0.3816135470789507,0.3383548475693491
7446,0.7452,12,32,12,628295,48149,101629,24627,0.38136009377772145,0.3383945256678026
7447,0.7453,8,33,8,628328,48116,101637,24619,0.3810987200608288,0.3384752870007562
7448,0.7454,16,37,16,628365,48079,101653,24603,0.38080566468128246,0.33850196747475303
7449,0.7455,21,59,21,628424,48020,101674,24582,0.38033836015714106,0.3385857138921793
7450,0.7456,47,86,47,628510,47934,101721,24535,0.37965720441008743,0.3385585560722516
7451,0.7457,25,58,25,628568,47876,101746,24510,0.3791978203016094,0.33860138700853754
7452,0.7458,10,43,10,628611,47833,101756,24500,0.3788572424280826,0.3387112383006373
7453,0.7459,18,51,18,628662,47782,101774,24482,0.37845330122924853,0.3387855640429536
7454,0.746,19,41,19,628703,47741,101793,24463,0.37812856418704854,0.33880394437981276
7455,0.7461,23,82,23,628785,47659,101816,24440,0.3774790901026486,0.33897834921427483
7456,0.7462,33,89,33,628874,47570,101849,24407,0.3767741731086047,0.33909443294385705
7457,0.7463,13,33,13,628907,47537,101862,24394,0.37651279939171206,0.3391305556714073
7458,0.7464,11,46,11,628953,47491,101873,24383,0.37614846027119503,0.33924645908116985
7459,0.7465,15,57,15,629010,47434,101888,24368,0.37569699657838046,0.3393777332107741
7460,0.7466,18,38,18,629048,47396,101906,24350,0.3753960207831707,0.33939174309369163
7461,0.7467,20,43,20,629091,47353,101926,24330,0.3750554429096439,0.33941101795404766
7462,0.7468,13,47,13,629138,47306,101939,24317,0.37468318337346346,0.33951384331848705
7463,0.7469,18,55,18,629193,47251,101957,24299,0.37424756051197566,0.33960866526904265
7464,0.747,15,47,15,629240,47204,101972,24284,0.3738753009757952,0.3396933751119069
7465,0.7471,18,52,18,629292,47152,101990,24266,0.37346343936129767,0.339774286594416
7466,0.7472,14,37,14,629329,47115,102004,24252,0.37317038398175134,0.3398209256378999
7467,0.7473,18,50,18,629379,47065,102022,24234,0.37277436319858065,0.33989256511311516
7468,0.7474,15,56,15,629435,47009,102037,24219,0.37233081992142947,0.3400207783455944
7469,0.7475,23,57,23,629492,46952,102060,24196,0.3718793562286149,0.3400798335863271
7470,0.7476,12,38,12,629530,46914,102072,24184,0.37157838043340513,0.34015021519592675
7471,0.7477,17,48,17,629578,46866,102089,24167,0.37119820048156127,0.3402221502681852
7472,0.7478,17,40,17,629618,46826,102106,24150,0.3708813838550247,0.3402558611361587
7473,0.7479,26,56,26,629674,46770,102132,24124,0.37043784057787355,0.34028267554376956
7474,0.748,28,54,28,629728,46716,102160,24096,0.3700101381320492,0.3402813082528385
7475,0.7481,21,52,21,629780,46664,102181,24075,0.3695982765175516,0.3403355998812536
7476,0.7482,3,30,3,629810,46634,102184,24072,0.3693606640476492,0.34045201255904733
7477,0.7483,14,23,14,629833,46611,102198,24058,0.3691784944873907,0.340432155542034
7478,0.7484,16,36,16,629869,46575,102214,24042,0.36889335952350777,0.3404562640723905
7479,0.7485,31,77,31,629946,46498,102245,24011,0.3682834875174249,0.3405380873363684
7480,0.7486,19,47,19,629993,46451,102264,23992,0.3679112279812445,0.3405874252942095
7481,0.7487,31,75,31,630068,46376,102295,23961,0.3673171968064884,0.34065996559421075
7482,0.7488,11,46,11,630114,46330,102306,23950,0.36695285768597136,0.34077973819009677
7483,0.7489,13,55,13,630169,46275,102319,23937,0.36651723482448356,0.34092462826867204
7484,0.749,38,81,38,630250,46194,102357,23899,0.36587568115574703,0.34096129428045596
7485,0.7491,25,58,25,630308,46136,102382,23874,0.365416297047269,0.3410084273675189
7486,0.7492,16,44,16,630352,46092,102398,23858,0.3650677987580788,0.34107219442458897
7487,0.7493,18,50,18,630402,46042,102416,23840,0.36467177797490813,0.3411465041069231
7488,0.7494,14,43,14,630445,45999,102430,23826,0.3643312001013813,0.34122448979591835
7489,0.7495,8,54,8,630499,45945,102438,23818,0.36390349765555696,0.34141306996545445
7490,0.7496,12,34,12,630533,45911,102450,23806,0.3636342035230009,0.3414662134056256
7491,0.7497,12,43,12,630576,45868,102462,23794,0.3632936256494741,0.3415635497114639
7492,0.7498,12,49,12,630625,45819,102474,23782,0.3629055252819668,0.34169049295268744
7493,0.7499,28,69,28,630694,45750,102502,23754,0.36235901660119124,0.3417645027624309
7494,0.75,15,54,15,630748,45696,102517,23739,0.3619313141553669,0.3418880967811622
7495,0.7501,24,70,24,630818,45626,102541,23715,0.3613768850589279,0.3420054513202867
7496,0.7502,23,45,23,630863,45581,102564,23692,0.36102046635407425,0.3420091521949389
7497,0.7503,10,48,10,630911,45533,102574,23682,0.3606402864022304,0.3421512677887741
7498,0.7504,13,39,13,630950,45494,102587,23669,0.36033139019135724,0.3422205514509203
7499,0.7505,11,44,11,630994,45450,102598,23658,0.35998289190216703,0.3423337384962667
7500,0.7506,26,68,26,631062,45382,102624,23632,0.3594443036370549,0.34242327643666504
7501,0.7507,10,34,10,631096,45348,102634,23622,0.3591750095044988,0.3424967377120487
7502,0.7508,11,33,11,631129,45315,102645,23611,0.35891363578760616,0.34255578446449814
7503,0.7509,14,49,14,631178,45266,102659,23597,0.35852553542009885,0.34266587281994687
7504,0.751,9,32,9,631210,45234,102668,23588,0.3582720821188696,0.34273924035918746
7505,0.7511,18,44,18,631254,45190,102686,23570,0.35792358382967937,0.3427865037812682
7506,0.7512,23,76,23,631330,45114,102709,23547,0.3573216322392599,0.34294577707869095
7507,0.7513,15,44,15,631374,45070,102724,23532,0.3569731339500697,0.34302206932742485
7508,0.7514,16,65,16,631439,45005,102740,23516,0.3564583069319478,0.3431940572963033
7509,0.7515,11,19,11,631458,44986,102751,23505,0.35630781903434294,0.3431837759705655
7510,0.7516,16,41,16,631499,44945,102767,23489,0.35598308199214296,0.34323581845281587
7511,0.7517,14,58,14,631557,44887,102781,23475,0.35552369788366495,0.3433925280126386
7512,0.7518,21,47,21,631604,44840,102802,23454,0.35515143834748447,0.34342694819457054
7513,0.7519,23,78,23,631682,44762,102825,23431,0.35453364592573816,0.34359831654275363
7514,0.752,15,38,15,631720,44724,102840,23416,0.35423267013052845,0.343645435867332
7515,0.7521,24,48,24,631768,44676,102864,23392,0.3538524901786846,0.3436563436563437
7516,0.7522,16,32,16,631800,44644,102880,23376,0.3535990368774553,0.3436636283446045
7517,0.7523,12,42,12,631842,44602,102892,23364,0.35326637941959194,0.34376011535179357
7518,0.7524,16,43,16,631885,44559,102908,23348,0.3529258015460651,0.3438231699235719
7519,0.7525,13,44,13,631929,44515,102921,23335,0.3525773032568749,0.34392041267501844
7520,0.7526,14,34,14,631963,44481,102935,23321,0.35230800912431887,0.3439574053862718
7521,0.7527,15,29,15,631992,44452,102950,23306,0.35207831707007986,0.3439593848696833
7522,0.7528,19,49,19,632041,44403,102969,23287,0.35169021670257256,0.34402422809868516
7523,0.7529,18,61,18,632102,44342,102987,23269,0.35120707134710427,0.3441599739687329
7524,0.753,9,21,9,632123,44321,102996,23260,0.3510407426181726,0.3441795771000725
7525,0.7531,20,44,20,632167,44277,103016,23240,0.3506922443289824,0.34420960646948173
7526,0.7532,19,47,19,632214,44230,103035,23221,0.3503199847928019,0.34426472550444026
7527,0.7533,19,40,19,632254,44190,103054,23202,0.35000316816626537,0.34428418803418803
7528,0.7534,27,50,27,632304,44140,103081,23175,0.3496071473830947,0.34427690707866004
7529,0.7535,23,56,23,632360,44084,103104,23152,0.3491636041059435,0.3443393420191564
7530,0.7536,21,58,21,632418,44026,103125,23131,0.3487042199974655,0.34443170481111424
7531,0.7537,24,47,24,632465,43979,103149,23107,0.348331960461285,0.34443848194854365
7532,0.7538,8,14,8,632479,43965,103157,23099,0.3482210746419972,0.34443218418227367
7533,0.7539,21,52,21,632531,43913,103178,23078,0.3478092130274997,0.3444940365123673
7534,0.754,22,52,22,632583,43861,103200,23056,0.34739735141300215,0.3445462289104413
7535,0.7541,27,62,27,632645,43799,103227,23029,0.3469062856418705,0.3446010654216795
7536,0.7542,31,77,31,632722,43722,103258,22998,0.3462964136357876,0.3446942446043165
7537,0.7543,20,52,20,632774,43670,103278,22978,0.3458845520212901,0.3447665346296963
7538,0.7544,40,64,40,632838,43606,103318,22938,0.3453776454188316,0.34470425583072856
7539,0.7545,22,43,22,632881,43563,103340,22916,0.3450370675453048,0.3447103596624498
7540,0.7546,16,33,16,632914,43530,103356,22900,0.3447756938284121,0.3447237693813036
7541,0.7547,4,14,4,632928,43516,103360,22896,0.3446648080091243,0.3447569716316328
7542,0.7548,16,60,16,632988,43456,103376,22880,0.34418958306931946,0.3449107573564882
7543,0.7549,22,50,22,633038,43406,103398,22858,0.34379356228614877,0.3449535192563081
7544,0.755,31,53,31,633091,43353,103429,22827,0.34337378025598786,0.34492293744333635
7545,0.7551,14,35,14,633126,43318,103443,22813,0.34309656570776836,0.3449668083047285
7546,0.7552,20,42,20,633168,43276,103463,22793,0.34276390824990494,0.3449878157683634
7547,0.7553,11,53,11,633221,43223,103474,22782,0.342344126219744,0.3451556700249981
7548,0.7554,9,30,9,633251,43193,103483,22773,0.3421065137498416,0.3452232968498924
7549,0.7555,18,41,18,633292,43152,103501,22755,0.3417817767076416,0.345259228913469
7550,0.7556,17,25,17,633317,43127,103518,22738,0.34158376631605625,0.34522128596371365
7551,0.7557,21,35,21,633352,43092,103539,22717,0.34130655176783675,0.34519594584327373
7552,0.7558,19,44,19,633396,43048,103558,22698,0.34095805347864655,0.34523773309402855
7553,0.7559,19,26,19,633422,43022,103577,22679,0.3407521226713978,0.3451850047944476
7554,0.756,9,46,9,633468,42976,103586,22670,0.34038778355088073,0.345337111172044
7555,0.7561,21,34,21,633502,42942,103607,22649,0.3401184894183247,0.345306520711683
7556,0.7562,9,30,9,633532,42912,103616,22640,0.33988087694842223,0.345374664388577
7557,0.7563,17,38,17,633570,42874,103633,22623,0.3395799011532125,0.34540513305952947
7558,0.7564,12,53,12,633623,42821,103645,22611,0.33916011912305155,0.3455648612299792
7559,0.7565,15,22,15,633645,42799,103660,22596,0.3389858699784565,0.3455310038993807
7560,0.7566,7,30,7,633675,42769,103667,22589,0.33874825750855403,0.3456195110009486
7561,0.7567,22,31,22,633706,42738,103689,22567,0.3385027246229882,0.345563126866243
7562,0.7568,15,43,15,633749,42695,103704,22552,0.33816214674946143,0.3456404125860193
7563,0.7569,30,49,30,633798,42646,103734,22522,0.33777404638195413,0.3455990670267616
7564,0.757,27,49,27,633847,42597,103761,22495,0.3373859460144468,0.3455877834449702
7565,0.7571,15,47,15,633894,42550,103776,22480,0.3370136864782664,0.3456866061817623
7566,0.7572,22,42,22,633936,42508,103798,22458,0.336681029020403,0.34568851399193423
7567,0.7573,10,26,10,633962,42482,103808,22448,0.33647509821315424,0.345726166640998
7568,0.7574,10,20,10,633982,42462,103818,22438,0.33631668989988595,0.3457318952234206
7569,0.7575,26,55,26,634037,42407,103844,22412,0.33588106703839815,0.3457628164581373
7570,0.7576,22,38,22,634075,42369,103866,22390,0.33558009124318844,0.34574344878704116
7571,0.7577,19,55,19,634130,42314,103885,22371,0.33514446838170064,0.34584525005797323
7572,0.7578,22,52,22,634182,42262,103907,22349,0.3347326067672031,0.34590085279596355
7573,0.7579,26,38,26,634220,42224,103933,22323,0.3344316309719934,0.34584101507428694
7574,0.758,20,33,20,634253,42191,103953,22303,0.33417025725510074,0.3458151145843024
7575,0.7581,21,57,21,634310,42134,103974,22282,0.3337187935622862,0.34590784898161947
7576,0.7582,23,59,23,634369,42075,103997,22259,0.3332514890381447,0.3459912332514689
7577,0.7583,22,41,22,634410,42034,104019,22237,0.33292675199594474,0.34598808171648177
7578,0.7584,15,40,15,634450,41994,104034,22222,0.3326099353694082,0.34605082845396784
7579,0.7585,25,52,25,634502,41942,104059,22197,0.33219807375491067,0.34607649012301406
7580,0.7586,40,91,40,634593,41851,104099,22157,0.33147731592954,0.34615985501812274
7581,0.7587,30,53,30,634646,41798,104129,22127,0.33105753389937903,0.34614000782166604
7582,0.7588,24,53,24,634699,41745,104153,22103,0.3306377518692181,0.3461815561959654
7583,0.7589,19,38,19,634737,41707,104172,22084,0.33033677607400835,0.346193036635262
7584,0.759,18,35,18,634772,41672,104190,22066,0.33005956152578886,0.3461985001098246
7585,0.7591,18,42,18,634814,41630,104208,22048,0.3297269040679255,0.34624203021451677
7586,0.7592,7,21,7,634835,41609,104215,22041,0.3295605753389938,0.3462843676355067
7587,0.7593,12,47,12,634882,41562,104227,22029,0.3291883158028133,0.34641694579421617
7588,0.7594,16,46,16,634928,41516,104243,22013,0.3288239766822963,0.3465031717798171
7589,0.7595,3,15,3,634943,41501,104246,22010,0.3287051704473451,0.3465541402276771
7590,0.7596,18,33,18,634976,41468,104264,21992,0.32844379673045243,0.34654900724866056
7591,0.7597,19,41,19,635017,41427,104283,21973,0.32811905968825245,0.3465772870662461
7592,0.7598,24,45,24,635062,41382,104307,21949,0.3277626409833988,0.34657592648150193
7593,0.7599,21,59,21,635121,41323,104328,21928,0.3272953364592574,0.34668226589302936
7594,0.76,14,22,14,635143,41301,104342,21914,0.3271210873146623,0.34665822985051015
7595,0.7601,16,30,16,635173,41271,104358,21898,0.3268834748447599,0.34665737941078695
7596,0.7602,18,28,18,635201,41243,104376,21880,0.32666170320618426,0.3466248435593999
7597,0.7603,17,34,17,635235,41209,104393,21863,0.3263924090736282,0.34663559107052255
7598,0.7604,23,54,23,635289,41155,104416,21840,0.3259647066278038,0.34669418207794267
7599,0.7605,14,32,14,635321,41123,104430,21826,0.3257112533265746,0.34672512668986005
7600,0.7606,6,18,6,635339,41105,104436,21820,0.3255686858446331,0.34676201827572506
7601,0.7607,24,44,24,635383,41061,104460,21796,0.3252201875554429,0.34675533353484894
7602,0.7608,11,28,11,635411,41033,104471,21785,0.32499841591686734,0.34679550447324015
7603,0.7609,19,31,19,635442,41002,104490,21766,0.3247528830313015,0.34676905429518223
7604,0.761,11,27,11,635469,40975,104501,21755,0.3245390318083893,0.3468037621552686
7605,0.7611,6,42,6,635511,40933,104507,21749,0.3242063743505259,0.34697361283941164
7606,0.7612,23,50,23,635561,40883,104530,21726,0.3238103535673552,0.34701081314188054
7607,0.7613,19,25,19,635586,40858,104549,21707,0.32361234317576987,0.3469511707823863
7608,0.7614,22,41,22,635627,40817,104571,21685,0.3232876061335699,0.34694889763527564
7609,0.7615,27,61,27,635688,40756,104598,21658,0.32280446077810165,0.34700547953984684
7610,0.7616,34,47,34,635735,40709,104632,21624,0.3224322012419212,0.34691094604783984
7611,0.7617,11,32,11,635767,40677,104643,21613,0.3221787479406919,0.3469738320757746
7612,0.7618,26,62,26,635829,40615,104669,21587,0.3216876821695603,0.34704671875502396
7613,0.7619,16,34,16,635863,40581,104685,21571,0.3214183880370042,0.3470684772815034
7614,0.762,25,45,25,635908,40536,104710,21546,0.32106196933215053,0.3470571180052189
7615,0.7621,30,81,30,635989,40455,104740,21516,0.320420415663414,0.34719465556469964
7616,0.7622,30,47,30,636036,40408,104770,21486,0.32004815612723353,0.3471418877435616
7617,0.7623,21,61,21,636097,40347,104791,21465,0.3195650107717653,0.34726266744321493
7618,0.7624,10,20,10,636117,40327,104801,21455,0.319406602458497,0.3472694312259234
7619,0.7625,30,56,30,636173,40271,104831,21425,0.3189630591813458,0.3472672458506224
7620,0.7626,23,43,23,636216,40228,104854,21402,0.31862248130781906,0.3472659419114068
7621,0.7627,13,35,13,636251,40193,104867,21389,0.31834526675959957,0.34732551719658344
7622,0.7628,15,45,15,636296,40148,104882,21374,0.3179888480547459,0.3474204349663535
7623,0.7629,23,37,23,636333,40111,104905,21351,0.3176957926751996,0.34738537633009015
7624,0.763,8,28,8,636361,40083,104913,21343,0.317474021036624,0.3474587308305929
7625,0.7631,12,27,12,636388,40056,104925,21331,0.3172601698137118,0.34748399498265103
7626,0.7632,6,16,6,636404,40040,104931,21325,0.3171334431630972,0.3475107960563839
7627,0.7633,11,52,11,636456,39988,104942,21314,0.3167215815485997,0.347688493034485
7628,0.7634,27,48,27,636504,39940,104969,21287,0.3163414015967558,0.3476734120567723
7629,0.7635,27,50,27,636554,39890,104996,21260,0.3159453808135851,0.34766966475878985
7630,0.7636,28,49,28,636603,39841,105024,21232,0.31555728044607784,0.3476495341640332
7631,0.7637,25,49,25,636652,39792,105049,21207,0.31516918007857053,0.3476614370727389
7632,0.7638,10,24,10,636676,39768,105059,21197,0.3149790901026486,0.34769129828590173
7633,0.7639,13,35,13,636711,39733,105072,21184,0.3147018755544291,0.3477518590869544
7634,0.764,14,31,14,636742,39702,105086,21170,0.31445634266886324,0.34777894598501774
7635,0.7641,36,67,36,636809,39635,105122,21134,0.3139256748194145,0.34777600421267424
7636,0.7642,20,50,20,636859,39585,105142,21114,0.31352965403624383,0.3478475757425987
7637,0.7643,17,46,17,636905,39539,105159,21097,0.3131653149157268,0.3479286232601095
7638,0.7644,16,53,16,636958,39486,105175,21081,0.31274553288556584,0.34806082520184256
7639,0.7645,14,43,14,637001,39443,105189,21067,0.312404955012039,0.34815732936704674
7640,0.7646,16,26,16,637027,39417,105205,21051,0.3121990242047903,0.3481345505060528
7641,0.7647,31,62,31,637089,39355,105236,21020,0.3117079584336586,0.34815734989648034
7642,0.7648,22,57,22,637146,39298,105258,20998,0.311256494740844,0.3482486400424572
7643,0.7649,22,42,22,637188,39256,105280,20976,0.3109238372829806,0.3482534201089122
7644,0.765,20,38,20,637226,39218,105300,20956,0.31062286148777085,0.3482567221723668
7645,0.7651,8,30,8,637256,39188,105308,20948,0.31038524901786846,0.34834375415724356
7646,0.7652,19,41,19,637297,39147,105327,20929,0.3100605119756685,0.34837539117118316
7647,0.7653,20,57,20,637354,39090,105347,20909,0.3096090482828539,0.34848914148569143
7648,0.7654,26,64,26,637418,39026,105373,20883,0.3091021416803954,0.3485786776611194
7649,0.7655,9,30,9,637448,38996,105382,20874,0.30886452921049296,0.34865542007683314
7650,0.7656,20,65,20,637513,38931,105402,20854,0.30834970219237107,0.3488165927908338
7651,0.7657,17,54,17,637567,38877,105419,20837,0.3079219997465467,0.34894664567773054
7652,0.7658,21,60,21,637627,38817,105440,20816,0.3074467748067419,0.34906846880083175
7653,0.7659,18,40,18,637667,38777,105458,20798,0.3071299581802053,0.3491061686949224
7654,0.766,20,52,20,637719,38725,105478,20778,0.30671809656570775,0.3491924776902005
7655,0.7661,19,47,19,637766,38678,105497,20759,0.30634583702952733,0.34926056160304186
7656,0.7662,19,31,19,637797,38647,105516,20740,0.3061003041439615,0.34923468099078925
7657,0.7663,16,34,16,637831,38613,105532,20724,0.3058310100114054,0.349259315435563
7658,0.7664,6,33,6,637864,38580,105538,20718,0.3055696362945127,0.3493878377011029
7659,0.7665,29,60,29,637924,38520,105567,20689,0.3050944113547079,0.3494232295765846
7660,0.7666,19,42,19,637966,38478,105586,20670,0.3047617538968445,0.34946236559139787
7661,0.7667,26,61,26,638027,38417,105612,20644,0.3042786085413762,0.3495369194561555
7662,0.7668,24,67,24,638094,38350,105636,20620,0.3037479406919275,0.3496693233847719
7663,0.7669,29,47,29,638141,38303,105665,20591,0.30337568115574703,0.3496281454817129
7664,0.767,12,40,12,638181,38263,105677,20579,0.3030588645292105,0.349733183780293
7665,0.7671,1,33,1,638214,38230,105678,20578,0.3027974908123178,0.3499183784519113
7666,0.7672,20,47,20,638261,38183,105698,20558,0.30242523127613735,0.34997701775591156
7667,0.7673,22,77,22,638338,38106,105720,20536,0.3018153592700545,0.3501926946557075
7668,0.7674,25,46,25,638384,38060,105745,20511,0.30145102014953745,0.3501903672465896
7669,0.7675,9,42,9,638426,38018,105754,20502,0.3011183626916741,0.35034176349965823
7670,0.7676,22,63,22,638489,37955,105776,20480,0.30061937650487897,0.3504748866261658
7671,0.7677,13,21,13,638510,37934,105789,20467,0.3004530477759473,0.3504563278026061
7672,0.7678,24,71,24,638581,37863,105813,20443,0.2998906982638449,0.3506157170788598
7673,0.7679,19,48,19,638629,37815,105832,20424,0.29951051831200104,0.35069283469839796
7674,0.768,13,31,13,638660,37784,105845,20411,0.2992649854264352,0.3507345991923705
7675,0.7681,9,37,9,638697,37747,105854,20402,0.2989719300468889,0.35085728043474523
7676,0.7682,27,67,27,638764,37680,105881,20375,0.2984412621974401,0.35096029627077774
7677,0.7683,22,42,22,638806,37638,105903,20353,0.29810860473957673,0.3509682536945388
7678,0.7684,16,50,16,638856,37588,105919,20337,0.29771258395640604,0.35109192921881743
7679,0.7685,8,27,8,638883,37561,105927,20329,0.29749873273349386,0.35116600449127655
7680,0.7686,27,41,27,638924,37520,105954,20302,0.2971739956912939,0.35111203348206566
7681,0.7687,11,20,11,638944,37500,105965,20291,0.2970155873780256,0.3511100344344275
7682,0.7688,20,48,20,638992,37452,105985,20271,0.2966354074261817,0.35117717374356844
7683,0.7689,10,25,10,639017,37427,105995,20261,0.2964373970345964,0.3512168908611843
7684,0.769,25,46,25,639063,37381,106020,20236,0.29607305791407934,0.3512157870073069
7685,0.7691,15,27,15,639090,37354,106035,20221,0.29585920669116716,0.35121146330872777
7686,0.7692,21,43,21,639133,37311,106056,20200,0.29551862881764035,0.3512371546312879
7687,0.7693,9,20,9,639153,37291,106065,20191,0.29536022050437205,0.35125778504575345
7688,0.7694,20,48,20,639201,37243,106085,20171,0.2949800405525282,0.35132546068903053
7689,0.7695,22,52,22,639253,37191,106107,20149,0.29456817893803067,0.35139518660620855
7690,0.7696,20,57,20,639310,37134,106127,20129,0.29411671524521604,0.3515184324956778
7691,0.7697,4,25,4,639335,37109,106131,20125,0.2939187048536307,0.3516266554845022
7692,0.7698,15,49,15,639384,37060,106146,20110,0.29353060448612345,0.35175791499037956
7693,0.7699,25,32,25,639416,37028,106171,20085,0.29327715118489417,0.3516712482271987
7694,0.77,12,31,12,639447,36997,106183,20073,0.29303161829932833,0.3517259505869984
7695,0.7701,24,49,24,639496,36948,106207,20049,0.2926435179318211,0.3517553555450287
7696,0.7702,17,42,17,639538,36906,106224,20032,0.29231086047395766,0.3518212792862412
7697,0.7703,16,39,16,639577,36867,106240,20016,0.2920019642630845,0.3518801750962502
7698,0.7704,17,28,17,639605,36839,106257,19999,0.29178019262450894,0.3518596713466343
7699,0.7705,13,37,13,639642,36802,106270,19986,0.2914871372449626,0.3519405508205959
7700,0.7706,14,42,14,639684,36760,106284,19972,0.29115447978709924,0.3520411760558415
7701,0.7707,13,45,13,639729,36715,106297,19959,0.2907980610822456,0.35217207184952537
7702,0.7708,14,49,14,639778,36666,106311,19945,0.2904099607147383,0.35231668756955364
7703,0.7709,15,36,15,639814,36630,106326,19930,0.2901248257508554,0.35236916548797736
7704,0.771,17,40,17,639854,36590,106343,19913,0.28980800912431887,0.35242376510981716
7705,0.7711,11,23,11,639877,36567,106354,19902,0.2896258395640603,0.35244116240769274
7706,0.7712,22,29,22,639906,36538,106376,19880,0.2893961475098213,0.35236981105320997
7707,0.7713,12,33,12,639939,36505,106388,19868,0.2891347737929287,0.3524382239724691
7708,0.7714,34,44,34,639983,36461,106422,19834,0.2887862755037384,0.3523225863753442
7709,0.7715,9,23,9,640006,36438,106431,19825,0.2886041059434799,0.35236300943781884
7710,0.7716,10,40,10,640046,36398,106441,19815,0.28828728931694336,0.3524985323679576
7711,0.7717,22,31,22,640077,36367,106463,19793,0.2880417564313775,0.3524394586894587
7712,0.7718,17,50,17,640127,36317,106480,19776,0.28764573564820684,0.352557360098408
7713,0.7719,15,32,15,640159,36285,106495,19761,0.28739228234697756,0.3525853762980409
7714,0.772,13,22,13,640181,36263,106508,19748,0.2872180332023825,0.35257360161396867
7715,0.7721,11,24,11,640205,36239,106519,19737,0.2870279432264605,0.3525975418036301
7716,0.7722,14,27,14,640232,36212,106533,19723,0.28681409200354835,0.35260570304818095
7717,0.7723,23,42,23,640274,36170,106556,19700,0.286481434545685,0.3526042598890281
7718,0.7724,16,34,16,640308,36136,106572,19684,0.28621214041312887,0.35263346470798995
7719,0.7725,20,34,20,640342,36102,106592,19664,0.2859428462805728,0.3526162894953915
7720,0.7726,11,40,11,640382,36062,106603,19653,0.2856260296540362,0.3527416315175447
7721,0.7727,25,38,25,640420,36024,106628,19628,0.2853250538588265,0.3526917271616474
7722,0.7728,13,36,13,640456,35988,106641,19615,0.2850399188949436,0.3527687354998831
7723,0.7729,15,38,15,640494,35950,106656,19600,0.28473894309973385,0.35283528352835286
7724,0.773,16,30,16,640524,35920,106672,19584,0.28450133062983146,0.352839434995676
7725,0.7731,10,26,10,640550,35894,106682,19574,0.2842953998225827,0.35288815172712196
7726,0.7732,14,44,14,640594,35850,106696,19560,0.28394690153339247,0.3530048727666486
7727,0.7733,10,33,10,640627,35817,106706,19550,0.2836855278164998,0.3530984160239854
7728,0.7734,13,50,13,640677,35767,106719,19537,0.2832895070333291,0.3532655865760162
7729,0.7735,16,15,16,640692,35752,106735,19521,0.2831707007983779,0.3531742442060319
7730,0.7736,9,51,9,640743,35701,106744,19512,0.2827667595995438,0.35339503377827686
7731,0.7737,5,27,5,640770,35674,106749,19507,0.2825529083766316,0.3535093601058335
7732,0.7738,15,61,15,640831,35613,106764,19492,0.2820697630211634,0.35372470737682604
7733,0.7739,12,31,12,640862,35582,106776,19480,0.28182423013559754,0.35378300824525083
7734,0.774,12,57,12,640919,35525,106788,19468,0.2813727664427829,0.3540086920153474
7735,0.7741,13,27,13,640946,35498,106801,19455,0.28115891521987074,0.3540298072898659
7736,0.7742,11,36,11,640982,35462,106812,19444,0.28087378025598786,0.3541325173933632
7737,0.7743,17,37,17,641019,35425,106829,19427,0.28058072487644153,0.3541712243856195
7738,0.7744,21,37,21,641056,35388,106850,19406,0.2802876694968952,0.3541628645472132
7739,0.7745,7,49,7,641105,35339,106857,19399,0.2798995691293879,0.35439731082611714
7740,0.7746,17,43,17,641148,35296,106874,19382,0.2795589912558611,0.35447529170781666
7741,0.7747,25,72,25,641220,35224,106899,19357,0.2789887213280953,0.35464722156061634
7742,0.7748,17,50,17,641270,35174,106916,19340,0.2785927005449246,0.35477125142165317
7743,0.7749,20,66,20,641336,35108,106936,19320,0.27806995311113925,0.3549643565811715
7744,0.775,24,45,24,641381,35063,106960,19296,0.27771353440628566,0.35497341746536915
7745,0.7751,6,18,6,641399,35045,106966,19290,0.2775709669243442,0.35501978466918194
7746,0.7752,23,36,23,641435,35009,106989,19267,0.2772858319604613,0.35498194413737194
7747,0.7753,15,27,15,641462,34982,107004,19252,0.27707198073754913,0.3549802706789099
7748,0.7754,13,18,13,641480,34964,107017,19239,0.27692941325560766,0.3549434533143922
7749,0.7755,11,49,11,641529,34915,107028,19228,0.27654131288810035,0.3551336276157583
7750,0.7756,10,39,10,641568,34876,107038,19218,0.2762324166772272,0.35527045513365624
7751,0.7757,17,37,17,641605,34839,107055,19201,0.27593936129768093,0.3553108808290155
7752,0.7758,14,36,14,641641,34803,107069,19187,0.275654226333798,0.3553806260418596
7753,0.7759,27,44,27,641685,34759,107096,19160,0.2753057280446078,0.35534783656966934
7754,0.776,22,30,22,641715,34729,107118,19138,0.27506811557470534,0.35528245493530364
7755,0.7761,9,32,9,641747,34697,107127,19129,0.2748146622734761,0.3553858729981793
7756,0.7762,24,51,24,641798,34646,107151,19105,0.274410721074642,0.35543524771632157
7757,0.7763,4,21,4,641819,34625,107155,19101,0.2742443923457103,0.35552618843762795
7758,0.7764,16,41,16,641860,34584,107171,19085,0.2739196553035103,0.3556056568969051
7759,0.7765,15,40,15,641900,34544,107186,19070,0.27360283867697377,0.3556906778080352
7760,0.7766,18,39,18,641939,34505,107204,19052,0.2732939424661006,0.35573314412681817
7761,0.7767,13,47,13,641986,34458,107217,19039,0.27292168292992014,0.3558891152774922
7762,0.7768,4,21,4,642007,34437,107221,19035,0.27275535420098845,0.3559807001795332
7763,0.7769,23,53,23,642060,34384,107244,19012,0.27233557217082754,0.35605663345568955
7764,0.777,10,37,10,642097,34347,107254,19002,0.2720425167912812,0.35618287128156106
7765,0.7771,18,40,18,642137,34307,107272,18984,0.2717257001647446,0.35623275975305396
7766,0.7772,16,31,16,642168,34276,107288,18968,0.2714801672791788,0.3562467132446848
7767,0.7773,10,25,10,642193,34251,107298,18958,0.27128215688759344,0.3562931083087448
7768,0.7774,11,48,11,642241,34203,107309,18947,0.2709019769357496,0.3564816556914393
7769,0.7775,24,32,24,642273,34171,107333,18923,0.27064852363452035,0.35640562022074057
7770,0.7776,14,34,14,642307,34137,107347,18909,0.27037922950196425,0.3564642008822531
7771,0.7777,10,29,10,642336,34108,107357,18899,0.27014953744772524,0.3565378157601826
7772,0.7778,13,43,13,642379,34065,107370,18886,0.2698089595741985,0.3566693735717928
7773,0.7779,6,18,6,642397,34047,107376,18880,0.269666392092257,0.3567177433068188
7774,0.778,15,37,15,642434,34010,107391,18865,0.2693733367127107,0.35678486997635933
7775,0.7781,10,28,10,642462,33982,107401,18855,0.26915156507413507,0.3568522058406041
7776,0.7782,14,32,14,642494,33950,107415,18841,0.26889811177290585,0.35689795609100033
7777,0.7783,16,41,16,642535,33909,107431,18825,0.26857337473070586,0.3569803163044715
7778,0.7784,13,32,13,642567,33877,107444,18812,0.26831992142947664,0.3570384710281083
7779,0.7785,19,72,19,642639,33805,107463,18793,0.2677496515017108,0.35729495418076734
7780,0.7786,9,24,9,642663,33781,107472,18784,0.26755956152578886,0.35734804527727576
7781,0.7787,9,47,9,642710,33734,107481,18775,0.26718730198960844,0.3575577520044183
7782,0.7788,17,29,17,642739,33705,107498,18758,0.26695760993536943,0.3575472237576959
7783,0.7789,13,33,13,642772,33672,107511,18745,0.26669623621847677,0.35761298815269854
7784,0.779,19,47,19,642819,33625,107530,18726,0.2663239766822963,0.35770090351664724
7785,0.7791,27,34,27,642853,33591,107557,18699,0.2660546825497402,0.35760183591508893
7786,0.7792,8,50,8,642903,33541,107565,18691,0.2656586617665695,0.3578457650482463
7787,0.7793,13,18,13,642921,33523,107578,18678,0.2655160942846281,0.35780923737093157
7788,0.7794,10,36,10,642957,33487,107588,18668,0.26523095932074514,0.35793308407631097
7789,0.7795,18,31,18,642988,33456,107606,18650,0.2649854264351793,0.3579242313745058
7790,0.7796,12,35,12,643023,33421,107618,18638,0.2647082118869598,0.358016865479552
7791,0.7797,7,38,7,643061,33383,107625,18631,0.2644072360917501,0.35819202522397814
7792,0.7798,10,29,10,643090,33354,107635,18621,0.2641775440375111,0.3582683982683983
7793,0.7799,8,13,8,643103,33341,107643,18613,0.2640745786338867,0.35825922931824306
7794,0.78,19,48,19,643151,33293,107662,18594,0.2636943986820428,0.358355657486461
7795,0.7801,12,35,12,643186,33258,107674,18582,0.26341718413382337,0.35844907407407406
7796,0.7802,11,31,11,643217,33227,107685,18571,0.26317165124825753,0.3585273562685818
7797,0.7803,28,52,28,643269,33175,107713,18543,0.26275978963375995,0.35854054681155495
7798,0.7804,5,11,5,643280,33164,107718,18538,0.2626726650614624,0.3585547947855015
7799,0.7805,6,23,6,643303,33141,107724,18532,0.2624904955012039,0.35863990865635825
7800,0.7806,16,36,16,643339,33105,107740,18516,0.262205360537321,0.3586912303132446
7801,0.7807,15,42,15,643381,33063,107755,18501,0.2618727030794576,0.3587968350011636
7802,0.7808,15,28,15,643409,33035,107770,18486,0.26165093144088203,0.3588051474156169
7803,0.7809,14,32,14,643441,33003,107784,18472,0.26139747813965275,0.35885381253035453
7804,0.781,6,28,6,643469,32975,107790,18466,0.2611757065010772,0.358974358974359
7805,0.7811,13,33,13,643502,32942,107803,18453,0.2609143327841845,0.3590427084346726
7806,0.7812,15,52,15,643554,32890,107818,18438,0.260502471169687,0.3592191396508728
7807,0.7813,11,20,11,643574,32870,107829,18427,0.2603440628564187,0.3592217868491335
7808,0.7814,19,24,19,643598,32846,107848,18408,0.26015397288049674,0.35915245639364735
7809,0.7815,13,38,13,643636,32808,107861,18395,0.25985299708528703,0.35925629357654826
7810,0.7816,9,26,9,643662,32782,107870,18386,0.2596470662780383,0.35932614133833646
7811,0.7817,7,32,7,643694,32750,107877,18379,0.259393612976809,0.3594633182733869
7812,0.7818,8,22,8,643716,32728,107885,18371,0.2592193638322139,0.359517798782755
7813,0.7819,13,52,13,643768,32676,107898,18358,0.25880750221771637,0.35972097033350314
7814,0.782,31,45,31,643813,32631,107929,18327,0.2584510835128628,0.35964912280701755
7815,0.7821,12,48,12,643861,32583,107941,18315,0.25807090356101886,0.359837321702228
7816,0.7822,13,30,13,643891,32553,107954,18302,0.25783329109111647,0.3598859502507128
7817,0.7823,22,47,22,643938,32506,107976,18280,0.257461031554936,0.3599417162210058
7818,0.7824,11,45,11,643983,32461,107987,18269,0.25710461285008235,0.3601222156514883
7819,0.7825,11,30,11,644013,32431,107998,18258,0.25686700038017996,0.36019649233561524
7820,0.7826,8,47,8,644060,32384,108006,18250,0.2564947408439995,0.36042975076035866
7821,0.7827,20,38,20,644098,32346,108026,18230,0.25619376504878977,0.3604476431509016
7822,0.7828,17,33,17,644131,32313,108043,18213,0.2559323913318971,0.360467877924237
7823,0.7829,10,39,10,644170,32274,108053,18203,0.25562349512102395,0.36061968817481227
7824,0.783,9,29,9,644199,32245,108062,18194,0.25539380306678494,0.36071294038343343
7825,0.7831,7,32,7,644231,32213,108069,18187,0.2551403497655557,0.3608531746031746
7826,0.7832,15,29,15,644260,32184,108084,18172,0.2549106577113167,0.3608706013186115
7827,0.7833,13,43,13,644303,32141,108097,18159,0.2545700798377899,0.361013916500994
7828,0.7834,13,47,13,644350,32094,108110,18146,0.2541978203016094,0.36118630573248406
7829,0.7835,10,29,10,644379,32065,108120,18136,0.2539681282473704,0.361267703830601
7830,0.7836,13,32,13,644411,32033,108133,18123,0.2537146749461412,0.3613326421564718
7831,0.7837,16,40,16,644451,31993,108149,18107,0.2533978583196046,0.36141716566866267
7832,0.7838,8,24,8,644475,31969,108157,18099,0.2532077683436827,0.3614883758088999
7833,0.7839,14,58,14,644533,31911,108171,18085,0.2527483842352047,0.3617289383150652
7834,0.784,17,36,17,644569,31875,108188,18068,0.25246324927132174,0.36177242055943776
7835,0.7841,17,31,17,644600,31844,108205,18051,0.2522177163857559,0.36177973744864217
7836,0.7842,24,46,24,644646,31798,108229,18027,0.2518533772652389,0.36180632212744607
7837,0.7843,7,21,7,644667,31777,108236,18020,0.2516870485363072,0.3618691889069623
7838,0.7844,12,28,12,644695,31749,108248,18008,0.25146527689773157,0.3619189259802641
7839,0.7845,8,16,8,644711,31733,108256,18000,0.251338550247117,0.3619327207286912
7840,0.7846,20,25,20,644736,31708,108276,17980,0.25114053985553164,0.36185799388182255
7841,0.7847,15,43,15,644779,31665,108291,17965,0.2507999619820048,0.3619786419504332
7842,0.7848,27,64,27,644843,31601,108318,17938,0.2502930553795463,0.36209854861826035
7843,0.7849,16,25,16,644868,31576,108334,17922,0.250095044987961,0.362075235363045
7844,0.785,19,38,19,644906,31538,108353,17903,0.24979406919275124,0.36210837159442566
7845,0.7851,12,15,12,644921,31523,108365,17891,0.24967526295780001,0.36206338284696643
7846,0.7852,16,36,16,644957,31487,108381,17875,0.24939012799391713,0.3621206596167092
7847,0.7853,24,55,24,645012,31432,108405,17851,0.24895450513242934,0.3622141509242538
7848,0.7854,16,46,16,645058,31386,108421,17835,0.2485901660119123,0.3623453404034863
7849,0.7855,24,48,24,645106,31338,108445,17811,0.24820998606006844,0.36238784105475186
7850,0.7856,11,33,11,645139,31305,108456,17800,0.24794861234317578,0.3624885449546889
7851,0.7857,15,38,15,645177,31267,108471,17785,0.24764763654796604,0.36257441082932396
7852,0.7858,15,27,15,645204,31240,108486,17770,0.24743378532505386,0.3625790654968374
7853,0.7859,13,33,13,645237,31207,108499,17757,0.2471724116081612,0.3626541949187158
7854,0.786,37,64,37,645301,31143,108536,17720,0.2466655050057027,0.3626465833043407
7855,0.7861,18,32,18,645333,31111,108554,17702,0.24641205170447344,0.36264929424538545
7856,0.7862,17,37,17,645370,31074,108571,17685,0.24611899632492712,0.36270227035008923
7857,0.7863,20,36,20,645406,31038,108591,17665,0.24583386136104424,0.36270866271071595
7858,0.7864,20,36,20,645442,31002,108611,17645,0.24554872639716133,0.3627150697884762
7859,0.7865,9,28,9,645470,30974,108620,17636,0.24532695475858574,0.3628060069944456
7860,0.7866,11,25,11,645495,30949,108631,17625,0.2451289443670004,0.3628484374356652
7861,0.7867,18,46,18,645541,30903,108649,17607,0.24476460524648333,0.3629560915275201
7862,0.7868,10,16,10,645557,30887,108659,17597,0.24463787859586872,0.3629444765283392
7863,0.7869,8,24,8,645581,30863,108667,17589,0.2444477886199468,0.3630190704202097
7864,0.787,23,36,23,645617,30827,108690,17566,0.24416265365606388,0.36298638232802266
7865,0.7871,21,53,21,645670,30774,108711,17545,0.24374287162590294,0.3631076802086136
7866,0.7872,25,49,25,645719,30725,108736,17520,0.24335477125839564,0.3631464400456006
7867,0.7873,10,46,10,645765,30679,108746,17510,0.2429904321378786,0.3633609329930067
7868,0.7874,3,7,3,645772,30672,108749,17507,0.2429349892282347,0.3633740841445443
7869,0.7875,19,58,19,645830,30614,108768,17488,0.2424756051197567,0.36356076670408716
7870,0.7876,19,48,19,645878,30566,108787,17469,0.24209542516791283,0.3636723222650151
7871,0.7877,13,34,13,645912,30532,108800,17456,0.24182613103535675,0.3637576060681837
7872,0.7878,16,20,16,645932,30512,108816,17440,0.24166772272208845,0.36369703036369705
7873,0.7879,12,31,12,645963,30481,108828,17428,0.2414221898365226,0.3637729862865015
7874,0.788,19,42,19,646005,30439,108847,17409,0.24108953237865924,0.36383965891991304
7875,0.7881,12,34,12,646039,30405,108859,17397,0.24082023824610316,0.36393874733274756
7876,0.7882,10,14,10,646053,30391,108869,17387,0.24070935242681535,0.3639122608732052
7877,0.7883,22,29,22,646082,30362,108891,17365,0.24047966037257634,0.36384017432480564
7878,0.7884,18,37,18,646119,30325,108909,17347,0.24018660499303005,0.36388236281255243
7879,0.7885,20,52,20,646171,30273,108929,17327,0.2397747433785325,0.3640126050420168
7880,0.7886,10,36,10,646207,30237,108939,17317,0.2394896084146496,0.36415443495815286
7881,0.7887,10,19,10,646226,30218,108949,17307,0.23933912051704473,0.3641662283008943
7882,0.7888,27,55,27,646281,30163,108976,17280,0.23890349765555696,0.36422654553885714
7883,0.7889,11,33,11,646314,30130,108987,17269,0.2386421239386643,0.3643325808561362
7884,0.789,7,21,7,646335,30109,108994,17262,0.2384757952097326,0.3644001604357096
7885,0.7891,11,23,11,646358,30086,109005,17251,0.2382936256494741,0.3644295160234066
7886,0.7892,12,27,12,646385,30059,109017,17239,0.23807977442656192,0.3644762992092689
7887,0.7893,8,29,8,646414,30030,109025,17231,0.2378500823723229,0.3645923700302575
7888,0.7894,15,27,15,646441,30003,109040,17216,0.2376362311494107,0.36459899616679725
7889,0.7895,13,52,13,646493,29951,109053,17203,0.2372243695349132,0.3648258896382067
7890,0.7896,14,30,14,646523,29921,109067,17189,0.23698675706501077,0.36486945446826574
7891,0.7897,10,23,10,646546,29898,109077,17179,0.23680458750475225,0.3649128024300614
7892,0.7898,15,42,15,646588,29856,109092,17164,0.23647193004688885,0.3650361548277329
7893,0.7899,11,34,11,646622,29822,109103,17153,0.2362026359143328,0.3651516764236296
7894,0.79,17,48,17,646670,29774,109120,17136,0.2358224559624889,0.3652952462161586
7895,0.7901,6,18,6,646688,29756,109126,17130,0.23567988848054747,0.3653542635328243
7896,0.7902,24,29,24,646717,29727,109150,17106,0.23545019642630846,0.3652552687207738
7897,0.7903,22,52,22,646769,29675,109172,17084,0.2350383348118109,0.3653628178532475
7898,0.7904,9,38,9,646807,29637,109181,17075,0.2347373590166012,0.36553776331563625
7899,0.7905,11,44,11,646851,29593,109192,17064,0.23438886072741097,0.36573290181537604
7900,0.7906,22,49,22,646900,29544,109214,17042,0.2340007603599037,0.3658180569269738
7901,0.7907,11,35,11,646935,29509,109225,17031,0.2337235458116842,0.3659432746024925
7902,0.7908,12,36,12,646971,29473,109237,17019,0.2334384108478013,0.36606297857695946
7903,0.7909,16,28,16,646999,29445,109253,17003,0.2332166392092257,0.3660652772993455
7904,0.791,10,40,10,647039,29405,109263,16993,0.23289982258268915,0.36624423466528727
7905,0.7911,10,27,10,647066,29378,109273,16983,0.23268597135977695,0.3663208300079808
7906,0.7912,14,41,14,647107,29337,109287,16969,0.232361234317577,0.3664535913272578
7907,0.7913,5,26,5,647133,29311,109292,16964,0.23215530351032823,0.36659103187466235
7908,0.7914,10,20,10,647153,29291,109302,16954,0.23199689519705993,0.36661260676829927
7909,0.7915,9,19,9,647172,29272,109311,16945,0.23184640729945508,0.3666399809593872
7910,0.7916,10,26,10,647198,29246,109321,16935,0.23164047649220632,0.3667092527229813
7911,0.7917,8,25,8,647223,29221,109329,16927,0.23144246610062097,0.36679812776285
7912,0.7918,24,36,24,647259,29185,109353,16903,0.23115733113673806,0.3667549036625586
7913,0.7919,17,25,17,647284,29160,109370,16886,0.2309593207451527,0.3667202362854537
7914,0.792,16,39,16,647323,29121,109386,16870,0.23065042453427956,0.3668108977843491
7915,0.7921,15,22,15,647345,29099,109401,16855,0.23047617538968446,0.36677982330156245
7916,0.7922,16,32,16,647377,29067,109417,16839,0.2302227220884552,0.36681479545157497
7917,0.7923,11,32,11,647409,29035,109428,16828,0.22996926878722596,0.3669188670605935
7918,0.7924,15,43,15,647452,28992,109443,16813,0.22962869091369914,0.3670559982534658
7919,0.7925,17,41,17,647493,28951,109460,16796,0.22930395387149918,0.3671497584541063
7920,0.7926,13,43,13,647536,28908,109473,16783,0.22896337599797237,0.3673152261933422
7921,0.7927,23,43,23,647579,28865,109496,16760,0.22862279812444558,0.36734246575342466
7922,0.7928,12,48,12,647627,28817,109508,16748,0.2282426181726017,0.36756282234170967
7923,0.7929,9,25,9,647652,28792,109517,16739,0.22804460778101635,0.367639630142101
7924,0.793,21,31,21,647683,28761,109538,16718,0.2277990748954505,0.3675982321511027
7925,0.7931,12,30,12,647713,28731,109550,16706,0.2275614624255481,0.3676739221339437
7926,0.7932,26,37,26,647750,28694,109576,16680,0.22726840704600176,0.3676114074139375
7927,0.7933,30,47,30,647797,28647,109606,16650,0.22689614750982132,0.367574011523942
7928,0.7934,16,39,16,647836,28608,109622,16634,0.22658725129894816,0.3676672118827638
7929,0.7935,21,34,21,647870,28574,109643,16613,0.22631795716639208,0.3676499878283577
7930,0.7936,25,27,25,647897,28547,109668,16588,0.2261041059434799,0.36751966323252466
7931,0.7937,17,44,17,647941,28503,109685,16571,0.2257556076542897,0.3676398810844389
7932,0.7938,21,52,21,647993,28451,109706,16550,0.22534374603979218,0.3677696051198862
7933,0.7939,28,60,28,648053,28391,109734,16522,0.22486852109998734,0.36786676463384765
7934,0.794,28,61,28,648114,28330,109762,16494,0.22438537574451908,0.36797251472425485
7935,0.7941,4,9,4,648123,28321,109766,16490,0.22431409200354835,0.36799000245475444
7936,0.7942,18,53,18,648176,28268,109784,16472,0.2238943099733874,0.36817165847116673
7937,0.7943,22,44,22,648220,28224,109806,16450,0.22354581168419718,0.36822312754622377
7938,0.7944,14,26,14,648246,28198,109820,16436,0.22333988087694842,0.3682394587086078
7939,0.7945,20,20,20,648266,28178,109840,16416,0.22318147256368015,0.3681212719199892
7940,0.7946,9,33,9,648299,28145,109849,16407,0.22292009884678748,0.36826629556473334
7941,0.7947,13,37,13,648336,28108,109862,16394,0.22262704346724116,0.3683879376207811
7942,0.7948,10,29,10,648365,28079,109872,16384,0.22239735141300215,0.3684861570294402
7943,0.7949,13,39,13,648404,28040,109885,16371,0.222088455202129,0.368624890229898
7944,0.795,16,53,16,648457,27987,109901,16355,0.22166867317196806,0.36883767083126606
7945,0.7951,22,46,22,648503,27941,109923,16333,0.22130433405145103,0.36890725933956725
7946,0.7952,5,24,5,648527,27917,109928,16328,0.22111424407552907,0.36903604927110406
7947,0.7953,16,24,16,648551,27893,109944,16312,0.22092415409960714,0.3690080307657505
7948,0.7954,12,27,12,648578,27866,109956,16300,0.22071030287669496,0.369062174523389
7949,0.7955,18,46,18,648624,27820,109974,16282,0.22034596375617793,0.36918960591356403
7950,0.7956,17,25,17,648649,27795,109991,16265,0.22014795336459259,0.3691556967771221
7951,0.7957,11,19,11,648668,27776,110002,16254,0.2199974654669877,0.3691573926868045
7952,0.7958,17,37,17,648705,27739,110019,16237,0.21970441008744138,0.36922412224849915
7953,0.7959,21,39,21,648744,27700,110040,16216,0.21939551387656825,0.3692503871026505
7954,0.796,11,25,11,648769,27675,110051,16205,0.2191975034849829,0.36930264357338194
7955,0.7961,26,42,26,648811,27633,110077,16179,0.2188648460271195,0.3692823883867434
7956,0.7962,9,28,9,648839,27605,110086,16170,0.2186430743885439,0.3693889206167904
7957,0.7963,16,30,16,648869,27575,110102,16154,0.2184054619186415,0.36941160328386197
7958,0.7964,27,39,27,648908,27536,110129,16127,0.21809656570776834,0.36935162494560614
7959,0.7965,15,15,15,648923,27521,110144,16112,0.21797775947281714,0.3692617972635391
7960,0.7966,31,64,31,648987,27457,110175,16081,0.21747085287035864,0.36935550553539437
7961,0.7967,29,42,29,649029,27415,110204,16052,0.21713819541249524,0.36929164653645297
7962,0.7968,19,35,19,649064,27380,110223,16033,0.21686098086427577,0.3693133393223228
7963,0.7969,12,22,12,649086,27358,110235,16021,0.21668673171968064,0.3693261716498767
7964,0.797,6,16,6,649102,27342,110241,16015,0.21656000506906603,0.36937518739765207
7965,0.7971,22,61,22,649163,27281,110263,15993,0.21607685971359777,0.3695752645930582
7966,0.7972,27,48,27,649211,27233,110290,15966,0.21569667976175388,0.36959188870112736
7967,0.7973,20,55,20,649266,27178,110310,15946,0.21526105690026612,0.3697708932381041
7968,0.7974,8,14,8,649280,27164,110318,15938,0.21515017108097834,0.36977402440722007
7969,0.7975,15,27,15,649307,27137,110333,15923,0.21493631985806616,0.36978634463539245
7970,0.7976,8,25,8,649332,27112,110341,15915,0.21473830946648081,0.36988402630906175
7971,0.7977,11,22,11,649354,27090,110352,15904,0.21456406032188569,0.36991208075545423
7972,0.7978,18,36,18,649390,27054,110370,15886,0.21427892535800278,0.36995808104331623
7973,0.7979,15,26,15,649416,27028,110385,15871,0.21407299455075401,0.3699620037763118
7974,0.798,7,17,7,649433,27011,110392,15864,0.213938347484476,0.3700058309037901
7975,0.7981,14,30,14,649463,26981,110406,15850,0.21370073501457357,0.37005906936564636
7976,0.7982,17,41,17,649504,26940,110423,15833,0.21337599797237358,0.3701634208496014
7977,0.7983,19,30,19,649534,26910,110442,15814,0.21313838550247116,0.37014324501451173
7978,0.7984,8,25,8,649559,26885,110450,15806,0.21294037511088582,0.3702419713756998
7979,0.7985,12,23,12,649582,26862,110462,15794,0.2127582055506273,0.37026444111027756
7980,0.7986,12,31,12,649613,26831,110474,15782,0.21251267266506146,0.3703564639898623
7981,0.7987,19,33,19,649646,26798,110493,15763,0.2122512989481688,0.37036253847419
7982,0.7988,8,27,8,649673,26771,110501,15755,0.21203744772525662,0.3704792362319522
7983,0.7989,16,40,16,649713,26731,110517,15739,0.21172063109872005,0.3705910054155875
7984,0.799,13,37,13,649750,26694,110530,15726,0.21142757571917375,0.3707213578500707
7985,0.7991,8,22,8,649772,26672,110538,15718,0.21125332657457863,0.3707949988204765
7986,0.7992,19,32,19,649804,26640,110557,15699,0.21099987327334938,0.3707928859916389
7987,0.7993,15,28,15,649832,26612,110572,15684,0.21077810163477378,0.3708152071117836
7988,0.7994,15,32,15,649864,26580,110587,15669,0.21052464833354453,0.37087268337712137
7989,0.7995,8,19,8,649883,26561,110595,15661,0.21037416043593968,0.37092037326512245
7990,0.7996,12,36,12,649919,26525,110607,15649,0.21008902547205677,0.3710579978185612
7991,0.7997,16,29,16,649948,26496,110623,15633,0.20985933341781776,0.37107455671864986
7992,0.7998,5,18,5,649966,26478,110628,15628,0.20971676593587632,0.3711585047261673
7993,0.7999,13,15,13,649981,26463,110641,15615,0.2095979597009251,0.37109653500641665
7994,0.8,13,25,13,650006,26438,110654,15602,0.20939994930933975,0.37112274024738345
7995,0.8001,21,21,21,650027,26417,110675,15581,0.20923362058040806,0.3709938568503262
7996,0.8002,18,27,18,650054,26390,110693,15563,0.2090197693574959,0.37096274402307344
7997,0.8003,16,41,16,650095,26349,110709,15547,0.2086950323152959,0.3710855451594424
7998,0.8004,7,26,7,650121,26323,110716,15540,0.20848910150804714,0.37121085445381363
7999,0.8005,14,22,14,650143,26301,110730,15526,0.20831485236345204,0.3711956391804337
8000,0.8006,9,38,9,650181,26263,110739,15517,0.2080138765682423,0.37139779798946865
8001,0.8007,15,24,15,650205,26239,110754,15502,0.20782378659232037,0.37138544836012555
8002,0.8008,15,22,15,650227,26217,110769,15487,0.20764953744772527,0.371355265681949
8003,0.8009,7,7,7,650234,26210,110776,15480,0.20759409453808136,0.37131206524346366
8004,0.801,11,20,11,650254,26190,110787,15469,0.20743568622481307,0.3713243236755563
8005,0.8011,11,32,11,650286,26158,110798,15458,0.20718223292358384,0.3714436755094195
8006,0.8012,14,33,14,650319,26125,110812,15444,0.20692085920669118,0.3715268589573961
8007,0.8013,12,25,12,650344,26100,110824,15432,0.2067228488151058,0.37156891071944526
8008,0.8014,13,16,13,650360,26084,110837,15419,0.2065961221644912,0.37151531214610994
8009,0.8015,14,27,14,650387,26057,110851,15405,0.20638227094157902,0.3715450291833486
8010,0.8016,10,36,10,650423,26021,110861,15395,0.2060971359776961,0.37171624492949584
8011,0.8017,15,34,15,650457,25987,110876,15380,0.20582784184514002,0.37179394203108757
8012,0.8018,8,23,8,650480,25964,110884,15372,0.2056456722848815,0.37187923359783237
8013,0.8019,7,31,7,650511,25933,110891,15365,0.20540013939931567,0.37205191534699017
8014,0.802,19,42,19,650553,25891,110910,15346,0.2050674819414523,0.3721415233891893
8015,0.8021,15,38,15,650591,25853,110925,15331,0.20476650614624256,0.372256216006216
8016,0.8022,30,49,30,650640,25804,110955,15301,0.20437840577873526,0.37224181972995984
8017,0.8023,14,32,14,650672,25772,110969,15287,0.20412495247750603,0.37231788402055577
8018,0.8024,13,52,13,650724,25720,110982,15274,0.20371309086300848,0.3725911108942772
8019,0.8025,12,32,12,650756,25688,110994,15262,0.20345963756177923,0.3726984126984127
8020,0.8026,5,13,5,650769,25675,110999,15257,0.20335667215815487,0.37274015440242353
8021,0.8027,12,24,12,650793,25651,111011,15245,0.20316658218223294,0.3727748435054773
8022,0.8028,10,22,10,650815,25629,111021,15235,0.2029923330376378,0.37282204385277995
8023,0.8029,18,46,18,650861,25583,111039,15217,0.20262799391712077,0.3729656862745098
8024,0.803,12,16,12,650877,25567,111051,15205,0.20250126726650614,0.37292749926420093
8025,0.8031,8,20,8,650897,25547,111059,15197,0.20234285895323786,0.37298743373257415
8026,0.8032,10,27,10,650924,25520,111069,15187,0.2021290077303257,0.3730807969145356
8027,0.8033,6,18,6,650942,25502,111075,15181,0.20198644024838425,0.3731534055993904
8028,0.8034,16,25,16,650967,25477,111091,15165,0.20178842985679887,0.37313616455883075
8029,0.8035,19,38,19,651005,25439,111110,15146,0.20148745406158916,0.3731920660342491
8030,0.8036,9,28,9,651033,25411,111119,15137,0.20126568242301357,0.3733106441748052
8031,0.8037,11,32,11,651065,25379,111130,15126,0.20101222912178432,0.37343537834835205
8032,0.8038,13,21,13,651086,25358,111143,15113,0.2008459003928526,0.37342788663487436
8033,0.8039,12,40,12,651126,25318,111155,15101,0.20052908376631606,0.37361142037160744
8034,0.804,14,35,14,651161,25283,111169,15087,0.20025186921809657,0.37371810750557344
8035,0.8041,18,32,18,651193,25251,111187,15069,0.19999841591686732,0.373735119047619
8036,0.8042,15,29,15,651222,25222,111202,15054,0.1997687238626283,0.37377098023636907
8037,0.8043,9,29,9,651251,25193,111211,15045,0.1995390318083893,0.37390029325513197
8038,0.8044,17,30,17,651281,25163,111228,15028,0.19930141933848688,0.3739145579856187
8039,0.8045,16,38,16,651319,25125,111244,15012,0.19900044354327714,0.37401898497645564
8040,0.8046,4,23,4,651342,25102,111248,15008,0.19881827398301863,0.37417102966841187
8041,0.8047,11,38,11,651380,25064,111259,14997,0.1985172981878089,0.37435410998227703
8042,0.8048,8,20,8,651400,25044,111267,14989,0.19835888987454062,0.3744161067119626
8043,0.8049,21,28,21,651428,25016,111288,14968,0.19813711823596503,0.3743497398959584
8044,0.805,11,12,11,651440,25004,111299,14957,0.19804207324800405,0.3742899326843673
8045,0.8051,13,31,13,651471,24973,111312,14944,0.1977965403624382,0.374376831926247
8046,0.8052,15,27,15,651498,24946,111327,14929,0.19758268913952604,0.3743949843260188
8047,0.8053,22,33,22,651531,24913,111349,14907,0.19732131542263337,0.3743596182822702
8048,0.8054,20,31,20,651562,24882,111369,14887,0.19707578253706753,0.3743367949910735
8049,0.8055,13,19,13,651581,24863,111382,14874,0.19692529463946268,0.37431109545260083
8050,0.8056,16,31,16,651612,24832,111398,14858,0.19667976175389684,0.3743512219702696
8051,0.8057,9,17,9,651629,24815,111407,14849,0.19654511468761882,0.37436970552642196
8052,0.8058,3,12,3,651641,24803,111410,14846,0.19645006969965784,0.3744356730308457
8053,0.8059,13,34,13,651675,24769,111423,14833,0.19618077556710176,0.3745517903136205
8054,0.806,21,58,21,651733,24711,111444,14812,0.19572139145862374,0.374769121777193
8055,0.8061,10,33,10,651766,24678,111454,14802,0.19546001774173108,0.3749240121580547
8056,0.8062,14,53,14,651819,24625,111468,14788,0.19504023571157014,0.375206150254992
8057,0.8063,14,28,14,651847,24597,111482,14774,0.19481846407299455,0.37525081913083236
8058,0.8064,22,41,22,651888,24556,111504,14752,0.19449372703079457,0.3752925613106747
8059,0.8065,10,20,10,651908,24536,111514,14742,0.1943353187175263,0.3753246091959876
8060,0.8066,6,24,6,651932,24512,111520,14736,0.19414522874160436,0.3754586220953934
8061,0.8067,4,16,4,651948,24496,111524,14732,0.19401850209098973,0.3755480779035383
8062,0.8068,8,17,8,651965,24479,111532,14724,0.1938838550247117,0.3755835012626585
8063,0.8069,18,42,18,652007,24437,111550,14706,0.1935511975668483,0.3756993587614644
8064,0.807,12,26,12,652033,24411,111562,14694,0.19334526675959954,0.37575757575757573
8065,0.8071,17,29,17,652062,24382,111579,14677,0.19311557470536053,0.37576486853222046
8066,0.8072,13,35,13,652097,24347,111592,14664,0.19283836015714104,0.3758939786214145
8067,0.8073,8,23,8,652120,24324,111600,14656,0.19265619059688252,0.37598768599281684
8068,0.8074,12,22,12,652142,24302,111612,14644,0.19248194145228742,0.376007805679659
8069,0.8075,15,48,15,652190,24254,111627,14629,0.19210176150044353,0.37623125787619266
8070,0.8076,3,21,3,652211,24233,111630,14626,0.19193543277151184,0.37638642270773826
8071,0.8077,6,17,6,652228,24216,111636,14620,0.19180078570523382,0.37645483571943555
8072,0.8078,6,17,6,652245,24199,111642,14614,0.19166613863895576,0.37652332981217634
8073,0.8079,19,57,19,652302,24142,111661,14595,0.19121467494614117,0.3767715620724372
8074,0.808,14,16,14,652318,24126,111675,14581,0.19108794829552656,0.3767018885472912
8075,0.8081,12,38,12,652356,24088,111687,14569,0.19078697250031681,0.3768787024342293
8076,0.8082,10,35,10,652391,24053,111697,14559,0.19050975795209732,0.3770589454055734
8077,0.8083,16,38,16,652429,24015,111713,14543,0.1902087821568876,0.3771720524923492
8078,0.8084,14,35,14,652464,23980,111727,14529,0.1899315676086681,0.3772884260822145
8079,0.8085,14,23,14,652487,23957,111741,14515,0.18974939804840957,0.37728737783322935
8080,0.8086,11,20,11,652507,23937,111752,14504,0.1895909897351413,0.37730548112692175
8081,0.8087,8,22,8,652529,23915,111760,14496,0.1894167405905462,0.3773918929473328
8082,0.8088,8,26,8,652555,23889,111768,14488,0.18921080978329743,0.37751778408942854
8083,0.8089,14,31,14,652586,23858,111782,14474,0.1889652768977316,0.37759574246060734
8084,0.809,22,31,22,652617,23827,111804,14452,0.18871974401216576,0.3775438229838815
8085,0.8091,7,20,7,652637,23807,111811,14445,0.18856133569889746,0.3776273136045174
8086,0.8092,14,29,14,652666,23778,111825,14431,0.18833164364465846,0.3776858855243529
8087,0.8093,23,41,23,652707,23737,111848,14408,0.1880069066024585,0.3777166076812164
8088,0.8094,12,23,12,652730,23714,111860,14396,0.18782473704219999,0.37774862240881657
8089,0.8095,15,28,15,652758,23686,111875,14381,0.1876029654036244,0.37778128037407727
8090,0.8096,17,49,17,652807,23637,111892,14364,0.1872148650361171,0.3779900528933449
8091,0.8097,24,61,24,652868,23576,111916,14340,0.18673171968064883,0.37820445194640784
8092,0.8098,9,31,9,652899,23545,111925,14331,0.186486186795083,0.37836624775583483
8093,0.8099,17,61,17,652960,23484,111942,14314,0.18600304143961474,0.3786972855706651
8094,0.81,19,44,19,653004,23440,111961,14295,0.18565454315042454,0.3788260235855307
8095,0.8101,14,39,14,653043,23401,111975,14281,0.18534564693955138,0.37898731489835996
8096,0.8102,17,47,17,653090,23354,111992,14264,0.18497338740337094,0.3791801797012069
8097,0.8103,14,23,14,653113,23331,112006,14250,0.1847912178431124,0.37918096910672944
8098,0.8104,16,24,16,653137,23307,112022,14234,0.18460112786719046,0.37915878639354306
8099,0.8105,11,30,11,653167,23277,112033,14223,0.18436351539728804,0.37928
8100,0.8106,11,32,11,653199,23245,112044,14212,0.1841100620960588,0.37942173692500736
8101,0.8107,17,44,17,653243,23201,112061,14195,0.1837615638068686,0.37958605198416945
8102,0.8108,8,25,8,653268,23176,112069,14187,0.18356355341528324,0.3797071969595589
8103,0.8109,17,29,17,653297,23147,112086,14170,0.18333386136104424,0.379719698796795
8104,0.811,9,22,9,653319,23125,112095,14161,0.1831596122164491,0.37979402456686157
8105,0.8111,16,18,16,653337,23107,112111,14145,0.18301704473450767,0.37971115644797593
8106,0.8112,18,23,18,653360,23084,112129,14127,0.18283487517424915,0.379645803660208
8107,0.8113,17,27,17,653387,23057,112146,14110,0.18262102395133697,0.37963785078160733
8108,0.8114,10,15,10,653402,23042,112156,14100,0.18250221771638575,0.3796241451725809
8109,0.8115,8,15,8,653417,23027,112164,14092,0.18238341148143455,0.37964384816401303
8110,0.8116,14,30,14,653447,22997,112178,14078,0.18214579901153213,0.3797167902899528
8111,0.8117,24,59,24,653506,22938,112202,14054,0.1816784944873907,0.37991998269896193
8112,0.8118,13,41,13,653547,22897,112215,14041,0.18135375744519072,0.38012345010558235
8113,0.8119,9,28,9,653575,22869,112224,14032,0.18113198580661513,0.38026069754207203
8114,0.812,18,36,18,653611,22833,112242,14014,0.18084685084273222,0.38032947051320326
8115,0.8121,11,20,11,653631,22813,112253,14003,0.18068844252946395,0.3803509343763581
8116,0.8122,6,34,6,653665,22779,112259,13997,0.18041914839690787,0.3806014792255819
8117,0.8123,12,22,12,653687,22757,112271,13985,0.18024489925231277,0.380627075281694
8118,0.8124,22,37,22,653724,22720,112293,13963,0.17995184387276644,0.38063953329880323
8119,0.8125,10,26,10,653750,22694,112303,13953,0.17974591306551768,0.3807405790378476
8120,0.8126,8,31,8,653781,22663,112311,13945,0.17950038017995185,0.3809276660839161
8121,0.8127,7,15,7,653796,22648,112318,13938,0.17938157394500062,0.3809653965997923
8122,0.8128,13,24,13,653820,22624,112331,13925,0.1791914839690787,0.38099537607048073
8123,0.8129,9,21,9,653841,22603,112340,13916,0.179025155240147,0.3810619129768066
8124,0.813,18,34,18,653875,22569,112358,13898,0.17875586110759092,0.381111690021115
8125,0.8131,14,31,14,653906,22538,112372,13884,0.1785103282220251,0.3811981769260337
8126,0.8132,14,15,14,653921,22523,112386,13870,0.1783915219870739,0.38111724782238343
8127,0.8133,8,22,8,653943,22501,112394,13862,0.17821727284247876,0.3812116712042461
8128,0.8134,7,19,7,653962,22482,112401,13855,0.1780667849448739,0.38129179624074633
8129,0.8135,21,28,21,653990,22454,112422,13834,0.17784501330629832,0.3812279541446208
8130,0.8136,20,22,20,654012,22432,112442,13814,0.17767076416170322,0.3811179164597473
8131,0.8137,13,27,13,654039,22405,112455,13801,0.17745691293879104,0.3811799149312269
8132,0.8138,12,23,12,654062,22382,112467,13789,0.1772747433785325,0.3812169970418291
8133,0.8139,16,38,16,654100,22344,112483,13773,0.17697376758332278,0.38134396544563504
8134,0.814,9,30,9,654130,22314,112492,13764,0.17673615511342036,0.381506735406619
8135,0.8141,13,25,13,654155,22289,112505,13751,0.176538144721835,0.38154827968923416
8136,0.8142,13,33,13,654188,22256,112518,13738,0.17627677100494235,0.3816747235650386
8137,0.8143,20,44,20,654232,22212,112538,13718,0.17592827271575212,0.38179794043974397
8138,0.8144,22,22,22,654254,22190,112560,13696,0.17575402357115702,0.3816530123167809
8139,0.8145,18,35,18,654289,22155,112578,13678,0.17547680902293752,0.3817151787458488
8140,0.8146,4,12,4,654301,22143,112582,13674,0.17538176403497654,0.38177401792444926
8141,0.8147,16,16,16,654317,22127,112598,13658,0.17525503738436193,0.38166829677239067
8142,0.8148,9,30,9,654347,22097,112607,13649,0.1750174249144595,0.3818329323560678
8143,0.8149,3,14,3,654361,22083,112610,13646,0.1749065390951717,0.3819306445744353
8144,0.815,27,33,27,654394,22050,112637,13619,0.17464516537827907,0.3818161428691581
8145,0.8151,13,15,13,654409,22035,112650,13606,0.17452635914332784,0.3817513537779524
8146,0.8152,15,40,15,654449,21995,112665,13591,0.17420954251679127,0.3819198561231945
8147,0.8153,9,16,9,654465,21979,112674,13582,0.17408281586617666,0.3819352661623689
8148,0.8154,7,10,7,654475,21969,112681,13575,0.1740036117095425,0.3819209993247806
8149,0.8155,10,33,10,654508,21936,112691,13565,0.17374223799264985,0.3821019126221797
8150,0.8156,21,34,21,654542,21902,112712,13544,0.17347294386009376,0.38210235287479544
8151,0.8157,9,18,9,654560,21884,112721,13535,0.17333037637815232,0.382139529630989
8152,0.8158,7,31,7,654591,21853,112728,13528,0.1730848434925865,0.3823521098894887
8153,0.8159,6,29,6,654620,21824,112734,13522,0.17285515143834748,0.3825609687093306
8154,0.816,14,29,14,654649,21795,112748,13508,0.17262545938410848,0.38263037135654193
8155,0.8161,16,16,16,654665,21779,112764,13492,0.17249873273349386,0.38252388647897706
8156,0.8162,8,23,8,654688,21756,112772,13484,0.17231656317323532,0.382633371169126
8157,0.8163,12,23,12,654711,21733,112784,13472,0.1721343936129768,0.38267291577900864
8158,0.8164,10,21,10,654732,21712,112794,13462,0.17196806488404512,0.3827258770682891
8159,0.8165,13,31,13,654763,21681,112807,13449,0.17172253199847928,0.38283518360375746
8160,0.8166,11,33,11,654796,21648,112818,13438,0.17146115828158662,0.38300176708658723
8161,0.8167,10,27,10,654823,21621,112828,13428,0.17124730705867444,0.38312077377385945
8162,0.8168,8,21,8,654844,21600,112836,13420,0.17108097832974276,0.3832095945174186
8163,0.8169,15,40,15,654884,21560,112851,13405,0.17076416170320619,0.3833833833833834
8164,0.817,17,19,17,654903,21541,112868,13388,0.17061367380560133,0.3832918205502591
8165,0.8171,10,20,10,654923,21521,112878,13378,0.17045526549233303,0.3833347660391415
8166,0.8172,25,61,25,654984,21460,112903,13353,0.16997212013686477,0.3835636112946313
8167,0.8173,21,53,21,655037,21407,112924,13332,0.16955233810670384,0.38377615935979736
8168,0.8174,19,39,19,655076,21368,112943,13313,0.16924344189583068,0.38387013061907094
8169,0.8175,16,27,16,655103,21341,112959,13297,0.1690295906729185,0.3838847508516658
8170,0.8176,11,29,11,655132,21312,112970,13286,0.1687998986186795,0.3840106364529742
8171,0.8177,9,20,9,655152,21292,112979,13277,0.16864149030541123,0.384072434840464
8172,0.8178,8,29,8,655181,21263,112987,13269,0.16841179825117222,0.3842522877331171
8173,0.8179,16,38,16,655219,21225,113003,13253,0.16811082245596248,0.384390045826324
8174,0.818,20,50,20,655269,21175,113023,13233,0.1677148016727918,0.3845907928388747
8175,0.8181,31,46,31,655315,21129,113054,13202,0.16735046255227473,0.38455040633829485
8176,0.8182,9,18,9,655333,21111,113063,13193,0.1672078950703333,0.3845907182835821
8177,0.8183,16,18,16,655351,21093,113079,13177,0.16706532758839185,0.38450539830755764
8178,0.8184,22,39,22,655390,21054,113101,13155,0.1667564313775187,0.3845479259843901
8179,0.8185,12,25,12,655415,21029,113113,13143,0.16655842098593335,0.3846131335596395
8180,0.8186,8,19,8,655434,21010,113121,13135,0.16640793308832846,0.3846829696880949
8181,0.8187,14,37,14,655471,20973,113135,13121,0.16611487770878217,0.384847773801842
8182,0.8188,14,24,14,655495,20949,113149,13107,0.1659247877328602,0.3848661028893587
8183,0.8189,22,31,22,655526,20918,113171,13085,0.1656792548472944,0.3848189865600094
8184,0.819,14,32,14,655558,20886,113185,13071,0.16542580154606515,0.3849279971728951
8185,0.8191,17,40,17,655598,20846,113202,13054,0.16510898491952858,0.3850737463126844
8186,0.8192,8,26,8,655624,20820,113210,13046,0.16490305411227982,0.38522411858501154
8187,0.8193,10,23,10,655647,20797,113220,13036,0.1647208845520213,0.38530428871220407
8188,0.8194,15,34,15,655681,20763,113235,13021,0.16445159041946522,0.3854191333175468
8189,0.8195,10,24,10,655705,20739,113245,13011,0.1642615004435433,0.38551111111111114
8190,0.8196,11,31,11,655736,20708,113256,13000,0.16401596755797745,0.38566512400617065
8191,0.8197,17,30,17,655766,20678,113273,12983,0.16377835508807503,0.3856985829298001
8192,0.8198,18,26,18,655792,20652,113291,12965,0.16357242428082625,0.38566796561263644
8193,0.8199,21,35,21,655827,20617,113312,12944,0.16329520973260678,0.38568576621673967
8194,0.82,8,25,8,655852,20592,113320,12936,0.1630971993410214,0.3858267716535433
8195,0.8201,13,16,13,655868,20576,113333,12923,0.1629704726904068,0.3857727096331234
8196,0.8202,14,32,14,655900,20544,113347,12909,0.16271701938917754,0.3858846740202672
8197,0.8203,16,42,16,655942,20502,113363,12893,0.16238436193131414,0.38607575984428805
8198,0.8204,14,25,14,655967,20477,113377,12879,0.1621863515397288,0.38610744693608345
8199,0.8205,6,22,6,655989,20455,113383,12873,0.1620121023951337,0.38625180028804607
8200,0.8206,14,33,14,656022,20422,113397,12859,0.16175072867824103,0.3863766112797091
8201,0.8207,4,9,4,656031,20413,113401,12855,0.1616794449372703,0.3864073584225081
8202,0.8208,10,27,10,656058,20386,113411,12845,0.16146559371435812,0.38653666756943816
8203,0.8209,0,12,0,656070,20374,113411,12845,0.16137054872639717,0.38667629970799844
8204,0.821,17,30,17,656100,20344,113428,12828,0.16113293625649475,0.3867116845532377
8205,0.8211,19,38,19,656138,20306,113447,12809,0.160831960461285,0.3868035633398762
8206,0.8212,5,14,5,656152,20292,113452,12804,0.16072107464199722,0.3868745467730239
8207,0.8213,12,27,12,656179,20265,113464,12792,0.16050722341908502,0.38696796442508397
8208,0.8214,20,21,20,656200,20244,113484,12772,0.16034089469015333,0.38684274291252724
8209,0.8215,15,34,15,656234,20210,113499,12757,0.16007160055759725,0.3869627202960536
8210,0.8216,4,15,4,656249,20195,113503,12753,0.15995279432264606,0.38706446521791915
8211,0.8217,13,35,13,656284,20160,113516,12740,0.15967557977442656,0.3872340425531915
8212,0.8218,10,27,10,656311,20133,113526,12730,0.1594617285515144,0.38736573045674466
8213,0.8219,7,21,7,656332,20112,113533,12723,0.1592953998225827,0.3874828688899041
8214,0.822,11,36,11,656368,20076,113544,12712,0.1590102648586998,0.38770281810418444
8215,0.8221,12,24,12,656392,20052,113556,12700,0.15882017488277786,0.38776257938446507
8216,0.8222,11,12,11,656404,20040,113567,12689,0.15872512989481688,0.38769898255369856
8217,0.8223,12,31,12,656435,20009,113579,12677,0.15847959700925104,0.38784188949397297
8218,0.8224,2,8,2,656443,20001,113581,12675,0.15841623368394372,0.3878993756885788
8219,0.8225,11,31,11,656474,19970,113592,12664,0.1581707007983779,0.3880615309186738
8220,0.8226,14,27,14,656501,19943,113606,12650,0.1579568495754657,0.38812014849814375
8221,0.8227,12,26,12,656527,19917,113618,12638,0.15775091876821695,0.38820457686991244
8222,0.8228,7,23,7,656550,19894,113625,12631,0.15756874920795844,0.38834742505764797
8223,0.8229,5,23,5,656573,19871,113630,12626,0.15738657964769992,0.38852817183124594
8224,0.823,24,59,24,656632,19812,113654,12602,0.1569192751235585,0.3887826247917566
8225,0.8231,7,23,7,656655,19789,113661,12595,0.15673710556329995,0.3889266304347826
8226,0.8232,20,25,20,656680,19764,113681,12575,0.1565390951717146,0.3888493769133245
8227,0.8233,20,28,20,656708,19736,113701,12555,0.156317323533139,0.38880802700442846
8228,0.8234,8,17,8,656725,19719,113709,12547,0.156182676466861,0.38886134011033285
8229,0.8235,20,33,20,656758,19686,113729,12527,0.15592130274996832,0.3888802657312265
8230,0.8236,2,10,2,656768,19676,113731,12525,0.15584209859333417,0.38896307568087946
8231,0.8237,24,34,24,656802,19642,113755,12501,0.1555728044607781,0.388918271474349
8232,0.8238,5,16,5,656818,19626,113760,12496,0.15544607781016348,0.38901687317103545
8233,0.8239,6,16,6,656834,19610,113766,12490,0.15531935115954884,0.38909657320872276
8234,0.824,17,23,17,656857,19587,113783,12473,0.15513718159929032,0.3890517779164067
8235,0.8241,15,24,15,656881,19563,113798,12458,0.1549470916233684,0.3890571812248212
8236,0.8242,20,44,20,656925,19519,113818,12438,0.1545985933341782,0.3892105016115405
8237,0.8243,18,34,18,656959,19485,113836,12420,0.1543292992016221,0.38928067700987307
8238,0.8244,12,24,12,656983,19461,113848,12408,0.15413920922570015,0.38934387649439894
8239,0.8245,12,20,12,657003,19441,113860,12396,0.15398080091243188,0.38935829380909004
8240,0.8246,7,25,7,657028,19416,113867,12389,0.15378279052084654,0.38952994812136454
8241,0.8247,10,24,10,657052,19392,113877,12379,0.1535927005449246,0.3896320543892229
8242,0.8248,6,17,6,657069,19375,113883,12373,0.15345805347864655,0.38972533702910417
8243,0.8249,15,23,15,657092,19352,113898,12358,0.15327588391838803,0.38971933144118576
8244,0.825,7,24,7,657116,19328,113905,12351,0.1530857939424661,0.38987973105211654
8245,0.8251,12,24,12,657140,19304,113917,12339,0.15289570396654417,0.3899440634579528
8246,0.8252,13,27,13,657167,19277,113930,12326,0.152681852743632,0.39002626332943074
8247,0.8253,9,25,9,657192,19252,113939,12317,0.15248384235204662,0.3901612341220818
8248,0.8254,9,18,9,657210,19234,113948,12308,0.15234127487010518,0.39020987889163655
8249,0.8255,11,32,11,657242,19202,113959,12297,0.15208782156887593,0.3903933458205022
8250,0.8256,6,20,6,657262,19182,113965,12291,0.15192941325560766,0.3905252120865504
8251,0.8257,11,41,11,657303,19141,113976,12280,0.15160467621340767,0.3908214251615162
8252,0.8258,11,17,11,657320,19124,113987,12269,0.15147002914712965,0.39081960946707867
8253,0.8259,14,34,14,657354,19090,114001,12255,0.15120073501457357,0.39097144680172274
8254,0.826,17,30,17,657384,19060,114018,12238,0.15096312254467115,0.39101540034507
8255,0.8261,7,20,7,657404,19040,114025,12231,0.15080471423140288,0.39112916120367114
8256,0.8262,6,22,6,657426,19018,114031,12225,0.15063046508680775,0.39128764843324904
8257,0.8263,14,16,14,657442,19002,114045,12211,0.15050373843619314,0.3912151987953737
8258,0.8264,12,22,12,657464,18980,114057,12199,0.15032948929159803,0.39125693575804227
8259,0.8265,12,31,12,657495,18949,114069,12187,0.1500839564060322,0.3914118705035971
8260,0.8266,15,27,15,657522,18922,114084,12172,0.14987010518312002,0.39145815913037885
8261,0.8267,9,19,9,657541,18903,114093,12163,0.14971961728551514,0.39152127728062835
8262,0.8268,11,20,11,657561,18883,114104,12152,0.14956120897224687,0.39155791847913646
8263,0.8269,9,29,9,657590,18854,114113,12143,0.14933151691800786,0.39174758847630414
8264,0.827,9,23,9,657613,18831,114122,12134,0.14914934735774935,0.3918617794283869
8265,0.8271,11,18,11,657631,18813,114133,12123,0.14900677987580788,0.39187354538401864
8266,0.8272,13,18,13,657649,18795,114146,12110,0.14886421239386644,0.39184597961494905
8267,0.8273,6,24,6,657673,18771,114152,12104,0.1486741224179445,0.3920323886639676
8268,0.8274,13,30,13,657703,18741,114165,12091,0.14843650994804208,0.3921574987026466
8269,0.8275,18,33,18,657736,18708,114183,12073,0.14817513623114942,0.3922224749033495
8270,0.8276,7,20,7,657756,18688,114190,12066,0.14801672791788112,0.39233920790791443
8271,0.8277,9,17,9,657773,18671,114199,12057,0.1478820808516031,0.392378286904452
8272,0.8278,16,26,16,657799,18645,114215,12041,0.14767615004435433,0.39239392556866326
8273,0.8279,7,34,7,657833,18611,114222,12034,0.14740685591179825,0.39269048784467286
8274,0.828,10,15,10,657848,18596,114232,12024,0.14728804967684703,0.39268451992161985
8275,0.8281,17,29,17,657877,18567,114249,12007,0.14705835762260802,0.3927193039837771
8276,0.8282,5,21,5,657898,18546,114254,12002,0.14689202889367634,0.39288987822443366
8277,0.8283,20,29,20,657927,18517,114274,11982,0.14666233683943733,0.3928653398472081
8278,0.8284,8,14,8,657941,18503,114282,11974,0.14655145102014955,0.3928864389539653
8279,0.8285,12,36,12,657977,18467,114294,11962,0.14626631605626664,0.39311183410562295
8280,0.8286,14,29,14,658006,18438,114308,11948,0.14603662400202763,0.39320739814388206
8281,0.8287,14,19,14,658025,18419,114322,11934,0.14588613610442275,0.3931736566402003
8282,0.8288,18,40,18,658065,18379,114340,11916,0.1455693194778862,0.3933322330417561
8283,0.8289,10,46,10,658111,18333,114350,11906,0.14520498035736915,0.39372995138728134
8284,0.829,3,20,3,658131,18313,114353,11903,0.14504657204410087,0.39393036801694464
8285,0.8291,17,31,17,658162,18282,114370,11886,0.14480103915853504,0.3939936356404137
8286,0.8292,8,15,8,658177,18267,114378,11878,0.14468223292358384,0.3940288605075469
8287,0.8293,14,32,14,658209,18235,114392,11864,0.1444287796223546,0.39416591913352605
8288,0.8294,9,27,9,658236,18208,114401,11855,0.14421492839944242,0.3943385556996973
8289,0.8295,12,22,12,658258,18186,114413,11843,0.1440406792548473,0.39438542742016053
8290,0.8296,12,19,12,658277,18167,114425,11831,0.14389019135724243,0.39439295953063536
8291,0.8297,24,41,24,658318,18126,114449,11807,0.14356545431504245,0.3944475996391942
8292,0.8298,6,14,6,658332,18112,114455,11801,0.14345456849575466,0.3945107478353893
8293,0.8299,12,29,12,658361,18083,114467,11789,0.14322487644151566,0.3946505088377075
8294,0.83,31,54,31,658415,18029,114498,11758,0.1427971739956913,0.39473595863967503
8295,0.8301,16,23,16,658438,18006,114514,11742,0.14261500443543276,0.3947156111335216
8296,0.8302,9,27,9,658465,17979,114523,11733,0.1424011532125206,0.3948909531502423
8297,0.8303,12,32,12,658497,17947,114535,11721,0.14214769991129134,0.3950721315895915
8298,0.8304,18,28,18,658525,17919,114553,11703,0.14192592827271575,0.39507798258051446
8299,0.8305,18,30,18,658555,17889,114571,11685,0.14168831580281332,0.39511057009535405
8300,0.8306,16,25,16,658580,17864,114587,11669,0.14149030541122798,0.39511732638065894
8301,0.8307,8,26,8,658606,17838,114595,11661,0.14128437460397922,0.3953015356452761
8302,0.8308,6,13,6,658619,17825,114601,11655,0.14118140920035482,0.3953527815468114
8303,0.8309,5,26,5,658645,17799,114606,11650,0.14097547839310606,0.39559917144894563
8304,0.831,8,32,8,658677,17767,114614,11642,0.1407220250918768,0.395865211329865
8305,0.8311,4,22,4,658699,17745,114618,11638,0.1405477759472817,0.39607936561957596
8306,0.8312,17,27,17,658726,17718,114635,11621,0.14033392472436954,0.39609393639865026
8307,0.8313,8,22,8,658748,17696,114643,11613,0.14015967557977443,0.39622641509433965
8308,0.8314,9,18,9,658766,17678,114652,11604,0.14001710809783297,0.396284406802814
8309,0.8315,9,19,9,658785,17659,114661,11595,0.1398666202002281,0.3963560538729746
8310,0.8316,9,11,9,658796,17648,114670,11586,0.13977949562793054,0.39631935417664366
8311,0.8317,15,24,15,658820,17624,114685,11571,0.1395894056520086,0.3963349888679568
8312,0.8318,6,19,6,658839,17605,114691,11565,0.13943891775440376,0.3964689749742887
8313,0.8319,5,18,5,658857,17587,114696,11560,0.1392963502724623,0.39661028579270596
8314,0.832,10,25,10,658882,17562,114706,11550,0.13909833988087694,0.39674361088211046
8315,0.8321,12,25,12,658907,17537,114718,11538,0.1389003294892916,0.3968357695614789
8316,0.8322,7,14,7,658921,17523,114725,11531,0.13878944367000381,0.39688166861705787
8317,0.8323,5,21,5,658942,17502,114730,11526,0.1386231149410721,0.39706490285241836
8318,0.8324,13,12,13,658954,17490,114743,11513,0.13852806995311115,0.396958935282557
8319,0.8325,20,47,20,659001,17443,114763,11493,0.13815581041693067,0.3971868952170307
8320,0.8326,6,22,6,659023,17421,114769,11487,0.13798156127233557,0.3973640514736405
8321,0.8327,13,21,13,659044,17400,114782,11474,0.1378152325434039,0.3973817275057145
8322,0.8328,8,24,8,659068,17376,114790,11466,0.13762514256748193,0.3975452465154982
8323,0.8329,11,24,11,659092,17352,114801,11455,0.13743505259156,0.3976464053875794
8324,0.833,12,21,12,659113,17331,114813,11443,0.1372687238626283,0.3976854104399805
8325,0.8331,10,15,10,659128,17316,114823,11433,0.1371499176276771,0.39768339768339767
8326,0.8332,9,20,9,659148,17296,114832,11424,0.13699150931440882,0.3977715877437326
8327,0.8333,8,14,8,659162,17282,114840,11416,0.13688062349512103,0.39779775594118055
8328,0.8334,13,26,13,659188,17256,114853,11403,0.13667469268787225,0.39788548100073273
8329,0.8335,21,34,21,659222,17222,114874,11382,0.1364053985553162,0.3979163753321214
8330,0.8336,9,19,9,659241,17203,114883,11373,0.1362549106577113,0.39799132138857785
8331,0.8337,3,24,3,659265,17179,114886,11370,0.13606482068178938,0.39826263616939295
8332,0.8338,12,22,12,659287,17157,114898,11358,0.13589057153719428,0.39831667543398214
8333,0.8339,5,16,5,659303,17141,114903,11353,0.13576384488657964,0.39843475819470764
8334,0.834,3,17,3,659320,17124,114906,11350,0.1356291978203016,0.39860925756830795
8335,0.8341,6,17,6,659337,17107,114912,11344,0.13549455075402358,0.3987206073600225
8336,0.8342,6,25,6,659362,17082,114918,11338,0.1352965403624382,0.39894440534834624
8337,0.8343,16,38,16,659400,17044,114934,11322,0.1349955645672285,0.39913981527180425
8338,0.8344,11,23,11,659423,17021,114945,11311,0.13481339500696995,0.3992305520259777
8339,0.8345,17,25,17,659448,16996,114962,11294,0.1346153846153846,0.3992223400494875
8340,0.8346,6,16,6,659464,16980,114968,11288,0.13448865796477,0.3993207867553417
8341,0.8347,21,25,21,659489,16955,114989,11267,0.13429064757318465,0.39922755297285806
8342,0.8348,13,13,13,659502,16942,115002,11254,0.13418768216956026,0.39913462902539365
8343,0.8349,9,35,9,659537,16907,115011,11245,0.13391046762134076,0.39943876101165104
8344,0.835,8,15,8,659552,16892,115019,11237,0.13379166138638957,0.39948096270752603
8345,0.8351,8,26,8,659578,16866,115027,11229,0.1335857305791408,0.399679658302189
8346,0.8352,11,45,11,659623,16821,115038,11218,0.13322931187428716,0.400085595064018
8347,0.8353,4,13,4,659636,16808,115042,11214,0.1331263464706628,0.40018556848190706
8348,0.8354,16,19,16,659655,16789,115058,11198,0.1329758585730579,0.40011433880015723
8349,0.8355,15,26,15,659681,16763,115073,11183,0.13276992776580915,0.40016460316324337
8350,0.8356,19,21,19,659702,16742,115092,11164,0.13260359903687746,0.4000573353400702
8351,0.8357,12,19,12,659721,16723,115104,11152,0.13245311113927258,0.40007174887892377
8352,0.8358,16,22,16,659743,16701,115120,11136,0.13227886199467748,0.40004310809354454
8353,0.8359,11,14,11,659757,16687,115131,11125,0.1321679761753897,0.40000719114051486
8354,0.836,7,24,7,659781,16663,115138,11118,0.13197788619946774,0.4002015766171124
8355,0.8361,5,10,5,659791,16653,115143,11113,0.13189868204283361,0.4002377007851329
8356,0.8362,11,36,11,659827,16617,115154,11102,0.1316135470789507,0.40051949926043506
8357,0.8363,14,20,14,659847,16597,115168,11088,0.13145513876568243,0.4005056890012642
8358,0.8364,9,11,9,659858,16586,115177,11079,0.13136801419338487,0.40046990782577263
8359,0.8365,8,19,8,659877,16567,115185,11071,0.13121752629578,0.40057167667703886
8360,0.8366,8,19,8,659896,16548,115193,11063,0.13106703839817513,0.4006736445619499
8361,0.8367,18,31,18,659927,16517,115211,11045,0.1308215055126093,0.4007328931137073
8362,0.8368,11,28,11,659955,16489,115222,11034,0.1305997338740337,0.4009010645641827
8363,0.8369,19,31,19,659986,16458,115241,11015,0.13035420098846787,0.4009391038474138
8364,0.837,6,23,6,660009,16435,115247,11009,0.13017203142820935,0.4011441480833698
8365,0.8371,10,21,10,660030,16414,115257,10999,0.13000570269927766,0.4012329916462992
8366,0.8372,22,26,22,660056,16388,115279,10977,0.1297997718920289,0.4011328339119313
8367,0.8373,19,24,19,660080,16364,115298,10958,0.12960968191610694,0.4010687358172901
8368,0.8374,12,7,12,660087,16357,115310,10946,0.12955423900646307,0.4009083250924807
8369,0.8375,11,9,11,660096,16348,115321,10935,0.12948295526549233,0.40079903236447606
8370,0.8376,24,41,24,660137,16307,115345,10911,0.12915821822329235,0.4008744213388199
8371,0.8377,9,19,9,660156,16288,115354,10902,0.1290077303256875,0.40095623390952556
8372,0.8378,13,29,13,660185,16259,115367,10889,0.1287780382714485,0.4010976867540887
8373,0.8379,5,25,5,660210,16234,115372,10884,0.12858002787986314,0.40135703222951546
8374,0.838,4,12,4,660222,16222,115376,10880,0.12848498289190216,0.4014463877204634
8375,0.8381,5,27,5,660249,16195,115381,10875,0.12827113166898998,0.4017362393793868
8376,0.8382,19,29,19,660278,16166,115400,10856,0.12804143961475098,0.4017467248908297
8377,0.8383,21,41,21,660319,16125,115421,10835,0.127716702572551,0.40189169139465875
8378,0.8384,9,19,9,660338,16106,115430,10826,0.12756621467494614,0.4019753453141245
8379,0.8385,10,16,10,660354,16090,115440,10816,0.12743948802433153,0.4019921207165688
8380,0.8386,7,32,7,660386,16058,115447,10809,0.12718603472310228,0.40231510775300555
8381,0.8387,3,10,3,660396,16048,115450,10806,0.12710683056646813,0.4023981529753482
8382,0.8388,10,16,10,660412,16032,115460,10796,0.12698010391585351,0.40241538690919937
8383,0.8389,17,19,17,660431,16013,115477,10779,0.12682961601824863,0.4023215885338907
8384,0.839,13,21,13,660452,15992,115490,10766,0.12666328728931694,0.4023469616563271
8385,0.8391,9,11,9,660463,15981,115499,10757,0.12657616271701938,0.40231131722641933
8386,0.8392,21,29,21,660492,15952,115520,10736,0.12634647066278037,0.40227817745803357
8387,0.8393,20,27,20,660519,15925,115540,10716,0.1261326194398682,0.40223715326001275
8388,0.8394,9,24,9,660543,15901,115549,10707,0.12594252946394627,0.4023977751052315
8389,0.8395,11,16,11,660559,15885,115560,10696,0.12581580281333166,0.4023926865053986
8390,0.8396,7,19,7,660578,15866,115567,10689,0.12566531491572677,0.4025230653360949
8391,0.8397,6,11,6,660589,15855,115573,10683,0.12557819034342924,0.40255482704047024
8392,0.8398,17,39,17,660628,15816,115590,10666,0.12526929413255608,0.4027641416811419
8393,0.8399,16,30,16,660658,15786,115606,10650,0.12503168166265366,0.4028597367226509
8394,0.84,10,19,10,660677,15767,115616,10640,0.12488119376504879,0.4029234672624683
8395,0.8401,5,10,5,660687,15757,115621,10635,0.12480198960841465,0.40296301909669596
8396,0.8402,2,10,2,660697,15747,115623,10633,0.1247227854517805,0.4030705079605762
8397,0.8403,11,26,11,660723,15721,115634,10622,0.12451685464453174,0.40321907148008956
8398,0.8404,4,13,4,660736,15708,115638,10618,0.12441388924090736,0.4033275089265365
8399,0.8405,5,10,5,660746,15698,115643,10613,0.12433468508427323,0.4033674128691422
8400,0.8406,11,21,11,660767,15677,115654,10602,0.12416835635534153,0.4034400091327676
8401,0.8407,10,10,10,660777,15667,115664,10592,0.12408915219870739,0.40336646483110555
8402,0.8408,13,28,13,660805,15639,115677,10579,0.1238673805601318,0.40350141124418337
8403,0.8409,21,34,21,660839,15605,115698,10558,0.12359808642757572,0.40354699384627146
8404,0.841,11,30,11,660869,15575,115709,10547,0.1233604739576733,0.4037592833626828
8405,0.8411,8,26,8,660895,15549,115717,10539,0.12315454315042454,0.40397884084636615
8406,0.8412,6,25,6,660920,15524,115723,10533,0.12295653275883918,0.40422918985301454
8407,0.8413,6,30,6,660950,15494,115729,10527,0.12271892028893676,0.40455785711540676
8408,0.8414,14,38,14,660988,15456,115743,10513,0.12241794449372703,0.40482883437945244
8409,0.8415,13,21,13,661009,15435,115756,10500,0.12225161576479533,0.4048582995951417
8410,0.8416,6,13,6,661022,15422,115762,10494,0.12214865036117095,0.40492359932088284
8411,0.8417,11,25,11,661047,15397,115773,10483,0.1219506399695856,0.4050618238021638
8412,0.8418,11,23,11,661070,15374,115784,10472,0.12176847040932708,0.4051690783873714
8413,0.8419,10,20,10,661090,15354,115794,10462,0.1216100620960588,0.405252556554075
8414,0.842,9,29,9,661119,15325,115803,10453,0.1213803700418198,0.4055008146481496
8415,0.8421,13,22,13,661141,15303,115816,10440,0.12120612089722468,0.4055471390280853
8416,0.8422,12,22,12,661163,15281,115828,10428,0.12103187175262958,0.4056167101015209
8417,0.8423,12,25,12,661188,15256,115840,10416,0.12083386136104422,0.40573387348083517
8418,0.8424,11,43,11,661231,15213,115851,10405,0.12049328348751742,0.40615973143883205
8419,0.8425,8,17,8,661248,15196,115859,10397,0.12035863642123938,0.40624389481498846
8420,0.8426,8,11,8,661259,15185,115867,10389,0.12027151184894183,0.40623289278173147
8421,0.8427,15,24,15,661283,15161,115882,10374,0.1200814218730199,0.40626590953593106
8422,0.8428,11,21,11,661304,15140,115893,10363,0.1199150931440882,0.4063443516449045
8423,0.8429,9,20,9,661324,15120,115902,10354,0.11975668483081991,0.4064536390044752
8424,0.843,2,20,2,661344,15100,115904,10352,0.11959827651755164,0.4067263869244067
8425,0.8431,20,25,20,661369,15075,115924,10332,0.11940026612596628,0.4066595820049593
8426,0.8432,5,10,5,661379,15065,115929,10327,0.11932106196933215,0.4067028985507246
8427,0.8433,12,19,12,661398,15046,115941,10315,0.11917057407172728,0.4067268640826466
8428,0.8434,5,3,5,661401,15043,115946,10310,0.11914681282473705,0.4066579891926005
8429,0.8435,7,16,7,661417,15027,115953,10303,0.11902008617412242,0.406750888274773
8430,0.8436,24,30,24,661447,14997,115977,10279,0.11878247370422,0.40667035923405603
8431,0.8437,11,20,11,661467,14977,115988,10268,0.11862406539095172,0.4067340067340067
8432,0.8438,13,26,13,661493,14951,116001,10255,0.11841813458370296,0.4068475759739745
8433,0.8439,10,41,10,661534,14910,116011,10245,0.11809339754150298,0.40727489564698865
8434,0.844,19,39,19,661573,14871,116030,10226,0.11778450133062983,0.40745905885165556
8435,0.8441,6,14,6,661587,14857,116036,10220,0.11767361551134203,0.4075447621326315
8436,0.8442,16,19,16,661606,14838,116052,10204,0.11752312761373716,0.4074754412586854
8437,0.8443,8,21,8,661627,14817,116060,10196,0.11735679888480548,0.4076280334226202
8438,0.8444,12,20,12,661647,14797,116072,10184,0.11719839057153719,0.40766982907009325
8439,0.8445,9,22,9,661669,14775,116081,10175,0.11702414142694209,0.40781563126252507
8440,0.8446,8,33,8,661702,14742,116089,10167,0.11676276771004943,0.40816572323256656
8441,0.8447,15,15,15,661717,14727,116104,10152,0.11664396147509822,0.40805498613288316
8442,0.8448,16,24,16,661741,14703,116120,10136,0.11645387149917627,0.4080679576472483
8443,0.8449,8,24,8,661765,14679,116128,10128,0.11626378152325434,0.4082718587495465
8444,0.845,9,28,9,661793,14651,116137,10119,0.11604200988467875,0.4085183689947517
8445,0.8451,7,16,7,661809,14635,116144,10112,0.11591528323406412,0.40861518567907223
8446,0.8452,6,15,6,661824,14620,116150,10106,0.11579647699911291,0.40871956644827306
8447,0.8453,6,8,6,661832,14612,116156,10100,0.11573311367380561,0.4087083198446099
8448,0.8454,10,24,10,661856,14588,116166,10090,0.11554302369788366,0.4088661966123673
8449,0.8455,20,26,20,661882,14562,116186,10070,0.1153370928906349,0.4088177979863592
8450,0.8456,5,22,5,661904,14540,116191,10065,0.11516284374603979,0.4090631985368827
8451,0.8457,4,9,4,661913,14531,116195,10061,0.11509156000506907,0.4091167859466493
8452,0.8458,12,20,12,661933,14511,116207,10049,0.11493315169180078,0.4091612377850163
8453,0.8459,12,15,12,661948,14496,116219,10037,0.11481434545684957,0.4091224065544369
8454,0.846,10,33,10,661981,14463,116229,10027,0.11455297173995692,0.4094324213964884
8455,0.8461,18,31,18,662012,14432,116247,10009,0.11430743885439108,0.40951679554846365
8456,0.8462,2,9,2,662021,14423,116249,10007,0.11423615511342035,0.40961932050757266
8457,0.8463,5,15,5,662036,14408,116254,10002,0.11411734887846914,0.4097501024170422
8458,0.8464,7,20,7,662056,14388,116261,9995,0.11395894056520087,0.4099167452733462
8459,0.8465,12,33,12,662089,14355,116273,9983,0.1136975668483082,0.4101816090064919
8460,0.8466,17,21,17,662110,14334,116290,9966,0.1135312381193765,0.41012345679012346
8461,0.8467,9,31,9,662141,14303,116299,9957,0.11328570523381067,0.41042868920032977
8462,0.8468,7,21,7,662162,14282,116306,9950,0.11311937650487898,0.4106140640475404
8463,0.8469,8,27,8,662189,14255,116314,9942,0.1129055252819668,0.41087738149357356
8464,0.847,11,24,11,662213,14231,116325,9931,0.11271543530604486,0.411017299892393
8465,0.8471,11,18,11,662231,14213,116336,9920,0.1125728678241034,0.41105540131769774
8466,0.8472,5,15,5,662246,14198,116341,9915,0.1124540615891522,0.41118898519470826
8467,0.8473,13,33,13,662279,14165,116354,9902,0.11219268787225954,0.41143474467112645
8468,0.8474,9,16,9,662295,14149,116363,9893,0.11206596122164492,0.4114882289327011
8469,0.8475,16,24,16,662319,14125,116379,9877,0.11187587124572297,0.41150737438546786
8470,0.8476,9,26,9,662345,14099,116388,9868,0.11166994043847421,0.4117327992656569
8471,0.8477,14,23,14,662368,14076,116402,9854,0.1114877708782157,0.41178437108232346
8472,0.8478,10,27,10,662395,14049,116412,9844,0.1112739196553035,0.4120035156740468
8473,0.8479,7,19,7,662414,14030,116419,9837,0.11112343175769865,0.41215904805798803
8474,0.848,13,39,13,662453,13991,116432,9824,0.1108145355468255,0.4125131219819442
8475,0.8481,13,29,13,662482,13962,116445,9811,0.11058484349258649,0.4126950742438901
8476,0.8482,11,24,11,662506,13938,116456,9800,0.11039475351666456,0.41284017187631644
8477,0.8483,12,19,12,662525,13919,116468,9788,0.11024426561905969,0.41287383473235756
8478,0.8484,10,11,10,662536,13908,116478,9778,0.11015714104676214,0.41281769821835684
8479,0.8485,10,15,10,662551,13893,116488,9768,0.11003833481181093,0.41283124128312415
8480,0.8486,12,18,12,662569,13875,116500,9756,0.10989576732986947,0.4128475307858322
8481,0.8487,6,20,6,662589,13855,116506,9750,0.10973735901660119,0.4130480830332557
8482,0.8488,8,18,8,662607,13837,116514,9742,0.10959479153465974,0.413164256329785
8483,0.8489,8,15,8,662622,13822,116522,9734,0.10947598529970853,0.4132280523009
8484,0.849,7,22,7,662644,13800,116529,9727,0.10930173615511342,0.4134398775874527
8485,0.8491,11,22,11,662666,13778,116540,9716,0.10912748701051832,0.4135523963565166
8486,0.8492,10,20,10,662686,13758,116550,9706,0.10896907869725003,0.413654960790999
8487,0.8493,6,24,6,662710,13734,116556,9700,0.1087789887213281,0.41392847998634463
8488,0.8494,16,29,16,662739,13705,116572,9684,0.1085492966670891,0.4140407884048057
8489,0.8495,10,29,10,662768,13676,116582,9674,0.10831960461285008,0.4143040685224839
8490,0.8496,8,18,8,662786,13658,116590,9666,0.10817703713090863,0.41442291202195164
8491,0.8497,8,20,8,662806,13638,116598,9658,0.10801862881764035,0.4145776098901099
8492,0.8498,11,12,11,662818,13626,116609,9647,0.10792358382967938,0.41451467365616806
8493,0.8499,1,6,1,662824,13620,116610,9646,0.1078760613356989,0.4145964067738331
8494,0.85,16,24,16,662848,13596,116626,9630,0.10768597135977696,0.4146215448204598
8495,0.8501,9,21,9,662869,13575,116635,9621,0.10751964263084526,0.41476978789446456
8496,0.8502,6,19,6,662888,13556,116641,9615,0.10736915473324041,0.4149583531138061
8497,0.8503,3,18,3,662906,13538,116644,9612,0.10722658725129895,0.41520518358531316
8498,0.8504,6,10,6,662916,13528,116650,9606,0.1071473830946648,0.41523299040373474
8499,0.8505,13,19,13,662935,13509,116663,9593,0.10699689519705995,0.41524543329581853
8500,0.8506,5,15,5,662950,13494,116668,9588,0.10687808896210874,0.41538861450480896
8501,0.8507,14,19,14,662969,13475,116682,9574,0.10672760106450387,0.4153759382185778
8502,0.8508,14,15,14,662984,13460,116696,9560,0.10660879482955266,0.4152910512597741
8503,0.8509,9,13,9,662997,13447,116705,9551,0.10650582942592828,0.415296982346291
8504,0.851,22,27,22,663024,13420,116727,9529,0.1062919782030161,0.4152250642729531
8505,0.8511,12,11,12,663035,13409,116739,9517,0.10620485363071853,0.41511820640321034
8506,0.8512,15,25,15,663060,13384,116754,9502,0.10600684323913319,0.4151883247400157
8507,0.8513,4,5,4,663065,13379,116758,9498,0.10596724116081611,0.4151768151418455
8508,0.8514,10,13,10,663078,13366,116768,9488,0.10586427575719173,0.4151570840990636
8509,0.8515,12,14,12,663092,13352,116780,9476,0.10575338993790394,0.4151042579288593
8510,0.8516,7,11,7,663103,13341,116787,9469,0.10566626536560639,0.4151249451994739
8511,0.8517,9,18,9,663121,13323,116796,9460,0.10552369788366493,0.4152218759601457
8512,0.8518,5,10,5,663131,13313,116801,9455,0.1054444937270308,0.4152758257203092
8513,0.8519,6,16,6,663147,13297,116807,9449,0.10531776707641617,0.41541369911193177
8514,0.852,10,20,10,663167,13277,116817,9439,0.10515935876314789,0.4155220989610847
8515,0.8521,10,7,10,663174,13270,116827,9429,0.105103915853504,0.4153927485792326
8516,0.8522,15,33,15,663207,13237,116842,9414,0.10484254213661133,0.4156107898106044
8517,0.8523,11,16,11,663223,13221,116853,9403,0.1047158154859967,0.41562057991513435
8518,0.8524,7,24,7,663247,13197,116860,9396,0.10452572551007477,0.41588102509626873
8519,0.8525,8,14,8,663261,13183,116868,9388,0.10441483969078698,0.4159319480749635
8520,0.8526,6,16,6,663277,13167,116874,9382,0.10428811304017235,0.41607166614927493
8521,0.8527,11,26,11,663303,13141,116885,9371,0.10408218223292358,0.41626687988628286
8522,0.8528,12,18,12,663321,13123,116897,9359,0.10393961475098214,0.4162885864246953
8523,0.8529,12,29,12,663350,13094,116909,9347,0.10370992269674313,0.4165144155786284
8524,0.853,11,18,11,663368,13076,116920,9336,0.10356735521480168,0.41656255577369267
8525,0.8531,12,21,12,663389,13055,116932,9324,0.10340102648586998,0.4166406005630278
8526,0.8532,14,16,14,663405,13039,116946,9310,0.10327429983525535,0.4165734484764419
8527,0.8533,11,12,11,663417,13027,116957,9299,0.10317925484729439,0.41650989877273137
8528,0.8534,6,13,6,663430,13014,116963,9293,0.10307628944367,0.4165956874523692
8529,0.8535,6,13,6,663443,13001,116969,9287,0.10297332404004562,0.4166816223977028
8530,0.8536,10,22,10,663465,12979,116979,9277,0.10279907489545051,0.4168314162473041
8531,0.8537,7,17,7,663482,12962,116986,9270,0.10266442782917247,0.4169665347247211
8532,0.8538,15,28,15,663510,12934,117001,9255,0.10244265619059688,0.4170985623507143
8533,0.8539,9,13,9,663523,12921,117010,9246,0.1023396907869725,0.4171065096765462
8534,0.854,8,29,8,663552,12892,117018,9238,0.10210999873273349,0.4174423859014912
8535,0.8541,13,25,13,663577,12867,117031,9225,0.10191198834114815,0.41757197175448124
8536,0.8542,6,17,6,663594,12850,117037,9219,0.1017773412748701,0.41773528478861754
8537,0.8543,13,15,13,663609,12835,117050,9206,0.1016585350399189,0.4176761489950547
8538,0.8544,7,29,7,663638,12806,117057,9199,0.10142884298567989,0.41804135423767325
8539,0.8545,15,36,15,663674,12770,117072,9184,0.10114370802179698,0.4183292338526009
8540,0.8546,8,18,8,663692,12752,117080,9176,0.10100114053985554,0.41846041590660343
8541,0.8547,9,20,9,663712,12732,117089,9167,0.10084273222658725,0.4186035892049865
8542,0.8548,19,37,19,663749,12695,117108,9148,0.10054967684704093,0.41880694043858446
8543,0.8549,12,35,12,663784,12660,117120,9136,0.10027246229882145,0.41915947880345017
8544,0.855,9,17,9,663801,12643,117129,9127,0.1001378152325434,0.41924666972898483
8545,0.8551,17,27,17,663828,12616,117146,9110,0.09992396400963123,0.41931326521218815
8546,0.8552,17,25,17,663853,12591,117163,9093,0.09972595361804587,0.41934144991698946
8547,0.8553,4,14,4,663867,12577,117167,9089,0.09961506779875808,0.4195052155450937
8548,0.8554,13,23,13,663890,12554,117180,9076,0.09943289823849956,0.4196024040684235
8549,0.8555,6,9,6,663899,12545,117186,9070,0.09936161449752882,0.41961600740226696
8550,0.8556,16,24,16,663923,12521,117202,9054,0.0991715245216069,0.4196523754345307
8551,0.8557,19,26,19,663949,12495,117221,9035,0.09896559371435813,0.41964700418021367
8552,0.8558,8,30,8,663979,12465,117229,9027,0.09872798124445571,0.42001675041876047
8553,0.8559,8,11,8,663990,12454,117237,9019,0.09864085667215816,0.42001583383784286
8554,0.856,6,18,6,664008,12436,117243,9013,0.0984982891902167,0.42020607021306355
8555,0.8561,11,22,11,664030,12414,117254,9002,0.09832404004562159,0.42033993276055287
8556,0.8562,17,16,17,664046,12398,117271,8985,0.09819731339500697,0.42019361174765
8557,0.8563,4,7,4,664053,12391,117275,8981,0.09814187048536308,0.42022272131761185
8558,0.8564,12,35,12,664088,12356,117287,8969,0.09786465593714358,0.42058616647127783
8559,0.8565,10,16,10,664104,12340,117297,8959,0.09773792928652895,0.42063007652941453
8560,0.8566,9,11,9,664115,12329,117306,8950,0.0976508047142314,0.42060247192067296
8561,0.8567,6,17,6,664132,12312,117312,8944,0.09751615764795336,0.42077531050056455
8562,0.8568,13,42,13,664174,12270,117325,8931,0.09718350019008998,0.4212537144474317
8563,0.8569,4,16,4,664190,12254,117329,8927,0.09705677353947535,0.4214626316037959
8564,0.857,5,19,5,664209,12235,117334,8922,0.09690628564187048,0.42170440043484425
8565,0.8571,8,18,8,664227,12217,117342,8914,0.09676371815992903,0.42184468316691115
8566,0.8572,10,17,10,664244,12200,117352,8904,0.096629071093651,0.42191053828658076
8567,0.8573,8,12,8,664256,12188,117360,8896,0.09653402610569002,0.4219313223297287
8568,0.8574,4,14,4,664270,12174,117364,8892,0.09642314028640223,0.42210196525206495
8569,0.8575,18,28,18,664298,12146,117382,8874,0.09620136864782663,0.4221693625118934
8570,0.8576,4,8,4,664306,12138,117386,8870,0.09613800532251933,0.4222201066260472
8571,0.8577,14,22,14,664328,12116,117400,8856,0.09596375617792421,0.4222773221438108
8572,0.8578,7,25,7,664353,12091,117407,8849,0.09576574578633887,0.4225883476599809
8573,0.8579,16,16,16,664369,12075,117423,8833,0.09563901913572424,0.4224698679931127
8574,0.858,5,18,5,664387,12057,117428,8828,0.09549645165378279,0.42269571462772326
8575,0.8581,14,12,14,664399,12045,117442,8814,0.09540140666582182,0.42255141665468143
8576,0.8582,12,24,12,664423,12021,117454,8802,0.09521131668989989,0.42270566200835613
8577,0.8583,17,32,17,664455,11989,117471,8785,0.09495786338867064,0.42288437469914314
8578,0.8584,8,15,8,664470,11974,117479,8777,0.09483905715371943,0.4229675678280565
8579,0.8585,10,22,10,664492,11952,117489,8767,0.09466480800912432,0.42313818234470774
8580,0.8586,7,19,7,664511,11933,117496,8760,0.09451432011151946,0.42333156139757405
8581,0.8587,2,21,2,664532,11912,117498,8758,0.09434799138258776,0.42370585389453314
8582,0.8588,7,17,7,664549,11895,117505,8751,0.09421334431630972,0.42385934321418195
8583,0.8589,13,22,13,664571,11873,117518,8738,0.09403909517171462,0.4239483770801999
8584,0.859,12,27,12,664598,11846,117530,8726,0.09382524394880243,0.4241687730896364
8585,0.8591,10,15,10,664613,11831,117540,8716,0.09370643771385122,0.42419817978293667
8586,0.8592,24,28,24,664641,11803,117564,8692,0.09348466607527563,0.42410343986338134
8587,0.8593,6,21,6,664662,11782,117570,8686,0.09331833734634394,0.42436974789915966
8588,0.8594,9,22,9,664684,11760,117579,8677,0.09314408820174883,0.42457307824044627
8589,0.8595,7,17,7,664701,11743,117586,8670,0.09300944113547079,0.42472933914662225
8590,0.8596,11,31,11,664732,11712,117597,8659,0.09276390824990495,0.4250650434441117
8591,0.8597,17,15,17,664747,11697,117614,8642,0.09264510201495374,0.42489797925168393
8592,0.8598,9,18,9,664765,11679,117623,8633,0.0925025345330123,0.42501969279243795
8593,0.8599,10,22,10,664787,11657,117633,8623,0.09232828538841718,0.4251972386587771
8594,0.86,17,28,17,664815,11629,117650,8606,0.09210651374984159,0.42530269335310106
8595,0.8601,18,17,18,664832,11612,117668,8588,0.09197186668356355,0.42514851485148514
8596,0.8602,12,16,12,664848,11596,117680,8576,0.09184514003294893,0.4251437636327583
8597,0.8603,17,35,17,664883,11561,117697,8559,0.09156792548472945,0.4253976143141153
8598,0.8604,10,13,10,664896,11548,117707,8549,0.09146496008110505,0.42538687366273575
8599,0.8605,5,12,5,664908,11536,117712,8544,0.09136991509314409,0.4254980079681275
8600,0.8606,5,21,5,664929,11515,117717,8539,0.0912035863642124,0.4258003390844719
8601,0.8607,18,29,18,664958,11486,117735,8521,0.0909738943099734,0.4259009346728645
8602,0.8608,11,22,11,664980,11464,117746,8510,0.09079964516537828,0.42605387003104034
8603,0.8609,10,18,10,664998,11446,117756,8500,0.09065707768343682,0.42615060663792237
8604,0.861,8,11,8,665009,11435,117764,8492,0.09056995311113927,0.4261554674562152
8605,0.8611,9,10,9,665019,11425,117773,8483,0.09049074895450514,0.4261101064898533
8606,0.8612,7,18,7,665037,11407,117780,8476,0.09034818147256368,0.4262938188402153
8607,0.8613,14,16,14,665053,11391,117794,8462,0.09022145482194906,0.426232811162041
8608,0.8614,16,17,16,665070,11374,117810,8446,0.09008680775567102,0.42613521695257317
8609,0.8615,20,13,20,665083,11361,117830,8426,0.08998384235204664,0.42583514428665287
8610,0.8616,6,7,6,665090,11354,117836,8420,0.08992839944240273,0.42581167189238395
8611,0.8617,12,23,12,665113,11331,117848,8408,0.08974622988214422,0.4259587618420386
8612,0.8618,8,15,8,665128,11316,117856,8400,0.089627423647193,0.426049908703591
8613,0.8619,9,20,9,665148,11296,117865,8391,0.08946901533392472,0.42622034845329404
8614,0.862,10,10,10,665158,11286,117875,8381,0.08938981117729058,0.4261453195708547
8615,0.8621,5,9,5,665167,11277,117880,8376,0.08931852743631986,0.42619447412608763
8616,0.8622,19,32,19,665199,11245,117899,8357,0.08906507413509061,0.42633404754616877
8617,0.8623,17,20,17,665219,11225,117916,8340,0.08890666582182233,0.4262714030155891
8618,0.8624,14,26,14,665245,11199,117930,8326,0.08870073501457357,0.42642765685019207
8619,0.8625,5,16,5,665261,11183,117935,8321,0.08857400836395894,0.4266304347826087
8620,0.8626,6,14,6,665275,11169,117941,8315,0.08846312254467115,0.42676041880517346
8621,0.8627,11,10,11,665285,11159,117952,8304,0.08838391838803701,0.42665570569799105
8622,0.8628,5,13,5,665298,11146,117957,8299,0.08828095298441262,0.42679352018513755
8623,0.8629,16,24,16,665322,11122,117973,8283,0.08809086300849069,0.4268487503220819
8624,0.863,8,29,8,665351,11093,117981,8275,0.08786117095425168,0.42725113589425856
8625,0.8631,7,25,7,665376,11068,117988,8268,0.08766316056266633,0.427596193628465
8626,0.8632,9,13,9,665389,11055,117997,8259,0.08756019515904194,0.42761727244485864
8627,0.8633,9,19,9,665408,11036,118006,8250,0.08740970726143708,0.42777144042310483
8628,0.8634,10,21,10,665429,11015,118016,8240,0.08724337853250538,0.4279407945988055
8629,0.8635,6,4,6,665433,11011,118022,8234,0.08721169686985172,0.42785138997142114
8630,0.8636,9,16,9,665449,10995,118031,8225,0.08708497021923711,0.427939646201873
8631,0.8637,9,16,9,665465,10979,118040,8216,0.08695824356862249,0.4280281323261266
8632,0.8638,11,9,11,665474,10970,118051,8205,0.08688695982765175,0.42790091264667535
8633,0.8639,13,16,13,665490,10954,118064,8192,0.08676023317703713,0.42787005118562627
8634,0.864,6,17,6,665507,10937,118070,8186,0.08662558611075909,0.4280709093761439
8635,0.8641,15,14,15,665521,10923,118085,8171,0.08651470029147129,0.42793547711322927
8636,0.8642,8,19,8,665540,10904,118093,8163,0.08636421239386644,0.4281218859810143
8637,0.8643,8,21,8,665561,10883,118101,8155,0.08619788366493474,0.4283538186784326
8638,0.8644,7,22,7,665583,10861,118108,8148,0.08602363452033963,0.42863906570571836
8639,0.8645,5,13,5,665596,10848,118113,8143,0.08592066911671524,0.4287820546574693
8640,0.8646,6,17,6,665613,10831,118119,8137,0.08578602205043721,0.4289856600590468
8641,0.8647,6,14,6,665627,10817,118125,8131,0.0856751362311494,0.4291218070508761
8642,0.8648,8,21,8,665648,10796,118133,8123,0.08550880750221772,0.4293567313282943
8643,0.8649,19,21,19,665669,10775,118152,8104,0.08534247877328602,0.4292600243656973
8644,0.865,17,33,17,665702,10742,118169,8087,0.08508110505639337,0.4294970524191407
8645,0.8651,5,14,5,665716,10728,118174,8082,0.08497021923710556,0.4296650717703349
8646,0.8652,6,7,6,665723,10721,118180,8076,0.08491477632746167,0.42964302814278876
8647,0.8653,3,16,3,665739,10705,118183,8073,0.08478804967684704,0.42991798913622326
8648,0.8654,12,16,12,665755,10689,118195,8061,0.08466132302623242,0.42992
8649,0.8655,14,21,14,665776,10668,118209,8047,0.08449499429730072,0.42997595511621695
8650,0.8656,21,25,21,665801,10643,118230,8026,0.08429698390571537,0.42991054689592373
8651,0.8657,11,20,11,665821,10623,118241,8015,0.0841385755924471,0.4300354115248417
8652,0.8658,9,22,9,665843,10601,118250,8006,0.08396432644785198,0.4302681786424464
8653,0.8659,7,13,7,665856,10588,118257,7999,0.0838613610442276,0.43035454887824826
8654,0.866,12,16,12,665872,10572,118269,7987,0.08373463439361298,0.4303572390753812
8655,0.8661,5,15,5,665887,10557,118274,7982,0.08361582815866177,0.4305518096984735
8656,0.8662,6,3,6,665890,10554,118280,7976,0.08359206691167152,0.4304371289800324
8657,0.8663,9,16,9,665906,10538,118289,7967,0.0834653402610569,0.43053228857065656
8658,0.8664,16,18,16,665924,10520,118305,7951,0.08332277277911544,0.4304585566563803
8659,0.8665,11,13,11,665937,10507,118316,7940,0.08321980737549106,0.4304222908874072
8660,0.8666,7,14,7,665951,10493,118323,7933,0.08310892155620327,0.43053294258113534
8661,0.8667,4,24,4,665975,10469,118327,7929,0.08291883158028134,0.43097075769105336
8662,0.8668,13,18,13,665993,10451,118340,7916,0.08277626409833988,0.43099036315130396
8663,0.8669,10,26,10,666019,10425,118350,7906,0.08257033329109112,0.43129125525066825
8664,0.867,4,14,4,666033,10411,118354,7902,0.08245944747180332,0.4314967509419538
8665,0.8671,4,15,4,666048,10396,118358,7898,0.08234064123685211,0.43172624904340223
8666,0.8672,3,8,3,666056,10388,118361,7895,0.0822772779115448,0.4318219110649237
8667,0.8673,9,10,9,666066,10378,118370,7886,0.08219807375491066,0.431778361804643
8668,0.8674,6,13,6,666079,10365,118376,7880,0.08209510835128628,0.4318991504521787
8669,0.8675,9,11,9,666090,10354,118385,7871,0.08200798377898873,0.4318792866941015
8670,0.8676,15,17,15,666107,10337,118400,7856,0.08187333671271069,0.43181443412301435
8671,0.8677,6,9,6,666116,10328,118406,7850,0.08180205297173995,0.4318406865441743
8672,0.8678,10,32,10,666148,10296,118416,7840,0.0815485996705107,0.4322893692104102
8673,0.8679,12,18,12,666166,10278,118428,7828,0.08140603218856926,0.4323428697669281
8674,0.868,8,21,8,666187,10257,118436,7820,0.08123970345963756,0.43259390385572827
8675,0.8681,9,15,9,666202,10242,118445,7811,0.08112089722468635,0.4326704702819476
8676,0.8682,11,20,11,666222,10222,118456,7800,0.08096248891141807,0.43280435023859726
8677,0.8683,13,17,13,666239,10205,118469,7787,0.08082784184514004,0.4328034682080925
8678,0.8684,7,9,7,666248,10196,118476,7780,0.0807565581041693,0.43279928793947486
8679,0.8685,17,18,17,666266,10178,118493,7763,0.08061399062222785,0.43269605930550137
8680,0.8686,2,12,2,666278,10166,118495,7761,0.08051894563426688,0.43292240754169686
8681,0.8687,7,14,7,666292,10152,118502,7754,0.08040805981497909,0.43303920473584273
8682,0.8688,13,21,13,666313,10131,118515,7741,0.0802417310860474,0.43313563115487913
8683,0.8689,10,3,10,666316,10128,118525,7731,0.08021796983905716,0.43289097933814885
8684,0.869,12,18,12,666334,10110,118537,7719,0.0800754023571157,0.43294632340568734
8685,0.8691,6,7,6,666341,10103,118543,7713,0.0800199594474718,0.43292546026044004
8686,0.8692,6,17,6,666358,10086,118549,7707,0.07988531238119377,0.4331478671387624
8687,0.8693,3,14,3,666372,10072,118552,7704,0.07977442656190598,0.43339333933393337
8688,0.8694,8,21,8,666393,10051,118560,7696,0.07960809783297428,0.43365075787457036
8689,0.8695,8,17,8,666410,10034,118568,7688,0.07947345076669624,0.4338110822706241
8690,0.8696,15,29,15,666439,10005,118583,7673,0.07924375871245723,0.4340423124787872
8691,0.8697,8,16,8,666455,9989,118591,7665,0.0791170320618426,0.43417922283901667
8692,0.8698,10,20,10,666475,9969,118601,7655,0.07895862374857432,0.43435088515660464
8693,0.8699,7,16,7,666491,9953,118608,7648,0.07883189709795971,0.4345207658655758
8694,0.87,11,16,11,666507,9937,118619,7637,0.07870517044734508,0.43456242175941734
8695,0.8701,8,14,8,666521,9923,118627,7629,0.07859428462805729,0.43465132178669097
8696,0.8702,6,19,6,666540,9904,118633,7623,0.07844379673045242,0.4349289667370343
8697,0.8703,8,19,8,666559,9885,118641,7615,0.07829330883284755,0.43514285714285716
8698,0.8704,7,19,7,666578,9866,118648,7608,0.07814282093524268,0.4353897218724963
8699,0.8705,10,18,10,666596,9848,118658,7598,0.07800025345330124,0.43551530436776337
8700,0.8706,16,18,16,666614,9830,118674,7582,0.07785768597135978,0.4354468182862394
8701,0.8707,10,12,10,666626,9818,118684,7572,0.07776264098339881,0.43542265669925245
8702,0.8708,3,5,3,666631,9813,118687,7569,0.07772303890508174,0.43545046599930964
8703,0.8709,8,18,8,666649,9795,118695,7561,0.07758047142314028,0.43564185296151187
8704,0.871,6,8,6,666657,9787,118701,7555,0.07751710809783298,0.43564756083496714
8705,0.8711,11,15,11,666672,9772,118712,7544,0.07739830186288177,0.43566643566643565
8706,0.8712,8,16,8,666688,9756,118720,7536,0.07727157521226714,0.4358084663428175
8707,0.8713,8,19,8,666707,9737,118728,7528,0.07712108731466227,0.4360266434984072
8708,0.8714,3,3,3,666710,9734,118731,7525,0.07709732606767203,0.4360044034996234
8709,0.8715,13,12,13,666722,9722,118744,7512,0.07700228107971106,0.43588255773471046
8710,0.8716,2,16,2,666738,9706,118746,7510,0.07687555442909644,0.4362221189591078
8711,0.8717,14,37,14,666775,9669,118760,7496,0.07658249904955013,0.4367025924847073
8712,0.8718,7,10,7,666785,9659,118767,7489,0.07650329489291598,0.4367273151387917
8713,0.8719,7,12,7,666797,9647,118774,7482,0.07640824990495501,0.43680308249168076
8714,0.872,7,18,7,666815,9629,118781,7475,0.07626568242301356,0.43703227315247895
8715,0.8721,6,14,6,666829,9615,118787,7469,0.07615479660372576,0.4371926949192227
8716,0.8722,10,20,10,666849,9595,118797,7459,0.07599638829045749,0.4373753958015715
8717,0.8723,6,14,6,666863,9581,118803,7453,0.07588550247116968,0.43753669132323586
8718,0.8724,3,14,3,666877,9567,118806,7450,0.07577461665188188,0.437797496621026
8719,0.8725,11,16,11,666893,9551,118817,7439,0.07564789000126727,0.43784579164214243
8720,0.8726,12,6,12,666899,9545,118829,7427,0.07560036750728678,0.4376031110063634
8721,0.8727,4,16,4,666915,9529,118833,7423,0.07547364085667216,0.4378834355828221
8722,0.8728,9,10,9,666925,9519,118842,7414,0.07539443670003802,0.43784326463119355
8723,0.8729,9,20,9,666945,9499,118851,7405,0.07523602838676974,0.4380619971604354
8724,0.873,6,12,6,666957,9487,118857,7399,0.07514098339880877,0.4381736349638754
8725,0.8731,10,16,10,666973,9471,118867,7389,0.07501425674819415,0.4382562277580071
8726,0.8732,4,19,4,666992,9452,118871,7385,0.07486376885058928,0.43861733087842253
8727,0.8733,21,26,21,667018,9426,118892,7364,0.07465783804334052,0.4385944014294223
8728,0.8734,15,16,15,667034,9410,118907,7349,0.07453111139272589,0.438510650993496
8729,0.8735,13,13,13,667047,9397,118920,7336,0.07442814598910151,0.4384151078706747
8730,0.8736,11,16,11,667063,9381,118931,7325,0.07430141933848688,0.4384652220759009
8731,0.8737,8,13,8,667076,9368,118939,7317,0.0741984539348625,0.43853760863050645
8732,0.8738,8,17,8,667093,9351,118947,7309,0.07406380686858446,0.4387154861944778
8733,0.8739,8,8,8,667101,9343,118955,7301,0.07400044354327714,0.4386565729391973
8734,0.874,13,22,13,667123,9321,118968,7288,0.07382619439868204,0.4387982419170329
8735,0.8741,12,16,12,667139,9305,118980,7276,0.07369946774806742,0.4388155117302937
8736,0.8742,5,7,5,667146,9298,118985,7271,0.07364402483842351,0.438831552899994
8737,0.8743,4,9,4,667155,9289,118989,7267,0.07357274109745279,0.43893452524764437
8738,0.8744,4,11,4,667166,9278,118993,7263,0.07348561652515524,0.4390907442113536
8739,0.8745,12,16,12,667182,9262,119005,7251,0.07335888987454062,0.4391085811179071
8740,0.8746,7,19,7,667201,9243,119012,7244,0.07320840197693575,0.43937647843755684
8741,0.8747,6,14,6,667215,9229,119018,7238,0.07309751615764795,0.4395457581830327
8742,0.8748,10,13,10,667228,9216,119028,7228,0.07299455075402357,0.43955242033568476
8743,0.8749,5,9,5,667237,9207,119033,7223,0.07292326701305285,0.439622641509434
8744,0.875,7,20,7,667257,9187,119040,7216,0.07276485869978457,0.4399195269158081
8745,0.8751,4,21,4,667278,9166,119044,7212,0.07259852997085287,0.4403468066919038
8746,0.8752,13,18,13,667296,9148,119057,7199,0.07245596248891142,0.44038661528109135
8747,0.8753,6,14,6,667310,9134,119063,7193,0.07234507666962363,0.4405585839407117
8748,0.8754,13,13,13,667323,9121,119076,7180,0.07224211126599923,0.4404637752285136
8749,0.8755,11,29,11,667352,9092,119087,7169,0.07201241921176023,0.4408707951540496
8750,0.8756,13,17,13,667369,9075,119100,7156,0.07187777214548219,0.44088472675743945
8751,0.8757,11,16,11,667385,9059,119111,7145,0.07175104549486758,0.4409405085164157
8752,0.8758,18,25,18,667410,9034,119129,7127,0.07155303510328222,0.44099993812264093
8753,0.8759,6,14,6,667424,9020,119135,7121,0.07144214928399442,0.4411746484108791
8754,0.876,5,6,5,667430,9014,119140,7116,0.07139462679001395,0.4411655300681959
8755,0.8761,6,15,6,667445,8999,119146,7110,0.07127582055506274,0.4413681792786641
8756,0.8762,14,15,14,667460,8984,119160,7096,0.07115701432011153,0.4412935323383085
8757,0.8763,4,17,4,667477,8967,119164,7092,0.07102236725383348,0.4416215206426303
8758,0.8764,14,16,14,667493,8951,119178,7078,0.07089564060321886,0.441574645954208
8759,0.8765,5,21,5,667514,8930,119183,7073,0.07072931187428716,0.44197962881959635
8760,0.8766,8,24,8,667538,8906,119191,7065,0.07053922189836523,0.4423642852670465
8761,0.8767,18,20,18,667558,8886,119209,7047,0.07038081358509694,0.44228958764827714
8762,0.8768,10,21,10,667579,8865,119219,7037,0.07021448485616526,0.44252295308766193
8763,0.8769,10,17,10,667596,8848,119229,7027,0.07007983778988722,0.4426456692913386
8764,0.877,18,28,18,667624,8820,119247,7009,0.06985806615131163,0.44279487017499525
8765,0.8771,4,12,4,667636,8808,119251,7005,0.06976302116335065,0.44298994498197686
8766,0.8772,21,27,21,667663,8781,119272,6984,0.06954916994043847,0.44300666032350144
8767,0.8773,6,8,6,667671,8773,119278,6978,0.06948580661513117,0.4430194908259793
8768,0.8774,8,10,8,667681,8763,119286,6970,0.06940660245849702,0.44301786054789294
8769,0.8775,12,16,12,667697,8747,119298,6958,0.0692798758078824,0.4430436166825852
8770,0.8776,2,10,2,667707,8737,119300,6956,0.06920067165124826,0.4432549544382846
8771,0.8777,5,13,5,667720,8724,119305,6951,0.06909770624762387,0.44344497607655503
8772,0.8778,10,23,10,667743,8701,119315,6941,0.06891553668736536,0.4437412095639944
8773,0.8779,14,29,14,667772,8672,119329,6927,0.06868584463312635,0.44406692736713893
8774,0.878,11,8,11,667780,8664,119340,6916,0.06862248130781903,0.44390243902439025
8775,0.8781,20,17,20,667797,8647,119360,6896,0.06848783424154099,0.4436723927169787
8776,0.8782,9,14,9,667811,8633,119369,6887,0.0683769484222532,0.44375
8777,0.8783,13,17,13,667828,8616,119382,6874,0.06824230135597516,0.44377017430600385
8778,0.8784,19,29,19,667857,8587,119401,6855,0.06801260930173615,0.44391918145317966
8779,0.8785,12,20,12,667877,8567,119413,6843,0.06785420098846788,0.44406229720960416
8780,0.8786,7,10,7,667887,8557,119420,6836,0.06777499683183373,0.44409796660819856
8781,0.8787,11,14,11,667901,8543,119431,6825,0.06766411101254594,0.44410463300364394
8782,0.8788,4,19,4,667920,8524,119435,6821,0.06751362311494107,0.4445096122515477
8783,0.8789,7,5,7,667925,8519,119442,6814,0.067474021036624,0.44440096523837475
8784,0.879,4,5,4,667930,8514,119446,6810,0.06743441895830693,0.44440093970242756
8785,0.8791,10,10,10,667940,8504,119456,6800,0.0673552148016728,0.4443282801881861
8786,0.8792,8,13,8,667953,8491,119464,6792,0.06725224939804841,0.4444153634757574
8787,0.8793,7,15,7,667968,8476,119471,6785,0.0671334431630972,0.4445973396238779
8788,0.8794,12,17,12,667985,8459,119483,6773,0.06699879609681916,0.444655987394958
8789,0.8795,22,31,22,668016,8428,119505,6751,0.06675326321125333,0.4447592067988669
8790,0.8796,0,4,0,668020,8424,119505,6751,0.06672158154859967,0.44487644151565076
8791,0.8797,5,9,5,668029,8415,119510,6746,0.06665029780762895,0.44495745663214825
8792,0.8798,10,8,10,668037,8407,119520,6736,0.06658693448232163,0.4448259922076207
8793,0.8799,9,13,9,668050,8394,119529,6727,0.06648396907869725,0.44487798426030023
8794,0.88,12,18,12,668068,8376,119541,6715,0.06634140159675579,0.44496719899277715
8795,0.8801,6,7,6,668075,8369,119547,6709,0.0662859586871119,0.44495291152672767
8796,0.8802,5,11,5,668086,8358,119552,6704,0.06619883411481435,0.4450936130659939
8797,0.8803,5,10,5,668096,8348,119557,6699,0.0661196299581802,0.44520502425732705
8798,0.8804,5,13,5,668109,8335,119562,6694,0.06601666455455582,0.44540554927140863
8799,0.8805,16,16,16,668125,8319,119578,6678,0.0658899379039412,0.4452890578115623
8800,0.8806,3,5,3,668130,8314,119581,6675,0.06585033582562413,0.44532657282006805
8801,0.8807,4,6,4,668136,8308,119585,6671,0.06580281333164364,0.4453568328993925
8802,0.8808,14,26,14,668162,8282,119599,6657,0.06559688252439488,0.44561215610147936
8803,0.8809,8,14,8,668176,8268,119607,6649,0.06548599670510709,0.44573305624455317
8804,0.881,16,16,16,668192,8252,119623,6633,0.06535927005449246,0.4456163923412832
8805,0.8811,6,8,6,668200,8244,119629,6627,0.06529590672918514,0.4456324389751866
8806,0.8812,6,6,6,668206,8238,119635,6621,0.06524838423520467,0.44558853220270545
8807,0.8813,12,12,12,668218,8226,119647,6609,0.06515333924724369,0.4455005055611729
8808,0.8814,12,16,12,668234,8210,119659,6597,0.06502661259662908,0.4455325184034578
8809,0.8815,11,14,11,668248,8196,119670,6586,0.06491572677734128,0.44554187525368694
8810,0.8816,14,16,14,668264,8180,119684,6572,0.06478900012672666,0.44549891540130154
8811,0.8817,7,22,7,668286,8158,119691,6565,0.06461475098213154,0.4459009712694424
8812,0.8818,12,11,12,668297,8147,119703,6553,0.06452762640983399,0.44578231292517007
8813,0.8819,10,18,10,668315,8129,119713,6543,0.06438505892789254,0.4459514721919302
8814,0.882,11,9,11,668324,8120,119724,6532,0.06431377518692181,0.4458094458094458
8815,0.8821,8,8,8,668332,8112,119732,6524,0.0642504118616145,0.4457502049740366
8816,0.8822,15,23,15,668355,8089,119747,6509,0.06406824230135598,0.4458829976709138
8817,0.8823,17,21,17,668376,8068,119764,6492,0.06390191357242428,0.4458791208791209
8818,0.8824,7,7,7,668383,8061,119771,6485,0.06384647066278039,0.44582703148631925
8819,0.8825,13,16,13,668399,8045,119784,6472,0.06371974401216576,0.44582213956051525
8820,0.8826,9,14,9,668413,8031,119793,6463,0.06360885819287797,0.44590865185594036
8821,0.8827,9,15,9,668428,8016,119802,6454,0.06349005195792676,0.4460262612301313
8822,0.8828,10,10,10,668438,8006,119812,6444,0.06341084780129261,0.4459515570934256
8823,0.8829,4,3,4,668441,8003,119816,6440,0.06338708655430236,0.4458907429204459
8824,0.883,8,24,8,668465,7979,119824,6432,0.06319699657838043,0.44632572340573173
8825,0.8831,7,16,7,668481,7963,119831,6425,0.0630702699277658,0.4465526827912149
8826,0.8832,7,15,7,668496,7948,119838,6418,0.0629514636928146,0.4467492691076152
8827,0.8833,9,17,9,668513,7931,119847,6409,0.06281681662653656,0.44693165969316595
8828,0.8834,7,22,7,668535,7909,119854,6402,0.06264256748194146,0.44734819369715606
8829,0.8835,10,9,10,668544,7900,119864,6392,0.06257128374097072,0.44724321298628605
8830,0.8836,6,21,6,668565,7879,119870,6386,0.062404955012039035,0.44766912022432526
8831,0.8837,3,13,3,668578,7866,119873,6383,0.06230198960841465,0.4479612604393291
8832,0.8838,9,21,9,668599,7845,119882,6374,0.062135660879482954,0.4482734369505591
8833,0.8839,12,29,12,668628,7816,119894,6362,0.06190596882524395,0.44872337424178305
8834,0.884,14,20,14,668648,7796,119908,6348,0.06174756051197567,0.44881221719457015
8835,0.8841,12,9,12,668657,7787,119920,6336,0.06167627677100494,0.44862989449833607
8836,0.8842,1,16,1,668673,7771,119921,6335,0.06154955012039032,0.4490996738976322
8837,0.8843,15,19,15,668692,7752,119936,6320,0.061399062222785454,0.4491188175099488
8838,0.8844,5,17,5,668709,7735,119941,6315,0.061264415156507414,0.4494661921708185
8839,0.8845,5,13,5,668722,7722,119946,6310,0.06116144975288303,0.44968643101482325
8840,0.8846,6,17,6,668739,7705,119952,6304,0.06102680268660499,0.44999643086587193
8841,0.8847,4,8,4,668747,7697,119956,6300,0.06096343936129768,0.4500964492391227
8842,0.8848,12,12,12,668759,7685,119968,6288,0.060868394373336715,0.4500107349889072
8843,0.8849,8,9,8,668768,7676,119976,6280,0.06079711063236599,0.44998566924620237
8844,0.885,11,18,11,668786,7658,119987,6269,0.06065454315042453,0.45013283549938965
8845,0.8851,7,7,7,668793,7651,119994,6262,0.060599100240780635,0.4500826565083016
8846,0.8852,17,25,17,668818,7626,120011,6245,0.06040108984919529,0.45021988320957396
8847,0.8853,11,11,11,668829,7615,120022,6234,0.06031396527689773,0.4501408043902087
8848,0.8854,7,11,7,668840,7604,120029,6227,0.06022684070460018,0.45022051912370764
8849,0.8855,7,13,7,668853,7591,120036,6220,0.06012387530097579,0.4503656505683875
8850,0.8856,5,12,5,668865,7579,120041,6215,0.06002883031301483,0.45055821371610844
8851,0.8857,11,17,11,668882,7562,120052,6204,0.05989418324673679,0.45067557750980675
8852,0.8858,12,30,12,668912,7532,120064,6192,0.05965657077683437,0.45118041387350627
8853,0.8859,10,13,10,668925,7519,120074,6182,0.059553605373209986,0.4512079410262025
8854,0.886,11,19,11,668944,7500,120085,6171,0.05940311747560512,0.4513934606100505
8855,0.8861,5,16,5,668960,7484,120090,6166,0.0592763908249905,0.45172161172161174
8856,0.8862,14,14,14,668974,7470,120104,6152,0.0591655050057027,0.4516223755689326
8857,0.8863,8,10,8,668984,7460,120112,6144,0.05908630084906856,0.45163187297853574
8858,0.8864,9,21,9,669005,7439,120121,6135,0.05891997212013687,0.4519669957271254
8859,0.8865,6,6,6,669011,7433,120127,6129,0.058872449626156384,0.45192449491225484
8860,0.8866,8,13,8,669024,7420,120135,6121,0.058769484222532,0.45203456170149914
8861,0.8867,8,6,8,669030,7414,120143,6113,0.058721961728551514,0.4519109928291565
8862,0.8868,6,12,6,669042,7402,120149,6107,0.05862691674059055,0.45206899104300835
8863,0.8869,2,12,2,669054,7390,120151,6105,0.058531871752629576,0.4523897739903668
8864,0.887,5,5,5,669059,7385,120156,6100,0.05849226967431251,0.45235446792732664
8865,0.8871,7,10,7,669069,7375,120163,6093,0.058413065517678366,0.4524057024057024
8866,0.8872,7,18,7,669087,7357,120170,6086,0.05827049803573692,0.4527263259689058
8867,0.8873,6,7,6,669094,7350,120176,6080,0.05821505512609302,0.4527177959791511
8868,0.8874,6,5,6,669099,7345,120182,6074,0.058175453047775945,0.4526417765854386
8869,0.8875,16,12,16,669111,7333,120198,6058,0.05808040805981498,0.45239339855126576
8870,0.8876,14,14,14,669125,7319,120212,6044,0.057969522240527184,0.4522936466362344
8871,0.8877,16,15,16,669140,7304,120228,6028,0.057850716005575974,0.4521452145214521
8872,0.8878,13,14,13,669154,7290,120241,6015,0.05773983018628818,0.45208568207440814
8873,0.8879,6,14,6,669168,7276,120247,6009,0.05762894436700038,0.45231464057207377
8874,0.888,8,20,8,669188,7256,120255,6001,0.0574705360537321,0.452666515802972
8875,0.8881,9,24,9,669212,7232,120264,5992,0.05728044607781017,0.4531155474894132
8876,0.8882,5,22,5,669234,7210,120269,5987,0.05710619693321505,0.45366371144957185
8877,0.8883,0,9,0,669243,7201,120269,5987,0.05703491319224433,0.4539733090688505
8878,0.8884,4,9,4,669252,7192,120273,5983,0.056963629451273604,0.4541176470588235
8879,0.8885,6,11,6,669263,7181,120279,5977,0.056876504878976046,0.4542483660130719
8880,0.8886,6,8,6,669271,7173,120285,5971,0.05681314155366873,0.4542757151552039
8881,0.8887,5,18,5,669289,7155,120290,5966,0.056670574071727285,0.4546909534334273
8882,0.8888,8,9,8,669298,7146,120298,5958,0.05659929033075656,0.45467032967032966
8883,0.8889,12,19,12,669317,7127,120310,5946,0.056448802433151694,0.45483056681710393
8884,0.889,11,7,11,669324,7120,120321,5935,0.0563933595235078,0.45461509000382994
8885,0.8891,3,7,3,669331,7113,120324,5932,0.0563379166138639,0.454733614411652
8886,0.8892,10,20,10,669351,7093,120334,5922,0.056179508300595614,0.45501344602381866
8887,0.8893,8,15,8,669366,7078,120342,5914,0.056060702065644404,0.45520320197044334
8888,0.8894,5,8,5,669374,7070,120347,5909,0.05599733874033709,0.4552739039987672
8889,0.8895,7,8,7,669382,7062,120354,5902,0.05593397541502978,0.4552607219993829
8890,0.8896,13,14,13,669396,7048,120367,5889,0.05582308959574198,0.4552059982994512
8891,0.8897,2,10,2,669406,7038,120369,5887,0.05574388543910785,0.45547388781431336
8892,0.8898,9,13,9,669419,7025,120378,5878,0.05564092003548346,0.45555297217701307
8893,0.8899,11,10,11,669429,7015,120389,5867,0.055561715878849324,0.45544170159913056
8894,0.89,11,14,11,669443,7001,120400,5856,0.05545083005956153,0.4554717274636385
8895,0.8901,4,11,4,669454,6990,120404,5852,0.05536370548726397,0.45569225977262107
8896,0.8902,12,21,12,669475,6969,120416,5840,0.05519737675833228,0.4559294246233117
8897,0.8903,8,12,8,669487,6957,120424,5832,0.055102331770371306,0.4560168895144265
8898,0.8904,5,13,5,669500,6944,120429,5827,0.054999366366746925,0.45626810743089813
8899,0.8905,7,13,7,669513,6931,120436,5820,0.054896400963122545,0.45643478942828014
8900,0.8906,10,12,10,669525,6919,120446,5810,0.05480135597516158,0.4564380548354152
8901,0.8907,6,10,6,669535,6909,120452,5804,0.05472215181852744,0.45654054904428537
8902,0.8908,8,20,8,669555,6889,120460,5796,0.05456374350525916,0.4569176192353173
8903,0.8909,14,20,14,669575,6869,120474,5782,0.054405335191990874,0.45703896925144255
8904,0.891,13,22,13,669597,6847,120487,5769,0.054231086047395766,0.4572764743183259
8905,0.8911,6,10,6,669607,6837,120493,5763,0.05415188189076163,0.4573809523809524
8906,0.8912,13,9,13,669616,6828,120506,5750,0.0540805981497909,0.4571474002226109
8907,0.8913,7,18,7,669634,6810,120513,5743,0.05393803066784945,0.4575001991555803
8908,0.8914,0,5,0,669639,6805,120513,5743,0.05389842858953238,0.45768249920306026
8909,0.8915,6,11,6,669650,6794,120519,5737,0.05381130401723482,0.4578245950043891
8910,0.8916,15,11,15,669661,6783,120534,5722,0.05372417944493727,0.45757696921231505
8911,0.8917,3,6,3,669667,6777,120537,5719,0.05367665695095679,0.4576664532650448
8912,0.8918,6,8,6,669675,6769,120543,5713,0.053613293625649476,0.4576990866848262
8913,0.8919,8,10,8,669685,6759,120551,5705,0.053534089469015333,0.4577182284980745
8914,0.892,7,17,7,669702,6742,120558,5698,0.05339944240273729,0.4580385852090032
8915,0.8921,3,11,3,669713,6731,120561,5695,0.05331231783043974,0.4583132142282311
8916,0.8922,5,5,5,669718,6726,120566,5690,0.05327271575212267,0.4582796391752577
8917,0.8923,2,10,2,669728,6716,120568,5688,0.05319351159548853,0.4585617542728152
8918,0.8924,7,8,7,669736,6708,120575,5681,0.05313014827018122,0.45855194123819515
8919,0.8925,7,7,7,669743,6701,120582,5674,0.05307470536053732,0.4585050505050505
8920,0.8926,6,21,6,669764,6680,120588,5668,0.05290837663160563,0.4590217039196631
8921,0.8927,10,24,10,669788,6656,120598,5658,0.05271828665568369,0.4594770180282605
8922,0.8928,7,7,7,669795,6649,120605,5651,0.05266284374603979,0.45943089430894307
8923,0.8929,7,9,7,669804,6640,120612,5644,0.052591560005069066,0.4594594594594595
8924,0.893,5,22,5,669826,6618,120617,5639,0.05241731086047396,0.46006363710532755
8925,0.8931,5,10,5,669836,6608,120622,5634,0.052338106703839815,0.46021891847737295
8926,0.8932,9,11,9,669847,6597,120631,5625,0.052250982131542265,0.46023564064801176
8927,0.8933,11,22,11,669869,6575,120642,5614,0.052076732986947157,0.4605792107638034
8928,0.8934,17,19,17,669888,6556,120659,5597,0.051926245089342286,0.4605447214679503
8929,0.8935,8,13,8,669901,6543,120667,5589,0.051823279685717906,0.4606824925816024
8930,0.8936,11,4,11,669905,6539,120678,5578,0.05179159802306425,0.4603449698770323
8931,0.8937,14,17,14,669922,6522,120692,5564,0.05165695095678621,0.460367367201721
8932,0.8938,3,12,3,669934,6510,120695,5561,0.05156190596882525,0.4606909121033883
8933,0.8939,8,14,8,669948,6496,120703,5553,0.051451020149537445,0.460868121835837
8934,0.894,2,9,2,669957,6487,120705,5551,0.051379736408566724,0.4611231101511879
8935,0.8941,6,26,6,669983,6461,120711,5545,0.051173805601317957,0.46185240712976844
8936,0.8942,8,16,8,669999,6445,120719,5537,0.05104707895070333,0.46210983141378736
8937,0.8943,15,17,15,670016,6428,120734,5522,0.0509124318844253,0.462092050209205
8938,0.8944,2,6,2,670022,6422,120736,5520,0.05086490939044481,0.46223413163624183
8939,0.8945,7,9,7,670031,6413,120743,5513,0.05079362564947409,0.46226731510984403
8940,0.8946,13,9,13,670040,6404,120756,5500,0.05072234190850336,0.4620295698924731
8941,0.8947,7,15,7,670055,6389,120763,5493,0.05060353567355215,0.4622959097794984
8942,0.8948,8,6,8,670061,6383,120771,5485,0.05055601317957167,0.4621671722278396
8943,0.8949,11,10,11,670071,6373,120782,5474,0.050476809022937524,0.4620579049548409
8944,0.895,15,21,15,670092,6352,120797,5459,0.05031048029400583,0.46219625772584877
8945,0.8951,8,8,8,670100,6344,120805,5451,0.05024711696869852,0.462144976685036
8946,0.8952,12,17,12,670117,6327,120817,5439,0.05011246990242048,0.46226415094339623
8947,0.8953,3,10,3,670127,6317,120820,5436,0.050033265745786336,0.46252020760656853
8948,0.8954,10,18,10,670145,6299,120830,5426,0.04989069826384489,0.462771855010661
8949,0.8955,8,9,8,670154,6290,120838,5418,0.04981941452287416,0.46276050563717114
8950,0.8956,13,35,13,670189,6255,120851,5405,0.04954219997465467,0.4635506003430532
8951,0.8957,12,9,12,670198,6246,120863,5393,0.049470916233683944,0.46335595841567145
8952,0.8958,11,11,11,670209,6235,120874,5382,0.049383791661386386,0.4632865627959026
8953,0.8959,16,13,16,670222,6222,120890,5366,0.049280826257762006,0.4630652399033483
8954,0.896,4,5,4,670227,6217,120894,5362,0.04924122417944494,0.4630797132740306
8955,0.8961,3,9,3,670236,6208,120897,5359,0.04916994043847421,0.46330076943027576
8956,0.8962,10,13,10,670249,6195,120907,5349,0.04906697503484983,0.46335758835758833
8957,0.8963,5,15,5,670264,6180,120912,5344,0.04894816879989862,0.4637278722665741
8958,0.8964,6,15,6,670279,6165,120918,5338,0.04882936256494741,0.46405285577675387
8959,0.8965,10,15,10,670294,6150,120928,5328,0.0487105563299962,0.46419236800836383
8960,0.8966,8,9,8,670303,6141,120936,5320,0.04863927258902547,0.4641828810749498
8961,0.8967,12,18,12,670321,6123,120948,5308,0.048496705107084016,0.46435132534336454
8962,0.8968,5,8,5,670329,6115,120953,5303,0.04843334178177671,0.4644421089507795
8963,0.8969,5,2,5,670331,6113,120958,5298,0.04841750095044988,0.46428884409780036
8964,0.897,8,13,8,670344,6100,120966,5290,0.0483145355468255,0.46444249341527655
8965,0.8971,4,11,4,670355,6089,120970,5286,0.04822741097452794,0.4647032967032967
8966,0.8972,8,8,8,670363,6081,120978,5278,0.04816404764922063,0.4646535786600933
8967,0.8973,4,7,4,670370,6074,120982,5274,0.04810860473957673,0.46475149806133237
8968,0.8974,6,8,6,670378,6066,120988,5268,0.04804524141426942,0.4647961884595024
8969,0.8975,3,19,3,670397,6047,120991,5265,0.04789475351666456,0.46543493635077793
8970,0.8976,11,7,11,670404,6040,121002,5254,0.04783931060702066,0.46520276252877635
8971,0.8977,12,11,12,670415,6029,121014,5242,0.0477521860347231,0.46508739242303254
8972,0.8978,12,20,12,670435,6009,121026,5230,0.04759377772145482,0.46534389180532076
8973,0.8979,7,14,7,670449,5995,121033,5223,0.04748289190216703,0.46559101444107687
8974,0.898,11,17,11,670466,5978,121044,5212,0.04734824483588899,0.46577301161751566
8975,0.8981,8,11,8,670477,5967,121052,5204,0.04726112026359143,0.46584907349386806
8976,0.8982,7,15,7,670492,5952,121059,5197,0.04714231402864022,0.46614046102789486
8977,0.8983,5,5,5,670497,5947,121064,5192,0.04710271195032315,0.46611006374001257
8978,0.8984,7,11,7,670508,5936,121071,5185,0.0470155873780256,0.4662350508047837
8979,0.8985,4,6,4,670514,5930,121075,5181,0.04696806488404511,0.46629466294662947
8980,0.8986,12,20,12,670534,5910,121087,5169,0.046809656570776834,0.46655835364202547
8981,0.8987,2,15,2,670549,5895,121089,5167,0.04669085033582562,0.46709455794612187
8982,0.8988,4,13,4,670562,5882,121093,5163,0.04658788493220124,0.4674513354459031
8983,0.8989,9,8,9,670570,5874,121102,5154,0.04652452160689393,0.46735582154515776
8984,0.899,9,20,9,670590,5854,121111,5145,0.04636611329362565,0.46776979725429585
8985,0.8991,11,14,11,670604,5840,121122,5134,0.04625522747433786,0.4678330599599052
8986,0.8992,9,17,9,670621,5823,121131,5125,0.046120580408059816,0.4681220314212642
8987,0.8993,3,8,3,670629,5815,121134,5122,0.046057217082752504,0.4683185517052208
8988,0.8994,5,9,5,670638,5806,121139,5117,0.045985933341781776,0.4684610455003204
8989,0.8995,8,13,8,670651,5793,121147,5109,0.045882967938157396,0.4686296092460099
8990,0.8996,5,4,5,670655,5789,121152,5104,0.045851286275503736,0.4685577894060406
8991,0.8997,5,12,5,670667,5777,121157,5099,0.04575624128754277,0.46883045237219567
8992,0.8998,13,12,13,670679,5765,121170,5086,0.045661196299581805,0.4687125610542807
8993,0.8999,4,13,4,670692,5752,121174,5082,0.04555823089595742,0.469078825918405
8994,0.9,4,10,4,670702,5742,121178,5078,0.04547902673932328,0.4693160813308688
8995,0.9001,13,16,13,670718,5726,121191,5065,0.04535230008870866,0.4693726253359281
8996,0.9002,3,17,3,670735,5709,121194,5062,0.045217653022430616,0.46996564850060346
8997,0.9003,8,5,8,670740,5704,121202,5054,0.04517805094411355,0.46978992377765383
8998,0.9004,7,15,7,670755,5689,121209,5047,0.04505924470916234,0.4701005961251863
8999,0.9005,14,12,14,670767,5677,121223,5033,0.044964199721201366,0.4699346405228758
9000,0.9006,2,4,2,670771,5673,121225,5031,0.04493251805854771,0.4700112107623318
9001,0.9007,3,11,3,670782,5662,121228,5028,0.044845393486250155,0.47034611786716557
9002,0.9008,6,15,6,670797,5647,121234,5022,0.044726587251298945,0.4707095322898116
9003,0.9009,4,6,4,670803,5641,121238,5018,0.04467906475731846,0.4707758701566751
9004,0.901,13,20,13,670823,5621,121251,5005,0.044520656444050184,0.47101449275362317
9005,0.9011,12,8,12,670831,5613,121263,4993,0.04445729311874287,0.470771261550066
9006,0.9012,12,9,12,670840,5604,121275,4981,0.044386009377772144,0.4705715635333018
9007,0.9013,6,10,6,670850,5594,121281,4975,0.04430680522113801,0.4707162456239947
9008,0.9014,3,4,3,670854,5590,121284,4972,0.04427512355848435,0.47074417723915923
9009,0.9015,6,16,6,670870,5574,121290,4966,0.04414839690786972,0.47115749525616696
9010,0.9016,3,10,3,670880,5564,121293,4963,0.04406919275123559,0.4714543554668946
9011,0.9017,6,14,6,670894,5550,121299,4957,0.043958306931947785,0.4717807176168269
9012,0.9018,9,25,9,670919,5525,121308,4948,0.04376029654036244,0.472452974314905
9013,0.9019,6,9,6,670928,5516,121314,4942,0.04368901279939171,0.4725568942436412
9014,0.902,9,15,9,670943,5501,121323,4933,0.0435702065644405,0.4727812919302281
9015,0.9021,15,11,15,670954,5490,121338,4918,0.04348308199214295,0.47252113758647196
9016,0.9022,9,12,9,670966,5478,121347,4909,0.04338803700418198,0.47260999326080677
9017,0.9023,3,5,3,670971,5473,121350,4906,0.04334843492586491,0.472685229790924
9018,0.9024,8,13,8,670984,5460,121358,4898,0.04324546952224053,0.47287121065842824
9019,0.9025,6,9,6,670993,5451,121364,4892,0.0431741857812698,0.47297689258435655
9020,0.9026,13,18,13,671011,5433,121377,4879,0.04303161829932835,0.4731380915438324
9021,0.9027,7,31,7,671042,5402,121384,4872,0.04278608541376251,0.47420673544870545
9022,0.9028,6,10,6,671052,5392,121390,4866,0.042706881257128376,0.4743614739715344
9023,0.9029,10,11,10,671063,5381,121400,4856,0.04261975668483082,0.47435772198886395
9024,0.903,17,16,17,671079,5365,121417,4839,0.04249303003421619,0.47422579380635044
9025,0.9031,3,13,3,671092,5352,121420,4836,0.04239006463059181,0.4746760895170789
9026,0.9032,10,33,10,671125,5319,121430,4826,0.04212869091369915,0.47570231641202565
9027,0.9033,6,14,6,671139,5305,121436,4820,0.04201780509441135,0.4760493827160494
9028,0.9034,8,10,8,671149,5295,121444,4812,0.041938600937777216,0.4761056693380825
9029,0.9035,7,5,7,671154,5290,121451,4805,0.04189899885946014,0.4759782070331847
9030,0.9036,5,8,5,671162,5282,121456,4800,0.04183563553415283,0.4760960126958937
9031,0.9037,7,8,7,671170,5274,121463,4793,0.04177227220884552,0.47611006258070926
9032,0.9038,11,7,11,671177,5267,121474,4782,0.04171682929920162,0.47586824559657676
9033,0.9039,9,13,9,671190,5254,121483,4773,0.04161386389557724,0.47601476014760147
9034,0.904,8,8,8,671198,5246,121491,4765,0.041550500570269926,0.4759764259314754
9035,0.9041,5,12,5,671210,5234,121496,4760,0.04145545558230896,0.4762857714628777
9036,0.9042,6,12,6,671222,5222,121502,4754,0.041360410594347995,0.4765437048917402
9037,0.9043,4,6,4,671228,5216,121506,4750,0.041312888100367505,0.4766205097330925
9038,0.9044,10,14,10,671242,5202,121516,4740,0.04120200228107971,0.4767652383826192
9039,0.9045,9,17,9,671259,5185,121525,4731,0.04106735521480167,0.47710770471964503
9040,0.9046,12,5,12,671264,5180,121537,4719,0.0410277531364846,0.47671481967875545
9041,0.9047,2,2,2,671266,5178,121539,4717,0.04101191230515777,0.4767054067710965
9042,0.9048,10,12,10,671278,5166,121549,4707,0.040916867317196806,0.47675478577939834
9043,0.9049,6,13,6,671291,5153,121555,4701,0.040813901913572426,0.47706515120763143
9044,0.905,22,20,22,671311,5133,121577,4679,0.04065549360030414,0.47686506318793315
9045,0.9051,7,12,7,671323,5121,121584,4672,0.040560448612343175,0.4770754620647401
9046,0.9052,6,20,6,671343,5101,121590,4666,0.0404020402990749,0.4777311354561278
9047,0.9053,9,15,9,671358,5086,121599,4657,0.04028323406412369,0.47798419378014984
9048,0.9054,10,11,10,671369,5075,121609,4647,0.04019610949182613,0.477988068298704
9049,0.9055,5,8,5,671377,5067,121614,4642,0.040132746166518816,0.4781130909465444
9050,0.9056,9,11,9,671388,5056,121623,4633,0.040045621594221266,0.478171121890804
9051,0.9057,16,22,16,671410,5034,121639,4617,0.03987137244962616,0.47839602113770596
9052,0.9058,15,14,15,671424,5020,121654,4602,0.03976048663033836,0.4782789440864685
9053,0.9059,9,14,9,671438,5006,121663,4593,0.03964960081105057,0.47848734243150326
9054,0.906,6,6,6,671444,5000,121669,4587,0.03960207831707008,0.4784604151455095
9055,0.9061,5,13,5,671457,4987,121674,4582,0.0394991129134457,0.47883791409760684
9056,0.9062,4,14,4,671471,4973,121678,4578,0.0393882270941579,0.4793215370118312
9057,0.9063,4,10,4,671481,4963,121682,4574,0.03930902293752376,0.47960574604173223
9058,0.9064,10,13,10,671494,4950,121692,4564,0.03920605753389938,0.47971410552869453
9059,0.9065,6,2,6,671496,4948,121698,4558,0.03919021670257255,0.4794866400168315
9060,0.9066,12,7,12,671503,4941,121710,4546,0.03913477379292865,0.47918203857910824
9061,0.9067,11,16,11,671519,4925,121721,4535,0.039008047142314026,0.47938689217758984
9062,0.9068,4,11,4,671530,4914,121725,4531,0.038920922570016475,0.479724722075172
9063,0.9069,4,12,4,671542,4902,121729,4527,0.03882587758205551,0.4801145402481705
9064,0.907,9,16,9,671558,4886,121738,4518,0.038699150931440884,0.48043385793279453
9065,0.9071,7,9,7,671567,4877,121745,4511,0.03862786719047016,0.48050703025138475
9066,0.9072,11,11,11,671578,4866,121756,4500,0.0385407426181726,0.48046124279308133
9067,0.9073,4,9,4,671587,4857,121760,4496,0.03846945887720188,0.48070137923660855
9068,0.9074,2,9,2,671596,4848,121762,4494,0.03839817513623115,0.481053307642903
9069,0.9075,8,14,8,671610,4834,121770,4486,0.038287289316943356,0.4813304721030043
9070,0.9076,5,5,5,671615,4829,121775,4481,0.03824768723862628,0.48131041890440385
9071,0.9077,3,11,3,671626,4818,121778,4478,0.03816056266632873,0.48171256454388983
9072,0.9078,2,11,2,671637,4807,121780,4476,0.03807343809403117,0.4821717117311214
9073,0.9079,12,12,12,671649,4795,121792,4464,0.03797839310607021,0.48212549951398637
9074,0.908,5,7,5,671656,4788,121797,4459,0.03792295019642631,0.4822104466313399
9075,0.9081,13,10,13,671666,4778,121810,4446,0.03784374603979217,0.48200346921075454
9076,0.9082,5,11,5,671677,4767,121815,4441,0.03775662146749462,0.48229800173761944
9077,0.9083,5,12,5,671689,4755,121820,4436,0.037661576479533644,0.48264606680448263
9078,0.9084,2,6,2,671695,4749,121822,4434,0.03761405398555316,0.4828487422410977
9079,0.9085,9,5,9,671700,4744,121831,4425,0.037574451907236094,0.48260442796379105
9080,0.9086,7,7,7,671707,4737,121838,4418,0.037519008997592196,0.4825778263244129
9081,0.9087,5,15,5,671722,4722,121843,4413,0.037400202762640986,0.4830870279146141
9082,0.9088,13,11,13,671733,4711,121856,4400,0.03731307819034343,0.48293271869169135
9083,0.9089,9,1,9,671734,4710,121865,4391,0.03730515777468001,0.48247445335677397
9084,0.909,14,20,14,671754,4690,121879,4377,0.037146749461411735,0.48273960516157494
9085,0.9091,10,11,10,671765,4679,121889,4367,0.03705962488911418,0.48275480875525095
9086,0.9092,6,8,6,671773,4671,121895,4361,0.03699626156380687,0.48283879539415414
9087,0.9093,3,2,3,671775,4669,121898,4358,0.03698042073248004,0.4827739005206602
9088,0.9094,1,5,1,671780,4664,121899,4357,0.03694081865416297,0.4829841480988804
9089,0.9095,8,15,8,671795,4649,121907,4349,0.03682201241921176,0.4833296288064014
9090,0.9096,4,10,4,671805,4639,121911,4345,0.03674280826257762,0.48363757791629564
9091,0.9097,6,5,6,671810,4634,121917,4339,0.03670320618426055,0.48356179650061293
9092,0.9098,8,18,8,671828,4616,121925,4331,0.0365606387023191,0.4840728735889125
9093,0.9099,9,13,9,671841,4603,121934,4322,0.03645767329869472,0.4842577030812325
9094,0.91,21,17,21,671858,4586,121955,4301,0.03632302623241668,0.48396534263531
9095,0.9101,7,6,7,671864,4580,121962,4294,0.036275503738436195,0.483885508226279
9096,0.9102,6,5,6,671869,4575,121968,4288,0.03623590166011912,0.4838090939862349
9097,0.9103,10,11,10,671880,4564,121978,4278,0.03614877708782157,0.48382718841890976
9098,0.9104,7,5,7,671885,4559,121985,4271,0.0361091750095045,0.48369195922989805
9099,0.9105,3,11,3,671896,4548,121988,4268,0.036022050437206944,0.4841197822141561
9100,0.9106,5,4,5,671900,4544,121993,4263,0.03599036877455329,0.48404678096968323
9101,0.9107,10,14,10,671914,4530,122003,4253,0.03587948295526549,0.4842309006034385
9102,0.9108,7,12,7,671926,4518,122010,4246,0.035784437967304523,0.48448197170241897
9103,0.9109,2,11,2,671937,4507,122012,4244,0.03569731339500697,0.48497314592617985
9104,0.911,8,10,8,671947,4497,122020,4236,0.03561810923837283,0.485056681552731
9105,0.9111,14,14,14,671961,4483,122034,4222,0.035507223419085035,0.48500861573808157
9106,0.9112,3,9,3,671970,4474,122037,4219,0.03543593967811431,0.4853330265731048
9107,0.9113,7,9,7,671979,4465,122044,4212,0.03536465593714358,0.485421228535208
9108,0.9114,6,10,6,671989,4455,122050,4206,0.035285451780509444,0.4856252164877035
9109,0.9115,8,10,8,671999,4445,122058,4198,0.0352062476238753,0.4857109799838019
9110,0.9116,6,2,6,672001,4443,122064,4192,0.03519040679254847,0.48546612623045743
9111,0.9117,8,14,8,672015,4429,122072,4184,0.035079520973260676,0.48577731336352026
9112,0.9118,4,8,4,672023,4421,122076,4180,0.035016157647953364,0.4859900011626555
9113,0.9119,4,4,4,672027,4417,122080,4176,0.03498447598529971,0.4859769579890609
9114,0.912,6,10,6,672037,4407,122086,4170,0.03490527182866557,0.4861839804127317
9115,0.9121,7,9,7,672046,4398,122093,4163,0.03483398808769484,0.4862749678775844
9116,0.9122,7,7,7,672053,4391,122100,4156,0.03477854517805094,0.48625248625248624
9117,0.9123,8,13,8,672066,4378,122108,4148,0.03467557977442656,0.48651184611775744
9118,0.9124,8,11,8,672077,4367,122116,4140,0.034588455202129005,0.4866580463147996
9119,0.9125,8,10,8,672087,4357,122124,4132,0.03450925104549487,0.48674755566026623
9120,0.9126,4,13,4,672100,4344,122128,4128,0.03440628564187048,0.48725212464589235
9121,0.9127,2,0,2,672100,4344,122130,4126,0.03440628564187048,0.4871310507674144
9122,0.9128,12,16,12,672116,4328,122142,4114,0.034279558991255864,0.4873252783700545
9123,0.9129,11,12,11,672128,4316,122153,4103,0.03418451400329489,0.48735004157263334
9124,0.913,12,15,12,672143,4301,122165,4091,0.03406570776834368,0.4874880838894185
9125,0.9131,7,12,7,672155,4289,122172,4084,0.033970662780382715,0.48775827063179267
9126,0.9132,2,8,2,672163,4281,122174,4082,0.0339072994550754,0.4881023556140141
9127,0.9133,8,11,8,672174,4270,122182,4074,0.033820174882777845,0.48825503355704697
9128,0.9134,8,10,8,672184,4260,122190,4066,0.03374097072614371,0.4883497477780447
9129,0.9135,2,4,2,672188,4256,122192,4064,0.03370928906349005,0.48846153846153845
9130,0.9136,5,5,5,672193,4251,122197,4059,0.03366968698517298,0.4884476534296029
9131,0.9137,4,7,4,672200,4244,122201,4055,0.033614244075529084,0.4886130859139655
9132,0.9138,8,10,8,672210,4234,122209,4047,0.03353503991889494,0.4887090931046975
9133,0.9139,4,9,4,672219,4225,122213,4043,0.033463756177924214,0.4889937106918239
9134,0.914,9,14,9,672233,4211,122222,4034,0.03335287035863642,0.4892662219526986
9135,0.9141,6,8,6,672241,4203,122228,4028,0.033289507033329106,0.48936945693111406
9136,0.9142,10,8,10,672249,4195,122238,4018,0.033226143708021794,0.4892244003409229
9137,0.9143,3,1,3,672250,4194,122241,4015,0.033218223292358386,0.48909733219636986
9138,0.9144,6,17,6,672267,4177,122247,4009,0.033083576226080345,0.4897385780601026
9139,0.9145,13,9,13,672276,4168,122260,3996,0.03301229248510962,0.4894659480646742
9140,0.9146,8,11,8,672287,4157,122268,3988,0.03292516791281207,0.4896255371393493
9141,0.9147,3,8,3,672295,4149,122271,3985,0.032861804587504755,0.489918859109909
9142,0.9148,3,7,3,672302,4142,122274,3982,0.03280636167786086,0.4901526341703594
9143,0.9149,7,5,7,672307,4137,122281,3975,0.03276675959954378,0.4900147928994083
9144,0.915,5,13,5,672320,4124,122286,3970,0.0326637941959194,0.4904867803311095
9145,0.9151,7,10,7,672330,4114,122293,3963,0.03258459003928526,0.49065246997647644
9146,0.9152,8,3,8,672333,4111,122301,3955,0.03256082879229502,0.490329779320605
9147,0.9153,6,17,6,672350,4094,122307,3949,0.03242618172601698,0.4909859505159766
9148,0.9154,7,5,7,672355,4089,122314,3942,0.03238657964769991,0.49084796413896153
9149,0.9155,5,7,5,672362,4082,122319,3937,0.032331136738056016,0.49095897244045394
9150,0.9156,5,7,5,672369,4075,122324,3932,0.03227569382841212,0.49107031347570873
9151,0.9157,5,17,5,672386,4058,122329,3927,0.03214104676213408,0.4917971195992486
9152,0.9158,5,9,5,672395,4049,122334,3922,0.03206976302116335,0.4920336218793125
9153,0.9159,8,7,8,672402,4042,122342,3914,0.03201432011151945,0.491955756661639
9154,0.916,19,17,19,672419,4025,122361,3895,0.03187967304524141,0.4917929292929293
9155,0.9161,8,7,8,672426,4018,122369,3887,0.031824230135597514,0.49171410499683743
9156,0.9162,7,7,7,672433,4011,122376,3880,0.03176878722595362,0.49169940438474213
9157,0.9163,4,5,4,672438,4006,122380,3876,0.03172918514763655,0.49175336209083986
9158,0.9164,8,12,8,672450,3994,122388,3868,0.031634140159675576,0.49198677181378786
9159,0.9165,3,4,3,672454,3990,122391,3865,0.031602458497021924,0.49204328453214513
9160,0.9166,4,3,4,672457,3987,122395,3861,0.03157869725003168,0.4919724770642202
9161,0.9167,13,9,13,672466,3978,122408,3848,0.03150741350906096,0.49169435215946844
9162,0.9168,5,9,5,672475,3969,122413,3843,0.03143612976809023,0.49193548387096775
9163,0.9169,1,4,1,672479,3965,122414,3842,0.03140444810543657,0.49212245420776224
9164,0.917,1,9,1,672488,3956,122415,3841,0.03133316436446585,0.49262536873156343
9165,0.9171,10,23,10,672511,3933,122425,3831,0.031150994804207324,0.49343122102009274
9166,0.9172,4,8,4,672519,3925,122429,3827,0.031087631478900014,0.4936790505675955
9167,0.9173,5,4,5,672523,3921,122434,3822,0.031055949816246358,0.4936071290197598
9168,0.9174,7,8,7,672531,3913,122441,3815,0.030992586490939045,0.4936594202898551
9169,0.9175,0,8,0,672539,3905,122441,3815,0.030929223165631733,0.49417098445595853
9170,0.9176,12,12,12,672551,3893,122453,3803,0.030834178177670764,0.49415280665280664
9171,0.9177,14,16,14,672567,3877,122467,3789,0.03070745152705614,0.4942603704669971
9172,0.9178,6,13,6,672580,3864,122473,3783,0.030604486123431758,0.4947038054138878
9173,0.9179,4,11,4,672591,3853,122477,3779,0.030517361551134204,0.49515199161425577
9174,0.918,5,1,5,672592,3852,122482,3774,0.03050944113547079,0.4948859166011015
9175,0.9181,8,13,8,672605,3839,122490,3766,0.03040647573184641,0.4952005259697567
9176,0.9182,12,4,12,672609,3835,122502,3754,0.030374794069192752,0.4946633285017789
9177,0.9183,14,16,14,672625,3819,122516,3740,0.030248067418578127,0.4947744410636328
9178,0.9184,1,11,1,672636,3808,122517,3739,0.030160942846280573,0.49542864714456075
9179,0.9185,6,11,6,672647,3797,122523,3733,0.03007381827398302,0.4957503320053121
9180,0.9186,4,9,4,672656,3788,122527,3729,0.03000253453301229,0.4960755620593322
9181,0.9187,12,9,12,672665,3779,122539,3717,0.029931250792041567,0.49586446104589116
9182,0.9188,4,9,4,672674,3770,122543,3713,0.02985996705107084,0.49619136709875716
9183,0.9189,6,17,6,672691,3753,122549,3707,0.029725319984792803,0.49691689008042894
9184,0.919,10,10,10,672701,3743,122559,3697,0.02964611582815866,0.4969086021505376
9185,0.9191,14,6,14,672707,3737,122573,3683,0.029598593334178178,0.4963611859838275
9186,0.9192,5,14,5,672721,3723,122578,3678,0.029487707514890382,0.4969598702877989
9187,0.9193,9,6,9,672727,3717,122587,3669,0.029440185020909896,0.4967506092607636
9188,0.9194,6,9,6,672736,3708,122593,3663,0.029368901279939172,0.49694749694749696
9189,0.9195,1,3,1,672739,3705,122594,3662,0.02934514003294893,0.49708158001900365
9190,0.9196,2,10,2,672749,3695,122596,3660,0.029265935876314788,0.49762066621346024
9191,0.9197,3,2,3,672751,3693,122599,3657,0.02925009504498796,0.4975510204081633
9192,0.9198,6,10,6,672761,3683,122605,3651,0.029170890888353822,0.4978183801472593
9193,0.9199,0,5,0,672766,3678,122605,3651,0.02913128881003675,0.49815800245599673
9194,0.92,18,18,18,672784,3660,122623,3633,0.0289887213280953,0.4981489099136158
9195,0.9201,9,12,9,672796,3648,122632,3624,0.02889367634013433,0.49834983498349833
9196,0.9202,4,8,4,672804,3640,122636,3620,0.028830313014827018,0.4986225895316804
9197,0.9203,6,5,6,672809,3635,122642,3614,0.028790710936509947,0.49855152434818595
9198,0.9204,16,12,16,672821,3623,122658,3598,0.02869566594854898,0.4982689378202465
9199,0.9205,10,9,10,672830,3614,122668,3588,0.028624382207578253,0.4981949458483754
9200,0.9206,2,2,2,672832,3612,122670,3586,0.028608541376251427,0.4981939427618783
9201,0.9207,5,6,5,672838,3606,122675,3581,0.02856101888227094,0.4982607485738138
9202,0.9208,12,15,12,672853,3591,122687,3569,0.02844221264731973,0.498463687150838
9203,0.9209,9,4,9,672857,3587,122696,3560,0.028410530984666074,0.49811109556457256
9204,0.921,10,5,10,672862,3582,122706,3550,0.028370928906349006,0.4977565900168256
9205,0.9211,2,3,2,672865,3579,122708,3548,0.02834716765935876,0.4978251718815771
9206,0.9212,4,2,4,672867,3577,122712,3544,0.028331326828031935,0.4976829097036933
9207,0.9213,2,12,2,672879,3565,122714,3542,0.028236281840070966,0.49838187702265374
9208,0.9214,4,2,4,672881,3563,122718,3538,0.02822044100874414,0.4982396845514716
9209,0.9215,6,5,6,672886,3558,122724,3532,0.02818083893042707,0.4981664315937941
9210,0.9216,12,10,12,672896,3548,122736,3520,0.02810163477379293,0.4980192416525184
9211,0.9217,6,6,6,672902,3542,122742,3514,0.028054112279812443,0.498015873015873
9212,0.9218,8,19,8,672921,3523,122750,3506,0.02790362438220758,0.4987907241428368
9213,0.9219,9,8,9,672929,3515,122759,3497,0.027840261056900267,0.4987164860239589
9214,0.922,2,9,2,672938,3506,122761,3495,0.02776897731592954,0.499214397943151
9215,0.9221,1,12,1,672950,3494,122762,3494,0.02767393232796857,0.5
9216,0.9222,2,11,2,672961,3483,122764,3492,0.027586807755671017,0.5006451612903225
9217,0.9223,11,13,11,672974,3470,122775,3481,0.027483842352046636,0.5007912530571141
9218,0.9224,7,9,7,672983,3461,122782,3474,0.02741255861107591,0.5009372746935833
9219,0.9225,17,7,17,672990,3454,122799,3457,0.02735711570143201,0.5002170452901172
9220,0.9226,7,8,7,672998,3446,122806,3450,0.0272937523761247,0.5002900232018561
9221,0.9227,6,6,6,673004,3440,122812,3444,0.027246229882144216,0.5002905287623475
9222,0.9228,1,4,1,673008,3436,122813,3443,0.02721454821949056,0.5005087948829772
9223,0.9229,6,6,6,673014,3430,122819,3437,0.027167025725510073,0.5005096839959225
9224,0.923,7,11,7,673025,3419,122826,3430,0.02707990115321252,0.5008030369396992
9225,0.9231,3,3,3,673028,3416,122829,3427,0.027056139906222278,0.5008037410492474
9226,0.9232,8,6,8,673034,3410,122837,3419,0.027008617412241795,0.5006589544589252
9227,0.9233,9,7,9,673041,3403,122846,3410,0.026953174502597897,0.5005137237633935
9228,0.9234,10,8,10,673049,3395,122856,3400,0.026889811177290585,0.5003679175864606
9229,0.9235,6,13,6,673062,3382,122862,3394,0.0267868457736662,0.5008854781582054
9230,0.9236,3,9,3,673071,3373,122865,3391,0.026715562032695477,0.5013305736250739
9231,0.9237,9,6,9,673077,3367,122874,3382,0.02666803953871499,0.5011112757445547
9232,0.9238,11,12,11,673089,3355,122885,3371,0.026572994550754025,0.5011894142134998
9233,0.9239,12,4,12,673093,3351,122897,3359,0.02654131288810037,0.5005961251862892
9234,0.924,9,11,9,673104,3340,122906,3350,0.026454188315802814,0.5007473841554559
9235,0.9241,14,5,14,673109,3335,122920,3336,0.026414586237485743,0.5000749512816669
9236,0.9242,13,8,13,673117,3327,122933,3323,0.02635122291217843,0.49969924812030075
9237,0.9243,6,8,6,673125,3319,122939,3317,0.026287859586871118,0.4998493068113321
9238,0.9244,11,7,11,673132,3312,122950,3306,0.02623241667722722,0.499546690843155
9239,0.9245,2,7,2,673139,3305,122952,3304,0.026176973767583323,0.49992434558934784
9240,0.9246,0,6,0,673145,3299,122952,3304,0.02612945127360284,0.5003786157807057
9241,0.9247,7,7,7,673152,3292,122959,3297,0.026074008363958942,0.5003794202458643
9242,0.9248,10,7,10,673159,3285,122969,3287,0.02601856545431504,0.5001521606816799
9243,0.9249,4,7,4,673166,3278,122973,3283,0.025963122544671143,0.5003810394756897
9244,0.925,5,4,5,673170,3274,122978,3278,0.025931440882017487,0.5003052503052503
9245,0.9251,6,5,6,673175,3269,122984,3272,0.02589183880370042,0.5002293227335269
9246,0.9252,9,4,9,673179,3265,122993,3263,0.025860157141046763,0.49984681372549017
9247,0.9253,4,13,4,673192,3252,122997,3259,0.02575719173742238,0.5005375518353555
9248,0.9254,6,7,6,673199,3245,123003,3253,0.02570174882777848,0.5006155740227762
9249,0.9255,7,6,7,673205,3239,123010,3246,0.025654226333798,0.5005397070161912
9250,0.9256,7,6,7,673211,3233,123017,3239,0.025606703839817512,0.5004635352286774
9251,0.9257,7,4,7,673215,3229,123024,3232,0.025575022177163856,0.5002321622039931
9252,0.9258,6,5,6,673220,3224,123030,3226,0.025535420098846788,0.5001550387596899
9253,0.9259,3,5,3,673225,3219,123033,3223,0.025495818020529717,0.500310462589258
9254,0.926,5,9,5,673234,3210,123038,3218,0.025424534279558993,0.5006222775357809
9255,0.9261,3,12,3,673246,3198,123041,3215,0.025329489291598024,0.501325432714798
9256,0.9262,4,6,4,673252,3192,123045,3211,0.025281966797617537,0.5014836795252225
9257,0.9263,5,7,5,673259,3185,123050,3206,0.02522652388797364,0.5016429353778752
9258,0.9264,4,10,4,673269,3175,123054,3202,0.0251473197313395,0.5021169829073232
9259,0.9265,5,4,5,673273,3171,123059,3197,0.025115638068685844,0.5020414572864321
9260,0.9266,2,9,2,673282,3162,123061,3195,0.025044354327715117,0.5025955639452572
9261,0.9267,13,18,13,673300,3144,123074,3182,0.024901786845773665,0.5030034777110338
9262,0.9268,5,4,5,673304,3140,123079,3177,0.02487010518312001,0.5029286053506411
9263,0.9269,5,2,5,673306,3138,123084,3172,0.024854264351793182,0.5026941362916006
9264,0.927,11,15,11,673321,3123,123095,3161,0.024735458116841972,0.5030235518777848
9265,0.9271,3,9,3,673330,3114,123098,3158,0.024664174375871244,0.5035076530612245
9266,0.9272,4,10,4,673340,3104,123102,3154,0.024584970219237105,0.5039948865452221
9267,0.9273,3,7,3,673347,3097,123105,3151,0.024529527309593208,0.5043213828425096
9268,0.9274,3,9,3,673356,3088,123108,3148,0.02445824356862248,0.5048107761385503
9269,0.9275,5,13,5,673369,3075,123113,3143,0.0243552781649981,0.5054679961402381
9270,0.9276,2,7,2,673376,3068,123115,3141,0.024299835255354202,0.5058785633757449
9271,0.9277,11,4,11,673380,3064,123126,3130,0.024268153592700546,0.5053277365192121
9272,0.9278,6,10,6,673390,3054,123132,3124,0.024188949436066406,0.5056652638394302
9273,0.9279,10,4,10,673394,3050,123142,3114,0.02415726777341275,0.5051914341336794
9274,0.928,10,8,10,673402,3042,123152,3104,0.024093904448105437,0.5050439310120404
9275,0.9281,5,4,5,673406,3038,123157,3099,0.02406222278545178,0.5049698549780023
9276,0.9282,3,3,3,673409,3035,123160,3096,0.02403846153846154,0.504974718642962
9277,0.9283,8,13,8,673422,3022,123168,3088,0.023935496134837156,0.5054009819967267
9278,0.9284,3,4,3,673426,3018,123171,3085,0.0239038144721835,0.5054891037194822
9279,0.9285,1,15,1,673441,3003,123172,3084,0.02378500823723229,0.5066535239034007
9280,0.9286,8,10,8,673451,2993,123180,3076,0.02370580408059815,0.5068380293293788
9281,0.9287,9,11,9,673462,2982,123189,3067,0.023618679508300596,0.5070259547032567
9282,0.9288,5,4,5,673466,2978,123194,3062,0.02358699784564694,0.506953642384106
9283,0.9289,4,3,4,673469,2975,123198,3058,0.0235632365986567,0.5068788330847008
9284,0.929,0,3,0,673472,2972,123198,3058,0.023539475351666457,0.5071310116086235
9285,0.9291,4,9,4,673481,2963,123202,3054,0.02346819161069573,0.5075619079275386
9286,0.9292,5,7,5,673488,2956,123207,3049,0.023412748701051832,0.5077435470441299
9287,0.9293,8,12,8,673500,2944,123215,3041,0.023317703713090863,0.5081035923141186
9288,0.9294,6,8,6,673508,2936,123221,3035,0.02325434038778355,0.5082900686652152
9289,0.9295,11,3,11,673511,2933,123232,3024,0.02323057914079331,0.5076380728554641
9290,0.9296,9,10,9,673521,2923,123241,3015,0.02315137498415917,0.5077467160660155
9291,0.9297,7,2,7,673523,2921,123248,3008,0.02313553415283234,0.5073368190251307
9292,0.9298,12,3,12,673526,2918,123260,2996,0.0231117729058421,0.5065945214744674
9293,0.9299,2,4,2,673530,2914,123262,2994,0.023080091243188442,0.50677048070413
9294,0.93,7,7,7,673537,2907,123269,2987,0.023024648333544544,0.50678656260604
9295,0.9301,7,7,7,673544,2900,123276,2980,0.022969205423900647,0.5068027210884354
9296,0.9302,9,8,9,673552,2892,123285,2971,0.022905842098593334,0.5067371652737507
9297,0.9303,4,4,4,673556,2888,123289,2967,0.022874160435939678,0.5067463706233988
9298,0.9304,2,4,2,673560,2884,123291,2965,0.02284247877328602,0.5069242605573603
9299,0.9305,2,2,2,673562,2882,123293,2963,0.022826637941959195,0.506928999144568
9300,0.9306,2,4,2,673566,2878,123295,2961,0.02279495627930554,0.5071073814009248
9301,0.9307,5,9,5,673575,2869,123300,2956,0.02272367253833481,0.5074678111587982
9302,0.9308,10,5,10,673580,2864,123310,2946,0.022684070460017743,0.5070567986230636
9303,0.9309,5,4,5,673584,2860,123315,2941,0.022652388797364087,0.5069815549043268
9304,0.931,7,6,7,673590,2854,123322,2934,0.0226048663033836,0.5069108500345543
9305,0.9311,6,10,6,673600,2844,123328,2928,0.02252566214674946,0.5072765072765073
9306,0.9312,5,3,5,673603,2841,123333,2923,0.02250190089975922,0.5071131158917418
9307,0.9313,2,1,2,673604,2840,123335,2921,0.022493980484095805,0.5070300295087659
9308,0.9314,10,16,10,673620,2824,123345,2911,0.02236725383348118,0.507585004359198
9309,0.9315,9,6,9,673626,2818,123354,2902,0.022319731339500697,0.5073426573426574
9310,0.9316,5,6,5,673632,2812,123359,2897,0.022272208845520215,0.5074443860571028
9311,0.9317,9,5,9,673637,2807,123368,2888,0.022232606767203143,0.5071115013169447
9312,0.9318,3,8,3,673645,2799,123371,2885,0.02216924344189583,0.5075650950035187
9313,0.9319,3,7,3,673652,2792,123374,2882,0.022113800532251933,0.5079309129362002
9314,0.932,3,5,3,673657,2787,123377,2879,0.02207419845393486,0.5081186021884928
9315,0.9321,8,5,8,673662,2782,123385,2871,0.022034596375617794,0.5078719264107554
9316,0.9322,5,4,5,673666,2778,123390,2866,0.022002914712964138,0.5077958894401134
9317,0.9323,5,9,5,673675,2769,123395,2861,0.02193163097199341,0.508170515097691
9318,0.9324,2,4,2,673679,2765,123397,2859,0.021899949309339754,0.508357041251778
9319,0.9325,6,17,6,673696,2748,123403,2853,0.021765302243061717,0.5093733261917515
9320,0.9326,2,4,2,673700,2744,123405,2851,0.02173362058040806,0.509562109025916
9321,0.9327,5,10,5,673710,2734,123410,2846,0.021654416423773918,0.5100358422939069
9322,0.9328,8,10,8,673720,2724,123418,2838,0.02157521226713978,0.5102481121898598
9323,0.9329,4,9,4,673729,2715,123422,2834,0.021503928526169055,0.5107226527302217
9324,0.933,10,10,10,673739,2705,123432,2824,0.021424724369534912,0.5107614396816784
9325,0.9331,6,9,6,673748,2696,123438,2818,0.021353440628564188,0.5110627493652521
9326,0.9332,13,5,13,673753,2691,123451,2805,0.021313838550247117,0.5103711790393013
9327,0.9333,9,14,9,673767,2677,123460,2796,0.02120295273095932,0.5108715512515988
9328,0.9334,4,10,4,673777,2667,123464,2792,0.02112374857432518,0.5114489833302802
9329,0.9335,4,11,4,673788,2656,123468,2788,0.021036624002027625,0.5121234386480529
9330,0.9336,2,8,2,673796,2648,123470,2786,0.020973260676720316,0.5126978284873022
9331,0.9337,3,4,3,673800,2644,123473,2783,0.02094157901406666,0.5128063386769854
9332,0.9338,8,16,8,673816,2628,123481,2775,0.020814852363452034,0.5136035535813437
9333,0.9339,2,2,2,673818,2626,123483,2773,0.020799011532125204,0.5136136321541026
9334,0.934,5,11,5,673829,2615,123488,2768,0.02071188695982765,0.5142114062790266
9335,0.9341,4,3,4,673832,2612,123492,2764,0.02068812571283741,0.5141369047619048
9336,0.9342,12,13,12,673845,2599,123504,2752,0.02058516030921303,0.5142963931975332
9337,0.9343,3,4,3,673849,2595,123507,2749,0.020553478646559372,0.5144086826347305
9338,0.9344,5,10,5,673859,2585,123512,2744,0.020474274489925233,0.514918371176581
9339,0.9345,0,2,0,673861,2583,123512,2744,0.020458433658598403,0.5151116951379764
9340,0.9346,3,7,3,673868,2576,123515,2741,0.020402990748954505,0.5155162685725033
9341,0.9347,7,10,7,673878,2566,123522,2734,0.020323786592320366,0.5158490566037736
9342,0.9348,4,7,4,673885,2559,123526,2730,0.020268343682676465,0.5161656267725468
9343,0.9349,7,5,7,673890,2554,123533,2723,0.020228741604359397,0.5160128861095319
9344,0.935,5,6,5,673896,2548,123538,2718,0.02018121911037891,0.5161412837067983
9345,0.9351,4,13,4,673909,2535,123542,2714,0.02007825370675453,0.5170508668317775
9346,0.9352,5,7,5,673916,2528,123547,2709,0.020022810797110633,0.5172808860034371
9347,0.9353,8,8,8,673924,2520,123555,2701,0.01995944747180332,0.5173338440911702
9348,0.9354,3,2,3,673926,2518,123558,2698,0.019943606640476494,0.5172546012269938
9349,0.9355,7,11,7,673937,2507,123565,2691,0.019856482068178936,0.5176991150442478
9350,0.9356,2,8,2,673945,2499,123567,2689,0.019793118742871627,0.5183114880493447
9351,0.9357,4,3,4,673948,2496,123571,2685,0.019769357495881382,0.5182397220613781
9352,0.9358,3,4,3,673952,2492,123574,2682,0.019737675833227726,0.5183610359489756
9353,0.9359,5,10,5,673962,2482,123579,2677,0.019658471676593587,0.5188990114363249
9354,0.936,4,7,4,673969,2475,123583,2673,0.01960302876694969,0.5192307692307693
9355,0.9361,8,3,8,673972,2472,123591,2665,0.019579267519959448,0.5187852832392447
9356,0.9362,7,6,7,673978,2466,123598,2658,0.01953174502597896,0.5187353629976581
9357,0.9363,8,4,8,673982,2462,123606,2650,0.01950006336332531,0.5183881064162754
9358,0.9364,2,7,2,673989,2455,123608,2648,0.019444620453681408,0.5189104448363707
9359,0.9365,4,3,4,673992,2452,123612,2644,0.019420859206691166,0.5188383045525903
9360,0.9366,3,4,3,673996,2448,123615,2641,0.01938917754403751,0.5189624680683828
9361,0.9367,13,16,13,674012,2432,123628,2628,0.019262450893422888,0.5193675889328063
9362,0.9368,13,4,13,674016,2428,123641,2615,0.019230769230769232,0.5185405512591711
9363,0.9369,4,4,4,674020,2424,123645,2611,0.019199087568115576,0.5185700099304866
9364,0.937,6,4,6,674024,2420,123651,2605,0.01916740590546192,0.5184079601990049
9365,0.9371,14,14,14,674038,2406,123665,2591,0.019056520086174124,0.5185111066639984
9366,0.9372,5,7,5,674045,2399,123670,2586,0.019001077176530223,0.5187562688064192
9367,0.9373,3,9,3,674054,2390,123673,2583,0.0189297934355595,0.5194047858435552
9368,0.9374,4,5,4,674059,2385,123677,2579,0.018890191357242427,0.5195406929895245
9369,0.9375,6,6,6,674065,2379,123683,2573,0.018842668863261944,0.5195880452342488
9370,0.9376,10,6,10,674071,2373,123693,2563,0.018795146369281458,0.5192463533225283
9371,0.9377,2,4,2,674075,2369,123695,2561,0.018763464706627805,0.51947261663286
9372,0.9378,0,8,0,674083,2361,123695,2561,0.018700101381320493,0.5203169443315725
9373,0.9379,3,3,3,674086,2358,123698,2558,0.018676340134330248,0.5203417412530512
9374,0.938,6,0,6,674086,2358,123704,2552,0.018676340134330248,0.519755600814664
9375,0.9381,3,2,3,674088,2356,123707,2549,0.01866049930300342,0.5196738022426096
9376,0.9382,7,11,7,674099,2345,123714,2542,0.018573374730705867,0.5201555146306528
9377,0.9383,8,10,8,674109,2335,123722,2534,0.01849417057407173,0.5204354076812487
9378,0.9384,7,5,7,674114,2330,123729,2527,0.018454568495754657,0.5202800082355363
9379,0.9385,1,3,1,674117,2327,123730,2526,0.018430807248764416,0.5205027817844632
9380,0.9386,10,9,10,674126,2318,123740,2516,0.018359523507793688,0.5204799338022342
9381,0.9387,4,8,4,674134,2310,123744,2512,0.018296160182486376,0.5209456656988801
9382,0.9388,3,1,3,674135,2309,123747,2509,0.018288239766822964,0.520755500207555
9383,0.9389,0,4,0,674139,2305,123747,2509,0.018256558104169308,0.5211882010801828
9384,0.939,8,7,8,674146,2298,123755,2501,0.01820111519452541,0.5211502396332569
9385,0.9391,4,6,4,674152,2292,123759,2497,0.018153592700544924,0.5214032157026519
9386,0.9392,3,3,3,674155,2289,123762,2494,0.018129831453554682,0.5214300648128789
9387,0.9393,13,12,13,674167,2277,123775,2481,0.018034786465593713,0.521437578814628
9388,0.9394,5,2,5,674169,2275,123780,2476,0.018018945634266887,0.5211534413807619
9389,0.9395,3,3,3,674172,2272,123783,2473,0.017995184387276646,0.5211801896733403
9390,0.9396,7,5,7,674177,2267,123790,2466,0.017955582308959574,0.521022607225861
9391,0.9397,6,6,6,674183,2261,123796,2460,0.01790805981497909,0.5210760432111841
9392,0.9398,7,3,7,674186,2258,123803,2453,0.017884298567988847,0.520696242835916
9393,0.9399,5,7,5,674193,2251,123808,2448,0.01782885565834495,0.5209619067886785
9394,0.94,24,11,24,674204,2240,123832,2424,0.017741731086047395,0.5197255574614065
9395,0.9401,7,4,7,674208,2236,123839,2417,0.01771004942339374,0.5194498173221578
9396,0.9402,9,10,9,674218,2226,123848,2408,0.0176308452667596,0.5196374622356495
9397,0.9403,6,6,6,674224,2220,123854,2402,0.017583322772779117,0.5196884465599307
9398,0.9404,4,10,4,674234,2210,123858,2398,0.017504118616144974,0.5203993055555556
9399,0.9405,2,3,2,674237,2207,123860,2396,0.017480357369154733,0.5205300890723441
9400,0.9406,1,4,1,674241,2203,123861,2395,0.017448675706501077,0.5208786428882123
9401,0.9407,15,9,15,674250,2194,123876,2380,0.017377391965530353,0.5203323130738959
9402,0.9408,5,15,5,674265,2179,123881,2375,0.017258585730579142,0.5215195432586737
9403,0.9409,4,6,4,674271,2173,123885,2371,0.017211063236598656,0.5217869718309859
9404,0.941,2,4,2,674275,2169,123887,2369,0.017179381573945,0.5220361392684002
9405,0.9411,3,2,3,674277,2167,123890,2366,0.017163540742618173,0.5219501433928966
9406,0.9412,7,7,7,674284,2160,123897,2359,0.017108097832974276,0.5220181456074353
9407,0.9413,1,2,1,674286,2158,123898,2358,0.017092257001647446,0.5221434898139947
9408,0.9414,4,2,4,674288,2156,123902,2354,0.01707641617032062,0.5219512195121951
9409,0.9415,2,6,2,674294,2150,123904,2352,0.017028893676340133,0.5224344735673034
9410,0.9416,2,5,2,674299,2145,123906,2350,0.016989291598023065,0.5228031145717463
9411,0.9417,3,5,3,674304,2140,123909,2347,0.016949689519705994,0.5230666369511924
9412,0.9418,4,6,4,674310,2134,123913,2343,0.01690216702572551,0.5233415233415234
9413,0.9419,12,9,12,674319,2125,123925,2331,0.016830883284754784,0.5231149012567325
9414,0.942,12,15,12,674334,2110,123937,2319,0.016712077049803573,0.5235944908557236
9415,0.9421,7,11,7,674345,2099,123944,2312,0.01662495247750602,0.5241441849920653
9416,0.9422,2,4,2,674349,2095,123946,2310,0.016593270814852363,0.5244040862656073
9417,0.9423,6,4,6,674353,2091,123952,2304,0.016561589152198707,0.5242320819112628
9418,0.9424,7,2,7,674355,2089,123959,2297,0.01654574832087188,0.5237118103055176
9419,0.9425,2,3,2,674358,2086,123961,2295,0.01652198707388164,0.5238530015978087
9420,0.9426,4,5,4,674363,2081,123965,2291,0.016482384995564568,0.5240164684354987
9421,0.9427,7,4,7,674367,2077,123972,2284,0.01645070333291091,0.5237330887411145
9422,0.9428,3,6,3,674373,2071,123975,2281,0.01640318083893043,0.5241268382352942
9423,0.9429,6,10,6,674383,2061,123981,2275,0.016323976682296286,0.5246771217712177
9424,0.943,5,3,5,674386,2058,123986,2270,0.016300215435306045,0.5244916820702403
9425,0.9431,3,6,3,674392,2052,123989,2267,0.016252692941325562,0.524890020838157
9426,0.9432,5,7,5,674399,2045,123994,2262,0.016197250031681664,0.525191548641746
9427,0.9433,2,1,2,674400,2044,123996,2260,0.01618932961601825,0.525092936802974
9428,0.9434,4,3,4,674403,2041,124000,2256,0.016165568369028008,0.5250174540377007
9429,0.9435,10,8,10,674411,2033,124010,2246,0.016102205043720695,0.5248889927553166
9430,0.9436,4,4,4,674415,2029,124014,2242,0.01607052338106704,0.5249356122687895
9431,0.9437,3,1,3,674416,2028,124017,2239,0.016062602965403624,0.5247246308882119
9432,0.9438,5,7,5,674423,2021,124022,2234,0.016007160055759726,0.5250293772032902
9433,0.9439,10,7,10,674430,2014,124032,2224,0.01595171714611583,0.5247758376592733
9434,0.944,9,5,9,674435,2009,124041,2215,0.015912115067798757,0.5243844696969697
9435,0.9441,6,8,6,674443,2001,124047,2209,0.015848751742491445,0.5247030878859857
9436,0.9442,5,9,5,674452,1992,124052,2204,0.01577746800152072,0.5252621544327931
9437,0.9443,1,4,1,674456,1988,124053,2203,0.015745786338867064,0.5256502028155572
9438,0.9444,7,11,7,674467,1977,124060,2196,0.01565866176656951,0.5262401150251618
9439,0.9445,6,6,6,674473,1971,124066,2190,0.015611139272589026,0.5263157894736842
9440,0.9446,13,7,13,674480,1964,124079,2177,0.015555696362945128,0.5257184255010867
9441,0.9447,2,4,2,674484,1960,124081,2175,0.015524014700291472,0.5259975816203144
9442,0.9448,8,2,8,674486,1958,124089,2167,0.015508173868964643,0.5253333333333333
9443,0.9449,3,4,3,674490,1954,124092,2164,0.015476492206310987,0.5254978144730452
9444,0.945,10,7,10,674497,1947,124102,2154,0.01542104929666709,0.5252377468910022
9445,0.9451,3,1,3,674498,1946,124105,2151,0.015413128881003674,0.5250183060776178
9446,0.9452,7,5,7,674503,1941,124112,2144,0.015373526802686605,0.5248470012239902
9447,0.9453,5,7,5,674510,1934,124117,2139,0.015318083893042707,0.5251657255094525
9448,0.9454,7,6,7,674516,1928,124124,2132,0.015270561399062223,0.5251231527093596
9449,0.9455,6,5,6,674521,1923,124130,2126,0.015230959320745153,0.5250679180044455
9450,0.9456,3,8,3,674529,1915,124133,2123,0.01516759599543784,0.5257553244180287
9451,0.9457,3,3,3,674532,1912,124136,2120,0.0151438347484476,0.5257936507936508
9452,0.9458,5,10,5,674542,1902,124141,2115,0.015064630591813458,0.5265123226288275
9453,0.9459,3,1,3,674543,1901,124144,2112,0.015056710176150045,0.5262895589334662
9454,0.946,6,9,6,674552,1892,124150,2106,0.014985426435179318,0.5267633816908455
9455,0.9461,7,16,7,674568,1876,124157,2099,0.014858699784564694,0.5280503144654088
9456,0.9462,2,7,2,674575,1869,124159,2097,0.014803256874920796,0.5287443267776096
9457,0.9463,5,3,5,674578,1866,124164,2092,0.014779495627930553,0.5285497726124305
9458,0.9464,2,0,2,674578,1866,124166,2090,0.014779495627930553,0.5283114256825076
9459,0.9465,10,12,10,674590,1854,124176,2080,0.014684450639969586,0.5287239450940519
9460,0.9466,1,3,1,674593,1851,124177,2079,0.014660689392979343,0.5290076335877862
9461,0.9467,10,7,10,674600,1844,124187,2069,0.014605246483335445,0.5287503194479939
9462,0.9468,3,4,3,674604,1840,124190,2066,0.014573564820681789,0.5289298515104967
9463,0.9469,13,8,13,674612,1832,124203,2053,0.014510201495374478,0.5284427284427284
9464,0.947,8,4,8,674616,1828,124211,2045,0.014478519832720822,0.5280144590756519
9465,0.9471,3,4,3,674620,1824,124214,2042,0.014446838170067165,0.5281945162959131
9466,0.9472,6,4,6,674624,1820,124220,2036,0.014415156507413509,0.5280082987551867
9467,0.9473,4,5,4,674629,1815,124224,2032,0.01437555442909644,0.5282037951650637
9468,0.9474,3,5,3,674634,1810,124227,2029,0.014335952350779368,0.5285230528783538
9469,0.9475,2,3,2,674637,1807,124229,2027,0.014312191103789127,0.5286906624934794
9470,0.9476,1,4,1,674641,1803,124230,2026,0.01428050944113547,0.5291198746408984
9471,0.9477,5,6,5,674647,1797,124235,2021,0.014232986947154986,0.5293347302252488
9472,0.9478,6,4,6,674651,1793,124241,2015,0.014201305284501331,0.5291491596638656
9473,0.9479,6,7,6,674658,1786,124247,2009,0.014145862374857432,0.5293807641633729
9474,0.948,1,1,1,674659,1785,124248,2008,0.014137941959194019,0.5293962562615344
9475,0.9481,1,2,1,674661,1783,124249,2007,0.01412210112786719,0.529551451187335
9476,0.9482,3,5,3,674666,1778,124252,2004,0.014082499049550121,0.5298783712321523
9477,0.9483,6,12,6,674678,1766,124258,1998,0.013987454061589152,0.5308182784272051
9478,0.9484,7,3,7,674681,1763,124265,1991,0.01396369281459891,0.5303676078849228
9479,0.9485,4,8,4,674689,1755,124269,1987,0.013900329489291598,0.5309994655264565
9480,0.9486,14,9,14,674698,1746,124283,1973,0.013829045748320872,0.5305189567087927
9481,0.9487,2,2,2,674700,1744,124285,1971,0.013813204916994044,0.5305518169582772
9482,0.9488,4,3,4,674703,1741,124289,1967,0.013789443670003803,0.5304746494066882
9483,0.9489,7,4,7,674707,1737,124296,1960,0.013757762007350146,0.530159588855829
9484,0.949,2,0,2,674707,1737,124298,1958,0.013757762007350146,0.5299052774018944
9485,0.9491,5,10,5,674717,1727,124303,1953,0.013678557850716005,0.5307065217391305
9486,0.9492,4,3,4,674720,1724,124307,1949,0.013654796603725764,0.5306289136945276
9487,0.9493,8,3,8,674723,1721,124315,1941,0.013631035356735521,0.5300382304751502
9488,0.9494,7,8,7,674731,1713,124322,1934,0.01356767203142821,0.5302988757883191
9489,0.9495,3,8,3,674739,1705,124325,1931,0.013504308706120897,0.5310781078107811
9490,0.9496,7,5,7,674744,1700,124332,1924,0.013464706627803828,0.5309050772626932
9491,0.9497,4,4,4,674748,1696,124336,1920,0.013433024965150172,0.5309734513274337
9492,0.9498,4,4,4,674752,1692,124340,1916,0.013401343302496515,0.5310421286031042
9493,0.9499,4,7,4,674759,1685,124344,1912,0.013345900392852618,0.5315540728384766
9494,0.95,23,16,23,674775,1669,124367,1889,0.013219173742237992,0.5309162450815065
9495,0.9501,2,1,2,674776,1668,124369,1887,0.013211253326574579,0.5308016877637131
9496,0.9502,2,1,2,674777,1667,124371,1885,0.013203332910911164,0.5306869369369369
9497,0.9503,1,2,1,674779,1665,124372,1884,0.013187492079584336,0.5308537616229924
9498,0.9504,9,4,9,674783,1661,124381,1875,0.013155810416930681,0.5302601809954751
9499,0.9505,5,2,5,674785,1659,124386,1870,0.013139969585603853,0.529895154434684
9500,0.9506,6,8,6,674793,1651,124392,1864,0.01307660626029654,0.530298719772404
9501,0.9507,2,2,2,674795,1649,124394,1862,0.013060765428969712,0.53033323839362
9502,0.9508,7,9,7,674804,1640,124401,1855,0.012989481687998987,0.530758226037196
9503,0.9509,3,5,3,674809,1635,124404,1852,0.012949879609681915,0.5311155721250358
9504,0.951,5,15,5,674824,1620,124409,1847,0.012831073374730707,0.5327372368041534
9505,0.9511,5,5,5,674829,1615,124414,1842,0.012791471296413635,0.532831935203934
9506,0.9512,7,13,7,674842,1602,124421,1835,0.012688505892789253,0.5338958393948211
9507,0.9513,3,3,3,674845,1599,124424,1832,0.012664744645799012,0.5339551151267852
9508,0.9514,3,7,3,674852,1592,124427,1829,0.012609301736155114,0.5346389944460684
9509,0.9515,9,3,9,674855,1589,124436,1820,0.012585540489164871,0.5338809034907598
9510,0.9516,5,3,5,674858,1586,124441,1815,0.01256177924217463,0.5336665686562776
9511,0.9517,4,13,4,674871,1573,124445,1811,0.012458813838550247,0.5351654846335697
9512,0.9518,1,6,1,674877,1567,124446,1810,0.012411291344569763,0.5359786793011548
9513,0.9519,0,2,0,674879,1565,124446,1810,0.012395450513242935,0.5362962962962963
9514,0.952,3,1,3,674880,1564,124449,1807,0.012387530097579522,0.5360427172945713
9515,0.9521,6,7,6,674887,1557,124455,1801,0.012332087187935622,0.5363311494937463
9516,0.9522,9,4,9,674891,1553,124464,1792,0.012300405525281968,0.5357249626307923
9517,0.9523,1,5,1,674896,1548,124465,1791,0.012260803446964896,0.5363881401617251
9518,0.9524,4,5,4,674901,1543,124469,1787,0.012221201368647827,0.5366366366366366
9519,0.9525,2,9,2,674910,1534,124471,1785,0.012149917627677101,0.5378125941548659
9520,0.9526,4,6,4,674916,1528,124475,1781,0.012102395133696616,0.538229072227259
9521,0.9527,2,10,2,674926,1518,124477,1779,0.012023190977062476,0.5395814376706096
9522,0.9528,5,10,5,674936,1508,124482,1774,0.011943986820428337,0.5405240706886045
9523,0.9529,2,2,2,674938,1506,124484,1772,0.011928145989101508,0.5405735204392923
9524,0.953,9,4,9,674942,1502,124493,1763,0.011896464326447852,0.539969372128637
9525,0.9531,8,6,8,674948,1496,124501,1755,0.011848941832467368,0.5398338972623808
9526,0.9532,4,2,4,674950,1494,124505,1751,0.01183310100114054,0.5395993836671803
9527,0.9533,4,7,4,674957,1487,124509,1747,0.011777658091496642,0.5401978973407545
9528,0.9534,1,4,1,674961,1483,124510,1746,0.011745976428842985,0.5407246825642614
9529,0.9535,8,13,8,674974,1470,124518,1738,0.011643011025218603,0.5417705735660848
9530,0.9536,6,9,6,674983,1461,124524,1732,0.011571727284247877,0.5424365800187911
9531,0.9537,6,2,6,674985,1459,124530,1726,0.01155588645292105,0.5419152276295134
9532,0.9538,4,4,4,674989,1455,124534,1722,0.011524204790267393,0.5420207743153919
9533,0.9539,4,1,4,674990,1454,124538,1718,0.01151628437460398,0.5416141235813366
9534,0.954,4,9,4,674999,1445,124542,1714,0.011445000633633254,0.542576764798987
9535,0.9541,4,6,4,675005,1439,124546,1710,0.01139747813965277,0.5430295331851381
9536,0.9542,6,4,6,675009,1435,124552,1704,0.011365796476999113,0.5428480407773176
9537,0.9543,1,0,1,675009,1435,124553,1703,0.011365796476999113,0.5427023581899298
9538,0.9544,5,12,5,675021,1423,124558,1698,0.011270751489038144,0.544056392181993
9539,0.9545,1,0,1,675021,1423,124559,1697,0.011270751489038144,0.5439102564102564
9540,0.9546,4,8,4,675029,1415,124563,1693,0.011207388163730833,0.5447232947232947
9541,0.9547,4,3,4,675032,1412,124567,1689,0.01118362691674059,0.5446630119316349
9542,0.9548,4,4,4,675036,1408,124571,1685,0.011151945254086934,0.5447785321694149
9543,0.9549,4,8,4,675044,1400,124575,1681,0.011088581928779623,0.5456020772476469
9544,0.955,14,4,14,675048,1396,124589,1667,0.011056900266125966,0.544237675481554
9545,0.9551,2,2,2,675050,1394,124591,1665,0.011041059434799138,0.5442955214122263
9546,0.9552,0,2,0,675052,1392,124591,1665,0.01102521860347231,0.5446516192345436
9547,0.9553,3,8,3,675060,1384,124594,1662,0.010961855278164997,0.5456336178594878
9548,0.9554,8,3,8,675063,1381,124602,1654,0.010938094031174756,0.5449752883031301
9549,0.9555,0,3,0,675066,1378,124602,1654,0.010914332784184515,0.5455145118733509
9550,0.9556,4,2,4,675068,1376,124606,1650,0.010898491952857687,0.5452742894910774
9551,0.9557,12,8,12,675076,1368,124618,1638,0.010835128627550374,0.5449101796407185
9552,0.9558,11,10,11,675086,1358,124629,1627,0.010755924470916233,0.5450586264656616
9553,0.9559,2,1,2,675087,1357,124631,1625,0.01074800405525282,0.5449362843729041
9554,0.956,6,4,6,675091,1353,124637,1619,0.010716322392599164,0.5447510094212651
9555,0.9561,4,4,4,675095,1349,124641,1615,0.010684640729945507,0.5448717948717948
9556,0.9562,1,2,1,675097,1347,124642,1614,0.010668799898618679,0.5450861195542046
9557,0.9563,4,0,4,675097,1347,124646,1610,0.010668799898618679,0.5444707473791004
9558,0.9564,2,1,2,675098,1346,124648,1608,0.010660879482955266,0.5443466486120515
9559,0.9565,5,5,5,675103,1341,124653,1603,0.010621277404638195,0.5444972826086957
9560,0.9566,3,2,3,675105,1339,124656,1600,0.010605436573311368,0.5444028581150051
9561,0.9567,6,9,6,675114,1330,124662,1594,0.01053415283234064,0.5451436388508892
9562,0.9568,7,7,7,675121,1323,124669,1587,0.010478709922696743,0.545360824742268
9563,0.9569,2,4,2,675125,1319,124671,1585,0.010447028260043087,0.5457988980716253
9564,0.957,1,2,1,675127,1317,124672,1584,0.010431187428716258,0.546018614270941
9565,0.9571,3,4,3,675131,1313,124675,1581,0.010399505766062602,0.5463026952315134
9566,0.9572,3,7,3,675138,1306,124678,1578,0.010344062856418704,0.5471567267683772
9567,0.9573,3,8,3,675146,1298,124681,1575,0.010280699531111393,0.5482074486599373
9568,0.9574,3,3,3,675149,1295,124684,1572,0.01025693828412115,0.5483083362399721
9569,0.9575,5,7,5,675156,1288,124689,1567,0.010201495374477253,0.548861646234676
9570,0.9576,1,3,1,675159,1285,124690,1566,0.010177734127487011,0.5492809540512101
9571,0.9577,8,6,8,675165,1279,124698,1558,0.010130211633506527,0.5491716602044413
9572,0.9578,1,2,1,675167,1277,124699,1557,0.010114370802179699,0.5494001411432604
9573,0.9579,3,4,3,675171,1273,124702,1554,0.010082689139526042,0.5496993279094446
9574,0.958,6,9,6,675180,1264,124708,1548,0.010011405398555316,0.55049786628734
9575,0.9581,1,1,1,675181,1263,124709,1547,0.010003484982891902,0.5505338078291815
9576,0.9582,0,2,0,675183,1261,124709,1547,0.009987644151565073,0.5509259259259259
9577,0.9583,10,9,10,675192,1252,124719,1537,0.009916360410594348,0.5510935819290068
9578,0.9584,5,4,5,675196,1248,124724,1532,0.009884678747940691,0.5510791366906475
9579,0.9585,12,2,12,675198,1246,124736,1520,0.009868837916613863,0.549530007230658
9580,0.9586,9,7,9,675205,1239,124745,1511,0.009813395006969965,0.5494545454545454
9581,0.9587,15,6,15,675211,1233,124760,1496,0.00976587251298948,0.5481861487724441
9582,0.9588,2,5,2,675216,1228,124762,1494,0.009726270434672411,0.5488611315209405
9583,0.9589,5,8,5,675224,1220,124767,1489,0.009662907109365099,0.5496493170911776
9584,0.959,4,13,4,675237,1207,124771,1485,0.009559941705740716,0.5516344725111442
9585,0.9591,3,2,3,675239,1205,124774,1482,0.00954410087441389,0.5515444733903982
9586,0.9592,5,4,5,675243,1201,124779,1477,0.009512419211760234,0.5515309932785661
9587,0.9593,3,7,3,675250,1194,124782,1474,0.009456976302116334,0.5524737631184408
9588,0.9594,2,2,2,675252,1192,124784,1472,0.009441135470789508,0.5525525525525525
9589,0.9595,1,2,1,675254,1190,124785,1471,0.00942529463946268,0.5527996993611425
9590,0.9596,2,5,2,675259,1185,124787,1469,0.009385692561145608,0.5535041446872645
9591,0.9597,2,4,2,675263,1181,124789,1467,0.009354010898491952,0.5540030211480362
9592,0.9598,5,2,5,675265,1179,124794,1462,0.009338170067165124,0.5535781900795154
9593,0.9599,3,0,3,675265,1179,124797,1459,0.009338170067165124,0.5530705079605762
9594,0.96,19,14,19,675279,1165,124816,1440,0.009227284247877329,0.5527831094049904
9595,0.9601,5,9,5,675288,1156,124821,1435,0.009156000506906603,0.5538402161327672
9596,0.9602,1,1,1,675289,1155,124822,1434,0.009148080091243188,0.5538818076477404
9597,0.9603,3,3,3,675292,1152,124825,1431,0.009124318844252946,0.554006968641115
9598,0.9604,1,5,1,675297,1147,124826,1430,0.009084716765935877,0.5549088086922779
9599,0.9605,4,3,4,675300,1144,124830,1426,0.009060955518945634,0.554863813229572
9600,0.9606,11,5,11,675305,1139,124841,1415,0.009021353440628564,0.5540328895849648
9601,0.9607,10,1,10,675306,1138,124851,1405,0.009013433024965151,0.5524970507274872
9602,0.9608,4,4,4,675310,1134,124855,1401,0.008981751362311495,0.5526627218934911
9603,0.9609,0,8,0,675318,1126,124855,1401,0.008918388037004182,0.5544123466561139
9604,0.961,6,10,6,675328,1116,124861,1395,0.008839183880370041,0.5555555555555556
9605,0.9611,2,5,2,675333,1111,124863,1393,0.008799581802052972,0.5563099041533547
9606,0.9612,2,6,2,675339,1105,124865,1391,0.008752059308072487,0.5572916666666666
9607,0.9613,4,4,4,675343,1101,124869,1387,0.008720377645418831,0.557475884244373
9608,0.9614,3,2,3,675345,1099,124872,1384,0.008704536814092003,0.5573902537253322
9609,0.9615,3,2,3,675347,1097,124875,1381,0.008688695982765176,0.5573042776432607
9610,0.9616,3,0,3,675347,1097,124878,1378,0.008688695982765176,0.5567676767676768
9611,0.9617,5,6,5,675353,1091,124883,1373,0.008641173488784692,0.557224025974026
9612,0.9618,4,4,4,675357,1087,124887,1369,0.008609491826131035,0.5574104234527687
9613,0.9619,7,4,7,675361,1083,124894,1362,0.00857781016347738,0.5570552147239264
9614,0.962,2,3,2,675364,1080,124896,1360,0.008554048916487138,0.5573770491803278
9615,0.9621,1,5,1,675369,1075,124897,1359,0.008514446838170067,0.5583401807723911
9616,0.9622,8,7,8,675376,1068,124905,1351,0.008459003928526169,0.5584952459694088
9617,0.9623,5,5,5,675381,1063,124910,1346,0.0084194018502091,0.5587380655873807
9618,0.9624,4,2,4,675383,1061,124914,1342,0.008403561018882271,0.558468580940491
9619,0.9625,5,4,5,675387,1057,124919,1337,0.008371879356228615,0.5584795321637427
9620,0.9626,5,4,5,675391,1053,124924,1332,0.008340197693574958,0.5584905660377358
9621,0.9627,3,0,3,675391,1053,124927,1329,0.008340197693574958,0.5579345088161209
9622,0.9628,5,3,5,675394,1050,124932,1324,0.008316436446584717,0.5577085088458298
9623,0.9629,7,4,7,675398,1046,124939,1317,0.00828475478393106,0.5573423614049936
9624,0.963,4,8,4,675406,1038,124943,1313,0.008221391458623748,0.5584857507443641
9625,0.9631,1,0,1,675406,1038,124944,1312,0.008221391458623748,0.5582978723404255
9626,0.9632,3,6,3,675412,1032,124947,1309,0.008173868964643264,0.5591627509611278
9627,0.9633,14,11,14,675423,1021,124961,1295,0.00808674439234571,0.559153713298791
9628,0.9634,1,4,1,675427,1017,124962,1294,0.008055062729692055,0.5599307659022068
9629,0.9635,4,3,4,675430,1014,124966,1290,0.008031301482701812,0.5598958333333334
9630,0.9636,1,5,1,675435,1009,124967,1289,0.007991699404384742,0.560922541340296
9631,0.9637,5,1,5,675436,1008,124972,1284,0.007983778988721327,0.5602094240837696
9632,0.9638,5,11,5,675447,997,124977,1279,0.007896654416423773,0.56195079086116
9633,0.9639,1,2,1,675449,995,124978,1278,0.007880813585096945,0.5622525296964365
9634,0.964,13,2,13,675451,993,124991,1265,0.007864972753770117,0.5602302922940655
9635,0.9641,2,6,2,675457,987,124993,1263,0.007817450259789634,0.5613333333333334
9636,0.9642,6,3,6,675460,984,124999,1257,0.007793689012799392,0.5609103078982597
9637,0.9643,0,1,0,675461,983,124999,1257,0.007785768597135978,0.5611607142857142
9638,0.9644,2,3,2,675464,980,125001,1255,0.007762007350145736,0.5615212527964206
9639,0.9645,4,11,4,675475,969,125005,1251,0.007674882777848182,0.5635135135135135
9640,0.9646,13,8,13,675483,961,125018,1238,0.007611519452540869,0.5629831741700773
9641,0.9647,2,3,2,675486,958,125020,1236,0.007587758205550627,0.5633546034639927
9642,0.9648,11,5,11,675491,953,125031,1225,0.007548156127233557,0.5624426078971534
9643,0.9649,5,3,5,675494,950,125036,1220,0.007524394880243315,0.5622119815668203
9644,0.965,12,8,12,675502,942,125048,1208,0.007461031554936003,0.5618604651162791
9645,0.9651,2,2,2,675504,940,125050,1206,0.007445190723609175,0.5619757688723206
9646,0.9652,2,5,2,675509,935,125052,1204,0.007405588645292105,0.562879850397382
9647,0.9653,1,3,1,675512,932,125053,1203,0.0073818273983018625,0.5634660421545667
9648,0.9654,4,2,4,675514,930,125057,1199,0.007365986566975035,0.5631751996242367
9649,0.9655,1,2,1,675516,928,125058,1198,0.007350145735648207,0.5634995296331138
9650,0.9656,3,4,3,675520,924,125061,1195,0.007318464072994551,0.5639452571967909
9651,0.9657,6,3,6,675523,921,125067,1189,0.0072947028260043085,0.5635071090047393
9652,0.9658,2,3,2,675526,918,125069,1187,0.007270941579014066,0.563895486935867
9653,0.9659,2,5,2,675531,913,125071,1185,0.007231339500696997,0.5648236415633937
9654,0.966,5,7,5,675538,906,125076,1180,0.007175896591053098,0.5656759348034516
9655,0.9661,2,2,2,675540,904,125078,1178,0.007160055759726271,0.5658021133525456
9656,0.9662,1,7,1,675547,897,125079,1177,0.007104612850082372,0.5675024108003858
9657,0.9663,6,4,6,675551,893,125085,1171,0.007072931187428716,0.5673449612403101
9658,0.9664,6,4,6,675555,889,125091,1165,0.0070412495247750605,0.5671859785783836
9659,0.9665,4,7,4,675562,882,125095,1161,0.006985806615131162,0.5682819383259912
9660,0.9666,3,2,3,675564,880,125098,1158,0.006969965783804334,0.5682041216879293
9661,0.9667,5,5,5,675569,875,125103,1153,0.006930363705487264,0.5685404339250493
9662,0.9668,7,6,7,675575,869,125110,1146,0.00688284121150678,0.5687344913151364
9663,0.9669,1,0,1,675575,869,125111,1145,0.00688284121150678,0.5685203574975174
9664,0.967,4,8,4,675583,861,125115,1141,0.006819477886199468,0.5699300699300699
9665,0.9671,1,2,1,675585,859,125116,1140,0.00680363705487264,0.5702851425712856
9666,0.9672,3,1,3,675586,858,125119,1137,0.006795716639209226,0.5699248120300752
9667,0.9673,5,7,5,675593,851,125124,1132,0.006740273729565327,0.5708522440746344
9668,0.9674,0,1,0,675594,850,125124,1132,0.006732353313901914,0.5711402623612513
9669,0.9675,4,6,4,675600,844,125128,1128,0.0066848308199214295,0.5720081135902637
9670,0.9676,8,0,8,675600,844,125136,1120,0.0066848308199214295,0.570264765784114
9671,0.9677,8,3,8,675603,841,125144,1112,0.006661069572931187,0.5693804403481822
9672,0.9678,1,2,1,675605,839,125145,1111,0.006645228741604359,0.5697435897435897
9673,0.9679,3,5,3,675610,834,125148,1108,0.0066056266632872895,0.5705458290422245
9674,0.968,3,4,3,675614,830,125151,1105,0.006573945000633633,0.5710594315245479
9675,0.9681,4,0,4,675614,830,125155,1101,0.006573945000633633,0.5701708959088555
9676,0.9682,12,8,12,675622,822,125167,1089,0.0065105816753263214,0.5698587127158555
9677,0.9683,7,5,7,675627,817,125174,1082,0.006470979597009251,0.5697735650342285
9678,0.9684,6,3,6,675630,814,125180,1076,0.006447218350019009,0.5693121693121693
9679,0.9685,1,1,1,675631,813,125181,1075,0.006439297934355595,0.569385593220339
9680,0.9686,6,5,6,675636,808,125187,1069,0.006399695856038525,0.5695258391049547
9681,0.9687,3,1,3,675637,807,125190,1066,0.006391775440375111,0.5691404164442072
9682,0.9688,6,7,6,675644,800,125196,1060,0.0063363325307312125,0.5698924731182796
9683,0.9689,1,0,1,675644,800,125197,1059,0.0063363325307312125,0.5696611081226466
9684,0.969,6,4,6,675648,796,125203,1053,0.006304650868077557,0.5694970254191455
9685,0.9691,6,0,6,675648,796,125209,1047,0.006304650868077557,0.5680954964731416
9686,0.9692,3,5,3,675653,791,125212,1044,0.006265048789760487,0.5689373297002724
9687,0.9693,4,2,4,675655,789,125216,1040,0.0062492079584336585,0.5686167304537999
9688,0.9694,5,2,5,675657,787,125221,1035,0.00623336712710683,0.5680570801317234
9689,0.9695,7,7,7,675664,780,125228,1028,0.006177924217462933,0.5685840707964602
9690,0.9696,2,3,2,675667,777,125230,1026,0.00615416297047269,0.5690515806988353
9691,0.9697,3,7,3,675674,770,125233,1023,0.006098720060828793,0.5705521472392638
9692,0.9698,5,4,5,675678,766,125238,1018,0.006067038398175136,0.570627802690583
9693,0.9699,1,2,1,675680,764,125239,1017,0.006051197566848308,0.571027512633352
9694,0.97,31,22,31,675702,742,125270,986,0.0058769484222532,0.5706018518518519
9695,0.9701,5,2,5,675704,740,125275,981,0.005861107590926372,0.5700174317257408
9696,0.9702,5,4,5,675708,736,125280,976,0.005829425928272716,0.5700934579439252
9697,0.9703,2,2,2,675710,734,125282,974,0.0058135850969458875,0.5702576112412178
9698,0.9704,1,5,1,675715,729,125283,973,0.005773983018628818,0.5716803760282021
9699,0.9705,7,7,7,675722,722,125290,966,0.0057185401089849194,0.5722748815165877
9700,0.9706,0,1,0,675723,721,125290,966,0.005710619693321505,0.5726141078838174
9701,0.9707,2,3,2,675726,718,125292,964,0.005686858446331263,0.5731272294887039
9702,0.9708,3,6,3,675732,712,125295,961,0.0056393359523507795,0.5744172145845786
9703,0.9709,1,1,1,675733,711,125296,960,0.005631415536687365,0.5745062836624776
9704,0.971,4,7,4,675740,704,125300,956,0.005575972627043467,0.5759036144578313
9705,0.9711,1,4,1,675744,700,125301,955,0.005544290964389811,0.5770392749244713
9706,0.9712,5,4,5,675748,696,125306,950,0.005512609301736155,0.5771567436208992
9707,0.9713,3,3,3,675751,693,125309,947,0.005488848054745913,0.5774390243902439
9708,0.9714,1,0,1,675751,693,125310,946,0.005488848054745913,0.5771812080536913
9709,0.9715,5,3,5,675754,690,125315,941,0.005465086807755671,0.5769466584917229
9710,0.9716,1,0,1,675754,690,125316,940,0.005465086807755671,0.5766871165644172
9711,0.9717,9,8,9,675762,682,125325,931,0.005401723482448359,0.5771853688778673
9712,0.9718,10,4,10,675766,678,125335,921,0.0053700418197947025,0.575984990619137
9713,0.9719,2,1,2,675767,677,125337,919,0.005362121404131288,0.5758145363408521
9714,0.972,1,3,1,675770,674,125338,918,0.005338360157141047,0.5766331658291457
9715,0.9721,4,1,4,675771,673,125342,914,0.005330439741477633,0.5759294265910523
9716,0.9722,0,1,0,675772,672,125342,914,0.005322519325814219,0.5762925598991173
9717,0.9723,0,5,0,675777,667,125342,914,0.0052829172474971485,0.5781151170145478
9718,0.9724,2,3,2,675780,664,125344,912,0.005259156000506906,0.5786802030456852
9719,0.9725,12,3,12,675783,661,125356,900,0.005235394753516665,0.5765534913516976
9720,0.9726,1,3,1,675786,658,125357,899,0.005211633506526423,0.5773924213230571
9721,0.9727,4,7,4,675793,651,125361,895,0.005156190596882524,0.5789133247089263
9722,0.9728,0,2,0,675795,649,125361,895,0.005140349765555697,0.5796632124352331
9723,0.9729,5,1,5,675796,648,125366,890,0.005132429349892283,0.5786736020806242
9724,0.973,3,7,3,675803,641,125369,887,0.005076986440248384,0.5804973821989529
9725,0.9731,3,0,3,675803,641,125372,884,0.005076986440248384,0.579672131147541
9726,0.9732,1,5,1,675808,636,125373,883,0.0050373843619313146,0.5813034891375906
9727,0.9733,10,8,10,675816,628,125383,873,0.004974021036624002,0.5816122584943371
9728,0.9734,1,2,1,675818,626,125384,872,0.004958180205297174,0.582109479305741
9729,0.9735,4,4,4,675822,622,125388,868,0.004926498542643518,0.5825503355704698
9730,0.9736,1,2,1,675824,620,125389,867,0.00491065771131669,0.5830531271015468
9731,0.9737,6,8,6,675832,612,125395,861,0.0048472943860093775,0.5845213849287169
9732,0.9738,3,4,3,675836,608,125398,858,0.004815612723355722,0.5852660300136425
9733,0.9739,4,0,4,675836,608,125402,854,0.004815612723355722,0.5841313269493844
9734,0.974,7,3,7,675839,605,125409,847,0.00479185147636548,0.5833333333333334
9735,0.9741,2,0,2,675839,605,125411,845,0.00479185147636548,0.5827586206896552
9736,0.9742,4,7,4,675846,598,125415,841,0.004736408566721581,0.5844336344683808
9737,0.9743,4,2,4,675848,596,125419,837,0.004720567735394754,0.584089323098395
9738,0.9744,4,3,4,675851,593,125423,833,0.004696806488404512,0.5841514726507714
9739,0.9746,2,2,2,675853,591,125425,831,0.0046809656570776835,0.5843881856540084
9740,0.9747,1,3,1,675856,588,125426,830,0.004657204410087441,0.5853314527503526
9741,0.9748,0,1,0,675857,587,125426,830,0.004649283994424027,0.5857445306986592
9742,0.975,24,12,24,675869,575,125450,806,0.004554239006463059,0.5836350470673425
9743,0.9751,7,3,7,675872,572,125457,799,0.004530477759472817,0.5827862873814734
9744,0.9752,3,1,3,675873,571,125460,796,0.004522557343809403,0.5822970007315289
9745,0.9753,1,5,1,675878,566,125461,795,0.004482955265492333,0.5841293166789125
9746,0.9754,2,2,2,675880,564,125463,793,0.004467114434165505,0.5843773028739867
9747,0.9755,2,9,2,675889,555,125465,791,0.004395830693194779,0.587667161961367
9748,0.9756,3,2,3,675891,553,125468,788,0.004379989861867951,0.5876211782252051
9749,0.9757,5,3,5,675894,550,125473,783,0.004356228614877709,0.5873968492123031
9750,0.9758,1,1,1,675895,549,125474,782,0.004348308199214295,0.5875281743050338
9751,0.976,1,3,1,675898,546,125475,781,0.0043245469522240525,0.5885455915599096
9752,0.9761,2,2,2,675900,544,125477,779,0.004308706120897224,0.5888133030990174
9753,0.9762,3,2,3,675902,542,125480,776,0.004292865289570397,0.5887708649468892
9754,0.9763,4,0,4,675902,542,125484,772,0.004292865289570397,0.5875190258751902
9755,0.9764,2,1,2,675903,541,125486,770,0.004284944873906983,0.5873379099923722
9756,0.9765,6,1,6,675904,540,125492,764,0.004277024458243569,0.5858895705521472
9757,0.9766,1,3,1,675907,537,125493,763,0.004253263211253327,0.5869230769230769
9758,0.9767,16,4,16,675911,533,125509,747,0.00422158154859967,0.58359375
9759,0.9768,2,0,2,675911,533,125511,745,0.00422158154859967,0.582942097026604
9760,0.9769,2,4,2,675915,529,125513,743,0.004189899885946015,0.5841194968553459
9761,0.977,1,3,1,675918,526,125514,742,0.004166138638955773,0.5851735015772871
9762,0.9771,4,1,4,675919,525,125518,738,0.0041582182232923585,0.5843230403800475
9763,0.9772,4,0,4,675919,525,125522,734,0.0041582182232923585,0.5830023828435266
9764,0.9773,0,1,0,675920,524,125522,734,0.0041502978076289445,0.5834658187599364
9765,0.9774,3,2,3,675922,522,125525,731,0.004134456976302116,0.5833998403830806
9766,0.9775,10,9,10,675931,513,125535,721,0.0040631732353313904,0.5842787682333873
9767,0.9776,1,0,1,675931,513,125536,720,0.0040631732353313904,0.583941605839416
9768,0.9777,4,4,4,675935,509,125540,716,0.004031491572677734,0.5844897959183674
9769,0.9778,1,1,1,675936,508,125541,715,0.00402357115701432,0.5846279640228945
9770,0.9779,2,1,2,675937,507,125543,713,0.004015650741350906,0.5844262295081967
9771,0.978,4,4,4,675941,503,125547,709,0.00398396907869725,0.584983498349835
9772,0.9781,1,3,1,675944,500,125548,708,0.003960207831707008,0.5860927152317881
9773,0.9782,3,3,3,675947,497,125551,705,0.003936446584716766,0.586522462562396
9774,0.9783,6,6,6,675953,491,125557,699,0.003888924090736282,0.5873949579831933
9775,0.9784,4,0,4,675953,491,125561,695,0.003888924090736282,0.5860033726812817
9776,0.9785,5,0,5,675953,491,125566,690,0.003888924090736282,0.584250635055038
9777,0.9786,2,2,2,675955,489,125568,688,0.003873083259409454,0.5845369583687341
9778,0.9787,6,0,6,675955,489,125574,682,0.003873083259409454,0.5824081981212639
9779,0.9788,1,0,1,675955,489,125575,681,0.003873083259409454,0.5820512820512821
9780,0.9789,1,0,1,675955,489,125576,680,0.003873083259409454,0.58169375534645
9781,0.979,2,0,2,675955,489,125578,678,0.003873083259409454,0.5809768637532133
9782,0.9791,3,2,3,675957,487,125581,675,0.0038572424280826256,0.580895008605852
9783,0.9792,4,4,4,675961,483,125585,671,0.0038255607654289698,0.5814558058925476
9784,0.9793,2,2,2,675963,481,125587,669,0.0038097199341021416,0.5817391304347826
9785,0.9794,1,0,1,675963,481,125588,668,0.0038097199341021416,0.5813751087902524
9786,0.9795,4,1,4,675964,480,125592,664,0.0038017995184387275,0.5804195804195804
9787,0.9796,3,1,3,675965,479,125595,661,0.0037938791027753134,0.5798245614035088
9788,0.9797,3,1,3,675966,478,125598,658,0.0037859586871119,0.579225352112676
9789,0.9798,2,3,2,675969,475,125600,656,0.0037621974401216575,0.5800176834659593
9790,0.9799,4,1,4,675970,474,125604,652,0.0037542770244582435,0.5790408525754884
9791,0.98,43,24,43,675994,450,125647,609,0.0035641870485363073,0.5750708215297451
9792,0.9801,1,0,1,675994,450,125648,608,0.0035641870485363073,0.5746691871455577
9793,0.9803,4,1,4,675995,449,125652,604,0.003556266632872893,0.5735992402659069
9794,0.9804,1,0,1,675995,449,125653,603,0.003556266632872893,0.5731939163498099
9795,0.9805,1,2,1,675997,447,125654,602,0.003540425801546065,0.5738798856053384
9796,0.9807,2,2,2,675999,445,125656,600,0.0035245849702192373,0.5741626794258373
9797,0.9808,2,1,2,676000,444,125658,598,0.003516664554555823,0.5738963531669866
9798,0.9809,0,1,0,676001,443,125658,598,0.003508744138892409,0.574447646493756
9799,0.981,3,1,3,676002,442,125661,595,0.003500823723228995,0.5737704918032787
9800,0.9811,4,2,4,676004,440,125665,591,0.003484982891902167,0.5732298739088264
9801,0.9812,4,0,4,676004,440,125669,587,0.003484982891902167,0.5715676728334956
9802,0.9813,1,6,1,676010,434,125670,586,0.003437460397921683,0.5745098039215686
9803,0.9814,1,1,1,676011,433,125671,585,0.0034295399822582688,0.574656188605108
9804,0.9815,3,5,3,676016,428,125674,582,0.003389937903941199,0.5762376237623762
9805,0.9816,2,1,2,676017,427,125676,580,0.0033820174882777847,0.5759682224428997
9806,0.9817,5,4,5,676021,423,125681,575,0.003350335825624129,0.5761523046092184
9807,0.9818,3,0,3,676021,423,125684,572,0.003350335825624129,0.5748743718592965
9808,0.9819,0,3,0,676024,420,125684,572,0.0033265745786338866,0.5766129032258065
9809,0.982,1,0,1,676024,420,125685,571,0.0033265745786338866,0.5761856710393541
9810,0.9821,2,3,2,676027,417,125687,569,0.0033028133316436448,0.577079107505071
9811,0.9822,3,0,3,676027,417,125690,566,0.0033028133316436448,0.5757884028484231
9812,0.9823,1,0,1,676027,417,125691,565,0.0033028133316436448,0.575356415478615
9813,0.9824,0,1,0,676028,416,125691,565,0.0032948929159802307,0.5759429153924567
9814,0.9825,10,9,10,676037,407,125701,555,0.0032236091750095044,0.5769230769230769
9815,0.9826,0,3,0,676040,404,125701,555,0.0031998479280192626,0.5787278415015641
9816,0.9827,3,4,3,676044,400,125704,552,0.0031681662653656063,0.5798319327731093
9817,0.9828,3,0,3,676044,400,125707,549,0.0031681662653656063,0.5785036880927292
9818,0.9829,0,1,0,676045,399,125707,549,0.003160245849702192,0.5791139240506329
9819,0.983,2,1,2,676046,398,125709,547,0.0031523254340387785,0.5788359788359788
9820,0.9831,1,1,1,676047,397,125710,546,0.0031444050183753645,0.5790031813361611
9821,0.9832,2,3,2,676050,394,125712,544,0.003120643771385122,0.579957356076759
9822,0.9833,8,6,8,676056,388,125720,536,0.003073121277404638,0.5800865800865801
9823,0.9835,3,0,3,676056,388,125723,533,0.003073121277404638,0.5787187839305103
9824,0.9836,0,2,0,676058,386,125723,533,0.00305728044607781,0.5799782372143635
9825,0.9837,2,2,2,676060,384,125725,531,0.0030414396147509823,0.580327868852459
9826,0.9838,6,3,6,676063,381,125731,525,0.00301767836776074,0.5794701986754967
9827,0.9839,1,0,1,676063,381,125732,524,0.00301767836776074,0.5790055248618785
9828,0.984,4,2,4,676065,379,125736,520,0.003001837536433912,0.578420467185762
9829,0.9841,0,1,0,676066,378,125736,520,0.0029939171207704982,0.579064587973274
9830,0.9842,7,3,7,676069,375,125743,513,0.002970155873780256,0.5777027027027027
9831,0.9843,2,5,2,676074,370,125745,511,0.002930553795463186,0.5800227014755959
9832,0.9845,1,3,1,676077,367,125746,510,0.0029067925484729438,0.5815279361459521
9833,0.9846,2,1,2,676078,366,125748,508,0.0028988721328095297,0.5812356979405034
9834,0.9847,3,7,3,676085,359,125751,505,0.0028434292231656316,0.5844907407407407
9835,0.9848,1,1,1,676086,358,125752,504,0.002835508807502218,0.5846867749419954
9836,0.985,14,9,14,676095,349,125766,490,0.0027642250665314916,0.5840286054827175
9837,0.9852,1,1,1,676096,348,125767,489,0.0027563046508680775,0.5842293906810035
9838,0.9853,3,3,3,676099,345,125770,486,0.0027325434038778353,0.5848375451263538
9839,0.9854,1,0,1,676099,345,125771,485,0.0027325434038778353,0.5843373493975904
9840,0.9856,1,0,1,676099,345,125772,484,0.0027325434038778353,0.5838359469240049
9841,0.9857,2,0,2,676099,345,125774,482,0.0027325434038778353,0.5828295042321644
9842,0.9858,1,1,1,676100,344,125775,481,0.0027246229882144216,0.583030303030303
9843,0.9859,2,2,2,676102,342,125777,479,0.0027087821568875935,0.5834348355663824
9844,0.986,2,5,2,676107,337,125779,477,0.0026691800785705235,0.585995085995086
9845,0.9861,7,3,7,676110,334,125786,470,0.0026454188315802813,0.5845771144278606
9846,0.9862,4,5,4,676115,329,125790,466,0.0026058167532632113,0.5861635220125786
9847,0.9863,1,0,1,676115,329,125791,465,0.0026058167532632113,0.5856423173803527
9848,0.9864,3,1,3,676116,328,125794,462,0.0025978963375997972,0.5848101265822785
9849,0.9866,3,4,3,676120,324,125797,459,0.0025662146749461413,0.5862068965517241
9850,0.9867,10,7,10,676127,317,125807,449,0.002510771765302243,0.5861618798955613
9851,0.9868,2,6,2,676133,311,125809,447,0.002463249271321759,0.5897097625329816
9852,0.9869,1,0,1,676133,311,125810,446,0.002463249271321759,0.5891677675033025
9853,0.987,6,3,6,676136,308,125816,440,0.002439488024331517,0.5882352941176471
9854,0.9871,3,0,3,676136,308,125819,437,0.002439488024331517,0.5865771812080537
9855,0.9872,1,1,1,676137,307,125820,436,0.002431567608668103,0.5868102288021534
9856,0.9873,1,0,1,676137,307,125821,435,0.002431567608668103,0.5862533692722371
9857,0.9875,2,2,2,676139,305,125823,433,0.0024157267773412747,0.5867208672086721
9858,0.9876,2,3,2,676142,302,125825,431,0.002391965530351033,0.5879945429740792
9859,0.9879,1,3,1,676145,299,125826,430,0.0023682042833607906,0.5898491083676269
9860,0.988,3,3,3,676148,296,125829,427,0.002344443036370549,0.5905947441217151
9861,0.9881,3,1,3,676149,295,125832,424,0.0023365226207071347,0.5897079276773296
9862,0.9882,3,5,3,676154,290,125835,421,0.0022969205423900648,0.5921237693389592
9863,0.9883,4,3,4,676157,287,125839,417,0.0022731592953998225,0.5923295454545454
9864,0.9886,5,3,5,676160,284,125844,412,0.0022493980484095807,0.5919540229885057
9865,0.9887,1,0,1,676160,284,125845,411,0.0022493980484095807,0.5913669064748202
9866,0.9888,4,3,4,676163,281,125849,407,0.0022256368014193385,0.5915697674418605
9867,0.9889,1,2,1,676165,279,125850,406,0.0022097959700925103,0.5927007299270073
9868,0.989,0,2,0,676167,277,125850,406,0.0021939551387656826,0.5944363103953147
9869,0.9891,5,4,5,676171,273,125855,401,0.0021622734761120263,0.5949554896142433
9870,0.9892,1,2,1,676173,271,125856,400,0.0021464326447851985,0.5961251862891207
9871,0.9893,1,2,1,676175,269,125857,399,0.0021305918134583704,0.5973053892215568
9872,0.9898,3,0,3,676175,269,125860,396,0.0021305918134583704,0.5954887218045113
9873,0.99,62,36,62,676211,233,125922,334,0.0018454568495754656,0.5890652557319224
9874,0.9901,1,0,1,676211,233,125923,333,0.0018454568495754656,0.588339222614841
9875,0.9902,1,0,1,676211,233,125924,332,0.0018454568495754656,0.5876106194690266
9876,0.9903,1,0,1,676211,233,125925,331,0.0018454568495754656,0.5868794326241135
9877,0.9904,1,1,1,676212,232,125926,330,0.0018375364339120518,0.5871886120996441
9878,0.9907,1,0,1,676212,232,125927,329,0.0018375364339120518,0.5864527629233511
9879,0.9908,4,1,4,676213,231,125931,325,0.0018296160182486377,0.5845323741007195
9880,0.9909,2,1,2,676214,230,125933,323,0.0018216956025852236,0.5840867992766727
9881,0.991,0,2,0,676216,228,125933,323,0.0018058547712583957,0.5862068965517241
9882,0.9911,0,1,0,676217,227,125933,323,0.0017979343555949816,0.5872727272727273
9883,0.9912,0,1,0,676218,226,125933,323,0.0017900139399315677,0.5883424408014571
9884,0.9913,1,2,1,676220,224,125934,322,0.0017741731086047396,0.5897435897435898
9885,0.9914,1,1,1,676221,223,125935,321,0.0017662526929413255,0.5900735294117647
9886,0.9917,5,2,5,676223,221,125940,316,0.0017504118616144975,0.5884543761638734
9887,0.9918,0,1,0,676224,220,125940,316,0.0017424914459510834,0.5895522388059702
9888,0.992,2,1,2,676225,219,125942,314,0.0017345710302876696,0.5891181988742964
9889,0.9922,0,2,0,676227,217,125942,314,0.0017187301989608414,0.591337099811676
9890,0.9923,1,0,1,676227,217,125943,313,0.0017187301989608414,0.590566037735849
9891,0.9925,7,3,7,676230,214,125950,306,0.0016949689519705994,0.5884615384615385
9892,0.9926,0,1,0,676231,213,125950,306,0.0016870485363071853,0.5895953757225434
9893,0.9927,0,3,0,676234,210,125950,306,0.0016632872893169433,0.5930232558139535
9894,0.993,4,2,4,676236,208,125954,302,0.0016474464579901153,0.592156862745098
9895,0.9931,2,0,2,676236,208,125956,300,0.0016474464579901153,0.5905511811023622
9896,0.9932,2,1,2,676237,207,125958,298,0.0016395260423267013,0.5900990099009901
9897,0.9933,15,3,15,676240,204,125973,283,0.0016157647953364592,0.5811088295687885
9898,0.9936,3,0,3,676240,204,125976,280,0.0016157647953364592,0.5785123966942148
9899,0.9938,5,4,5,676244,200,125981,275,0.0015840831326828031,0.5789473684210527
9900,0.9939,0,1,0,676245,199,125981,275,0.0015761627170193893,0.580168776371308
9901,0.994,0,1,0,676246,198,125981,275,0.0015682423013559752,0.5813953488372093
9902,0.9945,1,0,1,676246,198,125982,274,0.0015682423013559752,0.5805084745762712
9903,0.9947,1,3,1,676249,195,125983,273,0.0015444810543657332,0.5833333333333334
9904,0.995,20,28,20,676277,167,126003,253,0.0013227094157901406,0.6023809523809524
9905,0.9954,0,2,0,676279,165,126003,253,0.0013068685844633127,0.6052631578947368
9906,0.9955,0,2,0,676281,163,126003,253,0.0012910277531364845,0.6081730769230769
9907,0.9956,1,1,1,676282,162,126004,252,0.0012831073374730707,0.6086956521739131
9908,0.9957,4,1,4,676283,161,126008,248,0.0012751869218096566,0.6063569682151589
9909,0.996,5,3,5,676286,158,126013,243,0.0012514256748194146,0.6059850374064838
9910,0.9962,1,3,1,676289,155,126014,242,0.0012276644278291725,0.6095717884130982
9911,0.9965,1,0,1,676289,155,126015,241,0.0012276644278291725,0.6085858585858586
9912,0.9967,10,6,10,676295,149,126025,231,0.0011801419338486885,0.6078947368421053
9913,0.9969,6,0,6,676295,149,126031,225,0.0011801419338486885,0.6016042780748663
9914,0.9974,1,0,1,676295,149,126032,224,0.0011801419338486885,0.6005361930294906
9915,0.9975,9,7,9,676302,142,126041,215,0.0011246990242047904,0.6022408963585434
9916,0.9976,0,2,0,676304,140,126041,215,0.0011088581928779622,0.6056338028169014
9917,0.9978,0,1,0,676305,139,126041,215,0.0011009377772145481,0.6073446327683616
9918,0.9979,1,2,1,676307,137,126042,214,0.0010850969458877202,0.6096866096866097
9919,0.998,4,1,4,676308,136,126046,210,0.001077176530224306,0.6069364161849711
9920,0.9981,1,0,1,676308,136,126047,209,0.001077176530224306,0.6057971014492753
9921,0.9982,2,0,2,676308,136,126049,207,0.001077176530224306,0.6034985422740525
9922,0.9983,6,2,6,676310,134,126055,201,0.0010613356988974781,0.6
9923,0.9986,3,2,3,676312,132,126058,198,0.0010454948675706502,0.6
9924,0.9988,3,1,3,676313,131,126061,195,0.0010375744519072361,0.598159509202454
9925,0.9989,1,1,1,676314,130,126062,194,0.001029654036243822,0.5987654320987654
9926,0.9991,1,1,1,676315,129,126063,193,0.001021733620580408,0.5993788819875776
9927,0.9992,1,0,1,676315,129,126064,192,0.001021733620580408,0.5981308411214953
9928,1.0,192,129,192,676444,0,126256,0,0.0,
