,min,max,Neg,Pos,$\frac{\text{Pos}}{\text{Neg}+\text{Pos}}$,TN,FP,FN,TP,Prec,Rec,FP/P
0,0.000000,0.030000,"55,222","2,840",0.0489,"55,222","550,388","2,840","105,116",0.1604,0.9737,5.0983
1,0.033333,0.045000,"1,008",63,0.0588,"56,230","549,380","2,903","105,053",0.1605,0.9731,5.0889
2,0.050000,0.065000,"4,082",281,0.0644,"60,312","545,298","3,184","104,772",0.1612,0.9705,5.0511
3,0.066667,0.073333,"1,934",136,0.0657,"62,246","543,364","3,320","104,636",0.1615,0.9692,5.0332
4,0.075000,0.097143,"1,351",108,0.0740,"63,597","542,013","3,428","104,528",0.1617,0.9682,5.0207
5,0.100000,0.115833,"74,586","5,334",0.0667,"138,183","467,427","8,762","99,194",0.1751,0.9188,4.3298
6,0.116667,0.131667,819,73,0.0818,"139,002","466,608","8,835","99,121",0.1752,0.9182,4.3222
7,0.133333,0.150000,"1,610",122,0.0704,"140,612","464,998","8,957","98,999",0.1755,0.9170,4.3073
8,0.150000,0.166234,"6,859",597,0.0801,"147,471","458,139","9,554","98,402",0.1768,0.9115,4.2438
9,0.166667,0.173810,"3,423",284,0.0766,"150,894","454,716","9,838","98,118",0.1775,0.9089,4.2120
10,0.175000,0.182500,"1,796",155,0.0794,"152,690","452,920","9,993","97,963",0.1778,0.9074,4.1954
11,0.183333,0.200000,721,72,0.0908,"153,411","452,199","10,065","97,891",0.1780,0.9068,4.1887
12,0.200000,0.215556,"80,081","7,562",0.0863,"233,492","372,118","17,627","90,329",0.1953,0.8367,3.4469
13,0.216667,0.223810,696,58,0.0769,"234,188","371,422","17,685","90,271",0.1955,0.8362,3.4405
14,0.225000,0.232302,650,54,0.0767,"234,838","370,772","17,739","90,217",0.1957,0.8357,3.4345
15,0.233333,0.238095,"1,640",181,0.0994,"236,478","369,132","17,920","90,036",0.1961,0.8340,3.4193
16,0.238333,0.250000,421,50,0.1062,"236,899","368,711","17,970","89,986",0.1962,0.8335,3.4154
17,0.250000,0.257778,"7,694",834,0.0978,"244,593","361,017","18,804","89,152",0.1980,0.8258,3.3441
18,0.258333,0.266190,454,58,0.1133,"245,047","360,563","18,862","89,094",0.1981,0.8253,3.3399
19,0.266667,0.273810,"3,990",445,0.1003,"249,037","356,573","19,307","88,649",0.1991,0.8212,3.3029
20,0.275000,0.278730,"1,610",196,0.1085,"250,647","354,963","19,503","88,453",0.1995,0.8193,3.2880
21,0.280000,0.281944,514,60,0.1045,"251,161","354,449","19,563","88,393",0.1996,0.8188,3.2833
22,0.283333,0.300000,939,96,0.0928,"252,100","353,510","19,659","88,297",0.1999,0.8179,3.2746
23,0.300000,0.316429,"75,172","9,162",0.1086,"327,272","278,338","28,821","79,135",0.2214,0.7330,2.5783
24,0.316667,0.325000,878,130,0.1290,"328,150","277,460","28,951","79,005",0.2216,0.7318,2.5701
25,0.325000,0.332738,670,85,0.1126,"328,820","276,790","29,036","78,920",0.2219,0.7310,2.5639
26,0.333333,0.338333,"1,566",211,0.1187,"330,386","275,224","29,247","78,709",0.2224,0.7291,2.5494
27,0.340000,0.349524,487,59,0.1081,"330,873","274,737","29,306","78,650",0.2226,0.7285,2.5449
28,0.350000,0.357500,"7,462","1,035",0.1218,"338,335","267,275","30,341","77,615",0.2250,0.7190,2.4758
29,0.358333,0.365476,441,60,0.1198,"338,776","266,834","30,401","77,555",0.2252,0.7184,2.4717
30,0.366667,0.375000,"4,047",549,0.1195,"342,823","262,787","30,950","77,006",0.2266,0.7133,2.4342
31,0.375000,0.380000,"1,750",249,0.1246,"344,573","261,037","31,199","76,757",0.2272,0.7110,2.4180
32,0.380000,0.382540,515,77,0.1301,"345,088","260,522","31,276","76,680",0.2274,0.7103,2.4132
33,0.383333,0.390000,741,95,0.1136,"345,829","259,781","31,371","76,585",0.2277,0.7094,2.4064
34,0.390000,0.400000,361,52,0.1259,"346,190","259,420","31,423","76,533",0.2278,0.7089,2.4030
35,0.400000,0.405000,"63,122","10,387",0.1413,"409,312","196,298","41,810","66,146",0.2520,0.6127,1.8183
36,0.405018,0.415714,390,50,0.1136,"409,702","195,908","41,860","66,096",0.2523,0.6122,1.8147
37,0.416667,0.416667,636,118,0.1565,"410,338","195,272","41,978","65,978",0.2525,0.6112,1.8088
38,0.416667,0.424405,308,51,0.1421,"410,646","194,964","42,029","65,927",0.2527,0.6107,1.8060
39,0.425000,0.432143,714,92,0.1141,"411,360","194,250","42,121","65,835",0.2531,0.6098,1.7993
40,0.433333,0.433333,887,139,0.1355,"412,247","193,363","42,260","65,696",0.2536,0.6085,1.7911
41,0.433333,0.440952,633,97,0.1329,"412,880","192,730","42,357","65,599",0.2539,0.6076,1.7853
42,0.441667,0.450000,372,66,0.1507,"413,252","192,358","42,423","65,533",0.2541,0.6070,1.7818
43,0.450000,0.459589,"6,506","1,161",0.1514,"419,758","185,852","43,584","64,372",0.2573,0.5963,1.7216
44,0.460000,0.465909,312,56,0.1522,"420,070","185,540","43,640","64,316",0.2574,0.5958,1.7187
45,0.466667,0.466667,"2,738",470,0.1465,"422,808","182,802","44,110","63,846",0.2589,0.5914,1.6933
46,0.466667,0.475000,814,165,0.1685,"423,622","181,988","44,275","63,681",0.2592,0.5899,1.6858
47,0.475000,0.479524,"1,443",260,0.1527,"425,065","180,545","44,535","63,421",0.2600,0.5875,1.6724
48,0.480000,0.482857,502,70,0.1224,"425,567","180,043","44,605","63,351",0.2603,0.5868,1.6677
49,0.483333,0.483333,335,63,0.1583,"425,902","179,708","44,668","63,288",0.2604,0.5862,1.6646
50,0.483333,0.490909,448,79,0.1499,"426,350","179,260","44,747","63,209",0.2607,0.5855,1.6605
51,0.491667,0.500000,246,53,0.1773,"426,596","179,014","44,800","63,156",0.2608,0.5850,1.6582
52,0.500000,0.502857,"48,760","10,523",0.1775,"475,356","130,254","55,323","52,633",0.2878,0.4875,1.2065
53,0.503333,0.516111,360,50,0.1220,"475,716","129,894","55,373","52,583",0.2882,0.4871,1.2032
54,0.516667,0.516667,585,91,0.1346,"476,301","129,309","55,464","52,492",0.2887,0.4862,1.1978
55,0.516667,0.525000,433,96,0.1815,"476,734","128,876","55,560","52,396",0.2890,0.4853,1.1938
56,0.525000,0.533333,617,124,0.1673,"477,351","128,259","55,684","52,272",0.2895,0.4842,1.1881
57,0.533333,0.533333,781,179,0.1865,"478,132","127,478","55,863","52,093",0.2901,0.4825,1.1808
58,0.533333,0.540833,459,103,0.1833,"478,591","127,019","55,966","51,990",0.2904,0.4816,1.1766
59,0.541667,0.550000,353,60,0.1453,"478,944","126,666","56,026","51,930",0.2908,0.4810,1.1733
60,0.550000,0.554762,"4,919","1,144",0.1887,"483,863","121,747","57,170","50,786",0.2944,0.4704,1.1277
61,0.555000,0.560000,219,51,0.1889,"484,082","121,528","57,221","50,735",0.2945,0.4700,1.1257
62,0.560000,0.566190,309,81,0.2077,"484,391","121,219","57,302","50,654",0.2947,0.4692,1.1229
63,0.566667,0.574762,"2,885",619,0.1767,"487,276","118,334","57,921","50,035",0.2972,0.4635,1.0961
64,0.575000,0.579167,"1,211",263,0.1784,"488,487","117,123","58,184","49,772",0.2982,0.4610,1.0849
65,0.580000,0.582857,374,77,0.1707,"488,861","116,749","58,261","49,695",0.2986,0.4603,1.0814
66,0.583333,0.583333,328,64,0.1633,"489,189","116,421","58,325","49,631",0.2989,0.4597,1.0784
67,0.583333,0.591190,343,63,0.1552,"489,532","116,078","58,388","49,568",0.2992,0.4592,1.0752
68,0.591667,0.600000,274,62,0.1845,"489,806","115,804","58,450","49,506",0.2995,0.4586,1.0727
69,0.600000,0.606667,"35,806","10,416",0.2253,"525,612","79,998","68,866","39,090",0.3282,0.3621,0.7410
70,0.607143,0.615714,229,50,0.1792,"525,841","79,769","68,916","39,040",0.3286,0.3616,0.7389
71,0.616667,0.616667,382,66,0.1473,"526,223","79,387","68,982","38,974",0.3293,0.3610,0.7354
72,0.616667,0.625000,432,109,0.2015,"526,655","78,955","69,091","38,865",0.3299,0.3600,0.7314
73,0.625000,0.633333,481,129,0.2115,"527,136","78,474","69,220","38,736",0.3305,0.3588,0.7269
74,0.633333,0.633333,580,152,0.2077,"527,716","77,894","69,372","38,584",0.3313,0.3574,0.7215
75,0.633333,0.634762,183,55,0.2311,"527,899","77,711","69,427","38,529",0.3315,0.3569,0.7198
76,0.635000,0.641667,261,55,0.1741,"528,160","77,450","69,482","38,474",0.3319,0.3564,0.7174
77,0.641667,0.650000,283,52,0.1552,"528,443","77,167","69,534","38,422",0.3324,0.3559,0.7148
78,0.650000,0.659762,"3,699","1,029",0.2176,"532,142","73,468","70,563","37,393",0.3373,0.3464,0.6805
79,0.660000,0.666429,217,59,0.2138,"532,359","73,251","70,622","37,334",0.3376,0.3458,0.6785
80,0.666667,0.666667,"1,031",341,0.2485,"533,390","72,220","70,963","36,993",0.3387,0.3427,0.6690
81,0.666667,0.675000,932,275,0.2278,"534,322","71,288","71,238","36,718",0.3400,0.3401,0.6603
82,0.675000,0.679762,833,233,0.2186,"535,155","70,455","71,471","36,485",0.3412,0.3380,0.6526
83,0.680000,0.683333,288,92,0.2421,"535,443","70,167","71,563","36,393",0.3415,0.3371,0.6500
84,0.683333,0.690000,492,131,0.2103,"535,935","69,675","71,694","36,262",0.3423,0.3359,0.6454
85,0.690000,0.699444,235,55,0.1897,"536,170","69,440","71,749","36,207",0.3427,0.3354,0.6432
86,0.700000,0.706190,"25,449","9,940",0.2809,"561,619","43,991","81,689","26,267",0.3739,0.2433,0.4075
87,0.706429,0.715974,197,51,0.2056,"561,816","43,794","81,740","26,216",0.3745,0.2428,0.4057
88,0.716667,0.716667,277,78,0.2197,"562,093","43,517","81,818","26,138",0.3752,0.2421,0.4031
89,0.716667,0.725000,341,108,0.2405,"562,434","43,176","81,926","26,030",0.3761,0.2411,0.3999
90,0.725000,0.733333,443,119,0.2117,"562,877","42,733","82,045","25,911",0.3775,0.2400,0.3958
91,0.733333,0.734762,486,159,0.2465,"563,363","42,247","82,204","25,752",0.3787,0.2385,0.3913
92,0.735000,0.741667,169,56,0.2489,"563,532","42,078","82,260","25,696",0.3791,0.2380,0.3898
93,0.741667,0.750000,198,50,0.2016,"563,730","41,880","82,310","25,646",0.3798,0.2376,0.3879
94,0.750000,0.758333,"2,547",938,0.2692,"566,277","39,333","83,248","24,708",0.3858,0.2289,0.3643
95,0.758333,0.765714,186,54,0.2250,"566,463","39,147","83,302","24,654",0.3864,0.2284,0.3626
96,0.766667,0.766667,687,235,0.2549,"567,150","38,460","83,537","24,419",0.3883,0.2262,0.3563
97,0.766667,0.775000,680,260,0.2766,"567,830","37,780","83,797","24,159",0.3900,0.2238,0.3500
98,0.775000,0.779762,589,211,0.2637,"568,419","37,191","84,008","23,948",0.3917,0.2218,0.3445
99,0.780000,0.782540,185,66,0.2629,"568,604","37,006","84,074","23,882",0.3922,0.2212,0.3428
100,0.783333,0.789048,332,106,0.2420,"568,936","36,674","84,180","23,776",0.3933,0.2202,0.3397
101,0.789167,0.800000,170,50,0.2273,"569,106","36,504","84,230","23,726",0.3939,0.2198,0.3381
102,0.800000,0.804881,"16,318","9,287",0.3627,"585,424","20,186","93,517","14,439",0.4170,0.1337,0.1870
103,0.805000,0.815000,164,53,0.2442,"585,588","20,022","93,570","14,386",0.4181,0.1333,0.1855
104,0.816667,0.816667,220,65,0.2281,"585,808","19,802","93,635","14,321",0.4197,0.1327,0.1834
105,0.816667,0.824167,232,55,0.1916,"586,040","19,570","93,690","14,266",0.4216,0.1321,0.1813
106,0.825000,0.832778,300,100,0.2500,"586,340","19,270","93,790","14,166",0.4237,0.1312,0.1785
107,0.833333,0.833333,199,81,0.2893,"586,539","19,071","93,871","14,085",0.4248,0.1305,0.1767
108,0.833333,0.840476,157,59,0.2731,"586,696","18,914","93,930","14,026",0.4258,0.1299,0.1752
109,0.841667,0.849048,172,52,0.2321,"586,868","18,742","93,982","13,974",0.4271,0.1294,0.1736
110,0.850000,0.856151,"1,343",577,0.3005,"588,211","17,399","94,559","13,397",0.4350,0.1241,0.1612
111,0.856667,0.865944,134,51,0.2757,"588,345","17,265","94,610","13,346",0.4360,0.1236,0.1599
112,0.866667,0.866667,406,197,0.3267,"588,751","16,859","94,807","13,149",0.4382,0.1218,0.1562
113,0.866667,0.875000,400,173,0.3019,"589,151","16,459","94,980","12,976",0.4408,0.1202,0.1525
114,0.875000,0.879762,341,144,0.2969,"589,492","16,118","95,124","12,832",0.4432,0.1189,0.1493
115,0.880000,0.881964,131,51,0.2802,"589,623","15,987","95,175","12,781",0.4443,0.1184,0.1481
116,0.883333,0.885000,123,55,0.3090,"589,746","15,864","95,230","12,726",0.4451,0.1179,0.1469
117,0.885357,0.900000,142,50,0.2604,"589,888","15,722","95,280","12,676",0.4464,0.1174,0.1456
118,0.900000,0.915714,"9,906","7,330",0.4253,"599,794","5,816","102,610","5,346",0.4789,0.0495,0.0539
119,0.916667,0.921429,149,80,0.3493,"599,943","5,667","102,690","5,266",0.4817,0.0488,0.0525
120,0.921667,0.932576,121,50,0.2924,"600,064","5,546","102,740","5,216",0.4847,0.0483,0.0514
121,0.933333,0.938889,125,69,0.3557,"600,189","5,421","102,809","5,147",0.4870,0.0477,0.0502
122,0.940000,0.950000,95,50,0.3448,"600,284","5,326","102,859","5,097",0.4890,0.0472,0.0493
123,0.950000,0.965714,556,305,0.3542,"600,840","4,770","103,164","4,792",0.5012,0.0444,0.0442
124,0.966667,0.966667,143,103,0.4187,"600,983","4,627","103,267","4,689",0.5033,0.0434,0.0429
125,0.966667,0.972308,110,60,0.3529,"601,093","4,517","103,327","4,629",0.5061,0.0429,0.0418
126,0.975000,0.990909,218,119,0.3531,"601,311","4,299","103,446","4,510",0.5120,0.0418,0.0398
127,1.000000,1.000000,"4,299","4,510",0.5120,"605,610",0,"107,956",0,nan,0.0000,0.0000
