,min,max,Neg,Pos,$\frac{\text{Pos}}{\text{Neg}+\text{Pos}}$,TN,FP,FN,TP,Prec,Rec,FP/P
0,0.000000,0.016667,"54,925","2,814",0.0487,"54,925","550,685","2,814","105,142",0.1603,0.9739,5.1010
1,0.020000,0.030000,297,26,0.0805,"55,222","550,388","2,840","105,116",0.1604,0.9737,5.0983
2,0.033333,0.045000,"1,008",63,0.0588,"56,230","549,380","2,903","105,053",0.1605,0.9731,5.0889
3,0.050000,0.065000,"4,082",281,0.0644,"60,312","545,298","3,184","104,772",0.1612,0.9705,5.0511
4,0.066667,0.073333,"1,934",136,0.0657,"62,246","543,364","3,320","104,636",0.1615,0.9692,5.0332
5,0.075000,0.080000,"1,032",79,0.0711,"63,278","542,332","3,399","104,557",0.1616,0.9685,5.0236
6,0.083333,0.097143,319,29,0.0833,"63,597","542,013","3,428","104,528",0.1617,0.9682,5.0207
7,0.100000,0.115833,"74,586","5,334",0.0667,"138,183","467,427","8,762","99,194",0.1751,0.9188,4.3298
8,0.116667,0.123864,332,35,0.0954,"138,515","467,095","8,797","99,159",0.1751,0.9185,4.3267
9,0.125000,0.131667,487,38,0.0724,"139,002","466,608","8,835","99,121",0.1752,0.9182,4.3222
10,0.133333,0.138095,"1,344",95,0.0660,"140,346","465,264","8,930","99,026",0.1755,0.9173,4.3098
11,0.140000,0.150000,266,27,0.0922,"140,612","464,998","8,957","98,999",0.1755,0.9170,4.3073
12,0.150000,0.158333,"6,533",561,0.0791,"147,145","458,465","9,518","98,438",0.1768,0.9118,4.2468
13,0.160000,0.166234,326,36,0.0994,"147,471","458,139","9,554","98,402",0.1768,0.9115,4.2438
14,0.166667,0.173810,"3,423",284,0.0766,"150,894","454,716","9,838","98,118",0.1775,0.9089,4.2120
15,0.175000,0.178571,"1,367",121,0.0813,"152,261","453,349","9,959","97,997",0.1777,0.9077,4.1994
16,0.180000,0.182500,429,34,0.0734,"152,690","452,920","9,993","97,963",0.1778,0.9074,4.1954
17,0.183333,0.188889,514,47,0.0838,"153,204","452,406","10,040","97,916",0.1779,0.9070,4.1907
18,0.190000,0.200000,207,25,0.1078,"153,411","452,199","10,065","97,891",0.1780,0.9068,4.1887
19,0.200000,0.204167,"79,866","7,537",0.0862,"233,277","372,333","17,602","90,354",0.1953,0.8370,3.4489
20,0.204762,0.215556,215,25,0.1042,"233,492","372,118","17,627","90,329",0.1953,0.8367,3.4469
21,0.216667,0.223810,696,58,0.0769,"234,188","371,422","17,685","90,271",0.1955,0.8362,3.4405
22,0.225000,0.232302,650,54,0.0767,"234,838","370,772","17,739","90,217",0.1957,0.8357,3.4345
23,0.233333,0.235000,"1,584",173,0.0985,"236,422","369,188","17,912","90,044",0.1961,0.8341,3.4198
24,0.235000,0.241190,226,25,0.0996,"236,648","368,962","17,937","90,019",0.1961,0.8338,3.4177
25,0.241667,0.250000,251,33,0.1162,"236,899","368,711","17,970","89,986",0.1962,0.8335,3.4154
26,0.250000,0.250000,"7,566",820,0.0978,"244,465","361,145","18,790","89,166",0.1980,0.8259,3.3453
27,0.251136,0.260000,191,25,0.1157,"244,656","360,954","18,815","89,141",0.1980,0.8257,3.3435
28,0.260000,0.266190,391,47,0.1073,"245,047","360,563","18,862","89,094",0.1981,0.8253,3.3399
29,0.266667,0.273810,"3,990",445,0.1003,"249,037","356,573","19,307","88,649",0.1991,0.8212,3.3029
30,0.275000,0.278730,"1,610",196,0.1085,"250,647","354,963","19,503","88,453",0.1995,0.8193,3.2880
31,0.280000,0.281944,514,60,0.1045,"251,161","354,449","19,563","88,393",0.1996,0.8188,3.2833
32,0.283333,0.285000,530,64,0.1077,"251,691","353,919","19,627","88,329",0.1997,0.8182,3.2784
33,0.285714,0.300000,409,32,0.0726,"252,100","353,510","19,659","88,297",0.1999,0.8179,3.2746
34,0.300000,0.308030,"74,929","9,135",0.1087,"327,029","278,581","28,794","79,162",0.2213,0.7333,2.5805
35,0.308333,0.316429,243,27,0.1000,"327,272","278,338","28,821","79,135",0.2214,0.7330,2.5783
36,0.316667,0.325000,878,130,0.1290,"328,150","277,460","28,951","79,005",0.2216,0.7318,2.5701
37,0.325000,0.326515,486,60,0.1099,"328,636","276,974","29,011","78,945",0.2218,0.7313,2.5656
38,0.326667,0.332738,184,25,0.1196,"328,820","276,790","29,036","78,920",0.2219,0.7310,2.5639
39,0.333333,0.337143,"1,544",208,0.1187,"330,364","275,246","29,244","78,712",0.2224,0.7291,2.5496
40,0.337500,0.341039,169,25,0.1289,"330,533","275,077","29,269","78,687",0.2224,0.7289,2.5480
41,0.341667,0.349524,340,37,0.0981,"330,873","274,737","29,306","78,650",0.2226,0.7285,2.5449
42,0.350000,0.355556,"7,424","1,024",0.1212,"338,297","267,313","30,330","77,626",0.2250,0.7191,2.4761
43,0.356667,0.359524,121,27,0.1824,"338,418","267,192","30,357","77,599",0.2251,0.7188,2.4750
44,0.360000,0.365476,358,44,0.1095,"338,776","266,834","30,401","77,555",0.2252,0.7184,2.4717
45,0.366667,0.375000,"4,047",549,0.1195,"342,823","262,787","30,950","77,006",0.2266,0.7133,2.4342
46,0.375000,0.380000,"1,750",249,0.1246,"344,573","261,037","31,199","76,757",0.2272,0.7110,2.4180
47,0.380000,0.382540,515,77,0.1301,"345,088","260,522","31,276","76,680",0.2274,0.7103,2.4132
48,0.383333,0.387381,704,90,0.1134,"345,792","259,818","31,366","76,590",0.2277,0.7095,2.4067
49,0.387500,0.392857,216,26,0.1074,"346,008","259,602","31,392","76,564",0.2278,0.7092,2.4047
50,0.393333,0.400000,182,31,0.1455,"346,190","259,420","31,423","76,533",0.2278,0.7089,2.4030
51,0.400000,0.405000,"63,118","10,385",0.1413,"409,308","196,302","41,808","66,148",0.2520,0.6127,1.8184
52,0.405000,0.409524,222,25,0.1012,"409,530","196,080","41,833","66,123",0.2522,0.6125,1.8163
53,0.410000,0.415714,172,27,0.1357,"409,702","195,908","41,860","66,096",0.2523,0.6122,1.8147
54,0.416667,0.416667,636,118,0.1565,"410,338","195,272","41,978","65,978",0.2525,0.6112,1.8088
55,0.416667,0.424405,308,51,0.1421,"410,646","194,964","42,029","65,927",0.2527,0.6107,1.8060
56,0.425000,0.432143,714,92,0.1141,"411,360","194,250","42,121","65,835",0.2531,0.6098,1.7993
57,0.433333,0.433333,887,139,0.1355,"412,247","193,363","42,260","65,696",0.2536,0.6085,1.7911
58,0.433333,0.440952,633,97,0.1329,"412,880","192,730","42,357","65,599",0.2539,0.6076,1.7853
59,0.441667,0.443333,229,38,0.1423,"413,109","192,501","42,395","65,561",0.2541,0.6073,1.7831
60,0.443333,0.450000,143,28,0.1637,"413,252","192,358","42,423","65,533",0.2541,0.6070,1.7818
61,0.450000,0.454167,"6,317","1,136",0.1524,"419,569","186,041","43,559","64,397",0.2571,0.5965,1.7233
62,0.454286,0.459589,189,25,0.1168,"419,758","185,852","43,584","64,372",0.2573,0.5963,1.7216
63,0.460000,0.465909,312,56,0.1522,"420,070","185,540","43,640","64,316",0.2574,0.5958,1.7187
64,0.466667,0.466667,"2,738",470,0.1465,"422,808","182,802","44,110","63,846",0.2589,0.5914,1.6933
65,0.466667,0.468889,704,140,0.1659,"423,512","182,098","44,250","63,706",0.2592,0.5901,1.6868
66,0.469048,0.475000,110,25,0.1852,"423,622","181,988","44,275","63,681",0.2592,0.5899,1.6858
67,0.475000,0.479524,"1,443",260,0.1527,"425,065","180,545","44,535","63,421",0.2600,0.5875,1.6724
68,0.480000,0.482857,502,70,0.1224,"425,567","180,043","44,605","63,351",0.2603,0.5868,1.6677
69,0.483333,0.483333,335,63,0.1583,"425,902","179,708","44,668","63,288",0.2604,0.5862,1.6646
70,0.483333,0.485714,300,46,0.1329,"426,202","179,408","44,714","63,242",0.2606,0.5858,1.6619
71,0.485714,0.490000,143,31,0.1782,"426,345","179,265","44,745","63,211",0.2607,0.5855,1.6605
72,0.490357,0.491667,96,26,0.2131,"426,441","179,169","44,771","63,185",0.2607,0.5853,1.6596
73,0.491667,0.500000,155,29,0.1576,"426,596","179,014","44,800","63,156",0.2608,0.5850,1.6582
74,0.500000,0.508333,"48,851","10,539",0.1775,"475,447","130,163","55,339","52,617",0.2879,0.4874,1.2057
75,0.508333,0.516111,269,34,0.1122,"475,716","129,894","55,373","52,583",0.2882,0.4871,1.2032
76,0.516667,0.516667,585,91,0.1346,"476,301","129,309","55,464","52,492",0.2887,0.4862,1.1978
77,0.516667,0.520000,323,70,0.1781,"476,624","128,986","55,534","52,422",0.2890,0.4856,1.1948
78,0.520000,0.525000,110,26,0.1912,"476,734","128,876","55,560","52,396",0.2890,0.4853,1.1938
79,0.525000,0.529762,485,99,0.1695,"477,219","128,391","55,659","52,297",0.2894,0.4844,1.1893
80,0.530000,0.533333,132,25,0.1592,"477,351","128,259","55,684","52,272",0.2895,0.4842,1.1881
81,0.533333,0.533333,781,179,0.1865,"478,132","127,478","55,863","52,093",0.2901,0.4825,1.1808
82,0.533333,0.536667,345,78,0.1844,"478,477","127,133","55,941","52,015",0.2903,0.4818,1.1776
83,0.536667,0.540833,114,25,0.1799,"478,591","127,019","55,966","51,990",0.2904,0.4816,1.1766
84,0.541667,0.543182,183,35,0.1606,"478,774","126,836","56,001","51,955",0.2906,0.4813,1.1749
85,0.543333,0.550000,170,25,0.1282,"478,944","126,666","56,026","51,930",0.2908,0.4810,1.1733
86,0.550000,0.550476,"4,865","1,133",0.1889,"483,809","121,801","57,159","50,797",0.2943,0.4705,1.1282
87,0.550873,0.558021,128,25,0.1634,"483,937","121,673","57,184","50,772",0.2944,0.4703,1.1271
88,0.558333,0.560000,145,37,0.2033,"484,082","121,528","57,221","50,735",0.2945,0.4700,1.1257
89,0.560000,0.560000,179,56,0.2383,"484,261","121,349","57,277","50,679",0.2946,0.4694,1.1241
90,0.560000,0.566190,130,25,0.1613,"484,391","121,219","57,302","50,654",0.2947,0.4692,1.1229
91,0.566667,0.574762,"2,885",619,0.1767,"487,276","118,334","57,921","50,035",0.2972,0.4635,1.0961
92,0.575000,0.579167,"1,211",263,0.1784,"488,487","117,123","58,184","49,772",0.2982,0.4610,1.0849
93,0.580000,0.582857,374,77,0.1707,"488,861","116,749","58,261","49,695",0.2986,0.4603,1.0814
94,0.583333,0.583333,328,64,0.1633,"489,189","116,421","58,325","49,631",0.2989,0.4597,1.0784
95,0.583333,0.585476,197,32,0.1397,"489,386","116,224","58,357","49,599",0.2991,0.4594,1.0766
96,0.585714,0.591190,146,31,0.1751,"489,532","116,078","58,388","49,568",0.2992,0.4592,1.0752
97,0.591667,0.593333,141,37,0.2079,"489,673","115,937","58,425","49,531",0.2993,0.4588,1.0739
98,0.593333,0.600000,133,25,0.1582,"489,806","115,804","58,450","49,506",0.2995,0.4586,1.0727
99,0.600000,0.606667,"35,780","10,414",0.2254,"525,586","80,024","68,864","39,092",0.3282,0.3621,0.7413
100,0.606667,0.610000,134,26,0.1625,"525,720","79,890","68,890","39,066",0.3284,0.3619,0.7400
101,0.610000,0.615714,121,26,0.1769,"525,841","79,769","68,916","39,040",0.3286,0.3616,0.7389
102,0.616667,0.616667,382,66,0.1473,"526,223","79,387","68,982","38,974",0.3293,0.3610,0.7354
103,0.616667,0.625000,432,109,0.2015,"526,655","78,955","69,091","38,865",0.3299,0.3600,0.7314
104,0.625000,0.630000,389,96,0.1979,"527,044","78,566","69,187","38,769",0.3304,0.3591,0.7278
105,0.630000,0.633333,92,33,0.2640,"527,136","78,474","69,220","38,736",0.3305,0.3588,0.7269
106,0.633333,0.633333,580,152,0.2077,"527,716","77,894","69,372","38,584",0.3313,0.3574,0.7215
107,0.633333,0.640000,272,79,0.2251,"527,988","77,622","69,451","38,505",0.3316,0.3567,0.7190
108,0.640000,0.641667,172,31,0.1527,"528,160","77,450","69,482","38,474",0.3319,0.3564,0.7174
109,0.641667,0.644762,152,27,0.1508,"528,312","77,298","69,509","38,447",0.3322,0.3561,0.7160
110,0.645000,0.650000,131,25,0.1603,"528,443","77,167","69,534","38,422",0.3324,0.3559,0.7148
111,0.650000,0.654762,"3,550","1,004",0.2205,"531,993","73,617","70,538","37,418",0.3370,0.3466,0.6819
112,0.655000,0.659762,149,25,0.1437,"532,142","73,468","70,563","37,393",0.3373,0.3464,0.6805
113,0.660000,0.666429,217,59,0.2138,"532,359","73,251","70,622","37,334",0.3376,0.3458,0.6785
114,0.666667,0.666667,"1,031",341,0.2485,"533,390","72,220","70,963","36,993",0.3387,0.3427,0.6690
115,0.666667,0.675000,932,275,0.2278,"534,322","71,288","71,238","36,718",0.3400,0.3401,0.6603
116,0.675000,0.679762,833,233,0.2186,"535,155","70,455","71,471","36,485",0.3412,0.3380,0.6526
117,0.680000,0.683333,288,92,0.2421,"535,443","70,167","71,563","36,393",0.3415,0.3371,0.6500
118,0.683333,0.686667,432,115,0.2102,"535,875","69,735","71,678","36,278",0.3422,0.3360,0.6460
119,0.687500,0.691429,98,25,0.2033,"535,973","69,637","71,703","36,253",0.3424,0.3358,0.6450
120,0.691667,0.699444,197,46,0.1893,"536,170","69,440","71,749","36,207",0.3427,0.3354,0.6432
121,0.700000,0.703571,"25,417","9,933",0.2810,"561,587","44,023","81,682","26,274",0.3738,0.2434,0.4078
122,0.703810,0.709524,118,25,0.1748,"561,705","43,905","81,707","26,249",0.3742,0.2431,0.4067
123,0.710000,0.715974,111,33,0.2292,"561,816","43,794","81,740","26,216",0.3745,0.2428,0.4057
124,0.716667,0.716667,277,78,0.2197,"562,093","43,517","81,818","26,138",0.3752,0.2421,0.4031
125,0.716667,0.725000,341,108,0.2405,"562,434","43,176","81,926","26,030",0.3761,0.2411,0.3999
126,0.725000,0.730000,351,91,0.2059,"562,785","42,825","82,017","25,939",0.3772,0.2403,0.3967
127,0.730000,0.733333,92,28,0.2333,"562,877","42,733","82,045","25,911",0.3775,0.2400,0.3958
128,0.733333,0.733333,349,122,0.2590,"563,226","42,384","82,167","25,789",0.3783,0.2389,0.3926
129,0.733333,0.734762,137,37,0.2126,"563,363","42,247","82,204","25,752",0.3787,0.2385,0.3913
130,0.735000,0.741190,94,31,0.2480,"563,457","42,153","82,235","25,721",0.3790,0.2383,0.3905
131,0.741667,0.741667,75,25,0.2500,"563,532","42,078","82,260","25,696",0.3791,0.2380,0.3898
132,0.741667,0.746190,121,25,0.1712,"563,653","41,957","82,285","25,671",0.3796,0.2378,0.3886
133,0.746548,0.750000,77,25,0.2451,"563,730","41,880","82,310","25,646",0.3798,0.2376,0.3879
134,0.750000,0.752381,"2,404",898,0.2720,"566,134","39,476","83,208","24,748",0.3853,0.2292,0.3657
135,0.752381,0.757778,97,26,0.2114,"566,231","39,379","83,234","24,722",0.3857,0.2290,0.3648
136,0.758333,0.759762,70,25,0.2632,"566,301","39,309","83,259","24,697",0.3859,0.2288,0.3641
137,0.760000,0.765714,162,43,0.2098,"566,463","39,147","83,302","24,654",0.3864,0.2284,0.3626
138,0.766667,0.766667,687,235,0.2549,"567,150","38,460","83,537","24,419",0.3883,0.2262,0.3563
139,0.766667,0.775000,680,260,0.2766,"567,830","37,780","83,797","24,159",0.3900,0.2238,0.3500
140,0.775000,0.779762,589,211,0.2637,"568,419","37,191","84,008","23,948",0.3917,0.2218,0.3445
141,0.780000,0.782540,185,66,0.2629,"568,604","37,006","84,074","23,882",0.3922,0.2212,0.3428
142,0.783333,0.783333,166,60,0.2655,"568,770","36,840","84,134","23,822",0.3927,0.2207,0.3413
143,0.783333,0.789048,166,46,0.2170,"568,936","36,674","84,180","23,776",0.3933,0.2202,0.3397
144,0.789167,0.792262,84,25,0.2294,"569,020","36,590","84,205","23,751",0.3936,0.2200,0.3389
145,0.792500,0.800000,86,25,0.2252,"569,106","36,504","84,230","23,726",0.3939,0.2198,0.3381
146,0.800000,0.803571,"16,305","9,283",0.3628,"585,411","20,199","93,513","14,443",0.4169,0.1338,0.1871
147,0.803775,0.808333,101,25,0.1984,"585,512","20,098","93,538","14,418",0.4177,0.1336,0.1862
148,0.808333,0.815000,76,32,0.2963,"585,588","20,022","93,570","14,386",0.4181,0.1333,0.1855
149,0.816667,0.816667,220,65,0.2281,"585,808","19,802","93,635","14,321",0.4197,0.1327,0.1834
150,0.816667,0.824167,232,55,0.1916,"586,040","19,570","93,690","14,266",0.4216,0.1321,0.1813
151,0.825000,0.830000,228,73,0.2425,"586,268","19,342","93,763","14,193",0.4232,0.1315,0.1792
152,0.830000,0.832778,72,27,0.2727,"586,340","19,270","93,790","14,166",0.4237,0.1312,0.1785
153,0.833333,0.833333,199,81,0.2893,"586,539","19,071","93,871","14,085",0.4248,0.1305,0.1767
154,0.833333,0.840476,157,59,0.2731,"586,696","18,914","93,930","14,026",0.4258,0.1299,0.1752
155,0.841667,0.843636,102,27,0.2093,"586,798","18,812","93,957","13,999",0.4267,0.1297,0.1743
156,0.843810,0.849048,70,25,0.2632,"586,868","18,742","93,982","13,974",0.4271,0.1294,0.1736
157,0.850000,0.853095,"1,310",567,0.3021,"588,178","17,432","94,549","13,407",0.4347,0.1242,0.1615
158,0.853333,0.859242,76,26,0.2549,"588,254","17,356","94,575","13,381",0.4353,0.1239,0.1608
159,0.860000,0.865944,91,35,0.2778,"588,345","17,265","94,610","13,346",0.4360,0.1236,0.1599
160,0.866667,0.866667,406,197,0.3267,"588,751","16,859","94,807","13,149",0.4382,0.1218,0.1562
161,0.866667,0.875000,400,173,0.3019,"589,151","16,459","94,980","12,976",0.4408,0.1202,0.1525
162,0.875000,0.879762,341,144,0.2969,"589,492","16,118","95,124","12,832",0.4432,0.1189,0.1493
163,0.880000,0.881964,131,51,0.2802,"589,623","15,987","95,175","12,781",0.4443,0.1184,0.1481
164,0.883333,0.884762,118,52,0.3059,"589,741","15,869","95,227","12,729",0.4451,0.1179,0.1470
165,0.885000,0.890714,53,27,0.3375,"589,794","15,816","95,254","12,702",0.4454,0.1177,0.1465
166,0.891421,0.900000,94,26,0.2167,"589,888","15,722","95,280","12,676",0.4464,0.1174,0.1456
167,0.900000,0.908333,"9,843","7,302",0.4259,"599,731","5,879","102,582","5,374",0.4776,0.0498,0.0545
168,0.908333,0.915714,63,28,0.3077,"599,794","5,816","102,610","5,346",0.4789,0.0495,0.0539
169,0.916667,0.916667,79,46,0.3680,"599,873","5,737","102,656","5,300",0.4802,0.0491,0.0531
170,0.916667,0.923333,79,37,0.3190,"599,952","5,658","102,693","5,263",0.4819,0.0488,0.0524
171,0.925000,0.932576,112,47,0.2956,"600,064","5,546","102,740","5,216",0.4847,0.0483,0.0514
172,0.933333,0.940714,136,73,0.3493,"600,200","5,410","102,813","5,143",0.4873,0.0476,0.0501
173,0.941667,0.950000,84,46,0.3538,"600,284","5,326","102,859","5,097",0.4890,0.0472,0.0493
174,0.950000,0.958333,516,278,0.3501,"600,800","4,810","103,137","4,819",0.5005,0.0446,0.0446
175,0.958333,0.965714,40,27,0.4030,"600,840","4,770","103,164","4,792",0.5012,0.0444,0.0442
176,0.966667,0.966667,143,103,0.4187,"600,983","4,627","103,267","4,689",0.5033,0.0434,0.0429
177,0.966667,0.972308,110,60,0.3529,"601,093","4,517","103,327","4,629",0.5061,0.0429,0.0418
178,0.975000,0.975714,119,72,0.3770,"601,212","4,398","103,399","4,557",0.5089,0.0422,0.0407
179,0.980000,0.990909,99,47,0.3219,"601,311","4,299","103,446","4,510",0.5120,0.0418,0.0398
180,1.000000,1.000000,"4,299","4,510",0.5120,"605,610",0,"107,956",0,nan,0.0000,0.0000
