,min,max,Neg,Pos,$\frac{\text{Pos}}{\text{Neg}+\text{Pos}}$,TN,FP,FN,TP,Prec,Rec,FP/P
0,0.0,0.0971428571428571,"63,597","3,428",0.0511,"63,597","542,013","3,428","104,528",0.16167,0.96825,5.02068
1,0.1,0.1499999999999999,"77,015","5,529",0.0670,"140,612","464,998","8,957","98,999",0.17553,0.91703,4.30729
2,0.15,0.1999999999999999,"12,799","1,108",0.0797,"153,411","452,199","10,065","97,891",0.17795,0.90677,4.18873
3,0.2,0.2499999999999999,"83,488","7,905",0.0865,"236,899","368,711","17,970","89,986",0.19618,0.83354,3.41538
4,0.25,0.2999999999999999,"15,201","1,689",0.1000,"252,100","353,510","19,659","88,297",0.19985,0.81790,3.27457
5,0.3,0.3495238095238094,"78,773","9,647",0.1091,"330,873","274,737","29,306","78,650",0.22256,0.72854,2.54490
6,0.35,0.3654761904761904,"7,903","1,095",0.1217,"338,776","266,834","30,401","77,555",0.22520,0.71839,2.47169
7,0.3666666666666666,0.3999999999999999,"7,414","1,022",0.1211,"346,190","259,420","31,423","76,533",0.22781,0.70893,2.40302
8,0.4,0.4499999999999999,"67,062","11,000",0.1409,"413,252","192,358","42,423","65,533",0.25411,0.60703,1.78182
9,0.45,0.4659090909090909,"6,818","1,217",0.1515,"420,070","185,540","43,640","64,316",0.25741,0.59576,1.71866
10,0.4666666666666666,0.4999999999999999,"6,526","1,160",0.1509,"426,596","179,014","44,800","63,156",0.26079,0.58502,1.65821
11,0.5,0.5499999999999999,"52,348","11,226",0.1766,"478,944","126,666","56,026","51,930",0.29077,0.48103,1.17331
12,0.55,0.5661904761904762,"5,447","1,276",0.1898,"484,391","121,219","57,302","50,654",0.29472,0.46921,1.12286
13,0.5666666666666667,0.5999999999999999,"5,415","1,148",0.1749,"489,806","115,804","58,450","49,506",0.29947,0.45858,1.07270
14,0.6,0.6499999999999999,"38,637","11,084",0.2229,"528,443","77,167","69,534","38,422",0.33240,0.35590,0.71480
15,0.65,0.6664285714285715,"3,916","1,088",0.2174,"532,359","73,251","70,622","37,334",0.33760,0.34583,0.67853
16,0.6666666666666666,0.6994444444444444,"3,811","1,127",0.2282,"536,170","69,440","71,749","36,207",0.34272,0.33539,0.64323
17,0.7,0.7383730158730158,"27,242","10,472",0.2777,"563,412","42,198","82,221","25,735",0.37883,0.23838,0.39088
18,0.74,0.756547619047619,"2,789","1,006",0.2651,"566,201","39,409","83,227","24,729",0.38556,0.22907,0.36505
19,0.7566666666666666,0.7999999999999999,"2,905","1,003",0.2567,"569,106","36,504","84,230","23,726",0.39392,0.21977,0.33814
20,0.8,0.849047619047619,"17,762","9,752",0.3544,"586,868","18,742","93,982","13,974",0.42713,0.12944,0.17361
21,0.85,0.8999999999999998,"3,020","1,298",0.3006,"589,888","15,722","95,280","12,676",0.44637,0.11742,0.14563
22,0.9,0.9909090909090909,"11,423","8,166",0.4169,"601,311","4,299","103,446","4,510",0.51198,0.04178,0.03982
23,1.0,1.0,"4,299","4,510",0.5120,"605,610",0,"107,956",0,nan,0.00000,0.00000
