,min,max,Neg,Pos,$\frac{\text{Pos}}{\text{Neg}+\text{Pos}}$,TN,FP,FN,TP,Prec,Rec,FP/P
0,0.00000,0.07857,"15,993",156,0.0097,"15,993","589,617",156,"107,800",0.1546,0.9986,5.4616
1,0.08000,0.10833,"15,432",209,0.0134,"31,425","574,185",365,"107,591",0.1578,0.9966,5.3187
2,0.11000,0.12917,"12,962",201,0.0153,"44,387","561,223",566,"107,390",0.1606,0.9948,5.1986
3,0.13000,0.14967,"15,069",274,0.0179,"59,456","546,154",840,"107,116",0.1640,0.9922,5.0590
4,0.15000,0.16933,"16,766",353,0.0206,"76,222","529,388","1,193","106,763",0.1678,0.9889,4.9037
5,0.17000,0.17917,"8,805",209,0.0232,"85,027","520,583","1,402","106,554",0.1699,0.9870,4.8222
6,0.18000,0.19000,"9,208",237,0.0251,"94,235","511,375","1,639","106,317",0.1721,0.9848,4.7369
7,0.19000,0.19917,"9,542",272,0.0277,"103,777","501,833","1,911","106,045",0.1745,0.9823,4.6485
8,0.20000,0.21000,"9,735",302,0.0301,"113,512","492,098","2,213","105,743",0.1769,0.9795,4.5583
9,0.21000,0.22000,"10,089",314,0.0302,"123,601","482,009","2,527","105,429",0.1795,0.9766,4.4649
10,0.22000,0.22950,"10,130",336,0.0321,"133,731","471,879","2,863","105,093",0.1821,0.9735,4.3710
11,0.23000,0.23933,"10,414",379,0.0351,"144,145","461,465","3,242","104,714",0.1849,0.9700,4.2746
12,0.24000,0.24917,"10,710",403,0.0363,"154,855","450,755","3,645","104,311",0.1879,0.9662,4.1754
13,0.25000,0.26000,"10,788",429,0.0382,"165,643","439,967","4,074","103,882",0.1910,0.9623,4.0754
14,0.26000,0.26917,"11,136",499,0.0429,"176,779","428,831","4,573","103,383",0.1943,0.9576,3.9723
15,0.27000,0.28000,"11,288",546,0.0461,"188,067","417,543","5,119","102,837",0.1976,0.9526,3.8677
16,0.28000,0.28967,"11,507",595,0.0492,"199,574","406,036","5,714","102,242",0.2012,0.9471,3.7611
17,0.29000,0.29933,"11,597",670,0.0546,"211,171","394,439","6,384","101,572",0.2048,0.9409,3.6537
18,0.30000,0.31000,"11,549",677,0.0554,"222,720","382,890","7,061","100,895",0.2086,0.9346,3.5467
19,0.31000,0.31971,"11,677",732,0.0590,"234,397","371,213","7,793","100,163",0.2125,0.9278,3.4386
20,0.32000,0.32933,"11,727",706,0.0568,"246,124","359,486","8,499","99,457",0.2167,0.9213,3.3299
21,0.33000,0.34000,"11,402",763,0.0627,"257,526","348,084","9,262","98,694",0.2209,0.9142,3.2243
22,0.34000,0.35000,"11,965",866,0.0675,"269,491","336,119","10,128","97,828",0.2254,0.9062,3.1135
23,0.35000,0.35933,"11,909",885,0.0692,"281,400","324,210","11,013","96,943",0.2302,0.8980,3.0032
24,0.36000,0.37000,"11,703",920,0.0729,"293,103","312,507","11,933","96,023",0.2350,0.8895,2.8948
25,0.37000,0.38000,"11,644",939,0.0746,"304,747","300,863","12,872","95,084",0.2401,0.8808,2.7869
26,0.38000,0.38950,"11,481",994,0.0797,"316,228","289,382","13,866","94,090",0.2454,0.8716,2.6806
27,0.39000,0.40000,"11,373","1,089",0.0874,"327,601","278,009","14,955","93,001",0.2507,0.8615,2.5752
28,0.40000,0.41000,"11,526","1,237",0.0969,"339,127","266,483","16,192","91,764",0.2561,0.8500,2.4684
29,0.41000,0.41933,"11,290","1,218",0.0974,"350,417","255,193","17,410","90,546",0.2619,0.8387,2.3639
30,0.42000,0.42967,"11,146","1,184",0.0960,"361,563","244,047","18,594","89,362",0.2680,0.8278,2.2606
31,0.43000,0.44000,"10,853","1,287",0.1060,"372,416","233,194","19,881","88,075",0.2741,0.8158,2.1601
32,0.44000,0.45000,"10,623","1,303",0.1093,"383,039","222,571","21,184","86,772",0.2805,0.8038,2.0617
33,0.45000,0.46000,"10,628","1,355",0.1131,"393,667","211,943","22,539","85,417",0.2873,0.7912,1.9632
34,0.46000,0.46944,"10,281","1,425",0.1217,"403,948","201,662","23,964","83,992",0.2940,0.7780,1.8680
35,0.47000,0.47983,"9,991","1,524",0.1323,"413,939","191,671","25,488","82,468",0.3008,0.7639,1.7755
36,0.48000,0.49000,"9,845","1,528",0.1344,"423,784","181,826","27,016","80,940",0.3080,0.7497,1.6843
37,0.49000,0.50000,"9,563","1,621",0.1449,"433,347","172,263","28,637","79,319",0.3153,0.7347,1.5957
38,0.50000,0.51000,"9,367","1,645",0.1494,"442,714","162,896","30,282","77,674",0.3229,0.7195,1.5089
39,0.51000,0.52000,"9,460","1,670",0.1500,"452,174","153,436","31,952","76,004",0.3313,0.7040,1.4213
40,0.52000,0.53000,"8,895","1,675",0.1585,"461,069","144,541","33,627","74,329",0.3396,0.6885,1.3389
41,0.53000,0.54000,"8,359","1,735",0.1719,"469,428","136,182","35,362","72,594",0.3477,0.6724,1.2615
42,0.54000,0.55000,"8,272","1,822",0.1805,"477,700","127,910","37,184","70,772",0.3562,0.6556,1.1848
43,0.55000,0.56000,"8,155","1,813",0.1819,"485,855","119,755","38,997","68,959",0.3654,0.6388,1.1093
44,0.56000,0.56983,"7,793","1,867",0.1933,"493,648","111,962","40,864","67,092",0.3747,0.6215,1.0371
45,0.57000,0.57964,"7,378","1,868",0.2020,"501,026","104,584","42,732","65,224",0.3841,0.6042,0.9688
46,0.58000,0.58952,"7,044","1,910",0.2133,"508,070","97,540","44,642","63,314",0.3936,0.5865,0.9035
47,0.59000,0.59933,"6,771","1,952",0.2238,"514,841","90,769","46,594","61,362",0.4033,0.5684,0.8408
48,0.60000,0.61000,"6,470","1,894",0.2264,"521,311","84,299","48,488","59,468",0.4136,0.5509,0.7809
49,0.61000,0.61967,"6,229","2,028",0.2456,"527,540","78,070","50,516","57,440",0.4239,0.5321,0.7232
50,0.62000,0.63000,"5,897","1,898",0.2435,"533,437","72,173","52,414","55,542",0.4349,0.5145,0.6685
51,0.63000,0.64000,"5,635","2,029",0.2647,"539,072","66,538","54,443","53,513",0.4458,0.4957,0.6163
52,0.64000,0.64929,"5,171","1,995",0.2784,"544,243","61,367","56,438","51,518",0.4564,0.4772,0.5684
53,0.65000,0.66000,"5,045","1,931",0.2768,"549,288","56,322","58,369","49,587",0.4682,0.4593,0.5217
54,0.66000,0.66967,"4,728","2,039",0.3013,"554,016","51,594","60,408","47,548",0.4796,0.4404,0.4779
55,0.67000,0.67967,"4,410","2,031",0.3153,"558,426","47,184","62,439","45,517",0.4910,0.4216,0.4371
56,0.68000,0.68950,"4,062","1,946",0.3239,"562,488","43,122","64,385","43,571",0.5026,0.4036,0.3994
57,0.69000,0.70000,"3,833","1,883",0.3294,"566,321","39,289","66,268","41,688",0.5148,0.3862,0.3639
58,0.70000,0.70050,"3,224","1,695",0.3446,"569,545","36,065","67,963","39,993",0.5258,0.3705,0.3341
59,0.70067,0.70967,301,200,0.3992,"569,846","35,764","68,163","39,793",0.5267,0.3686,0.3313
60,0.71000,0.71952,"3,320","1,814",0.3533,"573,166","32,444","69,977","37,979",0.5393,0.3518,0.3005
61,0.72000,0.73000,"2,982","1,831",0.3804,"576,148","29,462","71,808","36,148",0.5510,0.3348,0.2729
62,0.73000,0.73950,"2,885","1,914",0.3988,"579,033","26,577","73,722","34,234",0.5630,0.3171,0.2462
63,0.74000,0.75000,"2,577","1,806",0.4120,"581,610","24,000","75,528","32,428",0.5747,0.3004,0.2223
64,0.75000,0.76000,"2,368","1,807",0.4328,"583,978","21,632","77,335","30,621",0.5860,0.2836,0.2004
65,0.76000,0.76988,"2,278","1,745",0.4338,"586,256","19,354","79,080","28,876",0.5987,0.2675,0.1793
66,0.77000,0.77983,"2,032","1,799",0.4696,"588,288","17,322","80,879","27,077",0.6099,0.2508,0.1605
67,0.78000,0.78993,"1,880","1,710",0.4763,"590,168","15,442","82,589","25,367",0.6216,0.2350,0.1430
68,0.79000,0.79990,"1,706","1,685",0.4969,"591,874","13,736","84,274","23,682",0.6329,0.2194,0.1272
69,0.80000,0.81000,"1,564","1,670",0.5164,"593,438","12,172","85,944","22,012",0.6439,0.2039,0.1127
70,0.81000,0.81983,"1,490","1,629",0.5223,"594,928","10,682","87,573","20,383",0.6561,0.1888,0.0989
71,0.82000,0.82950,"1,325","1,578",0.5436,"596,253","9,357","89,151","18,805",0.6677,0.1742,0.0867
72,0.83000,0.83950,"1,232","1,650",0.5725,"597,485","8,125","90,801","17,155",0.6786,0.1589,0.0753
73,0.84000,0.84945,"1,099","1,636",0.5982,"598,584","7,026","92,437","15,519",0.6884,0.1438,0.0651
74,0.85000,0.85933,"1,030","1,547",0.6003,"599,614","5,996","93,984","13,972",0.6997,0.1294,0.0555
75,0.86000,0.86950,908,"1,499",0.6228,"600,522","5,088","95,483","12,473",0.7103,0.1155,0.0471
76,0.87000,0.87917,808,"1,502",0.6502,"601,330","4,280","96,985","10,971",0.7194,0.1016,0.0396
77,0.88000,0.88917,724,"1,425",0.6631,"602,054","3,556","98,410","9,546",0.7286,0.0884,0.0329
78,0.89000,0.89990,650,"1,415",0.6852,"602,704","2,906","99,825","8,131",0.7367,0.0753,0.0269
79,0.90000,0.91000,581,"1,347",0.6987,"603,285","2,325","101,172","6,784",0.7448,0.0628,0.0215
80,0.91000,0.91900,529,"1,206",0.6951,"603,814","1,796","102,378","5,578",0.7564,0.0517,0.0166
81,0.92000,0.92933,440,"1,179",0.7282,"604,254","1,356","103,557","4,399",0.7644,0.0407,0.0126
82,0.93000,0.93919,374,"1,019",0.7315,"604,628",982,"104,576","3,380",0.7749,0.0313,0.0091
83,0.94000,0.94924,298,959,0.7629,"604,926",684,"105,535","2,421",0.7797,0.0224,0.0063
84,0.95000,0.96929,447,"1,390",0.7567,"605,373",237,"106,925","1,031",0.8131,0.0096,0.0022
85,0.97000,1.00000,237,"1,031",0.8131,"605,610",0,"107,956",0,nan,0.0000,0.0000
