,min,max,Neg,Pos,$\frac{\text{Pos}}{\text{Neg}+\text{Pos}}$,TN,FP,FN,TP,Prec,Rec,FP/P
0,0.0000,0.1174,"26,069",735,0.0274,"26,069","579,541",735,"107,221",0.1561,0.9932,5.3683
1,0.1174,0.1800,"40,188","1,600",0.0383,"66,257","539,353","2,335","105,621",0.1638,0.9784,4.9960
2,0.1800,0.2174,"31,933","1,666",0.0496,"98,190","507,420","4,001","103,955",0.1700,0.9629,4.7002
3,0.2174,0.2438,"27,090","1,607",0.0560,"125,280","480,330","5,608","102,348",0.1757,0.9481,4.4493
4,0.2438,0.2674,"23,959","1,600",0.0626,"149,239","456,371","7,208","100,748",0.1808,0.9332,4.2274
5,0.2674,0.2868,"22,238","1,602",0.0672,"171,477","434,133","8,810","99,146",0.1859,0.9184,4.0214
6,0.2869,0.3044,"21,246","1,600",0.0700,"192,723","412,887","10,410","97,546",0.1911,0.9036,3.8246
7,0.3044,0.3200,"18,396","1,601",0.0801,"211,119","394,491","12,011","95,945",0.1956,0.8887,3.6542
8,0.3200,0.3365,"18,842","1,695",0.0825,"229,961","375,649","13,706","94,250",0.2006,0.8730,3.4796
9,0.3365,0.3500,"16,767","1,607",0.0875,"246,728","358,882","15,313","92,643",0.2052,0.8582,3.3243
10,0.3500,0.3650,"17,626","1,694",0.0877,"264,354","341,256","17,007","90,949",0.2104,0.8425,3.1611
11,0.3650,0.3777,"14,945","1,601",0.0968,"279,299","326,311","18,608","89,348",0.2150,0.8276,3.0226
12,0.3777,0.3900,"15,211","1,616",0.0960,"294,510","311,100","20,224","87,732",0.2200,0.8127,2.8817
13,0.3900,0.4024,"15,359","1,849",0.1075,"309,869","295,741","22,073","85,883",0.2250,0.7955,2.7395
14,0.4024,0.4154,"13,502","1,603",0.1061,"323,371","282,239","23,676","84,280",0.2299,0.7807,2.6144
15,0.4154,0.4265,"12,273","1,600",0.1153,"335,644","269,966","25,276","82,680",0.2345,0.7659,2.5007
16,0.4265,0.4374,"11,823","1,621",0.1206,"347,467","258,143","26,897","81,059",0.2390,0.7509,2.3912
17,0.4374,0.4479,"11,694","1,648",0.1235,"359,161","246,449","28,545","79,411",0.2437,0.7356,2.2829
18,0.4479,0.4581,"10,828","1,608",0.1293,"369,989","235,621","30,153","77,803",0.2482,0.7207,2.1826
19,0.4581,0.4685,"10,445","1,603",0.1331,"380,434","225,176","31,756","76,200",0.2528,0.7058,2.0858
20,0.4685,0.4785,"9,879","1,650",0.1431,"390,313","215,297","33,406","74,550",0.2572,0.6906,1.9943
21,0.4785,0.4885,"9,961","1,670",0.1436,"400,274","205,336","35,076","72,880",0.2620,0.6751,1.9020
22,0.4885,0.4985,"9,459","1,625",0.1466,"409,733","195,877","36,701","71,255",0.2667,0.6600,1.8144
23,0.4985,0.5085,"9,052","1,649",0.1541,"418,785","186,825","38,350","69,606",0.2714,0.6448,1.7306
24,0.5085,0.5185,"8,997","1,703",0.1592,"427,782","177,828","40,053","67,903",0.2763,0.6290,1.6472
25,0.5185,0.5285,"8,468","1,749",0.1712,"436,250","169,360","41,802","66,154",0.2809,0.6128,1.5688
26,0.5285,0.5385,"8,250","1,675",0.1688,"444,500","161,110","43,477","64,479",0.2858,0.5973,1.4924
27,0.5385,0.5485,"8,057","1,623",0.1677,"452,557","153,053","45,100","62,856",0.2911,0.5822,1.4177
28,0.5485,0.5585,"7,659","1,701",0.1817,"460,216","145,394","46,801","61,155",0.2961,0.5665,1.3468
29,0.5585,0.5685,"7,731","1,677",0.1783,"467,947","137,663","48,478","59,478",0.3017,0.5509,1.2752
30,0.5685,0.5785,"7,163","1,612",0.1837,"475,110","130,500","50,090","57,866",0.3072,0.5360,1.2088
31,0.5785,0.5885,"6,946","1,776",0.2036,"482,056","123,554","51,866","56,090",0.3122,0.5196,1.1445
32,0.5885,0.5985,"6,584","1,735",0.2086,"488,640","116,970","53,601","54,355",0.3173,0.5035,1.0835
33,0.5985,0.6085,"6,283","1,722",0.2151,"494,923","110,687","55,323","52,633",0.3223,0.4875,1.0253
34,0.6085,0.6184,"6,038","1,632",0.2128,"500,961","104,649","56,955","51,001",0.3277,0.4724,0.9694
35,0.6184,0.6278,"5,487","1,600",0.2258,"506,448","99,162","58,555","49,401",0.3325,0.4576,0.9185
36,0.6278,0.6379,"5,491","1,600",0.2256,"511,939","93,671","60,155","47,801",0.3379,0.4428,0.8677
37,0.6379,0.6484,"5,635","1,608",0.2220,"517,574","88,036","61,763","46,193",0.3441,0.4279,0.8155
38,0.6484,0.6584,"5,374","1,604",0.2299,"522,948","82,662","63,367","44,589",0.3504,0.4130,0.7657
39,0.6585,0.6679,"4,673","1,600",0.2551,"527,621","77,989","64,967","42,989",0.3553,0.3982,0.7224
40,0.6679,0.6785,"4,956","1,609",0.2451,"532,577","73,033","66,576","41,380",0.3617,0.3833,0.6765
41,0.6785,0.6885,"4,591","1,645",0.2638,"537,168","68,442","68,221","39,735",0.3673,0.3681,0.6340
42,0.6885,0.6985,"4,438","1,641",0.2699,"541,606","64,004","69,862","38,094",0.3731,0.3529,0.5929
43,0.6985,0.7085,"4,203","1,609",0.2768,"545,809","59,801","71,471","36,485",0.3789,0.3380,0.5539
44,0.7085,0.7179,"3,885","1,632",0.2958,"549,694","55,916","73,103","34,853",0.3840,0.3228,0.5180
45,0.7179,0.7274,"3,663","1,607",0.3049,"553,357","52,253","74,710","33,246",0.3888,0.3080,0.4840
46,0.7274,0.7374,"3,869","1,648",0.2987,"557,226","48,384","76,358","31,598",0.3951,0.2927,0.4482
47,0.7374,0.7470,"3,583","1,609",0.3099,"560,809","44,801","77,967","29,989",0.4010,0.2778,0.4150
48,0.7470,0.7565,"3,544","1,623",0.3141,"564,353","41,257","79,590","28,366",0.4074,0.2628,0.3822
49,0.7565,0.7664,"3,266","1,600",0.3288,"567,619","37,991","81,190","26,766",0.4133,0.2479,0.3519
50,0.7664,0.7757,"3,145","1,600",0.3372,"570,764","34,846","82,790","25,166",0.4193,0.2331,0.3228
51,0.7757,0.7847,"2,961","1,602",0.3511,"573,725","31,885","84,392","23,564",0.4250,0.2183,0.2954
52,0.7847,0.7936,"2,978","1,600",0.3495,"576,703","28,907","85,992","21,964",0.4318,0.2035,0.2678
53,0.7936,0.8019,"2,647","1,600",0.3767,"579,350","26,260","87,592","20,364",0.4368,0.1886,0.2432
54,0.8019,0.8124,"2,920","1,600",0.3540,"582,270","23,340","89,192","18,764",0.4457,0.1738,0.2162
55,0.8124,0.8214,"2,650","1,600",0.3765,"584,920","20,690","90,792","17,164",0.4534,0.1590,0.1917
56,0.8215,0.8315,"2,451","1,600",0.3950,"587,371","18,239","92,392","15,564",0.4604,0.1442,0.1689
57,0.8315,0.8434,"2,487","1,600",0.3915,"589,858","15,752","93,992","13,964",0.4699,0.1293,0.1459
58,0.8434,0.8562,"2,338","1,600",0.4063,"592,196","13,414","95,592","12,364",0.4796,0.1145,0.1243
59,0.8562,0.8684,"2,274","1,600",0.4130,"594,470","11,140","97,192","10,764",0.4914,0.0997,0.1032
60,0.8684,0.8800,"1,980","1,601",0.4471,"596,450","9,160","98,793","9,163",0.5001,0.0849,0.0848
61,0.8800,0.8920,"2,027","1,845",0.4765,"598,477","7,133","100,638","7,318",0.5064,0.0678,0.0661
62,0.8920,0.9100,"2,004","1,600",0.4440,"600,481","5,129","102,238","5,718",0.5272,0.0530,0.0475
63,0.9100,0.9291,"1,840","1,762",0.4892,"602,321","3,289","104,000","3,956",0.5460,0.0366,0.0305
64,0.9292,0.9500,"1,617","1,670",0.5081,"603,938","1,672","105,670","2,286",0.5776,0.0212,0.0155
65,0.9500,1.0000,"1,672","2,286",0.5776,"605,610",0,"107,956",0,nan,0.0000,0.0000
