,min,max,Neg,Pos,$\frac{\text{Pos}}{\text{Neg}+\text{Pos}}$,TN,FP,FN,TP,Prec,Rec,FP/P
0,0.0000,0.1083,"31,425",365,0.0115,"31,425","574,185",365,"107,591",0.1578,0.9966,5.3187
1,0.1100,0.1497,"28,031",475,0.0167,"59,456","546,154",840,"107,116",0.1640,0.9922,5.0590
2,0.1500,0.1792,"25,571",562,0.0215,"85,027","520,583","1,402","106,554",0.1699,0.9870,4.8222
3,0.1800,0.1992,"18,750",509,0.0264,"103,777","501,833","1,911","106,045",0.1745,0.9823,4.6485
4,0.2000,0.2200,"19,824",616,0.0301,"123,601","482,009","2,527","105,429",0.1795,0.9766,4.4649
5,0.2200,0.2393,"20,544",715,0.0336,"144,145","461,465","3,242","104,714",0.1849,0.9700,4.2746
6,0.2400,0.2492,"10,710",403,0.0363,"154,855","450,755","3,645","104,311",0.1879,0.9662,4.1754
7,0.2500,0.2600,"10,788",429,0.0382,"165,643","439,967","4,074","103,882",0.1910,0.9623,4.0754
8,0.2600,0.2692,"11,136",499,0.0429,"176,779","428,831","4,573","103,383",0.1943,0.9576,3.9723
9,0.2700,0.2800,"11,288",546,0.0461,"188,067","417,543","5,119","102,837",0.1976,0.9526,3.8677
10,0.2800,0.2897,"11,507",595,0.0492,"199,574","406,036","5,714","102,242",0.2012,0.9471,3.7611
11,0.2900,0.2993,"11,597",670,0.0546,"211,171","394,439","6,384","101,572",0.2048,0.9409,3.6537
12,0.3000,0.3100,"11,549",677,0.0554,"222,720","382,890","7,061","100,895",0.2086,0.9346,3.5467
13,0.3100,0.3197,"11,677",732,0.0590,"234,397","371,213","7,793","100,163",0.2125,0.9278,3.4386
14,0.3200,0.3293,"11,727",706,0.0568,"246,124","359,486","8,499","99,457",0.2167,0.9213,3.3299
15,0.3300,0.3400,"11,402",763,0.0627,"257,526","348,084","9,262","98,694",0.2209,0.9142,3.2243
16,0.3400,0.3500,"11,965",866,0.0675,"269,491","336,119","10,128","97,828",0.2254,0.9062,3.1135
17,0.3500,0.3593,"11,909",885,0.0692,"281,400","324,210","11,013","96,943",0.2302,0.8980,3.0032
18,0.3600,0.3700,"11,703",920,0.0729,"293,103","312,507","11,933","96,023",0.2350,0.8895,2.8948
19,0.3700,0.3800,"11,644",939,0.0746,"304,747","300,863","12,872","95,084",0.2401,0.8808,2.7869
20,0.3800,0.3895,"11,481",994,0.0797,"316,228","289,382","13,866","94,090",0.2454,0.8716,2.6806
21,0.3900,0.4000,"11,373","1,089",0.0874,"327,601","278,009","14,955","93,001",0.2507,0.8615,2.5752
22,0.4000,0.4100,"11,526","1,237",0.0969,"339,127","266,483","16,192","91,764",0.2561,0.8500,2.4684
23,0.4100,0.4193,"11,290","1,218",0.0974,"350,417","255,193","17,410","90,546",0.2619,0.8387,2.3639
24,0.4200,0.4297,"11,146","1,184",0.0960,"361,563","244,047","18,594","89,362",0.2680,0.8278,2.2606
25,0.4300,0.4400,"10,853","1,287",0.1060,"372,416","233,194","19,881","88,075",0.2741,0.8158,2.1601
26,0.4400,0.4500,"10,623","1,303",0.1093,"383,039","222,571","21,184","86,772",0.2805,0.8038,2.0617
27,0.4500,0.4600,"10,628","1,355",0.1131,"393,667","211,943","22,539","85,417",0.2873,0.7912,1.9632
28,0.4600,0.4694,"10,281","1,425",0.1217,"403,948","201,662","23,964","83,992",0.2940,0.7780,1.8680
29,0.4700,0.4798,"9,991","1,524",0.1323,"413,939","191,671","25,488","82,468",0.3008,0.7639,1.7755
30,0.4800,0.4900,"9,845","1,528",0.1344,"423,784","181,826","27,016","80,940",0.3080,0.7497,1.6843
31,0.4900,0.5000,"9,563","1,621",0.1449,"433,347","172,263","28,637","79,319",0.3153,0.7347,1.5957
32,0.5000,0.5100,"9,367","1,645",0.1494,"442,714","162,896","30,282","77,674",0.3229,0.7195,1.5089
33,0.5100,0.5200,"9,460","1,670",0.1500,"452,174","153,436","31,952","76,004",0.3313,0.7040,1.4213
34,0.5200,0.5300,"8,895","1,675",0.1585,"461,069","144,541","33,627","74,329",0.3396,0.6885,1.3389
35,0.5300,0.5400,"8,359","1,735",0.1719,"469,428","136,182","35,362","72,594",0.3477,0.6724,1.2615
36,0.5400,0.5500,"8,272","1,822",0.1805,"477,700","127,910","37,184","70,772",0.3562,0.6556,1.1848
37,0.5500,0.5600,"8,155","1,813",0.1819,"485,855","119,755","38,997","68,959",0.3654,0.6388,1.1093
38,0.5600,0.5698,"7,793","1,867",0.1933,"493,648","111,962","40,864","67,092",0.3747,0.6215,1.0371
39,0.5700,0.5796,"7,378","1,868",0.2020,"501,026","104,584","42,732","65,224",0.3841,0.6042,0.9688
40,0.5800,0.5895,"7,044","1,910",0.2133,"508,070","97,540","44,642","63,314",0.3936,0.5865,0.9035
41,0.5900,0.5993,"6,771","1,952",0.2238,"514,841","90,769","46,594","61,362",0.4033,0.5684,0.8408
42,0.6000,0.6100,"6,470","1,894",0.2264,"521,311","84,299","48,488","59,468",0.4136,0.5509,0.7809
43,0.6100,0.6197,"6,229","2,028",0.2456,"527,540","78,070","50,516","57,440",0.4239,0.5321,0.7232
44,0.6200,0.6300,"5,897","1,898",0.2435,"533,437","72,173","52,414","55,542",0.4349,0.5145,0.6685
45,0.6300,0.6400,"5,635","2,029",0.2647,"539,072","66,538","54,443","53,513",0.4458,0.4957,0.6163
46,0.6400,0.6493,"5,171","1,995",0.2784,"544,243","61,367","56,438","51,518",0.4564,0.4772,0.5684
47,0.6500,0.6600,"5,045","1,931",0.2768,"549,288","56,322","58,369","49,587",0.4682,0.4593,0.5217
48,0.6600,0.6697,"4,728","2,039",0.3013,"554,016","51,594","60,408","47,548",0.4796,0.4404,0.4779
49,0.6700,0.6797,"4,410","2,031",0.3153,"558,426","47,184","62,439","45,517",0.4910,0.4216,0.4371
50,0.6800,0.6895,"4,062","1,946",0.3239,"562,488","43,122","64,385","43,571",0.5026,0.4036,0.3994
51,0.6900,0.7000,"3,833","1,883",0.3294,"566,321","39,289","66,268","41,688",0.5148,0.3862,0.3639
52,0.7000,0.7097,"3,525","1,895",0.3496,"569,846","35,764","68,163","39,793",0.5267,0.3686,0.3313
53,0.7100,0.7195,"3,320","1,814",0.3533,"573,166","32,444","69,977","37,979",0.5393,0.3518,0.3005
54,0.7200,0.7300,"2,982","1,831",0.3804,"576,148","29,462","71,808","36,148",0.5510,0.3348,0.2729
55,0.7300,0.7395,"2,885","1,914",0.3988,"579,033","26,577","73,722","34,234",0.5630,0.3171,0.2462
56,0.7400,0.7500,"2,577","1,806",0.4120,"581,610","24,000","75,528","32,428",0.5747,0.3004,0.2223
57,0.7500,0.7600,"2,368","1,807",0.4328,"583,978","21,632","77,335","30,621",0.5860,0.2836,0.2004
58,0.7600,0.7699,"2,278","1,745",0.4338,"586,256","19,354","79,080","28,876",0.5987,0.2675,0.1793
59,0.7700,0.7798,"2,032","1,799",0.4696,"588,288","17,322","80,879","27,077",0.6099,0.2508,0.1605
60,0.7800,0.7899,"1,880","1,710",0.4763,"590,168","15,442","82,589","25,367",0.6216,0.2350,0.1430
61,0.7900,0.7999,"1,706","1,685",0.4969,"591,874","13,736","84,274","23,682",0.6329,0.2194,0.1272
62,0.8000,0.8100,"1,564","1,670",0.5164,"593,438","12,172","85,944","22,012",0.6439,0.2039,0.1127
63,0.8100,0.8198,"1,490","1,629",0.5223,"594,928","10,682","87,573","20,383",0.6561,0.1888,0.0989
64,0.8200,0.8295,"1,325","1,578",0.5436,"596,253","9,357","89,151","18,805",0.6677,0.1742,0.0867
65,0.8300,0.8395,"1,232","1,650",0.5725,"597,485","8,125","90,801","17,155",0.6786,0.1589,0.0753
66,0.8400,0.8495,"1,099","1,636",0.5982,"598,584","7,026","92,437","15,519",0.6884,0.1438,0.0651
67,0.8500,0.8593,"1,030","1,547",0.6003,"599,614","5,996","93,984","13,972",0.6997,0.1294,0.0555
68,0.8600,0.8695,908,"1,499",0.6228,"600,522","5,088","95,483","12,473",0.7103,0.1155,0.0471
69,0.8700,0.8792,808,"1,502",0.6502,"601,330","4,280","96,985","10,971",0.7194,0.1016,0.0396
70,0.8800,0.8892,724,"1,425",0.6631,"602,054","3,556","98,410","9,546",0.7286,0.0884,0.0329
71,0.8900,0.8999,650,"1,415",0.6852,"602,704","2,906","99,825","8,131",0.7367,0.0753,0.0269
72,0.9000,0.9100,581,"1,347",0.6987,"603,285","2,325","101,172","6,784",0.7448,0.0628,0.0215
73,0.9100,0.9190,529,"1,206",0.6951,"603,814","1,796","102,378","5,578",0.7564,0.0517,0.0166
74,0.9200,0.9227,413,"1,123",0.7311,"604,227","1,383","103,501","4,455",0.7631,0.0413,0.0128
75,0.9233,0.9392,401,"1,075",0.7283,"604,628",982,"104,576","3,380",0.7749,0.0313,0.0091
76,0.9400,0.9593,553,"1,738",0.7586,"605,181",429,"106,314","1,642",0.7929,0.0152,0.0040
77,0.9600,1.0000,429,"1,642",0.7929,"605,610",0,"107,956",0,nan,0.0000,0.0000
