,min,max,Neg,Pos,$\frac{\text{Pos}}{\text{Neg}+\text{Pos}}$,TN,FP,FN,TP,Prec,Rec,FP/P
0,0.0000,0.0400,"10,721",549,0.0487,"10,721","594,889",549,"107,407",0.1529,0.9949,5.5105
1,0.0400,0.1098,"12,487",800,0.0602,"23,208","582,402","1,349","106,607",0.1547,0.9875,5.3948
2,0.1098,0.1724,"11,055",800,0.0675,"34,263","571,347","2,149","105,807",0.1563,0.9801,5.2924
3,0.1724,0.2249,"9,830",801,0.0753,"44,093","561,517","2,950","105,006",0.1575,0.9727,5.2014
4,0.2249,0.2718,"9,472",800,0.0779,"53,565","552,045","3,750","104,206",0.1588,0.9653,5.1136
5,0.2718,0.3152,"9,558",800,0.0772,"63,123","542,487","4,550","103,406",0.1601,0.9579,5.0251
6,0.3152,0.3541,"9,782",800,0.0756,"72,905","532,705","5,350","102,606",0.1615,0.9504,4.9345
7,0.3541,0.3874,"9,184",800,0.0801,"82,089","523,521","6,150","101,806",0.1628,0.9430,4.8494
8,0.3874,0.4141,"7,886",800,0.0921,"89,975","515,635","6,950","101,006",0.1638,0.9356,4.7763
9,0.4142,0.4418,"8,096",800,0.0899,"98,071","507,539","7,750","100,206",0.1649,0.9282,4.7014
10,0.4418,0.4660,"7,538",800,0.0959,"105,609","500,001","8,550","99,406",0.1658,0.9208,4.6315
11,0.4660,0.4876,"7,942",801,0.0916,"113,551","492,059","9,351","98,605",0.1669,0.9134,4.5580
12,0.4876,0.5078,"8,110",800,0.0898,"121,661","483,949","10,151","97,805",0.1681,0.9060,4.4828
13,0.5078,0.5259,"7,840",800,0.0926,"129,501","476,109","10,951","97,005",0.1693,0.8986,4.4102
14,0.5259,0.5427,"8,193",800,0.0890,"137,694","467,916","11,751","96,205",0.1705,0.8912,4.3343
15,0.5427,0.5593,"8,434",800,0.0866,"146,128","459,482","12,551","95,405",0.1719,0.8837,4.2562
16,0.5594,0.5736,"7,189",801,0.1003,"153,317","452,293","13,352","94,604",0.1730,0.8763,4.1896
17,0.5736,0.5871,"7,900",800,0.0920,"161,217","444,393","14,152","93,804",0.1743,0.8689,4.1164
18,0.5871,0.5997,"7,222",800,0.0997,"168,439","437,171","14,952","93,004",0.1754,0.8615,4.0495
19,0.5997,0.6127,"7,703",801,0.0942,"176,142","429,468","15,753","92,203",0.1767,0.8541,3.9782
20,0.6127,0.6243,"7,404",802,0.0977,"183,546","422,064","16,555","91,401",0.1780,0.8467,3.9096
21,0.6243,0.6357,"7,409",800,0.0975,"190,955","414,655","17,355","90,601",0.1793,0.8392,3.8410
22,0.6358,0.6457,"7,666",800,0.0945,"198,621","406,989","18,155","89,801",0.1808,0.8318,3.7700
23,0.6457,0.6551,"7,243",801,0.0996,"205,864","399,746","18,956","89,000",0.1821,0.8244,3.7029
24,0.6551,0.6647,"6,547",801,0.1090,"212,411","393,199","19,757","88,199",0.1832,0.8170,3.6422
25,0.6647,0.6741,"6,541",800,0.1090,"218,952","386,658","20,557","87,399",0.1844,0.8096,3.5816
26,0.6741,0.6824,"6,906",800,0.1038,"225,858","379,752","21,357","86,599",0.1857,0.8022,3.5177
27,0.6824,0.6895,"6,395",800,0.1112,"232,253","373,357","22,157","85,799",0.1869,0.7948,3.4584
28,0.6896,0.6972,"6,431",803,0.1110,"238,684","366,926","22,960","84,996",0.1881,0.7873,3.3988
29,0.6972,0.7041,"5,987",800,0.1179,"244,671","360,939","23,760","84,196",0.1891,0.7799,3.3434
30,0.7042,0.7111,"6,075",800,0.1164,"250,746","354,864","24,560","83,396",0.1903,0.7725,3.2871
31,0.7111,0.7180,"5,954",800,0.1184,"256,700","348,910","25,360","82,596",0.1914,0.7651,3.2320
32,0.7180,0.7242,"5,683",800,0.1234,"262,383","343,227","26,160","81,796",0.1925,0.7577,3.1793
33,0.7242,0.7305,"5,305",800,0.1310,"267,688","337,922","26,960","80,996",0.1933,0.7503,3.1302
34,0.7305,0.7359,"5,415",800,0.1287,"273,103","332,507","27,760","80,196",0.1943,0.7429,3.0800
35,0.7359,0.7414,"5,526",803,0.1269,"278,629","326,981","28,563","79,393",0.1954,0.7354,3.0288
36,0.7414,0.7473,"5,699",802,0.1234,"284,328","321,282","29,365","78,591",0.1965,0.7280,2.9760
37,0.7473,0.7523,"5,388",800,0.1293,"289,716","315,894","30,165","77,791",0.1976,0.7206,2.9261
38,0.7523,0.7569,"5,069",803,0.1368,"294,785","310,825","30,968","76,988",0.1985,0.7131,2.8792
39,0.7570,0.7621,"5,413",800,0.1288,"300,198","305,412","31,768","76,188",0.1997,0.7057,2.8290
40,0.7621,0.7666,"5,232",800,0.1326,"305,430","300,180","32,568","75,388",0.2007,0.6983,2.7806
41,0.7666,0.7707,"5,134",800,0.1348,"310,564","295,046","33,368","74,588",0.2018,0.6909,2.7330
42,0.7707,0.7749,"5,558",801,0.1260,"316,122","289,488","34,169","73,787",0.2031,0.6835,2.6815
43,0.7749,0.7789,"5,201",800,0.1333,"321,323","284,287","34,969","72,987",0.2043,0.6761,2.6334
44,0.7789,0.7822,"4,919",800,0.1399,"326,242","279,368","35,769","72,187",0.2053,0.6687,2.5878
45,0.7822,0.7858,"5,027",810,0.1388,"331,269","274,341","36,579","71,377",0.2065,0.6612,2.5412
46,0.7858,0.7895,"4,925",800,0.1397,"336,194","269,416","37,379","70,577",0.2076,0.6538,2.4956
47,0.7895,0.7931,"5,213",800,0.1330,"341,407","264,203","38,179","69,777",0.2089,0.6463,2.4473
48,0.7931,0.7967,"5,009",801,0.1379,"346,416","259,194","38,980","68,976",0.2102,0.6389,2.4009
49,0.7967,0.7997,"5,001",800,0.1379,"351,417","254,193","39,780","68,176",0.2115,0.6315,2.3546
50,0.7997,0.8023,"4,437",800,0.1528,"355,854","249,756","40,580","67,376",0.2125,0.6241,2.3135
51,0.8023,0.8055,"4,860",800,0.1413,"360,714","244,896","41,380","66,576",0.2137,0.6167,2.2685
52,0.8055,0.8084,"4,837",800,0.1419,"365,551","240,059","42,180","65,776",0.2151,0.6093,2.2237
53,0.8084,0.8115,"4,694",800,0.1456,"370,245","235,365","42,980","64,976",0.2163,0.6019,2.1802
54,0.8115,0.8148,"4,878",800,0.1409,"375,123","230,487","43,780","64,176",0.2178,0.5945,2.1350
55,0.8148,0.8175,"4,565",801,0.1493,"379,688","225,922","44,581","63,375",0.2191,0.5870,2.0927
56,0.8175,0.8202,"4,331",801,0.1561,"384,019","221,591","45,382","62,574",0.2202,0.5796,2.0526
57,0.8202,0.8227,"4,480",800,0.1515,"388,499","217,111","46,182","61,774",0.2215,0.5722,2.0111
58,0.8227,0.8252,"4,010",800,0.1663,"392,509","213,101","46,982","60,974",0.2225,0.5648,1.9740
59,0.8252,0.8278,"4,155",801,0.1616,"396,664","208,946","47,783","60,173",0.2236,0.5574,1.9355
60,0.8278,0.8304,"4,561",800,0.1492,"401,225","204,385","48,583","59,373",0.2251,0.5500,1.8932
61,0.8304,0.8326,"4,445",800,0.1525,"405,670","199,940","49,383","58,573",0.2266,0.5426,1.8521
62,0.8326,0.8352,"4,328",801,0.1562,"409,998","195,612","50,184","57,772",0.2280,0.5351,1.8120
63,0.8352,0.8374,"4,474",800,0.1517,"414,472","191,138","50,984","56,972",0.2296,0.5277,1.7705
64,0.8374,0.8398,"4,030",804,0.1663,"418,502","187,108","51,788","56,168",0.2309,0.5203,1.7332
65,0.8398,0.8420,"4,091",806,0.1646,"422,593","183,017","52,594","55,362",0.2322,0.5128,1.6953
66,0.8420,0.8442,"4,321",802,0.1565,"426,914","178,696","53,396","54,560",0.2339,0.5054,1.6553
67,0.8442,0.8465,"4,252",800,0.1584,"431,166","174,444","54,196","53,760",0.2356,0.4980,1.6159
68,0.8465,0.8488,"4,327",800,0.1560,"435,493","170,117","54,996","52,960",0.2374,0.4906,1.5758
69,0.8488,0.8511,"3,947",802,0.1689,"439,440","166,170","55,798","52,158",0.2389,0.4831,1.5392
70,0.8511,0.8530,"3,866",807,0.1727,"443,306","162,304","56,605","51,351",0.2403,0.4757,1.5034
71,0.8530,0.8552,"3,741",802,0.1765,"447,047","158,563","57,407","50,549",0.2417,0.4682,1.4688
72,0.8552,0.8575,"3,927",800,0.1692,"450,974","154,636","58,207","49,749",0.2434,0.4608,1.4324
73,0.8576,0.8595,"3,677",800,0.1787,"454,651","150,959","59,007","48,949",0.2449,0.4534,1.3983
74,0.8595,0.8615,"3,812",802,0.1738,"458,463","147,147","59,809","48,147",0.2465,0.4460,1.3630
75,0.8615,0.8636,"3,906",800,0.1700,"462,369","143,241","60,609","47,347",0.2484,0.4386,1.3268
76,0.8636,0.8657,"3,905",801,0.1702,"466,274","139,336","61,410","46,546",0.2504,0.4312,1.2907
77,0.8657,0.8676,"3,576",800,0.1828,"469,850","135,760","62,210","45,746",0.2520,0.4237,1.2575
78,0.8676,0.8697,"3,312",800,0.1946,"473,162","132,448","63,010","44,946",0.2534,0.4163,1.2269
79,0.8697,0.8716,"3,342",802,0.1935,"476,504","129,106","63,812","44,144",0.2548,0.4089,1.1959
80,0.8716,0.8737,"3,395",801,0.1909,"479,899","125,711","64,613","43,343",0.2564,0.4015,1.1645
81,0.8737,0.8757,"3,627",800,0.1807,"483,526","122,084","65,413","42,543",0.2584,0.3941,1.1309
82,0.8757,0.8777,"3,500",800,0.1860,"487,026","118,584","66,213","41,743",0.2604,0.3867,1.0984
83,0.8777,0.8795,"3,525",801,0.1852,"490,551","115,059","67,014","40,942",0.2624,0.3792,1.0658
84,0.8795,0.8815,"3,379",807,0.1928,"493,930","111,680","67,821","40,135",0.2644,0.3718,1.0345
85,0.8815,0.8834,"3,229",800,0.1986,"497,159","108,451","68,621","39,335",0.2662,0.3644,1.0046
86,0.8834,0.8851,"3,057",802,0.2078,"500,216","105,394","69,423","38,533",0.2677,0.3569,0.9763
87,0.8851,0.8869,"3,165",800,0.2018,"503,381","102,229","70,223","37,733",0.2696,0.3495,0.9470
88,0.8869,0.8887,"3,130",800,0.2036,"506,511","99,099","71,023","36,933",0.2715,0.3421,0.9180
89,0.8887,0.8906,"3,079",800,0.2062,"509,590","96,020","71,823","36,133",0.2734,0.3347,0.8894
90,0.8906,0.8923,"2,799",800,0.2223,"512,389","93,221","72,623","35,333",0.2748,0.3273,0.8635
91,0.8923,0.8939,"3,018",802,0.2099,"515,407","90,203","73,425","34,531",0.2768,0.3199,0.8356
92,0.8939,0.8956,"2,868",800,0.2181,"518,275","87,335","74,225","33,731",0.2786,0.3125,0.8090
93,0.8956,0.8977,"3,049",805,0.2089,"521,324","84,286","75,030","32,926",0.2809,0.3050,0.7807
94,0.8977,0.8993,"2,925",802,0.2152,"524,249","81,361","75,832","32,124",0.2831,0.2976,0.7536
95,0.8993,0.9009,"2,677",802,0.2305,"526,926","78,684","76,634","31,322",0.2847,0.2901,0.7289
96,0.9009,0.9025,"2,690",800,0.2292,"529,616","75,994","77,434","30,522",0.2865,0.2827,0.7039
97,0.9025,0.9040,"2,683",800,0.2297,"532,299","73,311","78,234","29,722",0.2885,0.2753,0.6791
98,0.9040,0.9055,"2,758",806,0.2262,"535,057","70,553","79,040","28,916",0.2907,0.2678,0.6535
99,0.9055,0.9071,"2,741",801,0.2261,"537,798","67,812","79,841","28,115",0.2931,0.2604,0.6281
100,0.9071,0.9088,"2,494",800,0.2429,"540,292","65,318","80,641","27,315",0.2949,0.2530,0.6050
101,0.9088,0.9105,"2,541",802,0.2399,"542,833","62,777","81,443","26,513",0.2969,0.2456,0.5815
102,0.9105,0.9119,"2,538",802,0.2401,"545,371","60,239","82,245","25,711",0.2991,0.2382,0.5580
103,0.9119,0.9135,"2,468",801,0.2450,"547,839","57,771","83,046","24,910",0.3013,0.2307,0.5351
104,0.9135,0.9150,"2,254",800,0.2620,"550,093","55,517","83,846","24,110",0.3028,0.2233,0.5143
105,0.9150,0.9166,"2,480",800,0.2439,"552,573","53,037","84,646","23,310",0.3053,0.2159,0.4913
106,0.9167,0.9183,"2,374",803,0.2528,"554,947","50,663","85,449","22,507",0.3076,0.2085,0.4693
107,0.9183,0.9199,"2,392",800,0.2506,"557,339","48,271","86,249","21,707",0.3102,0.2011,0.4471
108,0.9199,0.9213,"2,355",808,0.2555,"559,694","45,916","87,057","20,899",0.3128,0.1936,0.4253
109,0.9213,0.9229,"2,237",810,0.2658,"561,931","43,679","87,867","20,089",0.3150,0.1861,0.4046
110,0.9229,0.9245,"1,977",803,0.2888,"563,908","41,702","88,670","19,286",0.3162,0.1786,0.3863
111,0.9245,0.9260,"2,140",800,0.2721,"566,048","39,562","89,470","18,486",0.3185,0.1712,0.3665
112,0.9260,0.9278,"2,236",800,0.2635,"568,284","37,326","90,270","17,686",0.3215,0.1638,0.3458
113,0.9278,0.9295,"2,154",802,0.2713,"570,438","35,172","91,072","16,884",0.3243,0.1564,0.3258
114,0.9295,0.9312,"2,327",805,0.2570,"572,765","32,845","91,877","16,079",0.3287,0.1489,0.3042
115,0.9312,0.9329,"2,214",802,0.2659,"574,979","30,631","92,679","15,277",0.3328,0.1415,0.2837
116,0.9329,0.9346,"2,036",801,0.2823,"577,015","28,595","93,480","14,476",0.3361,0.1341,0.2649
117,0.9346,0.9364,"2,170",800,0.2694,"579,185","26,425","94,280","13,676",0.3410,0.1267,0.2448
118,0.9364,0.9383,"1,923",804,0.2948,"581,108","24,502","95,084","12,872",0.3444,0.1192,0.2270
119,0.9383,0.9402,"1,852",806,0.3032,"582,960","22,650","95,890","12,066",0.3476,0.1118,0.2098
120,0.9403,0.9423,"1,978",811,0.2908,"584,938","20,672","96,701","11,255",0.3525,0.1043,0.1915
121,0.9423,0.9441,"1,825",803,0.3056,"586,763","18,847","97,504","10,452",0.3567,0.0968,0.1746
122,0.9441,0.9461,"1,914",800,0.2948,"588,677","16,933","98,304","9,652",0.3631,0.0894,0.1569
123,0.9461,0.9484,"1,777",800,0.3104,"590,454","15,156","99,104","8,852",0.3687,0.0820,0.1404
124,0.9484,0.9507,"1,952",802,0.2912,"592,406","13,204","99,906","8,050",0.3788,0.0746,0.1223
125,0.9507,0.9532,"1,639",801,0.3283,"594,045","11,565","100,707","7,249",0.3853,0.0671,0.1071
126,0.9532,0.9556,"1,594",802,0.3347,"595,639","9,971","101,509","6,447",0.3927,0.0597,0.0924
127,0.9556,0.9585,"1,508",803,0.3475,"597,147","8,463","102,312","5,644",0.4001,0.0523,0.0784
128,0.9585,0.9615,"1,485",801,0.3504,"598,632","6,978","103,113","4,843",0.4097,0.0449,0.0646
129,0.9615,0.9651,"1,411",800,0.3618,"600,043","5,567","103,913","4,043",0.4207,0.0375,0.0516
130,0.9651,0.9693,"1,391",802,0.3657,"601,434","4,176","104,715","3,241",0.4370,0.0300,0.0387
131,0.9693,0.9742,"1,290",800,0.3828,"602,724","2,886","105,515","2,441",0.4582,0.0226,0.0267
132,0.9743,0.9800,"1,122",800,0.4162,"603,846","1,764","106,315","1,641",0.4819,0.0152,0.0163
133,0.9800,0.9872,964,802,0.4541,"604,810",800,"107,117",839,0.5119,0.0078,0.0074
134,0.9872,1.0000,800,839,0.5119,"605,610",0,"107,956",0,nan,0.0000,0.0000
