,min,max,Neg,Pos,$\frac{\text{Pos}}{\text{Neg}+\text{Pos}}$,TN,FP,FN,TP,Prec,Rec,FP/P
0,0.0000,0.0797,"16,347",136,0.0083,"16,347","589,263",136,"107,820",0.1547,0.9987,5.4584
1,0.0800,0.1097,"16,544",216,0.0129,"32,891","572,719",352,"107,604",0.1582,0.9967,5.3051
2,0.1100,0.1297,"14,475",219,0.0149,"47,366","558,244",571,"107,385",0.1613,0.9947,5.1710
3,0.1300,0.1471,"16,337",288,0.0173,"63,703","541,907",859,"107,097",0.1650,0.9920,5.0197
4,0.1474,0.1597,"9,358",202,0.0211,"73,061","532,549","1,061","106,895",0.1672,0.9902,4.9330
5,0.1600,0.1697,"9,362",222,0.0232,"82,423","523,187","1,283","106,673",0.1694,0.9881,4.8463
6,0.1700,0.1798,"9,763",239,0.0239,"92,186","513,424","1,522","106,434",0.1717,0.9859,4.7559
7,0.1800,0.1898,"10,028",280,0.0272,"102,214","503,396","1,802","106,154",0.1742,0.9833,4.6630
8,0.1900,0.1997,"10,361",298,0.0280,"112,575","493,035","2,100","105,856",0.1768,0.9805,4.5670
9,0.2000,0.2097,"10,890",330,0.0294,"123,465","482,145","2,430","105,526",0.1796,0.9775,4.4661
10,0.2100,0.2198,"10,895",361,0.0321,"134,360","471,250","2,791","105,165",0.1824,0.9741,4.3652
11,0.2200,0.2297,"11,393",392,0.0333,"145,753","459,857","3,183","104,773",0.1856,0.9705,4.2597
12,0.2300,0.2397,"11,269",472,0.0402,"157,022","448,588","3,655","104,301",0.1886,0.9661,4.1553
13,0.2400,0.2498,"11,619",482,0.0398,"168,641","436,969","4,137","103,819",0.1920,0.9617,4.0477
14,0.2500,0.2597,"11,727",543,0.0443,"180,368","425,242","4,680","103,276",0.1954,0.9566,3.9390
15,0.2600,0.2697,"11,988",587,0.0467,"192,356","413,254","5,267","102,689",0.1990,0.9512,3.8280
16,0.2700,0.2797,"11,910",590,0.0472,"204,266","401,344","5,857","102,099",0.2028,0.9457,3.7177
17,0.2800,0.2898,"11,968",685,0.0541,"216,234","389,376","6,542","101,414",0.2066,0.9394,3.6068
18,0.2900,0.2998,"12,059",701,0.0549,"228,293","377,317","7,243","100,713",0.2107,0.9329,3.4951
19,0.3000,0.3098,"12,116",763,0.0592,"240,409","365,201","8,006","99,950",0.2149,0.9258,3.3829
20,0.3100,0.3198,"12,324",825,0.0627,"252,733","352,877","8,831","99,125",0.2193,0.9182,3.2687
21,0.3200,0.3297,"12,076",856,0.0662,"264,809","340,801","9,687","98,269",0.2238,0.9103,3.1569
22,0.3300,0.3398,"12,192",908,0.0693,"277,001","328,609","10,595","97,361",0.2286,0.9019,3.0439
23,0.3400,0.3498,"12,025",946,0.0729,"289,026","316,584","11,541","96,415",0.2335,0.8931,2.9325
24,0.3500,0.3598,"11,916","1,019",0.0788,"300,942","304,668","12,560","95,396",0.2385,0.8837,2.8221
25,0.3600,0.3698,"11,957","1,106",0.0847,"312,899","292,711","13,666","94,290",0.2436,0.8734,2.7114
26,0.3700,0.3797,"11,689","1,093",0.0855,"324,588","281,022","14,759","93,197",0.2490,0.8633,2.6031
27,0.3800,0.3897,"11,559","1,062",0.0841,"336,147","269,463","15,821","92,135",0.2548,0.8534,2.4960
28,0.3900,0.3997,"11,380","1,201",0.0955,"347,527","258,083","17,022","90,934",0.2605,0.8423,2.3906
29,0.4000,0.4097,"11,189","1,249",0.1004,"358,716","246,894","18,271","89,685",0.2665,0.8308,2.2870
30,0.4100,0.4199,"10,847","1,408",0.1149,"369,563","236,047","19,679","88,277",0.2722,0.8177,2.1865
31,0.4200,0.4297,"10,583","1,310",0.1101,"380,146","225,464","20,989","86,967",0.2784,0.8056,2.0885
32,0.4300,0.4398,"10,542","1,368",0.1149,"390,688","214,922","22,357","85,599",0.2848,0.7929,1.9908
33,0.4400,0.4498,"10,446","1,461",0.1227,"401,134","204,476","23,818","84,138",0.2915,0.7794,1.8941
34,0.4500,0.4598,"9,981","1,533",0.1331,"411,115","194,495","25,351","82,605",0.2981,0.7652,1.8016
35,0.4600,0.4698,"9,734","1,503",0.1338,"420,849","184,761","26,854","81,102",0.3051,0.7513,1.7114
36,0.4700,0.4798,"9,451","1,507",0.1375,"430,300","175,310","28,361","79,595",0.3123,0.7373,1.6239
37,0.4800,0.4897,"9,332","1,646",0.1499,"439,632","165,978","30,007","77,949",0.3196,0.7220,1.5375
38,0.4900,0.4998,"8,922","1,631",0.1546,"448,554","157,056","31,638","76,318",0.3270,0.7069,1.4548
39,0.5000,0.5097,"8,753","1,675",0.1606,"457,307","148,303","33,313","74,643",0.3348,0.6914,1.3737
40,0.5100,0.5197,"8,507","1,687",0.1655,"465,814","139,796","35,000","72,956",0.3429,0.6758,1.2949
41,0.5200,0.5297,"8,076","1,848",0.1862,"473,890","131,720","36,848","71,108",0.3506,0.6587,1.2201
42,0.5300,0.5397,"7,923","1,775",0.1830,"481,813","123,797","38,623","69,333",0.3590,0.6422,1.1467
43,0.5400,0.5498,"7,517","1,834",0.1961,"489,330","116,280","40,457","67,499",0.3673,0.6252,1.0771
44,0.5500,0.5597,"7,265","1,786",0.1973,"496,595","109,015","42,243","65,713",0.3761,0.6087,1.0098
45,0.5600,0.5697,"7,044","1,800",0.2035,"503,639","101,971","44,043","63,913",0.3853,0.5920,0.9446
46,0.5700,0.5798,"6,719","1,880",0.2186,"510,358","95,252","45,923","62,033",0.3944,0.5746,0.8823
47,0.5800,0.5897,"6,543","1,847",0.2201,"516,901","88,709","47,770","60,186",0.4042,0.5575,0.8217
48,0.5900,0.5997,"6,197","1,900",0.2347,"523,098","82,512","49,670","58,286",0.4140,0.5399,0.7643
49,0.6000,0.6097,"5,883","1,896",0.2437,"528,981","76,629","51,566","56,390",0.4239,0.5223,0.7098
50,0.6100,0.6198,"5,592","1,851",0.2487,"534,573","71,037","53,417","54,539",0.4343,0.5052,0.6580
51,0.6200,0.6297,"5,230","1,862",0.2625,"539,803","65,807","55,279","52,677",0.4446,0.4879,0.6096
52,0.6300,0.6397,"4,939","1,848",0.2723,"544,742","60,868","57,127","50,829",0.4551,0.4708,0.5638
53,0.6400,0.6499,"4,774","1,931",0.2880,"549,516","56,094","59,058","48,898",0.4657,0.4529,0.5196
54,0.6500,0.6597,"4,457","1,922",0.3013,"553,973","51,637","60,980","46,976",0.4764,0.4351,0.4783
55,0.6600,0.6697,"4,105","1,874",0.3134,"558,078","47,532","62,854","45,102",0.4869,0.4178,0.4403
56,0.6700,0.6797,"3,940","1,848",0.3193,"562,018","43,592","64,702","43,254",0.4981,0.4007,0.4038
57,0.6800,0.6898,"3,639","1,748",0.3245,"565,657","39,953","66,450","41,506",0.5095,0.3845,0.3701
58,0.6900,0.6998,"3,276","1,790",0.3533,"568,933","36,677","68,240","39,716",0.5199,0.3679,0.3397
59,0.7000,0.7097,"3,145","1,817",0.3662,"572,078","33,532","70,057","37,899",0.5306,0.3511,0.3106
60,0.7100,0.7199,"3,025","1,756",0.3673,"575,103","30,507","71,813","36,143",0.5423,0.3348,0.2826
61,0.7200,0.7298,"2,811","1,746",0.3831,"577,914","27,696","73,559","34,397",0.5540,0.3186,0.2565
62,0.7300,0.7400,"2,615","1,750",0.4009,"580,529","25,081","75,309","32,647",0.5655,0.3024,0.2323
63,0.7400,0.7498,"2,448","1,639",0.4010,"582,977","22,633","76,948","31,008",0.5781,0.2872,0.2097
64,0.7500,0.7597,"2,192","1,628",0.4262,"585,169","20,441","78,576","29,380",0.5897,0.2721,0.1893
65,0.7600,0.7699,"2,034","1,660",0.4494,"587,203","18,407","80,236","27,720",0.6009,0.2568,0.1705
66,0.7700,0.7798,"1,875","1,692",0.4743,"589,078","16,532","81,928","26,028",0.6116,0.2411,0.1531
67,0.7800,0.7900,"1,699","1,654",0.4933,"590,777","14,833","83,582","24,374",0.6217,0.2258,0.1374
68,0.7900,0.7998,"1,679","1,686",0.5010,"592,456","13,154","85,268","22,688",0.6330,0.2102,0.1218
69,0.8000,0.8099,"1,539","1,603",0.5102,"593,995","11,615","86,871","21,085",0.6448,0.1953,0.1076
70,0.8100,0.8199,"1,398","1,601",0.5338,"595,393","10,217","88,472","19,484",0.6560,0.1805,0.0946
71,0.8200,0.8297,"1,237","1,512",0.5500,"596,630","8,980","89,984","17,972",0.6668,0.1665,0.0832
72,0.8300,0.8399,"1,150","1,565",0.5764,"597,780","7,830","91,549","16,407",0.6769,0.1520,0.0725
73,0.8400,0.8499,"1,011","1,470",0.5925,"598,791","6,819","93,019","14,937",0.6866,0.1384,0.0632
74,0.8500,0.8597,966,"1,508",0.6095,"599,757","5,853","94,527","13,429",0.6965,0.1244,0.0542
75,0.8600,0.8699,899,"1,422",0.6127,"600,656","4,954","95,949","12,007",0.7079,0.1112,0.0459
76,0.8700,0.8798,746,"1,464",0.6624,"601,402","4,208","97,413","10,543",0.7147,0.0977,0.0390
77,0.8800,0.8900,670,"1,335",0.6658,"602,072","3,538","98,748","9,208",0.7224,0.0853,0.0328
78,0.8900,0.8998,626,"1,340",0.6816,"602,698","2,912","100,088","7,868",0.7299,0.0729,0.0270
79,0.9000,0.9097,593,"1,250",0.6782,"603,291","2,319","101,338","6,618",0.7405,0.0613,0.0215
80,0.9100,0.9194,531,"1,182",0.6900,"603,822","1,788","102,520","5,436",0.7525,0.0504,0.0166
81,0.9200,0.9296,441,"1,116",0.7168,"604,263","1,347","103,636","4,320",0.7623,0.0400,0.0125
82,0.9300,0.9394,348,989,0.7397,"604,611",999,"104,625","3,331",0.7693,0.0309,0.0093
83,0.9400,0.9500,319,907,0.7398,"604,930",680,"105,532","2,424",0.7809,0.0225,0.0063
84,0.9500,0.9598,240,747,0.7568,"605,170",440,"106,279","1,677",0.7922,0.0155,0.0041
85,0.9600,0.9697,216,624,0.7429,"605,386",224,"106,903","1,053",0.8246,0.0098,0.0021
86,0.9700,1.0000,224,"1,053",0.8246,"605,610",0,"107,956",0,nan,0.0000,0.0000
