,min,max,Neg,Pos,$\frac{\text{Pos}}{\text{Neg}+\text{Pos}}$,TN,FP,FN,TP,Prec,Rec,FP/P
0,0.000,0.206,"86,875","5,536",0.0599,"86,875","518,735","5,536","102,420",0.1649,0.9487,4.8051
1,0.206,0.305,"76,520","6,400",0.0772,"163,395","442,215","11,936","96,020",0.1784,0.8894,4.0963
2,0.305,0.373,"57,146","6,400",0.1007,"220,541","385,069","18,336","89,620",0.1888,0.8302,3.5669
3,0.373,0.418,"48,570","6,401",0.1164,"269,111","336,499","24,737","83,219",0.1983,0.7709,3.1170
4,0.418,0.458,"44,768","6,401",0.1251,"313,879","291,731","31,138","76,818",0.2084,0.7116,2.7023
5,0.458,0.494,"41,082","6,401",0.1348,"354,961","250,649","37,539","70,417",0.2193,0.6523,2.3218
6,0.494,0.527,"36,804","6,407",0.1483,"391,765","213,845","43,946","64,010",0.2304,0.5929,1.9809
7,0.527,0.561,"33,530","6,400",0.1603,"425,295","180,315","50,346","57,610",0.2421,0.5336,1.6703
8,0.561,0.591,"29,015","6,400",0.1807,"454,310","151,300","56,746","51,210",0.2529,0.4744,1.4015
9,0.591,0.623,"27,589","6,400",0.1883,"481,899","123,711","63,146","44,810",0.2659,0.4151,1.1459
10,0.623,0.652,"24,339","6,403",0.2083,"506,238","99,372","69,549","38,407",0.2788,0.3558,0.9205
11,0.652,0.682,"21,842","6,401",0.2266,"528,080","77,530","75,950","32,006",0.2922,0.2965,0.7182
12,0.682,0.714,"19,999","6,400",0.2424,"548,079","57,531","82,350","25,606",0.3080,0.2372,0.5329
13,0.714,0.750,"18,375","6,401",0.2584,"566,454","39,156","88,751","19,205",0.3291,0.1779,0.3627
14,0.750,0.794,"16,008","6,402",0.2857,"582,462","23,148","95,153","12,803",0.3561,0.1186,0.2144
15,0.794,0.857,"13,687","6,402",0.3187,"596,149","9,461","101,555","6,401",0.4035,0.0593,0.0876
16,0.857,1.000,"9,461","6,401",0.4035,"605,610",0,"107,956",0,nan,0.0000,0.0000
