,min,max,Neg,Pos,$\frac{\text{Pos}}{\text{Neg}+\text{Pos}}$,TN,FP,FN,TP,Prec,Rec,FP/P
0,0.4546355121067165,0.4633577572020907,"9,004",343,0.0367,"9,004","596,606",343,"107,613",0.1528,0.9968,5.5264
1,0.4634906636313233,0.4693517449505118,"35,887","1,635",0.0436,"44,891","560,719","1,978","105,978",0.1590,0.9817,5.1940
2,0.4693612110954722,0.4716554343699473,"32,467","1,719",0.0503,"77,358","528,252","3,697","104,259",0.1648,0.9658,4.8932
3,0.4716848098907177,0.4770577491635993,"23,536","1,618",0.0643,"100,894","504,716","5,315","102,641",0.1690,0.9508,4.6752
4,0.4770616339653548,0.4792007405143946,"20,975","1,681",0.0742,"121,869","483,741","6,996","100,960",0.1727,0.9352,4.4809
5,0.4792388021461471,0.4805103119371722,"20,994","1,603",0.0709,"142,863","462,747","8,599","99,357",0.1768,0.9203,4.2864
6,0.4805392566569367,0.4851628617545668,"17,913","1,601",0.0820,"160,776","444,834","10,200","97,756",0.1802,0.9055,4.1205
7,0.4851677370692663,0.4863065298894046,"20,608","1,913",0.0849,"181,384","424,226","12,113","95,843",0.1843,0.8878,3.9296
8,0.4863413301797078,0.4874779426792366,"15,051","1,605",0.0964,"196,435","409,175","13,718","94,238",0.1872,0.8729,3.7902
9,0.4874814049089327,0.4890967245553209,"15,360","1,755",0.1025,"211,795","393,815","15,473","92,483",0.1902,0.8567,3.6479
10,0.4891099167544704,0.4892256799405307,"16,296","1,836",0.1013,"228,091","377,519","17,309","90,647",0.1936,0.8397,3.4970
11,0.4892356982729539,0.4897150193560887,"21,961","2,504",0.1024,"250,052","355,558","19,813","88,143",0.1987,0.8165,3.2935
12,0.489724776444174,0.4916184936847507,"11,981","1,610",0.1185,"262,033","343,577","21,423","86,533",0.2012,0.8016,3.1826
13,0.4916258034954898,0.4930514298701679,"13,112","1,659",0.1123,"275,145","330,465","23,082","84,874",0.2043,0.7862,3.0611
14,0.4930757454591988,0.4934799406606697,"11,042","1,600",0.1266,"286,187","319,423","24,682","83,274",0.2068,0.7714,2.9588
15,0.4934811095361072,0.494972666943905,"11,412","1,712",0.1304,"297,599","308,011","26,394","81,562",0.2094,0.7555,2.8531
16,0.4949809909882211,0.4950411095545833,"14,030","1,924",0.1206,"311,629","293,981","28,318","79,638",0.2132,0.7377,2.7232
17,0.4950540688696022,0.4952771681405635,"12,765","1,851",0.1266,"324,394","281,216","30,169","77,787",0.2167,0.7205,2.6049
18,0.4953077504683752,0.4959362692592335,"15,393","2,160",0.1231,"339,787","265,823","32,329","75,627",0.2215,0.7005,2.4623
19,0.4959654033222674,0.4965897824456839,"11,433","1,600",0.1228,"351,220","254,390","33,929","74,027",0.2254,0.6857,2.3564
20,0.4966005045640352,0.4970661174128198,"9,889","1,610",0.1400,"361,109","244,501","35,539","72,417",0.2285,0.6708,2.2648
21,0.4970960763071462,0.4972958312360603,"12,846","1,962",0.1325,"373,955","231,655","37,501","70,455",0.2332,0.6526,2.1458
22,0.497321013644172,0.4979576111253522,"10,626","1,787",0.1440,"384,581","221,029","39,288","68,668",0.2370,0.6361,2.0474
23,0.497976752866273,0.4990220351139379,"7,811","1,652",0.1746,"392,392","213,218","40,940","67,016",0.2391,0.6208,1.9750
24,0.4990530350532162,0.5014123719338539,"8,661","1,655",0.1604,"401,053","204,557","42,595","65,361",0.2422,0.6054,1.8948
25,0.5014190992369537,0.502102968053897,"10,056","1,863",0.1563,"411,109","194,501","44,458","63,498",0.2461,0.5882,1.8017
26,0.5021207512768757,0.5026344588192886,"9,435","1,659",0.1495,"420,544","185,066","46,117","61,839",0.2505,0.5728,1.7143
27,0.5026904198374407,0.502949066552203,"7,757","1,604",0.1713,"428,301","177,309","47,721","60,235",0.2536,0.5580,1.6424
28,0.5029587622400605,0.5030706247532951,"11,391","2,281",0.1668,"439,692","165,918","50,002","57,954",0.2589,0.5368,1.5369
29,0.5030752115991572,0.503137729222927,"7,512","1,691",0.1837,"447,204","158,406","51,693","56,263",0.2621,0.5212,1.4673
30,0.5031398142620012,0.5033916733229945,"11,595","2,260",0.1631,"458,799","146,811","53,953","54,003",0.2689,0.5002,1.3599
31,0.5034069043497347,0.5038778139077248,"9,739","2,018",0.1716,"468,538","137,072","55,971","51,985",0.2750,0.4815,1.2697
32,0.5038922619859653,0.504676727889988,"9,178","2,020",0.1804,"477,716","127,894","57,991","49,965",0.2809,0.4628,1.1847
33,0.5046860724233565,0.5063075897947693,"6,536","1,664",0.2029,"484,252","121,358","59,655","48,301",0.2847,0.4474,1.1241
34,0.506315770674304,0.508134873784148,"5,966","1,636",0.2152,"490,218","115,392","61,291","46,665",0.2880,0.4323,1.0689
35,0.5081987684995838,0.5091403350498682,"6,500","1,648",0.2023,"496,718","108,892","62,939","45,017",0.2925,0.4170,1.0087
36,0.5091464237807843,0.5094162503229657,"7,996","1,996",0.1998,"504,714","100,896","64,935","43,021",0.2989,0.3985,0.9346
37,0.5094190367939622,0.5099308534241167,"7,346","1,793",0.1962,"512,060","93,550","66,728","41,228",0.3059,0.3819,0.8666
38,0.5099321686986308,0.5107281451285027,"6,033","1,619",0.2116,"518,093","87,517","68,347","39,609",0.3116,0.3669,0.8107
39,0.5107325292661838,0.5111131132756918,"6,110","1,785",0.2261,"524,203","81,407","70,132","37,824",0.3172,0.3504,0.7541
40,0.5111334619506727,0.5116573552913037,"5,752","1,752",0.2335,"529,955","75,655","71,884","36,072",0.3229,0.3341,0.7008
41,0.5116578651056474,0.5125218914128447,"6,460","1,913",0.2285,"536,415","69,195","73,797","34,159",0.3305,0.3164,0.6410
42,0.5125267943257219,0.5146906086912051,"4,984","1,669",0.2509,"541,399","64,211","75,466","32,490",0.3360,0.3010,0.5948
43,0.5147525634224347,0.5162483238053456,"5,082","1,624",0.2422,"546,481","59,129","77,090","30,866",0.3430,0.2859,0.5477
44,0.5162796904096149,0.5169150336016081,"4,997","1,618",0.2446,"551,478","54,132","78,708","29,248",0.3508,0.2709,0.5014
45,0.5169251675941331,0.5173716806407178,"4,595","1,711",0.2713,"556,073","49,537","80,419","27,537",0.3573,0.2551,0.4589
46,0.5174022693228054,0.5181844982609893,"5,321","1,975",0.2707,"561,394","44,216","82,394","25,562",0.3663,0.2368,0.4096
47,0.5182196382274739,0.5199224239139747,"4,432","1,652",0.2715,"565,826","39,784","84,046","23,910",0.3754,0.2215,0.3685
48,0.5199735845149337,0.5205151191009297,"3,903","1,630",0.2946,"569,729","35,881","85,676","22,280",0.3831,0.2064,0.3324
49,0.5205603838433319,0.5220032770567011,"4,335","1,957",0.3110,"574,064","31,546","87,633","20,323",0.3918,0.1883,0.2922
50,0.5220527487420363,0.5234290189692319,"3,296","1,607",0.3278,"577,360","28,250","89,240","18,716",0.3985,0.1734,0.2617
51,0.5234412361064377,0.526885494627276,"4,021","1,780",0.3068,"581,381","24,229","91,020","16,936",0.4114,0.1569,0.2244
52,0.5268882105013994,0.5282500674306493,"2,749","1,619",0.3707,"584,130","21,480","92,639","15,317",0.4163,0.1419,0.1990
53,0.5282636530056617,0.5295523519991875,"2,699","1,615",0.3744,"586,829","18,781","94,254","13,702",0.4218,0.1269,0.1740
54,0.529561514342931,0.5333300368845681,"2,948","1,773",0.3756,"589,777","15,833","96,027","11,929",0.4297,0.1105,0.1467
55,0.5333609465315994,0.5345346185639508,"2,472","1,651",0.4004,"592,249","13,361","97,678","10,278",0.4348,0.0952,0.1238
56,0.5345666659318264,0.5359564557821095,"3,120","1,939",0.3833,"595,369","10,241","99,617","8,339",0.4488,0.0772,0.0949
57,0.5359730249963907,0.5403535927023834,"2,365","1,606",0.4044,"597,734","7,876","101,223","6,733",0.4609,0.0624,0.0730
58,0.5404062087095856,0.5423138867249179,"1,985","1,625",0.4501,"599,719","5,891","102,848","5,108",0.4644,0.0473,0.0546
59,0.5423234354223998,0.5436093623598667,"2,099","1,798",0.4614,"601,818","3,792","104,646","3,310",0.4661,0.0307,0.0351
60,0.5436160309268022,0.548341467799681,"2,175","1,696",0.4381,"603,993","1,617","106,342","1,614",0.4995,0.0150,0.0150
61,0.5483415985075909,0.5684268584172714,"1,617","1,614",0.4995,"605,610",0,"107,956",0,nan,0.0000,0.0000
