,min,max,Neg,Pos,$\frac{\text{Pos}}{\text{Neg}+\text{Pos}}$,TN,FP,FN,TP,Prec,Rec,FP/P
0,0.4369257271712538,0.4543016657790309,"24,891",483,0.0190,"24,891","580,719",483,"107,473",0.15617,0.99553,5.37922
1,0.4543551674539242,0.4608793022524528,"30,304","1,001",0.0320,"55,195","550,415","1,484","106,472",0.16209,0.98625,5.09851
2,0.4609045963779056,0.467116932599693,"25,921","1,001",0.0372,"81,116","524,494","2,485","105,471",0.16742,0.97698,4.85841
3,0.4671313547524289,0.4688729030730199,"20,330","1,024",0.0480,"101,446","504,164","3,509","104,447",0.17162,0.96750,4.67009
4,0.468954126453789,0.4715025413835401,"19,632","1,128",0.0543,"121,078","484,532","4,637","103,319",0.17576,0.95705,4.48824
5,0.4715094038708364,0.4752024565591957,"17,776","1,022",0.0544,"138,854","466,756","5,659","102,297",0.17977,0.94758,4.32358
6,0.4752304513697448,0.4762136831401674,"15,343","1,043",0.0637,"154,197","451,413","6,702","101,254",0.18321,0.93792,4.18145
7,0.4762527858574156,0.476927980272094,"14,512","1,045",0.0672,"168,709","436,901","7,747","100,209",0.18657,0.92824,4.04703
8,0.476952399380311,0.4782728611775832,"14,696","1,003",0.0639,"183,405","422,205","8,750","99,206",0.19026,0.91895,3.91090
9,0.4782910193551926,0.4799008795933336,"13,339","1,011",0.0705,"196,744","408,866","9,761","98,195",0.19366,0.90958,3.78734
10,0.479914151510626,0.4821693204727814,"11,788","1,022",0.0798,"208,532","397,078","10,783","97,173",0.19661,0.90012,3.67815
11,0.4822205755926999,0.4843216635393936,"10,557","1,018",0.0879,"219,089","386,521","11,801","96,155",0.19921,0.89069,3.58036
12,0.4843335425656486,0.4846065159754293,"9,443","1,038",0.0990,"228,532","377,078","12,839","95,117",0.20144,0.88107,3.49289
13,0.4846080268096067,0.4847231871236162,"9,954","1,055",0.0958,"238,486","367,124","13,894","94,062",0.20396,0.87130,3.40068
14,0.4847757748436197,0.4851425364809908,"13,677","1,291",0.0863,"252,163","353,447","15,185","92,771",0.20791,0.85934,3.27399
15,0.4851486505330603,0.485471709038173,"10,869","1,149",0.0956,"263,032","342,578","16,334","91,622",0.21101,0.84870,3.17331
16,0.4854734067103997,0.4858183808639241,"9,550","1,012",0.0958,"272,582","333,028","17,346","90,610",0.21389,0.83932,3.08485
17,0.4858241720266738,0.4865268626416751,"12,366","1,256",0.0922,"284,948","320,662","18,602","89,354",0.21793,0.82769,2.97030
18,0.486547712882562,0.4874728756527277,"13,255","1,345",0.0921,"298,203","307,407","19,947","88,009",0.22257,0.81523,2.84752
19,0.4874842156769607,0.4884316715469914,"8,353","1,001",0.1070,"306,556","299,054","20,948","87,008",0.22537,0.80596,2.77015
20,0.4884415600826271,0.4896446304567,"8,809","1,032",0.1049,"315,365","290,245","21,980","85,976",0.22853,0.79640,2.68855
21,0.4899112425218431,0.492368893643689,"7,555","1,005",0.1174,"322,920","282,690","22,985","84,971",0.23111,0.78709,2.61857
22,0.4923866582544963,0.4927175122925862,"7,322","1,067",0.1272,"330,242","275,368","24,052","83,904",0.23354,0.77721,2.55074
23,0.4927566913070935,0.493410252562382,"7,444","1,073",0.1260,"337,686","267,924","25,125","82,831",0.23615,0.76727,2.48179
24,0.493426748738664,0.4937948876271791,"8,642","1,078",0.1109,"346,328","259,282","26,203","81,753",0.23972,0.75728,2.40174
25,0.4938259786603843,0.4939454946788248,"8,269","1,249",0.1312,"354,597","251,013","27,452","80,504",0.24284,0.74571,2.32514
26,0.4939490627646017,0.4939824075332745,"6,056","1,016",0.1437,"360,653","244,957","28,468","79,488",0.24500,0.73630,2.26904
27,0.4940127331811841,0.494642840190927,"7,523","1,079",0.1254,"368,176","237,434","29,547","78,409",0.24825,0.72631,2.19936
28,0.4946596479895982,0.4947926706684457,"6,728","1,069",0.1371,"374,904","230,706","30,616","77,340",0.25107,0.71640,2.13704
29,0.4947946309127169,0.4951948957028258,"10,251","1,519",0.1291,"385,155","220,455","32,135","75,821",0.25591,0.70233,2.04208
30,0.4952007652105482,0.496216452424122,"6,004","1,005",0.1434,"391,159","214,451","33,140","74,816",0.25864,0.69302,1.98647
31,0.4962328341418775,0.4974049081684222,"5,901","1,000",0.1449,"397,060","208,550","34,140","73,816",0.26142,0.68376,1.93181
32,0.4974268780363829,0.4995453329600748,"5,163","1,037",0.1673,"402,223","203,387","35,177","72,779",0.26353,0.67415,1.88398
33,0.4995576658996474,0.5005075872215099,"5,752","1,055",0.1550,"407,975","197,635","36,232","71,724",0.26628,0.66438,1.83070
34,0.5005098563150425,0.5010717919077134,"6,497","1,188",0.1546,"414,472","191,138","37,420","70,536",0.26956,0.65338,1.77052
35,0.5010747343518686,0.5011038568168324,"5,113","1,035",0.1683,"419,585","186,025","38,455","69,501",0.27199,0.64379,1.72316
36,0.5011482509284246,0.5016428461756597,"4,947","1,005",0.1689,"424,532","181,078","39,460","68,496",0.27445,0.63448,1.67733
37,0.5016714973095194,0.5017322168343776,"6,025","1,148",0.1600,"430,557","175,053","40,608","67,348",0.27784,0.62385,1.62152
38,0.5017349533409403,0.5019598487251277,"5,355","1,094",0.1696,"435,912","169,698","41,702","66,254",0.28079,0.61371,1.57192
39,0.5019789290634463,0.5025241156349196,"6,957","1,397",0.1672,"442,869","162,741","43,099","64,857",0.28496,0.60077,1.50748
40,0.5025691261731736,0.5029232323522311,"5,546","1,014",0.1546,"448,415","157,195","44,113","63,843",0.28883,0.59138,1.45610
41,0.5029250032746471,0.5033096826373079,"6,329","1,118",0.1501,"454,744","150,866","45,231","62,725",0.29367,0.58102,1.39748
42,0.5033361989020536,0.5041538093994518,"6,127","1,352",0.1808,"460,871","144,739","46,583","61,373",0.29777,0.56850,1.34072
43,0.5041593724567717,0.5052884365165775,"3,955","1,023",0.2055,"464,826","140,784","47,606","60,350",0.30005,0.55902,1.30409
44,0.5053125650802501,0.5063925200843093,"4,131","1,030",0.1996,"468,957","136,653","48,636","59,320",0.30269,0.54948,1.26582
45,0.5064059223197337,0.5078778691337045,"3,992","1,041",0.2068,"472,949","132,661","49,677","58,279",0.30522,0.53984,1.22884
46,0.5079083009595006,0.5088472693434163,"3,896","1,013",0.2064,"476,845","128,765","50,690","57,266",0.30783,0.53046,1.19275
47,0.508888521762316,0.5090919170854183,"5,083","1,542",0.2328,"481,928","123,682","52,232","55,724",0.31060,0.51617,1.14567
48,0.5091205218717669,0.5094645918425753,"3,800","1,005",0.2092,"485,728","119,882","53,237","54,719",0.31339,0.50686,1.11047
49,0.5094794734480126,0.509784958986242,"4,197","1,183",0.2199,"489,925","115,685","54,420","53,536",0.31637,0.49591,1.07159
50,0.5097852421800723,0.5101028294847841,"4,062","1,126",0.2170,"493,987","111,623","55,546","52,410",0.31951,0.48548,1.03397
51,0.5101570608303574,0.510508764068301,"6,269","1,822",0.2252,"500,256","105,354","57,368","50,588",0.32440,0.46860,0.97590
52,0.5105685433765103,0.5106420120579008,"4,552","1,446",0.2411,"504,808","100,802","58,814","49,142",0.32774,0.45520,0.93373
53,0.5107171135374232,0.5112448616070855,"5,985","1,839",0.2350,"510,793","94,817","60,653","47,303",0.33284,0.43817,0.87829
54,0.5112482231572294,0.5112482231572294,"4,361","1,357",0.2373,"515,154","90,456","62,010","45,946",0.33684,0.42560,0.83790
55,0.5112895396086505,0.5113435025332465,"4,353","1,351",0.2369,"519,507","86,103","63,361","44,595",0.34121,0.41308,0.79757
56,0.5113490860209026,0.5123014392396066,"4,161","1,168",0.2192,"523,668","81,942","64,529","43,427",0.34639,0.40227,0.75903
57,0.5123231278628846,0.5133198098979039,"3,640","1,054",0.2245,"527,308","78,302","65,583","42,373",0.35113,0.39250,0.72531
58,0.5133623803657931,0.5142577901381792,"2,237","1,004",0.3098,"529,545","76,065","66,587","41,369",0.35227,0.38320,0.70459
59,0.5142680495659562,0.5160147796371037,"2,856","1,038",0.2666,"532,401","73,209","67,625","40,331",0.35521,0.37359,0.67814
60,0.5160556273990556,0.5169310358946011,"3,030","1,001",0.2483,"535,431","70,179","68,626","39,330",0.35915,0.36432,0.65007
61,0.516945059722122,0.5173370253416296,"3,660","1,003",0.2151,"539,091","66,519","69,629","38,327",0.36556,0.35502,0.61617
62,0.5173425058058903,0.5180126531907667,"3,434","1,040",0.2325,"542,525","63,085","70,669","37,287",0.37149,0.34539,0.58436
63,0.5180145992254063,0.5183218537309836,"3,831","1,242",0.2448,"546,356","59,254","71,911","36,045",0.37823,0.33389,0.54887
64,0.5183270381718392,0.5194628730793454,"2,706","1,140",0.2964,"549,062","56,548","73,051","34,905",0.38167,0.32333,0.52381
65,0.519469791553159,0.5204470019976818,"2,189","1,060",0.3263,"551,251","54,359","74,111","33,845",0.38371,0.31351,0.50353
66,0.5204495712694287,0.5211973729240317,"2,160","1,003",0.3171,"553,411","52,199","75,114","32,842",0.38619,0.30422,0.48352
67,0.5212199753821515,0.522490031018178,"2,479","1,022",0.2919,"555,890","49,720","76,136","31,820",0.39024,0.29475,0.46056
68,0.5225222638256131,0.5243148691577952,"2,518","1,063",0.2968,"558,408","47,202","77,199","30,757",0.39453,0.28490,0.43723
69,0.5243252086079508,0.5249212356729277,"2,381","1,070",0.3101,"560,789","44,821","78,269","29,687",0.39844,0.27499,0.41518
70,0.5249473704706091,0.5252457380359236,"2,082","1,012",0.3271,"562,871","42,739","79,281","28,675",0.40153,0.26562,0.39589
71,0.5252489195303957,0.5255841674360476,"2,552","1,203",0.3204,"565,423","40,187","80,484","27,472",0.40604,0.25447,0.37225
72,0.5256158012678963,0.5259511362437451,"3,252","1,682",0.3409,"568,675","36,935","82,166","25,790",0.41116,0.23889,0.34213
73,0.5259542738089872,0.5261882249229349,"2,324","1,141",0.3293,"570,999","34,611","83,307","24,649",0.41595,0.22832,0.32060
74,0.5262186715008876,0.5263527195770298,"2,181","1,112",0.3377,"573,180","32,430","84,419","23,537",0.42055,0.21802,0.30040
75,0.5263562780683615,0.5277838455797087,"2,130","1,001",0.3197,"575,310","30,300","85,420","22,536",0.42653,0.20875,0.28067
76,0.5278016940304697,0.5287692998168463,"1,629","1,001",0.3806,"576,939","28,671","86,421","21,535",0.42893,0.19948,0.26558
77,0.5287812007704398,0.5295784425369051,"1,722","1,023",0.3727,"578,661","26,949","87,444","20,512",0.43219,0.19000,0.24963
78,0.5295885710144302,0.5308079420577694,"1,689","1,056",0.3847,"580,350","25,260","88,500","19,456",0.43510,0.18022,0.23398
79,0.5308234374421523,0.5330083334707318,"1,929","1,178",0.3791,"582,279","23,331","89,678","18,278",0.43928,0.16931,0.21612
80,0.5330367535440939,0.5333221213657667,"1,782","1,228",0.4080,"584,061","21,549","90,906","17,050",0.44172,0.15793,0.19961
81,0.5333494339852449,0.534273990786534,"1,996","1,297",0.3939,"586,057","19,553","92,203","15,753",0.44618,0.14592,0.18112
82,0.5342820823901722,0.5346842834844545,"1,835","1,211",0.3976,"587,892","17,718","93,414","14,542",0.45077,0.13470,0.16412
83,0.5346870744631442,0.5365356940084104,"1,429","1,008",0.4136,"589,321","16,289","94,422","13,534",0.45381,0.12537,0.15089
84,0.5366131794729598,0.538189446889732,"1,835","1,065",0.3672,"591,156","14,454","95,487","12,469",0.46314,0.11550,0.13389
85,0.5382316519477779,0.5399822354482898,"1,614","1,009",0.3847,"592,770","12,840","96,496","11,460",0.47160,0.10615,0.11894
86,0.5399975498714069,0.5412264999880627,"2,131","1,287",0.3765,"594,901","10,709","97,783","10,173",0.48717,0.09423,0.09920
87,0.5412756187697053,0.5440228572195684,"1,655","1,193",0.4189,"596,556","9,054","98,976","8,980",0.49795,0.08318,0.08387
88,0.544128802527773,0.545828335856914,"1,118","1,006",0.4736,"597,674","7,936","99,982","7,974",0.50119,0.07386,0.07351
89,0.545860341226176,0.5480835115359448,"1,204","1,102",0.4779,"598,878","6,732","101,084","6,872",0.50515,0.06366,0.06236
90,0.54811055325788,0.5485138204560471,"1,277","1,238",0.4922,"600,155","5,455","102,322","5,634",0.50807,0.05219,0.05053
91,0.5488656432061639,0.5495684587105357,"1,143","1,084",0.4868,"601,298","4,312","103,406","4,550",0.51343,0.04215,0.03994
92,0.5496904644023166,0.5527336956918492,"1,070","1,002",0.4836,"602,368","3,242","104,408","3,548",0.52253,0.03287,0.03003
93,0.5527368160390516,0.5596276409838851,"1,229","1,075",0.4666,"603,597","2,013","105,483","2,473",0.55127,0.02291,0.01865
94,0.5596335423222868,0.5672747338108817,"1,010","1,059",0.5118,"604,607","1,003","106,542","1,414",0.58502,0.01310,0.00929
95,0.567334894555146,0.5927176615408454,"1,003","1,414",0.5850,"605,610",0,"107,956",0,nan,0.00000,0.00000
