,min,max,Neg,Pos,$\frac{\text{Pos}}{\text{Neg}+\text{Pos}}$,TN,FP,FN,TP,Prec,Rec,FP/P
0,0.47216,0.47346,"44,325","2,518",0.0538,"44,325","561,285","2,518","105,438",0.1581,0.9767,5.1992
1,0.47351,0.48553,"88,666","6,403",0.0674,"132,991","472,619","8,921","99,035",0.1732,0.9174,4.3779
2,0.48556,0.48736,"59,362","6,426",0.0977,"192,353","413,257","15,347","92,609",0.1831,0.8578,3.8280
3,0.48738,0.49462,"48,227","6,570",0.1199,"240,580","365,030","21,917","86,039",0.1907,0.7970,3.3813
4,0.49468,0.49695,"44,817","6,436",0.1256,"285,397","320,213","28,353","79,603",0.1991,0.7374,2.9661
5,0.49698,0.49925,"43,507","6,501",0.1300,"328,904","276,706","34,854","73,102",0.2090,0.6771,2.5631
6,0.49927,0.50066,"35,587","6,469",0.1538,"364,491","241,119","41,323","66,633",0.2165,0.6172,2.2335
7,0.50066,0.50163,"35,192","6,526",0.1564,"399,683","205,927","47,849","60,107",0.2259,0.5568,1.9075
8,0.50163,0.50285,"33,186","6,599",0.1659,"432,869","172,741","54,448","53,508",0.2365,0.4956,1.6001
9,0.50306,0.50580,"29,392","6,405",0.1789,"462,261","143,349","60,853","47,103",0.2473,0.4363,1.3278
10,0.50583,0.51182,"25,316","6,435",0.2027,"487,577","118,033","67,288","40,668",0.2563,0.3767,1.0933
11,0.51183,0.51271,"24,486","6,746",0.2160,"512,063","93,547","74,034","33,922",0.2661,0.3142,0.8665
12,0.51272,0.51378,"23,685","7,580",0.2424,"535,748","69,862","81,614","26,342",0.2738,0.2440,0.6471
13,0.51379,0.51587,"20,938","7,029",0.2513,"556,686","48,924","88,643","19,313",0.2830,0.1789,0.4532
14,0.51588,0.51763,"17,888","6,464",0.2654,"574,574","31,036","95,107","12,849",0.2928,0.1190,0.2875
15,0.51777,0.52228,"16,918","6,416",0.2750,"591,492","14,118","101,523","6,433",0.3130,0.0596,0.1308
16,0.52231,0.53386,"14,118","6,433",0.3130,"605,610",0,"107,956",0,nan,0.0000,0.0000
