,min,max,Neg,Pos,$\frac{\text{Pos}}{\text{Neg}+\text{Pos}}$,TN,FP,FN,TP,Prec,Rec,FP/P
0,0.0036,0.1690,"49,336","1,530",0.0301,"49,336","556,274","1,530","106,426",0.1606,0.9858,5.1528
1,0.1690,0.2133,"33,348","1,600",0.0458,"82,684","522,926","3,130","104,826",0.1670,0.9710,4.8439
2,0.2133,0.2438,"27,393","1,600",0.0552,"110,077","495,533","4,730","103,226",0.1724,0.9562,4.5901
3,0.2438,0.2674,"23,702","1,600",0.0632,"133,779","471,831","6,330","101,626",0.1772,0.9414,4.3706
4,0.2674,0.2871,"20,987","1,600",0.0708,"154,766","450,844","7,930","100,026",0.1816,0.9265,4.1762
5,0.2871,0.3051,"20,264","1,600",0.0732,"175,030","430,580","9,530","98,426",0.1861,0.9117,3.9885
6,0.3051,0.3213,"18,479","1,600",0.0797,"193,509","412,101","11,130","96,826",0.1903,0.8969,3.8173
7,0.3213,0.3358,"17,163","1,600",0.0853,"210,672","394,938","12,730","95,226",0.1943,0.8821,3.6583
8,0.3358,0.3496,"16,281","1,600",0.0895,"226,953","378,657","14,330","93,626",0.1982,0.8673,3.5075
9,0.3496,0.3624,"15,045","1,600",0.0961,"241,998","363,612","15,930","92,026",0.2020,0.8524,3.3681
10,0.3624,0.3744,"14,505","1,600",0.0993,"256,503","349,107","17,530","90,426",0.2057,0.8376,3.2338
11,0.3744,0.3865,"14,499","1,600",0.0994,"271,002","334,608","19,130","88,826",0.2098,0.8228,3.0995
12,0.3865,0.3979,"13,729","1,600",0.1044,"284,731","320,879","20,730","87,226",0.2137,0.8080,2.9723
13,0.3979,0.4087,"12,749","1,600",0.1115,"297,480","308,130","22,330","85,626",0.2175,0.7932,2.8542
14,0.4087,0.4195,"12,732","1,600",0.1116,"310,212","295,398","23,930","84,026",0.2215,0.7783,2.7363
15,0.4195,0.4297,"11,598","1,600",0.1212,"321,810","283,800","25,530","82,426",0.2251,0.7635,2.6288
16,0.4297,0.4401,"12,207","1,600",0.1159,"334,017","271,593","27,130","80,826",0.2293,0.7487,2.5158
17,0.4401,0.4495,"10,965","1,600",0.1273,"344,982","260,628","28,730","79,226",0.2331,0.7339,2.4142
18,0.4495,0.4587,"10,543","1,600",0.1318,"355,525","250,085","30,330","77,626",0.2369,0.7191,2.3165
19,0.4587,0.4677,"10,124","1,600",0.1365,"365,649","239,961","31,930","76,026",0.2406,0.7042,2.2228
20,0.4677,0.4767,"9,851","1,600",0.1397,"375,500","230,110","33,530","74,426",0.2444,0.6894,2.1315
21,0.4767,0.4857,"9,624","1,600",0.1426,"385,124","220,486","35,130","72,826",0.2483,0.6746,2.0424
22,0.4857,0.4947,"9,710","1,600",0.1415,"394,834","210,776","36,730","71,226",0.2526,0.6598,1.9524
23,0.4947,0.5033,"8,849","1,600",0.1531,"403,683","201,927","38,330","69,626",0.2564,0.6449,1.8705
24,0.5033,0.5121,"9,106","1,600",0.1494,"412,789","192,821","39,930","68,026",0.2608,0.6301,1.7861
25,0.5121,0.5206,"8,653","1,600",0.1561,"421,442","184,168","41,530","66,426",0.2651,0.6153,1.7060
26,0.5206,0.5291,"8,451","1,600",0.1592,"429,893","175,717","43,130","64,826",0.2695,0.6005,1.6277
27,0.5291,0.5375,"7,938","1,600",0.1678,"437,831","167,779","44,730","63,226",0.2737,0.5857,1.5541
28,0.5375,0.5457,"7,525","1,600",0.1753,"445,356","160,254","46,330","61,626",0.2777,0.5708,1.4844
29,0.5457,0.5538,"7,591","1,600",0.1741,"452,947","152,663","47,930","60,026",0.2822,0.5560,1.4141
30,0.5538,0.5619,"7,033","1,600",0.1853,"459,980","145,630","49,530","58,426",0.2863,0.5412,1.3490
31,0.5619,0.5696,"6,700","1,600",0.1928,"466,680","138,930","51,130","56,826",0.2903,0.5264,1.2869
32,0.5696,0.5779,"7,009","1,600",0.1859,"473,689","131,921","52,730","55,226",0.2951,0.5116,1.2220
33,0.5779,0.5861,"6,635","1,600",0.1943,"480,324","125,286","54,330","53,626",0.2997,0.4967,1.1605
34,0.5861,0.5946,"6,710","1,600",0.1925,"487,034","118,576","55,930","52,026",0.3050,0.4819,1.0984
35,0.5946,0.6028,"6,186","1,600",0.2055,"493,220","112,390","57,530","50,426",0.3097,0.4671,1.0411
36,0.6028,0.6112,"6,185","1,600",0.2055,"499,405","106,205","59,130","48,826",0.3149,0.4523,0.9838
37,0.6112,0.6193,"5,915","1,600",0.2129,"505,320","100,290","60,730","47,226",0.3201,0.4375,0.9290
38,0.6193,0.6277,"5,727","1,600",0.2184,"511,047","94,563","62,330","45,626",0.3255,0.4226,0.8759
39,0.6277,0.6358,"5,504","1,600",0.2252,"516,551","89,059","63,930","44,026",0.3308,0.4078,0.8250
40,0.6358,0.6443,"5,290","1,600",0.2322,"521,841","83,769","65,530","42,426",0.3362,0.3930,0.7760
41,0.6443,0.6529,"5,331","1,600",0.2308,"527,172","78,438","67,130","40,826",0.3423,0.3782,0.7266
42,0.6529,0.6617,"5,056","1,600",0.2404,"532,228","73,382","68,730","39,226",0.3483,0.3634,0.6797
43,0.6617,0.6702,"4,827","1,600",0.2489,"537,055","68,555","70,330","37,626",0.3544,0.3485,0.6350
44,0.6702,0.6788,"4,672","1,600",0.2551,"541,727","63,883","71,930","36,026",0.3606,0.3337,0.5918
45,0.6788,0.6878,"4,671","1,600",0.2551,"546,398","59,212","73,530","34,426",0.3676,0.3189,0.5485
46,0.6878,0.6965,"4,223","1,600",0.2748,"550,621","54,989","75,130","32,826",0.3738,0.3041,0.5094
47,0.6965,0.7054,"4,170","1,600",0.2773,"554,791","50,819","76,730","31,226",0.3806,0.2892,0.4707
48,0.7054,0.7142,"3,914","1,600",0.2902,"558,705","46,905","78,330","29,626",0.3871,0.2744,0.4345
49,0.7142,0.7233,"3,875","1,600",0.2922,"562,580","43,030","79,930","28,026",0.3944,0.2596,0.3986
50,0.7233,0.7326,"3,805","1,600",0.2960,"566,385","39,225","81,530","26,426",0.4025,0.2448,0.3633
51,0.7326,0.7423,"3,722","1,600",0.3006,"570,107","35,503","83,130","24,826",0.4115,0.2300,0.3289
52,0.7423,0.7513,"3,274","1,600",0.3283,"573,381","32,229","84,730","23,226",0.4188,0.2151,0.2985
53,0.7513,0.7605,"3,082","1,600",0.3417,"576,463","29,147","86,330","21,626",0.4259,0.2003,0.2700
54,0.7605,0.7701,"3,001","1,600",0.3478,"579,464","26,146","87,930","20,026",0.4337,0.1855,0.2422
55,0.7701,0.7799,"2,935","1,600",0.3528,"582,399","23,211","89,530","18,426",0.4425,0.1707,0.2150
56,0.7799,0.7899,"2,777","1,601",0.3657,"585,176","20,434","91,131","16,825",0.4516,0.1559,0.1893
57,0.7899,0.8003,"2,758","1,600",0.3671,"587,934","17,676","92,731","15,225",0.4628,0.1410,0.1637
58,0.8003,0.8105,"2,443","1,600",0.3957,"590,377","15,233","94,331","13,625",0.4721,0.1262,0.1411
59,0.8105,0.8216,"2,454","1,600",0.3947,"592,831","12,779","95,931","12,025",0.4848,0.1114,0.1184
60,0.8216,0.8325,"2,198","1,600",0.4213,"595,029","10,581","97,531","10,425",0.4963,0.0966,0.0980
61,0.8325,0.8440,"2,100","1,600",0.4324,"597,129","8,481","99,131","8,825",0.5099,0.0817,0.0786
62,0.8440,0.8555,"1,843","1,600",0.4647,"598,972","6,638","100,731","7,225",0.5212,0.0669,0.0615
63,0.8555,0.8684,"1,768","1,600",0.4751,"600,740","4,870","102,331","5,625",0.5360,0.0521,0.0451
64,0.8684,0.8826,"1,670","1,600",0.4893,"602,410","3,200","103,931","4,025",0.5571,0.0373,0.0296
65,0.8826,0.9033,"1,600","1,903",0.5432,"604,010","1,600","105,834","2,122",0.5701,0.0197,0.0148
66,0.9033,0.9838,"1,600","2,122",0.5701,"605,610",0,"107,956",0,nan,0.0000,0.0000
