,min,max,Neg,Pos,$\frac{\text{Pos}}{\text{Neg}+\text{Pos}}$,TN,FP,FN,TP,Prec,Rec,FP/P
0,0.015528441,0.08841327,"7,285",125,0.0169,"7,285","598,325",125,"107,831",0.15270,0.99884,5.54230
1,0.08842381,0.12757638,"31,273","1,000",0.0310,"38,558","567,052","1,125","106,831",0.15853,0.98958,5.25262
2,0.12757716,0.14280121,"22,649","1,000",0.0423,"61,207","544,403","2,125","105,831",0.16276,0.98032,5.04282
3,0.14280139,0.15347506,"19,726","1,000",0.0482,"80,933","524,677","3,125","104,831",0.16653,0.97105,4.86010
4,0.15347508,0.16156328,"16,876","1,000",0.0559,"97,809","507,801","4,125","103,831",0.16976,0.96179,4.70378
5,0.16156343,0.1684748,"15,643","1,000",0.0601,"113,452","492,158","5,125","102,831",0.17283,0.95253,4.55888
6,0.16847487,0.1742843,"14,069","1,000",0.0664,"127,521","478,089","6,125","101,831",0.17559,0.94326,4.42855
7,0.1742845,0.17948195,"13,246","1,000",0.0702,"140,767","464,843","7,125","100,831",0.17825,0.93400,4.30586
8,0.17948204,0.18429902,"12,946","1,002",0.0718,"153,713","451,897","8,127","99,829",0.18094,0.92472,4.18594
9,0.18429919,0.18875806,"12,498","1,000",0.0741,"166,211","439,399","9,127","98,829",0.18362,0.91546,4.07017
10,0.18875857,0.1928152,"11,630","1,000",0.0792,"177,841","427,769","10,127","97,829",0.18613,0.90619,3.96244
11,0.19281524,0.1966839,"11,065","1,000",0.0829,"188,906","416,704","11,127","96,829",0.18855,0.89693,3.85994
12,0.19668399,0.20030512,"10,768","1,000",0.0850,"199,674","405,936","12,127","95,829",0.19098,0.88767,3.76020
13,0.20030561,0.20405854,"11,356","1,000",0.0809,"211,030","394,580","13,127","94,829",0.19376,0.87840,3.65501
14,0.20405939,0.20764886,"11,135","1,000",0.0824,"222,165","383,445","14,127","93,829",0.19659,0.86914,3.55186
15,0.20765054,0.21087353,"9,547","1,000",0.0948,"231,712","373,898","15,127","92,829",0.19889,0.85988,3.46343
16,0.21087444,0.21406567,"9,925","1,001",0.0916,"241,637","363,973","16,128","91,828",0.20147,0.85061,3.37149
17,0.21406591,0.21707511,"9,200","1,000",0.0980,"250,837","354,773","17,128","90,828",0.20383,0.84134,3.28627
18,0.21707577,0.22005631,"9,376","1,000",0.0964,"260,213","345,397","18,128","89,828",0.20639,0.83208,3.19942
19,0.2200565,0.22288047,"8,656","1,000",0.1036,"268,869","336,741","19,128","88,828",0.20873,0.82282,3.11924
20,0.22288062,0.22560833,"8,616","1,000",0.1040,"277,485","328,125","20,128","87,828",0.21115,0.81355,3.03943
21,0.22560877,0.22833507,"8,365","1,000",0.1068,"285,850","319,760","21,128","86,828",0.21355,0.80429,2.96195
22,0.2283352,0.2309118,"7,793","1,000",0.1137,"293,643","311,967","22,128","85,828",0.21576,0.79503,2.88976
23,0.23091213,0.23365761,"8,341","1,000",0.1071,"301,984","303,626","23,128","84,828",0.21837,0.78576,2.81250
24,0.23365764,0.23630673,"7,804","1,000",0.1136,"309,788","295,822","24,128","83,828",0.22080,0.77650,2.74021
25,0.23630685,0.23893885,"7,834","1,000",0.1132,"317,622","287,988","25,128","82,828",0.22337,0.76724,2.66764
26,0.23893915,0.24144097,"7,257","1,000",0.1211,"324,879","280,731","26,128","81,828",0.22570,0.75798,2.60042
27,0.24144101,0.24385995,"6,985","1,000",0.1252,"331,864","273,746","27,128","80,828",0.22796,0.74871,2.53572
28,0.2438603,0.2462502,"6,989","1,000",0.1252,"338,853","266,757","28,128","79,828",0.23033,0.73945,2.47098
29,0.24625029,0.2487472,"7,150","1,000",0.1227,"346,003","259,607","29,128","78,828",0.23292,0.73019,2.40475
30,0.24874726,0.25113145,"6,626","1,000",0.1311,"352,629","252,981","30,128","77,828",0.23527,0.72092,2.34337
31,0.25113252,0.25348142,"6,607","1,000",0.1315,"359,236","246,374","31,128","76,828",0.23771,0.71166,2.28217
32,0.25348163,0.25588256,"6,501","1,000",0.1333,"365,737","239,873","32,128","75,828",0.24019,0.70240,2.22195
33,0.25588286,0.2581576,"6,287","1,000",0.1372,"372,024","233,586","33,128","74,828",0.24262,0.69313,2.16371
34,0.25815845,0.2604907,"6,215","1,000",0.1386,"378,239","227,371","34,128","73,828",0.24511,0.68387,2.10615
35,0.26049122,0.2626504,"5,651","1,000",0.1504,"383,890","221,720","35,128","72,828",0.24725,0.67461,2.05380
36,0.2626507,0.26496002,"6,019","1,000",0.1425,"389,909","215,701","36,128","71,828",0.24981,0.66535,1.99805
37,0.26496014,0.2672359,"5,738","1,000",0.1484,"395,647","209,963","37,128","70,828",0.25224,0.65608,1.94489
38,0.2672365,0.2696335,"5,873","1,000",0.1455,"401,520","204,090","38,128","69,828",0.25492,0.64682,1.89049
39,0.26963386,0.27192414,"5,561","1,000",0.1524,"407,081","198,529","39,128","68,828",0.25744,0.63756,1.83898
40,0.27192435,0.27409074,"5,140","1,000",0.1629,"412,221","193,389","40,128","67,828",0.25966,0.62829,1.79137
41,0.2740916,0.27636263,"5,298","1,000",0.1588,"417,519","188,091","41,128","66,828",0.26215,0.61903,1.74229
42,0.27636287,0.27874702,"5,502","1,000",0.1538,"423,021","182,589","42,128","65,828",0.26499,0.60977,1.69133
43,0.2787478,0.28100812,"5,002","1,000",0.1666,"428,023","177,587","43,128","64,828",0.26743,0.60050,1.64499
44,0.2810083,0.28339738,"5,258","1,000",0.1598,"433,281","172,329","44,128","63,828",0.27028,0.59124,1.59629
45,0.28339773,0.2858362,"5,150","1,000",0.1626,"438,431","167,179","45,128","62,828",0.27316,0.58198,1.54858
46,0.28583726,0.28808874,"4,838","1,000",0.1713,"443,269","162,341","46,128","61,828",0.27581,0.57271,1.50377
47,0.28808987,0.29035005,"4,760","1,000",0.1736,"448,029","157,581","47,128","60,828",0.27851,0.56345,1.45968
48,0.29035115,0.29266572,"4,646","1,001",0.1773,"452,675","152,935","48,129","59,827",0.28119,0.55418,1.41664
49,0.29266617,0.2950842,"4,753","1,000",0.1738,"457,428","148,182","49,129","58,827",0.28418,0.54492,1.37261
50,0.2950844,0.29763198,"5,032","1,000",0.1658,"462,460","143,150","50,129","57,827",0.28773,0.53565,1.32600
51,0.29763314,0.30000207,"4,438","1,000",0.1839,"466,898","138,712","51,129","56,827",0.29062,0.52639,1.28489
52,0.30000278,0.30234993,"4,237","1,000",0.1909,"471,135","134,475","52,129","55,827",0.29336,0.51713,1.24565
53,0.30234995,0.30487084,"4,327","1,000",0.1877,"475,462","130,148","53,129","54,827",0.29640,0.50786,1.20557
54,0.30487105,0.30730513,"4,205","1,000",0.1921,"479,667","125,943","54,129","53,827",0.29942,0.49860,1.16661
55,0.3073053,0.3097508,"4,116","1,000",0.1955,"483,783","121,827","55,129","52,827",0.30247,0.48934,1.12849
56,0.309751,0.31212842,"3,921","1,000",0.2032,"487,704","117,906","56,129","51,827",0.30534,0.48008,1.09217
57,0.31212908,0.31475747,"4,283","1,000",0.1893,"491,987","113,623","57,129","50,827",0.30907,0.47081,1.05249
58,0.3147584,0.3173521,"3,892","1,000",0.2044,"495,879","109,731","58,129","49,827",0.31228,0.46155,1.01644
59,0.3173523,0.31988996,"3,778","1,000",0.2093,"499,657","105,953","59,129","48,827",0.31546,0.45229,0.98145
60,0.31989005,0.3224716,"3,704","1,000",0.2126,"503,361","102,249","60,129","47,827",0.31869,0.44302,0.94714
61,0.3224717,0.3250777,"3,699","1,000",0.2128,"507,060","98,550","61,129","46,827",0.32211,0.43376,0.91287
62,0.32507804,0.32772496,"3,562","1,000",0.2192,"510,622","94,988","62,129","45,827",0.32544,0.42450,0.87988
63,0.32772562,0.33042756,"3,403","1,000",0.2271,"514,025","91,585","63,129","44,827",0.32861,0.41523,0.84835
64,0.3304283,0.33317494,"3,460","1,000",0.2242,"517,485","88,125","64,129","43,827",0.33214,0.40597,0.81630
65,0.33317497,0.3358332,"3,242","1,000",0.2357,"520,727","84,883","65,129","42,827",0.33535,0.39671,0.78627
66,0.3358345,0.3385415,"3,228","1,000",0.2365,"523,955","81,655","66,129","41,827",0.33873,0.38744,0.75637
67,0.3385418,0.34139356,"3,299","1,000",0.2326,"527,254","78,356","67,129","40,827",0.34256,0.37818,0.72581
68,0.34139487,0.3440939,"2,943","1,000",0.2536,"530,197","75,413","68,129","39,827",0.34560,0.36892,0.69855
69,0.34409535,0.34712455,"3,244","1,000",0.2356,"533,441","72,169","69,129","38,827",0.34981,0.35966,0.66850
70,0.34712484,0.35014665,"3,111","1,000",0.2432,"536,552","69,058","70,129","37,827",0.35390,0.35039,0.63969
71,0.35014805,0.3532531,"3,020","1,000",0.2488,"539,572","66,038","71,129","36,827",0.35801,0.34113,0.61171
72,0.3532551,0.35646164,"3,005","1,000",0.2497,"542,577","63,033","72,129","35,827",0.36240,0.33187,0.58388
73,0.35646215,0.3597608,"3,000","1,000",0.2500,"545,577","60,033","73,129","34,827",0.36714,0.32260,0.55609
74,0.35976627,0.36303937,"2,751","1,000",0.2666,"548,328","57,282","74,129","33,827",0.37128,0.31334,0.53061
75,0.36304033,0.3662303,"2,618","1,000",0.2764,"550,946","54,664","75,129","32,827",0.37520,0.30408,0.50635
76,0.3662307,0.36966398,"2,798","1,000",0.2633,"553,744","51,866","76,129","31,827",0.38028,0.29481,0.48044
77,0.36966437,0.3730886,"2,553","1,000",0.2815,"556,297","49,313","77,129","30,827",0.38466,0.28555,0.45679
78,0.37309006,0.3766655,"2,464","1,000",0.2887,"558,761","46,849","78,129","29,827",0.38900,0.27629,0.43396
79,0.376666,0.38039428,"2,530","1,000",0.2833,"561,291","44,319","79,129","28,827",0.39410,0.26703,0.41053
80,0.38039503,0.38404393,"2,364","1,000",0.2973,"563,655","41,955","80,129","27,827",0.39877,0.25776,0.38863
81,0.38404518,0.38777757,"2,270","1,000",0.3058,"565,925","39,685","81,129","26,827",0.40334,0.24850,0.36760
82,0.38777772,0.39155883,"2,204","1,000",0.3121,"568,129","37,481","82,129","25,827",0.40796,0.23924,0.34719
83,0.39156103,0.39568275,"2,328","1,000",0.3005,"570,457","35,153","83,129","24,827",0.41392,0.22997,0.32562
84,0.3956828,0.3997274,"2,162","1,000",0.3163,"572,619","32,991","84,129","23,827",0.41936,0.22071,0.30560
85,0.39973095,0.40405264,"2,152","1,000",0.3173,"574,771","30,839","85,129","22,827",0.42535,0.21145,0.28566
86,0.40405318,0.40814787,"1,932","1,000",0.3411,"576,703","28,907","86,129","21,827",0.43022,0.20218,0.26777
87,0.40815696,0.41256484,"1,898","1,000",0.3451,"578,601","27,009","87,129","20,827",0.43538,0.19292,0.25019
88,0.41256556,0.41710696,"1,931","1,000",0.3412,"580,532","25,078","88,129","19,827",0.44153,0.18366,0.23230
89,0.4171084,0.42164394,"1,697","1,000",0.3708,"582,229","23,381","89,129","18,827",0.44605,0.17440,0.21658
90,0.42164454,0.42644358,"1,717","1,000",0.3681,"583,946","21,664","90,129","17,827",0.45142,0.16513,0.20067
91,0.42645028,0.43162245,"1,775","1,000",0.3604,"585,721","19,889","91,129","16,827",0.45830,0.15587,0.18423
92,0.4316251,0.43690115,"1,695","1,000",0.3711,"587,416","18,194","92,129","15,827",0.46521,0.14661,0.16853
93,0.43690342,0.44201502,"1,464","1,000",0.4058,"588,880","16,730","93,129","14,827",0.46985,0.13734,0.15497
94,0.44202343,0.4477917,"1,551","1,000",0.3920,"590,431","15,179","94,129","13,827",0.47669,0.12808,0.14060
95,0.44779217,0.4535902,"1,438","1,000",0.4102,"591,869","13,741","95,129","12,827",0.48280,0.11882,0.12728
96,0.4535903,0.4600568,"1,508","1,000",0.3987,"593,377","12,233","96,129","11,827",0.49156,0.10955,0.11331
97,0.46005756,0.46622974,"1,283","1,000",0.4380,"594,660","10,950","97,129","10,827",0.49718,0.10029,0.10143
98,0.46623415,0.47309953,"1,350","1,000",0.4255,"596,010","9,600","98,129","9,827",0.50584,0.09103,0.08893
99,0.47310132,0.48024455,"1,283","1,000",0.4380,"597,293","8,317","99,129","8,827",0.51487,0.08176,0.07704
100,0.48025268,0.4879036,"1,169","1,000",0.4610,"598,462","7,148","100,129","7,827",0.52267,0.07250,0.06621
101,0.4879052,0.49607828,"1,016","1,000",0.4960,"599,478","6,132","101,129","6,827",0.52682,0.06324,0.05680
102,0.49608204,0.5054225,"1,122","1,000",0.4713,"600,600","5,010","102,129","5,827",0.53769,0.05398,0.04641
103,0.50543517,0.5160365,"1,010","1,000",0.4975,"601,610","4,000","103,129","4,827",0.54684,0.04471,0.03705
104,0.5160439,0.52874446,"1,000","1,037",0.5091,"602,610","3,000","104,166","3,790",0.55817,0.03511,0.02779
105,0.5287577,0.5448211,"1,000","1,125",0.5294,"603,610","2,000","105,291","2,665",0.57128,0.02469,0.01853
106,0.5448309,0.5687219,"1,000","1,111",0.5263,"604,610","1,000","106,402","1,554",0.60846,0.01439,0.00926
107,0.56875056,0.85307646,"1,000","1,554",0.6085,"605,610",0,"107,956",0,nan,0.00000,0.00000
