,min,max,Neg,Pos,$\frac{\text{Pos}}{\text{Neg}+\text{Pos}}$,TN,FP,FN,TP,Prec,Rec,FP/P
0,0.000,0.162,"130,149","3,000",0.0225,"130,149","475,461","3,000","104,956",0.1808,0.9722,4.4042
1,0.162,0.230,"64,949","3,200",0.0470,"195,098","410,512","6,200","101,756",0.1986,0.9426,3.8026
2,0.230,0.282,"48,214","3,200",0.0622,"243,312","362,298","9,400","98,556",0.2139,0.9129,3.3560
3,0.282,0.324,"38,098","3,200",0.0775,"281,410","324,200","12,600","95,356",0.2273,0.8833,3.0031
4,0.324,0.361,"32,333","3,200",0.0901,"313,743","291,867","15,800","92,156",0.2400,0.8536,2.7036
5,0.361,0.393,"27,849","3,200",0.1031,"341,592","264,018","19,000","88,956",0.2520,0.8240,2.4456
6,0.393,0.423,"24,192","3,200",0.1168,"365,784","239,826","22,200","85,756",0.2634,0.7944,2.2215
7,0.423,0.451,"21,914","3,200",0.1274,"387,698","217,912","25,400","82,556",0.2748,0.7647,2.0185
8,0.451,0.477,"20,412","3,200",0.1355,"408,110","197,500","28,600","79,356",0.2866,0.7351,1.8294
9,0.477,0.502,"18,050","3,200",0.1506,"426,160","179,450","31,800","76,156",0.2979,0.7054,1.6623
10,0.502,0.526,"16,947","3,200",0.1588,"443,107","162,503","35,000","72,956",0.3098,0.6758,1.5053
11,0.526,0.547,"15,011","3,200",0.1757,"458,118","147,492","38,200","69,756",0.3211,0.6462,1.3662
12,0.547,0.569,"14,065","3,200",0.1853,"472,183","133,427","41,400","66,556",0.3328,0.6165,1.2359
13,0.569,0.590,"12,931","3,200",0.1984,"485,114","120,496","44,600","63,356",0.3446,0.5869,1.1162
14,0.590,0.609,"12,249","3,200",0.2071,"497,363","108,247","47,800","60,156",0.3572,0.5572,1.0027
15,0.609,0.629,"11,652","3,200",0.2155,"509,015","96,595","51,000","56,956",0.3709,0.5276,0.8948
16,0.629,0.648,"10,129","3,200",0.2401,"519,144","86,466","54,200","53,756",0.3834,0.4979,0.8009
17,0.648,0.667,"9,918","3,200",0.2439,"529,062","76,548","57,400","50,556",0.3978,0.4683,0.7091
18,0.667,0.686,"9,232","3,200",0.2574,"538,294","67,316","60,600","47,356",0.4130,0.4387,0.6236
19,0.686,0.704,"8,346","3,200",0.2772,"546,640","58,970","63,800","44,156",0.4282,0.4090,0.5462
20,0.704,0.722,"7,593","3,200",0.2965,"554,233","51,377","67,000","40,956",0.4436,0.3794,0.4759
21,0.722,0.739,"7,064","3,200",0.3118,"561,297","44,313","70,200","37,756",0.4601,0.3497,0.4105
22,0.739,0.757,"6,408","3,200",0.3331,"567,705","37,905","73,400","34,556",0.4769,0.3201,0.3511
23,0.757,0.774,"5,837","3,200",0.3541,"573,542","32,068","76,600","31,356",0.4944,0.2905,0.2970
24,0.774,0.793,"5,609","3,200",0.3633,"579,151","26,459","79,800","28,156",0.5155,0.2608,0.2451
25,0.793,0.811,"4,925","3,200",0.3938,"584,076","21,534","83,000","24,956",0.5368,0.2312,0.1995
26,0.811,0.829,"4,415","3,200",0.4202,"588,491","17,119","86,200","21,756",0.5596,0.2015,0.1586
27,0.829,0.848,"3,964","3,200",0.4467,"592,455","13,155","89,400","18,556",0.5852,0.1719,0.1219
28,0.848,0.867,"3,555","3,200",0.4737,"596,010","9,600","92,600","15,356",0.6153,0.1422,0.0889
29,0.867,0.890,"3,200","3,509",0.5230,"599,210","6,400","96,109","11,847",0.6493,0.1097,0.0593
30,0.890,0.921,"3,200","4,652",0.5925,"602,410","3,200","100,761","7,195",0.6922,0.0666,0.0296
31,0.921,0.999,"3,200","7,195",0.6922,"605,610",0,"107,956",0,nan,0.0000,0.0000
