,min,max,Neg,Pos,$\frac{\text{Pos}}{\text{Neg}+\text{Pos}}$,TN,FP,FN,TP,Prec,Rec,FP/P
0,0.042,0.286,"97,435","5,542",0.0538,"97,435","508,175","5,542","102,414",0.1677,0.9487,4.7072
1,0.286,0.362,"68,080","6,400",0.0859,"165,515","440,095","11,942","96,014",0.1791,0.8894,4.0766
2,0.362,0.402,"53,693","6,400",0.1065,"219,208","386,402","18,342","89,614",0.1883,0.8301,3.5793
3,0.402,0.433,"47,648","6,400",0.1184,"266,856","338,754","24,742","83,214",0.1972,0.7708,3.1379
4,0.433,0.459,"42,714","6,400",0.1303,"309,570","296,040","31,142","76,814",0.2060,0.7115,2.7422
5,0.459,0.483,"40,054","6,400",0.1378,"349,624","255,986","37,542","70,414",0.2157,0.6522,2.3712
6,0.483,0.508,"35,973","6,400",0.1510,"385,597","220,013","43,942","64,014",0.2254,0.5930,2.0380
7,0.508,0.533,"32,817","6,400",0.1632,"418,414","187,196","50,342","57,614",0.2353,0.5337,1.7340
8,0.533,0.556,"29,585","6,400",0.1779,"447,999","157,611","56,742","51,214",0.2452,0.4744,1.4600
9,0.556,0.580,"27,712","6,400",0.1876,"475,711","129,899","63,142","44,814",0.2565,0.4151,1.2033
10,0.580,0.604,"24,049","6,400",0.2102,"499,760","105,850","69,542","38,414",0.2663,0.3558,0.9805
11,0.604,0.627,"23,032","6,402",0.2175,"522,792","82,818","75,944","32,012",0.2788,0.2965,0.7671
12,0.627,0.649,"20,131","6,407",0.2414,"542,923","62,687","82,351","25,605",0.2900,0.2372,0.5807
13,0.649,0.673,"18,880","6,400",0.2532,"561,803","43,807","88,751","19,205",0.3048,0.1779,0.4058
14,0.673,0.698,"16,298","6,404",0.2821,"578,101","27,509","95,155","12,801",0.3176,0.1186,0.2548
15,0.698,0.733,"15,204","6,400",0.2962,"593,305","12,305","101,555","6,401",0.3422,0.0593,0.1140
16,0.733,0.912,"12,305","6,401",0.3422,"605,610",0,"107,956",0,nan,0.0000,0.0000
