,min,max,Neg,Pos,$\frac{\text{Pos}}{\text{Neg}+\text{Pos}}$,TN,FP,FN,TP,Prec,Rec,FP/P
0,0.00014573842,0.04303645,"6,687",45,0.0067,"6,687","598,923",45,"107,911",0.15267,0.99958,5.54784
1,0.043040834,0.09801637,"60,086","1,000",0.0164,"66,773","538,837","1,045","106,911",0.16556,0.99032,4.99126
2,0.09801744,0.11678564,"35,114","1,000",0.0277,"101,887","503,723","2,045","105,911",0.17373,0.98106,4.66600
3,0.11678645,0.12997182,"27,097","1,000",0.0356,"128,984","476,626","3,045","104,911",0.18040,0.97179,4.41500
4,0.12997204,0.14068937,"23,255","1,000",0.0412,"152,239","453,371","4,045","103,911",0.18646,0.96253,4.19959
5,0.14068955,0.14950049,"19,770","1,000",0.0481,"172,009","433,601","5,045","102,911",0.19181,0.95327,4.01646
6,0.14950126,0.15754691,"18,553","1,000",0.0511,"190,562","415,048","6,045","101,911",0.19714,0.94400,3.84460
7,0.15754752,0.16481946,"16,850","1,000",0.0560,"207,412","398,198","7,045","100,911",0.20218,0.93474,3.68852
8,0.16482027,0.17111258,"14,761","1,000",0.0634,"222,173","383,437","8,045","99,911",0.20671,0.92548,3.55179
9,0.17111291,0.17694277,"13,641","1,000",0.0683,"235,814","369,796","9,045","98,911",0.21103,0.91622,3.42543
10,0.17694324,0.18269207,"13,210","1,000",0.0704,"249,024","356,586","10,045","97,911",0.21543,0.90695,3.30307
11,0.18269219,0.18803562,"12,181","1,000",0.0759,"261,205","344,405","11,045","96,911",0.21960,0.89769,3.19023
12,0.18803579,0.19308876,"11,513","1,000",0.0799,"272,718","332,892","12,045","95,911",0.22367,0.88843,3.08359
13,0.1930888,0.19797227,"10,924","1,000",0.0839,"283,642","321,968","13,045","94,911",0.22767,0.87916,2.98240
14,0.19797248,0.20291635,"10,904","1,000",0.0840,"294,546","311,064","14,045","93,911",0.23189,0.86990,2.88140
15,0.20291647,0.207649,"10,432","1,000",0.0875,"304,978","300,632","15,045","92,911",0.23609,0.86064,2.78476
16,0.20764948,0.21186435,"9,203","1,000",0.0980,"314,181","291,429","16,045","91,911",0.23976,0.85137,2.69952
17,0.21186459,0.21618162,"9,397","1,000",0.0962,"323,578","282,032","17,045","90,911",0.24377,0.84211,2.61247
18,0.2161817,0.2203797,"8,948","1,000",0.1005,"332,526","273,084","18,045","89,911",0.24769,0.83285,2.52959
19,0.22037983,0.22434108,"8,191","1,000",0.1088,"340,717","264,893","19,045","88,911",0.25130,0.82359,2.45371
20,0.22434117,0.22837143,"8,267","1,000",0.1079,"348,984","256,626","20,045","87,911",0.25516,0.81432,2.37714
21,0.22837162,0.2321598,"7,609","1,000",0.1162,"356,593","249,017","21,045","86,911",0.25872,0.80506,2.30665
22,0.23215985,0.23613217,"7,827","1,000",0.1133,"364,420","241,190","22,045","85,911",0.26264,0.79580,2.23415
23,0.23613238,0.23990214,"7,295","1,000",0.1206,"371,715","233,895","23,045","84,911",0.26634,0.78653,2.16658
24,0.23990251,0.24355447,"7,005","1,000",0.1249,"378,720","226,890","24,045","83,911",0.26998,0.77727,2.10169
25,0.24355629,0.24715701,"6,733","1,000",0.1293,"385,453","220,157","25,045","82,911",0.27357,0.76801,2.03932
26,0.2471571,0.25086588,"6,765","1,000",0.1288,"392,218","213,392","26,045","81,911",0.27738,0.75874,1.97666
27,0.25086594,0.25427058,"6,078","1,000",0.1413,"398,296","207,314","27,045","80,911",0.28072,0.74948,1.92036
28,0.25427118,0.25775978,"6,339","1,000",0.1363,"404,635","200,975","28,045","79,911",0.28450,0.74022,1.86164
29,0.25776014,0.2611582,"5,797","1,000",0.1471,"410,432","195,178","29,045","78,911",0.28790,0.73096,1.80794
30,0.26115844,0.2646003,"5,858","1,000",0.1458,"416,290","189,320","30,045","77,911",0.29155,0.72169,1.75368
31,0.2646007,0.2678345,"5,372","1,000",0.1569,"421,662","183,948","31,045","76,911",0.29484,0.71243,1.70392
32,0.26783493,0.2712304,"5,563","1,000",0.1524,"427,225","178,385","32,045","75,911",0.29851,0.70317,1.65239
33,0.27123064,0.27441624,"5,101","1,000",0.1639,"432,326","173,284","33,045","74,911",0.30182,0.69390,1.60514
34,0.27441713,0.27770504,"5,292","1,000",0.1589,"437,618","167,992","34,045","73,911",0.30554,0.68464,1.55612
35,0.2777056,0.2810682,"5,280","1,000",0.1592,"442,898","162,712","35,045","72,911",0.30944,0.67538,1.50721
36,0.28106833,0.28441355,"5,080","1,000",0.1645,"447,978","157,632","36,045","71,911",0.31328,0.66611,1.46015
37,0.28441387,0.28771394,"4,794","1,000",0.1726,"452,772","152,838","37,045","70,911",0.31692,0.65685,1.41574
38,0.2877143,0.29117075,"5,028","1,000",0.1659,"457,800","147,810","38,045","69,911",0.32110,0.64759,1.36917
39,0.29117164,0.29440078,"4,516","1,000",0.1813,"462,316","143,294","39,045","68,911",0.32474,0.63832,1.32734
40,0.29440138,0.29758272,"4,383","1,000",0.1858,"466,699","138,911","40,045","67,911",0.32835,0.62906,1.28674
41,0.2975829,0.3007536,"4,405","1,000",0.1850,"471,104","134,506","41,045","66,911",0.33220,0.61980,1.24593
42,0.30075508,0.30405653,"4,545","1,000",0.1803,"475,649","129,961","42,045","65,911",0.33650,0.61054,1.20383
43,0.30405807,0.3072497,"4,055","1,000",0.1978,"479,704","125,906","43,045","64,911",0.34017,0.60127,1.16627
44,0.3072499,0.310371,"4,088","1,000",0.1965,"483,792","121,818","44,045","63,911",0.34411,0.59201,1.12840
45,0.31037113,0.31351843,"3,868","1,000",0.2054,"487,660","117,950","45,045","62,911",0.34784,0.58275,1.09257
46,0.3135201,0.31665316,"3,779","1,000",0.2092,"491,439","114,171","46,045","61,911",0.35160,0.57348,1.05757
47,0.31665358,0.31980938,"3,721","1,000",0.2118,"495,160","110,450","47,045","60,911",0.35545,0.56422,1.02310
48,0.3198098,0.32285732,"3,486","1,000",0.2229,"498,646","106,964","48,045","59,911",0.35902,0.55496,0.99081
49,0.32285857,0.32609773,"3,622","1,000",0.2164,"502,268","103,342","49,045","58,911",0.36308,0.54569,0.95726
50,0.3260979,0.32909203,"3,164","1,000",0.2402,"505,432","100,178","50,045","57,911",0.36632,0.53643,0.92795
51,0.32909206,0.3325105,"3,588","1,000",0.2180,"509,020","96,590","51,045","56,911",0.37075,0.52717,0.89472
52,0.33251056,0.3356975,"3,326","1,000",0.2312,"512,346","93,264","52,045","55,911",0.37480,0.51791,0.86391
53,0.33569846,0.33907714,"3,321","1,000",0.2314,"515,667","89,943","53,045","54,911",0.37908,0.50864,0.83314
54,0.33907726,0.34227708,"3,165","1,000",0.2401,"518,832","86,778","54,045","53,911",0.38319,0.49938,0.80383
55,0.3422788,0.34560135,"3,274","1,000",0.2340,"522,106","83,504","55,045","52,911",0.38787,0.49012,0.77350
56,0.34560198,0.3490729,"3,165","1,000",0.2401,"525,271","80,339","56,045","51,911",0.39252,0.48085,0.74418
57,0.34907296,0.35248628,"3,071","1,000",0.2456,"528,342","77,268","57,045","50,911",0.39719,0.47159,0.71574
58,0.3524877,0.35590714,"2,951","1,000",0.2531,"531,293","74,317","58,045","49,911",0.40177,0.46233,0.68840
59,0.3559097,0.35954523,"3,030","1,000",0.2481,"534,323","71,287","59,045","48,911",0.40692,0.45306,0.66033
60,0.3595465,0.36303356,"2,877","1,000",0.2579,"537,200","68,410","60,045","47,911",0.41189,0.44380,0.63368
61,0.36303365,0.36649403,"2,715","1,000",0.2692,"539,915","65,695","61,045","46,911",0.41659,0.43454,0.60853
62,0.3664943,0.36992335,"2,589","1,000",0.2786,"542,504","63,106","62,045","45,911",0.42114,0.42528,0.58455
63,0.3699243,0.37358457,"2,734","1,000",0.2678,"545,238","60,372","63,045","44,911",0.42657,0.41601,0.55923
64,0.37358567,0.37732986,"2,511","1,000",0.2848,"547,749","57,861","64,045","43,911",0.43146,0.40675,0.53597
65,0.37733197,0.38114285,"2,553","1,000",0.2815,"550,302","55,308","65,045","42,911",0.43689,0.39749,0.51232
66,0.38114348,0.3847634,"2,289","1,000",0.3040,"552,591","53,019","66,045","41,911",0.44149,0.38822,0.49112
67,0.38476455,0.3885138,"2,306","1,000",0.3025,"554,897","50,713","67,045","40,911",0.44651,0.37896,0.46976
68,0.3885142,0.39232752,"2,355","1,000",0.2981,"557,252","48,358","68,045","39,911",0.45215,0.36970,0.44794
69,0.392329,0.3963317,"2,347","1,000",0.2988,"559,599","46,011","69,045","38,911",0.45820,0.36043,0.42620
70,0.3963323,0.40019563,"2,135","1,000",0.3190,"561,734","43,876","70,045","37,911",0.46353,0.35117,0.40642
71,0.40019602,0.40413025,"2,037","1,000",0.3293,"563,771","41,839","71,045","36,911",0.46871,0.34191,0.38756
72,0.40413055,0.40824726,"2,047","1,000",0.3282,"565,818","39,792","72,045","35,911",0.47437,0.33264,0.36859
73,0.4082509,0.41253328,"2,046","1,000",0.3283,"567,864","37,746","73,045","34,911",0.48049,0.32338,0.34964
74,0.4125364,0.41693106,"1,991","1,000",0.3343,"569,855","35,755","74,045","33,911",0.48677,0.31412,0.33120
75,0.4169336,0.4212824,"1,923","1,000",0.3421,"571,778","33,832","75,045","32,911",0.49310,0.30486,0.31339
76,0.42128345,0.42566648,"1,749","1,000",0.3638,"573,527","32,083","76,045","31,911",0.49866,0.29559,0.29719
77,0.42566705,0.43028054,"1,785","1,000",0.3591,"575,312","30,298","77,045","30,911",0.50501,0.28633,0.28065
78,0.43028325,0.43487558,"1,728","1,000",0.3666,"577,040","28,570","78,045","29,911",0.51147,0.27707,0.26464
79,0.43487573,0.4397684,"1,726","1,000",0.3668,"578,766","26,844","79,045","28,911",0.51854,0.26780,0.24866
80,0.4397694,0.44463524,"1,644","1,000",0.3782,"580,410","25,200","80,045","27,911",0.52552,0.25854,0.23343
81,0.44463718,0.44958174,"1,527","1,000",0.3957,"581,937","23,673","81,045","26,911",0.53201,0.24928,0.21928
82,0.44958267,0.45472908,"1,527","1,000",0.3957,"583,464","22,146","82,045","25,911",0.53917,0.24001,0.20514
83,0.4547432,0.45986792,"1,416","1,000",0.4139,"584,880","20,730","83,045","24,911",0.54580,0.23075,0.19202
84,0.4598708,0.46521145,"1,405","1,000",0.4158,"586,285","19,325","84,045","23,911",0.55303,0.22149,0.17901
85,0.4652116,0.47073022,"1,352","1,000",0.4252,"587,637","17,973","85,045","22,911",0.56039,0.21223,0.16648
86,0.47073123,0.47619382,"1,248","1,000",0.4448,"588,885","16,725","86,045","21,911",0.56711,0.20296,0.15492
87,0.4761939,0.481974,"1,208","1,000",0.4529,"590,093","15,517","87,045","20,911",0.57404,0.19370,0.14373
88,0.48197427,0.48823562,"1,213","1,000",0.4519,"591,306","14,304","88,045","19,911",0.58194,0.18444,0.13250
89,0.48823848,0.49421307,"1,112","1,000",0.4735,"592,418","13,192","89,045","18,911",0.58907,0.17517,0.12220
90,0.49421436,0.5008992,"1,104","1,000",0.4753,"593,522","12,088","90,045","17,911",0.59705,0.16591,0.11197
91,0.50090027,0.5076699,"1,000","1,028",0.5069,"594,522","11,088","91,073","16,883",0.60359,0.15639,0.10271
92,0.5076768,0.5147807,"1,049","1,000",0.4880,"595,571","10,039","92,073","15,883",0.61272,0.14712,0.09299
93,0.5147877,0.5225111,"1,039","1,000",0.4904,"596,610","9,000","93,073","14,883",0.62316,0.13786,0.08337
94,0.5225124,0.53120637,"1,000","1,129",0.5303,"597,610","8,000","94,202","13,754",0.63225,0.12740,0.07410
95,0.53120655,0.5408837,"1,000","1,153",0.5355,"598,610","7,000","95,355","12,601",0.64288,0.11672,0.06484
96,0.54088426,0.5520838,"1,000","1,159",0.5368,"599,610","6,000","96,514","11,442",0.65600,0.10599,0.05558
97,0.5520901,0.56547105,"1,000","1,340",0.5726,"600,610","5,000","97,854","10,102",0.66892,0.09358,0.04632
98,0.5654725,0.58135587,"1,000","1,496",0.5994,"601,610","4,000","99,350","8,606",0.68269,0.07972,0.03705
99,0.58135843,0.6001997,"1,000","1,589",0.6138,"602,610","3,000","100,939","7,017",0.70051,0.06500,0.02779
100,0.60020244,0.62583405,"1,000","1,878",0.6525,"603,610","2,000","102,817","5,139",0.71985,0.04760,0.01853
101,0.6258351,0.6623307,"1,000","2,186",0.6861,"604,610","1,000","105,003","2,953",0.74703,0.02735,0.00926
102,0.66234213,0.9966733,"1,000","2,953",0.7470,"605,610",0,"107,956",0,nan,0.00000,0.00000
