,min,max,Neg,Pos,$\frac{\text{Pos}}{\text{Neg}+\text{Pos}}$,TN,FP,FN,TP,Prec,Rec,FP/P
0,0.0449,0.1636,"47,826","2,310",0.0461,"47,826","557,784","2,310","105,646",0.1592,0.9786,5.1668
1,0.1636,0.1860,"48,563","3,200",0.0618,"96,389","509,221","5,510","102,446",0.1675,0.9490,4.7169
2,0.1861,0.2039,"36,864","3,200",0.0799,"133,253","472,357","8,710","99,246",0.1736,0.9193,4.3755
3,0.2039,0.2165,"30,218","3,200",0.0958,"163,471","442,139","11,910","96,046",0.1785,0.8897,4.0955
4,0.2165,0.2263,"28,205","3,202",0.1020,"191,676","413,934","15,112","92,844",0.1832,0.8600,3.8343
5,0.2263,0.2342,"26,124","3,201",0.1092,"217,800","387,810","18,313","89,643",0.1878,0.8304,3.5923
6,0.2342,0.2409,"24,708","3,200",0.1147,"242,508","363,102","21,513","86,443",0.1923,0.8007,3.3634
7,0.2409,0.2471,"23,284","3,201",0.1209,"265,792","339,818","24,714","83,242",0.1968,0.7711,3.1477
8,0.2471,0.2526,"22,267","3,200",0.1257,"288,059","317,551","27,914","80,042",0.2013,0.7414,2.9415
9,0.2526,0.2580,"20,759","3,203",0.1337,"308,818","296,792","31,117","76,839",0.2057,0.7118,2.7492
10,0.2580,0.2629,"19,530","3,200",0.1408,"328,348","277,262","34,317","73,639",0.2099,0.6821,2.5683
11,0.2629,0.2682,"19,969","3,200",0.1381,"348,317","257,293","37,517","70,439",0.2149,0.6525,2.3833
12,0.2682,0.2734,"18,619","3,206",0.1469,"366,936","238,674","40,723","67,233",0.2198,0.6228,2.2108
13,0.2734,0.2786,"17,686","3,201",0.1533,"384,622","220,988","43,924","64,032",0.2247,0.5931,2.0470
14,0.2786,0.2842,"17,179","3,200",0.1570,"401,801","203,809","47,124","60,832",0.2299,0.5635,1.8879
15,0.2842,0.2897,"15,927","3,204",0.1675,"417,728","187,882","50,328","57,628",0.2347,0.5338,1.7404
16,0.2897,0.2950,"15,718","3,209",0.1695,"433,446","172,164","53,537","54,419",0.2402,0.5041,1.5948
17,0.2950,0.3009,"15,157","3,200",0.1743,"448,603","157,007","56,737","51,219",0.2460,0.4744,1.4544
18,0.3009,0.3067,"13,807","3,201",0.1882,"462,410","143,200","59,938","48,018",0.2511,0.4448,1.3265
19,0.3067,0.3124,"13,383","3,200",0.1930,"475,793","129,817","63,138","44,818",0.2566,0.4152,1.2025
20,0.3124,0.3184,"12,295","3,200",0.2065,"488,088","117,522","66,338","41,618",0.2615,0.3855,1.0886
21,0.3184,0.3241,"12,099","3,206",0.2095,"500,187","105,423","69,544","38,412",0.2671,0.3558,0.9765
22,0.3241,0.3300,"11,311","3,200",0.2205,"511,498","94,112","72,744","35,212",0.2723,0.3262,0.8718
23,0.3300,0.3361,"10,869","3,200",0.2275,"522,367","83,243","75,944","32,012",0.2777,0.2965,0.7711
24,0.3361,0.3416,"10,665","3,200",0.2308,"533,032","72,578","79,144","28,812",0.2842,0.2669,0.6723
25,0.3416,0.3475,"9,954","3,206",0.2436,"542,986","62,624","82,350","25,606",0.2902,0.2372,0.5801
26,0.3475,0.3540,"9,535","3,200",0.2513,"552,521","53,089","85,550","22,406",0.2968,0.2075,0.4918
27,0.3540,0.3602,"8,888","3,201",0.2648,"561,409","44,201","88,751","19,205",0.3029,0.1779,0.4094
28,0.3602,0.3674,"8,701","3,201",0.2689,"570,110","35,500","91,952","16,004",0.3107,0.1482,0.3288
29,0.3674,0.3754,"8,004","3,200",0.2856,"578,114","27,496","95,152","12,804",0.3177,0.1186,0.2547
30,0.3754,0.3852,"7,744","3,200",0.2924,"585,858","19,752","98,352","9,604",0.3272,0.0890,0.1830
31,0.3852,0.3983,"7,340","3,204",0.3039,"593,198","12,412","101,556","6,400",0.3402,0.0593,0.1150
32,0.3983,0.4179,"6,846","3,200",0.3185,"600,044","5,566","104,756","3,200",0.3650,0.0296,0.0516
33,0.4179,0.6208,"5,566","3,200",0.3650,"605,610",0,"107,956",0,nan,0.0000,0.0000
