,min,max,Neg,Pos,$\frac{\text{Pos}}{\text{Neg}+\text{Pos}}$,TN,FP,FN,TP,Prec,Rec,FP/P
0,0.1358,0.2588,"49,248","2,319",0.0450,"49,248","556,362","2,319","105,637",0.1596,0.9785,5.1536
1,0.2588,0.2804,"48,111","3,200",0.0624,"97,359","508,251","5,519","102,437",0.1677,0.9489,4.7079
2,0.2804,0.2948,"36,653","3,200",0.0803,"134,012","471,598","8,719","99,237",0.1738,0.9192,4.3684
3,0.2948,0.3038,"30,584","3,201",0.0947,"164,596","441,014","11,920","96,036",0.1788,0.8896,4.0851
4,0.3038,0.3105,"27,711","3,201",0.1036,"192,307","413,303","15,121","92,835",0.1834,0.8599,3.8284
5,0.3105,0.3164,"26,793","3,200",0.1067,"219,100","386,510","18,321","89,635",0.1883,0.8303,3.5803
6,0.3164,0.3212,"24,958","3,201",0.1137,"244,058","361,552","21,522","86,434",0.1929,0.8006,3.3491
7,0.3212,0.3260,"23,609","3,200",0.1194,"267,667","337,943","24,722","83,234",0.1976,0.7710,3.1304
8,0.3260,0.3301,"22,116","3,202",0.1265,"289,783","315,827","27,924","80,032",0.2022,0.7413,2.9255
9,0.3301,0.3343,"20,621","3,201",0.1344,"310,404","295,206","31,125","76,831",0.2065,0.7117,2.7345
10,0.3343,0.3385,"20,485","3,204",0.1353,"330,889","274,721","34,329","73,627",0.2114,0.6820,2.5447
11,0.3385,0.3426,"19,218","3,201",0.1428,"350,107","255,503","37,530","70,426",0.2161,0.6524,2.3667
12,0.3426,0.3467,"18,556","3,202",0.1472,"368,663","236,947","40,732","67,224",0.2210,0.6227,2.1948
13,0.3467,0.3507,"17,068","3,202",0.1580,"385,731","219,879","43,934","64,022",0.2255,0.5930,2.0367
14,0.3507,0.3546,"16,340","3,200",0.1638,"402,071","203,539","47,134","60,822",0.2301,0.5634,1.8854
15,0.3546,0.3589,"15,895","3,203",0.1677,"417,966","187,644","50,337","57,619",0.2349,0.5337,1.7382
16,0.3589,0.3627,"15,129","3,202",0.1747,"433,095","172,515","53,539","54,417",0.2398,0.5041,1.5980
17,0.3627,0.3667,"14,598","3,201",0.1798,"447,693","157,917","56,740","51,216",0.2449,0.4744,1.4628
18,0.3667,0.3709,"14,146","3,202",0.1846,"461,839","143,771","59,942","48,014",0.2504,0.4448,1.3318
19,0.3709,0.3751,"13,477","3,200",0.1919,"475,316","130,294","63,142","44,814",0.2559,0.4151,1.2069
20,0.3752,0.3794,"12,655","3,200",0.2018,"487,971","117,639","66,342","41,614",0.2613,0.3855,1.0897
21,0.3794,0.3834,"12,056","3,203",0.2099,"500,027","105,583","69,545","38,411",0.2668,0.3558,0.9780
22,0.3834,0.3874,"11,155","3,202",0.2230,"511,182","94,428","72,747","35,209",0.2716,0.3261,0.8747
23,0.3874,0.3915,"10,736","3,200",0.2296,"521,918","83,692","75,947","32,009",0.2767,0.2965,0.7752
24,0.3915,0.3958,"10,484","3,203",0.2340,"532,402","73,208","79,150","28,806",0.2824,0.2668,0.6781
25,0.3958,0.3998,"10,133","3,201",0.2401,"542,535","63,075","82,351","25,605",0.2887,0.2372,0.5843
26,0.3998,0.4042,"9,703","3,204",0.2482,"552,238","53,372","85,555","22,401",0.2956,0.2075,0.4944
27,0.4042,0.4086,"9,033","3,200",0.2616,"561,271","44,339","88,755","19,201",0.3022,0.1779,0.4107
28,0.4086,0.4138,"8,965","3,200",0.2630,"570,236","35,374","91,955","16,001",0.3115,0.1482,0.3277
29,0.4138,0.4193,"8,083","3,200",0.2836,"578,319","27,291","95,155","12,801",0.3193,0.1186,0.2528
30,0.4193,0.4264,"7,867","3,200",0.2891,"586,186","19,424","98,355","9,601",0.3308,0.0889,0.1799
31,0.4264,0.4353,"7,215","3,201",0.3073,"593,401","12,209","101,556","6,400",0.3439,0.0593,0.1131
32,0.4353,0.4489,"6,599","3,200",0.3266,"600,000","5,610","104,756","3,200",0.3632,0.0296,0.0520
33,0.4489,0.5963,"5,610","3,200",0.3632,"605,610",0,"107,956",0,nan,0.0000,0.0000
