,min,max,Neg,Pos,$\frac{\text{Pos}}{\text{Neg}+\text{Pos}}$,TN,FP,FN,TP,Prec,Rec,FP/P
0,0.13578,0.23500,"16,048",576,0.0346,"16,048","589,562",576,"107,380",0.1541,0.9947,5.4611
1,0.23500,0.25010,"16,179",800,0.0471,"32,227","573,383","1,376","106,580",0.1567,0.9873,5.3113
2,0.25010,0.25750,"14,737",800,0.0515,"46,964","558,646","2,176","105,780",0.1592,0.9798,5.1748
3,0.25750,0.26382,"13,541",800,0.0558,"60,505","545,105","2,976","104,980",0.1615,0.9724,5.0493
4,0.26382,0.26918,"12,050",800,0.0623,"72,555","533,055","3,776","104,180",0.1635,0.9650,4.9377
5,0.26919,0.27457,"12,150",802,0.0619,"84,705","520,905","4,578","103,378",0.1656,0.9576,4.8252
6,0.27458,0.27964,"10,855",801,0.0687,"95,560","510,050","5,379","102,577",0.1674,0.9502,4.7246
7,0.27964,0.28380,"9,778",800,0.0756,"105,338","500,272","6,179","101,777",0.1691,0.9428,4.6340
8,0.28380,0.28762,"9,828",800,0.0753,"115,166","490,444","6,979","100,977",0.1707,0.9354,4.5430
9,0.28762,0.29107,"8,736",800,0.0839,"123,902","481,708","7,779","100,177",0.1722,0.9279,4.4621
10,0.29107,0.29420,"8,465",801,0.0864,"132,367","473,243","8,580","99,376",0.1735,0.9205,4.3837
11,0.29421,0.29690,"8,161",801,0.0894,"140,528","465,082","9,381","98,575",0.1749,0.9131,4.3081
12,0.29690,0.29920,"7,745",803,0.0939,"148,273","457,337","10,184","97,772",0.1761,0.9057,4.2363
13,0.29921,0.30149,"8,131",803,0.0899,"156,404","449,206","10,987","96,969",0.1775,0.8982,4.1610
14,0.30149,0.30345,"7,048",800,0.1019,"163,452","442,158","11,787","96,169",0.1786,0.8908,4.0957
15,0.30345,0.30557,"7,258",801,0.0994,"170,710","434,900","12,588","95,368",0.1798,0.8834,4.0285
16,0.30557,0.30719,"7,008",800,0.1025,"177,718","427,892","13,388","94,568",0.1810,0.8760,3.9636
17,0.30720,0.30858,"6,323",800,0.1123,"184,041","421,569","14,188","93,768",0.1820,0.8686,3.9050
18,0.30858,0.31028,"7,171",802,0.1006,"191,212","414,398","14,990","92,966",0.1832,0.8611,3.8386
19,0.31028,0.31184,"7,272",800,0.0991,"198,484","407,126","15,790","92,166",0.1846,0.8537,3.7712
20,0.31185,0.31339,"6,851",801,0.1047,"205,335","400,275","16,591","91,365",0.1858,0.8463,3.7078
21,0.31339,0.31482,"6,659",801,0.1074,"211,994","393,616","17,392","90,564",0.1870,0.8389,3.6461
22,0.31482,0.31602,"5,842",800,0.1204,"217,836","387,774","18,192","89,764",0.1880,0.8315,3.5920
23,0.31602,0.31739,"6,338",802,0.1123,"224,174","381,436","18,994","88,962",0.1891,0.8241,3.5333
24,0.31739,0.31875,"6,442",800,0.1105,"230,616","374,994","19,794","88,162",0.1904,0.8166,3.4736
25,0.31875,0.31987,"6,249",800,0.1135,"236,865","368,745","20,594","87,362",0.1915,0.8092,3.4157
26,0.31987,0.32105,"6,133",800,0.1154,"242,998","362,612","21,394","86,562",0.1927,0.8018,3.3589
27,0.32105,0.32228,"6,541",800,0.1090,"249,539","356,071","22,194","85,762",0.1941,0.7944,3.2983
28,0.32228,0.32353,"5,861",800,0.1201,"255,400","350,210","22,994","84,962",0.1952,0.7870,3.2440
29,0.32354,0.32470,"5,578",800,0.1254,"260,978","344,632","23,794","84,162",0.1963,0.7796,3.1923
30,0.32470,0.32574,"5,682",800,0.1234,"266,660","338,950","24,594","83,362",0.1974,0.7722,3.1397
31,0.32574,0.32681,"5,991",800,0.1178,"272,651","332,959","25,394","82,562",0.1987,0.7648,3.0842
32,0.32681,0.32791,"5,366",801,0.1299,"278,017","327,593","26,195","81,761",0.1997,0.7574,3.0345
33,0.32791,0.32895,"5,459",800,0.1278,"283,476","322,134","26,995","80,961",0.2008,0.7499,2.9839
34,0.32895,0.32996,"5,471",801,0.1277,"288,947","316,663","27,796","80,160",0.2020,0.7425,2.9333
35,0.32996,0.33099,"5,082",800,0.1360,"294,029","311,581","28,596","79,360",0.2030,0.7351,2.8862
36,0.33099,0.33212,"5,248",811,0.1339,"299,277","306,333","29,407","78,549",0.2041,0.7276,2.8376
37,0.33213,0.33310,"5,241",805,0.1331,"304,518","301,092","30,212","77,744",0.2052,0.7201,2.7890
38,0.33310,0.33416,"5,225",802,0.1331,"309,743","295,867","31,014","76,942",0.2064,0.7127,2.7406
39,0.33416,0.33519,"5,013",800,0.1376,"314,756","290,854","31,814","76,142",0.2075,0.7053,2.6942
40,0.33520,0.33630,"5,135",800,0.1348,"319,891","285,719","32,614","75,342",0.2087,0.6979,2.6466
41,0.33630,0.33724,"5,020",800,0.1375,"324,911","280,699","33,414","74,542",0.2098,0.6905,2.6001
42,0.33724,0.33834,"5,213",802,0.1333,"330,124","275,486","34,216","73,740",0.2112,0.6831,2.5518
43,0.33834,0.33937,"4,758",803,0.1444,"334,882","270,728","35,019","72,937",0.2122,0.6756,2.5078
44,0.33937,0.34037,"4,925",803,0.1402,"339,807","265,803","35,822","72,134",0.2135,0.6682,2.4621
45,0.34037,0.34143,"4,856",801,0.1416,"344,663","260,947","36,623","71,333",0.2147,0.6608,2.4172
46,0.34143,0.34246,"4,904",801,0.1404,"349,567","256,043","37,424","70,532",0.2160,0.6533,2.3717
47,0.34246,0.34343,"4,643",806,0.1479,"354,210","251,400","38,230","69,726",0.2171,0.6459,2.3287
48,0.34343,0.34445,"4,655",803,0.1471,"358,865","246,745","39,033","68,923",0.2183,0.6384,2.2856
49,0.34445,0.34548,"4,722",804,0.1455,"363,587","242,023","39,837","68,119",0.2196,0.6310,2.2419
50,0.34548,0.34658,"4,642",800,0.1470,"368,229","237,381","40,637","67,319",0.2209,0.6236,2.1989
51,0.34658,0.34758,"4,272",803,0.1582,"372,501","233,109","41,440","66,516",0.2220,0.6161,2.1593
52,0.34758,0.34854,"4,230",805,0.1599,"376,731","228,879","42,245","65,711",0.2231,0.6087,2.1201
53,0.34854,0.34957,"4,281",801,0.1576,"381,012","224,598","43,046","64,910",0.2242,0.6013,2.0805
54,0.34958,0.35061,"4,269",803,0.1583,"385,281","220,329","43,849","64,107",0.2254,0.5938,2.0409
55,0.35062,0.35158,"4,185",802,0.1608,"389,466","216,144","44,651","63,305",0.2265,0.5864,2.0021
56,0.35158,0.35255,"4,132",805,0.1631,"393,598","212,012","45,456","62,500",0.2277,0.5789,1.9639
57,0.35255,0.35347,"4,108",800,0.1630,"397,706","207,904","46,256","61,700",0.2289,0.5715,1.9258
58,0.35347,0.35454,"4,014",801,0.1664,"401,720","203,890","47,057","60,899",0.2300,0.5641,1.8886
59,0.35454,0.35565,"4,151",800,0.1616,"405,871","199,739","47,857","60,099",0.2313,0.5567,1.8502
60,0.35565,0.35668,"3,869",800,0.1713,"409,740","195,870","48,657","59,299",0.2324,0.5493,1.8144
61,0.35669,0.35777,"4,061",800,0.1646,"413,801","191,809","49,457","58,499",0.2337,0.5419,1.7767
62,0.35777,0.35880,"3,858",801,0.1719,"417,659","187,951","50,258","57,698",0.2349,0.5345,1.7410
63,0.35880,0.35976,"3,846",800,0.1722,"421,505","184,105","51,058","56,898",0.2361,0.5270,1.7054
64,0.35976,0.36063,"3,609",800,0.1814,"425,114","180,496","51,858","56,098",0.2371,0.5196,1.6719
65,0.36063,0.36169,"3,791",801,0.1744,"428,905","176,705","52,659","55,297",0.2383,0.5122,1.6368
66,0.36169,0.36262,"3,837",804,0.1732,"432,742","172,868","53,463","54,493",0.2397,0.5048,1.6013
67,0.36262,0.36360,"3,946",800,0.1686,"436,688","168,922","54,263","53,693",0.2412,0.4974,1.5647
68,0.36360,0.36461,"3,669",800,0.1790,"440,357","165,253","55,063","52,893",0.2425,0.4899,1.5307
69,0.36461,0.36571,"3,598",801,0.1821,"443,955","161,655","55,864","52,092",0.2437,0.4825,1.4974
70,0.36571,0.36666,"3,411",800,0.1900,"447,366","158,244","56,664","51,292",0.2448,0.4751,1.4658
71,0.36666,0.36784,"3,678",800,0.1787,"451,044","154,566","57,464","50,492",0.2462,0.4677,1.4317
72,0.36784,0.36881,"3,409",804,0.1908,"454,453","151,157","58,268","49,688",0.2474,0.4603,1.4002
73,0.36881,0.36984,"3,571",800,0.1830,"458,024","147,586","59,068","48,888",0.2488,0.4529,1.3671
74,0.36984,0.37080,"3,494",800,0.1863,"461,518","144,092","59,868","48,088",0.2502,0.4454,1.3347
75,0.37080,0.37184,"3,409",800,0.1901,"464,927","140,683","60,668","47,288",0.2516,0.4380,1.3032
76,0.37184,0.37291,"3,438",800,0.1888,"468,365","137,245","61,468","46,488",0.2530,0.4306,1.2713
77,0.37291,0.37402,"3,453",800,0.1881,"471,818","133,792","62,268","45,688",0.2546,0.4232,1.2393
78,0.37403,0.37504,"3,207",800,0.1997,"475,025","130,585","63,068","44,888",0.2558,0.4158,1.2096
79,0.37504,0.37600,"3,031",800,0.2088,"478,056","127,554","63,868","44,088",0.2569,0.4084,1.1815
80,0.37600,0.37711,"3,174",801,0.2015,"481,230","124,380","64,669","43,287",0.2582,0.4010,1.1521
81,0.37711,0.37824,"3,311",803,0.1952,"484,541","121,069","65,472","42,484",0.2598,0.3935,1.1215
82,0.37824,0.37931,"3,107",800,0.2048,"487,648","117,962","66,272","41,684",0.2611,0.3861,1.0927
83,0.37931,0.38025,"3,223",801,0.1991,"490,871","114,739","67,073","40,883",0.2627,0.3787,1.0628
84,0.38025,0.38132,"3,331",802,0.1940,"494,202","111,408","67,875","40,081",0.2646,0.3713,1.0320
85,0.38132,0.38235,"2,842",800,0.2197,"497,044","108,566","68,675","39,281",0.2657,0.3639,1.0057
86,0.38235,0.38331,"2,753",800,0.2252,"499,797","105,813","69,475","38,481",0.2667,0.3565,0.9801
87,0.38332,0.38434,"2,841",800,0.2197,"502,638","102,972","70,275","37,681",0.2679,0.3490,0.9538
88,0.38434,0.38535,"2,684",800,0.2296,"505,322","100,288","71,075","36,881",0.2689,0.3416,0.9290
89,0.38535,0.38630,"2,715",803,0.2283,"508,037","97,573","71,878","36,078",0.2699,0.3342,0.9038
90,0.38630,0.38731,"2,906",801,0.2161,"510,943","94,667","72,679","35,277",0.2715,0.3268,0.8769
91,0.38731,0.38832,"2,830",810,0.2225,"513,773","91,837","73,489","34,467",0.2729,0.3193,0.8507
92,0.38832,0.38936,"2,614",801,0.2346,"516,387","89,223","74,290","33,666",0.2740,0.3118,0.8265
93,0.38936,0.39038,"2,771",801,0.2242,"519,158","86,452","75,091","32,865",0.2754,0.3044,0.8008
94,0.39038,0.39140,"2,583",802,0.2369,"521,741","83,869","75,893","32,063",0.2766,0.2970,0.7769
95,0.39140,0.39247,"2,684",802,0.2301,"524,425","81,185","76,695","31,261",0.2780,0.2896,0.7520
96,0.39247,0.39367,"2,646",802,0.2326,"527,071","78,539","77,497","30,459",0.2794,0.2821,0.7275
97,0.39367,0.39470,"2,616",800,0.2342,"529,687","75,923","78,297","29,659",0.2809,0.2747,0.7033
98,0.39470,0.39573,"2,546",802,0.2395,"532,233","73,377","79,099","28,857",0.2823,0.2673,0.6797
99,0.39573,0.39673,"2,634",800,0.2330,"534,867","70,743","79,899","28,057",0.2840,0.2599,0.6553
100,0.39673,0.39778,"2,416",800,0.2488,"537,283","68,327","80,699","27,257",0.2852,0.2525,0.6329
101,0.39778,0.39869,"2,577",805,0.2380,"539,860","65,750","81,504","26,452",0.2869,0.2450,0.6090
102,0.39869,0.39974,"2,521",801,0.2411,"542,381","63,229","82,305","25,651",0.2886,0.2376,0.5857
103,0.39974,0.40079,"2,561",800,0.2380,"544,942","60,668","83,105","24,851",0.2906,0.2302,0.5620
104,0.40080,0.40187,"2,498",802,0.2430,"547,440","58,170","83,907","24,049",0.2925,0.2228,0.5388
105,0.40187,0.40308,"2,381",806,0.2529,"549,821","55,789","84,713","23,243",0.2941,0.2153,0.5168
106,0.40308,0.40417,"2,318",800,0.2566,"552,139","53,471","85,513","22,443",0.2956,0.2079,0.4953
107,0.40417,0.40522,"2,354",803,0.2544,"554,493","51,117","86,316","21,640",0.2974,0.2005,0.4735
108,0.40522,0.40629,"2,303",803,0.2585,"556,796","48,814","87,119","20,837",0.2992,0.1930,0.4522
109,0.40629,0.40734,"2,143",800,0.2718,"558,939","46,671","87,919","20,037",0.3004,0.1856,0.4323
110,0.40735,0.40855,"2,236",800,0.2635,"561,175","44,435","88,719","19,237",0.3021,0.1782,0.4116
111,0.40855,0.40977,"2,332",800,0.2554,"563,507","42,103","89,519","18,437",0.3045,0.1708,0.3900
112,0.40977,0.41115,"2,391",808,0.2526,"565,898","39,712","90,327","17,629",0.3074,0.1633,0.3679
113,0.41115,0.41242,"2,241",800,0.2631,"568,139","37,471","91,127","16,829",0.3099,0.1559,0.3471
114,0.41244,0.41369,"1,999",800,0.2858,"570,138","35,472","91,927","16,029",0.3112,0.1485,0.3286
115,0.41369,0.41503,"2,195",800,0.2671,"572,333","33,277","92,727","15,229",0.3140,0.1411,0.3082
116,0.41504,0.41646,"2,072",800,0.2786,"574,405","31,205","93,527","14,429",0.3162,0.1337,0.2891
117,0.41646,0.41790,"2,009",801,0.2851,"576,414","29,196","94,328","13,628",0.3182,0.1262,0.2704
118,0.41790,0.41927,"1,850",805,0.3032,"578,264","27,346","95,133","12,823",0.3192,0.1188,0.2533
119,0.41927,0.42084,"2,022",804,0.2845,"580,286","25,324","95,937","12,019",0.3219,0.1113,0.2346
120,0.42084,0.42253,"1,918",800,0.2943,"582,204","23,406","96,737","11,219",0.3240,0.1039,0.2168
121,0.42253,0.42446,"2,039",800,0.2818,"584,243","21,367","97,537","10,419",0.3278,0.0965,0.1979
122,0.42446,0.42642,"1,917",800,0.2944,"586,160","19,450","98,337","9,619",0.3309,0.0891,0.1802
123,0.42643,0.42855,"1,897",800,0.2966,"588,057","17,553","99,137","8,819",0.3344,0.0817,0.1626
124,0.42855,0.43082,"1,844",802,0.3031,"589,901","15,709","99,939","8,017",0.3379,0.0743,0.1455
125,0.43082,0.43303,"1,777",802,0.3110,"591,678","13,932","100,741","7,215",0.3412,0.0668,0.1291
126,0.43303,0.43532,"1,699",800,0.3201,"593,377","12,233","101,541","6,415",0.3440,0.0594,0.1133
127,0.43532,0.43796,"1,712",809,0.3209,"595,089","10,521","102,350","5,606",0.3476,0.0519,0.0975
128,0.43797,0.44118,"1,771",800,0.3112,"596,860","8,750","103,150","4,806",0.3545,0.0445,0.0811
129,0.44118,0.44475,"1,498",805,0.3495,"598,358","7,252","103,955","4,001",0.3555,0.0371,0.0672
130,0.44475,0.44892,"1,642",801,0.3279,"600,000","5,610","104,756","3,200",0.3632,0.0296,0.0520
131,0.44892,0.45394,"1,471",800,0.3523,"601,471","4,139","105,556","2,400",0.3670,0.0222,0.0383
132,0.45394,0.46092,"1,409",800,0.3622,"602,880","2,730","106,356","1,600",0.3695,0.0148,0.0253
133,0.46092,0.47185,"1,373",800,0.3682,"604,253","1,357","107,156",800,0.3709,0.0074,0.0126
134,0.47186,0.59633,"1,357",800,0.3709,"605,610",0,"107,956",0,nan,0.0000,0.0000
