,min,max,Neg,Pos,$\frac{\text{Pos}}{\text{Neg}+\text{Pos}}$,TN,FP,FN,TP,Prec,Rec,FP/P
0,0.041781437,0.18757081,"20,896",802,0.0370,"20,896","584,714",802,"107,154",0.15488,0.99257,5.41623
1,0.18761788,0.21708262,"18,804","1,002",0.0506,"39,700","565,910","1,804","106,152",0.15795,0.98329,5.24204
2,0.21711725,0.23741557,"17,024","1,000",0.0555,"56,724","548,886","2,804","105,152",0.16077,0.97403,5.08435
3,0.23742375,0.25580665,"15,825","1,001",0.0595,"72,549","533,061","3,805","104,151",0.16345,0.96475,4.93776
4,0.25581974,0.27366084,"14,770","1,002",0.0635,"87,319","518,291","4,807","103,149",0.16598,0.95547,4.80095
5,0.27366608,0.29021937,"14,095","1,000",0.0662,"101,414","504,196","5,807","102,149",0.16847,0.94621,4.67038
6,0.290232,0.3057596,"12,807","1,000",0.0724,"114,221","491,389","6,807","101,149",0.17070,0.93695,4.55175
7,0.30576164,0.3205138,"11,469","1,000",0.0802,"125,690","479,920","7,807","100,149",0.17265,0.92768,4.44551
8,0.32052183,0.33214402,"10,172","1,004",0.0898,"135,862","469,748","8,811","99,145",0.17428,0.91838,4.35129
9,0.33214608,0.34273583,"9,746","1,001",0.0931,"145,608","460,002","9,812","98,144",0.17584,0.90911,4.26101
10,0.34273824,0.35244873,"9,753","1,003",0.0933,"155,361","450,249","10,815","97,141",0.17746,0.89982,4.17067
11,0.3524516,0.3606792,"8,884","1,000",0.1012,"164,245","441,365","11,815","96,141",0.17886,0.89056,4.08838
12,0.36068124,0.3685804,"9,437","1,001",0.0959,"173,682","431,928","12,816","95,140",0.18051,0.88128,4.00096
13,0.36858276,0.3754695,"8,702","1,000",0.1031,"182,384","423,226","13,816","94,140",0.18196,0.87202,3.92036
14,0.37546957,0.3819765,"8,541","1,001",0.1049,"190,925","414,685","14,817","93,139",0.18341,0.86275,3.84124
15,0.38198042,0.38769665,"8,313","1,000",0.1074,"199,238","406,372","15,817","92,139",0.18483,0.85349,3.76424
16,0.38770014,0.3934889,"8,173","1,005",0.1095,"207,411","398,199","16,822","91,134",0.18624,0.84418,3.68853
17,0.39348927,0.39917818,"7,900","1,000",0.1124,"215,311","390,299","17,822","90,134",0.18761,0.83491,3.61535
18,0.3991786,0.40447387,"7,906","1,000",0.1123,"223,217","382,393","18,822","89,134",0.18903,0.82565,3.54212
19,0.40448016,0.41003823,"7,678","1,004",0.1156,"230,895","374,715","19,826","88,130",0.19041,0.81635,3.47100
20,0.4100422,0.41474757,"7,729","1,005",0.1151,"238,624","366,986","20,831","87,125",0.19186,0.80704,3.39940
21,0.41474822,0.41951123,"7,135","1,000",0.1229,"245,759","359,851","21,831","86,125",0.19312,0.79778,3.33331
22,0.41951314,0.4239266,"7,070","1,000",0.1239,"252,829","352,781","22,831","85,125",0.19439,0.78852,3.26782
23,0.4239279,0.42897788,"7,694","1,000",0.1150,"260,523","345,087","23,831","84,125",0.19600,0.77925,3.19655
24,0.4289779,0.4329977,"6,743","1,000",0.1291,"267,266","338,344","24,831","83,125",0.19723,0.76999,3.13409
25,0.4329985,0.4374401,"7,177","1,000",0.1223,"274,443","331,167","25,831","82,125",0.19871,0.76073,3.06761
26,0.4374422,0.44138002,"6,681","1,000",0.1302,"281,124","324,486","26,831","81,125",0.20001,0.75146,3.00572
27,0.44138527,0.44521964,"6,723","1,000",0.1295,"287,847","317,763","27,831","80,125",0.20138,0.74220,2.94345
28,0.44522154,0.44910136,"6,358","1,002",0.1361,"294,205","311,405","28,833","79,123",0.20261,0.73292,2.88455
29,0.44910356,0.4533457,"6,995","1,003",0.1254,"301,200","304,410","29,836","78,120",0.20422,0.72363,2.81976
30,0.45335007,0.45754486,"6,503","1,002",0.1335,"307,703","297,907","30,838","77,118",0.20563,0.71435,2.75952
31,0.4575474,0.4611034,"6,551","1,006",0.1331,"314,254","291,356","31,844","76,112",0.20713,0.70503,2.69884
32,0.46110606,0.46478134,"6,283","1,002",0.1375,"320,537","285,073","32,846","75,110",0.20853,0.69575,2.64064
33,0.46478757,0.4687017,"6,202","1,000",0.1389,"326,739","278,871","33,846","74,110",0.20995,0.68648,2.58319
34,0.46870348,0.47254187,"6,151","1,001",0.1400,"332,890","272,720","34,847","73,109",0.21140,0.67721,2.52621
35,0.47254255,0.47668672,"6,555","1,000",0.1324,"339,445","266,165","35,847","72,109",0.21317,0.66795,2.46550
36,0.47669643,0.480676,"5,971","1,000",0.1435,"345,416","260,194","36,847","71,109",0.21463,0.65869,2.41019
37,0.48067966,0.48455176,"6,050","1,000",0.1418,"351,466","254,144","37,847","70,109",0.21622,0.64942,2.35414
38,0.4845557,0.4884037,"5,679","1,000",0.1497,"357,145","248,465","38,847","69,109",0.21762,0.64016,2.30154
39,0.48840392,0.49223712,"5,782","1,000",0.1474,"362,927","242,683","39,847","68,109",0.21915,0.63090,2.24798
40,0.49223995,0.49616992,"5,752","1,000",0.1481,"368,679","236,931","40,847","67,109",0.22072,0.62163,2.19470
41,0.49617204,0.49999955,"5,544","1,000",0.1528,"374,223","231,387","41,847","66,109",0.22222,0.61237,2.14335
42,0.50000036,0.5037551,"5,645","1,000",0.1505,"379,868","225,742","42,847","65,109",0.22386,0.60311,2.09106
43,0.503756,0.50744724,"5,268","1,000",0.1595,"385,136","220,474","43,847","64,109",0.22527,0.59384,2.04226
44,0.5074477,0.51157993,"5,246","1,000",0.1601,"390,382","215,228","44,847","63,109",0.22674,0.58458,1.99366
45,0.51158255,0.5152705,"5,418","1,000",0.1558,"395,800","209,810","45,847","62,109",0.22841,0.57532,1.94348
46,0.5152743,0.5191413,"5,210","1,003",0.1614,"401,010","204,600","46,850","61,106",0.22998,0.56603,1.89522
47,0.5191442,0.5230047,"4,801","1,002",0.1727,"405,811","199,799","47,852","60,104",0.23126,0.55675,1.85074
48,0.52300686,0.5268219,"5,054","1,000",0.1652,"410,865","194,745","48,852","59,104",0.23283,0.54748,1.80393
49,0.5268238,0.5310058,"5,047","1,003",0.1658,"415,912","189,698","49,855","58,101",0.23447,0.53819,1.75718
50,0.5310154,0.53449345,"5,082","1,000",0.1644,"420,994","184,616","50,855","57,101",0.23623,0.52893,1.71010
51,0.53449637,0.5379867,"4,577","1,000",0.1793,"425,571","180,039","51,855","56,101",0.23758,0.51967,1.66771
52,0.53798693,0.5416824,"4,987","1,001",0.1672,"430,558","175,052","52,856","55,100",0.23941,0.51039,1.62151
53,0.5416835,0.54557794,"4,894","1,001",0.1698,"435,452","170,158","53,857","54,099",0.24124,0.50112,1.57618
54,0.545583,0.5493134,"4,529","1,001",0.1810,"439,981","165,629","54,858","53,098",0.24276,0.49185,1.53423
55,0.5493187,0.5529173,"4,442","1,015",0.1860,"444,423","161,187","55,873","52,083",0.24421,0.48245,1.49308
56,0.55291975,0.5563611,"4,223","1,001",0.1916,"448,646","156,964","56,874","51,082",0.24553,0.47317,1.45396
57,0.5563673,0.5604123,"4,560","1,000",0.1799,"453,206","152,404","57,874","50,082",0.24734,0.46391,1.41172
58,0.5604129,0.56403697,"4,356","1,001",0.1869,"457,562","148,048","58,875","49,081",0.24898,0.45464,1.37137
59,0.5640405,0.56767106,"4,425","1,014",0.1864,"461,987","143,623","59,889","48,067",0.25075,0.44525,1.33038
60,0.56767136,0.5719376,"4,348","1,006",0.1879,"466,335","139,275","60,895","47,061",0.25256,0.43593,1.29011
61,0.57194096,0.57573664,"4,035","1,000",0.1986,"470,370","135,240","61,895","46,061",0.25406,0.42666,1.25273
62,0.57574266,0.5794213,"4,278","1,000",0.1895,"474,648","130,962","62,895","45,061",0.25599,0.41740,1.21311
63,0.5794263,0.583068,"4,170","1,007",0.1945,"478,818","126,792","63,902","44,054",0.25786,0.40807,1.17448
64,0.58306915,0.5870017,"4,003","1,003",0.2004,"482,821","122,789","64,905","43,051",0.25959,0.39878,1.13740
65,0.58701617,0.59073466,"3,745","1,000",0.2107,"486,566","119,044","65,905","42,051",0.26103,0.38952,1.10271
66,0.5907376,0.5938594,"3,437","1,004",0.2261,"490,003","115,607","66,909","41,047",0.26202,0.38022,1.07087
67,0.59385985,0.5976703,"3,700","1,002",0.2131,"493,703","111,907","67,911","40,045",0.26354,0.37094,1.03660
68,0.5976708,0.60160774,"3,872","1,000",0.2053,"497,575","108,035","68,911","39,045",0.26547,0.36168,1.00073
69,0.6016136,0.6050771,"3,502","1,003",0.2226,"501,077","104,533","69,914","38,042",0.26682,0.35238,0.96829
70,0.6050784,0.60887396,"3,779","1,000",0.2092,"504,856","100,754","70,914","37,042",0.26882,0.34312,0.93329
71,0.60887474,0.61241394,"3,706","1,001",0.2127,"508,562","97,048","71,915","36,041",0.27080,0.33385,0.89896
72,0.61241865,0.61618817,"3,589","1,000",0.2179,"512,151","93,459","72,915","35,041",0.27269,0.32459,0.86571
73,0.6161896,0.6200092,"3,265","1,000",0.2345,"515,416","90,194","73,915","34,041",0.27400,0.31532,0.83547
74,0.6200135,0.6234065,"3,686","1,001",0.2136,"519,102","86,508","74,916","33,040",0.27637,0.30605,0.80133
75,0.6234075,0.6272549,"3,570","1,000",0.2188,"522,672","82,938","75,916","32,040",0.27866,0.29679,0.76826
76,0.6272576,0.63071907,"3,167","1,001",0.2402,"525,839","79,771","76,917","31,039",0.28011,0.28752,0.73892
77,0.6307199,0.6339153,"3,091","1,001",0.2446,"528,930","76,680","77,918","30,038",0.28147,0.27824,0.71029
78,0.63391614,0.63711965,"3,256","1,017",0.2380,"532,186","73,424","78,935","29,021",0.28328,0.26882,0.68013
79,0.63712263,0.6404274,"3,122","1,000",0.2426,"535,308","70,302","79,935","28,021",0.28499,0.25956,0.65121
80,0.640429,0.6439728,"3,155","1,000",0.2407,"538,463","67,147","80,935","27,021",0.28694,0.25030,0.62198
81,0.6439734,0.6478605,"3,282","1,000",0.2335,"541,745","63,865","81,935","26,021",0.28949,0.24103,0.59158
82,0.6478642,0.65116256,"2,915","1,000",0.2554,"544,660","60,950","82,935","25,021",0.29104,0.23177,0.56458
83,0.6511641,0.65476763,"3,024","1,001",0.2487,"547,684","57,926","83,936","24,020",0.29312,0.22250,0.53657
84,0.65477455,0.65857327,"2,895","1,000",0.2567,"550,579","55,031","84,936","23,020",0.29494,0.21324,0.50975
85,0.65857536,0.66255814,"3,037","1,000",0.2477,"553,616","51,994","85,936","22,020",0.29751,0.20397,0.48162
86,0.662559,0.66618085,"2,944","1,003",0.2541,"556,560","49,050","86,939","21,017",0.29996,0.19468,0.45435
87,0.6661915,0.66981375,"2,822","1,000",0.2616,"559,382","46,228","87,939","20,017",0.30217,0.18542,0.42821
88,0.6698139,0.67369485,"2,921","1,001",0.2552,"562,303","43,307","88,940","19,016",0.30512,0.17615,0.40115
89,0.6736952,0.6775176,"2,774","1,001",0.2652,"565,077","40,533","89,941","18,015",0.30770,0.16687,0.37546
90,0.67752916,0.68098825,"2,578","1,001",0.2797,"567,655","37,955","90,942","17,014",0.30952,0.15760,0.35158
91,0.6809903,0.6847462,"2,546","1,004",0.2828,"570,201","35,409","91,946","16,010",0.31136,0.14830,0.32799
92,0.6847569,0.6889992,"2,480","1,000",0.2874,"572,681","32,929","92,946","15,010",0.31311,0.13904,0.30502
93,0.6890153,0.69325185,"2,477","1,001",0.2878,"575,158","30,452","93,947","14,009",0.31509,0.12977,0.28208
94,0.69325215,0.69738793,"2,496","1,000",0.2860,"577,654","27,956","94,947","13,009",0.31756,0.12050,0.25896
95,0.6973939,0.7016292,"2,274","1,003",0.3061,"579,928","25,682","95,950","12,006",0.31856,0.11121,0.23789
96,0.7016304,0.70638263,"2,563","1,000",0.2807,"582,491","23,119","96,950","11,006",0.32252,0.10195,0.21415
97,0.7063858,0.71108615,"2,369","1,000",0.2968,"584,860","20,750","97,950","10,006",0.32533,0.09269,0.19221
98,0.7110874,0.7168934,"2,473","1,001",0.2881,"587,333","18,277","98,951","9,005",0.33007,0.08341,0.16930
99,0.71689534,0.7236228,"2,490","1,000",0.2865,"589,823","15,787","99,951","8,005",0.33646,0.07415,0.14624
100,0.72362286,0.7292004,"2,097","1,000",0.3229,"591,920","13,690","100,951","7,005",0.33849,0.06489,0.12681
101,0.72921705,0.73557925,"2,258","1,002",0.3074,"594,178","11,432","101,953","6,003",0.34431,0.05561,0.10589
102,0.73558885,0.7431762,"2,011","1,000",0.3321,"596,189","9,421","102,953","5,003",0.34685,0.04634,0.08727
103,0.7431779,0.75153244,"2,128","1,000",0.3197,"598,317","7,293","103,953","4,003",0.35437,0.03708,0.06756
104,0.75153786,0.7616082,"2,035","1,000",0.3295,"600,352","5,258","104,953","3,003",0.36352,0.02782,0.04871
105,0.76162094,0.7734137,"1,836","1,002",0.3531,"602,188","3,422","105,955","2,001",0.36898,0.01854,0.03170
106,0.77342874,0.79293543,"1,814","1,001",0.3556,"604,002","1,608","106,956","1,000",0.38344,0.00926,0.01489
107,0.7929588,0.9124691,"1,608","1,000",0.3834,"605,610",0,"107,956",0,nan,0.00000,0.00000
