,min,max,Neg,Pos,$\frac{\text{Pos}}{\text{Neg}+\text{Pos}}$,TN,FP,FN,TP,Prec,Rec,FP/P
0,0.001,0.253,"192,671","6,085",0.0306,"192,671","412,939","6,085","101,871",0.1979,0.9436,3.8251
1,0.253,0.287,"86,201","6,400",0.0691,"278,872","326,738","12,485","95,471",0.2261,0.8844,3.0266
2,0.287,0.310,"60,714","6,400",0.0954,"339,586","266,024","18,885","89,071",0.2508,0.8251,2.4642
3,0.310,0.329,"47,290","6,400",0.1192,"386,876","218,734","25,285","82,671",0.2743,0.7658,2.0261
4,0.329,0.346,"37,768","6,400",0.1449,"424,644","180,966","31,685","76,271",0.2965,0.7065,1.6763
5,0.346,0.361,"32,207","6,400",0.1658,"456,851","148,759","38,085","69,871",0.3196,0.6472,1.3780
6,0.361,0.375,"27,378","6,400",0.1895,"484,229","121,381","44,485","63,471",0.3434,0.5879,1.1244
7,0.375,0.389,"24,186","6,400",0.2092,"508,415","97,195","50,885","57,071",0.3700,0.5287,0.9003
8,0.389,0.404,"20,658","6,400",0.2365,"529,073","76,537","57,285","50,671",0.3983,0.4694,0.7090
9,0.404,0.419,"17,690","6,400",0.2657,"546,763","58,847","63,685","44,271",0.4293,0.4101,0.5451
10,0.419,0.435,"14,942","6,400",0.2999,"561,705","43,905","70,085","37,871",0.4631,0.3508,0.4067
11,0.435,0.453,"12,545","6,400",0.3378,"574,250","31,360","76,485","31,471",0.5009,0.2915,0.2905
12,0.453,0.474,"10,260","6,400",0.3842,"584,510","21,100","82,885","25,071",0.5430,0.2322,0.1954
13,0.474,0.501,"8,300","6,400",0.4354,"592,810","12,800","89,285","18,671",0.5933,0.1730,0.1186
14,0.501,0.538,"6,400","6,619",0.5084,"599,210","6,400","95,904","12,052",0.6532,0.1116,0.0593
15,0.538,0.993,"6,400","12,052",0.6532,"605,610",0,"107,956",0,nan,0.0000,0.0000
