,min,max,Neg,Pos,$\frac{\text{Pos}}{\text{Neg}+\text{Pos}}$,TN,FP,FN,TP,Prec,Rec,FP/P
0,0.0449,0.1402,"16,254",596,0.0354,"16,254","589,356",596,"107,360",0.1541,0.9945,5.4592
1,0.1402,0.1547,"16,008",800,0.0476,"32,262","573,348","1,396","106,560",0.1567,0.9871,5.3109
2,0.1547,0.1625,"13,448",800,0.0561,"45,710","559,900","2,196","105,760",0.1589,0.9797,5.1864
3,0.1625,0.1687,"13,104",800,0.0575,"58,814","546,796","2,996","104,960",0.1610,0.9722,5.0650
4,0.1687,0.1746,"12,919",800,0.0583,"71,733","533,877","3,796","104,160",0.1633,0.9648,4.9453
5,0.1746,0.1801,"12,405",800,0.0606,"84,138","521,472","4,596","103,360",0.1654,0.9574,4.8304
6,0.1801,0.1852,"10,842",800,0.0687,"94,980","510,630","5,396","102,560",0.1673,0.9500,4.7300
7,0.1852,0.1903,"10,061",800,0.0737,"105,041","500,569","6,196","101,760",0.1689,0.9426,4.6368
8,0.1903,0.1950,"9,414",800,0.0783,"114,455","491,155","6,996","100,960",0.1705,0.9352,4.5496
9,0.1950,0.1995,"9,010",800,0.0815,"123,465","482,145","7,796","100,160",0.1720,0.9278,4.4661
10,0.1995,0.2035,"8,794",802,0.0836,"132,259","473,351","8,598","99,358",0.1735,0.9204,4.3847
11,0.2035,0.2070,"7,697",800,0.0942,"139,956","465,654","9,398","98,558",0.1747,0.9129,4.3134
12,0.2070,0.2102,"7,645",800,0.0947,"147,601","458,009","10,198","97,758",0.1759,0.9055,4.2426
13,0.2102,0.2133,"7,601",800,0.0952,"155,202","450,408","10,998","96,958",0.1771,0.8981,4.1721
14,0.2133,0.2162,"7,392",805,0.0982,"162,594","443,016","11,803","96,153",0.1783,0.8907,4.1037
15,0.2162,0.2190,"7,332",800,0.0984,"169,926","435,684","12,603","95,353",0.1796,0.8833,4.0358
16,0.2190,0.2215,"7,309",801,0.0988,"177,235","428,375","13,404","94,552",0.1808,0.8758,3.9681
17,0.2215,0.2240,"7,275",800,0.0991,"184,510","421,100","14,204","93,752",0.1821,0.8684,3.9007
18,0.2240,0.2261,"6,379",800,0.1114,"190,889","414,721","15,004","92,952",0.1831,0.8610,3.8416
19,0.2261,0.2282,"6,798",800,0.1053,"197,687","407,923","15,804","92,152",0.1843,0.8536,3.7786
20,0.2282,0.2303,"6,541",800,0.1090,"204,228","401,382","16,604","91,352",0.1854,0.8462,3.7180
21,0.2303,0.2322,"6,179",800,0.1146,"210,407","395,203","17,404","90,552",0.1864,0.8388,3.6608
22,0.2322,0.2340,"6,481",800,0.1099,"216,888","388,722","18,204","89,752",0.1876,0.8314,3.6007
23,0.2340,0.2358,"6,460",802,0.1104,"223,348","382,262","19,006","88,950",0.1888,0.8239,3.5409
24,0.2358,0.2373,"6,165",800,0.1149,"229,513","376,097","19,806","88,150",0.1899,0.8165,3.4838
25,0.2373,0.2390,"6,187",801,0.1146,"235,700","369,910","20,607","87,349",0.1910,0.8091,3.4265
26,0.2390,0.2407,"6,026",803,0.1176,"241,726","363,884","21,410","86,546",0.1921,0.8017,3.3707
27,0.2407,0.2422,"5,823",800,0.1208,"247,549","358,061","22,210","85,746",0.1932,0.7943,3.3167
28,0.2422,0.2438,"5,788",802,0.1217,"253,337","352,273","23,012","84,944",0.1943,0.7868,3.2631
29,0.2438,0.2452,"5,880",801,0.1199,"259,217","346,393","23,813","84,143",0.1954,0.7794,3.2086
30,0.2452,0.2469,"5,781",800,0.1216,"264,998","340,612","24,613","83,343",0.1966,0.7720,3.1551
31,0.2469,0.2484,"5,886",807,0.1206,"270,884","334,726","25,420","82,536",0.1978,0.7645,3.1006
32,0.2484,0.2498,"5,707",800,0.1229,"276,591","329,019","26,220","81,736",0.1990,0.7571,3.0477
33,0.2498,0.2510,"5,315",803,0.1313,"281,906","323,704","27,023","80,933",0.2000,0.7497,2.9985
34,0.2510,0.2524,"5,586",801,0.1254,"287,492","318,118","27,824","80,132",0.2012,0.7423,2.9467
35,0.2525,0.2538,"5,192",804,0.1341,"292,684","312,926","28,628","79,328",0.2022,0.7348,2.8986
36,0.2538,0.2552,"5,501",801,0.1271,"298,185","307,425","29,429","78,527",0.2035,0.7274,2.8477
37,0.2552,0.2566,"5,189",800,0.1336,"303,374","302,236","30,229","77,727",0.2046,0.7200,2.7996
38,0.2566,0.2578,"4,949",802,0.1395,"308,323","297,287","31,031","76,925",0.2056,0.7126,2.7538
39,0.2578,0.2591,"4,728",801,0.1449,"313,051","292,559","31,832","76,124",0.2065,0.7051,2.7100
40,0.2591,0.2604,"4,940",800,0.1394,"317,991","287,619","32,632","75,324",0.2075,0.6977,2.6642
41,0.2604,0.2617,"5,036",805,0.1378,"323,027","282,583","33,437","74,519",0.2087,0.6903,2.6176
42,0.2617,0.2628,"4,843",800,0.1418,"327,870","277,740","34,237","73,719",0.2098,0.6829,2.5727
43,0.2628,0.2641,"5,397",802,0.1294,"333,267","272,343","35,039","72,917",0.2112,0.6754,2.5227
44,0.2641,0.2653,"4,998",803,0.1384,"338,265","267,345","35,842","72,114",0.2124,0.6680,2.4764
45,0.2653,0.2668,"4,782",804,0.1439,"343,047","262,563","36,646","71,310",0.2136,0.6605,2.4321
46,0.2668,0.2681,"4,803",801,0.1429,"347,850","257,760","37,447","70,509",0.2148,0.6531,2.3876
47,0.2681,0.2694,"4,708",804,0.1459,"352,558","253,052","38,251","69,705",0.2160,0.6457,2.3440
48,0.2694,0.2708,"4,917",801,0.1401,"357,475","248,135","39,052","68,904",0.2173,0.6383,2.2985
49,0.2708,0.2719,"4,348",801,0.1556,"361,823","243,787","39,853","68,103",0.2184,0.6308,2.2582
50,0.2719,0.2733,"4,626",800,0.1474,"366,449","239,161","40,653","67,303",0.2196,0.6234,2.2154
51,0.2733,0.2747,"4,820",803,0.1428,"371,269","234,341","41,456","66,500",0.2210,0.6160,2.1707
52,0.2747,0.2758,"4,619",800,0.1476,"375,888","229,722","42,256","65,700",0.2224,0.6086,2.1279
53,0.2758,0.2772,"4,169",802,0.1613,"380,057","225,553","43,058","64,898",0.2234,0.6012,2.0893
54,0.2772,0.2785,"4,163",800,0.1612,"384,220","221,390","43,858","64,098",0.2245,0.5937,2.0507
55,0.2785,0.2797,"4,495",803,0.1516,"388,715","216,895","44,661","63,295",0.2259,0.5863,2.0091
56,0.2797,0.2811,"4,184",801,0.1607,"392,899","212,711","45,462","62,494",0.2271,0.5789,1.9703
57,0.2811,0.2825,"4,419",800,0.1533,"397,318","208,292","46,262","61,694",0.2285,0.5715,1.9294
58,0.2825,0.2841,"4,137",800,0.1620,"401,455","204,155","47,062","60,894",0.2297,0.5641,1.8911
59,0.2841,0.2854,"4,069",800,0.1643,"405,524","200,086","47,862","60,094",0.2310,0.5567,1.8534
60,0.2854,0.2867,"3,872",801,0.1714,"409,396","196,214","48,663","59,293",0.2321,0.5492,1.8175
61,0.2867,0.2882,"4,032",800,0.1656,"413,428","192,182","49,463","58,493",0.2333,0.5418,1.7802
62,0.2882,0.2896,"3,957",802,0.1685,"417,385","188,225","50,265","57,691",0.2346,0.5344,1.7435
63,0.2896,0.2910,"4,065",802,0.1648,"421,450","184,160","51,067","56,889",0.2360,0.5270,1.7059
64,0.2910,0.2923,"3,764",800,0.1753,"425,214","180,396","51,867","56,089",0.2372,0.5196,1.6710
65,0.2923,0.2936,"3,846",804,0.1729,"429,060","176,550","52,671","55,285",0.2385,0.5121,1.6354
66,0.2936,0.2949,"4,052",802,0.1652,"433,112","172,498","53,473","54,483",0.2400,0.5047,1.5979
67,0.2949,0.2963,"4,215",801,0.1597,"437,327","168,283","54,274","53,682",0.2418,0.4973,1.5588
68,0.2963,0.2977,"3,521",800,0.1851,"440,848","164,762","55,074","52,882",0.2430,0.4898,1.5262
69,0.2977,0.2994,"3,994",802,0.1672,"444,842","160,768","55,876","52,080",0.2447,0.4824,1.4892
70,0.2994,0.3008,"3,549",805,0.1849,"448,391","157,219","56,681","51,275",0.2459,0.4750,1.4563
71,0.3008,0.3021,"3,484",800,0.1867,"451,875","153,735","57,481","50,475",0.2472,0.4676,1.4241
72,0.3021,0.3035,"3,307",803,0.1954,"455,182","150,428","58,284","49,672",0.2482,0.4601,1.3934
73,0.3035,0.3053,"3,596",803,0.1825,"458,778","146,832","59,087","48,869",0.2497,0.4527,1.3601
74,0.3053,0.3067,"3,433",800,0.1890,"462,211","143,399","59,887","48,069",0.2511,0.4453,1.3283
75,0.3067,0.3080,"3,366",801,0.1922,"465,577","140,033","60,688","47,268",0.2524,0.4378,1.2971
76,0.3080,0.3095,"3,591",801,0.1824,"469,168","136,442","61,489","46,467",0.2540,0.4304,1.2639
77,0.3095,0.3109,"3,146",800,0.2027,"472,314","133,296","62,289","45,667",0.2552,0.4230,1.2347
78,0.3109,0.3123,"3,258",806,0.1983,"475,572","130,038","63,095","44,861",0.2565,0.4155,1.2045
79,0.3123,0.3139,"3,240",802,0.1984,"478,812","126,798","63,897","44,059",0.2579,0.4081,1.1745
80,0.3139,0.3153,"3,036",801,0.2088,"481,848","123,762","64,698","43,258",0.2590,0.4007,1.1464
81,0.3153,0.3168,"2,919",800,0.2151,"484,767","120,843","65,498","42,458",0.2600,0.3933,1.1194
82,0.3168,0.3183,"3,192",804,0.2012,"487,959","117,651","66,302","41,654",0.2615,0.3858,1.0898
83,0.3183,0.3198,"3,015",800,0.2097,"490,974","114,636","67,102","40,854",0.2627,0.3784,1.0619
84,0.3198,0.3211,"3,136",801,0.2035,"494,110","111,500","67,903","40,053",0.2643,0.3710,1.0328
85,0.3211,0.3226,"3,071",800,0.2067,"497,181","108,429","68,703","39,253",0.2658,0.3636,1.0044
86,0.3226,0.3241,"2,867",800,0.2182,"500,048","105,562","69,503","38,453",0.2670,0.3562,0.9778
87,0.3241,0.3255,"2,930",800,0.2145,"502,978","102,632","70,303","37,653",0.2684,0.3488,0.9507
88,0.3255,0.3271,"2,770",801,0.2243,"505,748","99,862","71,104","36,852",0.2696,0.3414,0.9250
89,0.3271,0.3285,"2,900",801,0.2164,"508,648","96,962","71,905","36,051",0.2710,0.3339,0.8982
90,0.3285,0.3300,"2,725",800,0.2270,"511,373","94,237","72,705","35,251",0.2722,0.3265,0.8729
91,0.3300,0.3314,"2,763",802,0.2250,"514,136","91,474","73,507","34,449",0.2736,0.3191,0.8473
92,0.3314,0.3330,"2,767",800,0.2243,"516,903","88,707","74,307","33,649",0.2750,0.3117,0.8217
93,0.3330,0.3345,"2,635",800,0.2329,"519,538","86,072","75,107","32,849",0.2762,0.3043,0.7973
94,0.3345,0.3361,"2,722",808,0.2289,"522,260","83,350","75,915","32,041",0.2777,0.2968,0.7721
95,0.3361,0.3374,"2,681",800,0.2298,"524,941","80,669","76,715","31,241",0.2792,0.2894,0.7472
96,0.3374,0.3387,"2,714",800,0.2277,"527,655","77,955","77,515","30,441",0.2808,0.2820,0.7221
97,0.3387,0.3401,"2,671",801,0.2307,"530,326","75,284","78,316","29,640",0.2825,0.2746,0.6974
98,0.3401,0.3415,"2,610",802,0.2351,"532,936","72,674","79,118","28,838",0.2841,0.2671,0.6732
99,0.3415,0.3430,"2,437",800,0.2471,"535,373","70,237","79,918","28,038",0.2853,0.2597,0.6506
100,0.3430,0.3444,"2,558",800,0.2382,"537,931","67,679","80,718","27,238",0.2870,0.2523,0.6269
101,0.3445,0.3460,"2,430",800,0.2477,"540,361","65,249","81,518","26,438",0.2884,0.2449,0.6044
102,0.3460,0.3475,"2,554",800,0.2385,"542,915","62,695","82,318","25,638",0.2902,0.2375,0.5807
103,0.3475,0.3491,"2,366",800,0.2527,"545,281","60,329","83,118","24,838",0.2916,0.2301,0.5588
104,0.3491,0.3508,"2,430",802,0.2481,"547,711","57,899","83,920","24,036",0.2934,0.2226,0.5363
105,0.3508,0.3524,"2,391",800,0.2507,"550,102","55,508","84,720","23,236",0.2951,0.2152,0.5142
106,0.3524,0.3539,"2,331",803,0.2562,"552,433","53,177","85,523","22,433",0.2967,0.2078,0.4926
107,0.3539,0.3556,"2,264",801,0.2613,"554,697","50,913","86,324","21,632",0.2982,0.2004,0.4716
108,0.3556,0.3570,"2,114",803,0.2753,"556,811","48,799","87,127","20,829",0.2991,0.1929,0.4520
109,0.3570,0.3585,"2,306",800,0.2576,"559,117","46,493","87,927","20,029",0.3011,0.1855,0.4307
110,0.3585,0.3602,"2,241",804,0.2640,"561,358","44,252","88,731","19,225",0.3029,0.1781,0.4099
111,0.3602,0.3620,"2,139",803,0.2729,"563,497","42,113","89,534","18,422",0.3043,0.1706,0.3901
112,0.3620,0.3636,"2,011",800,0.2846,"565,508","40,102","90,334","17,622",0.3053,0.1632,0.3715
113,0.3636,0.3655,"2,291",801,0.2591,"567,799","37,811","91,135","16,821",0.3079,0.1558,0.3502
114,0.3655,0.3673,"2,253",801,0.2623,"570,052","35,558","91,936","16,020",0.3106,0.1484,0.3294
115,0.3673,0.3693,"2,082",800,0.2776,"572,134","33,476","92,736","15,220",0.3126,0.1410,0.3101
116,0.3693,0.3712,"1,826",800,0.3046,"573,960","31,650","93,536","14,420",0.3130,0.1336,0.2932
117,0.3712,0.3733,"2,069",800,0.2788,"576,029","29,581","94,336","13,620",0.3153,0.1262,0.2740
118,0.3733,0.3754,"2,072",800,0.2786,"578,101","27,509","95,136","12,820",0.3179,0.1188,0.2548
119,0.3754,0.3776,"1,856",800,0.3012,"579,957","25,653","95,936","12,020",0.3191,0.1113,0.2376
120,0.3776,0.3798,"1,982",802,0.2881,"581,939","23,671","96,738","11,218",0.3215,0.1039,0.2193
121,0.3798,0.3823,"1,967",800,0.2891,"583,906","21,704","97,538","10,418",0.3243,0.0965,0.2010
122,0.3824,0.3852,"1,931",804,0.2940,"585,837","19,773","98,342","9,614",0.3272,0.0891,0.1832
123,0.3852,0.3877,"1,833",800,0.3038,"587,670","17,940","99,142","8,814",0.3294,0.0816,0.1662
124,0.3877,0.3908,"1,803",800,0.3073,"589,473","16,137","99,942","8,014",0.3318,0.0742,0.1495
125,0.3909,0.3943,"1,914",800,0.2948,"591,387","14,223","100,742","7,214",0.3365,0.0668,0.1317
126,0.3943,0.3982,"1,791",802,0.3093,"593,178","12,432","101,544","6,412",0.3403,0.0594,0.1152
127,0.3982,0.4021,"1,823",801,0.3053,"595,001","10,609","102,345","5,611",0.3459,0.0520,0.0983
128,0.4021,0.4066,"1,713",804,0.3194,"596,714","8,896","103,149","4,807",0.3508,0.0445,0.0824
129,0.4066,0.4122,"1,648",800,0.3268,"598,362","7,248","103,949","4,007",0.3560,0.0371,0.0671
130,0.4123,0.4178,"1,681",804,0.3235,"600,043","5,567","104,753","3,203",0.3652,0.0297,0.0516
131,0.4179,0.4258,"1,452",801,0.3555,"601,495","4,115","105,554","2,402",0.3686,0.0222,0.0381
132,0.4258,0.4360,"1,412",800,0.3617,"602,907","2,703","106,354","1,602",0.3721,0.0148,0.0250
133,0.4360,0.4509,"1,395",801,0.3648,"604,302","1,308","107,155",801,0.3798,0.0074,0.0121
134,0.4509,0.6208,"1,308",801,0.3798,"605,610",0,"107,956",0,nan,0.0000,0.0000
