,min,max,Neg,Pos,$\frac{\text{Pos}}{\text{Neg}+\text{Pos}}$,TN,FP,FN,TP,Prec,Rec,FP/P
0,0.0012,0.1888,"67,559","1,080",0.0157,"67,559","538,051","1,080","106,876",0.1657,0.9900,4.9840
1,0.1888,0.2203,"52,678","1,600",0.0295,"120,237","485,373","2,680","105,276",0.1782,0.9752,4.4960
2,0.2203,0.2383,"37,534","1,600",0.0409,"157,771","447,839","4,280","103,676",0.1880,0.9604,4.1483
3,0.2383,0.2519,"31,592","1,600",0.0482,"189,363","416,247","5,880","102,076",0.1969,0.9455,3.8557
4,0.2519,0.2623,"25,448","1,600",0.0592,"214,811","390,799","7,480","100,476",0.2045,0.9307,3.6200
5,0.2623,0.2712,"22,669","1,600",0.0659,"237,480","368,130","9,080","98,876",0.2117,0.9159,3.4100
6,0.2712,0.2789,"19,912","1,600",0.0744,"257,392","348,218","10,680","97,276",0.2184,0.9011,3.2256
7,0.2789,0.2863,"19,480","1,600",0.0759,"276,872","328,738","12,280","95,676",0.2254,0.8862,3.0451
8,0.2863,0.2927,"16,680","1,600",0.0875,"293,552","312,058","13,880","94,076",0.2316,0.8714,2.8906
9,0.2927,0.2987,"15,906","1,600",0.0914,"309,458","296,152","15,480","92,476",0.2380,0.8566,2.7433
10,0.2987,0.3044,"15,048","1,600",0.0961,"324,506","281,104","17,080","90,876",0.2443,0.8418,2.6039
11,0.3044,0.3095,"13,185","1,600",0.1082,"337,691","267,919","18,680","89,276",0.2499,0.8270,2.4817
12,0.3095,0.3147,"13,108","1,600",0.1088,"350,799","254,811","20,280","87,676",0.2560,0.8121,2.3603
13,0.3147,0.3196,"12,418","1,601",0.1142,"363,217","242,393","21,881","86,075",0.2620,0.7973,2.2453
14,0.3196,0.3241,"11,339","1,600",0.1237,"374,556","231,054","23,481","84,475",0.2677,0.7825,2.1403
15,0.3241,0.3286,"10,998","1,600",0.1270,"385,554","220,056","25,081","82,875",0.2736,0.7677,2.0384
16,0.3286,0.3329,"10,094","1,600",0.1368,"395,648","209,962","26,681","81,275",0.2791,0.7529,1.9449
17,0.3329,0.3371,"10,007","1,600",0.1378,"405,655","199,955","28,281","79,675",0.2849,0.7380,1.8522
18,0.3371,0.3410,"8,928","1,600",0.1520,"414,583","191,027","29,881","78,075",0.2901,0.7232,1.7695
19,0.3410,0.3450,"8,932","1,600",0.1519,"423,515","182,095","31,481","76,475",0.2958,0.7084,1.6868
20,0.3450,0.3490,"8,701","1,600",0.1553,"432,216","173,394","33,081","74,875",0.3016,0.6936,1.6062
21,0.3490,0.3527,"7,921","1,600",0.1680,"440,137","165,473","34,681","73,275",0.3069,0.6787,1.5328
22,0.3527,0.3566,"8,447","1,600",0.1593,"448,584","157,026","36,281","71,675",0.3134,0.6639,1.4545
23,0.3566,0.3602,"7,302","1,600",0.1797,"455,886","149,724","37,881","70,075",0.3188,0.6491,1.3869
24,0.3602,0.3638,"7,302","1,601",0.1798,"463,188","142,422","39,482","68,474",0.3247,0.6343,1.3193
25,0.3638,0.3675,"7,101","1,600",0.1839,"470,289","135,321","41,082","66,874",0.3307,0.6195,1.2535
26,0.3675,0.3710,"6,520","1,600",0.1970,"476,809","128,801","42,682","65,274",0.3363,0.6046,1.1931
27,0.3710,0.3745,"6,611","1,600",0.1949,"483,420","122,190","44,282","63,674",0.3426,0.5898,1.1319
28,0.3745,0.3782,"6,414","1,600",0.1997,"489,834","115,776","45,882","62,074",0.3490,0.5750,1.0724
29,0.3782,0.3818,"6,265","1,600",0.2034,"496,099","109,511","47,482","60,474",0.3558,0.5602,1.0144
30,0.3818,0.3855,"6,019","1,600",0.2100,"502,118","103,492","49,082","58,874",0.3626,0.5454,0.9586
31,0.3855,0.3890,"5,633","1,600",0.2212,"507,751","97,859","50,682","57,274",0.3692,0.5305,0.9065
32,0.3890,0.3926,"5,545","1,600",0.2239,"513,296","92,314","52,282","55,674",0.3762,0.5157,0.8551
33,0.3926,0.3961,"5,164","1,601",0.2367,"518,460","87,150","53,883","54,073",0.3829,0.5009,0.8073
34,0.3961,0.3998,"5,100","1,600",0.2388,"523,560","82,050","55,483","52,473",0.3901,0.4861,0.7600
35,0.3998,0.4034,"4,933","1,600",0.2449,"528,493","77,117","57,083","50,873",0.3975,0.4712,0.7143
36,0.4034,0.4072,"4,760","1,600",0.2516,"533,253","72,357","58,683","49,273",0.4051,0.4564,0.6702
37,0.4072,0.4109,"4,476","1,600",0.2633,"537,729","67,881","60,283","47,673",0.4126,0.4416,0.6288
38,0.4109,0.4146,"4,275","1,600",0.2723,"542,004","63,606","61,883","46,073",0.4201,0.4268,0.5892
39,0.4146,0.4186,"4,282","1,600",0.2720,"546,286","59,324","63,483","44,473",0.4285,0.4120,0.5495
40,0.4186,0.4224,"3,897","1,600",0.2911,"550,183","55,427","65,083","42,873",0.4361,0.3971,0.5134
41,0.4224,0.4263,"3,747","1,600",0.2992,"553,930","51,680","66,683","41,273",0.4440,0.3823,0.4787
42,0.4263,0.4305,"3,806","1,600",0.2960,"557,736","47,874","68,283","39,673",0.4532,0.3675,0.4435
43,0.4305,0.4347,"3,541","1,600",0.3112,"561,277","44,333","69,883","38,073",0.4620,0.3527,0.4107
44,0.4347,0.4390,"3,465","1,600",0.3159,"564,742","40,868","71,483","36,473",0.4716,0.3379,0.3786
45,0.4390,0.4435,"3,260","1,600",0.3292,"568,002","37,608","73,083","34,873",0.4811,0.3230,0.3484
46,0.4435,0.4479,"3,016","1,600",0.3466,"571,018","34,592","74,683","33,273",0.4903,0.3082,0.3204
47,0.4479,0.4526,"2,960","1,600",0.3509,"573,978","31,632","76,283","31,673",0.5003,0.2934,0.2930
48,0.4526,0.4572,"2,551","1,600",0.3854,"576,529","29,081","77,883","30,073",0.5084,0.2786,0.2694
49,0.4572,0.4624,"2,710","1,600",0.3712,"579,239","26,371","79,483","28,473",0.5192,0.2637,0.2443
50,0.4624,0.4676,"2,440","1,600",0.3960,"581,679","23,931","81,083","26,873",0.5290,0.2489,0.2217
51,0.4676,0.4732,"2,504","1,600",0.3899,"584,183","21,427","82,683","25,273",0.5412,0.2341,0.1985
52,0.4732,0.4791,"2,319","1,600",0.4083,"586,502","19,108","84,283","23,673",0.5534,0.2193,0.1770
53,0.4791,0.4855,"2,128","1,600",0.4292,"588,630","16,980","85,883","22,073",0.5652,0.2045,0.1573
54,0.4855,0.4922,"2,000","1,600",0.4444,"590,630","14,980","87,483","20,473",0.5775,0.1896,0.1388
55,0.4922,0.4996,"1,959","1,600",0.4496,"592,589","13,021","89,083","18,873",0.5917,0.1748,0.1206
56,0.4996,0.5076,"1,733","1,600",0.4800,"594,322","11,288","90,683","17,273",0.6048,0.1600,0.1046
57,0.5076,0.5161,"1,688","1,600",0.4866,"596,010","9,600","92,283","15,673",0.6201,0.1452,0.0889
58,0.5161,0.5260,"1,600","1,739",0.5208,"597,610","8,000","94,022","13,934",0.6353,0.1291,0.0741
59,0.5260,0.5385,"1,600","1,882",0.5405,"599,210","6,400","95,904","12,052",0.6532,0.1116,0.0593
60,0.5385,0.5535,"1,600","1,979",0.5529,"600,810","4,800","97,883","10,073",0.6773,0.0933,0.0445
61,0.5535,0.5744,"1,600","2,525",0.6121,"602,410","3,200","100,408","7,548",0.7023,0.0699,0.0296
62,0.5744,0.6055,"1,600","3,082",0.6583,"604,010","1,600","103,490","4,466",0.7362,0.0414,0.0148
63,0.6055,0.9935,"1,600","4,466",0.7362,"605,610",0,"107,956",0,nan,0.0000,0.0000
