,min,max,Neg,Pos,$\frac{\text{Pos}}{\text{Neg}+\text{Pos}}$,TN,FP,FN,TP,Prec,Rec,FP/P
0,0.011,0.068,"97,053","5,535",0.0540,"97,053","508,557","5,535","102,421",0.1676,0.9487,4.7108
1,0.068,0.092,"66,735","6,400",0.0875,"163,788","441,822","11,935","96,021",0.1785,0.8894,4.0926
2,0.092,0.107,"54,796","6,400",0.1046,"218,584","387,026","18,335","89,621",0.1880,0.8302,3.5850
3,0.107,0.120,"48,817","6,400",0.1159,"267,401","338,209","24,735","83,221",0.1975,0.7709,3.1328
4,0.120,0.131,"43,369","6,405",0.1287,"310,770","294,840","31,140","76,816",0.2067,0.7115,2.7311
5,0.131,0.142,"39,065","6,402",0.1408,"349,835","255,775","37,542","70,414",0.2159,0.6522,2.3693
6,0.142,0.155,"36,709","6,408",0.1486,"386,544","219,066","43,950","64,006",0.2261,0.5929,2.0292
7,0.155,0.168,"31,786","6,400",0.1676,"418,330","187,280","50,350","57,606",0.2352,0.5336,1.7348
8,0.168,0.182,"30,167","6,400",0.1750,"448,497","157,113","56,750","51,206",0.2458,0.4743,1.4553
9,0.182,0.198,"27,922","6,400",0.1865,"476,419","129,191","63,150","44,806",0.2575,0.4150,1.1967
10,0.198,0.214,"24,313","6,401",0.2084,"500,732","104,878","69,551","38,405",0.2680,0.3557,0.9715
11,0.214,0.231,"22,258","6,400",0.2233,"522,990","82,620","75,951","32,005",0.2792,0.2965,0.7653
12,0.231,0.249,"20,017","6,401",0.2423,"543,007","62,603","82,352","25,604",0.2903,0.2372,0.5799
13,0.249,0.268,"18,625","6,400",0.2557,"561,632","43,978","88,752","19,204",0.3039,0.1779,0.4074
14,0.268,0.293,"16,964","6,401",0.2740,"578,596","27,014","95,153","12,803",0.3215,0.1186,0.2502
15,0.293,0.327,"14,913","6,402",0.3004,"593,509","12,101","101,555","6,401",0.3460,0.0593,0.1121
16,0.327,0.644,"12,101","6,401",0.3460,"605,610",0,"107,956",0,nan,0.0000,0.0000
