,min,max,Neg,Pos,$\frac{\text{Pos}}{\text{Neg}+\text{Pos}}$,TN,FP,FN,TP,Prec,Rec,FP/P
0,0.0500,0.2282,"49,596","1,567",0.0306,"49,596","556,014","1,567","106,389",0.1606,0.9855,5.1504
1,0.2282,0.2469,"31,658","1,600",0.0481,"81,254","524,356","3,167","104,789",0.1666,0.9707,4.8571
2,0.2469,0.2589,"26,474","1,600",0.0570,"107,728","497,882","4,767","103,189",0.1717,0.9558,4.6119
3,0.2589,0.2680,"23,612","1,600",0.0635,"131,340","474,270","6,367","101,589",0.1764,0.9410,4.3932
4,0.2680,0.2751,"20,511","1,600",0.0724,"151,851","453,759","7,967","99,989",0.1806,0.9262,4.2032
5,0.2751,0.2815,"20,037","1,600",0.0739,"171,888","433,722","9,567","98,389",0.1849,0.9114,4.0176
6,0.2815,0.2868,"17,807","1,600",0.0824,"189,695","415,915","11,167","96,789",0.1888,0.8966,3.8526
7,0.2868,0.2915,"15,988","1,600",0.0910,"205,683","399,927","12,767","95,189",0.1923,0.8817,3.7045
8,0.2915,0.2961,"16,394","1,600",0.0889,"222,077","383,533","14,367","93,589",0.1962,0.8669,3.5527
9,0.2961,0.3004,"15,752","1,600",0.0922,"237,829","367,781","15,967","91,989",0.2001,0.8521,3.4068
10,0.3004,0.3045,"15,422","1,600",0.0940,"253,251","352,359","17,567","90,389",0.2042,0.8373,3.2639
11,0.3045,0.3084,"14,555","1,600",0.0990,"267,806","337,804","19,167","88,789",0.2081,0.8225,3.1291
12,0.3084,0.3120,"13,654","1,600",0.1049,"281,460","324,150","20,767","87,189",0.2120,0.8076,3.0026
13,0.3120,0.3155,"13,239","1,600",0.1078,"294,699","310,911","22,367","85,589",0.2159,0.7928,2.8800
14,0.3155,0.3189,"13,016","1,600",0.1095,"307,715","297,895","23,967","83,989",0.2199,0.7780,2.7594
15,0.3189,0.3220,"11,854","1,600",0.1189,"319,569","286,041","25,567","82,389",0.2236,0.7632,2.6496
16,0.3220,0.3252,"11,936","1,600",0.1182,"331,505","274,105","27,167","80,789",0.2276,0.7484,2.5390
17,0.3252,0.3282,"11,192","1,600",0.1251,"342,697","262,913","28,767","79,189",0.2315,0.7335,2.4354
18,0.3282,0.3313,"11,022","1,600",0.1268,"353,719","251,891","30,367","77,589",0.2355,0.7187,2.3333
19,0.3313,0.3342,"10,686","1,600",0.1302,"364,405","241,205","31,967","75,989",0.2396,0.7039,2.2343
20,0.3342,0.3372,"10,726","1,600",0.1298,"375,131","230,479","33,567","74,389",0.2440,0.6891,2.1349
21,0.3372,0.3399,"9,410","1,600",0.1453,"384,541","221,069","35,167","72,789",0.2477,0.6742,2.0478
22,0.3399,0.3426,"9,178","1,600",0.1485,"393,719","211,891","36,767","71,189",0.2515,0.6594,1.9628
23,0.3426,0.3454,"9,056","1,600",0.1502,"402,775","202,835","38,367","69,589",0.2554,0.6446,1.8789
24,0.3454,0.3482,"9,088","1,600",0.1497,"411,863","193,747","39,967","67,989",0.2598,0.6298,1.7947
25,0.3482,0.3509,"8,544","1,600",0.1577,"420,407","185,203","41,567","66,389",0.2639,0.6150,1.7155
26,0.3509,0.3537,"8,429","1,600",0.1595,"428,836","176,774","43,167","64,789",0.2682,0.6001,1.6375
27,0.3537,0.3564,"8,107","1,600",0.1648,"436,943","168,667","44,767","63,189",0.2725,0.5853,1.5624
28,0.3564,0.3592,"8,146","1,600",0.1642,"445,089","160,521","46,367","61,589",0.2773,0.5705,1.4869
29,0.3592,0.3620,"7,787","1,600",0.1704,"452,876","152,734","47,967","59,989",0.2820,0.5557,1.4148
30,0.3620,0.3648,"7,563","1,602",0.1748,"460,439","145,171","49,569","58,387",0.2868,0.5408,1.3447
31,0.3648,0.3674,"6,733","1,600",0.1920,"467,172","138,438","51,169","56,787",0.2909,0.5260,1.2824
32,0.3674,0.3702,"6,647","1,600",0.1940,"473,819","131,791","52,769","55,187",0.2952,0.5112,1.2208
33,0.3702,0.3730,"6,767","1,600",0.1912,"480,586","125,024","54,369","53,587",0.3000,0.4964,1.1581
34,0.3730,0.3759,"6,536","1,600",0.1967,"487,122","118,488","55,969","51,987",0.3050,0.4816,1.0976
35,0.3759,0.3786,"6,063","1,600",0.2088,"493,185","112,425","57,569","50,387",0.3095,0.4667,1.0414
36,0.3786,0.3816,"6,289","1,600",0.2028,"499,474","106,136","59,169","48,787",0.3149,0.4519,0.9831
37,0.3816,0.3843,"5,560","1,600",0.2235,"505,034","100,576","60,769","47,187",0.3193,0.4371,0.9316
38,0.3843,0.3873,"5,749","1,600",0.2177,"510,783","94,827","62,369","45,587",0.3247,0.4223,0.8784
39,0.3873,0.3902,"5,405","1,600",0.2284,"516,188","89,422","63,969","43,987",0.3297,0.4075,0.8283
40,0.3902,0.3932,"5,190","1,600",0.2356,"521,378","84,232","65,569","42,387",0.3348,0.3926,0.7802
41,0.3932,0.3965,"5,612","1,600",0.2219,"526,990","78,620","67,169","40,787",0.3416,0.3778,0.7283
42,0.3965,0.3999,"5,334","1,600",0.2307,"532,324","73,286","68,769","39,187",0.3484,0.3630,0.6789
43,0.3999,0.4032,"4,914","1,601",0.2457,"537,238","68,372","70,370","37,586",0.3547,0.3482,0.6333
44,0.4032,0.4066,"4,662","1,600",0.2555,"541,900","63,710","71,970","35,986",0.3610,0.3333,0.5901
45,0.4066,0.4101,"4,662","1,600",0.2555,"546,562","59,048","73,570","34,386",0.3680,0.3185,0.5470
46,0.4101,0.4136,"4,305","1,600",0.2710,"550,867","54,743","75,170","32,786",0.3746,0.3037,0.5071
47,0.4136,0.4173,"4,244","1,600",0.2738,"555,111","50,499","76,770","31,186",0.3818,0.2889,0.4678
48,0.4173,0.4209,"3,789","1,601",0.2970,"558,900","46,710","78,371","29,585",0.3878,0.2740,0.4327
49,0.4209,0.4249,"3,907","1,600",0.2905,"562,807","42,803","79,971","27,985",0.3953,0.2592,0.3965
50,0.4249,0.4289,"3,688","1,600",0.3026,"566,495","39,115","81,571","26,385",0.4028,0.2444,0.3623
51,0.4289,0.4331,"3,599","1,600",0.3078,"570,094","35,516","83,171","24,785",0.4110,0.2296,0.3290
52,0.4331,0.4373,"3,366","1,600",0.3222,"573,460","32,150","84,771","23,185",0.4190,0.2148,0.2978
53,0.4373,0.4419,"3,299","1,600",0.3266,"576,759","28,851","86,371","21,585",0.4280,0.1999,0.2672
54,0.4419,0.4467,"3,145","1,600",0.3372,"579,904","25,706","87,971","19,985",0.4374,0.1851,0.2381
55,0.4467,0.4515,"2,737","1,600",0.3689,"582,641","22,969","89,571","18,385",0.4446,0.1703,0.2128
56,0.4515,0.4566,"2,815","1,600",0.3624,"585,456","20,154","91,171","16,785",0.4544,0.1555,0.1867
57,0.4566,0.4623,"2,734","1,600",0.3692,"588,190","17,420","92,771","15,185",0.4657,0.1407,0.1614
58,0.4623,0.4680,"2,343","1,600",0.4058,"590,533","15,077","94,371","13,585",0.4740,0.1258,0.1397
59,0.4680,0.4744,"2,336","1,600",0.4065,"592,869","12,741","95,971","11,985",0.4847,0.1110,0.1180
60,0.4744,0.4810,"2,078","1,600",0.4350,"594,947","10,663","97,571","10,385",0.4934,0.0962,0.0988
61,0.4810,0.4884,"2,091","1,600",0.4335,"597,038","8,572","99,171","8,785",0.5061,0.0814,0.0794
62,0.4884,0.4964,"1,874","1,600",0.4606,"598,912","6,698","100,771","7,185",0.5175,0.0666,0.0620
63,0.4964,0.5058,"1,780","1,600",0.4734,"600,692","4,918","102,371","5,585",0.5318,0.0517,0.0456
64,0.5058,0.5173,"1,718","1,600",0.4822,"602,410","3,200","103,971","3,985",0.5546,0.0369,0.0296
65,0.5173,0.5346,"1,600","1,765",0.5245,"604,010","1,600","105,736","2,220",0.5812,0.0206,0.0148
66,0.5346,0.7669,"1,600","2,220",0.5812,"605,610",0,"107,956",0,nan,0.0000,0.0000
