,min,max,Neg,Pos,$\frac{\text{Pos}}{\text{Neg}+\text{Pos}}$,TN,FP,FN,TP,Prec,Rec,FP/P
0,0.0449,0.1422,"17,908",675,0.0363,"17,908","587,702",675,"107,281",0.1544,0.9937,5.4439
1,0.1422,0.1632,"29,225","1,603",0.0520,"47,133","558,477","2,278","105,678",0.1591,0.9789,5.1732
2,0.1632,0.1751,"26,121","1,600",0.0577,"73,254","532,356","3,878","104,078",0.1635,0.9641,4.9312
3,0.1751,0.1858,"22,742","1,600",0.0657,"95,996","509,614","5,478","102,478",0.1674,0.9493,4.7206
4,0.1858,0.1956,"19,730","1,600",0.0750,"115,726","489,884","7,078","100,878",0.1708,0.9344,4.5378
5,0.1956,0.2038,"17,279","1,602",0.0848,"133,005","472,605","8,680","99,276",0.1736,0.9196,4.3778
6,0.2038,0.2105,"15,441","1,600",0.0939,"148,446","457,164","10,280","97,676",0.1760,0.9048,4.2347
7,0.2105,0.2165,"14,843","1,600",0.0973,"163,289","442,321","11,880","96,076",0.1784,0.8900,4.0972
8,0.2165,0.2217,"14,522","1,600",0.0992,"177,811","427,799","13,480","94,476",0.1809,0.8751,3.9627
9,0.2217,0.2263,"13,657","1,603",0.1050,"191,468","414,142","15,083","92,873",0.1832,0.8603,3.8362
10,0.2263,0.2306,"13,512","1,600",0.1059,"204,980","400,630","16,683","91,273",0.1856,0.8455,3.7110
11,0.2306,0.2342,"12,551","1,601",0.1131,"217,531","388,079","18,284","89,672",0.1877,0.8306,3.5948
12,0.2342,0.2375,"12,634","1,600",0.1124,"230,165","375,445","19,884","88,072",0.1900,0.8158,3.4778
13,0.2375,0.2408,"12,209","1,601",0.1159,"242,374","363,236","21,485","86,471",0.1923,0.8010,3.3647
14,0.2408,0.2440,"11,511","1,600",0.1220,"253,885","351,725","23,085","84,871",0.1944,0.7862,3.2580
15,0.2440,0.2470,"11,665","1,600",0.1206,"265,550","340,060","24,685","83,271",0.1967,0.7713,3.1500
16,0.2470,0.2498,"11,438","1,600",0.1227,"276,988","328,622","26,285","81,671",0.1991,0.7565,3.0440
17,0.2498,0.2526,"10,889","1,601",0.1282,"287,877","317,733","27,886","80,070",0.2013,0.7417,2.9432
18,0.2526,0.2553,"10,654","1,600",0.1306,"298,531","307,079","29,486","78,470",0.2035,0.7269,2.8445
19,0.2553,0.2579,"10,116","1,600",0.1366,"308,647","296,963","31,086","76,870",0.2056,0.7120,2.7508
20,0.2579,0.2605,"9,719","1,600",0.1414,"318,366","287,244","32,686","75,270",0.2076,0.6972,2.6608
21,0.2605,0.2629,"9,771","1,600",0.1407,"328,137","277,473","34,286","73,670",0.2098,0.6824,2.5702
22,0.2629,0.2654,"10,453","1,603",0.1330,"338,590","267,020","35,889","72,067",0.2125,0.6676,2.4734
23,0.2654,0.2681,"9,532","1,602",0.1439,"348,122","257,488","37,491","70,465",0.2149,0.6527,2.3851
24,0.2681,0.2709,"9,525","1,600",0.1438,"357,647","247,963","39,091","68,865",0.2174,0.6379,2.2969
25,0.2709,0.2733,"9,097","1,604",0.1499,"366,744","238,866","40,695","67,261",0.2197,0.6230,2.2126
26,0.2733,0.2759,"9,289","1,603",0.1472,"376,033","229,577","42,298","65,658",0.2224,0.6082,2.1266
27,0.2759,0.2785,"8,413","1,604",0.1601,"384,446","221,164","43,902","64,054",0.2246,0.5933,2.0486
28,0.2785,0.2811,"8,645","1,601",0.1563,"393,091","212,519","45,503","62,453",0.2271,0.5785,1.9686
29,0.2811,0.2841,"8,527","1,600",0.1580,"401,618","203,992","47,103","60,853",0.2298,0.5637,1.8896
30,0.2841,0.2868,"7,974","1,603",0.1674,"409,592","196,018","48,706","59,250",0.2321,0.5488,1.8157
31,0.2868,0.2896,"8,037","1,601",0.1661,"417,629","187,981","50,307","57,649",0.2347,0.5340,1.7413
32,0.2896,0.2924,"7,711","1,600",0.1718,"425,340","180,270","51,907","56,049",0.2372,0.5192,1.6698
33,0.2924,0.2950,"8,001","1,608",0.1673,"433,341","172,269","53,515","54,441",0.2401,0.5043,1.5957
34,0.2950,0.2978,"7,773","1,601",0.1708,"441,114","164,496","55,116","52,840",0.2431,0.4895,1.5237
35,0.2978,0.3008,"7,381","1,600",0.1782,"448,495","157,115","56,716","51,240",0.2459,0.4746,1.4554
36,0.3008,0.3036,"6,848","1,601",0.1895,"455,343","150,267","58,317","49,639",0.2483,0.4598,1.3919
37,0.3036,0.3067,"7,001","1,600",0.1860,"462,344","143,266","59,917","48,039",0.2511,0.4450,1.3271
38,0.3067,0.3096,"6,932","1,600",0.1875,"469,276","136,334","61,517","46,439",0.2541,0.4302,1.2629
39,0.3096,0.3124,"6,389","1,600",0.2003,"475,665","129,945","63,117","44,839",0.2565,0.4153,1.2037
40,0.3124,0.3153,"6,255","1,602",0.2039,"481,920","123,690","64,719","43,237",0.2590,0.4005,1.1457
41,0.3153,0.3184,"6,096","1,601",0.2080,"488,016","117,594","66,320","41,636",0.2615,0.3857,1.0893
42,0.3184,0.3212,"6,195","1,600",0.2053,"494,211","111,399","67,920","40,036",0.2644,0.3709,1.0319
43,0.3212,0.3241,"5,900","1,600",0.2133,"500,111","105,499","69,520","38,436",0.2670,0.3560,0.9772
44,0.3241,0.3271,"5,707","1,602",0.2192,"505,818","99,792","71,122","36,834",0.2696,0.3412,0.9244
45,0.3271,0.3300,"5,651","1,606",0.2213,"511,469","94,141","72,728","35,228",0.2723,0.3263,0.8720
46,0.3300,0.3331,"5,508","1,601",0.2252,"516,977","88,633","74,329","33,627",0.2750,0.3115,0.8210
47,0.3331,0.3361,"5,347","1,600",0.2303,"522,324","83,286","75,929","32,027",0.2777,0.2967,0.7715
48,0.3361,0.3388,"5,377","1,601",0.2294,"527,701","77,909","77,530","30,426",0.2809,0.2818,0.7217
49,0.3388,0.3415,"5,308","1,610",0.2327,"533,009","72,601","79,140","28,816",0.2841,0.2669,0.6725
50,0.3415,0.3445,"4,981","1,600",0.2431,"537,990","67,620","80,740","27,216",0.2870,0.2521,0.6264
51,0.3445,0.3475,"4,973","1,605",0.2440,"542,963","62,647","82,345","25,611",0.2902,0.2372,0.5803
52,0.3475,0.3509,"4,829","1,604",0.2493,"547,792","57,818","83,949","24,007",0.2934,0.2224,0.5356
53,0.3509,0.3540,"4,729","1,601",0.2529,"552,521","53,089","85,550","22,406",0.2968,0.2075,0.4918
54,0.3540,0.3570,"4,362","1,601",0.2685,"556,883","48,727","87,151","20,805",0.2992,0.1927,0.4514
55,0.3570,0.3602,"4,526","1,600",0.2612,"561,409","44,201","88,751","19,205",0.3029,0.1779,0.4094
56,0.3602,0.3637,"4,169","1,601",0.2775,"565,578","40,032","90,352","17,604",0.3054,0.1631,0.3708
57,0.3637,0.3674,"4,532","1,600",0.2609,"570,110","35,500","91,952","16,004",0.3107,0.1482,0.3288
58,0.3674,0.3712,"3,912","1,600",0.2903,"574,022","31,588","93,552","14,404",0.3132,0.1334,0.2926
59,0.3712,0.3754,"4,092","1,600",0.2811,"578,114","27,496","95,152","12,804",0.3177,0.1186,0.2547
60,0.3754,0.3798,"3,837","1,600",0.2943,"581,951","23,659","96,752","11,204",0.3214,0.1038,0.2192
61,0.3798,0.3852,"3,907","1,600",0.2905,"585,858","19,752","98,352","9,604",0.3272,0.0890,0.1830
62,0.3852,0.3909,"3,636","1,603",0.3060,"589,494","16,116","99,955","8,001",0.3318,0.0741,0.1493
63,0.3909,0.3982,"3,699","1,600",0.3019,"593,193","12,417","101,555","6,401",0.3402,0.0593,0.1150
64,0.3982,0.4067,"3,536","1,600",0.3115,"596,729","8,881","103,155","4,801",0.3509,0.0445,0.0823
65,0.4067,0.4179,"3,315","1,601",0.3257,"600,044","5,566","104,756","3,200",0.3650,0.0296,0.0516
66,0.4179,0.4360,"2,866","1,600",0.3583,"602,910","2,700","106,356","1,600",0.3721,0.0148,0.0250
67,0.4360,0.6208,"2,700","1,600",0.3721,"605,610",0,"107,956",0,nan,0.0000,0.0000
