,min,max,Neg,Pos,$\frac{\text{Pos}}{\text{Neg}+\text{Pos}}$,TN,FP,FN,TP,Prec,Rec,FP/P
0,0.017,0.235,"137,576","4,194",0.0296,"137,576","468,034","4,194","103,762",0.1815,0.9612,4.3354
1,0.235,0.320,"97,154","6,400",0.0618,"234,730","370,880","10,594","97,362",0.2079,0.9019,3.4355
2,0.320,0.378,"66,134","6,400",0.0882,"300,864","304,746","16,994","90,962",0.2299,0.8426,2.8229
3,0.378,0.426,"50,333","6,400",0.1128,"351,197","254,413","23,394","84,562",0.2495,0.7833,2.3566
4,0.426,0.469,"42,157","6,400",0.1318,"393,354","212,256","29,794","78,162",0.2691,0.7240,1.9661
5,0.469,0.509,"35,462","6,400",0.1529,"428,816","176,794","36,194","71,762",0.2887,0.6647,1.6376
6,0.509,0.546,"29,986","6,400",0.1759,"458,802","146,808","42,594","65,362",0.3081,0.6055,1.3599
7,0.546,0.581,"25,807","6,400",0.1987,"484,609","121,001","48,994","58,962",0.3276,0.5462,1.1208
8,0.581,0.615,"22,873","6,400",0.2186,"507,482","98,128","55,394","52,562",0.3488,0.4869,0.9090
9,0.615,0.650,"19,881","6,400",0.2435,"527,363","78,247","61,794","46,162",0.3711,0.4276,0.7248
10,0.650,0.684,"17,174","6,400",0.2715,"544,537","61,073","68,194","39,762",0.3943,0.3683,0.5657
11,0.684,0.719,"15,341","6,400",0.2944,"559,878","45,732","74,594","33,362",0.4218,0.3090,0.4236
12,0.719,0.755,"12,410","6,400",0.3402,"572,288","33,322","80,994","26,962",0.4472,0.2497,0.3087
13,0.755,0.791,"10,671","6,400",0.3749,"582,959","22,651","87,394","20,562",0.4758,0.1905,0.2098
14,0.791,0.830,"8,851","6,400",0.4196,"591,810","13,800","93,794","14,162",0.5065,0.1312,0.1278
15,0.830,0.875,"7,400","6,400",0.4638,"599,210","6,400","100,194","7,762",0.5481,0.0719,0.0593
16,0.875,0.989,"6,400","7,762",0.5481,"605,610",0,"107,956",0,nan,0.0000,0.0000
