,min,max,Neg,Pos,$\frac{\text{Pos}}{\text{Neg}+\text{Pos}}$,TN,FP,FN,TP,Prec,Rec,FP/P
0,0.0105,0.0383,"18,678",546,0.0284,"18,678","586,932",546,"107,410",0.1547,0.9949,5.4368
1,0.0383,0.0506,"36,091","1,600",0.0425,"54,769","550,841","2,146","105,810",0.1611,0.9801,5.1025
2,0.0506,0.0592,"28,704","1,600",0.0528,"83,473","522,137","3,746","104,210",0.1664,0.9653,4.8366
3,0.0592,0.0662,"24,978","1,600",0.0602,"108,451","497,159","5,346","102,610",0.1711,0.9505,4.6052
4,0.0662,0.0723,"22,154","1,600",0.0674,"130,605","475,005","6,946","101,010",0.1754,0.9357,4.4000
5,0.0723,0.0777,"19,944","1,600",0.0743,"150,549","455,061","8,546","99,410",0.1793,0.9208,4.2152
6,0.0777,0.0829,"19,258","1,600",0.0767,"169,807","435,803","10,146","97,810",0.1833,0.9060,4.0369
7,0.0829,0.0875,"17,221","1,600",0.0850,"187,028","418,582","11,746","96,210",0.1869,0.8912,3.8773
8,0.0875,0.0921,"17,046","1,600",0.0858,"204,074","401,536","13,346","94,610",0.1907,0.8764,3.7194
9,0.0921,0.0962,"15,579","1,600",0.0931,"219,653","385,957","14,946","93,010",0.1942,0.8616,3.5751
10,0.0962,0.1003,"15,118","1,600",0.0957,"234,771","370,839","16,546","91,410",0.1978,0.8467,3.4351
11,0.1003,0.1041,"13,997","1,600",0.1026,"248,768","356,842","18,146","89,810",0.2011,0.8319,3.3054
12,0.1041,0.1078,"13,788","1,600",0.1040,"262,556","343,054","19,746","88,210",0.2045,0.8171,3.1777
13,0.1078,0.1116,"13,653","1,600",0.1049,"276,209","329,401","21,346","86,610",0.2082,0.8023,3.0513
14,0.1116,0.1150,"12,117","1,600",0.1166,"288,326","317,284","22,946","85,010",0.2113,0.7875,2.9390
15,0.1150,0.1185,"12,190","1,600",0.1160,"300,516","305,094","24,546","83,410",0.2147,0.7726,2.8261
16,0.1185,0.1220,"12,082","1,600",0.1169,"312,598","293,012","26,146","81,810",0.2183,0.7578,2.7142
17,0.1220,0.1253,"10,848","1,600",0.1285,"323,446","282,164","27,746","80,210",0.2213,0.7430,2.6137
18,0.1253,0.1286,"10,939","1,600",0.1276,"334,385","271,225","29,346","78,610",0.2247,0.7282,2.5124
19,0.1286,0.1320,"10,658","1,600",0.1305,"345,043","260,567","30,946","77,010",0.2281,0.7133,2.4136
20,0.1320,0.1354,"10,287","1,600",0.1346,"355,330","250,280","32,546","75,410",0.2315,0.6985,2.3184
21,0.1354,0.1387,"9,970","1,600",0.1383,"365,300","240,310","34,146","73,810",0.2350,0.6837,2.2260
22,0.1387,0.1421,"9,947","1,600",0.1386,"375,247","230,363","35,746","72,210",0.2387,0.6689,2.1339
23,0.1421,0.1454,"9,255","1,600",0.1474,"384,502","221,108","37,346","70,610",0.2420,0.6541,2.0481
24,0.1454,0.1488,"9,048","1,600",0.1503,"393,550","212,060","38,946","69,010",0.2455,0.6392,1.9643
25,0.1488,0.1522,"8,933","1,600",0.1519,"402,483","203,127","40,546","67,410",0.2492,0.6244,1.8816
26,0.1522,0.1555,"8,572","1,600",0.1573,"411,055","194,555","42,146","65,810",0.2528,0.6096,1.8022
27,0.1555,0.1589,"8,284","1,600",0.1619,"419,339","186,271","43,746","64,210",0.2563,0.5948,1.7254
28,0.1589,0.1623,"8,126","1,600",0.1645,"427,465","178,145","45,346","62,610",0.2601,0.5800,1.6502
29,0.1623,0.1660,"8,005","1,600",0.1666,"435,470","170,140","46,946","61,010",0.2639,0.5651,1.5760
30,0.1660,0.1697,"7,942","1,600",0.1677,"443,412","162,198","48,546","59,410",0.2681,0.5503,1.5024
31,0.1697,0.1731,"7,323","1,600",0.1793,"450,735","154,875","50,146","57,810",0.2718,0.5355,1.4346
32,0.1731,0.1771,"7,950","1,600",0.1675,"458,685","146,925","51,746","56,210",0.2767,0.5207,1.3610
33,0.1771,0.1810,"7,268","1,600",0.1804,"465,953","139,657","53,346","54,610",0.2811,0.5059,1.2936
34,0.1810,0.1847,"6,482","1,600",0.1980,"472,435","133,175","54,946","53,010",0.2847,0.4910,1.2336
35,0.1847,0.1887,"6,747","1,600",0.1917,"479,182","126,428","56,546","51,410",0.2891,0.4762,1.1711
36,0.1887,0.1929,"6,661","1,600",0.1937,"485,843","119,767","58,146","49,810",0.2937,0.4614,1.1094
37,0.1929,0.1972,"6,328","1,600",0.2018,"492,171","113,439","59,746","48,210",0.2982,0.4466,1.0508
38,0.1972,0.2018,"6,316","1,600",0.2021,"498,487","107,123","61,346","46,610",0.3032,0.4317,0.9923
39,0.2018,0.2062,"5,901","1,600",0.2133,"504,388","101,222","62,946","45,010",0.3078,0.4169,0.9376
40,0.2062,0.2109,"5,862","1,600",0.2144,"510,250","95,360","64,546","43,410",0.3128,0.4021,0.8833
41,0.2109,0.2158,"5,744","1,600",0.2179,"515,994","89,616","66,146","41,810",0.3181,0.3873,0.8301
42,0.2158,0.2210,"5,472","1,600",0.2262,"521,466","84,144","67,746","40,210",0.3234,0.3725,0.7794
43,0.2210,0.2263,"5,463","1,600",0.2265,"526,929","78,681","69,346","38,610",0.3292,0.3576,0.7288
44,0.2263,0.2321,"5,349","1,600",0.2302,"532,278","73,332","70,946","37,010",0.3354,0.3428,0.6793
45,0.2321,0.2380,"5,153","1,600",0.2369,"537,431","68,179","72,546","35,410",0.3418,0.3280,0.6315
46,0.2380,0.2442,"4,921","1,600",0.2454,"542,352","63,258","74,146","33,810",0.3483,0.3132,0.5860
47,0.2442,0.2506,"4,477","1,600",0.2633,"546,829","58,781","75,746","32,210",0.3540,0.2984,0.5445
48,0.2506,0.2576,"4,570","1,600",0.2593,"551,399","54,211","77,346","30,610",0.3609,0.2835,0.5022
49,0.2576,0.2652,"4,357","1,600",0.2686,"555,756","49,854","78,946","29,010",0.3678,0.2687,0.4618
50,0.2652,0.2737,"4,478","1,600",0.2632,"560,234","45,376","80,546","27,410",0.3766,0.2539,0.4203
51,0.2737,0.2821,"3,961","1,600",0.2877,"564,195","41,415","82,146","25,810",0.3839,0.2391,0.3836
52,0.2821,0.2914,"3,745","1,600",0.2993,"567,940","37,670","83,746","24,210",0.3912,0.2243,0.3489
53,0.2914,0.3017,"3,741","1,600",0.2996,"571,681","33,929","85,346","22,610",0.3999,0.2094,0.3143
54,0.3017,0.3126,"3,372","1,600",0.3218,"575,053","30,557","86,946","21,010",0.4074,0.1946,0.2831
55,0.3126,0.3248,"3,322","1,600",0.3251,"578,375","27,235","88,546","19,410",0.4161,0.1798,0.2523
56,0.3248,0.3380,"3,081","1,600",0.3418,"581,456","24,154","90,146","17,810",0.4244,0.1650,0.2237
57,0.3380,0.3529,"3,116","1,600",0.3393,"584,572","21,038","91,746","16,210",0.4352,0.1502,0.1949
58,0.3529,0.3679,"2,655","1,600",0.3760,"587,227","18,383","93,346","14,610",0.4428,0.1353,0.1703
59,0.3679,0.3849,"2,598","1,600",0.3811,"589,825","15,785","94,946","13,010",0.4518,0.1205,0.1462
60,0.3849,0.4030,"2,414","1,600",0.3986,"592,239","13,371","96,546","11,410",0.4604,0.1057,0.1239
61,0.4030,0.4229,"2,374","1,600",0.4026,"594,613","10,997","98,146","9,810",0.4715,0.0909,0.1019
62,0.4229,0.4445,"2,235","1,600",0.4172,"596,848","8,762","99,746","8,210",0.4837,0.0760,0.0812
63,0.4445,0.4670,"2,021","1,600",0.4419,"598,869","6,741","101,346","6,610",0.4951,0.0612,0.0624
64,0.4670,0.4925,"1,837","1,600",0.4655,"600,706","4,904","102,946","5,010",0.5053,0.0464,0.0454
65,0.4925,0.5225,"1,704","1,600",0.4843,"602,410","3,200","104,546","3,410",0.5159,0.0316,0.0296
66,0.5225,0.5667,"1,600","1,613",0.5020,"604,010","1,600","106,159","1,797",0.5290,0.0166,0.0148
67,0.5667,0.8253,"1,600","1,797",0.5290,"605,610",0,"107,956",0,nan,0.0000,0.0000
