,min,max,Neg,Pos,$\frac{\text{Pos}}{\text{Neg}+\text{Pos}}$,TN,FP,FN,TP,Prec,Rec,FP/P
0,0.036,0.068,"93,932","5,538",0.0557,"93,932","511,678","5,538","102,418",0.1668,0.9487,4.7397
1,0.068,0.098,"68,056","6,400",0.0860,"161,988","443,622","11,938","96,018",0.1779,0.8894,4.1093
2,0.098,0.113,"54,677","6,400",0.1048,"216,665","388,945","18,338","89,618",0.1873,0.8301,3.6028
3,0.113,0.125,"46,242","6,400",0.1216,"262,907","342,703","24,738","83,218",0.1954,0.7709,3.1745
4,0.125,0.136,"43,051","6,400",0.1294,"305,958","299,652","31,138","76,818",0.2040,0.7116,2.7757
5,0.136,0.147,"38,748","6,400",0.1418,"344,706","260,904","37,538","70,418",0.2125,0.6523,2.4168
6,0.147,0.157,"36,775","6,402",0.1483,"381,481","224,129","43,940","64,016",0.2222,0.5930,2.0761
7,0.157,0.168,"32,959","6,402",0.1626,"414,440","191,170","50,342","57,614",0.2316,0.5337,1.7708
8,0.168,0.180,"30,439","6,400",0.1737,"444,879","160,731","56,742","51,214",0.2416,0.4744,1.4889
9,0.180,0.196,"28,097","6,409",0.1857,"472,976","132,634","63,151","44,805",0.2525,0.4150,1.2286
10,0.196,0.213,"24,465","6,401",0.2074,"497,441","108,169","69,552","38,404",0.2620,0.3557,1.0020
11,0.213,0.226,"22,440","6,401",0.2219,"519,881","85,729","75,953","32,003",0.2718,0.2964,0.7941
12,0.226,0.238,"19,839","6,401",0.2439,"539,720","65,890","82,354","25,602",0.2798,0.2372,0.6103
13,0.238,0.253,"19,144","6,401",0.2506,"558,864","46,746","88,755","19,201",0.2912,0.1779,0.4330
14,0.253,0.273,"17,200","6,400",0.2712,"576,064","29,546","95,155","12,801",0.3023,0.1186,0.2737
15,0.273,0.309,"16,169","6,401",0.2836,"592,233","13,377","101,556","6,400",0.3236,0.0593,0.1239
16,0.309,0.476,"13,377","6,400",0.3236,"605,610",0,"107,956",0,nan,0.0000,0.0000
