,min,max,Neg,Pos,$\frac{\text{Pos}}{\text{Neg}+\text{Pos}}$,TN,FP,FN,TP,Prec,Rec,FP/P
0,0.10619,0.12003,"45,090","1,131",0.0245,"45,090","560,520","1,131","106,825",0.1601,0.9895,5.1921
1,0.12003,0.12337,"39,604","1,600",0.0388,"84,694","520,916","2,731","105,225",0.1681,0.9747,4.8253
2,0.12337,0.12582,"30,829","1,600",0.0493,"115,523","490,087","4,331","103,625",0.1745,0.9599,4.5397
3,0.12582,0.12756,"25,312","1,600",0.0595,"140,835","464,775","5,931","102,025",0.1800,0.9451,4.3052
4,0.12756,0.12885,"21,426","1,600",0.0695,"162,261","443,349","7,531","100,425",0.1847,0.9302,4.1068
5,0.12885,0.12997,"19,906","1,600",0.0744,"182,167","423,443","9,131","98,825",0.1892,0.9154,3.9224
6,0.12997,0.13107,"18,701","1,600",0.0788,"200,868","404,742","10,731","97,225",0.1937,0.9006,3.7491
7,0.13107,0.13191,"16,976","1,600",0.0861,"217,844","387,766","12,331","95,625",0.1978,0.8858,3.5919
8,0.13191,0.13275,"14,985","1,600",0.0965,"232,829","372,781","13,931","94,025",0.2014,0.8710,3.4531
9,0.13275,0.13372,"14,393","1,601",0.1001,"247,222","358,388","15,532","92,424",0.2050,0.8561,3.3198
10,0.13372,0.13478,"13,467","1,600",0.1062,"260,689","344,921","17,132","90,824",0.2084,0.8413,3.1950
11,0.13478,0.13584,"13,331","1,600",0.1072,"274,020","331,590","18,732","89,224",0.2120,0.8265,3.0715
12,0.13584,0.13666,"11,898","1,600",0.1185,"285,918","319,692","20,332","87,624",0.2151,0.8117,2.9613
13,0.13666,0.13742,"11,025","1,600",0.1267,"296,943","308,667","21,932","86,024",0.2180,0.7968,2.8592
14,0.13742,0.13802,"9,792","1,601",0.1405,"306,735","298,875","23,533","84,423",0.2203,0.7820,2.7685
15,0.13802,0.13856,"9,044","1,600",0.1503,"315,779","289,831","25,133","82,823",0.2223,0.7672,2.6847
16,0.13856,0.13915,"8,774","1,600",0.1542,"324,553","281,057","26,733","81,223",0.2242,0.7524,2.6034
17,0.13915,0.13993,"9,350","1,600",0.1461,"333,903","271,707","28,333","79,623",0.2266,0.7376,2.5168
18,0.13993,0.14074,"9,804","1,600",0.1403,"343,707","261,903","29,933","78,023",0.2295,0.7227,2.4260
19,0.14074,0.14154,"9,086","1,600",0.1497,"352,793","252,817","31,533","76,423",0.2321,0.7079,2.3419
20,0.14154,0.14249,"9,231","1,600",0.1477,"362,024","243,586","33,133","74,823",0.2350,0.6931,2.2563
21,0.14249,0.14350,"9,386","1,600",0.1456,"371,410","234,200","34,733","73,223",0.2382,0.6783,2.1694
22,0.14350,0.14444,"8,647","1,600",0.1561,"380,057","225,553","36,333","71,623",0.2410,0.6634,2.0893
23,0.14444,0.14533,"8,336","1,600",0.1610,"388,393","217,217","37,933","70,023",0.2438,0.6486,2.0121
24,0.14533,0.14627,"8,566","1,600",0.1574,"396,959","208,651","39,533","68,423",0.2469,0.6338,1.9327
25,0.14627,0.14719,"7,994","1,600",0.1668,"404,953","200,657","41,133","66,823",0.2498,0.6190,1.8587
26,0.14719,0.14817,"7,962","1,600",0.1673,"412,915","192,695","42,733","65,223",0.2529,0.6042,1.7849
27,0.14817,0.14923,"8,105","1,600",0.1649,"421,020","184,590","44,333","63,623",0.2563,0.5893,1.7099
28,0.14923,0.15032,"8,111","1,600",0.1648,"429,131","176,479","45,933","62,023",0.2601,0.5745,1.6347
29,0.15032,0.15131,"7,552","1,602",0.1750,"436,683","168,927","47,535","60,421",0.2634,0.5597,1.5648
30,0.15131,0.15234,"7,558","1,600",0.1747,"444,241","161,369","49,135","58,821",0.2671,0.5449,1.4948
31,0.15234,0.15332,"7,012","1,600",0.1858,"451,253","154,357","50,735","57,221",0.2704,0.5300,1.4298
32,0.15332,0.15435,"6,235","1,600",0.2042,"457,488","148,122","52,335","55,621",0.2730,0.5152,1.3721
33,0.15435,0.15548,"6,534","1,600",0.1967,"464,022","141,588","53,935","54,021",0.2762,0.5004,1.3115
34,0.15548,0.15673,"6,427","1,600",0.1993,"470,449","135,161","55,535","52,421",0.2795,0.4856,1.2520
35,0.15673,0.15794,"5,801","1,601",0.2163,"476,250","129,360","57,136","50,820",0.2821,0.4707,1.1983
36,0.15794,0.15927,"5,840","1,601",0.2152,"482,090","123,520","58,737","49,219",0.2849,0.4559,1.1442
37,0.15927,0.16074,"6,028","1,600",0.2098,"488,118","117,492","60,337","47,619",0.2884,0.4411,1.0883
38,0.16074,0.16238,"5,731","1,601",0.2184,"493,849","111,761","61,938","46,018",0.2917,0.4263,1.0352
39,0.16238,0.16432,"5,676","1,600",0.2199,"499,525","106,085","63,538","44,418",0.2951,0.4114,0.9827
40,0.16432,0.16671,"6,410","1,600",0.1998,"505,935","99,675","65,138","42,818",0.3005,0.3966,0.9233
41,0.16671,0.16944,"7,348","1,600",0.1788,"513,283","92,327","66,738","41,218",0.3086,0.3818,0.8552
42,0.16944,0.17231,"7,143","1,601",0.1831,"520,426","85,184","68,339","39,617",0.3174,0.3670,0.7891
43,0.17231,0.17514,"6,358","1,600",0.2011,"526,784","78,826","69,939","38,017",0.3254,0.3522,0.7302
44,0.17514,0.17845,"6,180","1,600",0.2057,"532,964","72,646","71,539","36,417",0.3339,0.3373,0.6729
45,0.17845,0.18179,"5,393","1,600",0.2288,"538,357","67,253","73,139","34,817",0.3411,0.3225,0.6230
46,0.18179,0.18520,"4,812","1,600",0.2495,"543,169","62,441","74,739","33,217",0.3472,0.3077,0.5784
47,0.18520,0.18807,"3,728","1,600",0.3003,"546,897","58,713","76,339","31,617",0.3500,0.2929,0.5439
48,0.18807,0.19252,"4,723","1,600",0.2530,"551,620","53,990","77,939","30,017",0.3573,0.2780,0.5001
49,0.19252,0.19805,"4,811","1,600",0.2496,"556,431","49,179","79,539","28,417",0.3662,0.2632,0.4555
50,0.19805,0.20414,"4,201","1,600",0.2758,"560,632","44,978","81,139","26,817",0.3735,0.2484,0.4166
51,0.20414,0.21200,"4,107","1,600",0.2804,"564,739","40,871","82,739","25,217",0.3816,0.2336,0.3786
52,0.21200,0.21982,"4,676","1,600",0.2549,"569,415","36,195","84,339","23,617",0.3949,0.2188,0.3353
53,0.21982,0.22512,"4,038","1,600",0.2838,"573,453","32,157","85,939","22,017",0.4064,0.2039,0.2979
54,0.22512,0.22874,"3,428","1,600",0.3182,"576,881","28,729","87,539","20,417",0.4154,0.1891,0.2661
55,0.22874,0.23210,"3,350","1,600",0.3232,"580,231","25,379","89,139","18,817",0.4258,0.1743,0.2351
56,0.23210,0.23469,"2,722","1,600",0.3702,"582,953","22,657","90,739","17,217",0.4318,0.1595,0.2099
57,0.23469,0.23736,"2,688","1,600",0.3731,"585,641","19,969","92,339","15,617",0.4389,0.1447,0.1850
58,0.23736,0.24026,"2,789","1,600",0.3645,"588,430","17,180","93,939","14,017",0.4493,0.1298,0.1591
59,0.24026,0.24310,"2,489","1,600",0.3913,"590,919","14,691","95,539","12,417",0.4581,0.1150,0.1361
60,0.24310,0.24631,"2,411","1,600",0.3989,"593,330","12,280","97,139","10,817",0.4683,0.1002,0.1138
61,0.24631,0.24943,"2,205","1,600",0.4205,"595,535","10,075","98,739","9,217",0.4778,0.0854,0.0933
62,0.24944,0.25297,"2,188","1,600",0.4224,"597,723","7,887","100,339","7,617",0.4913,0.0706,0.0731
63,0.25297,0.25751,"2,256","1,600",0.4149,"599,979","5,631","101,939","6,017",0.5166,0.0557,0.0522
64,0.25751,0.26296,"2,022","1,600",0.4417,"602,001","3,609","103,539","4,417",0.5503,0.0409,0.0334
65,0.26296,0.27212,"2,009","1,600",0.4433,"604,010","1,600","105,139","2,817",0.6378,0.0261,0.0148
66,0.27213,0.31107,"1,600","2,817",0.6378,"605,610",0,"107,956",0,nan,0.0000,0.0000
