,min,max,Neg,Pos,$\frac{\text{Pos}}{\text{Neg}+\text{Pos}}$,TN,FP,FN,TP,Prec,Rec,FP/P
0,0.10749,0.11656,"46,421","2,328",0.0478,"46,421","559,189","2,328","105,628",0.1589,0.9784,5.1798
1,0.11656,0.12252,"51,217","3,200",0.0588,"97,638","507,972","5,528","102,428",0.1678,0.9488,4.7054
2,0.12252,0.13429,"40,010","3,204",0.0741,"137,648","467,962","8,732","99,224",0.1749,0.9191,4.3347
3,0.13429,0.13947,"33,061","3,200",0.0882,"170,709","434,901","11,932","96,024",0.1809,0.8895,4.0285
4,0.13947,0.14164,"32,369","3,200",0.0900,"203,078","402,532","15,132","92,824",0.1874,0.8598,3.7287
5,0.14164,0.14304,"28,546","3,200",0.1008,"231,624","373,986","18,332","89,624",0.1933,0.8302,3.4642
6,0.14304,0.14402,"25,859","3,200",0.1101,"257,483","348,127","21,532","86,424",0.1989,0.8005,3.2247
7,0.14402,0.14516,"24,320","3,201",0.1163,"281,803","323,807","24,733","83,223",0.2045,0.7709,2.9994
8,0.14516,0.14601,"21,626","3,200",0.1289,"303,429","302,181","27,933","80,023",0.2094,0.7413,2.7991
9,0.14601,0.14690,"21,789","3,200",0.1281,"325,218","280,392","31,133","76,823",0.2151,0.7116,2.5973
10,0.14690,0.14792,"19,983","3,203",0.1381,"345,201","260,409","34,336","73,620",0.2204,0.6819,2.4122
11,0.14792,0.14882,"18,275","3,200",0.1490,"363,476","242,134","37,536","70,420",0.2253,0.6523,2.2429
12,0.14882,0.14971,"17,647","3,201",0.1535,"381,123","224,487","40,737","67,219",0.2304,0.6227,2.0794
13,0.14971,0.15090,"16,935","3,201",0.1590,"398,058","207,552","43,938","64,018",0.2357,0.5930,1.9226
14,0.15090,0.15218,"16,466","3,202",0.1628,"414,524","191,086","47,140","60,816",0.2414,0.5633,1.7700
15,0.15218,0.15401,"15,779","3,200",0.1686,"430,303","175,307","50,340","57,616",0.2474,0.5337,1.6239
16,0.15401,0.15680,"16,458","3,201",0.1628,"446,761","158,849","53,541","54,415",0.2552,0.5040,1.4714
17,0.15680,0.15926,"15,879","3,200",0.1677,"462,640","142,970","56,741","51,215",0.2637,0.4744,1.3243
18,0.15926,0.16224,"15,673","3,200",0.1696,"478,313","127,297","59,941","48,015",0.2739,0.4448,1.1792
19,0.16224,0.16558,"12,931","3,200",0.1984,"491,244","114,366","63,141","44,815",0.2815,0.4151,1.0594
20,0.16558,0.16809,"13,339","3,200",0.1935,"504,583","101,027","66,341","41,615",0.2917,0.3855,0.9358
21,0.16809,0.17036,"13,392","3,200",0.1929,"517,975","87,635","69,541","38,415",0.3048,0.3558,0.8118
22,0.17036,0.17311,"11,883","3,204",0.2124,"529,858","75,752","72,745","35,211",0.3173,0.3262,0.7017
23,0.17311,0.17692,"11,016","3,205",0.2254,"540,874","64,736","75,950","32,006",0.3308,0.2965,0.5997
24,0.17692,0.17959,"9,966","3,203",0.2432,"550,840","54,770","79,153","28,803",0.3446,0.2668,0.5073
25,0.17959,0.18326,"9,455","3,200",0.2529,"560,295","45,315","82,353","25,603",0.3610,0.2372,0.4198
26,0.18326,0.19058,"8,309","3,200",0.2780,"568,604","37,006","85,553","22,403",0.3771,0.2075,0.3428
27,0.19059,0.19925,"7,866","3,200",0.2892,"576,470","29,140","88,753","19,203",0.3972,0.1779,0.2699
28,0.19925,0.20604,"6,741","3,202",0.3220,"583,211","22,399","91,955","16,001",0.4167,0.1482,0.2075
29,0.20604,0.21187,"5,606","3,200",0.3634,"588,817","16,793","95,155","12,801",0.4326,0.1186,0.1556
30,0.21187,0.21779,"5,281","3,200",0.3773,"594,098","11,512","98,355","9,601",0.4547,0.0889,0.1066
31,0.21779,0.22508,"4,404","3,201",0.4209,"598,502","7,108","101,556","6,400",0.4738,0.0593,0.0658
32,0.22508,0.23366,"3,746","3,200",0.4607,"602,248","3,362","104,756","3,200",0.4877,0.0296,0.0311
33,0.23366,0.27085,"3,362","3,200",0.4877,"605,610",0,"107,956",0,nan,0.0000,0.0000
