,min,max,Neg,Pos,$\frac{\text{Pos}}{\text{Neg}+\text{Pos}}$,TN,FP,FN,TP,Prec,Rec,FP/P
0,0.498999,0.499554,"47,662",821,0.0169,"47,662","557,948",821,"107,135",0.1611,0.9924,5.1683
1,0.499554,0.499647,"49,512","1,600",0.0313,"97,174","508,436","2,421","105,535",0.1719,0.9776,4.7097
2,0.499647,0.499699,"36,805","1,600",0.0417,"133,979","471,631","4,021","103,935",0.1806,0.9628,4.3687
3,0.499699,0.499734,"29,276","1,600",0.0518,"163,255","442,355","5,621","102,335",0.1879,0.9479,4.0975
4,0.499734,0.499762,"25,338","1,600",0.0594,"188,593","417,017","7,221","100,735",0.1946,0.9331,3.8628
5,0.499762,0.499786,"22,425","1,600",0.0666,"211,018","394,592","8,821","99,135",0.2008,0.9183,3.6551
6,0.499786,0.499807,"21,102","1,600",0.0705,"232,120","373,490","10,421","97,535",0.2071,0.9035,3.4597
7,0.499807,0.499825,"18,012","1,600",0.0816,"250,132","355,478","12,021","95,935",0.2125,0.8886,3.2928
8,0.499825,0.499843,"17,774","1,600",0.0826,"267,906","337,704","13,621","94,335",0.2183,0.8738,3.1282
9,0.499843,0.499858,"15,952","1,600",0.0912,"283,858","321,752","15,221","92,735",0.2237,0.8590,2.9804
10,0.499858,0.499873,"14,650","1,600",0.0985,"298,508","307,102","16,821","91,135",0.2288,0.8442,2.8447
11,0.499873,0.499886,"13,717","1,600",0.1045,"312,225","293,385","18,421","89,535",0.2338,0.8294,2.7176
12,0.499886,0.499898,"12,862","1,600",0.1106,"325,087","280,523","20,021","87,935",0.2387,0.8145,2.5985
13,0.499898,0.499911,"12,618","1,600",0.1125,"337,705","267,905","21,621","86,335",0.2437,0.7997,2.4816
14,0.499911,0.499923,"11,701","1,600",0.1203,"349,406","256,204","23,221","84,735",0.2485,0.7849,2.3732
15,0.499923,0.499934,"11,112","1,600",0.1259,"360,518","245,092","24,821","83,135",0.2533,0.7701,2.2703
16,0.499934,0.499945,"10,646","1,600",0.1307,"371,164","234,446","26,421","81,535",0.2580,0.7553,2.1717
17,0.499945,0.499956,"10,759","1,600",0.1295,"381,923","223,687","28,021","79,935",0.2633,0.7404,2.0720
18,0.499956,0.499966,"9,893","1,600",0.1392,"391,816","213,794","29,621","78,335",0.2682,0.7256,1.9804
19,0.499966,0.499976,"9,146","1,600",0.1489,"400,962","204,648","31,221","76,735",0.2727,0.7108,1.8957
20,0.499976,0.499986,"9,078","1,600",0.1498,"410,040","195,570","32,821","75,135",0.2776,0.6960,1.8116
21,0.499986,0.499996,"9,093","1,600",0.1496,"419,133","186,477","34,421","73,535",0.2828,0.6812,1.7273
22,0.499996,0.500005,"8,118","1,600",0.1646,"427,251","178,359","36,021","71,935",0.2874,0.6663,1.6521
23,0.500005,0.500015,"7,957","1,600",0.1674,"435,208","170,402","37,621","70,335",0.2922,0.6515,1.5784
24,0.500015,0.500024,"7,627","1,600",0.1734,"442,835","162,775","39,221","68,735",0.2969,0.6367,1.5078
25,0.500024,0.500033,"7,139","1,600",0.1831,"449,974","155,636","40,821","67,135",0.3014,0.6219,1.4417
26,0.500033,0.500042,"7,593","1,600",0.1740,"457,567","148,043","42,421","65,535",0.3068,0.6071,1.3713
27,0.500042,0.500051,"6,833","1,600",0.1897,"464,400","141,210","44,021","63,935",0.3117,0.5922,1.3080
28,0.500051,0.500060,"6,700","1,600",0.1928,"471,100","134,510","45,621","62,335",0.3167,0.5774,1.2460
29,0.500060,0.500069,"6,288","1,600",0.2028,"477,388","128,222","47,221","60,735",0.3214,0.5626,1.1877
30,0.500069,0.500078,"6,316","1,600",0.2021,"483,704","121,906","48,821","59,135",0.3266,0.5478,1.1292
31,0.500078,0.500087,"6,035","1,600",0.2096,"489,739","115,871","50,421","57,535",0.3318,0.5329,1.0733
32,0.500087,0.500096,"5,835","1,600",0.2152,"495,574","110,036","52,021","55,935",0.3370,0.5181,1.0193
33,0.500096,0.500104,"5,502","1,600",0.2253,"501,076","104,534","53,621","54,335",0.3420,0.5033,0.9683
34,0.500104,0.500113,"5,394","1,600",0.2288,"506,470","99,140","55,221","52,735",0.3472,0.4885,0.9183
35,0.500113,0.500122,"5,080","1,600",0.2395,"511,550","94,060","56,821","51,135",0.3522,0.4737,0.8713
36,0.500122,0.500131,"5,316","1,600",0.2313,"516,866","88,744","58,421","49,535",0.3582,0.4588,0.8220
37,0.500131,0.500141,"5,062","1,600",0.2402,"521,928","83,682","60,021","47,935",0.3642,0.4440,0.7751
38,0.500141,0.500150,"4,861","1,600",0.2476,"526,789","78,821","61,621","46,335",0.3702,0.4292,0.7301
39,0.500150,0.500159,"4,501","1,600",0.2623,"531,290","74,320","63,221","44,735",0.3758,0.4144,0.6884
40,0.500159,0.500169,"4,547","1,600",0.2603,"535,837","69,773","64,821","43,135",0.3820,0.3996,0.6463
41,0.500169,0.500178,"4,172","1,600",0.2772,"540,009","65,601","66,421","41,535",0.3877,0.3847,0.6077
42,0.500178,0.500188,"4,315","1,600",0.2705,"544,324","61,286","68,021","39,935",0.3945,0.3699,0.5677
43,0.500188,0.500198,"4,042","1,600",0.2836,"548,366","57,244","69,621","38,335",0.4011,0.3551,0.5303
44,0.500198,0.500208,"3,728","1,600",0.3003,"552,094","53,516","71,221","36,735",0.4070,0.3403,0.4957
45,0.500208,0.500218,"3,622","1,600",0.3064,"555,716","49,894","72,821","35,135",0.4132,0.3255,0.4622
46,0.500218,0.500229,"3,652","1,600",0.3046,"559,368","46,242","74,421","33,535",0.4204,0.3106,0.4283
47,0.500229,0.500239,"3,349","1,600",0.3233,"562,717","42,893","76,021","31,935",0.4268,0.2958,0.3973
48,0.500239,0.500250,"3,097","1,600",0.3406,"565,814","39,796","77,621","30,335",0.4325,0.2810,0.3686
49,0.500250,0.500262,"3,181","1,600",0.3347,"568,995","36,615","79,221","28,735",0.4397,0.2662,0.3392
50,0.500262,0.500274,"3,036","1,600",0.3451,"572,031","33,579","80,821","27,135",0.4469,0.2514,0.3110
51,0.500274,0.500286,"2,984","1,600",0.3490,"575,015","30,595","82,421","25,535",0.4549,0.2365,0.2834
52,0.500286,0.500299,"2,866","1,600",0.3583,"577,881","27,729","84,021","23,935",0.4633,0.2217,0.2569
53,0.500299,0.500311,"2,444","1,600",0.3956,"580,325","25,285","85,621","22,335",0.4690,0.2069,0.2342
54,0.500311,0.500325,"2,529","1,600",0.3875,"582,854","22,756","87,221","20,735",0.4768,0.1921,0.2108
55,0.500325,0.500339,"2,357","1,600",0.4043,"585,211","20,399","88,821","19,135",0.4840,0.1772,0.1890
56,0.500339,0.500353,"2,292","1,600",0.4111,"587,503","18,107","90,421","17,535",0.4920,0.1624,0.1677
57,0.500353,0.500370,"2,240","1,600",0.4167,"589,743","15,867","92,021","15,935",0.5011,0.1476,0.1470
58,0.500370,0.500387,"2,078","1,600",0.4350,"591,821","13,789","93,621","14,335",0.5097,0.1328,0.1277
59,0.500387,0.500405,"1,943","1,600",0.4516,"593,764","11,846","95,221","12,735",0.5181,0.1180,0.1097
60,0.500405,0.500426,"1,955","1,600",0.4501,"595,719","9,891","96,821","11,135",0.5296,0.1031,0.0916
61,0.500426,0.500449,"1,831","1,600",0.4663,"597,550","8,060","98,421","9,535",0.5419,0.0883,0.0747
62,0.500449,0.500476,"1,653","1,600",0.4919,"599,203","6,407","100,021","7,935",0.5533,0.0735,0.0593
63,0.500476,0.500506,"1,607","1,600",0.4989,"600,810","4,800","101,621","6,335",0.5689,0.0587,0.0445
64,0.500506,0.500550,"1,600","1,738",0.5207,"602,410","3,200","103,359","4,597",0.5896,0.0426,0.0296
65,0.500550,0.500615,"1,600","1,784",0.5272,"604,010","1,600","105,143","2,813",0.6374,0.0261,0.0148
66,0.500615,0.501081,"1,600","2,813",0.6374,"605,610",0,"107,956",0,nan,0.0000,0.0000
