,y_proba,y_test,Neg,Pos,TN,FP,FN,TP,FP/P,Prec
0,0.0,147,3655,147,3655,601955,147,107809,5.575929082218682,0.15189415073179255
1,0.0003,0,3,0,3658,601952,147,107809,5.575901293119419,0.15189479275418064
2,0.0006,0,12,0,3670,601940,147,107809,5.575790136722368,0.1518973608980076
3,0.0008,0,47,0,3717,601893,147,107809,5.575354774167253,0.15190742029753332
4,0.001,0,24,0,3741,601869,147,107809,5.575132461373152,0.1519125575260893
5,0.0011,7,35,7,3776,601834,154,107802,5.574808255215087,0.15191168430012006
6,0.0012,4,25,4,3801,601809,158,107798,5.574576679387898,0.1519122556570045
7,0.0013,0,2,0,3803,601807,158,107798,5.574558153321724,0.15191268381705314
8,0.0014,2,78,2,3881,601729,160,107796,5.5738356367408946,0.15192699341108487
9,0.0015,2,23,2,3904,601706,162,107794,5.573622586979881,0.15192952783650457
10,0.0016,0,18,0,3922,601688,162,107794,5.5734558523843045,0.15193338238320353
11,0.0017,2,68,2,3990,601620,164,107792,5.572825966134351,0.1519455549102637
12,0.0018,0,34,0,4024,601586,164,107792,5.572511023009374,0.1519528375562817
13,0.0019,2,24,2,4048,601562,166,107790,5.572288710215273,0.15195558763491188
14,0.002,4,100,4,4148,601462,170,107786,5.571362406906517,0.15197222974192384
15,0.0021,2,18,2,4166,601444,172,107784,5.5711956723109415,0.15197369534197747
16,0.0022,2,27,2,4193,601417,174,107782,5.570945570417577,0.1519770896462065
17,0.0023,1,33,1,4226,601384,175,107781,5.570639890325689,0.151982965882411
18,0.0025,7,88,7,4314,601296,182,107774,5.569824743413983,0.1519934562172987
19,0.0026,0,14,0,4328,601282,182,107774,5.569695060950758,0.1519964572614857
20,0.0027,2,51,2,4379,601231,184,107772,5.5692226462632926,0.15200499856841226
21,0.0028,0,8,0,4387,601223,184,107772,5.569148541998592,0.15200671372858765
22,0.0029,4,65,4,4452,601158,188,107768,5.568546444847901,0.1520158662540237
23,0.003,1,14,1,4466,601144,189,107767,5.568416762384675,0.15201767217605594
24,0.0031,5,68,5,4534,601076,194,107762,5.567786876134721,0.15202627398643978
25,0.0033,4,80,4,4614,600996,198,107758,5.567045833487717,0.15203864810639517
26,0.0034,1,11,1,4625,600985,199,107757,5.566943940123754,0.15203981138411438
27,0.0035,1,28,1,4653,600957,200,107756,5.566684575197303,0.15204462172981165
28,0.0036,1,48,1,4701,600909,201,107755,5.5662399496091,0.15205372362642944
29,0.0037,1,14,1,4715,600895,202,107754,5.566110267145874,0.15205553101747127
30,0.0038,0,29,0,4744,600866,202,107754,5.565841639186335,0.1520617538313906
31,0.0039,0,7,0,4751,600859,202,107754,5.565776797954722,0.15206325596623263
32,0.004,4,59,4,4810,600800,206,107750,5.565230279002557,0.15207113118340274
33,0.0041,0,12,0,4822,600788,206,107750,5.565119122605506,0.1520737067030985
34,0.0042,1,32,1,4854,600756,207,107749,5.564822705546704,0.15207937840946784
35,0.0043,2,24,2,4878,600732,209,107747,5.564600392752603,0.15208213652063082
36,0.0044,1,20,1,4898,600712,210,107746,5.5644151320908515,0.15208523299899218
37,0.0045,5,50,5,4948,600662,215,107741,5.5639519804364745,0.1520899826793506
38,0.0046,0,44,0,4992,600618,215,107741,5.563544406980622,0.15209942980889635
39,0.0047,2,18,2,5010,600600,217,107739,5.563377672385045,0.15210090083985212
40,0.0048,0,5,0,5015,600595,217,107739,5.563331357219608,0.1521019744922593
41,0.0049,0,21,0,5036,600574,217,107739,5.563136833524769,0.1521064839978936
42,0.005,11,171,11,5207,600403,228,107728,5.561552854866798,0.15213004373484568
43,0.0051,0,15,0,5222,600388,228,107728,5.561413909370485,0.15213326630100152
44,0.0052,1,2,1,5224,600386,229,107727,5.561395383304309,0.1521324986266316
45,0.0053,2,23,2,5247,600363,231,107725,5.561182333543296,0.15213504536159347
46,0.0054,0,17,0,5264,600346,231,107725,5.561024861980807,0.15213869795543103
47,0.0055,1,10,1,5274,600336,232,107724,5.5609322316499314,0.15213964918227268
48,0.0056,1,63,1,5337,600273,233,107723,5.560348660565415,0.15215198955926304
49,0.0057,1,37,1,5374,600236,234,107722,5.560005928341176,0.1521587438802867
50,0.0058,2,63,2,5437,600173,236,107720,5.55942235725666,0.1521698900822582
51,0.0059,0,9,0,5446,600164,236,107720,5.5593389899588725,0.1521718247622492
52,0.006,6,103,6,5549,600061,242,107714,5.558384897550854,0.15218678252269435
53,0.0061,0,20,0,5569,600041,242,107714,5.558199636889103,0.15219108307253215
54,0.0063,2,56,2,5625,599985,244,107712,5.5576809070362,0.15220072997342082
55,0.0064,0,20,0,5645,599965,244,107712,5.5574956463744485,0.15220503139143987
56,0.0065,1,11,1,5656,599954,245,107711,5.557393753010485,0.15220619926094975
57,0.0066,0,7,0,5663,599947,245,107711,5.557328911778873,0.15220770485177867
58,0.0067,1,94,1,5757,599853,246,107710,5.556458186668642,0.15222672751401642
59,0.0068,0,6,0,5763,599847,246,107710,5.556402608470117,0.15222801837873132
60,0.0069,0,12,0,5775,599835,246,107710,5.556291452073067,0.15223060017384055
61,0.007,2,19,2,5794,599816,248,107708,5.556115454444403,0.15223229176678105
62,0.0071,3,26,3,5820,599790,251,107705,5.555874615584127,0.15223429140841985
63,0.0072,0,28,0,5848,599762,251,107705,5.5556152506576755,0.15224031650946263
64,0.0073,2,30,2,5878,599732,253,107703,5.555337359665049,0.15224437580837816
65,0.0074,1,23,1,5901,599709,254,107702,5.555124309904035,0.15224812732626436
66,0.0075,1,40,1,5941,599669,255,107701,5.554753788580533,0.1522555381200786
67,0.0076,1,23,1,5964,599646,256,107700,5.554540738819519,0.15225929036143557
68,0.0077,1,15,1,5979,599631,257,107699,5.554401793323206,0.15226132074137955
69,0.0078,3,45,3,6024,599586,260,107696,5.553984956834266,0.15226741243238198
70,0.0079,0,7,0,6031,599579,260,107696,5.5539201156026525,0.15226891944434626
71,0.008,5,36,5,6067,599543,265,107691,5.553586646411501,0.15227067703193004
72,0.0081,0,3,0,6070,599540,265,107691,5.553558857312239,0.15227132294823048
73,0.0082,1,21,1,6091,599519,266,107690,5.5533643336174,0.15227464582605707
74,0.0083,1,48,1,6139,599471,267,107689,5.552919708029197,0.15228378301940154
75,0.0084,3,23,3,6162,599448,270,107686,5.552706658268184,0.15228513973306332
76,0.0085,0,33,0,6195,599415,270,107686,5.552400978176294,0.1522922467935981
77,0.0086,1,25,1,6220,599390,271,107685,5.552169402349105,0.15229643248594563
78,0.0087,1,14,1,6234,599376,272,107684,5.5520397198858795,0.1522982490877719
79,0.0088,4,45,4,6279,599331,276,107680,5.55162288339694,0.15230314662713876
80,0.0089,0,2,0,6281,599329,276,107680,5.551604357330764,0.15230357746506762
81,0.009,1,23,1,6304,599306,277,107679,5.551391307569751,0.15230733325318077
82,0.0091,1,3,1,6307,599303,278,107678,5.551363518470488,0.15230678052168303
83,0.0092,2,53,2,6360,599250,280,107676,5.550872577716848,0.15231580108809126
84,0.0093,2,33,2,6393,599217,282,107674,5.550566897624958,0.15232051334647068
85,0.0094,0,18,0,6411,599199,282,107674,5.550400163029383,0.15232439207608722
86,0.0095,1,21,1,6432,599178,283,107673,5.550205639334544,0.1523277182885785
87,0.0096,0,11,0,6443,599167,283,107673,5.55010374597058,0.15233008884613208
88,0.0097,0,12,0,6455,599155,283,107673,5.54999258957353,0.15233267499306763
89,0.0098,0,4,0,6459,599151,283,107673,5.549955537441179,0.1523335370615599
90,0.0099,0,4,0,6463,599147,283,107673,5.5499184853088295,0.15233439913980928
91,0.01,17,249,17,6712,598898,300,107656,5.5476119900700285,0.15236768881076324
92,0.0101,1,26,1,6738,598872,301,107655,5.547371151209752,0.15237209618316072
93,0.0102,3,46,3,6784,598826,304,107652,5.546945051687724,0.1523784180116012
94,0.0103,4,12,4,6796,598814,308,107648,5.546833895290674,0.1523762070712933
95,0.0104,0,14,0,6810,598800,308,107648,5.546704212827448,0.15237922677960727
96,0.0105,2,23,2,6833,598777,310,107646,5.546491163066435,0.15238178824868387
97,0.0106,1,17,1,6850,598760,311,107645,5.546333691503946,0.15238425549083034
98,0.0107,2,39,2,6889,598721,313,107643,5.545972433213532,0.15239026903975852
99,0.0108,3,31,3,6920,598690,316,107640,5.5456852791878175,0.15239335721263433
100,0.0109,0,14,0,6934,598676,316,107640,5.545555596724592,0.1523963778252227
101,0.011,0,28,0,6962,598648,316,107640,5.54529623179814,0.1524024194096459
102,0.0111,0,13,0,6975,598635,316,107640,5.545175812368002,0.1524052245938197
103,0.0112,1,36,1,7011,598599,317,107639,5.54484234317685,0.15241179319153034
104,0.0113,0,22,0,7033,598577,317,107639,5.544638556448923,0.1524165411148997
105,0.0114,0,7,0,7040,598570,317,107639,5.544573715217311,0.15241805187982593
106,0.0115,0,17,0,7057,598553,317,107639,5.5444162436548226,0.15242172100505244
107,0.0116,1,20,1,7077,598533,318,107638,5.544230982993072,0.1524248376101539
108,0.0117,0,38,0,7115,598495,318,107638,5.543878987735744,0.15243304023463003
109,0.0118,1,18,1,7133,598477,319,107637,5.543712253140169,0.15243572567602398
110,0.0119,1,31,1,7164,598446,320,107636,5.5434250991144545,0.1524412178755442
111,0.012,2,42,2,7206,598404,322,107634,5.543036051724777,0.1524478852413043
112,0.0121,0,27,0,7233,598377,322,107634,5.542785949831413,0.15245371531038468
113,0.0122,1,11,1,7244,598366,323,107633,5.54268405646745,0.15245489016273395
114,0.0123,3,37,3,7281,598329,326,107630,5.5423413242432105,0.152459278796644
115,0.0124,1,13,1,7294,598316,327,107629,5.542220904813072,0.1524608857630552
116,0.0125,1,75,1,7369,598241,328,107628,5.541526177331505,0.15247588433547868
117,0.0126,1,22,1,7391,598219,329,107627,5.541322390603579,0.1524794360242886
118,0.0127,2,8,2,7399,598211,331,107625,5.541248286338879,0.1524787627720887
119,0.0128,0,18,0,7417,598193,331,107625,5.541081551743303,0.1524826513350467
120,0.0129,0,27,0,7444,598166,331,107625,5.5408314498499385,0.1524884845513757
121,0.013,1,12,1,7456,598154,332,107624,5.540720293452888,0.1524898764200641
122,0.0131,0,1,0,7457,598153,332,107624,5.540711030419801,0.1524900924796359
123,0.0132,1,33,1,7490,598120,333,107623,5.540405350327911,0.15249602192299463
124,0.0133,4,57,4,7547,598063,337,107619,5.539877357441921,0.15250353558685073
125,0.0134,1,40,1,7587,598023,338,107618,5.539506836118418,0.15251097937903269
126,0.0135,0,6,0,7593,598017,338,107618,5.539451257919893,0.15251227617677696
127,0.0136,2,33,2,7626,597984,340,107616,5.539145577828004,0.1525170068027211
128,0.0137,2,12,2,7638,597972,342,107614,5.539034421430953,0.1525171984704912
129,0.0138,2,13,2,7651,597959,344,107612,5.538914002000815,0.15251760630751549
130,0.0139,1,10,1,7661,597949,345,107611,5.53882137166994,0.15251856681217757
131,0.014,2,65,2,7726,597884,347,107609,5.538219274519249,0.1525302164585616
132,0.0141,0,6,0,7732,597878,347,107609,5.538163696320724,0.1525315136919603
133,0.0142,0,25,0,7757,597853,347,107609,5.537932120493535,0.1525369190686387
134,0.0143,2,27,2,7784,597826,349,107607,5.5376820186001705,0.15254035464742932
135,0.0144,0,37,0,7821,597789,349,107607,5.537339286375931,0.15254835581715803
136,0.0145,1,14,1,7835,597775,350,107606,5.5372096039127054,0.15255018210017
137,0.0146,2,14,2,7849,597761,352,107604,5.53707992144948,0.152550807028985
138,0.0147,2,22,2,7871,597739,354,107602,5.536876134721553,0.15255316222933304
139,0.0148,0,26,0,7897,597713,354,107602,5.536635295861277,0.15255878579074597
140,0.0149,0,14,0,7911,597699,354,107602,5.5365056133980515,0.15256181403400818
141,0.015,8,71,8,7982,597628,362,107594,5.535847938048835,0.15256756028598087
142,0.0151,2,30,2,8012,597598,364,107592,5.535570047056208,0.15257164735744977
143,0.0152,1,13,1,8025,597585,365,107591,5.53544962762607,0.15257325830714602
144,0.0153,0,18,0,8043,597567,365,107591,5.535282893030494,0.15257715292175655
145,0.0154,3,40,3,8083,597527,368,107588,5.534912371706992,0.15258220290307256
146,0.0155,3,36,3,8119,597491,371,107585,5.53457890251584,0.15258638785038775
147,0.0156,1,33,1,8152,597458,372,107584,5.53427322242395,0.1525923278329518
148,0.0157,1,21,1,8173,597437,373,107583,5.534078698729112,0.15259567104479305
149,0.0158,4,40,4,8213,597397,377,107579,5.53370817740561,0.15259952111844943
150,0.0159,0,9,0,8222,597388,377,107579,5.533624810107821,0.15260146928863336
151,0.016,1,30,1,8252,597358,378,107578,5.533346919115195,0.15260676146487057
152,0.0161,1,35,1,8287,597323,379,107577,5.5330227129571306,0.1526131366151227
153,0.0162,2,40,2,8327,597283,381,107575,5.532652191633629,0.15261939284224624
154,0.0163,1,21,1,8348,597262,382,107574,5.53245766793879,0.15262273777162347
155,0.0164,2,30,2,8378,597232,384,107572,5.532179776946164,0.15262682958666524
156,0.0165,0,12,0,8390,597220,384,107572,5.532068620549112,0.15262942825684742
157,0.0166,3,32,3,8422,597188,387,107569,5.531772203490311,0.15263275143063496
158,0.0167,3,45,3,8467,597143,390,107566,5.531355367001371,0.1526388906626707
159,0.0168,0,5,0,8472,597138,390,107566,5.531309051835933,0.15263997366270093
160,0.0169,0,14,0,8486,597124,390,107566,5.531179369372707,0.15264300614454582
161,0.017,1,37,1,8523,597087,391,107565,5.530836637148468,0.15264981863387886
162,0.0171,1,26,1,8549,597061,392,107564,5.530595798288192,0.15265424871385488
163,0.0172,0,14,0,8563,597047,392,107564,5.530466115824966,0.1526572818193301
164,0.0173,1,60,1,8623,596987,393,107563,5.529910333839712,0.15266907955432546
165,0.0174,1,26,1,8649,596961,394,107562,5.529669494979436,0.1526735110138349
166,0.0175,4,61,4,8710,596900,398,107558,5.529104449961095,0.1526819200009085
167,0.0176,0,29,0,8739,596871,398,107558,5.5288358220015565,0.15268820562469745
168,0.0177,0,1,0,8740,596870,398,107558,5.528826558968468,0.15268842237957606
169,0.0178,0,8,0,8748,596862,398,107558,5.528752454703768,0.15269015644075978
170,0.0179,2,12,2,8760,596850,400,107556,5.5286412983067175,0.15269035187093807
171,0.018,3,21,3,8781,596829,403,107553,5.528446774611879,0.15269129534826273
172,0.0181,2,21,2,8802,596808,405,107551,5.52825225091704,0.15269344183860786
173,0.0182,2,31,2,8833,596777,407,107549,5.527965096891326,0.15269775643665007
174,0.0183,0,28,0,8861,596749,407,107549,5.527705731964875,0.15270382707319913
175,0.0184,2,47,2,8908,596702,409,107547,5.527270369409759,0.15271161194407093
176,0.0185,2,8,2,8916,596694,411,107545,5.527196265145059,0.15271094046197384
177,0.0186,0,37,0,8953,596657,411,107545,5.5268535329208195,0.15271896416085157
178,0.0187,0,4,0,8957,596653,411,107545,5.52681648078847,0.15271983163826083
179,0.0188,2,57,2,9014,596596,413,107543,5.5262884879024785,0.15272978772657103
180,0.0189,0,53,0,9067,596543,413,107543,5.525797547148838,0.15274128444536605
181,0.019,0,12,0,9079,596531,413,107543,5.525686390751788,0.152743887716348
182,0.0191,0,12,0,9091,596519,413,107543,5.525575234354737,0.15274649107607
183,0.0192,0,21,0,9112,596498,413,107543,5.525380710659898,0.15275104716912793
184,0.0193,0,10,0,9122,596488,413,107543,5.525288080329023,0.1527532168327815
185,0.0194,1,34,1,9156,596454,414,107542,5.5249731372040465,0.15275939067835612
186,0.0195,3,13,3,9169,596441,417,107539,5.524852717773908,0.15275860109662207
187,0.0196,0,7,0,9176,596434,417,107539,5.524787876542295,0.1527601200614228
188,0.0197,3,42,3,9218,596392,420,107536,5.524398829152617,0.15276562375697514
189,0.0198,2,19,2,9237,596373,422,107534,5.5242228315239545,0.15276734000372208
190,0.0199,3,20,3,9257,596353,425,107531,5.524037570862203,0.15276806973876378
191,0.02,6,125,6,9382,596228,431,107525,5.522879691726259,0.1527879810103829
192,0.0201,0,15,0,9397,596213,431,107525,5.522740746229945,0.15279123764810199
193,0.0202,1,4,1,9401,596209,432,107524,5.522703694097595,0.15279090223138606
194,0.0203,1,33,1,9434,596176,433,107523,5.522398014005706,0.1527968634316661
195,0.0204,0,22,0,9456,596154,433,107523,5.5221942272777795,0.1528016405254115
196,0.0205,3,31,3,9487,596123,436,107520,5.521907073252065,0.15280476036853916
197,0.0206,3,37,3,9524,596086,439,107517,5.521564341027826,0.15280918358790396
198,0.0207,4,39,4,9563,596047,443,107513,5.5212030827374114,0.15281283756893513
199,0.0208,0,27,0,9590,596020,443,107513,5.520952980844047,0.15281870217886012
200,0.0209,0,10,0,9600,596010,443,107513,5.520860350513172,0.15282087437084502
201,0.021,0,35,0,9635,595975,443,107513,5.520536144355107,0.15282847752911208
202,0.0211,3,36,3,9671,595939,446,107510,5.520202675163956,0.1528326858094901
203,0.0212,0,10,0,9681,595929,446,107510,5.52011004483308,0.15283485845965322
204,0.0213,0,14,0,9695,595915,446,107510,5.5199803623698545,0.152837900273661
205,0.0214,1,31,1,9726,595884,447,107509,5.51969320834414,0.1528434317657412
206,0.0215,1,8,1,9734,595876,448,107508,5.51961910407944,0.1528439657427522
207,0.0216,2,21,2,9755,595855,450,107506,5.519424580384601,0.15284612027109834
208,0.0217,4,27,4,9782,595828,454,107502,5.519174478491237,0.15284716989180044
209,0.0218,1,19,1,9801,595809,455,107501,5.518998480862574,0.15285009455289986
210,0.0219,0,6,0,9807,595803,455,107501,5.518942902664048,0.15285139854174012
211,0.022,8,28,8,9835,595775,463,107493,5.518683537737597,0.1528478474777752
212,0.0221,1,34,1,9869,595741,464,107492,5.51836859461262,0.15285403273168352
213,0.0222,0,10,0,9879,595731,464,107492,5.518275964281744,0.15285620635275013
214,0.0223,1,36,1,9915,595695,465,107491,5.517942495090592,0.1528628271893923
215,0.0224,1,19,1,9934,595676,466,107490,5.517766497461929,0.15286575289476453
216,0.0225,5,62,5,9996,595614,471,107485,5.5171921894105,0.15287320846708644
217,0.0226,0,11,0,10007,595603,471,107485,5.517090296046537,0.15287560020936214
218,0.0227,3,13,3,10020,595590,474,107482,5.5169698766163995,0.15287481225251467
219,0.0228,3,39,3,10059,595551,477,107479,5.516608618325985,0.15287967796537844
220,0.0229,1,15,1,10074,595536,478,107478,5.516469672829671,0.1528817349298876
221,0.023,2,34,2,10108,595502,480,107476,5.516154729704694,0.1528867190722896
222,0.0231,0,12,0,10120,595490,480,107476,5.516043573307644,0.1528893289291374
223,0.0232,2,13,2,10133,595477,482,107474,5.515923153877505,0.1528897462269774
224,0.0233,4,72,4,10205,595405,486,107470,5.515256215495202,0.15290058687533345
225,0.0234,1,22,1,10227,595383,487,107469,5.515052428767276,0.15290416759147019
226,0.0235,2,10,2,10237,595373,489,107467,5.5149597984364,0.15290393261624266
227,0.0236,1,18,1,10255,595355,490,107466,5.514793063840824,0.15290664337007573
228,0.0237,0,6,0,10261,595349,490,107466,5.514737485642299,0.15290794874895955
229,0.0238,2,14,2,10275,595335,492,107464,5.514607803179073,0.15290858410441677
230,0.0239,0,26,0,10301,595309,492,107464,5.514366964318796,0.15291424115610588
231,0.024,4,54,4,10355,595255,496,107460,5.513866760532069,0.15292117003337058
232,0.0241,0,8,0,10363,595247,496,107460,5.513792656267368,0.15292291097142907
233,0.0242,3,29,3,10392,595218,499,107457,5.513524028307829,0.15292560572099476
234,0.0243,2,36,2,10428,595182,501,107455,5.513190559116677,0.15293102982051898
235,0.0244,1,30,1,10458,595152,502,107454,5.51291266812405,0.15293635408749712
236,0.0245,2,28,2,10486,595124,504,107452,5.512653303197599,0.15294003780373938
237,0.0246,1,24,1,10510,595100,505,107451,5.512430990403498,0.15294405673040107
238,0.0247,1,9,1,10519,595091,506,107450,5.512347623105709,0.15294481033847135
239,0.0248,1,7,1,10526,595084,507,107449,5.512282781874097,0.15294512855623865
240,0.0249,1,17,1,10543,595067,508,107448,5.512125310311609,0.15294762389415173
241,0.025,4,84,4,10627,594983,512,107444,5.511347215532254,0.15296109061866928
242,0.0251,2,10,2,10637,594973,514,107442,5.511254585201378,0.15296085647373703
243,0.0252,3,29,3,10666,594944,517,107439,5.510985957241839,0.15296355407235085
244,0.0253,1,9,1,10675,594935,518,107438,5.510902589944052,0.15296430813826842
245,0.0254,0,37,0,10712,594898,518,107438,5.510559857719811,0.15297236650264262
246,0.0255,0,21,0,10733,594877,518,107438,5.510365334024973,0.1529769405466208
247,0.0256,1,15,1,10748,594862,519,107437,5.51022638852866,0.15297900182116164
248,0.0257,1,31,1,10779,594831,520,107436,5.509939234502945,0.15298454861185276
249,0.0258,1,14,1,10793,594817,521,107435,5.5098095520397194,0.15298639234918518
250,0.0259,3,32,3,10825,594785,524,107432,5.509513134980918,0.15298974533513146
251,0.026,2,41,2,10866,594744,526,107430,5.509133350624328,0.15299626588281537
252,0.0261,1,10,1,10876,594734,527,107429,5.509040720293453,0.15299723853293323
253,0.0262,1,20,1,10896,594714,528,107428,5.508855459631702,0.153000390234454
254,0.0263,1,32,1,10928,594682,529,107427,5.5085590425729,0.15300615716363128
255,0.0264,0,7,0,10935,594675,529,107427,5.508494201341287,0.1530076826444021
256,0.0265,0,39,0,10974,594636,529,107427,5.508132943050873,0.1530161823084253
257,0.0266,0,11,0,10985,594625,529,107427,5.50803104968691,0.1530185798202982
258,0.0267,1,51,1,11036,594574,530,107426,5.5075586349994445,0.15302849002849003
259,0.0268,2,39,2,11075,594535,532,107424,5.50719737670903,0.1530345789426448
260,0.0269,0,20,0,11095,594515,532,107424,5.507012116047279,0.15303893928104864
261,0.027,0,43,0,11138,594472,532,107424,5.5066138056245135,0.15304831485006326
262,0.0271,4,17,4,11155,594455,536,107420,5.506456334062025,0.1530471950133571
263,0.0272,0,16,0,11171,594439,536,107420,5.506308125532624,0.15305068396928728
264,0.0273,1,23,1,11194,594416,537,107419,5.5060950757716105,0.15305449286513212
265,0.0274,2,23,2,11217,594393,539,107417,5.505882026010597,0.15305709522520342
266,0.0275,2,35,2,11252,594358,541,107415,5.505557819852532,0.15306231502209403
267,0.0276,1,20,1,11272,594338,542,107414,5.505372559190781,0.15306547042259944
268,0.0277,1,28,1,11300,594310,543,107413,5.50511319426433,0.15307037107234622
269,0.0278,0,17,0,11317,594293,543,107413,5.504955722701841,0.15307407945777862
270,0.0279,1,24,1,11341,594269,544,107412,5.5047334099077405,0.15307810814315906
271,0.028,0,21,0,11362,594248,544,107412,5.504538886212901,0.15308268962175411
272,0.0281,2,34,2,11396,594214,546,107410,5.504223943087925,0.15308769369348826
273,0.0282,1,12,1,11408,594202,547,107409,5.504112786690874,0.1530891049313651
274,0.0283,3,18,3,11426,594184,550,107406,5.503946052095298,0.15308941119457234
275,0.0284,1,11,1,11437,594173,551,107405,5.503844158731335,0.1530906043233967
276,0.0285,1,15,1,11452,594158,552,107404,5.503705213235022,0.15309267035557797
277,0.0286,1,10,1,11462,594148,553,107403,5.503612582904146,0.15309364536576814
278,0.0287,4,14,4,11476,594134,557,107399,5.50348290044092,0.15309187165821136
279,0.0288,2,37,2,11513,594097,559,107397,5.503140168216681,0.15309753183918892
280,0.0289,1,23,1,11536,594074,560,107396,5.502927118455667,0.1531013443197856
281,0.029,1,26,1,11562,594048,561,107395,5.502686279595391,0.15310581187637484
282,0.0291,0,21,0,11583,594027,561,107395,5.502491755900552,0.15311039573894175
283,0.0292,0,14,0,11597,594013,561,107395,5.502362073437326,0.1531134517998084
284,0.0293,2,13,2,11610,594000,563,107393,5.502241654007188,0.15311387481768424
285,0.0294,0,18,0,11628,593982,563,107393,5.502074919411612,0.15311780431295668
286,0.0295,0,25,0,11653,593957,563,107393,5.501843343584423,0.1531232622798888
287,0.0296,0,23,0,11676,593934,563,107393,5.50163029382341,0.15312828395313455
288,0.0297,0,22,0,11698,593912,563,107393,5.501426507095483,0.15313308760097247
289,0.0298,2,15,2,11713,593897,565,107391,5.50128756159917,0.15313394782172232
290,0.0299,1,10,1,11723,593887,566,107390,5.501194931268294,0.1531349238603291
291,0.03,4,59,4,11782,593828,570,107386,5.500648412316129,0.1531429777500164
292,0.0301,0,15,0,11797,593813,570,107386,5.500509466819816,0.15314625377389302
293,0.0302,1,39,1,11836,593774,571,107385,5.500148208529401,0.15315356431280208
294,0.0303,1,9,1,11845,593765,572,107384,5.500064841231613,0.1531543224050808
295,0.0304,3,26,3,11871,593739,575,107381,5.499824002371336,0.1531563783660429
296,0.0305,3,30,3,11901,593709,578,107378,5.499546111378709,0.1531593083312057
297,0.0306,2,11,2,11912,593698,580,107376,5.499444218014747,0.15315929559504418
298,0.0307,5,73,5,11985,593625,585,107371,5.498768016599355,0.15316920495980005
299,0.0308,3,34,3,12019,593591,588,107368,5.498453073474378,0.15317301011899412
300,0.0309,1,40,1,12059,593551,589,107367,5.498082552150876,0.15318054323044922
301,0.031,0,14,0,12073,593537,589,107367,5.4979528696876505,0.1531836028899821
302,0.0311,2,7,2,12080,593530,591,107365,5.497888028456038,0.15318271638405181
303,0.0312,5,31,5,12111,593499,596,107360,5.497600874430323,0.1531834505941994
304,0.0313,3,78,3,12189,593421,599,107357,5.496878357849495,0.15319687547268893
305,0.0314,1,12,1,12201,593409,600,107356,5.496767201452443,0.1531982904397337
306,0.0315,1,20,1,12221,593389,601,107355,5.496581940790692,0.15320145445412306
307,0.0316,0,11,0,12232,593378,601,107355,5.496480047426729,0.15320385938724165
308,0.0317,0,38,0,12270,593340,601,107355,5.496128052169403,0.15321216791899472
309,0.0318,0,37,0,12307,593303,601,107355,5.4957853199451625,0.15322025867113484
310,0.0319,0,7,0,12314,593296,601,107355,5.49572047871355,0.15322178945009712
311,0.032,2,17,2,12331,593279,603,107353,5.495563007151062,0.15322309001016227
312,0.0321,0,11,0,12342,593268,603,107353,5.495461113787099,0.15322549566741506
313,0.0322,2,18,2,12360,593250,605,107351,5.495294379191522,0.15322701509132874
314,0.0323,0,10,0,12370,593240,605,107351,5.495201748860647,0.15322920220214076
315,0.0324,4,26,4,12396,593214,609,107347,5.494960910000371,0.15323005419942018
316,0.0325,2,20,2,12416,593194,611,107345,5.494775649338619,0.15323201135125952
317,0.0326,2,19,2,12435,593175,613,107343,5.494599651709956,0.15323374988223
318,0.0327,3,17,3,12452,593158,616,107340,5.494442180147468,0.1532338422093996
319,0.0328,0,32,0,12484,593126,616,107340,5.494145763088666,0.15324084252483347
320,0.0329,0,28,0,12512,593098,616,107340,5.493886398162214,0.15324696832553344
321,0.033,0,31,0,12543,593067,616,107340,5.4935992441365,0.15325375103332778
322,0.0331,0,13,0,12556,593054,616,107340,5.4934788247063615,0.15325659557334873
323,0.0332,2,25,2,12581,593029,618,107338,5.493247248879173,0.1532596481558954
324,0.0333,6,93,6,12674,592936,624,107332,5.49238578680203,0.1532727470054322
325,0.0334,2,34,2,12708,592902,626,107330,5.492070843677054,0.15327777079596477
326,0.0335,0,8,0,12716,592894,626,107330,5.491996739412353,0.15327952198153733
327,0.0336,2,15,2,12731,592879,628,107328,5.49185779391604,0.15328038708553327
328,0.0337,2,8,2,12739,592871,630,107326,5.4917836896513395,0.1532797198502707
329,0.0338,0,14,0,12753,592857,630,107326,5.491654007188114,0.15328278464344322
330,0.0339,1,17,1,12770,592840,631,107325,5.491496535625625,0.15328529703712696
331,0.034,3,44,3,12814,592796,634,107322,5.491088962169773,0.15329130232332264
332,0.0341,0,23,0,12837,592773,634,107322,5.490875912408759,0.15329633835408052
333,0.0342,2,45,2,12882,592728,636,107320,5.490459075919819,0.15330377345553448
334,0.0343,0,22,0,12904,592706,636,107320,5.490255289191893,0.15330859139517675
335,0.0344,0,4,0,12908,592702,636,107320,5.490218237059543,0.15330946741673834
336,0.0345,4,37,4,12945,592665,640,107316,5.489875504835303,0.1533127327741753
337,0.0346,3,16,3,12961,592649,643,107313,5.489727296305903,0.15331260839874164
338,0.0347,1,19,1,12980,592630,644,107312,5.489551298677239,0.15331556043215008
339,0.0348,2,40,2,13020,592590,646,107310,5.489180777353737,0.15332190312901844
340,0.0349,0,37,0,13057,592553,646,107310,5.488838045129497,0.15333000887316517
341,0.035,3,44,3,13101,592509,649,107307,5.488430471673645,0.15333601975376385
342,0.0351,0,22,0,13123,592487,649,107307,5.488226684945719,0.15334084030443246
343,0.0352,2,23,2,13146,592464,651,107305,5.488013635184705,0.15334346048481715
344,0.0353,3,26,3,13172,592438,654,107302,5.487772796324428,0.15334552833909737
345,0.0354,4,58,4,13230,592380,658,107298,5.48723554040535,0.15335339970672224
346,0.0355,4,20,4,13250,592360,662,107294,5.487050279743599,0.15335294302612434
347,0.0356,1,42,1,13292,592318,663,107293,5.486661232353922,0.15336093915047075
348,0.0357,8,49,8,13341,592269,671,107285,5.486207343732632,0.15336199921664376
349,0.0358,1,21,1,13362,592248,672,107284,5.486012820037793,0.15336539286265674
350,0.0359,2,38,2,13400,592210,674,107282,5.485660824780466,0.15337130374614721
351,0.036,1,35,1,13435,592175,675,107281,5.4853366186224015,0.15337776786531246
352,0.0361,4,36,4,13471,592139,679,107277,5.4850031494312494,0.15338082057030436
353,0.0362,3,32,3,13503,592107,682,107274,5.484706732372448,0.15338420689152266
354,0.0363,0,28,0,13531,592079,682,107274,5.484447367445997,0.15339034793587789
355,0.0364,0,23,0,13554,592056,682,107274,5.484234317684983,0.15339539273304448
356,0.0365,0,18,0,13572,592038,682,107274,5.484067583089407,0.15339934106664838
357,0.0366,3,29,3,13601,592009,685,107271,5.483798955129868,0.15340207070129275
358,0.0367,1,17,1,13618,591992,686,107270,5.4836414835673795,0.15340458940997795
359,0.0368,4,51,4,13669,591941,690,107266,5.483169068879914,0.15341093553125182
360,0.0369,1,15,1,13684,591926,691,107265,5.4830301233836005,0.1534130158998042
361,0.037,2,23,2,13707,591903,693,107263,5.482817073622587,0.15341564092075416
362,0.0371,0,27,0,13734,591876,693,107263,5.482566971729223,0.15342156566862955
363,0.0372,0,37,0,13771,591839,693,107263,5.482224239504983,0.15342968551084105
364,0.0373,2,16,2,13787,591823,695,107261,5.482076030975582,0.15343077512859685
365,0.0374,3,33,3,13820,591790,698,107258,5.481770350883694,0.15343438504938145
366,0.0375,0,33,0,13853,591757,698,107258,5.481464670791804,0.15344162857735527
367,0.0376,0,23,0,13876,591734,698,107258,5.481251621030791,0.1534466775013162
368,0.0377,0,5,0,13881,591729,698,107258,5.481205305865353,0.15344777513744892
369,0.0378,2,16,2,13897,591713,700,107256,5.481057097335952,0.15344886540032535
370,0.0379,0,31,0,13928,591682,700,107256,5.4807699433102375,0.15345567131848606
371,0.038,2,35,2,13963,591647,702,107254,5.4804457371521735,0.1534609336658554
372,0.0381,1,16,1,13979,591631,703,107253,5.480297528622772,0.15346323567287276
373,0.0382,5,65,5,14044,591566,708,107248,5.479695431472082,0.15347145306190202
374,0.0383,2,53,2,14097,591513,710,107246,5.479204490718441,0.1534806707319691
375,0.0384,1,19,1,14116,591494,711,107245,5.4790284930897775,0.1534836326582601
376,0.0385,1,19,1,14135,591475,712,107244,5.478852495461114,0.1534865947541143
377,0.0386,3,24,3,14159,591451,715,107241,5.478630182667012,0.15348823229692052
378,0.0387,2,18,2,14177,591433,717,107239,5.4784634480714365,0.15348976343692033
379,0.0388,3,32,3,14209,591401,720,107236,5.478167031012635,0.15349315882210648
380,0.0389,3,24,3,14233,591377,723,107233,5.4779447182185335,0.15349479681081005
381,0.039,4,15,4,14248,591362,727,107229,5.4778057727222205,0.15349324569025366
382,0.0391,0,18,0,14266,591344,727,107229,5.477639038126644,0.15349720072204337
383,0.0392,2,41,2,14307,591303,729,107227,5.477259253770055,0.15350378652312713
384,0.0393,5,64,5,14371,591239,734,107222,5.476666419652451,0.153511792354906
385,0.0394,1,7,1,14378,591232,735,107221,5.476601578420838,0.1535121189256829
386,0.0395,0,14,0,14392,591218,735,107221,5.476471895957612,0.15351519603000405
387,0.0396,3,16,3,14408,591202,738,107218,5.476323687428211,0.15351507688783253
388,0.0397,3,24,3,14432,591178,741,107215,5.47610137463411,0.15351671623283739
389,0.0398,0,29,0,14461,591149,741,107215,5.4758327466745715,0.15352309111008014
390,0.0399,1,25,1,14486,591124,742,107214,5.475601170847383,0.1535273749960621
391,0.04,1,53,1,14539,591071,743,107213,5.475110230093742,0.15353781555928533
392,0.0401,1,37,1,14576,591034,744,107212,5.474767497869502,0.15354473924662654
393,0.0402,0,24,0,14600,591010,744,107212,5.474545185075401,0.15355001704328997
394,0.0403,0,12,0,14612,590998,744,107212,5.474434028678351,0.15355265607768437
395,0.0404,1,19,1,14631,590979,745,107211,5.474258031049687,0.15355562239505005
396,0.0405,5,45,5,14676,590934,750,107206,5.473841194560747,0.1535594579883691
397,0.0406,1,7,1,14683,590927,751,107205,5.473776353329134,0.15355978525551042
398,0.0407,2,11,2,14694,590916,753,107203,5.473674459965171,0.15355977992290712
399,0.0408,0,55,0,14749,590861,753,107203,5.473164993145356,0.15357187879621353
400,0.0409,0,16,0,14765,590845,753,107203,5.473016784615955,0.15357539882644172
401,0.041,2,11,2,14776,590834,755,107201,5.472914891251992,0.1535753937839793
402,0.0411,2,20,2,14796,590814,757,107199,5.472729630590241,0.15357736890287144
403,0.0412,1,9,1,14805,590805,758,107198,5.472646263292453,0.1535781364836541
404,0.0413,2,27,2,14832,590778,760,107196,5.472396161399089,0.15358165203861462
405,0.0414,3,37,3,14869,590741,763,107193,5.472053429174849,0.15358615571099846
406,0.0415,0,7,0,14876,590734,763,107193,5.471988587943236,0.15358769613440948
407,0.0416,0,8,0,14884,590726,763,107193,5.471914483678535,0.1535894566561449
408,0.0417,2,23,2,14907,590703,765,107191,5.471701433917522,0.15359209278199842
409,0.0418,1,25,1,14932,590678,766,107190,5.471469858090333,0.15359638212384003
410,0.0419,0,19,0,14951,590659,766,107190,5.471293860461669,0.15360056401886368
411,0.042,1,21,1,14972,590638,767,107189,5.471099336766831,0.1536039734776671
412,0.0421,1,22,1,14994,590616,768,107188,5.470895550038905,0.15360760328115058
413,0.0422,1,22,1,15016,590594,769,107187,5.470691763310978,0.15361123332392254
414,0.0423,3,17,3,15033,590577,772,107184,5.47053429174849,0.15361133683309902
415,0.0424,2,14,2,15047,590563,774,107182,5.470404609285264,0.1536119929200496
416,0.0425,0,32,0,15079,590531,774,107182,5.470108192226463,0.15361903820052084
417,0.0426,1,19,1,15098,590512,775,107181,5.469932194597799,0.1536220085338394
418,0.0427,3,27,3,15125,590485,778,107178,5.469682092704435,0.15362431431794435
419,0.0428,2,56,2,15181,590429,780,107176,5.469163362851532,0.1536342199382172
420,0.0429,2,30,2,15211,590399,782,107174,5.468885471858905,0.15363840056882935
421,0.043,6,45,6,15256,590354,788,107168,5.468468635369965,0.15364103211081515
422,0.0431,0,19,0,15275,590335,788,107168,5.468292637741302,0.15364521729655642
423,0.0432,3,37,3,15312,590298,791,107165,5.467949905517062,0.15364972765580395
424,0.0433,5,63,5,15375,590235,796,107160,5.467366334432547,0.1536575398447078
425,0.0434,0,31,0,15406,590204,796,107160,5.467079180406833,0.15366437040053688
426,0.0435,1,19,1,15425,590185,797,107159,5.466903182778169,0.153667343520558
427,0.0436,2,22,2,15447,590163,799,107157,5.466699396050243,0.15366976424023404
428,0.0437,1,10,1,15457,590153,800,107156,5.4666067657193675,0.1536707542854029
429,0.0438,2,41,2,15498,590112,802,107154,5.4662269813627775,0.15367736272814106
430,0.0439,6,83,6,15581,590029,808,107148,5.46545814961651,0.15368837468820687
431,0.044,2,23,2,15604,590006,810,107146,5.465245099855497,0.15369101716698796
432,0.0441,0,4,0,15608,590002,810,107146,5.465208047723147,0.15369189899418775
433,0.0442,1,40,1,15648,589962,811,107145,5.464837526399644,0.1536995038064458
434,0.0443,2,15,2,15663,589947,813,107143,5.464698580903331,0.1537003830208438
435,0.0444,1,15,1,15678,589932,814,107142,5.464559635407018,0.1537024763511478
436,0.0445,1,26,1,15704,589906,815,107141,5.464318796546741,0.15370699536760074
437,0.0446,3,22,3,15726,589884,818,107138,5.464115009818815,0.15370820433214447
438,0.0447,4,29,4,15755,589855,822,107134,5.463846381859276,0.15370974290842468
439,0.0448,0,28,0,15783,589827,822,107134,5.4635870169328244,0.15371591810732596
440,0.0449,3,16,3,15799,589811,825,107131,5.463438808403423,0.1537158041845663
441,0.045,4,34,4,15833,589777,829,107127,5.463123865278447,0.15371844615614202
442,0.0451,3,39,3,15872,589738,832,107124,5.462762606988032,0.1537234057819195
443,0.0452,3,36,3,15908,589702,835,107121,5.46242913779688,0.15372770416590728
444,0.0453,0,23,0,15931,589679,835,107121,5.462216088035866,0.15373277841561422
445,0.0454,1,27,1,15958,589652,836,107120,5.461965986142502,0.15373752102552915
446,0.0455,0,39,0,15997,589613,836,107120,5.461604727852088,0.15374612656498257
447,0.0456,0,14,0,16011,589599,836,107120,5.4614750453888625,0.1537492159679871
448,0.0457,4,18,4,16029,589581,840,107116,5.461308310793286,0.15374832961818408
449,0.0458,0,28,0,16057,589553,840,107116,5.4610489458668345,0.1537545089561901
450,0.0459,1,10,1,16067,589543,841,107115,5.4609563155359595,0.15375550126460905
451,0.046,0,22,0,16089,589521,841,107115,5.460752528808033,0.15376035691523263
452,0.0461,1,13,1,16102,589508,842,107114,5.460632109377895,0.15376201153566785
453,0.0462,1,17,1,16119,589491,843,107113,5.460474637815406,0.15376454915561782
454,0.0463,3,22,3,16141,589469,846,107110,5.46027085108748,0.15376576095460817
455,0.0464,1,22,1,16163,589447,847,107109,5.460067064359554,0.1537694026036672
456,0.0465,3,30,3,16193,589417,850,107106,5.459789173366928,0.15377238081154534
457,0.0466,3,25,3,16218,589392,853,107103,5.459557597539739,0.15377425537871772
458,0.0467,5,66,5,16284,589326,858,107098,5.45894623735596,0.1537827530355071
459,0.0468,1,47,1,16331,589279,859,107097,5.458510874800845,0.15379191701035072
460,0.0469,1,11,1,16342,589268,860,107096,5.4584089814368815,0.15379313117852159
461,0.047,0,18,0,16360,589250,860,107096,5.458242246841306,0.15379710661079407
462,0.0471,2,23,2,16383,589227,862,107094,5.458029197080292,0.15379975614694946
463,0.0472,1,23,1,16406,589204,863,107093,5.457816147319278,0.15380362115591478
464,0.0473,0,11,0,16417,589193,863,107093,5.457714253955315,0.1538060509618174
465,0.0474,2,21,2,16438,589172,865,107091,5.4575197302604765,0.15380825923537514
466,0.0475,1,10,1,16448,589162,866,107090,5.457427099929601,0.1538092529716252
467,0.0476,1,5,1,16453,589157,867,107089,5.4573807847641636,0.15380914217101427
468,0.0477,3,20,3,16473,589137,870,107086,5.457195524102412,0.1538099143521544
469,0.0478,2,28,2,16501,589109,872,107084,5.45693615917596,0.1538136694853295
470,0.0479,2,32,2,16533,589077,874,107082,5.456639742117159,0.15381830874843247
471,0.048,1,13,1,16546,589064,875,107081,5.45651932268702,0.15381996566807202
472,0.0481,4,11,4,16557,589053,879,107077,5.456417429323057,0.15381753408127793
473,0.0482,2,45,2,16602,589008,881,107075,5.456000592834117,0.15382504672574965
474,0.0483,6,39,6,16641,588969,887,107069,5.455639334543703,0.1538263715486798
475,0.0484,1,31,1,16672,588938,888,107068,5.4553521805179885,0.15383200719534026
476,0.0485,3,19,3,16691,588919,891,107065,5.455176182889326,0.1538325593691809
477,0.0486,1,26,1,16717,588893,892,107064,5.454935344029049,0.15383709050990219
478,0.0487,0,14,0,16731,588879,892,107064,5.454805661565823,0.15384018518758003
479,0.0488,2,41,2,16772,588838,894,107062,5.454425877209234,0.1538468170714183
480,0.0489,4,44,4,16816,588794,898,107058,5.454018303753381,0.1538516811046027
481,0.049,2,36,2,16852,588758,900,107056,5.453684834562229,0.1538572089667641
482,0.0491,1,18,1,16870,588740,901,107055,5.4535180999666535,0.1538599731242679
483,0.0492,0,19,0,16889,588721,901,107055,5.45334210233799,0.15386417467690752
484,0.0493,2,24,2,16913,588697,903,107053,5.453119789543888,0.15386704994610134
485,0.0494,1,18,1,16931,588679,904,107052,5.4529530549483125,0.15386981462663013
486,0.0495,2,26,2,16957,588653,906,107050,5.4527122160880355,0.15387313264424618
487,0.0496,0,14,0,16971,588639,906,107050,5.45258253362481,0.15387622917711793
488,0.0497,0,32,0,17003,588607,906,107050,5.452286116566008,0.15388330743455467
489,0.0498,1,20,1,17023,588587,907,107049,5.452100855904257,0.15388651536148215
490,0.0499,0,12,0,17035,588575,907,107049,5.451989699507207,0.15388917001138547
491,0.05,3,34,3,17069,588541,910,107046,5.451674756382229,0.15389304285445243
492,0.0501,0,14,0,17083,588527,910,107046,5.451545073919004,0.1538961403044684
493,0.0502,1,28,1,17111,588499,911,107045,5.451285708992552,0.1539011191240238
494,0.0503,1,9,1,17120,588490,912,107044,5.451202341694764,0.15390189408425756
495,0.0504,2,37,2,17157,588453,914,107042,5.450859609470525,0.15390764850933508
496,0.0505,2,16,2,17173,588437,916,107040,5.450711400941124,0.15390875614865768
497,0.0506,0,28,0,17201,588409,916,107040,5.450452036014672,0.15391495278589803
498,0.0507,6,76,6,17277,588333,922,107034,5.4497480455000185,0.15392447441423018
499,0.0508,0,12,0,17289,588321,922,107034,5.449636889102968,0.15392713074616562
500,0.0509,2,18,2,17307,588303,924,107032,5.449470154507392,0.15392868185838482
501,0.051,0,8,0,17315,588295,924,107032,5.449396050242691,0.15393045286606158
502,0.0511,2,37,2,17352,588258,926,107030,5.449053318018452,0.15393621060625237
503,0.0512,3,45,3,17397,588213,929,107027,5.448636481529512,0.15394252344514125
504,0.0513,0,14,0,17411,588199,929,107027,5.448506799066286,0.15394562343755844
505,0.0514,0,12,0,17423,588187,929,107027,5.448395642669236,0.15394828067328908
506,0.0515,2,32,2,17455,588155,931,107025,5.4480992256104335,0.15395293305330993
507,0.0516,0,12,0,17467,588143,931,107025,5.447988069213383,0.15395559059105138
508,0.0517,1,39,1,17506,588104,932,107024,5.447626810922968,0.1539630111288856
509,0.0518,1,35,1,17541,588069,933,107023,5.4473026047649045,0.15396954647730085
510,0.0519,5,27,5,17568,588042,938,107018,5.44705250287154,0.15396944148706587
511,0.052,0,10,0,17578,588032,938,107018,5.446959872540664,0.1539716567153442
512,0.0521,2,15,2,17593,588017,940,107016,5.446820927044351,0.15397254518850184
513,0.0522,1,28,1,17621,587989,941,107015,5.4465615621179,0.1539775310645694
514,0.0523,4,55,4,17676,587934,945,107011,5.446052095298084,0.15398484772176216
515,0.0524,0,10,0,17686,587924,945,107011,5.445959464967209,0.15398706353831654
516,0.0525,1,28,1,17714,587896,946,107010,5.445700100040757,0.1539920507234072
517,0.0526,1,33,1,17747,587863,947,107009,5.445394419948868,0.1539981464212114
518,0.0527,2,16,2,17763,587847,949,107007,5.445246211419467,0.15399925739795697
519,0.0528,3,17,3,17780,587830,952,107004,5.4450887398569785,0.15399937251199566
520,0.0529,1,23,1,17803,587807,953,107003,5.444875690095965,0.15400325268778514
521,0.053,1,60,1,17863,587747,954,107002,5.444319908110712,0.1540153350346672
522,0.0531,0,16,0,17879,587731,954,107002,5.444171699581311,0.15401888207412057
523,0.0532,0,16,0,17895,587715,954,107002,5.44402349105191,0.1540224292769574
524,0.0533,1,45,1,17940,587670,955,107001,5.44360665456297,0.1540311888649447
525,0.0534,6,50,6,17990,587620,961,106995,5.443143502908592,0.15403496901161076
526,0.0535,1,26,1,18016,587594,962,106994,5.442902664048316,0.1540395169510559
527,0.0536,1,6,1,18022,587588,963,106993,5.442847085849791,0.15403962964722617
528,0.0537,2,18,2,18040,587570,965,106991,5.442680351254214,0.1540411857273875
529,0.0538,5,42,5,18082,587528,970,106986,5.442291303864537,0.15404441091180307
530,0.0539,0,16,0,18098,587512,970,106986,5.442143095335137,0.15404795982133856
531,0.054,3,35,3,18133,587477,973,106983,5.441818889177072,0.15405206923364917
532,0.0541,1,38,1,18171,587439,974,106982,5.4414668939197455,0.15405928104132796
533,0.0542,2,18,2,18189,587421,976,106980,5.441300159324169,0.15406083804602816
534,0.0543,1,31,1,18220,587390,977,106979,5.441013005298455,0.1540664977843193
535,0.0544,0,46,0,18266,587344,977,106979,5.440586905776428,0.1540767049341589
536,0.0545,3,29,3,18295,587315,980,106976,5.440318277816888,0.15407948540309466
537,0.0546,1,35,1,18330,587280,981,106975,5.439994071658824,0.15408603467025805
538,0.0547,0,11,0,18341,587269,981,106975,5.439892178294861,0.15408847609774085
539,0.0548,3,51,3,18392,587218,984,106972,5.439419763607396,0.15409614082599865
540,0.0549,2,19,2,18411,587199,986,106970,5.439243765978732,0.15409792139954392
541,0.055,0,18,0,18429,587181,986,106970,5.439077031383156,0.1541019173061769
542,0.0551,3,19,3,18448,587162,989,106967,5.438901033754493,0.15410247951029277
543,0.0552,2,24,2,18472,587138,991,106965,5.438678720960391,0.1541053705285815
544,0.0553,4,41,4,18513,587097,995,106961,5.438298936603801,0.15410959890960121
545,0.0554,0,11,0,18524,587086,995,106961,5.438197043239838,0.15411204140353607
546,0.0555,1,14,1,18538,587072,996,106960,5.438067360776612,0.15411393134610507
547,0.0556,1,10,1,18548,587062,997,106959,5.437974730445737,0.15411493312162025
548,0.0557,0,21,0,18569,587041,997,106959,5.437780206750898,0.15411959654178675
549,0.0558,0,5,0,18574,587036,997,106959,5.437733891585461,0.1541207069215196
550,0.0559,1,11,1,18585,587025,998,106958,5.437631998221498,0.15412193094067145
551,0.056,2,36,2,18621,586989,1000,106956,5.437298529030346,0.1541274884897218
552,0.0561,3,66,3,18687,586923,1003,106953,5.436687168846567,0.15413849160368712
553,0.0562,5,37,5,18724,586886,1008,106948,5.436344436622328,0.15414061576688373
554,0.0563,2,24,2,18748,586862,1010,106946,5.436122123828226,0.1541435094435348
555,0.0564,2,17,2,18765,586845,1012,106944,5.435964652265738,0.15414484807340562
556,0.0565,1,20,1,18785,586825,1013,106943,5.435779391603987,0.1541480725545139
557,0.0566,0,16,0,18801,586809,1013,106943,5.435631183074586,0.15415162767098328
558,0.0567,4,31,4,18832,586778,1017,106939,5.4353440290488715,0.15415363901994616
559,0.0568,2,47,2,18879,586731,1019,106937,5.434908666493757,0.15416164505209984
560,0.0569,3,24,3,18903,586707,1022,106934,5.4346863536996555,0.15416332079562772
561,0.057,0,24,0,18927,586683,1022,106934,5.434464040905554,0.1541686550358483
562,0.0571,6,91,6,19018,586592,1028,106928,5.433621104894587,0.15418156650132656
563,0.0572,1,14,1,19032,586578,1029,106927,5.433491422431361,0.15418345938385447
564,0.0573,6,63,6,19095,586515,1035,106921,5.432907851346845,0.15419014876643267
565,0.0574,1,16,1,19111,586499,1036,106920,5.4327596428174445,0.15419248679369904
566,0.0575,2,16,2,19127,586483,1038,106918,5.432611434288043,0.15419360514334418
567,0.0576,2,34,2,19161,586449,1040,106916,5.432296491163067,0.15419872650047234
568,0.0577,2,28,2,19189,586421,1042,106914,5.432037126236615,0.15420251393626458
569,0.0578,2,23,2,19212,586398,1044,106912,5.431824076475602,0.15420518959772683
570,0.0579,4,49,4,19261,586349,1048,106908,5.431370187854311,0.15421120883020295
571,0.058,4,43,4,19304,586306,1052,106904,5.4309718774315465,0.15421589417348278
572,0.0581,1,20,1,19324,586286,1053,106903,5.430786616769795,0.15421912350022865
573,0.0582,2,37,2,19361,586249,1055,106901,5.430443884545555,0.1542249152420111
574,0.0583,4,43,4,19404,586206,1059,106897,5.430045574122791,0.1542296022380512
575,0.0584,0,18,0,19422,586188,1059,106897,5.429878839527214,0.154233607710454
576,0.0585,0,10,0,19432,586178,1059,106897,5.429786209196339,0.15423583306279984
577,0.0586,0,28,0,19460,586150,1059,106897,5.429526844269888,0.15424206439101532
578,0.0587,3,24,3,19484,586126,1062,106894,5.429304531475786,0.15424374476927072
579,0.0588,3,51,3,19535,586075,1065,106891,5.428832116788321,0.15425143513534575
580,0.0589,2,17,2,19552,586058,1067,106889,5.428674645225833,0.15425277835101386
581,0.059,3,40,3,19592,586018,1070,106886,5.428304123902331,0.1542580213131978
582,0.0591,4,24,4,19616,585994,1074,106882,5.428081811108229,0.15425848203718992
583,0.0592,0,42,0,19658,585952,1074,106882,5.427692763718552,0.15426783327608057
584,0.0593,4,59,4,19717,585893,1078,106878,5.427146244766386,0.15427608834665424
585,0.0594,5,52,5,19769,585841,1083,106873,5.426664567045833,0.15428156497486697
586,0.0595,0,9,0,19778,585832,1083,106873,5.426581199748045,0.15428356948484565
587,0.0596,0,16,0,19794,585816,1083,106873,5.426432991218644,0.1542871331867548
588,0.0597,2,17,2,19811,585799,1085,106871,5.426275519656156,0.15428847791877806
589,0.0598,0,35,0,19846,585764,1085,106871,5.425951313498092,0.154296274372505
590,0.0599,3,37,3,19883,585727,1088,106868,5.425608581273853,0.15430085403446459
591,0.06,3,33,3,19916,585694,1091,106865,5.425302901181963,0.15430454300644422
592,0.0601,0,21,0,19937,585673,1091,106865,5.425108377487124,0.1543092220210299
593,0.0602,3,22,3,19959,585651,1094,106862,5.424904590759199,0.15431046059785158
594,0.0603,1,8,1,19967,585643,1095,106861,5.424830486494498,0.15431102203019767
595,0.0604,2,32,2,19999,585611,1097,106859,5.424534069435696,0.15431571042788858
596,0.0605,2,35,2,20034,585576,1099,106857,5.424209863277632,0.15432106788671252
597,0.0606,1,11,1,20045,585565,1100,106856,5.424107969913669,0.15432229813942674
598,0.0607,2,7,2,20052,585558,1102,106854,5.424043128682055,0.15432141557338694
599,0.0608,1,30,1,20082,585528,1103,106853,5.423765237689429,0.15432688072029707
600,0.0609,2,19,2,20101,585509,1105,106851,5.423589240060766,0.15432867294471084
601,0.061,0,24,0,20125,585485,1105,106851,5.423366927266664,0.15433402278662384
602,0.0611,5,24,5,20149,585461,1110,106846,5.423144614472563,0.15433326544437656
603,0.0612,2,36,2,20185,585425,1112,106844,5.422811145281411,0.15433884804895207
604,0.0613,4,43,4,20228,585382,1116,106840,5.422412834858646,0.15434354874592254
605,0.0614,1,18,1,20246,585364,1117,106839,5.42224610026307,0.1543463405966169
606,0.0615,1,39,1,20285,585325,1118,106838,5.4218848419726555,0.15435381550299568
607,0.0616,3,35,3,20320,585290,1121,106835,5.421560635814591,0.15435795557160917
608,0.0617,3,33,3,20353,585257,1124,106832,5.421254955722702,0.15436165001900046
609,0.0618,3,60,3,20413,585197,1127,106829,5.420699173737448,0.15437136754977415
610,0.0619,0,18,0,20431,585179,1127,106829,5.420532439141873,0.1543753829435498
611,0.062,3,38,3,20469,585141,1130,106826,5.420180443884545,0.15438019443123732
612,0.0621,3,25,3,20494,585116,1133,106823,5.419948868057356,0.15438210593708404
613,0.0622,2,22,2,20516,585094,1135,106821,5.41974508132943,0.1543845703590759
614,0.0623,5,36,5,20552,585058,1140,106816,5.419411612138279,0.15438649233820032
615,0.0624,2,25,2,20577,585033,1142,106814,5.41918003631109,0.15438962660819516
616,0.0625,4,43,4,20620,584990,1146,106810,5.418781725888325,0.15439433362243424
617,0.0626,0,3,0,20623,584987,1146,106810,5.418753936789062,0.15439500315844099
618,0.0627,2,40,2,20663,584947,1148,106808,5.41838341546556,0.15440148607527232
619,0.0628,5,43,5,20706,584904,1153,106803,5.417985105042796,0.15440497204741313
620,0.0629,4,55,4,20761,584849,1157,106799,5.41747563822298,0.15441236004441566
621,0.063,3,26,3,20787,584823,1160,106796,5.417234799362704,0.1544144969990703
622,0.0631,0,9,0,20796,584814,1160,106796,5.417151432064915,0.15441650641257357
623,0.0632,2,10,2,20806,584804,1162,106794,5.41705880173404,0.15441629385857103
624,0.0633,3,23,3,20829,584781,1165,106791,5.416845751973026,0.15441776127431417
625,0.0634,0,10,0,20839,584771,1165,106791,5.4167531216421505,0.15441999415815214
626,0.0635,2,27,2,20866,584744,1167,106789,5.416503019748786,0.15442357776129267
627,0.0636,1,26,1,20892,584718,1168,106788,5.41626218088851,0.154428161143938
628,0.0637,0,10,0,20902,584708,1168,106788,5.416169550557634,0.15443039439129078
629,0.0638,5,58,5,20960,584650,1173,106783,5.415632294638557,0.15443723397639395
630,0.0639,0,18,0,20978,584632,1173,106783,5.41546556004298,0.15444125452875623
631,0.064,2,27,2,21005,584605,1175,106781,5.415215458149617,0.1544448397855901
632,0.0641,4,22,4,21027,584583,1179,106777,5.4150116714216905,0.15444486230039342
633,0.0642,1,27,1,21054,584556,1180,106776,5.414761569528326,0.15444967106976099
634,0.0643,1,23,1,21077,584533,1181,106775,5.414548519767313,0.15445358653451138
635,0.0644,3,79,3,21156,584454,1184,106772,5.413816740153396,0.15446756921759308
636,0.0645,0,19,0,21175,584435,1184,106772,5.413640742524732,0.15447181524492662
637,0.0646,1,24,1,21199,584411,1185,106771,5.413418429730631,0.15447595568171624
638,0.0647,0,18,0,21217,584393,1185,106771,5.413251695135055,0.15447997870259447
639,0.0648,1,35,1,21252,584358,1186,106770,5.41292748897699,0.15448657846303435
640,0.0649,1,5,1,21257,584353,1187,106769,5.412881173811553,0.15448647272116933
641,0.065,3,74,3,21331,584279,1190,106766,5.412195709363074,0.1544993451945966
642,0.0651,1,23,1,21354,584256,1191,106765,5.41198265960206,0.15450326401078984
643,0.0652,3,21,3,21375,584235,1194,106762,5.411788135907221,0.15450428873063124
644,0.0653,3,28,3,21403,584207,1197,106759,5.41152877098077,0.1545068787755114
645,0.0654,2,34,2,21437,584173,1199,106757,5.411213827855793,0.15451203450421896
646,0.0655,4,47,4,21484,584126,1203,106753,5.410778465300678,0.1545176507029451
647,0.0656,3,30,3,21514,584096,1206,106750,5.410500574308052,0.154520689126086
648,0.0657,4,65,4,21579,584031,1210,106746,5.409898477157361,0.1545303332334458
649,0.0658,0,26,0,21605,584005,1210,106746,5.409657638297084,0.15453614978479943
650,0.0659,2,41,2,21646,583964,1212,106744,5.409277853940495,0.15454287484725818
651,0.066,3,32,3,21678,583932,1215,106741,5.408981436881692,0.15454636275053463
652,0.0661,1,10,1,21688,583922,1216,106740,5.408888806550817,0.154547376285361
653,0.0662,1,26,1,21714,583896,1217,106739,5.40864796769054,0.15455197028821302
654,0.0663,0,4,0,21718,583892,1217,106739,5.4086109155581905,0.15455286542306962
655,0.0664,0,7,0,21725,583885,1217,106739,5.408546074326577,0.15455443193401908
656,0.0665,0,18,0,21743,583867,1217,106739,5.408379339731002,0.15455846025085215
657,0.0666,5,29,5,21772,583838,1222,106734,5.408110711771463,0.15455882949207322
658,0.0667,2,21,2,21793,583817,1224,106732,5.407916188076624,0.1545610811108263
659,0.0668,0,39,0,21832,583778,1224,106732,5.407554929786209,0.15456981071961304
660,0.0669,2,29,2,21861,583749,1226,106730,5.40728630182667,0.1545738538029397
661,0.067,2,29,2,21890,583720,1228,106728,5.407017673867131,0.15457789724932217
662,0.0671,4,19,4,21909,583701,1232,106724,5.406841676238468,0.15457725314118115
663,0.0672,1,28,1,21937,583673,1233,106723,5.406582311312016,0.15458229769581516
664,0.0673,5,30,5,21967,583643,1238,106718,5.4063044203193895,0.1545828921390403
665,0.0674,2,20,2,21987,583623,1240,106716,5.406119159657639,0.1545849213212639
666,0.0675,5,67,5,22054,583556,1245,106711,5.405498536440772,0.1545938021084595
667,0.0676,0,12,0,22066,583544,1245,106711,5.405387380043721,0.15459648970308074
668,0.0677,12,53,12,22119,583491,1257,106699,5.404896439290082,0.15459366261464236
669,0.0678,1,19,1,22138,583472,1258,106698,5.404720441661418,0.1545966935682513
670,0.0679,2,27,2,22165,583445,1260,106696,5.404470339768054,0.15460029182442428
671,0.068,0,22,0,22187,583423,1260,106696,5.404266553040127,0.15460522025911475
672,0.0681,3,43,3,22230,583380,1263,106693,5.403868242617363,0.15461117881731354
673,0.0682,0,15,0,22245,583365,1263,106693,5.403729297121049,0.15461453964739197
674,0.0683,1,2,1,22247,583363,1264,106692,5.403710771054874,0.15461376267109145
675,0.0684,1,19,1,22266,583344,1265,106691,5.403534773426211,0.15461679480026375
676,0.0685,6,22,6,22288,583322,1271,106685,5.403330986698284,0.15461437347737053
677,0.0686,2,21,2,22309,583301,1273,106683,5.403136463003446,0.15461662879139226
678,0.0687,0,17,0,22326,583284,1273,106683,5.402978991440958,0.15462043836879155
679,0.0688,1,20,1,22346,583264,1274,106682,5.402793730779206,0.15462369518773933
680,0.0689,0,19,0,22365,583245,1274,106682,5.402617733150543,0.15462795339217048
681,0.069,2,49,2,22414,583196,1276,106680,5.402163844529253,0.15463648539737576
682,0.0691,0,14,0,22428,583182,1276,106680,5.402034162066027,0.1546396235768893
683,0.0692,0,8,0,22436,583174,1276,106680,5.401960057801326,0.15464141687951363
684,0.0693,1,24,1,22460,583150,1277,106679,5.4017377450072255,0.15464557158368233
685,0.0694,1,25,1,22485,583125,1278,106678,5.401506169180037,0.15464995078304966
686,0.0695,3,13,3,22498,583112,1281,106675,5.401385749749898,0.15464918880755943
687,0.0696,1,18,1,22516,583094,1282,106674,5.4012190151543225,0.15465199893297457
688,0.0697,3,46,3,22562,583048,1285,106671,5.4007929156322945,0.15465863634320642
689,0.0698,1,13,1,22575,583035,1286,106670,5.400672496202157,0.15466032579146158
690,0.0699,0,22,0,22597,583013,1286,106670,5.4004687094742305,0.15466525925678898
691,0.07,0,21,0,22618,582992,1286,106670,5.4002741857793914,0.1546699687673092
692,0.0701,2,19,2,22637,582973,1288,106668,5.400098188150728,0.1546717785050483
693,0.0702,0,19,0,22656,582954,1288,106668,5.399922190522065,0.15467603991752002
694,0.0703,2,37,2,22693,582917,1290,106666,5.399579458297825,0.15468188745952263
695,0.0704,2,70,2,22763,582847,1292,106664,5.398931045981696,0.15469513901881188
696,0.0705,0,19,0,22782,582828,1292,106664,5.398755048353033,0.15469940187848444
697,0.0706,0,8,0,22790,582820,1292,106664,5.3986809440883325,0.15470119683705497
698,0.0707,3,18,3,22808,582802,1295,106661,5.398514209492756,0.15470155758902218
699,0.0708,2,60,2,22868,582742,1297,106659,5.397958427507503,0.15471256931742194
700,0.0709,4,27,4,22895,582715,1301,106655,5.397708325614139,0.15471372412492565
701,0.071,3,57,3,22952,582658,1304,106652,5.397180332728149,0.1547228387808098
702,0.0711,1,17,1,22969,582641,1305,106651,5.39702286116566,0.15472542841060102
703,0.0712,6,37,6,23006,582604,1311,106645,5.396680128941421,0.15472637609920362
704,0.0713,1,48,1,23054,582556,1312,106644,5.396235503353218,0.15473592571096925
705,0.0714,0,7,0,23061,582549,1312,106644,5.396170662121605,0.15473749733383826
706,0.0715,1,34,1,23095,582515,1313,106643,5.3958557189966285,0.15474390488102874
707,0.0716,1,50,1,23145,582465,1314,106642,5.395392567342251,0.1547539061422972
708,0.0717,0,32,0,23177,582433,1314,106642,5.3950961502834485,0.15476109276929217
709,0.0718,2,39,2,23216,582394,1316,106640,5.394734891993034,0.15476739899627595
710,0.0719,3,32,3,23248,582362,1319,106637,5.3944384749342325,0.15477090677925512
711,0.072,1,25,1,23273,582337,1320,106636,5.3942068991070435,0.1547752959840226
712,0.0721,2,18,2,23291,582319,1322,106634,5.394040164511468,0.15477688608656903
713,0.0722,1,8,1,23299,582311,1323,106633,5.393966060246767,0.15477745651315636
714,0.0723,3,52,3,23351,582259,1326,106630,5.393484382526214,0.15478545890557113
715,0.0724,2,19,2,23370,582240,1328,106628,5.3933083848975505,0.1547872741947659
716,0.0725,0,29,0,23399,582211,1328,106628,5.393039756938012,0.15479379071161767
717,0.0726,1,10,1,23409,582201,1329,106627,5.392947126607136,0.15479481089618888
718,0.0727,2,34,2,23443,582167,1331,106625,5.392632183482159,0.15479999767709265
719,0.0728,2,21,2,23464,582146,1333,106623,5.392437659787321,0.15480226316805779
720,0.0729,0,14,0,23478,582132,1333,106623,5.392307977324095,0.15480540976109067
721,0.073,2,72,2,23550,582060,1335,106621,5.391641038941791,0.15481913977589043
722,0.0731,1,50,1,23600,582010,1336,106620,5.391177887287413,0.15482915353673235
723,0.0732,2,27,2,23627,581983,1338,106618,5.39092778539405,0.15483276963001796
724,0.0733,1,40,1,23667,581943,1339,106617,5.390557264070547,0.15484053677239457
725,0.0734,1,15,1,23682,581928,1340,106616,5.390418318574234,0.15484268253009248
726,0.0735,3,40,3,23722,581888,1343,106613,5.390047797250732,0.15484799586347733
727,0.0736,1,46,1,23768,581842,1344,106612,5.389621697728704,0.1548571146365625
728,0.0737,2,31,2,23799,581811,1346,106610,5.38933454370299,0.1548616326346814
729,0.0738,2,25,2,23824,581786,1348,106608,5.389102967875801,0.15486480126206795
730,0.0739,1,20,1,23844,581766,1349,106607,5.38891770721405,0.15486807297787683
731,0.074,2,20,2,23864,581746,1351,106605,5.388732446552299,0.15487011713500815
732,0.0741,0,22,0,23886,581724,1351,106605,5.388528659824373,0.1548750670101071
733,0.0742,2,38,2,23924,581686,1353,106603,5.3881766645670455,0.15488116183754208
734,0.0743,2,12,2,23936,581674,1355,106601,5.388065508169995,0.1548814064145872
735,0.0744,0,53,0,23989,581621,1355,106601,5.387574567416355,0.15489333383704676
736,0.0745,0,13,0,24002,581608,1355,106601,5.387454147986217,0.15489625971180265
737,0.0746,6,21,6,24023,581587,1361,106595,5.387259624291378,0.15489361825796083
738,0.0747,0,16,0,24039,581571,1361,106595,5.387111415761977,0.1548972195662093
739,0.0748,1,17,1,24056,581554,1362,106594,5.3869539441994885,0.15489981806239356
740,0.0749,5,37,5,24093,581517,1367,106589,5.386611211975249,0.15490200637692447
741,0.075,0,31,0,24124,581486,1367,106589,5.386324057949535,0.15490898521236784
742,0.0751,2,28,2,24152,581458,1369,106587,5.3860646930230835,0.1549128327362309
743,0.0752,1,27,1,24179,581431,1370,106586,5.385814591129719,0.15491768372002435
744,0.0753,2,20,2,24199,581411,1372,106584,5.385629330467968,0.1549197305212974
745,0.0754,2,28,2,24227,581383,1374,106582,5.385369965541517,0.154923578961139
746,0.0755,1,25,1,24252,581358,1375,106581,5.385138389714328,0.15492798053315773
747,0.0756,2,49,2,24301,581309,1377,106579,5.384684501093038,0.15493655943990883
748,0.0757,0,4,0,24305,581305,1377,106579,5.3846474489606875,0.15493746038576273
749,0.0758,2,27,2,24332,581278,1379,106577,5.384397347067324,0.1549410849670352
750,0.0759,5,17,5,24349,581261,1384,106572,5.384239875504836,0.1549387714750528
751,0.076,2,19,2,24368,581242,1386,106570,5.384063877876172,0.15494059423214482
752,0.0761,2,13,2,24381,581229,1388,106568,5.3839434584460335,0.1549410654597214
753,0.0762,3,35,3,24416,581194,1391,106565,5.38361925228797,0.15494526425681088
754,0.0763,0,10,0,24426,581184,1391,106565,5.383526621957094,0.1549475171901377
755,0.0764,2,25,2,24451,581159,1393,106563,5.383295046129905,0.15495069228554562
756,0.0765,4,24,4,24475,581135,1397,106559,5.383072733335803,0.15495118468388558
757,0.0766,1,14,1,24489,581121,1398,106558,5.382943050872577,0.15495311039016751
758,0.0767,3,29,3,24518,581092,1401,106555,5.3826744229130385,0.15495595850778088
759,0.0768,2,36,2,24554,581056,1403,106553,5.3823409537218865,0.15496161335875475
760,0.0769,1,9,1,24563,581047,1404,106552,5.382257586424099,0.1549624126853006
761,0.077,1,23,1,24586,581024,1405,106551,5.382044536663085,0.15496636730538488
762,0.0771,1,10,1,24596,581014,1406,106550,5.381951906332209,0.1549673921264057
763,0.0772,0,11,0,24607,581003,1406,106550,5.381850012968246,0.1549698714135492
764,0.0773,3,30,3,24637,580973,1409,106547,5.38157212197562,0.15497294624156388
765,0.0774,2,20,2,24657,580953,1411,106545,5.381386861313868,0.1549749962908983
766,0.0775,4,41,4,24698,580912,1415,106541,5.381007076957279,0.1549793222227556
767,0.0776,4,16,4,24714,580896,1419,106537,5.380858868427878,0.15497801240266323
768,0.0777,1,26,1,24740,580870,1420,106536,5.380618029567602,0.15498264489981176
769,0.0778,1,35,1,24775,580835,1421,106535,5.380293823409537,0.15498930706897304
770,0.0779,1,53,1,24828,580782,1422,106534,5.379802882655897,0.15500002909869695
771,0.078,4,49,4,24877,580733,1426,106530,5.379348994034607,0.15500616212425228
772,0.0781,2,29,2,24906,580704,1428,106528,5.379080366075067,0.15501024399329483
773,0.0782,2,20,2,24926,580684,1430,106526,5.378895105413316,0.1550122960958077
774,0.0783,5,24,5,24950,580660,1435,106521,5.3786727926192155,0.1550115617282783
775,0.0784,4,70,4,25020,580590,1439,106517,5.378024380303087,0.15502243464263935
776,0.0785,3,91,3,25111,580499,1442,106514,5.377181444292119,0.15503927873271686
777,0.0786,0,14,0,25125,580485,1442,106514,5.377051761828893,0.1550424381986
778,0.0787,2,39,2,25164,580446,1444,106512,5.376690503538478,0.15504878027477662
779,0.0788,0,17,0,25181,580429,1444,106512,5.37653303197599,0.1550526173281257
780,0.0789,3,23,3,25204,580406,1447,106509,5.3763199822149765,0.15505411877743244
781,0.079,2,36,2,25240,580370,1449,106507,5.3759865130238245,0.15505978508524815
782,0.0791,0,28,0,25268,580342,1449,106507,5.375727148097373,0.15506610623295658
783,0.0792,3,31,3,25299,580311,1452,106504,5.375439994071659,0.15506941461674542
784,0.0793,2,30,2,25329,580281,1454,106502,5.375162103079032,0.15507372780048428
785,0.0794,2,58,2,25387,580223,1456,106500,5.3746248471599545,0.1550843644380631
786,0.0795,0,9,0,25396,580214,1456,106500,5.374541479862166,0.15508639695710297
787,0.0796,0,8,0,25404,580206,1456,106500,5.374467375597465,0.15508820368541995
788,0.0797,2,12,2,25416,580194,1458,106498,5.374356219200415,0.1550884530473633
789,0.0798,4,14,4,25430,580180,1462,106494,5.374226536737189,0.15508669324890706
790,0.0799,0,53,0,25483,580127,1462,106494,5.373735595983549,0.1550986643286471
791,0.08,4,33,4,25516,580094,1466,106490,5.373429915891659,0.15510119664891694
792,0.0801,1,16,1,25532,580078,1467,106489,5.373281707362259,0.15510358056824752
793,0.0802,2,17,2,25549,580061,1469,106487,5.373124235799771,0.1551049598862716
794,0.0803,0,31,0,25580,580030,1469,106487,5.3728370817740565,0.1551119637241321
795,0.0804,3,59,3,25639,579971,1472,106484,5.37229056282189,0.15512160301840616
796,0.0805,2,15,2,25654,579956,1474,106482,5.372151617325577,0.1551225310953065
797,0.0806,1,14,1,25668,579942,1475,106481,5.372021934862351,0.15512446406953148
798,0.0807,0,18,0,25686,579924,1475,106481,5.371855200266776,0.1551285319891318
799,0.0808,2,15,2,25701,579909,1477,106479,5.371716254770462,0.1551294603052501
800,0.0809,0,17,0,25718,579892,1477,106479,5.371558783207973,0.15513330254337668
801,0.081,3,21,3,25739,579871,1480,106476,5.371364259513135,0.1551343562367141
802,0.0811,2,38,2,25777,579833,1482,106474,5.371012264255808,0.155140483777668
803,0.0812,2,37,2,25814,579796,1484,106472,5.3706695320315685,0.15514638596000396
804,0.0813,5,58,5,25872,579738,1489,106467,5.37013227611249,0.1551533433886375
805,0.0814,1,29,1,25901,579709,1490,106466,5.369863648152951,0.1551586694356396
806,0.0815,0,17,0,25918,579692,1490,106466,5.369706176590463,0.15516251359016436
807,0.0816,3,18,3,25936,579674,1493,106463,5.3695394419948865,0.15516289020997265
808,0.0817,0,37,0,25973,579637,1493,106463,5.369196709770647,0.15517125783413496
809,0.0818,0,14,0,25987,579623,1493,106463,5.3690670273074215,0.15517442419754957
810,0.0819,0,16,0,26003,579607,1493,106463,5.36891881877802,0.15517804305683094
811,0.082,2,29,2,26032,579578,1495,106461,5.368650190818482,0.15518213979088652
812,0.0821,1,24,1,26056,579554,1496,106460,5.36842787802438,0.1551863373050696
813,0.0822,0,10,0,26066,579544,1496,106460,5.368335247693505,0.15518859948338493
814,0.0823,1,16,1,26082,579528,1497,106459,5.368187039164104,0.15519098758431282
815,0.0824,2,34,2,26116,579494,1499,106457,5.367872096039127,0.15519621663938094
816,0.0825,5,92,5,26208,579402,1504,106452,5.367019896995072,0.155210875784059
817,0.0826,1,18,1,26226,579384,1505,106451,5.366853162399496,0.15521371758513344
818,0.0827,1,18,1,26244,579366,1506,106450,5.36668642780392,0.1552165595436677
819,0.0828,3,28,3,26272,579338,1509,106447,5.366427062877468,0.15521920135319378
820,0.0829,0,22,0,26294,579316,1509,106447,5.366223276149542,0.15522418094881177
821,0.083,1,18,1,26312,579298,1510,106446,5.3660565415539665,0.15522702349564851
822,0.0831,4,28,4,26340,579270,1514,106442,5.365797176627515,0.15522843409478032
823,0.0832,2,29,2,26369,579241,1516,106440,5.365528548667976,0.15523253524598174
824,0.0833,0,11,0,26380,579230,1516,106440,5.365426655304013,0.15523502559540303
825,0.0834,1,23,1,26403,579207,1517,106439,5.365213605542999,0.15523900088383802
826,0.0835,0,25,0,26428,579182,1517,106439,5.36498202971581,0.15524466140914586
827,0.0836,2,8,2,26436,579174,1519,106437,5.36490792545111,0.15524400862879972
828,0.0837,4,36,4,26472,579138,1523,106433,5.364574456259958,0.15524723186949274
829,0.0838,0,32,0,26504,579106,1523,106433,5.364278039201156,0.15525447859275693
830,0.0839,3,27,3,26531,579079,1526,106430,5.364027937307792,0.15525689670011628
831,0.084,3,27,3,26558,579052,1529,106427,5.363777835414428,0.1552593150191326
832,0.0841,4,21,4,26579,579031,1533,106423,5.363583311719589,0.1552591421160282
833,0.0842,2,19,2,26598,579012,1535,106421,5.363407314090926,0.1552609810149205
834,0.0843,0,34,0,26632,578978,1535,106421,5.3630923709659495,0.15526868291316445
835,0.0844,0,24,0,26656,578954,1535,106421,5.362870058171848,0.15527412000729526
836,0.0845,0,15,0,26671,578939,1535,106421,5.362731112675535,0.15527751838449866
837,0.0846,3,32,3,26703,578907,1538,106418,5.362434695616733,0.15528107102469632
838,0.0847,1,15,1,26718,578892,1539,106417,5.36229575012042,0.15528323719665144
839,0.0848,1,59,1,26777,578833,1540,106416,5.361749231168254,0.1552953743821589
840,0.0849,5,71,5,26848,578762,1545,106411,5.361091555819037,0.1553053024564599
841,0.085,5,41,5,26889,578721,1550,106406,5.360711771462448,0.15530843186737642
842,0.0851,2,40,2,26929,578681,1552,106404,5.360341250138945,0.15531503390090282
843,0.0852,0,27,0,26956,578654,1552,106404,5.360091148245582,0.15532115528904122
844,0.0853,2,32,2,26988,578622,1554,106402,5.3597947311867795,0.1553259447844163
845,0.0854,1,10,1,26998,578612,1555,106401,5.3597021008559045,0.15532697919601526
846,0.0855,2,47,2,27045,578565,1557,106399,5.359266738300789,0.15533517089949253
847,0.0856,2,18,2,27063,578547,1559,106397,5.359100003705214,0.15533678665701137
848,0.0857,2,35,2,27098,578512,1561,106395,5.358775797547149,0.15534225814599648
849,0.0858,0,7,0,27105,578505,1561,106395,5.358710956315536,0.15534384581690758
850,0.0859,2,42,2,27147,578463,1563,106393,5.358321908925858,0.15535090588386463
851,0.086,2,54,2,27201,578409,1565,106391,5.357821705139131,0.15536068925233645
852,0.0861,2,17,2,27218,578392,1567,106389,5.357664233576642,0.15536207926329731
853,0.0862,4,56,4,27274,578336,1571,106385,5.357145503723739,0.1553698513701201
854,0.0863,0,20,0,27294,578316,1571,106385,5.356960243061988,0.15537438969710868
855,0.0864,0,6,0,27300,578310,1571,106385,5.356904664863463,0.15537575124690556
856,0.0865,0,45,0,27345,578265,1571,106385,5.356487828374523,0.15538596363105237
857,0.0866,2,26,2,27371,578239,1573,106383,5.356246989514246,0.15538939736087942
858,0.0867,4,101,4,27472,578138,1577,106379,5.355311423172403,0.1554073894439437
859,0.0868,3,30,3,27502,578108,1580,106376,5.355033532179777,0.15541049900362902
860,0.0869,1,24,1,27526,578084,1581,106375,5.354811219385676,0.15541471439487245
861,0.087,3,17,3,27543,578067,1584,106372,5.354653747823187,0.15541487261830492
862,0.0871,0,20,0,27563,578047,1584,106372,5.354468487161436,0.15541941413081753
863,0.0872,1,20,1,27583,578027,1585,106371,5.354283226499685,0.15542272186651626
864,0.0873,3,32,3,27615,577995,1588,106368,5.353986809440883,0.15542628692667487
865,0.0874,2,42,2,27657,577953,1590,106366,5.353597762051206,0.15543335783457715
866,0.0875,6,23,6,27680,577930,1596,106360,5.353384712290192,0.15543117684022856
867,0.0876,1,33,1,27713,577897,1597,106359,5.353079032198303,0.15543743861946405
868,0.0877,0,9,0,27722,577888,1597,106359,5.352995664900515,0.1554394831106311
869,0.0878,2,54,2,27776,577834,1599,106357,5.352495461113787,0.15544928243721418
870,0.0879,2,8,2,27784,577826,1601,106355,5.352421356849087,0.1554486312832423
871,0.088,2,10,2,27794,577816,1603,106353,5.352328726518211,0.15544843452421844
872,0.0881,0,3,0,27797,577813,1603,106353,5.352300937418948,0.1554491161501741
873,0.0882,2,66,2,27863,577747,1605,106351,5.35168957723517,0.15546164438428411
874,0.0883,5,53,5,27916,577694,1610,106346,5.35119863648153,0.15546751651950177
875,0.0884,4,42,4,27958,577652,1614,106342,5.350809589091853,0.15547212402447974
876,0.0885,2,65,2,28023,577587,1616,106340,5.350207491941161,0.1554844303558713
877,0.0886,1,19,1,28042,577568,1617,106339,5.350031494312498,0.15548751511535924
878,0.0887,3,37,3,28079,577531,1620,106336,5.349688762088258,0.15549222290299136
879,0.0888,2,19,2,28098,577512,1622,106334,5.349512764459595,0.1554940732270131
880,0.0889,1,12,1,28110,577500,1623,106333,5.349401608062544,0.15549556690010571
881,0.089,4,75,4,28185,577425,1627,106329,5.348706880580978,0.15550768258759728
882,0.0891,0,21,0,28206,577404,1627,106329,5.348512356886139,0.1555124588106761
883,0.0892,1,41,1,28247,577363,1628,106328,5.348132572529549,0.1555205494879997
884,0.0893,3,32,3,28279,577331,1631,106325,5.347836155470747,0.15552412324326853
885,0.0894,4,28,4,28307,577303,1635,106321,5.347576790544296,0.15552555205785637
886,0.0895,1,55,1,28362,577248,1636,106320,5.34706732372448,0.15553683027877255
887,0.0896,2,22,2,28384,577226,1638,106318,5.346863536996554,0.15553936542490315
888,0.0897,2,52,2,28436,577174,1640,106316,5.3463818592760015,0.15554872785263865
889,0.0898,1,53,1,28489,577121,1641,106315,5.345890918522361,0.15555955495467022
890,0.0899,0,17,0,28506,577104,1641,106315,5.345733446959873,0.15556342448775934
891,0.09,1,25,1,28531,577079,1642,106314,5.345501871132684,0.1555678796827009
892,0.0901,1,19,1,28550,577060,1643,106313,5.34532587350402,0.15557096929495312
893,0.0902,1,33,1,28583,577027,1644,106312,5.345020193412131,0.15557724643259055
894,0.0903,1,63,1,28646,576964,1645,106311,5.344436622327615,0.15559035527423073
895,0.0904,2,36,2,28682,576928,1647,106309,5.344103153136463,0.15559608159394178
896,0.0905,5,50,5,28732,576878,1652,106304,5.343640001482085,0.15560128926113392
897,0.0906,5,46,5,28778,576832,1657,106299,5.343213901960058,0.1556055866297972
898,0.0907,2,27,2,28805,576805,1659,106297,5.342963800066694,0.15560926479500864
899,0.0908,2,36,2,28841,576769,1661,106295,5.342630330875542,0.15561499361699635
900,0.0909,1,74,1,28915,576695,1662,106294,5.341944866427063,0.1556306177698323
901,0.091,0,12,0,28927,576683,1662,106294,5.341833710030012,0.15563335222123145
902,0.0911,3,38,3,28965,576645,1665,106291,5.341481714772685,0.15563830285707592
903,0.0912,2,42,2,29007,576603,1667,106289,5.341092667383008,0.15564540220122655
904,0.0913,2,67,2,29074,576536,1669,106287,5.340472044166142,0.15565820132010785
905,0.0914,3,11,3,29085,576525,1672,106284,5.340370150802179,0.1556569992486918
906,0.0915,5,38,5,29123,576487,1677,106279,5.340018155544851,0.15565947923593149
907,0.0916,3,16,3,29139,576471,1680,106276,5.339869947015451,0.1556594170314919
908,0.0917,2,53,2,29192,576418,1682,106274,5.339379006261811,0.1556690279071675
909,0.0918,0,28,0,29220,576390,1682,106274,5.339119641335359,0.15567541279458122
910,0.0919,3,49,3,29269,576341,1685,106271,5.338665752714069,0.1556828769491307
911,0.092,1,19,1,29288,576322,1686,106270,5.338489755085405,0.15568597346584784
912,0.0921,0,9,0,29297,576313,1686,106270,5.338406387787617,0.155688026218057
913,0.0922,1,5,1,29302,576308,1687,106269,5.338360072622179,0.15568792971342427
914,0.0923,5,15,5,29317,576293,1692,106264,5.338221127125866,0.1556851662205501
915,0.0924,7,117,7,29434,576176,1699,106257,5.337137352254622,0.15570319723694487
916,0.0925,6,11,6,29445,576165,1705,106251,5.337035458890659,0.15569828374481254
917,0.0926,1,47,1,29492,576118,1706,106250,5.336600096335544,0.15570777058713187
918,0.0927,1,36,1,29528,576082,1707,106249,5.336266627144393,0.15571474841389296
919,0.0928,3,49,3,29577,576033,1710,106246,5.335812738523102,0.15572221920944365
920,0.0929,0,24,0,29601,576009,1710,106246,5.335590425729,0.15572769712204382
921,0.093,1,23,1,29624,575986,1711,106245,5.335377375967987,0.15573170964086944
922,0.0931,1,7,1,29631,575979,1712,106244,5.335312534736374,0.15573207001229802
923,0.0932,3,32,3,29663,575947,1715,106241,5.335016117677572,0.15573566231009633
924,0.0933,3,48,3,29711,575899,1718,106238,5.33457149208937,0.1557429079495761
925,0.0934,3,90,3,29801,575809,1721,106235,5.33373781911149,0.15575974570555565
926,0.0935,1,26,1,29827,575783,1722,106234,5.333496980251214,0.15576444575428472
927,0.0936,1,18,1,29845,575765,1723,106233,5.333330245655637,0.15576731896574478
928,0.0937,1,21,1,29866,575744,1724,106232,5.333135721960799,0.15577087756753905
929,0.0938,0,12,0,29878,575732,1724,106232,5.333024565563748,0.1557736185487797
930,0.0939,1,36,1,29914,575696,1725,106231,5.332691096372597,0.15578060408225514
931,0.094,4,25,4,29939,575671,1729,106227,5.332459520545408,0.15578136319508196
932,0.0941,1,24,1,29963,575647,1730,106226,5.332237207751306,0.15578560817043643
933,0.0942,5,81,5,30044,575566,1735,106221,5.331486902071214,0.1557979251584439
934,0.0943,1,37,1,30081,575529,1736,106220,5.331144169846975,0.1558051423617783
935,0.0944,0,30,0,30111,575499,1736,106220,5.330866278854348,0.15581199878542332
936,0.0945,2,53,2,30164,575446,1738,106218,5.3303753381007075,0.15582163646605954
937,0.0946,4,23,4,30187,575423,1742,106214,5.330162288339694,0.15582194041696681
938,0.0947,4,13,4,30200,575410,1746,106210,5.3300418689095554,0.15581995833455592
939,0.0948,4,36,4,30236,575374,1750,106206,5.329708399718403,0.15582323424983127
940,0.0949,10,155,10,30391,575219,1760,106196,5.328272629589833,0.1558462904397467
941,0.095,0,54,0,30445,575165,1760,106196,5.327772425803105,0.15585864174791336
942,0.0951,1,45,1,30490,575120,1761,106195,5.327355589314165,0.15586769702707265
943,0.0952,0,51,0,30541,575069,1761,106195,5.326883174626699,0.15587936541487588
944,0.0953,5,30,5,30571,575039,1766,106190,5.326605283634073,0.1558800344671175
945,0.0954,3,58,3,30629,574981,1769,106187,5.326068027714995,0.1558895896460198
946,0.0955,2,25,2,30654,574956,1771,106185,5.325836451887806,0.15589283276149873
947,0.0956,3,16,3,30670,574940,1774,106182,5.325688243358405,0.15589277691808515
948,0.0957,7,60,7,30730,574880,1781,106175,5.325132461373152,0.15589783497661716
949,0.0958,2,23,2,30753,574857,1783,106173,5.3249194116121386,0.15590062111801242
950,0.0959,2,12,2,30765,574845,1785,106171,5.324808255215087,0.15590088925957687
951,0.096,0,30,0,30795,574815,1785,106171,5.324530364222461,0.1559077572813538
952,0.0961,2,20,2,30815,574795,1787,106169,5.32434510356071,0.15590985720243655
953,0.0962,2,23,2,30838,574772,1789,106167,5.324132053799696,0.15591264415755302
954,0.0963,1,17,1,30855,574755,1790,106166,5.3239745822372075,0.15591529707557852
955,0.0964,0,20,0,30875,574735,1790,106166,5.323789321575457,0.1559198767515395
956,0.0965,2,57,2,30932,574678,1792,106164,5.323261328689466,0.1559304508241266
957,0.0966,3,22,3,30954,574656,1795,106161,5.32305754196154,0.15593177021137838
958,0.0967,1,30,1,30984,574626,1796,106160,5.322779650968913,0.15593740176795645
959,0.0968,3,27,3,31011,574599,1799,106157,5.322529549075549,0.15593986685390948
960,0.0969,0,42,0,31053,574557,1799,106157,5.322140501685872,0.1559494883313697
961,0.097,2,35,2,31088,574522,1801,106155,5.321816295527808,0.15595502712740403
962,0.0971,6,71,6,31159,574451,1807,106149,5.321158620178592,0.15596385542168675
963,0.0972,2,19,2,31178,574432,1809,106147,5.320982622549928,0.15596572918059476
964,0.0973,1,13,1,31191,574419,1810,106146,5.320862203119789,0.15596746820656365
965,0.0974,0,13,0,31204,574406,1810,106146,5.320741783689652,0.15597044751907274
966,0.0975,0,9,0,31213,574397,1810,106146,5.320658416391863,0.15597251018671854
967,0.0976,0,17,0,31230,574380,1810,106146,5.320500944829375,0.15597640648557146
968,0.0977,4,70,4,31300,574310,1814,106142,5.319852532513246,0.15598749066796777
969,0.0978,2,40,2,31340,574270,1816,106140,5.319482011189744,0.15599417997971812
970,0.0979,2,27,2,31367,574243,1818,106138,5.31923190929638,0.15599788941784087
971,0.098,11,135,11,31502,574108,1829,106127,5.31798139982956,0.15601520062919433
972,0.0981,3,34,3,31536,574074,1832,106124,5.3176664567045835,0.15601927674000807
973,0.0982,6,56,6,31592,574018,1838,106118,5.3171477268516805,0.15602467741745768
974,0.0983,1,31,1,31623,573987,1839,106117,5.316860572825966,0.15603054826908827
975,0.0984,3,28,3,31651,573959,1842,106114,5.316601207899515,0.1560332493717586
976,0.0985,1,22,1,31673,573937,1843,106113,5.3163974211715885,0.15603705609881627
977,0.0986,3,67,3,31740,573870,1846,106110,5.315776797954722,0.15604870731492101
978,0.0987,1,56,1,31796,573814,1847,106109,5.315258068101819,0.15606031859489972
979,0.0988,0,25,0,31821,573789,1847,106109,5.31502649227463,0.15606605696736864
980,0.0989,2,70,2,31891,573719,1849,106107,5.314378079958502,0.15607964390888257
981,0.099,2,22,2,31913,573697,1851,106105,5.314174293230575,0.15608221217354465
982,0.0991,3,41,3,31954,573656,1854,106102,5.313794508873985,0.15608790187095997
983,0.0992,0,18,0,31972,573638,1854,106102,5.31362777427841,0.15609203518992557
984,0.0993,0,20,0,31992,573618,1854,106102,5.313442513616659,0.1560966280233037
985,0.0994,2,34,2,32026,573584,1856,106100,5.313127570491682,0.1561019532606329
986,0.0995,2,16,2,32042,573568,1858,106098,5.312979361962281,0.15610314477993603
987,0.0996,1,26,1,32068,573542,1859,106097,5.312738523102005,0.15610787491594802
988,0.0997,4,40,4,32108,573502,1863,106093,5.312368001778502,0.15611209617492772
989,0.0998,1,68,1,32176,573434,1864,106092,5.311738115528549,0.15612647639678245
990,0.0999,5,31,5,32207,573403,1869,106087,5.3114509615028345,0.15612738965989198
991,0.1,1,34,1,32241,573369,1870,106086,5.311136018377858,0.15613396030642207
992,0.1001,1,20,1,32261,573349,1871,106085,5.310950757716107,0.15613731429395644
993,0.1002,1,50,1,32311,573299,1872,106084,5.310487606061729,0.1561475633037624
994,0.1003,0,18,0,32329,573281,1872,106084,5.3103208714661525,0.15615170048501173
995,0.1004,0,10,0,32339,573271,1872,106084,5.3102282411352775,0.15615399901377042
996,0.1005,0,57,0,32396,573214,1872,106084,5.309700248249286,0.15616710191992322
997,0.1006,3,59,3,32455,573155,1875,106081,5.309153729297121,0.1561769399737352
998,0.1007,3,26,3,32481,573129,1878,106078,5.308912890436845,0.1561791913216442
999,0.1008,1,65,1,32546,573064,1879,106077,5.308310793286154,0.15619289661498864
1000,0.1009,0,26,0,32572,573038,1879,106077,5.308069954425878,0.15619887647894687
1001,0.101,3,19,3,32591,573019,1882,106074,5.307893956797214,0.15619951906439913
1002,0.1011,1,16,1,32607,573003,1883,106073,5.307745748267813,0.1562019567765611
1003,0.1012,0,28,0,32635,572975,1883,106073,5.307486383341361,0.15620839763904762
1004,0.1013,2,18,2,32653,572957,1885,106071,5.307319648745786,0.15621005319368272
1005,0.1014,3,24,3,32677,572933,1888,106068,5.307097335951684,0.15621184652158096
1006,0.1015,0,31,0,32708,572902,1888,106068,5.30681018192597,0.15621897874722004
1007,0.1016,3,16,3,32724,572886,1891,106065,5.306661973396569,0.156218931852225
1008,0.1017,2,49,2,32773,572837,1893,106063,5.306208084775279,0.15622772131389012
1009,0.1018,3,25,3,32798,572812,1896,106060,5.30597650894809,0.15622974581364382
1010,0.1019,6,67,6,32865,572745,1902,106054,5.305355885731224,0.15623770806969367
1011,0.102,2,26,2,32891,572719,1904,106052,5.305115046870948,0.15624120653357318
1012,0.1021,1,44,1,32935,572675,1905,106051,5.304707473415095,0.15625009208428733
1013,0.1022,2,26,2,32961,572649,1907,106049,5.304466634554819,0.15625359143536596
1014,0.1023,6,48,6,33009,572601,1913,106043,5.304022008966616,0.15625718344227607
1015,0.1024,2,41,2,33050,572560,1915,106041,5.3036422246100265,0.15626413754179555
1016,0.1025,1,43,1,33093,572517,1916,106040,5.303243914187261,0.15627279653735796
1017,0.1026,0,30,0,33123,572487,1916,106040,5.302966023194635,0.15627970589232262
1018,0.1027,2,14,2,33137,572473,1918,106038,5.302836340731409,0.1562804435005475
1019,0.1028,3,49,3,33186,572424,1921,106035,5.302382452110119,0.15628799971700574
1020,0.1029,1,36,1,33222,572388,1922,106034,5.302048982918967,0.156295049394035
1021,0.103,1,23,1,33245,572365,1923,106033,5.301835933157953,0.1562991046553793
1022,0.1031,2,22,2,33267,572343,1925,106031,5.301632146430027,0.1563016860905636
1023,0.1032,2,19,2,33286,572324,1927,106029,5.301456148801363,0.1563035764565057
1024,0.1033,0,39,0,33325,572285,1927,106029,5.3010948905109485,0.15631256320818973
1025,0.1034,4,35,4,33360,572250,1931,106025,5.300770684352885,0.1563156536802919
1026,0.1035,2,43,2,33403,572207,1933,106023,5.30037237393012,0.15632307624257258
1027,0.1036,6,117,6,33520,572090,1939,106017,5.299288599058876,0.1563425831026667
1028,0.1037,4,103,4,33623,571987,1943,106013,5.298334506650858,0.1563613569321534
1029,0.1038,1,13,1,33636,571974,1944,106012,5.298214087220719,0.1563631107426997
1030,0.1039,5,47,5,33683,571927,1949,106007,5.297778724665604,0.15636772901196871
1031,0.104,0,8,0,33691,571919,1949,106007,5.297704620400904,0.1563695742603175
1032,0.1041,2,14,2,33705,571905,1951,106005,5.297574937937679,0.15637031464353676
1033,0.1042,1,25,1,33730,571880,1952,106004,5.29734336211049,0.15637483699275984
1034,0.1043,3,13,3,33743,571867,1955,106001,5.297222942680351,0.15637410233260754
1035,0.1044,5,40,5,33783,571827,1960,105996,5.296852421356849,0.1563771072979229
1036,0.1045,5,86,5,33869,571741,1965,105991,5.296055800511319,0.1563907267179357
1037,0.1046,0,41,0,33910,571700,1965,105991,5.295676016154729,0.15640018828640193
1038,0.1047,0,31,0,33941,571669,1965,105991,5.295388862129015,0.15640734291532626
1039,0.1048,8,88,8,34029,571581,1973,105983,5.294573715217311,0.15641769633569672
1040,0.1049,1,17,1,34046,571564,1974,105982,5.2944162436548226,0.1564203758859177
1041,0.105,0,23,0,34069,571541,1974,105982,5.294203193893809,0.15642568591767364
1042,0.1051,2,74,2,34143,571467,1976,105980,5.2935177294453295,0.15644028241323676
1043,0.1052,3,28,3,34171,571439,1979,105977,5.293258364518878,0.1564430128606351
1044,0.1053,1,35,1,34206,571404,1980,105976,5.292934158360814,0.15644985089609967
1045,0.1054,1,56,1,34262,571348,1981,105975,5.292415428507911,0.15646154050578528
1046,0.1055,3,78,3,34340,571270,1984,105972,5.291692911927082,0.15647582400382729
1047,0.1056,2,73,2,34413,571197,1986,105970,5.29101671051169,0.15649020108776712
1048,0.1057,2,96,2,34509,571101,1988,105968,5.2901274593352845,0.156509897809529
1049,0.1058,3,27,3,34536,571074,1991,105965,5.289877357441921,0.15651240179664688
1050,0.1059,1,38,1,34574,571036,1992,105964,5.289525362184594,0.156519940915805
1051,0.106,2,24,2,34598,571012,1994,105962,5.289303049390492,0.15652299792901944
1052,0.1061,1,68,1,34666,570944,1995,105961,5.288673163140539,0.15653747571668106
1053,0.1062,1,13,1,34679,570931,1996,105960,5.288552743710401,0.15653923600697897
1054,0.1063,1,58,1,34737,570873,1997,105959,5.288015487791323,0.15655140418892724
1055,0.1064,2,11,2,34748,570862,1999,105957,5.287913594427359,0.15655145615001942
1056,0.1065,1,104,1,34852,570758,2000,105956,5.286950238986254,0.1565742691890518
1057,0.1066,2,42,2,34894,570716,2002,105954,5.286561191596577,0.15658149467244004
1058,0.1067,0,42,0,34936,570674,2002,105954,5.286172144206899,0.15659121407922819
1059,0.1068,6,96,6,35032,570578,2008,105948,5.285282893030494,0.1566059545383326
1060,0.1069,4,35,4,35067,570543,2012,105944,5.28495868687243,0.15660907009299513
1061,0.107,3,69,3,35136,570474,2015,105941,5.284319537589388,0.1566213049681039
1062,0.1071,4,16,4,35152,570458,2019,105937,5.284171329059987,0.1566200223242336
1063,0.1072,1,26,1,35178,570432,2020,105936,5.283930490199711,0.15662479596905826
1064,0.1073,0,46,0,35224,570386,2020,105936,5.283504390677684,0.15663544879510055
1065,0.1074,1,21,1,35245,570365,2021,105935,5.283309866982845,0.15663906550347478
1066,0.1075,4,11,4,35256,570354,2025,105931,5.2832079736188815,0.15663662509149248
1067,0.1076,7,78,7,35334,570276,2032,105924,5.282485457038052,0.15664596273291925
1068,0.1077,6,93,6,35427,570183,2038,105918,5.28162399496091,0.1566600256470557
1069,0.1078,3,61,3,35488,570122,2041,105915,5.281058949942569,0.15667041892677472
1070,0.1079,1,24,1,35512,570098,2042,105914,5.280836637148468,0.15667473358461093
1071,0.108,1,41,1,35553,570057,2043,105913,5.280456852791878,0.1566829888900395
1072,0.1081,1,37,1,35590,570020,2044,105912,5.280114120567639,0.15669031796097832
1073,0.1082,2,13,2,35603,570007,2046,105910,5.2799937011375,0.15669083630090677
1074,0.1083,0,19,0,35622,569988,2046,105910,5.2798177035088365,0.15669524099790205
1075,0.1084,2,65,2,35687,569923,2048,105908,5.279215606358146,0.15670781600725625
1076,0.1085,3,34,3,35721,569889,2051,105905,5.278900663233169,0.15671195660215984
1077,0.1086,0,18,0,35739,569871,2051,105905,5.278733928637593,0.15671613078890045
1078,0.1087,1,60,1,35799,569811,2052,105904,5.27817814665234,0.15672879838393405
1079,0.1088,1,16,1,35815,569795,2053,105903,5.278029938122939,0.15673126159911677
1080,0.1089,2,34,2,35849,569761,2055,105901,5.277714994997962,0.15673665234984355
1081,0.109,0,36,0,35885,569725,2055,105901,5.27738152580681,0.1567450038926862
1082,0.1091,3,26,3,35911,569699,2058,105898,5.277140686946534,0.15674729165464027
1083,0.1092,2,52,2,35963,569647,2060,105896,5.276659009225981,0.1567568607771822
1084,0.1093,3,31,3,35994,569616,2063,105893,5.276371855200267,0.1567603096331803
1085,0.1094,2,32,2,36026,569584,2065,105891,5.276075438141465,0.156765239276065
1086,0.1095,8,58,8,36084,569526,2073,105883,5.275538182222387,0.15676871347583465
1087,0.1096,3,23,3,36107,569503,2076,105880,5.275325132461373,0.15677030662601812
1088,0.1097,0,31,0,36138,569472,2076,105880,5.275037978435659,0.15677750269489096
1089,0.1098,2,49,2,36187,569423,2078,105878,5.274584089814369,0.15678638118409421
1090,0.1099,1,30,1,36217,569393,2079,105877,5.274306198821742,0.15679209797562457
1091,0.11,3,56,3,36273,569337,2082,105874,5.273787468968839,0.15680135542815504
1092,0.1101,2,36,2,36309,569301,2084,105872,5.273453999777687,0.15680721829812508
1093,0.1102,1,31,1,36340,569270,2085,105871,5.273166845751973,0.1568131693972074
1094,0.1103,0,18,0,36358,569252,2085,105871,5.273000111156397,0.15681735031986763
1095,0.1104,4,33,4,36391,569219,2089,105867,5.272694431064508,0.15682001996782632
1096,0.1105,2,30,2,36421,569189,2091,105865,5.272416540071881,0.15682449107775082
1097,0.1106,1,19,1,36440,569170,2092,105864,5.2722405424432175,0.15682765608843408
1098,0.1107,5,22,5,36462,569148,2097,105859,5.272036755715291,0.1568265217990332
1099,0.1108,3,66,3,36528,569082,2100,105856,5.271425395531513,0.15683810957450905
1100,0.1109,8,50,8,36578,569032,2108,105848,5.270962243877135,0.1568397344713134
1101,0.111,0,54,0,36632,568978,2108,105848,5.270462040090408,0.15685228488528896
1102,0.1111,1,25,1,36657,568953,2109,105847,5.270230464263219,0.15685684647302905
1103,0.1112,0,18,0,36675,568935,2109,105847,5.270063729667642,0.15686103067361015
1104,0.1113,4,47,4,36722,568888,2113,105843,5.269628367112527,0.15686695883248286
1105,0.1114,1,28,1,36750,568860,2114,105842,5.2693690021860755,0.15687221914267335
1106,0.1115,0,22,0,36772,568838,2114,105842,5.269165215458149,0.15687733444003082
1107,0.1116,1,26,1,36798,568812,2115,105841,5.268924376597873,0.15688213051746602
1108,0.1117,2,35,2,36833,568777,2117,105839,5.268600170439809,0.15688777022780367
1109,0.1118,0,17,0,36850,568760,2117,105839,5.268442698877321,0.1568917238240792
1110,0.1119,2,35,2,36885,568725,2119,105837,5.268118492719256,0.1568973645120834
1111,0.112,0,29,0,36914,568696,2119,105837,5.267849864759717,0.1569041099545908
1112,0.1121,5,44,5,36958,568652,2124,105832,5.2674422913038645,0.15690809567017155
1113,0.1122,4,49,4,37007,568603,2128,105828,5.266988402682574,0.15691449533013754
1114,0.1123,4,28,4,37035,568575,2132,105824,5.2667290377561224,0.15691600966193603
1115,0.1124,2,45,2,37080,568530,2134,105822,5.266312201267183,0.15692398035447364
1116,0.1125,2,21,2,37101,568509,2136,105820,5.266117677572344,0.15692636680314803
1117,0.1126,4,27,4,37128,568482,2140,105816,5.26586757567898,0.15692764919961205
1118,0.1127,1,11,1,37139,568471,2141,105815,5.265765682315017,0.15692895892840725
1119,0.1128,4,20,4,37159,568451,2145,105811,5.265580421653266,0.15692861231984007
1120,0.1129,4,24,4,37183,568427,2149,105807,5.265358108859165,0.1569291966883901
1121,0.113,1,8,1,37191,568419,2150,105806,5.265284004594465,0.1569298082984167
1122,0.1131,5,92,5,37283,568327,2155,105801,5.26443180555041,0.1569449718747775
1123,0.1132,7,115,7,37398,568212,2162,105794,5.263366556745341,0.15696299439470865
1124,0.1133,2,29,2,37427,568183,2164,105792,5.263097928785801,0.1569672465595905
1125,0.1134,1,55,1,37482,568128,2165,105791,5.262588461965986,0.15697880605829484
1126,0.1135,2,19,2,37501,568109,2167,105789,5.262412464337323,0.15698073002145727
1127,0.1136,0,23,0,37524,568086,2167,105789,5.262199414576309,0.1569860879243183
1128,0.1137,1,23,1,37547,568063,2168,105788,5.261986364815295,0.15699019516183846
1129,0.1138,2,58,2,37605,568005,2170,105786,5.261449108896217,0.15700120660560915
1130,0.1139,5,55,5,37660,567950,2175,105781,5.260939642076401,0.15700776719491905
1131,0.114,4,43,4,37703,567907,2179,105777,5.260541331653637,0.15701278344149483
1132,0.1141,0,4,0,37707,567903,2179,105777,5.260504279521286,0.1570137157107232
1133,0.1142,5,38,5,37745,567865,2184,105772,5.26015228426396,0.1570163159090133
1134,0.1143,3,15,3,37760,567850,2187,105769,5.260013338767646,0.15701605803874297
1135,0.1144,2,41,2,37801,567809,2189,105767,5.259633554411057,0.15702311246243927
1136,0.1145,3,50,3,37851,567759,2192,105764,5.259170402756679,0.15703101453105536
1137,0.1146,2,50,2,37901,567709,2194,105762,5.258707251102301,0.15704016950989724
1138,0.1147,5,46,5,37947,567663,2199,105757,5.258281151580274,0.1570446378188946
1139,0.1148,2,26,2,37973,567637,2201,105755,5.258040312719997,0.1570481977807874
1140,0.1149,6,44,6,38017,567593,2207,105749,5.257632739264145,0.15705094884917323
1141,0.115,4,64,4,38081,567529,2211,105745,5.2570399051465415,0.15706086972020306
1142,0.1151,6,60,6,38141,567469,2217,105739,5.256484123161288,0.15706735511164455
1143,0.1152,2,45,2,38186,567424,2219,105737,5.256067286672348,0.15707535047336374
1144,0.1153,2,38,2,38224,567386,2221,105735,5.255715291415021,0.1570817133917973
1145,0.1154,6,27,6,38251,567359,2227,105729,5.255465189521657,0.15708050061804696
1146,0.1155,1,53,1,38304,567306,2228,105728,5.254974248768017,0.15709161795689372
1147,0.1156,5,39,5,38343,567267,2233,105723,5.254612990477602,0.1570944590558552
1148,0.1157,2,38,2,38381,567229,2235,105721,5.254260995220275,0.1571008247269485
1149,0.1158,4,59,4,38440,567170,2239,105717,5.253714476268109,0.15710958898002192
1150,0.1159,1,49,1,38489,567121,2240,105716,5.253260587646819,0.15711977789568649
1151,0.116,7,44,7,38533,567077,2247,105709,5.252853014190967,0.1571212837365819
1152,0.1161,3,26,3,38559,567051,2250,105706,5.2526121753306905,0.15712359737617
1153,0.1162,6,37,6,38596,567014,2256,105700,5.252269443106451,0.15712472164991365
1154,0.1163,3,11,3,38607,567003,2259,105697,5.252167549742488,0.1571235320350825
1155,0.1164,1,19,1,38626,566984,2260,105696,5.251991552113824,0.15712671701254682
1156,0.1165,1,18,1,38644,566966,2261,105695,5.251824817518248,0.1571296685849187
1157,0.1166,3,19,3,38663,566947,2264,105692,5.251648819889585,0.1571303477794181
1158,0.1167,6,46,6,38709,566901,2270,105686,5.251222720367557,0.15713357528468436
1159,0.1168,7,44,7,38753,566857,2277,105679,5.250815146911704,0.1571350827316307
1160,0.1169,1,31,1,38784,566826,2278,105678,5.25052799288599,0.15714107276685343
1161,0.117,4,33,4,38817,566793,2282,105674,5.250222312794102,0.1571437706236886
1162,0.1171,0,33,0,38850,566760,2282,105674,5.249916632702212,0.157151482524679
1163,0.1172,0,26,0,38876,566734,2282,105674,5.249675793841935,0.157157559101022
1164,0.1173,0,18,0,38894,566716,2282,105674,5.24950905924636,0.1571617662368566
1165,0.1174,5,116,5,39010,566600,2287,105669,5.248434547408204,0.15718261588739033
1166,0.1175,3,43,3,39053,566557,2290,105666,5.248036236985438,0.15718890903762592
1167,0.1176,2,33,2,39086,566524,2292,105664,5.247730556893549,0.15719411831213886
1168,0.1177,3,50,3,39136,566474,2295,105661,5.247267405239172,0.1572020501833709
1169,0.1178,6,64,6,39200,566410,2301,105655,5.246674571121568,0.15720949610528742
1170,0.1179,3,43,3,39243,566367,2304,105652,5.246276260698803,0.1572157930058525
1171,0.118,0,4,0,39247,566363,2304,105652,5.246239208566453,0.1572167287932561
1172,0.1181,3,11,3,39258,566352,2307,105649,5.24613731520249,0.1572155398578276
1173,0.1182,1,5,1,39263,566347,2308,105648,5.246091000037052,0.15721545547213894
1174,0.1183,6,49,6,39312,566298,2314,105642,5.245637111415762,0.15721939458880257
1175,0.1184,3,37,3,39349,566261,2317,105639,5.245294379191522,0.15722428932876917
1176,0.1185,1,18,1,39367,566243,2318,105638,5.2451276445959465,0.15722724708690974
1177,0.1186,2,42,2,39409,566201,2320,105636,5.244738597206269,0.15723456731320246
1178,0.1187,0,32,0,39441,566169,2320,105636,5.244442180147468,0.15724205684685288
1179,0.1188,1,40,1,39481,566129,2321,105635,5.244071658823965,0.15725016523660096
1180,0.1189,2,18,2,39499,566111,2323,105633,5.2439049242283895,0.15725186975990854
1181,0.119,1,40,1,39539,566071,2324,105632,5.243534402904888,0.15725997948498072
1182,0.1191,6,60,6,39599,566011,2330,105626,5.242978620919634,0.15726649961214167
1183,0.1192,3,24,3,39623,565987,2333,105623,5.242756308125533,0.15726835514658805
1184,0.1193,8,94,8,39717,565893,2341,105615,5.241885583015303,0.15728033024178417
1185,0.1194,2,27,2,39744,565866,2343,105613,5.241635481121938,0.15728414440362246
1186,0.1195,2,34,2,39778,565832,2345,105611,5.241320537996962,0.15728959867032644
1187,0.1196,0,29,0,39807,565803,2345,105611,5.241051910037423,0.1572963923897923
1188,0.1197,3,30,3,39837,565773,2348,105608,5.240774019044796,0.15729965548622912
1189,0.1198,4,79,4,39916,565694,2352,105604,5.240042239430879,0.15731314557767193
1190,0.1199,1,20,1,39936,565674,2353,105603,5.2398569787691285,0.15731657721030215
1191,0.12,6,46,6,39982,565628,2359,105597,5.2394308792471005,0.1573198256918321
1192,0.1201,4,50,4,40032,565578,2363,105593,5.238967727592723,0.15732652334501937
1193,0.1202,4,44,4,40076,565534,2367,105589,5.238560154136871,0.15733181547942776
1194,0.1203,3,9,3,40085,565525,2370,105586,5.238476786839082,0.15733015849837062
1195,0.1204,5,72,5,40157,565453,2375,105581,5.237809848456779,0.15734076067680625
1196,0.1205,2,46,2,40203,565407,2377,105579,5.237383748934751,0.15734903559835825
1197,0.1206,2,24,2,40227,565383,2379,105577,5.23716143614065,0.157352152140217
1198,0.1207,0,17,0,40244,565366,2379,105577,5.237003964578162,0.15735613904608886
1199,0.1208,3,35,3,40279,565331,2382,105574,5.236679758420097,0.15736058011193835
1200,0.1209,1,20,1,40299,565311,2383,105573,5.236494497758346,0.1573640152395943
1201,0.121,3,46,3,40345,565265,2386,105570,5.236068398236318,0.15737103758748425
1202,0.1211,1,20,1,40365,565245,2387,105569,5.235883137574567,0.15737447340097255
1203,0.1212,0,27,0,40392,565218,2387,105569,5.235633035681204,0.15738080791667103
1204,0.1213,1,58,1,40450,565160,2388,105568,5.235095779762125,0.15739316086401642
1205,0.1214,2,40,2,40490,565120,2390,105566,5.2347252584386235,0.15740003518785245
1206,0.1215,3,14,3,40504,565106,2393,105563,5.234595575975398,0.1573995517908238
1207,0.1216,3,22,3,40526,565084,2396,105560,5.234391789247471,0.15740094595642398
1208,0.1217,1,44,1,40570,565040,2397,105559,5.233984215791619,0.15741001701463916
1209,0.1218,4,41,4,40611,564999,2401,105555,5.233604431435029,0.15741461537773244
1210,0.1219,6,47,6,40658,564952,2407,105549,5.233169068879914,0.1574181097418199
1211,0.122,3,52,3,40710,564900,2410,105546,5.232687391159361,0.15742654889431812
1212,0.1221,4,16,4,40726,564884,2414,105542,5.23253918262996,0.15742527885255048
1213,0.1222,3,87,3,40813,564797,2417,105539,5.231733298751343,0.15744193956463623
1214,0.1223,4,62,4,40875,564735,2421,105535,5.231158990699915,0.1574514747788205
1215,0.1224,1,16,1,40891,564719,2422,105534,5.231010782170514,0.15745397633430958
1216,0.1225,2,14,2,40905,564705,2424,105532,5.230881099707288,0.1574547510805879
1217,0.1226,1,36,1,40941,564669,2425,105531,5.230547630516136,0.157461951656222
1218,0.1227,6,115,6,41056,564554,2431,105525,5.229482381711067,0.15748143129392206
1219,0.1228,2,13,2,41069,564541,2433,105523,5.2293619622809295,0.15748197187134363
1220,0.1229,2,21,2,41090,564520,2435,105521,5.2291674385860905,0.15748439274611553
1221,0.123,2,24,2,41114,564496,2437,105519,5.22894512579199,0.1574875189361432
1222,0.1231,4,23,4,41137,564473,2441,105515,5.228732076030975,0.15748789530558757
1223,0.1232,2,72,2,41209,564401,2443,105513,5.228065137648672,0.15750230626617745
1224,0.1233,0,35,0,41244,564366,2443,105513,5.227740931490607,0.15751053548476665
1225,0.1234,1,33,1,41277,564333,2444,105512,5.227435251398718,0.1575170375236062
1226,0.1235,8,131,8,41408,564202,2452,105504,5.226221794064249,0.15753778523710404
1227,0.1236,4,52,4,41460,564150,2456,105500,5.225740116343696,0.157544986186814
1228,0.1237,0,26,0,41486,564124,2456,105500,5.2254992774834195,0.15755110330573577
1229,0.1238,2,64,2,41550,564060,2458,105498,5.224906443365816,0.1575636464652801
1230,0.1239,1,16,1,41566,564044,2459,105497,5.224758234836415,0.15756615352905945
1231,0.124,2,78,2,41644,563966,2461,105495,5.224035718255585,0.15758199506767384
1232,0.1241,2,23,2,41667,563943,2463,105493,5.223822668494572,0.1575848923571484
1233,0.1242,3,20,3,41687,563923,2466,105490,5.223637407832821,0.15758582519311695
1234,0.1243,3,21,3,41708,563902,2469,105487,5.223442884137982,0.15758699351199376
1235,0.1244,1,26,1,41734,563876,2470,105486,5.223202045277706,0.15759185612568385
1236,0.1245,3,22,3,41756,563854,2473,105483,5.222998258549779,0.15759326019628378
1237,0.1246,2,50,2,41806,563804,2475,105481,5.222535106895402,0.15760251611794676
1238,0.1247,3,40,3,41846,563764,2478,105478,5.2221645855719,0.15760815967915942
1239,0.1248,3,53,3,41899,563711,2481,105475,5.221673644818259,0.1576168658639003
1240,0.1249,6,24,6,41923,563687,2487,105469,5.221451332024158,0.15761496571800895
1241,0.125,2,45,2,41968,563642,2489,105467,5.221034495535218,0.15762304796378468
1242,0.1251,4,22,4,41990,563620,2493,105463,5.220830708807292,0.15762319473069858
1243,0.1252,1,21,1,42011,563599,2494,105462,5.220636185112453,0.15762688304952763
1244,0.1253,8,67,8,42078,563532,2502,105454,5.220015561895587,0.15763259619782777
1245,0.1254,2,27,2,42105,563505,2504,105452,5.219765460002223,0.15763644001034446
1246,0.1255,2,35,2,42140,563470,2506,105450,5.219441253844159,0.15764216946720086
1247,0.1256,0,53,0,42193,563417,2506,105450,5.218950313090518,0.1576546607920558
1248,0.1257,6,31,6,42224,563386,2512,105444,5.218663159064804,0.15765441143489378
1249,0.1258,6,53,6,42277,563333,2518,105438,5.218172218311164,0.1576593482671946
1250,0.1259,1,26,1,42303,563307,2519,105437,5.217931379450888,0.1576642182957903
1251,0.126,5,60,5,42363,563247,2524,105432,5.217375597465634,0.15767206686616447
1252,0.1261,3,22,3,42385,563225,2527,105429,5.217171810737708,0.15767347536992227
1253,0.1262,4,32,4,42417,563193,2531,105425,5.216875393678906,0.1576759823995166
1254,0.1263,1,40,1,42457,563153,2532,105424,5.216504872355404,0.15768415605083633
1255,0.1264,5,59,5,42516,563094,2537,105419,5.215958353403239,0.15769177263568546
1256,0.1265,2,41,2,42557,563053,2539,105417,5.215578569046649,0.1576989244094724
1257,0.1266,6,71,6,42628,562982,2545,105411,5.214920893697433,0.15770811483663055
1258,0.1267,3,27,3,42655,562955,2548,105408,5.2146707918040685,0.15771070511084545
1259,0.1268,6,68,6,42723,562887,2554,105402,5.214040905554115,0.1577191903502826
1260,0.1269,0,9,0,42732,562878,2554,105402,5.213957538256326,0.15772131441910575
1261,0.127,4,18,4,42750,562860,2558,105398,5.213790803660751,0.15772052111609589
1262,0.1271,2,25,2,42775,562835,2560,105396,5.213559227833562,0.15772390086661647
1263,0.1272,7,40,7,42815,562795,2567,105389,5.21318870651006,0.15772451899476791
1264,0.1273,10,163,10,42978,562632,2577,105379,5.211678832116788,0.157750396325809
1265,0.1274,0,31,0,43009,562601,2577,105379,5.211391678091074,0.15775771729692506
1266,0.1275,2,26,2,43035,562575,2579,105377,5.211150839230798,0.15776133614391452
1267,0.1276,0,21,0,43056,562554,2579,105377,5.2109563155359595,0.15776629621922025
1268,0.1277,4,69,4,43125,562485,2583,105373,5.210317166252918,0.1577775515154419
1269,0.1278,4,75,4,43200,562410,2587,105369,5.209622438771351,0.1577902270062401
1270,0.1279,2,21,2,43221,562389,2589,105367,5.209427915076513,0.15779266678247744
1271,0.128,3,29,3,43250,562360,2592,105364,5.209159287116973,0.15779573596276306
1272,0.1281,5,78,5,43328,562282,2597,105359,5.208436770536144,0.157807863807046
1273,0.1282,0,47,0,43375,562235,2597,105359,5.20800140798103,0.15781897380743387
1274,0.1283,5,135,5,43510,562100,2602,105354,5.206750898514209,0.15784458554447198
1275,0.1284,8,71,8,43581,562029,2610,105346,5.206093223164993,0.15785128301179996
1276,0.1285,2,17,2,43598,562012,2612,105344,5.205935751602505,0.1578527802252471
1277,0.1286,3,13,3,43611,561999,2615,105341,5.205815332172366,0.15785206940989602
1278,0.1287,0,52,0,43663,561947,2615,105341,5.205333654451814,0.1578643704067809
1279,0.1288,3,20,3,43683,561927,2618,105338,5.205148393790062,0.1578653158789986
1280,0.1289,1,53,1,43736,561874,2619,105337,5.204657453036423,0.15787659376119398
1281,0.129,8,43,8,43779,561831,2627,105329,5.204259142613657,0.15787667126326518
1282,0.1291,5,29,5,43808,561802,2632,105324,5.2039905146541185,0.157877222593633
1283,0.1292,8,68,8,43876,561734,2640,105316,5.203360628404164,0.15788321715013867
1284,0.1293,2,36,2,43912,561698,2642,105314,5.203027159213013,0.15788921338746528
1285,0.1294,5,102,5,44014,561596,2647,105309,5.202082329838082,0.1579070482302577
1286,0.1295,4,35,4,44049,561561,2651,105305,5.201758123680018,0.15791028482483738
1287,0.1296,5,55,5,44104,561506,2656,105300,5.201248656860202,0.15791699534797227
1288,0.1297,3,23,3,44127,561483,2659,105297,5.201035607099189,0.1579186538288491
1289,0.1298,3,23,3,44150,561460,2662,105294,5.200822557338175,0.15792031243907048
1290,0.1299,3,44,3,44194,561416,2665,105291,5.200414983882323,0.1579269454198021
1291,0.13,3,48,3,44242,561368,2668,105288,5.19997035829412,0.15793452695243124
1292,0.1301,2,24,2,44266,561344,2670,105286,5.1997480455000185,0.1579376865727615
1293,0.1302,2,20,2,44286,561324,2672,105284,5.1995627848382675,0.15793989871108657
1294,0.1303,3,51,3,44337,561273,2675,105281,5.199090370150802,0.15794819324465834
1295,0.1304,1,14,1,44351,561259,2676,105280,5.198960687687577,0.15795024747239098
1296,0.1305,3,56,3,44407,561203,2679,105277,5.198441957834674,0.15795972872404274
1297,0.1306,1,18,1,44425,561185,2680,105276,5.198275223239097,0.15796273150266857
1298,0.1307,2,28,2,44453,561157,2682,105274,5.198015858312646,0.15796684127839192
1299,0.1308,2,15,2,44468,561142,2684,105272,5.197876912816333,0.15796786982266278
1300,0.1309,2,16,2,44484,561126,2686,105270,5.197728704286932,0.1579691354690004
1301,0.131,2,84,2,44568,561042,2688,105268,5.196950609507577,0.1579865227896925
1302,0.1311,1,23,1,44591,561019,2689,105267,5.1967375597465635,0.15799071269694995
1303,0.1312,3,65,3,44656,560954,2692,105264,5.196135462595873,0.15800233557183985
1304,0.1313,5,39,5,44695,560915,2697,105259,5.195774204305458,0.1580052658914938
1305,0.1314,0,54,0,44749,560861,2697,105259,5.1952740005187295,0.15801807482135352
1306,0.1315,2,75,2,44824,560786,2699,105257,5.194579273037164,0.15803334018974752
1307,0.1316,3,58,3,44882,560728,2702,105254,5.194042017118085,0.1580433104798628
1308,0.1317,2,36,2,44918,560692,2704,105252,5.193708547926933,0.15804932546880818
1309,0.1318,2,68,2,44986,560624,2706,105250,5.19307866167698,0.15806293683189312
1310,0.1319,0,16,0,45002,560608,2706,105250,5.192930453147579,0.15806673494949375
1311,0.132,3,73,3,45075,560535,2709,105247,5.192254251732187,0.1580802725216362
1312,0.1321,2,17,2,45092,560518,2711,105245,5.192096780169699,0.1580817798525902
1313,0.1322,2,30,2,45122,560488,2713,105243,5.191818889177072,0.1580863742262265
1314,0.1323,3,49,3,45171,560439,2716,105240,5.191365000555782,0.15809421658186604
1315,0.1324,5,46,5,45217,560393,2721,105235,5.190938901033754,0.15809881795837916
1316,0.1325,3,33,3,45250,560360,2724,105232,5.190633220941865,0.15810286181324296
1317,0.1326,5,27,5,45277,560333,2729,105227,5.1903831190485015,0.1581029508984915
1318,0.1327,1,51,1,45328,560282,2730,105226,5.189910704361036,0.1581138017875067
1319,0.1328,1,131,1,45459,560151,2731,105225,5.188697247026567,0.15814366613764247
1320,0.1329,1,36,1,45495,560115,2732,105224,5.188363777835415,0.1581509576321244
1321,0.133,8,109,8,45604,560006,2740,105216,5.187354107228871,0.158166747341489
1322,0.1331,4,28,4,45632,559978,2744,105212,5.18709474230242,0.15816834287947804
1323,0.1332,1,35,1,45667,559943,2745,105211,5.186770536144355,0.15817539998256042
1324,0.1333,9,67,9,45734,559876,2754,105202,5.186149912927489,0.1581799428037012
1325,0.1334,2,36,2,45770,559840,2756,105200,5.185816443736337,0.15818597377601348
1326,0.1335,5,46,5,45816,559794,2761,105195,5.185390344214309,0.1581905866112071
1327,0.1336,3,42,3,45858,559752,2764,105192,5.185001296824632,0.1581967804807623
1328,0.1337,1,22,1,45880,559730,2765,105191,5.184797510096706,0.15820074866036718
1329,0.1338,2,26,2,45906,559704,2767,105189,5.18455667123643,0.1582044028136858
1330,0.1339,1,54,1,45960,559650,2768,105188,5.184056467449702,0.15821598645083465
1331,0.134,8,98,8,46058,559552,2776,105180,5.183148690207122,0.15822918108350434
1332,0.1341,7,108,7,46166,559444,2783,105173,5.182148282633666,0.15824602741127597
1333,0.1342,5,37,5,46203,559407,2788,105168,5.181805550409426,0.1582485046834443
1334,0.1343,2,17,2,46220,559390,2790,105166,5.181648078846938,0.15825001956193308
1335,0.1344,8,97,8,46317,559293,2798,105158,5.180749564637445,0.15826298703741887
1336,0.1345,1,23,1,46340,559270,2799,105157,5.180536514876431,0.1582671986538777
1337,0.1346,1,26,1,46366,559244,2800,105156,5.180295676016155,0.1582721252257676
1338,0.1347,2,26,2,46392,559218,2802,105154,5.180054837155878,0.15827578525284028
1339,0.1348,3,45,3,46437,559173,2805,105151,5.179638000666938,0.15828270542687004
1340,0.1349,3,24,3,46461,559149,2808,105148,5.1794156878728375,0.15828462269135643
1341,0.135,4,49,4,46510,559100,2812,105144,5.178961799251547,0.15829123033102294
1342,0.1351,3,37,3,46547,559063,2815,105141,5.178619067027308,0.15829624633395764
1343,0.1352,3,22,3,46569,559041,2818,105138,5.178415280299381,0.1582976878221082
1344,0.1353,3,20,3,46589,559021,2821,105135,5.17823001963763,0.15829865272616675
1345,0.1354,2,33,2,46622,558988,2823,105133,5.177924339545741,0.15830398376199517
1346,0.1355,1,24,1,46646,558964,2824,105132,5.177702026751639,0.15830843733436128
1347,0.1356,1,25,1,46671,558939,2825,105131,5.177470450924451,0.1583131296399476
1348,0.1357,3,40,3,46711,558899,2828,105128,5.177099929600948,0.15831886354018737
1349,0.1358,3,67,3,46778,558832,2831,105125,5.176479306384082,0.1583310364978455
1350,0.1359,1,21,1,46799,558811,2832,105124,5.176284782689244,0.1583347767477238
1351,0.136,8,47,8,46846,558764,2840,105116,5.175849420134129,0.15833584382719768
1352,0.1361,9,93,9,46939,558671,2849,105107,5.174987958056986,0.1583466158866368
1353,0.1362,2,14,2,46953,558657,2851,105105,5.174858275593761,0.1583474197076663
1354,0.1363,0,13,0,46966,558644,2851,105105,5.174737856163622,0.15835052105539896
1355,0.1364,3,30,3,46996,558614,2854,105102,5.174459965170995,0.15835387424741906
1356,0.1365,3,34,3,47030,558580,2857,105099,5.174145022046019,0.15835818219350017
1357,0.1366,2,30,2,47060,558550,2859,105097,5.173867131053392,0.1583628043221773
1358,0.1367,8,69,8,47129,558481,2867,105089,5.173227981770351,0.15836912458369123
1359,0.1368,3,56,3,47185,558425,2870,105086,5.172709251917448,0.15837868550785142
1360,0.1369,2,22,2,47207,558403,2872,105084,5.172505465189522,0.15838140008771837
1361,0.137,5,57,5,47264,558346,2877,105079,5.171977472303531,0.15838866488299355
1362,0.1371,2,40,2,47304,558306,2879,105077,5.171606950980029,0.15839567791155335
1363,0.1372,4,54,4,47358,558252,2883,105073,5.171106747193301,0.15840349753137603
1364,0.1373,3,22,3,47380,558230,2886,105070,5.170902960465375,0.15840494497210916
1365,0.1374,2,42,2,47422,558188,2888,105068,5.170513913075697,0.15841243803297672
1366,0.1375,13,207,13,47629,557981,2901,105055,5.168596465226574,0.15844539361361978
1367,0.1376,2,10,2,47639,557971,2903,105053,5.168503834895699,0.15844524481768382
1368,0.1377,3,45,3,47684,557926,2906,105050,5.168086998406758,0.15845219133120958
1369,0.1378,3,49,3,47733,557877,2909,105047,5.167633109785468,0.15846009497317942
1370,0.1379,1,35,1,47768,557842,2910,105046,5.167308903627403,0.15846719204450826
1371,0.138,1,72,1,47840,557770,2911,105045,5.1666419652451,0.1584831363200893
1372,0.1381,4,29,4,47869,557741,2915,105041,5.1663733372855605,0.1584849920486676
1373,0.1382,3,60,3,47929,557681,2918,105038,5.165817555300308,0.158495531288525
1374,0.1383,0,26,0,47955,557655,2918,105038,5.1655767164400315,0.15850174967896144
1375,0.1384,1,13,1,47968,557642,2919,105037,5.165456297009893,0.15850358921891292
1376,0.1385,4,61,4,48029,557581,2923,105033,5.164891251991552,0.15851310114184125
1377,0.1386,4,9,4,48038,557572,2927,105029,5.164807884693764,0.15851017429795608
1378,0.1387,5,35,5,48073,557537,2932,105024,5.164483678535699,0.15851219736748767
1379,0.1388,4,41,4,48114,557496,2936,105020,5.16410389417911,0.15851692638366469
1380,0.1389,5,45,5,48159,557451,2941,105015,5.16368705769017,0.15852134298213041
1381,0.139,9,164,9,48323,557287,2950,105006,5.162167920263811,0.15854916177583034
1382,0.1391,14,140,14,48463,557147,2964,104992,5.1608710956315536,0.15856489347402886
1383,0.1392,3,32,3,48495,557115,2967,104989,5.160574678572752,0.15856874448727087
1384,0.1393,3,46,3,48541,557069,2970,104986,5.160148579050724,0.15857594912809359
1385,0.1394,1,44,1,48585,557025,2971,104985,5.159741005594872,0.1585852177459555
1386,0.1395,0,37,0,48622,556988,2971,104985,5.159398273370632,0.1585940816317282
1387,0.1396,1,31,1,48653,556957,2972,104984,5.159111119344918,0.15860023778554283
1388,0.1397,1,41,1,48694,556916,2973,104983,5.158731334988328,0.15860879076717144
1389,0.1398,1,22,1,48716,556894,2974,104982,5.158527548260403,0.15861279151986174
1390,0.1399,2,24,2,48740,556870,2976,104980,5.158305235466301,0.15861600060436654
1391,0.14,4,45,4,48785,556825,2980,104976,5.157888398977361,0.15862170048096028
1392,0.1401,3,45,3,48830,556780,2983,104973,5.157471562488421,0.15862867263163144
1393,0.1402,1,15,1,48845,556765,2984,104972,5.157332616992108,0.15863099690662605
1394,0.1403,3,47,3,48892,556718,2987,104969,5.156897254436993,0.15863844990153955
1395,0.1404,4,40,4,48932,556678,2991,104965,5.15652673311349,0.15864295397971415
1396,0.1405,2,66,2,48998,556612,2993,104963,5.155915372929712,0.15865623701016512
1397,0.1406,1,30,1,49028,556582,2994,104962,5.155637481937085,0.15866216003772993
1398,0.1407,1,12,1,49040,556570,2995,104961,5.155526325540035,0.15866376632387597
1399,0.1408,0,36,0,49076,556534,2995,104961,5.155192856348883,0.15867240115193615
1400,0.1409,0,11,0,49087,556523,2995,104961,5.15509096298492,0.15867503975908714
1401,0.141,6,40,6,49127,556483,3001,104955,5.154720441661418,0.15867700374033544
1402,0.1411,2,29,2,49156,556454,3003,104953,5.154451813701878,0.15868141703973498
1403,0.1412,2,43,2,49199,556411,3005,104951,5.154053503279114,0.15868918988390623
1404,0.1413,4,23,4,49222,556388,3009,104947,5.1538404535181,0.1586896202378522
1405,0.1414,7,97,7,49319,556291,3016,104940,5.152941939308607,0.15870399300698243
1406,0.1415,0,40,0,49359,556251,3016,104940,5.152571417985105,0.15871359410518293
1407,0.1416,9,65,9,49424,556186,3025,104931,5.151969320834414,0.15871774587554094
1408,0.1417,1,17,1,49441,556169,3026,104930,5.151811849271926,0.15872055471268298
1409,0.1418,4,69,4,49510,556100,3030,104926,5.1511726999888845,0.1587320317203862
1410,0.1419,0,22,0,49532,556078,3030,104926,5.150968913260958,0.15873731475149924
1411,0.142,5,52,5,49584,556026,3035,104921,5.150487235540405,0.15874343933779864
1412,0.1421,1,27,1,49611,555999,3036,104920,5.150237133647042,0.15874865149889775
1413,0.1422,4,46,4,49657,555953,3040,104916,5.149811034125014,0.15875460946117914
1414,0.1423,5,37,5,49694,555916,3045,104911,5.149468301900774,0.15875713310745476
1415,0.1424,5,89,5,49783,555827,3050,104906,5.148643891955982,0.1587721515347349
1416,0.1425,2,44,2,49827,555783,3052,104904,5.14823631850013,0.15878017881387102
1417,0.1426,8,182,8,50009,555601,3060,104896,5.146550446478195,0.15881374177324045
1418,0.1427,3,54,3,50063,555547,3063,104893,5.146050242691467,0.15882290594149354
1419,0.1428,2,46,2,50109,555501,3065,104891,5.14562414316944,0.15883142133762976
1420,0.1429,5,61,5,50170,555440,3070,104886,5.145059098151099,0.1588397246208691
1421,0.143,2,16,2,50186,555424,3072,104884,5.1449108896216975,0.1588410257031567
1422,0.1431,1,44,1,50230,555380,3073,104883,5.144503316165846,0.15885033691120054
1423,0.1432,9,66,9,50296,555314,3082,104874,5.143891955982067,0.15885475046501907
1424,0.1433,2,47,2,50343,555267,3084,104872,5.143456593426952,0.1588635120785168
1425,0.1434,3,30,3,50373,555237,3087,104869,5.143178702434325,0.1588669092539683
1426,0.1435,0,25,0,50398,555212,3087,104869,5.142947126607136,0.15887292620148133
1427,0.1436,1,28,1,50426,555184,3088,104868,5.142687761680684,0.1588783913994655
1428,0.1437,10,56,10,50482,555128,3098,104858,5.142169031827781,0.15887912773907326
1429,0.1438,5,46,5,50528,555082,3103,104853,5.141742932305754,0.15888382946805368
1430,0.1439,7,83,7,50611,554999,3110,104846,5.140974100559487,0.15889489198220794
1431,0.144,4,24,4,50635,554975,3114,104842,5.140751787765386,0.1588955725602705
1432,0.1441,2,31,2,50666,554944,3116,104840,5.140464633739672,0.15890048864476858
1433,0.1442,3,133,3,50799,554811,3119,104837,5.139232650339027,0.15892870136800233
1434,0.1443,5,55,5,50854,554756,3124,104832,5.138723183519211,0.15893557796685204
1435,0.1444,3,18,3,50872,554738,3127,104829,5.1385564489236355,0.15893608988927585
1436,0.1445,1,54,1,50926,554684,3128,104828,5.138056245136908,0.1589478280910734
1437,0.1446,1,57,1,50983,554627,3129,104827,5.137528252250917,0.15896029139257628
1438,0.1447,3,48,3,51031,554579,3132,104824,5.137083626662714,0.1589680362388403
1439,0.1448,5,52,5,51083,554527,3137,104819,5.136601948942162,0.15897419564234863
1440,0.1449,5,123,5,51206,554404,3142,104814,5.135462595872393,0.15899747883097853
1441,0.145,3,40,3,51246,554364,3145,104811,5.13509207454889,0.15900329957901924
1442,0.1451,0,23,0,51269,554341,3145,104811,5.134879024787876,0.15900884773163093
1443,0.1452,2,47,2,51316,554294,3147,104809,5.134443662232761,0.15901763457304852
1444,0.1453,8,111,8,51427,554183,3155,104801,5.133415465560043,0.15903421023879183
1445,0.1454,1,9,1,51436,554174,3156,104800,5.133332098262255,0.15903510608916285
1446,0.1455,6,45,6,51481,554129,3162,104794,5.132915261773315,0.15903830948380918
1447,0.1456,7,72,7,51553,554057,3169,104787,5.1322483233910114,0.15904675461869577
1448,0.1457,3,31,3,51584,554026,3172,104784,5.131961169365297,0.15905040907090057
1449,0.1458,0,34,0,51618,553992,3172,104784,5.13164622624032,0.15905861780028416
1450,0.1459,3,28,3,51646,553964,3175,104781,5.131386861313868,0.15906154885426074
1451,0.146,2,29,2,51675,553935,3177,104779,5.1311182333543295,0.1590659982936449
1452,0.1461,0,7,0,51682,553928,3177,104779,5.131053392122717,0.15906768866886187
1453,0.1462,0,69,0,51751,553859,3177,104779,5.1304142428396755,0.15908435286151118
1454,0.1463,3,30,3,51781,553829,3180,104776,5.130136351847049,0.1590877688447552
1455,0.1464,5,101,5,51882,553728,3185,104771,5.129200785505206,0.15910578451903495
1456,0.1465,2,34,2,51916,553694,3187,104769,5.128885842380229,0.15911144589749157
1457,0.1466,2,21,2,51937,553673,3189,104767,5.12869131868539,0.15911396634469352
1458,0.1467,4,74,4,52011,553599,3193,104763,5.128005854236911,0.15912674182288772
1459,0.1468,2,114,2,52125,553485,3195,104761,5.12694986846493,0.1591517456999359
1460,0.1469,4,47,4,52172,553438,3199,104757,5.126514505909815,0.15915800028866825
1461,0.147,4,52,4,52224,553386,3203,104753,5.126032828189262,0.15916546504613768
1462,0.1471,3,42,3,52266,553344,3206,104750,5.125643780799585,0.1591717900482302
1463,0.1472,6,50,6,52316,553294,3212,104744,5.125180629145207,0.15917621778681473
1464,0.1473,6,137,6,52453,553157,3218,104738,5.123911593612212,0.15920169631932146
1465,0.1474,2,19,2,52472,553138,3220,104736,5.123735595983549,0.15920373810182498
1466,0.1475,1,23,1,52495,553115,3221,104735,5.123522546222535,0.15920802614577792
1467,0.1476,3,28,3,52523,553087,3224,104732,5.123263181296084,0.15921096836667836
1468,0.1477,5,56,5,52579,553031,3229,104727,5.122744451443181,0.1592181318965334
1469,0.1478,3,59,3,52638,552972,3232,104724,5.122197932491015,0.15922857976937674
1470,0.1479,6,115,6,52753,552857,3238,104718,5.121132683685946,0.1592487548948789
1471,0.148,5,60,5,52813,552797,3243,104713,5.120576901700693,0.1592568934312786
1472,0.1481,0,11,0,52824,552786,3243,104713,5.120475008336729,0.1592595578092134
1473,0.1482,1,14,1,52838,552772,3244,104712,5.120345325873504,0.15926167024596796
1474,0.1483,2,41,2,52879,552731,3246,104710,5.1199655415169145,0.15926904467473127
1475,0.1484,3,35,3,52914,552696,3249,104707,5.11964133535885,0.15927368752500368
1476,0.1485,0,29,0,52943,552667,3249,104707,5.119372707399311,0.15928071387064288
1477,0.1486,6,88,6,53031,552579,3255,104701,5.118557560487606,0.159294364654333
1478,0.1487,2,41,2,53072,552538,3257,104699,5.1181777761310165,0.15930174351109266
1479,0.1488,3,58,3,53130,552480,3260,104696,5.117640520211938,0.15931196513567142
1480,0.1489,1,94,1,53224,552386,3261,104695,5.116769795101708,0.15933347639027762
1481,0.149,1,24,1,53248,552362,3262,104694,5.116547482307607,0.15933801685092291
1482,0.1491,4,16,4,53264,552346,3266,104690,5.116399273778206,0.15933677911103805
1483,0.1492,4,50,4,53314,552296,3270,104686,5.115936122123828,0.15934378719660508
1484,0.1493,5,62,5,53376,552234,3275,104681,5.1153618140724,0.15935242763523438
1485,0.1494,4,88,4,53464,552146,3279,104677,5.114546667160695,0.15936865791849555
1486,0.1495,3,28,3,53492,552118,3282,104674,5.114287302234244,0.15937161232170916
1487,0.1496,1,11,1,53503,552107,3283,104673,5.114185408870281,0.15937300161393464
1488,0.1497,3,78,3,53581,552029,3286,104670,5.113462892289451,0.1593880910432329
1489,0.1498,3,33,3,53614,551996,3289,104667,5.113157212197562,0.15939226056592193
1490,0.1499,3,51,3,53665,551945,3292,104664,5.112684797510097,0.15940080017179173
1491,0.15,1,31,1,53696,551914,3293,104663,5.112397643484383,0.15940704593672944
1492,0.1501,1,21,1,53717,551893,3294,104662,5.112203119789544,0.15941086428402798
1493,0.1502,1,36,1,53753,551857,3295,104661,5.111869650598392,0.15941832516397114
1494,0.1503,2,71,2,53824,551786,3297,104659,5.111211975249176,0.15943300657328488
1495,0.1504,4,21,4,53845,551765,3301,104655,5.1110174515543365,0.15943298497912922
1496,0.1505,4,28,4,53873,551737,3305,104651,5.110758086627885,0.1594346636440642
1497,0.1506,6,62,6,53935,551675,3311,104645,5.110183778576457,0.15944204046806437
1498,0.1507,1,41,1,53976,551634,3312,104644,5.109803994219868,0.15945072057877913
1499,0.1508,1,49,1,54025,551585,3313,104643,5.109350105598577,0.1594613457517814
1500,0.1509,4,29,4,54054,551556,3317,104639,5.109081477639038,0.15946326930257013
1501,0.151,4,54,4,54108,551502,3321,104635,5.10858127385231,0.15947126895755
1502,0.1511,5,52,5,54160,551450,3326,104630,5.1080995961317575,0.15947750274356787
1503,0.1512,1,25,1,54185,551425,3327,104629,5.1078680203045685,0.15948229871321568
1504,0.1513,2,15,2,54200,551410,3329,104627,5.1077290748082556,0.15948338279700688
1505,0.1514,0,44,0,54244,551366,3329,104627,5.107321501352403,0.15949407996731674
1506,0.1515,4,69,4,54313,551297,3333,104623,5.106682352069361,0.15950573240639102
1507,0.1516,3,39,3,54352,551258,3336,104620,5.106321093778947,0.15951137254184466
1508,0.1517,1,53,1,54405,551205,3337,104619,5.105830153025306,0.15952298177559834
1509,0.1518,6,49,6,54454,551156,3343,104613,5.105376264404017,0.15952721156382813
1510,0.1519,7,64,7,54518,551092,3350,104606,5.104783430286413,0.1595338097721817
1511,0.152,1,65,1,54583,551027,3351,104605,5.104181333135722,0.15954834419308392
1512,0.1521,3,33,3,54616,550994,3354,104602,5.103875653043833,0.15955252930158206
1513,0.1522,8,41,8,54657,550953,3362,104594,5.103495868687243,0.15955225178362498
1514,0.1523,2,67,2,54724,550886,3364,104592,5.1028752454703765,0.15956599611276046
1515,0.1524,4,40,4,54764,550846,3368,104588,5.102504724146875,0.159570605125764
1516,0.1525,1,45,1,54809,550801,3369,104587,5.102087887657935,0.15958027916287756
1517,0.1526,3,35,3,54844,550766,3372,104584,5.10176368149987,0.15958495460440986
1518,0.1527,0,10,0,54854,550756,3372,104584,5.101671051168995,0.15958738975188452
1519,0.1528,0,38,0,54892,550718,3372,104584,5.1013190559116675,0.15959664399009924
1520,0.1529,4,64,4,54956,550654,3376,104580,5.100726221794064,0.15960710219555152
1521,0.153,1,19,1,54975,550635,3377,104579,5.100550224165401,0.15961044788420273
1522,0.1531,3,28,3,55003,550607,3380,104576,5.1002908592389495,0.15961342098314515
1523,0.1532,5,54,5,55057,550553,3385,104571,5.099790655452221,0.15962016351102998
1524,0.1533,1,49,1,55106,550504,3386,104570,5.099336766830931,0.15963082033480186
1525,0.1534,2,45,2,55151,550459,3388,104568,5.098919930341991,0.15963922097867722
1526,0.1535,2,43,2,55194,550416,3390,104566,5.098521619919226,0.15964713534112387
1527,0.1536,2,19,2,55213,550397,3392,104564,5.098345622290563,0.15964920048674655
1528,0.1537,1,17,1,55230,550380,3393,104563,5.098188150728074,0.15965206132442059
1529,0.1538,6,91,6,55321,550289,3399,104557,5.097345214717107,0.15966654755469226
1530,0.1539,2,30,2,55351,550259,3401,104555,5.09706732372448,0.15967129597106966
1531,0.154,5,49,5,55400,550210,3406,104550,5.09661343510319,0.1596768281507728
1532,0.1541,1,13,1,55413,550197,3407,104549,5.096493015673052,0.15967871510478873
1533,0.1542,1,28,1,55441,550169,3408,104548,5.0962336507466,0.1596842605278311
1534,0.1543,2,37,2,55478,550132,3410,104546,5.095890918522361,0.15969071818512307
1535,0.1544,2,22,2,55500,550110,3412,104544,5.095687131794435,0.15969351749168262
1536,0.1545,2,15,2,55515,550095,3414,104542,5.095548186298122,0.15969460937893826
1537,0.1546,2,32,2,55547,550063,3416,104540,5.0952517692393196,0.15969984861053188
1538,0.1547,8,135,8,55682,549928,3424,104532,5.0940012597725,0.15972251932891238
1539,0.1548,6,132,6,55814,549796,3430,104526,5.092778539404943,0.1597470358630766
1540,0.1549,3,41,3,55855,549755,3433,104523,5.092398755048353,0.15975319359660572
1541,0.155,1,33,1,55888,549722,3434,104522,5.0920930749564635,0.15975996722935173
1542,0.1551,1,37,1,55925,549685,3435,104521,5.091750342732224,0.15976771842508322
1543,0.1552,2,36,2,55961,549649,3437,104519,5.091416873541072,0.15977394186202934
1544,0.1553,4,25,4,55986,549624,3441,104515,5.091185297713883,0.15977491022550253
1545,0.1554,8,174,8,56160,549450,3449,104507,5.089573529956649,0.15980714328312107
1546,0.1555,3,45,3,56205,549405,3452,104504,5.089156693467709,0.15981428608567858
1547,0.1556,2,30,2,56235,549375,3454,104502,5.088878802475082,0.15981904853665138
1548,0.1557,1,28,1,56263,549347,3455,104501,5.088619437548631,0.15982460755404926
1549,0.1558,0,10,0,56273,549337,3455,104501,5.088526807217756,0.1598270519608833
1550,0.1559,0,12,0,56285,549325,3455,104501,5.088415650820704,0.15982998534778367
1551,0.156,0,40,0,56325,549285,3455,104501,5.0880451294972024,0.15983976408182493
1552,0.1561,0,33,0,56358,549252,3455,104501,5.087739449405313,0.15984783243824502
1553,0.1562,3,24,3,56382,549228,3458,104498,5.087517136611212,0.15984984534805102
1554,0.1563,2,24,2,56406,549204,3460,104496,5.0872948238171105,0.15985314364387335
1555,0.1564,1,33,1,56439,549171,3461,104495,5.086989143725221,0.1598599284649959
1556,0.1565,10,50,10,56489,549121,3471,104485,5.086525992070844,0.15985930361716386
1557,0.1566,3,22,3,56511,549099,3474,104482,5.086322205342918,0.1598608282676516
1558,0.1567,1,33,1,56544,549066,3475,104481,5.086016525251028,0.15986761472396016
1559,0.1568,5,35,5,56579,549031,3480,104476,5.0856923190929635,0.15986974890858094
1560,0.1569,1,12,1,56591,549019,3481,104475,5.085581162695913,0.15987139897229355
1561,0.157,1,25,1,56616,548994,3482,104474,5.085349586868724,0.15987622959349196
1562,0.1571,2,33,2,56649,548961,3484,104472,5.085043906776835,0.1598817323275684
1563,0.1572,1,41,1,56690,548920,3485,104471,5.084664122420246,0.15989047905465487
1564,0.1573,3,26,3,56716,548894,3488,104468,5.0844232835599685,0.15989298428742413
1565,0.1574,5,90,5,56806,548804,3493,104463,5.083589610582089,0.15990858255506554
1566,0.1575,1,74,1,56880,548730,3494,104462,5.08290414613361,0.15992541243615965
1567,0.1576,9,60,9,56940,548670,3503,104453,5.0823483641483564,0.15992852801080348
1568,0.1577,2,47,2,56987,548623,3505,104451,5.081913001593242,0.15993746497334146
1569,0.1578,3,94,3,57081,548529,3508,104448,5.081042276483012,0.15995662940654878
1570,0.1579,0,21,0,57102,548508,3508,104448,5.080847752788173,0.1599617738408101
1571,0.158,6,52,6,57154,548456,3514,104442,5.08036607506762,0.1599667942006255
1572,0.1581,1,17,1,57171,548439,3515,104441,5.080208603505132,0.15996967283421148
1573,0.1582,1,50,1,57221,548389,3516,104440,5.079745451850754,0.1599806381150347
1574,0.1583,7,143,7,57364,548246,3523,104433,5.078420838119234,0.16000668015977226
1575,0.1584,1,56,1,57420,548190,3524,104432,5.077902108266331,0.16001912286131942
1576,0.1585,7,30,7,57450,548160,3531,104425,5.077624217273704,0.1600174689887141
1577,0.1586,0,35,0,57485,548125,3531,104425,5.07730001111564,0.16002605164355221
1578,0.1587,2,48,2,57533,548077,3533,104423,5.076855385527437,0.16003524904214558
1579,0.1588,3,50,3,57583,548027,3536,104420,5.07639223387306,0.1600436510551815
1580,0.1589,5,29,5,57612,547998,3541,104415,5.07612360591352,0.16004432774944705
1581,0.159,5,40,5,57652,547958,3546,104410,5.075753084590018,0.1600477031368798
1582,0.1591,1,54,1,57706,547904,3547,104409,5.075252880803291,0.1600596646088611
1583,0.1592,7,40,7,57746,547864,3554,104402,5.074882359479788,0.16006046612884928
1584,0.1593,4,79,4,57825,547785,3558,104398,5.074150579865871,0.16007470295913878
1585,0.1594,1,23,1,57848,547762,3559,104397,5.073937530104858,0.16007906047451617
1586,0.1595,3,8,3,57856,547754,3562,104394,5.073863425840157,0.1600771603991732
1587,0.1596,2,26,2,57882,547728,3564,104392,5.073622586979881,0.16008096669324665
1588,0.1597,2,27,2,57909,547701,3566,104390,5.073372485086517,0.16008501880872456
1589,0.1598,3,61,3,57970,547640,3569,104387,5.072807440068176,0.16009613098844067
1590,0.1599,2,37,2,58007,547603,3571,104385,5.072464707843936,0.16010263992588822
1591,0.16,6,81,6,58088,547522,3577,104379,5.0717144021638445,0.16011480270777312
1592,0.1601,7,122,7,58210,547400,3584,104372,5.0705843121271625,0.16013575299337804
1593,0.1602,2,44,2,58254,547356,3586,104370,5.070176738671311,0.16014398689019618
1594,0.1603,2,32,2,58286,547324,3588,104368,5.069880321612509,0.16014927296943954
1595,0.1604,5,47,5,58333,547277,3593,104363,5.069444959057393,0.16015437971886318
1596,0.1605,5,104,5,58437,547173,3598,104358,5.068481603616288,0.16017349903534905
1597,0.1606,16,241,16,58678,546932,3614,104342,5.066249212642187,0.16021213805556495
1598,0.1607,3,41,3,58719,546891,3617,104339,5.065869428285598,0.1602183560339665
1599,0.1608,0,34,0,58753,546857,3617,104339,5.065554485160621,0.16022672129435683
1600,0.1609,1,26,1,58779,546831,3618,104338,5.0653136463003445,0.16023182921791423
1601,0.161,6,51,6,58830,546780,3624,104332,5.0648412316128795,0.16023664131516543
1602,0.1611,2,16,2,58846,546764,3626,104330,5.064693023083478,0.16023799942865394
1603,0.1612,2,21,2,58867,546743,3628,104328,5.06449849938864,0.16024058820005807
1604,0.1613,6,39,6,58906,546704,3634,104322,5.0641372410982255,0.16024244807427046
1605,0.1614,0,16,0,58922,546688,3634,104322,5.063989032568824,0.16024638638423372
1606,0.1615,1,55,1,58977,546633,3635,104321,5.063479565749009,0.1602586357868605
1607,0.1616,4,51,4,59028,546582,3639,104317,5.0630071510615435,0.16026603205720089
1608,0.1617,0,21,0,59049,546561,3639,104317,5.062812627366705,0.16027120289823898
1609,0.1618,9,91,9,59140,546470,3648,104308,5.0619696913557375,0.1602820009281199
1610,0.1619,2,21,2,59161,546449,3650,104306,5.061775167660899,0.1602845925117748
1611,0.162,2,24,2,59185,546425,3652,104304,5.061552854866798,0.16028792323686203
1612,0.1621,1,63,1,59248,546362,3653,104303,5.060969283782281,0.16030215241330023
1613,0.1622,2,48,2,59296,546314,3655,104301,5.060524658194079,0.16031139767758198
1614,0.1623,0,15,0,59311,546299,3655,104301,5.060385712697766,0.1603150937596065
1615,0.1624,6,69,6,59380,546230,3661,104295,5.059746563414724,0.16032435340686368
1616,0.1625,4,38,4,59418,546192,3665,104291,5.059394568157398,0.16032855585772418
1617,0.1626,2,49,2,59467,546143,3667,104289,5.058940679536107,0.16033805224835188
1618,0.1627,2,24,2,59491,546119,3669,104287,5.058718366742006,0.16034138676457474
1619,0.1628,3,38,3,59529,546081,3672,104284,5.058366371484679,0.16034688213541626
1620,0.1629,6,32,6,59561,546049,3678,104278,5.058069954425878,0.16034702541951973
1621,0.163,0,17,0,59578,546032,3678,104278,5.057912482863388,0.16035121711183897
1622,0.1631,2,35,2,59613,545997,3680,104276,5.057588276705324,0.16035726533317546
1623,0.1632,1,38,1,59651,545959,3681,104275,5.057236281447997,0.16036534539873337
1624,0.1633,8,158,8,59809,545801,3689,104267,5.055772722220164,0.16039398955186226
1625,0.1634,8,64,8,59873,545737,3697,104259,5.05517988810256,0.16039944861199146
1626,0.1635,7,110,7,59983,545627,3704,104252,5.05416095446293,0.16041755465248148
1627,0.1636,4,43,4,60026,545584,3708,104248,5.053762644040164,0.16042300163734627
1628,0.1637,1,43,1,60069,545541,3709,104247,5.0533643336174,0.1604323256200484
1629,0.1638,3,38,3,60107,545503,3712,104244,5.053012338360072,0.16043783195613062
1630,0.1639,2,33,2,60140,545470,3714,104242,5.052706658268184,0.16044339645873865
1631,0.164,1,45,1,60185,545425,3715,104241,5.052289821779244,0.16045321749945357
1632,0.1641,1,18,1,60203,545407,3716,104240,5.052123087183667,0.16045637092143888
1633,0.1642,5,71,5,60274,545336,3721,104235,5.051465411834451,0.16046744697654297
1634,0.1643,2,34,2,60308,545302,3723,104233,5.051150468709475,0.1604732616410201
1635,0.1644,7,55,7,60363,545247,3730,104226,5.050641001889659,0.16047780277240162
1636,0.1645,10,94,10,60457,545153,3740,104216,5.049770276779428,0.16048810460616383
1637,0.1646,7,106,7,60563,545047,3747,104209,5.0487883952721475,0.16050525524600465
1638,0.1647,1,48,1,60611,544999,3748,104208,5.048343769683945,0.16051582931176034
1639,0.1648,1,16,1,60627,544983,3749,104207,5.048195561154545,0.16051849227498882
1640,0.1649,4,46,4,60673,544937,3753,104203,5.047769461632517,0.16052469421080198
1641,0.165,4,43,4,60716,544894,3757,104199,5.047371151209752,0.16053015515496238
1642,0.1651,3,92,3,60808,544802,3760,104196,5.046518952165697,0.16054903096773795
1643,0.1652,3,25,3,60833,544777,3763,104193,5.046287376338508,0.16055133519268996
1644,0.1653,17,183,17,61016,544594,3780,104176,5.044592241283486,0.16057462583041757
1645,0.1654,1,51,1,61067,544543,3781,104175,5.04411982659602,0.1605859556849047
1646,0.1655,7,56,7,61123,544487,3788,104168,5.043601096743117,0.16059076088213303
1647,0.1656,3,54,3,61177,544433,3791,104165,5.04310089295639,0.1606002485360732
1648,0.1657,3,78,3,61255,544355,3794,104162,5.04237837637556,0.16061568162438303
1649,0.1658,0,16,0,61271,544339,3794,104162,5.042230167846159,0.1606196443798853
1650,0.1659,3,13,3,61284,544326,3797,104159,5.0421097484160216,0.16061898116378945
1651,0.166,4,34,4,61318,544292,3801,104155,5.041794805291045,0.1606222251008949
1652,0.1661,4,35,4,61353,544257,3805,104151,5.04147059913298,0.16062571714105933
1653,0.1662,15,196,15,61549,544061,3820,104136,5.039655044647819,0.16065486264206716
1654,0.1663,3,44,3,61593,544017,3823,104133,5.039247471191967,0.16066188382318908
1655,0.1664,5,153,5,61746,543864,3828,104128,5.037830227129572,0.1606933418931098
1656,0.1665,5,109,5,61855,543755,3833,104123,5.036820556523028,0.16071389983916726
1657,0.1666,2,21,2,61876,543734,3835,104121,5.036626032828189,0.16071651835673106
1658,0.1667,2,105,2,61981,543629,3837,104119,5.035653414353996,0.16073997912768545
1659,0.1668,0,29,0,62010,543600,3837,104119,5.035384786394457,0.1607471758586671
1660,0.1669,8,77,8,62087,543523,3845,104111,5.0346715328467155,0.16075592078241724
1661,0.167,4,32,4,62119,543491,3849,104107,5.034375115787913,0.16075868053947048
1662,0.1671,7,33,7,62152,543458,3856,104100,5.034069435696025,0.16075780084563854
1663,0.1672,1,16,1,62168,543442,3857,104099,5.033921227166624,0.16076047694277273
1664,0.1673,3,59,3,62227,543383,3860,104096,5.033374708214458,0.1607712373683162
1665,0.1674,2,28,2,62255,543355,3862,104094,5.0331153432880065,0.1607755977690907
1666,0.1675,3,70,3,62325,543285,3865,104091,5.032466930971878,0.1607890932008601
1667,0.1676,1,10,1,62335,543275,3866,104090,5.032374300641002,0.16079028059904382
1668,0.1677,4,71,4,62406,543204,3870,104086,5.031716625291786,0.160802731387786
1669,0.1678,2,58,2,62464,543146,3872,104084,5.031179369372707,0.16081454815135268
1670,0.1679,3,29,3,62493,543117,3875,104081,5.030910741413169,0.16081786408487048
1671,0.168,3,57,3,62550,543060,3878,104078,5.0303827485271775,0.16082813866594142
1672,0.1681,6,76,6,62626,542984,3884,104072,5.0296787580125235,0.16083924729853366
1673,0.1682,2,35,2,62661,542949,3886,104070,5.02935455185446,0.1608453538458685
1674,0.1683,9,127,9,62788,542822,3895,104061,5.02817814665234,0.1608652569320882
1675,0.1684,1,49,1,62837,542773,3896,104060,5.02772425803105,0.16087614577487544
1676,0.1685,4,76,4,62913,542697,3900,104056,5.027020267516396,0.1608898605804689
1677,0.1686,1,31,1,62944,542666,3901,104055,5.026733113490681,0.16089627520986638
1678,0.1687,0,42,0,62986,542624,3901,104055,5.026344066101004,0.16090672497483297
1679,0.1688,14,116,14,63102,542508,3915,104041,5.025269554262848,0.16091742466541592
1680,0.1689,8,172,8,63274,542336,3923,104033,5.023676312571789,0.16094985990974195
1681,0.169,0,30,0,63304,542306,3923,104033,5.023398421579162,0.1609573304411462
1682,0.1691,11,87,11,63391,542219,3934,104022,5.022592537700545,0.16096471749703284
1683,0.1692,6,58,6,63449,542161,3940,104016,5.0220552817814665,0.16097137471621553
1684,0.1693,4,83,4,63532,542078,3944,104012,5.021286450035199,0.16098685941587085
1685,0.1694,3,37,3,63569,542041,3947,104009,5.02094371781096,0.16099218326754894
1686,0.1695,5,134,5,63703,541907,3952,104004,5.019702471377228,0.16101908776905796
1687,0.1696,6,129,6,63832,541778,3958,103998,5.018507540108933,0.16104345779341445
1688,0.1697,1,31,1,63863,541747,3959,103997,5.018220386083219,0.1610498897395872
1689,0.1698,5,24,5,63887,541723,3964,103992,5.017998073289117,0.16104937937015557
1690,0.1699,7,78,7,63965,541645,3971,103985,5.017275556708289,0.1610597400988182
1691,0.17,5,60,5,64025,541585,3976,103980,5.016719774723035,0.1610682115666122
1692,0.1701,3,74,3,64099,541511,3979,103977,5.016034310274557,0.16108277768138216
1693,0.1702,2,47,2,64146,541464,3981,103975,5.015598947719441,0.16109190798820647
1694,0.1703,3,41,3,64187,541423,3984,103972,5.015219163362851,0.1610982421617769
1695,0.1704,0,22,0,64209,541401,3984,103972,5.015015376634925,0.16110373380975032
1696,0.1705,6,46,6,64255,541355,3990,103966,5.014589277112898,0.16110741785870908
1697,0.1706,6,72,6,64327,541283,3996,103960,5.013922338730594,0.16111759445666207
1698,0.1707,8,73,8,64400,541210,4004,103952,5.013246137315202,0.16112542276203495
1699,0.1708,2,27,2,64427,541183,4006,103950,5.012996035421838,0.16112956553144855
1700,0.1709,3,90,3,64517,541093,4009,103947,5.012162362443958,0.16114814585142007
1701,0.171,10,109,10,64626,540984,4019,103937,5.011152691837415,0.1611623749265414
1702,0.1711,3,29,3,64655,540955,4022,103934,5.010884063877876,0.16116571999212267
1703,0.1712,3,43,3,64698,540912,4025,103931,5.010485753455112,0.16117256448468853
1704,0.1713,1,52,1,64750,540860,4026,103930,5.0100040757345585,0.16118426154251772
1705,0.1714,1,29,1,64779,540831,4027,103929,5.00973544777502,0.16119021031081332
1706,0.1715,5,102,5,64881,540729,4032,103924,5.008790618400089,0.16120920867505464
1707,0.1716,12,181,12,65062,540548,4044,103912,5.007114009411241,0.16123886664804643
1708,0.1717,6,65,6,65127,540483,4050,103906,5.00651191226055,0.16124732110572962
1709,0.1718,3,92,3,65219,540391,4053,103903,5.005659713216495,0.1612664404759318
1710,0.1719,3,46,3,65265,540345,4056,103900,5.005233613694468,0.161274049468758
1711,0.172,2,28,2,65293,540317,4058,103898,5.004974248768017,0.16127845517412664
1712,0.1721,3,51,3,65344,540266,4061,103895,5.004501834080552,0.16128731792207227
1713,0.1722,0,30,0,65374,540236,4061,103895,5.004223943087925,0.16129482977841464
1714,0.1723,8,167,8,65541,540069,4069,103887,5.002677016562303,0.16132623968097198
1715,0.1724,2,24,2,65565,540045,4071,103885,5.002454703768202,0.16132964763250665
1716,0.1725,2,17,2,65582,540028,4073,103883,5.002297232205714,0.1613313019967045
1717,0.1726,6,117,6,65699,539911,4079,103877,5.00121345733447,0.16135280558196177
1718,0.1727,3,59,3,65758,539852,4082,103874,5.000666938382304,0.16136368579178098
1719,0.1728,3,54,3,65812,539798,4085,103871,5.000166734595576,0.16137331454520878
1720,0.1729,5,76,5,65888,539722,4090,103866,4.999462744080922,0.16138585554733773
1721,0.173,3,56,3,65944,539666,4093,103863,4.998944014228019,0.161395989924308
1722,0.1731,3,100,3,66044,539566,4096,103860,4.998017710919264,0.1614171637453258
1723,0.1732,2,88,2,66132,539478,4098,103858,4.997202564007559,0.16143663653207654
1724,0.1733,7,56,7,66188,539422,4105,103851,4.996683834154656,0.16144156524523803
1725,0.1734,3,33,3,66221,539389,4108,103848,4.996378154062766,0.16144593672316734
1726,0.1735,4,28,4,66249,539361,4112,103844,4.996118789136315,0.16144774993975483
1727,0.1736,0,37,0,66286,539324,4112,103844,4.995776056912075,0.16145703766356534
1728,0.1737,4,78,4,66364,539246,4116,103840,4.995053540331246,0.16147140506868443
1729,0.1738,1,30,1,66394,539216,4117,103839,4.994775649338619,0.1614776341059474
1730,0.1739,8,52,8,66446,539164,4125,103831,4.994293971618067,0.16148026034417065
1731,0.174,0,42,0,66488,539122,4125,103831,4.9939049242283895,0.16149080881495226
1732,0.1741,0,22,0,66510,539100,4125,103831,4.993701137500463,0.16149633475442932
1733,0.1742,5,126,5,66636,538974,4130,103826,4.992533995331431,0.16152146857498445
1734,0.1743,7,87,7,66723,538887,4137,103819,4.991728111452814,0.16153420070763305
1735,0.1744,2,27,2,66750,538860,4139,103817,4.99147800955945,0.1615383777542996
1736,0.1745,5,59,5,66809,538801,4144,103812,4.990931490607284,0.16154668517443624
1737,0.1746,3,34,3,66843,538767,4147,103809,4.990616547482308,0.16155131844326587
1738,0.1747,1,27,1,66870,538740,4148,103808,4.990366445588943,0.16155680198210873
1739,0.1748,3,35,3,66905,538705,4151,103805,4.990042239430879,0.1615616877558326
1740,0.1749,1,30,1,66935,538675,4152,103804,4.989764348438253,0.16156792673379208
1741,0.175,5,144,5,67079,538531,4157,103799,4.988430471673645,0.1615976211604627
1742,0.1751,12,249,12,67328,538282,4169,103787,4.986123976434844,0.1616446207494833
1743,0.1752,4,26,4,67354,538256,4173,103783,4.985883137574567,0.16164594362647752
1744,0.1753,3,50,3,67404,538206,4176,103780,4.985419985920189,0.16165461552121074
1745,0.1754,4,33,4,67437,538173,4180,103776,4.985114305828301,0.16165770178004796
1746,0.1755,3,28,3,67465,538145,4183,103773,4.984854940901849,0.1616608351845563
1747,0.1756,12,124,12,67589,538021,4195,103761,4.983706324798992,0.16167639478826143
1748,0.1757,5,50,5,67639,537971,4200,103756,4.983243173144614,0.16168245998687916
1749,0.1758,2,15,2,67654,537956,4202,103754,4.983104227648301,0.16168362656028423
1750,0.1759,2,36,2,67690,537920,4204,103752,4.982770758457149,0.16169008465384183
1751,0.176,1,9,1,67699,537911,4205,103751,4.982687391159361,0.1616910460647506
1752,0.1761,4,25,4,67724,537886,4209,103747,4.982455815332172,0.1616921199501896
1753,0.1762,6,56,6,67780,537830,4215,103741,4.981937085479269,0.16169839347476742
1754,0.1763,6,75,6,67855,537755,4221,103735,4.9812423579977025,0.1617094576688647
1755,0.1764,4,45,4,67900,537710,4225,103731,4.980825521508763,0.16171557477616805
1756,0.1765,1,22,1,67922,537688,4226,103730,4.980621734780836,0.16171981453591885
1757,0.1766,4,34,4,67956,537654,4230,103726,4.98030679165586,0.16172315943746296
1758,0.1767,6,57,6,68013,537597,4236,103720,4.979778798769869,0.16172969062101894
1759,0.1768,1,59,1,68072,537538,4237,103719,4.979232279817704,0.1617432636212938
1760,0.1769,8,150,8,68222,537388,4245,103711,4.97784282485457,0.1617706469671611
1761,0.177,0,66,0,68288,537322,4245,103711,4.977231464670791,0.16178730268176522
1762,0.1771,1,34,1,68322,537288,4246,103710,4.976916521545815,0.16179457658214222
1763,0.1772,7,19,7,68341,537269,4253,103703,4.976740523917152,0.16179021860549292
1764,0.1773,2,19,2,68360,537250,4255,103701,4.976564526288488,0.161792399106952
1765,0.1774,2,42,2,68402,537208,4257,103699,4.976175478898811,0.16180038601544375
1766,0.1775,4,87,4,68489,537121,4261,103695,4.975369595020194,0.1618171206711443
1767,0.1776,1,11,1,68500,537110,4262,103694,4.975267701656231,0.16181859039581525
1768,0.1777,3,54,3,68554,537056,4265,103691,4.974767497869502,0.1618283035269771
1769,0.1778,4,99,4,68653,536957,4269,103687,4.9738504575938345,0.16184807787164165
1770,0.1779,8,85,8,68738,536872,4277,103679,4.973063099781393,0.16185908694233558
1771,0.178,5,25,5,68763,536847,4282,103674,4.972831523954204,0.1618588617703401
1772,0.1781,5,36,5,68799,536811,4287,103669,4.972498054763052,0.16186141643767174
1773,0.1782,9,110,9,68909,536701,4296,103660,4.971479121123421,0.1618774410059326
1774,0.1783,4,54,4,68963,536647,4300,103656,4.9709789173366925,0.1618858571644987
1775,0.1784,2,33,2,68996,536614,4302,103654,4.970673237244803,0.16189158289966077
1776,0.1785,8,108,8,69104,536506,4310,103646,4.969672829671348,0.1619084217498344
1777,0.1786,2,39,2,69143,536467,4312,103644,4.969311571380933,0.16191566775137436
1778,0.1787,7,152,7,69295,536315,4319,103637,4.967903590351625,0.1619449583718779
1779,0.1788,6,90,6,69385,536225,4325,103631,4.9670699173737445,0.16195987847265636
1780,0.1789,8,104,8,69489,536121,4333,103623,4.966106561932639,0.16197572779111644
1781,0.179,1,32,1,69521,536089,4334,103622,4.965810144873838,0.16198252023179216
1782,0.1791,1,15,1,69536,536074,4335,103621,4.965671199377524,0.16198500848060404
1783,0.1792,8,94,8,69630,535980,4343,103613,4.964800474267294,0.16199833331509256
1784,0.1793,3,27,3,69657,535953,4346,103610,4.96455037237393,0.16200124147269307
1785,0.1794,1,52,1,69709,535901,4347,103609,4.964068694653378,0.16201310378258355
1786,0.1795,1,24,1,69733,535877,4348,103608,4.963846381859276,0.16201787375778948
1787,0.1796,3,38,3,69771,535839,4351,103605,4.9634943866019485,0.16202357047685176
1788,0.1797,11,141,11,69912,535698,4362,103594,4.962188298936604,0.1620448871564168
1789,0.1798,4,33,4,69945,535665,4366,103590,4.961882618844714,0.16204800901048877
1790,0.1799,1,35,1,69980,535630,4367,103589,4.96155841268665,0.1620555709389114
1791,0.18,1,21,1,70001,535609,4368,103588,4.961363888991811,0.16205958413446872
1792,0.1801,9,73,9,70074,535536,4377,103579,4.96068768757642,0.16206629479827575
1793,0.1802,3,17,3,70091,535519,4380,103576,4.9605302160139315,0.1620666724039462
1794,0.1803,2,13,2,70104,535506,4382,103574,4.960409796583793,0.16206734681104087
1795,0.1804,3,66,3,70170,535440,4385,103571,4.959798436400015,0.1620801519848641
1796,0.1805,5,34,5,70204,535406,4390,103566,4.959483493275038,0.16208221956517657
1797,0.1806,1,30,1,70234,535376,4391,103565,4.959205602282411,0.16208851834519933
1798,0.1807,8,119,8,70353,535257,4399,103557,4.958103301344992,0.16210821929387897
1799,0.1808,1,10,1,70363,535247,4400,103556,4.958010671014117,0.1621094453219537
1800,0.1809,8,110,8,70473,535137,4408,103548,4.956991737374486,0.16212687005331267
1801,0.181,4,74,4,70547,535063,4412,103544,4.956306272926007,0.16214040873338376
1802,0.1811,0,27,0,70574,535036,4412,103544,4.9560561710326425,0.16214726424253814
1803,0.1812,8,92,8,70666,534944,4420,103536,4.955203971988588,0.16216013030948503
1804,0.1813,4,40,4,70706,534904,4424,103532,4.9548334506650855,0.16216504081850022
1805,0.1814,0,19,0,70725,534885,4424,103532,4.954657453036423,0.16216986703048322
1806,0.1815,3,29,3,70754,534856,4427,103529,4.954388825076883,0.16217329667833674
1807,0.1816,0,36,0,70790,534820,4427,103529,4.954055355885731,0.1621824425196875
1808,0.1817,11,251,11,71041,534569,4438,103518,4.9517303345807555,0.1622317959776645
1809,0.1818,0,17,0,71058,534552,4438,103518,4.951572863018266,0.16223611829423104
1810,0.1819,3,66,3,71124,534486,4441,103515,4.950961502834488,0.16224896199222258
1811,0.182,13,149,13,71273,534337,4454,103502,4.949581310904443,0.16226978908470632
1812,0.1821,1,40,1,71313,534297,4455,103501,4.94921078958094,0.162278652488719
1813,0.1822,1,50,1,71363,534247,4456,103500,4.948747637926562,0.16229006173294425
1814,0.1823,1,28,1,71391,534219,4457,103499,4.948488273000111,0.16229587372474982
1815,0.1824,2,27,2,71418,534192,4459,103497,4.948238171106747,0.16230011808263903
1816,0.1825,3,37,3,71455,534155,4462,103494,4.947895438882508,0.16230559445713866
1817,0.1826,5,42,5,71497,534113,4467,103489,4.947506391492831,0.16230971671983463
1818,0.1827,2,43,2,71540,534070,4469,103487,4.947108081070065,0.16231803587757643
1819,0.1828,0,25,0,71565,534045,4469,103487,4.9468765052428765,0.16232440097124537
1820,0.1829,8,41,8,71606,534004,4477,103479,4.946496720886287,0.16232432864876398
1821,0.183,1,21,1,71627,533983,4478,103478,4.946302197191448,0.16232836204881554
1822,0.1831,11,105,11,71732,533878,4489,103467,4.9453295787172555,0.16234064752998767
1823,0.1832,3,27,3,71759,533851,4492,103464,4.945079476823891,0.16234358205910734
1824,0.1833,2,59,2,71818,533792,4494,103462,4.944532957871726,0.16235598364231532
1825,0.1834,6,25,6,71843,533767,4500,103456,4.944301382044537,0.16235446617589133
1826,0.1835,4,49,4,71892,533718,4504,103452,4.943847493423246,0.16236169311172843
1827,0.1836,1,29,1,71921,533689,4505,103451,4.943578865463707,0.16236776846532944
1828,0.1837,7,53,7,71974,533636,4512,103444,4.943087924710067,0.1623720725811515
1829,0.1838,0,19,0,71993,533617,4512,103444,4.942911927081403,0.16237691524045578
1830,0.1839,2,56,2,72049,533561,4514,103442,4.9423931972285,0.1623885601794654
1831,0.184,3,15,3,72064,533546,4517,103439,4.942254251732187,0.16238843928820929
1832,0.1841,3,65,3,72129,533481,4520,103436,4.941652154581496,0.16240106638698606
1833,0.1842,5,28,5,72157,533453,4525,103431,4.941392789655045,0.16240163043819597
1834,0.1843,6,51,6,72208,533402,4531,103425,4.940920374967579,0.16240674468890295
1835,0.1844,4,49,4,72257,533353,4535,103421,4.940466486346289,0.16241398047030814
1836,0.1845,3,52,3,72309,533301,4538,103418,4.939984808625736,0.16242329818962525
1837,0.1846,8,106,8,72415,533195,4546,103410,4.939002927118455,0.1624398174692313
1838,0.1847,7,138,7,72553,533057,4553,103403,4.937724628552373,0.16246582660340006
1839,0.1848,0,52,0,72605,533005,4553,103403,4.937242950831821,0.162479101456927
1840,0.1849,5,127,5,72732,532878,4558,103398,4.936066545629701,0.16250495068177961
1841,0.185,7,36,7,72768,532842,4565,103391,4.935733076438549,0.16250493136948257
1842,0.1851,1,16,1,72784,532826,4566,103390,4.9355848679091485,0.16250770178681453
1843,0.1852,0,25,0,72809,532801,4566,103390,4.93535329208196,0.16251408775037685
1844,0.1853,4,98,4,72907,532703,4570,103386,4.934445514839379,0.16253385925554442
1845,0.1854,4,21,4,72928,532682,4574,103382,4.93425099114454,0.1625339588469085
1846,0.1855,4,66,4,72994,532616,4578,103378,4.933639630960762,0.1625455586058988
1847,0.1856,4,75,4,73069,532541,4582,103374,4.9329449034791955,0.16255946156325923
1848,0.1857,4,35,4,73104,532506,4586,103370,4.932620697321131,0.1625631412413741
1849,0.1858,2,40,2,73144,532466,4588,103368,4.932250175997629,0.16257073387079019
1850,0.1859,6,78,6,73222,532388,4594,103362,4.931527659416799,0.16258277624852535
1851,0.186,3,34,3,73256,532354,4597,103359,4.931212716291823,0.16258751983992778
1852,0.1861,1,51,1,73307,532303,4598,103358,4.930740301604358,0.16259924708295773
1853,0.1862,8,151,8,73458,532152,4606,103350,4.929341583608137,0.1626273402758764
1854,0.1863,2,36,2,73494,532116,4608,103348,4.929008114416985,0.1626339178930671
1855,0.1864,4,16,4,73510,532100,4612,103344,4.928859905887584,0.16263274183090878
1856,0.1865,4,77,4,73587,532023,4616,103340,4.9281466523398425,0.1626471796437627
1857,0.1866,4,64,4,73651,531959,4620,103336,4.927553818222239,0.16265829260422324
1858,0.1867,5,29,5,73680,531930,4625,103331,4.927285190262699,0.16265912750822104
1859,0.1868,3,43,3,73723,531887,4628,103328,4.926886879839935,0.16266618389049378
1860,0.1869,1,37,1,73760,531850,4629,103327,4.9265441476156955,0.16267434116789492
1861,0.187,6,60,6,73820,531790,4635,103321,4.925988365630442,0.1626817989296359
1862,0.1871,5,46,5,73866,531744,4640,103316,4.925562266108415,0.16268699020564986
1863,0.1872,6,87,6,73953,531657,4646,103310,4.9247563822297975,0.1627013687325483
1864,0.1873,3,51,3,74004,531606,4649,103307,4.924283967542332,0.16271048159354115
1865,0.1874,0,5,0,74009,531601,4649,103307,4.9242376523768945,0.162711762964083
1866,0.1875,9,77,9,74086,531524,4658,103298,4.923524398829152,0.1627196284942866
1867,0.1876,2,26,2,74112,531498,4660,103296,4.923283559968876,0.16272365523303622
1868,0.1877,6,59,6,74171,531439,4666,103290,4.922737041016711,0.162730866243704
1869,0.1878,4,28,4,74199,531411,4670,103286,4.922477676090259,0.1627327685494023
1870,0.1879,4,55,4,74254,531356,4674,103282,4.921968209270443,0.1627415944207564
1871,0.188,2,31,2,74285,531325,4676,103280,4.921681055244729,0.16274690555542423
1872,0.1881,2,65,2,74350,531260,4678,103278,4.921078958094038,0.16276093787921292
1873,0.1882,8,30,8,74380,531230,4686,103270,4.9208010671014115,0.16275807722616234
1874,0.1883,6,108,6,74488,531122,4692,103264,4.919800659527956,0.16277786710299408
1875,0.1884,2,18,2,74506,531104,4694,103262,4.91963392493238,0.16277984633476572
1876,0.1885,2,65,2,74571,531039,4696,103260,4.919031827781689,0.16279388742533096
1877,0.1886,4,30,4,74601,531009,4700,103256,4.918753936789062,0.16279630753707047
1878,0.1887,3,83,3,74684,530926,4703,103253,4.917985105042796,0.1628136535583802
1879,0.1888,2,50,2,74734,530876,4705,103251,4.917521953388418,0.16282385074283226
1880,0.1889,8,124,8,74858,530752,4713,103243,4.9163733372855605,0.16284513284805086
1881,0.189,3,45,3,74903,530707,4716,103240,4.915956500796621,0.1628527305910431
1882,0.1891,4,38,4,74941,530669,4720,103236,4.915604505539294,0.16285721046529053
1883,0.1892,4,38,4,74979,530631,4724,103232,4.915252510281967,0.1628616909332143
1884,0.1893,8,94,8,75073,530537,4732,103224,4.914381785171737,0.16287527948232852
1885,0.1894,3,19,3,75092,530518,4735,103221,4.914205787543073,0.16287619982358667
1886,0.1895,1,18,1,75110,530500,4736,103220,4.914039052947497,0.16287950514422772
1887,0.1896,3,146,3,75256,530354,4739,103217,4.912686650116714,0.16291307525123466
1888,0.1897,1,108,1,75364,530246,4740,103216,4.911686242543259,0.16293952912724047
1889,0.1898,4,26,4,75390,530220,4744,103212,4.911445403682982,0.16294093130754367
1890,0.1899,5,110,5,75500,530110,4749,103207,4.910426470043351,0.1629626237729289
1891,0.19,5,119,5,75619,529991,4754,103202,4.909324169105932,0.16298664072407623
1892,0.1901,2,41,2,75660,529950,4756,103200,4.908944384749343,0.16299455105425253
1893,0.1902,2,29,2,75689,529921,4758,103198,4.908675756789803,0.16299937294568637
1894,0.1903,8,79,8,75768,529842,4766,103190,4.907943977175886,0.1630091369788573
1895,0.1904,5,73,5,75841,529769,4771,103185,4.907267775760495,0.16302132540437378
1896,0.1905,1,49,1,75890,529720,4772,103184,4.906813887139205,0.16303262422105091
1897,0.1906,1,27,1,75917,529693,4773,103183,4.906563785245841,0.163038257099337
1898,0.1907,3,36,3,75953,529657,4776,103180,4.906230316054689,0.1630435641405291
1899,0.1908,1,34,1,75987,529623,4777,103179,4.905915372929712,0.1630510017351399
1900,0.1909,10,101,10,76088,529522,4787,103169,4.904979806587869,0.16306380207715931
1901,0.191,7,73,7,76161,529449,4794,103162,4.904303605172478,0.16307335787711563
1902,0.1911,4,71,4,76232,529378,4798,103158,4.903645929823261,0.16308636978764846
1903,0.1912,4,111,4,76343,529267,4802,103154,4.902617733150543,0.16310970065826402
1904,0.1913,5,84,5,76427,529183,4807,103149,4.901839638371189,0.16312475092198403
1905,0.1914,3,45,3,76472,529138,4810,103146,4.901422801882248,0.1631323898754357
1906,0.1915,5,67,5,76539,529071,4815,103141,4.900802178665383,0.16314305960658768
1907,0.1916,2,9,2,76548,529062,4817,103139,4.900718811367594,0.16314273466824633
1908,0.1917,7,115,7,76663,528947,4824,103132,4.899653562562525,0.1631631489101837
1909,0.1918,4,35,4,76698,528912,4828,103128,4.899329356404461,0.16316688817163472
1910,0.1919,1,24,1,76722,528888,4829,103127,4.89910704361036,0.16317176016392015
1911,0.192,12,196,12,76918,528692,4841,103115,4.897291489125199,0.16320648552485173
1912,0.1921,1,51,1,76969,528641,4842,103114,4.896819074437734,0.16321833622211143
1913,0.1922,3,17,3,76986,528624,4845,103111,4.896661602875246,0.1632187546993597
1914,0.1923,3,31,3,77017,528593,4848,103108,4.8963744488495315,0.1632227905290636
1915,0.1924,1,63,1,77080,528530,4849,103107,4.895790877765015,0.16323774573053826
1916,0.1925,7,51,7,77131,528479,4856,103100,4.89531846307755,0.16324165306319557
1917,0.1926,2,84,2,77215,528395,4858,103098,4.894540368298196,0.16326071706258027
1918,0.1927,2,53,2,77268,528342,4860,103096,4.894049427544555,0.1632717701500385
1919,0.1928,3,59,3,77327,528283,4863,103093,4.89350290859239,0.16328305162058743
1920,0.1929,5,85,5,77412,528198,4868,103088,4.892715550779948,0.1632984099124644
1921,0.193,4,48,4,77460,528150,4872,103084,4.8922709251917444,0.1633055253677717
1922,0.1931,6,71,6,77531,528079,4878,103078,4.891613249842528,0.163315941992246
1923,0.1932,5,43,5,77574,528036,4883,103073,4.891214939419764,0.16332044068457272
1924,0.1933,3,38,3,77612,527998,4886,103070,4.8908629441624365,0.16332629764145862
1925,0.1934,3,72,3,77684,527926,4889,103067,4.890196005780132,0.16334095623881723
1926,0.1935,6,46,6,77730,527880,4895,103061,4.889769906258105,0.16334490863646522
1927,0.1936,12,173,12,77903,527707,4907,103049,4.888167401533958,0.16337379271857896
1928,0.1937,3,22,3,77925,527685,4910,103046,4.887963614806032,0.1633755119060265
1929,0.1938,1,28,1,77953,527657,4911,103045,4.88770424987958,0.16338143846063594
1930,0.1939,1,20,1,77973,527637,4912,103044,4.8875189892178295,0.16338529304038016
1931,0.194,1,22,1,77995,527615,4913,103043,4.887315202489903,0.16338966603135138
1932,0.1941,7,69,7,78064,527546,4920,103036,4.8866760532068625,0.1633982574827699
1933,0.1942,5,30,5,78094,527516,4925,103031,4.886398162214236,0.16339939766583617
1934,0.1943,1,27,1,78121,527489,4926,103030,4.886148060320871,0.16340506788851725
1935,0.1944,4,41,4,78162,527448,4930,103026,4.885768275964281,0.16341038647113124
1936,0.1945,4,76,4,78238,527372,4934,103022,4.885064285449627,0.16342477878913822
1937,0.1946,4,62,4,78300,527310,4938,103018,4.884489977398199,0.16343554466880736
1938,0.1947,7,104,7,78404,527206,4945,103011,4.883526621957094,0.16345322325484715
1939,0.1948,6,49,6,78453,527157,4951,103005,4.883072733335803,0.1634579679510983
1940,0.1949,0,22,0,78475,527135,4951,103005,4.882868946607878,0.1634636747389469
1941,0.195,8,112,8,78587,527023,4959,102997,4.881831486902072,0.16348211167899432
1942,0.1951,2,14,2,78601,527009,4961,102995,4.881701804438846,0.16348308899626035
1943,0.1952,4,58,4,78659,526951,4965,102991,4.881164548519767,0.16349282949858876
1944,0.1953,7,144,7,78803,526807,4972,102984,4.879830671755159,0.16352091408102054
1945,0.1954,7,92,7,78895,526715,4979,102977,4.878978472711105,0.16353550624749877
1946,0.1955,1,43,1,78938,526672,4980,102976,4.87858016228834,0.16354534597108225
1947,0.1956,2,29,2,78967,526643,4982,102974,4.878311534328801,0.1635502218015079
1948,0.1957,9,122,9,79089,526521,4991,102965,4.877181444292119,0.16356996025328602
1949,0.1958,2,18,2,79107,526503,4993,102963,4.877014709696543,0.16357198005928836
1950,0.1959,8,118,8,79225,526385,5001,102955,4.875921671792212,0.16359201703371787
1951,0.196,12,175,12,79400,526210,5013,102943,4.87430064100189,0.16362156740888145
1952,0.1961,1,30,1,79430,526180,5014,102942,4.874022750009263,0.16362804034829492
1953,0.1962,4,104,4,79534,526076,5018,102938,4.873059394568157,0.16364977568066846
1954,0.1963,5,99,5,79633,525977,5023,102933,4.87214235429249,0.16366888744017427
1955,0.1964,2,54,2,79687,525923,5025,102931,4.871642150505761,0.16368028190963244
1956,0.1965,1,48,1,79735,525875,5026,102930,4.871197524917559,0.1636914464738671
1957,0.1966,2,39,2,79774,525836,5028,102928,4.870836266627144,0.16369893950671477
1958,0.1967,13,91,13,79865,525745,5041,102915,4.869993330616177,0.16370534152005853
1959,0.1968,2,56,2,79921,525689,5043,102913,4.869474600763274,0.1637172646603097
1960,0.1969,6,45,6,79966,525644,5049,102907,4.869057764274334,0.16372100275077123
1961,0.197,4,65,4,80031,525579,5053,102903,4.8684556671236425,0.1637326128671943
1962,0.1971,6,41,6,80072,525538,5059,102897,4.868075882767053,0.16373531073221576
1963,0.1972,8,46,8,80118,525492,5067,102889,4.867649783245025,0.1637366502169862
1964,0.1973,8,50,8,80168,525442,5075,102881,4.8671866315906485,0.16373903231299825
1965,0.1974,10,128,10,80296,525314,5085,102871,4.866000963355441,0.1637590837094168
1966,0.1975,3,37,3,80333,525277,5088,102868,4.865658231131202,0.16376473584920678
1967,0.1976,1,78,1,80411,525199,5089,102867,4.864935714550373,0.16378374247292482
1968,0.1977,5,108,5,80519,525091,5094,102862,4.8639353069769165,0.1638052529409048
1969,0.1978,2,63,2,80582,525028,5096,102860,4.863351735892401,0.16381902504905332
1970,0.1979,3,47,3,80629,524981,5099,102857,4.862916373337286,0.1638272930278193
1971,0.198,2,88,2,80717,524893,5101,102855,4.8621012264255805,0.1638475948947667
1972,0.1981,4,24,4,80741,524869,5105,102851,4.86187891363148,0.16384853119225132
1973,0.1982,2,36,2,80777,524833,5107,102849,4.861545444440328,0.16385526428987926
1974,0.1983,1,22,1,80799,524811,5108,102848,4.861341657712401,0.16385967539699103
1975,0.1984,2,44,2,80843,524767,5110,102846,4.860934084256549,0.163868498581132
1976,0.1985,0,23,0,80866,524744,5110,102846,4.860721034495535,0.16387450405519527
1977,0.1986,6,52,6,80918,524692,5116,102840,4.860239356774982,0.16388008898351
1978,0.1987,6,102,6,81020,524590,5122,102834,4.859294527400052,0.16389873514561126
1979,0.1988,3,61,3,81081,524529,5125,102831,4.858729482381711,0.16391067329762815
1980,0.1989,3,101,3,81182,524428,5128,102828,4.857793916039868,0.1639330672006326
1981,0.199,7,154,7,81336,524274,5135,102821,4.856367408944385,0.1639639926964814
1982,0.1991,3,26,3,81362,524248,5138,102818,4.8561265700841085,0.16396679137443268
1983,0.1992,7,66,7,81428,524182,5145,102811,4.85551520990033,0.16397471742108763
1984,0.1993,2,26,2,81454,524156,5147,102809,4.855274371040053,0.16397885049404673
1985,0.1994,7,91,7,81545,524065,5154,102802,4.854431435029086,0.16399331915701418
1986,0.1995,1,30,1,81575,524035,5155,102801,4.85415354403646,0.1639998340873849
1987,0.1996,3,84,3,81659,523951,5158,102798,4.853375449257105,0.1640178125533507
1988,0.1997,1,19,1,81678,523932,5159,102797,4.853199451628441,0.16402145105779373
1989,0.1998,4,25,4,81703,523907,5163,102793,4.852967875801252,0.16402265836923569
1990,0.1999,3,76,3,81779,523831,5166,102790,4.8522638852865985,0.1640385496177115
1991,0.2,2,73,2,81852,523758,5168,102788,4.851587683871207,0.16405499356791042
1992,0.2001,9,106,9,81958,523652,5177,102779,4.850605802363926,0.16407074362539528
1993,0.2002,8,81,8,82039,523571,5185,102771,4.849855496683834,0.1640812846655661
1994,0.2003,4,85,4,82124,523486,5189,102767,4.849068138871392,0.16409821589677015
1995,0.2004,3,30,3,82154,523456,5192,102764,4.848790247878766,0.16410207275398422
1996,0.2005,4,18,4,82172,523438,5196,102760,4.848623513283189,0.1641014503399883
1997,0.2006,8,76,8,82248,523362,5204,102752,4.847919522768535,0.16411068910773438
1998,0.2007,2,41,2,82289,523321,5206,102750,4.847539738411945,0.16411876608244114
1999,0.2008,5,97,5,82386,523224,5211,102745,4.846641224202453,0.16413752118715144
2000,0.2009,1,58,1,82444,523166,5212,102744,4.846103968283375,0.16415139556805292
2001,0.201,7,55,7,82499,523111,5219,102737,4.845594501463559,0.16415647249811455
2002,0.2011,3,44,3,82543,523067,5222,102734,4.845186928007707,0.16416400740810577
2003,0.2012,3,86,3,82629,522981,5225,102731,4.844390307162177,0.16418256322397526
2004,0.2013,9,84,9,82713,522897,5234,102722,4.843612212382823,0.16419258366513806
2005,0.2014,10,105,10,82818,522792,5244,102712,4.842639593908629,0.1642067836496649
2006,0.2015,0,28,0,82846,522764,5244,102712,4.842380228982178,0.16421413451515326
2007,0.2016,13,205,13,83051,522559,5257,102699,4.840481307199229,0.16425059735341252
2008,0.2017,14,153,14,83204,522406,5271,102685,4.839064063136833,0.164272081984863
2009,0.2018,5,119,5,83323,522287,5276,102680,4.837961762199415,0.16429667486443283
2010,0.2019,5,57,5,83380,522230,5281,102675,4.837433769313424,0.16430497435610214
2011,0.202,3,34,3,83414,522196,5284,102672,4.837118826188447,0.1643099022513555
2012,0.2021,6,129,6,83543,522067,5290,102666,4.835923894920152,0.16433580425557798
2013,0.2022,9,92,9,83635,521975,5299,102657,4.835071695876097,0.16434796808360763
2014,0.2023,9,126,9,83761,521849,5308,102648,4.8339045537070655,0.16436908423899554
2015,0.2024,8,113,8,83874,521736,5316,102640,4.832857830968172,0.16438812510410394
2016,0.2025,5,50,5,83924,521686,5321,102635,4.832394679313794,0.16439459829158398
2017,0.2026,0,43,0,83967,521643,5321,102635,4.83199636889103,0.16440592172077184
2018,0.2027,8,150,8,84117,521493,5329,102627,4.830606913927896,0.16443472409152085
2019,0.2028,0,11,0,84128,521482,5329,102627,4.830505020563933,0.16443762227431427
2020,0.2029,8,88,8,84216,521394,5337,102619,4.829689873652229,0.16445009959728404
2021,0.203,6,81,6,84297,521313,5343,102613,4.828939567972137,0.16446341393049818
2022,0.2031,2,16,2,84313,521297,5345,102611,4.828791359442736,0.16446495316617193
2023,0.2032,4,76,4,84389,521221,5349,102607,4.828087368928082,0.1644796322063133
2024,0.2033,3,41,3,84430,521180,5352,102604,4.827707584571492,0.16448642478806766
2025,0.2034,0,13,0,84443,521167,5352,102604,4.827587165141354,0.16448985284663764
2026,0.2035,0,45,0,84488,521122,5352,102604,4.827170328652414,0.16450172030667312
2027,0.2036,5,52,5,84540,521070,5357,102599,4.826688650931861,0.164508737808036
2028,0.2037,3,29,3,84569,521041,5360,102596,4.826420022972322,0.16451236857338483
2029,0.2038,3,33,3,84602,521008,5363,102593,4.826114342880433,0.16451705497585797
2030,0.2039,6,100,6,84702,520908,5369,102587,4.825188039571677,0.16453540124620086
2031,0.204,2,46,2,84748,520862,5371,102585,4.82476194004965,0.1645448610707887
2032,0.2041,1,44,1,84792,520818,5372,102584,4.824354366593798,0.16455513456806362
2033,0.2042,2,26,2,84818,520792,5374,102582,4.824113527733521,0.16455931752046124
2034,0.2043,9,98,9,84916,520694,5383,102573,4.823205750490941,0.1645731283703453
2035,0.2044,7,38,7,84954,520656,5390,102566,4.822853755233614,0.16457377948788715
2036,0.2045,4,34,4,84988,520622,5394,102562,4.822538812108637,0.16457739608205602
2037,0.2046,7,41,7,85029,520581,5401,102555,4.822159027752047,0.16457883993221384
2038,0.2047,4,36,4,85065,520545,5405,102551,4.821825558560895,0.16458298560735424
2039,0.2048,11,119,11,85184,520426,5416,102540,4.820723257623476,0.16459967317638524
2040,0.2049,9,113,9,85297,520313,5425,102531,4.819676534884582,0.16461746440521222
2041,0.205,6,59,6,85356,520254,5431,102525,4.819130015932417,0.1646250114406555
2042,0.2051,7,57,7,85413,520197,5438,102518,4.818602023046426,0.1646306898019158
2043,0.2052,2,44,2,85457,520153,5440,102516,4.818194449590574,0.16463964000134904
2044,0.2053,7,136,7,85593,520017,5447,102509,4.816934677090667,0.1646662147444444
2045,0.2054,3,37,3,85630,519980,5450,102506,4.816591944866427,0.16467197655850896
2046,0.2055,23,167,23,85797,519813,5473,102483,4.815045018340806,0.16468529445794283
2047,0.2056,14,271,14,86068,519542,5487,102469,4.8125347363740785,0.16473824417896146
2048,0.2057,4,21,4,86089,519521,5491,102465,4.812340212679239,0.16473843462714594
2049,0.2058,4,49,4,86138,519472,5495,102461,4.81188632405795,0.1647460417762042
2050,0.2059,3,20,3,86158,519452,5498,102458,4.811701063396199,0.16474731070412119
2051,0.206,3,38,3,86196,519414,5501,102455,4.811349068138871,0.16475334837401445
2052,0.2061,5,33,5,86229,519381,5506,102450,4.811043388046982,0.16475537565672987
2053,0.2062,5,118,5,86347,519263,5511,102445,4.809950350142651,0.16477992884119233
2054,0.2063,4,54,4,86401,519209,5515,102441,4.809450146355923,0.1647888683342717
2055,0.2064,6,64,6,86465,519145,5521,102435,4.808857312238319,0.16479777341613308
2056,0.2065,13,60,13,86525,519085,5534,102422,4.8083015302530665,0.16479621307563713
2057,0.2066,0,36,0,86561,519049,5534,102422,4.807968061061914,0.1648057592389669
2058,0.2067,5,51,5,86612,518998,5539,102417,4.8074956463744485,0.1648125648721064
2059,0.2068,6,50,6,86662,518948,5545,102411,4.8070324947200715,0.16481776235638335
2060,0.2069,7,109,7,86771,518839,5552,102404,4.806022824113528,0.16483726979619892
2061,0.207,6,115,6,86886,518724,5558,102398,4.804957575308459,0.16485972160058732
2062,0.2071,2,108,2,86994,518616,5560,102396,4.803957167735003,0.16488570269173541
2063,0.2072,7,139,7,87133,518477,5567,102389,4.802669606135833,0.1649132018825318
2064,0.2073,0,24,0,87157,518453,5567,102389,4.802447293341732,0.1649195769616102
2065,0.2074,6,45,6,87202,518408,5573,102383,4.802030456852792,0.16492346055274643
2066,0.2075,7,75,7,87277,518333,5580,102376,4.8013357293712255,0.16493397066902526
2067,0.2076,1,35,1,87312,518298,5581,102375,4.801011523213161,0.16494192594167945
2068,0.2077,3,46,3,87358,518252,5584,102372,4.800585423691134,0.16495011472324628
2069,0.2078,1,98,1,87456,518154,5585,102371,4.799677646448553,0.1649748197091173
2070,0.2079,6,83,6,87539,518071,5591,102365,4.798908814702286,0.16498881431767337
2071,0.208,7,94,7,87633,517977,5598,102358,4.7980380895920565,0.1650043927877679
2072,0.2081,0,18,0,87651,517959,5598,102358,4.79787135499648,0.165009180789822
2073,0.2082,19,279,19,87930,517680,5617,102339,4.795286968765052,0.16505784500152415
2074,0.2083,8,116,8,88046,517564,5625,102331,4.794212456926896,0.16507795675074005
2075,0.2084,7,74,7,88120,517490,5632,102324,4.793526992478417,0.16508823614826384
2076,0.2085,4,68,4,88188,517422,5636,102320,4.792897106228463,0.16510096136779498
2077,0.2086,4,138,4,88326,517284,5640,102316,4.791618807662381,0.16513234344738542
2078,0.2087,6,40,6,88366,517244,5646,102310,4.791248286338879,0.16513491963573795
2079,0.2088,4,31,4,88397,517213,5650,102306,4.790961132313164,0.16513779238409154
2080,0.2089,6,242,6,88639,516971,5656,102300,4.7887194783059766,0.16519423644898598
2081,0.209,1,43,1,88682,516928,5657,102299,4.788321167883212,0.16520435962902136
2082,0.2091,5,52,5,88734,516876,5662,102294,4.787839490162659,0.16521149280488395
2083,0.2092,6,71,6,88805,516805,5668,102288,4.787181814813443,0.16522234946930428
2084,0.2093,5,62,5,88867,516743,5673,102283,4.786607506762014,0.16523215503064492
2085,0.2094,2,37,2,88904,516706,5675,102281,4.786264774537774,0.16523933459022563
2086,0.2095,3,17,3,88921,516689,5678,102278,4.786107302975286,0.16523982700208573
2087,0.2096,8,77,8,88998,516612,5686,102270,4.785394049427545,0.1652495952378644
2088,0.2097,8,115,8,89113,516497,5694,102262,4.784328800622476,0.16526951527169706
2089,0.2098,11,168,11,89281,516329,5705,102251,4.782772611063766,0.16529955705001778
2090,0.2099,4,20,4,89301,516309,5709,102247,4.782587350402015,0.16529950400610455
2091,0.21,0,47,0,89348,516262,5709,102247,4.782151987846901,0.16531206498207787
2092,0.2101,2,19,2,89367,516243,5711,102245,4.781975990218237,0.16531444425760888
2093,0.2102,20,150,20,89517,516093,5731,102225,4.780586535255104,0.165327549901507
2094,0.2103,8,82,8,89599,516011,5739,102217,4.779826966541925,0.16533867763996454
2095,0.2104,5,153,5,89752,515858,5744,102212,4.7784097224795286,0.16537285420745224
2096,0.2105,3,44,3,89796,515814,5747,102209,4.778002149023676,0.16538057645103824
2097,0.2106,2,62,2,89858,515752,5749,102207,4.777427840972248,0.16539446791777448
2098,0.2107,2,21,2,89879,515731,5751,102205,4.7772333172774095,0.16539738743170815
2099,0.2108,0,35,0,89914,515696,5751,102205,4.776909111119345,0.16540675609846886
2100,0.2109,10,70,10,89984,515626,5761,102195,4.776260698803216,0.16541198826197231
2101,0.211,3,59,3,90043,515567,5764,102192,4.77571417985105,0.1654237332034013
2102,0.2111,5,88,5,90131,515479,5769,102187,4.774899032939346,0.16544054553755588
2103,0.2112,13,165,13,90296,515314,5782,102174,4.7733706324798995,0.16546718316793202
2104,0.2113,2,43,2,90339,515271,5784,102172,4.772972322057134,0.16547600345295033
2105,0.2114,0,29,0,90368,515242,5784,102172,4.772703694097595,0.165483775878098
2106,0.2115,8,126,8,90494,515116,5792,102164,4.7715365519285635,0.16550673924313117
2107,0.2116,2,42,2,90536,515074,5794,102162,4.771147504538886,0.1655152972282887
2108,0.2117,4,45,4,90581,515029,5798,102158,4.770730668049946,0.16552195687854734
2109,0.2118,12,147,12,90728,514882,5810,102146,4.7693690021860755,0.16554516164582483
2110,0.2119,5,74,5,90802,514808,5815,102141,4.768683537737597,0.16555825522044773
2111,0.212,4,65,4,90867,514743,5819,102137,4.768081440586906,0.16557028919725067
2112,0.2121,7,72,7,90939,514671,5826,102130,4.767414502204602,0.16558014659509307
2113,0.2122,6,26,6,90965,514645,5832,102124,4.767173663344326,0.1655790093211559
2114,0.2123,0,12,0,90977,514633,5832,102124,4.7670625069472745,0.16558223092725335
2115,0.2124,2,28,2,91005,514605,5834,102122,4.766803142020823,0.1655870425650247
2116,0.2125,2,48,2,91053,514557,5836,102120,4.7663585164326205,0.16559722512757893
2117,0.2126,9,69,9,91122,514488,5845,102111,4.76571936714958,0.1656035770411564
2118,0.2127,3,83,3,91205,514405,5848,102108,4.764950535403313,0.1656218117055115
2119,0.2128,6,181,6,91386,514224,5854,102102,4.763273926414465,0.1656623280536599
2120,0.2129,4,44,4,91430,514180,5858,102098,4.762866352958612,0.16566874040611543
2121,0.213,3,44,3,91474,514136,5861,102095,4.762458779502761,0.1656765076732589
2122,0.2131,6,135,6,91609,514001,5867,102089,4.76120827003594,0.1657046860036683
2123,0.2132,6,59,6,91668,513942,5873,102083,4.7606617510837745,0.16571243050200885
2124,0.2133,6,127,6,91795,513815,5879,102077,4.7594853458816555,0.1657384736284933
2125,0.2134,6,116,6,91911,513699,5885,102071,4.7584108340435,0.16576156681877974
2126,0.2135,2,28,2,91939,513671,5887,102069,4.758151469117048,0.16576639490694123
2127,0.2136,7,114,7,92053,513557,5894,102062,4.757095483345067,0.1657876056456997
2128,0.2137,1,17,1,92070,513540,5895,102061,4.756938011782578,0.16579082879982326
2129,0.2138,5,40,5,92110,513500,5900,102056,4.756567490459076,0.16579482614091975
2130,0.2139,0,28,0,92138,513472,5900,102056,4.756308125532624,0.16580236804824475
2131,0.214,1,30,1,92168,513442,5901,102055,4.756030234539998,0.1658090941141874
2132,0.2141,7,46,7,92214,513396,5908,102048,4.75560413501797,0.16581199914208278
2133,0.2142,3,143,3,92357,513253,5911,102045,4.75427952128645,0.16584646789035556
2134,0.2143,1,22,1,92379,513231,5912,102044,4.754075734558524,0.1658510422168949
2135,0.2144,16,97,16,92476,513134,5928,102028,4.7531772203490315,0.16585549822648343
2136,0.2145,4,65,4,92541,513069,5932,102024,4.75257512319834,0.1658676005091913
2137,0.2146,4,67,4,92608,513002,5936,102020,4.751954499981474,0.16588024493432754
2138,0.2147,14,63,14,92671,512939,5950,102006,4.751370928896958,0.16587824927432535
2139,0.2148,9,62,9,92733,512877,5959,101997,4.75079662084553,0.16588276622527542
2140,0.2149,4,48,4,92781,512829,5963,101993,4.750351995257327,0.16589029019781334
2141,0.215,2,31,2,92812,512798,5965,101991,4.750064841231613,0.16589594153441262
2142,0.2151,7,119,7,92931,512679,5972,101984,4.748962540294194,0.16591856025171517
2143,0.2152,0,25,0,92956,512654,5972,101984,4.748730964467005,0.16592530888099988
2144,0.2153,0,9,0,92965,512645,5972,101984,4.748647597169217,0.16592773852193762
2145,0.2154,7,106,7,93071,512539,5979,101977,4.747665715661936,0.16594685899146647
2146,0.2155,12,187,12,93258,512352,5991,101965,4.745933528474564,0.1659810814286435
2147,0.2156,6,66,6,93324,512286,5997,101959,4.745322168290786,0.16599076915563007
2148,0.2157,4,53,4,93377,512233,6001,101955,4.744831227537145,0.1659996613414785
2149,0.2158,9,62,9,93439,512171,6010,101946,4.744256919485716,0.16600419789714338
2150,0.2159,1,42,1,93481,512129,6011,101945,4.743867872096039,0.16601419372909454
2151,0.216,11,44,11,93525,512085,6022,101934,4.743460298640187,0.1660111494921167
2152,0.2161,9,92,9,93617,511993,6031,101925,4.742608099596132,0.16602380122426774
2153,0.2162,4,62,4,93679,511931,6035,101921,4.742033791544704,0.16603513550497515
2154,0.2163,5,47,5,93726,511884,6040,101916,4.7415984289895885,0.16604105571847508
2155,0.2164,10,110,10,93836,511774,6050,101906,4.740579495349958,0.16605722852300872
2156,0.2165,5,67,5,93903,511707,6055,101901,4.739958872133092,0.166068564947002
2157,0.2166,1,39,1,93942,511668,6056,101900,4.739597613842677,0.1660777615521018
2158,0.2167,2,37,2,93979,511631,6058,101898,4.739254881618437,0.16608505873397997
2159,0.2168,5,41,5,94020,511590,6063,101893,4.738875097261848,0.1660893618894085
2160,0.2169,1,27,1,94047,511563,6064,101892,4.738624995368483,0.1660953126146172
2161,0.217,5,49,5,94096,511514,6069,101887,4.738171106747194,0.16610178333586023
2162,0.2171,9,162,9,94258,511352,6078,101878,4.73667049538701,0.16613342465306655
2163,0.2172,5,117,5,94375,511235,6083,101873,4.735586720515766,0.1661583277334499
2164,0.2173,2,41,2,94416,511194,6085,101871,4.735206936159176,0.16616671967899
2165,0.2174,2,18,2,94434,511176,6087,101869,4.7350402015636,0.1661688783042028
2166,0.2175,6,58,6,94492,511118,6093,101863,4.734502945644522,0.16617643940024243
2167,0.2176,3,20,3,94512,511098,6096,101860,4.734317684982771,0.1661777805330871
2168,0.2177,3,55,3,94567,511043,6099,101857,4.733808218162955,0.166188611519008
2169,0.2178,9,124,9,94691,510919,6108,101848,4.732659602060099,0.16620999498993907
2170,0.2179,14,139,14,94830,510780,6122,101834,4.731372040460928,0.16622865295275654
2171,0.218,2,48,2,94878,510732,6124,101832,4.730927414872726,0.16623895625599938
2172,0.2181,4,88,4,94966,510644,6128,101828,4.7301122679610215,0.16625739625648192
2173,0.2182,4,34,4,95000,510610,6132,101824,4.729797324836044,0.1662611807966246
2174,0.2183,4,47,4,95047,510563,6136,101820,4.7293619622809295,0.16626849536972776
2175,0.2184,5,56,5,95103,510507,6141,101815,4.7288432324280265,0.1662768935298748
2176,0.2185,6,34,6,95137,510473,6147,101809,4.72852828930305,0.16627795688914584
2177,0.2186,5,95,5,95232,510378,6152,101804,4.727648301159732,0.16629695090675647
2178,0.2187,1,26,1,95258,510352,6153,101803,4.727407462299455,0.16630265210608425
2179,0.2188,7,91,7,95349,510261,6160,101796,4.726564526288488,0.16631784294600013
2180,0.2189,1,27,1,95376,510234,6161,101795,4.726314424395124,0.16632381798901685
2181,0.219,9,142,9,95518,510092,6170,101786,4.724999073696691,0.1663501547694148
2182,0.2191,3,30,3,95548,510062,6173,101783,4.724721182704065,0.166354223700447
2183,0.2192,2,52,2,95600,510010,6175,101781,4.724239504983512,0.1663656379384463
2184,0.2193,2,71,2,95671,509939,6177,101779,4.723581829634296,0.16638222187347765
2185,0.2194,2,27,2,95698,509912,6179,101777,4.7233317277409315,0.16638684037149598
2186,0.2195,17,230,17,95928,509682,6196,101760,4.721201230130794,0.1664262513860677
2187,0.2196,14,124,14,96052,509558,6210,101746,4.720052614027938,0.1664409197387879
2188,0.2197,2,34,2,96086,509524,6212,101744,4.71973767090296,0.16644745021823487
2189,0.2198,10,113,10,96199,509411,6222,101734,4.718690948164067,0.16646458696381383
2190,0.2199,6,68,6,96267,509343,6228,101728,4.7180610619141135,0.16647492680883236
2191,0.22,8,46,8,96313,509297,6236,101720,4.7176349623920855,0.16647654647906687
2192,0.2201,3,27,3,96340,509270,6239,101717,4.717384860498722,0.16647981053606706
2193,0.2202,8,106,8,96446,509164,6247,101709,4.716402978991441,0.16649778268150664
2194,0.2203,5,84,5,96530,509080,6252,101704,4.715624884212087,0.1665138575994132
2195,0.2204,4,42,4,96572,509038,6256,101700,4.715235836822409,0.16651984975554165
2196,0.2205,6,78,6,96650,508960,6262,101694,4.71451332024158,0.16653293026820426
2197,0.2206,5,45,5,96695,508915,6267,101689,4.71409648375264,0.16653837839254246
2198,0.2207,12,150,12,96845,508765,6279,101677,4.712707028789507,0.16656291670625548
2199,0.2208,12,80,12,96925,508685,6291,101665,4.711965986142502,0.16656836241500778
2200,0.2209,6,87,6,97012,508598,6297,101659,4.711160102263885,0.16658391464579678
2201,0.221,4,31,4,97043,508567,6301,101655,4.710872948238171,0.16658691427054417
2202,0.2211,3,49,3,97092,508518,6304,101652,4.710419059616881,0.16659619450317126
2203,0.2212,4,81,4,97173,508437,6308,101648,4.709668753936789,0.16661284902923362
2204,0.2213,4,46,4,97219,508391,6312,101644,4.709242654414761,0.16661994803576843
2205,0.2214,6,12,6,97231,508379,6318,101638,4.709131498017711,0.16661502876149353
2206,0.2215,4,106,4,97337,508273,6322,101634,4.70814961651043,0.1666385202989964
2207,0.2216,5,90,5,97427,508183,6327,101629,4.70731594353255,0.1666562809521623
2208,0.2217,2,49,2,97476,508134,6329,101627,4.7068620549112605,0.1666669399978024
2209,0.2218,3,57,3,97533,508077,6332,101624,4.706334062025269,0.16667842106212719
2210,0.2219,4,37,4,97570,508040,6336,101620,4.70599132980103,0.16668306925171408
2211,0.222,7,56,7,97626,507984,6343,101613,4.705472599948127,0.16668881244494313
2212,0.2221,5,56,5,97682,507928,6348,101608,4.704953870095224,0.1666972910541789
2213,0.2222,12,151,12,97833,507777,6360,101596,4.703555152099003,0.1667221882164126
2214,0.2223,8,81,8,97914,507696,6368,101588,4.702804846418911,0.16673341167665653
2215,0.2224,8,105,8,98019,507591,6376,101580,4.701832227944718,0.16675120778894595
2216,0.2225,9,89,9,98108,507502,6385,101571,4.701007817999926,0.16676326154664547
2217,0.2226,5,31,5,98139,507471,6390,101566,4.700720663974212,0.16676490919270914
2218,0.2227,4,153,4,98292,507318,6394,101562,4.699303419911816,0.16680134016554987
2219,0.2228,3,40,3,98332,507278,6397,101559,4.698932898588314,0.16680819332596408
2220,0.2229,12,195,12,98527,507083,6409,101547,4.697126607136241,0.16684520973333553
2221,0.223,9,99,9,98626,506984,6418,101538,4.696209566860573,0.16686003135465932
2222,0.2231,6,81,6,98707,506903,6424,101532,4.695459261180481,0.16687402927182032
2223,0.2232,4,63,4,98770,506840,6428,101528,4.694875690095965,0.16688583225942194
2224,0.2233,6,57,6,98827,506783,6434,101522,4.694347697209975,0.1668932525624481
2225,0.2234,7,45,7,98872,506738,6441,101515,4.693930860721035,0.1668960120213135
2226,0.2235,6,55,6,98927,506683,6447,101509,4.693421393901219,0.16690288593075872
2227,0.2236,7,46,7,98973,506637,6454,101502,4.692995294379192,0.1669059211792041
2228,0.2237,8,83,8,99056,506554,6462,101494,4.692226462632925,0.16691774333605242
2229,0.2238,7,73,7,99129,506481,6469,101487,4.691550261217533,0.16692819358913627
2230,0.2239,6,54,6,99183,506427,6475,101481,4.691050057430805,0.16693479934463767
2231,0.224,4,72,4,99255,506355,6479,101477,4.6903831190485015,0.1669490911962516
2232,0.2241,5,84,5,99339,506271,6484,101472,4.689605024269147,0.16696531264037595
2233,0.2242,10,126,10,99465,506145,6494,101462,4.688437882100115,0.1669862262942988
2234,0.2243,3,40,3,99505,506105,6497,101459,4.688067360776612,0.16699310689902627
2235,0.2244,0,35,0,99540,506070,6497,101459,4.687743154618548,0.1670027274418176
2236,0.2245,16,156,16,99696,505914,6513,101443,4.68629812145689,0.16702367800157075
2237,0.2246,9,135,9,99831,505779,6522,101434,4.68504761199007,0.16704846569490442
2238,0.2247,3,73,3,99904,505706,6525,101431,4.684371410574679,0.16706443520984554
2239,0.2248,2,41,2,99945,505665,6527,101429,4.683991626218089,0.16707297387225042
2240,0.2249,2,19,2,99964,505646,6529,101427,4.683815628589425,0.16707545879984778
2241,0.225,5,38,5,100002,505608,6534,101422,4.6834636333320985,0.16707905704825132
2242,0.2251,2,73,2,100075,505535,6536,101420,4.682787431916707,0.16709640747666632
2243,0.2252,5,47,5,100122,505488,6541,101415,4.682352069361592,0.16710248589972368
2244,0.2253,7,102,7,100224,505386,6548,101408,4.681407239986661,0.1671209669179326
2245,0.2254,5,28,5,100252,505358,6553,101403,4.681147875060209,0.16712181567371667
2246,0.2255,9,69,9,100321,505289,6562,101394,4.680508725777169,0.16712846742038265
2247,0.2256,7,112,7,100433,505177,6569,101387,4.679471266071363,0.16714971544635027
2248,0.2257,3,35,3,100468,505142,6572,101384,4.679147059913298,0.16715524149005978
2249,0.2258,3,39,3,100507,505103,6575,101381,4.678785801622883,0.16716187071711702
2250,0.2259,7,69,7,100576,505034,6582,101374,4.6781466523398425,0.16717127742378068
2251,0.226,10,101,10,100677,504933,6592,101364,4.677211085998,0.16718538933888838
2252,0.2261,13,178,13,100855,504755,6605,101351,4.675562266108415,0.16721662547475194
2253,0.2262,3,62,3,100917,504693,6608,101348,4.674987958056986,0.16722960987787955
2254,0.2263,0,42,0,100959,504651,6608,101348,4.674598910667309,0.1672412000679869
2255,0.2264,3,27,3,100986,504624,6611,101345,4.674348808773945,0.16724452901055994
2256,0.2265,2,46,2,101032,504578,6613,101343,4.673922709251918,0.1672544770687928
2257,0.2266,5,35,5,101067,504543,6618,101338,4.673598503093853,0.16725726669098387
2258,0.2267,4,125,4,101192,504418,6622,101334,4.672440623957908,0.16728628217488345
2259,0.2268,2,28,2,101220,504390,6624,101332,4.672181259031457,0.16729126563010754
2260,0.2269,1,32,1,101252,504358,6625,101331,4.6718848419726555,0.16729872921581868
2261,0.227,6,87,6,101339,504271,6631,101325,4.671078958094038,0.1673145133059003
2262,0.2271,9,98,9,101437,504173,6640,101316,4.670171180851458,0.1673292165505897
2263,0.2272,8,137,8,101574,504036,6648,101308,4.668902145318463,0.16735608183115716
2264,0.2273,6,56,6,101630,503980,6654,101302,4.66838341546556,0.16736331164647222
2265,0.2274,4,63,4,101693,503917,6658,101298,4.667799844381044,0.1673752302900622
2266,0.2275,2,25,2,101718,503892,6660,101296,4.667568268553855,0.16737939284982517
2267,0.2276,5,104,5,101822,503788,6665,101291,4.666604913112749,0.16740128148555808
2268,0.2277,8,116,8,101938,503672,6673,101283,4.6655304012745935,0.16742237025894488
2269,0.2278,5,74,5,102012,503598,6678,101278,4.664844936826114,0.1674359703476415
2270,0.2279,5,106,5,102118,503492,6683,101273,4.663863055318833,0.16745843426785612
2271,0.228,10,122,10,102240,503370,6693,101263,4.662732965282152,0.16747845387201823
2272,0.2281,9,59,9,102299,503311,6702,101254,4.6621864463299865,0.1674824047042088
2273,0.2282,3,20,3,102319,503291,6705,101251,4.6620011856682355,0.16748381419322397
2274,0.2283,4,39,4,102358,503252,6709,101247,4.661639927377821,0.16748911081738763
2275,0.2284,7,94,7,102452,503158,6716,101240,4.66076920226759,0.16750551788722
2276,0.2285,3,30,3,102482,503128,6719,101237,4.6604913112749635,0.16750970026391337
2277,0.2286,6,58,6,102540,503070,6725,101231,4.659954055355886,0.1675175119683734
2278,0.2287,8,63,8,102603,503007,6733,101223,4.65937048427137,0.16752395610942852
2279,0.2288,8,50,8,102653,502957,6741,101215,4.658907332616992,0.16752679700482645
2280,0.2289,7,70,7,102723,502887,6748,101208,4.658258920300863,0.16753656295781294
2281,0.229,12,96,12,102819,502791,6760,101196,4.657369669124458,0.1675466524941762
2282,0.2291,9,79,9,102898,502712,6769,101187,4.656637889510542,0.16755616419301902
2283,0.2292,10,178,10,103076,502534,6779,101177,4.654989069620957,0.16759177818525753
2284,0.2293,2,67,2,103143,502467,6781,101175,4.65436844640409,0.1676076217360621
2285,0.2294,2,55,2,103198,502412,6783,101173,4.653858979584275,0.16762013635196368
2286,0.2295,4,44,4,103242,502368,6787,101169,4.653451406128423,0.16762683977949985
2287,0.2296,5,45,5,103287,502323,6792,101164,4.653034569639483,0.16763244278667147
2288,0.2297,10,172,10,103459,502151,6802,101154,4.651441327948423,0.16766643737413084
2289,0.2298,8,104,8,103563,502047,6810,101146,4.650477972507318,0.1676843066812778
2290,0.2299,3,59,3,103622,501988,6813,101143,4.649931453555152,0.16769657006520972
2291,0.23,5,52,5,103674,501936,6818,101138,4.649449775834599,0.16770412917817715
2292,0.2301,1,21,1,103695,501915,6819,101137,4.649255252139761,0.16770858897740162
2293,0.2302,2,36,2,103731,501879,6821,101135,4.648921782948609,0.16771584075991602
2294,0.2303,3,37,3,103768,501842,6824,101132,4.648579050724369,0.16772199132964274
2295,0.2304,10,138,10,103906,501704,6834,101122,4.647300752158286,0.1677465802735781
2296,0.2305,3,108,3,104014,501596,6837,101119,4.646300344584831,0.1677724961217159
2297,0.2306,13,120,13,104134,501476,6850,101106,4.645188780614324,0.16778795251102754
2298,0.2307,1,40,1,104174,501436,6851,101105,4.6448182592908225,0.16779771003135055
2299,0.2308,6,117,6,104291,501319,6857,101099,4.6437344844195785,0.16782201063049246
2300,0.2309,8,32,8,104323,501287,6865,101091,4.643438067360776,0.1678198738997772
2301,0.231,6,59,6,104382,501228,6871,101085,4.642891548408611,0.16782802297144508
2302,0.2311,4,15,4,104397,501213,6875,101081,4.642752602912298,0.16782667600872664
2303,0.2312,2,44,2,104441,501169,6877,101079,4.642345029456445,0.1678361738021546
2304,0.2313,6,95,6,104536,501074,6883,101073,4.641465041313127,0.16785436114437172
2305,0.2314,1,45,1,104581,501029,6884,101072,4.6410482048241875,0.16786552422268025
2306,0.2315,8,50,8,104631,500979,6892,101064,4.64058505316981,0.1678684080705199
2307,0.2316,4,37,4,104668,500942,6896,101060,4.64024232094557,0.16787319643456333
2308,0.2317,15,166,15,104834,500776,6911,101045,4.638704657453037,0.16789876059492773
2309,0.2318,6,98,6,104932,500678,6917,101039,4.637796880210456,0.1679178085379007
2310,0.2319,2,53,2,104985,500625,6919,101037,4.637305939456816,0.16792983435882605
2311,0.232,3,58,3,105043,500567,6922,101034,4.6367686835377375,0.1679418750966172
2312,0.2321,7,72,7,105115,500495,6929,101027,4.636101745155433,0.16795229434667394
2313,0.2322,4,93,4,105208,500402,6933,101023,4.635240283078291,0.16797273142952154
2314,0.2323,12,80,12,105288,500322,6945,101011,4.634499240431287,0.16797847448917655
2315,0.2324,10,84,10,105372,500238,6955,101001,4.633721145651932,0.16798810456407517
2316,0.2325,3,21,3,105393,500217,6958,100998,4.633526621957094,0.16798982061325815
2317,0.2326,8,130,8,105523,500087,6966,100990,4.632322427655712,0.16801507959878684
2318,0.2327,5,114,5,105637,499973,6971,100985,4.631266441883731,0.16804002941969323
2319,0.2328,8,30,8,105667,499943,6979,100977,4.630988550891104,0.16803734274113027
2320,0.2329,0,14,0,105681,499929,6979,100977,4.630858868427878,0.1680412577008717
2321,0.233,2,20,2,105701,499909,6981,100975,4.630673607766127,0.16804408171959978
2322,0.2331,2,56,2,105757,499853,6983,100973,4.630154877913224,0.16805697489789057
2323,0.2332,2,32,2,105789,499821,6985,100971,4.629858460854422,0.16806315663324412
2324,0.2333,6,46,6,105835,499775,6991,100965,4.629432361332395,0.16806771648300428
2325,0.2334,7,50,7,105885,499725,6998,100958,4.628969209678017,0.1680720113604014
2326,0.2335,8,94,8,105979,499631,7006,100950,4.628098484567787,0.16808723552693142
2327,0.2336,4,49,4,106028,499582,7010,100946,4.627644595946497,0.168095409373085
2328,0.2337,9,53,9,106081,499529,7019,100937,4.627153655192856,0.16809777739289153
2329,0.2338,1,18,1,106099,499511,7020,100936,4.626986920597281,0.1681014311004968
2330,0.2339,8,47,8,106146,499464,7028,100928,4.6265515580421654,0.16810350570960306
2331,0.234,6,50,6,106196,499414,7034,100922,4.626088406387788,0.16810919218570933
2332,0.2341,4,47,4,106243,499367,7038,100918,4.625653043832672,0.16811681118135552
2333,0.2342,3,59,3,106302,499308,7041,100915,4.625106524880507,0.16812917865526647
2334,0.2343,11,137,11,106439,499171,7052,100904,4.623837489347512,0.1681523142940466
2335,0.2344,10,186,10,106625,498985,7062,100894,4.622114565193227,0.16819058510132875
2336,0.2345,2,77,2,106702,498908,7064,100892,4.621401311645485,0.16820940313437813
2337,0.2346,1,39,1,106741,498869,7065,100891,4.62104005335507,0.16821895424836603
2338,0.2347,2,85,2,106826,498784,7067,100889,4.620252695542629,0.16824002414649317
2339,0.2348,5,49,5,106875,498735,7072,100884,4.619798806921338,0.16824683674133076
2340,0.2349,5,96,5,106971,498639,7077,100879,4.618909555744933,0.16826684102895992
2341,0.235,7,87,7,107058,498552,7084,100872,4.618103671866316,0.16828155028827674
2342,0.2351,13,88,13,107146,498464,7097,100859,4.617288524954611,0.1682882185399192
2343,0.2352,2,40,2,107186,498424,7099,100857,4.616918003631109,0.1682966755161602
2344,0.2353,2,67,2,107253,498357,7101,100855,4.616297380414243,0.16831271736881104
2345,0.2354,4,68,4,107321,498289,7105,100851,4.615667494164289,0.16832626765029876
2346,0.2355,6,29,6,107350,498260,7111,100845,4.6153988662047505,0.16832608641223157
2347,0.2356,6,58,6,107408,498202,7117,100839,4.614861610285672,0.1683340539295307
2348,0.2357,7,97,7,107505,498105,7124,100832,4.613963096076179,0.16835159624468016
2349,0.2358,16,155,16,107660,497950,7140,100816,4.6125273259476085,0.16837295370812638
2350,0.2359,6,82,6,107742,497868,7146,100810,4.6117677572344284,0.1683876808568212
2351,0.236,3,33,3,107775,497835,7149,100807,4.61146207714254,0.16839279569425467
2352,0.2361,3,34,3,107809,497801,7152,100804,4.611147134017563,0.1683981924641458
2353,0.2362,4,33,4,107842,497768,7156,100800,4.610841453925674,0.16840191924727016
2354,0.2363,3,80,3,107922,497688,7159,100797,4.610100411278669,0.16842026115942754
2355,0.2364,6,56,6,107978,497632,7165,100791,4.609581681425766,0.1684276840963666
2356,0.2365,3,33,3,108011,497599,7168,100788,4.6092760013338765,0.16843280352012996
2357,0.2366,5,15,5,108026,497584,7173,100783,4.6091370558375635,0.16843007719342812
2358,0.2367,5,88,5,108114,497496,7178,100778,4.608321908925858,0.16844790179750416
2359,0.2368,4,17,4,108131,497479,7182,100774,4.60816443736337,0.16844712855597882
2360,0.2369,5,81,5,108212,497398,7187,100769,4.607414131683278,0.168462987760943
2361,0.237,3,23,3,108235,497375,7190,100766,4.607201081922264,0.1684652949722557
2362,0.2371,2,42,2,108277,497333,7192,100764,4.606812034532587,0.1684743444625203
2363,0.2372,5,94,5,108371,497239,7197,100759,4.605941309422358,0.16849387456145337
2364,0.2373,6,90,6,108461,497149,7203,100753,4.605107636444477,0.16851089308950296
2365,0.2374,11,109,11,108570,497040,7214,100742,4.604097965837934,0.16852631895908543
2366,0.2375,6,61,6,108631,496979,7220,100736,4.603532920819593,0.1685351714445848
2367,0.2376,9,90,9,108721,496889,7229,100727,4.602699247841714,0.1685480308425477
2368,0.2377,4,62,4,108783,496827,7233,100723,4.602124939790285,0.16855995314199648
2369,0.2378,5,138,5,108921,496689,7238,100718,4.600846641224202,0.16859193146380944
2370,0.2379,11,76,11,108997,496613,7249,100707,4.600142650709548,0.168598071385522
2371,0.238,9,75,9,109072,496538,7258,100698,4.599447923227982,0.16860671493346013
2372,0.2381,12,93,12,109165,496445,7270,100686,4.598586461150839,0.16861626678233085
2373,0.2382,9,87,9,109252,496358,7279,100677,4.597780577272222,0.16862830487324865
2374,0.2383,1,40,1,109292,496318,7280,100676,4.597410055948719,0.16863821076928745
2375,0.2384,10,66,10,109358,496252,7290,100666,4.596798695764941,0.1686429291795523
2376,0.2385,4,46,4,109404,496206,7294,100662,4.596372596242913,0.16865035485232915
2377,0.2386,17,110,17,109514,496096,7311,100645,4.595353662603283,0.16865775939645508
2378,0.2387,7,100,7,109614,495996,7318,100638,4.594427359294527,0.1686762738965597
2379,0.2388,4,37,4,109651,495959,7322,100634,4.594084627070288,0.16868116119364457
2380,0.2389,7,124,7,109775,495835,7329,100627,4.592936010967431,0.1687064724995054
2381,0.239,4,38,4,109813,495797,7333,100623,4.592584015710104,0.16871164615539386
2382,0.2391,1,43,1,109856,495754,7334,100622,4.592185705287339,0.16872241673038485
2383,0.2392,10,82,10,109938,495672,7344,100612,4.59142613657416,0.16873167819361243
2384,0.2393,5,115,5,110053,495557,7349,100607,4.590360887769091,0.1687572547151455
2385,0.2394,7,96,7,110149,495461,7356,100600,4.589471636592686,0.168774672390913
2386,0.2395,9,83,9,110232,495378,7365,100591,4.588702804846419,0.16878562475565004
2387,0.2396,4,71,4,110303,495307,7369,100587,4.5880451294972024,0.16880015573239535
2388,0.2397,3,72,3,110375,495235,7372,100584,4.587378191114898,0.16881636872942957
2389,0.2398,21,162,21,110537,495073,7393,100563,4.585877579754715,0.16883297853051193
2390,0.2399,3,47,3,110584,495026,7396,100560,4.5854422171996,0.16884211516053096
2391,0.24,11,184,11,110768,494842,7407,100549,4.58373781911149,0.1688789383783094
2392,0.2401,8,129,8,110897,494713,7415,100541,4.5825428878431955,0.1689043668753171
2393,0.2402,7,65,7,110962,494648,7422,100534,4.581940790692505,0.16891303836473548
2394,0.2403,1,34,1,110996,494614,7423,100533,4.581625847567527,0.16892129171448397
2395,0.2404,2,70,2,111066,494544,7425,100531,4.580977435251398,0.168938369113137
2396,0.2405,5,47,5,111113,494497,7430,100526,4.580542072696284,0.16894472986758496
2397,0.2406,1,53,1,111166,494444,7431,100525,4.580051131942644,0.16895838270565358
2398,0.2407,6,49,6,111215,494395,7437,100519,4.579597243321353,0.16896391747378614
2399,0.2408,1,44,1,111259,494351,7438,100518,4.5791896698655,0.16897501802917952
2400,0.2409,5,44,5,111303,494307,7443,100513,4.578782096409649,0.16898053192562457
2401,0.241,6,74,6,111377,494233,7449,100507,4.578096631961169,0.1689931734875744
2402,0.2411,3,58,3,111435,494175,7452,100504,4.577559376042092,0.1690054634517109
2403,0.2412,12,138,12,111573,494037,7464,100492,4.5762810774760085,0.1690279195800373
2404,0.2413,3,48,3,111621,493989,7467,100489,4.575836451887806,0.1690373739650584
2405,0.2414,0,41,0,111662,493948,7467,100489,4.575456667531216,0.1690490329505061
2406,0.2415,3,53,3,111715,493895,7470,100486,4.574965726777576,0.16905991274956636
2407,0.2416,6,111,6,111826,493784,7476,100480,4.573937530104858,0.1690831011133099
2408,0.2417,17,110,17,111936,493674,7493,100463,4.572918596465226,0.16909063061213153
2409,0.2418,5,53,5,111989,493621,7498,100458,4.572427655711587,0.16909872256046754
2410,0.2419,4,41,4,112030,493580,7502,100454,4.572047871354997,0.16910479871522505
2411,0.242,7,137,7,112167,493443,7509,100447,4.570778835822002,0.16913401471653
2412,0.2421,7,99,7,112266,493344,7516,100440,4.569861795546334,0.1691524190614769
2413,0.2422,1,13,1,112279,493331,7517,100439,4.569741376116196,0.16915472320932348
2414,0.2423,9,79,9,112358,493252,7526,100430,4.569009596502279,0.1691646369605277
2415,0.2424,8,53,8,112411,493199,7534,100422,4.568518655748639,0.16916854356567573
2416,0.2425,2,47,2,112458,493152,7536,100420,4.568083293193523,0.169179139177724
2417,0.2426,1,55,1,112513,493097,7537,100419,4.567573826373708,0.16919341685818073
2418,0.2427,4,49,4,112562,493048,7541,100415,4.567119937752418,0.16920178680052506
2419,0.2428,11,91,11,112653,492957,7552,100404,4.56627700174145,0.16921233448103262
2420,0.2429,3,57,3,112710,492900,7555,100401,4.56574900885546,0.16922439031789935
2421,0.243,13,120,13,112830,492780,7568,100388,4.564637444884953,0.16924041755455452
2422,0.2431,7,109,7,112939,492671,7575,100381,4.56362777427841,0.1692617173536216
2423,0.2432,16,190,16,113129,492481,7591,100365,4.561867797991774,0.1692935433485256
2424,0.2433,4,32,4,113161,492449,7595,100361,4.561571380932973,0.16929707663500954
2425,0.2434,2,30,2,113191,492419,7597,100359,4.561293489940346,0.16930284187334887
2426,0.2435,1,31,1,113222,492388,7598,100358,4.561006335914632,0.1693102947974343
2427,0.2436,2,46,2,113268,492342,7600,100356,4.560580236392604,0.16932063209256654
2428,0.2437,1,17,1,113285,492325,7601,100355,4.560422764830116,0.16932408719713843
2429,0.2438,11,99,11,113384,492226,7612,100344,4.559505724554448,0.1693369559714464
2430,0.2439,1,32,1,113416,492194,7613,100343,4.559209307495647,0.16934469914958897
2431,0.244,8,109,8,113525,492085,7621,100335,4.558199636889103,0.16936463995138584
2432,0.2441,6,74,6,113599,492011,7627,100329,4.557514172440624,0.16937738461019008
2433,0.2442,5,72,5,113671,491939,7632,100324,4.55684723405832,0.16939096313630939
2434,0.2443,4,52,4,113723,491887,7636,100320,4.556365556337767,0.16940022660995227
2435,0.2444,7,76,7,113799,491811,7643,100313,4.555661565823113,0.16941215015773722
2436,0.2445,7,33,7,113832,491778,7650,100306,4.555355885731224,0.1694117726538802
2437,0.2446,8,79,8,113911,491699,7658,100298,4.554624106117307,0.16942315586058712
2438,0.2447,4,45,4,113956,491654,7662,100294,4.5542072696283675,0.16943042294255575
2439,0.2448,4,78,4,114034,491576,7666,100290,4.553484753047538,0.16944713837253703
2440,0.2449,4,62,4,114096,491514,7670,100286,4.552910444996109,0.16945927678269684
2441,0.245,4,68,4,114164,491446,7674,100282,4.552280558746156,0.16947313630587027
2442,0.2451,2,27,2,114191,491419,7676,100280,4.552030456852792,0.1694780623256081
2443,0.2452,13,82,13,114273,491337,7689,100267,4.551270888139612,0.16948330302026354
2444,0.2453,4,70,4,114343,491267,7693,100263,4.5506224758234834,0.16949774314066912
2445,0.2454,4,49,4,114392,491218,7697,100259,4.550168587202194,0.16950616845625444
2446,0.2455,5,75,5,114467,491143,7702,100254,4.549473859720627,0.16952064349328794
2447,0.2456,6,92,6,114559,491051,7708,100248,4.548621660676572,0.16953859215050254
2448,0.2457,3,21,3,114580,491030,7711,100245,4.548427136981734,0.1695403999830874
2449,0.2458,14,170,14,114750,490860,7725,100231,4.546852421356849,0.16956949099208074
2450,0.2459,10,68,10,114818,490792,7735,100221,4.546222535106895,0.16957495012800056
2451,0.246,0,20,0,114838,490772,7735,100221,4.546037274445144,0.16958068877296348
2452,0.2461,4,57,4,114895,490715,7739,100217,4.545509281559154,0.16959142507090494
2453,0.2462,8,49,8,114944,490666,7747,100209,4.545055392937863,0.16959424582187435
2454,0.2463,12,94,12,115038,490572,7759,100197,4.544184667827634,0.16960436312670435
2455,0.2464,3,46,3,115084,490526,7762,100194,4.543758568305606,0.1696133531960997
2456,0.2465,5,67,5,115151,490459,7767,100189,4.5431379450887395,0.1696255637875689
2457,0.2466,5,85,5,115236,490374,7772,100184,4.542350587276298,0.16964294785609543
2458,0.2467,4,67,4,115303,490307,7776,100180,4.5417299640594315,0.16965657160953584
2459,0.2468,5,27,5,115330,490280,7781,100175,4.541479862166067,0.1696572981852978
2460,0.2469,3,144,3,115474,490136,7784,100172,4.54014598540146,0.16969446458458973
2461,0.247,6,35,6,115509,490101,7790,100166,4.539821779243395,0.16969608668619454
2462,0.2471,3,51,3,115560,490050,7793,100163,4.53934936455593,0.1697065296765744
2463,0.2472,14,119,14,115679,489931,7807,100149,4.5382470636185115,0.1697210547722343
2464,0.2473,6,74,6,115753,489857,7813,100143,4.537561599170032,0.16973389830508476
2465,0.2474,5,88,5,115841,489769,7818,100138,4.536746452258328,0.16975218127603164
2466,0.2475,3,50,3,115891,489719,7821,100135,4.53628330060395,0.1697623479708538
2467,0.2476,3,40,3,115931,489679,7824,100132,4.535912779280448,0.16976963807050055
2468,0.2477,15,152,15,116083,489527,7839,100117,4.534504798251139,0.16979228144439695
2469,0.2478,2,50,2,116133,489477,7841,100115,4.534041646596761,0.16980386436722344
2470,0.2479,8,51,8,116184,489426,7849,100107,4.533569231909296,0.16980728814163074
2471,0.248,4,42,4,116226,489384,7853,100103,4.533180184519619,0.16981375331432244
2472,0.2481,5,62,5,116288,489322,7858,100098,4.532605876468191,0.16982457330935496
2473,0.2482,5,35,5,116323,489287,7863,100093,4.532281670310127,0.16982761546031422
2474,0.2483,11,86,11,116409,489201,7874,100082,4.531485049464597,0.16983690349119185
2475,0.2484,3,55,3,116464,489146,7877,100079,4.530975582644781,0.16984852984852986
2476,0.2485,12,121,12,116585,489025,7889,100067,4.529854755641187,0.16986650642004983
2477,0.2486,7,79,7,116664,488946,7896,100060,4.529122976027271,0.1698794239787031
2478,0.2487,1,20,1,116684,488926,7897,100059,4.52893771536552,0.16988378311841557
2479,0.2488,5,51,5,116735,488875,7902,100054,4.528465300678054,0.16989144701653341
2480,0.2489,7,55,7,116790,488820,7909,100047,4.527955833858239,0.16989744713152546
2481,0.249,8,85,8,116875,488735,7917,100039,4.527168476045796,0.16991069578480028
2482,0.2491,2,51,2,116926,488684,7919,100037,4.526696061358331,0.16992259491338002
2483,0.2492,7,48,7,116974,488636,7926,100030,4.526251435770129,0.16992657975830097
2484,0.2493,4,35,4,117009,488601,7930,100026,4.525927229612064,0.16993104291852057
2485,0.2494,5,45,5,117054,488556,7935,100021,4.525510393123124,0.16993698360622314
2486,0.2495,5,36,5,117090,488520,7940,100016,4.525176923931972,0.1699403265050906
2487,0.2496,4,89,4,117179,488431,7944,100012,4.52435251398718,0.16996038698735477
2488,0.2497,8,63,8,117242,488368,7952,100004,4.523768942902664,0.16996729959957305
2489,0.2498,5,57,5,117299,488311,7957,99999,4.523240950016674,0.1699767129574544
2490,0.2499,4,60,4,117359,488251,7961,99995,4.52268516803142,0.16998840621100697
2491,0.25,12,104,12,117463,488147,7973,99983,4.5217218125903145,0.17000153027391904
2492,0.2501,7,86,7,117549,488061,7980,99976,4.520925191744785,0.17001651256638614
2493,0.2502,6,51,6,117600,488010,7986,99970,4.5204527770573195,0.17002278989081263
2494,0.2503,1,32,1,117632,487978,7987,99969,4.520156359998518,0.17003063201274946
2495,0.2504,6,43,6,117675,487935,7993,99963,4.519758049575753,0.17003459783840053
2496,0.2505,7,74,7,117749,487861,8000,99956,4.519072585127274,0.1700461197957868
2497,0.2506,0,53,0,117802,487808,8000,99956,4.518581644373634,0.17006145323633295
2498,0.2507,9,50,9,117852,487758,8009,99947,4.518118492719256,0.17006321198560503
2499,0.2508,7,63,7,117915,487695,8016,99940,4.5175349216347405,0.1700715580249645
2500,0.2509,3,56,3,117971,487639,8019,99937,4.517016191781837,0.1700835296199981
2501,0.251,5,68,5,118039,487571,8024,99932,4.516386305531883,0.17009615270049686
2502,0.2511,7,206,7,118245,487365,8031,99925,4.5144781207158475,0.1701459245006726
2503,0.2512,11,102,11,118347,487263,8042,99914,4.5135332913409165,0.1701599347385882
2504,0.2513,9,77,9,118424,487186,8051,99905,4.512820037793175,0.17016953078824237
2505,0.2514,4,63,4,118487,487123,8055,99901,4.512236466708659,0.1701821390607539
2506,0.2515,4,41,4,118528,487082,8059,99897,4.511856682352069,0.17018837130459522
2507,0.2516,8,91,8,118619,486991,8067,99889,4.511013746341102,0.1702034487459106
2508,0.2517,5,57,5,118676,486934,8072,99884,4.510485753455112,0.17021291098773383
2509,0.2518,12,107,12,118783,486827,8084,99872,4.509494608914743,0.17022698180838897
2510,0.2519,7,94,7,118877,486733,8091,99865,4.508623883804513,0.17024435814646488
2511,0.252,4,54,4,118931,486679,8095,99861,4.508123680017785,0.17025437310328367
2512,0.2521,2,38,2,118969,486641,8097,99859,4.507771684760458,0.17026257459505542
2513,0.2522,1,52,1,119021,486589,8098,99858,4.507290007039905,0.17027625684844497
2514,0.2523,4,51,4,119072,486538,8102,99854,4.50681759235244,0.17028540634933628
2515,0.2524,10,63,10,119135,486475,8112,99844,4.506234021267924,0.17028955227444445
2516,0.2525,10,170,10,119305,486305,8122,99834,4.50465930564304,0.17032478644144136
2517,0.2526,11,166,11,119471,486139,8133,99823,4.503121642150505,0.17035746345326147
2518,0.2527,5,38,5,119509,486101,8138,99818,4.502769646893179,0.1703614322116197
2519,0.2528,17,100,17,119609,486001,8155,99801,4.501843343584423,0.1703664378066309
2520,0.2529,3,40,3,119649,485961,8158,99798,4.501472822260921,0.17037382268134163
2521,0.253,0,46,0,119695,485915,8158,99798,4.501046722738893,0.17038720328898282
2522,0.2531,6,33,6,119728,485882,8164,99792,4.500741042647005,0.17038830475657107
2523,0.2532,7,42,7,119770,485840,8171,99785,4.500351995257327,0.1703906083244397
2524,0.2533,3,34,3,119804,485806,8174,99782,4.50003705213235,0.1703962512893024
2525,0.2534,11,72,11,119876,485734,8185,99771,4.499370113750047,0.17040161911512283
2526,0.2535,0,16,0,119892,485718,8185,99771,4.4992219052206455,0.17040627577973283
2527,0.2536,9,145,9,120037,485573,8194,99762,4.49787876542295,0.17043573338344709
2528,0.2537,4,124,4,120161,485449,8198,99758,4.4967301493200935,0.1704661769254298
2529,0.2538,4,65,4,120226,485384,8202,99754,4.496128052169403,0.17047944245630944
2530,0.2539,8,49,8,120275,485335,8210,99746,4.495674163548112,0.1704823776536924
2531,0.254,10,76,10,120351,485259,8220,99736,4.494970173033458,0.17049034607133395
2532,0.2541,5,82,5,120433,485177,8225,99731,4.494210604320279,0.1705071566810507
2533,0.2542,10,110,10,120543,485067,8235,99721,4.493191670680647,0.17052504497356308
2534,0.2543,9,128,9,120671,484939,8244,99712,4.492006002445441,0.17054960993823665
2535,0.2544,4,45,4,120716,484894,8248,99708,4.4915891659565,0.17055706275380517
2536,0.2545,7,69,7,120785,484825,8255,99701,4.49095001667346,0.1705672630473238
2537,0.2546,11,109,11,120894,484716,8266,99690,4.489940346066916,0.17058346423548013
2538,0.2547,1,28,1,120922,484688,8267,99689,4.489680981140465,0.17059021830085716
2539,0.2548,5,22,5,120944,484666,8272,99684,4.4894771944125385,0.17058954393770856
2540,0.2549,2,27,2,120971,484639,8274,99682,4.489227092519174,0.17059458756402732
2541,0.255,8,56,8,121027,484583,8282,99674,4.488708362666271,0.17059958203324907
2542,0.2551,6,43,6,121070,484540,8288,99668,4.488310052243507,0.1706036206282694
2543,0.2552,6,35,6,121105,484505,8294,99662,4.487985846085442,0.17060532347770416
2544,0.2553,6,62,6,121167,484443,8300,99656,4.487411538034014,0.17061491288291883
2545,0.2554,3,30,3,121197,484413,8303,99653,4.487133647041388,0.17061941629884295
2546,0.2555,7,50,7,121247,484363,8310,99646,4.48667049538701,0.1706240828480383
2547,0.2556,4,41,4,121288,484322,8314,99642,4.48629071103042,0.17063038132487618
2548,0.2557,22,223,22,121511,484099,8336,99620,4.484225054651895,0.17066430936803495
2549,0.2558,14,149,14,121660,483950,8350,99606,4.48284486272185,0.17068798881341293
2550,0.2559,2,60,2,121720,483890,8352,99604,4.482289080736597,0.1707026978854967
2551,0.256,12,102,12,121822,483788,8364,99592,4.481344251361666,0.1707154856182934
2552,0.2561,15,168,15,121990,483620,8379,99577,4.479788061802957,0.17074333372771122
2553,0.2562,2,85,2,122075,483535,8381,99575,4.479000703990515,0.17076537874500522
2554,0.2563,6,139,6,122214,483396,8387,99569,4.4777131423913445,0.1707975607454993
2555,0.2564,13,155,13,122369,483241,8400,99556,4.476277372262774,0.17082448948776333
2556,0.2565,5,87,5,122456,483154,8405,99551,4.475471488384157,0.1708428793300212
2557,0.2566,7,94,7,122550,483060,8412,99544,4.474600763273926,0.1708604815620902
2558,0.2567,10,105,10,122655,482955,8422,99534,4.473628144799733,0.17087704660517194
2559,0.2568,2,17,2,122672,482938,8424,99532,4.4734706732372445,0.17087918691091386
2560,0.2569,6,40,6,122712,482898,8430,99526,4.4731001519137426,0.1708823812205541
2561,0.257,16,130,16,122842,482768,8446,99510,4.471895957612361,0.17089774987205425
2562,0.2571,5,47,5,122889,482721,8451,99505,4.471460595057246,0.17090442542930065
2563,0.2572,5,63,5,122952,482658,8456,99500,4.470877023972729,0.17091579949085986
2564,0.2573,14,163,14,123115,482495,8470,99486,4.469367149579458,0.17094372496696628
2565,0.2574,10,71,10,123186,482424,8480,99476,4.468709474230242,0.17095033510912527
2566,0.2575,3,47,3,123233,482377,8483,99473,4.468274111675127,0.17095986938214316
2567,0.2576,1,61,1,123294,482316,8484,99472,4.467709066656786,0.17097636939916258
2568,0.2577,5,34,5,123328,482282,8489,99467,4.467394123531809,0.17097923674986978
2569,0.2578,8,99,8,123427,482183,8497,99459,4.466477083256142,0.17099693625976115
2570,0.2579,8,33,8,123460,482150,8505,99451,4.466171403164252,0.17099523556527585
2571,0.258,1,34,1,123494,482116,8506,99450,4.465856460039276,0.17100380696258036
2572,0.2581,4,104,4,123598,482012,8510,99446,4.464893104598169,0.17102868994837117
2573,0.2582,4,69,4,123667,481943,8514,99442,4.464253955315129,0.17104328457046536
2574,0.2583,0,24,0,123691,481919,8514,99442,4.464031642521027,0.17105034565442126
2575,0.2584,2,21,2,123712,481898,8516,99440,4.463837118826189,0.17105367273427852
2576,0.2585,11,128,11,123840,481770,8527,99429,4.462651450590982,0.171075655670433
2577,0.2586,2,56,2,123896,481714,8529,99427,4.4621327207380785,0.17108928814177626
2578,0.2587,6,67,6,123963,481647,8535,99421,4.461512097521212,0.171100456400972
2579,0.2588,7,56,7,124019,481591,8542,99414,4.460993367668309,0.17110696121375893
2580,0.2589,6,59,6,124078,481532,8548,99408,4.460446848716144,0.17111577787723345
2581,0.259,18,249,18,124327,481283,8566,99390,4.458140353477343,0.17116346032965196
2582,0.2591,8,70,8,124397,481213,8574,99382,4.457491941161214,0.17117267630620311
2583,0.2592,5,43,5,124440,481170,8579,99377,4.457093630738449,0.17117821640625133
2584,0.2593,6,41,6,124481,481129,8585,99371,4.456713846381859,0.1711817398794143
2585,0.2594,10,95,10,124576,481034,8595,99361,4.455833858238542,0.171195478941066
2586,0.2595,3,39,3,124615,480995,8598,99358,4.455472599948127,0.17120269904695934
2587,0.2596,12,120,12,124735,480875,8610,99346,4.4543610359776205,0.17122096580440901
2588,0.2597,2,37,2,124772,480838,8612,99344,4.454018303753381,0.1712290281325515
2589,0.2598,4,60,4,124832,480778,8616,99340,4.453462521768127,0.1712410233780024
2590,0.2599,3,86,3,124918,480692,8619,99337,4.452665900922598,0.17126212654884498
2591,0.26,4,39,4,124957,480653,8623,99333,4.452304642632184,0.1712679271568624
2592,0.2601,4,48,4,125005,480605,8627,99329,4.451860017043981,0.1712763866233054
2593,0.2602,15,132,15,125137,480473,8642,99314,4.450637296676423,0.17129394070581092
2594,0.2603,3,23,3,125160,480450,8645,99311,4.45042424691541,0.17129644801909752
2595,0.2604,4,45,4,125205,480405,8649,99307,4.45000741042647,0.17130402682711415
2596,0.2605,18,144,18,125349,480261,8667,99289,4.448673533661863,0.17132085238547148
2597,0.2606,2,77,2,125426,480184,8669,99287,4.4479602801141205,0.17134075734592413
2598,0.2607,12,119,12,125545,480065,8681,99275,4.446857979176702,0.17135878758587358
2599,0.2608,4,63,4,125608,480002,8685,99271,4.446274408092186,0.17137170211627334
2600,0.2609,4,54,4,125662,479948,8689,99267,4.445774204305458,0.17138195661369268
2601,0.261,9,58,9,125720,479890,8698,99258,4.44523694838638,0.1713862432400699
2602,0.2611,4,70,4,125790,479820,8702,99254,4.444588536070251,0.1714012371475839
2603,0.2612,20,151,20,125941,479669,8722,99234,4.44318981807403,0.17141731861814502
2604,0.2613,4,81,4,126022,479588,8726,99230,4.442439512393938,0.17143558078705223
2605,0.2614,6,70,6,126092,479518,8732,99224,4.441791100077809,0.171447726275266
2606,0.2615,12,184,12,126276,479334,8744,99212,4.440086701989699,0.17148506773877964
2607,0.2616,11,119,11,126395,479215,8755,99201,4.438984401052281,0.17150459185084782
2608,0.2617,7,63,7,126458,479152,8762,99194,4.438400829967764,0.17151324639575619
2609,0.2618,7,81,7,126539,479071,8769,99187,4.4376505242876725,0.17152724216526188
2610,0.2619,10,103,10,126642,478968,8779,99177,4.436696431879654,0.17154347092857328
2611,0.262,4,51,4,126693,478917,8783,99173,4.436224017192189,0.17155287239011227
2612,0.2621,4,42,4,126735,478875,8787,99169,4.435834969802512,0.17155960445917612
2613,0.2622,4,37,4,126772,478838,8791,99165,4.435492237578273,0.17156485346961867
2614,0.2623,7,99,7,126871,478739,8798,99158,4.434575197302605,0.17158420964289484
2615,0.2624,8,144,8,127015,478595,8806,99150,4.433241320537997,0.17161550511038606
2616,0.2625,6,99,6,127114,478496,8812,99144,4.432324280262329,0.17163631327470397
2617,0.2626,7,60,7,127174,478436,8819,99137,4.4317684982770755,0.17164410386219578
2618,0.2627,8,74,8,127248,478362,8827,99129,4.431083033828597,0.17165462318893282
2619,0.2628,3,48,3,127296,478314,8830,99126,4.4306384082403945,0.1716645885286783
2620,0.2629,1,17,1,127313,478297,8831,99125,4.430480936677906,0.17166820800038793
2621,0.263,1,52,1,127365,478245,8832,99124,4.429999258957353,0.17168223441161545
2622,0.2631,9,101,9,127466,478144,8841,99115,4.42906369261551,0.17169935852017898
2623,0.2632,0,31,0,127497,478113,8841,99115,4.428776538589796,0.171708579625382
2624,0.2633,9,107,9,127604,478006,8850,99106,4.427785394049428,0.1717274983018894
2625,0.2634,9,109,9,127713,477897,8859,99097,4.426775723442884,0.171747019899687
2626,0.2635,5,55,5,127768,477842,8864,99092,4.426266256623069,0.17175621474900074
2627,0.2636,18,244,18,128012,477598,8882,99074,4.424006076549706,0.17180303534764996
2628,0.2637,3,19,3,128031,477579,8885,99071,4.423830078921042,0.17180438741004075
2629,0.2638,7,47,7,128078,477532,8892,99064,4.423394716365927,0.17180833720664035
2630,0.2639,1,38,1,128116,477494,8893,99063,4.4230427211086,0.17181822439065
2631,0.264,4,42,4,128158,477452,8897,99059,4.422653673718923,0.17182499553347638
2632,0.2641,3,66,3,128224,477386,8900,99056,4.422042313535144,0.17184035861370267
2633,0.2642,9,157,9,128381,477229,8909,99047,4.420588017340398,0.17187424081516495
2634,0.2643,1,27,1,128408,477202,8910,99046,4.420337915447034,0.17188085685329926
2635,0.2644,6,52,6,128460,477150,8916,99040,4.419856237726481,0.17188774536177304
2636,0.2645,2,59,2,128519,477091,8918,99038,4.419309718774316,0.17190247323082156
2637,0.2646,8,56,8,128575,477035,8926,99030,4.418790988921413,0.17190768402871204
2638,0.2647,3,56,3,128631,476979,8929,99027,4.41827225906851,0.17192008416578994
2639,0.2648,15,129,15,128760,476850,8944,99012,4.417077327800215,0.1719370265792846
2640,0.2649,3,87,3,128847,476763,8947,99009,4.416271443921597,0.17195869198224298
2641,0.265,11,86,11,128933,476677,8958,98998,4.415474823076068,0.17196855864854302
2642,0.2651,3,49,3,128982,476628,8961,98995,4.415020934454778,0.17197888201131645
2643,0.2652,7,132,7,129114,476496,8968,98988,4.413798214087221,0.1720082573972517
2644,0.2653,9,131,9,129245,476365,8977,98979,4.412584756752751,0.1720344698128424
2645,0.2654,10,103,10,129348,476262,8987,98969,4.411630664344733,0.17205088042890596
2646,0.2655,8,62,8,129410,476200,8995,98961,4.4110563562933045,0.1720579107415141
2647,0.2656,4,84,4,129494,476116,8999,98957,4.41027826151395,0.17207728410132278
2648,0.2657,3,43,3,129537,476073,9002,98954,4.4098799510911855,0.17208583249134388
2649,0.2658,5,54,5,129591,476019,9007,98949,4.409379747304458,0.17209479484075635
2650,0.2659,6,102,6,129693,475917,9013,98943,4.408434917929527,0.17211668928086837
2651,0.266,10,184,10,129877,475733,9023,98933,4.406730519841417,0.17215739229395857
2652,0.2661,3,28,3,129905,475705,9026,98930,4.406471154914965,0.17216145901311267
2653,0.2662,2,31,2,129936,475674,9028,98928,4.406184000889251,0.17216786575751564
2654,0.2663,8,54,8,129990,475620,9036,98920,4.405683797102523,0.1721725206251958
2655,0.2664,0,40,0,130030,475580,9036,98920,4.405313275779021,0.17218450826805917
2656,0.2665,4,61,4,130091,475519,9040,98916,4.4047482307606804,0.1721970283844125
2657,0.2666,5,56,5,130147,475463,9045,98911,4.404229500907777,0.17220661102347948
2658,0.2667,6,62,6,130209,475401,9051,98905,4.403655192856349,0.17221655354462603
2659,0.2668,4,46,4,130255,475355,9055,98901,4.403229093334321,0.17222458276448135
2660,0.2669,8,122,8,130377,475233,9063,98893,4.40209900329764,0.17224964554818978
2661,0.267,6,117,6,130494,475116,9069,98887,4.401015228426396,0.17227610308656924
2662,0.2671,4,29,4,130523,475087,9073,98883,4.4007466004668565,0.1722790389741624
2663,0.2672,4,182,4,130705,474905,9077,98879,4.399060728444922,0.17232791433710246
2664,0.2673,12,63,12,130768,474842,9089,98867,4.398477157360406,0.17232952594433765
2665,0.2674,12,163,12,130931,474679,9101,98855,4.396967282967135,0.17236118521308239
2666,0.2675,5,36,5,130967,474643,9106,98850,4.396633813775983,0.17236478910814954
2667,0.2676,7,59,7,131026,474584,9113,98843,4.396087294823817,0.17237242055222374
2668,0.2677,5,42,5,131068,474542,9118,98838,4.39569824743414,0.17237782971153512
2669,0.2678,4,45,4,131113,474497,9122,98834,4.3952814109452,0.1723855852901727
2670,0.2679,10,129,10,131242,474368,9132,98824,4.394086479676905,0.17240994291616074
2671,0.268,2,38,2,131280,474330,9134,98822,4.3937344844195785,0.1724184858466864
2672,0.2681,3,35,3,131315,474295,9137,98819,4.393410278261514,0.17242468339632255
2673,0.2682,14,180,14,131495,474115,9151,98805,4.391742932305754,0.17245863296795363
2674,0.2683,1,34,1,131529,474081,9152,98804,4.3914279891807775,0.17246742365396198
2675,0.2684,4,40,4,131569,474041,9156,98800,4.391057467857276,0.17247368816128733
2676,0.2685,9,151,9,131720,473890,9165,98791,4.389658749861055,0.1725061596246427
2677,0.2686,10,113,10,131833,473777,9175,98781,4.388612027122161,0.17252575284949298
2678,0.2687,2,103,2,131936,473674,9177,98779,4.3876579347141424,0.17255390398862439
2679,0.2688,9,130,9,132066,473544,9186,98770,4.386453740412761,0.1725800871549534
2680,0.2689,8,93,8,132159,473451,9194,98762,4.3855922783356185,0.172596568061194
2681,0.269,8,77,8,132236,473374,9202,98754,4.384879024787876,0.1726082275295039
2682,0.2691,12,200,12,132436,473174,9214,98742,4.383026418170366,0.17265122850208772
2683,0.2692,6,112,6,132548,473062,9220,98736,4.38198895846456,0.17267636473020193
2684,0.2693,5,71,5,132619,472991,9225,98731,4.381331283115343,0.17269057339056396
2685,0.2694,3,92,3,132711,472899,9228,98728,4.380479084071288,0.1727140250547997
2686,0.2695,8,60,8,132771,472839,9236,98720,4.379923302086035,0.1727205765284074
2687,0.2696,1,23,1,132794,472816,9237,98719,4.3797102523250215,0.1727260797676433
2688,0.2697,6,184,6,132978,472632,9243,98713,4.378005854236911,0.1727730180538904
2689,0.2698,6,50,6,133028,472582,9249,98707,4.3775427025825335,0.17277945138099982
2690,0.2699,4,74,4,133102,472508,9253,98703,4.376857238134055,0.17279604209302693
2691,0.27,19,174,19,133276,472334,9272,98684,4.37524547037682,0.17282117201209068
2692,0.2701,4,43,4,133319,472291,9276,98680,4.374847159954055,0.17282839233516237
2693,0.2702,6,44,6,133363,472247,9282,98674,4.374439586498203,0.17283301892906375
2694,0.2703,4,41,4,133404,472206,9286,98670,4.3740598021416135,0.17283963592794233
2695,0.2704,6,85,6,133489,472121,9292,98664,4.373272444329171,0.1728566798356649
2696,0.2705,7,66,7,133555,472055,9299,98657,4.372661084145393,0.17286652462187582
2697,0.2706,5,19,5,133574,472036,9304,98652,4.372485086516729,0.1728650330828754
2698,0.2707,4,73,4,133647,471963,9308,98648,4.371808885101338,0.17288134999150034
2699,0.2708,13,89,13,133736,471874,9321,98635,4.370984475156545,0.17288947238343305
2700,0.2709,5,81,5,133817,471793,9326,98630,4.370234169476453,0.17290677269324695
2701,0.271,4,56,4,133873,471737,9330,98626,4.36971543962355,0.17291794874492208
2702,0.2711,3,65,3,133938,471672,9333,98623,4.369113342472859,0.17293330644666358
2703,0.2712,6,58,6,133996,471614,9339,98617,4.368576086553781,0.1729421936022419
2704,0.2713,20,177,20,134173,471437,9359,98597,4.366936529697284,0.17296687566004834
2705,0.2714,2,46,2,134219,471391,9361,98595,4.366510430175256,0.17297793279133172
2706,0.2715,7,119,7,134338,471272,9368,98588,4.365408129237838,0.17300389569367916
2707,0.2716,12,132,12,134470,471140,9380,98576,4.364185408870281,0.17302656060212457
2708,0.2717,3,30,3,134500,471110,9383,98573,4.363907517877654,0.17303131741687922
2709,0.2718,10,54,10,134554,471056,9393,98563,4.363407314090926,0.17303320289526858
2710,0.2719,2,39,2,134593,471017,9395,98561,4.3630460558005115,0.17304214699303694
2711,0.272,2,27,2,134620,470990,9397,98559,4.362795953907147,0.17304744631278432
2712,0.2721,7,43,7,134663,470947,9404,98552,4.362397643484383,0.17305034776180467
2713,0.2722,6,113,6,134776,470834,9410,98546,4.361350920745489,0.17307597737890337
2714,0.2723,5,74,5,134850,470760,9415,98541,4.36066545629701,0.1730912118545374
2715,0.2724,7,72,7,134922,470688,9422,98534,4.359998517914706,0.17310293699119148
2716,0.2725,13,113,13,135035,470575,9435,98521,4.3589517951758125,0.1731184193879416
2717,0.2726,2,39,2,135074,470536,9437,98519,4.358590536885398,0.17312737784572668
2718,0.2727,4,112,4,135186,470424,9441,98515,4.357553077179592,0.173155645860101
2719,0.2728,2,104,2,135290,470320,9443,98513,4.356589721738486,0.1731843968264851
2720,0.2729,6,50,6,135340,470270,9449,98507,4.3561265700841085,0.17319089906940682
2721,0.273,3,61,3,135401,470209,9452,98504,4.3555615250657675,0.17320511400302085
2722,0.2731,18,158,18,135559,470051,9470,98486,4.354097965837934,0.17322707229256848
2723,0.2732,6,63,6,135622,469988,9476,98480,4.353514394753418,0.17323754371398215
2724,0.2733,9,124,9,135746,469864,9485,98471,4.352365778650562,0.173262248497805
2725,0.2734,6,68,6,135814,469796,9491,98465,4.351735892400607,0.1732742525001716
2726,0.2735,15,156,15,135970,469640,9506,98450,4.3502908592389495,0.17330000528085338
2727,0.2736,4,82,4,136052,469558,9510,98446,4.3495312905257695,0.17331920197745088
2728,0.2737,7,63,7,136115,469495,9517,98439,4.348947719441254,0.17332823884465448
2729,0.2738,11,116,11,136231,469379,9528,98428,4.347873207603097,0.17334763396717548
2730,0.2739,9,76,9,136307,469303,9537,98419,4.347169217088443,0.1733577349477385
2731,0.274,22,219,22,136526,469084,9559,98397,4.345140612842269,0.17339258935541454
2732,0.2741,5,68,5,136594,469016,9564,98392,4.344510726592316,0.1734060852155768
2733,0.2742,3,31,3,136625,468985,9567,98389,4.344223572566602,0.17341118909220374
2734,0.2743,9,140,9,136765,468845,9576,98380,4.342926747934343,0.1734408744325444
2735,0.2744,11,62,11,136827,468783,9587,98369,4.342352439882915,0.17344380342483143
2736,0.2745,10,85,10,136912,468698,9597,98359,4.341565082070473,0.1734552258414939
2737,0.2746,1,26,1,136938,468672,9598,98358,4.341324243210197,0.17346172160203163
2738,0.2747,3,92,3,137030,468580,9601,98355,4.340472044166142,0.17348549657368129
2739,0.2748,10,137,10,137167,468443,9611,98345,4.339203008633147,0.1735128478372866
2740,0.2749,2,34,2,137201,468409,9613,98343,4.33888806550817,0.17352034046637682
2741,0.275,9,78,9,137279,468331,9622,98334,4.338165548927341,0.1735310986208783
2742,0.2751,6,49,6,137328,468282,9628,98328,4.33771166030605,0.17353735373537355
2743,0.2752,8,56,8,137384,468226,9636,98320,4.337192930453147,0.17354283676877078
2744,0.2753,5,44,5,137428,468182,9641,98315,4.336785356997296,0.17354902144230244
2745,0.2754,3,27,3,137455,468155,9644,98312,4.336535255103931,0.17355291658649136
2746,0.2755,5,45,5,137500,468110,9649,98307,4.3361184186149915,0.1735594094103814
2747,0.2756,5,77,5,137577,468033,9654,98302,4.335405165067249,0.17357571048937467
2748,0.2757,5,62,5,137639,467971,9659,98297,4.334830857015821,0.17358741797170243
2749,0.2758,3,43,3,137682,467928,9662,98294,4.334432546593057,0.17359622197653923
2750,0.2759,3,22,3,137704,467906,9665,98291,4.33422875986513,0.17359858847715548
2751,0.276,13,110,13,137814,467796,9678,98278,4.3332098262255,0.17361334383843807
2752,0.2761,7,137,7,137951,467659,9685,98271,4.331940790692505,0.17364515046030427
2753,0.2762,2,61,2,138012,467598,9687,98269,4.331375745674164,0.17366094859746195
2754,0.2763,7,74,7,138086,467524,9694,98262,4.330690281225684,0.17367343836715649
2755,0.2764,7,61,7,138147,467463,9701,98255,4.330125236207344,0.173681940472108
2756,0.2765,9,113,9,138260,467350,9710,98246,4.32907851346845,0.1737034915381297
2757,0.2766,9,59,9,138319,467291,9719,98237,4.328531994516284,0.17370846359508282
2758,0.2767,3,53,3,138372,467238,9722,98234,4.328041053762644,0.17372036104351762
2759,0.2768,8,41,8,138413,467197,9730,98226,4.327661269406054,0.17372126708676514
2760,0.2769,6,57,6,138470,467140,9736,98220,4.327133276520064,0.17373001273524832
2761,0.277,6,64,6,138534,467076,9742,98214,4.32654044240246,0.17374091174441436
2762,0.2771,3,83,3,138617,466993,9745,98211,4.325771610656194,0.17376203990063765
2763,0.2772,3,58,3,138675,466935,9748,98208,4.325234354737115,0.17377548691216205
2764,0.2773,7,80,7,138755,466855,9755,98201,4.324493312090111,0.1737898544569034
2765,0.2774,10,49,10,138804,466806,9765,98191,4.324039423468821,0.173790303311345
2766,0.2775,12,139,12,138943,466667,9777,98179,4.3227518618696505,0.1738155178579648
2767,0.2776,2,62,2,139005,466605,9779,98177,4.322177553818222,0.17383167310572928
2768,0.2777,5,73,5,139078,466532,9784,98172,4.321501352402831,0.17384682948943164
2769,0.2778,9,68,9,139146,466464,9793,98163,4.3208714661528775,0.17385459781413215
2770,0.2779,16,103,16,139249,466361,9809,98147,4.319917373744859,0.17386290362581222
2771,0.278,10,81,10,139330,466280,9819,98137,4.319167068064767,0.1738732178513404
2772,0.2781,14,132,14,139462,466148,9833,98123,4.31794434769721,0.17389339519486205
2773,0.2782,1,19,1,139481,466129,9834,98122,4.317768350068547,0.17389778662332897
2774,0.2783,4,44,4,139525,466085,9838,98118,4.317360776612694,0.17390549146317905
2775,0.2784,9,146,9,139671,465939,9847,98109,4.316008373781911,0.1739373244830227
2776,0.2785,9,137,9,139808,465802,9856,98100,4.314739338248916,0.17396639841674616
2777,0.2786,14,78,14,139886,465724,9870,98086,4.314016821668087,0.17396995441726823
2778,0.2787,5,42,5,139928,465682,9875,98081,4.31362777427841,0.17397558903298016
2779,0.2788,7,82,7,140010,465600,9882,98074,4.3128682055652305,0.1739906399798465
2780,0.2789,14,83,14,140093,465517,9896,98060,4.312099373818963,0.17399574503572715
2781,0.279,1,27,1,140120,465490,9897,98059,4.311849271925599,0.17400261556670316
2782,0.2791,6,76,6,140196,465414,9903,98053,4.311145281410945,0.17401728938873084
2783,0.2792,2,52,2,140248,465362,9905,98051,4.310663603690393,0.174030418183464
2784,0.2793,13,221,13,140469,465141,9918,98038,4.308616473378043,0.17407964430491904
2785,0.2794,3,58,3,140527,465083,9921,98035,4.308079217458965,0.17409317407719163
2786,0.2795,27,312,27,140839,464771,9948,98008,4.3051891511356475,0.17415006601170263
2787,0.2796,3,52,3,140891,464719,9951,98005,4.304707473415095,0.17416175602959888
2788,0.2797,14,101,14,140992,464618,9965,97991,4.303771907073252,0.17417247146775114
2789,0.2798,7,85,7,141077,464533,9972,97984,4.30298454926081,0.17418851341381683
2790,0.2799,6,85,6,141162,464448,9978,97978,4.302197191448368,0.1742060288820218
2791,0.28,5,58,5,141220,464390,9983,97973,4.3016599355292895,0.17421665365609046
2792,0.2801,7,198,7,141418,464192,9990,97966,4.2998258549779536,0.17426773255917374
2793,0.2802,2,41,2,141459,464151,9992,97964,4.299446070621364,0.1742775054926483
2794,0.2803,18,134,18,141593,464017,10010,97946,4.298204824187632,0.17429261357064432
2795,0.2804,3,34,3,141627,463983,10013,97943,4.297889881062655,0.1742987510811032
2796,0.2805,4,33,4,141660,463950,10017,97939,4.297584200970766,0.17430310968892432
2797,0.2806,3,34,3,141694,463916,10020,97936,4.297269257845789,0.17430924869894562
2798,0.2807,9,71,9,141765,463845,10029,97927,4.296611582496572,0.1743180507394459
2799,0.2808,3,146,3,141911,463699,10032,97924,4.2952591796657895,0.17435895609688348
2800,0.2809,8,50,8,141961,463649,10040,97916,4.294796028011412,0.17436271847426388
2801,0.281,5,24,5,141985,463625,10045,97911,4.294573715217311,0.17436281912468657
2802,0.2811,5,61,5,142046,463564,10050,97906,4.29400867019897,0.17437441003081197
2803,0.2812,10,77,10,142123,463487,10060,97896,4.293295416651229,0.17438362045163464
2804,0.2813,2,26,2,142149,463461,10062,97894,4.293054577790952,0.17438875577842897
2805,0.2814,11,123,11,142272,463338,10073,97883,4.2919152247211825,0.1744107936089348
2806,0.2815,8,81,8,142353,463257,10081,97875,4.2911649190410905,0.17442419965355746
2807,0.2816,8,55,8,142408,463202,10089,97867,4.290655452221276,0.17442952649317642
2808,0.2817,9,63,9,142471,463139,10098,97858,4.290071881136759,0.1744358704235495
2809,0.2818,3,36,3,142507,463103,10101,97855,4.289738411945607,0.17444264989535757
2810,0.2819,3,48,3,142555,463055,10104,97852,4.289293786357405,0.1744531624672183
2811,0.282,10,89,10,142644,462966,10114,97842,4.288469376412612,0.17446612744468695
2812,0.2821,6,63,6,142707,462903,10120,97836,4.287885805328097,0.17447689566803806
2813,0.2822,4,53,4,142760,462850,10124,97832,4.287394864574456,0.17448749915281747
2814,0.2823,4,72,4,142832,462778,10128,97828,4.286727926192152,0.17450401886529934
2815,0.2824,2,67,2,142899,462711,10130,97826,4.286107302975286,0.17452193164768784
2816,0.2825,7,92,7,142991,462619,10137,97819,4.285255103931231,0.1745402702885957
2817,0.2826,17,130,17,143121,462489,10154,97802,4.284050909629849,0.17455572193735042
2818,0.2827,7,92,7,143213,462397,10161,97795,4.283198710585794,0.17457407460299326
2819,0.2828,7,37,7,143250,462360,10168,97788,4.282855978361555,0.17457529081599862
2820,0.2829,7,91,7,143341,462269,10175,97781,4.282013042350587,0.17459333988036782
2821,0.283,4,70,4,143411,462199,10179,97777,4.281364630034458,0.17460926896867007
2822,0.2831,4,56,4,143467,462143,10183,97773,4.280845900181555,0.17462083598254025
2823,0.2832,6,68,6,143535,462075,10189,97767,4.280216013931602,0.17463320008145156
2824,0.2833,6,27,6,143562,462048,10195,97761,4.279965912038238,0.17463277653628292
2825,0.2834,9,92,9,143654,461956,10204,97752,4.2791137129941825,0.1746482094234851
2826,0.2835,14,189,14,143843,461767,10218,97738,4.277362999740635,0.1746865532926426
2827,0.2836,2,46,2,143889,461721,10220,97736,4.276936900218607,0.1746979660635223
2828,0.2837,4,40,4,143929,461681,10224,97732,4.276566378895105,0.17470455638320884
2829,0.2838,2,78,2,144007,461603,10226,97730,4.275843862314276,0.17472596825147094
2830,0.2839,6,63,6,144070,461540,10232,97724,4.275260291229761,0.1747367969331121
2831,0.284,8,36,8,144106,461504,10240,97716,4.2749268220386085,0.17473623976252636
2832,0.2841,12,157,12,144263,461347,10252,97704,4.273472525843863,0.17476759723173735
2833,0.2842,6,68,6,144331,461279,10258,97698,4.272842639593908,0.17477999989266105
2834,0.2843,14,198,14,144529,461081,10272,97684,4.271008559042573,0.1748212575948744
2835,0.2844,7,77,7,144606,461004,10279,97677,4.270295305494831,0.174835013182836
2836,0.2845,10,75,10,144681,460929,10289,97667,4.269600578013264,0.17484371531482504
2837,0.2846,8,92,8,144773,460837,10297,97659,4.268748378969209,0.17486069730132356
2838,0.2847,6,58,6,144831,460779,10303,97653,4.268211123050132,0.17486999312360324
2839,0.2848,11,149,11,144980,460630,10314,97642,4.266830931120086,0.1749004069700791
2840,0.2849,10,65,10,145045,460565,10324,97632,4.266228833969395,0.17490599197057669
2841,0.285,3,81,3,145126,460484,10327,97629,4.265478528289303,0.17492694131833517
2842,0.2851,6,43,6,145169,460441,10333,97623,4.265080217866538,0.17493154906964076
2843,0.2852,1,67,1,145236,460374,10334,97622,4.264459594649672,0.17495107491809977
2844,0.2853,9,70,9,145306,460304,10343,97613,4.263811182333543,0.17495971623019194
2845,0.2854,7,107,7,145413,460197,10350,97606,4.262820037793175,0.1749829240789311
2846,0.2855,10,170,10,145583,460027,10360,97596,4.261245322168291,0.1750214750826275
2847,0.2856,9,150,9,145733,459877,10369,97587,4.259855867205157,0.1750552502044975
2848,0.2857,12,70,12,145803,459807,10381,97575,4.259207454889029,0.17505947447172676
2849,0.2858,20,159,20,145962,459648,10401,97555,4.257734632628107,0.17507981830679303
2850,0.2859,8,87,8,146049,459561,10409,97547,4.25692874874949,0.175095313655521
2851,0.286,3,91,3,146140,459470,10412,97544,4.256085812738523,0.17511947635068417
2852,0.2861,11,44,11,146184,459426,10423,97533,4.255678239282671,0.17511701938562801
2853,0.2862,7,101,7,146285,459325,10430,97526,4.254742672940828,0.1751384122503147
2854,0.2863,6,133,6,146418,459192,10436,97520,4.253510689540183,0.17517136329017516
2855,0.2864,19,196,19,146614,458996,10455,97501,4.251695135055022,0.17520489778022164
2856,0.2865,2,21,2,146635,458975,10457,97499,4.251500611360184,0.17520854523302076
2857,0.2866,14,73,14,146708,458902,10471,97485,4.2508244099447925,0.17521077954732947
2858,0.2867,10,135,10,146843,458767,10481,97475,4.249573900477973,0.17523847533987005
2859,0.2868,0,23,0,146866,458744,10481,97475,4.2493608507169585,0.17524572155931387
2860,0.2869,16,137,16,147003,458607,10497,97459,4.2480918151839635,0.1752651663651437
2861,0.287,10,93,10,147096,458514,10507,97449,4.247230353106821,0.17527964990475986
2862,0.2871,13,78,13,147174,458436,10520,97436,4.246507836525992,0.17528495768810085
2863,0.2872,7,58,7,147232,458378,10527,97429,4.245970580606914,0.17529286245045492
2864,0.2873,6,80,6,147312,458298,10533,97423,4.24522953795991,0.17530919292234773
2865,0.2874,9,86,9,147398,458212,10542,97414,4.24443291711438,0.17532296904752478
2866,0.2875,4,36,4,147434,458176,10546,97410,4.244099447923228,0.17532839200411818
2867,0.2876,3,52,3,147486,458124,10549,97407,4.243617770202675,0.17534035004347193
2868,0.2877,5,66,5,147552,458058,10554,97402,4.2430064100188964,0.17535376084686566
2869,0.2878,8,114,8,147666,457944,10562,97394,4.241950424246915,0.1753778779770158
2870,0.2879,7,118,7,147784,457826,10569,97387,4.240857386342584,0.1754047545716689
2871,0.288,6,57,6,147841,457769,10575,97381,4.2403293934565935,0.1754138521120418
2872,0.2881,3,43,3,147884,457726,10578,97378,4.239931083033829,0.17542298380123364
2873,0.2882,4,64,4,147948,457662,10582,97374,4.2393382489162255,0.175437268933907
2874,0.2883,6,50,6,147998,457612,10588,97368,4.238875097261848,0.17544416014991532
2875,0.2884,11,125,11,148123,457487,10599,97357,4.237717218125903,0.17546733856723692
2876,0.2885,2,55,2,148178,457432,10601,97355,4.237207751306087,0.17548176146881597
2877,0.2886,8,71,8,148249,457361,10609,97347,4.236550075956871,0.17549233110032667
2878,0.2887,4,55,4,148304,457306,10613,97343,4.2360406091370555,0.17550378707975675
2879,0.2888,19,141,19,148445,457165,10632,97324,4.234734521471711,0.17552016361009867
2880,0.2889,6,103,6,148548,457062,10638,97318,4.2337804290636925,0.17554385078826798
2881,0.289,8,109,8,148657,456953,10646,97310,4.232770758457149,0.17556647295597938
2882,0.2891,4,106,4,148763,456847,10650,97306,4.231788876949868,0.17559410487717292
2883,0.2892,4,23,4,148786,456824,10654,97302,4.231575827188855,0.17559544219184806
2884,0.2893,8,49,8,148835,456775,10662,97294,4.231121938567565,0.17559906798611724
2885,0.2894,7,49,7,148884,456726,10669,97287,4.230668049946274,0.17560418257333313
2886,0.2895,11,113,11,148997,456613,10680,97276,4.229621327207381,0.17562363578262072
2887,0.2896,13,114,13,149111,456499,10693,97263,4.2285653414354,0.1756404375887114
2888,0.2897,7,49,7,149160,456450,10700,97256,4.228111452814109,0.17564555919567423
2889,0.2898,17,147,17,149307,456303,10717,97239,4.226749786950239,0.17566688706548012
2890,0.2899,16,114,16,149421,456189,10733,97223,4.225693801178258,0.17567924078263572
2891,0.29,6,79,6,149500,456110,10739,97217,4.224962021564341,0.17569538446524388
2892,0.2901,8,48,8,149548,456062,10747,97209,4.224517395976139,0.1756987082279751
2893,0.2902,8,169,8,149717,455893,10755,97201,4.222951943384341,0.17574047087836786
2894,0.2903,12,67,12,149784,455826,10767,97189,4.222331320167475,0.1757438767483703
2895,0.2904,0,21,0,149805,455805,10767,97189,4.222136796472637,0.17575055063888578
2896,0.2905,8,50,8,149855,455755,10775,97181,4.221673644818259,0.17575451770186784
2897,0.2906,4,66,4,149921,455689,10779,97177,4.22106228463448,0.17576953547514226
2898,0.2907,8,76,8,149997,455613,10787,97169,4.220358294119826,0.17578177292314148
2899,0.2908,4,42,4,150039,455571,10791,97165,4.219969246730149,0.17578916517107623
2900,0.2909,6,67,6,150106,455504,10797,97159,4.219348623513283,0.17580152823691833
2901,0.291,8,72,8,150178,455432,10805,97151,4.21868168513098,0.1758125023752088
2902,0.2911,6,63,6,150241,455369,10811,97145,4.218098114046463,0.17582359904002431
2903,0.2912,11,151,11,150392,455218,10822,97134,4.216699396050243,0.1758552517235386
2904,0.2913,6,80,6,150472,455138,10828,97128,4.215958353403239,0.17587177193598738
2905,0.2914,4,47,4,150519,455091,10832,97124,4.2155229908481235,0.1758807710764829
2906,0.2915,13,138,13,150657,454953,10845,97111,4.2142446922820405,0.17590532981683282
2907,0.2916,16,154,16,150811,454799,10861,97095,4.212818185186557,0.17593052289026517
2908,0.2917,5,96,5,150907,454703,10866,97090,4.211928934010152,0.17595366378333904
2909,0.2918,8,47,8,150954,454656,10874,97082,4.211493571455037,0.1759567040878098
2910,0.2919,7,84,7,151038,454572,10881,97075,4.2107154766756825,0.17597304073075717
2911,0.292,9,103,9,151141,454469,10890,97066,4.209761384267664,0.17599245741430733
2912,0.2921,13,147,13,151288,454322,10903,97053,4.208399718403794,0.17601995012468827
2913,0.2922,2,49,2,151337,454273,10905,97051,4.207945829782504,0.17603260514688276
2914,0.2923,3,52,3,151389,454221,10908,97048,4.207464152061951,0.1760447258960689
2915,0.2924,15,154,15,151543,454067,10923,97033,4.206037644966468,0.1760714933768826
2916,0.2925,17,205,17,151748,453862,10940,97016,4.204138723183519,0.17611158913588854
2917,0.2926,7,68,7,151816,453794,10947,97009,4.203508836933565,0.1761228606234897
2918,0.2927,5,69,5,151885,453725,10952,97004,4.202869687650525,0.17613744691127578
2919,0.2928,5,50,5,151935,453675,10957,96999,4.202406535996147,0.1761459593153118
2920,0.2929,7,65,7,152000,453610,10964,96992,4.201804438845455,0.17615627985368743
2921,0.293,5,104,5,152104,453506,10969,96987,4.20084108340435,0.17618207679298376
2922,0.2931,12,115,12,152219,453391,10981,96975,4.199775834599281,0.17620092810965793
2923,0.2932,6,94,6,152313,453297,10987,96969,4.1989051094890515,0.17622204533807287
2924,0.2933,5,49,5,152362,453248,10992,96964,4.198451220867761,0.1762302530660909
2925,0.2934,3,22,3,152384,453226,10995,96961,4.198247434139835,0.17623280811796715
2926,0.2935,7,25,7,152409,453201,11002,96954,4.198015858312646,0.17623033508738448
2927,0.2936,10,158,10,152567,453043,11012,96944,4.1965522990848125,0.1762659844687238
2928,0.2937,5,79,5,152646,452964,11017,96939,4.195820519470896,0.17628381732778325
2929,0.2938,19,82,19,152728,452882,11036,96920,4.195060950757716,0.17628164320973733
2930,0.2939,18,164,18,152892,452718,11054,96902,4.193541813331358,0.17630726683890688
2931,0.294,5,89,5,152981,452629,11059,96897,4.192717403386565,0.1763283265941921
2932,0.2941,16,206,16,153187,452423,11075,96881,4.190809218570529,0.17637046152949915
2933,0.2942,6,44,6,153231,452379,11081,96875,4.190401645114676,0.17637559307715556
2934,0.2943,8,76,8,153307,452303,11089,96867,4.189697654600022,0.17638800371469673
2935,0.2944,3,22,3,153329,452281,11092,96864,4.189493867872096,0.1763905707964199
2936,0.2945,1,78,1,153407,452203,11093,96863,4.188771351291267,0.17641412872040885
2937,0.2946,4,25,4,153432,452178,11097,96859,4.188539775464078,0.17641616138803032
2938,0.2947,18,162,18,153594,452016,11115,96841,4.187039164103894,0.1764412223949043
2939,0.2948,1,28,1,153622,451988,11116,96840,4.186779799177443,0.17644872346163096
2940,0.2949,11,52,11,153674,451936,11127,96829,4.18629812145689,0.1764489353366195
2941,0.295,10,127,10,153801,451809,11137,96819,4.185121716254771,0.17647476978936547
2942,0.2951,7,72,7,153873,451737,11144,96812,4.184454777872467,0.1764874240952039
2943,0.2952,3,144,3,154017,451593,11147,96809,4.183120901107859,0.17652926138124952
2944,0.2953,11,109,11,154126,451484,11158,96798,4.182111230501316,0.17654783487329512
2945,0.2954,7,109,7,154235,451375,11165,96791,4.181101559894772,0.17657242514128932
2946,0.2955,6,71,6,154306,451304,11171,96785,4.180443884545555,0.17658628434433093
2947,0.2956,11,143,11,154449,451161,11182,96774,4.179119270814035,0.17661583947001014
2948,0.2957,4,46,4,154495,451115,11186,96770,4.178693171292008,0.17662465663414767
2949,0.2958,2,25,2,154520,451090,11188,96768,4.178461595464819,0.17662971061844493
2950,0.2959,13,182,13,154702,450908,11201,96755,4.176775723442884,0.17666886388162062
2951,0.296,3,42,3,154744,450866,11204,96752,4.176386676053207,0.1766779032099018
2952,0.2961,10,148,10,154892,450718,11214,96742,4.175015747156249,0.17671062726043912
2953,0.2962,2,18,2,154910,450700,11216,96740,4.1748490125606725,0.17671342978225923
2954,0.2963,5,34,5,154944,450666,11221,96735,4.174534069435696,0.1767168857930475
2955,0.2964,9,75,9,155019,450591,11230,96726,4.173839341954129,0.17672756373363152
2956,0.2965,3,78,3,155097,450513,11233,96723,4.173116825373301,0.17674824024735214
2957,0.2966,5,51,5,155148,450462,11238,96718,4.172644410685835,0.17675719141781499
2958,0.2967,7,76,7,155224,450386,11245,96711,4.171940420171181,0.17677121241754204
2959,0.2968,10,83,10,155307,450303,11255,96701,4.171171588424913,0.1767829851335639
2960,0.2969,9,103,9,155410,450200,11264,96692,4.170217496016896,0.17680273253220014
2961,0.297,17,122,17,155532,450078,11281,96675,4.169087405980214,0.17681658811199938
2962,0.2971,5,22,5,155554,450056,11286,96670,4.168883619252288,0.17681617482980505
2963,0.2972,6,41,6,155595,450015,11292,96664,4.168503834895699,0.1768204010031481
2964,0.2973,3,48,3,155643,449967,11295,96661,4.168059209307495,0.17683141002656286
2965,0.2974,4,33,4,155676,449934,11299,96657,4.167753529215607,0.17683606206468822
2966,0.2975,10,105,10,155781,449829,11309,96647,4.166780910741413,0.17685497624781327
2967,0.2976,4,57,4,155838,449772,11313,96643,4.166252917855423,0.17686739932102888
2968,0.2977,8,112,8,155950,449660,11321,96635,4.165215458149617,0.1768916061834723
2969,0.2978,7,101,7,156051,449559,11328,96628,4.164279891807774,0.1769137676290355
2970,0.2979,17,154,17,156205,449405,11345,96611,4.162853384712291,0.17693803844575984
2971,0.298,23,263,23,156468,449142,11368,96588,4.160417207010264,0.176988620746523
2972,0.2981,2,26,2,156494,449116,11370,96586,4.160176368149987,0.1769940370385302
2973,0.2982,2,101,2,156595,449015,11372,96584,4.159240801808144,0.1770237848676409
2974,0.2983,6,86,6,156681,448929,11378,96578,4.158444180962614,0.1770426410660175
2975,0.2984,8,110,8,156791,448819,11386,96570,4.157425247322983,0.17706627746434198
2976,0.2985,5,34,5,156825,448785,11391,96565,4.157110304198007,0.1770697717062437
2977,0.2986,4,117,4,156942,448668,11395,96561,4.156026529326763,0.17710173156600253
2978,0.2987,10,56,10,156998,448612,11405,96551,4.15550779947386,0.17710482919787293
2979,0.2988,7,52,7,157050,448560,11412,96544,4.155026121753307,0.17711115677008424
2980,0.2989,2,78,2,157128,448482,11414,96542,4.154303605172478,0.17713348403006107
2981,0.299,8,74,8,157202,448408,11422,96534,4.1536181407239985,0.17714545768173492
2982,0.2991,11,125,11,157327,448283,11433,96523,4.152460261588055,0.1771694878543922
2983,0.2992,3,48,3,157375,448235,11436,96520,4.1520156359998515,0.177180567411038
2984,0.2993,14,150,14,157525,448085,11450,96506,4.150626181036719,0.17720821680857746
2985,0.2994,13,124,13,157649,447961,11463,96493,4.1494775649338616,0.1772289302677545
2986,0.2995,4,45,4,157694,447916,11467,96489,4.149060728444922,0.177237534556075
2987,0.2996,11,104,11,157798,447812,11478,96478,4.148097373003816,0.17725477227213435
2988,0.2997,5,95,5,157893,447717,11483,96473,4.1472173848604985,0.17727815652621326
2989,0.2998,6,58,6,157951,447659,11489,96467,4.146680128941421,0.17728798109261457
2990,0.2999,15,155,15,158106,447504,11504,96452,4.14524435881285,0.17731581230834847
2991,0.3,20,126,20,158232,447378,11524,96432,4.144077216643818,0.17732663981905444
2992,0.3001,6,50,6,158282,447328,11530,96426,4.14361406498944,0.17733386788878794
2993,0.3002,21,121,21,158403,447207,11551,96405,4.142493237985846,0.17734155978896712
2994,0.3003,4,39,4,158442,447168,11555,96401,4.1421319796954315,0.17734822993952928
2995,0.3004,17,120,17,158562,447048,11572,96384,4.141020415724925,0.17736165702424592
2996,0.3005,4,92,4,158654,446956,11576,96380,4.14016821668087,0.17738563246315356
2997,0.3006,5,60,5,158714,446896,11581,96375,4.139612434695617,0.17739765236870733
2998,0.3007,11,74,11,158788,446822,11592,96364,4.138926970247137,0.17740516139959425
2999,0.3008,5,48,5,158836,446774,11597,96359,4.138482344658935,0.17741326710032349
3000,0.3009,6,61,6,158897,446713,11603,96353,4.137917299640594,0.17742410683047732
3001,0.301,12,66,12,158963,446647,11615,96341,4.137305939456816,0.17742749379360134
3002,0.3011,16,124,16,159087,446523,11631,96325,4.136157323353959,0.1774437780004716
3003,0.3012,1,58,1,159145,446465,11632,96324,4.135620067434881,0.17746122342199272
3004,0.3013,13,123,13,159268,446342,11645,96311,4.134480714365112,0.17748174247631543
3005,0.3014,3,61,3,159329,446281,11648,96308,4.133915669346771,0.17749714793333443
3006,0.3015,12,142,12,159471,446139,11660,96296,4.132600318648338,0.17752541779199352
3007,0.3016,6,69,6,159540,446070,11666,96290,4.131961169365297,0.17753890404897116
3008,0.3017,7,66,7,159606,446004,11673,96283,4.131349809181518,0.17754989516621272
3009,0.3018,3,32,3,159638,445972,11676,96280,4.131053392122717,0.17755582275399628
3010,0.3019,6,40,6,159678,445932,11682,96274,4.130682870799214,0.1775598204372508
3011,0.302,1,55,1,159733,445877,11683,96273,4.130173403979399,0.17757631651756894
3012,0.3021,3,32,3,159765,445845,11686,96270,4.129876986920597,0.17758224730915026
3013,0.3022,9,93,9,159858,445752,11695,96261,4.129015524843455,0.17759906127712805
3014,0.3023,8,90,8,159948,445662,11703,96253,4.128181851865575,0.1776164158585756
3015,0.3024,10,105,10,160053,445557,11713,96243,4.1272092333913815,0.17763565891472868
3016,0.3025,3,58,3,160111,445499,11716,96240,4.126671977472304,0.17765012302972463
3017,0.3026,4,47,4,160158,445452,11720,96236,4.126236614917189,0.1776594644887832
3018,0.3027,14,57,14,160215,445395,11734,96222,4.125708622031198,0.17765690515622662
3019,0.3028,14,73,14,160288,445322,11748,96208,4.125032420615806,0.1776595941129762
3020,0.3029,7,128,7,160416,445194,11755,96201,4.1238467523806,0.17769096500706508
3021,0.303,13,93,13,160509,445101,11768,96188,4.122985290303457,0.17770174527840027
3022,0.3031,7,75,7,160584,445026,11775,96181,4.12229056282189,0.17771573538405822
3023,0.3032,5,93,5,160677,444933,11780,96176,4.121429100744748,0.17773868111600435
3024,0.3033,6,38,6,160715,444895,11786,96170,4.121077105487421,0.17774204578008188
3025,0.3034,12,99,12,160814,444796,11798,96158,4.120160065211753,0.17775633417998574
3026,0.3035,9,78,9,160892,444718,11807,96149,4.119437548630923,0.17776828684316107
3027,0.3036,11,71,11,160963,444647,11818,96138,4.118779873281707,0.17777490130088666
3028,0.3037,8,78,8,161041,444569,11826,96130,4.118057356700878,0.17778838133601135
3029,0.3038,3,68,3,161109,444501,11829,96127,4.117427470450925,0.17780618095992068
3030,0.3039,5,55,5,161164,444446,11834,96122,4.116918003631109,0.1778166669133208
3031,0.304,4,93,4,161257,444353,11838,96118,4.1160565415539665,0.17784117926771278
3032,0.3041,6,61,6,161318,444292,11844,96112,4.1154914965356255,0.1778521254468879
3033,0.3042,9,58,9,161376,444234,11853,96103,4.114954240616547,0.17785752225000323
3034,0.3043,14,115,14,161491,444119,11867,96089,4.1138889918114785,0.17787407813286735
3035,0.3044,9,119,9,161610,444000,11876,96080,4.11278669087406,0.17789957043400978
3036,0.3045,11,52,11,161662,443948,11887,96069,4.112305013153507,0.17789995500141662
3037,0.3046,11,70,11,161732,443878,11898,96058,4.111656600837378,0.17790627037278492
3038,0.3047,1,51,1,161783,443827,11899,96057,4.111184186149913,0.17792155351890407
3039,0.3048,7,83,7,161866,443744,11906,96050,4.110415354403646,0.1779382505177901
3040,0.3049,5,84,5,161950,443660,11911,96045,4.109637259624291,0.1779583290871865
3041,0.305,16,62,16,162012,443598,11927,96029,4.109062951572863,0.17795440183682432
3042,0.3051,10,113,10,162125,443485,11937,96019,4.10801622883397,0.17797643761677392
3043,0.3052,10,126,10,162251,443359,11947,96009,4.106849086664938,0.17800277361652897
3044,0.3053,17,148,17,162399,443211,11964,95992,4.10547815776798,0.17802571573229378
3045,0.3054,2,37,2,162436,443174,11966,95990,4.1051354255437404,0.17803488363466405
3046,0.3055,6,106,6,162542,443068,11972,95984,4.10415354403646,0.1780607436759348
3047,0.3056,8,58,8,162600,443010,11980,95976,4.103616288117381,0.17806770491255802
3048,0.3057,4,87,4,162687,442923,11984,95972,4.102810404238764,0.17809035155271435
3049,0.3058,8,118,8,162805,442805,11992,95964,4.101717366334433,0.178117152248923
3050,0.3059,10,142,10,162947,442663,12002,95954,4.100402015636,0.1781488515958464
3051,0.306,4,40,4,162987,442623,12006,95950,4.100031494312498,0.1781559788552341
3052,0.3061,2,56,2,163043,442567,12008,95948,4.099512764459595,0.1781714529771687
3053,0.3062,21,118,21,163161,442449,12029,95927,4.098419726555263,0.1781784477762753
3054,0.3063,3,77,3,163238,442372,12032,95924,4.097706473007522,0.1781993550017091
3055,0.3064,5,79,5,163317,442293,12037,95919,4.096974693393605,0.17821787697041314
3056,0.3065,10,137,10,163454,442156,12047,95909,4.09570565786061,0.17824798119186344
3057,0.3066,2,59,2,163513,442097,12049,95907,4.0951591389084445,0.17826447387008276
3058,0.3067,6,107,6,163620,441990,12055,95901,4.0941679943680755,0.17829076894761206
3059,0.3068,7,108,7,163728,441882,12062,95894,4.09316758679462,0.17831587873017762
3060,0.3069,7,34,7,163762,441848,12069,95887,4.0928526436696435,0.17831645699089702
3061,0.307,3,55,3,163817,441793,12072,95884,4.092343176849828,0.17833011268847282
3062,0.3071,8,96,8,163913,441697,12080,95876,4.091453925673423,0.17834973110628696
3063,0.3072,10,95,10,164008,441602,12090,95866,4.090573937530105,0.1783659678343641
3064,0.3073,5,70,5,164078,441532,12095,95861,4.089925525213976,0.17838155688667326
3065,0.3074,20,180,20,164258,441352,12115,95841,4.088258179258216,0.17841073878475705
3066,0.3075,8,42,8,164300,441310,12123,95833,4.087869131868539,0.17841245254987964
3067,0.3076,23,129,23,164429,441181,12146,95810,4.086674200600244,0.17842012249739753
3068,0.3077,4,50,4,164479,441131,12150,95806,4.0862110489458665,0.17843061662727658
3069,0.3078,12,63,12,164542,441068,12162,95794,4.085627477861351,0.17843319139741684
3070,0.3079,8,141,8,164683,440927,12170,95786,4.084321390196005,0.17846782172222397
3071,0.308,4,45,4,164728,440882,12174,95782,4.0839045537070655,0.1784766632380782
3072,0.3081,5,38,5,164766,440844,12179,95777,4.083552558449739,0.17848164719606574
3073,0.3082,4,52,4,164818,440792,12183,95773,4.083070880729186,0.17849282006839806
3074,0.3083,11,91,11,164909,440701,12194,95762,4.082227944718219,0.1785062529941487
3075,0.3084,7,88,7,164997,440613,12201,95755,4.081412797806514,0.17852481878113535
3076,0.3085,5,41,5,165038,440572,12206,95750,4.081033013449924,0.17853080798475543
3077,0.3086,10,63,10,165101,440509,12216,95740,4.080449442365408,0.17853646347126056
3078,0.3087,13,146,13,165247,440363,12229,95727,4.079097039534625,0.1785651662967039
3079,0.3088,6,73,6,165320,440290,12235,95721,4.078420838119234,0.17858029032986264
3080,0.3089,4,57,4,165377,440233,12239,95717,4.077892845233243,0.17859315234630097
3081,0.309,6,48,6,165425,440185,12245,95711,4.07744821964504,0.17859995222953706
3082,0.3091,15,128,15,165553,440057,12260,95696,4.076262551409834,0.17861962508842694
3083,0.3092,7,71,7,165624,439986,12267,95689,4.075604876060617,0.1786325663882018
3084,0.3093,9,79,9,165703,439907,12276,95680,4.074873096446701,0.178645112745455
3085,0.3094,5,70,5,165773,439837,12281,95675,4.074224684130572,0.1786607956497707
3086,0.3095,4,54,4,165827,439783,12285,95671,4.073724480343844,0.17867267776503679
3087,0.3096,11,143,11,165970,439640,12296,95660,4.072399866612323,0.17870353073043152
3088,0.3097,5,53,5,166023,439587,12301,95655,4.071908925858684,0.178713553869091
3089,0.3098,1,32,1,166055,439555,12302,95654,4.071612508799881,0.17872270458830103
3090,0.3099,11,60,11,166115,439495,12313,95643,4.0710567268146285,0.17872586136660076
3091,0.31,8,64,8,166179,439431,12321,95635,4.070463892697025,0.17873495979935186
3092,0.3101,16,108,16,166287,439323,12337,95619,4.069463485123569,0.17874648092690423
3093,0.3102,4,49,4,166336,439274,12341,95615,4.069009596502279,0.1787567140098226
3094,0.3103,4,83,4,166419,439191,12345,95611,4.068240764756012,0.17877831421722432
3095,0.3104,15,198,15,166617,438993,12360,95596,4.066406684204676,0.17882148716116494
3096,0.3105,7,103,7,166720,438890,12367,95589,4.0654525917966575,0.17884519316942293
3097,0.3106,9,107,9,166827,438783,12376,95580,4.064461447256289,0.17886717456111295
3098,0.3107,5,72,5,166899,438711,12381,95575,4.063794508873985,0.17888359417989616
3099,0.3108,9,77,9,166976,438634,12390,95566,4.063081255326244,0.17889554473979782
3100,0.3109,8,75,8,167051,438559,12398,95558,4.062386527844677,0.17890836651894623
3101,0.311,5,63,5,167114,438496,12403,95553,4.061802956760162,0.1789217843306513
3102,0.3111,12,165,12,167279,438331,12415,95541,4.060274556300715,0.17895862678694519
3103,0.3112,12,103,12,167382,438228,12427,95529,4.059320463892697,0.1789747019711217
3104,0.3113,9,54,9,167436,438174,12436,95520,4.0588202601059695,0.1789789654745978
3105,0.3114,16,102,16,167538,438072,12452,95504,4.0578754307310385,0.17898856020510667
3106,0.3115,9,55,9,167593,438017,12461,95495,4.057365963911223,0.17899316229063264
3107,0.3116,1,37,1,167630,437980,12462,95494,4.057023231686983,0.17900403768506057
3108,0.3117,5,47,5,167677,437933,12467,95489,4.056587869131868,0.17901211423600827
3109,0.3118,4,77,4,167754,437856,12471,95485,4.055874615584127,0.17903180141785463
3110,0.3119,11,92,11,167846,437764,12482,95474,4.055022416540072,0.17904575442860413
3111,0.312,5,87,5,167933,437677,12487,95469,4.054216532661455,0.17906727237942327
3112,0.3121,8,122,8,168055,437555,12495,95461,4.053086442624773,0.17909593708256413
3113,0.3122,5,92,5,168147,437463,12500,95456,4.052234243580718,0.17911915319213614
3114,0.3123,3,18,3,168165,437445,12503,95453,4.052067508985142,0.17912058217520052
3115,0.3124,13,158,13,168323,437287,12516,95440,4.050603949757309,0.17915367533464607
3116,0.3125,8,84,8,168407,437203,12524,95432,4.0498258549779536,0.17916960019525566
3117,0.3126,5,39,5,168446,437164,12529,95427,4.04946459668754,0.17917501422292154
3118,0.3127,8,79,8,168525,437085,12537,95419,4.048732817073622,0.17918926430599583
3119,0.3128,2,77,2,168602,437008,12539,95417,4.048019563525881,0.17921209560031928
3120,0.3129,6,60,6,168662,436948,12545,95411,4.047463781540627,0.17922304309685758
3121,0.313,16,179,16,168841,436769,12561,95395,4.045805698617955,0.17925864958922438
3122,0.3131,5,44,5,168885,436725,12566,95390,4.045398125162103,0.17926576022100485
3123,0.3132,3,41,3,168926,436684,12569,95387,4.045018340805513,0.17927494638873384
3124,0.3133,19,152,19,169078,436532,12588,95368,4.043610359776205,0.17929686031208875
3125,0.3134,6,75,6,169153,436457,12594,95362,4.042915632294639,0.1793128865271831
3126,0.3135,6,80,6,169233,436377,12600,95356,4.042174589647634,0.17933060389330735
3127,0.3136,7,62,7,169295,436315,12607,95349,4.041600281596206,0.17934071142676578
3128,0.3137,12,110,12,169405,436205,12619,95337,4.040581347956575,0.17935929804229958
3129,0.3138,7,53,7,169458,436152,12626,95330,4.040090407202935,0.1793663755310622
3130,0.3139,6,72,6,169530,436080,12632,95324,4.0394234688206305,0.17938141225884638
3131,0.314,4,89,4,169619,435991,12636,95320,4.038599058875838,0.1794052824052203
3132,0.3141,9,61,9,169680,435930,12645,95311,4.038034013857498,0.17941198062649533
3133,0.3142,8,176,8,169856,435754,12653,95303,4.036403720034088,0.17945907878062053
3134,0.3143,4,43,4,169899,435711,12657,95299,4.036005409611323,0.1794674299919022
3135,0.3144,6,23,6,169922,435688,12663,95293,4.035792359850309,0.17946593192600113
3136,0.3145,6,111,6,170033,435577,12669,95287,4.034764163177591,0.179494183067603
3137,0.3146,5,61,5,170094,435516,12674,95282,4.0341991181592505,0.1795070817900595
3138,0.3147,9,75,9,170169,435441,12683,95273,4.033504390677684,0.1795185354070177
3139,0.3148,13,62,13,170231,435379,12696,95260,4.0329300826262555,0.1795194096174612
3140,0.3149,8,80,8,170311,435299,12704,95252,4.032189039979251,0.17953410699442654
3141,0.315,5,85,5,170396,435214,12709,95247,4.031401682166809,0.17955514165980158
3142,0.3151,8,105,8,170501,435109,12717,95239,4.030429063692615,0.1795783146160634
3143,0.3152,16,145,16,170646,434964,12733,95223,4.02908592389492,0.17960266849243758
3144,0.3153,14,107,14,170753,434857,12747,95209,4.028094779354552,0.1796172552097286
3145,0.3154,16,166,16,170919,434691,12763,95193,4.026557115862018,0.17964875331204566
3146,0.3155,6,90,6,171009,434601,12769,95187,4.025723442884138,0.17966998120002717
3147,0.3156,20,218,20,171227,434383,12789,95167,4.0237041016710515,0.17971296383722027
3148,0.3157,12,89,12,171316,434294,12801,95155,4.022879691726259,0.17972458159331683
3149,0.3158,12,119,12,171435,434175,12813,95143,4.02177739078884,0.17974639063851974
3150,0.3159,4,28,4,171463,434147,12817,95139,4.021518025862388,0.17974970053997272
3151,0.316,11,79,11,171542,434068,12828,95128,4.020786246248472,0.1797594841986712
3152,0.3161,23,137,23,171679,433931,12851,95105,4.019517210715477,0.17977037479490998
3153,0.3162,6,95,6,171774,433836,12857,95099,4.018637222572159,0.17979335835216048
3154,0.3163,10,73,10,171847,433763,12867,95089,4.017961021156768,0.17980266690870036
3155,0.3164,7,58,7,171905,433705,12874,95082,4.017423765237689,0.1798115309188766
3156,0.3165,4,66,4,171971,433639,12878,95078,4.016812405053911,0.17982777175691345
3157,0.3166,12,98,12,172069,433541,12890,95066,4.015904627811331,0.17984249168096525
3158,0.3167,2,38,2,172107,433503,12892,95064,4.015552632554003,0.17985231768158058
3159,0.3168,3,62,3,172169,433441,12895,95061,4.014978324502575,0.17986876113997677
3160,0.3169,6,74,6,172243,433367,12901,95055,4.014292860054096,0.17988463765702412
3161,0.317,15,209,15,172452,433158,12916,95040,4.0123568861387975,0.17993252530301138
3162,0.3171,17,144,17,172596,433014,12933,95023,4.011023009374189,0.17995519253385653
3163,0.3172,22,268,22,172864,432746,12955,95001,4.008540516506725,0.18001239230161423
3164,0.3173,3,66,3,172930,432680,12958,94998,4.007929156322946,0.18003024571803258
3165,0.3174,16,198,16,173128,432482,12974,94982,4.0060950757716105,0.180072952846071
3166,0.3175,5,55,5,173183,432427,12979,94977,4.005585608951796,0.18008395840759645
3167,0.3176,3,26,3,173209,432401,12982,94974,4.005344770091519,0.18008817255273762
3168,0.3177,3,53,3,173262,432348,12985,94971,4.004853829337878,0.1801016083243729
3169,0.3178,4,42,4,173304,432306,12989,94967,4.004464781948201,0.18010973442599942
3170,0.3179,22,156,22,173460,432150,13011,94945,4.003019748786543,0.18012881928305144
3171,0.318,4,49,4,173509,432101,13015,94941,4.0025658601652525,0.1801393437335165
3172,0.3181,9,77,9,173586,432024,13024,94932,4.00185260661751,0.18015166351649853
3173,0.3182,7,37,7,173623,431987,13031,94925,4.001509874393271,0.18015342220332806
3174,0.3183,5,49,5,173672,431938,13036,94920,4.001055985771981,0.18016239669892078
3175,0.3184,1,23,1,173695,431915,13037,94919,4.000842936010968,0.18016870589217857
3176,0.3185,5,49,5,173744,431866,13042,94914,4.000389047389677,0.1801776832833441
3177,0.3186,10,52,10,173796,431814,13052,94904,3.9999073696691245,0.1801799065154409
3178,0.3187,4,63,4,173859,431751,13056,94900,3.9993237985846086,0.18019523365568468
3179,0.3188,8,91,8,173950,431660,13064,94892,3.998480862573641,0.18021391999270728
3180,0.3189,2,54,2,174004,431606,13066,94890,3.997980658786913,0.1802292894912782
3181,0.319,9,95,9,174099,431511,13075,94881,3.9971006706435954,0.18024780011854283
3182,0.3191,7,43,7,174142,431468,13082,94874,3.996702360220831,0.18025162346915125
3183,0.3192,23,251,23,174393,431217,13105,94851,3.9943773389158546,0.18030178608088687
3184,0.3193,13,96,13,174489,431121,13118,94838,3.993488087739449,0.18031443515559198
3185,0.3194,16,149,16,174638,430972,13134,94822,3.992107895809404,0.1803405896605895
3186,0.3195,7,37,7,174675,430935,13141,94815,3.9917651635851645,0.18034236804564907
3187,0.3196,6,118,6,174793,430817,13147,94809,3.990672125680833,0.18037349750583115
3188,0.3197,8,76,8,174869,430741,13155,94801,3.989968135166179,0.1803871051219503
3189,0.3198,10,68,10,174937,430673,13165,94791,3.989338248916225,0.18039485102690195
3190,0.3199,8,99,8,175036,430574,13173,94783,3.988421208640557,0.1804163644911936
3191,0.32,27,192,27,175228,430382,13200,94756,3.9866427062877468,0.18044018905506742
3192,0.3201,5,60,5,175288,430322,13205,94751,3.9860869243024935,0.18045300367758388
3193,0.3202,3,53,3,175341,430269,13208,94748,3.985595983548853,0.1804665372740311
3194,0.3203,19,83,19,175424,430186,13227,94729,3.984827151802586,0.1804654086852157
3195,0.3204,11,91,11,175515,430095,13238,94718,3.9839842157916188,0.18047952318254312
3196,0.3205,12,77,12,175592,430018,13250,94706,3.983270962243877,0.18048726568634177
3197,0.3206,14,87,14,175679,429931,13264,94692,3.98246507836526,0.18049532712061805
3198,0.3207,4,38,4,175717,429893,13268,94688,3.982113083107933,0.18050215314698778
3199,0.3208,13,114,13,175831,429779,13281,94675,3.9810570973359516,0.180521075251595
3200,0.3209,9,58,9,175889,429721,13290,94666,3.9805198414168736,0.18052697721339392
3201,0.321,14,82,14,175971,429639,13304,94652,3.979760272703694,0.1805333297729696
3202,0.3211,13,68,13,176039,429571,13317,94639,3.9791303864537406,0.1805364262413918
3203,0.3212,2,40,2,176079,429531,13319,94637,3.9787598651302383,0.18054707650982127
3204,0.3213,8,118,8,176197,429413,13327,94629,3.977666827225907,0.1805752210700669
3205,0.3214,4,46,4,176243,429367,13331,94625,3.9772407277038795,0.1805848180888258
3206,0.3215,5,24,5,176267,429343,13336,94620,3.9770184149097783,0.18058527033397395
3207,0.3216,13,130,13,176397,429213,13349,94607,3.975814220608396,0.18060975144133481
3208,0.3217,8,58,8,176455,429155,13357,94599,3.975276964689318,0.18061723633614254
3209,0.3218,6,83,6,176538,429072,13363,94593,3.974508132943051,0.18063647560940677
3210,0.3219,9,62,9,176600,429010,13372,94584,3.9739338248916227,0.1806437812503581
3211,0.322,15,156,15,176756,428854,13387,94569,3.972488791729964,0.18067413927167894
3212,0.3221,8,87,8,176843,428767,13395,94561,3.971682907851347,0.180691650360768
3213,0.3222,8,70,8,176913,428697,13403,94553,3.971034495535218,0.1807032967032967
3214,0.3223,10,56,10,176969,428641,13413,94543,3.970515765682315,0.18070697880669134
3215,0.3224,8,75,8,177044,428566,13421,94535,3.9698210382007484,0.18072035801881473
3216,0.3225,5,50,5,177094,428516,13426,94530,3.9693578865463706,0.18072980196770455
3217,0.3226,3,73,3,177167,428443,13429,94527,3.968681685130979,0.18075032984683634
3218,0.3227,6,68,6,177235,428375,13435,94521,3.9680517988810258,0.18076443499280928
3219,0.3228,4,95,4,177330,428280,13439,94517,3.967171810737708,0.18079101448554602
3220,0.3229,7,68,7,177398,428212,13446,94510,3.9665419244877542,0.1808035628881126
3221,0.323,5,67,5,177465,428145,13451,94505,3.965921301270888,0.1808189036640199
3222,0.3231,4,48,4,177513,428097,13455,94501,3.9654766756826856,0.18082924159679142
3223,0.3232,17,137,17,177650,427960,13472,94484,3.9642076401496906,0.18085000497660994
3224,0.3233,24,157,24,177807,427803,13496,94460,3.9627533439549447,0.1808667280661276
3225,0.3234,4,50,4,177857,427753,13500,94456,3.962290192300567,0.18087777116058895
3226,0.3235,11,70,11,177927,427683,13511,94445,3.961641779984438,0.1808847638893145
3227,0.3236,2,37,2,177964,427646,13513,94443,3.961299047760199,0.18089444519995632
3228,0.3237,13,76,13,178040,427570,13526,94430,3.9605950572455444,0.18090038314176246
3229,0.3238,16,173,16,178213,427397,13542,94414,3.958992552521398,0.18093524283696588
3230,0.3239,7,58,7,178271,427339,13549,94407,3.9584552966023194,0.18094436756582705
3231,0.324,2,54,2,178325,427285,13551,94405,3.9579550928155913,0.18095995706262338
3232,0.3241,8,71,8,178396,427214,13559,94397,3.9572974174663753,0.18097202704697563
3233,0.3242,11,67,11,178463,427147,13570,94386,3.956676794249509,0.18097800139204998
3234,0.3243,11,145,11,178608,427002,13581,94375,3.9553336544518136,0.18101105342199597
3235,0.3244,13,86,13,178694,426916,13594,94362,3.954537033606284,0.18102049194479722
3236,0.3245,4,88,4,178782,426828,13598,94358,3.9537218866945794,0.18104477096468438
3237,0.3246,12,147,12,178929,426681,13610,94346,3.952360220830709,0.1810769883326584
3238,0.3247,9,61,9,178990,426620,13619,94337,3.951795175812368,0.18108404340473397
3239,0.3248,12,104,12,179094,426516,13631,94325,3.9508318203712625,0.18110133418836075
3240,0.3249,3,37,3,179131,426479,13634,94322,3.9504890881470227,0.18110948327672183
3241,0.325,12,135,12,179266,426344,13646,94310,3.949238578680203,0.1811375692878572
3242,0.3251,13,113,13,179379,426231,13659,94297,3.9481918559413094,0.18115644115206098
3243,0.3252,5,55,5,179434,426176,13664,94292,3.947682389121494,0.18116771828431336
3244,0.3253,15,149,15,179583,426027,13679,94277,3.9463021971914483,0.1811959931117193
3245,0.3254,8,123,8,179706,425904,13687,94269,3.945162844121679,0.18122624588358105
3246,0.3255,2,38,2,179744,425866,13689,94267,3.944810848864352,0.1812363376290295
3247,0.3256,8,67,8,179811,425799,13697,94259,3.944190225647486,0.18124709167054445
3248,0.3257,9,154,9,179965,425645,13706,94250,3.9427637185520026,0.18128660594927823
3249,0.3258,3,56,3,180021,425589,13709,94247,3.9422449886990996,0.1813014104448326
3250,0.3259,7,57,7,180078,425532,13716,94240,3.941716995813109,0.1813102668092933
3251,0.326,5,73,5,180151,425459,13721,94235,3.9410407943977175,0.1813278583166248
3252,0.3261,11,209,11,180360,425250,13732,94224,3.939104820482419,0.18138347636262836
3253,0.3262,5,55,5,180415,425195,13737,94219,3.9385953536626035,0.1813948026044735
3254,0.3263,22,190,22,180605,425005,13759,94197,3.936835377375968,0.18142649681626805
3255,0.3264,9,66,9,180671,424939,13768,94188,3.9362240171921896,0.18143537130605805
3256,0.3265,5,29,5,180700,424910,13773,94183,3.9359553892326504,0.1814376229307658
3257,0.3266,4,34,4,180734,424876,13777,94179,3.9356404461076737,0.18144319966092226
3258,0.3267,4,41,4,180775,424835,13781,94175,3.9352606617510837,0.18145122444654246
3259,0.3268,9,100,9,180875,424735,13790,94166,3.9343343584423285,0.18147199562151548
3260,0.3269,5,63,5,180938,424672,13795,94161,3.9337507873578126,0.18148614294002116
3261,0.327,2,29,2,180967,424643,13797,94159,3.9334821593982734,0.18149313225469446
3262,0.3271,11,70,11,181037,424573,13808,94148,3.9328337470821446,0.18150026700287825
3263,0.3272,11,83,11,181120,424490,13819,94137,3.9320649153358778,0.1815119536776913
3264,0.3273,14,91,14,181211,424399,13833,94123,3.9312219793249104,0.18152170978280574
3265,0.3274,8,132,8,181343,424267,13841,94115,3.929999258957353,0.1815553009170843
3266,0.3275,5,41,5,181384,424226,13846,94110,3.9296194746007633,0.18156176688480058
3267,0.3276,4,48,4,181432,424178,13850,94106,3.929174849012561,0.18157226539889326
3268,0.3277,2,29,2,181461,424149,13852,94104,3.9289062210530217,0.18157926726907514
3269,0.3278,18,117,18,181578,424032,13870,94086,3.9278224461817777,0.1815918381526988
3270,0.3279,14,156,14,181734,423876,13884,94072,3.9263774130201194,0.18162441017244974
3271,0.328,6,50,6,181784,423826,13890,94066,3.9259142613657416,0.18163246391139465
3272,0.3281,17,137,17,181921,423689,13907,94049,3.9246452258327467,0.1816536549374394
3273,0.3282,17,96,17,182017,423593,13924,94032,3.9237559746563413,0.18166046848587297
3274,0.3283,14,126,14,182143,423467,13938,94018,3.9225888324873095,0.18168256084717432
3275,0.3284,4,69,4,182212,423398,13942,94014,3.9219496832042684,0.18170046307391402
3276,0.3285,14,139,14,182351,423259,13956,94000,3.9206621216050985,0.18172714249534566
3277,0.3286,8,84,8,182435,423175,13964,93992,3.919884026825744,0.18174400145407577
3278,0.3287,4,52,4,182487,423123,13968,93988,3.919402349105191,0.18175594794927974
3279,0.3288,7,74,7,182561,423049,13975,93981,3.918716884656712,0.1817708837011392
3280,0.3289,3,31,3,182592,423018,13978,93978,3.9184297306309976,0.18177703502541606
3281,0.329,8,95,8,182687,422923,13986,93970,3.91754974248768,0.18179778019822285
3282,0.3291,9,91,9,182778,422832,13995,93961,3.9167068064767125,0.18181554316718687
3283,0.3292,5,35,5,182813,422797,14000,93956,3.916382600318648,0.18181994105501081
3284,0.3293,19,112,19,182925,422685,14019,93937,3.915345140612842,0.18182926782057288
3285,0.3294,3,75,3,183000,422610,14022,93934,3.914650413131276,0.18185091686284227
3286,0.3295,6,105,6,183105,422505,14028,93928,3.9136777946570827,0.18187838499863487
3287,0.3296,9,99,9,183204,422406,14037,93919,3.9127607543814147,0.18189899772430154
3288,0.3297,4,63,4,183267,422343,14041,93915,3.912177183296899,0.18191485652522577
3289,0.3298,5,97,5,183364,422246,14046,93910,3.911278669087406,0.18194111857655437
3290,0.3299,12,157,12,183521,422089,14058,93898,3.90982437289266,0.18197745292032552
3291,0.33,16,130,16,183651,421959,14074,93882,3.9086201785912777,0.1819979412260755
3292,0.3301,13,94,13,183745,421865,14087,93869,3.9077494534810477,0.18201049378167816
3293,0.3302,8,108,8,183853,421757,14095,93861,3.906749045907592,0.18203592582105357
3294,0.3303,13,79,13,183932,421678,14108,93848,3.9060172662936754,0.1820431947176282
3295,0.3304,2,77,2,184009,421601,14110,93846,3.9053040127459338,0.18206721544601093
3296,0.3305,9,56,9,184065,421545,14119,93837,3.9047852828930303,0.18207271499586714
3297,0.3306,8,49,8,184114,421496,14127,93829,3.90433139427174,0.182077329840392
3298,0.3307,5,68,5,184182,421428,14132,93824,3.9037015080217867,0.1820934222477545
3299,0.3308,21,126,21,184308,421302,14153,93803,3.902534365852755,0.18210461944652062
3300,0.3309,5,71,5,184379,421231,14158,93798,3.9018766905035385,0.18212178343355423
3301,0.331,10,57,10,184436,421174,14168,93788,3.9013486976175478,0.18212605978693575
3302,0.3311,10,35,10,184471,421139,14178,93778,3.9010244914594834,0.18212255567402125
3303,0.3312,8,138,8,184609,421001,14186,93770,3.899746192893401,0.1821586686118682
3304,0.3313,7,34,7,184643,420967,14193,93763,3.899431249768424,0.18215957880830727
3305,0.3314,4,58,4,184701,420909,14197,93759,3.898893993849346,0.18217375084520507
3306,0.3315,2,39,2,184740,420870,14199,93757,3.8985327355589314,0.1821843782001333
3307,0.3316,4,48,4,184788,420822,14203,93753,3.898088109970729,0.18219501530389157
3308,0.3317,2,32,2,184820,420790,14205,93751,3.897791692911927,0.18220316748325208
3309,0.3318,15,89,15,184909,420701,14220,93736,3.8969672829671347,0.1822108440878086
3310,0.3319,9,59,9,184968,420642,14229,93727,3.896420764014969,0.18221743534310972
3311,0.332,7,25,7,184993,420617,14236,93720,3.89618918818778,0.18221516243241298
3312,0.3321,19,121,19,185114,420496,14255,93701,3.8950683611841863,0.1822278231883889
3313,0.3322,11,126,11,185240,420370,14266,93690,3.8939012190151545,0.18225498968991946
3314,0.3323,17,143,17,185383,420227,14283,93673,3.892576605283634,0.18227865343452032
3315,0.3324,6,75,6,185458,420152,14289,93667,3.8918818778020676,0.18229571113563336
3316,0.3325,8,60,8,185518,420092,14297,93659,3.8913260958168143,0.1823042680208895
3317,0.3326,7,34,7,185552,420058,14304,93652,3.8910111526918376,0.1823051916450916
3318,0.3327,14,114,14,185666,419944,14318,93638,3.889955166919856,0.18232336803081106
3319,0.3328,5,56,5,185722,419888,14323,93633,3.889436437066953,0.1823352891118377
3320,0.3329,16,158,16,185880,419730,14339,93617,3.8879728778391196,0.18236592402410065
3321,0.333,7,49,7,185929,419681,14346,93610,3.8875189892178295,0.18237218264103597
3322,0.3331,18,59,18,185988,419622,14364,93592,3.886972470265664,0.18236447174083326
3323,0.3332,11,103,11,186091,419519,14375,93581,3.8860183778576456,0.18238355096472422
3324,0.3333,3,51,3,186142,419468,14378,93578,3.8855459631701805,0.1823969000830335
3325,0.3334,7,58,7,186200,419410,14385,93571,3.885008707251102,0.1824063659277829
3326,0.3335,7,47,7,186247,419363,14392,93564,3.8845733446959874,0.18241192216436258
3327,0.3336,10,76,10,186323,419287,14402,93554,3.883869354181333,0.1824230122006626
3328,0.3337,10,50,10,186373,419237,14412,93544,3.8834062025269556,0.1824248558351421
3329,0.3338,5,45,5,186418,419192,14417,93539,3.8829893660380157,0.18243289366158863
3330,0.3339,7,80,7,186498,419112,14424,93532,3.882248323391011,0.18245019935861922
3331,0.334,9,46,9,186544,419066,14433,93523,3.8818222238689835,0.1824522180538404
3332,0.3341,4,16,4,186560,419050,14437,93519,3.881674015339583,0.18245153335453373
3333,0.3342,4,30,4,186590,419020,14441,93515,3.8813961243469564,0.18245583228462448
3334,0.3343,6,54,6,186644,418966,14447,93509,3.8808959205602283,0.1824654861212742
3335,0.3344,3,52,3,186696,418914,14450,93506,3.8804142428396755,0.18247921626790523
3336,0.3345,9,64,9,186760,418850,14459,93497,3.879821408722072,0.18248764997160127
3337,0.3346,5,62,5,186822,418788,14464,93492,3.8792471006706437,0.1825017568517217
3338,0.3347,6,84,6,186906,418704,14470,93486,3.878469005891289,0.18252211093539505
3339,0.3348,5,57,5,186963,418647,14475,93481,3.8779410130052985,0.18253444451387152
3340,0.3349,5,33,5,186996,418614,14480,93476,3.877635332913409,0.18253822570251324
3341,0.335,7,66,7,187062,418548,14487,93469,3.8770239727296305,0.18255057937529418
3342,0.3351,10,100,10,187162,418448,14497,93459,3.8760976694208753,0.18257027155323136
3343,0.3352,13,149,13,187311,418299,14510,93446,3.8747174774908295,0.18260266343589093
3344,0.3353,2,55,2,187366,418244,14512,93444,3.874208010671014,0.1826190960116321
3345,0.3354,16,128,16,187494,418116,14528,93428,3.873022342435807,0.1826392255602646
3346,0.3355,27,179,27,187673,417937,14555,93401,3.871364259513135,0.1826600017992013
3347,0.3356,6,62,6,187735,417875,14561,93395,3.8707899514617066,0.18267256048663133
3348,0.3357,2,55,2,187790,417820,14563,93393,3.8702804846418912,0.18268901612439434
3349,0.3358,4,87,4,187877,417733,14567,93389,3.869474600763274,0.1827137160990918
3350,0.3359,13,127,13,188004,417606,14580,93376,3.8682981955611546,0.1827383352055454
3351,0.336,5,79,5,188083,417527,14585,93371,3.8675664159472376,0.18275859369189154
3352,0.3361,8,60,8,188143,417467,14593,93363,3.8670106339619843,0.182767261124053
3353,0.3362,9,112,9,188255,417355,14602,93354,3.8659731742561783,0.18279294079407254
3354,0.3363,12,101,12,188356,417254,14614,93342,3.8650376079143354,0.18280989275278303
3355,0.3364,8,47,8,188403,417207,14622,93334,3.8646022453592206,0.18281391700176872
3356,0.3365,10,101,10,188504,417106,14632,93324,3.8636666790173773,0.1828340810689027
3357,0.3366,4,42,4,188546,417064,14636,93320,3.8632776316277,0.18284272234239318
3358,0.3367,6,117,6,188663,416947,14642,93314,3.8621938567564564,0.18287503846070932
3359,0.3368,19,117,19,188780,416830,14661,93295,3.8611100818852124,0.1828865474148493
3360,0.3369,13,146,13,188926,416684,14674,93282,3.8597576790544297,0.1829180768914006
3361,0.337,15,109,15,189035,416575,14689,93267,3.8587480084478862,0.1829331439936294
3362,0.3371,10,124,10,189159,416451,14699,93257,3.8575993923450294,0.18296161723967447
3363,0.3372,11,201,11,189360,416250,14710,93246,3.8557375226944313,0.1830161571435301
3364,0.3373,4,52,4,189412,416198,14714,93242,3.855255844973878,0.18302842336683417
3365,0.3374,9,84,9,189496,416114,14723,93233,3.8544777501945235,0.18304417224406938
3366,0.3375,12,121,12,189617,415993,14735,93221,3.8533569231909297,0.18306841524388567
3367,0.3376,12,136,12,189753,415857,14747,93209,3.8520971506910224,0.18309806586965147
3368,0.3377,3,34,3,189787,415823,14750,93206,3.8517822075660453,0.18310548122012696
3369,0.3378,25,274,25,190061,415549,14775,93181,3.8492441365000554,0.1831639573054469
3370,0.3379,13,103,13,190164,415446,14788,93168,3.8482900440920376,0.18318017199683848
3371,0.338,12,81,12,190245,415365,14800,93156,3.8475397384119456,0.18319007474617569
3372,0.3381,7,72,7,190317,415293,14807,93149,3.8468728000296415,0.18320477065230645
3373,0.3382,1,64,1,190381,415229,14808,93148,3.8462799659120384,0.1832262277797776
3374,0.3383,5,52,5,190433,415177,14813,93143,3.8457982881914856,0.18323693736229146
3375,0.3384,14,111,14,190544,415066,14827,93129,3.844770091518767,0.18325445941026575
3376,0.3385,11,92,11,190636,414974,14838,93118,3.8439178924747117,0.18326995898380607
3377,0.3386,4,49,4,190685,414925,14842,93114,3.8434640038534216,0.18328120478939608
3378,0.3387,4,60,4,190745,414865,14846,93110,3.8429082218681687,0.18329642206801516
3379,0.3388,22,133,22,190878,414732,14868,93088,3.8416762384675236,0.18330904651254382
3380,0.3389,10,91,10,190969,414641,14878,93078,3.840833302456556,0.18332581605179243
3381,0.339,8,65,8,191034,414576,14886,93070,3.8402312053058654,0.1833364194734126
3382,0.3391,4,72,4,191106,414504,14890,93066,3.8395642669235612,0.18335599030675573
3383,0.3392,17,207,17,191313,414297,14907,93049,3.837646819074438,0.18340343670788772
3384,0.3393,4,76,4,191389,414221,14911,93045,3.8369428285597835,0.1834244755217184
3385,0.3394,11,54,11,191443,414167,14922,93034,3.836442624773056,0.18342629450651715
3386,0.3395,3,68,3,191511,414099,14925,93031,3.835812738523102,0.18344605919586693
3387,0.3396,8,88,8,191599,414011,14933,93023,3.834997591611397,0.18346501418050862
3388,0.3397,5,29,5,191628,413982,14938,93018,3.834728963651858,0.18346745562130176
3389,0.3398,8,61,8,191689,413921,14946,93010,3.8341639186335175,0.18347664672312405
3390,0.3399,8,38,8,191727,413883,14954,93002,3.8338119233761905,0.18347751462363257
3391,0.34,2,32,2,191759,413851,14956,93000,3.8335155063173887,0.183485876519924
3392,0.3401,7,68,7,191827,413783,14963,92993,3.832885620067435,0.18349921858967275
3393,0.3402,14,116,14,191943,413667,14977,92979,3.8318111082292785,0.18351866984048035
3394,0.3403,5,53,5,191996,413614,14982,92974,3.831320167475638,0.1835298112075296
3395,0.3404,6,36,6,192032,413578,14988,92968,3.8309866982844865,0.1835331835608217
3396,0.3405,13,124,13,192156,413454,15001,92955,3.8298380821816296,0.18355716426840754
3397,0.3406,12,144,12,192300,413310,15013,92943,3.8285042054170217,0.18359002317023307
3398,0.3407,4,19,4,192319,413291,15017,92939,3.828328207788358,0.18359046283309957
3399,0.3408,3,46,3,192365,413245,15020,92936,3.827902108266331,0.18360230826522528
3400,0.3409,6,55,6,192420,413190,15026,92930,3.827392641446515,0.1836125819963645
3401,0.341,16,104,16,192524,413086,15042,92914,3.8264292860054097,0.18362450592885377
3402,0.3411,1,72,1,192596,413014,15043,92913,3.8257623476231055,0.1836490244640037
3403,0.3412,2,37,2,192633,412977,15045,92911,3.825419615398866,0.1836592289202353
3404,0.3413,19,150,19,192783,412827,15064,92892,3.824030160435733,0.18368303346324738
3405,0.3414,2,30,2,192813,412797,15066,92890,3.8237522694431063,0.183690701955953
3406,0.3415,13,112,13,192925,412685,15079,92877,3.8227148097373003,0.18371040544977668
3407,0.3416,25,147,25,193072,412538,15104,92852,3.82135314387343,0.18372346108945567
3408,0.3417,2,28,2,193100,412510,15106,92850,3.8210937789469783,0.1837304100047491
3409,0.3418,3,64,3,193164,412446,15109,92847,3.8205009448293747,0.1837488348344426
3410,0.3419,6,21,6,193185,412425,15115,92841,3.820306421134536,0.18374677892436855
3411,0.342,15,114,15,193299,412311,15130,92826,3.819250435362555,0.18376400857589129
3412,0.3421,7,102,7,193401,412209,15137,92819,3.8183056059876246,0.18378980967391906
3413,0.3422,4,53,4,193454,412156,15141,92815,3.817814665233984,0.18380263421067744
3414,0.3423,7,61,7,193515,412095,15148,92808,3.8172496202156436,0.18381352457798825
3415,0.3424,18,163,18,193678,411932,15166,92790,3.815739745822372,0.18384377934783902
3416,0.3425,19,128,19,193806,411804,15185,92771,3.8145540775871654,0.1838596838923847
3417,0.3426,4,81,4,193887,411723,15189,92767,3.8138037719070734,0.1838827330571468
3418,0.3427,20,170,20,194057,411553,15209,92747,3.812229056282189,0.18391235375768392
3419,0.3428,2,34,2,194091,411519,15211,92745,3.8119141131572123,0.18392151730046166
3420,0.3429,5,63,5,194154,411456,15216,92740,3.8113305420726964,0.18393640568350403
3421,0.343,6,103,6,194257,411353,15222,92734,3.810376449664678,0.18396427600791132
3422,0.3431,0,40,0,194297,411313,15222,92734,3.8100059283411762,0.1839788749858644
3423,0.3432,2,32,2,194329,411281,15224,92732,3.8097095112823745,0.18398731778743802
3424,0.3433,10,93,10,194422,411188,15234,92722,3.8088480492052317,0.18400508027227083
3425,0.3434,13,130,13,194552,411058,15247,92709,3.8076438549038496,0.18403150662905668
3426,0.3435,1,23,1,194575,411035,15248,92708,3.807430805142836,0.18403828936580757
3427,0.3436,6,42,6,194617,410993,15254,92702,3.807041757753159,0.18404391546471574
3428,0.3437,9,96,9,194713,410897,15263,92693,3.8061525065767534,0.18406441748247582
3429,0.3438,6,73,6,194786,410824,15269,92687,3.805476305161362,0.18408138054580733
3430,0.3439,18,164,18,194950,410660,15287,92669,3.8039571677350033,0.18411218109824787
3431,0.344,5,46,5,194996,410614,15292,92664,3.8035310682129757,0.18412090335758766
3432,0.3441,11,60,11,195056,410554,15303,92653,3.8029752862277224,0.184125022108198
3433,0.3442,5,41,5,195097,410513,15308,92648,3.802595501871133,0.1841319180143135
3434,0.3443,24,153,24,195250,410360,15332,92624,3.8011782578087367,0.18414899877530896
3435,0.3444,7,59,7,195309,410301,15339,92617,3.800631738856571,0.18415924663662864
3436,0.3445,2,35,2,195344,410266,15341,92615,3.8003075326985067,0.18416881926340425
3437,0.3446,13,123,13,195467,410143,15354,92602,3.7991681796287375,0.18419278162885758
3438,0.3447,9,110,9,195577,410033,15363,92593,3.798149245989107,0.18421848451930461
3439,0.3448,14,111,14,195688,409922,15377,92579,3.797121049316388,0.18423644928069796
3440,0.3449,8,68,8,195756,409854,15385,92571,3.7964911630664346,0.18424839528287804
3441,0.345,2,35,2,195791,409819,15387,92569,3.7961669569083702,0.18425798386904146
3442,0.3451,9,115,9,195906,409704,15396,92560,3.795101708103301,0.18428555500692861
3443,0.3452,8,63,8,195969,409641,15404,92552,3.7945181370187853,0.18429567915124265
3444,0.3453,4,55,4,196024,409586,15408,92548,3.79400867019897,0.1843093676190021
3445,0.3454,23,147,23,196171,409439,15431,92525,3.7926470043350995,0.18432596759927006
3446,0.3455,2,33,2,196204,409406,15433,92523,3.79234132424321,0.18433483620193294
3447,0.3456,5,80,5,196284,409326,15438,92518,3.7916002815962058,0.18435609472266282
3448,0.3457,10,64,10,196348,409262,15448,92508,3.791007447478602,0.18436335372780357
3449,0.3458,4,41,4,196389,409221,15452,92504,3.7906276631220126,0.18437191688674073
3450,0.3459,10,91,10,196480,409130,15462,92494,3.789784727111045,0.1843891041895922
3451,0.346,7,82,7,196562,409048,15469,92487,3.7890251583978656,0.18440786784571367
3452,0.3461,4,83,4,196645,408965,15473,92483,3.7882563266515987,0.1844318852602862
3453,0.3462,14,77,14,196722,408888,15487,92469,3.787543073103857,0.1844374367965342
3454,0.3463,2,33,2,196755,408855,15489,92467,3.787237393011968,0.1844463239195567
3455,0.3464,7,75,7,196830,408780,15496,92460,3.7865426655304013,0.18446253291836245
3456,0.3465,9,97,9,196927,408683,15505,92451,3.7856441513209087,0.1844835912151241
3457,0.3466,1,41,1,196968,408642,15506,92450,3.7852643669643187,0.18449705842440112
3458,0.3467,6,51,6,197019,408591,15512,92444,3.7847919522768536,0.18450607243006975
3459,0.3468,10,74,10,197093,408517,15522,92434,3.7841064878283746,0.18451704857361298
3460,0.3469,18,156,18,197249,408361,15540,92416,3.782661454666716,0.1845452167331966
3461,0.347,8,57,8,197306,408304,15548,92408,3.7821334617807256,0.18455319624854208
3462,0.3471,12,85,12,197391,408219,15560,92396,3.7813461039682834,0.1845649850683659
3463,0.3472,13,138,13,197529,408081,15573,92383,3.7800678054022008,0.18459469612199877
3464,0.3473,3,34,3,197563,408047,15576,92380,3.779752862277224,0.1846023495934472
3465,0.3474,17,158,17,197721,407889,15593,92363,3.7782893030493905,0.18463294499572216
3466,0.3475,4,69,4,197790,407820,15597,92359,3.7776501537663494,0.18465189462172543
3467,0.3476,16,161,16,197951,407659,15613,92343,3.776158805439253,0.18468526125895496
3468,0.3477,11,87,11,198038,407572,15624,92332,3.7753529215606356,0.18469946229676099
3469,0.3478,5,36,5,198074,407536,15629,92327,3.775019452369484,0.18470460906288322
3470,0.3479,14,85,14,198159,407451,15643,92313,3.774232094557042,0.18471318462314212
3471,0.348,11,70,11,198229,407381,15654,92302,3.773583682240913,0.18472111318575976
3472,0.3481,21,131,21,198360,407250,15675,92281,3.7723702249064432,0.18473528169422918
3473,0.3482,10,42,10,198402,407208,15685,92271,3.771981177516766,0.18473449334206243
3474,0.3483,5,45,5,198447,407163,15690,92266,3.771564341027826,0.18474297647913918
3475,0.3484,19,155,19,198602,407008,15709,92247,3.770128570899255,0.18476930626633684
3476,0.3485,15,93,15,198695,406915,15724,92232,3.769267108822113,0.18477923337213287
3477,0.3486,6,34,6,198729,406881,15730,92226,3.768952165697136,0.18478202068895047
3478,0.3487,3,41,3,198770,406840,15733,92223,3.768572381340546,0.18479230077164607
3479,0.3488,25,128,25,198898,406712,15758,92198,3.7673867131053393,0.18479886151810948
3480,0.3489,6,74,6,198972,406638,15764,92192,3.7667012486568603,0.1848164705410661
3481,0.349,6,92,6,199064,406546,15770,92186,3.765849049612805,0.18484075615761572
3482,0.3491,8,77,8,199141,406469,15778,92178,3.7651357960650635,0.184856220933847
3483,0.3492,21,178,21,199319,406291,15799,92157,3.763486976175479,0.1848878920168202
3484,0.3493,18,93,18,199412,406198,15817,92139,3.7626255140983362,0.18489295396488722
3485,0.3494,15,170,15,199582,406028,15832,92124,3.7610507984734523,0.18493150684931506
3486,0.3495,3,68,3,199650,405960,15835,92121,3.7604209122234984,0.18495184518180777
3487,0.3496,8,70,8,199720,405890,15843,92113,3.7597724999073696,0.1849647492083381
3488,0.3497,15,128,15,199848,405762,15858,92098,3.758586831672163,0.18498774755955488
3489,0.3498,13,171,13,200019,405591,15871,92085,3.757002853014191,0.18503001953077905
3490,0.3499,5,59,5,200078,405532,15876,92080,3.756456334062025,0.18504376904093953
3491,0.35,22,99,22,200177,405433,15898,92058,3.755539293786357,0.18504455356981334
3492,0.3501,11,103,11,200280,405330,15909,92047,3.7545852013783394,0.18506485020417107
3493,0.3502,22,135,22,200415,405195,15931,92025,3.7533346919115194,0.18507903945939425
3494,0.3503,13,155,13,200570,405040,15944,92012,3.751898921782949,0.18511544063800167
3495,0.3504,7,36,7,200606,405004,15951,92005,3.7515654525917967,0.18511737212002197
3496,0.3505,4,81,4,200687,404923,15955,92001,3.750815146911705,0.18514098735420306
3497,0.3506,5,75,5,200762,404848,15960,91996,3.750120419430138,0.18516073455652077
3498,0.3507,11,46,11,200808,404802,15971,91985,3.7496943199081105,0.18515983711329
3499,0.3508,9,57,9,200865,404745,15980,91976,3.7491663270221203,0.18516632073135622
3500,0.3509,4,54,4,200919,404691,15984,91972,3.748666123235392,0.1851798905897963
3501,0.351,4,37,4,200956,404654,15988,91968,3.748323391011153,0.18518712421117067
3502,0.3511,3,78,3,201034,404576,15991,91965,3.7476008744303235,0.18521129171609194
3503,0.3512,7,53,7,201087,404523,15998,91958,3.747109933676683,0.18521957537146436
3504,0.3513,15,123,15,201210,404400,16013,91943,3.745970580606914,0.1852408515885184
3505,0.3514,11,111,11,201321,404289,16024,91932,3.7449423839341955,0.1852642270278767
3506,0.3515,14,112,14,201433,404177,16038,91918,3.7439049242283895,0.185283060704099
3507,0.3516,16,131,16,201564,404046,16054,91902,3.7426914668939197,0.18530571753490285
3508,0.3517,10,95,10,201659,403951,16064,91892,3.741811478750602,0.18532479030660914
3509,0.3518,12,92,12,201751,403859,16076,91880,3.740959279706547,0.18533946290285816
3510,0.3519,0,78,0,201829,403781,16076,91880,3.740236763125718,0.18536862896213338
3511,0.352,6,46,6,201875,403735,16082,91874,3.7398106636036905,0.18537597178420892
3512,0.3521,3,40,3,201915,403695,16085,91871,3.739440142280188,0.1853860030752715
3513,0.3522,16,84,16,201999,403611,16101,91855,3.7386620475008336,0.18539112673725341
3514,0.3523,5,99,5,202098,403512,16106,91850,3.7377450072251657,0.18541995550728557
3515,0.3524,12,110,12,202208,403402,16118,91838,3.736726073585535,0.18544140214845328
3516,0.3525,4,76,4,202284,403326,16122,91834,3.7360220830708806,0.18546328459487843
3517,0.3526,6,100,6,202384,403226,16128,91828,3.7350957797621254,0.18549087574284825
3518,0.3527,11,105,11,202489,403121,16139,91817,3.734123161287932,0.18551212475097892
3519,0.3528,9,65,9,202554,403056,16148,91808,3.733521064137241,0.18552167868343625
3520,0.3529,6,52,6,202606,403004,16154,91802,3.733039386416688,0.18553129913541874
3521,0.353,6,109,6,202715,402895,16160,91796,3.7320297158101448,0.185562300506781
3522,0.3531,18,149,18,202864,402746,16178,91778,3.7306495238800994,0.1855885659745533
3523,0.3532,13,53,13,202917,402693,16191,91765,3.730158583126459,0.1855870468270308
3524,0.3533,17,136,17,203053,402557,16208,91748,3.7288988106265517,0.1856100990279281
3525,0.3534,7,82,7,203135,402475,16215,91741,3.728139241913372,0.1856293604415883
3526,0.3535,2,44,2,203179,402431,16217,91739,3.72773166845752,0.18564259263006658
3527,0.3536,7,93,7,203272,402338,16224,91732,3.726870206380377,0.18566599874511708
3528,0.3537,11,173,11,203445,402165,16235,91721,3.72526770165623,0.18571289730828572
3529,0.3538,4,39,4,203484,402126,16239,91717,3.724906443365816,0.18572096799995141
3530,0.3539,10,112,10,203596,402014,16249,91707,3.72386898366001,0.18574660587659833
3531,0.354,24,215,24,203811,401799,16273,91683,3.7218774315461856,0.18578793147470424
3532,0.3541,17,94,17,203905,401705,16290,91666,3.7210067064359555,0.18579527373923477
3533,0.3542,7,56,7,203961,401649,16297,91659,3.7204879765830525,0.18580481159843343
3534,0.3543,8,80,8,204041,401569,16305,91651,3.719746933936048,0.18582174283281294
3535,0.3544,9,138,9,204179,401431,16314,91642,3.7184686353699656,0.18585888904888323
3536,0.3545,13,107,13,204286,401324,16327,91629,3.717477490829597,0.1858777611658718
3537,0.3546,5,66,5,204352,401258,16332,91624,3.7168661306458186,0.18589439257266446
3538,0.3547,5,91,5,204443,401167,16337,91619,3.716023194634851,0.18592046040269
3539,0.3548,17,171,17,204614,400996,16354,91602,3.7144392159768795,0.18595690603697132
3540,0.3549,5,93,5,204707,400903,16359,91597,3.7135777538997368,0.18598375634517766
3541,0.355,14,170,14,204877,400733,16373,91583,3.712003038274853,0.18602482958100083
3542,0.3551,5,78,5,204955,400655,16378,91578,3.7112805216940234,0.1860460391725057
3543,0.3552,28,208,28,205163,400447,16406,91550,3.709353810811812,0.18607837039656747
3544,0.3553,8,93,8,205256,400354,16414,91542,3.7084923487346697,0.1861003138874884
3545,0.3554,10,89,10,205345,400265,16424,91532,3.707667938789877,0.18611744276601933
3546,0.3555,6,51,6,205396,400214,16430,91526,3.707195524102412,0.18612681498352787
3547,0.3556,2,42,2,205438,400172,16432,91524,3.706806476712735,0.18613940320848654
3548,0.3557,18,137,18,205575,400035,16450,91506,3.70553744117974,0.18616147991723986
3549,0.3558,9,86,9,205661,399949,16459,91497,3.70474082033421,0.18617915294864543
3550,0.3559,3,35,3,205696,399914,16462,91494,3.7044166141761457,0.18618744505583953
3551,0.356,6,70,6,205766,399844,16468,91488,3.703768201860017,0.186204033118136
3552,0.3561,19,108,19,205874,399736,16487,91469,3.702767794286561,0.18621349538380105
3553,0.3562,3,49,3,205923,399687,16490,91466,3.702313905665271,0.18622710234896253
3554,0.3563,11,93,11,206016,399594,16501,91455,3.7014524435881286,0.18624414264156938
3555,0.3564,21,172,21,206188,399422,16522,91434,3.6998592018970693,0.18627458969636715
3556,0.3565,12,134,12,206322,399288,16534,91422,3.698617955463337,0.18630555725377515
3557,0.3566,6,42,6,206364,399246,16540,91416,3.6982289080736597,0.1863115545935899
3558,0.3567,6,44,6,206408,399202,16546,91410,3.697821334617807,0.18631831263809284
3559,0.3568,10,68,10,206476,399134,16556,91400,3.6971914483678536,0.18632755323789993
3560,0.3569,9,75,9,206551,399059,16565,91391,3.696496720886287,0.18634111530227343
3561,0.357,17,101,17,206652,398958,16582,91374,3.695561154544444,0.18635128851472063
3562,0.3571,18,106,18,206758,398852,16600,91356,3.694579273037163,0.18636170768326915
3563,0.3572,22,242,22,207000,398610,16622,91334,3.692337619029975,0.1864172231928547
3564,0.3573,8,52,8,207052,398558,16630,91326,3.6918559413094223,0.18642372480015676
3565,0.3574,21,185,21,207237,398373,16651,91305,3.690142280188225,0.18645926506806515
3566,0.3575,6,60,6,207297,398313,16657,91299,3.6895864982029716,0.1864721452905566
3567,0.3576,7,76,7,207373,398237,16664,91292,3.6888825076883176,0.1864894623199034
3568,0.3577,16,122,16,207495,398115,16680,91276,3.6877524176516356,0.18650935550510736
3569,0.3578,23,183,23,207678,397932,16703,91253,3.6860572825966136,0.18654087921747395
3570,0.3579,12,156,12,207834,397776,16715,91241,3.684612249434955,0.18658042562937485
3571,0.358,13,84,13,207918,397692,16728,91228,3.6838341546556004,0.18659085330933486
3572,0.3581,11,81,11,207999,397611,16739,91217,3.6830838489755084,0.18660346788645496
3573,0.3582,8,67,8,208066,397544,16747,91209,3.6824632257586423,0.18661573432797343
3574,0.3583,7,33,7,208099,397511,16754,91202,3.6821575456667532,0.18661668504827986
3575,0.3584,4,55,4,208154,397456,16758,91198,3.6816480788469375,0.1866310313637052
3576,0.3585,2,11,2,208165,397445,16760,91196,3.6815461854829747,0.186631903585659
3577,0.3586,15,76,15,208241,397369,16775,91181,3.6808421949683203,0.18663596356565346
3578,0.3587,7,135,7,208376,397234,16782,91174,3.6795916855015007,0.18667589392475142
3579,0.3588,1,56,1,208432,397178,16783,91173,3.6790729556485977,0.18669563490194552
3580,0.3589,4,48,4,208480,397130,16787,91169,3.678628330060395,0.1867073248153283
3581,0.359,13,122,13,208602,397008,16800,91156,3.6774982400237133,0.18673232766037642
3582,0.3591,13,77,13,208679,396931,16813,91143,3.6767849864759716,0.18674012547277666
3583,0.3592,15,83,15,208762,396848,16828,91128,3.6760161547297048,0.1867468891912717
3584,0.3593,7,99,7,208861,396749,16835,91121,3.675099114454037,0.18677311578904215
3585,0.3594,12,102,12,208963,396647,16847,91109,3.6741542850791062,0.18679216657509082
3586,0.3595,4,81,4,209044,396566,16851,91105,3.6734039793990143,0.18681652179440647
3587,0.3596,19,133,19,209177,396433,16870,91086,3.6721719959983696,0.18683579511772874
3588,0.3597,13,94,13,209271,396339,16883,91073,3.6713012708881396,0.18685013910203277
3589,0.3598,6,95,6,209366,396244,16889,91067,3.670421282744822,0.18687655316625318
3590,0.3599,16,151,16,209517,396093,16905,91051,3.6690225647486012,0.18690777265038674
3591,0.36,11,117,11,209634,395976,16916,91040,3.6679387898773577,0.1869343101664011
3592,0.3601,10,51,10,209685,395925,16926,91030,3.667466375189892,0.18693719132158002
3593,0.3602,2,58,2,209743,395867,16928,91028,3.666929119270814,0.1869561199026484
3594,0.3603,8,61,8,209804,395806,16936,91020,3.6663640742524732,0.18696618504352686
3595,0.3604,8,146,8,209950,395660,16944,91012,3.6650116714216905,0.18700890949140284
3596,0.3605,9,71,9,210021,395589,16953,91003,3.664353996072474,0.18702115941075892
3597,0.3606,11,70,11,210091,395519,16964,90992,3.6637055837563453,0.18702968689299934
3598,0.3607,7,54,7,210145,395465,16971,90985,3.663205379969617,0.18703875012848187
3599,0.3608,9,45,9,210190,395420,16980,90976,3.6627885434806773,0.1870410118504264
3600,0.3609,5,105,5,210295,395315,16985,90971,3.661815925006484,0.18707303932253858
3601,0.361,7,64,7,210359,395251,16992,90964,3.6612230908888805,0.1870859599148525
3602,0.3611,3,85,3,210444,395166,16995,90961,3.6604357330764388,0.1871136554850893
3603,0.3612,13,143,13,210587,395023,17008,90948,3.659111119344918,0.1871469696751452
3604,0.3613,18,110,18,210697,394913,17026,90930,3.6580921857052875,0.18715922633443313
3605,0.3614,17,149,17,210846,394764,17043,90913,3.6567119937752417,0.1871881929759902
3606,0.3615,5,60,5,210906,394704,17048,90908,3.6561562117899884,0.18720295215110005
3607,0.3616,4,54,4,210960,394650,17052,90904,3.6556560080032607,0.18721707575264543
3608,0.3617,12,122,12,211082,394528,17064,90892,3.6545259179665788,0.18724403609245602
3609,0.3618,13,153,13,211235,394375,17077,90879,3.653108673904183,0.18728130010262667
3610,0.3619,4,78,4,211313,394297,17081,90875,3.652386157323354,0.18730470843329788
3611,0.362,7,117,7,211430,394180,17088,90868,3.6513023824521103,0.1873381603470172
3612,0.3621,6,34,6,211464,394146,17094,90862,3.650987439327133,0.18734123973212813
3613,0.3622,16,108,16,211572,394038,17110,90846,3.6499870317536773,0.1873561511619274
3614,0.3623,7,75,7,211647,393963,17117,90839,3.649292304272111,0.18737340192490956
3615,0.3624,8,101,8,211748,393862,17125,90831,3.6483567379302677,0.18739903402772476
3616,0.3625,16,83,16,211831,393779,17141,90815,3.647587906184001,0.18740430133266198
3617,0.3626,6,74,6,211905,393705,17147,90809,3.646902441735522,0.18742286084612622
3618,0.3627,12,93,12,211998,393612,17159,90797,3.6460409796583795,0.18743871397930262
3619,0.3628,4,43,4,212041,393569,17163,90793,3.6456426692356145,0.18744864378295573
3620,0.3629,6,51,6,212092,393518,17169,90787,3.645170254548149,0.1874583165567153
3621,0.363,16,140,16,212232,393378,17185,90771,3.6438734299158915,0.18748567073359648
3622,0.3631,14,167,14,212399,393211,17199,90757,3.64232650339027,0.18752686128008464
3623,0.3632,4,54,4,212453,393157,17203,90753,3.641826299603542,0.18754107168688391
3624,0.3633,17,147,17,212600,393010,17220,90736,3.6404646337396716,0.18756950961868418
3625,0.3634,8,94,8,212694,392916,17228,90728,3.6395939086294415,0.18759252673454027
3626,0.3635,4,32,4,212726,392884,17232,90724,3.6392974915706398,0.18759822004598767
3627,0.3636,8,55,8,212781,392829,17240,90716,3.6387880247508244,0.18760611732103527
3628,0.3637,5,72,5,212853,392757,17245,90711,3.6381210863685207,0.18762565464518852
3629,0.3638,7,92,7,212945,392665,17252,90704,3.6372688873244656,0.18764960102944128
3630,0.3639,8,70,8,213015,392595,17260,90696,3.636620475008337,0.18766333327125892
3631,0.364,9,121,9,213136,392474,17269,90687,3.6354996480047426,0.18769519890885233
3632,0.3641,9,96,9,213232,392378,17278,90678,3.6346103968283376,0.18771736610248088
3633,0.3642,5,60,5,213292,392318,17283,90673,3.6340546148430843,0.1877322765848639
3634,0.3643,6,86,6,213378,392232,17289,90667,3.6332579939975544,0.18775561763432932
3635,0.3644,17,101,17,213479,392131,17306,90650,3.6323224276557116,0.1877662956910069
3636,0.3645,16,75,16,213554,392056,17322,90634,3.631627700174145,0.1877685471006236
3637,0.3646,12,111,12,213665,391945,17334,90622,3.6305995035014265,0.18779153982763017
3638,0.3647,5,85,5,213750,391860,17339,90617,3.6298121456889842,0.187816206782914
3639,0.3648,10,74,10,213824,391786,17349,90607,3.629126681240505,0.1878281815863829
3640,0.3649,8,108,8,213932,391678,17357,90599,3.6281262736670494,0.18785677110871968
3641,0.365,12,78,12,214010,391600,17369,90587,3.62740375708622,0.18786694788536398
3642,0.3651,15,113,15,214123,391487,17384,90572,3.626357034347327,0.18788571523402736
3643,0.3652,5,28,5,214151,391459,17389,90567,3.6260976694208753,0.18788820520054936
3644,0.3653,12,90,12,214241,391369,17401,90555,3.625263996442995,0.18790307185365326
3645,0.3654,0,34,0,214275,391335,17401,90555,3.6249490533180184,0.18791632945277967
3646,0.3655,5,70,5,214345,391265,17406,90550,3.6243006410018896,0.18793520334568248
3647,0.3656,12,99,12,214444,391166,17418,90538,3.6233836007262217,0.18795359806021955
3648,0.3657,14,92,14,214536,391074,17432,90524,3.622531401682167,0.18796589686834247
3649,0.3658,29,185,29,214721,390889,17461,90495,3.620817740560969,0.18798921443172187
3650,0.3659,12,78,12,214799,390811,17473,90483,3.6200952239801403,0.18799943485686504
3651,0.366,11,75,11,214874,390736,17484,90472,3.6194004964985735,0.18801017439444065
3652,0.3661,6,39,6,214913,390697,17490,90466,3.619039238208159,0.18801528795855044
3653,0.3662,14,168,14,215081,390529,17504,90452,3.61748304864945,0.18805732450969997
3654,0.3663,10,68,10,215149,390461,17514,90442,3.616853162399496,0.18806703222895263
3655,0.3664,3,38,3,215187,390423,17517,90439,3.616501167142169,0.18807682869513498
3656,0.3665,4,73,4,215260,390350,17521,90435,3.6158249657267776,0.18809863036492402
3657,0.3666,8,80,8,215340,390270,17529,90427,3.6150839230797733,0.18811642261133313
3658,0.3667,10,139,10,215479,390131,17539,90417,3.613796361480603,0.18815394091745258
3659,0.3668,11,88,11,215567,390043,17550,90406,3.6129812145688986,0.18816981615114195
3660,0.3669,4,22,4,215589,390021,17554,90402,3.6127774278409723,0.18817167371254082
3661,0.367,2,37,2,215626,389984,17556,90400,3.6124346956167326,0.1881827871036504
3662,0.3671,9,50,9,215676,389934,17565,90391,3.611971543962355,0.18818716494040494
3663,0.3672,7,53,7,215729,389881,17572,90384,3.611480603208715,0.18819610006975315
3664,0.3673,8,124,8,215853,389757,17580,90376,3.610331987105858,0.18823117761120356
3665,0.3674,15,70,15,215923,389687,17595,90361,3.609683574789729,0.1882332600073326
3666,0.3675,5,78,5,216001,389609,17600,90356,3.6089610582089,0.18825539362245164
3667,0.3676,3,46,3,216047,389563,17603,90353,3.6085349586868722,0.18826836363030197
3668,0.3677,9,31,9,216078,389532,17612,90344,3.608247804661158,0.18826530186964965
3669,0.3678,12,93,12,216171,389439,17624,90332,3.607386342584016,0.18828149262877497
3670,0.3679,14,103,14,216274,389336,17638,90318,3.6064322501759976,0.18829823164197526
3671,0.368,13,117,13,216391,389219,17651,90305,3.605348475304754,0.18832216948473904
3672,0.3681,11,95,11,216486,389124,17662,90294,3.6044684871614363,0.18834086329674732
3673,0.3682,24,213,24,216699,388911,17686,90270,3.602495461113787,0.1883839300807002
3674,0.3683,8,96,8,216795,388815,17694,90262,3.601606209937382,0.1884081264598384
3675,0.3684,9,96,9,216891,388719,17703,90253,3.6007169587609766,0.18843063895175502
3676,0.3685,8,47,8,216938,388672,17711,90245,3.600281596205862,0.18843557443147768
3677,0.3686,7,33,7,216971,388639,17718,90238,3.5999759161139724,0.18843669668829366
3678,0.3687,25,187,25,217158,388452,17743,90213,3.5982437289265996,0.18846792642035662
3679,0.3688,6,66,6,217224,388386,17749,90207,3.597632368742821,0.18848374297158546
3680,0.3689,5,54,5,217278,388332,17754,90202,3.597132164956093,0.188496533161698
3681,0.369,6,64,6,217342,388268,17760,90196,3.59653933083849,0.18851157035848048
3682,0.3691,10,51,10,217393,388217,17770,90186,3.5960669161510244,0.18851470413019986
3683,0.3692,11,131,11,217524,388086,17781,90175,3.594853458816555,0.18854767585063387
3684,0.3693,11,89,11,217613,387997,17792,90164,3.5940290488717626,0.18856410288584807
3685,0.3694,3,28,3,217641,387969,17795,90161,3.593769683945311,0.18857005416936817
3686,0.3695,12,93,12,217734,387876,17807,90149,3.5929082218681687,0.18858637100570053
3687,0.3696,15,106,15,217840,387770,17822,90134,3.591926340360888,0.18860273192942514
3688,0.3697,5,62,5,217902,387708,17827,90129,3.591352032309459,0.1886187130757978
3689,0.3698,14,60,14,217962,387648,17841,90115,3.5907962503242064,0.18861862471560167
3690,0.3699,20,120,20,218082,387528,17861,90095,3.5896846863536997,0.18863203823936453
3691,0.37,11,112,11,218194,387416,17872,90084,3.5886472266478937,0.18865759162303664
3692,0.3701,11,93,11,218287,387323,17883,90073,3.587785764570751,0.188675648727681
3693,0.3702,14,159,14,218446,387164,17897,90059,3.58631294230983,0.18871470989453568
3694,0.3703,2,43,2,218489,387121,17899,90057,3.585914631887065,0.18872831521989697
3695,0.3704,14,113,14,218602,387008,17913,90043,3.5848679091481714,0.1887492113002593
3696,0.3705,8,69,8,218671,386939,17921,90035,3.5842287598651303,0.1887629095086944
3697,0.3706,7,92,7,218763,386847,17928,90028,3.5833765608210753,0.18878741808650065
3698,0.3707,10,80,10,218843,386767,17938,90018,3.582635518174071,0.18880208060236794
3699,0.3708,19,155,19,218998,386612,17957,89999,3.5811997480455,0.1888311432174247
3700,0.3709,8,56,8,219054,386556,17965,89991,3.580681018192597,0.18883971570485178
3701,0.371,11,77,11,219131,386479,17976,89980,3.5799677646448553,0.18885150663540828
3702,0.3711,9,63,9,219194,386416,17985,89971,3.5793841935603394,0.1888611570005059
3703,0.3712,10,62,10,219256,386354,17995,89961,3.578809885508911,0.1888687108321174
3704,0.3713,16,121,16,219377,386233,18011,89945,3.577689058505317,0.18888944890356127
3705,0.3714,27,147,27,219524,386086,18038,89918,3.5763273926414465,0.1889017739346728
3706,0.3715,8,57,8,219581,386029,18046,89910,3.575799399755456,0.18891076377434923
3707,0.3716,14,110,14,219691,385919,18060,89896,3.574780466115825,0.18893057175582947
3708,0.3717,31,175,31,219866,385744,18091,89865,3.573159435325503,0.18894722345456036
3709,0.3718,7,109,7,219975,385635,18098,89858,3.5721497647189597,0.18897859695095406
3710,0.3719,12,106,12,220081,385529,18110,89846,3.571167883211679,0.1890002629503024
3711,0.372,16,161,16,220242,385368,18126,89830,3.5696765348845827,0.18903699089642634
3712,0.3721,5,56,5,220298,385312,18131,89825,3.5691578050316797,0.1890507369453442
3713,0.3722,17,118,17,220416,385194,18148,89808,3.568064767127348,0.18906867760556798
3714,0.3723,20,203,20,220619,384991,18168,89788,3.5661843714105745,0.18911535682917738
3715,0.3724,4,47,4,220666,384944,18172,89784,3.5657490088554598,0.18912724760283783
3716,0.3725,11,72,11,220738,384872,18183,89773,3.5650820704731556,0.18913714460280842
3717,0.3726,15,107,15,220845,384765,18198,89758,3.5640909259327875,0.18915416112601496
3718,0.3727,18,101,18,220946,384664,18216,89740,3.5631553595909446,0.18916366641090715
3719,0.3728,12,97,12,221043,384567,18228,89728,3.5622568453814516,0.18918183830738253
3720,0.3729,11,136,11,221179,384431,18239,89717,3.5609970728815443,0.1892172908037153
3721,0.373,10,80,10,221259,384351,18249,89707,3.56025603023454,0.1892321192765442
3722,0.3731,5,27,5,221286,384324,18254,89702,3.5600059283411762,0.18923434579537832
3723,0.3732,11,87,11,221373,384237,18265,89691,3.5592000444625587,0.1892502658631691
3724,0.3733,9,48,9,221421,384189,18274,89682,3.558755418874356,0.18925403749121597
3725,0.3734,13,87,13,221508,384102,18287,89669,3.557949534995739,0.1892665443853676
3726,0.3735,19,117,19,221625,383985,18306,89650,3.556865760124495,0.18928077528054305
3727,0.3736,9,103,9,221728,383882,18315,89641,3.5559116677164773,0.18930653843635895
3728,0.3737,19,162,19,221890,383720,18334,89622,3.5544110563562934,0.18933878675460872
3729,0.3738,6,70,6,221960,383650,18340,89616,3.5537626440401646,0.18935651409566712
3730,0.3739,17,124,17,222084,383526,18357,89599,3.5526140279373077,0.18937701453104358
3731,0.374,8,56,8,222140,383470,18365,89591,3.5520952980844047,0.18938572403981727
3732,0.3741,19,219,19,222359,383251,18384,89572,3.5500666938382306,0.18944086899325963
3733,0.3742,9,66,9,222425,383185,18393,89563,3.5494553336544516,0.1894518855711711
3734,0.3743,13,135,13,222560,383050,18406,89550,3.548204824187632,0.18948370715192553
3735,0.3744,15,98,15,222658,382952,18421,89535,3.5472970469450518,0.18949727717376352
3736,0.3745,12,74,12,222732,382878,18433,89523,3.5466115824965727,0.18950637276381718
3737,0.3746,12,75,12,222807,382803,18445,89511,3.545916855015006,0.18951587291505229
3738,0.3747,16,145,16,222952,382658,18461,89495,3.544573715217311,0.18954660883230648
3739,0.3748,18,125,18,223077,382533,18479,89477,3.5434158360813663,0.18956589902756296
3740,0.3749,10,118,10,223195,382415,18489,89467,3.542322798177035,0.1895961278455207
3741,0.375,11,72,11,223267,382343,18500,89456,3.541655859794731,0.189606167032995
3742,0.3751,5,94,5,223361,382249,18505,89451,3.540785134684501,0.18963536145855417
3743,0.3752,9,67,9,223428,382182,18514,89442,3.540164511467635,0.18964683731107831
3744,0.3753,19,115,19,223543,382067,18533,89423,3.539099262662566,0.18966043818532738
3745,0.3754,9,79,9,223622,381988,18542,89414,3.5383674830486496,0.1896767514775075
3746,0.3755,9,70,9,223692,381918,18551,89405,3.537719070732521,0.1896894486371342
3747,0.3756,6,97,6,223789,381821,18557,89399,3.5368205565230277,0.18971817834557106
3748,0.3757,17,112,17,223901,381709,18574,89382,3.5357830968172217,0.18973404289192533
3749,0.3758,13,82,13,223983,381627,18587,89369,3.5350235281040425,0.1897447112077385
3750,0.3759,13,59,13,224042,381568,18600,89356,3.534477009151877,0.18974611614612974
3751,0.376,6,58,6,224100,381510,18606,89350,3.5339397532327985,0.1897591640827422
3752,0.3761,20,126,20,224226,381384,18626,89330,3.5327726110637667,0.18977553248894233
3753,0.3762,14,119,14,224345,381265,18640,89316,3.531670310126348,0.1897994181660543
3754,0.3763,16,117,16,224462,381148,18656,89300,3.530586535255104,0.18981906608169236
3755,0.3764,8,79,8,224541,381069,18664,89292,3.5298547556411872,0.18983716762231562
3756,0.3765,18,173,18,224714,380896,18682,89274,3.52825225091704,0.1898760022970415
3757,0.3766,4,46,4,224760,380850,18686,89270,3.5278261513950127,0.18988768824980856
3758,0.3767,8,78,8,224838,380772,18694,89262,3.5271036348141838,0.18990541109792058
3759,0.3768,7,60,7,224898,380712,18701,89255,3.5265478528289305,0.18991758995844388
3760,0.3769,11,125,11,225023,380587,18712,89244,3.525389973692986,0.18994915192909792
3761,0.377,10,65,10,225088,380522,18722,89234,3.524787876542295,0.18995819106089118
3762,0.3771,7,94,7,225182,380428,18729,89227,3.523917151432065,0.18998413729226774
3763,0.3772,9,53,9,225235,380375,18738,89218,3.5234262106784247,0.18999005521802922
3764,0.3773,14,99,14,225334,380276,18752,89204,3.5225091704027567,0.19000596404532674
3765,0.3774,3,39,3,225373,380237,18755,89201,3.522147912112342,0.19001657300857622
3766,0.3775,8,111,8,225484,380126,18763,89193,3.5211197154396237,0.19004770742288293
3767,0.3776,15,79,15,225563,380047,18778,89178,3.5203879358257066,0.19005381213703448
3768,0.3777,11,103,11,225666,379944,18789,89167,3.519433843417689,0.19007654904702725
3769,0.3778,19,100,19,225766,379844,18808,89148,3.518507540108933,0.19008426582969432
3770,0.3779,5,34,5,225800,379810,18813,89143,3.5181925969839565,0.19008941194533355
3771,0.378,7,51,7,225851,379759,18820,89136,3.517720182296491,0.1900979963531281
3772,0.3781,26,170,26,226021,379589,18846,89110,3.516145466671607,0.190122018608958
3773,0.3782,18,134,18,226155,379455,18864,89092,3.5149042202378746,0.19014527891545566
3774,0.3783,17,110,17,226265,379345,18881,89075,3.5138852865982435,0.19016053968660604
3775,0.3784,13,76,13,226341,379269,18894,89062,3.5131812960835895,0.19016891899105548
3776,0.3785,13,112,13,226453,379157,18907,89049,3.5121438363777835,0.19019192406761126
3777,0.3786,16,86,16,226539,379071,18923,89033,3.511347215532254,0.19019918650556286
3778,0.3787,2,25,2,226564,379046,18925,89031,3.511115639705065,0.190205884929189
3779,0.3788,5,40,5,226604,379006,18930,89026,3.510745118381563,0.19021348967591958
3780,0.3789,6,116,6,226720,378890,18936,89020,3.5096706065434065,0.1902502618024834
3781,0.379,11,87,11,226807,378803,18947,89009,3.5088647226647893,0.1902666028233564
3782,0.3791,7,127,7,226934,378676,18954,89002,3.50768831746267,0.19030615081316632
3783,0.3792,4,46,4,226980,378630,18958,88998,3.5072622179406423,0.19031794503323154
3784,0.3793,24,202,24,227182,378428,18982,88974,3.5053910852569565,0.19035862063063488
3785,0.3794,16,147,16,227329,378281,18998,88958,3.504029419393086,0.1903907850158056
3786,0.3795,4,64,4,227393,378217,19002,88954,3.5034365852754825,0.19040993554822538
3787,0.3796,15,151,15,227544,378066,19017,88939,3.502037867279262,0.19044549844220082
3788,0.3797,5,100,5,227644,377966,19022,88934,3.5011115639705066,0.19047761833369029
3789,0.3798,10,63,10,227707,377903,19032,88924,3.5005279928859907,0.19048598303011607
3790,0.3799,18,94,18,227801,377809,19050,88906,3.4996572677757607,0.19049312749750918
3791,0.38,7,49,7,227850,377760,19057,88899,3.4992033791544706,0.19050098680192604
3792,0.3801,12,69,12,227919,377691,19069,88887,3.498564229871429,0.19050833944163678
3793,0.3802,9,121,9,228040,377570,19078,88878,3.497443402867835,0.19054213974548073
3794,0.3803,14,79,14,228119,377491,19092,88864,3.496711623253918,0.19055011739983488
3795,0.3804,16,154,16,228273,377337,19108,88848,3.495285116158435,0.19058528266675248
3796,0.3805,13,120,13,228393,377217,19121,88835,3.4941735521879282,0.19061177722657557
3797,0.3806,24,184,24,228577,377033,19145,88811,3.4924691540998185,0.19064536625994968
3798,0.3807,3,51,3,228628,376982,19148,88808,3.491996739412353,0.19066102750166383
3799,0.3808,12,76,12,228704,376906,19160,88796,3.491292748897699,0.19067128764746555
3800,0.3809,17,160,17,228864,376746,19177,88779,3.4898106636036905,0.19070726599001128
3801,0.381,13,78,13,228942,376668,19190,88766,3.489088147022861,0.19071662147586985
3802,0.3811,10,60,10,229002,376608,19200,88756,3.488532365037608,0.19072382049320533
3803,0.3812,4,32,4,229034,376576,19204,88752,3.488235947978806,0.19072997971323455
3804,0.3813,10,98,10,229132,376478,19214,88742,3.487328170736226,0.1907527621340441
3805,0.3814,26,193,26,229325,376285,19240,88716,3.485540405350328,0.19078668648024413
3806,0.3815,5,39,5,229364,376246,19245,88711,3.485179147059913,0.19079398740098547
3807,0.3816,32,190,32,229554,376056,19277,88679,3.483419170773278,0.19081627163867582
3808,0.3817,10,76,10,229630,375980,19287,88669,3.482715180258624,0.1908300674272408
3809,0.3818,7,85,7,229715,375895,19294,88662,3.4819278224461816,0.19085279093846397
3810,0.3819,12,84,12,229799,375811,19306,88650,3.481149727666827,0.19086640213064177
3811,0.382,7,63,7,229862,375748,19313,88643,3.480566156582311,0.19088009888219196
3812,0.3821,9,76,9,229938,375672,19322,88634,3.479862166067657,0.1908956593281155
3813,0.3822,17,128,17,230066,375544,19339,88617,3.4786764978324505,0.19091866830690213
3814,0.3823,10,58,10,230124,375486,19349,88607,3.478139241913372,0.1909250947547151
3815,0.3824,1,33,1,230157,375453,19350,88606,3.4778335618214826,0.1909369282785163
3816,0.3825,19,135,19,230292,375318,19369,88587,3.476583052354663,0.19095935590260937
3817,0.3826,14,87,14,230379,375231,19383,88573,3.475777168476046,0.19097075488784054
3818,0.3827,22,119,22,230498,375112,19405,88551,3.474674867538627,0.19098138087360864
3819,0.3828,5,65,5,230563,375047,19410,88546,3.4740727703879357,0.19099943269203806
3820,0.3829,16,86,16,230649,374961,19426,88530,3.4732761495424063,0.19100694511867544
3821,0.383,28,232,28,230881,374729,19454,88502,3.4711271258660936,0.19105370754547946
3822,0.3831,4,61,4,230942,374668,19458,88498,3.4705620808477526,0.19107188351476576
3823,0.3832,5,63,5,231005,374605,19463,88493,3.4699785097632367,0.19108914311873512
3824,0.3833,8,113,8,231118,374492,19471,88485,3.4689317870243435,0.19112180518686672
3825,0.3834,19,84,19,231202,374408,19490,88466,3.4681536922449885,0.19112328625068592
3826,0.3835,13,92,13,231294,374316,19503,88453,3.467301493200934,0.19113855941085078
3827,0.3836,5,34,5,231328,374282,19508,88448,3.4669865500759567,0.19114386359215957
3828,0.3837,4,50,4,231378,374232,19512,88444,3.4665233984215793,0.19115752708158626
3829,0.3838,7,49,7,231427,374183,19519,88437,3.466069509800289,0.19116553542864553
3830,0.3839,31,158,31,231585,374025,19550,88406,3.4646059505724556,0.19117662959446924
3831,0.384,18,120,18,231705,373905,19568,88388,3.463494386601949,0.19119476176364342
3832,0.3841,9,90,9,231795,373815,19577,88379,3.4626607136240692,0.19121624253019295
3833,0.3842,6,39,6,231834,373776,19583,88373,3.4622994553336546,0.19122187865818166
3834,0.3843,14,91,14,231925,373685,19597,88359,3.461456519322687,0.191235033892876
3835,0.3844,22,138,22,232063,373547,19619,88337,3.4601782207566045,0.19125364810212087
3836,0.3845,7,51,7,232114,373496,19626,88330,3.4597058060691395,0.19126251012286014
3837,0.3846,3,52,3,232166,373444,19629,88327,3.4592241283485863,0.1912787940342724
3838,0.3847,7,39,7,232205,373405,19636,88320,3.458862870058172,0.1912826899128269
3839,0.3848,8,48,8,232253,373357,19644,88312,3.458418244469969,0.19128856388451465
3840,0.3849,12,160,12,232413,373197,19656,88300,3.4569361591759606,0.1913338548246251
3841,0.385,12,145,12,232558,373052,19668,88288,3.455593019378265,0.1913729570381931
3842,0.3851,8,111,8,232669,372941,19676,88280,3.4545648227055468,0.1914049880642902
3843,0.3852,16,71,16,232740,372870,19692,88264,3.4539071473563303,0.191406402477371
3844,0.3853,18,83,18,232823,372787,19710,88246,3.4531383156100635,0.19140929174267352
3845,0.3854,10,123,10,232946,372664,19720,88236,3.4519989625402943,0.1914428292471252
3846,0.3855,15,128,15,233074,372536,19735,88221,3.450813294305087,0.19146969009694914
3847,0.3856,17,107,17,233181,372429,19752,88204,3.449822149764719,0.19148432700219045
3848,0.3857,11,79,11,233260,372350,19763,88193,3.449090370150802,0.19149786230601704
3849,0.3858,11,70,11,233330,372280,19774,88182,3.448441957834673,0.191507659698303
3850,0.3859,14,90,14,233420,372190,19788,88168,3.4476082848567935,0.1915205122969515
3851,0.386,9,66,9,233486,372124,19797,88159,3.446996924673015,0.19153216608043314
3852,0.3861,6,66,6,233552,372058,19803,88153,3.4463855644892365,0.191549093785242
3853,0.3862,20,174,20,233726,371884,19823,88133,3.444773796732002,0.19158639789399087
3854,0.3863,12,159,12,233885,371725,19835,88121,3.443300974471081,0.1916315462132975
3855,0.3864,20,159,20,234044,371566,19855,88101,3.4418281522101597,0.1916626601431036
3856,0.3865,26,176,26,234220,371390,19881,88075,3.44019785838675,0.19169033549889544
3857,0.3866,16,197,16,234417,371193,19897,88059,3.438373040868502,0.1917444017663505
3858,0.3867,13,122,13,234539,371071,19910,88046,3.4372429508318203,0.1917724675845155
3859,0.3868,6,61,6,234600,371010,19916,88040,3.4366779058134798,0.19178738699488074
3860,0.3869,16,132,16,234732,370878,19932,88024,3.4354551854459223,0.19181437431085505
3861,0.387,22,119,22,234851,370759,19954,88002,3.4343528845085034,0.19182537312456813
3862,0.3871,28,174,28,235025,370585,19982,87974,3.432741116751269,0.19184881334790072
3863,0.3872,6,57,6,235082,370528,19988,87968,3.4322131238652784,0.19186208821887213
3864,0.3873,19,130,19,235212,370398,20007,87949,3.4310089295638964,0.19188300567037636
3865,0.3874,10,97,10,235309,370301,20017,87939,3.4301104153544038,0.19190598812849163
3866,0.3875,7,45,7,235354,370256,20024,87932,3.429693578865464,0.19191249006957842
3867,0.3876,9,88,9,235442,370168,20033,87923,3.428878431953759,0.19193348046567166
3868,0.3877,12,145,12,235587,370023,20045,87911,3.4275352921560636,0.19197307908999986
3869,0.3878,16,105,16,235692,369918,20061,87895,3.4265626736818704,0.19198886881761767
3870,0.3879,15,137,15,235829,369781,20076,87880,3.4252936381488754,0.19201985749277303
3871,0.388,18,99,18,235928,369682,20094,87862,3.4243765978732075,0.19202961900931934
3872,0.3881,8,68,8,235996,369614,20102,87854,3.423746711623254,0.19204403368104436
3873,0.3882,9,119,9,236115,369495,20111,87845,3.422644410685835,0.1920781038177286
3874,0.3883,4,66,4,236181,369429,20115,87841,3.422033050502056,0.192098760032366
3875,0.3884,19,162,19,236343,369267,20134,87822,3.4205324391418728,0.19213326069977618
3876,0.3885,7,96,7,236439,369171,20141,87815,3.4196431879654674,0.19216124782816105
3877,0.3886,3,38,3,236477,369133,20144,87812,3.4192911927081404,0.19217192441103415
3878,0.3887,26,166,26,236643,368967,20170,87786,3.4177535292156063,0.1921957819653073
3879,0.3888,24,216,24,236859,368751,20194,87762,3.4157527140686947,0.19224425153281505
3880,0.3889,21,96,21,236955,368655,20215,87741,3.4148634628922894,0.19224752188888597
3881,0.389,15,61,15,237016,368594,20230,87726,3.414298417873949,0.19224666900420756
3882,0.3891,6,72,6,237088,368522,20236,87720,3.4136314794916447,0.19226638494483192
3883,0.3892,13,104,13,237192,368418,20249,87707,3.412668124050539,0.19228720197314333
3884,0.3893,13,133,13,237325,368285,20262,87694,3.4114361406498945,0.1923202603628676
3885,0.3894,4,44,4,237369,368241,20266,87690,3.411028567194042,0.19233173440718004
3886,0.3895,10,117,10,237486,368124,20276,87680,3.4099447923227983,0.19236338426165633
3887,0.3896,8,117,8,237603,368007,20284,87672,3.4088610174515543,0.1923985963803467
3888,0.3897,8,66,8,237669,367941,20292,87664,3.408249657267776,0.19241228695909834
3889,0.3898,17,99,17,237768,367842,20309,87647,3.407332616992108,0.19242396633069075
3890,0.3899,17,114,17,237882,367728,20326,87630,3.406276631220127,0.1924419906974293
3891,0.39,9,80,9,237962,367648,20335,87621,3.405535588573122,0.19245984242283135
3892,0.3901,6,45,6,238007,367603,20341,87615,3.4051187520841824,0.19246822401574631
3893,0.3902,16,116,16,238123,367487,20357,87599,3.404044240246026,0.1924888922093846
3894,0.3903,25,163,25,238286,367324,20382,87574,3.402534365852755,0.1925134865398397
3895,0.3904,4,43,4,238329,367281,20386,87570,3.40213605542999,0.19252458497398048
3896,0.3905,26,159,26,238488,367122,20412,87544,3.4006632331690687,0.19254573687058193
3897,0.3906,13,95,13,238583,367027,20425,87531,3.399783245025751,0.1925628852643667
3898,0.3907,12,110,12,238693,366917,20437,87519,3.3987643113861203,0.192588175232596
3899,0.3908,9,65,9,238758,366852,20446,87510,3.398162214235429,0.19259973325234064
3900,0.3909,21,197,21,238955,366655,20467,87489,3.3963373967171813,0.1926459448985344
3901,0.391,7,94,7,239049,366561,20474,87482,3.395466671606951,0.19267338115552932
3902,0.3911,17,127,17,239176,366434,20491,87465,3.394290266404832,0.19269705374984303
3903,0.3912,15,114,15,239290,366320,20506,87450,3.3932342806328504,0.19271877823567005
3904,0.3913,20,164,20,239454,366156,20526,87430,3.3917151432064916,0.19275286274267725
3905,0.3914,11,102,11,239556,366054,20537,87419,3.390770313831561,0.1927766371978045
3906,0.3915,20,154,20,239710,365900,20557,87399,3.3893438067360777,0.1928065140227532
3907,0.3916,15,136,15,239846,365764,20572,87384,3.3880840342361704,0.19283766010221826
3908,0.3917,17,141,17,239987,365623,20589,87367,3.386777946570825,0.19286739221616372
3909,0.3918,10,88,10,240075,365535,20599,87357,3.3859627996591204,0.19288704591823216
3910,0.3919,11,83,11,240158,365452,20610,87346,3.3851939679128535,0.19290279550704728
3911,0.392,12,135,12,240293,365317,20622,87334,3.3839434584460335,0.19293893087610542
3912,0.3921,6,57,6,240350,365260,20628,87328,3.383415465560043,0.1929525307785447
3913,0.3922,8,50,8,240400,365210,20636,87320,3.3829523139056654,0.19295958279009126
3914,0.3923,12,82,12,240482,365128,20648,87308,3.382192745192486,0.19297314979356195
3915,0.3924,17,135,17,240617,364993,20665,87291,3.380942235725666,0.19300041566803158
3916,0.3925,15,159,15,240776,364834,20680,87276,3.379469413464745,0.19304151644511292
3917,0.3926,12,110,12,240886,364724,20692,87264,3.378450479825114,0.19306707257714806
3918,0.3927,24,222,24,241108,364502,20716,87240,3.376394086479677,0.19311908124548968
3919,0.3928,16,147,16,241255,364355,20732,87224,3.3750324206158067,0.19315335744133363
3920,0.3929,20,189,20,241444,364166,20752,87204,3.3732817073622585,0.19319848461350997
3921,0.393,25,188,25,241632,363978,20777,87179,3.3715402571417985,0.1932342842957108
3922,0.3931,6,87,6,241719,363891,20783,87173,3.3707343732631814,0.19326082329780253
3923,0.3932,9,54,9,241773,363837,20792,87164,3.3702341694764533,0.19326786415107727
3924,0.3933,16,138,16,241911,363699,20808,87148,3.368955870910371,0.19329839169385624
3925,0.3934,12,86,12,241997,363613,20820,87136,3.368159250064841,0.19331379548263003
3926,0.3935,12,121,12,242118,363492,20832,87124,3.3670384230612473,0.19334422213148222
3927,0.3936,15,120,15,242238,363372,20847,87109,3.3659268590907407,0.19336886572352663
3928,0.3937,6,79,6,242317,363293,20853,87103,3.3651950794768237,0.1933920372294603
3929,0.3938,21,208,21,242525,363085,20874,87082,3.3632683685946128,0.19344376642446026
3930,0.3939,14,80,14,242605,363005,20888,87068,3.3625273259476085,0.19345306205882157
3931,0.394,18,161,18,242766,362844,20906,87050,3.361035977620512,0.19349002209409327
3932,0.3941,15,95,15,242861,362749,20921,87035,3.3601559894771946,0.19350399302776444
3933,0.3942,10,49,10,242910,362700,20931,87025,3.359702100855904,0.1935071432542109
3934,0.3943,10,96,10,243006,362604,20941,87015,3.358812849679499,0.19353052250905767
3935,0.3944,9,46,9,243052,362558,20950,87006,3.3583867501574716,0.1935341797830787
3936,0.3945,7,54,7,243106,362504,20957,86999,3.3578865463707435,0.1935448706682714
3937,0.3946,9,32,9,243138,362472,20966,86990,3.357590129311942,0.1935425019245231
3938,0.3947,10,78,10,243216,362394,20976,86980,3.356867612731113,0.1935581497816963
3939,0.3948,7,91,7,243307,362303,20983,86973,3.3560246767201454,0.193584789750621
3940,0.3949,4,61,4,243368,362242,20987,86969,3.3554596317018044,0.19360389660983368
3941,0.395,19,142,19,243510,362100,21006,86950,3.354144281003372,0.19363099877519208
3942,0.3951,15,147,15,243657,361953,21021,86935,3.3527826151395015,0.19366746270784693
3943,0.3952,17,155,17,243812,361798,21038,86918,3.3513468450109305,0.1937038126565578
3944,0.3953,8,59,8,243871,361739,21046,86910,3.350800326058765,0.1937149085365174
3945,0.3954,10,74,10,243945,361665,21056,86900,3.350114861610286,0.19372889101913882
3946,0.3955,9,82,9,244027,361583,21065,86891,3.349355292897106,0.1937481325561794
3947,0.3956,6,67,6,244094,361516,21071,86885,3.34873466968024,0.193766294009157
3948,0.3957,9,94,9,244188,361422,21080,86876,3.34786394457001,0.19379073741127553
3949,0.3958,12,75,12,244263,361347,21092,86864,3.3471692170884433,0.19380158005939166
3950,0.3959,7,65,7,244328,361282,21099,86857,3.3465671199377525,0.19381709692751578
3951,0.396,20,141,20,244469,361141,21119,86837,3.3452610322724072,0.19384210831781917
3952,0.3961,13,92,13,244561,361049,21132,86824,3.344408833228352,0.1938585268591766
3953,0.3962,9,82,9,244643,360967,21141,86815,3.343649264515173,0.1938778244770893
3954,0.3963,8,93,8,244736,360874,21149,86807,3.34278780243803,0.19390369481840863
3955,0.3964,12,99,12,244835,360775,21161,86795,3.3418707621623622,0.19392497262997968
3956,0.3965,10,87,10,244922,360688,21171,86785,3.341064878283745,0.19394466258299384
3957,0.3966,4,60,4,244982,360628,21175,86781,3.340509096298492,0.19396346519627455
3958,0.3967,16,102,16,245084,360526,21191,86765,3.3395642669235612,0.19397886387161825
3959,0.3968,13,109,13,245193,360417,21204,86752,3.3385545963170182,0.19400271485724638
3960,0.3969,15,141,15,245334,360276,21219,86737,3.337248508651673,0.19403686246261295
3961,0.397,13,116,13,245450,360160,21232,86724,3.3361739968135167,0.19406378389022655
3962,0.3971,5,35,5,245485,360125,21237,86719,3.3358497906554523,0.19406996625220435
3963,0.3972,34,256,34,245741,359869,21271,86685,3.3334784541850384,0.19411986008411078
3964,0.3973,18,147,18,245888,359722,21289,86667,3.332116788321168,0.1941512895703075
3965,0.3974,4,32,4,245920,359690,21293,86663,3.331820371262366,0.1941579870640502
3966,0.3975,15,90,15,246010,359600,21308,86648,3.3309866982844865,0.19417005790502143
3967,0.3976,9,72,9,246082,359528,21317,86639,3.3303197599021823,0.19418513695544493
3968,0.3977,6,82,6,246164,359446,21323,86633,3.329560191189003,0.19420999419385354
3969,0.3978,20,161,20,246325,359285,21343,86613,3.3280688428619065,0.19424397507950247
3970,0.3979,15,118,15,246443,359167,21358,86598,3.3269758049575753,0.19426828037194485
3971,0.398,3,73,3,246516,359094,21361,86595,3.326299603542184,0.19429467633259964
3972,0.3981,29,165,29,246681,358929,21390,86566,3.3247712030827374,0.1943141898337804
3973,0.3982,17,63,17,246744,358866,21407,86549,3.3241876319982215,0.19431092352076154
3974,0.3983,10,81,10,246825,358785,21417,86539,3.3234373263181296,0.19432817454258022
3975,0.3984,11,94,11,246919,358691,21428,86528,3.3225666012078996,0.19434929776132645
3976,0.3985,11,95,11,247014,358596,21439,86517,3.321686613064582,0.19437086762237904
3977,0.3986,15,112,15,247126,358484,21454,86502,3.320649153358776,0.19439263257720468
3978,0.3987,9,87,9,247213,358397,21463,86493,3.3198432694801587,0.19441434961451146
3979,0.3988,36,194,36,247407,358203,21499,86457,3.318046241061173,0.1944339495344758
3980,0.3989,20,156,20,247563,358047,21519,86437,3.3166012078995144,0.19446594253111474
3981,0.399,7,64,7,247627,357983,21526,86430,3.3160083737819113,0.1944812595491131
3982,0.3991,17,119,17,247746,357864,21543,86413,3.3149060728444923,0.19450252882773586
3983,0.3992,13,88,13,247834,357776,21556,86400,3.3140909259327875,0.19451748856309212
3984,0.3993,2,60,2,247894,357716,21558,86398,3.3135351439475342,0.19454014059453204
3985,0.3994,15,75,15,247969,357641,21573,86383,3.3128404164659675,0.1945457903176405
3986,0.3995,34,169,34,248138,357472,21607,86349,3.3112749638741708,0.194558166468013
3987,0.3996,11,104,11,248242,357368,21618,86338,3.3103116084330653,0.19458380098533715
3988,0.3997,9,83,9,248325,357285,21627,86329,3.3095427766867984,0.19460386732609883
3989,0.3998,7,46,7,248371,357239,21634,86322,3.309116677164771,0.19461133868847802
3990,0.3999,9,173,9,248544,357066,21643,86313,3.307514172440624,0.19467092487465576
3991,0.4,4,59,4,248603,357007,21647,86309,3.3069676534884582,0.19468956681013092
3992,0.4001,9,109,9,248712,356898,21656,86300,3.305957982881915,0.19472109531180196
3993,0.4002,7,64,7,248776,356834,21663,86293,3.305365148764311,0.19473649766319814
3994,0.4003,6,51,6,248827,356783,21669,86287,3.304892734076846,0.19474800821540614
3995,0.4004,11,157,11,248984,356626,21680,86276,3.3034384378821002,0.19479704313821117
3996,0.4005,10,119,10,249103,356507,21690,86266,3.3023361369446813,0.19483121147856802
3997,0.4006,11,109,11,249212,356398,21701,86255,3.301326466338138,0.19485917863428012
3998,0.4007,7,36,7,249248,356362,21708,86248,3.300992997146986,0.19486229411897607
3999,0.4008,8,34,8,249282,356328,21716,86240,3.300678054022009,0.19486271036315322
4000,0.4009,25,121,25,249403,356207,21741,86215,3.299557227018415,0.19487050824778154
4001,0.401,17,101,17,249504,356106,21758,86198,3.298621660676572,0.1948840616408624
4002,0.4011,25,193,25,249697,355913,21783,86173,3.296833895290674,0.19492361214786263
4003,0.4012,16,94,16,249791,355819,21799,86157,3.295963170180444,0.1949359241225768
4004,0.4013,14,99,14,249890,355720,21813,86143,3.295046129904776,0.1949540921054716
4005,0.4014,13,75,13,249965,355645,21826,86130,3.2943514024232097,0.19496349951898592
4006,0.4015,13,108,13,250073,355537,21839,86117,3.2933509948497535,0.19498747888618692
4007,0.4016,8,86,8,250159,355451,21847,86109,3.292554374004224,0.19501087054986865
4008,0.4017,23,179,23,250338,355272,21870,86086,3.290896291081552,0.19504801091177684
4009,0.4018,8,69,8,250407,355203,21878,86078,3.2902571417985107,0.1950639161894575
4010,0.4019,19,96,19,250503,355107,21897,86059,3.2893678906221053,0.19507169636826047
4011,0.402,10,68,10,250571,355039,21907,86049,3.2887380043721515,0.19508352074869414
4012,0.4021,13,109,13,250680,354930,21920,86036,3.287728333765608,0.19510801286266968
4013,0.4022,21,140,21,250820,354790,21941,86015,3.2864315091333505,0.19513163416930387
4014,0.4023,11,53,11,250873,354737,21952,86004,3.28594056837971,0.19513501126511942
4015,0.4024,19,100,19,250973,354637,21971,85985,3.285014265070955,0.1951445910553717
4016,0.4025,10,60,10,251033,354577,21981,85975,3.2844584830857015,0.19515289909023226
4017,0.4026,10,69,10,251102,354508,21991,85965,3.2838193338026604,0.19516519741278127
4018,0.4027,12,82,12,251184,354426,22003,85953,3.283059765089481,0.1951796066569932
4019,0.4028,19,121,19,251305,354305,22022,85934,3.281938938085887,0.19519851716908315
4020,0.4029,7,68,7,251373,354237,22029,85927,3.281309051835933,0.19521587408329621
4021,0.403,13,79,13,251452,354158,22042,85914,3.2805772722220166,0.19522714464905744
4022,0.4031,19,99,19,251551,354059,22061,85895,3.2796602319463486,0.19523632016074408
4023,0.4032,24,118,24,251669,353941,22085,85871,3.278567194042017,0.19524478640873827
4024,0.4033,6,47,6,251716,353894,22091,85865,3.278131831486902,0.19525467358257592
4025,0.4034,8,78,8,251794,353816,22099,85857,3.277409314906073,0.1952746700388698
4026,0.4035,2,62,2,251856,353754,22101,85855,3.2768350068546446,0.19529854939275584
4027,0.4036,11,89,11,251945,353665,22112,85844,3.276010596909852,0.19531795708392774
4028,0.4037,15,94,15,252039,353571,22127,85829,3.275139871799622,0.19533227127901684
4029,0.4038,13,102,13,252141,353469,22140,85816,3.2741950424246915,0.19535381358343673
4030,0.4039,9,46,9,252187,353423,22149,85807,3.273768942902664,0.1953577852150354
4031,0.404,9,89,9,252276,353334,22158,85798,3.272944532957872,0.19538088775129117
4032,0.4041,7,51,7,252327,353283,22165,85791,3.2724721182704064,0.19539075417811122
4033,0.4042,19,157,19,252484,353126,22184,85772,3.2710178220756605,0.19542581647672125
4034,0.4043,17,74,17,252558,353052,22201,85755,3.2703323576271814,0.19542760256787153
4035,0.4044,20,183,20,252741,352869,22221,85735,3.268637222572159,0.1954724535115959
4036,0.4045,23,141,23,252882,352728,22244,85712,3.2673311349068137,0.19549311194234104
4037,0.4046,21,127,21,253009,352601,22265,85691,3.2661547297046947,0.1955112117036131
4038,0.4047,14,127,14,253136,352474,22279,85677,3.264978324502575,0.19554217609910737
4039,0.4048,17,117,17,253253,352357,22296,85660,3.263894549631331,0.19556318590374347
4040,0.4049,11,51,11,253304,352306,22307,85649,3.263422134943866,0.19556575447249147
4041,0.405,10,103,10,253407,352203,22317,85639,3.262468042535848,0.19559338756903175
4042,0.4051,24,154,24,253561,352049,22341,85615,3.2610415354403646,0.19561809972947283
4043,0.4052,12,125,12,253686,351924,22353,85603,3.2598836563044205,0.1956519254811703
4044,0.4053,21,144,21,253830,351780,22374,85582,3.2585497795398126,0.1956777223444195
4045,0.4054,7,29,7,253859,351751,22381,85575,3.2582811515802734,0.19567782386594898
4046,0.4055,18,139,18,253998,351612,22399,85557,3.2569935899811036,0.19570692340948237
4047,0.4056,14,77,14,254075,351535,22413,85543,3.256280336433362,0.19571563885622245
4048,0.4057,22,156,22,254231,351379,22435,85521,3.2548353032717032,0.1957450217441062
4049,0.4058,15,125,15,254356,351254,22450,85506,3.253677424135759,0.1957734224745856
4050,0.4059,20,138,20,254494,351116,22470,85486,3.2523991255696765,0.19579846175693194
4051,0.406,29,141,29,254635,350975,22499,85457,3.2510930379043312,0.19580828170253328
4052,0.4061,40,237,40,254872,350738,22539,85417,3.248897699062581,0.19584092811041945
4053,0.4062,12,136,12,255008,350602,22551,85405,3.247637926562674,0.1958798826624343
4054,0.4063,10,53,10,255061,350549,22561,85395,3.2471469858090334,0.19588525131668288
4055,0.4064,8,97,8,255158,350452,22569,85387,3.2462484715995408,0.19591408754150041
4056,0.4065,32,196,32,255354,350256,22601,85355,3.2444329171143798,0.1959431694791913
4057,0.4066,15,102,15,255456,350154,22616,85340,3.243488087739449,0.1959613680096626
4058,0.4067,11,72,11,255528,350082,22627,85329,3.2428211493571455,0.19597345955889953
4059,0.4068,22,151,22,255679,349931,22649,85307,3.241422431360925,0.1960008087529122
4060,0.4069,12,88,12,255767,349843,22661,85295,3.24060728444922,0.19601827466229105
4061,0.407,18,130,18,255897,349713,22679,85277,3.239403090147838,0.19604358720890136
4062,0.4071,6,84,6,255981,349629,22685,85271,3.2386249953684834,0.1960703610025293
4063,0.4072,46,265,46,256246,349364,22731,85225,3.2361702916002817,0.19610482547878572
4064,0.4073,8,65,8,256311,349299,22739,85217,3.2355681944495904,0.19611936039179226
4065,0.4074,15,85,15,256396,349214,22754,85202,3.2347808366371487,0.19612997679643476
4066,0.4075,4,25,4,256421,349189,22758,85198,3.2345492608099597,0.1961338622012169
4067,0.4076,8,66,8,256487,349123,22766,85190,3.2339379006261812,0.19614886038410087
4068,0.4077,16,98,16,256585,349025,22782,85174,3.2330301233836005,0.19616351027984863
4069,0.4078,31,205,31,256790,348820,22813,85143,3.231131201600652,0.19619875427167754
4070,0.4079,8,52,8,256842,348768,22821,85135,3.2306495238800994,0.19620744728660552
4071,0.408,12,96,12,256938,348672,22833,85123,3.229760272703694,0.19622863334063326
4072,0.4081,18,114,18,257052,348558,22851,85105,3.228704286931713,0.19624685527702387
4073,0.4082,28,227,28,257279,348331,22879,85077,3.226601578420838,0.19629771485528646
4074,0.4083,10,84,10,257363,348247,22889,85067,3.2258234836414834,0.19631722030675214
4075,0.4084,12,87,12,257450,348160,22901,85055,3.2250175997628663,0.1963343836201424
4076,0.4085,6,88,6,257538,348072,22907,85049,3.2242024528511615,0.19636314101602093
4077,0.4086,19,102,19,257640,347970,22926,85030,3.223257623476231,0.19637413394919168
4078,0.4087,15,96,15,257736,347874,22941,85015,3.222368372299826,0.19638983665558607
4079,0.4088,9,57,9,257793,347817,22950,85006,3.2218403794138353,0.19639898988732116
4080,0.4089,14,87,14,257880,347730,22964,84992,3.221034495535218,0.19641247729489142
4081,0.409,8,64,8,257944,347666,22972,84984,3.2204416614176146,0.1964266728302323
4082,0.4091,7,42,7,257986,347624,22979,84977,3.2200526140279373,0.19643274056231955
4083,0.4092,9,62,9,258048,347562,22988,84968,3.219478305976509,0.19644417728250063
4084,0.4093,10,87,10,258135,347475,22998,84958,3.218672422097892,0.19646511713953377
4085,0.4094,14,71,14,258206,347404,23012,84944,3.2180147467486755,0.19647136103324175
4086,0.4095,37,253,37,258459,347151,23049,84907,3.215671199377524,0.19651759717445344
4087,0.4096,8,75,8,258534,347076,23057,84899,3.2149764718959575,0.19653683662248972
4088,0.4097,11,58,11,258592,347018,23068,84888,3.2144392159768795,0.19654276625006367
4089,0.4098,53,268,53,258860,346750,23121,84835,3.211956723109415,0.19656614571868808
4090,0.4099,12,112,12,258972,346638,23133,84823,3.210919263403609,0.19659482548828283
4091,0.41,8,92,8,259064,346546,23141,84815,3.2100670643595537,0.19662185501239102
4092,0.4101,20,198,20,259262,346348,23161,84795,3.208232983808218,0.19667488513091944
4093,0.4102,15,97,15,259359,346251,23176,84780,3.2073344695987256,0.19669118926480925
4094,0.4103,10,50,10,259409,346201,23186,84770,3.2068713179443478,0.19669536929398962
4095,0.4104,14,104,14,259513,346097,23200,84756,3.2059079625032423,0.19671674561857524
4096,0.4105,6,69,6,259582,346028,23206,84750,3.2052688132202007,0.19673706642400493
4097,0.4106,13,78,13,259660,345950,23219,84737,3.2045462966393714,0.19674845073104133
4098,0.4107,9,164,9,259824,345786,23228,84728,3.2030271592130126,0.19680660791518975
4099,0.4108,19,190,19,260014,345596,23247,84709,3.2012671829263772,0.19685804255121367
4100,0.4109,6,49,6,260063,345547,23253,84703,3.200813294305087,0.19686926205694363
4101,0.411,16,121,16,260184,345426,23269,84687,3.1996924673014933,0.19689476951405793
4102,0.4111,16,91,16,260275,345335,23285,84671,3.198849531290526,0.19690655479225871
4103,0.4112,7,46,7,260321,345289,23292,84664,3.1984234317684983,0.19691454647368434
4104,0.4113,24,201,24,260522,345088,23316,84640,3.1965615621178998,0.19696179909151837
4105,0.4114,10,52,10,260574,345036,23326,84630,3.196079884397347,0.19696694641884627
4106,0.4115,18,109,18,260683,344927,23344,84612,3.1950702137908036,0.1969832774206766
4107,0.4116,16,72,16,260755,344855,23360,84596,3.1944032754085,0.19698638494263607
4108,0.4117,17,135,17,260890,344720,23377,84579,3.19315276594168,0.19701653160151783
4109,0.4118,12,125,12,261015,344595,23389,84567,3.1919948868057357,0.19705146308387042
4110,0.4119,16,103,16,261118,344492,23405,84551,3.1910407943977175,0.19706882526926206
4111,0.412,16,131,16,261249,344361,23421,84535,3.189827337063248,0.1970990636424681
4112,0.4121,14,75,14,261324,344286,23435,84521,3.1891326095816814,0.19710732334127007
4113,0.4122,21,138,21,261462,344148,23456,84500,3.187854311015599,0.19713144584834177
4114,0.4123,26,161,26,261623,343987,23482,84474,3.1863629626885026,0.19715680073565622
4115,0.4124,31,222,31,261845,343765,23513,84443,3.184306569343066,0.19720089302395097
4116,0.4125,13,143,13,261988,343622,23526,84430,3.1829819556115453,0.1972423911113603
4117,0.4126,14,132,14,262120,343490,23540,84416,3.1817592352439883,0.1972769720452623
4118,0.4127,12,79,12,262199,343411,23552,84404,3.1810274556300717,0.1972908850788308
4119,0.4128,8,68,8,262267,343343,23560,84396,3.180397569380118,0.19730723642221074
4120,0.4129,18,134,18,262401,343209,23578,84378,3.1791563229463855,0.1973352791361758
4121,0.413,24,153,24,262554,343056,23602,84354,3.17773907888399,0.19736084789780306
4122,0.4131,16,114,16,262668,342942,23618,84338,3.1766830931120085,0.19738344879236097
4123,0.4132,13,95,13,262763,342847,23631,84325,3.175803104968691,0.19740291966701937
4124,0.4133,27,221,27,262984,342626,23658,84298,3.1737559746563413,0.1974543478464551
4125,0.4134,25,181,25,263165,342445,23683,84273,3.172079365667494,0.19749108310406405
4126,0.4135,14,98,14,263263,342347,23697,84259,3.171171588424914,0.19751011471943666
4127,0.4136,34,217,34,263480,342130,23731,84225,3.1691615102449147,0.19754664540113287
4128,0.4137,10,62,10,263542,342068,23741,84215,3.1685872021934864,0.19755655280646894
4129,0.4138,27,158,27,263700,341910,23768,84188,3.167123642965653,0.1975789607085694
4130,0.4139,6,65,6,263765,341845,23774,84182,3.1665215458149616,0.1975978048339659
4131,0.414,14,108,14,263873,341737,23788,84168,3.165521138241506,0.19762153531890914
4132,0.4141,14,93,14,263966,341644,23802,84154,3.164659676164363,0.19763831676052965
4133,0.4142,12,92,12,264058,341552,23814,84142,3.1638074771203084,0.19765841191090314
4134,0.4143,8,103,8,264161,341449,23822,84134,3.16285338471229,0.1976911671753806
4135,0.4144,13,63,13,264224,341386,23835,84121,3.1622698136277743,0.1976959250964144
4136,0.4145,11,68,11,264292,341318,23846,84110,3.1616399273778204,0.19770677999567493
4137,0.4146,2,60,2,264352,341258,23848,84108,3.1610841453925675,0.19773089527606813
4138,0.4147,20,134,20,264486,341124,23868,84088,3.159842898958835,0.1977554725642738
4139,0.4148,18,121,18,264607,341003,23886,84070,3.158722071955241,0.1977777934613584
4140,0.4149,14,80,14,264687,340923,23900,84056,3.1579810293082367,0.19778859661300913
4141,0.415,10,123,10,264810,340800,23910,84046,3.1568416762384675,0.19782697730471746
4142,0.4151,10,118,10,264928,340682,23920,84036,3.155748638334136,0.19786305266082435
4143,0.4152,21,144,21,265072,340538,23941,84015,3.1544147615695284,0.19789048717121302
4144,0.4153,15,105,15,265177,340433,23956,84000,3.153442143095335,0.19791109550859617
4145,0.4154,7,87,7,265264,340346,23963,83993,3.152636259216718,0.19793844072781433
4146,0.4155,6,41,6,265305,340305,23969,83987,3.152256474860128,0.19794622571248102
4147,0.4156,17,81,17,265386,340224,23986,83970,3.151506169180036,0.19795188050750365
4148,0.4157,13,128,13,265514,340096,23999,83957,3.1503205009448294,0.19798704407232115
4149,0.4158,12,90,12,265604,340006,24011,83945,3.1494868279669497,0.1980063733780555
4150,0.4159,23,133,23,265737,339873,24034,83922,3.148254844566305,0.1980249884967968
4151,0.416,28,169,28,265906,339704,24062,83894,3.1466893919745083,0.1980509822992554
4152,0.4161,10,76,10,265982,339628,24072,83884,3.145985401459854,0.19806758722303028
4153,0.4162,17,144,17,266126,339484,24089,83867,3.144651524695246,0.1981027563416645
4154,0.4163,19,227,19,266353,339257,24108,83848,3.1425488161843713,0.19817303033525957
4155,0.4164,4,49,4,266402,339208,24112,83844,3.142094927563081,0.1981884023713397
4156,0.4165,23,204,23,266606,339004,24135,83821,3.14020526881322,0.19824040678767813
4157,0.4166,8,103,8,266709,338901,24143,83813,3.1392511764052022,0.19827353719063007
4158,0.4167,9,92,9,266801,338809,24152,83804,3.138398977361147,0.19829962637211823
4159,0.4168,10,53,10,266854,338756,24162,83794,3.1379080366075067,0.1983055259732576
4160,0.4169,13,60,13,266914,338696,24175,83781,3.1373522546222534,0.19830902037270667
4161,0.417,13,102,13,267016,338594,24188,83768,3.136407425247323,0.19833223632807875
4162,0.4171,19,129,19,267145,338465,24207,83749,3.1352124939790285,0.19835675747369816
4163,0.4172,28,173,28,267318,338292,24235,83721,3.1336099892548814,0.1983848838779848
4164,0.4173,16,97,16,267415,338195,24251,83705,3.132711475045389,0.1984000948091965
4165,0.4174,7,73,7,267488,338122,24258,83698,3.1320352736299975,0.1984211274951401
4166,0.4175,32,297,32,267785,337825,24290,83666,3.129284152802994,0.19850008659734134
4167,0.4176,18,91,18,267876,337734,24308,83648,3.1284412167920266,0.1985087165564737
4168,0.4177,8,91,8,267967,337643,24316,83640,3.127598280781059,0.1985363757853984
4169,0.4178,11,108,11,268075,337535,24327,83629,3.126597873207603,0.1985663541993143
4170,0.4179,8,82,8,268157,337453,24335,83621,3.125838304494424,0.1985897965678242
4171,0.418,38,255,38,268412,337198,24373,83583,3.123476231057097,0.19863777119214032
4172,0.4181,17,85,17,268497,337113,24390,83566,3.1226888732446554,0.19864552307103517
4173,0.4182,6,54,6,268551,337059,24396,83560,3.1221886694579273,0.19865959454993712
4174,0.4183,22,147,22,268698,336912,24418,83538,3.120827003594057,0.198687120941848
4175,0.4184,13,81,13,268779,336831,24431,83525,3.120076697913965,0.19870062518436754
4176,0.4185,8,95,8,268874,336736,24439,83517,3.1191967097706472,0.1987302886594504
4177,0.4186,14,77,14,268951,336659,24453,83503,3.1184834562229056,0.1987400098057416
4178,0.4187,20,150,20,269101,336509,24473,83483,3.1170940012597725,0.19877283376826224
4179,0.4188,12,88,12,269189,336421,24485,83471,3.1162788543480677,0.19879159402894078
4180,0.4189,9,69,9,269258,336352,24494,83462,3.1156397050650266,0.198807090759241
4181,0.419,18,166,18,269424,336186,24512,83444,3.1141020415724925,0.19885136906322237
4182,0.4191,7,44,7,269468,336142,24519,83437,3.1136944681166403,0.19885885613912993
4183,0.4192,12,85,12,269553,336057,24531,83425,3.112907110304198,0.1988762330684034
4184,0.4193,30,292,30,269845,335765,24561,83395,3.110202304642632,0.1989574386868976
4185,0.4194,14,51,14,269896,335714,24575,83381,3.109729889955167,0.19895489089585894
4186,0.4195,18,123,18,270019,335591,24593,83363,3.108590536885398,0.19897888551010373
4187,0.4196,26,198,26,270217,335393,24619,83337,3.106756456334062,0.19902323693071908
4188,0.4197,14,129,14,270346,335264,24633,83323,3.1055615250657675,0.19905778249205064
4189,0.4198,23,155,23,270501,335109,24656,83300,3.1041257549371966,0.19908749572786436
4190,0.4199,23,142,23,270643,334967,24679,83277,3.102810404238764,0.19911104522718795
4191,0.42,7,77,7,270720,334890,24686,83270,3.1020971506910224,0.19913430265926918
4192,0.4201,8,73,8,270793,334817,24694,83262,3.1014209492756306,0.1991537484542395
4193,0.4202,10,102,10,270895,334715,24704,83252,3.1004761199007005,0.19918318910344596
4194,0.4203,22,171,22,271066,334544,24726,83230,3.0988921412427284,0.19922254616132168
4195,0.4204,6,52,6,271118,334492,24732,83224,3.0984104635221756,0.19923584444933878
4196,0.4205,14,118,14,271236,334374,24746,83210,3.0973174256178444,0.19926529752097782
4197,0.4206,23,145,23,271381,334229,24769,83187,3.095974285820149,0.19929039615156102
4198,0.4207,12,114,12,271495,334115,24781,83175,3.094918300048168,0.19932181456541015
4199,0.4208,17,172,17,271667,333943,24798,83158,3.0933250583571086,0.19937137527840978
4200,0.4209,17,163,17,271830,333780,24815,83141,3.091815183963837,0.1994166760609324
4201,0.421,12,85,12,271915,333695,24827,83129,3.091027826151395,0.1994342936107326
4202,0.4211,14,158,14,272073,333537,24841,83115,3.0895642669235612,0.19948302180236743
4203,0.4212,12,140,12,272213,333397,24853,83103,3.0882674422913037,0.19952701080432172
4204,0.4213,5,52,5,272265,333345,24858,83098,3.087785764570751,0.19954231431432393
4205,0.4214,8,77,8,272342,333268,24866,83090,3.0870725110230093,0.19956383689036838
4206,0.4215,20,181,20,272523,333087,24886,83070,3.085395902034162,0.1996121656009631
4207,0.4216,12,104,12,272627,332983,24898,83058,3.084432546593056,0.19963897788919843
4208,0.4217,13,93,13,272720,332890,24911,83045,3.083571084515914,0.19965860050248235
4209,0.4218,19,102,19,272822,332788,24930,83026,3.0826262551409833,0.19967100674820953
4210,0.4219,15,119,15,272941,332669,24945,83011,3.0815239542035644,0.19969928791377983
4211,0.422,19,165,19,273106,332504,24964,82992,3.079995553744118,0.19974199510945953
4212,0.4221,19,118,19,273224,332386,24983,82973,3.0789025158397867,0.19976213347971272
4213,0.4222,20,103,20,273327,332283,25003,82953,3.0779484234317684,0.19977314105713379
4214,0.4223,20,130,20,273457,332153,25023,82933,3.0767442291303864,0.19979715047002308
4215,0.4224,24,170,24,273627,331983,25047,82909,3.0751695135055024,0.19983272755319456
4216,0.4225,20,132,20,273759,331851,25067,82889,3.073946793137945,0.1998577421999325
4217,0.4226,15,125,15,273884,331726,25082,82874,3.072788914002001,0.19988904968644478
4218,0.4227,14,104,14,273988,331622,25096,82860,3.0718255585608953,0.1999121795397629
4219,0.4228,25,167,25,274155,331455,25121,82835,3.0702786320352735,0.19994448333293105
4220,0.4229,26,156,26,274311,331299,25147,82809,3.0688335988736153,0.1999695731548292
4221,0.423,12,75,12,274386,331224,25159,82797,3.0681388713920486,0.19998260957777503
4222,0.4231,14,139,14,274525,331085,25173,82783,3.0668513097928787,0.2000227125556941
4223,0.4232,27,178,27,274703,330907,25200,82756,3.065202489903294,0.20005656778585468
4224,0.4233,15,82,15,274785,330825,25215,82741,3.0644429211901145,0.20006722022603404
4225,0.4234,5,76,5,274861,330749,25220,82736,3.0637389306754605,0.2000943202292707
4226,0.4235,15,113,15,274974,330636,25235,82721,3.062692207936567,0.20011999312942566
4227,0.4236,11,158,11,275132,330478,25246,82710,3.0612286487087332,0.2001752229009555
4228,0.4237,25,137,25,275269,330341,25271,82685,3.0599596131757383,0.20019320817575648
4229,0.4238,6,93,6,275362,330248,25277,82679,3.0590981510985955,0.20022667444851028
4230,0.4239,15,67,15,275429,330181,25292,82664,3.0584775278817298,0.20023011057418644
4231,0.424,24,124,24,275553,330057,25316,82640,3.057328911778873,0.2002437623728789
4232,0.4241,34,216,34,275769,329841,25350,82606,3.0553280966319614,0.20028270298971745
4233,0.4242,10,77,10,275846,329764,25360,82596,3.0546148430842197,0.2003007081191192
4234,0.4243,27,151,27,275997,329613,25387,82569,3.053216125087999,0.20032170254887405
4235,0.4244,17,100,17,276097,329513,25404,82552,3.0522898217792434,0.20033732542196012
4236,0.4245,20,118,20,276215,329395,25424,82532,3.051196783874912,0.20035588830059695
4237,0.4246,14,81,14,276296,329314,25438,82518,3.05044647819482,0.20036811126867266
4238,0.4247,8,47,8,276343,329267,25446,82510,3.050011115639705,0.2003754459331143
4239,0.4248,17,121,17,276464,329146,25463,82493,3.048890288636111,0.20040132251803158
4240,0.4249,4,28,4,276492,329118,25467,82489,3.0486309237096596,0.2004071845231009
4241,0.425,20,162,20,276654,328956,25487,82469,3.0471303123494757,0.20044722610439328
4242,0.4251,16,138,16,276792,328818,25503,82453,3.045852013783393,0.20048337957210696
4243,0.4252,13,75,13,276867,328743,25516,82440,3.045157286301827,0.20049467025630924
4244,0.4253,31,169,31,277036,328574,25547,82409,3.04359183371003,0.20051680969772473
4245,0.4254,10,70,10,277106,328504,25557,82399,3.0429434213939013,0.20053151230339034
4246,0.4255,18,98,18,277204,328406,25575,82381,3.042035644151321,0.2005443210228172
4247,0.4256,30,163,30,277367,328243,25605,82351,3.0405257697580494,0.20056552214596415
4248,0.4257,6,21,6,277388,328222,25611,82345,3.040331246063211,0.20056409794260133
4249,0.4258,12,77,12,277465,328145,25623,82333,3.039617992515469,0.20057835011864217
4250,0.4259,20,134,20,277599,328011,25643,82313,3.038376746081737,0.20060488784472758
4251,0.426,22,130,22,277729,327881,25665,82291,3.037172551780355,0.20062559121539256
4252,0.4261,12,109,12,277838,327772,25677,82279,3.0361628811738117,0.20065552821478305
4253,0.4262,12,72,12,277910,327700,25689,82267,3.0354959427915076,0.20066737078838054
4254,0.4263,5,106,5,278016,327594,25694,82262,3.0345140612842267,0.20070951748906934
4255,0.4264,34,245,34,278261,327349,25728,82228,3.032244618177776,0.20076322645070402
4256,0.4265,24,153,24,278414,327196,25752,82204,3.0308273741153804,0.20079140205178309
4257,0.4266,17,141,17,278555,327055,25769,82187,3.029521286450035,0.20082738330865357
4258,0.4267,5,88,5,278643,326967,25774,82182,3.0287061395383303,0.2008608110981574
4259,0.4268,13,104,13,278747,326863,25787,82169,3.027742784097225,0.20088648320913768
4260,0.4269,17,147,17,278894,326716,25804,82152,3.0263811182333544,0.20092548206267058
4261,0.427,24,230,24,279124,326486,25828,82128,3.0242506206232167,0.20099164492650765
4262,0.4271,25,176,25,279300,326310,25853,82103,3.0226203267998075,0.20102935019208498
4263,0.4272,5,62,5,279362,326248,25858,82098,3.022046018748379,0.20105008987476305
4264,0.4273,22,147,22,279509,326101,25880,82076,3.0206843528845084,0.20107943367705677
4265,0.4274,8,71,8,279580,326030,25888,82068,3.020026677535292,0.201098755691035
4266,0.4275,11,86,11,279666,325944,25899,82057,3.0192300566897625,0.20111960509900711
4267,0.4276,16,127,16,279793,325817,25915,82041,3.018053651487643,0.20115089075119283
4268,0.4277,21,179,21,279972,325638,25936,82020,3.016395568564971,0.20119806308228957
4269,0.4278,25,169,25,280141,325469,25961,81995,3.014830115973174,0.20123250152160682
4270,0.4279,11,85,11,280226,325384,25972,81984,3.0140427581607323,0.2012529211916498
4271,0.428,14,157,14,280383,325227,25986,81970,3.012588461965986,0.20130305478674942
4272,0.4281,2,41,2,280424,325186,25988,81968,3.0122086776093964,0.20131940248652844
4273,0.4282,4,32,4,280456,325154,25992,81964,3.0119122605505946,0.20132737928561253
4274,0.4283,14,106,14,280562,325048,26006,81950,3.0109303790433137,0.20135234079774347
4275,0.4284,7,63,7,280625,324985,26013,81943,3.010346807958798,0.20136977548853852
4276,0.4285,16,137,16,280762,324848,26029,81927,3.0090777724258033,0.20140618277917768
4277,0.4286,15,66,15,280828,324782,26044,81912,3.0084664122420244,0.2014094134656523
4278,0.4287,19,128,19,280956,324654,26063,81893,3.0072807440068177,0.20143550438202718
4279,0.4288,11,74,11,281030,324580,26074,81882,3.0065952795583386,0.2014505661045805
4280,0.4289,11,37,11,281067,324543,26085,81871,3.006252547334099,0.20144729266216224
4281,0.429,24,135,24,281202,324408,26109,81847,3.0050020378672793,0.20146705886696778
4282,0.4291,25,184,25,281386,324224,26134,81822,3.003297639779169,0.20150918861409792
4283,0.4292,14,96,14,281482,324128,26148,81808,3.002408388602764,0.2015293051121359
4284,0.4293,6,60,6,281542,324068,26154,81802,3.001852606617511,0.20154729346835193
4285,0.4294,9,114,9,281656,323954,26163,81793,3.0007966208455294,0.2015862101260145
4286,0.4295,10,56,10,281712,323898,26173,81783,3.0002778909926264,0.2015943561566847
4287,0.4296,16,128,16,281840,323770,26189,81767,2.9990922227574197,0.20162648537618022
4288,0.4297,1,37,1,281877,323733,26190,81766,2.9987494905331804,0.20164291403924547
4289,0.4298,12,77,12,281954,323656,26202,81754,2.9980362369854383,0.20165758121407956
4290,0.4299,20,105,20,282059,323551,26222,81734,2.997063618511245,0.20167042945088023
4291,0.43,6,85,6,282144,323466,26228,81728,2.9962762606988034,0.20170091363643095
4292,0.4301,17,127,17,282271,323339,26245,81711,2.995099855496684,0.20173065053697076
4293,0.4302,18,175,18,282446,323164,26263,81693,2.993478824706362,0.2017823577213683
4294,0.4303,14,101,14,282547,323063,26277,81679,2.992543258364519,0.20180510053317915
4295,0.4304,12,108,12,282655,322955,26289,81667,2.991542850791063,0.20183529318722165
4296,0.4305,31,181,31,282836,322774,26320,81636,2.9898662418022157,0.20186444449939417
4297,0.4306,34,147,34,282983,322627,26354,81602,2.9885045759383453,0.2018707217938347
4298,0.4307,18,130,18,283113,322497,26372,81584,2.987300381636963,0.2019001140860372
4299,0.4308,18,88,18,283201,322409,26390,81566,2.9864852347252584,0.20190853394393218
4300,0.4309,15,150,15,283351,322259,26405,81551,2.9850957797621254,0.20195388920531934
4301,0.431,18,44,18,283395,322215,26423,81533,2.9846882063062727,0.20194031920901157
4302,0.4311,9,54,9,283449,322161,26432,81524,2.984188002519545,0.20194953986400288
4303,0.4312,10,79,10,283528,322082,26442,81514,2.983456222905628,0.20196929602870198
4304,0.4313,21,145,21,283673,321937,26463,81493,2.982113083107933,0.20200034702426692
4305,0.4314,31,198,31,283871,321739,26494,81462,2.980279002556597,0.20203818938941123
4306,0.4315,18,122,18,283993,321617,26512,81444,2.9791489125199155,0.20206370747852062
4307,0.4316,24,171,24,284164,321446,26536,81420,2.977564933861944,0.20210193960274633
4308,0.4317,29,186,29,284350,321260,26565,81391,2.9758420097076588,0.20213783152159065
4309,0.4318,13,126,13,284476,321134,26578,81378,2.974674867538627,0.20217533887188457
4310,0.4319,18,144,18,284620,320990,26596,81360,2.973340990774019,0.2022120044737169
4311,0.432,13,90,13,284710,320900,26609,81347,2.972507317796139,0.20223146474678494
4312,0.4321,12,76,12,284786,320824,26621,81335,2.971803327281485,0.20224587787417414
4313,0.4322,13,141,13,284927,320683,26634,81322,2.9704972396161398,0.20229101628089202
4314,0.4323,32,177,32,285104,320506,26666,81290,2.968857682759643,0.20231659847285688
4315,0.4324,15,100,15,285204,320406,26681,81275,2.9679313794508873,0.20233717800941542
4316,0.4325,16,107,16,285311,320299,26697,81259,2.966940234910519,0.20235931048565836
4317,0.4326,10,64,10,285375,320235,26707,81249,2.9663474007929156,0.20237170098932958
4318,0.4327,7,81,7,285456,320154,26714,81242,2.9655970951128237,0.20239862878553846
4319,0.4328,21,132,21,285588,320022,26735,81221,2.9643743747452667,0.20242346906986539
4320,0.4329,13,94,13,285682,319928,26748,81208,2.9635036496350367,0.202445056040844
4321,0.433,18,90,18,285772,319838,26766,81190,2.9626699766571565,0.20245469144299152
4322,0.4331,13,102,13,285874,319736,26779,81177,2.961725147282226,0.20248033862708367
4323,0.4332,19,80,19,285954,319656,26798,81158,2.9609841046352217,0.20248294720244303
4324,0.4333,25,183,25,286137,319473,26823,81133,2.959288969580199,0.2025256736044892
4325,0.4334,15,120,15,286257,319353,26838,81118,2.958177405609693,0.202556489733339
4326,0.4335,10,87,10,286344,319266,26848,81108,2.9573715217310754,0.2025805871510138
4327,0.4336,16,89,16,286433,319177,26864,81092,2.9565471117862834,0.20259375569929222
4328,0.4337,10,89,10,286522,319088,26874,81082,2.955722701841491,0.20261888697303646
4329,0.4338,37,197,37,286719,318891,26911,81045,2.9538978843232426,0.20264492318771005
4330,0.4339,5,45,5,286764,318846,26916,81040,2.9534810478343028,0.20265775746087636
4331,0.434,5,53,5,286817,318793,26921,81035,2.9529901070806623,0.2026746500995428
4332,0.4341,24,177,24,286994,318616,26945,81011,2.9513505502241655,0.2027165331671784
4333,0.4342,23,97,23,287091,318519,26968,80988,2.9504520360146724,0.20271985221785851
4334,0.4343,14,87,14,287178,318432,26982,80974,2.9496461521360553,0.20273606305363465
4335,0.4344,2,31,2,287209,318401,26984,80972,2.949358998110341,0.20274780718776683
4336,0.4345,6,64,6,287273,318337,26990,80966,2.9487661639927376,0.20276832380422888
4337,0.4346,7,51,7,287324,318286,26997,80959,2.9482937493052725,0.20278024771756692
4338,0.4347,6,66,6,287390,318220,27003,80953,2.947682389121494,0.20280179270642051
4339,0.4348,16,142,16,287532,318078,27019,80937,2.946367038423061,0.202841998421112
4340,0.4349,5,65,5,287597,318013,27024,80932,2.9457649412723703,0.20286505658674756
4341,0.435,17,136,17,287733,317877,27041,80915,2.944505168772463,0.20290025878152018
4342,0.4351,31,147,31,287880,317730,27072,80884,2.943143502908592,0.20291309387026046
4343,0.4352,19,51,19,287931,317679,27091,80865,2.942671088221127,0.2029010598578827
4344,0.4353,14,83,14,288014,317596,27105,80851,2.9419022564748603,0.2029153187249496
4345,0.4354,16,115,16,288129,317481,27121,80835,2.9408370076697916,0.2029418853372699
4346,0.4355,21,153,21,288282,317328,27142,80814,2.9394197636073955,0.20297783202977832
4347,0.4356,12,58,12,288340,317270,27154,80802,2.9388825076883176,0.20298337989107498
4348,0.4357,8,66,8,288406,317204,27162,80794,2.938271147504539,0.20300102010562868
4349,0.4358,27,221,27,288627,316983,27189,80767,2.9362240171921896,0.20305971087366437
4350,0.4359,6,91,6,288718,316892,27195,80761,2.9353810811812218,0.20309415495419372
4351,0.436,15,99,15,288817,316793,27210,80746,2.9344640409055542,0.2031146629638853
4352,0.4361,27,114,27,288931,316679,27237,80719,2.933408055133573,0.2031187877140801
4353,0.4362,24,141,24,289072,316538,27261,80695,2.9321019674682276,0.20314273990328094
4354,0.4363,10,60,10,289132,316478,27271,80685,2.9315461854829747,0.20315336524298588
4355,0.4364,15,103,15,289235,316375,27286,80670,2.9305920930749565,0.20317596242239544
4356,0.4365,19,67,19,289302,316308,27305,80651,2.9299714698580903,0.2031721160119811
4357,0.4366,13,72,13,289374,316236,27318,80638,2.9293045314757866,0.20318287416157269
4358,0.4367,20,107,20,289481,316129,27338,80618,2.928313386935418,0.20319750369883074
4359,0.4368,6,36,6,289517,316093,27344,80612,2.927979917744266,0.20320389206085127
4360,0.4369,6,65,6,289582,316028,27350,80606,2.927377820593575,0.20322513954930743
4361,0.437,13,74,13,289656,315954,27363,80593,2.926692356145096,0.2032369429096677
4362,0.4371,20,195,20,289851,315759,27383,80573,2.9248860646930233,0.20329673102348536
4363,0.4372,9,48,9,289899,315711,27392,80564,2.9244414391048204,0.2033032616238723
4364,0.4373,16,118,16,290017,315593,27408,80548,2.923348401200489,0.20333164201635276
4365,0.4374,24,215,24,290232,315378,27432,80524,2.921356849086665,0.2033937691650964
4366,0.4375,3,18,3,290250,315360,27435,80521,2.921190114491089,0.20339698040572798
4367,0.4376,31,160,31,290410,315200,27466,80490,2.9197080291970803,0.2034168161944957
4368,0.4377,17,148,17,290558,315052,27483,80473,2.918337100300122,0.20345869414069906
4369,0.4378,14,145,14,290703,314907,27497,80459,2.916993960502427,0.2035051066606638
4370,0.4379,23,74,23,290777,314833,27520,80436,2.916308496053948,0.20349685910101728
4371,0.438,20,101,20,290878,314732,27540,80416,2.9153729297121047,0.20350855881846802
4372,0.4381,10,51,10,290929,314681,27550,80406,2.9149005150246396,0.20351466892102246
4373,0.4382,16,84,16,291013,314597,27566,80390,2.914122420245285,0.20352568565547727
4374,0.4383,6,50,6,291063,314547,27572,80384,2.9136592685909073,0.20353935244384463
4375,0.4384,10,92,10,291155,314455,27582,80374,2.912807069546852,0.20356660731607862
4376,0.4385,12,78,12,291233,314377,27594,80362,2.9120845529660233,0.2035826204150084
4377,0.4386,10,85,10,291318,314292,27604,80352,2.911297195153581,0.2036062881989844
4378,0.4387,14,60,14,291378,314232,27618,80338,2.910741413168328,0.20360899206731378
4379,0.4388,9,60,9,291438,314172,27627,80329,2.9101856311830745,0.20362179056580337
4380,0.4389,23,176,23,291614,313996,27650,80306,2.908555337359665,0.20366622538054588
4381,0.439,19,176,19,291790,313820,27669,80287,2.9069250435362557,0.20371878702991827
4382,0.4391,24,168,24,291958,313652,27693,80263,2.9053688539775466,0.20375715573156644
4383,0.4392,11,109,11,292067,313543,27704,80252,2.904359183371003,0.20379131273886159
4384,0.4393,38,269,38,292336,313274,27742,80214,2.901867427470451,0.2038537388687838
4385,0.4394,9,58,9,292394,313216,27751,80205,2.901330171551373,0.20386557911245207
4386,0.4395,36,212,36,292606,313004,27787,80169,2.899366408536811,0.20390260775790808
4387,0.4396,5,37,5,292643,312967,27792,80164,2.899023676312572,0.20391167320816725
4388,0.4397,34,212,34,292855,312755,27826,80130,2.89705991329801,0.2039528106188834
4389,0.4398,18,128,18,292983,312627,27844,80112,2.8958742450628034,0.20398279773590094
4390,0.4399,18,96,18,293079,312531,27862,80094,2.894984993886398,0.20399617956064947
4391,0.44,9,97,9,293176,312434,27871,80085,2.8940864796769055,0.20402834002939985
4392,0.4401,12,71,12,293247,312363,27883,80073,2.893428804327689,0.20404091367764426
4393,0.4402,15,85,15,293332,312278,27898,80058,2.892641446515247,0.20405468781860447
4394,0.4403,22,95,22,293427,312183,27920,80036,2.891761458371929,0.2040594667774891
4395,0.4404,25,186,25,293613,311997,27945,80011,2.890038534217644,0.2041055284586029
4396,0.4405,19,119,19,293732,311878,27964,79992,2.888936233280225,0.20412892030520324
4397,0.4406,23,208,23,293940,311670,27987,79969,2.887009522398014,0.2041905938887598
4398,0.4407,12,94,12,294034,311576,27999,79957,2.886138797287784,0.20421522579195112
4399,0.4408,27,137,27,294171,311439,28026,79930,2.884869761754789,0.20423181192174136
4400,0.4409,19,150,19,294321,311289,28045,79911,2.8834803067916557,0.20427147239263804
4401,0.441,2,45,2,294366,311244,28047,79909,2.883063470302716,0.2042909040707856
4402,0.4411,16,101,16,294467,311143,28063,79893,2.882127903960873,0.20431111202037663
4403,0.4412,18,76,18,294543,311067,28081,79875,2.881423913446219,0.20431419494451863
4404,0.4413,10,87,10,294630,310980,28091,79865,2.880618029567602,0.20433931609717407
4405,0.4414,17,104,17,294734,310876,28108,79848,2.879654674126496,0.2043590872329317
4406,0.4415,4,34,4,294768,310842,28112,79844,2.879339731001519,0.20436872577978224
4407,0.4416,15,89,15,294857,310753,28127,79829,2.8785153210567267,0.20438473867203302
4408,0.4417,11,93,11,294950,310660,28138,79818,2.8776538589795844,0.2044110039490061
4409,0.4418,18,133,18,295083,310527,28156,79800,2.8764218755789397,0.20444396621294453
4410,0.4419,13,100,13,295183,310427,28169,79787,2.875495572270184,0.2044698550026396
4411,0.442,6,64,6,295247,310363,28175,79781,2.8749027381525805,0.2044911622375328
4412,0.4421,28,161,28,295408,310202,28203,79753,2.8734113898254843,0.204518470079881
4413,0.4422,19,67,19,295475,310135,28222,79734,2.8727907666086185,0.2045148498598247
4414,0.4423,10,133,10,295608,310002,28232,79724,2.8715587832079734,0.20456423230680015
4415,0.4424,29,171,29,295779,309831,28261,79695,2.8699748045500018,0.20459481523698034
4416,0.4425,8,48,8,295827,309783,28269,79687,2.8695301789617993,0.20460369219708835
4417,0.4426,9,127,9,295954,309656,28278,79678,2.86835377375968,0.20465204682868693
4418,0.4427,31,202,31,296156,309454,28309,79647,2.866482641075994,0.2046949249680674
4419,0.4428,23,119,23,296275,309335,28332,79624,2.865380340138575,0.20471052218871397
4420,0.4429,15,61,15,296336,309274,28347,79609,2.864815295120234,0.20471195706677844
4421,0.443,19,95,19,296431,309179,28366,79590,2.8639353069769165,0.2047231132111871
4422,0.4431,17,96,17,296527,309083,28383,79573,2.8630460558005115,0.2047388950640155
4423,0.4432,5,79,5,296606,309004,28388,79568,2.8623142761865945,0.20477028710251896
4424,0.4433,18,128,18,296734,308876,28406,79550,2.861128607951388,0.20480091445989712
4425,0.4434,16,99,16,296833,308777,28422,79534,2.86021156767572,0.20482036305950643
4426,0.4435,24,207,24,297040,308570,28446,79510,2.858294119826596,0.20488043702329417
4427,0.4436,9,100,9,297140,308470,28455,79501,2.8573678165178404,0.20491480033301457
4428,0.4437,22,178,22,297318,308292,28477,79479,2.855718996628256,0.20496375438080722
4429,0.4438,9,48,9,297366,308244,28486,79470,2.8552743710400534,0.2049706742598926
4430,0.4439,14,70,14,297436,308174,28500,79456,2.8546259587239247,0.20497897479555247
4431,0.444,19,162,19,297598,308012,28519,79437,2.853125347363741,0.20502569370420365
4432,0.4441,8,63,8,297661,307949,28527,79429,2.852541776279225,0.20504261986999778
4433,0.4442,13,55,13,297716,307894,28540,79416,2.8520323094594096,0.2050450543492293
4434,0.4443,21,133,21,297849,307761,28561,79395,2.850800326058765,0.2050723739267892
4435,0.4444,7,64,7,297913,307697,28568,79388,2.8502074919411613,0.2050919048787734
4436,0.4445,8,62,8,297975,307635,28576,79380,2.8496331838897326,0.20510832913452967
4437,0.4446,7,73,7,298048,307562,28583,79373,2.8489569824743413,0.20513264501789708
4438,0.4447,34,131,34,298179,307431,28617,79339,2.847743525139872,0.20513224914031594
4439,0.4448,12,151,12,298330,307280,28629,79327,2.8463448071436512,0.20518769706704743
4440,0.4449,9,51,9,298381,307229,28638,79318,2.8458723924561857,0.20519626332632254
4441,0.445,23,107,23,298488,307122,28661,79295,2.8448812479158176,0.20520577510823798
4442,0.4451,17,109,17,298597,307013,28678,79278,2.843871577309274,0.20522870064277968
4443,0.4452,30,153,30,298750,306860,28708,79248,2.8424543332468786,0.20524827250406621
4444,0.4453,20,123,20,298873,306737,28728,79228,2.8413149801771094,0.2052724988017048
4445,0.4454,8,55,8,298928,306682,28736,79220,2.8408055133572936,0.20528527968240642
4446,0.4455,10,99,10,299027,306583,28746,79210,2.839888473081626,0.2053173593092669
4447,0.4456,17,104,17,299131,306479,28763,79193,2.83892511764052,0.20533769628077744
4448,0.4457,20,123,20,299254,306356,28783,79173,2.837785764570751,0.2053619831452368
4449,0.4458,7,55,7,299309,306301,28790,79166,2.8372762977509356,0.20537685456861418
4450,0.4459,13,54,13,299363,306247,28803,79153,2.8367760939642075,0.20537882719252726
4451,0.446,12,65,12,299428,306182,28815,79141,2.8361739968135167,0.20538872582223225
4452,0.4461,20,126,20,299554,306056,28835,79121,2.835006854644485,0.20541465352292582
4453,0.4462,15,112,15,299666,305944,28850,79106,2.833969394938679,0.2054434489027399
4454,0.4463,9,72,9,299738,305872,28859,79097,2.8333024565563747,0.2054632970446971
4455,0.4464,9,60,9,299798,305812,28868,79088,2.8327466745711214,0.20547674720706677
4456,0.4465,8,32,8,299830,305780,28876,79080,2.83245025751232,0.2054773164267526
4457,0.4466,15,47,15,299877,305733,28891,79065,2.832014894957205,0.20547144215926277
4458,0.4467,9,57,9,299934,305676,28900,79056,2.831486902071214,0.20548329746420885
4459,0.4468,12,54,12,299988,305622,28912,79044,2.8309866982844865,0.20548735786370514
4460,0.4469,20,178,20,300166,305444,28932,79024,2.8293378783949015,0.20554116337380485
4461,0.447,4,88,4,300254,305356,28936,79020,2.8285227314831967,0.205579952962724
4462,0.4471,9,69,9,300323,305287,28945,79011,2.8278835822001556,0.20559825968389114
4463,0.4472,50,323,50,300646,304964,28995,78961,2.8248916225128755,0.20566777365370842
4464,0.4473,7,50,7,300696,304914,29002,78954,2.8244284708584977,0.2056800775266498
4465,0.4474,22,95,22,300791,304819,29024,78932,2.8235484827151804,0.20568545749717915
4466,0.4475,8,74,8,300865,304745,29032,78924,2.8228630182667014,0.20570856649872676
4467,0.4476,10,96,10,300961,304649,29042,78914,2.821973767090296,0.20573934399303373
4468,0.4477,19,100,19,301061,304549,29061,78895,2.821047463781541,0.20575364329602236
4469,0.4478,18,82,18,301143,304467,29079,78877,2.820287895068361,0.2057603614508118
4470,0.4479,19,112,19,301255,304355,29098,78858,2.819250435362555,0.20578111911652266
4471,0.448,13,126,13,301381,304229,29111,78845,2.8180832931935234,0.2058218516526833
4472,0.4481,13,66,13,301447,304163,29124,78832,2.817471933009745,0.20583036332066998
4473,0.4482,21,145,21,301592,304018,29145,78811,2.8161287932120493,0.20586475946179625
4474,0.4483,16,97,16,301689,303921,29161,78795,2.8152302790025567,0.20588373624306275
4475,0.4484,15,120,15,301809,303801,29176,78780,2.81411871503205,0.20591717832302178
4476,0.4485,25,141,25,301950,303660,29201,78755,2.812812627366705,0.20594118954538917
4477,0.4486,16,100,16,302050,303560,29217,78739,2.8118863240579497,0.20596182569140908
4478,0.4487,19,151,19,302201,303409,29236,78720,2.810487606061729,0.20600373172410363
4479,0.4488,26,174,26,302375,303235,29262,78694,2.8088758383044943,0.20604353165117076
4480,0.4489,24,137,24,302512,303098,29286,78670,2.8076068027714993,0.20606755935542004
4481,0.449,14,58,14,302570,303040,29300,78656,2.8070695468524214,0.20606975184439974
4482,0.4491,38,326,38,302896,302714,29338,78618,2.8040497980658787,0.20616680477903768
4483,0.4492,12,87,12,302983,302627,29350,78606,2.8032439141872616,0.20618886612648957
4484,0.4493,15,101,15,303084,302526,29365,78591,2.8023083478454187,0.2062122655247601
4485,0.4494,22,138,22,303222,302388,29387,78569,2.801030049279336,0.20624112432636754
4486,0.4495,20,144,20,303366,302244,29407,78549,2.7996961725147282,0.2062774263182359
4487,0.4496,18,167,18,303533,302077,29425,78531,2.798149245989107,0.20633039767950226
4488,0.4497,17,115,17,303648,301962,29442,78514,2.7970839971840378,0.20635729980340417
4489,0.4498,13,116,13,303764,301846,29455,78501,2.7960094853458815,0.20639310945005482
4490,0.4499,19,146,19,303910,301700,29474,78482,2.7946570825150987,0.20643270854485482
4491,0.45,28,209,28,304119,301491,29502,78454,2.7927211085998,0.20648778112621563
4492,0.4501,24,158,24,304277,301333,29526,78430,2.7912575493719665,0.2065235423145488
4493,0.4502,20,144,20,304421,301189,29546,78410,2.7899236726073586,0.20656008050600766
4494,0.4503,36,214,36,304635,300975,29582,78374,2.787941383526622,0.20660130908477417
4495,0.4504,14,171,14,304806,300804,29596,78360,2.7863574048686504,0.20666518973320253
4496,0.4505,15,84,15,304890,300720,29611,78345,2.785579310089296,0.20667959320960785
4497,0.4506,19,132,19,305022,300588,29630,78326,2.7843565897217384,0.2067118132346654
4498,0.4507,2,30,2,305052,300558,29632,78324,2.784078698729112,0.20672399322216414
4499,0.4508,15,82,15,305134,300476,29647,78309,2.7833191300159323,0.20673733120371715
4500,0.4509,16,84,16,305218,300392,29663,78293,2.782541035236578,0.20674967321124418
4501,0.451,22,182,22,305400,300210,29685,78271,2.780855163214643,0.2068029835051165
4502,0.4511,27,134,27,305534,300076,29712,78244,2.7796139167809106,0.20681962359906958
4503,0.4512,25,178,25,305712,299898,29737,78219,2.777965096891326,0.20686454192749862
4504,0.4513,6,50,6,305762,299848,29743,78213,2.7775019452369483,0.20687931312671765
4505,0.4514,4,52,4,305814,299796,29747,78209,2.7770202675163955,0.20689937963783547
4506,0.4515,17,166,17,305980,299630,29764,78192,2.7754826040238614,0.2069545976676848
4507,0.4516,26,226,26,306206,299404,29790,78166,2.7733891585460744,0.2070238631247186
4508,0.4517,12,96,12,306302,299308,29802,78154,2.772499907369669,0.2070513058268117
4509,0.4518,31,180,31,306482,299128,29833,78123,2.7708325614139095,0.2070849381446305
4510,0.4519,13,118,13,306600,299010,29846,78110,2.769739523509578,0.20712240135765805
4511,0.452,19,96,19,306696,298914,29865,78091,2.768850272333173,0.20713518388350288
4512,0.4521,22,87,22,306783,298827,29887,78069,2.7680443884545554,0.20713671676006112
4513,0.4522,16,135,16,306918,298692,29903,78053,2.7667938789877358,0.2071772684441731
4514,0.4523,17,94,17,307012,298598,29920,78036,2.7659231538775058,0.20719319020587626
4515,0.4524,16,72,16,307084,298526,29936,78020,2.7652562154952016,0.20719912042618963
4516,0.4525,25,102,25,307186,298424,29961,77995,2.764311386120271,0.20720261198292328
4517,0.4526,9,80,9,307266,298344,29970,77986,2.763570343473267,0.20722769909388036
4518,0.4527,12,81,12,307347,298263,29982,77974,2.762820037793175,0.20724702780428295
4519,0.4528,9,72,9,307419,298191,29991,77965,2.762153099410871,0.20726772934633503
4520,0.4529,19,129,19,307548,298062,30010,77946,2.7609581681425768,0.20729878087700263
4521,0.453,20,111,20,307659,297951,30030,77926,2.759929971469858,0.20731781939304614
4522,0.4531,23,101,23,307760,297850,30053,77903,2.758994405128015,0.20732502468376832
4523,0.4532,27,193,27,307953,297657,30080,77876,2.757206639742117,0.2073745849232957
4524,0.4533,18,144,18,308097,297513,30098,77858,2.7558727629775093,0.2074161296424071
4525,0.4534,16,86,16,308183,297427,30114,77842,2.75507614213198,0.2074298703063669
4526,0.4535,10,82,10,308265,297345,30124,77832,2.7543165734188,0.20745408167345014
4527,0.4536,25,135,25,308400,297210,30149,77807,2.7530660639519806,0.20747592775794163
4528,0.4537,29,218,29,308618,296992,30178,77778,2.7510467227388937,0.20753528831016357
4529,0.4538,5,66,5,308684,296926,30183,77773,2.7504353625551152,0.20756126917872747
4530,0.4539,6,44,6,308728,296882,30189,77767,2.7500277890992626,0.20757295495250222
4531,0.454,11,87,11,308815,296795,30200,77756,2.7492219052206455,0.2075978972155995
4532,0.4541,37,173,37,308988,296622,30237,77719,2.7476194004964984,0.2076155163340377
4533,0.4542,12,63,12,309051,296559,30249,77707,2.7470358294119825,0.20762505811374798
4534,0.4543,12,80,12,309131,296479,30261,77695,2.7462947867649783,0.20764403726608477
4535,0.4544,24,119,24,309250,296360,30285,77671,2.7451924858275594,0.2076592581898292
4536,0.4545,14,87,14,309337,296273,30299,77657,2.7443866019489422,0.2076779076297703
4537,0.4546,22,166,22,309503,296107,30321,77635,2.742848938456408,0.20772350980087867
4538,0.4547,23,120,23,309623,295987,30344,77612,2.7417373744859015,0.2077414554107479
4539,0.4548,23,186,23,309809,295801,30367,77589,2.7400144503316164,0.20779613808618336
4540,0.4549,14,81,14,309890,295720,30381,77575,2.739264144651525,0.20781151636105494
4541,0.455,17,65,17,309955,295655,30398,77558,2.7386620475008336,0.20781162499698563
4542,0.4551,20,103,20,310058,295552,30418,77538,2.7377079550928154,0.20782652979173927
4543,0.4552,11,90,11,310148,295462,30429,77527,2.7368742821149357,0.20785331470901286
4544,0.4553,13,73,13,310221,295389,30442,77514,2.7361980806995443,0.20786638884642925
4545,0.4554,27,155,27,310376,295234,30469,77487,2.7347623105709733,0.2078954499478162
4546,0.4555,19,114,19,310490,295120,30488,77468,2.7337063247989923,0.20791866619429503
4547,0.4556,7,71,7,310561,295049,30495,77461,2.733048649449776,0.2079434109151432
4548,0.4557,13,94,13,310655,294955,30508,77448,2.732177924339546,0.2079682494501924
4549,0.4558,10,75,10,310730,294880,30518,77438,2.731483196857979,0.20798886972963973
4550,0.4559,12,79,12,310809,294801,30530,77426,2.7307514172440626,0.20800747930698202
4551,0.456,10,105,10,310914,294696,30540,77416,2.7297787987698694,0.20804488971062476
4552,0.4561,11,131,11,311045,294565,30551,77405,2.7285653414353996,0.20809473882302337
4553,0.4562,11,86,11,311131,294479,30562,77394,2.7277687205898697,0.20811943862555227
4554,0.4563,25,155,25,311286,294324,30587,77369,2.726332950461299,0.2081529649468782
4555,0.4564,33,190,33,311476,294134,30620,77336,2.724572974174664,0.20818908660187901
4556,0.4565,7,67,7,311543,294067,30627,77329,2.7239523509577976,0.2082117201046861
4557,0.4566,20,138,20,311681,293929,30647,77309,2.722674052391715,0.20824646183849713
4558,0.4567,21,110,21,311791,293819,30668,77288,2.7216551187520843,0.20826338495366564
4559,0.4568,20,130,20,311921,293689,30688,77268,2.7204509244507022,0.20829368363449133
4560,0.4569,26,223,26,312144,293466,30714,77242,2.7183852680721774,0.2083634558736256
4561,0.457,25,207,25,312351,293259,30739,77217,2.7164678202230537,0.2084264567745279
4562,0.4571,11,106,11,312457,293153,30750,77206,2.7154859387157733,0.20846259980181392
4563,0.4572,15,75,15,312532,293078,30765,77191,2.7147912112342065,0.2084727589941367
4564,0.4573,15,75,15,312607,293003,30780,77176,2.71409648375264,0.2084829231263794
4565,0.4574,10,79,10,312686,292924,30790,77166,2.713364704138723,0.2085060390715772
4566,0.4575,9,48,9,312734,292876,30799,77157,2.7129200785505208,0.20851383525253153
4567,0.4576,7,64,7,312798,292812,30806,77150,2.712327244432917,0.20853493061449555
4568,0.4577,28,162,28,312960,292650,30834,77122,2.7108266330727333,0.2085663598109105
4569,0.4578,28,144,28,313104,292506,30862,77094,2.7094927563081255,0.20858766233766235
4570,0.4579,19,115,19,313219,292391,30881,77075,2.708427507503057,0.20861188850936216
4571,0.458,37,192,37,313411,292199,30918,77038,2.7066490051502465,0.20864106251540337
4572,0.4581,20,158,20,313569,292041,30938,77018,2.705185445922413,0.20868749983065038
4573,0.4582,21,109,21,313678,291932,30959,76997,2.7041757753158695,0.20870411379967418
4574,0.4583,13,99,13,313777,291833,30972,76984,2.7032587350402015,0.20873224390415843
4575,0.4584,18,78,18,313855,291755,30990,76966,2.702536218459372,0.20873777191968995
4576,0.4585,35,175,35,314030,291580,31025,76931,2.7009151876690503,0.2087617465964381
4577,0.4586,24,122,24,314152,291458,31049,76907,2.6997850976323687,0.20877933571321922
4578,0.4587,22,157,22,314309,291301,31071,76885,2.698330801437623,0.208821084995084
4579,0.4588,17,99,17,314408,291202,31088,76868,2.697413761161955,0.2088407096476214
4580,0.4589,13,77,13,314485,291125,31101,76855,2.696700507614213,0.2088564595901951
4581,0.459,12,111,12,314596,291014,31113,76843,2.695672310941495,0.20889367335676634
4582,0.4591,12,91,12,314687,290923,31125,76831,2.6948293749305274,0.20891954948144684
4583,0.4592,39,206,39,314893,290717,31164,76792,2.692921190114491,0.20895270592012713
4584,0.4593,17,83,17,314976,290634,31181,76775,2.692152358368224,0.2089633079211451
4585,0.4594,14,74,14,315050,290560,31195,76761,2.691466893919745,0.20897525597501912
4586,0.4595,6,36,6,315086,290524,31201,76755,2.691133424728593,0.20898281687763254
4587,0.4596,6,102,6,315188,290422,31207,76749,2.6901885953536624,0.20902794610685485
4588,0.4597,2,28,2,315216,290394,31209,76747,2.689929230427211,0.20903957879942583
4589,0.4598,12,103,12,315319,290291,31221,76735,2.688975138019193,0.20907238179311546
4590,0.4599,16,127,16,315446,290164,31237,76719,2.6877987328170736,0.20911026130946378
4591,0.46,17,123,17,315569,290041,31254,76702,2.6866593797473044,0.2091437328047161
4592,0.4601,5,115,5,315684,289926,31259,76697,2.6855941309422358,0.20919855000913745
4593,0.4602,28,139,28,315823,289787,31287,76669,2.684306569343066,0.20921747767808413
4594,0.4603,22,142,22,315965,289645,31309,76647,2.682991218644633,0.20925108929487948
4595,0.4604,13,61,13,316026,289584,31322,76634,2.682426173626292,0.2092578737254859
4596,0.4605,9,52,9,316078,289532,31331,76625,2.6819444959057392,0.2092681554633668
4597,0.4606,10,100,10,316178,289432,31341,76615,2.681018192596984,0.2093037232923641
4598,0.4607,7,76,7,316254,289356,31348,76608,2.6803142020823296,0.20933206544906055
4599,0.4608,6,72,6,316326,289284,31354,76602,2.679647263700026,0.20936029255013858
4600,0.4609,50,258,50,316584,289026,31404,76552,2.677257401163437,0.2093999091849072
4601,0.461,22,210,22,316794,288816,31426,76530,2.6753121642150504,0.20947266426893957
4602,0.4611,14,99,14,316893,288717,31440,76516,2.674395123939383,0.20949914164382735
4603,0.4612,15,128,15,317021,288589,31455,76501,2.6732094557041757,0.2095401133966967
4604,0.4613,13,111,13,317132,288478,31468,76488,2.6721812590314573,0.20957568650230432
4605,0.4614,24,109,24,317241,288369,31492,76464,2.671171588424914,0.20958630387053803
4606,0.4615,12,89,12,317330,288280,31504,76452,2.6703471784801214,0.20961144072908328
4607,0.4616,10,51,10,317381,288229,31514,76442,2.6698747637926563,0.20961908130890583
4608,0.4617,26,143,26,317524,288086,31540,76416,2.668550150061136,0.20964494021980676
4609,0.4618,21,104,21,317628,287982,31561,76395,2.6675867946200302,0.20965922657028296
4610,0.4619,6,48,6,317676,287934,31567,76389,2.6671421690318278,0.20967383338411244
4611,0.462,18,92,18,317768,287842,31585,76371,2.6662899699877727,0.20968773766998983
4612,0.4621,14,122,14,317890,287720,31599,76357,2.665159879951091,0.2097276125654738
4613,0.4622,19,140,19,318030,287580,31618,76338,2.6638630553188336,0.20976703543105865
4614,0.4623,19,134,19,318164,287446,31637,76319,2.6626218088851012,0.20980303217736726
4615,0.4624,13,70,13,318234,287376,31650,76306,2.6619733965689725,0.20981516819639134
4616,0.4625,17,193,17,318427,287183,31667,76289,2.6601856311830745,0.20988962010828896
4617,0.4626,21,98,21,318525,287085,31688,76268,2.659277853940494,0.20990056501528817
4618,0.4627,15,87,15,318612,286998,31703,76253,2.658471970061877,0.20991821082392065
4619,0.4628,23,118,23,318730,286880,31726,76230,2.657378932157546,0.20993638291426842
4620,0.4629,23,127,23,318857,286753,31749,76207,2.6562025269554264,0.20995977518183823
4621,0.463,43,252,43,319109,286501,31792,76164,2.6538682426173628,0.21001199454041608
4622,0.4631,25,162,25,319271,286339,31817,76139,2.652367631257179,0.2100513686347861
4623,0.4632,21,133,21,319404,286206,31838,76118,2.651135647856534,0.21008268842251687
4624,0.4633,37,230,37,319634,285976,31875,76081,2.6490051502463965,0.21013542066580676
4625,0.4634,5,49,5,319683,285927,31880,76076,2.6485512616251063,0.21015295453352598
4626,0.4635,23,115,23,319798,285812,31903,76053,2.6474860128200377,0.21016953836375443
4627,0.4636,8,87,8,319885,285725,31911,76045,2.6466801289414206,0.21020261492108244
4628,0.4637,16,95,16,319980,285630,31927,76029,2.645800140798103,0.21022288951747364
4629,0.4638,19,107,19,320087,285523,31946,76010,2.644808996257735,0.21024360155227878
4630,0.4639,14,55,14,320142,285468,31960,75996,2.644299529437919,0.21024500365181595
4631,0.464,30,193,30,320335,285275,31990,75966,2.642511764052021,0.21029174429259137
4632,0.4641,14,128,14,320463,285147,32004,75952,2.6413260958168143,0.21033566971938444
4633,0.4642,9,74,9,320537,285073,32013,75943,2.6406406313683353,0.21035909765772154
4634,0.4643,6,51,6,320588,285022,32019,75937,2.64016821668087,0.21037569363833566
4635,0.4644,19,85,19,320673,284937,32038,75918,2.639380858868428,0.21038367211206718
4636,0.4645,13,74,13,320747,284863,32051,75905,2.638695394419949,0.21039837236118503
4637,0.4646,23,180,23,320927,284683,32074,75882,2.637028048464189,0.21045303898048895
4638,0.4647,15,112,15,321039,284571,32089,75867,2.635990588758383,0.21048557588267608
4639,0.4648,20,119,20,321158,284452,32109,75847,2.634888287820964,0.21051126980646628
4640,0.4649,13,90,13,321248,284362,32122,75834,2.6340546148430843,0.2105353751846217
4641,0.465,8,62,8,321310,284300,32130,75826,2.6334803067916557,0.21055408384843083
4642,0.4651,14,88,14,321398,284212,32144,75812,2.6326651598799513,0.21057485056551786
4643,0.4652,25,160,25,321558,284052,32169,75787,2.6311830745859424,0.2106136355425621
4644,0.4653,11,107,11,321665,283945,32180,75776,2.6301919300455743,0.21065214430072196
4645,0.4654,11,64,11,321729,283881,32191,75765,2.6295990959279707,0.21066548772960078
4646,0.4655,19,210,19,321939,283671,32210,75746,2.6276538589795844,0.21074684836832983
4647,0.4656,8,108,8,322047,283563,32218,75738,2.6266534514061286,0.2107926223417135
4648,0.4657,35,151,35,322198,283412,32253,75703,2.625254733409908,0.2108043384431171
4649,0.4658,12,104,12,322302,283308,32265,75691,2.624291377968802,0.21083902740676158
4650,0.4659,10,72,10,322374,283236,32275,75681,2.6236244395864983,0.21085933516662628
4651,0.466,42,267,42,322641,282969,32317,75639,2.6211512097521212,0.21092390576897335
4652,0.4661,10,63,10,322704,282906,32327,75629,2.6205676386676053,0.21093895993417658
4653,0.4662,20,124,20,322828,282782,32347,75609,2.6194190225647485,0.21096790935040222
4654,0.4663,7,92,7,322920,282690,32354,75602,2.618566823520694,0.2110066649548413
4655,0.4664,31,209,31,323129,282481,32385,75571,2.6166308496053947,0.21106152179013105
4656,0.4665,9,61,9,323190,282420,32394,75562,2.616065804587054,0.21107765194898068
4657,0.4666,20,119,20,323309,282301,32414,75542,2.6149635036496353,0.21110375220417893
4658,0.4667,18,162,18,323471,282139,32432,75524,2.6134628922894514,0.2111596670608925
4659,0.4668,11,81,11,323552,282058,32443,75513,2.6127125866093595,0.2111832335396327
4660,0.4669,21,223,21,323775,281835,32464,75492,2.6106469302308346,0.21126866987381307
4661,0.467,43,223,43,323998,281612,32507,75449,2.60858127385231,0.21130563125068266
4662,0.4671,26,79,26,324077,281533,32533,75423,2.6078494942383936,0.2112949495175876
4663,0.4672,28,195,28,324272,281338,32561,75395,2.6060432027863203,0.2113485435886223
4664,0.4673,27,137,27,324409,281201,32588,75368,2.6047741672533253,0.21137002936318075
4665,0.4674,34,193,34,324602,281008,32622,75334,2.6029864018674274,0.21140926413389385
4666,0.4675,34,173,34,324775,280835,32656,75300,2.6013838971432808,0.2114366742948601
4667,0.4676,6,81,6,324856,280754,32662,75294,2.600633591463189,0.21147148699051813
4668,0.4677,11,59,11,324915,280695,32673,75283,2.6000870725110232,0.2114821702464759
4669,0.4678,8,81,8,324996,280614,32681,75275,2.5993367668309313,0.21151257836010667
4670,0.4679,22,132,22,325128,280482,32703,75253,2.598114046463374,0.21154229974559716
4671,0.468,19,114,19,325242,280368,32722,75234,2.597058060691393,0.21156798893144582
4672,0.4681,9,105,9,325347,280263,32731,75225,2.5960854422171997,0.21161051849851473
4673,0.4682,16,76,16,325423,280187,32747,75209,2.5953814517025453,0.21162027709934833
4674,0.4683,16,121,16,325544,280066,32763,75193,2.5942606246989515,0.21165684753940084
4675,0.4684,16,96,16,325640,279970,32779,75177,2.593371373522546,0.21167854437739866
4676,0.4685,29,197,29,325837,279773,32808,75148,2.591546556004298,0.2117316247841069
4677,0.4686,29,143,29,325980,279630,32837,75119,2.5902219422727777,0.2117525348908665
4678,0.4687,16,97,16,326077,279533,32853,75103,2.589323428063285,0.2117748903100644
4679,0.4688,22,136,22,326213,279397,32875,75081,2.588063655563378,0.21180722075841096
4680,0.4689,9,88,9,326301,279309,32884,75072,2.587248508651673,0.21183979953778562
4681,0.469,4,65,4,326366,279244,32888,75068,2.5866464115009817,0.21186976450134345
4682,0.4691,21,96,21,326462,279148,32909,75047,2.585757160324577,0.21188046132779967
4683,0.4692,23,125,23,326587,279023,32932,75024,2.5845992811886322,0.2119040692337458
4684,0.4693,36,246,36,326833,278777,32968,74988,2.5823205750490943,0.21197122383503172
4685,0.4694,23,132,23,326965,278645,32991,74965,2.581097854681537,0.21199909504821696
4686,0.4695,17,102,17,327067,278543,33008,74948,2.5801530253066063,0.21202237114947764
4687,0.4696,8,70,8,327137,278473,33016,74940,2.5795046129904775,0.21204652913163918
4688,0.4697,14,83,14,327220,278390,33030,74926,2.5787357812442107,0.21206512017570672
4689,0.4698,13,97,13,327317,278293,33043,74913,2.577837267034718,0.21209435853298075
4690,0.4699,19,60,19,327377,278233,33062,74894,2.5772814850494647,0.2120880023334381
4691,0.47,15,79,15,327456,278154,33077,74879,2.5765497054355477,0.2121019848002878
4692,0.4701,9,59,9,327515,278095,33086,74870,2.576003186483382,0.21211734874562635
4693,0.4702,29,143,29,327658,277952,33115,74841,2.574678572751862,0.21213856283996566
4694,0.4703,20,101,20,327759,277851,33135,74821,2.573743006410019,0.2121546366028491
4695,0.4704,22,142,22,327901,277709,33157,74799,2.572427655711586,0.2121909290001929
4696,0.4705,10,88,10,327989,277621,33167,74789,2.5716125087998813,0.2122215601146392
4697,0.4706,9,29,9,328018,277592,33176,74780,2.571343880840342,0.21221890502083027
4698,0.4707,13,62,13,328080,277530,33189,74767,2.570769572788914,0.21222718331407875
4699,0.4708,6,52,6,328132,277478,33195,74761,2.570287895068361,0.21224509494973584
4700,0.4709,25,162,25,328294,277316,33220,74736,2.5687872837081773,0.2122868212650404
4701,0.471,13,71,13,328365,277245,33233,74723,2.568129608358961,0.21230055005000453
4702,0.4711,14,87,14,328452,277158,33247,74709,2.5673237244803437,0.2123217010972896
4703,0.4712,15,141,15,328593,277017,33262,74694,2.5660176368149985,0.21237322688229826
4704,0.4713,15,113,15,328706,276904,33277,74679,2.5649709140761052,0.21240788092712104
4705,0.4714,36,210,36,328916,276694,33313,74643,2.563025677127719,0.2124541394729277
4706,0.4715,9,100,9,329016,276594,33322,74634,2.5620993738189632,0.21249444805083878
4707,0.4716,18,140,18,329156,276454,33340,74616,2.5608025491867057,0.2125388099239468
4708,0.4717,23,85,23,329241,276369,33363,74593,2.5600151913742635,0.21253867940118873
4709,0.4718,8,59,8,329300,276310,33371,74585,2.559468672422098,0.21255646275951495
4710,0.4719,18,127,18,329427,276183,33389,74567,2.5582922672199784,0.21259301496792588
4711,0.472,25,100,25,329527,276083,33414,74542,2.557365963911223,0.212597504456328
4712,0.4721,16,145,16,329672,275938,33430,74526,2.5560228241135277,0.21264951607012417
4713,0.4722,17,111,17,329783,275827,33447,74509,2.5549946274408093,0.21267868560467665
4714,0.4723,18,126,18,329909,275701,33465,74491,2.5538274852717775,0.21271473934298898
4715,0.4724,11,36,11,329945,275665,33476,74480,2.5534940160806254,0.2127118765083037
4716,0.4725,18,136,18,330081,275529,33494,74462,2.552234243580718,0.21275404224680064
4717,0.4726,25,145,25,330226,275384,33519,74437,2.5508911037830226,0.2127859676806138
4718,0.4727,10,69,10,330295,275315,33529,74427,2.5502519544999815,0.21280543943821445
4719,0.4728,23,135,23,330430,275180,33552,74404,2.5490014450331615,0.21283582772666942
4720,0.4729,20,141,20,330571,275039,33572,74384,2.5476953573678167,0.21287665665969327
4721,0.473,9,86,9,330657,274953,33581,74375,2.546898736522287,0.21290878486694453
4722,0.4731,14,77,14,330734,274876,33595,74361,2.546185482974545,0.21292417470084785
4723,0.4732,12,78,12,330812,274798,33607,74349,2.545462966393716,0.21294469091815196
4724,0.4733,5,94,5,330906,274704,33612,74344,2.544592241283486,0.21299076344800716
4725,0.4734,20,107,20,331013,274597,33632,74324,2.5436010967431177,0.213010968098796
4726,0.4735,8,78,8,331091,274519,33640,74316,2.5428785801622884,0.21304054925681196
4727,0.4736,8,24,8,331115,274495,33648,74308,2.542656267368187,0.21303715851067795
4728,0.4737,11,82,11,331197,274413,33659,74297,2.5418966986550076,0.21306243009950962
4729,0.4738,24,177,24,331374,274236,33683,74273,2.5402571417985107,0.2131164474948997
4730,0.4739,8,67,8,331441,274169,33691,74265,2.5396365185816445,0.21313936068236738
4731,0.474,19,131,19,331572,274038,33710,74246,2.5384230612471748,0.21317660300214766
4732,0.4741,7,56,7,331628,273982,33717,74239,2.5379043313942717,0.21319506864893273
4733,0.4742,29,114,29,331742,273868,33746,74210,2.536848345622291,0.21319934037773142
4734,0.4743,27,168,27,331910,273700,33773,74183,2.5352921560635813,0.2132412334031844
4735,0.4744,19,99,19,332009,273601,33792,74164,2.5343751157879137,0.21325895360372665
4736,0.4745,17,80,17,332089,273521,33809,74147,2.533634073140909,0.213269556013208
4737,0.4746,17,102,17,332191,273419,33826,74130,2.532689243765979,0.21329366506593314
4738,0.4747,7,68,7,332259,273351,33833,74123,2.532059357516025,0.2133195577223044
4739,0.4748,19,80,19,332339,273271,33852,74104,2.531318314869021,0.21332565671104714
4740,0.4749,14,72,14,332411,273199,33866,74090,2.5306513764867167,0.21333817080299117
4741,0.475,36,253,36,332664,272946,33902,74054,2.5283078291155654,0.21341210374639769
4742,0.4751,21,107,21,332771,272839,33923,74033,2.5273166845751973,0.21343031435226828
4743,0.4752,17,157,17,332928,272682,33940,74016,2.5258623883804514,0.21348839624110896
4744,0.4753,10,93,10,333021,272589,33950,74006,2.5250009263033086,0.21352298792538843
4745,0.4754,8,86,8,333107,272503,33958,73998,2.524204305457779,0.21355782522994163
4746,0.4755,17,135,17,333242,272368,33975,73981,2.522953795990959,0.21360246456608797
4747,0.4756,20,134,20,333376,272234,33995,73961,2.5217125495572272,0.2136397117231618
4748,0.4757,11,71,11,333447,272163,34006,73950,2.5210548742080108,0.21365854504164825
4749,0.4758,11,52,11,333499,272111,34017,73939,2.520573196487458,0.2136656552521312
4750,0.4759,35,207,35,333706,271904,34052,73904,2.5186557486383343,0.2137139684449174
4751,0.476,7,48,7,333754,271856,34059,73897,2.5182111230501314,0.21372771892073242
4752,0.4761,18,89,18,333843,271767,34077,73879,2.5173867131053393,0.21374180519953942
4753,0.4762,15,105,15,333948,271662,34092,73864,2.516414094631146,0.21377262492547594
4754,0.4763,13,117,13,334065,271545,34105,73851,2.515330319759902,0.21381544661779522
4755,0.4764,4,48,4,334113,271497,34109,73847,2.5148856941716997,0.21383605911786507
4756,0.4765,12,79,12,334192,271418,34121,73835,2.5141539145577827,0.21385766380016974
4757,0.4766,7,67,7,334259,271351,34128,73828,2.5135332913409165,0.21388323159867778
4758,0.4767,21,150,21,334409,271201,34149,73807,2.5121438363777835,0.21392837267541623
4759,0.4768,19,217,19,334626,270984,34168,73788,2.5101337581977843,0.21401969997563608
4760,0.4769,10,51,10,334677,270933,34178,73778,2.509661343510319,0.21402856305716964
4761,0.477,33,190,33,334867,270743,34211,73745,2.507901367223684,0.21407131743340843
4762,0.4771,37,127,37,334994,270616,34248,73708,2.5067249620215644,0.2140658217260487
4763,0.4772,14,46,14,335040,270570,34262,73694,2.506298862499537,0.214062463690656
4764,0.4773,17,98,17,335138,270472,34279,73677,2.5053910852569565,0.21408459707859095
4765,0.4774,12,62,12,335200,270410,34291,73665,2.5048167772055283,0.2140957640049408
4766,0.4775,20,163,20,335363,270247,34311,73645,2.5033069028122568,0.2141515359473323
4767,0.4776,23,131,23,335494,270116,34334,73622,2.5020934454777874,0.21418056775800173
4768,0.4777,19,141,19,335635,269975,34353,73603,2.500787357812442,0.21422500858611437
4769,0.4778,19,123,19,335758,269852,34372,73584,2.499648004742673,0.21425826063662518
4770,0.4779,14,119,14,335877,269733,34386,73570,2.498545703805254,0.21430048674203256
4771,0.478,15,166,15,336043,269567,34401,73555,2.49700804031272,0.21436981598381916
4772,0.4781,30,243,30,336286,269324,34431,73525,2.494757123272444,0.2144530099256524
4773,0.4782,23,146,23,336432,269178,34454,73502,2.4934047204416614,0.21449165402124432
4774,0.4783,7,74,7,336506,269104,34461,73495,2.4927192559931823,0.21452193380599477
4775,0.4784,15,134,15,336640,268970,34476,73480,2.49147800955945,0.21457147028763324
4776,0.4785,22,125,22,336765,268845,34498,73458,2.490320130423506,0.21459934619328488
4777,0.4786,22,221,22,336986,268624,34520,73436,2.4882730001111564,0.21468748172835175
4778,0.4787,11,64,11,337050,268560,34531,73425,2.487680165993553,0.21470239922803633
4779,0.4788,8,83,8,337133,268477,34539,73417,2.486911334247286,0.21473614629095567
4780,0.4789,7,46,7,337179,268431,34546,73410,2.4864852347252584,0.2147489622368294
4781,0.479,30,128,30,337307,268303,34576,73380,2.4852995664900517,0.2147604651094728
4782,0.4791,22,134,22,337441,268169,34598,73358,2.4840583200563193,0.21479414511883393
4783,0.4792,27,137,27,337578,268032,34625,73331,2.4827892845233244,0.21481824333627253
4784,0.4793,30,171,30,337749,267861,34655,73301,2.4812053058653527,0.21485687151558497
4785,0.4794,14,61,14,337810,267800,34669,73287,2.4806402608470117,0.2148630701258037
4786,0.4795,37,236,37,338046,267564,34706,73250,2.478454185038349,0.21492661686433068
4787,0.4796,14,93,14,338139,267471,34720,73236,2.4775927229612065,0.21495302415271772
4788,0.4797,8,85,8,338224,267386,34728,73228,2.4768053651487643,0.2149882271427481
4789,0.4798,14,115,14,338339,267271,34742,73214,2.4757401163436956,0.21502856219804103
4790,0.4799,24,120,24,338459,267151,34766,73190,2.474628552373189,0.2150490243608616
4791,0.48,6,41,6,338500,267110,34772,73184,2.4742487680165994,0.21506109423028322
4792,0.4801,13,145,13,338645,266965,34785,73171,2.472905628218904,0.21512277441964392
4793,0.4802,18,128,18,338773,266837,34803,73153,2.471719959983697,0.2151622106532545
4794,0.4803,20,140,20,338913,266697,34823,73133,2.4704231353514396,0.21520466115410647
4795,0.4804,19,108,19,339021,266589,34842,73114,2.4694227277779834,0.21522918549438774
4796,0.4805,21,99,21,339120,266490,34863,73093,2.468505687502316,0.21524340146591556
4797,0.4806,14,134,14,339254,266356,34877,73079,2.4672644410685836,0.21529600659920162
4798,0.4807,14,87,14,339341,266269,34891,73065,2.4664585571899664,0.2153188304148715
4799,0.4808,5,65,5,339406,266204,34896,73060,2.465856460039275,0.2153485191473307
4800,0.4809,21,129,21,339535,266075,34917,73039,2.4646615287709808,0.21538184799212065
4801,0.481,22,156,22,339691,265919,34939,73017,2.463216495609322,0.21543005169117474
4802,0.4811,23,141,23,339832,265778,34962,72994,2.4619104079439773,0.21546644941140353
4803,0.4812,11,73,11,339905,265705,34973,72983,2.461234206528586,0.21548741024187454
4804,0.4813,8,66,8,339971,265639,34981,72975,2.460622846344807,0.215510876691454
4805,0.4814,32,213,32,340184,265426,35013,72943,2.458649820297158,0.21557234853074603
4806,0.4815,34,217,34,340401,265209,35047,72909,2.456639742117159,0.21563182084361082
4807,0.4816,21,114,21,340515,265095,35068,72888,2.4555837563451774,0.21565581700854777
4808,0.4817,21,114,21,340629,264981,35089,72867,2.4545277705731965,0.2156798323506429
4809,0.4818,18,163,18,340792,264818,35107,72849,2.453017896179925,0.215742136483577
4810,0.4819,16,153,16,340945,264665,35123,72833,2.4516006521175293,0.2158027603126537
4811,0.482,17,102,17,341047,264563,35140,72816,2.4506558227425987,0.21582848962146428
4812,0.4821,16,60,16,341107,264503,35156,72800,2.4501000407573454,0.21582968428979285
4813,0.4822,22,118,22,341225,264385,35178,72778,2.449007002853014,0.21585405278752415
4814,0.4823,16,113,16,341338,264272,35194,72762,2.4479602801141205,0.21588919812244461
4815,0.4824,24,167,24,341505,264105,35218,72738,2.446413353588499,0.21594036390840837
4816,0.4825,15,83,15,341588,264022,35233,72723,2.445644521842232,0.215958663083342
4817,0.4826,5,51,5,341639,263971,35238,72718,2.4451721071547667,0.2159797320375777
4818,0.4827,22,110,22,341749,263861,35260,72696,2.4441531735151356,0.2159990729653521
4819,0.4828,28,159,28,341908,263702,35288,72668,2.442680351254215,0.21603591283408152
4820,0.4829,28,163,28,342071,263539,35316,72640,2.4411704768609432,0.21607536461230475
4821,0.483,6,63,6,342134,263476,35322,72634,2.4405869057764273,0.21610187141114517
4822,0.4831,15,108,15,342242,263368,35337,72619,2.4395864982029716,0.216136338608339
4823,0.4832,32,226,32,342468,263142,35369,72587,2.437493052725184,0.21620711943263762
4824,0.4833,4,25,4,342493,263117,35373,72583,2.4372614768979957,0.21621388144176348
4825,0.4834,15,105,15,342598,263012,35388,72568,2.4362888584238025,0.21624649859943978
4826,0.4835,27,177,27,342775,262835,35415,72541,2.434649301567305,0.21629752874385763
4827,0.4836,22,70,22,342845,262765,35437,72519,2.4340008892511764,0.21629126352584674
4828,0.4837,29,187,29,343032,262578,35466,72490,2.4322687020638036,0.2163441450690606
4829,0.4838,16,103,16,343135,262475,35482,72474,2.431314609655786,0.21637323891099838
4830,0.4839,29,181,29,343316,262294,35511,72445,2.4296380006669382,0.21642234696285764
4831,0.484,16,113,16,343429,262181,35527,72429,2.428591277928045,0.21645796599025732
4832,0.4841,15,130,15,343559,262051,35542,72414,2.427387083626663,0.21650695887462065
4833,0.4842,9,86,9,343645,261965,35551,72405,2.426590462781133,0.2165415557615815
4834,0.4843,12,78,12,343723,261887,35563,72393,2.4258679462003037,0.21656395835826253
4835,0.4844,23,153,23,343876,261734,35586,72370,2.424450702137908,0.21660919953068505
4836,0.4845,31,178,31,344054,261556,35617,72339,2.4228018822483235,0.21665194147860856
4837,0.4846,29,149,29,344203,261407,35646,72310,2.4214216903182777,0.2166806006286764
4838,0.4847,26,155,26,344358,261252,35672,72284,2.4199859201897067,0.2167202340976686
4839,0.4848,13,102,13,344460,261150,35685,72271,2.4190410908147766,0.2167559931737953
4840,0.4849,27,183,27,344643,260967,35712,72244,2.417345955759754,0.21681156984613353
4841,0.485,34,141,34,344784,260826,35746,72210,2.416039868094409,0.2168234064785789
4842,0.4851,16,133,16,344917,260693,35762,72194,2.414807884693764,0.21687239213306617
4843,0.4852,14,91,14,345008,260602,35776,72180,2.4139649486827968,0.2168987505333822
4844,0.4853,10,76,10,345084,260526,35786,72170,2.413260958168143,0.21692476014139034
4845,0.4854,39,192,39,345276,260334,35825,72131,2.411482455815332,0.21695817604860662
4846,0.4855,32,125,32,345401,260209,35857,72099,2.410324576679388,0.21696438244038663
4847,0.4856,14,85,14,345486,260124,35871,72085,2.4095372188669457,0.21698689680291625
4848,0.4857,15,104,15,345590,260020,35886,72070,2.4085738634258402,0.21701948267036045
4849,0.4858,21,154,21,345744,259866,35907,72049,2.407147356330357,0.21707063555428346
4850,0.4859,13,97,13,345841,259769,35920,72036,2.406248842120864,0.21710341917692622
4851,0.486,5,82,5,345923,259687,35925,72031,2.4054892734076847,0.2171452860562285
4852,0.4861,57,340,57,346263,259347,35982,71974,2.4023398421579163,0.21723343826681676
4853,0.4862,20,119,20,346382,259228,36002,71954,2.4012375412204974,0.21726422329715986
4854,0.4863,18,89,18,346471,259139,36020,71936,2.400413131275705,0.21728007249112738
4855,0.4864,13,69,13,346540,259070,36033,71923,2.399773981992664,0.21729462556609958
4856,0.4865,24,130,24,346670,258940,36057,71899,2.3985697876912817,0.21732322972805504
4857,0.4866,15,169,15,346839,258771,36072,71884,2.397004335099485,0.21739879935279974
4858,0.4867,10,80,10,346919,258691,36082,71874,2.3962632924524807,0.21742773735876453
4859,0.4868,43,230,43,347149,258461,36125,71831,2.394132794842343,0.2174772625434464
4860,0.4869,28,134,28,347283,258327,36153,71803,2.392891548408611,0.21749916699482022
4861,0.487,11,96,11,347379,258231,36164,71792,2.3920022972322057,0.2175363535268754
4862,0.4871,14,82,14,347461,258149,36178,71778,2.391242728519026,0.2175572172025933
4863,0.4872,14,121,14,347582,258028,36192,71764,2.3901219015154322,0.217603823015719
4864,0.4873,31,98,31,347680,257930,36223,71733,2.389214124272852,0.2175949378607851
4865,0.4874,9,56,9,347736,257874,36232,71724,2.388695394419949,0.21761054375329947
4866,0.4875,6,78,6,347814,257796,36238,71718,2.3879728778391196,0.21764780859083377
4867,0.4876,10,86,10,347900,257710,36248,71708,2.38717625699359,0.21768087961192162
4868,0.4877,11,59,11,347959,257651,36259,71697,2.386629738041424,0.21769374643234513
4869,0.4878,24,164,24,348123,257487,36283,71673,2.3851106006150653,0.2177451695224207
4870,0.4879,22,138,22,348261,257349,36305,71651,2.383832302048983,0.21778419452887537
4871,0.488,17,106,17,348367,257243,36322,71634,2.3828504205417023,0.21781395476120252
4872,0.4881,14,85,14,348452,257158,36336,71620,2.38206306272926,0.21783695989391016
4873,0.4882,11,71,11,348523,257087,36347,71609,2.3814053873800436,0.2178578382456738
4874,0.4883,12,121,12,348644,256966,36359,71597,2.3802845603764498,0.21790950289594385
4875,0.4884,49,185,49,348829,256781,36408,71548,2.3785708992552523,0.21791556639833826
4876,0.4885,18,164,18,348993,256617,36426,71530,2.377051761828893,0.2179815753305683
4877,0.4886,15,121,15,349114,256496,36441,71515,2.3759309348252993,0.2180262247302682
4878,0.4887,8,60,8,349174,256436,36449,71507,2.375375152840046,0.21804703866220654
4879,0.4888,21,89,21,349263,256347,36470,71486,2.3745507428952535,0.21805614443939444
4880,0.4889,23,129,23,349392,256218,36493,71463,2.373355811626959,0.2180871030056671
4881,0.489,11,53,11,349445,256165,36504,71452,2.3728648708733187,0.21809613054267635
4882,0.4891,8,45,8,349490,256120,36512,71444,2.372448034384379,0.21810699588477367
4883,0.4892,14,82,14,349572,256038,36526,71430,2.371688465671199,0.2181281835171681
4884,0.4893,35,265,35,349837,255773,36561,71395,2.3692337619029975,0.21822121967918623
4885,0.4894,6,98,6,349935,255675,36567,71389,2.368325984660417,0.21827226475552186
4886,0.4895,28,117,28,350052,255558,36595,71361,2.367242209789173,0.21828342800510217
4887,0.4896,31,201,31,350253,255357,36626,71330,2.365380340138575,0.2183435520850233
4888,0.4897,13,92,13,350345,255265,36639,71317,2.36452814109452,0.21837394590026393
4889,0.4898,23,81,23,350426,255184,36662,71294,2.363777835414428,0.2183730603593504
4890,0.4899,16,101,16,350527,255083,36678,71278,2.362842269072585,0.21840232135579926
4891,0.49,16,89,16,350616,254994,36694,71262,2.3620178591277927,0.21842356922171546
4892,0.4901,23,116,23,350732,254878,36717,71239,2.3609433472896364,0.218446140495589
4893,0.4902,15,96,15,350828,254782,36732,71224,2.3600540961132315,0.21847450660417292
4894,0.4903,11,98,11,350926,254684,36743,71213,2.359146318870651,0.21851382492014348
4895,0.4904,30,131,30,351057,254553,36773,71183,2.3579328615361814,0.21852972959697423
4896,0.4905,26,131,26,351188,254422,36799,71157,2.3567194042017117,0.21855525079934518
4897,0.4906,24,117,24,351305,254305,36823,71133,2.355635629330468,0.2185761957730812
4898,0.4907,11,54,11,351359,254251,36834,71122,2.35513542554374,0.218586053544701
4899,0.4908,30,151,30,351510,254100,36864,71092,2.3537367075475193,0.2186154640950577
4900,0.4909,26,114,26,351624,253986,36890,71066,2.3526807217755383,0.2186296346430725
4901,0.491,32,189,32,351813,253797,36922,71034,2.3509300085219906,0.21867986737718997
4902,0.4911,33,144,33,351957,253653,36955,71001,2.349596131757383,0.21869744404812508
4903,0.4912,36,213,36,352170,253440,36991,70965,2.3476231057097334,0.2187543348592038
4904,0.4913,30,174,30,352344,253266,37021,70935,2.346011337952499,0.21879944849028843
4905,0.4914,13,74,13,352418,253192,37034,70922,2.34532587350402,0.21881807018518176
4906,0.4915,12,76,12,352494,253116,37046,70910,2.344621882989366,0.21884046341960214
4907,0.4916,34,140,34,352634,252976,37080,70876,2.3433250583571086,0.21885305633437496
4908,0.4917,15,76,15,352710,252900,37095,70861,2.342621067842454,0.2188682392258487
4909,0.4918,28,137,28,352847,252763,37123,70833,2.341352032309459,0.21889331141299645
4910,0.4919,39,305,39,353152,252458,37162,70794,2.338526807217755,0.21900560553376314
4911,0.492,18,93,18,353245,252365,37180,70776,2.337665345140613,0.21902513144416833
4912,0.4921,22,81,22,353326,252284,37202,70754,2.336915039460521,0.21902686371262822
4913,0.4922,16,120,16,353446,252164,37218,70738,2.3358034754900143,0.2190695629014376
4914,0.4923,13,159,13,353605,252005,37231,70725,2.3343306532290935,0.21914603538561647
4915,0.4924,32,250,32,353855,251755,37263,70693,2.332014894957205,0.21923845085098992
4916,0.4925,19,129,19,353984,251626,37282,70674,2.3308199636889104,0.21928017375116352
4917,0.4926,10,72,10,354056,251554,37292,70664,2.3301530253066063,0.21930494261648945
4918,0.4927,35,195,35,354251,251359,37327,70629,2.3283467338545334,0.2193528951389493
4919,0.4928,8,59,8,354310,251300,37335,70621,2.3278002149023678,0.21937369727355469
4920,0.4929,13,55,13,354365,251245,37348,70608,2.327290748082552,0.21937965468707765
4921,0.493,8,67,8,354432,251178,37356,70600,2.326670124865686,0.21940592582463686
4922,0.4931,12,96,12,354528,251082,37368,70588,2.325780873689281,0.21944228557217024
4923,0.4932,15,58,15,354586,251024,37383,70573,2.3252436177702025,0.21944545502601082
4924,0.4933,12,56,12,354642,250968,37395,70561,2.3247248879172995,0.2194545437581058
4925,0.4934,8,48,8,354690,250920,37403,70553,2.324280262329097,0.2194678868831908
4926,0.4935,15,74,15,354764,250846,37418,70538,2.323594797880618,0.21948199039155653
4927,0.4936,13,67,13,354831,250779,37431,70525,2.322974174663752,0.21949617807434704
4928,0.4937,19,91,19,354922,250688,37450,70506,2.3221312386527844,0.21951219512195122
4929,0.4938,16,117,16,355039,250571,37466,70490,2.321047463781541,0.21955329361087145
4930,0.4939,9,67,9,355106,250504,37475,70481,2.3204268405646746,0.21957723881178248
4931,0.494,38,254,38,355360,250250,37513,70443,2.3180740301604357,0.2196586766783185
4932,0.4941,22,170,22,355530,250080,37535,70421,2.3164993145355517,0.21972162333346854
4933,0.4942,34,172,34,355702,249908,37569,70387,2.3149060728444923,0.21975678671224966
4934,0.4943,31,169,31,355871,249739,37600,70356,2.3133406202526956,0.2197972476920914
4935,0.4944,14,86,14,355957,249653,37614,70342,2.3125439994071657,0.21982218472163628
4936,0.4945,22,100,22,356057,249553,37636,70320,2.3116176960984105,0.2198372479077634
4937,0.4946,19,77,19,356134,249476,37655,70301,2.310904442550669,0.2198438286681031
4938,0.4947,10,51,10,356185,249425,37665,70291,2.3104320278632033,0.21985449586508027
4939,0.4948,7,88,7,356273,249337,37672,70284,2.309616880951499,0.21989794162461165
4940,0.4949,18,83,18,356356,249254,37690,70266,2.3088480492052317,0.2199111166750125
4941,0.495,29,126,29,356482,249128,37719,70237,2.3076809070362,0.21992704272540822
4942,0.4951,19,115,19,356597,249013,37738,70218,2.3066156582311312,0.21995984099288604
4943,0.4952,28,121,28,356718,248892,37766,70190,2.305494831227537,0.2199748027152895
4944,0.4953,40,214,40,356932,248678,37806,70150,2.3035125421468003,0.22002459006109878
4945,0.4954,13,81,13,357013,248597,37819,70137,2.302762236466709,0.22004869264025803
4946,0.4955,30,153,30,357166,248444,37849,70107,2.301344992404313,0.22008092895643083
4947,0.4956,1,50,1,357216,248394,37850,70106,2.300881840749935,0.22011302982731554
4948,0.4957,31,151,31,357367,248243,37881,70075,2.2994831227537147,0.22014149372639938
4949,0.4958,9,42,9,357409,248201,37890,70066,2.299094075364037,0.22014849167522865
4950,0.4959,11,70,11,357479,248131,37901,70055,2.298445663047908,0.22016996348047996
4951,0.496,14,110,14,357589,248021,37915,70041,2.2974267294082775,0.22021178260842225
4952,0.4961,9,57,9,357646,247964,37924,70032,2.296898736522287,0.22022918527277072
4953,0.4962,21,135,21,357781,247829,37945,70011,2.2956482270554672,0.22027120563805688
4954,0.4963,19,98,19,357879,247731,37964,69992,2.294740449812887,0.22029251895519053
4955,0.4964,17,129,17,358008,247602,37981,69975,2.293545518544592,0.22034026393599032
4956,0.4965,24,123,24,358131,247479,38005,69951,2.292406165474823,0.22036669501937434
4957,0.4966,25,153,25,358284,247326,38030,69926,2.2909889214124273,0.22041153404864272
4958,0.4967,30,182,30,358466,247144,38060,69896,2.2893030493904925,0.2204642947262175
4959,0.4968,15,98,15,358564,247046,38075,69881,2.288395272147912,0.2204955715354009
4960,0.4969,36,162,36,358726,246884,38111,69845,2.2868946607877283,0.2205197503228312
4961,0.497,40,158,40,358884,246726,38151,69805,2.2854311015598947,0.22053132236652967
4962,0.4971,13,55,13,358939,246671,38164,69792,2.2849216347400794,0.22053762999149978
4963,0.4972,18,62,18,359001,246609,38182,69774,2.284347326688651,0.22053650164515792
4964,0.4973,23,94,23,359095,246515,38205,69751,2.2834766015784207,0.22054536371282402
4965,0.4974,25,133,25,359228,246382,38230,69726,2.282244618177776,0.22057651182507243
4966,0.4975,13,90,13,359318,246292,38243,69713,2.2814109451998963,0.22060726887232798
4967,0.4976,12,129,12,359447,246163,38255,69701,2.280216013931602,0.22066775574297798
4968,0.4977,13,83,13,359530,246080,38268,69688,2.2794471821853346,0.22069367383648755
4969,0.4978,19,106,19,359636,245974,38287,69669,2.278465300678054,0.22072087770044005
4970,0.4979,22,137,22,359773,245837,38309,69647,2.2771962651450592,0.22076238414626415
4971,0.498,27,177,27,359950,245660,38336,69620,2.275556708288562,0.22081958893681808
4972,0.4981,11,68,11,360018,245592,38347,69609,2.2749268220386085,0.22084003540597905
4973,0.4982,14,101,14,360119,245491,38361,69595,2.273991255696765,0.22087620522650958
4974,0.4983,19,138,19,360257,245353,38380,69576,2.272712957130683,0.22092598649219347
4975,0.4984,21,130,21,360387,245223,38401,69555,2.271508762829301,0.22096525170119893
4976,0.4985,14,84,14,360471,245139,38415,69541,2.2707306680499464,0.22098957671285116
4977,0.4986,29,172,29,360643,244967,38444,69512,2.269137426358887,0.22103860671141792
4978,0.4987,7,105,7,360748,244862,38451,69505,2.268164807884694,0.2210950894973073
4979,0.4988,14,91,14,360839,244771,38465,69491,2.2673218718737265,0.2211244121147323
4980,0.4989,22,164,22,361003,244607,38487,69469,2.2658027344473672,0.22118531820323745
4981,0.499,18,133,18,361136,244474,38505,69451,2.2645707510467226,0.2212343712670224
4982,0.4991,31,253,31,361389,244221,38536,69420,2.2622272036755717,0.22133585851339588
4983,0.4992,19,89,19,361478,244132,38555,69401,2.2614027937307792,0.22135150048001326
4984,0.4993,3,49,3,361527,244083,38558,69398,2.260948905109489,0.22137864814773464
4985,0.4994,24,125,24,361652,243958,38582,69374,2.259791025973545,0.2214073251375538
4986,0.4995,32,228,32,361880,243730,38614,69342,2.2576790544295826,0.2214889865590024
4987,0.4996,7,28,7,361908,243702,38621,69335,2.257419689503131,0.22149138919680422
4988,0.4997,7,46,7,361954,243656,38628,69328,2.2569935899811036,0.22150653068527465
4989,0.4998,6,87,6,362041,243569,38634,69322,2.256187706102486,0.22155319264536213
4990,0.4999,33,165,33,362206,243404,38667,69289,2.25465930564304,0.22158794728375755
4991,0.5,12,76,12,362282,243328,38679,69277,2.2539553151283855,0.22161193838870138
4992,0.5001,16,115,16,362397,243213,38695,69261,2.252890066323317,0.2216536415829797
4993,0.5002,14,125,14,362522,243088,38709,69247,2.251732187187373,0.22170746153969295
4994,0.5003,14,57,14,362579,243031,38723,69233,2.251204194301382,0.22171303768606052
4995,0.5004,16,85,16,362664,242946,38739,69217,2.25041683648894,0.22173351742519132
4996,0.5005,35,201,35,362865,242745,38774,69182,2.2485549668383413,0.2217890724432319
4997,0.5006,21,113,21,362978,242632,38795,69161,2.247508244099448,0.22181703886873663
4998,0.5007,13,92,13,363070,242540,38808,69148,2.246656045055393,0.22185005518338852
4999,0.5008,14,137,14,363207,242403,38822,69134,2.245387009522398,0.22191264600994423
5000,0.5009,24,184,24,363391,242219,38846,69110,2.243682611434288,0.22198381776191745
5001,0.501,31,133,31,363524,242086,38877,69079,2.242450628033643,0.2220011890797487
5002,0.5011,18,107,18,363631,241979,38895,69061,2.241459483493275,0.22203253600823045
5003,0.5012,36,197,36,363828,241782,38931,69025,2.239634665975027,0.22208315771523807
5004,0.5013,38,258,38,364086,241524,38969,68987,2.237244803438438,0.22217248342248744
5005,0.5014,26,158,26,364244,241366,38995,68961,2.2357812442106044,0.22222043199592686
5006,0.5015,46,261,46,364505,241105,39041,68915,2.2333635925747526,0.22229211018643957
5007,0.5016,12,65,12,364570,241040,39053,68903,2.2327614954240618,0.22230861803621957
5008,0.5017,20,131,20,364701,240909,39073,68883,2.231548038089592,0.2223524171056709
5009,0.5018,10,77,10,364778,240832,39083,68873,2.2308347845418504,0.2223825898839218
5010,0.5019,11,76,11,364854,240756,39094,68862,2.2301307940271964,0.2224095498323741
5011,0.502,23,162,23,365016,240594,39117,68839,2.2286301826670125,0.22246819182181604
5012,0.5021,22,152,22,365168,240442,39139,68817,2.227222201637704,0.22252222247371944
5013,0.5022,12,123,12,365291,240319,39151,68805,2.226082848567935,0.22258058254939767
5014,0.5023,21,104,21,365395,240215,39172,68784,2.2251194931268294,0.2226026621445377
5015,0.5024,20,112,20,365507,240103,39192,68764,2.2240820334210234,0.22263304270122738
5016,0.5025,7,85,7,365592,240018,39199,68757,2.223294675608581,0.22267670633956765
5017,0.5026,14,86,14,365678,239932,39213,68743,2.2224980547630517,0.22270349072649226
5018,0.5027,16,98,16,365776,239834,39229,68727,2.2215902775204714,0.22273391647032514
5019,0.5028,19,85,19,365861,239749,39248,68708,2.2208029197080292,0.2227474169819456
5020,0.5029,21,95,21,365956,239654,39269,68687,2.2199229315647115,0.22276310967402974
5021,0.503,10,53,10,366009,239601,39279,68677,2.219431990811071,0.22277619551184322
5022,0.5031,31,214,31,366223,239387,39310,68646,2.2174497017303345,0.22285274629666302
5023,0.5032,17,68,17,366291,239319,39327,68629,2.216819815480381,0.22285905412602128
5024,0.5033,11,62,11,366353,239257,39338,68618,2.2162455074289524,0.22287616727568008
5025,0.5034,9,89,9,366442,239168,39347,68609,2.2154210974841604,0.22291789185026822
5026,0.5035,26,128,26,366570,239040,39373,68583,2.2142354292489532,0.22294496835412175
5027,0.5036,18,104,18,366674,238936,39391,68565,2.2132720738078477,0.2229748846345215
5028,0.5037,13,107,13,366781,238829,39404,68552,2.212280929267479,0.22301964012089232
5029,0.5038,27,164,27,366945,238665,39431,68525,2.2107617918411204,0.22307041244832188
5030,0.5039,16,60,16,367005,238605,39447,68509,2.210206009855867,0.22307351667458988
5031,0.504,20,118,20,367123,238487,39467,68489,2.209112971951536,0.22310864693005317
5032,0.5041,13,72,13,367195,238415,39480,68476,2.2084460335692317,0.22312808130574047
5033,0.5042,14,67,14,367262,238348,39494,68462,2.2078254103523656,0.22314135784361658
5034,0.5043,18,128,18,367390,238220,39512,68444,2.206639742117159,0.22318889729475908
5035,0.5044,20,197,20,367587,238023,39532,68424,2.2048149245989106,0.22328167676629238
5036,0.5045,30,162,30,367749,237861,39562,68394,2.2033143132387267,0.22332370083753736
5037,0.5046,14,47,14,367796,237814,39576,68380,2.202878950683612,0.22332246876163478
5038,0.5047,18,126,18,367922,237688,39594,68362,2.20171180851458,0.22336873059957524
5039,0.5048,13,94,13,368016,237594,39607,68349,2.20084108340435,0.2234043596356184
5040,0.5049,20,98,20,368114,237496,39627,68329,2.1999333061617694,0.22342516144854083
5041,0.505,38,246,38,368360,237250,39665,68291,2.1976546000222315,0.2235084653123476
5042,0.5051,11,45,11,368405,237205,39676,68280,2.197237763533291,0.22351342946462183
5043,0.5052,19,84,19,368489,237121,39695,68261,2.1964596687539366,0.22352659947213654
5044,0.5053,18,93,18,368582,237028,39713,68243,2.1955982066767943,0.2235489122779432
5045,0.5054,14,74,14,368656,236954,39727,68229,2.1949127422283152,0.22356749884495533
5046,0.5055,24,103,24,368759,236851,39751,68205,2.193958649820297,0.2235818997167733
5047,0.5056,9,54,9,368813,236797,39760,68196,2.1934584460335693,0.22359857439351066
5048,0.5057,22,112,22,368925,236685,39782,68174,2.1924209863277633,0.22362469207076058
5049,0.5058,3,28,3,368953,236657,39785,68171,2.1921616214013118,0.2236375923471597
5050,0.5059,26,128,26,369081,236529,39811,68145,2.1909759531661046,0.22366529470844246
5051,0.506,18,88,18,369169,236441,39829,68127,2.1901608062544,0.22368403771899872
5052,0.5061,23,126,23,369295,236315,39852,68104,2.188993664085368,0.2237179676695607
5053,0.5062,6,82,6,369377,236233,39858,68098,2.188234095372189,0.2237629423226684
5054,0.5063,24,136,24,369513,236097,39882,68074,2.186974322872281,0.2238017430984545
5055,0.5064,24,165,24,369678,235932,39906,68050,2.1854459224128346,0.22386193919376804
5056,0.5065,5,46,5,369724,235886,39911,68045,2.1850198228908075,0.22388305240334155
5057,0.5066,19,78,19,369802,235808,39930,68026,2.184297306309978,0.22389199365442972
5058,0.5067,10,97,10,369899,235711,39940,68016,2.1833987921004856,0.2239379442723235
5059,0.5068,58,254,58,370153,235457,39998,67958,2.1810459816962466,0.223977061120907
5060,0.5069,20,134,20,370287,235323,40018,67938,2.1798047352625143,0.224024849881785
5061,0.507,29,160,29,370447,235163,40047,67909,2.1783226499685058,0.22406886812374618
5062,0.5071,21,125,21,370572,235038,40068,67888,2.177164770832561,0.22410753781451576
5063,0.5072,34,154,34,370726,234884,40102,67854,2.175738263737078,0.22413440004228077
5064,0.5073,24,135,24,370861,234749,40126,67830,2.1744877542702583,0.22417286064135317
5065,0.5074,21,100,21,370961,234649,40147,67809,2.1735614509615027,0.22419311110964166
5066,0.5075,5,58,5,371019,234591,40152,67804,2.1730241950424247,0.22422328411514741
5067,0.5076,16,75,16,371094,234516,40168,67788,2.172329467560858,0.2242378532867577
5068,0.5077,11,82,11,371176,234434,40179,67777,2.171569898847679,0.22427046004281775
5069,0.5078,28,106,28,371282,234328,40207,67749,2.170588017340398,0.22427725381276958
5070,0.5079,10,69,10,371351,234259,40217,67739,2.169948868057357,0.2243028099523838
5071,0.508,8,40,8,371391,234219,40225,67731,2.1695783467338545,0.22431197218082463
5072,0.5081,14,92,14,371483,234127,40239,67717,2.1687261476897994,0.2243443633134997
5073,0.5082,14,117,14,371600,234010,40253,67703,2.167642372818556,0.22439536910905397
5074,0.5083,19,79,19,371679,233931,40272,67684,2.166910593204639,0.22440528488304626
5075,0.5084,22,109,22,371788,233822,40294,67662,2.1659009225980954,0.2244298204879861
5076,0.5085,30,145,30,371933,233677,40324,67632,2.1645577828004003,0.22446060356643843
5077,0.5086,16,62,16,371995,233615,40340,67616,2.1639834747489717,0.22446560944922667
5078,0.5087,5,34,5,372029,233581,40345,67611,2.163668531623995,0.22447807378682036
5079,0.5088,23,121,23,372150,233460,40368,67588,2.1625477046204007,0.22450904839095426
5080,0.5089,9,97,9,372247,233363,40377,67579,2.161649190410908,0.22455822052089772
5081,0.509,10,93,10,372340,233270,40387,67569,2.1607877283337658,0.2246018634552036
5082,0.5091,8,36,8,372376,233234,40395,67561,2.1604542591426137,0.2246081218105354
5083,0.5092,21,156,21,372532,233078,40416,67540,2.159009225980955,0.22467051207845173
5084,0.5093,23,147,23,372679,232931,40439,67517,2.1576475601170846,0.22472108318244755
5085,0.5094,21,127,21,372806,232804,40460,67496,2.1564711549149655,0.22476190476190477
5086,0.5095,21,140,21,372946,232664,40481,67475,2.1551743302827076,0.22481250354002646
5087,0.5096,12,70,12,373016,232594,40493,67463,2.1545259179665788,0.22483394821650554
5088,0.5097,17,71,17,373087,232523,40510,67446,2.1538682426173628,0.22484323380082608
5089,0.5098,9,91,9,373178,232432,40519,67437,2.1530253066063954,0.22488820118118244
5090,0.5099,7,44,7,373222,232388,40526,67430,2.1526177331505427,0.2249031078854505
5091,0.51,7,66,7,373288,232322,40533,67423,2.1520063729667642,0.22493452768186292
5092,0.5101,20,107,20,373395,232215,40553,67403,2.151015228426396,0.22496311970575866
5093,0.5102,12,82,12,373477,232133,40565,67391,2.1502556597132165,0.2249936566018082
5094,0.5103,37,236,37,373713,231897,40602,67354,2.1480695839045536,0.22507527126058058
5095,0.5104,18,76,18,373789,231821,40620,67336,2.1473655933898996,0.22508582450017883
5096,0.5105,23,98,23,373887,231723,40643,67313,2.1464578161473193,0.2250999879613157
5097,0.5106,5,54,5,373941,231669,40648,67308,2.1459576123605912,0.22512768540723868
5098,0.5107,10,76,10,374017,231593,40658,67298,2.1452536218459373,0.2251590044531284
5099,0.5108,15,51,15,374068,231542,40673,67283,2.1447812071584718,0.22515853760562202
5100,0.5109,14,73,14,374141,231469,40687,67269,2.1441050057430804,0.22517724561321292
5101,0.511,22,88,22,374229,231381,40709,67247,2.1432898588313756,0.22518651968335185
5102,0.5111,17,63,17,374292,231318,40726,67230,2.1427062877468597,0.2251899192089714
5103,0.5112,6,58,6,374350,231260,40732,67224,2.1421690318277817,0.22521810214282842
5104,0.5113,11,82,11,374432,231178,40743,67213,2.141409463114602,0.22525143184613478
5105,0.5114,13,86,13,374518,231092,40756,67200,2.1406128422690727,0.22528260898716693
5106,0.5115,23,150,23,374668,230942,40779,67177,2.1392233873059396,0.2253361912524864
5107,0.5116,5,56,5,374724,230886,40784,67172,2.1387046574530366,0.22536553288286174
5108,0.5117,26,153,26,374877,230733,40810,67146,2.1372874133906405,0.22541367467998752
5109,0.5118,25,152,25,375029,230581,40835,67121,2.1358794323613326,0.22546371875230936
5110,0.5119,14,42,14,375071,230539,40849,67107,2.1354903849716553,0.2254591024236845
5111,0.512,24,129,24,375200,230410,40873,67083,2.1342954537033605,0.22549438138040223
5112,0.5121,23,125,23,375325,230285,40896,67060,2.1331375745674164,0.2255292673493753
5113,0.5122,27,113,27,375438,230172,40923,67033,2.1320908518285226,0.22554465772783097
5114,0.5123,33,182,33,375620,229990,40956,67000,2.130404979806588,0.22559682144179938
5115,0.5124,15,87,15,375707,229903,40971,66985,2.1295990959279707,0.225623804262887
5116,0.5125,36,169,36,375876,229734,41007,66949,2.128033643336174,0.2256583626294732
5117,0.5126,8,42,8,375918,229692,41015,66941,2.1276445959464967,0.22566942990159558
5118,0.5127,1,31,1,375949,229661,41016,66940,2.1273574419207826,0.22569040562911116
5119,0.5128,12,80,12,376029,229581,41028,66928,2.1266163992737783,0.22571996128279412
5120,0.5129,15,58,15,376087,229523,41043,66913,2.1260791433547,0.22572494568810805
5121,0.513,20,156,20,376243,229367,41063,66893,2.1246341101930417,0.2257915344629717
5122,0.5131,5,66,5,376309,229301,41068,66888,2.124022750009263,0.22582877824632244
5123,0.5132,17,85,17,376394,229216,41085,66871,2.123235392196821,0.22584915919982979
5124,0.5133,10,100,10,376494,229116,41095,66861,2.1223090888880654,0.2258993097436625
5125,0.5134,23,170,23,376664,228946,41118,66838,2.1207343732631814,0.22596895031509479
5126,0.5135,19,84,19,376748,228862,41137,66819,2.119956278483827,0.22598340779421064
5127,0.5136,15,98,15,376846,228764,41152,66804,2.1190485012412466,0.22601905483678883
5128,0.5137,25,148,25,376994,228616,41177,66779,2.1176775723442884,0.2260667919226798
5129,0.5138,17,123,17,377117,228493,41194,66762,2.1165382192745192,0.2261164078508408
5130,0.5139,16,113,16,377230,228380,41210,66746,2.1154914965356255,0.2261610295263718
5131,0.514,16,78,16,377308,228302,41226,66730,2.114768979954796,0.22617885517503186
5132,0.5141,22,75,22,377383,228227,41248,66708,2.11407425247323,0.22617864953294795
5133,0.5142,23,191,23,377574,228036,41271,66685,2.112305013153507,0.22626484030659505
5134,0.5143,10,57,10,377631,227979,41281,66675,2.1117770202675166,0.22628235150379766
5135,0.5144,30,144,30,377775,227835,41311,66645,2.1104431435029087,0.22631418092909536
5136,0.5145,19,145,19,377920,227690,41330,66626,2.1091000037052132,0.22637573220620014
5137,0.5146,15,92,15,378012,227598,41345,66611,2.108247804661158,0.22640707796158513
5138,0.5147,21,133,21,378145,227465,41366,66590,2.1070158212605135,0.2264542347520022
5139,0.5148,23,134,23,378279,227331,41389,66567,2.105774574826781,0.22649694792070718
5140,0.5149,24,107,24,378386,227224,41413,66543,2.104783430286413,0.22651625267644085
5141,0.515,10,67,10,378453,227157,41423,66533,2.104162807069547,0.2265415914740032
5142,0.5151,13,73,13,378526,227084,41436,66520,2.1034866056541555,0.22656367079467582
5143,0.5152,11,48,11,378574,227036,41447,66509,2.103041980065953,0.2265717351683728
5144,0.5153,17,81,17,378655,226955,41464,66492,2.102291674385861,0.2265894693079159
5145,0.5154,9,58,9,378713,226897,41473,66483,2.1017544184667827,0.22661053923239485
5146,0.5155,22,119,22,378832,226778,41495,66461,2.1006521175293638,0.22664447771271898
5147,0.5156,17,67,17,378899,226711,41512,66444,2.1000314943124976,0.22665143013081818
5148,0.5157,11,43,11,378942,226668,41523,66433,2.0996331838897326,0.2266556579472605
5149,0.5158,27,132,27,379074,226536,41550,66406,2.0984104635221756,0.22668651132306053
5150,0.5159,23,85,23,379159,226451,41573,66383,2.0976231057097334,0.2266915726998914
5151,0.516,23,107,23,379266,226344,41596,66360,2.0966319611693653,0.2267136766152837
5152,0.5161,38,147,38,379413,226197,41634,66322,2.095270295305495,0.2267271527661451
5153,0.5162,26,189,26,379602,226008,41660,66296,2.093519582051947,0.22680497016804424
5154,0.5163,50,262,50,379864,225746,41710,66246,2.0910926673830077,0.22687607879667937
5155,0.5164,6,80,6,379944,225666,41716,66240,2.0903516247360034,0.22692236541900473
5156,0.5165,20,103,20,380047,225563,41736,66220,2.0893975323279856,0.22694947957900222
5157,0.5166,20,117,20,380164,225446,41756,66200,2.0883137574567416,0.22698751225801142
5158,0.5167,15,102,15,380266,225344,41771,66185,2.087368928081811,0.2270271568180181
5159,0.5168,9,114,9,380380,225230,41780,66176,2.08631294230983,0.22709209830957497
5160,0.5169,20,57,20,380437,225173,41800,66156,2.0857849494238394,0.22708346920491954
5161,0.517,22,63,22,380500,225110,41822,66134,2.0852013783393235,0.2270742058205491
5162,0.5171,13,119,13,380619,224991,41835,66121,2.0840990774019046,0.22713251257248068
5163,0.5172,19,113,19,380732,224878,41854,66102,2.083052354663011,0.2271702522510138
5164,0.5173,6,45,6,380777,224833,41860,66096,2.082635518174071,0.22718945172189778
5165,0.5174,25,162,25,380939,224671,41885,66071,2.081134906813887,0.22724958898267192
5166,0.5175,16,31,16,380970,224640,41901,66055,2.080847752788173,0.22723129052787286
5167,0.5176,13,50,13,381020,224590,41914,66042,2.080384601133795,0.2272358171158028
5168,0.5177,17,159,17,381179,224431,41931,66025,2.078911778872874,0.22731498058225685
5169,0.5178,13,79,13,381258,224352,41944,66012,2.0781799992589574,0.22734223250816216
5170,0.5179,11,54,11,381312,224298,41955,66001,2.0776797954722293,0.2273552440759355
5171,0.518,12,72,12,381384,224226,41967,65989,2.0770128570899256,0.2273797012559654
5172,0.5181,16,93,16,381477,224133,41983,65973,2.076151395012783,0.2274099811792931
5173,0.5182,16,105,16,381582,224028,41999,65957,2.0751787765385896,0.22744969567391418
5174,0.5183,5,57,5,381639,223971,42004,65952,2.0746507836525994,0.2274810898066038
5175,0.5184,19,80,19,381719,223891,42023,65933,2.0739097410055947,0.22749323727503587
5176,0.5185,21,99,21,381818,223792,42044,65912,2.072992700729927,0.22751498080799712
5177,0.5186,8,96,8,381914,223696,42052,65904,2.0721034495535218,0.22756906077348066
5178,0.5187,26,104,26,382018,223592,42078,65878,2.0711400941124163,0.22758144194562477
5179,0.5188,29,154,29,382172,223438,42107,65849,2.069713587016933,0.2276251611721232
5180,0.5189,22,107,22,382279,223331,42129,65827,2.0687224424765644,0.22765062699285513
5181,0.519,12,68,12,382347,223263,42141,65815,2.068092556226611,0.22767211617625693
5182,0.5191,15,95,15,382442,223168,42156,65800,2.0672125680832933,0.22770687411754933
5183,0.5192,32,198,32,382640,222970,42188,65768,2.0653784875319574,0.22777743144303833
5184,0.5193,28,125,28,382765,222845,42216,65740,2.0642206083960133,0.22780116776686246
5185,0.5194,4,44,4,382809,222801,42220,65736,2.0638130349401607,0.22782520092743738
5186,0.5195,20,125,20,382934,222676,42240,65716,2.0626551558042165,0.22787039862409497
5187,0.5196,9,68,9,383002,222608,42249,65707,2.0620252695542627,0.22790003988692922
5188,0.5197,14,76,14,383078,222532,42263,65693,2.0613212790396087,0.227922629889843
5189,0.5198,16,103,16,383181,222429,42279,65677,2.0603671866315905,0.22796123648934766
5190,0.5199,16,106,16,383287,222323,42295,65661,2.05938530512431,0.22800225012500694
5191,0.52,9,82,9,383369,222241,42304,65652,2.0586257364111304,0.2280430576637848
5192,0.5201,7,68,7,383437,222173,42311,65645,2.0579958501611766,0.2280781605042075
5193,0.5202,7,100,7,383537,222073,42318,65638,2.0570695468524214,0.22813865302334635
5194,0.5203,13,83,13,383620,221990,42331,65625,2.0563007151061545,0.22816960172452758
5195,0.5204,27,161,27,383781,221829,42358,65598,2.0548093667790583,0.2282249058021689
5196,0.5205,23,122,23,383903,221707,42381,65575,2.0536792767423764,0.2282600371760152
5197,0.5206,17,83,17,383986,221624,42398,65558,2.0529104449961095,0.22828032397573664
5198,0.5207,17,69,17,384055,221555,42415,65541,2.0522712957130684,0.2282894920166077
5199,0.5208,3,35,3,384090,221520,42418,65538,2.051947089555004,0.22830926154296344
5200,0.5209,17,110,17,384200,221410,42435,65521,2.050928155915373,0.22835106698126031
5201,0.521,14,76,14,384276,221334,42449,65507,2.050224165400719,0.22837390749579034
5202,0.5211,12,103,12,384379,221231,42461,65495,2.0492700729927007,0.2284236518488034
5203,0.5212,36,156,36,384535,221075,42497,65459,2.0478250398310425,0.22845107386906963
5204,0.5213,10,59,10,384594,221016,42507,65449,2.0472785208788764,0.2284711919431693
5205,0.5214,44,238,44,384832,220778,42551,65405,2.0450739190040386,0.2285425759042291
5206,0.5215,6,47,6,384879,220731,42557,65399,2.044638556448924,0.22856393946807396
5207,0.5216,14,95,14,384974,220636,42571,65385,2.043758568305606,0.2286020956503194
5208,0.5217,13,98,13,385072,220538,42584,65372,2.042850791063026,0.22864537791612746
5209,0.5218,13,115,13,385187,220423,42597,65359,2.041785542257957,0.22870229755547936
5210,0.5219,10,63,10,385250,220360,42607,65349,2.041201971173441,0.2287257314260314
5211,0.522,19,132,19,385382,220228,42626,65330,2.039979250805884,0.22878014273807773
5212,0.5221,22,111,22,385493,220117,42648,65308,2.0389510541331655,0.22880966979066306
5213,0.5222,22,164,22,385657,219953,42670,65286,2.0374319167068067,0.2288817447824456
5214,0.5223,17,76,17,385733,219877,42687,65269,2.0367279261921523,0.22889677568684114
5215,0.5224,17,141,17,385874,219736,42704,65252,2.035421838526807,0.2289640265555041
5216,0.5225,29,96,29,385970,219640,42733,65223,2.034532587350402,0.2289626943478093
5217,0.5226,18,100,18,386070,219540,42751,65205,2.0336062840416465,0.22899436337775905
5218,0.5227,16,114,16,386184,219426,42767,65189,2.0325502982696655,0.2290427419496513
5219,0.5228,26,163,26,386347,219263,42793,65163,2.031040423876394,0.22910352780688123
5220,0.5229,15,95,15,386442,219168,42808,65148,2.0301604357330763,0.22913940826404422
5221,0.523,18,162,18,386604,219006,42826,65130,2.028659824372893,0.22922121800827772
5222,0.5231,10,67,10,386671,218939,42836,65120,2.0280392011560266,0.22924814915211278
5223,0.5232,19,81,19,386752,218858,42855,65101,2.0272888954759347,0.2292619709183368
5224,0.5233,29,152,29,386904,218706,42884,65072,2.0258809144466263,0.22930600680813876
5225,0.5234,7,51,7,386955,218655,42891,65065,2.0254084997591613,0.22932821091216693
5226,0.5235,21,100,21,387055,218555,42912,65044,2.0244821964504056,0.22935200758817909
5227,0.5236,15,32,15,387087,218523,42927,65029,2.024185779391604,0.2293371233495091
5228,0.5237,17,78,17,387165,218445,42944,65012,2.023463262810775,0.22935401136680342
5229,0.5238,29,148,29,387313,218297,42973,64983,2.022092333913817,0.2293949449308105
5230,0.5239,11,86,11,387399,218211,42984,64972,2.021295713068287,0.2294346765165988
5231,0.524,20,103,20,387502,218108,43004,64952,2.020341620660269,0.22946371793965945
5232,0.5241,36,131,36,387633,217977,43040,64916,2.0191281633257994,0.22947192047876758
5233,0.5242,38,228,38,387861,217749,43078,64878,2.017016191781837,0.22955343969259837
5234,0.5243,26,104,26,387965,217645,43104,64852,2.0160528363407315,0.22956703964997857
5235,0.5244,19,133,19,388098,217512,43123,64833,2.014820852940087,0.22962333315624503
5236,0.5245,10,87,10,388185,217425,43133,64823,2.0140149690614697,0.22966681783396162
5237,0.5246,6,33,6,388218,217392,43139,64817,2.0137092889695802,0.22967729590480815
5238,0.5247,21,109,21,388327,217283,43160,64796,2.012699618363037,0.22970869862698037
5239,0.5248,21,150,21,388477,217133,43181,64775,2.0113101633999038,0.22977354314173418
5240,0.5249,20,115,20,388592,217018,43201,64755,2.010244914594835,0.22981265060882342
5241,0.525,9,85,9,388677,216933,43210,64746,2.009457556782393,0.2298573908598085
5242,0.5251,35,180,35,388857,216753,43245,64711,2.007790210826633,0.22990862064065032
5243,0.5252,7,56,7,388913,216697,43252,64704,2.00727148097373,0.22993521700349323
5244,0.5253,12,84,12,388997,216613,43264,64692,2.0064933861943755,0.2299710278878797
5245,0.5254,8,33,8,389030,216580,43272,64684,2.006187706102486,0.2299761078559645
5246,0.5255,25,177,25,389207,216403,43297,64659,2.004548149245989,0.2300524439447524
5247,0.5256,12,72,12,389279,216331,43309,64647,2.0038812108636854,0.23007851148488495
5248,0.5257,24,105,24,389384,216226,43333,64623,2.002908592389492,0.23009873633162303
5249,0.5258,17,153,17,389537,216073,43350,64606,2.001491348327096,0.23017753376633093
5250,0.5259,15,86,15,389623,215987,43365,64591,2.0006947274815667,0.23020692998025505
5251,0.526,19,72,19,389695,215915,43384,64572,2.0000277890992626,0.23021387800504123
5252,0.5261,47,235,47,389930,215680,43431,64525,1.9978509763236874,0.2302778323013508
5253,0.5262,17,56,17,389986,215624,43448,64508,1.9973322464707843,0.23027715505547386
5254,0.5263,18,112,18,390098,215512,43466,64490,1.9962947867649783,0.23031978343011836
5255,0.5264,18,83,18,390181,215429,43484,64472,1.9955259550187112,0.23033858399934262
5256,0.5265,11,77,11,390258,215352,43495,64461,1.9948127014709696,0.23037171253658695
5257,0.5266,22,89,22,390347,215263,43517,64439,1.9939882915261773,0.2303844806258089
5258,0.5267,22,125,22,390472,215138,43539,64417,1.992830412390233,0.23042692851138416
5259,0.5268,12,76,12,390548,215062,43551,64405,1.992126421875579,0.23045654764247658
5260,0.5269,25,134,25,390682,214928,43576,64380,1.9908851754418466,0.2304982313431767
5261,0.527,26,109,26,390791,214819,43602,64354,1.9898755048353032,0.23051656141532312
5262,0.5271,29,128,29,390919,214691,43631,64325,1.9886898366000962,0.23054233448977837
5263,0.5272,12,75,12,390994,214616,43643,64313,1.9879951091185297,0.23057122063320773
5264,0.5273,10,55,10,391049,214561,43653,64303,1.9874856422987144,0.23058910436628607
5265,0.5274,25,85,25,391134,214476,43678,64278,1.9866982844862722,0.23059041305236874
5266,0.5275,16,92,16,391226,214384,43694,64262,1.9858460854422173,0.230622366730547
5267,0.5276,14,105,14,391331,214279,43708,64248,1.984873466968024,0.23067063516283878
5268,0.5277,16,98,16,391429,214181,43724,64232,1.9839656897254436,0.2307076178195702
5269,0.5278,29,185,29,391614,213996,43753,64203,1.9822520286042462,0.23078084392826717
5270,0.5279,12,66,12,391680,213930,43765,64191,1.9816406684204675,0.23080242052919414
5271,0.528,18,123,18,391803,213807,43783,64173,1.9805013153506985,0.23085473775091733
5272,0.5281,19,82,19,391885,213725,43802,64154,1.979741746637519,0.23087027087329376
5273,0.5282,32,116,32,392001,213609,43834,64122,1.9786672347993628,0.2308780798686499
5274,0.5283,37,232,37,392233,213377,43871,64085,1.9765182111230502,0.23096856506476562
5275,0.5284,11,79,11,392312,213298,43882,64074,1.9757864315091334,0.2310038504247004
5276,0.5285,9,92,9,392404,213206,43891,64065,1.9749342324650783,0.23105553772302187
5277,0.5286,16,84,16,392488,213122,43907,64049,1.9741561376857237,0.23108117371586492
5278,0.5287,12,84,12,392572,213038,43919,64037,1.9733780429063692,0.23111792835874764
5279,0.5288,19,110,19,392682,212928,43938,64018,1.9723591092667383,0.23115697645028271
5280,0.5289,14,63,14,392745,212865,43952,64004,1.9717755381822224,0.2311706980557592
5281,0.529,38,182,38,392927,212683,43990,63966,1.9700896661602876,0.23121717410870815
5282,0.5291,7,45,7,392972,212638,43997,63959,1.9696728296713475,0.23123533516270964
5283,0.5292,17,81,17,393053,212557,44014,63942,1.9689225239912558,0.23125580924343306
5284,0.5293,17,111,17,393164,212446,44031,63925,1.9678943273185372,0.2313014028244642
5285,0.5294,17,96,17,393260,212350,44048,63908,1.967005076142132,0.23133447719161074
5286,0.5295,19,136,19,393396,212214,44067,63889,1.9657453036422246,0.23139552992904822
5287,0.5296,17,72,17,393468,212142,44084,63872,1.9650783652599206,0.23140855174012911
5288,0.5297,15,76,15,393544,212066,44099,63857,1.9643743747452667,0.23143050778659263
5289,0.5298,27,126,27,393670,211940,44126,63830,1.9632072325762349,0.2314610001087863
5290,0.5299,50,242,50,393912,211698,44176,63780,1.9609655785690467,0.23152484045912922
5291,0.53,6,60,6,393972,211638,44182,63774,1.9604097965837934,0.2315585377543462
5292,0.5301,13,136,13,394108,211502,44195,63761,1.959150024083886,0.23163665294645486
5293,0.5302,9,61,9,394169,211441,44204,63752,1.9585849790655452,0.23166286933170538
5294,0.5303,27,154,27,394323,211287,44231,63725,1.9571584719700619,0.23171716143295565
5295,0.5304,21,90,21,394413,211197,44252,63704,1.956324798992182,0.23173433345095143
5296,0.5305,20,118,20,394531,211079,44272,63684,1.9552317610878507,0.23177793225434284
5297,0.5306,13,100,13,394631,210979,44285,63671,1.9543054577790953,0.2318259603131258
5298,0.5307,18,101,18,394732,210878,44303,63653,1.9533698914372521,0.23186088274183972
5299,0.5308,32,145,32,394877,210733,44335,63621,1.9520267516395569,0.23189383059842394
5300,0.5309,27,107,27,394984,210626,44362,63594,1.9510356070991886,0.2319086864561301
5301,0.531,20,107,20,395091,210519,44382,63574,1.9500444625588202,0.23194317257281288
5302,0.5311,52,229,52,395320,210290,44434,63522,1.9479232279817704,0.2319912932961302
5303,0.5312,28,177,28,395497,210113,44462,63494,1.9462836711252733,0.23206277617166227
5304,0.5313,23,130,23,395627,209983,44485,63471,1.9450794768238913,0.23210850819516263
5305,0.5314,7,52,7,395679,209931,44492,63464,1.9445977991033383,0.23213299438541304
5306,0.5315,7,56,7,395735,209875,44499,63457,1.9440790692504353,0.23216088858970044
5307,0.5316,26,88,26,395823,209787,44525,63431,1.9432639223387307,0.23216259543661105
5308,0.5317,20,54,20,395877,209733,44545,63411,1.9427637185520026,0.23215227132940866
5309,0.5318,12,85,12,395962,209648,44557,63399,1.9419763607395606,0.2321907949913385
5310,0.5319,23,141,23,396103,209507,44580,63376,1.9406702730742154,0.23224605416973576
5311,0.532,21,154,21,396257,209353,44601,63355,1.939243765978732,0.232318083811256
5312,0.5321,11,74,11,396331,209279,44612,63344,1.938558301530253,0.23235016854777477
5313,0.5322,18,117,18,396448,209162,44630,63326,1.9374745266590092,0.23239922491999648
5314,0.5323,20,102,20,396550,209060,44650,63306,1.9365296972840786,0.23242989213044213
5315,0.5324,14,98,14,396648,208962,44664,63292,1.9356219200414984,0.2324740866984507
5316,0.5325,15,67,15,396715,208895,44679,63277,1.9350012968246322,0.23248901429978103
5317,0.5326,32,195,32,396910,208700,44711,63245,1.9331950053725593,0.23256540844656087
5318,0.5327,15,64,15,396974,208636,44726,63230,1.9326021712549557,0.23257781407016692
5319,0.5328,12,89,12,397063,208547,44738,63218,1.9317777613101634,0.23262009456699723
5320,0.5329,30,100,30,397163,208447,44768,63188,1.930851458001408,0.23262098035967382
5321,0.533,21,129,21,397292,208318,44789,63167,1.9296565267331134,0.2326721549993554
5322,0.5331,33,177,33,397469,208141,44822,63134,1.9280169698766163,0.23273062390563082
5323,0.5332,7,58,7,397527,208083,44829,63127,1.9274797139575384,0.23276059142362007
5324,0.5333,15,53,15,397580,208030,44844,63112,1.926988773203898,0.2327636441421838
5325,0.5334,25,116,25,397696,207914,44869,63087,1.9259142613657416,0.2327924989206682
5326,0.5335,25,127,25,397823,207787,44894,63062,1.9247378561636221,0.23283083932375603
5327,0.5336,51,263,51,398086,207524,44945,63011,1.9223016784615954,0.23291256214537862
5328,0.5337,32,178,32,398264,207346,44977,62979,1.9206528585720108,0.23297512253768612
5329,0.5338,23,121,23,398385,207225,45000,62956,1.9195320315684168,0.2330141645785603
5330,0.5339,13,76,13,398461,207149,45013,62943,1.9188280410537626,0.2330428150408009
5331,0.534,27,142,27,398603,207007,45040,62916,1.91751269035533,0.23308869566506005
5332,0.5341,18,128,18,398731,206879,45058,62898,1.916327022120123,0.23314811863131402
5333,0.5342,16,72,16,398803,206807,45074,62882,1.915660083737819,0.23316486768092134
5334,0.5343,21,119,21,398922,206688,45095,62861,1.9145577828004001,0.2332080623560095
5335,0.5344,11,88,11,399010,206600,45106,62850,1.9137426358886953,0.23325292262015215
5336,0.5345,11,52,11,399062,206548,45117,62839,1.9132609581681426,0.2332666387019418
5337,0.5346,14,92,14,399154,206456,45131,62825,1.9124087591240877,0.23330647167828403
5338,0.5347,14,102,14,399256,206354,45145,62811,1.9114639297491571,0.23335500529415043
5339,0.5348,21,140,21,399396,206214,45166,62790,1.9101671051168996,0.23341660347058035
5340,0.5349,27,119,27,399515,206095,45193,62763,1.9090648041794804,0.23344293270053337
5341,0.535,28,187,28,399702,205908,45221,62735,1.9073326169921079,0.2335255338869801
5342,0.5351,17,78,17,399780,205830,45238,62718,1.9066101004112788,0.23354484114571697
5343,0.5352,14,69,14,399849,205761,45252,62704,1.9059709511282374,0.23356489672769262
5344,0.5353,14,71,14,399920,205690,45266,62690,1.905313275779021,0.23358670541769133
5345,0.5354,6,55,6,399975,205635,45272,62684,1.9048038089592056,0.23361744788852076
5346,0.5355,12,83,12,400058,205552,45284,62672,1.9040349772129386,0.23365545215938915
5347,0.5356,18,121,18,400179,205431,45302,62654,1.9029141502093445,0.2337094578212134
5348,0.5357,16,88,16,400267,205343,45318,62638,1.9020990032976397,0.23374045174844485
5349,0.5358,17,128,17,400395,205215,45335,62621,1.9009133350624328,0.2338035215579683
5350,0.5359,10,61,10,400456,205154,45345,62611,1.900348290044092,0.23382817022389035
5351,0.536,19,72,19,400528,205082,45364,62592,1.899681351661788,0.23383668193399434
5352,0.5361,34,180,34,400708,204902,45398,62558,1.8980140057060284,0.2338966574441038
5353,0.5362,8,46,8,400754,204856,45406,62550,1.8975879061840009,0.23391397350844784
5354,0.5363,13,85,13,400839,204771,45419,62537,1.8968005483715589,0.23395109761024735
5355,0.5364,13,75,13,400914,204696,45432,62524,1.8961058208899921,0.2339794925529526
5356,0.5365,28,116,28,401030,204580,45460,62496,1.895031309051836,0.2340008087585556
5357,0.5366,24,123,24,401153,204457,45484,62472,1.8938919559820668,0.2340397633827722
5358,0.5367,6,51,6,401204,204406,45490,62466,1.8934195412946015,0.2340672682034833
5359,0.5368,28,173,28,401377,204233,45518,62438,1.8918170365704545,0.23413869524620226
5360,0.5369,24,129,24,401506,204104,45542,62414,1.8906221053021601,0.23418305705430778
5361,0.537,32,165,32,401671,203939,45574,62382,1.8890937048427137,0.234236128581674
5362,0.5371,22,114,22,401785,203825,45596,62360,1.8880377190707325,0.23427315588782238
5363,0.5372,17,84,17,401869,203741,45613,62343,1.887259624291378,0.23429819154853354
5364,0.5373,24,93,24,401962,203648,45637,62319,1.8863981622142354,0.23431102354803415
5365,0.5374,19,86,19,402048,203562,45656,62300,1.8856015413687057,0.23433209710300834
5366,0.5375,16,68,16,402116,203494,45672,62284,1.884971655118752,0.23434595790471746
5367,0.5376,15,81,15,402197,203413,45687,62269,1.8842213494386602,0.23437417664727003
5368,0.5377,7,59,7,402256,203354,45694,62262,1.8836748304864945,0.2344060598759111
5369,0.5378,19,90,19,402346,203264,45713,62243,1.8828411575086146,0.23443073063987013
5370,0.5379,9,72,9,402418,203192,45722,62234,1.8821742191263107,0.23446836406380686
5371,0.538,18,105,18,402523,203087,45740,62216,1.8812016006521175,0.23450922153160725
5372,0.5381,14,83,14,402606,203004,45754,62202,1.8804327689058504,0.23454220492749034
5373,0.5382,28,124,28,402730,202880,45782,62174,1.8792841528029938,0.23457106853697737
5374,0.5383,28,121,28,402851,202759,45810,62146,1.8781633257993997,0.2345973084690738
5375,0.5384,30,197,30,403048,202562,45840,62116,1.8763385082811517,0.23468516461511724
5376,0.5385,30,123,30,403171,202439,45870,62086,1.8751991552113825,0.23470749456573103
5377,0.5386,19,142,19,403313,202297,45889,62067,1.8738838045129498,0.23477856289055998
5378,0.5387,23,117,23,403430,202180,45912,62044,1.8728000296417058,0.23481591377013444
5379,0.5388,26,108,26,403538,202072,45938,62018,1.87179962206825,0.2348366087318717
5380,0.5389,17,90,17,403628,201982,45955,62001,1.87096594909037,0.23486739676418558
5381,0.539,27,145,27,403773,201837,45982,61974,1.8696228092926748,0.2349181800607253
5382,0.5391,37,176,37,403949,201661,46019,61937,1.8679925154692651,0.23496764011866555
5383,0.5392,14,75,14,404024,201586,46033,61923,1.8672977879876986,0.23499387117707554
5384,0.5393,19,84,19,404108,201502,46052,61904,1.866519693208344,0.23501362915043697
5385,0.5394,23,126,23,404234,201376,46075,61881,1.8653525510393123,0.23505927667640367
5386,0.5395,18,96,18,404330,201280,46093,61863,1.8644632998629072,0.2350927062471736
5387,0.5396,13,62,13,404392,201218,46106,61850,1.8638889918114787,0.23511031368315416
5388,0.5397,32,191,32,404583,201027,46138,61818,1.8621197524917559,0.23518803857786907
5389,0.5398,17,94,17,404677,200933,46155,61801,1.8612490273815259,0.2352226967198764
5390,0.5399,11,58,11,404735,200875,46166,61790,1.8607117714624477,0.2352426094074201
5391,0.54,9,58,9,404793,200817,46175,61781,1.8601745155433695,0.23526835695626014
5392,0.5401,25,122,25,404915,200695,46200,61756,1.8590444255066878,0.23530487595779784
5393,0.5402,18,121,18,405036,200574,46218,61738,1.8579235985030937,0.23536094421909787
5394,0.5403,29,84,29,405120,200490,46247,61709,1.8571455037237392,0.23535177479700534
5395,0.5404,21,124,21,405244,200366,46268,61688,1.8559968876208826,0.2354018637380082
5396,0.5405,8,64,8,405308,200302,46276,61680,1.8554040535032792,0.23543602232214428
5397,0.5406,10,53,10,405361,200249,46286,61670,1.8549131127496388,0.23545447256594595
5398,0.5407,11,77,11,405438,200172,46297,61659,1.8541998592018971,0.23549159572395933
5399,0.5408,38,130,38,405568,200042,46335,61621,1.852995664900515,0.23549756748183734
5400,0.5409,18,69,18,405637,199973,46353,61603,1.8523565156174737,0.23550708016025934
5401,0.541,12,80,12,405717,199893,46365,61591,1.8516154729704695,0.2355440485842346
5402,0.5411,11,86,11,405803,199807,46376,61580,1.8508188521249398,0.23558937514107434
5403,0.5412,12,80,12,405883,199727,46388,61568,1.8500778094779355,0.23562639928050672
5404,0.5413,15,115,15,405998,199612,46403,61553,1.8490125606728667,0.2356862519862922
5405,0.5414,14,71,14,406069,199541,46417,61539,1.8483548853236504,0.23570936111536694
5406,0.5415,14,55,14,406124,199486,46431,61525,1.8478454185038349,0.2357180348720935
5407,0.5416,21,93,21,406217,199393,46452,61504,1.8469839564266923,0.23574054128640803
5408,0.5417,31,111,31,406328,199282,46483,61473,1.8459557597539737,0.23575003355640353
5409,0.5418,13,58,13,406386,199224,46496,61460,1.8454185038348958,0.23576437372450937
5410,0.5419,41,194,41,406580,199030,46537,61419,1.8436214754159101,0.23581968062845318
5411,0.542,9,82,9,406662,198948,46546,61410,1.8428619067027308,0.23586753623856382
5412,0.5421,16,97,16,406759,198851,46562,61394,1.841963392493238,0.23590847086399355
5413,0.5422,5,67,5,406826,198784,46567,61389,1.8413427692763717,0.23595453794206162
5414,0.5423,19,106,19,406932,198678,46586,61370,1.8403608877690911,0.23599489325047684
5415,0.5424,9,28,9,406960,198650,46595,61361,1.8401015228426396,0.23599386179815468
5416,0.5425,37,155,37,407115,198495,46632,61324,1.8386657527140686,0.23602584876394722
5417,0.5426,13,77,13,407192,198418,46645,61311,1.837952499166327,0.2360575830962272
5418,0.5427,17,85,17,407277,198333,46662,61294,1.837165141353885,0.23608484479657355
5419,0.5428,15,90,15,407367,198243,46677,61279,1.836331468376005,0.23612256379035304
5420,0.5429,14,137,14,407504,198106,46691,61265,1.83506243284301,0.23620605233430106
5421,0.543,13,104,13,407608,198002,46704,61252,1.8340990774019046,0.23626250703942853
5422,0.5431,14,85,14,407693,197917,46718,61238,1.8333117195894624,0.2362987401362119
5423,0.5432,9,71,9,407764,197846,46727,61229,1.832654044240246,0.23633696805944224
5424,0.5433,12,84,12,407848,197762,46739,61217,1.8318759494608914,0.23637823916224868
5425,0.5434,12,88,12,407936,197674,46751,61205,1.8310608025491868,0.23642319384731864
5426,0.5435,17,99,17,408035,197575,46768,61188,1.8301437622735188,0.23646348202795608
5427,0.5436,22,87,22,408122,197488,46790,61166,1.8293378783949017,0.23647807495727882
5428,0.5437,16,89,16,408211,197399,46806,61150,1.8285134684501092,0.2365122278562284
5429,0.5438,25,118,25,408329,197281,46831,61125,1.827420430545778,0.236546365022484
5430,0.5439,26,111,26,408440,197170,46857,61099,1.8263922338730594,0.23657117191765176
5431,0.544,9,77,9,408517,197093,46866,61090,1.8256789803253177,0.23661511408574537
5432,0.5441,20,87,20,408604,197006,46886,61070,1.8248730964467006,0.2366357197104729
5433,0.5442,35,203,35,408807,196803,46921,61035,1.822992700729927,0.23671840457961976
5434,0.5443,18,150,18,408957,196653,46939,61017,1.8216032457667939,0.23680288741413436
5435,0.5444,13,75,13,409032,196578,46952,61004,1.8209085182852274,0.2368333190983842
5436,0.5445,23,147,23,409179,196431,46975,60981,1.819546852421357,0.23690037760477367
5437,0.5446,24,97,24,409276,196334,46999,60957,1.8186483382118641,0.23691850861475916
5438,0.5447,12,59,12,409335,196275,47011,60945,1.8181018192596985,0.23693725215768602
5439,0.5448,12,59,12,409394,196216,47023,60933,1.8175553003075327,0.23695600605096656
5440,0.5449,18,118,18,409512,196098,47041,60915,1.8164622624032014,0.23701135740215476
5441,0.545,7,57,7,409569,196041,47048,60908,1.8159342695172107,0.23704314864039167
5442,0.5451,18,101,18,409670,195940,47066,60890,1.8149987031753678,0.23708289530039325
5443,0.5452,25,94,25,409764,195846,47091,60865,1.8141279780651376,0.23709541079268126
5444,0.5453,29,153,29,409917,195693,47120,60836,1.812710734002742,0.23715057556845426
5445,0.5454,25,98,25,410015,195595,47145,60811,1.8118029567601615,0.2371668369694937
5446,0.5455,24,181,24,410196,195414,47169,60787,1.8101263477713143,0.2372629302773994
5447,0.5456,10,38,10,410234,195376,47179,60777,1.809774352513987,0.2372683513368963
5448,0.5457,41,146,41,410380,195230,47220,60736,1.8084219496832044,0.23728151395107164
5449,0.5458,14,98,14,410478,195132,47234,60722,1.807514172440624,0.23733066514496548
5450,0.5459,13,88,13,410566,195044,47247,60709,1.8066990255289193,0.23737355964543916
5451,0.546,13,89,13,410655,194955,47260,60696,1.8058746155841268,0.23741741671262775
5452,0.5461,8,46,8,410701,194909,47268,60688,1.8054485160620994,0.2374362766386147
5453,0.5462,13,94,13,410795,194815,47281,60675,1.8045777909518692,0.23748483306587342
5454,0.5463,29,119,29,410914,194696,47310,60646,1.8034754900144503,0.23750890961925575
5455,0.5464,31,125,31,411039,194571,47341,60615,1.802317610878506,0.23753262326303168
5456,0.5465,15,107,15,411146,194464,47356,60600,1.8013264663381379,0.23758742903741806
5457,0.5466,27,88,27,411234,194376,47383,60573,1.800511319426433,0.23758869420943013
5458,0.5467,13,67,13,411301,194309,47396,60560,1.7998906962095669,0.23761226355500276
5459,0.5468,33,149,33,411450,194160,47429,60527,1.7985105042795213,0.23765249109691503
5460,0.5469,11,53,11,411503,194107,47440,60516,1.7980195635258809,0.23766902440078075
5461,0.547,11,66,11,411569,194041,47451,60505,1.7974082033421024,0.23769770493348943
5462,0.5471,12,41,12,411610,194000,47463,60493,1.7970284189855126,0.23770005461839816
5463,0.5472,8,88,8,411698,193912,47471,60485,1.7962132720738078,0.23775830689827318
5464,0.5473,15,103,15,411801,193809,47486,60470,1.7952591796657897,0.23780965003008506
5465,0.5474,25,137,25,411938,193672,47511,60445,1.7939901441327948,0.23786287418787408
5466,0.5475,34,191,34,412129,193481,47545,60411,1.792220904813072,0.2379397539111118
5467,0.5476,49,274,49,412403,193207,47594,60362,1.789682833747082,0.23804960385536086
5468,0.5477,9,56,9,412459,193151,47603,60353,1.789164103894179,0.23807513885382478
5469,0.5478,15,105,15,412564,193046,47618,60338,1.7881914854199858,0.2381286900514634
5470,0.5479,15,47,15,412611,192999,47633,60323,1.7877561228648708,0.23812775834708394
5471,0.548,19,108,19,412719,192891,47652,60304,1.786755715291415,0.2381721597977843
5472,0.5481,7,96,7,412815,192795,47659,60297,1.7858664641150097,0.23824142999383624
5473,0.5482,19,145,19,412960,192650,47678,60278,1.7845233243173144,0.23832078694331985
5474,0.5483,16,86,16,413046,192564,47694,60262,1.7837267034717847,0.23835365033659514
5475,0.5484,17,108,17,413154,192456,47711,60245,1.782726295898329,0.23840428015718182
5476,0.5485,10,36,10,413190,192420,47721,60235,1.782392826707177,0.23840810591518077
5477,0.5486,19,73,19,413263,192347,47740,60216,1.7817166252917855,0.23841972102010192
5478,0.5487,13,112,13,413375,192235,47753,60203,1.7806791655859795,0.23848628178008066
5479,0.5488,40,149,40,413524,192086,47793,60163,1.779298973655934,0.2385063964574686
5480,0.5489,14,113,14,413637,191973,47807,60149,1.7782522509170402,0.23857100927328834
5481,0.549,24,128,24,413765,191845,47831,60125,1.7770665826818333,0.23861967694566813
5482,0.5491,12,73,12,413838,191772,47843,60113,1.7763903812664419,0.23865255969986304
5483,0.5492,15,128,15,413966,191644,47858,60098,1.775204713031235,0.2387285395365096
5484,0.5493,8,51,8,414017,191593,47866,60090,1.7747322983437697,0.23875271671110088
5485,0.5494,19,97,19,414114,191496,47885,60071,1.7738337841342768,0.23878728132068197
5486,0.5495,14,73,14,414187,191423,47899,60057,1.7731575827188855,0.23881421981867346
5487,0.5496,35,200,35,414387,191223,47934,60022,1.7713049761013746,0.23889828653306533
5488,0.5497,14,106,14,414493,191117,47948,60008,1.770323094594094,0.23895669487307117
5489,0.5498,20,145,20,414638,190972,47968,59988,1.7689799547963985,0.239034109021358
5490,0.5499,20,70,20,414708,190902,47988,59968,1.7683315424802697,0.23904014031171522
5491,0.55,44,177,44,414885,190725,48032,59924,1.7666919856237726,0.23907536036449378
5492,0.5501,13,57,13,414942,190668,48045,59911,1.7661639927377821,0.23909026694176289
5493,0.5502,19,83,19,415025,190585,48064,59892,1.765395160991515,0.2391117747338079
5494,0.5503,16,92,16,415117,190493,48080,59876,1.7645429619474602,0.23915101310465753
5495,0.5504,26,146,26,415263,190347,48106,59850,1.7631905591166772,0.2392115013369465
5496,0.5505,39,125,39,415388,190222,48145,59811,1.7620326799807329,0.23921242396003728
5497,0.5506,28,111,28,415499,190111,48173,59783,1.7610044833080143,0.23923343497643001
5498,0.5507,30,117,30,415616,189994,48203,59753,1.7599207084367705,0.23925412517467678
5499,0.5508,22,110,22,415726,189884,48225,59731,1.7589017747971396,0.23929251046611782
5500,0.5509,19,86,19,415812,189798,48244,59712,1.75810515395161,0.23931706144042322
5501,0.551,15,70,15,415882,189728,48259,59697,1.7574567416354812,0.23933847850055126
5502,0.5511,21,96,21,415978,189632,48280,59676,1.756567490459076,0.23936656665650521
5503,0.5512,11,72,11,416050,189560,48291,59665,1.755900552076772,0.23940214665462936
5504,0.5513,16,110,16,416160,189450,48307,59649,1.754881618437141,0.239459010273024
5505,0.5514,23,104,23,416264,189346,48330,59626,1.7539182629960355,0.23948877785453787
5506,0.5515,13,29,13,416293,189317,48343,59613,1.7536496350364963,0.23947696139476962
5507,0.5516,26,158,26,416451,189159,48369,59587,1.7521860758086627,0.239549580696775
5508,0.5517,24,151,24,416602,189008,48393,59563,1.7507873578124422,0.23962167750863939
5509,0.5518,18,81,18,416683,188927,48411,59545,1.7500370521323503,0.23964470845809588
5510,0.5519,22,116,22,416799,188811,48433,59523,1.748962540294194,0.23968928942472637
5511,0.552,18,115,18,416914,188696,48451,59505,1.747897291489125,0.2397452065060173
5512,0.5521,6,29,6,416943,188667,48457,59499,1.7476286635295861,0.23975484151737145
5513,0.5522,25,153,25,417096,188514,48482,59474,1.7462114194671903,0.23982612061873962
5514,0.5523,4,24,4,417120,188490,48486,59470,1.745989106673089,0.23983707049524117
5515,0.5524,15,82,15,417202,188408,48501,59455,1.7452295379599096,0.2398704122842054
5516,0.5525,45,126,45,417328,188282,48546,59410,1.7440623957908779,0.2398543352227767
5517,0.5526,9,77,9,417405,188205,48555,59401,1.7433491422431362,0.2399012947989952
5518,0.5527,27,103,27,417508,188102,48582,59374,1.742395049835118,0.23991821429148685
5519,0.5528,32,81,32,417589,188021,48614,59342,1.741644744155026,0.23989844883834688
5520,0.5529,18,56,18,417645,187965,48632,59324,1.741126014302123,0.239897447925302
5521,0.553,25,117,25,417762,187848,48657,59299,1.7400422394308792,0.23993412827183822
5522,0.5531,47,212,47,417974,187636,48704,59252,1.7380784764163177,0.2399954635300217
5523,0.5532,23,110,23,418084,187526,48727,59229,1.7370595427766868,0.24003161030171627
5524,0.5533,23,129,23,418213,187397,48750,59206,1.7358646115083922,0.2400862925430753
5525,0.5534,14,117,14,418330,187280,48764,59192,1.7347808366371484,0.2401570969521893
5526,0.5535,15,75,15,418405,187205,48779,59177,1.734086109155582,0.24018394200875065
5527,0.5536,42,160,42,418565,187045,48821,59135,1.7326040238615732,0.240210415143391
5528,0.5537,19,75,19,418640,186970,48840,59116,1.7319092963800067,0.24022496200515267
5529,0.5538,19,98,19,418738,186872,48859,59097,1.7310015191374264,0.24026198423378556
5530,0.5539,20,87,20,418825,186785,48879,59077,1.730195635258809,0.24028520064101
5531,0.554,10,78,10,418903,186707,48889,59067,1.72947311867798,0.24033054757622857
5532,0.5541,13,69,13,418972,186638,48902,59054,1.7288339693949386,0.2403578464093255
5533,0.5542,30,180,30,419152,186458,48932,59024,1.727166623439179,0.24044125434858768
5534,0.5543,28,124,28,419276,186334,48960,58996,1.7260180073363223,0.24047609342518242
5535,0.5544,40,161,40,419437,186173,49000,58956,1.724526659009226,0.24051009876432408
5536,0.5545,13,52,13,419489,186121,49013,58943,1.7240449812886731,0.24052084353475012
5537,0.5546,6,56,6,419545,186065,49019,58937,1.72352625143577,0.24055721994106172
5538,0.5547,5,24,5,419569,186041,49024,58932,1.7233039386416689,0.2405652867867071
5539,0.5548,26,163,26,419732,185878,49050,58906,1.7217940642483975,0.24064481338649585
5540,0.5549,29,124,29,419856,185754,49079,58877,1.7206454481455409,0.24067677440716834
5541,0.555,25,80,25,419936,185674,49104,58852,1.7199044054985364,0.2406778829245152
5542,0.5551,18,90,18,420026,185584,49122,58834,1.7190707325206567,0.2407105859633906
5543,0.5552,10,55,10,420081,185529,49132,58824,1.7185612657008411,0.24073369264956845
5544,0.5553,15,74,15,420155,185455,49147,58809,1.717875801252362,0.24075999737988407
5545,0.5554,8,32,8,420187,185423,49155,58801,1.7175793841935603,0.24076667321802936
5546,0.5555,26,102,26,420289,185321,49181,58775,1.71663455481863,0.24078641190351338
5547,0.5556,12,93,12,420382,185228,49193,58763,1.7157730927414874,0.2408408506871155
5548,0.5557,17,73,17,420455,185155,49210,58746,1.7150968913260958,0.24086002107412433
5549,0.5558,29,114,29,420569,185041,49239,58717,1.7140409055541146,0.24088235052798268
5550,0.5559,26,93,26,420662,184948,49265,58691,1.713179443476972,0.24089328884127748
5551,0.556,34,158,34,420820,184790,49299,58657,1.7117158842491385,0.2409436140104417
5552,0.5561,14,114,14,420934,184676,49313,58643,1.7106598984771573,0.2410128267829475
5553,0.5562,40,170,40,421104,184506,49353,58603,1.709085182852273,0.2410564808378135
5554,0.5563,27,101,27,421205,184405,49380,58576,1.7081496165104302,0.24107234722056456
5555,0.5564,18,129,18,421334,184276,49398,58558,1.7069546852421358,0.2411441560901686
5556,0.5565,19,66,19,421400,184210,49417,58539,1.706343325058357,0.24115032399721523
5557,0.5566,34,194,34,421594,184016,49451,58505,1.7045462966393716,0.2412368413456979
5558,0.5567,31,118,31,421712,183898,49482,58474,1.7034532587350402,0.24125724093542159
5559,0.5568,20,99,20,421811,183799,49502,58454,1.7025362184593724,0.24129319347954412
5560,0.5569,11,62,11,421873,183737,49513,58443,1.701961910407944,0.24132050540919978
5561,0.557,33,116,33,421989,183621,49546,58410,1.7008873985697877,0.24133272184141702
5562,0.5571,12,112,12,422101,183509,49558,58398,1.6998499388639816,0.24140682162979987
5563,0.5572,22,156,22,422257,183353,49580,58376,1.6984049057023232,0.24149357338176222
5564,0.5573,9,56,9,422313,183297,49589,58367,1.6978861758494201,0.24152128575211865
5565,0.5574,21,114,21,422427,183183,49610,58346,1.696830190077439,0.24156933535931502
5566,0.5575,22,113,22,422540,183070,49632,58324,1.6957834673385452,0.24161329610512275
5567,0.5576,23,69,23,422609,183001,49655,58301,1.6951443180555041,0.2416100985487066
5568,0.5577,41,166,41,422775,182835,49696,58260,1.69360665456297,0.24164748335718286
5569,0.5578,11,56,11,422831,182779,49707,58249,1.693087924710067,0.24166901770748628
5570,0.5579,11,64,11,422895,182715,49718,58238,1.6924950905924636,0.24169858852141288
5571,0.558,14,78,14,422973,182637,49732,58224,1.6917725740116343,0.24173278363869619
5572,0.5581,30,128,30,423101,182509,49762,58194,1.6905869057764273,0.24176682467605307
5573,0.5582,22,77,22,423178,182432,49784,58172,1.6898736522286857,0.24177486658575917
5574,0.5583,27,96,27,423274,182336,49811,58145,1.6889844010522805,0.2417862533838432
5575,0.5584,8,58,8,423332,182278,49819,58137,1.6884471451332024,0.24181935403365015
5576,0.5585,7,78,7,423410,182200,49826,58130,1.6877246285523733,0.24187575417134774
5577,0.5586,11,65,11,423475,182135,49837,58119,1.6871225314016822,0.2419064823062259
5578,0.5587,15,71,15,423546,182064,49852,58104,1.6864648560524658,0.24193064854601778
5579,0.5588,27,126,27,423672,181938,49879,58077,1.685297713883434,0.2419723767264546
5580,0.5589,25,104,25,423776,181834,49904,58052,1.6843343584423283,0.24199828251752917
5581,0.559,30,126,30,423902,181708,49934,58022,1.6831672162732965,0.24203061777833396
5582,0.5591,10,68,10,423970,181640,49944,58012,1.6825373300233428,0.24206766478059855
5583,0.5592,20,89,20,424059,181551,49964,57992,1.6817129200785506,0.24209432127008512
5584,0.5593,29,111,29,424170,181440,49993,57963,1.680684723405832,0.2421147604666608
5585,0.5594,16,95,16,424265,181345,50009,57947,1.6798047352625143,0.24216020594085888
5586,0.5595,22,97,22,424362,181248,50031,57925,1.6789062210530217,0.24218870859168887
5587,0.5596,14,103,14,424465,181145,50045,57911,1.6779521286450034,0.2422486781339937
5588,0.5597,23,110,23,424575,181035,50068,57888,1.6769331950053725,0.24228726409763815
5589,0.5598,11,57,11,424632,180978,50079,57877,1.676405202119382,0.24231018818948735
5590,0.5599,27,103,27,424735,180875,50106,57850,1.6754511097113638,0.2423290396900199
5591,0.56,25,100,25,424835,180775,50131,57825,1.6745248064026084,0.2423512154233026
5592,0.5601,8,60,8,424895,180715,50139,57817,1.6739690244173553,0.2423867657169688
5593,0.5602,16,107,16,425002,180608,50155,57801,1.672977879876987,0.24244470636595095
5594,0.5603,42,185,42,425187,180423,50197,57759,1.6712642187557893,0.24249943320653955
5595,0.5604,14,65,14,425252,180358,50211,57745,1.6706621216050983,0.24252109381234171
5596,0.5605,24,129,24,425381,180229,50235,57721,1.669467190336804,0.2425761714645934
5597,0.5606,9,51,9,425432,180178,50244,57712,1.6689947756493386,0.24259952078691832
5598,0.5607,16,87,16,425519,180091,50260,57696,1.6681888917707215,0.24263731827223523
5599,0.5608,13,95,13,425614,179996,50273,57683,1.6673089036274038,0.242692875685273
5600,0.5609,20,94,20,425708,179902,50293,57663,1.6664381785171736,0.24272514890661503
5601,0.561,12,37,12,425745,179865,50305,57651,1.6660954462929343,0.24272470065174556
5602,0.5611,16,84,16,425829,179781,50321,57635,1.6653173515135795,0.2427595444283452
5603,0.5612,39,188,39,426017,179593,50360,57596,1.6635759012931195,0.2428274498395794
5604,0.5613,10,52,10,426069,179541,50370,57586,1.6630942235725665,0.24284876880321515
5605,0.5614,18,122,18,426191,179419,50388,57568,1.661964133535885,0.2429162781080819
5606,0.5615,26,163,26,426354,179256,50414,57542,1.6604542591426137,0.24300036317874307
5607,0.5616,7,58,7,426412,179198,50421,57535,1.6599170032235355,0.24303751483739064
5608,0.5617,26,168,26,426580,179030,50447,57509,1.6583608136648265,0.24312692621512733
5609,0.5618,15,128,15,426708,178902,50462,57494,1.6571751454296195,0.2432105450176822
5610,0.5619,12,49,12,426757,178853,50474,57482,1.6567212568083294,0.24322254426978654
5611,0.562,30,102,30,426859,178751,50504,57452,1.6557764274333988,0.24323145768682022
5612,0.5621,13,107,13,426966,178644,50517,57439,1.6547852828930305,0.2433000258383704
5613,0.5622,25,98,25,427064,178546,50542,57414,1.6538775056504502,0.2433209018477708
5614,0.5623,17,72,17,427136,178474,50559,57397,1.6532105672681463,0.24334063958689284
5615,0.5624,13,78,13,427214,178396,50572,57384,1.652488050687317,0.2433794214946136
5616,0.5625,18,113,18,427327,178283,50590,57366,1.6514413279484235,0.2434383341325446
5617,0.5626,21,71,21,427398,178212,50611,57345,1.650783652599207,0.24344426189839402
5618,0.5627,24,108,24,427506,178104,50635,57321,1.6497832450257512,0.24347881490920675
5619,0.5628,16,91,16,427597,178013,50651,57305,1.6489403090147838,0.2435215325644447
5620,0.5629,19,120,19,427717,177893,50670,57286,1.6478287450442772,0.24358467380165746
5621,0.563,20,99,20,427816,177794,50690,57266,1.6469117047686095,0.24362290479026633
5622,0.5631,25,136,25,427952,177658,50715,57241,1.645651932268702,0.2436834554425519
5623,0.5632,28,116,28,428068,177542,50743,57213,1.6445774204305459,0.24371365892100275
5624,0.5633,11,43,11,428111,177499,50754,57202,1.644179110007781,0.24372286441046268
5625,0.5634,22,107,22,428218,177392,50776,57180,1.6431879654674126,0.2437631089814641
5626,0.5635,26,143,26,428361,177249,50802,57154,1.6418633517358925,0.24382793735575056
5627,0.5636,6,72,6,428433,177177,50808,57148,1.6411964133535886,0.24388349514563107
5628,0.5637,15,68,15,428501,177109,50823,57133,1.6405665271036347,0.24390587512060177
5629,0.5638,19,81,19,428582,177028,50842,57114,1.639816221423543,0.24392889784831426
5630,0.5639,34,131,34,428713,176897,50876,57080,1.6386027640890732,0.24395560247374742
5631,0.564,12,74,12,428787,176823,50888,57068,1.6379172996405944,0.24399399720382572
5632,0.5641,21,130,21,428917,176693,50909,57047,1.6367131053392123,0.2440617780439805
5633,0.5642,13,52,13,428969,176641,50922,57034,1.6362314276186594,0.244074034449556
5634,0.5643,30,114,30,429083,176527,50952,57004,1.6351754418466782,0.24409607289824478
5635,0.5644,35,128,35,429211,176399,50987,56969,1.6339897736114712,0.24411658839258168
5636,0.5645,17,62,17,429273,176337,51004,56952,1.633415465560043,0.24412638401296247
5637,0.5646,15,112,15,429385,176225,51019,56937,1.632378005854237,0.24419502320275174
5638,0.5647,9,76,9,429461,176149,51028,56928,1.6316740153395828,0.24424546394539143
5639,0.5648,12,64,12,429525,176085,51040,56916,1.6310811812219794,0.24427362972691105
5640,0.5649,20,83,20,429608,176002,51060,56896,1.6303123494757124,0.24429578613813774
5641,0.565,18,85,18,429693,175917,51078,56878,1.6295249916632701,0.24432655340535664
5642,0.5651,9,35,9,429728,175882,51087,56869,1.6292007855052058,0.24433407375263694
5643,0.5652,15,82,15,429810,175800,51102,56854,1.6284412167920264,0.24437147008003302
5644,0.5653,5,31,5,429841,175769,51107,56849,1.6281540627663122,0.24438779458167467
5645,0.5654,19,88,19,429929,175681,51126,56830,1.6273389158546074,0.2444185436387956
5646,0.5655,13,58,13,429987,175623,51139,56817,1.6268016599355293,0.2444372741352607
5647,0.5656,22,131,22,430118,175492,51161,56795,1.6255882026010597,0.24450356670842535
5648,0.5657,22,123,22,430241,175369,51183,56773,1.6244488495312905,0.24456151838099094
5649,0.5658,33,123,33,430364,175246,51216,56740,1.6233094964615213,0.24458372487994964
5650,0.5659,15,80,15,430444,175166,51231,56725,1.622568453814517,0.24461923921152612
5651,0.566,17,118,17,430562,175048,51248,56708,1.6214754159101856,0.24468837915738967
5652,0.5661,35,116,35,430678,174932,51283,56673,1.6204009040720293,0.24469678979296647
5653,0.5662,24,79,24,430757,174853,51307,56649,1.6196691244581125,0.24470198961564046
5654,0.5663,31,152,31,430909,174701,51338,56618,1.6182611434288043,0.24476156303632646
5655,0.5664,22,99,22,431008,174602,51360,56596,1.6173441031531364,0.24479450514277806
5656,0.5665,22,79,22,431087,174523,51382,56574,1.6166123235392196,0.2448062934611873
5657,0.5666,34,124,34,431211,174399,51416,56540,1.615463707436363,0.2448265559303539
5658,0.5667,16,95,16,431306,174304,51432,56524,1.6145837192930452,0.2448749718405046
5659,0.5668,26,148,26,431454,174156,51458,56498,1.6132127903960873,0.24494697685711064
5660,0.5669,15,65,15,431519,174091,51473,56483,1.6126106932453963,0.24496690867140267
5661,0.567,31,142,31,431661,173949,51504,56452,1.6112953425469636,0.24501629767231914
5662,0.5671,21,119,21,431780,173830,51525,56431,1.6101930416095447,0.24507406812269555
5663,0.5672,28,150,28,431930,173680,51553,56403,1.6088035866464114,0.24514197050629555
5664,0.5673,15,119,15,432049,173561,51568,56388,1.6077012857089925,0.2452195921704378
5665,0.5674,25,102,25,432151,173459,51593,56363,1.606756456334062,0.24524632106586836
5666,0.5675,20,102,20,432253,173357,51613,56343,1.6058116269591316,0.24528950805398345
5667,0.5676,17,63,17,432316,173294,51630,56326,1.6052280558746155,0.24530093197456668
5668,0.5677,33,158,33,432474,173136,51663,56293,1.6037644966467821,0.24536131003491277
5669,0.5678,10,67,10,432541,173069,51673,56283,1.603143873429916,0.24540008371411628
5670,0.5679,25,141,25,432682,172928,51698,56258,1.6018377857645707,0.24546874590943601
5671,0.568,18,102,18,432784,172826,51716,56240,1.6008929563896401,0.2455187587856775
5672,0.5681,23,109,23,432893,172717,51739,56217,1.599883285783097,0.2455598556789293
5673,0.5682,35,137,35,433030,172580,51774,56182,1.598614250250102,0.2455914880967993
5674,0.5683,16,70,16,433100,172510,51790,56166,1.5979658379339732,0.24561388164914552
5675,0.5684,25,146,25,433246,172364,51815,56141,1.5966134351031902,0.24568827815583905
5676,0.5685,32,160,32,433406,172204,51847,56109,1.5951313498091815,0.245754731443238
5677,0.5686,27,85,27,433491,172119,51874,56082,1.5943439919967395,0.24575702998672222
5678,0.5687,17,71,17,433562,172048,51891,56065,1.593686316647523,0.24577731212162393
5679,0.5688,14,61,14,433623,171987,51905,56051,1.5931212716291823,0.24579675317271682
5680,0.5689,13,57,13,433680,171930,51918,56038,1.5925932787431916,0.24581520213363278
5681,0.569,13,62,13,433742,171868,51931,56025,1.5920189706917633,0.24583905604823317
5682,0.5691,25,92,25,433834,171776,51956,56000,1.5911667716477083,0.24585557740938466
5683,0.5692,27,74,27,433908,171702,51983,55973,1.5904813071992294,0.24584605248709784
5684,0.5693,39,156,39,434064,171546,52022,55934,1.589036274037571,0.2458853525584667
5685,0.5694,18,86,18,434150,171460,52040,55916,1.5882396531920413,0.2459186545633664
5686,0.5695,38,136,38,434286,171324,52078,55878,1.5869798806921338,0.245939736445982
5687,0.5696,13,32,13,434318,171292,52091,55865,1.586683463633332,0.24593122818138996
5688,0.5697,24,121,24,434439,171171,52115,55841,1.585562636629738,0.2459825912286575
5689,0.5698,27,107,27,434546,171064,52142,55814,1.5845714920893696,0.24600886820229376
5690,0.5699,14,50,14,434596,171014,52156,55800,1.584108340434992,0.24601655982434947
5691,0.57,18,60,18,434656,170954,52174,55782,1.5835525584497387,0.24602180509491214
5692,0.5701,28,175,28,434831,170779,52202,55754,1.5819315276594168,0.24611866703747357
5693,0.5702,9,33,9,434864,170746,52211,55745,1.5816258475675276,0.24612457007121696
5694,0.5703,1,25,1,434889,170721,52212,55744,1.5813942717403386,0.2461484114543086
5695,0.5704,11,35,11,434924,170686,52223,55733,1.5810700655822743,0.24614983724864078
5696,0.5705,50,209,50,435133,170477,52273,55683,1.5791340916669754,0.24621064732932438
5697,0.5706,22,120,22,435253,170357,52295,55661,1.578022527696469,0.24626799635427266
5698,0.5707,40,187,40,435440,170170,52335,55621,1.5762903405090962,0.24633842801528846
5699,0.5708,14,57,14,435497,170113,52349,55607,1.5757623476231057,0.2463538897749424
5700,0.5709,19,96,19,435593,170017,52368,55588,1.5748730964467006,0.24639524833226215
5701,0.571,29,123,29,435716,169894,52397,55559,1.5737337433769314,0.2464327376437661
5702,0.5711,26,132,26,435848,169762,52423,55533,1.5725110230093742,0.2464901573492532
5703,0.5712,15,102,15,435950,169660,52438,55518,1.5715661936344436,0.24655161694304062
5704,0.5713,46,138,46,436088,169522,52484,55472,1.5702878950683612,0.24654879685680506
5705,0.5714,21,73,21,436161,169449,52505,55451,1.5696116936529698,0.2465584704313028
5706,0.5715,24,98,24,436259,169351,52529,55427,1.5687039164103893,0.24658551993522498
5707,0.5716,6,41,6,436300,169310,52535,55421,1.5683241320537997,0.2466103919797447
5708,0.5717,37,125,37,436425,169185,52572,55384,1.5671662529178554,0.2466235321883252
5709,0.5718,16,118,16,436543,169067,52588,55368,1.566073215013524,0.2466994898300176
5710,0.5719,17,82,17,436625,168985,52605,55351,1.5653136463003445,0.24673257970187576
5711,0.572,12,63,12,436688,168922,52617,55339,1.5647300752158286,0.24676158583079535
5712,0.5721,18,93,18,436781,168829,52635,55321,1.563868613138686,0.2468034798126255
5713,0.5722,5,39,5,436820,168790,52640,55316,1.5635073548482714,0.2468296252666149
5714,0.5723,6,51,6,436871,168739,52646,55310,1.5630349401608064,0.2468656409981745
5715,0.5724,34,138,34,437009,168601,52680,55276,1.5617566415947237,0.2469034335818329
5716,0.5725,20,123,20,437132,168478,52700,55256,1.5606172885249545,0.24697185050104142
5717,0.5726,25,77,25,437209,168401,52725,55231,1.5599040349772129,0.24697270515847464
5718,0.5727,33,145,33,437354,168256,52758,55198,1.5585608951795176,0.24702175839322635
5719,0.5728,18,91,18,437445,168165,52776,55180,1.5577179591685502,0.24706172065638363
5720,0.5729,13,66,13,437511,168099,52789,55167,1.5571065989847717,0.2470909139770498
5721,0.573,36,169,36,437680,167930,52825,55131,1.555541146392975,0.24715660738542372
5722,0.5731,35,173,35,437853,167757,52860,55096,1.5539386416688281,0.24723023697235397
5723,0.5732,23,132,23,437985,167625,52883,55073,1.552715921301271,0.24729903277083765
5724,0.5733,11,64,11,438049,167561,52894,55062,1.5521230871836673,0.24733293505163437
5725,0.5734,21,81,21,438130,167480,52915,55041,1.5513727815035756,0.2473519353229583
5726,0.5735,25,106,25,438236,167374,52940,55016,1.5503908999962948,0.2473852241557624
5727,0.5736,21,78,21,438314,167296,52961,54995,1.5496683834154656,0.24740092941234687
5728,0.5737,20,63,20,438377,167233,52981,54975,1.5490848123309497,0.24740333381336405
5729,0.5738,22,134,22,438511,167099,53003,54953,1.5478435658972174,0.24747806820024137
5730,0.5739,21,68,21,438579,167031,53024,54932,1.5472136796472638,0.2474826885562008
5731,0.574,17,78,17,438657,166953,53041,54915,1.5464911630664344,0.24751203418248688
5732,0.5741,18,80,18,438737,166873,53059,54897,1.5457501204194302,0.2475402443973486
5733,0.5742,38,183,38,438920,166690,53097,54859,1.5440549853644077,0.2476156516165724
5734,0.5743,14,89,14,439009,166601,53111,54845,1.5432305754196154,0.24766760293705914
5735,0.5744,22,73,22,439082,166528,53133,54823,1.542554374004224,0.24767450790825432
5736,0.5745,27,111,27,439193,166417,53160,54796,1.5415261773315054,0.24770696116412688
5737,0.5746,12,50,12,439243,166367,53172,54784,1.5410630256771278,0.24772214459803482
5738,0.5747,25,99,25,439342,166268,53197,54759,1.5401459854014599,0.2477480126862329
5739,0.5748,23,95,23,439437,166173,53220,54736,1.5392659972581422,0.24777623365277104
5740,0.5749,44,180,44,439617,165993,53264,54692,1.5375986513023825,0.24782835262931327
5741,0.575,22,134,22,439751,165859,53286,54670,1.5363574048686501,0.24790390379496574
5742,0.5751,13,31,13,439782,165828,53299,54657,1.536070250842936,0.24789441458602626
5743,0.5752,18,81,18,439863,165747,53317,54639,1.535319945162844,0.2479240968119572
5744,0.5753,13,70,13,439933,165677,53330,54626,1.5346715328467153,0.24795849352936639
5745,0.5754,6,25,6,439958,165652,53336,54620,1.5344399570195264,0.2479661509406552
5746,0.5755,21,116,21,440074,165536,53357,54599,1.53336544518137,0.24802507552183886
5747,0.5756,18,92,18,440166,165444,53375,54581,1.5325132461373152,0.24806726508351323
5748,0.5757,23,129,23,440295,165315,53398,54558,1.5313183148690208,0.24813415016850637
5749,0.5758,11,54,11,440349,165261,53409,54547,1.5308181110822927,0.24815748289416217
5750,0.5759,7,27,7,440376,165234,53416,54540,1.5305680091889289,0.2481640230418521
5751,0.576,20,127,20,440503,165107,53436,54520,1.5293916039868094,0.2482390598605818
5752,0.5761,27,133,27,440636,164974,53463,54493,1.5281596205861647,0.248297010484492
5753,0.5762,8,54,8,440690,164920,53471,54485,1.5276594167994368,0.2483307126091019
5754,0.5763,15,83,15,440773,164837,53486,54470,1.5268905850531698,0.24837328493846525
5755,0.5764,38,151,38,440924,164686,53524,54432,1.525491867056949,0.24841409651420696
5756,0.5765,16,97,16,441021,164589,53540,54416,1.5245933528474565,0.24846921303166594
5757,0.5766,27,115,27,441136,164474,53567,54389,1.5235281040423876,0.2485070569260222
5758,0.5767,21,106,21,441242,164368,53588,54368,1.522546222535107,0.2485553361129398
5759,0.5768,11,80,11,441322,164288,53599,54357,1.5218051798881025,0.2486084749251069
5760,0.5769,7,38,7,441360,164250,53606,54350,1.5214531846307755,0.24862763037511437
5761,0.577,29,107,29,441467,164143,53635,54321,1.5204620400904072,0.2486496631023876
5762,0.5771,33,141,33,441608,164002,53668,54288,1.519155952425062,0.24869668789225344
5763,0.5772,5,54,5,441662,163948,53673,54283,1.518655748638334,0.24874101296332785
5764,0.5773,28,97,28,441759,163851,53701,54255,1.5177572344288415,0.2487551924293692
5765,0.5774,5,39,5,441798,163812,53706,54250,1.5173959761384268,0.2487824563656208
5766,0.5775,6,59,6,441857,163753,53712,54244,1.516849457186261,0.24882911232723387
5767,0.5776,30,111,30,441968,163642,53742,54214,1.5158212605135426,0.24885245299647474
5768,0.5777,21,115,21,442083,163527,53763,54193,1.5147560117084737,0.24891144589380856
5769,0.5778,21,89,21,442172,163438,53784,54172,1.5139316017636815,0.24894076558981665
5770,0.5779,33,155,33,442327,163283,53817,54139,1.5124958316351107,0.2490042406012271
5771,0.578,6,42,6,442369,163241,53823,54133,1.5121067842454334,0.2490316229171842
5772,0.5781,15,85,15,442454,163156,53838,54118,1.5113194264329912,0.2490772020582306
5773,0.5782,25,96,25,442550,163060,53863,54093,1.510430175256586,0.2491008643675197
5774,0.5783,7,57,7,442607,163003,53870,54086,1.5099021823705954,0.24914205694438687
5775,0.5784,14,94,14,442701,162909,53884,54072,1.5090314572603654,0.24920154299224356
5776,0.5785,52,265,52,442966,162644,53936,54020,1.5065767534921635,0.24932614555256064
5777,0.5786,11,74,11,443040,162570,53947,54009,1.5058912890436844,0.24937320792874657
5778,0.5787,26,109,26,443149,162461,53973,53983,1.504881618437141,0.249408623015653
5779,0.5788,23,53,23,443202,162408,53996,53960,1.5043906776835008,0.24938992827035422
5780,0.5789,32,121,32,443323,162287,54028,53928,1.5032698506799067,0.24941840297851675
5781,0.579,12,91,12,443414,162196,54040,53916,1.5024269146689393,0.24948175020359814
5782,0.5791,26,97,26,443511,162099,54066,53890,1.5015284004594465,0.24950344693479762
5783,0.5792,6,48,6,443559,162051,54072,53884,1.5010837748712438,0.249538055433348
5784,0.5793,15,107,15,443666,161944,54087,53869,1.5000926303308755,0.24960961573213847
5785,0.5794,29,127,29,443793,161817,54116,53840,1.4989162251287562,0.24965570326954376
5786,0.5795,11,66,11,443859,161751,54127,53829,1.4983048649449775,0.2496938491511272
5787,0.5796,33,133,33,443992,161618,54160,53796,1.4970728815443328,0.24973307213087356
5788,0.5797,11,84,11,444076,161534,54171,53785,1.4962947867649783,0.24979216882857527
5789,0.5798,25,145,25,444221,161389,54196,53760,1.494951646967283,0.24987334358979127
5790,0.5799,4,50,4,444271,161339,54200,53756,1.4944884953129052,0.24991747832353145
5791,0.58,23,111,23,444382,161228,54223,53733,1.4934602986401868,0.24996627295183776
5792,0.5801,28,118,28,444500,161110,54251,53705,1.4923672607358553,0.2500058189605009
5793,0.5802,17,60,17,444560,161050,54268,53688,1.491811478750602,0.25001629893172145
5794,0.5803,21,97,21,444657,160953,54289,53667,1.4909129645411094,0.2500559127760693
5795,0.5804,10,44,10,444701,160909,54299,53657,1.490505391085257,0.2500722388449242
5796,0.5805,12,60,12,444761,160849,54311,53645,1.4899496091000037,0.25010023590403463
5797,0.5806,12,71,12,444832,160778,54323,53633,1.4892919337507873,0.25014108417944975
5798,0.5807,15,62,15,444894,160716,54338,53618,1.488717625699359,0.2501609637295063
5799,0.5808,15,101,15,444995,160615,54353,53603,1.487782059357516,0.25022640487727454
5800,0.5809,10,55,10,445050,160560,54363,53593,1.4872725925377006,0.2502556583377305
5801,0.581,4,37,4,445087,160523,54367,53589,1.486929860313461,0.2502848976236736
5802,0.5811,3,45,3,445132,160478,54370,53586,1.486513023824521,0.2503270050078481
5803,0.5812,18,91,18,445223,160387,54388,53568,1.4856700878135536,0.2503704049917039
5804,0.5813,6,76,6,445299,160311,54394,53562,1.4849660972988996,0.25043834425102746
5805,0.5814,24,95,24,445394,160216,54418,53538,1.484086109155582,0.25046548836513
5806,0.5815,26,111,26,445505,160105,54444,53512,1.4830579124828633,0.2505044074207577
5807,0.5816,15,77,15,445582,160028,54459,53497,1.4823446589351217,0.2505420910900363
5808,0.5817,12,63,12,445645,159965,54471,53485,1.4817610878506058,0.25057390489576015
5809,0.5818,7,91,7,445736,159874,54478,53478,1.4809181518396384,0.250656192583149
5810,0.5819,32,108,32,445844,159766,54510,53446,1.4799177442661826,0.25067069395718816
5811,0.582,13,74,13,445918,159692,54523,53433,1.4792322798177036,0.25071202346041055
5812,0.5821,8,51,8,445969,159641,54531,53425,1.4787598651302383,0.25074390095087906
5813,0.5822,18,92,18,446061,159549,54549,53407,1.4779076660861832,0.25078889535866566
5814,0.5823,13,80,13,446141,159469,54562,53394,1.477166623439179,0.25083739306502306
5815,0.5824,21,97,21,446238,159372,54583,53373,1.476268109229686,0.2508778114644292
5816,0.5825,25,88,25,446326,159284,54608,53348,1.4754529623179815,0.2508935625870048
5817,0.5826,31,100,31,446426,159184,54639,53317,1.474526659009226,0.2509023486948297
5818,0.5827,26,78,26,446504,159106,54665,53291,1.4738041424283967,0.25090279052905645
5819,0.5828,34,162,34,446666,158944,54699,53257,1.4723035310682129,0.25097431209089494
5820,0.5829,20,116,20,446782,158828,54719,53237,1.4712290192300568,0.25104095442435104
5821,0.583,47,196,47,446978,158632,54766,53190,1.469413464744896,0.25110706158944773
5822,0.5831,16,76,16,447054,158556,54782,53174,1.468709474230242,0.25114060359892315
5823,0.5832,17,53,17,447107,158503,54799,53157,1.4682185334766016,0.25114334309742037
5824,0.5833,24,72,24,447179,158431,54823,53133,1.4675515950942977,0.25114386190467186
5825,0.5834,16,76,16,447255,158355,54839,53117,1.4668476045796435,0.25117746084588033
5826,0.5835,21,95,21,447350,158260,54860,53096,1.465967616436326,0.25121595790987716
5827,0.5836,19,56,19,447406,158204,54879,53077,1.465448886583423,0.2512152062892546
5828,0.5837,30,107,30,447513,158097,54909,53047,1.4644577420430547,0.2512361232144887
5829,0.5838,28,122,28,447635,157975,54937,53019,1.463327652006373,0.2512820269770704
5830,0.5839,23,131,23,447766,157844,54960,52996,1.4621141946719034,0.2513564788465187
5831,0.584,30,100,30,447866,157744,54990,52966,1.461187891363148,0.25136918039010964
5832,0.5841,15,71,15,447937,157673,55005,52951,1.4605302160139315,0.2514006001215436
5833,0.5842,19,98,19,448035,157575,55024,52932,1.4596224387713512,0.2514500705439724
5834,0.5843,15,71,15,448106,157504,55039,52917,1.458964763422135,0.25148155364721203
5835,0.5844,5,52,5,448158,157452,55044,52912,1.458483085701582,0.25152592648932326
5836,0.5845,21,62,21,448220,157390,55065,52891,1.4579087776501538,0.2515253399023212
5837,0.5846,12,38,12,448258,157352,55077,52879,1.4575567823928266,0.2515280810156447
5838,0.5847,14,54,14,448312,157298,55091,52865,1.4570565786060987,0.25154285007351435
5839,0.5848,16,78,16,448390,157220,55107,52849,1.4563340620252696,0.25157924301062984
5840,0.5849,9,49,9,448439,157171,55116,52840,1.4558801734039795,0.2516058682640433
5841,0.585,15,98,15,448537,157073,55131,52825,1.4549723961613992,0.2516698586932701
5842,0.5851,29,163,29,448700,156910,55160,52796,1.4534625217681278,0.25176199059635873
5843,0.5852,22,99,22,448799,156811,55182,52774,1.4525454814924599,0.2518023713529117
5844,0.5853,12,72,12,448871,156739,55194,52762,1.451878543110156,0.251846053240796
5845,0.5854,14,106,14,448977,156633,55208,52748,1.4508966616028753,0.2519235269675854
5846,0.5855,13,67,13,449044,156566,55221,52735,1.4502760383860092,0.25195770684325447
5847,0.5856,54,185,54,449229,156381,55275,52681,1.4485623772648115,0.25198744869942885
5848,0.5857,29,115,29,449344,156266,55304,52652,1.4474971284597429,0.2520223245483874
5849,0.5858,23,89,23,449433,156177,55327,52629,1.4466727185149506,0.25204735496106434
5850,0.5859,16,60,16,449493,156117,55343,52613,1.4461169365296973,0.2520624730513103
5851,0.586,9,42,9,449535,156075,55352,52604,1.44572788914002,0.2520809472922527
5852,0.5861,23,87,23,449622,155988,55375,52581,1.4449220052614027,0.2521036203846209
5853,0.5862,19,62,19,449684,155926,55394,52562,1.4443476972099745,0.25211043321438165
5854,0.5863,29,101,29,449785,155825,55423,52533,1.4434121308681314,0.2521285479799192
5855,0.5864,29,142,29,449927,155683,55452,52504,1.4420967801696987,0.2521963427111203
5856,0.5865,27,131,27,450058,155552,55479,52477,1.4408833228352291,0.2522580986304794
5857,0.5866,8,48,8,450106,155504,55487,52469,1.4404386972470267,0.2522875565578224
5858,0.5867,34,133,34,450239,155371,55521,52435,1.4392067138463818,0.25232668931599667
5859,0.5868,37,149,37,450388,155222,55558,52398,1.4378265219163362,0.2523745303920624
5860,0.5869,30,132,30,450520,155090,55588,52368,1.4366038015487792,0.25242699727173695
5861,0.587,26,131,26,450651,154959,55614,52342,1.4353903442143094,0.2524927520851322
5862,0.5871,35,162,35,450813,154797,55649,52307,1.4338897328541258,0.25256392923362175
5863,0.5872,25,150,25,450963,154647,55674,52282,1.4325002778909925,0.25265670833957543
5864,0.5873,14,80,14,451043,154567,55688,52268,1.4317592352439883,0.25270384606086976
5865,0.5874,18,59,18,451102,154508,55706,52250,1.4312127162918227,0.25271089873185076
5866,0.5875,19,81,19,451183,154427,55725,52231,1.4304624106117307,0.2527412439876511
5867,0.5876,38,105,38,451288,154322,55763,52193,1.4294897921375376,0.2527322470522722
5868,0.5877,19,44,19,451332,154278,55782,52174,1.4290822186816852,0.25271733865499
5869,0.5878,11,70,11,451402,154208,55793,52163,1.4284338063655564,0.2527632273914455
5870,0.5879,27,106,27,451508,154102,55820,52136,1.4274519248582755,0.2527953141516113
5871,0.588,10,37,10,451545,154065,55830,52126,1.427109192634036,0.2528044386030428
5872,0.5881,14,75,14,451620,153990,55844,52112,1.4264144651524695,0.25284567835343663
5873,0.5882,14,49,14,451669,153941,55858,52098,1.4259605765311794,0.2528550420066104
5874,0.5883,32,76,32,451745,153865,55890,52066,1.4252565860165252,0.2528322593490053
5875,0.5884,36,169,36,451914,153696,55926,52030,1.4236911334247286,0.25290920933669053
5876,0.5885,26,125,26,452039,153571,55952,52004,1.4225332542887843,0.2529685029794479
5877,0.5886,9,65,9,452104,153506,55961,51995,1.4219311571380933,0.2530158004097304
5878,0.5887,14,59,14,452163,153447,55975,51981,1.4213846381859276,0.2530375606051755
5879,0.5888,21,98,21,452261,153349,55996,51960,1.4204768609433474,0.25308193990521605
5880,0.5889,28,93,28,452354,153256,56024,51932,1.4196153988662048,0.25309472288827806
5881,0.589,29,139,29,452493,153117,56053,51903,1.4183278372670347,0.2531606672519754
5882,0.5891,28,101,28,452594,153016,56081,51875,1.4173922709251918,0.2531833999541219
5883,0.5892,45,145,45,452739,152871,56126,51830,1.4160491311274963,0.25319856766698745
5884,0.5893,32,112,32,452851,152759,56158,51798,1.4150116714216903,0.25322037378334644
5885,0.5894,16,75,16,452926,152684,56174,51782,1.4143169439401237,0.2532548198722526
5886,0.5895,38,92,38,453018,152592,56212,51744,1.4134647448960687,0.2532299741602067
5887,0.5896,13,45,13,453063,152547,56225,51731,1.4130479084071288,0.2532382341710806
5888,0.5897,29,108,29,453171,152439,56254,51702,1.412047500833673,0.2532661248842712
5889,0.5898,15,58,15,453229,152381,56269,51687,1.4115102449145949,0.2532832193190505
5890,0.5899,13,68,13,453297,152313,56282,51674,1.4108803586646412,0.2533200645139151
5891,0.59,9,53,9,453350,152260,56291,51665,1.4103894179110008,0.2533529483878877
5892,0.5901,22,87,22,453437,152173,56313,51643,1.4095835340323835,0.25338050005887663
5893,0.5902,21,71,21,453508,152102,56334,51622,1.4089258586831672,0.2533918438671929
5894,0.5903,37,147,37,453655,151955,56371,51585,1.4075641928192968,0.253439127444237
5895,0.5904,22,81,22,453736,151874,56393,51563,1.4068138871392049,0.25345930189690175
5896,0.5905,28,133,28,453869,151741,56421,51535,1.4055819037385602,0.2535223046498357
5897,0.5906,10,73,10,453942,151668,56431,51525,1.4049057023231688,0.253576648801878
5898,0.5907,15,67,15,454009,151601,56446,51510,1.4042850791063026,0.2536051715564396
5899,0.5908,22,110,22,454119,151491,56468,51488,1.4032661454666715,0.253661708846728
5900,0.5909,15,47,15,454166,151444,56483,51473,1.4028307829115565,0.25366529172026003
5901,0.591,22,88,22,454254,151356,56505,51451,1.4020156359998517,0.25369439910851205
5902,0.5911,30,121,30,454375,151235,56535,51421,1.4008948089962578,0.2537353939681036
5903,0.5912,17,67,17,454442,151168,56552,51404,1.4002741857793917,0.2537566889797208
5904,0.5913,19,87,19,454529,151081,56571,51385,1.3994683019007743,0.2537956990309484
5905,0.5914,21,123,21,454652,150958,56592,51364,1.3983289488310051,0.2538725398127737
5906,0.5915,6,33,6,454685,150925,56598,51358,1.3980232687391159,0.2538918248196833
5907,0.5916,35,136,35,454821,150789,56633,51323,1.3967634962392086,0.25393346263457883
5908,0.5917,12,62,12,454883,150727,56645,51311,1.3961891881877802,0.2539670755006484
5909,0.5918,10,59,10,454942,150668,56655,51301,1.3956426692356145,0.2540043273967787
5910,0.5919,8,55,8,454997,150613,56663,51293,1.395133202415799,0.2540439610511822
5911,0.592,47,170,47,455167,150443,56710,51246,1.3935584867909148,0.2540842584374953
5912,0.5921,17,86,17,455253,150357,56727,51229,1.392761865945385,0.25412975107398333
5913,0.5922,13,73,13,455326,150284,56740,51216,1.3920856645299937,0.25417369727047145
5914,0.5923,11,57,11,455383,150227,56751,51205,1.391557671644003,0.25420489296636084
5915,0.5924,31,134,31,455517,150093,56782,51174,1.3903164252102709,0.2542592675401333
5916,0.5925,31,102,31,455619,149991,56813,51143,1.3893715958353403,0.2542732705559478
5917,0.5926,24,132,24,455751,149859,56837,51119,1.388148875467783,0.2543512225218681
5918,0.5927,11,72,11,455823,149787,56848,51108,1.3874819370854792,0.2544015530501008
5919,0.5928,13,61,13,455884,149726,56861,51095,1.3869168920671384,0.2544305625407701
5920,0.5929,16,70,16,455954,149656,56877,51079,1.3862684797510096,0.2544598600144469
5921,0.593,14,65,14,456019,149591,56891,51065,1.3856663826003186,0.2544902719081413
5922,0.5931,22,125,22,456144,149466,56913,51043,1.3845085034643745,0.2545671266626436
5923,0.5932,20,139,20,456283,149327,56933,51023,1.3832209418652044,0.25466932867481906
5924,0.5933,22,101,22,456384,149226,56955,51001,1.3822853755233613,0.254715897456387
5925,0.5934,2,21,2,456405,149205,56957,50999,1.3820908518285226,0.254735170126471
5926,0.5935,53,181,53,456586,149024,57010,50946,1.3804142428396755,0.2547682152322848
5927,0.5936,16,101,16,456687,148923,57026,50930,1.3794786764978324,0.2548373054194833
5928,0.5937,22,51,22,456738,148872,57048,50908,1.3790062618103671,0.2548203023325658
5929,0.5938,19,114,19,456852,148758,57067,50889,1.377950276038386,0.2548948894799321
5930,0.5939,20,100,20,456952,148658,57087,50869,1.3770239727296305,0.2549479519062583
5931,0.594,21,73,21,457025,148585,57108,50848,1.3763477713142391,0.2549628195935477
5932,0.5941,48,159,48,457184,148426,57156,50800,1.374874949053318,0.2549867989117886
5933,0.5942,22,105,22,457289,148321,57178,50778,1.373902330579125,0.2550389504718758
5934,0.5943,17,69,17,457358,148252,57195,50761,1.3732631812960836,0.25506373955470246
5935,0.5944,20,102,20,457460,148150,57215,50741,1.372318351921153,0.2551196383948997
5936,0.5945,18,102,18,457562,148048,57233,50723,1.3713735225462225,0.25518310015042434
5937,0.5946,31,134,31,457696,147914,57264,50692,1.3701322761124903,0.25523901594110954
5938,0.5947,24,113,24,457809,147801,57288,50668,1.3690855533735966,0.2552942776957611
5939,0.5948,16,67,16,457876,147734,57304,50652,1.3684649301567304,0.2553204359178571
5940,0.5949,13,95,13,457971,147639,57317,50639,1.367584942013413,0.2553939418392358
5941,0.595,28,125,28,458096,147514,57345,50611,1.3664270628774686,0.25544984227129336
5942,0.5951,11,54,11,458150,147460,57356,50600,1.3659268590907407,0.25547813793799856
5943,0.5952,27,95,27,458245,147365,57383,50573,1.365046870947423,0.2554991967181643
5944,0.5953,23,95,23,458340,147270,57406,50550,1.3641668828041054,0.25553533515316956
5945,0.5954,13,93,13,458433,147177,57419,50537,1.3633054207269628,0.2556065832465076
5946,0.5955,28,95,28,458528,147082,57447,50509,1.3624254325836451,0.2556239909712487
5947,0.5956,25,83,25,458611,146999,57472,50484,1.3616566008373783,0.25563719408759233
5948,0.5957,16,91,16,458702,146908,57488,50468,1.3608136648264109,0.2556947146562905
5949,0.5958,14,41,14,458743,146867,57502,50454,1.360433880469821,0.2556950349937412
5950,0.5959,14,76,14,458819,146791,57516,50440,1.3597298899551669,0.2557407304125619
5951,0.596,22,73,22,458892,146718,57538,50418,1.3590536885397755,0.25575237399561723
5952,0.5961,5,23,5,458915,146695,57543,50413,1.3588406387787617,0.2557633378655356
5953,0.5962,13,55,13,458970,146640,57556,50400,1.3583311719589461,0.2557856272838002
5954,0.5963,34,141,34,459111,146499,57590,50366,1.3570250842936011,0.2558402966499886
5955,0.5964,24,129,24,459240,146370,57614,50342,1.3558301530253065,0.2559172800845907
5956,0.5965,22,69,22,459309,146301,57636,50320,1.3551910037422654,0.2559238331612595
5957,0.5966,23,120,23,459429,146181,57659,50297,1.3540794397717588,0.2559930373884099
5958,0.5967,11,69,11,459498,146112,57670,50286,1.3534402904887177,0.2560413038829316
5959,0.5968,17,47,17,459545,146065,57687,50269,1.3530049279336025,0.25603817983640126
5960,0.5969,21,92,21,459637,145973,57708,50248,1.3521527288895476,0.2560786052461255
5961,0.597,14,73,14,459710,145900,57722,50234,1.351476527474156,0.25612081536092673
5962,0.5971,24,81,24,459791,145819,57746,50210,1.3507262217940643,0.2561355717776451
5963,0.5972,26,114,26,459905,145705,57772,50184,1.3496702360220831,0.2561859011991485
5964,0.5973,16,66,16,459971,145639,57788,50168,1.3490588758383044,0.2562114735428253
5965,0.5974,33,115,33,460086,145524,57821,50135,1.3479936270332358,0.25623661574473955
5966,0.5975,41,167,41,460253,145357,57862,50094,1.3464467005076142,0.2562995328752475
5967,0.5976,17,74,17,460327,145283,57879,50077,1.3457612360591351,0.2563319000819001
5968,0.5977,29,121,29,460448,145162,57908,50048,1.344640409055541,0.2563803083858409
5969,0.5978,20,86,20,460534,145076,57928,50028,1.3438437882100114,0.25641709037231425
5970,0.5979,25,82,25,460616,144994,57953,50003,1.343084219496832,0.25642958609619637
5971,0.598,39,119,39,460735,144875,57992,49964,1.341981918559413,0.25643736623571256
5972,0.5981,13,36,13,460771,144839,58005,49951,1.3416484493682612,0.2564351352738847
5973,0.5982,35,129,35,460900,144710,58040,49916,1.3404535180999666,0.25647138614573595
5974,0.5983,15,62,15,460962,144648,58055,49901,1.3398792100485384,0.256495792833682
5975,0.5984,26,84,26,461046,144564,58081,49875,1.3391011152691839,0.25650718220110164
5976,0.5985,14,65,14,461111,144499,58095,49861,1.3384990181184928,0.2565394114015229
5977,0.5986,11,68,11,461179,144431,58106,49850,1.337869131868539,0.25658710836365883
5978,0.5987,46,189,46,461368,144242,58152,49804,1.3361184186149913,0.25666079177102336
5979,0.5988,22,77,22,461445,144165,58174,49782,1.3354051650672496,0.25667837089514145
5980,0.5989,33,147,33,461592,144018,58207,49749,1.3340434992033792,0.25674650482280265
5981,0.599,10,48,10,461640,143970,58217,49739,1.3335988736151765,0.25677175557150156
5982,0.5991,22,124,22,461764,143846,58239,49717,1.3324502575123198,0.2568517743577027
5983,0.5992,11,60,11,461824,143786,58250,49706,1.3318944755270665,0.2568891737126083
5984,0.5993,28,83,28,461907,143703,58278,49678,1.3311256437807997,0.25689183528888565
5985,0.5994,21,97,21,462004,143606,58299,49657,1.3302271295713068,0.25694002473313565
5986,0.5995,26,91,26,462095,143515,58325,49631,1.3293841935603394,0.25696105536744224
5987,0.5996,27,100,27,462195,143415,58352,49604,1.328457890251584,0.25699024448370367
5988,0.5997,15,68,15,462263,143347,58367,49589,1.3278280040016304,0.25702305427706595
5989,0.5998,21,74,21,462337,143273,58388,49568,1.3271425395531513,0.2570407745240898
5990,0.5999,32,153,32,462490,143120,58420,49536,1.3257252954907555,0.2571215015364172
5991,0.6,19,88,19,462578,143032,58439,49517,1.3249101485790507,0.2571657084690131
5992,0.6001,13,46,13,462624,142986,58452,49504,1.3244840490570233,0.2571769962075952
5993,0.6002,11,64,11,462688,142922,58463,49493,1.3238912149394197,0.25722007120027024
5994,0.6003,18,57,18,462745,142865,58481,49475,1.3233632220534293,0.2572267858999688
5995,0.6004,33,123,33,462868,142742,58514,49442,1.32222386898366,0.2572638721225492
5996,0.6005,19,84,19,462952,142658,58533,49423,1.3214457742043055,0.25730290866873873
5997,0.6006,13,53,13,463005,142605,58546,49410,1.3209548334506651,0.25732364659011014
5998,0.6007,6,68,6,463073,142537,58552,49404,1.3203249472007115,0.257391594291996
5999,0.6008,12,55,12,463128,142482,58564,49392,1.319815480380896,0.25741893117358267
6000,0.6009,31,81,31,463209,142401,58595,49361,1.319065174700804,0.25740761986212074
6001,0.601,27,99,27,463308,142302,58622,49334,1.3181481344251362,0.25743597236427396
6002,0.6011,22,92,22,463400,142210,58644,49312,1.3172959353810811,0.2574743371518677
6003,0.6012,13,53,13,463453,142157,58657,49299,1.3168049946274407,0.25749519471836874
6004,0.6013,7,58,7,463511,142099,58664,49292,1.3162677387083626,0.2575460706093808
6005,0.6014,8,47,8,463558,142052,58672,49284,1.3158323761532476,0.2575782915917548
6006,0.6015,21,83,21,463641,141969,58693,49263,1.3150635444069807,0.2576085592369478
6007,0.6016,41,203,41,463844,141766,58734,49222,1.313183148690207,0.2577229983035583
6008,0.6017,5,30,5,463874,141736,58739,49217,1.3129052576975806,0.257744052201327
6009,0.6018,18,67,18,463941,141669,58757,49199,1.3122846344807144,0.2577645283651529
6010,0.6019,13,99,13,464040,141570,58770,49186,1.3113675942050464,0.25784772169682735
6011,0.602,13,58,13,464098,141512,58783,49173,1.3108303382859683,0.2578755539240108
6012,0.6021,41,155,41,464253,141357,58824,49132,1.3093945681573975,0.25792565449973487
6013,0.6022,32,186,32,464439,141171,58856,49100,1.3076716440031124,0.2580529875808715
6014,0.6023,21,137,21,464576,141034,58877,49079,1.3064026084701175,0.25815699084228855
6015,0.6024,12,80,12,464656,140954,58889,49067,1.3056615658231132,0.2582188284452771
6016,0.6025,19,61,19,464717,140893,58908,49048,1.3050965208047722,0.2582275548723025
6017,0.6026,40,144,40,464861,140749,58948,49008,1.3037626440401646,0.25826715219991886
6018,0.6027,25,91,25,464952,140658,58973,48983,1.302919708029197,0.25829330155398883
6019,0.6028,21,98,21,465050,140560,58994,48962,1.3020119307866167,0.25834467766275154
6020,0.6029,23,101,23,465151,140459,59017,48939,1.3010763644447738,0.25839238006737136
6021,0.603,8,54,8,465205,140405,59025,48931,1.300576160658046,0.25843474035576963
6022,0.6031,18,85,18,465290,140320,59043,48913,1.2997888028456037,0.2584802862080081
6023,0.6032,18,83,18,465373,140237,59061,48895,1.2990199710993369,0.25852314785440855
6024,0.6033,26,83,26,465456,140154,59087,48869,1.2982511393530698,0.2585346756743888
6025,0.6034,12,53,12,465509,140101,59099,48857,1.2977601985994294,0.2585601033033796
6026,0.6035,17,90,17,465599,140011,59116,48840,1.2969265256215494,0.25861658132601895
6027,0.6036,4,38,4,465637,139973,59120,48836,1.2965745303642224,0.2586529243839012
6028,0.6037,13,57,13,465694,139916,59133,48823,1.296046537478232,0.25867997605158444
6029,0.6038,31,91,31,465785,139825,59164,48792,1.2952036014672645,0.25868293950174165
6030,0.6039,21,64,21,465849,139761,59185,48771,1.294610767349661,0.2586881802558717
6031,0.604,23,83,23,465932,139678,59208,48748,1.2938419356033939,0.25871164276692177
6032,0.6041,6,42,6,465974,139636,59214,48742,1.2934528882137166,0.25874571340602404
6033,0.6042,21,104,21,466078,139532,59235,48721,1.2924895327726111,0.258805968563582
6034,0.6043,26,75,26,466153,139457,59261,48695,1.2917948052910444,0.25880670946894
6035,0.6044,13,74,13,466227,139383,59274,48682,1.2911093408425656,0.25885730997261586
6036,0.6045,12,68,12,466295,139315,59286,48670,1.2904794545926117,0.25890363592839855
6037,0.6046,31,67,31,466362,139248,59317,48639,1.2898588313757458,0.25887368471474875
6038,0.6047,24,100,24,466462,139148,59341,48615,1.2889325280669903,0.25891682599873245
6039,0.6048,20,71,20,466533,139077,59361,48595,1.2882748527177739,0.2589358028901488
6040,0.6049,24,123,24,466656,138954,59385,48571,1.2871354996480047,0.259010798560192
6041,0.605,22,89,22,466745,138865,59407,48549,1.2863110897032124,0.2590468161396694
6042,0.6051,29,101,29,466846,138764,59436,48520,1.2853755233613695,0.2590717840285342
6043,0.6052,22,83,22,466929,138681,59458,48498,1.2846066916151024,0.25909957847835496
6044,0.6053,16,48,16,466977,138633,59474,48482,1.2841620660268998,0.2591026908585629
6045,0.6054,15,53,15,467030,138580,59489,48467,1.2836711252732596,0.2591166925959785
6046,0.6055,36,125,36,467155,138455,59525,48431,1.2825132461373152,0.25914728765129547
6047,0.6056,28,67,28,467222,138388,59553,48403,1.281892622920449,0.2591291871664052
6048,0.6057,36,90,36,467312,138298,59589,48367,1.2810589499425693,0.2591112420646613
6049,0.6058,13,66,13,467378,138232,59602,48354,1.2804475897587906,0.25915127608716626
6050,0.6059,23,82,23,467460,138150,59625,48331,1.2796880210456112,0.2591738568540495
6051,0.606,7,23,7,467483,138127,59632,48324,1.2794749712845974,0.2591780145990099
6052,0.6061,19,110,19,467593,138017,59651,48305,1.2784560376449665,0.2592554824443705
6053,0.6062,11,71,11,467664,137946,59662,48294,1.27779836229575,0.2593105670103093
6054,0.6063,25,127,25,467791,137819,59687,48269,1.2766219570936308,0.2593880314689824
6055,0.6064,34,111,34,467902,137708,59721,48235,1.2755937604209122,0.2594074528215636
6056,0.6065,13,68,13,467970,137640,59734,48222,1.2749638741709586,0.2594505600929722
6057,0.6066,30,109,30,468079,137531,59764,48192,1.2739542035644151,0.2594832088648148
6058,0.6067,12,50,12,468129,137481,59776,48180,1.2734910519100375,0.2595052272690549
6059,0.6068,26,33,26,468162,137448,59802,48154,1.273185371818148,0.25944763526255105
6060,0.6069,22,95,22,468257,137353,59824,48132,1.2723053836748306,0.25949268134889614
6061,0.607,26,67,26,468324,137286,59850,48106,1.2716847604579644,0.2594826098213515
6062,0.6071,26,153,26,468477,137133,59876,48080,1.2702675163955686,0.2595930091300287
6063,0.6072,27,105,27,468582,137028,59903,48053,1.2692948979213754,0.25963226911460385
6064,0.6073,7,41,7,468623,136987,59910,48046,1.2689151135647856,0.25966179005907053
6065,0.6074,24,66,24,468689,136921,59934,48022,1.268303753381007,0.25965838123097384
6066,0.6075,24,106,24,468795,136815,59958,47998,1.2673218718737262,0.25971116750445045
6067,0.6076,35,143,35,468938,136672,59993,47963,1.265997258142206,0.2597719825601863
6068,0.6077,11,69,11,469007,136603,60004,47952,1.2653581088591648,0.25982498442198804
6069,0.6078,12,76,12,469083,136527,60016,47940,1.2646541183445108,0.2598838816698922
6070,0.6079,10,59,10,469142,136468,60026,47930,1.264107599392345,0.2599268972548509
6071,0.608,22,83,22,469225,136385,60048,47908,1.263338767646078,0.25995561415788987
6072,0.6081,43,133,43,469358,136252,60091,47865,1.2621067842454334,0.25997056219686393
6073,0.6082,18,44,18,469402,136208,60109,47847,1.261699210789581,0.25996033794246287
6074,0.6083,29,80,29,469482,136128,60138,47818,1.2609581681425766,0.2599567264305829
6075,0.6084,21,99,21,469581,136029,60159,47797,1.2600411278669088,0.2600121854362277
6076,0.6085,17,129,17,469710,135900,60176,47780,1.2588461965986142,0.2601263066202091
6077,0.6086,17,58,17,469768,135842,60193,47763,1.258308940679536,0.2601399744015686
6078,0.6087,29,117,29,469885,135725,60222,47734,1.2572251658082922,0.26018892504592306
6079,0.6088,33,153,33,470038,135572,60255,47701,1.2558079217458964,0.26027292618116143
6080,0.6089,8,49,8,470087,135523,60263,47693,1.2553540331246063,0.2603102349139813
6081,0.609,10,54,10,470141,135469,60273,47683,1.2548538293378784,0.2603465973617542
6082,0.6091,13,77,13,470218,135392,60286,47670,1.2541405757901367,0.2604035791152724
6083,0.6092,13,67,13,470285,135325,60299,47657,1.2535199525732705,0.2604463827043097
6084,0.6093,26,113,26,470398,135212,60325,47631,1.252473229834377,0.260502179465443
6085,0.6094,9,81,9,470479,135131,60334,47622,1.251722924154285,0.26058122164889225
6086,0.6095,16,65,16,470544,135066,60350,47606,1.251120827003594,0.2606091792940352
6087,0.6096,26,125,26,470669,134941,60376,47580,1.2499629478676497,0.26068233244393796
6088,0.6097,40,113,40,470782,134828,60416,47540,1.2489162251287562,0.2606816985436041
6089,0.6098,15,87,15,470869,134741,60431,47525,1.2481103412501389,0.26074528436461
6090,0.6099,16,70,16,470939,134671,60447,47509,1.24746192893401,0.26078054671204304
6091,0.61,43,181,43,471120,134490,60490,47466,1.245785319945163,0.2608652641297896
6092,0.6101,17,76,17,471196,134414,60507,47449,1.2450813294305088,0.2609051868714362
6093,0.6102,12,75,12,471271,134339,60519,47437,1.2443866019489422,0.2609640436581287
6094,0.6103,14,64,14,471335,134275,60533,47423,1.2437937678313387,0.260999020352453
6095,0.6104,23,85,23,471420,134190,60556,47400,1.2430064100188967,0.26102758962497935
6096,0.6105,25,125,25,471545,134065,60581,47375,1.2418485308829523,0.2611055996472663
6097,0.6106,31,111,31,471656,133954,60612,47344,1.2408203342102337,0.2611391190195148
6098,0.6107,17,51,17,471707,133903,60629,47327,1.2403479195227685,0.2611432985708768
6099,0.6108,25,111,25,471818,133792,60654,47302,1.23931972285005,0.26120136503694213
6100,0.6109,26,92,26,471910,133700,60680,47276,1.238467523805995,0.2612280081336752
6101,0.611,14,64,14,471974,133636,60694,47262,1.2378746896883916,0.2612632533250782
6102,0.6111,37,117,37,472091,133519,60731,47225,1.2367909148171476,0.26128114902846017
6103,0.6112,36,147,36,472238,133372,60767,47189,1.2354292489532772,0.2613465809338672
6104,0.6113,23,84,23,472322,133288,60790,47166,1.2346511541739227,0.2613740897957374
6105,0.6114,39,132,39,472454,133156,60829,47127,1.2334284338063655,0.2614056788493646
6106,0.6115,34,107,34,472561,133049,60863,47093,1.2324372892659972,0.26142154522543326
6107,0.6116,29,102,29,472663,132947,60892,47064,1.2314924598910668,0.2614506891245535
6108,0.6117,11,54,11,472717,132893,60903,47053,1.2309922561043387,0.26148400075578226
6109,0.6118,19,64,19,472781,132829,60922,47034,1.2303994219867354,0.2614990298171386
6110,0.6119,21,122,21,472903,132707,60943,47013,1.2292693319500538,0.26159025150233695
6111,0.612,11,83,11,472986,132624,60954,47002,1.2285005002037868,0.26166590582655075
6112,0.6121,17,51,17,473037,132573,60971,46985,1.2280280855163215,0.26167032379509686
6113,0.6122,47,119,47,473156,132454,61018,46938,1.2269257845789026,0.2616504637887977
6114,0.6123,23,110,23,473266,132344,61041,46915,1.2259068509392717,0.2617162876062011
6115,0.6124,21,81,21,473347,132263,61062,46894,1.2251565452591797,0.2617480757101313
6116,0.6125,18,120,18,473467,132143,61080,46876,1.2240449812886731,0.26184930091219366
6117,0.6126,32,146,32,473613,131997,61112,46844,1.2226925784578901,0.26193098897903727
6118,0.6127,32,103,32,473716,131894,61144,46812,1.2217384860498721,0.26194979463476326
6119,0.6128,26,138,26,473854,131756,61170,46786,1.2204601874837897,0.26204478498056477
6120,0.6129,23,86,23,473940,131670,61193,46763,1.21966356663826,0.2620759612851883
6121,0.613,7,33,7,473973,131637,61200,46756,1.2193578865463708,0.26209548580942077
6122,0.6131,27,89,27,474062,131548,61227,46729,1.2185334766015785,0.26211457451045284
6123,0.6132,18,80,18,474142,131468,61245,46711,1.217792433954574,0.2621577178006387
6124,0.6133,13,56,13,474198,131412,61258,46698,1.217273704101671,0.26218628937173655
6125,0.6134,15,89,15,474287,131323,61273,46683,1.2164492941568787,0.26225520488073434
6126,0.6135,10,72,10,474359,131251,61283,46673,1.2157823557745748,0.26231986690946696
6127,0.6136,16,46,16,474405,131205,61299,46657,1.2153562562525473,0.26232135026031417
6128,0.6137,19,91,19,474496,131114,61318,46638,1.2145133202415799,0.2623767946352221
6129,0.6138,16,64,16,474560,131050,61334,46622,1.2139204861239765,0.26240488090413794
6130,0.6139,18,92,18,474652,130958,61352,46604,1.2130682870799214,0.2624660681902659
6131,0.614,40,133,40,474785,130825,61392,46564,1.2118363036792767,0.26249654713651915
6132,0.6141,10,53,10,474838,130772,61402,46554,1.2113453629256363,0.2625334130358774
6133,0.6142,33,140,33,474978,130632,61435,46521,1.2100485382933788,0.262603512218252
6134,0.6143,9,63,9,475041,130569,61444,46512,1.2094649672088629,0.2626594609246616
6135,0.6144,9,34,9,475075,130535,61453,46503,1.209150024083886,0.26267242061026447
6136,0.6145,9,63,9,475138,130472,61462,46494,1.20856645299937,0.26272843371043025
6137,0.6146,27,121,27,475259,130351,61489,46467,1.207445625995776,0.2627956429775249
6138,0.6147,7,80,7,475339,130271,61496,46460,1.2067045833487717,0.26288540210828887
6139,0.6148,15,31,15,475370,130240,61511,46445,1.2064174293230576,0.26286894756204543
6140,0.6149,8,43,8,475413,130197,61519,46437,1.2060191189002927,0.26289955501205886
6141,0.615,43,119,43,475532,130078,61562,46394,1.2049168179628738,0.2628972301554921
6142,0.6151,32,127,32,475659,129951,61594,46362,1.2037404127607543,0.26295281686546085
6143,0.6152,9,65,9,475724,129886,61603,46353,1.2031383156100635,0.26301215962414676
6144,0.6153,33,135,33,475859,129751,61636,46320,1.2018878061432436,0.26307569105644885
6145,0.6154,25,84,25,475943,129667,61661,46295,1.2011097113638889,0.2630965776701788
6146,0.6155,6,45,6,475988,129622,61667,46289,1.200692874874949,0.2631387462978438
6147,0.6156,27,102,27,476090,129520,61694,46262,1.1997480455000185,0.2631782548838903
6148,0.6157,24,72,24,476162,129448,61718,46238,1.1990811071177145,0.2631854558701319
6149,0.6158,15,47,15,476209,129401,61733,46223,1.1986457445625995,0.2631929576823213
6150,0.6159,21,65,21,476274,129336,61754,46202,1.1980436474119085,0.263202269594048
6151,0.616,29,70,29,476344,129266,61783,46173,1.1973952350957797,0.2631854946733623
6152,0.6161,19,62,19,476406,129204,61802,46154,1.1968209270443515,0.26319871348897683
6153,0.6162,33,119,33,476525,129085,61835,46121,1.1957186261069324,0.2632387018709405
6154,0.6163,18,109,18,476634,128976,61853,46103,1.1947089555003891,0.2633268410260511
6155,0.6164,32,123,32,476757,128853,61885,46071,1.19356960243062,0.26337723811483843
6156,0.6165,22,84,22,476841,128769,61907,46049,1.1927915076512654,0.2634110903911496
6157,0.6166,4,26,4,476867,128743,61911,46045,1.192550668790989,0.26343341648168067
6158,0.6167,35,112,35,476979,128631,61946,46010,1.1915132090851828,0.26345474430402943
6159,0.6168,24,85,24,477064,128546,61970,45986,1.1907258512727408,0.2634817683863131
6160,0.6169,18,86,18,477150,128460,61988,45968,1.189929230427211,0.2635356708785287
6161,0.617,11,63,11,477213,128397,61999,45957,1.1893456593426952,0.2635844316734919
6162,0.6171,51,108,51,477321,128289,62050,45906,1.1883452517692392,0.26353224834237493
6163,0.6172,17,100,17,477421,128189,62067,45889,1.1874189484604838,0.2636117142889969
6164,0.6173,19,54,19,477475,128135,62086,45870,1.186918744673756,0.2636131145656734
6165,0.6174,15,71,15,477546,128064,62101,45855,1.1862610693245397,0.2636572197402239
6166,0.6175,21,105,21,477651,127959,62122,45834,1.1852884508503465,0.2637275379330583
6167,0.6176,21,80,21,477731,127879,62143,45813,1.184547408203342,0.2637599889459503
6168,0.6177,14,64,14,477795,127815,62157,45799,1.1839545740857387,0.2637978504037693
6169,0.6178,22,84,22,477879,127731,62179,45777,1.1831764793063841,0.263832215229269
6170,0.6179,22,48,22,477927,127683,62201,45755,1.1827318537181815,0.26381185207394
6171,0.618,9,29,9,477956,127654,62210,45746,1.1824632257586425,0.2638177623990773
6172,0.6181,24,144,24,478100,127510,62234,45722,1.1811293489940347,0.26393506973307473
6173,0.6182,21,77,21,478177,127433,62255,45701,1.180416095446293,0.263963173033604
6174,0.6183,18,86,18,478263,127347,62273,45683,1.1796194746007633,0.26401780038143674
6175,0.6184,28,70,28,478333,127277,62301,45655,1.1789710622846346,0.26400550505400966
6176,0.6185,12,60,12,478393,127217,62313,45643,1.1784152802993813,0.26404604882563926
6177,0.6186,20,75,20,478468,127142,62333,45623,1.1777205528178147,0.26407547825080313
6178,0.6187,15,52,15,478520,127090,62348,45608,1.1772388750972618,0.2640910722764595
6179,0.6188,21,92,21,478612,126998,62369,45587,1.176386676053207,0.2641423066894574
6180,0.6189,28,105,28,478717,126893,62397,45559,1.1754140575790137,0.2641836569016306
6181,0.619,7,36,7,478753,126857,62404,45552,1.1750805883878617,0.26420894500867126
6182,0.6191,17,83,17,478836,126774,62421,45535,1.1743117566415948,0.2642636194278883
6183,0.6192,18,84,18,478920,126690,62439,45517,1.17353366186224,0.2643156201548137
6184,0.6193,9,42,9,478962,126648,62448,45508,1.1731446144725628,0.2643416436255489
6185,0.6194,23,113,23,479075,126535,62471,45485,1.1720978917336693,0.2644169282641553
6186,0.6195,11,62,11,479137,126473,62482,45474,1.1715235836822409,0.26446521311799565
6187,0.6196,20,83,20,479220,126390,62502,45454,1.170754751935974,0.26450734387002167
6188,0.6197,30,133,30,479353,126257,62532,45424,1.169522768535329,0.26458373378533445
6189,0.6198,8,32,8,479385,126225,62540,45416,1.1692263514765275,0.2645987846726598
6190,0.6199,25,84,25,479469,126141,62565,45391,1.168448256697173,0.2646211785556048
6191,0.62,25,83,25,479552,126058,62590,45366,1.167679424950906,0.2646420571215232
6192,0.6201,29,100,29,479652,125958,62619,45337,1.1667531216421505,0.2646720569777285
6193,0.6202,31,104,31,479756,125854,62650,45306,1.1657897662010448,0.2646996961906988
6194,0.6203,29,97,29,479853,125757,62679,45277,1.1648912519915522,0.26472514236935346
6195,0.6204,20,60,20,479913,125697,62699,45257,1.164335470006299,0.26473203317851585
6196,0.6205,31,141,31,480054,125556,62730,45226,1.1630293823409537,0.2648171352952887
6197,0.6206,14,36,14,480090,125520,62744,45212,1.1626959131498018,0.26481268889253334
6198,0.6207,21,55,21,480145,125465,62765,45191,1.1621864463299862,0.26480756609788114
6199,0.6208,50,135,50,480280,125330,62815,45141,1.1609359368631664,0.2648016378152296
6200,0.6209,24,74,24,480354,125256,62839,45117,1.1602504724146874,0.2648130865806202
6201,0.621,10,62,10,480416,125194,62849,45107,1.1596761643632592,0.26486632491882023
6202,0.6211,27,80,27,480496,125114,62876,45080,1.1589351217162547,0.2648742023808125
6203,0.6212,13,77,13,480573,125037,62889,45067,1.158221868168513,0.2649379203310916
6204,0.6213,28,155,28,480728,124882,62917,45039,1.1567860980399423,0.2650584683470554
6205,0.6214,37,131,37,480859,124751,62954,45002,1.1555726407054725,0.2651028258705295
6206,0.6215,22,38,22,480897,124713,62976,44980,1.1552206454481455,0.2650669149581892
6207,0.6216,13,38,13,480935,124675,62989,44967,1.1548686501908185,0.26506997087985285
6208,0.6217,9,61,9,480996,124614,62998,44958,1.1543036051724778,0.2651263180242021
6209,0.6218,29,123,29,481119,124491,63027,44929,1.1531642521027086,0.26519301145083224
6210,0.6219,28,98,28,481217,124393,63055,44901,1.1522564748601283,0.26522499320708354
6211,0.622,17,87,17,481304,124306,63072,44884,1.151450590981511,0.2652875465453041
6212,0.6221,18,49,18,481353,124257,63090,44866,1.1509967023602208,0.26528621181033923
6213,0.6222,25,111,25,481464,124146,63115,44841,1.1499685056875024,0.2653517726215626
6214,0.6223,29,97,29,481561,124049,63144,44812,1.1490699914780096,0.2653780328198933
6215,0.6224,23,94,23,481655,123955,63167,44789,1.1481992663677794,0.26542573365571515
6216,0.6225,25,109,25,481764,123846,63192,44764,1.1471895957612361,0.2654884051954214
6217,0.6226,17,62,17,481826,123784,63209,44747,1.1466152877098077,0.2655119829586248
6218,0.6227,17,65,17,481891,123719,63226,44730,1.1460131905591167,0.26554031190449334
6219,0.6228,14,68,14,481959,123651,63240,44716,1.145383304309163,0.26558648666306345
6220,0.6229,20,81,20,482040,123570,63260,44696,1.144632998629071,0.26562704289636646
6221,0.623,20,99,20,482139,123471,63280,44676,1.1437159583534033,0.2656960873521383
6222,0.6231,31,110,31,482249,123361,63311,44645,1.1426970247137722,0.2657345570991512
6223,0.6232,18,94,18,482343,123267,63329,44627,1.1418262996035422,0.26580461481649137
6224,0.6233,17,100,17,482443,123167,63346,44610,1.1408999962947868,0.26588864981493293
6225,0.6234,25,91,25,482534,123076,63371,44585,1.1400570602838194,0.2659235003966337
6226,0.6235,27,107,27,482641,122969,63398,44558,1.139065915743451,0.26597503685973006
6227,0.6236,44,146,44,482787,122823,63442,44514,1.137713512912668,0.2660140913246921
6228,0.6237,16,84,16,482871,122739,63458,44498,1.1369354181333136,0.2660774828536747
6229,0.6238,22,118,22,482989,122621,63480,44476,1.135842380228982,0.2661687522816089
6230,0.6239,27,137,27,483126,122484,63507,44449,1.1345733446959874,0.2662685029323142
6231,0.624,19,94,19,483220,122390,63526,44430,1.1337026195857571,0.26633497182592014
6232,0.6241,24,92,24,483312,122298,63550,44406,1.1328504205417023,0.26637633170169883
6233,0.6242,11,38,11,483350,122260,63561,44395,1.132498425284375,0.26638864720530436
6234,0.6243,14,65,14,483415,122195,63575,44381,1.131896328133684,0.2664309384305062
6235,0.6244,19,55,19,483470,122140,63594,44362,1.1313868613138687,0.266435238015159
6236,0.6245,46,125,46,483595,122015,63640,44316,1.1302289821779243,0.2664325952468271
6237,0.6246,9,59,9,483654,121956,63649,44307,1.1296824632257587,0.26648743256166435
6238,0.6247,18,73,18,483727,121883,63667,44289,1.1290062618103671,0.26652504633752977
6239,0.6248,20,76,20,483803,121807,63687,44269,1.1283022712957131,0.26655868397601096
6240,0.6249,40,160,40,483963,121647,63727,44229,1.1268201860017044,0.26663893510815306
6241,0.625,29,145,29,484108,121502,63756,44200,1.1254770462040091,0.2667439137729177
6242,0.6251,23,108,23,484216,121394,63779,44177,1.1244766386305531,0.2668160487041813
6243,0.6252,30,133,30,484349,121261,63809,44147,1.1232446552299085,0.2668976107564326
6244,0.6253,24,106,24,484455,121155,63833,44123,1.1222627737226278,0.2669623301346822
6245,0.6254,12,46,12,484501,121109,63845,44111,1.1218366742006003,0.26698341605132553
6246,0.6255,22,111,22,484612,120998,63867,44089,1.1208084775278817,0.2670652443862933
6247,0.6256,15,61,15,484673,120937,63882,44074,1.120243432509541,0.26709734502548316
6248,0.6257,22,130,22,484803,120807,63904,44052,1.1190392382081589,0.26721016141066
6249,0.6258,30,88,30,484891,120719,63934,44022,1.118224091296454,0.26721945356650745
6250,0.6259,50,181,50,485072,120538,63984,43972,1.1165474823076067,0.26729074220412136
6251,0.626,23,104,23,485176,120434,64007,43949,1.1155841268665012,0.26735733013754465
6252,0.6261,15,41,15,485217,120393,64022,43934,1.1152043425099114,0.26735715980940444
6253,0.6262,11,67,11,485284,120326,64033,43923,1.1145837192930452,0.2674171532246772
6254,0.6263,52,171,52,485455,120155,64085,43871,1.1129997406350736,0.26746369478009585
6255,0.6264,19,56,19,485511,120099,64104,43852,1.1124810107821705,0.2674701587669487
6256,0.6265,21,81,21,485592,120018,64125,43831,1.1117307051020786,0.26750849867866144
6257,0.6266,58,220,58,485812,119798,64183,43773,1.1096928378228168,0.2676085614198116
6258,0.6267,39,107,39,485919,119691,64222,43734,1.1087016932824485,0.2676089949518128
6259,0.6268,7,48,7,485967,119643,64229,43727,1.1082570676942458,0.26765624043582054
6260,0.6269,11,62,11,486029,119581,64240,43716,1.1076827596428174,0.2677085310814038
6261,0.627,22,88,22,486117,119493,64262,43694,1.1068676127311128,0.26775417159455106
6262,0.6271,11,29,11,486146,119464,64273,43683,1.1065989847715736,0.26775239507928433
6263,0.6272,19,88,19,486234,119376,64292,43664,1.1057838378598688,0.2678115799803729
6264,0.6273,34,143,34,486377,119233,64326,43630,1.1044592241283486,0.2678938739922512
6265,0.6274,15,52,15,486429,119181,64341,43615,1.1039775464077957,0.2679119880095334
6266,0.6275,18,92,18,486521,119089,64359,43597,1.1031253473637408,0.26798249388392364
6267,0.6276,15,58,15,486579,119031,64374,43582,1.1025880914446626,0.2680105526618413
6268,0.6277,13,72,13,486651,118959,64387,43569,1.1019211530623587,0.26807073242764323
6269,0.6278,13,51,13,486702,118908,64400,43556,1.1014487383748934,0.2680963167224739
6270,0.6279,23,79,23,486781,118829,64423,43533,1.1007169587609766,0.2681230829873985
6271,0.628,24,101,24,486882,118728,64447,43509,1.0997813924191338,0.26818173412969915
6272,0.6281,10,70,10,486952,118658,64457,43499,1.099132980103005,0.268252372700531
6273,0.6282,14,42,14,486994,118616,64471,43485,1.0987439327133277,0.268258678231473
6274,0.6283,17,87,17,487081,118529,64488,43468,1.0979380488347104,0.26832595665351827
6275,0.6284,16,49,16,487130,118480,64504,43452,1.0974841602134202,0.26833485660647677
6276,0.6285,12,39,12,487169,118441,64516,43440,1.0971229019230058,0.2683452659669757
6277,0.6286,13,58,13,487227,118383,64529,43427,1.0965856460039276,0.26838267103392865
6278,0.6287,19,67,19,487294,118316,64548,43408,1.0959650227870614,0.2684079048255052
6279,0.6288,19,77,19,487371,118239,64567,43389,1.0952517692393198,0.26844977355408717
6280,0.6289,27,118,27,487489,118121,64594,43362,1.0941587313349883,0.26852362168153926
6281,0.629,17,87,17,487576,118034,64611,43345,1.0933528474563712,0.26859132848759754
6282,0.6291,17,67,17,487643,117967,64628,43328,1.092732224239505,0.2686258098515143
6283,0.6292,30,141,30,487784,117826,64658,43298,1.0914261365741598,0.26872470891983813
6284,0.6293,33,108,33,487892,117718,64691,43265,1.090425729000704,0.2687550859407515
6285,0.6294,31,129,31,488021,117589,64722,43234,1.0892307977324096,0.2688297071936228
6286,0.6295,34,92,34,488113,117497,64756,43200,1.0883785986883545,0.2688289140431993
6287,0.6296,32,121,32,488234,117376,64788,43168,1.0872577716847605,0.268885788319713
6288,0.6297,15,71,15,488305,117305,64803,43153,1.0866000963355442,0.26893641949918357
6289,0.6298,20,123,20,488428,117182,64823,43133,1.085460743265775,0.2690515547515828
6290,0.6299,26,83,26,488511,117099,64849,43107,1.084691911519508,0.26907231938878695
6291,0.63,39,136,39,488647,116963,64888,43068,1.0834321390196007,0.26912285744636977
6292,0.6301,8,39,8,488686,116924,64896,43060,1.083070880729186,0.26915191519151915
6293,0.6302,18,82,18,488768,116842,64914,43042,1.0823113120160066,0.2692076755647845
6294,0.6303,19,84,19,488852,116758,64933,43023,1.081533217236652,0.2692623027769259
6295,0.6304,20,67,20,488919,116691,64953,43003,1.080912594019786,0.26928375518178516
6296,0.6305,7,39,7,488958,116652,64960,42996,1.0805513357293712,0.26931749849669273
6297,0.6306,36,130,36,489088,116522,64996,42960,1.0793471414279892,0.26937209214833024
6298,0.6307,14,90,14,489178,116432,65010,42946,1.0785134684501092,0.2694600258504938
6299,0.6308,12,41,12,489219,116391,65022,42934,1.0781336840935196,0.2694743448925153
6300,0.6309,22,47,22,489266,116344,65044,42912,1.0776983215384046,0.2694529562465464
6301,0.631,22,91,22,489357,116253,65066,42890,1.0768553855274372,0.2695060417360487
6302,0.6311,19,75,19,489432,116178,65085,42871,1.0761606580458705,0.2695458632245409
6303,0.6312,14,64,14,489496,116114,65099,42857,1.075567823928267,0.269590051015594
6304,0.6313,19,72,19,489568,116042,65118,42838,1.0749008855459632,0.26962487411883185
6305,0.6314,18,84,18,489652,115958,65136,42820,1.0741227907666087,0.26968471702628827
6306,0.6315,28,115,28,489767,115843,65164,42792,1.0730575419615398,0.2697513159138904
6307,0.6316,26,61,26,489828,115782,65190,42766,1.072492496943199,0.2697353482856927
6308,0.6317,34,76,34,489904,115706,65224,42732,1.071788506428545,0.2697080245900605
6309,0.6318,15,43,15,489947,115663,65239,42717,1.0713901960057801,0.2697120848591994
6310,0.6319,9,44,9,489991,115619,65248,42708,1.0709826225499277,0.2697455266631718
6311,0.632,26,81,26,490072,115538,65274,42682,1.0702323168698358,0.26976362027556566
6312,0.6321,11,56,11,490128,115482,65285,42671,1.0697135870169328,0.26980835014195115
6313,0.6322,28,112,28,490240,115370,65313,42643,1.0686761273111267,0.26987020055311906
6314,0.6323,27,109,27,490349,115261,65340,42616,1.0676664567045833,0.26993165565598537
6315,0.6324,10,42,10,490391,115219,65350,42606,1.067277409314906,0.2699572311104071
6316,0.6325,13,50,13,490441,115169,65363,42593,1.0668142576605284,0.2699826320660235
6317,0.6326,26,67,26,490508,115102,65389,42567,1.0661936344436622,0.2699769770849057
6318,0.6327,13,44,13,490552,115058,65402,42554,1.0657860609878098,0.26999213257873766
6319,0.6328,23,118,23,490670,114940,65425,42531,1.0646930230834784,0.27008782569488987
6320,0.6329,20,79,20,490749,114861,65445,42511,1.0639612434695618,0.2701306458582213
6321,0.633,9,47,9,490796,114814,65454,42502,1.0635258809144466,0.27016959495537646
6322,0.6331,17,78,17,490874,114736,65471,42485,1.0628033643336174,0.2702247155278239
6323,0.6332,43,83,43,490957,114653,65514,42442,1.0620345325873504,0.27016773290047424
6324,0.6333,19,64,19,491021,114589,65533,42423,1.061441698469747,0.27018953965302017
6325,0.6334,18,85,18,491106,114504,65551,42405,1.0606543406573048,0.27025218438712884
6326,0.6335,21,114,21,491220,114390,65572,42384,1.0595983548853236,0.27035095105055684
6327,0.6336,13,57,13,491277,114333,65585,42371,1.0590703619993331,0.2703887584235246
6328,0.6337,31,120,31,491397,114213,65616,42340,1.0579587980288265,0.27045154037290886
6329,0.6338,30,117,30,491514,114096,65646,42310,1.0568750231575827,0.2705139189033669
6330,0.6339,27,120,27,491634,113976,65673,42283,1.0557634591870761,0.2705956136926513
6331,0.634,54,161,54,491795,113815,65727,42229,1.05427211085998,0.27062238855707366
6332,0.6341,19,60,19,491855,113755,65746,42210,1.0537163288747267,0.2706376430609432
6333,0.6342,29,82,29,491937,113673,65775,42181,1.0529567601615473,0.2706443209670589
6334,0.6343,31,80,31,492017,113593,65806,42150,1.052215717514543,0.27063816672338403
6335,0.6344,12,64,12,492081,113529,65818,42138,1.0516228833969394,0.27069321050704387
6336,0.6345,19,99,19,492180,113430,65837,42119,1.0507058431212717,0.2707764112916187
6337,0.6346,21,60,21,492240,113370,65858,42098,1.0501500611360184,0.27078241181464996
6338,0.6347,24,76,24,492316,113294,65882,42074,1.0494460706213642,0.27080222439627205
6339,0.6348,19,96,19,492412,113198,65901,42055,1.048556819444959,0.27088043387245336
6340,0.6349,21,42,21,492454,113156,65922,42034,1.0481677720552818,0.27085508086861265
6341,0.635,41,153,41,492607,113003,65963,41993,1.046750527992886,0.2709295723760613
6342,0.6351,18,72,18,492679,112931,65981,41975,1.046083589610582,0.27097078228086713
6343,0.6352,15,83,15,492762,112848,65996,41960,1.0453147578643152,0.27104542400909515
6344,0.6353,23,101,23,492863,112747,66019,41937,1.044379191522472,0.2711140130847405
6345,0.6354,37,92,37,492955,112655,66056,41900,1.0435269924784172,0.27110090259131053
6346,0.6355,14,41,14,492996,112614,66070,41886,1.0431472081218274,0.27110679611650484
6347,0.6356,13,63,13,493059,112551,66083,41873,1.0425636370373115,0.2711560379215666
6348,0.6357,12,57,12,493116,112494,66095,41861,1.042035644151321,0.2711995076285187
6349,0.6358,35,115,35,493231,112379,66130,41826,1.0409703953462521,0.27123634123407153
6350,0.6359,27,104,27,493335,112275,66157,41799,1.0400070399051466,0.27129171696717164
6351,0.636,26,69,26,493404,112206,66183,41773,1.0393678906221053,0.2712902408770027
6352,0.6361,24,55,24,493459,112151,66207,41749,1.0388584238022898,0.2712735542560104
6353,0.6362,54,179,54,493638,111972,66261,41695,1.0372003408796175,0.2713334678232802
6354,0.6363,18,80,18,493718,111892,66279,41677,1.0364592982326133,0.2713894080185454
6355,0.6364,20,86,20,493804,111806,66299,41657,1.0356626773870836,0.2714465376018975
6356,0.6365,42,173,42,493977,111633,66341,41615,1.0340601726629368,0.2715532992273961
6357,0.6366,43,154,43,494131,111479,66384,41572,1.0326336655674535,0.271621877674762
6358,0.6367,11,42,11,494173,111437,66395,41561,1.0322446181777762,0.2716440737787422
6359,0.6368,22,81,22,494254,111356,66417,41539,1.0314943124976843,0.2716831812681906
6360,0.6369,9,53,9,494307,111303,66426,41530,1.0310033717440439,0.27173450759979845
6361,0.637,29,92,29,494399,111211,66455,41501,1.0301511726999888,0.27175991408664674
6362,0.6371,22,62,22,494461,111149,66477,41479,1.0295768646485606,0.2717653379458553
6363,0.6372,21,63,21,494524,111086,66498,41458,1.0289932935640447,0.2717773232641074
6364,0.6373,19,64,19,494588,111022,66517,41439,1.028400459446441,0.27180065721725555
6365,0.6374,23,61,23,494649,110961,66540,41416,1.0278354144281003,0.27179954980082294
6366,0.6375,12,26,12,494675,110935,66552,41404,1.027594575567824,0.2717885767925482
6367,0.6376,18,62,18,494737,110873,66570,41386,1.0270202675163955,0.27181316046998866
6368,0.6377,13,84,13,494821,110789,66583,41373,1.026242172737041,0.27190100024973385
6369,0.6378,27,106,27,494927,110683,66610,41346,1.0252602912297604,0.2719612705470667
6370,0.6379,20,71,20,494998,110612,66630,41326,1.024602615880544,0.27199252326606904
6371,0.638,14,54,14,495052,110558,66644,41312,1.024102412093816,0.27202212418515836
6372,0.6381,21,95,21,495147,110463,66665,41291,1.0232224239504983,0.2720916746840281
6373,0.6382,21,69,21,495216,110394,66686,41270,1.022583274667457,0.27211467454372823
6374,0.6383,37,139,37,495355,110255,66723,41233,1.0212957130682871,0.27218657583438954
6375,0.6384,36,108,36,495463,110147,66759,41197,1.0202953054948312,0.2722076858018818
6376,0.6385,15,70,15,495533,110077,66774,41182,1.0196468931787024,0.2722614852669924
6377,0.6386,9,43,9,495576,110034,66783,41173,1.0192485827559377,0.2722955947806649
6378,0.6387,39,114,39,495690,109920,66822,41134,1.0181925969839565,0.27231321249354534
6379,0.6388,18,100,18,495790,109820,66840,41116,1.017266293675201,0.27240684793554887
6380,0.6389,12,24,12,495814,109796,66852,41104,1.0170439808810996,0.2723923127899271
6381,0.639,13,46,13,495860,109750,66865,41091,1.0166178813590723,0.27241267294701044
6382,0.6391,15,54,15,495914,109696,66880,41076,1.0161176775723444,0.27243785318228847
6383,0.6392,23,63,23,495977,109633,66903,41053,1.0155341064878283,0.27244070451136804
6384,0.6393,26,97,26,496074,109536,66929,41027,1.0146355922783357,0.2724905853363708
6385,0.6394,11,28,11,496102,109508,66940,41016,1.0143762273518842,0.27248810820865776
6386,0.6395,11,72,11,496174,109436,66951,41005,1.0137092889695802,0.2725653246123065
6387,0.6396,35,109,35,496283,109327,66986,40970,1.0126996183630368,0.27259359800927496
6388,0.6397,21,86,21,496369,109241,67007,40949,1.0119029975175071,0.27264797922631334
6389,0.6398,17,57,17,496426,109184,67024,40932,1.0113750046315166,0.27266913586826186
6390,0.6399,14,52,14,496478,109132,67038,40918,1.0108933269109637,0.27269576807730755
6391,0.64,9,21,9,496499,109111,67047,40909,1.010698803216125,0.2726903079589388
6392,0.6401,33,140,33,496639,108971,67080,40876,1.0094019785838675,0.2727849072720842
6393,0.6402,13,68,13,496707,108903,67093,40863,1.0087720923339139,0.27284563919714755
6394,0.6403,40,134,40,496841,108769,67133,40823,1.0075308459001815,0.27289560939087654
6395,0.6404,16,76,16,496917,108693,67149,40807,1.0068268553855275,0.27295652173913043
6396,0.6405,17,47,17,496964,108646,67166,40790,1.0063914928304123,0.27295966166117935
6397,0.6406,18,70,18,497034,108576,67184,40772,1.0057430805142835,0.2729999732169162
6398,0.6407,24,81,24,497115,108495,67208,40748,1.0049927748341918,0.27303123094550497
6399,0.6408,18,57,18,497172,108438,67226,40730,1.004464781948201,0.27304783867853694
6400,0.6409,9,79,9,497251,108359,67235,40721,1.0037330023342843,0.27314864502280656
6401,0.641,11,51,11,497302,108308,67246,40710,1.003260587646819,0.27318847387563916
6402,0.6411,47,161,47,497463,108147,67293,40663,1.0017692393197228,0.27325448558564613
6403,0.6412,8,54,8,497517,108093,67301,40655,1.001269035532995,0.27331459918788825
6404,0.6413,14,54,14,497571,108039,67315,40641,1.000768831746267,0.2733454398708636
6405,0.6414,42,116,42,497687,107923,67357,40599,0.9996943199081108,0.2733534425876301
6406,0.6415,13,64,13,497751,107859,67370,40586,0.9991014857905073,0.2734076594024723
6407,0.6416,20,113,20,497864,107746,67390,40566,0.9980547630516137,0.2735179891040509
6408,0.6417,12,56,12,497920,107690,67402,40554,0.9975360331987105,0.2735625050592267
6409,0.6418,26,71,26,497991,107619,67428,40528,0.9968783578494942,0.2735661201374311
6410,0.6419,19,99,19,498090,107520,67447,40509,0.9959613175738263,0.27365583770747626
6411,0.642,35,148,35,498238,107372,67482,40474,0.9945903886768683,0.273757829092434
6412,0.6421,11,52,11,498290,107320,67493,40463,0.9941087109563156,0.27380009879350126
6413,0.6422,15,39,15,498329,107281,67508,40448,0.9937474526659009,0.2737986448158452
6414,0.6423,19,80,19,498409,107201,67527,40429,0.9930064100188966,0.2738535528009212
6415,0.6424,18,67,18,498476,107134,67545,40411,0.9923857868020305,0.27388932190179266
6416,0.6425,20,111,20,498587,107023,67565,40391,0.9913575901293119,0.2739970423433324
6417,0.6426,13,82,13,498669,106941,67578,40378,0.9905980214161325,0.27408548795471055
6418,0.6427,17,84,17,498753,106857,67595,40361,0.989819926636778,0.27415805132524557
6419,0.6428,35,129,35,498882,106728,67630,40326,0.9886249953684835,0.27422579460606306
6420,0.6429,31,97,31,498979,106631,67661,40295,0.9877264811589908,0.27425370594721155
6421,0.643,27,101,27,499080,106530,67688,40268,0.9867909148171478,0.27430891429038545
6422,0.6431,29,112,29,499192,106418,67717,40239,0.9857534551113416,0.2743749019821761
6423,0.6432,20,82,20,499274,106336,67737,40219,0.9849938863981622,0.27442939510763875
6424,0.6433,23,89,23,499363,106247,67760,40196,0.9841694764533699,0.27448222175180786
6425,0.6434,41,104,41,499467,106143,67801,40155,0.9832061210122642,0.27447401878357874
6426,0.6435,24,74,24,499541,106069,67825,40131,0.9825206565637853,0.2744938440492476
6427,0.6436,36,98,36,499639,105971,67861,40095,0.9816128793212049,0.2744991989922364
6428,0.6437,28,69,28,499708,105902,67889,40067,0.9809737300381637,0.274489788927786
6429,0.6438,21,74,21,499782,105828,67910,40046,0.9802882655896847,0.27452458971441107
6430,0.6439,28,81,28,499863,105747,67938,40018,0.9795379599095928,0.2745377834185161
6431,0.644,28,93,28,499956,105654,67966,39990,0.9786764978324503,0.27457361786273377
6432,0.6441,38,99,38,500055,105555,68004,39952,0.9777594575567824,0.2745709828393136
6433,0.6442,8,49,8,500104,105506,68012,39944,0.9773055689354923,0.2746235819869371
6434,0.6443,14,101,14,500205,105405,68026,39930,0.9763700025936493,0.2747445556817009
6435,0.6444,16,70,16,500275,105335,68042,39914,0.9757215902775205,0.2747970726132366
6436,0.6445,16,48,16,500323,105287,68058,39898,0.9752769646893179,0.2748080035816372
6437,0.6446,15,42,15,500365,105245,68073,39883,0.9748879172996406,0.2748125792403947
6438,0.6447,11,40,11,500405,105205,68084,39872,0.9745173959761384,0.2748333643513445
6439,0.6448,22,60,22,500465,105145,68106,39850,0.9739616139908852,0.27483706334701197
6440,0.6449,12,55,12,500520,105090,68118,39838,0.9734521471710696,0.2748813203797748
6441,0.645,24,94,24,500614,104996,68142,39814,0.9725814220608396,0.2749395759961329
6442,0.6451,16,59,16,500673,104937,68158,39798,0.9720349031086739,0.27497149963726814
6443,0.6452,15,46,15,500719,104891,68173,39783,0.9716088035866464,0.27498375658376767
6444,0.6453,9,31,9,500750,104860,68182,39774,0.9713216495609323,0.274997580098732
6445,0.6454,25,79,25,500829,104781,68207,39749,0.9705898699470155,0.2750224866809659
6446,0.6455,8,45,8,500874,104736,68215,39741,0.9701730334580755,0.27506800390373554
6447,0.6456,23,53,23,500927,104683,68238,39718,0.9696820927044352,0.27505349685944
6448,0.6457,13,61,13,500988,104622,68251,39705,0.9691170476860943,0.27510445031075265
6449,0.6458,22,63,22,501051,104559,68273,39683,0.9685334766015784,0.2751140444530719
6450,0.6459,20,97,20,501148,104462,68293,39663,0.9676349623920857,0.2751986123156982
6451,0.646,9,27,9,501175,104435,68302,39654,0.9673848604987217,0.27520490807764647
6452,0.6461,10,46,10,501221,104389,68312,39644,0.9669587609766942,0.27524247915408273
6453,0.6462,20,65,20,501286,104324,68332,39624,0.9663566638260032,0.27526606830244255
6454,0.6463,25,123,25,501409,104201,68357,39599,0.9652173107562341,0.27537552155771905
6455,0.6464,18,85,18,501494,104116,68375,39581,0.964429952943792,0.27544764330500987
6456,0.6465,27,97,27,501591,104019,68402,39554,0.9635314387342991,0.27549748211711117
6457,0.6466,7,76,7,501667,103943,68409,39547,0.962827448219645,0.2756080563105443
6458,0.6467,28,85,28,501752,103858,68437,39519,0.962040090407203,0.2756299824937054
6459,0.6468,22,121,22,501873,103737,68459,39497,0.9609192634036089,0.2757515673652904
6460,0.6469,30,72,30,501945,103665,68489,39467,0.960252325021305,0.27573847916608446
6461,0.647,10,38,10,501983,103627,68499,39457,0.9599003297639779,0.27576109138687765
6462,0.6471,35,140,35,502123,103487,68534,39422,0.9586035051317203,0.27585386504698794
6463,0.6472,18,73,18,502196,103414,68552,39404,0.9579273037163288,0.2759035975857385
6464,0.6473,27,84,27,502280,103330,68579,39377,0.9571492089369743,0.27592900138045084
6465,0.6474,16,55,16,502335,103275,68595,39361,0.9566397421171589,0.2759541770660983
6466,0.6475,15,38,15,502373,103237,68610,39346,0.9562877468598318,0.2759515510264197
6467,0.6476,23,61,23,502434,103176,68633,39323,0.955722701841491,0.2759528137039558
6468,0.6477,20,78,20,502512,103098,68653,39303,0.9550001852606618,0.2760022752649209
6469,0.6478,19,67,19,502579,103031,68672,39284,0.9543795620437956,0.276035554930963
6470,0.6479,34,110,34,502689,102921,68706,39250,0.9533606284041647,0.27607599299435187
6471,0.648,18,86,18,502775,102835,68724,39232,0.952564007558635,0.27615139335665567
6472,0.6481,27,107,27,502882,102728,68751,39205,0.9515728630182667,0.27622187933743386
6473,0.6482,22,90,22,502972,102638,68773,39183,0.9507391900403869,0.2762848943386381
6474,0.6483,19,73,19,503045,102565,68792,39164,0.9500629886249954,0.2763301794269345
6475,0.6484,40,139,40,503184,102426,68832,39124,0.9487754270258253,0.2763970328505828
6476,0.6485,10,56,10,503240,102370,68842,39114,0.9482566971729223,0.2764552882304713
6477,0.6486,17,61,17,503301,102309,68859,39097,0.9476916521545815,0.27648756064099117
6478,0.6487,13,42,13,503343,102267,68872,39084,0.9473026047649042,0.27650317295243754
6479,0.6488,8,49,8,503392,102218,68880,39076,0.9468487161436141,0.2765580987161521
6480,0.6489,15,73,15,503465,102145,68895,39061,0.9461725147282226,0.276624222766738
6481,0.649,19,83,19,503548,102062,68914,39042,0.9454036829819557,0.2766895339607665
6482,0.6491,39,116,39,503664,101946,68953,39003,0.9443291711437993,0.2767171104442032
6483,0.6492,26,71,26,503735,101875,68979,38977,0.943671495794583,0.27672308522420697
6484,0.6493,45,110,45,503845,101765,69024,38932,0.942652562154952,0.2767081032289246
6485,0.6494,19,59,19,503904,101706,69043,38913,0.9421060432027863,0.2767264736628763
6486,0.6495,11,40,11,503944,101666,69054,38902,0.9417355218792841,0.27674861988503785
6487,0.6496,20,94,20,504038,101572,69074,38882,0.9408647967690541,0.2768308485340396
6488,0.6497,12,37,12,504075,101535,69086,38870,0.9405220645448146,0.276841992806524
6489,0.6498,23,90,23,504165,101445,69109,38847,0.9396883915669346,0.27690103498417584
6490,0.6499,25,101,25,504266,101344,69134,38822,0.9387528252250917,0.2769715908280182
6491,0.65,30,113,30,504379,101231,69164,38792,0.9377061024861981,0.27704020053848294
6492,0.6501,32,115,32,504494,101116,69196,38760,0.9366408536811294,0.2771025765678172
6493,0.6502,8,73,8,504567,101043,69204,38752,0.9359646522657379,0.27720590865195466
6494,0.6503,21,84,21,504651,100959,69225,38731,0.9351865574863834,0.27726394158493806
6495,0.6504,22,60,22,504711,100899,69247,38709,0.93463077550113,0.27726921093347084
6496,0.6505,21,62,21,504773,100837,69268,38688,0.9340564674497017,0.2772836409245655
6497,0.6506,12,37,12,504810,100800,69280,38676,0.9337137352254622,0.2772950184978061
6498,0.6507,46,132,46,504942,100668,69326,38630,0.9324910148579051,0.2773191287742825
6499,0.6508,33,115,33,505057,100553,69359,38597,0.9314257660528363,0.27737693136902625
6500,0.6509,17,59,17,505116,100494,69376,38580,0.9308792471006706,0.27740627291945297
6501,0.651,30,105,30,505221,100389,69406,38550,0.9299066286264774,0.27745989247079655
6502,0.6511,34,122,34,505343,100267,69440,38516,0.9287765385897958,0.2775267864219681
6503,0.6512,10,37,10,505380,100230,69450,38506,0.9284338063655564,0.2775487256371814
6504,0.6513,9,43,9,505423,100187,69459,38497,0.9280354959427916,0.27758789766663783
6505,0.6514,12,50,12,505473,100137,69471,38485,0.9275723442884138,0.2776254851322301
6506,0.6515,19,66,19,505539,100071,69490,38466,0.9269609841046352,0.27765867602156824
6507,0.6516,29,92,29,505631,99979,69519,38437,0.9261087850605803,0.2776918853311756
6508,0.6517,27,91,27,505722,99888,69546,38410,0.9252658490496128,0.2777335897843787
6509,0.6518,24,69,24,505791,99819,69570,38386,0.9246266997665715,0.27774682536811257
6510,0.6519,22,89,22,505880,99730,69592,38364,0.9238022898217793,0.27781076657928655
6511,0.652,18,56,18,505936,99674,69610,38346,0.9232835599688762,0.2778293001014346
6512,0.6521,23,73,23,506009,99601,69633,38323,0.9226073585534847,0.27785592065195325
6513,0.6522,13,51,13,506060,99550,69646,38310,0.9221349438660195,0.277890613666038
6514,0.6523,22,71,22,506131,99479,69668,38288,0.9214772685168031,0.27791851459348027
6515,0.6524,12,47,12,506178,99432,69680,38276,0.9210419059616881,0.27795044587097334
6516,0.6525,5,29,5,506207,99403,69685,38271,0.920773278002149,0.27798277089356016
6517,0.6526,18,62,18,506269,99341,69703,38253,0.9201989699507207,0.27801357617337963
6518,0.6527,8,49,8,506318,99292,69711,38245,0.9197450813294306,0.2780706282673026
6519,0.6528,24,99,24,506417,99193,69735,38221,0.9188280410537626,0.2781448760679407
6520,0.6529,11,61,11,506478,99132,69746,38210,0.9182629960354218,0.27821059836029766
6521,0.653,32,89,32,506567,99043,69778,38178,0.9174385860906296,0.27822272101209
6522,0.6531,19,73,19,506640,98970,69797,38159,0.9167623846752381,0.2782708252813045
6523,0.6532,11,45,11,506685,98925,69808,38148,0.9163455481862981,0.2783042612330656
6524,0.6533,20,56,20,506741,98869,69828,38128,0.9158268183333951,0.2783126637809587
6525,0.6534,31,120,31,506861,98749,69859,38097,0.9147152543628886,0.2783932303465209
6526,0.6535,19,37,19,506898,98712,69878,38078,0.9143725221386491,0.27836830177644567
6527,0.6536,29,72,29,506970,98640,69907,38049,0.9137055837563451,0.2783618286767772
6528,0.6537,15,59,15,507029,98581,69922,38034,0.9131590648041795,0.27840281081872414
6529,0.6538,27,120,27,507149,98461,69949,38007,0.912047500833673,0.2785048509540698
6530,0.6539,10,48,10,507197,98413,69959,37997,0.9116028752454703,0.2785499596803753
6531,0.654,37,128,37,507325,98285,69996,37960,0.9104172070102634,0.27861572901757864
6532,0.6541,36,155,36,507480,98130,70032,37924,0.9089814368816925,0.2787422641010187
6533,0.6542,15,78,15,507558,98052,70047,37909,0.9082589203008633,0.27882260354072125
6534,0.6543,19,65,19,507623,97987,70066,37890,0.9076568231501723,0.2788551410466819
6535,0.6544,13,43,13,507666,97944,70079,37877,0.9072585127274074,0.2788744008658455
6536,0.6545,19,86,19,507752,97858,70098,37858,0.9064618918818778,0.27895016062954997
6537,0.6546,9,24,9,507776,97834,70107,37849,0.9062395790877765,0.27895167412277144
6538,0.6547,12,48,12,507824,97786,70119,37837,0.905794953499574,0.27898660256741115
6539,0.6548,16,42,16,507866,97744,70135,37821,0.9054059061098966,0.2789879393648803
6540,0.6549,10,51,10,507917,97693,70145,37811,0.9049334914224314,0.279039733144409
6541,0.655,9,59,9,507976,97634,70154,37802,0.9043869724702657,0.27911338196639
6542,0.6551,16,73,16,508049,97561,70170,37786,0.9037107710548742,0.2791787036284513
6543,0.6552,14,42,14,508091,97519,70184,37772,0.9033217236651969,0.2791907813527877
6544,0.6553,15,62,15,508153,97457,70199,37757,0.9027474156137686,0.2792388362151848
6545,0.6554,11,50,11,508203,97407,70210,37746,0.9022842639593909,0.2792834787241127
6546,0.6555,20,82,20,508285,97325,70230,37726,0.9015246952462114,0.2793463210194667
6547,0.6556,9,30,9,508315,97295,70239,37717,0.9012468042535848,0.27936035315379376
6548,0.6557,38,178,38,508493,97117,70277,37679,0.8995979843640002,0.2795260986972907
6549,0.6558,11,35,11,508528,97082,70288,37668,0.8992737782059358,0.2795398886827458
6550,0.6559,28,119,28,508647,96963,70316,37640,0.8981714772685168,0.279637155189706
6551,0.656,25,123,25,508770,96840,70341,37615,0.8970321241987477,0.2797590271838161
6552,0.6561,28,73,28,508843,96767,70369,37587,0.8963559227833562,0.2797609300802358
6553,0.6562,26,93,26,508936,96674,70395,37561,0.8954944607062136,0.27981524937609414
6554,0.6563,6,44,6,508980,96630,70401,37555,0.8950868872503612,0.2798747997168089
6555,0.6564,16,59,16,509039,96571,70417,37539,0.8945403682981956,0.2799120125270301
6556,0.6565,30,99,30,509138,96472,70447,37509,0.8936233280225276,0.27995760592919894
6557,0.6566,14,65,14,509203,96407,70461,37495,0.8930212308718367,0.28001822228196743
6558,0.6567,24,87,24,509290,96320,70485,37471,0.8922153469932195,0.2800711557578611
6559,0.6568,33,79,33,509369,96241,70518,37438,0.8914835673793027,0.2800589471794373
6560,0.6569,36,133,36,509502,96108,70554,37402,0.890251583978658,0.28014380945247547
6561,0.657,30,108,30,509610,96000,70584,37372,0.8892511764052021,0.28020873946555497
6562,0.6571,9,23,9,509633,95977,70593,37363,0.8890381266441884,0.28020848957552125
6563,0.6572,47,165,47,509798,95812,70640,37316,0.8875097261847419,0.2803016645634277
6564,0.6573,27,108,27,509906,95704,70667,37289,0.8865093186112861,0.28038317806200325
6565,0.6574,26,76,26,509982,95628,70693,37263,0.8858053280966319,0.2804027360769352
6566,0.6575,30,72,30,510054,95556,70723,37233,0.885138389714328,0.28039220116124075
6567,0.6576,10,43,10,510097,95513,70733,37223,0.8847400792915632,0.2804288211186114
6568,0.6577,24,84,24,510181,95429,70757,37199,0.8839619845122086,0.2804762191995657
6569,0.6578,6,52,6,510233,95377,70763,37193,0.8834803067916559,0.2805536697593724
6570,0.6579,37,89,37,510322,95288,70800,37156,0.8826558968468635,0.2805412098698318
6571,0.658,16,73,16,510395,95215,70816,37140,0.881979695431472,0.2806089683049375
6572,0.6581,24,62,24,510457,95153,70840,37116,0.8814053873800437,0.2806099690781665
6573,0.6582,26,55,26,510512,95098,70866,37090,0.8808959205602283,0.2805852271007958
6574,0.6583,12,82,12,510594,95016,70878,37078,0.8801363518470487,0.2806940512059594
6575,0.6584,23,62,23,510656,94954,70901,37055,0.8795620437956204,0.28070055829526774
6576,0.6585,15,77,15,510733,94877,70916,37040,0.8788487902478788,0.28078261330988424
6577,0.6586,25,94,25,510827,94783,70941,37015,0.8779780651376486,0.28084644683530857
6578,0.6587,8,56,8,510883,94727,70949,37007,0.8774593352847456,0.2809221613250945
6579,0.6588,27,72,27,510955,94655,70976,36980,0.8767923969024417,0.2809283245337486
6580,0.6589,35,89,35,511044,94566,71011,36945,0.8759679869576494,0.28092707073932977
6581,0.659,13,42,13,511086,94524,71024,36932,0.8755789395679722,0.2809457156767283
6582,0.6591,24,88,24,511174,94436,71048,36908,0.8747637926562674,0.2810025581678645
6583,0.6592,17,41,17,511215,94395,71065,36891,0.8743840082996777,0.280997212193227
6584,0.6593,29,62,29,511277,94333,71094,36862,0.8738097002482493,0.28097107359274365
6585,0.6594,20,85,20,511362,94248,71114,36842,0.8730223424358072,0.28104355786101154
6586,0.6595,11,79,11,511441,94169,71125,36831,0.8722905628218904,0.28115267175572517
6587,0.6596,10,34,10,511475,94135,71135,36821,0.8719756196969135,0.28117077491676595
6588,0.6597,14,71,14,511546,94064,71149,36807,0.8713179443476972,0.2812464182286374
6589,0.6598,7,60,7,511606,94004,71156,36800,0.870762162362444,0.2813369621724106
6590,0.6599,16,65,16,511671,93939,71172,36784,0.8701600652117529,0.28138889101382314
6591,0.66,35,92,35,511763,93847,71207,36749,0.869307866167698,0.28139452969463075
6592,0.6601,35,69,35,511832,93778,71242,36714,0.8686687168846567,0.2813505808785213
6593,0.6602,16,51,16,511883,93727,71258,36698,0.8681963021971915,0.2813724362660533
6594,0.6603,23,70,23,511953,93657,71281,36675,0.8675478898810627,0.28139674063161774
6595,0.6604,27,90,27,512043,93567,71308,36648,0.8667142169031827,0.28144223015781594
6596,0.6605,35,112,35,512155,93455,71343,36613,0.8656767571973767,0.2814912199772427
6597,0.6606,26,83,26,512238,93372,71369,36587,0.8649079254511097,0.2815272509022076
6598,0.6607,20,72,20,512310,93300,71389,36567,0.8642409870688058,0.28157268590173024
6599,0.6608,14,78,14,512388,93222,71403,36553,0.8635184704879766,0.28166441918705454
6600,0.6609,28,110,28,512498,93112,71431,36525,0.8624995368483456,0.2817482663128582
6601,0.661,33,106,33,512604,93006,71464,36492,0.8615176553410648,0.2817958578510865
6602,0.6611,14,62,14,512666,92944,71478,36478,0.8609433472896365,0.2818531625226005
6603,0.6612,36,87,36,512753,92857,71514,36442,0.8601374634110193,0.2818428603469478
6604,0.6613,21,69,21,512822,92788,71535,36421,0.8594983141279781,0.281876649459403
6605,0.6614,3,25,3,512847,92763,71538,36418,0.8592667383007893,0.28191452303357306
6606,0.6615,12,36,12,512883,92727,71550,36406,0.8589332691096373,0.2819263859741507
6607,0.6616,24,69,24,512952,92658,71574,36382,0.858294119826596,0.2819435833849969
6608,0.6617,19,49,19,513001,92609,71593,36363,0.8578402312053058,0.28194491827683527
6609,0.6618,37,120,37,513121,92489,71630,36326,0.8567286672347993,0.28200131972208203
6610,0.6619,12,52,12,513173,92437,71642,36314,0.8562469895142465,0.28204829477052606
6611,0.662,35,95,35,513268,92342,71677,36279,0.8553670013709289,0.2820612497181642
6612,0.6621,20,75,20,513343,92267,71697,36259,0.8546722738893623,0.2821141247685293
6613,0.6622,23,58,23,513401,92209,71720,36236,0.8541350179702842,0.28211296663941765
6614,0.6623,7,43,7,513444,92166,71727,36229,0.8537367075475194,0.28216830873476384
6615,0.6624,45,111,45,513555,92055,71772,36184,0.8527085108748008,0.2821606531554363
6616,0.6625,18,77,18,513632,91978,71790,36166,0.8519952573270592,0.28222936696216755
6617,0.6626,16,74,16,513706,91904,71806,36150,0.8513097928785801,0.2823027785153139
6618,0.6627,18,89,18,513795,91815,71824,36132,0.8504853829337878,0.28239818049661186
6619,0.6628,37,105,37,513900,91710,71861,36095,0.8495127644595947,0.28242244043660264
6620,0.6629,48,163,48,514063,91547,71909,36047,0.8480028900663233,0.2825132843237143
6621,0.663,12,56,12,514119,91491,71921,36035,0.8474841602134203,0.28256982889763654
6622,0.6631,33,94,33,514213,91397,71954,36002,0.8466134351031902,0.282592485027355
6623,0.6632,5,30,5,514243,91367,71959,35997,0.8463355441105636,0.2826308847083948
6624,0.6633,25,72,25,514315,91295,71984,35972,0.8456686057282596,0.2826498621009374
6625,0.6634,18,84,18,514399,91211,72002,35954,0.8448905109489051,0.28273502929265126
6626,0.6635,17,90,17,514489,91121,72019,35937,0.8440568379710253,0.2828393332179005
6627,0.6636,64,225,64,514714,90896,72083,35873,0.8419726555263255,0.28297927726810185
6628,0.6637,10,43,10,514757,90853,72093,35863,0.8415743451035607,0.28301871902522174
6629,0.6638,29,116,29,514873,90737,72122,35834,0.8404998332654045,0.2831138254418469
6630,0.6639,26,86,26,514959,90651,72148,35808,0.8397032124198748,0.28315896851944106
6631,0.664,19,49,19,515008,90602,72167,35789,0.8392493237985846,0.2831609845637743
6632,0.6641,10,60,10,515068,90542,72177,35779,0.8386935418133313,0.28323873306892755
6633,0.6642,46,127,46,515195,90415,72223,35733,0.837517136611212,0.2832625170434728
6634,0.6643,23,75,23,515270,90340,72246,35710,0.8368224091296455,0.28330027766759225
6635,0.6644,35,148,35,515418,90192,72281,35675,0.8354514802326873,0.2834341010749442
6636,0.6645,27,77,27,515495,90115,72308,35648,0.8347382266849457,0.2834537980169048
6637,0.6646,18,47,18,515542,90068,72326,35630,0.8343028641298307,0.28345717513405144
6638,0.6647,17,46,17,515588,90022,72343,35613,0.8338767646078031,0.28346400286544354
6639,0.6648,20,100,20,515688,89922,72363,35593,0.8329504612990477,0.28357566824682306
6640,0.6649,5,41,5,515729,89881,72368,35588,0.832570676942458,0.2836397835321872
6641,0.665,33,130,33,515859,89751,72401,35555,0.831366482641076,0.2837453912821413
6642,0.6651,39,101,39,515960,89650,72440,35516,0.830430916299233,0.2837511784350383
6643,0.6652,24,64,24,516024,89586,72464,35492,0.8298380821816296,0.28375893442491884
6644,0.6653,5,41,5,516065,89545,72469,35487,0.8294582978250399,0.2838233412246465
6645,0.6654,26,115,26,516180,89430,72495,35461,0.8283930490199711,0.2839355918360811
6646,0.6655,12,50,12,516230,89380,72507,35449,0.8279298973655934,0.28398048530389575
6647,0.6656,16,71,16,516301,89309,72523,35433,0.8272722220163771,0.28405027977746067
6648,0.6657,11,34,11,516335,89275,72534,35422,0.8269572788914002,0.2840645725237977
6649,0.6658,29,129,29,516464,89146,72563,35393,0.8257623476231057,0.28419210046652055
6650,0.6659,15,81,15,516545,89065,72578,35378,0.8250120419430138,0.2842907998039263
6651,0.666,34,119,34,516664,88946,72612,35344,0.8239097410055949,0.2843672057285381
6652,0.6661,19,81,19,516745,88865,72631,35325,0.823159435325503,0.28444319188340444
6653,0.6662,17,71,17,516816,88794,72648,35308,0.8225017599762866,0.284507904787997
6654,0.6663,14,48,14,516864,88746,72662,35294,0.822057134388084,0.2845372460496614
6655,0.6664,26,56,26,516920,88690,72688,35268,0.821538404535181,0.2845157230674906
6656,0.6665,16,76,16,516996,88614,72704,35252,0.8208344140205269,0.28459787189382074
6657,0.6666,13,42,13,517038,88572,72717,35239,0.8204453666308497,0.2846192987698993
6658,0.6667,16,34,16,517072,88538,72733,35223,0.8201304235058727,0.28460500480765344
6659,0.6668,13,78,13,517150,88460,72746,35210,0.8194079069250435,0.2847093070267648
6660,0.6669,22,89,22,517239,88371,72768,35188,0.8185834969802512,0.28478702482214974
6661,0.667,39,81,39,517320,88290,72807,35149,0.8178331913001593,0.2847479321770267
6662,0.6671,23,64,23,517384,88226,72830,35126,0.8172403571825558,0.2847623062455412
6663,0.6672,19,59,19,517443,88167,72849,35107,0.8166938382303902,0.28478835764232524
6664,0.6673,16,55,16,517498,88112,72865,35091,0.8161843714105746,0.2848226098390461
6665,0.6674,33,106,33,517604,88006,72898,35058,0.8152024899032939,0.2848761619970097
6666,0.6675,21,73,21,517677,87933,72919,35037,0.8145262884879024,0.2849231519882898
6667,0.6676,24,108,24,517785,87825,72943,35013,0.8135258809144467,0.28503394714990476
6668,0.6677,24,83,24,517868,87742,72967,34989,0.8127570491681796,0.285086897360895
6669,0.6678,19,72,19,517940,87670,72986,34970,0.8120901107858757,0.28514350945857797
6670,0.6679,11,49,11,517989,87621,72997,34959,0.8116362221645855,0.28519334312285854
6671,0.668,24,85,24,518074,87536,73021,34935,0.8108488643521434,0.2852512023254485
6672,0.6681,43,126,43,518200,87410,73064,34892,0.8096817221831116,0.28529378096842245
6673,0.6682,19,56,19,518256,87354,73083,34873,0.8091629923302086,0.28531339229466485
6674,0.6683,20,76,20,518332,87278,73103,34853,0.8084590018155545,0.2853739017939753
6675,0.6684,15,84,15,518416,87194,73118,34838,0.8076809070361999,0.28548249639438833
6676,0.6685,22,78,22,518494,87116,73140,34816,0.8069583904553707,0.2855362005051996
6677,0.6686,36,56,36,518550,87060,73176,34780,0.8064396606024676,0.2854563361785949
6678,0.6687,19,74,19,518624,86986,73195,34761,0.8057541961539887,0.2855183289937329
6679,0.6688,15,58,15,518682,86928,73210,34746,0.8052169402349105,0.28556634942551407
6680,0.6689,29,74,29,518756,86854,73239,34717,0.8045314757864315,0.28556974936456886
6681,0.669,36,122,36,518878,86732,73275,34681,0.80340138574975,0.2856448650474002
6682,0.6691,25,61,25,518939,86671,73300,34656,0.8028363407314091,0.2856412834735879
6683,0.6692,22,88,22,519027,86583,73322,34634,0.8020211938197043,0.2857189998102576
6684,0.6693,13,75,13,519102,86508,73335,34621,0.8013264663381378,0.2858192505510654
6685,0.6694,20,45,20,519147,86463,73355,34601,0.8009096298491978,0.28580750677327693
6686,0.6695,33,83,33,519230,86380,73388,34568,0.8001407981029308,0.2858087773257929
6687,0.6696,25,78,25,519308,86302,73413,34543,0.7994182815221016,0.2858455045719724
6688,0.6697,16,67,16,519375,86235,73429,34527,0.7987976583052354,0.285909474834799
6689,0.6698,8,65,8,519440,86170,73437,34519,0.7981955611545445,0.28601612408753074
6690,0.6699,15,44,15,519484,86126,73452,34504,0.7977879876986921,0.28603166708115724
6691,0.67,25,56,25,519540,86070,73477,34479,0.7972692578457891,0.28601647462857427
6692,0.6701,32,137,32,519677,85933,73509,34447,0.7960002223127941,0.28615218474829707
6693,0.6702,13,70,13,519747,85863,73522,34434,0.7953518099966653,0.28624155215840796
6694,0.6703,30,104,30,519851,85759,73552,34404,0.7943884545555596,0.28631109409718464
6695,0.6704,43,142,43,519993,85617,73595,34361,0.7930731038571269,0.28639417226491526
6696,0.6705,24,61,24,520054,85556,73619,34337,0.7925080588387862,0.2863970373583112
6697,0.6706,16,62,16,520116,85494,73635,34321,0.7919337507873578,0.28644994366314736
6698,0.6707,7,50,7,520166,85444,73642,34314,0.7914705991329801,0.2865278311261043
6699,0.6708,40,142,40,520308,85302,73682,34274,0.7901552484345474,0.28662942396467517
6700,0.6709,17,59,17,520367,85243,73699,34257,0.7896087294823817,0.2866694560669456
6701,0.671,12,54,12,520421,85189,73711,34245,0.7891085256956538,0.2867273975584842
6702,0.6711,28,93,28,520514,85096,73739,34217,0.7882470636185113,0.28678350221685817
6703,0.6712,37,114,37,520628,84982,73776,34180,0.7871910778465301,0.2868364075795975
6704,0.6713,19,53,19,520681,84929,73795,34161,0.7867001370928897,0.28685028129985723
6705,0.6714,7,39,7,520720,84890,73802,34154,0.7863388788024751,0.2869023218305837
6706,0.6715,11,53,11,520773,84837,73813,34143,0.7858479380488347,0.28696419566313663
6707,0.6716,15,61,15,520834,84776,73828,34128,0.7852828930304939,0.2870214626925923
6708,0.6717,10,65,10,520899,84711,73838,34118,0.7846807958798029,0.28711846434792854
6709,0.6718,11,49,11,520948,84662,73849,34107,0.7842269072585127,0.2871708947621012
6710,0.6719,7,44,7,520992,84618,73856,34100,0.7838193338026603,0.28723529709058443
6711,0.672,26,66,26,521058,84552,73882,34074,0.7832079736188817,0.28723888523595165
6712,0.6721,31,97,31,521155,84455,73913,34043,0.782309459409389,0.2872875491569478
6713,0.6722,10,31,10,521186,84424,73923,34033,0.7820223053836748,0.28730256548789856
6714,0.6723,19,60,19,521246,84364,73942,34014,0.7814665233984216,0.287333795130852
6715,0.6724,21,52,21,521298,84312,73963,33993,0.7809848456778687,0.28733358691517685
6716,0.6725,58,176,58,521474,84136,74021,33935,0.7793545518544592,0.28741181153712597
6717,0.6726,25,109,25,521583,84027,74046,33910,0.7783448812479158,0.28752639120886575
6718,0.6727,27,75,27,521658,83952,74073,33883,0.7776501537663493,0.2875461450333093
6719,0.6728,19,53,19,521711,83899,74092,33864,0.7771592130127088,0.28756060901981095
6720,0.6729,11,37,11,521748,83862,74103,33853,0.7768164807884693,0.2875844199974515
6721,0.673,22,75,22,521823,83787,74125,33831,0.7761217533069028,0.287634545732796
6722,0.6731,28,71,28,521894,83716,74153,33803,0.7754640779576865,0.2876385946102332
6723,0.6732,9,39,9,521933,83677,74162,33794,0.7751028196672719,0.28767951239029205
6724,0.6733,9,66,9,521999,83611,74171,33785,0.7744914594834933,0.28778663668268084
6725,0.6734,24,85,24,522084,83526,74195,33761,0.7737041016710512,0.2878494632823757
6726,0.6735,12,37,12,522121,83489,74207,33749,0.7733613694468117,0.28786741500196183
6727,0.6736,26,82,26,522203,83407,74233,33723,0.7726018007336323,0.2879108682660292
6728,0.6737,37,128,37,522331,83279,74270,33686,0.7714161324984253,0.2880006839652888
6729,0.6738,37,122,37,522453,83157,74307,33649,0.7702860424617437,0.28807595500231153
6730,0.6739,24,91,24,522544,83066,74331,33625,0.7694431064507763,0.2881541849842747
6731,0.674,26,61,26,522605,83005,74357,33599,0.7688780614324354,0.2881462042468526
6732,0.6741,12,57,12,522662,82948,74369,33587,0.7683500685464448,0.28821384133522115
6733,0.6742,24,52,24,522714,82896,74393,33563,0.767868390825892,0.2881958457482891
6734,0.6743,13,39,13,522753,82857,74406,33550,0.7675071325354774,0.2882129081584441
6735,0.6744,27,106,27,522859,82751,74433,33523,0.7665252510281967,0.28831037033214646
6736,0.6745,39,70,39,522929,82681,74472,33484,0.7658768387120679,0.2882451685103086
6737,0.6746,14,48,14,522977,82633,74486,33470,0.7654322131238652,0.2882785113218435
6738,0.6747,45,151,45,523128,82482,74531,33425,0.7640334951276446,0.2883777511280596
6739,0.6748,15,55,15,523183,82427,74546,33410,0.7635240283078291,0.2884225247546121
6740,0.6749,11,57,11,523240,82370,74557,33399,0.7629960354218386,0.28849692059186827
6741,0.675,7,33,7,523273,82337,74564,33392,0.7626903553299492,0.2885361491069654
6742,0.6751,32,93,32,523366,82244,74596,33360,0.7618288932528067,0.2885713297117747
6743,0.6752,17,60,17,523426,82184,74613,33343,0.7612731112675535,0.2886165138885282
6744,0.6753,20,67,20,523493,82117,74633,33323,0.7606524880506873,0.2886607761607762
6745,0.6754,21,69,21,523562,82048,74654,33302,0.7600133387676461,0.28870394451668835
6746,0.6755,24,45,24,523607,82003,74678,33278,0.7595965022787061,0.28866855769814626
6747,0.6756,28,88,28,523695,81915,74706,33250,0.7587813553670014,0.28871618981461383
6748,0.6757,5,34,5,523729,81881,74711,33245,0.7584664122420245,0.2887705644250647
6749,0.6758,13,50,13,523779,81831,74724,33232,0.7580032605876468,0.28881569227292875
6750,0.6759,13,61,13,523840,81770,74737,33219,0.757438215569306,0.2888885023784884
6751,0.676,24,62,24,523902,81708,74761,33195,0.7568639075178777,0.2888958512832563
6752,0.6761,18,57,18,523959,81651,74779,33177,0.7563359146318871,0.28892778764761207
6753,0.6762,11,51,11,524010,81600,74790,33166,0.7558634999444218,0.2889880278131154
6754,0.6763,10,49,10,524059,81551,74800,33156,0.7554096113231317,0.28904949131264873
6755,0.6764,10,29,10,524088,81522,74810,33146,0.7551409833635926,0.28906059231869397
6756,0.6765,18,67,18,524155,81455,74828,33128,0.7545203601467264,0.28911793197943847
6757,0.6766,17,45,17,524200,81410,74845,33111,0.7541035236577865,0.28912601182315906
6758,0.6767,11,36,11,524236,81374,74856,33100,0.7537700544666346,0.2891486276359697
6759,0.6768,8,31,8,524267,81343,74864,33092,0.7534829004409204,0.2891772622012496
6760,0.6769,17,84,17,524351,81259,74881,33075,0.7527048056615658,0.28928402749838195
6761,0.677,14,58,14,524409,81201,74895,33061,0.7521675497424877,0.2893437888361835
6762,0.6771,15,86,15,524495,81115,74910,33046,0.751370928896958,0.28946838237226374
6763,0.6772,8,45,8,524540,81070,74918,33038,0.7509540924080181,0.28953272338486347
6764,0.6773,46,121,46,524661,80949,74964,32992,0.7498332654044241,0.28955336533820136
6765,0.6774,14,49,14,524710,80900,74978,32978,0.7493793767831338,0.28959061451729046
6766,0.6775,9,51,9,524761,80849,74987,32969,0.7489069620956686,0.2896642007415347
6767,0.6776,34,112,34,524873,80737,75021,32935,0.7478695023898625,0.2897371384333873
6768,0.6777,20,54,20,524927,80683,75041,32915,0.7473692986031346,0.2897498195390764
6769,0.6778,27,91,27,525018,80592,75068,32888,0.7465263625921672,0.2898131829397251
6770,0.6779,33,95,33,525113,80497,75101,32855,0.7456463744488495,0.2898493189357047
6771,0.678,18,63,18,525176,80434,75119,32837,0.7450628033643336,0.2898976790175773
6772,0.6781,20,57,20,525233,80377,75139,32817,0.744534810478343,0.2899181935438274
6773,0.6782,2,29,2,525262,80348,75141,32815,0.7442661825188039,0.28997994043989644
6774,0.6783,25,91,25,525353,80257,75166,32790,0.7434232465078365,0.29005634824453547
6775,0.6784,6,59,6,525412,80198,75172,32784,0.7428767275556708,0.29017011559363437
6776,0.6785,26,52,26,525464,80146,75198,32758,0.7423950498351181,0.2901402961808262
6777,0.6786,5,29,5,525493,80117,75203,32753,0.742126421875579,0.29018339682820943
6778,0.6787,10,71,10,525564,80046,75213,32743,0.7414687465263626,0.29030313239766287
6779,0.6788,12,65,12,525629,79981,75225,32731,0.7408666493756716,0.29039498899850946
6780,0.6789,7,43,7,525672,79938,75232,32724,0.7404683389529068,0.2904617351014539
6781,0.679,18,58,18,525730,79880,75250,32706,0.7399310830338286,0.29049793047092887
6782,0.6791,29,76,29,525806,79804,75279,32677,0.7392270925191745,0.29051128635058365
6783,0.6792,23,42,23,525848,79762,75302,32654,0.7388380451294972,0.2904746655280387
6784,0.6793,20,73,20,525921,79689,75322,32634,0.7381618437141058,0.2905371117224433
6785,0.6794,11,58,11,525979,79631,75333,32623,0.7376245877950276,0.2906177062732731
6786,0.6795,23,89,23,526068,79542,75356,32600,0.7368001778502353,0.29070285887535446
6787,0.6796,9,27,9,526095,79515,75365,32591,0.7365500759568713,0.29071592956666015
6788,0.6797,13,104,13,526199,79411,75378,32578,0.7355867205157657,0.2909035708864263
6789,0.6798,31,88,31,526287,79323,75409,32547,0.7347715736040609,0.29093590775006706
6790,0.6799,24,68,24,526355,79255,75433,32523,0.7341416873541072,0.2909606541537691
6791,0.68,24,86,24,526441,79169,75457,32499,0.7333450665085776,0.2910323458824372
6792,0.6801,16,101,16,526542,79068,75473,32483,0.7324095001667346,0.29119416231140915
6793,0.6802,9,38,9,526580,79030,75482,32474,0.7320575049094076,0.29123618883627495
6794,0.6803,21,64,21,526644,78966,75503,32453,0.7314646707918041,0.2912698911316741
6795,0.6804,14,50,14,526694,78916,75517,32439,0.7310015191374264,0.29131157110143235
6796,0.6805,6,45,6,526739,78871,75523,32433,0.7305846826484864,0.29139114497232804
6797,0.6806,10,66,10,526805,78805,75533,32423,0.7299733224647078,0.2915003416405941
6798,0.6807,25,79,25,526884,78726,75558,32398,0.729241542850791,0.29154818041107233
6799,0.6808,34,92,34,526976,78634,75592,32364,0.728389343806736,0.2915728211319123
6800,0.6809,22,67,22,527043,78567,75614,32342,0.72776872058987,0.2916084357446195
6801,0.681,25,71,25,527114,78496,75639,32317,0.7271110452406536,0.29163545793363593
6802,0.6811,17,51,17,527165,78445,75656,32300,0.7266386305531883,0.291661023071019
6803,0.6812,16,66,16,527231,78379,75672,32284,0.7260272703694097,0.2917325574040104
6804,0.6813,24,73,24,527304,78306,75696,32260,0.7253510689540184,0.2917714306387135
6805,0.6814,33,67,33,527371,78239,75729,32227,0.7247304457371522,0.29173682400014483
6806,0.6815,57,170,57,527541,78069,75786,32170,0.723155730112268,0.29182049909741564
6807,0.6816,17,59,17,527600,78010,75803,32153,0.7226092111601022,0.29186750542378115
6808,0.6817,9,49,9,527649,77961,75812,32144,0.7221553225388121,0.29193951228372916
6809,0.6818,22,89,22,527738,77872,75834,32122,0.7213309125940198,0.29203411095150644
6810,0.6819,21,60,21,527798,77812,75855,32101,0.7207751306087665,0.2920582642635539
6811,0.682,16,64,16,527862,77748,75871,32085,0.720182296491163,0.292125317527519
6812,0.6821,28,86,28,527948,77662,75899,32057,0.7193856756456334,0.2921736435804191
6813,0.6822,27,60,27,528008,77602,75926,32030,0.7188298936603802,0.2921592235843549
6814,0.6823,12,52,12,528060,77550,75938,32018,0.7183482159398273,0.2922203563084112
6815,0.6824,22,67,22,528127,77483,75960,31996,0.7177275927229612,0.2922569625224929
6816,0.6825,37,89,37,528216,77394,75997,31959,0.7169031827781689,0.2922553565059943
6817,0.6826,30,83,30,528299,77311,76027,31929,0.7161343510319019,0.29228304650311243
6818,0.6827,24,93,24,528392,77218,76051,31905,0.7152728889547594,0.2923764925817655
6819,0.6828,22,54,22,528446,77164,76073,31883,0.7147726851680314,0.2923785156858969
6820,0.6829,20,107,20,528553,77057,76093,31863,0.7137815406276631,0.29253580609621743
6821,0.683,32,144,32,528697,76913,76125,31831,0.7124476638630554,0.2927150003678364
6822,0.6831,33,102,33,528799,76811,76158,31798,0.7115028344881248,0.2927750002301835
6823,0.6832,10,36,10,528835,76775,76168,31788,0.7111693652969728,0.29280694159151827
6824,0.6833,14,72,14,528907,76703,76182,31774,0.7105024269146689,0.29291001779179
6825,0.6834,16,56,16,528963,76647,76198,31758,0.7099836970617659,0.2929569669295697
6826,0.6835,31,91,31,529054,76556,76229,31727,0.7091407610507985,0.29300074803985854
6827,0.6836,25,111,25,529165,76445,76254,31702,0.70811256437808,0.2931380435888189
6828,0.6837,34,110,34,529275,76335,76288,31668,0.707093630738449,0.29321407738673927
6829,0.6838,8,47,8,529322,76288,76296,31660,0.706658268183334,0.29328936154444735
6830,0.6839,17,41,17,529363,76247,76313,31643,0.7062784838267442,0.29328946148855317
6831,0.684,25,118,25,529481,76129,76338,31618,0.7051854459224128,0.29344668529054174
6832,0.6841,5,38,5,529519,76091,76343,31613,0.7048334506650857,0.29351741810889104
6833,0.6842,19,44,19,529563,76047,76362,31594,0.7044258772092334,0.2935126949768211
6834,0.6843,3,11,3,529574,76036,76365,31591,0.7043239838452703,0.29352300073401655
6835,0.6844,8,26,8,529600,76010,76373,31583,0.7040831449849939,0.2935414013922839
6836,0.6845,30,64,30,529664,75946,76403,31553,0.7034903108673904,0.29351900947915793
6837,0.6846,17,63,17,529727,75883,76420,31536,0.7029067397828745,0.2935793481600089
6838,0.6847,15,41,15,529768,75842,76435,31521,0.7025269554262847,0.29359276473272916
6839,0.6848,16,54,16,529822,75788,76451,31505,0.7020267516395569,0.2936351858928355
6840,0.6849,30,98,30,529920,75690,76481,31475,0.7011189743969766,0.2937059674333971
6841,0.685,20,37,20,529957,75653,76501,31455,0.700776242172737,0.2936755424431415
6842,0.6851,8,53,8,530010,75600,76509,31447,0.7002853014190966,0.2937681579119452
6843,0.6852,12,38,12,530048,75562,76521,31435,0.6999333061617696,0.29379328392384835
6844,0.6853,12,35,12,530083,75527,76533,31423,0.6996091000037052,0.29381019167835437
6845,0.6854,9,53,9,530136,75474,76542,31414,0.6991181592500648,0.2938964149390016
6846,0.6855,34,100,34,530236,75374,76576,31380,0.6981918559413094,0.29394683103209246
6847,0.6856,16,48,16,530284,75326,76592,31364,0.6977472303531068,0.2939731933639516
6848,0.6857,25,57,25,530341,75269,76617,31339,0.6972192374671162,0.29396480564310373
6849,0.6858,18,70,18,530411,75199,76635,31321,0.6965708251509874,0.29403867818250096
6850,0.6859,20,33,20,530444,75166,76655,31301,0.6962651450590982,0.2939972010106418
6851,0.686,33,101,33,530545,75065,76688,31268,0.6953295787172552,0.29405734814215717
6852,0.6861,34,68,34,530613,74997,76722,31234,0.6946996924673015,0.29401963645263623
6853,0.6862,55,179,55,530792,74818,76777,31179,0.6930416095446293,0.2941498344292763
6854,0.6863,48,116,48,530908,74702,76825,31131,0.691967097706473,0.2941521075656931
6855,0.6864,38,116,38,531024,74586,76863,31093,0.6908925858683167,0.2942211792314462
6856,0.6865,23,45,23,531069,74541,76886,31070,0.6904757493793768,0.29419283976100974
6857,0.6866,21,58,21,531127,74483,76907,31049,0.6899384934602987,0.2942140772467119
6858,0.6867,13,59,13,531186,74424,76920,31036,0.6893919745081329,0.2942916745685568
6859,0.6868,11,49,11,531235,74375,76931,31025,0.6889380858868428,0.29435483870967744
6860,0.6869,16,44,16,531279,74331,76947,31009,0.6885305124309904,0.2943706094550978
6861,0.687,16,69,16,531348,74262,76963,30993,0.6878913631479492,0.2944563203648283
6862,0.6871,34,103,34,531451,74159,76997,30959,0.686937270739931,0.29451663844441484
6863,0.6872,26,76,26,531527,74083,77023,30933,0.686233280225277,0.294555115410985
6864,0.6873,23,80,23,531607,74003,77046,30910,0.6854922375782726,0.2946250702963408
6865,0.6874,13,46,13,531653,73957,77059,30897,0.6850661380562452,0.29466687012417264
6866,0.6875,30,93,30,531746,73864,77089,30867,0.6842046759791026,0.2947264897690273
6867,0.6876,18,59,18,531805,73805,77107,30849,0.6836581570269369,0.29477134175473463
6868,0.6877,25,86,25,531891,73719,77132,30824,0.6828615361814072,0.2948451833216954
6869,0.6878,12,49,12,531940,73670,77144,30812,0.6824076475601171,0.2949024712390651
6870,0.6879,7,44,7,531984,73626,77151,30805,0.6820000741042647,0.29497946012199444
6871,0.688,28,74,28,532058,73552,77179,30777,0.6813146096557857,0.29499947282155486
6872,0.6881,13,36,13,532094,73516,77192,30764,0.6809811404646338,0.2950134253931722
6873,0.6882,28,84,28,532178,73432,77220,30736,0.6802030456852792,0.2950618232086629
6874,0.6883,21,64,21,532242,73368,77241,30715,0.6796102115676758,0.2951010251433952
6875,0.6884,18,56,18,532298,73312,77259,30697,0.6790914817147727,0.2951379207568576
6876,0.6885,9,33,9,532331,73279,77268,30688,0.6787858016228834,0.2951705829734435
6877,0.6886,11,47,11,532378,73232,77279,30677,0.6783504390677684,0.29522947964083956
6878,0.6887,15,52,15,532430,73180,77294,30662,0.6778687613472155,0.2952755147242927
6879,0.6888,38,78,38,532508,73102,77332,30624,0.6771462447663863,0.2952393806760118
6880,0.6889,26,76,26,532584,73026,77358,30598,0.6764422542517322,0.2952790859260403
6881,0.689,25,62,25,532646,72964,77383,30573,0.6758679462003039,0.29528574326086326
6882,0.6891,20,46,20,532692,72918,77403,30553,0.6754418466782763,0.2952808033168714
6883,0.6892,22,95,22,532787,72823,77425,30531,0.6745618585349586,0.2954022098806045
6884,0.6893,10,51,10,532838,72772,77435,30521,0.6740894438474935,0.295479848586061
6885,0.6894,15,35,15,532873,72737,77450,30506,0.673765237689429,0.2954776595023391
6886,0.6895,9,32,9,532905,72705,77459,30497,0.6734688206306273,0.2955078389953683
6887,0.6896,23,49,23,532954,72656,77482,30474,0.6730149320093372,0.29549112770289926
6888,0.6897,25,83,25,533037,72573,77507,30449,0.6722461002630702,0.2955582302809109
6889,0.6898,23,67,23,533104,72506,77530,30426,0.671625477046204,0.29559320716589593
6890,0.6899,19,49,19,533153,72457,77549,30407,0.6711715884249139,0.2956039041841655
6891,0.69,41,98,41,533251,72359,77590,30366,0.6702638111823336,0.2956047700170358
6892,0.6901,31,86,31,533337,72273,77621,30335,0.6694671903368039,0.2956397162014658
6893,0.6902,25,67,25,533404,72206,77646,30310,0.6688465671199377,0.29566116508642554
6894,0.6903,16,32,16,533436,72174,77662,30294,0.668550150061136,0.29564351797634386
6895,0.6904,15,70,15,533506,72104,77677,30279,0.6679017377450073,0.2957424572438784
6896,0.6905,14,63,14,533569,72041,77691,30265,0.6673181666604913,0.2958282016695013
6897,0.6906,10,24,10,533593,72017,77701,30255,0.66709585386639,0.2958287703379224
6898,0.6907,15,50,15,533643,71967,77716,30240,0.6666327022120123,0.29587014588041916
6899,0.6908,29,77,29,533720,71890,77745,30211,0.6659194486642707,0.2958932821421925
6900,0.6909,12,30,12,533750,71860,77757,30199,0.665641557671644,0.2958974710706552
6901,0.691,18,60,18,533810,71800,77775,30181,0.6650857756863907,0.2959472842980555
6902,0.6911,26,76,26,533886,71724,77801,30155,0.6643817851717366,0.2959883783704198
6903,0.6912,16,63,16,533949,71661,77817,30139,0.6637982140872207,0.2960609037328094
6904,0.6913,17,67,17,534016,71594,77834,30122,0.6631775908703545,0.29613826733257304
6905,0.6914,23,79,23,534095,71515,77857,30099,0.6624458112564378,0.29620918377388944
6906,0.6915,7,50,7,534145,71465,77864,30092,0.6619826596020602,0.2963065076754926
6907,0.6916,24,75,24,534220,71390,77888,30068,0.6612879321204935,0.29635908454730037
6908,0.6917,20,77,20,534297,71313,77908,30048,0.6605746785727519,0.2964453783999763
6909,0.6918,29,68,29,534365,71245,77937,30019,0.6599447923227981,0.29644296097329753
6910,0.6919,25,64,25,534429,71181,77962,29994,0.6593519582051947,0.29645663454410676
6911,0.692,11,45,11,534474,71136,77973,29983,0.6589351217162548,0.29651203038004725
6912,0.6921,9,30,9,534504,71106,77982,29974,0.6586572307236281,0.2965373961218837
6913,0.6922,38,119,38,534623,70987,78020,29936,0.6575549297862092,0.2966221773034888
6914,0.6923,32,99,32,534722,70888,78052,29904,0.6566378895105414,0.29669021350900865
6915,0.6924,13,49,13,534771,70839,78065,29891,0.6561840008892512,0.29674377047552863
6916,0.6925,19,75,19,534846,70764,78084,29872,0.6554892734076846,0.2968321475416352
6917,0.6926,35,118,35,534964,70646,78119,29837,0.6543962355033532,0.2969358000855866
6918,0.6927,18,60,18,535024,70586,78137,29819,0.6538404535180999,0.29698720183257804
6919,0.6928,15,29,15,535053,70557,78152,29804,0.6535718255585609,0.29696794571596535
6920,0.6929,13,55,13,535108,70502,78165,29791,0.6530623587387454,0.29703967375589524
6921,0.693,27,64,27,535172,70438,78192,29764,0.6524695246211419,0.2970399792419313
6922,0.6931,18,53,18,535225,70385,78210,29746,0.6519785838675016,0.2970708372032637
6923,0.6932,15,42,15,535267,70343,78225,29731,0.6515895364778242,0.29709015328656796
6924,0.6933,17,57,17,535324,70286,78242,29714,0.6510615435918337,0.29714
6925,0.6934,29,86,29,535410,70200,78271,29685,0.6502649227463041,0.2971917705361165
6926,0.6935,5,46,5,535456,70154,78276,29680,0.6498388232242766,0.2972935072219885
6927,0.6936,18,47,18,535503,70107,78294,29662,0.6494034606691615,0.2973067786587016
6928,0.6937,17,51,17,535554,70056,78311,29645,0.6489310459816963,0.29733904374078496
6929,0.6938,40,92,40,535646,69964,78351,29605,0.6480788469376413,0.2973314987596541
6930,0.6939,37,96,37,535742,69868,78388,29568,0.647189595761236,0.29735709401021765
6931,0.694,20,70,20,535812,69798,78408,29548,0.6465411834451072,0.29742516054999696
6932,0.6941,38,111,38,535923,69687,78446,29510,0.6455129867723888,0.2974888353478432
6933,0.6942,14,40,14,535963,69647,78460,29496,0.6451424654488865,0.29750965776706373
6934,0.6943,20,56,20,536019,69591,78480,29476,0.6446237355959835,0.2975360109824664
6935,0.6944,24,82,24,536101,69509,78504,29452,0.6438641668828041,0.29761219066096745
6936,0.6945,18,67,18,536168,69442,78522,29434,0.643243543665938,0.2976859905335976
6937,0.6946,56,131,56,536299,69311,78578,29378,0.6420300863314684,0.29768261913688454
6938,0.6947,5,39,5,536338,69272,78583,29373,0.6416688280410537,0.2977647118455066
6939,0.6948,18,35,18,536373,69237,78601,29355,0.6413446218829894,0.29774221032132425
6940,0.6949,18,56,18,536429,69181,78619,29337,0.6408258920300863,0.2977831462270854
6941,0.695,26,46,26,536475,69135,78645,29311,0.6403997925080588,0.2977368303435386
6942,0.6951,18,66,18,536541,69069,78663,29293,0.6397884323242803,0.2978080966226795
6943,0.6952,18,66,18,536607,69003,78681,29275,0.6391770721405017,0.29787948472699893
6944,0.6953,15,44,15,536651,68959,78696,29260,0.6387694986846493,0.2979057005263747
6945,0.6954,18,63,18,536714,68896,78714,29242,0.6381859276001334,0.2979681672746541
6946,0.6955,17,66,17,536780,68830,78731,29225,0.6375745674163548,0.29804701443067666
6947,0.6956,13,73,13,536853,68757,78744,29212,0.6368983660009634,0.2981759536179812
6948,0.6957,13,57,13,536910,68700,78757,29199,0.6363703731149728,0.29825636625501795
6949,0.6958,32,53,32,536963,68647,78789,29167,0.6358794323613324,0.2981883983887787
6950,0.6959,14,34,14,536997,68613,78803,29153,0.6355644892363556,0.29819160035186054
6951,0.696,16,50,16,537047,68563,78819,29137,0.6351013375819778,0.2982292732855681
6952,0.6961,18,62,18,537109,68501,78837,29119,0.6345270295305495,0.29828928498258556
6953,0.6962,17,47,17,537156,68454,78854,29102,0.6340916669754344,0.2983107138464062
6954,0.6963,25,112,25,537268,68342,78879,29077,0.6330542072696284,0.2984736037118016
6955,0.6964,16,45,16,537313,68297,78895,29061,0.6326373707806884,0.29849627149284086
6956,0.6965,21,72,21,537385,68225,78916,29040,0.6319704323983846,0.29856577391661954
6957,0.6966,11,41,11,537426,68184,78927,29029,0.6315906480417948,0.29861232551202
6958,0.6967,30,124,30,537550,68060,78957,28999,0.6304420319389381,0.29877703252660753
6959,0.6968,8,32,8,537582,68028,78965,28991,0.6301456148801363,0.2988177573464991
6960,0.6969,20,67,20,537649,67961,78985,28971,0.6295249916632703,0.29887962695497877
6961,0.697,11,41,11,537690,67920,78996,28960,0.6291452073066806,0.2989265070189926
6962,0.6971,35,57,35,537747,67863,79031,28925,0.62861721442069,0.29884903087159564
6963,0.6972,3,25,3,537772,67838,79034,28922,0.628385638593501,0.2989045059942125
6964,0.6973,8,44,8,537816,67794,79042,28914,0.6279780651376486,0.2989825040327584
6965,0.6974,28,77,28,537893,67717,79070,28886,0.627264811589907,0.29901762885210603
6966,0.6975,25,96,25,537989,67621,79095,28861,0.6263755604135018,0.2991335171327294
6967,0.6976,18,41,18,538030,67580,79113,28843,0.625995776056912,0.2991298756520747
6968,0.6977,27,68,27,538098,67512,79140,28816,0.6253658898069584,0.29914458931982396
6969,0.6978,24,58,24,538156,67454,79164,28792,0.6248286338878802,0.29915009454938385
6970,0.6979,34,121,34,538277,67333,79198,28758,0.6237078068842862,0.2992788086293201
6971,0.698,19,72,19,538349,67261,79217,28739,0.6230408685019823,0.2993645833333333
6972,0.6981,14,30,14,538379,67231,79231,28725,0.6227629775093556,0.29935595481262245
6973,0.6982,25,88,25,538467,67143,79256,28700,0.6219478305976509,0.29944805567438415
6974,0.6983,23,69,23,538536,67074,79279,28677,0.6213086813146097,0.299495566625936
6975,0.6984,24,81,24,538617,66993,79303,28653,0.6205583756345178,0.29957342701210715
6976,0.6985,12,69,12,538686,66924,79315,28641,0.6199192263514766,0.29970177366190554
6977,0.6986,9,18,9,538704,66906,79324,28632,0.6197524917559005,0.29969226904477797
6978,0.6987,22,82,22,538786,66824,79346,28610,0.6189929230427211,0.29978833539409433
6979,0.6988,19,85,19,538871,66739,79365,28591,0.618205565230279,0.2999160809818525
6980,0.6989,9,32,9,538903,66707,79374,28582,0.6179091481714772,0.2999506763634837
6981,0.699,8,53,8,538956,66654,79382,28574,0.6174182074178369,0.30005880623346076
6982,0.6991,21,82,21,539038,66572,79403,28553,0.6166586387046574,0.3001629434954008
6983,0.6992,36,80,36,539118,66492,79439,28517,0.6159175960576532,0.3001505120567525
6984,0.6993,21,73,21,539191,66419,79460,28496,0.6152413946422617,0.30022651846388876
6985,0.6994,20,58,20,539249,66361,79480,28476,0.6147041387231835,0.3002625557535561
6986,0.6995,15,79,15,539328,66282,79495,28461,0.6139723591092667,0.3004021405275324
6987,0.6996,30,68,30,539396,66214,79525,28431,0.6133424728593131,0.30039621744413336
6988,0.6997,21,76,21,539472,66138,79546,28410,0.6126384823446589,0.3004822947074502
6989,0.6998,28,69,28,539541,66069,79574,28382,0.6119993330616177,0.3004944362685414
6990,0.6999,36,117,36,539658,65952,79610,28346,0.6109155581903739,0.30060022481919024
6991,0.7,34,86,34,539744,65866,79644,28312,0.6101189373448442,0.30062222599757904
6992,0.7001,30,93,30,539837,65773,79674,28282,0.6092574752677017,0.30069640104194356
6993,0.7002,29,52,29,539889,65721,79703,28253,0.6087757975471488,0.3006469874646179
6994,0.7003,32,69,32,539958,65652,79735,28221,0.6081366482641076,0.30062957399891344
6995,0.7004,19,55,19,540013,65597,79754,28202,0.6076271814442921,0.3006641861853538
6996,0.7005,22,67,22,540080,65530,79776,28180,0.607006558227426,0.30071497172126777
6997,0.7006,14,52,14,540132,65478,79790,28166,0.6065248805068731,0.30077741232753835
6998,0.7007,11,44,11,540176,65434,79801,28155,0.6061173070510207,0.30083663678423744
6999,0.7008,11,43,11,540219,65391,79812,28144,0.6057189966282559,0.3008927139573422
7000,0.7009,33,115,33,540334,65276,79845,28111,0.6046537478231873,0.30101620139848156
7001,0.701,12,22,12,540356,65254,79857,28099,0.6044499610952611,0.3009972898567802
7002,0.7011,29,70,29,540426,65184,79886,28070,0.6038015487791323,0.3010058549767302
7003,0.7012,39,132,39,540558,65052,79925,28031,0.6025788284115751,0.3011398429358744
7004,0.7013,21,80,21,540638,64972,79946,28010,0.6018377857645707,0.3012411004280398
7005,0.7014,15,56,15,540694,64916,79961,27995,0.6013190559116677,0.30130985566832774
7006,0.7015,31,56,31,540750,64860,79992,27964,0.6008003260587647,0.30125829526846504
7007,0.7016,24,78,24,540828,64782,80016,27940,0.6000778094779354,0.30133085999007786
7008,0.7017,6,39,6,540867,64743,80022,27934,0.5997165511875209,0.30141243242659993
7009,0.7018,17,82,17,540949,64661,80039,27917,0.5989569824743414,0.30155112445721444
7010,0.7019,18,102,18,541051,64559,80057,27899,0.5980121530994109,0.3017478206320708
7011,0.702,16,43,16,541094,64516,80073,27883,0.5976138426766461,0.30176733514431975
7012,0.7021,12,31,12,541125,64485,80085,27871,0.5973266886509319,0.30177790289748363
7013,0.7022,18,56,18,541181,64429,80103,27853,0.5968079587980288,0.30182484124748055
7014,0.7023,24,50,24,541231,64379,80127,27829,0.5963448071436511,0.30180678466076694
7015,0.7024,22,84,22,541315,64295,80149,27807,0.5955667123642966,0.301915267855204
7016,0.7025,16,53,16,541368,64242,80165,27791,0.5950757716106562,0.30196777242945466
7017,0.7026,14,68,14,541436,64174,80179,27777,0.5944458853607025,0.3020848060379985
7018,0.7027,19,34,19,541470,64140,80198,27758,0.5941309422357257,0.3020522753487562
7019,0.7028,15,41,15,541511,64099,80213,27743,0.5937511578791359,0.30207312558524424
7020,0.7029,18,56,18,541567,64043,80231,27725,0.5932324280262329,0.30212056490279837
7021,0.703,37,81,37,541648,63962,80268,27688,0.5924821223461411,0.30210583742498637
7022,0.7031,21,70,21,541718,63892,80289,27667,0.5918337100300122,0.30217673849648863
7023,0.7032,15,52,15,541770,63840,80304,27652,0.5913520323094594,0.3022340751103922
7024,0.7033,15,49,15,541819,63791,80319,27637,0.5908981436881693,0.30228157675985473
7025,0.7034,19,78,19,541897,63713,80338,27618,0.5901756271073401,0.30239458672301844
7026,0.7035,44,94,44,541991,63619,80382,27574,0.5893049019971099,0.30236969942868425
7027,0.7036,23,57,23,542048,63562,80405,27551,0.5887769091111194,0.3023827554794596
7028,0.7037,25,73,25,542121,63489,80430,27526,0.5881007076957279,0.3024336647805307
7029,0.7038,35,78,35,542199,63411,80465,27491,0.5873781911148986,0.3024245891179512
7030,0.7039,21,72,21,542271,63339,80486,27470,0.5867112527325947,0.3025030558645068
7031,0.704,13,39,13,542310,63300,80499,27457,0.5863499944421802,0.30253313793977327
7032,0.7041,32,77,32,542387,63223,80531,27425,0.5856367408944385,0.3025439060983144
7033,0.7042,22,68,22,542455,63155,80553,27403,0.5850068546444848,0.3026016475628879
7034,0.7043,12,26,12,542481,63129,80565,27391,0.5847660157842084,0.3025961113566063
7035,0.7044,10,34,10,542515,63095,80575,27381,0.5844510726592316,0.3026327423847208
7036,0.7045,23,83,23,542598,63012,80598,27358,0.5836822409129645,0.3027332079229833
7037,0.7046,15,67,15,542665,62945,80613,27343,0.5830616176960984,0.30284201665780613
7038,0.7047,15,66,15,542731,62879,80628,27328,0.5824502575123198,0.3029476648153691
7039,0.7048,27,55,27,542786,62824,80655,27301,0.5819407906925044,0.3029237170596394
7040,0.7049,12,43,12,542829,62781,80667,27289,0.5815424802697395,0.30297546352836685
7041,0.705,16,63,16,542892,62718,80683,27273,0.5809589091852236,0.30306363969730304
7042,0.7051,21,68,21,542960,62650,80704,27252,0.5803290229352699,0.30313007497052347
7043,0.7052,18,65,18,543025,62585,80722,27234,0.5797269257845789,0.3032097885748004
7044,0.7053,30,84,30,543109,62501,80752,27204,0.5789488310052243,0.30326068781004406
7045,0.7054,11,42,11,543151,62459,80763,27193,0.578559783615547,0.3033172712265203
7046,0.7055,32,104,32,543255,62355,80795,27161,0.5775964281744415,0.3034206175432325
7047,0.7056,20,46,20,543301,62309,80815,27141,0.5771703286524139,0.3034209055338178
7048,0.7057,17,56,17,543357,62253,80832,27124,0.5766515987995109,0.3034785235575148
7049,0.7058,20,75,20,543432,62178,80852,27104,0.5759568713179444,0.30357742882103894
7050,0.7059,9,33,9,543465,62145,80861,27095,0.575651191226055,0.3036194531600179
7051,0.706,31,97,31,543562,62048,80892,27064,0.5747526770165623,0.303707693688841
7052,0.7061,24,70,24,543632,61978,80916,27040,0.5741042647004335,0.3037587903570064
7053,0.7062,26,51,26,543683,61927,80942,27014,0.5736318500129682,0.303729438616611
7054,0.7063,19,34,19,543717,61893,80961,26995,0.5733169068879914,0.30369678696786967
7055,0.7064,25,59,25,543776,61834,80986,26970,0.5727703879358257,0.30370253592180535
7056,0.7065,7,41,7,543817,61793,80993,26963,0.572390603579236,0.3037879129298301
7057,0.7066,20,50,20,543867,61743,81013,26943,0.5719274519248583,0.3038021784723632
7058,0.7067,12,39,12,543906,61704,81025,26931,0.5715661936344436,0.3038415975630394
7059,0.7068,19,46,19,543952,61658,81044,26912,0.5711400941124162,0.30385006209777576
7060,0.7069,7,38,7,543990,61620,81051,26905,0.5707880988550891,0.3039254447896075
7061,0.707,11,31,11,544021,61589,81062,26894,0.570500944829375,0.30394539064000997
7062,0.7071,8,28,8,544049,61561,81070,26886,0.5702415799029235,0.30397865388311646
7063,0.7072,21,65,21,544114,61496,81091,26865,0.5696394827522324,0.30403684883602494
7064,0.7073,34,67,34,544181,61429,81125,26831,0.5690188595353662,0.30399954679356445
7065,0.7074,23,91,23,544272,61338,81148,26808,0.5681759235243988,0.3041317813627391
7066,0.7075,23,79,23,544351,61259,81171,26785,0.567444143910482,0.30422288855572216
7067,0.7076,18,53,18,544404,61206,81189,26767,0.5669532031568417,0.3042638082138838
7068,0.7077,30,97,30,544501,61109,81219,26737,0.5660546889473489,0.3043621792682649
7069,0.7078,19,61,19,544562,61048,81238,26718,0.5654896439290081,0.30442312512818176
7070,0.7079,20,37,20,544599,61011,81258,26698,0.5651469117047686,0.3043929357306548
7071,0.708,15,45,15,544644,60966,81273,26683,0.5647300752158286,0.3044301703385093
7072,0.7081,19,46,19,544690,60920,81292,26664,0.5643039756938012,0.30443916697113627
7073,0.7082,13,54,13,544744,60866,81305,26651,0.5638037719070732,0.30452369253973516
7074,0.7083,24,74,24,544818,60792,81329,26627,0.5631183074585943,0.3045905352383349
7075,0.7084,14,52,14,544870,60740,81343,26613,0.5626366297380414,0.30466040090208696
7076,0.7085,20,76,20,544946,60664,81363,26593,0.5619326392233873,0.30476637977468857
7077,0.7086,43,133,43,545079,60531,81406,26550,0.5607006558227426,0.30488855203775794
7078,0.7087,24,69,24,545148,60462,81430,26526,0.5600615065397013,0.3049386122223755
7079,0.7088,13,50,13,545198,60412,81443,26513,0.5595983548853236,0.305010066148979
7080,0.7089,12,46,12,545244,60366,81455,26501,0.5591722553632962,0.30507557530477625
7081,0.709,14,73,14,545317,60293,81469,26487,0.5584960539479047,0.30522009679649686
7082,0.7091,32,77,32,545394,60216,81501,26455,0.557782800400163,0.30523473826308684
7083,0.7092,13,60,13,545454,60156,81514,26442,0.5572270184149097,0.30534192475576805
7084,0.7093,12,24,12,545478,60132,81526,26430,0.5570047056208085,0.3053302834962224
7085,0.7094,29,91,29,545569,60041,81555,26401,0.5561617696098411,0.3054186622243817
7086,0.7095,7,47,7,545616,59994,81562,26394,0.555726407054726,0.3055285456313377
7087,0.7096,19,58,19,545674,59936,81581,26375,0.5551891511356478,0.30558098040805926
7088,0.7097,14,50,14,545724,59886,81595,26361,0.5547259994812701,0.3056454137535219
7089,0.7098,20,46,20,545770,59840,81615,26341,0.5542998999592427,0.30564741648391175
7090,0.7099,20,53,20,545823,59787,81635,26321,0.5538089592056022,0.3056742695219956
7091,0.71,17,50,17,545873,59737,81652,26304,0.5533458075512245,0.3057147174021687
7092,0.7101,17,55,17,545928,59682,81669,26287,0.5528363407314091,0.30577301120171224
7093,0.7102,11,51,11,545979,59631,81680,26276,0.5523639260439438,0.3058656454072427
7094,0.7103,9,31,9,546010,59600,81689,26267,0.5520767720182297,0.305903315592719
7095,0.7104,19,61,19,546071,59539,81708,26248,0.5515117269998888,0.30596710457295395
7096,0.7105,19,42,19,546113,59497,81727,26229,0.5511226796102116,0.30596318503137904
7097,0.7106,15,57,15,546170,59440,81742,26214,0.550594686724221,0.3060452518271184
7098,0.7107,8,24,8,546194,59416,81750,26206,0.5503723739301197,0.30606619793978185
7099,0.7108,28,81,28,546275,59335,81778,26178,0.5496220682500278,0.3061288926829839
7100,0.7109,15,66,15,546341,59269,81793,26163,0.5490107080662492,0.3062435621312857
7101,0.711,21,60,21,546401,59209,81814,26142,0.548454926080996,0.3062881512811801
7102,0.7111,25,70,25,546471,59139,81839,26117,0.5478065137648672,0.3063362109411654
7103,0.7112,25,64,25,546535,59075,81864,26092,0.5472136796472638,0.3063627931006141
7104,0.7113,13,40,13,546575,59035,81877,26079,0.5468431583237615,0.3064008271259722
7105,0.7114,19,55,19,546630,58980,81896,26060,0.5463336915039461,0.3064440263405456
7106,0.7115,12,41,12,546671,58939,81908,26048,0.5459539071473564,0.3064939343664325
7107,0.7116,20,30,20,546701,58909,81928,26028,0.5456760161547297,0.30643889000082414
7108,0.7117,8,31,8,546732,58878,81936,26020,0.5453888621290155,0.3064854295743127
7109,0.7118,26,66,26,546798,58812,81962,25994,0.544777501945237,0.30651133174539535
7110,0.7119,8,18,8,546816,58794,81970,25986,0.544610767349661,0.30651096956829443
7111,0.712,30,76,30,546892,58718,82000,25956,0.5439067768350069,0.3065403783924227
7112,0.7121,26,59,26,546951,58659,82026,25930,0.5433602578828411,0.30654103961508
7113,0.7122,11,49,11,547000,58610,82037,25919,0.542906369261551,0.30662849436288137
7114,0.7123,19,37,19,547037,58573,82056,25900,0.5425636370373115,0.30660684479064315
7115,0.7124,21,48,21,547085,58525,82077,25879,0.5421190114491089,0.30660869153120707
7116,0.7125,10,57,10,547142,58468,82087,25869,0.5415910185631183,0.3067336993253258
7117,0.7126,19,34,19,547176,58434,82106,25850,0.5412760754381415,0.30670115324379477
7118,0.7127,28,72,28,547248,58362,82134,25822,0.5406091370558376,0.3067328708543191
7119,0.7128,10,32,10,547280,58330,82144,25812,0.5403127199970358,0.3067671317534644
7120,0.7129,23,66,23,547346,58264,82167,25789,0.5397013598132573,0.3068183170142648
7121,0.713,37,67,37,547413,58197,82204,25752,0.5390807365963911,0.3067576743022549
7122,0.7131,17,53,17,547466,58144,82221,25735,0.5385897958427508,0.3068110015617735
7123,0.7132,11,18,11,547484,58126,82232,25724,0.5384230612471748,0.30678592725104353
7124,0.7133,24,70,24,547554,58056,82256,25700,0.537774648931046,0.3068436888103539
7125,0.7134,21,71,21,547625,57985,82277,25679,0.5371169735818296,0.3069301013578122
7126,0.7135,9,36,9,547661,57949,82286,25670,0.5367835043906777,0.306987646348318
7127,0.7136,26,62,26,547723,57887,82312,25644,0.5362091963392493,0.30699979648274295
7128,0.7137,36,67,36,547790,57820,82348,25608,0.5355885731223832,0.306947307858273
7129,0.7138,11,44,11,547834,57776,82359,25597,0.5351809996665308,0.30701785949887855
7130,0.7139,38,101,38,547935,57675,82397,25559,0.5342454333246879,0.30707403224643776
7131,0.714,8,33,8,547968,57642,82405,25551,0.5339397532327985,0.3071292055822004
7132,0.7141,4,26,4,547994,57616,82409,25547,0.5336989143725221,0.3071919002440989
7133,0.7142,20,68,20,548062,57548,82429,25527,0.5330690281225684,0.3072765573277159
7134,0.7143,4,12,4,548074,57536,82433,25523,0.5329578717255178,0.30728759074874484
7135,0.7144,5,31,5,548105,57505,82438,25518,0.5326707176998037,0.3073606109150476
7136,0.7145,15,48,15,548153,57457,82453,25503,0.532226092111601,0.3074132111861138
7137,0.7146,15,55,15,548208,57402,82468,25488,0.5317166252917855,0.30749185667752443
7138,0.7147,12,27,12,548235,57375,82480,25476,0.5314665233984216,0.30749176232030995
7139,0.7148,14,53,14,548288,57322,82494,25462,0.5309755826447812,0.3075715114031697
7140,0.7149,28,78,28,548366,57244,82522,25434,0.530253066063952,0.30762718014465756
7141,0.715,8,23,8,548389,57221,82530,25426,0.5300400163029383,0.30764577056638476
7142,0.7151,14,70,14,548459,57151,82544,25412,0.5293916039868094,0.3077892033961944
7143,0.7152,18,54,18,548513,57097,82562,25394,0.5288914002000815,0.307839643112582
7144,0.7153,34,94,34,548607,57003,82596,25360,0.5280206750898514,0.3079052487160497
7145,0.7154,25,65,25,548672,56938,82621,25335,0.5274185779391604,0.30793820572970476
7146,0.7155,10,52,10,548724,56886,82631,25325,0.5269369002186076,0.3080488012553065
7147,0.7156,5,34,5,548758,56852,82636,25320,0.5266219570936307,0.3081341576206007
7148,0.7157,12,37,12,548795,56815,82648,25308,0.5262792248693913,0.30817188850870036
7149,0.7158,7,18,7,548813,56797,82655,25301,0.5261124902738152,0.30818046724646153
7150,0.7159,35,71,35,548884,56726,82690,25266,0.5254548149245989,0.3081520148307152
7151,0.716,13,51,13,548935,56675,82703,25253,0.5249824002371336,0.3082340591739088
7152,0.7161,28,76,28,549011,56599,82731,25225,0.5242784097224795,0.3082836331638639
7153,0.7162,12,35,12,549046,56564,82743,25213,0.5239542035644151,0.3083140736392873
7154,0.7163,8,34,8,549080,56530,82751,25205,0.5236392604394383,0.3083746253135132
7155,0.7164,16,55,16,549135,56475,82767,25189,0.5231297936196229,0.30844680642633227
7156,0.7165,32,71,32,549206,56404,82799,25157,0.5224721182704065,0.3084439867093341
7157,0.7166,11,24,11,549230,56380,82810,25146,0.5222498054763052,0.3084414787920418
7158,0.7167,19,34,19,549264,56346,82829,25127,0.5219348623513284,0.30840892074675047
7159,0.7168,20,79,20,549343,56267,82849,25107,0.5212030827374116,0.3085383537739327
7160,0.7169,21,61,21,549404,56206,82870,25086,0.5206380377190707,0.30859125129164
7161,0.717,21,83,21,549487,56123,82891,25065,0.5198692059728037,0.30872789082130364
7162,0.7171,6,42,6,549529,56081,82897,25059,0.5194801585831265,0.308836578752773
7163,0.7172,27,74,27,549603,56007,82924,25032,0.5187946941346474,0.3088883130344649
7164,0.7173,13,41,13,549644,55966,82937,25019,0.5184149097780577,0.3089337531641662
7165,0.7174,29,70,29,549714,55896,82966,24990,0.5177664974619289,0.308953341740227
7166,0.7175,23,91,23,549805,55805,82989,24967,0.5169235614509615,0.3091046402218591
7167,0.7176,23,60,23,549865,55745,83012,24944,0.5163677794657082,0.30913755282628363
7168,0.7177,44,101,44,549966,55644,83056,24900,0.5154322131238652,0.30914779499404055
7169,0.7178,18,59,18,550025,55585,83074,24882,0.5148856941716996,0.30921992866640985
7170,0.7179,19,47,19,550072,55538,83093,24863,0.5144503316165845,0.3092374472954316
7171,0.718,33,65,33,550137,55473,83126,24830,0.5138482344658936,0.30920389026561895
7172,0.7181,23,76,23,550213,55397,83149,24807,0.5131442439512394,0.30929878809036954
7173,0.7182,6,31,6,550244,55366,83155,24801,0.5128570899255253,0.3093666970199708
7174,0.7183,7,17,7,550261,55349,83162,24794,0.5126996183630368,0.30937199755437156
7175,0.7184,29,64,29,550325,55285,83191,24765,0.5121067842454333,0.309369144284822
7176,0.7185,19,38,19,550363,55247,83210,24746,0.5117547889881062,0.3093520683059768
7177,0.7186,49,122,49,550485,55125,83259,24697,0.5106246989514247,0.30940091704041495
7178,0.7187,27,55,27,550540,55070,83286,24670,0.5101152321316091,0.3093804865813895
7179,0.7188,33,114,33,550654,54956,83319,24637,0.509059246359628,0.3095372708655284
7180,0.7189,13,60,13,550714,54896,83332,24624,0.5085034643743748,0.3096579476861167
7181,0.719,18,82,18,550796,54814,83350,24606,0.5077438956611953,0.3098212037270209
7182,0.7191,17,59,17,550855,54755,83367,24589,0.5071973767090296,0.30990371042548903
7183,0.7192,32,67,32,550922,54688,83399,24557,0.5065767534921635,0.3098870591204492
7184,0.7193,7,21,7,550943,54667,83406,24550,0.5063822297973248,0.3099082267695065
7185,0.7194,33,75,33,551018,54592,83439,24517,0.5056875023157583,0.30991416905788216
7186,0.7195,24,59,24,551077,54533,83463,24493,0.5051409833635926,0.30993597044010834
7187,0.7196,37,98,37,551175,54435,83500,24456,0.5042332061210123,0.309997338099403
7188,0.7197,37,80,37,551255,54355,83537,24419,0.5034921634740079,0.30998806712874805
7189,0.7198,15,49,15,551304,54306,83552,24404,0.5030382748527178,0.3100495489772583
7190,0.7199,13,46,13,551350,54260,83565,24391,0.5026121753306902,0.3101168453039376
7191,0.72,27,81,27,551431,54179,83592,24364,0.5018618696505984,0.310199508549457
7192,0.7201,9,18,9,551449,54161,83601,24355,0.5016951350550224,0.31019155331397424
7193,0.7202,27,63,27,551512,54098,83628,24328,0.5011115639705065,0.3102032489225512
7194,0.7203,14,60,14,551572,54038,83642,24314,0.5005557819852533,0.3103175413518481
7195,0.7204,25,51,25,551623,53987,83667,24289,0.500083367297788,0.3102994532168225
7196,0.7205,15,39,15,551662,53948,83682,24274,0.49972210900737335,0.3103219043235918
7197,0.7206,14,34,14,551696,53914,83696,24260,0.49940716588239653,0.3103333589172871
7198,0.7207,21,61,21,551757,53853,83717,24239,0.4988421208640557,0.3103903088664652
7199,0.7208,13,59,13,551816,53794,83730,24226,0.49829560191189004,0.31051012560881824
7200,0.7209,14,53,14,551869,53741,83744,24212,0.4978046611582497,0.3105974112606314
7201,0.721,17,39,17,551908,53702,83761,24195,0.49744340286783506,0.31060246222575966
7202,0.7211,24,65,24,551973,53637,83785,24171,0.496841305717144,0.31064929056138185
7203,0.7212,10,30,10,552003,53607,83795,24161,0.49656341472451737,0.3106804855467544
7204,0.7213,9,46,9,552049,53561,83804,24152,0.4961373152024899,0.31078455342092054
7205,0.7214,28,52,28,552101,53509,83832,24124,0.4956556374819371,0.3107441423106153
7206,0.7215,21,72,21,552173,53437,83853,24103,0.49498869909963317,0.3108460149600206
7207,0.7216,20,69,20,552242,53368,83873,24083,0.49434954981659196,0.31094498457089
7208,0.7217,10,51,10,552293,53317,83883,24073,0.4938771351291267,0.31106086057630183
7209,0.7218,14,46,14,552339,53271,83897,24059,0.4934510356070992,0.31112116901590586
7210,0.7219,18,46,18,552385,53225,83915,24041,0.4930249360850717,0.31114591152641524
7211,0.722,15,43,15,552428,53182,83930,24026,0.49262662566230686,0.3111853693917729
7212,0.7221,10,41,10,552469,53141,83940,24016,0.49224684130571716,0.3112614539186334
7213,0.7222,11,22,11,552491,53119,83951,24005,0.49204305457779096,0.31125200975053163
7214,0.7223,26,58,26,552549,53061,83977,23979,0.4915057986587128,0.3112538940809969
7215,0.7224,10,46,10,552595,53015,83987,23969,0.4910796991366853,0.31135041047490386
7216,0.7225,14,55,14,552650,52960,84001,23955,0.49057023231686986,0.3114477020087109
7217,0.7226,34,82,34,552732,52878,84035,23921,0.4898106636036904,0.3114754098360656
7218,0.7227,18,97,18,552829,52781,84053,23903,0.48891214939419764,0.3117077878044964
7219,0.7228,14,19,14,552848,52762,84067,23889,0.4887361517655341,0.31165933908233423
7220,0.7229,10,27,10,552875,52735,84077,23879,0.48848604987217015,0.3116793275380479
7221,0.723,25,47,25,552922,52688,84102,23854,0.4880506873170551,0.31164589375767554
7222,0.7231,15,55,15,552977,52633,84117,23839,0.48754122049723964,0.3117350141228162
7223,0.7232,13,27,13,553004,52606,84130,23826,0.48729111860387564,0.3117280720117228
7224,0.7233,27,72,27,553076,52534,84157,23799,0.4866241802215718,0.3117786540552579
7225,0.7234,17,60,17,553136,52474,84174,23782,0.4860683982363185,0.31187054133445236
7226,0.7235,12,43,12,553179,52431,84186,23770,0.4856700878135537,0.3119381635411609
7227,0.7236,39,109,39,553288,52322,84225,23731,0.48466041720701025,0.3120323984589694
7228,0.7237,11,37,11,553325,52285,84236,23720,0.4843176849827708,0.31208473126767977
7229,0.7238,17,54,17,553379,52231,84253,23703,0.48381748119604284,0.31215265888798166
7230,0.7239,18,45,18,553424,52186,84271,23685,0.48340064470710287,0.3121746121706581
7231,0.724,27,113,27,553537,52073,84298,23658,0.48235392196820925,0.3123951882320318
7232,0.7241,11,39,11,553576,52034,84309,23647,0.48199266367779464,0.31245623075805024
7233,0.7242,20,91,20,553667,51943,84329,23627,0.48114972766682723,0.3126505226941908
7234,0.7243,13,36,13,553703,51907,84342,23614,0.4808162584756753,0.31268124097933025
7235,0.7244,22,68,22,553771,51839,84364,23592,0.4801863722257216,0.312762657262929
7236,0.7245,15,57,15,553828,51782,84379,23577,0.479658379339731,0.31286243182632467
7237,0.7246,24,39,24,553867,51743,84403,23553,0.4792971210493164,0.3128054611134722
7238,0.7247,6,39,6,553906,51704,84409,23547,0.47893586275890176,0.31291278521215665
7239,0.7248,21,61,21,553967,51643,84430,23526,0.47837081774056095,0.3129747635328393
7240,0.7249,6,34,6,554001,51609,84436,23520,0.47805587461558413,0.31306153416124266
7241,0.725,23,74,23,554075,51535,84459,23497,0.47737041016710513,0.3131597185200981
7242,0.7251,19,53,19,554128,51482,84478,23478,0.47687946941346476,0.31320704375667024
7243,0.7252,41,118,41,554246,51364,84519,23437,0.47578643150913336,0.313324688172618
7244,0.7253,40,97,40,554343,51267,84559,23397,0.4748879172996406,0.3133638701382192
7245,0.7254,15,55,15,554398,51212,84574,23382,0.47437845047982513,0.3134568463951524
7246,0.7255,17,39,17,554437,51173,84591,23365,0.4740171921894105,0.31346427325659393
7247,0.7256,16,46,16,554483,51127,84607,23349,0.47359109266738303,0.31351039260969976
7248,0.7257,14,41,14,554524,51086,84621,23335,0.4732113083107933,0.31355396998159124
7249,0.7258,26,86,26,554610,51000,84647,23309,0.4724146874652636,0.3136766744270546
7250,0.7259,24,87,24,554697,50913,84671,23285,0.4716088035866464,0.31382247499932614
7251,0.726,16,68,16,554765,50845,84687,23269,0.4709789173366927,0.31396227433413393
7252,0.7261,24,46,24,554811,50799,84711,23245,0.47055281781466524,0.31393495759278267
7253,0.7262,14,53,14,554864,50746,84725,23231,0.47006187706102487,0.31403003636265325
7254,0.7263,17,71,17,554935,50675,84742,23214,0.4694042017118085,0.31417396364817496
7255,0.7264,18,47,18,554982,50628,84760,23196,0.46896883915669346,0.3142067620286086
7256,0.7265,16,67,16,555049,50561,84776,23180,0.46834821593982734,0.31434344530179953
7257,0.7266,28,72,28,555121,50489,84804,23152,0.4676812775575234,0.31439008161214543
7258,0.7267,19,50,19,555171,50439,84823,23133,0.4672181259031457,0.3144266840645898
7259,0.7268,11,30,11,555201,50409,84834,23122,0.4669402349105191,0.31445240782799094
7260,0.7269,7,26,7,555227,50383,84841,23115,0.4666993960502427,0.3144983536966992
7261,0.727,20,54,20,555281,50329,84861,23095,0.46619919226351475,0.31454292874264544
7262,0.7271,17,40,17,555321,50289,84878,23078,0.4658286709400126,0.31455559038804914
7263,0.7272,9,43,9,555364,50246,84887,23069,0.4654303605172478,0.3146559367114506
7264,0.7273,6,13,6,555377,50233,84893,23063,0.46530994108710955,0.31465564287273523
7265,0.7274,6,38,6,555415,50195,84899,23057,0.4649579458297825,0.3147627368536013
7266,0.7275,26,48,26,555463,50147,84925,23031,0.46451332024157993,0.31472573724343383
7267,0.7276,29,56,29,555519,50091,84954,23002,0.46399459038867685,0.31469497763123694
7268,0.7277,30,91,30,555610,50000,84984,22972,0.46315165437770944,0.31480567889053335
7269,0.7278,10,44,10,555654,49956,84994,22962,0.46274408092185704,0.3149016703694561
7270,0.7279,30,57,30,555711,49899,85024,22932,0.46221608803586645,0.31486592247806566
7271,0.728,20,51,20,555762,49848,85044,22912,0.4617436733484012,0.31489829576690487
7272,0.7281,15,46,15,555808,49802,85059,22897,0.46131757382637373,0.3149561892185587
7273,0.7282,23,52,23,555860,49750,85082,22874,0.4608358961058209,0.3149647499449218
7274,0.7283,6,17,6,555877,49733,85088,22868,0.46067842454333247,0.3149818873018278
7275,0.7284,15,50,15,555927,49683,85103,22853,0.46021527288895475,0.31505735083269
7276,0.7285,16,42,16,555969,49641,85119,22837,0.4598262254992775,0.31508871657606446
7277,0.7286,18,57,18,556026,49584,85137,22819,0.4592982326132869,0.3151664986257475
7278,0.7287,22,46,22,556072,49538,85159,22797,0.4588721330912594,0.31515863689776735
7279,0.7288,17,32,17,556104,49506,85176,22780,0.45857571603245767,0.3151370943197853
7280,0.7289,8,36,8,556140,49470,85184,22772,0.4582422468413057,0.3152182940671631
7281,0.729,13,29,13,556169,49441,85197,22759,0.45797361888176663,0.3152216066481994
7282,0.7291,26,81,26,556250,49360,85223,22733,0.45722331320167475,0.3153288113963908
7283,0.7292,21,47,21,556297,49313,85244,22712,0.4567879506465597,0.3153349531412704
7284,0.7293,19,59,19,556356,49254,85263,22693,0.456241431694394,0.31541273437391415
7285,0.7294,23,42,23,556398,49212,85286,22670,0.45585238430471675,0.31537798057928274
7286,0.7295,23,64,23,556462,49148,85309,22647,0.4552595501871133,0.315439793857511
7287,0.7296,4,27,4,556489,49121,85313,22643,0.4550094482937493,0.31552031659327795
7288,0.7297,30,80,30,556569,49041,85343,22613,0.454268405646745,0.315586010550702
7289,0.7298,9,54,9,556623,48987,85352,22604,0.45376820186001704,0.31573801176125493
7290,0.7299,16,50,16,556673,48937,85368,22588,0.4533050502056393,0.31580566235581964
7291,0.73,8,54,8,556727,48883,85376,22580,0.4528048464189114,0.31596770356688075
7292,0.7301,11,17,11,556744,48866,85387,22569,0.452647374856423,0.3159375656190943
7293,0.7302,27,67,27,556811,48799,85414,22542,0.45202675163955686,0.31597538582301904
7294,0.7303,11,24,11,556835,48775,85425,22531,0.45180443884545557,0.3159762151852579
7295,0.7304,12,35,12,556870,48740,85437,22519,0.4514802326873912,0.3160162225122441
7296,0.7305,7,14,7,556884,48726,85444,22512,0.4513505502241654,0.316011117661922
7297,0.7306,11,59,11,556943,48667,85455,22501,0.4508040312719997,0.3161673785971223
7298,0.7307,16,42,16,556985,48625,85471,22485,0.45041498388232243,0.31620025312895517
7299,0.7308,14,54,14,557039,48571,85485,22471,0.4499147800955945,0.31630584724529154
7300,0.7309,16,27,16,557066,48544,85501,22455,0.44966467820223055,0.31627206016986154
7301,0.731,18,37,18,557103,48507,85519,22437,0.449321945977991,0.3162635317997294
7302,0.7311,32,75,32,557178,48432,85551,22405,0.44862721849642445,0.3162895097194969
7303,0.7312,4,16,4,557194,48416,85555,22401,0.4484790099670236,0.3163223519776325
7304,0.7313,24,53,24,557247,48363,85579,22377,0.44798806921338324,0.31632739609838845
7305,0.7314,32,66,32,557313,48297,85611,22345,0.44737670902960464,0.316313241414456
7306,0.7315,11,29,11,557342,48268,85622,22334,0.44710808107006556,0.31633664768703434
7307,0.7316,17,76,17,557418,48192,85639,22317,0.44640409055541147,0.31651278560183804
7308,0.7317,15,52,15,557470,48140,85654,22302,0.4459224128348587,0.31660089151358567
7309,0.7318,32,73,32,557543,48067,85686,22270,0.4452462114194672,0.3166185649089384
7310,0.7319,32,80,32,557623,47987,85718,22238,0.4445051687724629,0.3166678533285867
7311,0.732,14,53,14,557676,47934,85732,22224,0.4440142280188225,0.31677071752330455
7312,0.7321,20,47,20,557723,47887,85752,22204,0.44357886546370745,0.31678817537201637
7313,0.7322,48,140,48,557863,47747,85800,22156,0.44228204083144984,0.316953492697023
7314,0.7323,7,35,7,557898,47712,85807,22149,0.44195783467338545,0.3170438442049212
7315,0.7324,15,40,15,557938,47672,85822,22134,0.44158731334988327,0.31707876113801103
7316,0.7325,19,31,19,557969,47641,85841,22115,0.4413001593241691,0.31703366018693735
7317,0.7326,29,76,29,558045,47565,85870,22086,0.44059616880951497,0.31709523194211137
7318,0.7327,35,82,35,558127,47483,85905,22051,0.4398366000963355,0.3171254350389737
7319,0.7328,13,34,13,558161,47449,85918,22038,0.4395216569713587,0.3171528487342956
7320,0.7329,27,71,27,558232,47378,85945,22011,0.43886398162214235,0.31721166179077376
7321,0.733,27,60,27,558292,47318,85972,21984,0.4383081996368891,0.3172202822429367
7322,0.7331,19,57,19,558349,47261,85991,21965,0.4377802067508985,0.3172940802588623
7323,0.7332,19,31,19,558380,47230,86010,21946,0.43749305272518435,0.3172487567942639
7324,0.7333,15,66,15,558446,47164,86025,21931,0.43688169254140574,0.3174035747883349
7325,0.7334,9,18,9,558464,47146,86034,21922,0.43671495794582976,0.31739734754155324
7326,0.7335,12,33,12,558497,47113,86046,21910,0.4364092778539405,0.3174304217434768
7327,0.7336,11,48,11,558545,47065,86057,21899,0.4359646522657379,0.3175424859346906
7328,0.7337,19,18,19,558563,47047,86076,21880,0.4357979176701619,0.31743728872575333
7329,0.7338,25,45,25,558608,47002,86101,21855,0.435381081181222,0.3173969240600084
7330,0.7339,5,45,5,558653,46957,86106,21850,0.43496424469228206,0.31755489993750635
7331,0.734,20,51,20,558704,46906,86126,21830,0.4344918300048168,0.3175919459962756
7332,0.7341,8,44,8,558748,46862,86134,21822,0.4340842565489644,0.3177159163706249
7333,0.7342,21,68,21,558816,46794,86155,21801,0.4334543702990107,0.317821998687951
7334,0.7343,12,29,12,558845,46765,86167,21789,0.43318574233947166,0.3178370335793681
7335,0.7344,29,75,29,558920,46690,86196,21760,0.4324910148579051,0.3178962746530314
7336,0.7345,22,63,22,558983,46627,86218,21738,0.43190744377338913,0.3179697213486433
7337,0.7346,3,40,3,559023,46587,86221,21735,0.431536922449887,0.31812593308158427
7338,0.7347,10,59,10,559082,46528,86231,21725,0.4309904034977213,0.31830102706108154
7339,0.7348,9,38,9,559120,46490,86240,21716,0.43063840824039423,0.3183884115766941
7340,0.7349,21,48,21,559168,46442,86261,21695,0.43019378265219166,0.3184026299954503
7341,0.735,15,32,15,559200,46410,86276,21680,0.4298973655933899,0.3184021148479953
7342,0.7351,19,34,19,559234,46376,86295,21661,0.42958242246841305,0.3183708864294428
7343,0.7352,18,62,18,559296,46314,86313,21643,0.4290081144169847,0.31848080403784745
7344,0.7353,25,47,25,559343,46267,86338,21618,0.42857275186186966,0.3184503203947853
7345,0.7354,27,87,27,559430,46180,86365,21591,0.4277668679832524,0.31858759646456447
7346,0.7355,22,55,22,559485,46125,86387,21569,0.42725740116343697,0.31862498892073154
7347,0.7356,9,33,9,559518,46092,86396,21560,0.42695172107154766,0.31868976526931947
7348,0.7357,31,55,31,559573,46037,86427,21529,0.4264422542517322,0.318636592368943
7349,0.7358,25,59,25,559632,45978,86452,21504,0.4258957352995665,0.3186627545123144
7350,0.7359,9,52,9,559684,45926,86461,21495,0.4254140575790137,0.3188175790925676
7351,0.736,12,29,12,559713,45897,86473,21483,0.4251454296194746,0.318833481745325
7352,0.7361,24,60,24,559773,45837,86497,21459,0.42458964763422136,0.31887482168330955
7353,0.7362,11,44,11,559817,45793,86508,21448,0.42418207417836895,0.3189720557398016
7354,0.7363,18,51,18,559868,45742,86526,21430,0.4237096594909037,0.31903173941523255
7355,0.7364,14,34,14,559902,45708,86540,21416,0.42339471636592685,0.3190513080269352
7356,0.7365,15,41,15,559943,45667,86555,21401,0.42301493200933715,0.3190940537961472
7357,0.7366,25,51,25,559994,45616,86580,21376,0.42254251732187187,0.3190828755672319
7358,0.7367,16,40,16,560034,45576,86596,21360,0.4221719959983697,0.3191107923987092
7359,0.7368,26,73,26,560107,45503,86622,21334,0.42149579458297826,0.3191944581594027
7360,0.7369,2,19,2,560126,45484,86624,21332,0.4213197969543147,0.319264846743295
7361,0.737,14,54,14,560180,45430,86638,21318,0.42081959316758677,0.31938035596572184
7362,0.7371,6,33,6,560213,45397,86644,21312,0.4205139130756975,0.31947713202116657
7363,0.7372,5,24,5,560237,45373,86649,21307,0.4202916002815962,0.3195410917816437
7364,0.7373,19,53,19,560290,45320,86668,21288,0.4198006595279558,0.3196012490992073
7365,0.7374,14,47,14,560337,45273,86682,21274,0.4193652969728408,0.3196838324793003
7366,0.7375,22,39,22,560376,45234,86704,21252,0.4190040386824262,0.31964624131396085
7367,0.7376,13,48,13,560424,45186,86717,21239,0.41855941309422356,0.31974407226194956
7368,0.7377,24,82,24,560506,45104,86741,21215,0.4177998443810441,0.3198932432636198
7369,0.7378,13,48,13,560554,45056,86754,21202,0.41735521879284154,0.3199915481904072
7370,0.7379,25,61,25,560615,44995,86779,21177,0.4167901737745007,0.3200296197787584
7371,0.738,28,59,28,560674,44936,86807,21149,0.41624365482233505,0.320027237648483
7372,0.7381,5,16,5,560690,44920,86812,21144,0.41609544629293416,0.320053281666263
7373,0.7382,18,52,18,560742,44868,86830,21126,0.41561376857238136,0.32012001091008274
7374,0.7383,31,63,31,560805,44805,86861,21095,0.4150301974878654,0.3201062215477997
7375,0.7384,2,18,2,560823,44787,86863,21093,0.4148634628922894,0.32017304189435336
7376,0.7385,8,38,8,560861,44749,86871,21085,0.4145114676349624,0.3202752377191117
7377,0.7386,16,28,16,560889,44721,86887,21069,0.41425210270851087,0.3202462380300958
7378,0.7387,12,34,12,560923,44687,86899,21057,0.41393715958353405,0.3202877829155512
7379,0.7388,12,32,12,560955,44655,86911,21045,0.4136407425247323,0.32031963470319635
7380,0.7389,5,34,5,560989,44621,86916,21040,0.41332579939975544,0.3204337430133565
7381,0.739,14,27,14,561016,44594,86930,21026,0.4130756975063915,0.3204206034745504
7382,0.7391,20,60,20,561076,44534,86950,21006,0.41251991552113826,0.3205065608788526
7383,0.7392,27,55,27,561131,44479,86977,20979,0.41201044870132275,0.3204955849552385
7384,0.7393,20,74,20,561205,44405,86997,20959,0.41132498425284375,0.32065051098463987
7385,0.7394,11,18,11,561223,44387,87008,20948,0.41115824965726777,0.3206244738654626
7386,0.7395,28,74,28,561297,44313,87036,20920,0.41047278520878877,0.32069657995186485
7387,0.7396,6,28,6,561325,44285,87042,20914,0.41021342028233726,0.32077179097838926
7388,0.7397,12,18,12,561343,44267,87054,20902,0.4100466856867613,0.3207353189399868
7389,0.7398,12,30,12,561373,44237,87066,20890,0.40976879469413463,0.32075790378798347
7390,0.7399,11,35,11,561408,44202,87077,20879,0.40944458853607024,0.32081559902275625
7391,0.74,52,122,52,561530,44080,87129,20827,0.40831449849938867,0.32087448195109924
7392,0.7401,18,45,18,561575,44035,87147,20809,0.4078976620104487,0.3209086422799334
7393,0.7402,21,81,21,561656,43954,87168,20788,0.4071473563303568,0.32108986438478887
7394,0.7403,31,59,31,561715,43895,87199,20757,0.40660083737819114,0.32105735321413104
7395,0.7404,23,49,23,561764,43846,87222,20734,0.40614694875690094,0.32105915144007435
7396,0.7405,6,22,6,561786,43824,87228,20728,0.4059431620289748,0.3211054653612591
7397,0.7406,15,54,15,561840,43770,87243,20713,0.40544295824224685,0.32121644464432486
7398,0.7407,14,37,14,561877,43733,87257,20699,0.4051002260180073,0.321253414452446
7399,0.7408,14,40,14,561917,43693,87271,20685,0.40472970469450514,0.3213054148932865
7400,0.7409,15,33,15,561950,43660,87286,20670,0.4044240246026159,0.32131198507694697
7401,0.741,10,33,10,561983,43627,87296,20660,0.4041183445107266,0.32137135035077075
7402,0.7411,14,52,14,562035,43575,87310,20646,0.4036366667901738,0.32148362685103005
7403,0.7412,22,69,22,562104,43506,87332,20624,0.40299751750713253,0.32159675658818027
7404,0.7413,14,63,14,562167,43443,87346,20610,0.40241394642261663,0.32176478853449486
7405,0.7414,27,48,27,562215,43395,87373,20583,0.401969320834414,0.32171996623839444
7406,0.7415,23,63,23,562278,43332,87396,20560,0.4013857497498981,0.32179302573092095
7407,0.7416,23,77,23,562355,43255,87419,20537,0.40067249620215645,0.3219369199899674
7408,0.7417,11,31,11,562386,43224,87430,20526,0.4003853421764422,0.3219764705882353
7409,0.7418,33,57,33,562443,43167,87463,20493,0.3998573492904517,0.3219132893496701
7410,0.7419,15,47,15,562490,43120,87478,20478,0.39942198673533663,0.32199125758671654
7411,0.742,8,25,8,562515,43095,87486,20470,0.3991904109081478,0.3220325650908519
7412,0.7421,28,48,28,562563,43047,87514,20442,0.39874578531994515,0.32197703539195766
7413,0.7422,15,54,15,562617,42993,87529,20427,0.39824558153321726,0.32209082308420056
7414,0.7423,28,108,28,562725,42885,87557,20399,0.3972451739597614,0.3223405600151697
7415,0.7424,6,28,6,562753,42857,87563,20393,0.3969858090333099,0.32241897233201583
7416,0.7425,6,19,6,562772,42838,87569,20387,0.39680981140464633,0.32245156188216684
7417,0.7426,9,24,9,562796,42814,87578,20378,0.39658749861054504,0.3224775288011141
7418,0.7427,13,37,13,562833,42777,87591,20365,0.3962447663863055,0.322527002628995
7419,0.7428,10,22,10,562855,42755,87601,20355,0.39604097965837937,0.32253208683251466
7420,0.7429,17,24,17,562879,42731,87618,20338,0.395818666864278,0.322472212973093
7421,0.743,18,50,18,562929,42681,87636,20320,0.3953555152099003,0.32253456294344535
7422,0.7431,34,73,34,563002,42608,87670,20286,0.3946793137945089,0.3225426908767132
7423,0.7432,26,64,26,563066,42544,87696,20260,0.3940864796769054,0.32259091777593785
7424,0.7433,23,43,23,563109,42501,87719,20237,0.3936881692541406,0.322563677516019
7425,0.7434,13,33,13,563142,42468,87732,20224,0.39338248916225127,0.3225929943214445
7426,0.7435,9,32,9,563174,42436,87741,20215,0.39308607210344954,0.3226604523471293
7427,0.7436,13,50,13,563224,42386,87754,20202,0.3926229204490718,0.32277752923883174
7428,0.7437,36,83,36,563307,42303,87790,20166,0.39185408870280486,0.3228161167939298
7429,0.7438,22,50,22,563357,42253,87812,20144,0.39139093704842715,0.3228360337836755
7430,0.7439,24,97,24,563454,42156,87836,20120,0.39049242283893437,0.32307791123386215
7431,0.744,23,57,23,563511,42099,87859,20097,0.3899644299529438,0.32312367354813815
7432,0.7441,14,33,14,563544,42066,87873,20083,0.3896587498610545,0.32314276979516965
7433,0.7442,17,33,17,563577,42033,87890,20066,0.3893530697691652,0.32312919692748676
7434,0.7443,10,28,10,563605,42005,87900,20056,0.3890937048427137,0.3231659174038446
7435,0.7444,12,31,12,563636,41974,87912,20044,0.3888065508169995,0.3231964913412235
7436,0.7445,28,43,28,563679,41931,87940,20016,0.38840824039423466,0.3231149208194101
7437,0.7446,12,18,12,563697,41913,87952,20004,0.38824150579865874,0.3230776684916905
7438,0.7447,22,70,22,563767,41843,87974,19982,0.3875930934825299,0.32320258794985846
7439,0.7448,22,44,22,563811,41799,87996,19960,0.38718552002667755,0.3231917615246361
7440,0.7449,20,36,20,563847,41763,88016,19940,0.3868520508355256,0.3231609484141776
7441,0.745,23,59,23,563906,41704,88039,19917,0.38630553188335987,0.3232177342139855
7442,0.7451,4,32,4,563938,41672,88043,19913,0.38600911482455813,0.32334172282211576
7443,0.7452,8,24,8,563962,41648,88051,19905,0.38578680203045684,0.32337985151008075
7444,0.7453,15,44,15,564006,41604,88066,19890,0.3853792285746045,0.32344618987218265
7445,0.7454,19,41,19,564047,41563,88085,19871,0.38499944421801474,0.3234528111469219
7446,0.7455,19,47,19,564094,41516,88104,19852,0.3845640816628997,0.32349107026463303
7447,0.7456,10,30,10,564124,41486,88114,19842,0.3842861906702731,0.32353900339159924
7448,0.7457,19,25,19,564149,41461,88133,19823,0.38405461484308423,0.3234612623196919
7449,0.7458,19,64,19,564213,41397,88152,19804,0.38346178072548076,0.3235894838319635
7450,0.7459,11,45,11,564258,41352,88163,19793,0.3830449442365408,0.3237059448851092
7451,0.746,18,41,18,564299,41311,88181,19775,0.3826651598799511,0.32372393019677176
7452,0.7461,15,34,15,564333,41277,88196,19760,0.38235021675497427,0.3237380605206678
7453,0.7462,7,40,7,564373,41237,88203,19753,0.3819796954314721,0.3238727660272176
7454,0.7463,14,36,14,564409,41201,88217,19739,0.38164622624032013,0.32390876271742697
7455,0.7464,18,62,18,564471,41139,88235,19721,0.38107191818889175,0.3240387775221821
7456,0.7465,13,35,13,564506,41104,88248,19708,0.38074771203082736,0.3240807735315398
7457,0.7466,17,39,17,564545,41065,88265,19691,0.38038645374041274,0.32409967739811707
7458,0.7467,8,35,8,564580,41030,88273,19683,0.38006224758234836,0.3241974535931349
7459,0.7468,21,49,21,564629,40981,88294,19662,0.3796083589610582,0.3242253846280692
7460,0.7469,30,108,30,564737,40873,88324,19632,0.37860795138760234,0.3244690521444509
7461,0.747,14,34,14,564771,40839,88338,19618,0.3782930082626255,0.32449509568784424
7462,0.7471,23,39,23,564810,40800,88361,19595,0.3779317499722109,0.32444738802881035
7463,0.7472,5,19,5,564829,40781,88366,19590,0.37775575234354736,0.32449354822679766
7464,0.7473,6,27,6,564856,40754,88372,19584,0.3775056504501834,0.3245715800987769
7465,0.7474,20,38,20,564894,40716,88392,19564,0.3771536551928564,0.3245520902455209
7466,0.7475,18,63,18,564957,40653,88410,19546,0.3765700841083404,0.32468977889998174
7467,0.7476,14,47,14,565004,40606,88424,19532,0.3761347215532254,0.3247863247863248
7468,0.7477,25,42,25,565046,40564,88449,19507,0.3757456741635481,0.3247323999933412
7469,0.7478,8,23,8,565069,40541,88457,19499,0.3755326244025344,0.3247668221185876
7470,0.7479,13,39,13,565108,40502,88470,19486,0.37517136611211976,0.32483163299326534
7471,0.748,8,44,8,565152,40458,88478,19478,0.37476379265626736,0.32497997864388684
7472,0.7481,16,68,16,565220,40390,88494,19462,0.37413390640631367,0.325168749582303
7473,0.7482,9,25,9,565245,40365,88503,19453,0.3739023305791248,0.32520311611889396
7474,0.7483,14,30,14,565275,40335,88517,19439,0.3736244395864982,0.3252082845384281
7475,0.7484,18,51,18,565326,40284,88535,19421,0.37315202489903293,0.3252826396449209
7476,0.7485,8,32,8,565358,40252,88543,19413,0.3728556078402312,0.32536663035280317
7477,0.7486,21,43,21,565401,40209,88564,19392,0.37245729741746636,0.3253636683948256
7478,0.7487,22,57,22,565458,40152,88586,19370,0.37192930453147577,0.3254258929471456
7479,0.7488,10,42,10,565500,40110,88596,19360,0.3715402571417985,0.32554229023036824
7480,0.7489,20,67,20,565567,40043,88616,19340,0.3709196339249324,0.32568243436673794
7481,0.749,10,44,10,565611,39999,88626,19330,0.37051206046908,0.32581031198907784
7482,0.7491,23,47,23,565658,39952,88649,19307,0.37007669791396497,0.3258070504058455
7483,0.7492,24,47,24,565705,39905,88673,19283,0.3696413353588499,0.32579239034939517
7484,0.7493,7,7,7,565712,39898,88680,19276,0.36957649412723703,0.3257511745023152
7485,0.7494,36,89,36,565801,39809,88716,19240,0.3687520841824447,0.3258310894341987
7486,0.7495,6,21,6,565822,39788,88722,19234,0.3685575604876061,0.32587848598827557
7487,0.7496,27,60,27,565882,39728,88749,19207,0.3680017785023528,0.3259014168151353
7488,0.7497,14,28,14,565910,39700,88763,19193,0.3677424135759013,0.3258961166861936
7489,0.7498,16,33,16,565943,39667,88779,19177,0.367436733484012,0.32589558833525933
7490,0.7499,14,46,14,565989,39621,88793,19163,0.3670106339619845,0.3259900653238977
7491,0.75,9,30,9,566019,39591,88802,19154,0.36673274296935787,0.32605328113030896
7492,0.7501,21,48,21,566067,39543,88823,19133,0.3662881173811553,0.32607880564455655
7493,0.7502,13,40,13,566107,39503,88836,19120,0.3659175960576531,0.32615185166231686
7494,0.7503,20,44,20,566151,39459,88856,19100,0.3655100226018007,0.32616677197356514
7495,0.7504,16,61,16,566212,39398,88872,19084,0.36494497758345995,0.3263226291850484
7496,0.7505,9,33,9,566245,39365,88881,19075,0.36463929749157065,0.3264031485284052
7497,0.7506,10,33,10,566278,39332,88891,19065,0.36433361739968134,0.3264722502868298
7498,0.7507,24,58,24,566336,39274,88915,19041,0.36379636148060324,0.326519763354197
7499,0.7508,35,70,35,566406,39204,88950,19006,0.3631479491644744,0.3265074729427933
7500,0.7509,11,28,11,566434,39176,88961,18995,0.3628885842380229,0.32653727802513277
7501,0.751,24,53,24,566487,39123,88985,18971,0.3623976434843825,0.3265569594106104
7502,0.7511,30,45,30,566532,39078,89015,18941,0.3619808069954426,0.3264620210620659
7503,0.7512,26,60,26,566592,39018,89041,18915,0.36142502501018936,0.32649785096577083
7504,0.7513,9,29,9,566621,38989,89050,18906,0.3611563970506503,0.32655669746955696
7505,0.7514,13,18,13,566639,38971,89063,18893,0.3609896624550743,0.3265069818885663
7506,0.7515,21,45,21,566684,38926,89084,18872,0.3605728259661343,0.3265164884598083
7507,0.7516,15,44,15,566728,38882,89099,18857,0.360165252510282,0.3265903462131315
7508,0.7517,11,36,11,566764,38846,89110,18846,0.35983178331913,0.32666574221729183
7509,0.7518,13,29,13,566793,38817,89123,18833,0.35956315535959094,0.32667823070251517
7510,0.7519,18,71,18,566864,38746,89141,18815,0.3589054800103746,0.3268706242073626
7511,0.752,9,27,9,566891,38719,89150,18806,0.35865537811701065,0.3269187309865276
7512,0.7521,19,59,19,566950,38660,89169,18787,0.3581088591648449,0.3270318728567201
7513,0.7522,8,28,8,566978,38632,89177,18779,0.3578494942383934,0.32709759453763215
7514,0.7523,11,48,11,567026,38584,89188,18768,0.35740486865019083,0.3272422932068629
7515,0.7524,23,62,23,567088,38522,89211,18745,0.35683056059876245,0.327326383431994
7516,0.7525,11,29,11,567117,38493,89222,18734,0.35656193263922337,0.3273629580442798
7517,0.7526,20,39,20,567156,38454,89242,18714,0.35620067434880875,0.3273509655751469
7518,0.7527,19,50,19,567206,38404,89261,18695,0.35573752269443104,0.3274137900838894
7519,0.7528,11,45,11,567251,38359,89272,18684,0.3553206862054911,0.327542380309591
7520,0.7529,11,26,11,567277,38333,89283,18673,0.3550798473452147,0.3275620110163842
7521,0.753,7,19,7,567296,38314,89290,18666,0.3549038497165512,0.3275886275886276
7522,0.7531,14,27,14,567323,38287,89304,18652,0.3546537478231872,0.3275786367867367
7523,0.7532,28,53,28,567376,38234,89332,18624,0.35416280706954684,0.3275528509620458
7524,0.7533,33,69,33,567445,38165,89365,18591,0.35352365778650563,0.327560081753471
7525,0.7534,17,31,17,567476,38134,89382,18574,0.3532365037607914,0.327537560837977
7526,0.7535,26,41,26,567517,38093,89408,18548,0.3528567194042017,0.32746596988047527
7527,0.7536,16,49,16,567566,38044,89424,18532,0.35240283078291157,0.3275593891402715
7528,0.7537,12,29,12,567595,38015,89436,18520,0.3521342028233725,0.32758468205536395
7529,0.7538,23,60,23,567655,37955,89459,18497,0.35157842083811924,0.3276588960532842
7530,0.7539,6,12,6,567667,37943,89465,18491,0.35146726444106857,0.3276570861537371
7531,0.754,28,78,28,567745,37865,89493,18463,0.35074474786023935,0.3277765942337736
7532,0.7541,22,41,22,567786,37824,89515,18441,0.35036496350364965,0.3277525993068515
7533,0.7542,18,42,18,567828,37782,89533,18423,0.3499759161139724,0.3277822257806245
7534,0.7543,17,42,17,567870,37740,89550,18406,0.34958686872429506,0.32782388772129806
7535,0.7544,10,33,10,567903,37707,89560,18396,0.3492811886324058,0.3278969039088819
7536,0.7545,9,39,9,567942,37668,89569,18387,0.3489199303419912,0.328017126036928
7537,0.7546,6,22,6,567964,37646,89575,18381,0.348716143614065,0.32807396433862246
7538,0.7547,23,45,23,568009,37601,89598,18358,0.348299307125125,0.32806161654068156
7539,0.7548,11,34,11,568043,37567,89609,18347,0.3479843640001482,0.3281289122581107
7540,0.7549,10,35,10,568078,37532,89619,18337,0.3476601578420838,0.3282142153967316
7541,0.755,17,52,17,568130,37480,89636,18320,0.347178480121531,0.32831541218637994
7542,0.7551,35,61,35,568191,37419,89671,18285,0.3466134351031902,0.32825290822921155
7543,0.7552,17,61,17,568252,37358,89688,18268,0.3460483900848494,0.32840757918958763
7544,0.7553,12,36,12,568288,37322,89700,18256,0.34571492089369743,0.3284752959804239
7545,0.7554,13,41,13,568329,37281,89713,18243,0.34533513653710773,0.3285606224335422
7546,0.7555,19,50,19,568379,37231,89732,18224,0.34487198488273,0.3286268145343071
7547,0.7556,17,60,17,568439,37171,89749,18207,0.3443162028974768,0.32877677055870563
7548,0.7557,11,34,11,568473,37137,89760,18196,0.3440012597724999,0.3288453544900873
7549,0.7558,11,44,11,568517,37093,89771,18185,0.34359368631664755,0.3289735518651181
7550,0.7559,13,30,13,568547,37063,89784,18172,0.3433157953240209,0.3289942970942337
7551,0.756,26,53,26,568600,37010,89810,18146,0.34282485457038053,0.3289941257524113
7552,0.7561,8,12,8,568612,36998,89818,18138,0.34271369817332986,0.3289683691236216
7553,0.7562,7,31,7,568643,36967,89825,18131,0.3424265441476157,0.3290682057424952
7554,0.7563,24,58,24,568701,36909,89849,18107,0.34188928822853754,0.3291224371092046
7555,0.7564,17,73,17,568774,36836,89866,18090,0.3412130868131461,0.32935221934967046
7556,0.7565,8,24,8,568798,36812,89874,18082,0.3409907740190448,0.3293984770648887
7557,0.7566,25,60,25,568858,36752,89899,18057,0.3404349920337915,0.32945319199401557
7558,0.7567,24,70,24,568928,36682,89923,18033,0.33978657971766274,0.3295805537786713
7559,0.7568,18,46,18,568974,36636,89941,18015,0.33936048019563525,0.32963715211066585
7560,0.7569,18,35,18,569009,36601,89959,17997,0.33903627403757086,0.3296274588812777
7561,0.757,8,34,8,569043,36567,89967,17989,0.33872133091259404,0.32973458464696825
7562,0.7571,7,17,7,569060,36550,89974,17982,0.3385638593501056,0.329751338663537
7563,0.7572,14,46,14,569106,36504,89988,17968,0.3381377598280781,0.3298575414892055
7564,0.7573,13,29,13,569135,36475,90001,17955,0.337869131868539,0.32987323167370936
7565,0.7574,12,12,12,569147,36463,90013,17943,0.3377579754714884,0.3297981840238209
7566,0.7575,6,13,6,569160,36450,90019,17937,0.3376375560413502,0.32980307794141983
7567,0.7576,20,43,20,569203,36407,90039,17917,0.33723924561858537,0.3298173919446285
7568,0.7577,27,51,27,569254,36356,90066,17890,0.3367668309311201,0.3297939018545146
7569,0.7578,28,50,28,569304,36306,90094,17862,0.3363036792767424,0.32975188303057157
7570,0.7579,8,18,8,569322,36288,90102,17854,0.3361369446811664,0.3297624764508145
7571,0.758,13,52,13,569374,36236,90115,17841,0.3356552669606136,0.3299184496181371
7572,0.7581,13,32,13,569406,36204,90128,17828,0.33535884990181186,0.32995262066923303
7573,0.7582,25,47,25,569453,36157,90153,17803,0.3349234873466968,0.32992957746478874
7574,0.7583,6,15,6,569468,36142,90159,17797,0.3347845418503835,0.32994679174623187
7575,0.7584,13,28,13,569496,36114,90172,17784,0.33452517692393197,0.3299565846599132
7576,0.7585,21,50,21,569546,36064,90193,17763,0.33406202526955425,0.330001672023334
7577,0.7586,9,33,9,569579,36031,90202,17754,0.33375634517766495,0.330092033094729
7578,0.7587,7,16,7,569595,36015,90209,17747,0.3336081366482641,0.3301030467616532
7579,0.7588,10,30,10,569625,35985,90219,17737,0.33333024565563746,0.3301626894009903
7580,0.7589,3,18,3,569643,35967,90222,17734,0.3331635110600615,0.3302359360160891
7581,0.759,17,56,17,569699,35911,90239,17717,0.33264478120715846,0.3303684642351011
7582,0.7591,18,33,18,569732,35878,90257,17699,0.3323391011152692,0.33034697724769957
7583,0.7592,13,21,13,569753,35857,90270,17686,0.3321445774204305,0.3303139532712026
7584,0.7593,12,29,12,569782,35828,90282,17674,0.3318759494608915,0.3303427909237038
7585,0.7594,12,38,12,569820,35790,90294,17662,0.3315239542035644,0.3304272992591484
7586,0.7595,6,24,6,569844,35766,90300,17656,0.3313016414094631,0.330500542847516
7587,0.7596,16,37,16,569881,35729,90316,17640,0.3309589091852236,0.33052895875883004
7588,0.7597,7,20,7,569901,35709,90323,17633,0.3307736485234725,0.3305650331821079
7589,0.7598,12,30,12,569931,35679,90335,17621,0.3304957575308459,0.33060037523452157
7590,0.7599,21,72,21,570003,35607,90356,17600,0.329828819148542,0.3307835435187099
7591,0.76,21,45,21,570048,35562,90377,17579,0.3294119826596021,0.33079919459551005
7592,0.7601,23,62,23,570110,35500,90400,17556,0.3288376746081737,0.33089565741857657
7593,0.7602,20,45,20,570155,35455,90420,17536,0.3284208381192338,0.33092411919005116
7594,0.7603,25,52,25,570207,35403,90445,17511,0.32793916039868093,0.3309332123823563
7595,0.7604,20,25,20,570232,35378,90465,17491,0.32770758457149207,0.33083659611492555
7596,0.7605,15,39,15,570271,35339,90480,17476,0.32734632628107746,0.33089084540376784
7597,0.7606,9,28,9,570299,35311,90489,17467,0.32708696135462595,0.33095229072719695
7598,0.7607,15,21,15,570320,35290,90504,17452,0.3268924376597873,0.3308937848394069
7599,0.7608,24,50,24,570370,35240,90528,17428,0.3264292860054096,0.3309030151135414
7600,0.7609,15,41,15,570411,35199,90543,17413,0.3260495016488199,0.3309701208849692
7601,0.761,6,14,6,570425,35185,90549,17407,0.32591981918559415,0.33098189838758746
7602,0.7611,13,42,13,570467,35143,90562,17394,0.32553077179591683,0.33108095247159147
7603,0.7612,11,21,11,570488,35122,90573,17383,0.3253362481010782,0.33107323112084563
7604,0.7613,7,22,7,570510,35100,90580,17376,0.32513246137315205,0.33112279899382574
7605,0.7614,8,32,8,570542,35068,90588,17368,0.3248360443143503,0.33122282401403613
7606,0.7615,12,25,12,570567,35043,90600,17356,0.32460446848716146,0.3312276951850226
7607,0.7616,14,40,14,570607,35003,90614,17342,0.3242339471636593,0.33130193905817173
7608,0.7617,19,42,19,570649,34961,90633,17323,0.323844899773982,0.3313250707673476
7609,0.7618,23,73,23,570722,34888,90656,17300,0.3231686983585905,0.33149382999923355
7610,0.7619,11,44,11,570766,34844,90667,17289,0.3227611249027382,0.3316325551953657
7611,0.762,17,43,17,570809,34801,90684,17272,0.32236281447997334,0.33168820694025697
7612,0.7621,13,27,13,570836,34774,90697,17259,0.32211271258660934,0.331693348451944
7613,0.7622,11,36,11,570872,34738,90708,17248,0.3217792433954574,0.331781633516716
7614,0.7623,21,41,21,570913,34697,90729,17227,0.3213994590388677,0.3317733610661736
7615,0.7624,13,51,13,570964,34646,90742,17214,0.3209270443514024,0.3319321249517933
7616,0.7625,20,49,20,571013,34597,90762,17194,0.32047315573011226,0.3319881832750864
7617,0.7626,11,20,11,571033,34577,90773,17183,0.3202878950683612,0.3319744976816074
7618,0.7627,21,52,21,571085,34525,90794,17162,0.31980621734780834,0.33203706928241145
7619,0.7628,12,36,12,571121,34489,90806,17150,0.31947274815665644,0.3321133251999458
7620,0.7629,17,37,17,571158,34452,90823,17133,0.3191300159324169,0.33213143355626634
7621,0.763,7,19,7,571177,34433,90830,17126,0.31895401830375336,0.3321631528928024
7622,0.7631,15,37,15,571214,34396,90845,17111,0.3186112860795139,0.33220727279787216
7623,0.7632,22,46,22,571260,34350,90867,17089,0.3181851865574864,0.3322187445323587
7624,0.7633,19,39,19,571299,34311,90886,17070,0.3178239282670718,0.33222397384247093
7625,0.7634,8,34,8,571333,34277,90894,17062,0.3175089851420949,0.3323399365005162
7626,0.7635,12,23,12,571356,34254,90906,17050,0.3172959353810812,0.3323327615780446
7627,0.7636,4,9,4,571365,34245,90910,17046,0.3172125680832932,0.33233900684330586
7628,0.7637,12,39,12,571404,34206,90922,17034,0.31685130979287857,0.33243559718969556
7629,0.7638,18,58,18,571462,34148,90940,17016,0.31631405387380046,0.3325775936205144
7630,0.7639,40,69,40,571531,34079,90980,16976,0.3156749045907592,0.3325041621780433
7631,0.764,10,30,10,571561,34049,90990,16966,0.31539701359813255,0.3325688522983436
7632,0.7641,23,50,23,571611,33999,91013,16943,0.3149338619437549,0.3325939303521652
7633,0.7642,18,30,18,571641,33969,91031,16925,0.31465597095112824,0.3325539356309192
7634,0.7643,7,16,7,571657,33953,91038,16918,0.31450776242172734,0.3325666882899884
7635,0.7644,10,35,10,571692,33918,91048,16908,0.31418355626366296,0.33266438437020424
7636,0.7645,11,30,11,571722,33888,91059,16897,0.31390566527103636,0.3327163532539136
7637,0.7646,14,39,14,571761,33849,91073,16883,0.31354440698062175,0.3327879839154774
7638,0.7647,10,46,10,571807,33803,91083,16873,0.31311830745859426,0.332958402399558
7639,0.7648,3,5,3,571812,33798,91086,16870,0.31307199229315646,0.33295176442725194
7640,0.7649,20,47,20,571859,33751,91106,16850,0.3126366297380414,0.3329973715934468
7641,0.765,22,49,22,571908,33702,91128,16828,0.31218274111675126,0.33302988323768057
7642,0.7651,7,23,7,571931,33679,91135,16821,0.31196969135573754,0.3330891089108911
7643,0.7652,7,37,7,571968,33642,91142,16814,0.311626959131498,0.3332408435072142
7644,0.7653,10,32,10,572000,33610,91152,16804,0.3113305420726963,0.3333201094933947
7645,0.7654,27,54,27,572054,33556,91179,16777,0.31083033828596834,0.3333200882125047
7646,0.7655,21,57,21,572111,33499,91200,16756,0.31030234539997775,0.3334195602427619
7647,0.7656,10,28,10,572139,33471,91210,16746,0.31004298047352624,0.3334727283589223
7648,0.7657,6,23,6,572162,33448,91216,16740,0.3098299307125125,0.33354586753805693
7649,0.7658,29,44,29,572206,33404,91245,16711,0.3094223572566601,0.3334530579666766
7650,0.7659,19,60,19,572266,33344,91264,16692,0.3088665752714069,0.33359980813814055
7651,0.766,4,14,4,572280,33330,91268,16688,0.3087368928081811,0.3336398896397297
7652,0.7661,9,20,9,572300,33310,91277,16679,0.30855163214643,0.33365340374882474
7653,0.7662,14,29,14,572329,33281,91291,16665,0.308283004186891,0.33366035318143594
7654,0.7663,13,27,13,572356,33254,91304,16652,0.308032902293527,0.3336672945136857
7655,0.7664,18,66,18,572422,33188,91322,16634,0.3074215421097484,0.3338685721167356
7656,0.7665,14,28,14,572450,33160,91336,16620,0.3071621771832969,0.33386902370429894
7657,0.7666,18,28,18,572478,33132,91354,16602,0.3069028122568454,0.3338159005911449
7658,0.7667,24,75,24,572553,33057,91378,16578,0.30620808477527883,0.3339981867633726
7659,0.7668,18,46,18,572599,33011,91396,16560,0.30578198525325134,0.3340662887575397
7660,0.7669,27,46,27,572645,32965,91423,16533,0.30535588573122385,0.33401349549476744
7661,0.767,19,42,19,572687,32923,91442,16514,0.30496683834154653,0.3340413050953739
7662,0.7671,12,31,12,572718,32892,91454,16502,0.30467968431583237,0.3340891606267968
7663,0.7672,18,78,18,572796,32814,91472,16484,0.30395716773500314,0.3343746196600268
7664,0.7673,7,28,7,572824,32786,91479,16477,0.30369780280855163,0.3344700891135335
7665,0.7674,12,51,12,572875,32735,91491,16465,0.30322538812108635,0.33465447154471545
7666,0.7675,17,44,17,572919,32691,91508,16448,0.302817814665234,0.3347239463562547
7667,0.7676,20,45,20,572964,32646,91528,16428,0.302400978176294,0.3347597505807556
7668,0.7677,20,44,20,573008,32602,91548,16408,0.30199340472044167,0.3347888186084473
7669,0.7678,15,56,15,573064,32546,91563,16393,0.30147467486753865,0.33496802141441384
7670,0.7679,18,41,18,573105,32505,91581,16375,0.3010948905109489,0.3350040916530278
7671,0.768,6,24,6,573129,32481,91587,16369,0.3008725777168476,0.33508700102354144
7672,0.7681,11,40,11,573169,32441,91598,16358,0.30050205639334543,0.3352117871267854
7673,0.7682,7,14,7,573183,32427,91605,16351,0.3003723739301197,0.33521259584238794
7674,0.7683,3,21,3,573204,32406,91608,16348,0.30017785023528104,0.3353160766296099
7675,0.7684,10,33,10,573237,32373,91618,16338,0.29987217014339174,0.33540678696803594
7676,0.7685,11,41,11,573278,32332,91629,16327,0.29949238578680204,0.33553916027867403
7677,0.7686,14,38,14,573316,32294,91643,16313,0.299140390529475,0.3356100973110869
7678,0.7687,3,25,3,573341,32269,91646,16310,0.29890881470228614,0.3357417814281891
7679,0.7688,8,23,8,573364,32246,91654,16302,0.29869576494127237,0.3357913817253028
7680,0.7689,5,17,5,573381,32229,91659,16297,0.29853829337878396,0.33584058030746405
7681,0.769,8,22,8,573403,32207,91667,16289,0.29833450665085776,0.33588337182448036
7682,0.7691,16,37,16,573440,32170,91683,16273,0.29799177442661823,0.3359205664389076
7683,0.7692,15,33,15,573473,32137,91698,16258,0.297686094334729,0.3359437958466784
7684,0.7693,10,56,10,573529,32081,91708,16248,0.2971673644818259,0.33619565892114467
7685,0.7694,15,49,15,573578,32032,91723,16233,0.29671347586053576,0.3363306744017404
7686,0.7695,15,50,15,573628,31982,91738,16218,0.29625032420615804,0.33647302904564313
7687,0.7696,12,37,12,573665,31945,91750,16206,0.29590759198191857,0.336566218770119
7688,0.7697,21,38,21,573703,31907,91771,16185,0.2955555967245915,0.3365424602844548
7689,0.7698,12,44,12,573747,31863,91783,16173,0.2951480232687391,0.3366849862603048
7690,0.7699,6,24,6,573771,31839,91789,16167,0.29492571047463784,0.33677040369953753
7691,0.77,10,29,10,573800,31810,91799,16157,0.29465708251509876,0.3368357412387683
7692,0.7701,13,32,13,573832,31778,91812,16144,0.294360665456297,0.33688076457576893
7693,0.7702,14,49,14,573881,31729,91826,16130,0.2939067768350069,0.3370316972774191
7694,0.7703,16,48,16,573929,31681,91842,16114,0.29346215124680425,0.33714823726331206
7695,0.7704,28,50,28,573979,31631,91870,16086,0.29299899959242653,0.33711255946518015
7696,0.7705,15,33,15,574012,31598,91885,16071,0.29269331950053723,0.33713734292726927
7697,0.7706,12,37,12,574049,31561,91897,16059,0.29235058727629776,0.33723225535489293
7698,0.7707,7,21,7,574070,31540,91904,16052,0.2921560635814591,0.33728357707177675
7699,0.7708,7,36,7,574106,31504,91911,16045,0.29182259439030717,0.33744137626448506
7700,0.7709,10,45,10,574151,31459,91921,16035,0.29140575790136725,0.3376215943066493
7701,0.771,19,63,19,574214,31396,91940,16016,0.2908221868168513,0.33780477516240615
7702,0.7711,13,41,13,574255,31355,91953,16003,0.2904424024602616,0.33791545251066346
7703,0.7712,7,28,7,574283,31327,91960,15996,0.2901830375338101,0.338017454514718
7704,0.7713,6,19,6,574302,31308,91966,15990,0.29000703990514654,0.33806926297095014
7705,0.7714,16,34,16,574336,31274,91982,15974,0.2896920967801697,0.338088384693532
7706,0.7715,9,45,9,574381,31229,91991,15965,0.28927526029122974,0.3382845276941984
7707,0.7716,5,13,5,574394,31216,91996,15960,0.28915484086109156,0.3383076140410378
7708,0.7717,7,18,7,574412,31198,92003,15953,0.2889881062655156,0.33833852940552694
7709,0.7718,23,39,23,574451,31159,92026,15930,0.28862684797510096,0.33829556796704113
7710,0.7719,15,41,15,574492,31118,92041,15915,0.28824706361851127,0.3383794357153488
7711,0.772,11,29,11,574521,31089,92052,15904,0.2879784356589722,0.338433383695444
7712,0.7721,7,24,7,574545,31065,92059,15897,0.2877561228648709,0.33850772965376263
7713,0.7722,16,24,16,574569,31041,92075,15881,0.28753381007076956,0.3384553088103661
7714,0.7723,15,25,15,574594,31016,92090,15866,0.2873022342435807,0.33842412866345295
7715,0.7724,12,25,12,574619,30991,92102,15854,0.28707065841639184,0.338435265236418
7716,0.7725,9,25,9,574644,30966,92111,15845,0.286839082589203,0.3384888167311102
7717,0.7726,12,35,12,574679,30931,92123,15833,0.2865148764311386,0.3385724061243692
7718,0.7727,16,43,16,574722,30888,92139,15817,0.28611656600837376,0.33865753131356385
7719,0.7728,12,24,12,574746,30864,92151,15805,0.2858942532142725,0.3386616383466541
7720,0.7729,8,36,8,574782,30828,92159,15797,0.2855607840231205,0.33880965147453085
7721,0.773,8,23,8,574805,30805,92167,15789,0.2853477342621068,0.3388633729664764
7722,0.7731,8,11,8,574816,30794,92175,15781,0.2852458408981437,0.33882984433709074
7723,0.7732,15,40,15,574856,30754,92190,15766,0.2848753195746415,0.3389079965606191
7724,0.7733,22,44,22,574900,30710,92212,15744,0.2844677461187891,0.33891591682094113
7725,0.7734,23,51,23,574951,30659,92235,15721,0.2839953314313239,0.33896075894782235
7726,0.7735,23,28,23,574979,30631,92258,15698,0.2837359665048724,0.33883744522869047
7727,0.7736,7,17,7,574996,30614,92265,15691,0.2835784949423839,0.3388618939639348
7728,0.7737,6,20,6,575016,30594,92271,15685,0.28339323428063284,0.3389226214913892
7729,0.7738,25,55,25,575071,30539,92296,15660,0.2828837674608174,0.33896837593887313
7730,0.7739,8,19,8,575090,30520,92304,15652,0.28270776983215384,0.3389933292904791
7731,0.774,14,40,14,575130,30480,92318,15638,0.28233724850865166,0.33908669066308167
7732,0.7741,7,22,7,575152,30458,92325,15631,0.28213346178072546,0.33914816984529933
7733,0.7742,22,44,22,575196,30414,92347,15609,0.2817258883248731,0.3391565087021707
7734,0.7743,13,49,13,575245,30365,92360,15596,0.28127199970358296,0.3393311720806771
7735,0.7744,28,81,28,575326,30284,92388,15568,0.28052169402349103,0.3395271743871587
7736,0.7745,7,26,7,575352,30258,92395,15561,0.28028085516321466,0.339618935376154
7737,0.7746,26,59,26,575411,30199,92421,15535,0.27973433621104893,0.339681637293917
7738,0.7747,12,29,12,575440,30170,92433,15523,0.27946570825150985,0.3397238088985184
7739,0.7748,11,24,11,575464,30146,92444,15512,0.27924339545740856,0.3397433089491436
7740,0.7749,12,34,12,575498,30112,92456,15500,0.27892845233243174,0.3398228536350083
7741,0.775,25,59,25,575557,30053,92481,15475,0.278381933380266,0.3399007204357758
7742,0.7751,3,14,3,575571,30039,92484,15472,0.27825225091704026,0.3399617674847839
7743,0.7752,6,42,6,575613,29997,92490,15466,0.277863203527363,0.3401887248971691
7744,0.7753,12,38,12,575651,29959,92502,15454,0.27751120827003595,0.3402990333164512
7745,0.7754,17,51,17,575702,29908,92519,15437,0.27703879358257066,0.34043444701731174
7746,0.7755,12,38,12,575740,29870,92531,15425,0.2766867983252436,0.34054531405232363
7747,0.7756,10,21,10,575761,29849,92541,15415,0.276492274630405,0.3405576175326971
7748,0.7757,25,49,25,575810,29800,92566,15390,0.27603838600911484,0.3405620712547024
7749,0.7758,26,70,26,575880,29730,92592,15364,0.275389973692986,0.34071051581141615
7750,0.7759,14,30,14,575910,29700,92606,15350,0.2751120827003594,0.3407325194228635
7751,0.776,7,38,7,575948,29662,92613,15343,0.2747600874430323,0.34091767581379845
7752,0.7761,8,24,8,575972,29638,92621,15335,0.27453777464893103,0.34098236719809666
7753,0.7762,10,46,10,576018,29592,92631,15325,0.27411167512690354,0.34118485206046706
7754,0.7763,15,54,15,576072,29538,92646,15310,0.2736114713401756,0.3413753121655369
7755,0.7764,9,28,9,576100,29510,92655,15301,0.2733521064137241,0.3414563388453728
7756,0.7765,18,31,18,576131,29479,92673,15283,0.27306495238800993,0.3414279969617086
7757,0.7766,11,47,11,576178,29432,92684,15272,0.27262958983289487,0.34162491052254834
7758,0.7767,18,23,18,576201,29409,92702,15254,0.27241654007188115,0.3415354991827687
7759,0.7768,31,75,31,576276,29334,92733,15223,0.2717218125903146,0.3416522656372736
7760,0.7769,16,33,16,576309,29301,92749,15207,0.2714161324984253,0.3416689134537611
7761,0.777,27,77,27,576386,29224,92776,15180,0.2707028789506836,0.3418610935951716
7762,0.7771,10,20,10,576406,29204,92786,15170,0.2705176182889325,0.3418668589714698
7763,0.7772,21,35,21,576441,29169,92807,15149,0.2701934121308681,0.3418249921025317
7764,0.7773,11,19,11,576460,29150,92818,15138,0.2700174145022046,0.3418081647398844
7765,0.7774,14,19,14,576479,29131,92832,15124,0.2698414168735411,0.34174669528866797
7766,0.7775,21,54,21,576533,29077,92853,15103,0.26934121308681314,0.3418515165233137
7767,0.7776,18,72,18,576605,29005,92871,15085,0.2686742747045092,0.3421410750737129
7768,0.7777,8,31,8,576636,28974,92879,15077,0.26838712067879505,0.34226237769857665
7769,0.7778,12,29,12,576665,28945,92891,15065,0.268118492719256,0.3423085662349466
7770,0.7779,9,27,9,576692,28918,92900,15056,0.26786839082589203,0.34238413608041113
7771,0.778,21,51,21,576743,28867,92921,15035,0.26739597613842675,0.34246731356202453
7772,0.7781,13,33,13,576776,28834,92934,15022,0.2670902960465375,0.3425300985041955
7773,0.7782,4,20,4,576796,28814,92938,15018,0.2669050353847864,0.3426263916773134
7774,0.7783,30,73,30,576869,28741,92968,14988,0.26622883396939495,0.34274737588328114
7775,0.7784,13,28,13,576897,28713,92981,14975,0.26596946904294344,0.3427714704266618
7776,0.7785,6,15,6,576912,28698,92987,14969,0.2658305235466301,0.34279890993198525
7777,0.7786,16,31,16,576943,28667,93003,14953,0.26554336952091595,0.342801467216873
7778,0.7787,21,38,21,576981,28629,93024,14932,0.26519137426358885,0.3427836826519134
7779,0.7788,12,56,12,577037,28573,93036,14920,0.26467264441068583,0.343043708182926
7780,0.7789,14,48,14,577085,28525,93050,14906,0.26422801882248326,0.3432110704335613
7781,0.779,23,54,23,577139,28471,93073,14883,0.2637278150357553,0.3432901231720257
7782,0.7791,15,29,15,577168,28442,93088,14868,0.26345918707621624,0.34329254213807436
7783,0.7792,15,43,15,577211,28399,93103,14853,0.2630608766534514,0.3434060852677333
7784,0.7793,16,36,16,577247,28363,93119,14837,0.26272740746229944,0.3434490740740741
7785,0.7794,7,18,7,577265,28345,93126,14830,0.26256067286672347,0.3434858135495078
7786,0.7795,9,27,9,577292,28318,93135,14821,0.2623105709733595,0.3435638285542085
7787,0.7796,15,30,15,577322,28288,93150,14806,0.2620326799807329,0.343574511532928
7788,0.7797,17,42,17,577364,28246,93167,14789,0.2616436325910556,0.3436505170210294
7789,0.7798,8,28,8,577392,28218,93175,14781,0.2613842676646041,0.3437521802832624
7790,0.7799,9,43,9,577435,28175,93184,14772,0.26098595724183926,0.34395883298018487
7791,0.78,15,43,15,577478,28132,93199,14757,0.2605876468190744,0.3440742381496421
7792,0.7801,37,103,37,577581,28029,93236,14720,0.25963355441105634,0.3443355400126319
7793,0.7802,11,36,11,577617,27993,93247,14709,0.2593000852199044,0.34445693410144723
7794,0.7803,12,26,12,577643,27967,93259,14697,0.259059246359628,0.3444824676542284
7795,0.7804,16,41,16,577684,27926,93275,14681,0.25867946200303826,0.3445677940244561
7796,0.7805,11,30,11,577714,27896,93286,14670,0.25840157101041167,0.34464126297984304
7797,0.7806,14,18,14,577732,27878,93300,14656,0.2582348364148357,0.34457140170216766
7798,0.7807,38,102,38,577834,27776,93338,14618,0.2572900070399051,0.3448129452280983
7799,0.7808,17,29,17,577863,27747,93355,14601,0.2570213790803661,0.3447860583734769
7800,0.7809,14,22,14,577885,27725,93369,14587,0.2568175923524399,0.3447485346946493
7801,0.781,8,20,8,577905,27705,93377,14579,0.2566323316906888,0.3447876265253997
7802,0.7811,9,38,9,577943,27667,93386,14570,0.25628033643336173,0.34495821199422305
7803,0.7812,29,53,29,577996,27614,93415,14541,0.25578939567972137,0.34494128810342783
7804,0.7813,10,25,10,578021,27589,93425,14531,0.2555578198525325,0.3449905033238367
7805,0.7814,11,10,11,578031,27579,93436,14520,0.255465189521657,0.3449013040689803
7806,0.7815,12,26,12,578057,27553,93448,14508,0.25522435066138055,0.3449276051449086
7807,0.7816,8,15,8,578072,27538,93456,14500,0.2550854051650672,0.3449260193158571
7808,0.7817,4,30,4,578102,27508,93460,14496,0.25480751417244063,0.34510998952480715
7809,0.7818,39,84,39,578186,27424,93499,14457,0.2540294193930861,0.3451923306511306
7810,0.7819,11,34,11,578220,27390,93510,14446,0.2537144762681092,0.34530069796347646
7811,0.782,26,55,26,578275,27335,93536,14420,0.25320500944829377,0.34534786253143335
7812,0.7821,27,54,27,578329,27281,93563,14393,0.25270480566156583,0.34537121466621873
7813,0.7822,17,56,17,578385,27225,93580,14376,0.2521860758086628,0.3455686161390351
7814,0.7823,5,9,5,578394,27216,93585,14371,0.2521027085108748,0.3455647197441508
7815,0.7824,22,46,22,578440,27170,93607,14349,0.2516766089888473,0.3456008092680459
7816,0.7825,7,20,7,578460,27150,93614,14342,0.25149134832709624,0.3456569941193483
7817,0.7826,15,37,15,578497,27113,93629,14327,0.2511486161028567,0.3457287644787645
7818,0.7827,14,51,14,578548,27062,93643,14313,0.25067620141539143,0.34593353474320243
7819,0.7828,15,36,15,578584,27026,93658,14298,0.25034273222423953,0.34599748330268126
7820,0.7829,16,34,16,578618,26992,93674,14282,0.25002778909926265,0.34602897708000196
7821,0.783,8,25,8,578643,26967,93682,14274,0.2497962132720738,0.34611187895540846
7822,0.7831,8,17,8,578660,26950,93690,14266,0.2496387417095854,0.3461277173913043
7823,0.7832,4,19,4,578679,26931,93694,14262,0.24946274408092187,0.34622387298812907
7824,0.7833,15,30,15,578709,26901,93709,14247,0.24918485308829524,0.3462379702537183
7825,0.7834,7,21,7,578730,26880,93716,14240,0.24899032939345658,0.3463035019455253
7826,0.7835,15,33,15,578763,26847,93731,14225,0.2486846493015673,0.34634300740163615
7827,0.7836,15,46,15,578809,26801,93746,14210,0.24825854977953982,0.34649240447684765
7828,0.7837,21,44,21,578853,26757,93767,14189,0.24785097632368744,0.34652957553851416
7829,0.7838,13,42,13,578895,26715,93780,14176,0.24746192893401014,0.34667775305079357
7830,0.7839,6,19,6,578914,26696,93786,14170,0.24728593130534662,0.3467430137522635
7831,0.784,17,39,17,578953,26657,93803,14153,0.246924673014932,0.3468022543494242
7832,0.7841,23,49,23,579002,26608,93826,14130,0.24647078439364187,0.34685060631351566
7833,0.7842,9,24,9,579026,26584,93835,14121,0.24624847159954055,0.3469106989313352
7834,0.7843,15,50,15,579076,26534,93850,14106,0.24578531994516284,0.3470964566929134
7835,0.7844,6,45,6,579121,26489,93856,14100,0.24536848345622292,0.3473847594175762
7836,0.7845,10,30,10,579151,26459,93866,14090,0.24509059246359627,0.34748082566771066
7837,0.7846,9,21,9,579172,26438,93875,14081,0.24489606876875764,0.347515980157457
7838,0.7847,12,32,12,579204,26406,93887,14069,0.2445996517099559,0.347597282273008
7839,0.7848,9,21,9,579225,26385,93896,14060,0.24440512801511727,0.3476325874644579
7840,0.7849,11,33,11,579258,26352,93907,14049,0.244099447923228,0.34773891735353085
7841,0.785,13,43,13,579301,26309,93920,14036,0.24370113750046316,0.347899367951419
7842,0.7851,16,55,16,579356,26254,93936,14020,0.24319167068064768,0.3481154094452997
7843,0.7852,6,14,6,579370,26240,93942,14014,0.24306198821742192,0.3481393153475431
7844,0.7853,20,44,20,579414,26196,93962,13994,0.24265441476156951,0.34819606867379943
7845,0.7854,15,36,15,579450,26160,93977,13979,0.24232094557041758,0.34826477988988264
7846,0.7855,5,13,5,579463,26147,93982,13974,0.24220052614027937,0.3482964033797762
7847,0.7856,13,27,13,579490,26120,93995,13961,0.2419504242469154,0.34831965270327586
7848,0.7857,17,33,17,579523,26087,94012,13944,0.24164474415502613,0.3483300442157328
7849,0.7858,22,53,22,579576,26034,94034,13922,0.24115380340138576,0.3484332766042647
7850,0.7859,5,33,5,579609,26001,94039,13917,0.24084812330949645,0.3486397114083872
7851,0.786,16,43,16,579652,25958,94055,13901,0.24044981288673162,0.3487543591158835
7852,0.7861,15,34,15,579686,25924,94070,13886,0.2401348697617548,0.3488068324541572
7853,0.7862,18,33,18,579719,25891,94088,13868,0.2398291896698655,0.34880152921351143
7854,0.7863,13,23,13,579742,25868,94101,13855,0.23961613990885175,0.3487903733353473
7855,0.7864,16,23,16,579765,25845,94117,13839,0.239403090147838,0.34872996673722406
7856,0.7865,9,43,9,579808,25802,94126,13830,0.23900477972507317,0.348960436011304
7857,0.7866,10,27,10,579835,25775,94136,13820,0.23875467783170923,0.3490339689354717
7858,0.7867,7,29,7,579864,25746,94143,13813,0.23848604987217015,0.3491746505220051
7859,0.7868,6,28,6,579892,25718,94149,13807,0.23822668494571864,0.3493232131562302
7860,0.7869,4,7,4,579899,25711,94153,13803,0.23816184371410576,0.3493192286278281
7861,0.787,14,44,14,579943,25667,94167,13789,0.23775427025825335,0.34947789943227897
7862,0.7871,15,20,15,579963,25647,94182,13774,0.2375690095965023,0.3494076761117171
7863,0.7872,18,48,18,580011,25599,94200,13756,0.2371243840082997,0.34953627239232626
7864,0.7873,22,36,22,580047,25563,94222,13734,0.23679091481714773,0.3494923276585999
7865,0.7874,16,33,16,580080,25530,94238,13718,0.23648523472525843,0.3495209947003669
7866,0.7875,21,30,21,580110,25500,94259,13697,0.2362073437326318,0.3494400081638901
7867,0.7876,15,44,15,580154,25456,94274,13682,0.23579977027677942,0.3495835249629516
7868,0.7877,16,38,16,580192,25418,94290,13666,0.23544777501945238,0.3496571487053526
7869,0.7878,11,28,11,580220,25390,94301,13655,0.23518841009300084,0.3497246766551415
7870,0.7879,8,26,8,580246,25364,94309,13647,0.23494757123272444,0.3498244085001666
7871,0.788,13,38,13,580284,25326,94322,13634,0.23459557597539737,0.34994866529774127
7872,0.7881,13,14,13,580298,25312,94335,13621,0.23446589351217162,0.34985744740965247
7873,0.7882,7,21,7,580319,25291,94342,13614,0.234271369817333,0.3499293149980722
7874,0.7883,31,68,31,580387,25223,94373,13583,0.2336414835673793,0.35002319228985207
7875,0.7884,13,31,13,580418,25192,94386,13570,0.23335432954166513,0.3500851349259584
7876,0.7885,12,44,12,580462,25148,94398,13558,0.23294675608581275,0.35028161008629155
7877,0.7886,3,12,3,580474,25136,94401,13555,0.23283559968876208,0.3503398723217286
7878,0.7887,6,24,6,580498,25112,94407,13549,0.2326132868946608,0.35045653242285507
7879,0.7888,28,47,28,580545,25065,94435,13521,0.23217792433954573,0.3504120665526357
7880,0.7889,7,20,7,580565,25045,94442,13514,0.23199266367779467,0.35047589408439017
7881,0.789,8,26,8,580591,25019,94450,13506,0.23175182481751824,0.3505775470473718
7882,0.7891,11,21,11,580612,24998,94461,13495,0.2315573011226796,0.35058322292364846
7883,0.7892,20,24,20,580636,24974,94481,13475,0.23133498832857832,0.3504642513459388
7884,0.7893,15,22,15,580658,24952,94496,13460,0.23113120160065212,0.3504113297927731
7885,0.7894,6,15,6,580673,24937,94502,13454,0.2309922561043388,0.35044671928316534
7886,0.7895,23,46,23,580719,24891,94525,13431,0.2305661565823113,0.35047753248786595
7887,0.7896,20,35,20,580754,24856,94545,13411,0.23024195042424692,0.35045861969843467
7888,0.7897,3,9,3,580763,24847,94548,13408,0.23015858312645893,0.35049013200888773
7889,0.7898,7,20,7,580783,24827,94555,13401,0.22997332246470784,0.350554567332845
7890,0.7899,20,40,20,580823,24787,94575,13381,0.22960280114120568,0.3505816390693775
7891,0.79,9,43,9,580866,24744,94584,13372,0.22920449071844085,0.3508238010284395
7892,0.7901,3,22,3,580888,24722,94587,13369,0.22900070399051464,0.3509752960016802
7893,0.7902,10,31,10,580919,24691,94597,13359,0.22871354996480048,0.35109067017082785
7894,0.7903,12,28,12,580947,24663,94609,13347,0.22845418503834897,0.3511444356748224
7895,0.7904,12,47,12,580994,24616,94621,13335,0.2280188224832339,0.351374140338858
7896,0.7905,17,60,17,581054,24556,94638,13318,0.22746304049798066,0.35163964725141256
7897,0.7906,15,32,15,581086,24524,94653,13303,0.22716662343917893,0.3516800169191318
7898,0.7907,12,30,12,581116,24494,94665,13291,0.2268887324465523,0.3517533412729919
7899,0.7908,6,18,6,581134,24476,94671,13285,0.22672199785097633,0.3518180132941395
7900,0.7909,18,36,18,581170,24440,94689,13267,0.22638852865982437,0.35184448510886573
7901,0.791,12,34,12,581204,24406,94701,13255,0.22607358553484752,0.3519556039404158
7902,0.7911,6,27,6,581231,24379,94707,13249,0.22582348364148358,0.3521048155628787
7903,0.7912,13,25,13,581256,24354,94720,13236,0.22559190781429472,0.3521149241819633
7904,0.7913,12,28,12,581284,24326,94732,13224,0.22533254288784318,0.3521704394141145
7905,0.7914,11,19,11,581303,24307,94743,13213,0.22515654525917966,0.3521588486140725
7906,0.7915,15,27,15,581330,24280,94758,13198,0.2249064433658157,0.352153263247772
7907,0.7916,12,42,12,581372,24238,94770,13186,0.22451739597613843,0.35234074390765285
7908,0.7917,8,40,8,581412,24198,94778,13178,0.22414687465263625,0.3525791952054795
7909,0.7918,11,17,11,581429,24181,94789,13167,0.22398940309014784,0.35254899860768985
7910,0.7919,12,44,12,581473,24137,94801,13155,0.22358182963429546,0.35275662340448355
7911,0.792,12,30,12,581503,24107,94813,13143,0.22330393864166884,0.3528322147651007
7912,0.7921,4,20,4,581523,24087,94817,13139,0.22311867797991775,0.3529522376833396
7913,0.7922,4,20,4,581543,24067,94821,13135,0.22293341731816665,0.35307241546153434
7914,0.7923,17,47,17,581590,24020,94838,13118,0.22249805476305162,0.35322311379180354
7915,0.7924,11,23,11,581613,23997,94849,13107,0.22228500500203788,0.3532503234152652
7916,0.7925,17,28,17,581641,23969,94866,13090,0.22202564007558634,0.35322054021964977
7917,0.7926,11,41,11,581682,23928,94877,13079,0.22164585571899661,0.35341962331450805
7918,0.7927,9,31,9,581713,23897,94886,13070,0.22135870169328245,0.353558579273406
7919,0.7928,5,18,5,581731,23879,94891,13065,0.22119196709770647,0.35364335210047637
7920,0.7929,15,30,15,581761,23849,94906,13050,0.22091407610507985,0.35366812108729234
7921,0.793,6,20,6,581781,23829,94912,13044,0.22072881544332876,0.3537547799202669
7922,0.7931,18,37,18,581818,23792,94930,13026,0.22038608321908926,0.35379433972513447
7923,0.7932,10,27,10,581845,23765,94940,13016,0.2201359813257253,0.35387836111035587
7924,0.7933,5,17,5,581862,23748,94945,13011,0.21997850976323688,0.3539541336815474
7925,0.7934,16,39,16,581901,23709,94961,12995,0.21961725147282227,0.3540486050566696
7926,0.7935,8,20,8,581921,23689,94969,12987,0.21943199081107118,0.3541007743483477
7927,0.7936,5,13,5,581934,23676,94974,12982,0.21931157138093296,0.354138250859294
7928,0.7937,14,24,14,581958,23652,94988,12968,0.21908925858683168,0.35412342981977063
7929,0.7938,5,13,5,581971,23639,94993,12963,0.21896883915669346,0.35416097481011966
7930,0.7939,16,45,16,582016,23594,95009,12947,0.21855200266775354,0.3543143318464191
7931,0.794,23,52,23,582068,23542,95032,12924,0.21807032494720072,0.3544123292930401
7932,0.7941,5,13,5,582081,23529,95037,12919,0.2179499055170625,0.3544501755926251
7933,0.7942,5,20,5,582101,23509,95042,12914,0.2177646448553114,0.3545561870246822
7934,0.7943,17,37,17,582138,23472,95059,12897,0.2174219126310719,0.3546151942588468
7935,0.7944,7,33,7,582171,23439,95066,12890,0.21711623253918264,0.35481295934377494
7936,0.7945,17,27,17,582198,23412,95083,12873,0.21686613064581867,0.3547747002893758
7937,0.7946,23,42,23,582240,23370,95106,12850,0.2164770832561414,0.3547763666482606
7938,0.7947,24,38,24,582278,23332,95130,12826,0.21612508799881433,0.3547209469550307
7939,0.7948,8,28,8,582306,23304,95138,12818,0.21586572307236282,0.35485299817285865
7940,0.7949,15,24,15,582330,23280,95153,12803,0.2156434102782615,0.3548208297536236
7941,0.795,15,36,15,582366,23244,95168,12788,0.21530994108710957,0.35490674955595025
7942,0.7951,7,26,7,582392,23218,95175,12781,0.21506910222683315,0.35503763993444265
7943,0.7952,7,21,7,582413,23197,95182,12774,0.21487457853199451,0.3551194017402908
7944,0.7953,21,53,21,582466,23144,95203,12753,0.21438363777835415,0.3552664568069755
7945,0.7954,3,5,3,582471,23139,95206,12750,0.21433732261291638,0.3552620580122043
7946,0.7955,16,32,16,582503,23107,95222,12734,0.21404090555411465,0.35529142602047936
7947,0.7956,7,11,7,582514,23096,95229,12727,0.21393901219015155,0.3552745442871898
7948,0.7957,8,15,8,582529,23081,95237,12719,0.21380006669383822,0.35527932960893854
7949,0.7958,12,29,12,582558,23052,95249,12707,0.21353143873429917,0.3553511004222713
7950,0.7959,15,34,15,582592,23018,95264,12692,0.21321649560932232,0.35541865023802854
7951,0.796,18,35,18,582627,22983,95282,12674,0.21289228945125793,0.355442129175197
7952,0.7961,18,39,18,582666,22944,95300,12656,0.21253103116084332,0.3555056179775281
7953,0.7962,13,45,13,582711,22899,95313,12643,0.21211419467190337,0.3557199932474256
7954,0.7963,4,19,4,582730,22880,95317,12639,0.21193819704323985,0.35583772065655
7955,0.7964,12,44,12,582774,22836,95329,12627,0.21153062358738745,0.35606124693342356
7956,0.7965,20,27,20,582801,22809,95349,12607,0.2112805216940235,0.35596905353512537
7957,0.7966,7,17,7,582818,22792,95356,12600,0.21112305013153507,0.3560126582278481
7958,0.7967,22,38,22,582856,22754,95378,12578,0.210771054874208,0.3559945658326729
7959,0.7968,12,32,12,582888,22722,95390,12566,0.2104746378154063,0.3560983903876672
7960,0.7969,8,22,8,582910,22700,95398,12558,0.2102708510874801,0.35617448522321177
7961,0.797,10,14,10,582924,22686,95408,12548,0.21014116862425433,0.35613328035420333
7962,0.7971,12,21,12,582945,22665,95420,12536,0.2099466449294157,0.35612624641345414
7963,0.7972,15,35,15,582980,22630,95435,12521,0.20962243877135128,0.3562060823305169
7964,0.7973,11,41,11,583021,22589,95446,12510,0.20924265441476156,0.3564204108379156
7965,0.7974,19,24,19,583045,22565,95465,12491,0.20902034162066027,0.35631560931081696
7966,0.7975,12,33,12,583078,22532,95477,12479,0.20871466152877097,0.3564308360229642
7967,0.7976,3,12,3,583090,22520,95480,12476,0.20860350513172032,0.35649788547262545
7968,0.7977,10,20,10,583110,22500,95490,12466,0.20841824446996926,0.35651776010982095
7969,0.7978,12,27,12,583137,22473,95502,12454,0.2081681425766053,0.3565722793254502
7970,0.7979,4,18,4,583155,22455,95506,12450,0.2080014079810293,0.35668242372152986
7971,0.798,10,39,10,583194,22416,95516,12440,0.2076401496906147,0.3568969474408997
7972,0.7981,11,23,11,583217,22393,95527,12429,0.20742709992960096,0.35692952731032107
7973,0.7982,20,37,20,583254,22356,95547,12409,0.20708436770536146,0.35693945059686466
7974,0.7983,10,36,10,583290,22320,95557,12399,0.2067508985142095,0.35712434113885766
7975,0.7984,8,9,8,583299,22311,95565,12391,0.2066675312164215,0.3570687568439859
7976,0.7985,16,52,16,583351,22259,95581,12375,0.20618585349586868,0.35730784777963853
7977,0.7986,21,30,21,583381,22229,95602,12354,0.20590796250324206,0.3572275395425498
7978,0.7987,12,27,12,583408,22202,95614,12342,0.2056578606098781,0.3572834645669291
7979,0.7988,11,30,11,583438,22172,95625,12331,0.20537996961725147,0.3573892125322436
7980,0.7989,6,20,6,583458,22152,95631,12325,0.20519470895550038,0.3574846999448908
7981,0.799,4,22,4,583480,22130,95635,12321,0.2049909222275742,0.3576383849525413
7982,0.7991,15,24,15,583504,22106,95650,12306,0.2047686094334729,0.35760781122864116
7983,0.7992,26,40,26,583544,22066,95676,12280,0.20439808810997073,0.35753799569091016
7984,0.7993,16,34,16,583578,22032,95692,12264,0.20408314498499389,0.357592722183345
7985,0.7994,14,31,14,583609,22001,95706,12250,0.2037959909592797,0.35765379113018597
7986,0.7995,13,19,13,583628,21982,95719,12237,0.20361999333061617,0.3576083462403928
7987,0.7996,18,39,18,583667,21943,95737,12219,0.20325873504020156,0.3576781218898191
7988,0.7997,10,24,10,583691,21919,95747,12209,0.20303642224610027,0.3577414439756212
7989,0.7998,23,44,23,583735,21875,95770,12186,0.20262884879024787,0.3577698834444086
7990,0.7999,13,32,13,583767,21843,95783,12173,0.20233243173144613,0.3578610065851364
7991,0.8,2,4,2,583771,21839,95785,12171,0.20229537959909594,0.3578653337253749
7992,0.8001,5,22,5,583793,21817,95790,12166,0.20209159287116973,0.35800253067710325
7993,0.8002,17,30,17,583823,21787,95807,12149,0.2018137018785431,0.3579974068835455
7994,0.8003,11,29,11,583852,21758,95818,12138,0.20154507391900403,0.3580953504838329
7995,0.8004,13,27,13,583879,21731,95831,12125,0.20129497202564006,0.3581344517958412
7996,0.8005,11,32,11,583911,21699,95842,12114,0.20099855496683836,0.3582645727974448
7997,0.8006,7,12,7,583923,21687,95849,12107,0.20088739856978768,0.35825886251997396
7998,0.8007,24,39,24,583962,21648,95873,12083,0.20052614027937307,0.3582164774243278
7999,0.8008,13,28,13,583990,21620,95886,12070,0.20026677535292156,0.3582665479370733
8000,0.8009,11,44,11,584034,21576,95897,12059,0.19985920189706918,0.3585253456221198
8001,0.801,9,22,9,584056,21554,95906,12050,0.19965541516914298,0.35858826330198784
8002,0.8011,22,43,22,584099,21511,95928,12028,0.19925710474637814,0.3586272697456692
8003,0.8012,13,27,13,584126,21484,95941,12015,0.1990070028530142,0.3586674229081465
8004,0.8013,14,21,14,584147,21463,95955,12001,0.19881247915817554,0.3586241931628018
8005,0.8014,20,44,20,584191,21419,95975,11981,0.19840490570232316,0.3587125748502994
8006,0.8015,3,8,3,584199,21411,95978,11978,0.19833080143762274,0.3587409026925035
8007,0.8016,10,22,10,584221,21389,95988,11968,0.19812701470969654,0.35878526246365083
8008,0.8017,14,17,14,584238,21372,96002,11954,0.19796954314720813,0.3586989137610274
8009,0.8018,12,17,12,584255,21355,96014,11942,0.1978120715847197,0.35865092951316935
8010,0.8019,6,10,6,584265,21345,96020,11936,0.19771944125384416,0.3586430696193023
8011,0.802,7,23,7,584288,21322,96027,11929,0.19750639149283042,0.3587561276352591
8012,0.8021,11,38,11,584326,21284,96038,11918,0.19715439623550335,0.3589542798626589
8013,0.8022,13,28,13,584354,21256,96051,11905,0.19689503130905184,0.3590060613371129
8014,0.8023,10,21,10,584375,21235,96061,11895,0.1967005076142132,0.3590401448837911
8015,0.8024,24,42,24,584417,21193,96085,11871,0.1963114602245359,0.35903097023953545
8016,0.8025,27,34,27,584451,21159,96112,11844,0.1959965170995591,0.35887646577583854
8017,0.8026,10,28,10,584479,21131,96122,11834,0.19573715217310755,0.35898680418625817
8018,0.8027,5,29,5,584508,21102,96127,11829,0.1954685242135685,0.35920561173362486
8019,0.8028,9,29,9,584537,21073,96136,11820,0.19519989625402942,0.35934697352020184
8020,0.8029,13,29,13,584566,21044,96149,11807,0.19493126829449034,0.359410672430063
8021,0.803,7,24,7,584590,21020,96156,11800,0.19470895550038905,0.3595368677635588
8022,0.8031,17,37,17,584627,20983,96173,11783,0.19436622327614955,0.35961057193432217
8023,0.8032,4,35,4,584662,20948,96177,11779,0.19404201711808514,0.35991688819629053
8024,0.8033,5,24,5,584686,20924,96182,11774,0.19381970432398385,0.3600831855159337
8025,0.8034,17,26,17,584712,20898,96199,11757,0.19357886546370745,0.3600367478180983
8026,0.8035,12,12,12,584724,20886,96211,11745,0.19346770906665678,0.3599338052771904
8027,0.8036,14,39,14,584763,20847,96225,11731,0.19310645077624217,0.3600896310393517
8028,0.8037,13,21,13,584784,20826,96238,11718,0.19291192708140353,0.3600663716814159
8029,0.8038,5,18,5,584802,20808,96243,11713,0.19274519248582755,0.36016727652901204
8030,0.8039,9,29,9,584831,20779,96252,11704,0.1924765645262885,0.3603115475787335
8031,0.804,9,22,9,584853,20757,96261,11695,0.1922727777983623,0.36037840502896584
8032,0.8041,4,18,4,584871,20739,96265,11691,0.19210604320278632,0.3604995374653099
8033,0.8042,8,28,8,584899,20711,96273,11683,0.1918466782763348,0.36065320738408346
8034,0.8043,14,36,14,584935,20675,96287,11669,0.19151320908518285,0.36077788770714814
8035,0.8044,14,35,14,584970,20640,96301,11655,0.19118900292711846,0.36089177891314445
8036,0.8045,13,29,13,584999,20611,96314,11642,0.19092037496757938,0.3609586705112703
8037,0.8046,13,36,13,585035,20575,96327,11629,0.19058690577642742,0.3611042106570612
8038,0.8047,14,25,14,585060,20550,96341,11615,0.19035532994923857,0.36110679309808796
8039,0.8048,9,19,9,585079,20531,96350,11606,0.19017933232057505,0.3611413635373557
8040,0.8049,12,30,12,585109,20501,96362,11594,0.18990144132794842,0.3612400685465026
8041,0.805,14,29,14,585138,20472,96376,11580,0.18963281336840934,0.36128790715087983
8042,0.8051,9,23,9,585161,20449,96385,11571,0.1894197636073956,0.36136789506558403
8043,0.8052,16,38,16,585199,20411,96401,11555,0.18906776835006855,0.3614778201839454
8044,0.8053,5,12,5,585211,20399,96406,11550,0.18895661195301788,0.3615136623994491
8045,0.8054,13,39,13,585250,20360,96419,11537,0.18859535366260327,0.3616954572530332
8046,0.8055,7,13,7,585263,20347,96426,11530,0.18847493423246509,0.36170279511873765
8047,0.8056,7,27,7,585290,20320,96433,11523,0.18822483233910112,0.3618691706183463
8048,0.8057,11,27,11,585317,20293,96444,11512,0.18797473044573715,0.3619556673479013
8049,0.8058,6,13,6,585330,20280,96450,11506,0.18785431101559893,0.3619832630717926
8050,0.8059,8,16,8,585346,20264,96458,11498,0.18770610248619807,0.36200491152950065
8051,0.806,11,21,11,585367,20243,96469,11487,0.18751157879135943,0.36202332177749763
8052,0.8061,9,9,9,585376,20234,96478,11478,0.18742821149357144,0.36194500504540866
8053,0.8062,7,16,7,585392,20218,96485,11471,0.18728000296417058,0.36198680930291266
8054,0.8063,20,39,20,585431,20179,96505,11451,0.18691874467375597,0.3620297186215618
8055,0.8064,9,17,9,585448,20162,96514,11442,0.18676127311126756,0.3620427793950133
8056,0.8065,8,18,8,585466,20144,96522,11434,0.18659453851569158,0.36208752929254545
8057,0.8066,5,26,5,585492,20118,96527,11429,0.18635369965541518,0.3622848448346911
8058,0.8067,3,18,3,585510,20100,96530,11426,0.1861869650598392,0.362431009325636
8059,0.8068,10,22,10,585532,20078,96540,11416,0.185983178331913,0.3624817425541373
8060,0.8069,6,9,6,585541,20069,96546,11410,0.185899811034125,0.3624638647987547
8061,0.807,13,27,13,585568,20042,96559,11397,0.18564970914076104,0.3625115302649575
8062,0.8071,20,45,20,585613,19997,96579,11377,0.18523287265182112,0.362625103588959
8063,0.8072,14,40,14,585653,19957,96593,11363,0.18486235132831894,0.36280332056194126
8064,0.8073,7,13,7,585666,19944,96600,11356,0.18474193189818075,0.3628115015974441
8065,0.8074,18,49,18,585715,19895,96618,11338,0.18428804327689058,0.363013479332757
8066,0.8075,8,22,8,585737,19873,96626,11330,0.1840842565489644,0.3631061115918341
8067,0.8076,9,21,9,585758,19852,96635,11321,0.18388973285412574,0.36316684310140185
8068,0.8077,10,16,10,585774,19836,96645,11311,0.18374152432472488,0.36314893890262306
8069,0.8078,7,24,7,585798,19812,96652,11304,0.1835192115306236,0.36328576937909757
8070,0.8079,5,16,5,585814,19796,96657,11299,0.18337100300122272,0.3633703167711851
8071,0.808,9,19,9,585833,19777,96666,11290,0.1831950053725592,0.36340811793864874
8072,0.8081,11,22,11,585855,19755,96677,11279,0.182991218644633,0.3634400979570793
8073,0.8082,8,25,8,585880,19730,96685,11271,0.18275964281744414,0.3635689171317054
8074,0.8083,10,23,10,585903,19707,96695,11261,0.1825465930564304,0.36363342805476623
8075,0.8084,17,30,17,585933,19677,96712,11244,0.18226870206380377,0.36363636363636365
8076,0.8085,16,33,16,585966,19644,96728,11228,0.1819630219719145,0.36369525783881834
8077,0.8086,9,19,9,585985,19625,96737,11219,0.18178702434325095,0.36373362728569575
8078,0.8087,14,32,14,586017,19593,96751,11205,0.1814906072844492,0.36382232612507304
8079,0.8088,8,33,8,586050,19560,96759,11197,0.18118492719255994,0.3640472087654843
8080,0.8089,25,51,25,586101,19509,96784,11172,0.18071251250509468,0.36413415468856947
8081,0.809,16,26,16,586127,19483,96800,11156,0.18047167364481825,0.3641111002317308
8082,0.8091,20,37,20,586164,19446,96820,11136,0.18012894142057875,0.3641357661369433
8083,0.8092,14,35,14,586199,19411,96834,11122,0.17980473526251436,0.36426161857662204
8084,0.8093,13,31,13,586230,19380,96847,11109,0.17951758123680017,0.36436091705205154
8085,0.8094,20,39,20,586269,19341,96867,11089,0.17915632294638556,0.36441012159053565
8086,0.8095,16,40,16,586309,19301,96883,11073,0.1787858016228834,0.3645552116942122
8087,0.8096,2,14,2,586323,19287,96885,11071,0.17865611915965765,0.36468146781737926
8088,0.8097,5,14,5,586337,19273,96890,11066,0.17852643669643187,0.364745047628465
8089,0.8098,25,48,25,586385,19225,96915,11041,0.17808181110822927,0.36479878411418754
8090,0.8099,18,36,18,586421,19189,96933,11023,0.17774834191707733,0.3648550244935787
8091,0.81,9,25,9,586446,19164,96942,11014,0.17751676608988848,0.364967857379548
8092,0.8101,4,15,4,586461,19149,96946,11010,0.17737782059357515,0.36506515468019496
8093,0.8102,8,29,8,586490,19120,96954,11002,0.1771091926340361,0.36524799150122833
8094,0.8103,11,41,11,586531,19079,96965,10991,0.17672940827744638,0.36551380113069504
8095,0.8104,9,18,9,586549,19061,96974,10982,0.1765626736818704,0.3655427220983257
8096,0.8105,11,27,11,586576,19034,96985,10971,0.17631257178850643,0.36563906015664055
8097,0.8106,2,17,2,586593,19017,96987,10969,0.17615510022601802,0.36580404188621357
8098,0.8107,4,22,4,586615,18995,96991,10965,0.17595131349809182,0.3659879839786382
8099,0.8108,15,32,15,586647,18963,97006,10950,0.17565489643929008,0.36606157857787586
8100,0.8109,4,10,4,586657,18953,97010,10946,0.17556226610841455,0.36609920064216195
8101,0.811,11,30,11,586687,18923,97021,10935,0.17528437511578793,0.36623350525822224
8102,0.8111,4,15,4,586702,18908,97025,10931,0.1751454296194746,0.36633265189852204
8103,0.8112,16,26,16,586728,18882,97041,10915,0.1749045907591982,0.3663120448367285
8104,0.8113,16,50,16,586778,18832,97057,10899,0.1744414391048205,0.36658706400726515
8105,0.8114,8,23,8,586801,18809,97065,10891,0.17422838934380674,0.3667003367003367
8106,0.8115,8,12,8,586813,18797,97073,10883,0.17411723294675607,0.366677897574124
8107,0.8116,14,23,14,586836,18774,97087,10869,0.17390418318574233,0.36666329318894847
8108,0.8117,7,12,7,586848,18762,97094,10862,0.17379302678869168,0.3666621658115042
8109,0.8118,7,20,7,586868,18742,97101,10855,0.1736077661269406,0.36676014460925094
8110,0.8119,15,27,15,586895,18715,97116,10840,0.17335766423357665,0.36677381153781086
8111,0.812,18,40,18,586935,18675,97134,10822,0.17298714291007447,0.36688476794250263
8112,0.8121,10,28,10,586963,18647,97144,10812,0.17272777798362296,0.36701856817950373
8113,0.8122,14,36,14,586999,18611,97158,10798,0.172394308792471,0.3671665136522833
8114,0.8123,10,36,10,587035,18575,97168,10788,0.17206083960131904,0.36740115110853794
8115,0.8124,11,37,11,587072,18538,97179,10777,0.17171810737707954,0.36762749445676274
8116,0.8125,19,35,19,587107,18503,97198,10758,0.17139390121901515,0.3676566077714364
8117,0.8126,4,20,4,587127,18483,97202,10754,0.17120864055726406,0.3678215959229743
8118,0.8127,12,30,12,587157,18453,97214,10742,0.17093074956463744,0.367939715704744
8119,0.8128,14,38,14,587195,18415,97228,10728,0.1705787543073104,0.36811584256939917
8120,0.8129,5,13,5,587208,18402,97233,10723,0.17045833487717219,0.3681716738197425
8121,0.813,6,23,6,587231,18379,97239,10717,0.17024528511615844,0.36833241682705525
8122,0.8131,6,9,6,587240,18370,97245,10711,0.17016191781837045,0.36831608266565796
8123,0.8132,9,28,9,587268,18342,97254,10702,0.16990255289191894,0.36847541660928246
8124,0.8133,10,24,10,587292,18318,97264,10692,0.16968024009781763,0.3685625646328852
8125,0.8134,18,36,18,587328,18282,97282,10674,0.16934677090666567,0.3686282635723166
8126,0.8135,15,26,15,587354,18256,97297,10659,0.16910593204638927,0.36863219782120005
8127,0.8136,10,9,10,587363,18247,97307,10649,0.16902256474860128,0.3685285160575858
8128,0.8137,6,19,6,587382,18228,97313,10643,0.16884656711993776,0.36863981157562953
8129,0.8138,16,24,16,587406,18204,97329,10627,0.16862425432583644,0.3685963025909611
8130,0.8139,10,29,10,587435,18175,97339,10617,0.1683556263662974,0.3687482634065018
8131,0.814,4,11,4,587446,18164,97343,10613,0.1682537330023343,0.36880147339889496
8132,0.8141,7,22,7,587468,18142,97350,10606,0.16804994627440809,0.36893001252261026
8133,0.8142,19,37,19,587505,18105,97369,10587,0.16770721405016858,0.3689878711836052
8134,0.8143,24,39,24,587544,18066,97393,10563,0.16734595575975397,0.36896154249187885
8135,0.8144,14,26,14,587570,18040,97407,10549,0.16710511689947757,0.3689880723355137
8136,0.8145,16,40,16,587610,18000,97423,10533,0.1667345955759754,0.3691515087793082
8137,0.8146,6,32,6,587642,17968,97429,10527,0.16643817851717366,0.36943323390068433
8138,0.8147,13,24,13,587666,17944,97442,10514,0.16621586572307237,0.36945674327078504
8139,0.8148,9,18,9,587684,17926,97451,10505,0.1660491311274964,0.3694910485033942
8140,0.8149,1,7,1,587691,17919,97452,10504,0.1659842898958835,0.36955986349083486
8141,0.815,5,20,5,587711,17899,97457,10499,0.16579902923413242,0.3697091344460878
8142,0.8151,11,18,11,587729,17881,97468,10488,0.16563229463855644,0.3696993196799323
8143,0.8152,15,27,15,587756,17854,97483,10473,0.16538219274519247,0.3697179369506125
8144,0.8153,15,26,15,587782,17828,97498,10458,0.16514135388491608,0.36972353814607933
8145,0.8154,9,22,9,587804,17806,97507,10449,0.16493756715698987,0.3698106529817731
8146,0.8155,16,35,16,587839,17771,97523,10433,0.16461336099892548,0.3699120692100411
8147,0.8156,10,30,10,587869,17741,97533,10423,0.16433547000629886,0.37008237466268995
8148,0.8157,7,27,7,587896,17714,97540,10416,0.1640853681129349,0.37028083896196234
8149,0.8158,4,17,4,587913,17697,97544,10412,0.16392789655044648,0.3704151695186595
8150,0.8159,6,20,6,587933,17677,97550,10406,0.1637426358886954,0.37054445750097925
8151,0.816,12,27,12,587960,17650,97562,10394,0.16349253399533142,0.37063186421337896
8152,0.8161,16,18,16,587978,17632,97578,10378,0.16332579939975544,0.370510531952874
8153,0.8162,12,50,12,588028,17582,97590,10366,0.16286264774537776,0.37090310576785457
8154,0.8163,14,23,14,588051,17559,97604,10352,0.162649597984364,0.37089319623087674
8155,0.8164,5,17,5,588068,17542,97609,10347,0.16249212642187558,0.371006490013984
8156,0.8165,13,20,13,588088,17522,97622,10334,0.16230686576012449,0.37097932222860425
8157,0.8166,9,14,9,588102,17508,97631,10325,0.16217718329689873,0.3709625264973233
8158,0.8167,7,16,7,588118,17492,97638,10318,0.16202897476749786,0.3710176195613089
8159,0.8168,8,17,8,588135,17475,97646,10310,0.16187150320500945,0.3710635234838942
8160,0.8169,6,5,6,588140,17470,97652,10304,0.1618251880395717,0.37099445524591346
8161,0.817,9,22,9,588162,17448,97661,10295,0.16162140131164549,0.3710845979165916
8162,0.8171,6,20,6,588182,17428,97667,10289,0.1614361406498944,0.37121622109174873
8163,0.8172,19,40,19,588222,17388,97686,10270,0.16106561932639224,0.3713211367416299
8164,0.8173,20,50,20,588272,17338,97706,10250,0.16060246767201453,0.37153835000724955
8165,0.8174,10,23,10,588295,17315,97716,10240,0.16038941791100078,0.3716203955724914
8166,0.8175,5,9,5,588304,17306,97721,10235,0.1603060506132128,0.37162775498347916
8167,0.8176,10,11,10,588315,17295,97731,10225,0.1602041572492497,0.3715479651162791
8168,0.8177,11,16,11,588331,17279,97742,10214,0.16005594871984882,0.371512748699669
8169,0.8178,24,22,24,588353,17257,97766,10190,0.15985216199192265,0.37126097569861916
8170,0.8179,11,23,11,588376,17234,97777,10179,0.15963911223090888,0.3713201765585671
8171,0.818,11,26,11,588402,17208,97788,10168,0.15939827337063248,0.37142022209234365
8172,0.8181,15,23,15,588425,17185,97803,10153,0.15918522360961873,0.3713878118370034
8173,0.8182,17,34,17,588459,17151,97820,10136,0.15887028048464188,0.37145893648990364
8174,0.8183,10,20,10,588479,17131,97830,10126,0.1586850198228908,0.37150089885167115
8175,0.8184,11,38,11,588517,17093,97841,10115,0.15833302456556375,0.3717656571596589
8176,0.8185,4,14,4,588531,17079,97845,10111,0.158203342102338,0.37186465612357483
8177,0.8186,4,5,4,588536,17074,97849,10107,0.15815702693690023,0.37184062396526985
8178,0.8187,13,25,13,588561,17049,97862,10094,0.15792545110971137,0.3718822532512987
8179,0.8188,12,15,12,588576,17034,97874,10082,0.15778650561339805,0.3718100014751438
8180,0.8189,9,23,9,588599,17011,97883,10073,0.1575734558523843,0.3719169989661793
8181,0.819,8,22,8,588621,16989,97891,10065,0.1573696691244581,0.3720337103570637
8182,0.8191,10,15,10,588636,16974,97901,10055,0.1572307236281448,0.3720078434274298
8183,0.8192,14,31,14,588667,16943,97915,10041,0.1569435696024306,0.3721093981618737
8184,0.8193,10,15,10,588682,16928,97925,10031,0.1568046241061173,0.37208353425572166
8185,0.8194,8,26,8,588708,16902,97933,10023,0.1565637852458409,0.37225626740947076
8186,0.8195,11,13,11,588721,16889,97944,10012,0.1564433658157027,0.372179472882049
8187,0.8196,10,19,10,588740,16870,97954,10002,0.15626736818703915,0.37220899077106284
8188,0.8197,11,20,11,588760,16850,97965,9991,0.1560821075252881,0.37222905256883126
8189,0.8198,14,26,14,588786,16824,97979,9977,0.15584126866501166,0.3722622290213052
8190,0.8199,4,16,4,588802,16808,97983,9973,0.1556930601356108,0.3723908741271797
8191,0.82,8,19,8,588821,16789,97991,9965,0.15551706250694727,0.37246766838603573
8192,0.8201,19,39,19,588860,16750,98010,9946,0.15515580421653266,0.37256517830386576
8193,0.8202,9,29,9,588889,16721,98019,9937,0.15488717625699358,0.372758646560132
8194,0.8203,15,25,15,588914,16696,98034,9922,0.15465560042980472,0.37275527838304906
8195,0.8204,11,17,11,588931,16679,98045,9911,0.15449812886731631,0.37273411056788264
8196,0.8205,11,23,11,588954,16656,98056,9900,0.15428507910630257,0.3727971079981925
8197,0.8206,14,39,14,588993,16617,98070,9886,0.15392382081588796,0.37301437573104934
8198,0.8207,13,27,13,589020,16590,98083,9873,0.153673718922524,0.37308695159278993
8199,0.8208,10,11,10,589031,16579,98093,9863,0.1535718255585609,0.3730050676953332
8200,0.8209,3,10,3,589041,16569,98096,9860,0.15347919522768536,0.37307503121571
8201,0.821,7,40,7,589081,16529,98103,9853,0.15310867390418317,0.37347433856417256
8202,0.8211,4,17,4,589098,16512,98107,9849,0.15295120234169476,0.3736201206327529
8203,0.8212,13,27,13,589125,16485,98120,9836,0.1527011004483308,0.3736940085862999
8204,0.8213,4,19,4,589144,16466,98124,9832,0.15252510281966727,0.37386873526503916
8205,0.8214,12,26,12,589170,16440,98136,9820,0.15228426395939088,0.37395277989337394
8206,0.8215,18,35,18,589205,16405,98154,9802,0.15196005780132646,0.37402220780707446
8207,0.8216,9,25,9,589230,16380,98163,9793,0.1517284819741376,0.37416421503075686
8208,0.8217,16,22,16,589252,16358,98179,9777,0.15152469524621143,0.3740960397933805
8209,0.8218,7,20,7,589272,16338,98186,9770,0.15133943458446034,0.3742148000612839
8210,0.8219,17,31,17,589303,16307,98203,9753,0.15105228055874614,0.3742517267843438
8211,0.822,3,13,3,589316,16294,98206,9750,0.15093186112860796,0.3743664567654738
8212,0.8221,19,44,19,589360,16250,98225,9731,0.15052428767275558,0.3745429352218929
8213,0.8222,8,33,8,589393,16217,98233,9723,0.15021860758086628,0.37482652274479566
8214,0.8223,5,7,5,589400,16210,98238,9718,0.1501537663492534,0.3748071582844801
8215,0.8224,4,20,4,589420,16190,98242,9714,0.1499685056875023,0.375
8216,0.8225,8,10,8,589430,16180,98250,9706,0.14987587535662678,0.37495171134976435
8217,0.8226,14,27,14,589457,16153,98264,9692,0.1496257734632628,0.37500483652544014
8218,0.8227,13,26,13,589483,16127,98277,9679,0.1493849346029864,0.3750678136867395
8219,0.8228,5,25,5,589508,16102,98282,9674,0.14915335877579755,0.37531036623215397
8220,0.8229,6,14,6,589522,16088,98288,9668,0.1490236763125718,0.375368846094114
8221,0.823,15,18,15,589540,16070,98303,9653,0.14885694171699582,0.3752672705360961
8222,0.8231,4,16,4,589556,16054,98307,9649,0.14870873318759495,0.37540364937944987
8223,0.8232,11,16,11,589572,16038,98318,9638,0.14856052465819408,0.37536999532637483
8224,0.8233,8,22,8,589594,16016,98326,9630,0.14835673793026788,0.37549715355221086
8225,0.8234,12,17,12,589611,15999,98338,9618,0.14819926636777947,0.3754538002107975
8226,0.8235,20,29,20,589640,15970,98358,9598,0.1479306384082404,0.37539111389236546
8227,0.8236,10,19,10,589659,15951,98368,9588,0.14775464077957687,0.3754258193351345
8228,0.8237,7,15,7,589674,15936,98375,9581,0.14761569528326354,0.37547517341380254
8229,0.8238,8,24,8,589698,15912,98383,9573,0.14739338248916226,0.37563272513243084
8230,0.8239,5,14,5,589712,15898,98388,9568,0.1472637000259365,0.37571664179690567
8231,0.824,17,38,17,589750,15860,98405,9551,0.14691170476860943,0.3758608476643973
8232,0.8241,3,8,3,589758,15852,98408,9548,0.146837600503909,0.3759055118110236
8233,0.8242,4,18,4,589776,15834,98412,9544,0.14667086590833303,0.37607376467806763
8234,0.8243,10,20,10,589796,15814,98422,9534,0.14648560524658194,0.3761243490610699
8235,0.8244,8,20,8,589816,15794,98430,9526,0.14630034458483085,0.37622432859399685
8236,0.8245,10,13,10,589829,15781,98440,9516,0.14617992515469266,0.3761710874807289
8237,0.8246,11,43,11,589872,15738,98451,9505,0.14578161473192783,0.3765400308996554
8238,0.8247,6,6,6,589878,15732,98457,9499,0.1457260365334025,0.3764813126709207
8239,0.8248,11,27,11,589905,15705,98468,9488,0.14547593464003852,0.3766125511054658
8240,0.8249,4,12,4,589917,15693,98472,9484,0.14536477824298788,0.37669301346467016
8241,0.825,7,36,7,589953,15657,98479,9477,0.14503130905183592,0.3770589639532108
8242,0.8251,16,22,16,589975,15635,98495,9461,0.14482752232390975,0.376992349378387
8243,0.8252,9,17,9,589992,15618,98504,9452,0.1446700507614213,0.37702433187076184
8244,0.8253,11,30,11,590022,15588,98515,9441,0.1443921597687947,0.37720244516361023
8245,0.8254,16,22,16,590044,15566,98531,9425,0.1441883730408685,0.3771357688767957
8246,0.8255,6,16,6,590060,15550,98537,9419,0.14404016451146764,0.3772277624254075
8247,0.8256,10,16,10,590076,15534,98547,9409,0.14389195598206678,0.37722006174076894
8248,0.8257,13,16,13,590092,15518,98560,9396,0.1437437474526659,0.37713735249257446
8249,0.8258,14,20,14,590112,15498,98574,9382,0.14355848679091482,0.37709003215434084
8250,0.8259,16,21,16,590133,15477,98590,9366,0.14336396309607619,0.37700760777683856
8251,0.826,7,15,7,590148,15462,98597,9359,0.14322501759976286,0.37705974779420653
8252,0.8261,13,25,13,590173,15437,98610,9346,0.142993441772574,0.37711334382439576
8253,0.8262,4,14,4,590187,15423,98614,9342,0.14286375930934825,0.3772259236826166
8254,0.8263,14,28,14,590215,15395,98628,9328,0.14260439438289674,0.3773004894228047
8255,0.8264,13,21,13,590236,15374,98641,9315,0.1424098706880581,0.3772935315322613
8256,0.8265,16,23,16,590259,15351,98657,9299,0.14219682092704436,0.37724137931034485
8257,0.8266,5,13,5,590272,15338,98662,9294,0.14207640149690615,0.37731406300746995
8258,0.8267,14,28,14,590300,15310,98676,9280,0.14181703657045464,0.3773891825945506
8259,0.8268,5,13,5,590313,15297,98681,9275,0.14169661714031642,0.37746215204297573
8260,0.8269,11,24,11,590337,15273,98692,9264,0.14147430434621514,0.3775522680034234
8261,0.827,6,4,6,590341,15269,98698,9258,0.1414372522138649,0.377461572960411
8262,0.8271,12,18,12,590359,15251,98710,9246,0.14127051761828893,0.3774339715067151
8263,0.8272,12,21,12,590380,15230,98722,9234,0.1410759939234503,0.37745258338783516
8264,0.8273,11,12,11,590392,15218,98733,9223,0.14096483752639966,0.3773577185876192
8265,0.8274,9,17,9,590409,15201,98742,9214,0.14080736596391122,0.3773909481875896
8266,0.8275,10,28,10,590437,15173,98752,9204,0.1405480010374597,0.377569019977848
8267,0.8276,9,17,9,590454,15156,98761,9195,0.1403905294749713,0.37760256252309965
8268,0.8277,12,20,12,590474,15136,98773,9183,0.1402052688132202,0.37760598708828486
8269,0.8278,15,28,15,590502,15108,98788,9168,0.1399459038867687,0.37765694513099357
8270,0.8279,11,19,11,590521,15089,98799,9157,0.13976990625810515,0.3776705435948198
8271,0.828,8,25,8,590546,15064,98807,9149,0.1395383304309163,0.3778548713501012
8272,0.8281,9,20,9,590566,15044,98816,9140,0.13935306976916523,0.37793582533906717
8273,0.8282,11,31,11,590597,15013,98827,9129,0.13906591574345104,0.37813768536161046
8274,0.8283,7,13,7,590610,15000,98834,9122,0.13894549631331282,0.3781610148412238
8275,0.8284,11,26,11,590636,14974,98845,9111,0.13870465745303642,0.37828523977579404
8276,0.8285,14,34,14,590670,14940,98859,9097,0.13838971432805958,0.37845821025918375
8277,0.8286,5,19,5,590689,14921,98864,9092,0.13821371669939606,0.3786282430350227
8278,0.8287,26,36,26,590725,14885,98890,9066,0.1378802475082441,0.37852281741889693
8279,0.8288,5,19,5,590744,14866,98895,9061,0.13770424987958058,0.3786935261420153
8280,0.8289,10,28,10,590772,14838,98905,9051,0.13744488495312907,0.3788773075474068
8281,0.829,7,10,7,590782,14828,98912,9044,0.1373522546222535,0.3788538873994638
8282,0.8291,10,13,10,590795,14815,98922,9034,0.13723183519211532,0.3787999496834249
8283,0.8292,9,24,9,590819,14791,98931,9025,0.137009522398014,0.3789469264360094
8284,0.8293,9,19,9,590838,14772,98940,9016,0.13683352476935048,0.3790146292248192
8285,0.8294,15,34,15,590872,14738,98955,9001,0.13651858164437364,0.37916508698765744
8286,0.8295,15,30,15,590902,14708,98970,8986,0.13624069065174702,0.37925213134126784
8287,0.8296,5,18,5,590920,14690,98975,8981,0.13607395605617104,0.37940940391195976
8288,0.8297,6,13,6,590933,14677,98981,8975,0.13595353662603282,0.3794605107390496
8289,0.8298,6,7,6,590940,14670,98987,8969,0.13588869539441994,0.3794153729007149
8290,0.8299,6,8,6,590948,14662,98993,8963,0.13581459112971953,0.3793862433862434
8291,0.83,20,35,20,590983,14627,99013,8943,0.1354903849716551,0.37942299533305046
8292,0.8301,4,8,4,590991,14619,99017,8939,0.1354162807069547,0.37944647253586894
8293,0.8302,12,34,12,591025,14585,99029,8927,0.13510133758197784,0.37967846206192585
8294,0.8303,12,25,12,591050,14560,99041,8915,0.13486976175478899,0.379765708200213
8295,0.8304,12,18,12,591068,14542,99053,8903,0.134703027159213,0.3797398165920239
8296,0.8305,5,10,5,591078,14532,99058,8898,0.13461039682833748,0.3797695262483995
8297,0.8306,11,15,11,591093,14517,99069,8887,0.13447145133202415,0.3797214151427106
8298,0.8307,12,18,12,591111,14499,99081,8875,0.13430471673644817,0.3796953880379909
8299,0.8308,4,9,4,591120,14490,99085,8871,0.13422134943866018,0.3797354565301143
8300,0.8309,7,12,7,591132,14478,99092,8864,0.13411019304160954,0.3797446662668152
8301,0.831,4,11,4,591143,14467,99096,8860,0.13400829967764644,0.3798173790028722
8302,0.8311,17,44,17,591187,14423,99113,8843,0.13360072622179406,0.3800825238545517
8303,0.8312,27,42,27,591229,14381,99140,8816,0.1332116788321168,0.38004914428589903
8304,0.8313,16,26,16,591255,14355,99156,8800,0.1329708399718404,0.38004750593824227
8305,0.8314,2,9,2,591264,14346,99158,8798,0.1328874726740524,0.38014172139647423
8306,0.8315,13,42,13,591306,14304,99171,8785,0.1324984252843751,0.3804842132617264
8307,0.8316,12,33,12,591339,14271,99183,8773,0.13219274519248583,0.3807064745703871
8308,0.8317,12,19,12,591358,14252,99195,8761,0.13201674756382228,0.3806978664233259
8309,0.8318,3,17,3,591375,14235,99198,8758,0.13185927600133387,0.3808985343365372
8310,0.8319,5,11,5,591386,14224,99203,8753,0.13175738263737077,0.3809461635548592
8311,0.832,17,25,17,591411,14199,99220,8736,0.13152580681018192,0.38090255068672335
8312,0.8321,15,22,15,591433,14177,99235,8721,0.13132202008225574,0.38086295746353394
8313,0.8322,15,35,15,591468,14142,99250,8706,0.13099781392419133,0.38103991596638653
8314,0.8323,7,15,7,591483,14127,99257,8699,0.13085886842787803,0.381100499430474
8315,0.8324,12,24,12,591507,14103,99269,8687,0.1306365556337767,0.38117595436595
8316,0.8325,9,18,9,591525,14085,99278,8678,0.13046982103820076,0.38123270219215394
8317,0.8326,27,41,27,591566,14044,99305,8651,0.13009003668161104,0.38118528310200483
8318,0.8327,6,16,6,591582,14028,99311,8645,0.12994182815221017,0.38129052176597716
8319,0.8328,8,18,8,591600,14010,99319,8637,0.1297750935566342,0.38137501655848455
8320,0.8329,8,18,8,591618,13992,99327,8629,0.1296083589610582,0.38145970558330755
8321,0.833,14,15,14,591633,13977,99341,8615,0.1294694134647449,0.3813296742209632
8322,0.8331,7,17,7,591650,13960,99348,8608,0.12931194190225648,0.3814250265863169
8323,0.8332,9,21,9,591671,13939,99357,8599,0.12911741820741784,0.38153341024048276
8324,0.8333,15,21,15,591692,13918,99372,8584,0.1289228945125792,0.38147720202648655
8325,0.8334,16,39,16,591731,13879,99388,8568,0.1285616362221646,0.3816991134672785
8326,0.8335,9,16,9,591747,13863,99397,8559,0.12841342769276373,0.38172330746588173
8327,0.8336,16,28,16,591775,13835,99413,8543,0.1281540627663122,0.38175887031906336
8328,0.8337,9,32,9,591807,13803,99422,8534,0.12785764570751046,0.3820566772619421
8329,0.8338,12,18,12,591825,13785,99434,8522,0.12769091111193448,0.38203254583762947
8330,0.8339,4,15,4,591840,13770,99438,8518,0.12755196561562118,0.3821787508973439
8331,0.834,10,11,10,591851,13759,99448,8508,0.12745007225165808,0.3820900884717295
8332,0.8341,11,14,11,591865,13745,99459,8497,0.12732038978843233,0.3820249977520007
8333,0.8342,10,16,10,591881,13729,99469,8487,0.12717218125903146,0.38202196615052214
8334,0.8343,11,33,11,591914,13696,99480,8476,0.12686650116714218,0.38228396175356305
8335,0.8344,6,9,6,591923,13687,99486,8470,0.1267831338693542,0.3822719682267455
8336,0.8345,14,55,14,591978,13632,99500,8456,0.1262736670495387,0.382832307135096
8337,0.8346,3,12,3,591990,13620,99503,8453,0.12616251065248804,0.382956553255108
8338,0.8347,10,25,10,592015,13595,99513,8443,0.12593093482529918,0.38311099010799526
8339,0.8348,11,25,11,592040,13570,99524,8432,0.12569935899811033,0.38323788746477594
8340,0.8349,18,47,18,592087,13523,99542,8414,0.1252639964429953,0.38355290149063226
8341,0.835,9,24,9,592111,13499,99551,8405,0.12504168364889398,0.38371986851716583
8342,0.8351,12,19,12,592130,13480,99563,8393,0.12486568602023046,0.38371508252183056
8343,0.8352,5,11,5,592141,13469,99568,8388,0.12476379265626737,0.3837672141647985
8344,0.8353,7,21,7,592162,13448,99575,8381,0.12456926896142873,0.38393879701314765
8345,0.8354,6,14,6,592176,13434,99581,8375,0.12443958649820297,0.384015773304599
8346,0.8355,21,35,21,592211,13399,99602,8354,0.12411538034013858,0.38403898312876383
8347,0.8356,7,16,7,592227,13383,99609,8347,0.12396717181073771,0.3841233317993557
8348,0.8357,1,18,1,592245,13365,99610,8346,0.12380043721516173,0.3844134309796877
8349,0.8358,8,24,8,592269,13341,99618,8338,0.12357812442106043,0.38461183633931456
8350,0.8359,3,12,3,592281,13329,99621,8335,0.12346696802400978,0.38473966026587886
8351,0.836,8,13,8,592294,13316,99629,8327,0.12334654859387158,0.3847433350274916
8352,0.8361,11,18,11,592312,13298,99640,8316,0.1231798139982956,0.3847506245951698
8353,0.8362,9,15,9,592327,13283,99649,8307,0.12304086850198229,0.38476146364057434
8354,0.8363,14,37,14,592364,13246,99663,8293,0.12269813627774279,0.3850225172942105
8355,0.8364,6,7,6,592371,13239,99669,8287,0.12263329504612991,0.38497630772089564
8356,0.8365,13,26,13,592397,13213,99682,8274,0.1223924561858535,0.3850700423511891
8357,0.8366,2,15,2,592412,13198,99684,8272,0.12225351068954018,0.38528178854215184
8358,0.8367,13,16,13,592428,13182,99697,8259,0.12210530216013932,0.3851965859801315
8359,0.8368,15,30,15,592458,13152,99712,8244,0.1218274111675127,0.3853056646102075
8360,0.8369,7,12,7,592470,13140,99719,8237,0.12171625477046204,0.38532067175001167
8361,0.837,10,23,10,592493,13117,99729,8227,0.12150320500944829,0.38544790104947524
8362,0.8371,5,22,5,592515,13095,99734,8222,0.1212994182815221,0.3857015527513252
8363,0.8372,11,20,11,592535,13075,99745,8211,0.12111415761977101,0.38574650004697925
8364,0.8373,14,35,14,592570,13040,99759,8197,0.12078995146170662,0.38597730376230166
8365,0.8374,4,19,4,592589,13021,99763,8193,0.12061395383304309,0.3862072216460828
8366,0.8375,10,21,10,592610,13000,99773,8183,0.12041943013820446,0.38630033517443235
8367,0.8376,0,6,0,592616,12994,99773,8183,0.12036385193967913,0.38640978419983946
8368,0.8377,8,17,8,592633,12977,99781,8175,0.12020638037719071,0.3864882753403933
8369,0.8378,13,20,13,592653,12957,99794,8162,0.12002111971543962,0.3864766324163076
8370,0.8379,5,16,5,592669,12941,99799,8157,0.11987291118603875,0.386624324580529
8371,0.838,20,41,20,592710,12900,99819,8137,0.11949312682944903,0.3867946950610828
8372,0.8381,7,20,7,592730,12880,99826,8130,0.11930786616769795,0.3869585911470728
8373,0.8382,7,23,7,592753,12857,99833,8123,0.1190948164066842,0.3871782650142993
8374,0.8383,13,18,13,592771,12839,99846,8110,0.11892808181110823,0.3871306506277149
8375,0.8384,12,28,12,592799,12811,99858,8098,0.11866871688465672,0.38729733607537425
8376,0.8385,9,33,9,592832,12778,99867,8089,0.11836303679276743,0.38764556476733597
8377,0.8386,11,13,11,592845,12765,99878,8078,0.11824261736262921,0.3875641702250156
8378,0.8387,4,13,4,592858,12752,99882,8074,0.11812219793249101,0.38768846634015175
8379,0.8388,11,33,11,592891,12719,99893,8063,0.11781651784060172,0.3879799826773169
8380,0.8389,14,26,14,592917,12693,99907,8049,0.11757567898032532,0.38805322533989006
8381,0.839,6,15,6,592932,12678,99913,8043,0.117436733484012,0.38815694223251773
8382,0.8391,4,16,4,592948,12662,99917,8039,0.11728852495461113,0.3883387275977006
8383,0.8392,1,13,1,592961,12649,99918,8038,0.11716810552447293,0.3885531976603664
8384,0.8393,2,6,2,592967,12643,99920,8036,0.11711252732594761,0.3886067991682383
8385,0.8394,3,12,3,592979,12631,99923,8033,0.11700137092889695,0.38874370886566006
8386,0.8395,12,22,12,593001,12609,99935,8021,0.11679758420097076,0.38880271449345616
8387,0.8396,14,12,14,593013,12597,99949,8007,0.11668642780392012,0.3886138613861386
8388,0.8397,10,17,10,593030,12580,99959,7997,0.1165289562414317,0.3886377994848617
8389,0.8398,18,28,18,593058,12552,99977,7979,0.11626959131498017,0.38863182504505384
8390,0.8399,3,8,3,593066,12544,99980,7976,0.11619548705027974,0.38869395711500976
8391,0.84,11,8,11,593074,12536,99991,7965,0.1161213827855793,0.38851763328618116
8392,0.8401,8,13,8,593087,12523,99999,7957,0.1160009633554411,0.388525390625
8393,0.8402,10,20,10,593107,12503,100009,7947,0.11581570269369003,0.38860635696821516
8394,0.8403,5,14,5,593121,12489,100014,7942,0.11568602023046426,0.3887230189418041
8395,0.8404,8,28,8,593149,12461,100022,7934,0.11542665530401275,0.38901691591076243
8396,0.8405,7,16,7,593165,12445,100029,7927,0.11527844677461188,0.3891125073630473
8397,0.8406,9,6,9,593171,12439,100038,7918,0.11522286857608656,0.38895711548852974
8398,0.8407,8,9,8,593180,12430,100046,7910,0.11513950127829857,0.3888888888888889
8399,0.8408,12,29,12,593209,12401,100058,7898,0.11487087331875949,0.3890832060692645
8400,0.8409,5,12,5,593221,12389,100063,7893,0.11475971692170885,0.3891628044571541
8401,0.841,3,7,3,593228,12382,100066,7890,0.11469487569009597,0.38920678768745065
8402,0.8411,3,6,3,593234,12376,100069,7887,0.11463929749157065,0.38923160440211224
8403,0.8412,7,24,7,593258,12352,100076,7880,0.11441698469746935,0.38948200869909055
8404,0.8413,6,16,6,593274,12336,100082,7874,0.11426877616806848,0.3896091044037605
8405,0.8414,6,9,6,593283,12327,100088,7868,0.11418540887028049,0.3896013864818024
8406,0.8415,14,23,14,593306,12304,100102,7854,0.11397235910926674,0.38962198630816547
8407,0.8416,11,19,11,593325,12285,100113,7843,0.11379636148060321,0.38965620031796505
8408,0.8417,14,18,14,593343,12267,100127,7829,0.11362962688502723,0.3895800159235669
8409,0.8418,5,14,5,593357,12253,100132,7824,0.11349994442180147,0.38969965632315584
8410,0.8419,10,29,10,593386,12224,100142,7814,0.11323131646226241,0.3899590777522707
8411,0.842,5,13,5,593399,12211,100147,7809,0.1131108970321242,0.39005994005994005
8412,0.8421,7,16,7,593415,12195,100154,7802,0.11296268850272333,0.3901585237785668
8413,0.8422,7,15,7,593430,12180,100161,7795,0.11282374300641002,0.3902377972465582
8414,0.8423,12,20,12,593450,12160,100173,7783,0.11263848234465894,0.39026224740510457
8415,0.8424,11,21,11,593471,12139,100184,7772,0.11244395864982029,0.39033699964843555
8416,0.8425,8,11,8,593482,12128,100192,7764,0.1123420652858572,0.3903076613714056
8417,0.8426,8,31,8,593513,12097,100200,7756,0.11205491126014303,0.3906714350475999
8418,0.8427,0,6,0,593519,12091,100200,7756,0.11199933306161769,0.39078953998085353
8419,0.8428,5,7,5,593526,12084,100205,7751,0.11193449183000481,0.390773884547517
8420,0.8429,8,26,8,593552,12058,100213,7743,0.11169365296972841,0.39104085652239784
8421,0.843,6,16,6,593568,12042,100219,7737,0.11154544444032755,0.39117245563476416
8422,0.8431,10,15,10,593583,12027,100229,7727,0.11140649894401423,0.3911612837906247
8423,0.8432,6,13,6,593596,12014,100235,7721,0.11128607951387602,0.39123384849252596
8424,0.8433,1,14,1,593610,12000,100236,7720,0.11115639705065027,0.39148073022312374
8425,0.8434,4,15,4,593625,11985,100240,7716,0.11101745155433695,0.3916552459266027
8426,0.8435,3,16,3,593641,11969,100243,7713,0.11086924302493609,0.39188090641195
8427,0.8436,12,32,12,593673,11937,100255,7701,0.11057282596613435,0.3921478765658417
8428,0.8437,6,24,6,593697,11913,100261,7695,0.11035051317203305,0.39244186046511625
8429,0.8438,12,24,12,593721,11889,100273,7683,0.11012820037793175,0.39255058246474556
8430,0.8439,7,16,7,593737,11873,100280,7676,0.10997999184853088,0.3926543557215203
8431,0.844,11,20,11,593757,11853,100291,7665,0.10979473118677979,0.39271441746080543
8432,0.8441,4,9,4,593766,11844,100295,7661,0.10971136388899182,0.3927710843373494
8433,0.8442,9,16,9,593782,11828,100304,7652,0.10956315535959095,0.39281314168377823
8434,0.8443,6,9,6,593791,11819,100310,7646,0.10947978806180296,0.39280760339070125
8435,0.8444,8,21,8,593812,11798,100318,7638,0.10928526436696431,0.39298209508129245
8436,0.8445,20,37,20,593849,11761,100338,7618,0.10894253214272481,0.39310593941895866
8437,0.8446,3,13,3,593862,11748,100341,7615,0.10882211271258661,0.3932758353560915
8438,0.8447,10,19,10,593881,11729,100351,7605,0.10864611508392308,0.3933485052239578
8439,0.8448,9,32,9,593913,11697,100360,7596,0.10834969802512134,0.39371792878246
8440,0.8449,11,19,11,593932,11678,100371,7585,0.10817370039645782,0.3937600581425531
8441,0.845,13,16,13,593948,11662,100384,7572,0.10802549186705696,0.393677862119164
8442,0.8451,8,20,8,593968,11642,100392,7564,0.10784023120530586,0.39383525981464124
8443,0.8452,6,17,6,593985,11625,100398,7558,0.10768275964281744,0.39399468279205546
8444,0.8453,11,18,11,594003,11607,100409,7547,0.10751602504724146,0.3940169155267829
8445,0.8454,10,17,10,594020,11590,100419,7537,0.10735855348475305,0.3940502953939457
8446,0.8455,9,7,9,594027,11583,100428,7528,0.10729371225314017,0.3939092669143425
8447,0.8456,11,15,11,594042,11568,100439,7517,0.10715476675682685,0.3938695310453236
8448,0.8457,9,23,9,594065,11545,100448,7508,0.1069417169958131,0.3940586784233454
8449,0.8458,10,7,10,594072,11538,100458,7498,0.10687687576420023,0.39388527001470897
8450,0.8459,7,21,7,594093,11517,100465,7491,0.1066823520693616,0.3940972222222222
8451,0.846,16,20,16,594113,11497,100481,7475,0.1064970914076105,0.39400168669618385
8452,0.8461,19,37,19,594150,11460,100500,7456,0.106154359183371,0.39416367096637767
8453,0.8462,6,11,6,594161,11449,100506,7450,0.1060524658194079,0.39420075136250593
8454,0.8463,6,7,6,594168,11442,100512,7444,0.10598762458779502,0.39415440008471886
8455,0.8464,12,14,12,594182,11428,100524,7432,0.10585794212456927,0.39406150583244964
8456,0.8465,5,13,5,594195,11415,100529,7427,0.10573752269443107,0.3941725931429785
8457,0.8466,3,18,3,594213,11397,100532,7424,0.10557078809885509,0.39445300462249616
8458,0.8467,9,9,9,594222,11388,100541,7415,0.1054874208010671,0.3943519651119502
8459,0.8468,7,7,7,594229,11381,100548,7408,0.10542257956945422,0.3942732449837671
8460,0.8469,6,29,6,594258,11352,100554,7402,0.10515395160991516,0.3946891329849632
8461,0.847,4,10,4,594268,11342,100558,7398,0.10506132127903961,0.39477054429028813
8462,0.8471,5,17,5,594285,11325,100563,7393,0.10490384971655119,0.3949674110481889
8463,0.8472,9,12,9,594297,11313,100572,7384,0.10479269331950054,0.3949296678611542
8464,0.8473,1,11,1,594308,11302,100573,7383,0.10469079995553744,0.39512978324859516
8465,0.8474,12,18,12,594326,11284,100585,7371,0.10452406535996146,0.3951219512195122
8466,0.8475,17,28,17,594354,11256,100602,7354,0.10426470043350995,0.39516389038151534
8467,0.8476,10,27,10,594381,11229,100612,7344,0.10401459854014598,0.3954126958488128
8468,0.8477,9,10,9,594391,11219,100621,7335,0.10392196820927044,0.3953325428479034
8469,0.8478,9,19,9,594410,11200,100630,7326,0.10374597058060692,0.39544424052682714
8470,0.8479,12,31,12,594441,11169,100642,7314,0.10345881655489274,0.39571498133419897
8471,0.848,6,10,6,594451,11159,100648,7308,0.10336618622401719,0.39573292900850165
8472,0.8481,11,9,11,594460,11150,100659,7297,0.1032828189262292,0.39556567463544207
8473,0.8482,7,13,7,594473,11137,100666,7290,0.103162399496091,0.39561512997232323
8474,0.8483,14,10,14,594483,11127,100680,7276,0.10306976916521546,0.3953703200565125
8475,0.8484,14,23,14,594506,11104,100694,7262,0.10285671940420171,0.3954045518893608
8476,0.8485,11,26,11,594532,11078,100705,7251,0.1026158805439253,0.3956025969774674
8477,0.8486,4,7,4,594539,11071,100709,7247,0.10255103931231242,0.3956217927721367
8478,0.8487,5,8,5,594547,11063,100714,7242,0.10247693504761199,0.3956296093963398
8479,0.8488,7,5,7,594552,11058,100721,7235,0.10243061988217422,0.3955064778877166
8480,0.8489,2,14,2,594566,11044,100723,7233,0.10230093741894845,0.39574328390873775
8481,0.849,10,16,10,594582,11028,100733,7223,0.10215272888954759,0.395759136485672
8482,0.8491,0,16,0,594598,11012,100733,7223,0.10200452036014673,0.3961063888127228
8483,0.8492,15,20,15,594618,10992,100748,7208,0.10181925969839564,0.39604395604395604
8484,0.8493,10,12,10,594630,10980,100758,7198,0.101708103301345,0.3959731543624161
8485,0.8494,2,10,2,594640,10970,100760,7196,0.10161547297046945,0.39612462842673124
8486,0.8495,7,10,7,594650,10960,100767,7189,0.10152284263959391,0.3961099785112127
8487,0.8496,3,11,3,594661,10949,100770,7186,0.1014209492756308,0.3962503446374414
8488,0.8497,9,15,9,594676,10934,100779,7177,0.1012820037793175,0.39627850477610294
8489,0.8498,3,14,3,594690,10920,100782,7174,0.10115232131609174,0.39648502265944513
8490,0.8499,10,23,10,594713,10897,100792,7164,0.100939271555078,0.396655777642434
8491,0.85,13,14,13,594727,10883,100805,7151,0.10080958909185224,0.3965287789730509
8492,0.8501,12,13,12,594740,10870,100817,7139,0.10068916966171403,0.3964129046587817
8493,0.8502,15,19,15,594759,10851,100832,7124,0.1005131720330505,0.39632823365785813
8494,0.8503,9,15,9,594774,10836,100841,7115,0.1003742265367372,0.39635674892763634
8495,0.8504,11,27,11,594801,10809,100852,7104,0.10012412464337322,0.39658348685312345
8496,0.8505,15,38,15,594839,10771,100867,7089,0.09977212938604617,0.3969204927211646
8497,0.8506,12,23,12,594862,10748,100879,7077,0.09955907962503242,0.3970266479663394
8498,0.8507,9,22,9,594884,10726,100888,7068,0.09935529289710623,0.397212543554007
8499,0.8508,10,7,10,594891,10719,100898,7058,0.09929045166549334,0.397029870056815
8500,0.8509,13,21,13,594912,10698,100911,7045,0.09909592797065471,0.39705799470213604
8501,0.851,10,26,10,594938,10672,100921,7035,0.0988550891103783,0.3973005026260801
8502,0.8511,12,9,12,594947,10663,100933,7023,0.09877172181259032,0.3970937464661314
8503,0.8512,18,22,18,594969,10641,100951,7005,0.09856793508466412,0.39697381842910573
8504,0.8513,8,10,8,594979,10631,100959,6997,0.09847530475378859,0.3969253460403903
8505,0.8514,2,18,2,594997,10613,100961,6995,0.09830857015821261,0.3972626079054975
8506,0.8515,8,16,8,595013,10597,100969,6987,0.09816036162881174,0.3973498635122839
8507,0.8516,9,14,9,595027,10583,100978,6978,0.09803067916558598,0.39735778144752576
8508,0.8517,9,24,9,595051,10559,100987,6969,0.09780836637148468,0.39759242355089003
8509,0.8518,10,26,10,595077,10533,100997,6959,0.09756752751120827,0.3978390121198262
8510,0.8519,4,7,4,595084,10526,101001,6955,0.0975026862795954,0.39786053429437673
8511,0.852,23,29,23,595113,10497,101024,6932,0.09723405832005631,0.39772792472316254
8512,0.8521,7,11,7,595124,10486,101031,6925,0.09713216495609323,0.39773706277640575
8513,0.8522,10,33,10,595157,10453,101041,6915,0.09682648486420393,0.39814601566098573
8514,0.8523,11,18,11,595175,10435,101052,6904,0.09665975026862796,0.3981775188880558
8515,0.8524,10,13,10,595188,10422,101062,6894,0.09653933083848976,0.3981288981288981
8516,0.8525,3,5,3,595193,10417,101065,6891,0.09649301567305199,0.39813958862953547
8517,0.8526,5,3,5,595196,10414,101070,6886,0.09646522657378932,0.39803468208092485
8518,0.8527,10,20,10,595216,10394,101080,6876,0.09627996591203823,0.3981470758540822
8519,0.8528,8,23,8,595239,10371,101088,6868,0.09606691615102449,0.39839897905911015
8520,0.8529,9,20,9,595259,10351,101097,6859,0.09588165548927341,0.39854735618826265
8521,0.853,5,18,5,595277,10333,101102,6854,0.09571492089369743,0.39878978297550477
8522,0.8531,5,12,5,595289,10321,101107,6849,0.09560376449664679,0.3988934187536401
8523,0.8532,12,16,12,595305,10305,101119,6837,0.09545555596724592,0.39884494224711237
8524,0.8533,2,8,2,595313,10297,101121,6835,0.09538145170254549,0.39896100863880457
8525,0.8534,13,37,13,595350,10260,101134,6822,0.09503871947830597,0.3993677555321391
8526,0.8535,1,19,1,595369,10241,101135,6821,0.09486272184964245,0.3997772828507795
8527,0.8536,3,9,3,595378,10232,101138,6818,0.09477935455185446,0.3998826979472141
8528,0.8537,6,15,6,595393,10217,101144,6812,0.09464040905554115,0.4000234893417112
8529,0.8538,7,27,7,595420,10190,101151,6805,0.09439030716217718,0.40041188584877907
8530,0.8539,10,16,10,595436,10174,101161,6795,0.09424209863277631,0.40043608933938357
8531,0.854,7,9,7,595445,10165,101168,6788,0.09415873133498832,0.40040110894826875
8532,0.8541,4,14,4,595459,10151,101172,6784,0.09402904887176257,0.4005904930617065
8533,0.8542,8,11,8,595470,10140,101180,6776,0.09392715550779947,0.4005675100496571
8534,0.8543,7,9,7,595479,10131,101187,6769,0.09384378821001149,0.40053254437869823
8535,0.8544,3,11,3,595490,10120,101190,6766,0.09374189484604839,0.4006869596115125
8536,0.8545,5,11,5,595501,10109,101195,6761,0.09364000148208529,0.4007705986959099
8537,0.8546,13,29,13,595530,10080,101208,6748,0.09337137352254622,0.40099833610648916
8538,0.8547,10,18,10,595548,10062,101218,6738,0.09320463892697024,0.4010714285714286
8539,0.8548,3,11,3,595559,10051,101221,6735,0.09310274556300716,0.40122721315381865
8540,0.8549,6,20,6,595579,10031,101227,6729,0.09291748490125606,0.40149164677804294
8541,0.855,11,16,11,595595,10015,101238,6718,0.0927692763718552,0.40148210123707645
8542,0.8551,6,14,6,595609,10001,101244,6712,0.09263959390862944,0.4016035421528152
8543,0.8552,6,8,6,595617,9993,101250,6706,0.09256548964392901,0.4015809329899994
8544,0.8553,8,17,8,595634,9976,101258,6698,0.09240801808144058,0.4017032505697493
8545,0.8554,7,15,7,595649,9961,101265,6691,0.09226907258512727,0.4018135959644487
8546,0.8555,7,12,7,595661,9949,101272,6684,0.09215791618807663,0.401851740515842
8547,0.8556,5,9,5,595670,9940,101277,6679,0.09207454889028864,0.40188940369456644
8548,0.8557,7,13,7,595683,9927,101284,6672,0.09195412946015043,0.4019519248147479
8549,0.8558,5,18,5,595701,9909,101289,6667,0.09178739486457446,0.40220801158301156
8550,0.8559,2,8,2,595709,9901,101291,6665,0.09171329059987403,0.40233007364481466
8551,0.856,3,10,3,595719,9891,101294,6662,0.09162066026899848,0.40246481000422885
8552,0.8561,11,17,11,595736,9874,101305,6651,0.09146318870651006,0.40248108925869897
8553,0.8562,7,21,7,595757,9853,101312,6644,0.09126866501167143,0.4027398921015942
8554,0.8563,15,13,15,595770,9840,101327,6629,0.09114824558153321,0.4025138138320481
8555,0.8564,5,13,5,595783,9827,101332,6624,0.09102782615139501,0.4026502948149049
8556,0.8565,9,18,9,595801,9809,101341,6615,0.09086109155581903,0.4027642474427667
8557,0.8566,8,27,8,595828,9782,101349,6607,0.09061098966245508,0.4031362499237293
8558,0.8567,5,13,5,595841,9769,101354,6602,0.09049057023231687,0.4032740822185572
8559,0.8568,15,25,15,595866,9744,101369,6587,0.09025899440512801,0.4033433347621089
8560,0.8569,8,8,8,595874,9736,101377,6579,0.09018489014042758,0.4032485442844009
8561,0.857,7,10,7,595884,9726,101384,6572,0.09009225980955204,0.403239661308136
8562,0.8571,8,33,8,595917,9693,101392,6564,0.08978657971766275,0.4037645322015132
8563,0.8572,13,25,13,595942,9668,101405,6551,0.0895550038904739,0.40390899562241817
8564,0.8573,4,14,4,595956,9654,101409,6547,0.08942532142724814,0.40411085735448427
8565,0.8574,4,21,4,595977,9633,101413,6543,0.0892307977324095,0.40448813056379823
8566,0.8575,4,4,4,595981,9629,101417,6539,0.08919374560005928,0.4044408708560119
8567,0.8576,9,11,9,595992,9618,101426,6530,0.08909185223609618,0.4043844438939807
8568,0.8577,9,8,9,596000,9610,101435,6521,0.08901774797139575,0.4042526811728969
8569,0.8578,4,12,4,596012,9598,101439,6517,0.0889065915743451,0.40440583307477507
8570,0.8579,2,13,2,596025,9585,101441,6515,0.08878617214420689,0.4046583850931677
8571,0.858,3,7,3,596032,9578,101444,6512,0.08872133091259402,0.40472343070229955
8572,0.8581,9,16,9,596048,9562,101453,6503,0.08857312238319315,0.4047930283224401
8573,0.8582,5,18,5,596066,9544,101458,6498,0.08840638778761718,0.4050617130033662
8574,0.8583,8,16,8,596082,9528,101466,6490,0.08825817925821632,0.4051691846672493
8575,0.8584,15,18,15,596100,9510,101481,6475,0.08809144466264034,0.4050672505473882
8576,0.8585,12,23,12,596123,9487,101493,6463,0.08787839490162659,0.4052037617554859
8577,0.8586,12,21,12,596144,9466,101505,6451,0.08768387120678794,0.40528994157190423
8578,0.8587,9,15,9,596159,9451,101514,6442,0.08754492571047463,0.40533568237588874
8579,0.8588,4,9,4,596168,9442,101518,6438,0.08746155841268664,0.40541561712846347
8580,0.8589,9,16,9,596184,9426,101527,6429,0.08731334988328578,0.4054872280037843
8581,0.859,8,7,8,596191,9419,101535,6421,0.0872485086516729,0.4053661616161616
8582,0.8591,5,9,5,596200,9410,101540,6416,0.08716514135388492,0.4054088209275875
8583,0.8592,5,19,5,596219,9391,101545,6411,0.08698914372522139,0.4057081382103531
8584,0.8593,5,5,5,596224,9386,101550,6406,0.08694282855978362,0.4056484295845998
8585,0.8594,5,19,5,596243,9367,101555,6401,0.08676683093112009,0.40594875697615423
8586,0.8595,11,34,11,596277,9333,101566,6390,0.08645188780614324,0.4064109902690326
8587,0.8596,10,8,10,596285,9325,101576,6380,0.0863777835414428,0.40624005093919136
8588,0.8597,10,21,10,596306,9304,101586,6370,0.08618325984660417,0.40640551231338523
8589,0.8598,11,28,11,596334,9276,101597,6359,0.08592389492015265,0.4067157019507515
8590,0.8599,13,20,13,596354,9256,101610,6346,0.08573863425840157,0.4067427252916293
8591,0.86,25,26,25,596380,9230,101635,6321,0.08549779539812516,0.4064690373609414
8592,0.8601,2,4,2,596384,9226,101637,6319,0.08546074326577495,0.40649726600192987
8593,0.8602,4,3,4,596387,9223,101641,6315,0.08543295416651228,0.40642296305830866
8594,0.8603,13,26,13,596413,9197,101654,6302,0.08519211530623587,0.40660687786308797
8595,0.8604,9,19,9,596432,9178,101663,6293,0.08501611767757235,0.4067610367784888
8596,0.8605,5,6,5,596438,9172,101668,6288,0.08496053947904703,0.4067270375161708
8597,0.8606,8,10,8,596448,9162,101676,6280,0.08486790914817148,0.40668307214091437
8598,0.8607,3,10,3,596458,9152,101679,6277,0.08477527881729593,0.40683129172337806
8599,0.8608,14,21,14,596479,9131,101693,6263,0.0845807551224573,0.406846823437703
8600,0.8609,4,14,4,596493,9117,101697,6259,0.08445107265923153,0.4070629552549428
8601,0.861,11,11,11,596504,9106,101708,6248,0.08434917929526844,0.4069297902826625
8602,0.8611,10,11,10,596515,9095,101718,6238,0.08424728593130534,0.40683493119415637
8603,0.8612,5,15,5,596530,9080,101723,6233,0.08410834043499203,0.40703977012995496
8604,0.8613,2,18,2,596548,9062,101725,6231,0.08394160583941605,0.4074413130190283
8605,0.8614,10,11,10,596559,9051,101735,6221,0.08383971247545297,0.4073467784180199
8606,0.8615,5,8,5,596567,9043,101740,6216,0.08376560821075253,0.4073661445704175
8607,0.8616,7,17,7,596584,9026,101747,6209,0.08360813664826411,0.40754840827042993
8608,0.8617,24,19,24,596603,9007,101771,6185,0.08343213901960057,0.40712216956292785
8609,0.8618,6,16,6,596619,8991,101777,6179,0.0832839304901997,0.4073170731707317
8610,0.8619,4,13,4,596632,8978,101781,6175,0.0831635110600615,0.40751006401372664
8611,0.862,5,17,5,596649,8961,101786,6170,0.08300603949757308,0.4077721234551583
8612,0.8621,11,24,11,596673,8937,101797,6159,0.08278372670347178,0.40798887122416533
8613,0.8622,9,12,9,596685,8925,101806,6150,0.08267257030642114,0.4079601990049751
8614,0.8623,12,12,12,596697,8913,101818,6138,0.08256141390937048,0.40781343432330075
8615,0.8624,7,10,7,596707,8903,101825,6131,0.08246878357849494,0.407808966342956
8616,0.8625,11,18,11,596725,8885,101836,6120,0.08230204898291897,0.40786404531822723
8617,0.8626,5,14,5,596739,8871,101841,6115,0.0821723665196932,0.40804751101027625
8618,0.8627,13,15,13,596754,8856,101854,6102,0.08203342102337989,0.40794223826714804
8619,0.8628,6,12,6,596766,8844,101860,6096,0.08192226462632925,0.40803212851405624
8620,0.8629,6,11,6,596777,8833,101866,6090,0.08182037126236615,0.40809488708704683
8621,0.863,14,15,14,596792,8818,101880,6076,0.08168142576605283,0.4079495098697462
8622,0.8631,10,29,10,596821,8789,101890,6066,0.08141279780651377,0.4083473577919892
8623,0.8632,8,19,8,596840,8770,101898,6058,0.08123680017785023,0.40855138926355544
8624,0.8633,7,11,7,596851,8759,101905,6051,0.08113490681388714,0.4085752869682647
8625,0.8634,7,25,7,596876,8734,101912,6044,0.08090333098669829,0.40898633103261606
8626,0.8635,5,10,5,596886,8724,101917,6039,0.08081070065582274,0.4090631985368827
8627,0.8636,3,18,3,596904,8706,101920,6036,0.08064396606024676,0.40944240944240945
8628,0.8637,10,12,10,596916,8694,101930,6026,0.08053280966319612,0.409375
8629,0.8638,14,9,14,596925,8685,101944,6012,0.08044944236540813,0.40906307409675446
8630,0.8639,7,16,7,596941,8669,101951,6005,0.08030123383600726,0.40922720457952844
8631,0.864,4,16,4,596957,8653,101955,6001,0.0801530253066064,0.4095127610208817
8632,0.8641,13,16,13,596973,8637,101968,5988,0.08000481677720553,0.4094358974358974
8633,0.8642,4,20,4,596993,8617,101972,5984,0.07981955611545444,0.40983494281213617
8634,0.8643,10,22,10,597015,8595,101982,5974,0.07961576938752825,0.4100487336124648
8635,0.8644,16,19,16,597034,8576,101998,5958,0.07943977175886473,0.40993532406770333
8636,0.8645,5,12,5,597046,8564,102003,5953,0.07932861536181407,0.41007095129847765
8637,0.8646,12,18,12,597064,8546,102015,5941,0.07916188076623809,0.41009180644715953
8638,0.8647,5,15,5,597079,8531,102020,5936,0.07902293526992478,0.41031312642565837
8639,0.8648,5,17,5,597096,8514,102025,5931,0.07886546370743636,0.4105919003115265
8640,0.8649,7,13,7,597109,8501,102032,5924,0.07874504427729816,0.41067590987868285
8641,0.865,7,3,7,597112,8498,102039,5917,0.0787172551780355,0.41047519944502253
8642,0.8651,10,28,10,597140,8470,102049,5907,0.07845789025158398,0.4108645753634277
8643,0.8652,5,6,5,597146,8464,102054,5902,0.07840231205305866,0.41083112905471253
8644,0.8653,11,6,11,597152,8458,102065,5891,0.07834673385453333,0.4105512579273817
8645,0.8654,7,15,7,597167,8443,102072,5884,0.07820778835822001,0.41069309694981504
8646,0.8655,3,5,3,597172,8438,102075,5881,0.07816147319278224,0.41071303862001535
8647,0.8656,3,5,3,597177,8433,102078,5878,0.07811515802734448,0.4107330025854238
8648,0.8657,9,33,9,597210,8400,102087,5869,0.07780947793545519,0.41131123414394843
8649,0.8658,4,13,4,597223,8387,102091,5865,0.07768905850531697,0.41152119000841986
8650,0.8659,4,7,4,597230,8380,102095,5861,0.0776242172737041,0.4115581770943052
8651,0.866,5,9,5,597239,8371,102100,5856,0.07754084997591612,0.4116117241864061
8652,0.8661,3,10,3,597249,8361,102103,5853,0.07744821964504058,0.4117771211481638
8653,0.8662,21,14,21,597263,8347,102124,5832,0.07731853718181482,0.4113125044079272
8654,0.8663,5,27,5,597290,8320,102129,5827,0.07706843528845085,0.4118894465257652
8655,0.8664,7,15,7,597305,8305,102136,5820,0.07692948979213754,0.4120353982300885
8656,0.8665,4,15,4,597320,8290,102140,5816,0.07679054429582423,0.4123068197929959
8657,0.8666,8,24,8,597344,8266,102148,5808,0.07656823150172293,0.41267585618871677
8658,0.8667,10,18,10,597362,8248,102158,5798,0.07640149690614695,0.4127865584508045
8659,0.8668,5,3,5,597365,8245,102163,5793,0.07637370780688428,0.4126656218834592
8660,0.8669,1,7,1,597372,8238,102164,5792,0.0763088665752714,0.4128296507483963
8661,0.867,10,21,10,597393,8217,102174,5782,0.07611434288043277,0.4130295021072934
8662,0.8671,8,20,8,597413,8197,102182,5774,0.07592908221868168,0.41328466108367334
8663,0.8672,14,12,14,597425,8185,102196,5760,0.07581792582163104,0.4130512728576551
8664,0.8673,4,15,4,597440,8170,102200,5756,0.07567898032531772,0.4133275886830389
8665,0.8674,7,12,7,597452,8158,102207,5749,0.07556782392826707,0.41338894082116917
8666,0.8675,14,29,14,597481,8129,102221,5735,0.075299195968728,0.4136612810155799
8667,0.8676,1,2,1,597483,8127,102222,5734,0.07528066990255289,0.4136786667628598
8668,0.8677,4,8,4,597491,8119,102226,5730,0.07520656563785245,0.41374828507473466
8669,0.8678,9,14,9,597505,8105,102235,5721,0.0750768831746267,0.41378562129321567
8670,0.8679,12,23,12,597528,8082,102247,5709,0.07486383341361295,0.4139656297585382
8671,0.868,6,13,6,597541,8069,102253,5703,0.07474341398347475,0.41410107464420565
8672,0.8681,13,37,13,597578,8032,102266,5690,0.07440068175923524,0.41466258562891706
8673,0.8682,9,4,9,597582,8028,102275,5681,0.07436362962688503,0.4143992997301043
8674,0.8683,5,9,5,597591,8019,102280,5676,0.07428026232909704,0.41445783132530123
8675,0.8684,7,14,7,597605,8005,102287,5669,0.07415057986587129,0.41458241918970307
8676,0.8685,10,18,10,597623,7987,102297,5659,0.0739838452702953,0.4147002784698813
8677,0.8686,8,12,8,597635,7975,102305,5651,0.07387268887324465,0.41472185527667693
8678,0.8687,3,9,3,597644,7966,102308,5648,0.07378932157545667,0.414867048626414
8679,0.8688,10,4,10,597648,7962,102318,5638,0.07375226944310645,0.41455882352941176
8680,0.8689,4,13,4,597661,7949,102322,5634,0.07363185001296825,0.41478318486343224
8681,0.869,8,17,8,597678,7932,102330,5626,0.07347437845047983,0.41495795840094407
8682,0.8691,8,13,8,597691,7919,102338,5618,0.07335395902034163,0.4150107113836153
8683,0.8692,8,29,8,597720,7890,102346,5610,0.07308533106080255,0.41555555555555557
8684,0.8693,6,7,6,597727,7883,102352,5604,0.07302048982918967,0.41551123303922294
8685,0.8694,12,10,12,597737,7873,102364,5592,0.07292785949831412,0.41529892313405126
8686,0.8695,13,30,13,597767,7843,102377,5579,0.0726499685056875,0.41566085531217406
8687,0.8696,5,21,5,597788,7822,102382,5574,0.07245544481084887,0.41609435652433563
8688,0.8697,7,18,7,597806,7804,102389,5567,0.07228871021527289,0.4163488145987585
8689,0.8698,5,17,5,597823,7787,102394,5562,0.07213123865278447,0.41666042400179787
8690,0.8699,8,16,8,597839,7771,102402,5554,0.0719830301233836,0.4168105065666041
8691,0.87,8,12,8,597851,7759,102410,5546,0.07187187372633295,0.4168357760240511
8692,0.8701,8,6,8,597857,7753,102418,5538,0.07181629552780762,0.41667293657362126
8693,0.8702,7,8,7,597865,7745,102425,5531,0.07174219126310719,0.41661645073817416
8694,0.8703,6,14,6,597879,7731,102431,5525,0.07161250879988143,0.41679239589619793
8695,0.8704,4,13,4,597892,7718,102435,5521,0.07149208936974323,0.41702545509479566
8696,0.8705,10,19,10,597911,7699,102445,5511,0.0713160917410797,0.41718395155185467
8697,0.8706,5,13,5,597924,7686,102450,5506,0.0711956723109415,0.4173741661613099
8698,0.8707,9,21,9,597945,7665,102459,5497,0.07100114861610286,0.41764169579091326
8699,0.8708,6,10,6,597955,7655,102465,5491,0.07090851828522732,0.41769359500988895
8700,0.8709,8,29,8,597984,7626,102473,5483,0.07063989032568824,0.4182622625677016
8701,0.871,4,9,4,597993,7617,102477,5479,0.07055652302790026,0.4183720219914478
8702,0.8711,4,10,4,598003,7607,102481,5475,0.07046389269702472,0.41851398868674516
8703,0.8712,7,18,7,598021,7589,102488,5468,0.07029715810144874,0.41877919889714327
8704,0.8713,8,12,8,598033,7577,102496,5460,0.0701860017043981,0.4188080079772954
8705,0.8714,6,16,6,598049,7561,102502,5454,0.07003779317499723,0.419054936611602
8706,0.8715,10,18,10,598067,7543,102512,5444,0.06987105857942125,0.4191884191884192
8707,0.8716,9,17,9,598084,7526,102521,5435,0.06971358701693282,0.4193349278605046
8708,0.8717,9,15,9,598099,7511,102530,5426,0.06957464152061951,0.41941717554301616
8709,0.8718,5,7,5,598106,7504,102535,5421,0.06950980028900663,0.41941972920696324
8710,0.8719,16,21,16,598127,7483,102551,5405,0.06931527659416799,0.41938237119801364
8711,0.872,8,11,8,598138,7472,102559,5397,0.0692133832302049,0.4193799051985391
8712,0.8721,14,18,14,598156,7454,102573,5383,0.06904664863462892,0.4193347355301083
8713,0.8722,12,16,12,598172,7438,102585,5371,0.06889844010522805,0.4193145444609259
8714,0.8723,13,27,13,598199,7411,102598,5358,0.0686483382118641,0.41960999295167983
8715,0.8724,5,7,5,598206,7404,102603,5353,0.06858349698025121,0.4196127616210708
8716,0.8725,24,24,24,598230,7380,102627,5329,0.0683611841861499,0.4193091509953576
8717,0.8726,3,10,3,598240,7370,102630,5326,0.06826855385527437,0.4195022054190296
8718,0.8727,8,21,8,598261,7349,102638,5318,0.06807403016043573,0.41983105707744534
8719,0.8728,11,11,11,598272,7338,102649,5307,0.06797213679647264,0.41969157769869514
8720,0.8729,6,9,6,598281,7329,102655,5301,0.06788876949868465,0.41971496437054634
8721,0.873,18,17,18,598298,7312,102673,5283,0.06773129793619623,0.4194521635569671
8722,0.8731,4,17,4,598315,7295,102677,5279,0.0675738263737078,0.41983457929059964
8723,0.8732,10,15,10,598330,7280,102687,5269,0.06743488087739449,0.41987409355327115
8724,0.8733,9,12,9,598342,7268,102696,5260,0.06732372448034385,0.4198595146871009
8725,0.8734,6,10,6,598352,7258,102702,5254,0.0672310941494683,0.41991687979539644
8726,0.8735,9,25,9,598377,7233,102711,5245,0.06699951832227945,0.4203397980445584
8727,0.8736,6,8,6,598385,7225,102717,5239,0.06692541405757901,0.4203305519897304
8728,0.8737,3,10,3,598395,7215,102720,5236,0.06683278372670347,0.4205284716087061
8729,0.8738,5,13,5,598408,7202,102725,5231,0.06671236429656527,0.42073514035228826
8730,0.8739,8,12,8,598420,7190,102733,5223,0.06660120789951461,0.42076854910174816
8731,0.874,10,11,10,598431,7179,102743,5213,0.06649931453555152,0.4206746287927695
8732,0.8741,2,12,2,598443,7167,102745,5211,0.06638815813850087,0.4209888511875909
8733,0.8742,7,19,7,598462,7148,102752,5204,0.06621216050983735,0.4213082901554404
8734,0.8743,10,15,10,598477,7133,102762,5194,0.06607321501352403,0.42135150482680295
8735,0.8744,4,10,4,598487,7123,102766,5190,0.06598058468264849,0.42150572565581096
8736,0.8745,2,5,2,598492,7118,102768,5188,0.06593426951721072,0.421582967658053
8737,0.8746,8,8,8,598500,7110,102776,5180,0.06586016525251029,0.42148087876322216
8738,0.8747,14,16,14,598516,7094,102790,5166,0.06571195672310942,0.42137030995106034
8739,0.8748,9,18,9,598534,7076,102799,5157,0.06554522212753344,0.4215646202893812
8740,0.8749,7,15,7,598549,7061,102806,5150,0.06540627663122013,0.4217508803537794
8741,0.875,9,13,9,598562,7048,102815,5141,0.06528585720108192,0.42177373041266714
8742,0.8751,9,17,9,598579,7031,102824,5132,0.0651283856385935,0.42193537778508594
8743,0.8752,6,17,6,598596,7014,102830,5126,0.06497091407610509,0.42224052718286653
8744,0.8753,2,5,2,598601,7009,102832,5124,0.0649245989106673,0.4223192944861123
8745,0.8754,4,7,4,598608,7002,102836,5120,0.06485975767905443,0.422372545784524
8746,0.8755,8,18,8,598626,6984,102844,5112,0.06469302308347845,0.4226190476190476
8747,0.8756,5,15,5,598641,6969,102849,5107,0.06455407758716514,0.42290493540907587
8748,0.8757,2,16,2,598657,6953,102851,5105,0.06440586905776427,0.423370376513518
8749,0.8758,5,12,5,598669,6941,102856,5100,0.06429471266071363,0.4235528610580517
8750,0.8759,5,9,5,598678,6932,102861,5095,0.06421134536292564,0.423630165461046
8751,0.876,4,13,4,598691,6919,102865,5091,0.06409092593278744,0.4238967527060783
8752,0.8761,9,6,9,598697,6913,102874,5082,0.0640353477342621,0.4236765318882868
8753,0.8762,7,14,7,598711,6899,102881,5075,0.06390566527103635,0.42383497578085855
8754,0.8763,10,20,10,598731,6879,102891,5065,0.06372040460928527,0.42406229068988616
8755,0.8764,2,10,2,598741,6869,102893,5063,0.06362777427840972,0.424321153201475
8756,0.8765,15,18,15,598759,6851,102908,5048,0.06346103968283374,0.4242373308681402
8757,0.8766,4,9,4,598768,6842,102912,5044,0.06337767238504576,0.4243647989231028
8758,0.8767,4,13,4,598781,6829,102916,5040,0.06325725295490756,0.4246356053584969
8759,0.8768,6,11,6,598792,6818,102922,5034,0.06315535959094445,0.42473844076949036
8760,0.8769,14,27,14,598819,6791,102936,5020,0.0629052576975805,0.4250275167217001
8761,0.877,3,13,3,598832,6778,102939,5017,0.06278483826744229,0.42534972445951674
8762,0.8771,11,21,11,598853,6757,102950,5006,0.06259031457260365,0.42557170789764515
8763,0.8772,8,12,8,598865,6745,102958,4998,0.062479158175553,0.42561526015498596
8764,0.8773,3,4,3,598869,6741,102961,4995,0.062442106043202786,0.4256134969325153
8765,0.8774,6,13,6,598882,6728,102967,4989,0.06232168661306458,0.4257915848766749
8766,0.8775,4,3,4,598885,6725,102971,4985,0.06229389751380192,0.4257045260461144
8767,0.8776,3,5,3,598890,6720,102974,4982,0.062247582348364146,0.42573918988207143
8768,0.8777,6,11,6,598901,6709,102980,4976,0.06214568898440105,0.42584510055626873
8769,0.8778,4,7,4,598908,6702,102984,4972,0.062080847752788174,0.42590371766318313
8770,0.8779,2,9,2,598917,6693,102986,4970,0.061997480455000184,0.42613392780588183
8771,0.878,3,2,3,598919,6691,102989,4967,0.06197895438882508,0.42605935838051123
8772,0.8781,11,29,11,598948,6662,103000,4956,0.061710326429286005,0.42657944568772593
8773,0.8782,8,10,8,598958,6652,103008,4948,0.06161769609841047,0.426551724137931
8774,0.8783,2,11,2,598969,6641,103010,4946,0.061515802734447365,0.4268576853370156
8775,0.8784,13,18,13,598987,6623,103023,4933,0.06134906813887139,0.4268778123918311
8776,0.8785,10,19,10,599006,6604,103033,4923,0.061173070510207865,0.427084237008762
8777,0.8786,12,6,12,599012,6598,103045,4911,0.061117492311682536,0.4267095316708663
8778,0.8787,3,14,3,599026,6584,103048,4908,0.06098780984845678,0.42707970762269404
8779,0.8788,3,10,3,599036,6574,103051,4905,0.060895179517581235,0.42730202979353604
8780,0.8789,8,13,8,599049,6561,103059,4897,0.06077476008744303,0.4273869785302845
8781,0.879,7,10,7,599059,6551,103066,4890,0.06068212975656749,0.4274101914168342
8782,0.8791,9,12,9,599071,6539,103075,4881,0.06057097335951684,0.4274080560420315
8783,0.8792,7,9,7,599080,6530,103082,4874,0.06048760606172885,0.4273938968782883
8784,0.8793,17,20,17,599100,6510,103099,4857,0.060302345399977766,0.42728952230139877
8785,0.8794,4,19,4,599119,6491,103103,4853,0.06012634777131424,0.42780324400564174
8786,0.8795,4,9,4,599128,6482,103107,4849,0.06004298047352625,0.4279410466860824
8787,0.8796,1,6,1,599134,6476,103108,4848,0.05998740227500093,0.4281172730483928
8788,0.8797,9,12,9,599146,6464,103117,4839,0.059876245877950277,0.4281164292665664
8789,0.8798,11,25,11,599171,6439,103128,4828,0.05964467005076142,0.4285080323067365
8790,0.8799,10,4,10,599175,6435,103138,4818,0.0596076179184112,0.4281524926686217
8791,0.88,6,7,6,599182,6428,103144,4812,0.059542776686798325,0.42811387900355874
8792,0.8801,10,6,10,599188,6422,103154,4802,0.059487198488273,0.42783321454027085
8793,0.8802,8,10,8,599198,6412,103162,4794,0.05939456815739746,0.4278065322148849
8794,0.8803,5,9,5,599207,6403,103167,4789,0.05931120085960947,0.42789492494639025
8795,0.8804,3,9,3,599216,6394,103170,4786,0.059227833561821486,0.42808586762075135
8796,0.8805,14,9,14,599225,6385,103184,4772,0.059144466264033496,0.4277135430671327
8797,0.8806,7,24,7,599249,6361,103191,4765,0.058922153469932195,0.42827611001258314
8798,0.8807,6,11,6,599260,6350,103197,4759,0.0588202601059691,0.42839139436492935
8799,0.8808,4,12,4,599272,6338,103201,4755,0.05870910370891845,0.42864869737672406
8800,0.8809,5,13,5,599285,6325,103206,4750,0.058588684278780244,0.4288939051918736
8801,0.881,7,9,7,599294,6316,103213,4743,0.058505316980992254,0.42888145401935074
8802,0.8811,5,3,5,599297,6313,103218,4738,0.058477527881729593,0.42873948058999184
8803,0.8812,5,14,5,599311,6299,103223,4733,0.05834784541850384,0.4290246555474982
8804,0.8813,4,6,4,599317,6293,103227,4729,0.05829226721997851,0.42905098893122845
8805,0.8814,14,17,14,599334,6276,103241,4715,0.058134795657490086,0.4289873532890547
8806,0.8815,3,11,3,599345,6265,103244,4712,0.05803290229352699,0.4292611824724424
8807,0.8816,6,7,6,599352,6258,103250,4706,0.057968061061914114,0.429222911346224
8808,0.8817,7,7,7,599359,6251,103257,4699,0.057903219830301236,0.4291324200913242
8809,0.8818,6,8,6,599367,6243,103263,4693,0.0578291155656008,0.4291331382589612
8810,0.8819,6,18,6,599385,6225,103269,4687,0.057662380970024824,0.4295271260997067
8811,0.882,4,11,4,599396,6214,103273,4683,0.05756048760606173,0.4297513076993668
8812,0.8821,4,16,4,599412,6198,103277,4679,0.05741227907666086,0.4301737611473752
8813,0.8822,6,11,6,599423,6187,103283,4673,0.05731038571269777,0.4302946593001842
8814,0.8823,7,10,7,599433,6177,103290,4666,0.05721775538182222,0.43032371115005075
8815,0.8824,10,9,10,599442,6168,103300,4656,0.05713438808403424,0.43015521064301554
8816,0.8825,8,16,8,599458,6152,103308,4648,0.05698617955463337,0.43037037037037035
8817,0.8826,3,13,3,599471,6139,103311,4645,0.056865760124495165,0.4307307121661721
8818,0.8827,3,16,3,599487,6123,103314,4642,0.0567175515950943,0.43121226196005574
8819,0.8828,10,11,10,599498,6112,103324,4632,0.056615658231131204,0.4311243484735666
8820,0.8829,8,12,8,599510,6100,103332,4624,0.05650450183408055,0.4311823946288698
8821,0.883,4,9,4,599519,6091,103336,4620,0.056421134536292564,0.43133227523107087
8822,0.8831,10,9,10,599528,6082,103346,4610,0.056337767238504574,0.43116348671904225
8823,0.8832,5,15,5,599543,6067,103351,4605,0.05619882174219126,0.43150299850074963
8824,0.8833,10,15,10,599558,6052,103361,4595,0.05605987624587795,0.4315769700385085
8825,0.8834,8,10,8,599568,6042,103369,4587,0.055967245915002406,0.4315551792266441
8826,0.8835,14,12,14,599580,6030,103383,4573,0.055856089517951756,0.43129303027445065
8827,0.8836,7,11,7,599591,6019,103390,4566,0.05575419615398866,0.43136513934813414
8828,0.8837,11,5,11,599596,6014,103401,4555,0.05570788098855089,0.4309773866969439
8829,0.8838,4,9,4,599605,6005,103405,4551,0.055624513690762906,0.43112921561197426
8830,0.8839,1,10,1,599615,5995,103406,4550,0.05553188335988736,0.431484115694642
8831,0.884,3,10,3,599625,5985,103409,4547,0.05543925302901182,0.4317318647930118
8832,0.8841,7,10,7,599635,5975,103416,4540,0.055346622698136276,0.43176414645744177
8833,0.8842,2,7,2,599642,5968,103418,4538,0.0552817814665234,0.43194365124690653
8834,0.8843,5,8,5,599650,5960,103423,4533,0.055207677201822965,0.43200228723911177
8835,0.8844,13,16,13,599666,5944,103436,4520,0.0550594686724221,0.4319571865443425
8836,0.8845,3,12,3,599678,5932,103439,4517,0.05494831227537145,0.43229017130825914
8837,0.8846,4,12,4,599690,5920,103443,4513,0.0548371558783208,0.43256973066232146
8838,0.8847,7,14,7,599704,5906,103450,4506,0.05470747341509504,0.4327698809066462
8839,0.8848,5,4,5,599708,5902,103455,4501,0.054670421282744824,0.4326636547149861
8840,0.8849,1,1,1,599709,5901,103456,4500,0.05466115824965727,0.4326507066628209
8841,0.885,10,12,10,599721,5889,103466,4490,0.05455000185260662,0.43260429713845266
8842,0.8851,4,5,4,599726,5884,103470,4486,0.054503686687168845,0.43259402121504337
8843,0.8852,12,26,12,599752,5858,103482,4474,0.05426284782689244,0.4330236159504452
8844,0.8853,7,13,7,599765,5845,103489,4467,0.05414242839675423,0.4331846392552366
8845,0.8854,0,2,0,599767,5843,103489,4467,0.05412390233057913,0.4332686711930165
8846,0.8855,3,9,3,599776,5834,103492,4464,0.05404053503279114,0.4334822295591377
8847,0.8856,5,13,5,599789,5821,103497,4459,0.05392011560265293,0.4337548638132296
8848,0.8857,6,11,6,599800,5810,103503,4453,0.05381822223868984,0.4338887264932281
8849,0.8858,7,15,7,599815,5795,103510,4446,0.053679276742376526,0.43413729128014844
8850,0.8859,12,28,12,599843,5767,103522,4434,0.05341991181592501,0.4346632683070287
8851,0.886,6,14,6,599857,5753,103528,4428,0.053290229352699246,0.4349278066987526
8852,0.8861,1,5,1,599862,5748,103529,4427,0.053243914187261474,0.4350859950859951
8853,0.8862,7,13,7,599875,5735,103536,4420,0.053123494757123274,0.43525356967011325
8854,0.8863,1,4,1,599879,5731,103537,4419,0.05308644262477306,0.4353694581280788
8855,0.8864,3,10,3,599889,5721,103540,4416,0.05299381229389751,0.4356318437407517
8856,0.8865,3,6,3,599895,5715,103543,4413,0.05293823409537219,0.4357227488151659
8857,0.8866,1,3,1,599898,5712,103544,4412,0.05291044499610953,0.4357961280126432
8858,0.8867,10,10,10,599908,5702,103554,4402,0.052817814665233984,0.4356690419635788
8859,0.8868,7,24,7,599932,5678,103561,4395,0.05259550187113268,0.43631490122108607
8860,0.8869,4,7,4,599939,5671,103565,4391,0.052530660639519805,0.43639435499900614
8861,0.887,9,11,9,599950,5660,103574,4382,0.05242876727555671,0.43636725751842265
8862,0.8871,3,10,3,599960,5650,103577,4379,0.052336136944681165,0.4366337620899392
8863,0.8872,7,7,7,599967,5643,103584,4372,0.05227129571306829,0.43654518222666
8864,0.8873,8,11,8,599978,5632,103592,4364,0.05216940234910519,0.4365746298519408
8865,0.8874,4,13,4,599991,5619,103596,4360,0.052048982918966986,0.4369175268062932
8866,0.8875,7,11,7,600002,5608,103603,4353,0.05194708955500389,0.43700431683565905
8867,0.8876,10,7,10,600009,5601,103613,4343,0.051882248323391014,0.43674577634754624
8868,0.8877,7,6,7,600015,5595,103620,4336,0.051826670124865686,0.4366126271271775
8869,0.8878,13,25,13,600040,5570,103633,4323,0.05159509429767683,0.43697563934094813
8870,0.8879,12,13,12,600053,5557,103645,4311,0.05147467486753863,0.4368666396432914
8871,0.888,7,10,7,600063,5547,103652,4304,0.051382044536663084,0.4369099583798599
8872,0.8881,7,10,7,600073,5537,103659,4297,0.051289414205787545,0.4369534268863128
8873,0.8882,7,12,7,600085,5525,103666,4290,0.051178257808736895,0.4370860927152318
8874,0.8883,6,10,6,600095,5515,103672,4284,0.05108562747786135,0.43718746810899073
8875,0.8884,13,15,13,600110,5500,103685,4271,0.05094668198154804,0.43710981475795724
8876,0.8885,12,25,12,600135,5475,103697,4259,0.05071510615435918,0.4375385247585782
8877,0.8886,9,16,9,600151,5459,103706,4250,0.050566897624958314,0.4377381810691111
8878,0.8887,6,16,6,600167,5443,103712,4244,0.05041868909555745,0.4381129348611541
8879,0.8888,3,12,3,600179,5431,103715,4241,0.050307532698506796,0.4384822167080232
8880,0.8889,11,9,11,600188,5422,103726,4230,0.05022416540071881,0.43825113966017404
8881,0.889,7,14,7,600202,5408,103733,4223,0.05009448293749305,0.4384799086283875
8882,0.8891,0,9,0,600211,5399,103733,4223,0.05001111563970506,0.4388900436499688
8883,0.8892,4,13,4,600224,5386,103737,4219,0.04989069620956686,0.43925039042165537
8884,0.8893,3,6,3,600230,5380,103740,4216,0.04983511801104153,0.4393497290537724
8885,0.8894,3,4,3,600234,5376,103743,4213,0.04979806587869132,0.43935759724684537
8886,0.8895,6,11,6,600245,5365,103749,4207,0.04969617251472822,0.4395110739657334
8887,0.8896,3,6,3,600251,5359,103752,4204,0.0496405943162029,0.4396110007319879
8888,0.8897,8,10,8,600261,5349,103760,4196,0.049547963985327355,0.43960188580408593
8889,0.8898,5,8,5,600269,5341,103765,4191,0.04947385972062692,0.43967687788501886
8890,0.8899,5,4,5,600273,5337,103770,4186,0.049436807588276704,0.4395673632258742
8891,0.89,7,3,7,600276,5334,103777,4179,0.049409018489014044,0.4392935982339956
8892,0.8901,6,7,6,600283,5327,103783,4173,0.049344177257401166,0.43926315789473686
8893,0.8902,2,13,2,600296,5314,103785,4171,0.04922375782726296,0.4397469688982604
8894,0.8903,3,11,3,600307,5303,103788,4168,0.049121864463299865,0.44008024495829373
8895,0.8904,7,14,7,600321,5289,103795,4161,0.0489921820000741,0.44031746031746033
8896,0.8905,15,15,15,600336,5274,103810,4146,0.04885323650376079,0.44012738853503186
8897,0.8906,6,7,6,600343,5267,103816,4140,0.048788395272147914,0.4400977995110024
8898,0.8907,5,10,5,600353,5257,103821,4135,0.04869576494127237,0.44026831345826234
8899,0.8908,4,10,4,600363,5247,103825,4131,0.04860313461039683,0.44049904030710174
8900,0.8909,8,18,8,600381,5229,103833,4123,0.04843640001482085,0.4408682634730539
8901,0.891,9,25,9,600406,5204,103842,4114,0.048204824187632,0.44151105387422196
8902,0.8911,6,14,6,600420,5190,103848,4108,0.04807514172440624,0.4418154441815444
8903,0.8912,5,10,5,600430,5180,103853,4103,0.0479825113935307,0.44199073575352793
8904,0.8913,5,0,5,600430,5180,103858,4098,0.0479825113935307,0.44169001940073294
8905,0.8914,6,6,6,600436,5174,103864,4092,0.04792693319500537,0.44161450464062163
8906,0.8915,18,15,18,600451,5159,103882,4074,0.04778798769869206,0.44124336618650495
8907,0.8916,1,12,1,600463,5147,103883,4073,0.04767683130164141,0.44175704989154013
8908,0.8917,9,18,9,600481,5129,103892,4064,0.04751009670606544,0.4420754922223431
8909,0.8918,7,12,7,600493,5117,103899,4057,0.047398940309014786,0.4422280357532156
8910,0.8919,3,0,3,600493,5117,103902,4054,0.047398940309014786,0.4420455784538218
8911,0.892,6,7,6,600500,5110,103908,4048,0.0473340990774019,0.4420179078401398
8912,0.8921,1,5,1,600505,5105,103909,4047,0.047287783911964136,0.44219842657342656
8913,0.8922,4,11,4,600516,5094,103913,4043,0.047185890548001035,0.44248659297362375
8914,0.8923,10,7,10,600523,5087,103923,4033,0.04712104931638816,0.44221491228070176
8915,0.8924,5,10,5,600533,5077,103928,4028,0.04702841898551262,0.442394288852279
8916,0.8925,7,12,7,600545,5065,103935,4021,0.04691726258846197,0.44254897644728153
8917,0.8926,10,10,10,600555,5055,103945,4011,0.04682463225758642,0.442422236929186
8918,0.8927,8,12,8,600567,5043,103953,4003,0.04671347586053577,0.4425160291841698
8919,0.8928,7,8,7,600575,5035,103960,3996,0.04663937159583534,0.44247591628834015
8920,0.8929,4,8,4,600583,5027,103964,3992,0.046565267331134905,0.44262113316332186
8921,0.893,16,15,16,600598,5012,103980,3976,0.04642632183482159,0.4423676012461059
8922,0.8931,6,9,6,600607,5003,103986,3970,0.046342954537033604,0.44243842639028197
8923,0.8932,10,12,10,600619,4991,103996,3960,0.04623179813998295,0.4424086694224109
8924,0.8933,6,4,6,600623,4987,104002,3954,0.046194746007632737,0.4422324124818253
8925,0.8934,4,12,4,600635,4975,104006,3950,0.046083589610582086,0.4425770308123249
8926,0.8935,9,7,9,600642,4968,104015,3941,0.04601874837896921,0.4423616567515995
8927,0.8936,4,7,4,600649,4961,104019,3937,0.04595390714735633,0.44245897954596536
8928,0.8937,8,11,8,600660,4950,104027,3929,0.045852013783393236,0.44250478657506476
8929,0.8938,4,10,4,600670,4940,104031,3925,0.04575938345251769,0.4427523970671179
8930,0.8939,3,6,3,600676,4934,104034,3922,0.04570380525399237,0.4428635953026197
8931,0.894,3,8,3,600684,4926,104037,3919,0.045629700989291935,0.44307518371961563
8932,0.8941,1,4,1,600688,4922,104038,3918,0.04559264885694172,0.4432126696832579
8933,0.8942,6,6,6,600694,4916,104044,3912,0.04553707065841639,0.4431354780244676
8934,0.8943,5,8,5,600702,4908,104049,3907,0.045462966393715956,0.44322178105501986
8935,0.8944,2,10,2,600712,4898,104051,3905,0.04537033606284042,0.4435987731455186
8936,0.8945,7,9,7,600721,4889,104058,3898,0.04528696876505243,0.4436098782292022
8937,0.8946,16,8,16,600729,4881,104074,3882,0.045212864500351994,0.44299897295446766
8938,0.8947,3,5,3,600734,4876,104077,3879,0.04516654933491422,0.443061107938321
8939,0.8948,5,9,5,600743,4867,104082,3874,0.04508318203712624,0.443198718682073
8940,0.8949,7,8,7,600751,4859,104089,3867,0.045009077772425805,0.4431583772633509
8941,0.895,5,13,5,600764,4846,104094,3862,0.0448886583422876,0.4435002296738631
8942,0.8951,8,6,8,600770,4840,104102,3854,0.04483308014376227,0.44329422590292156
8943,0.8952,8,20,8,600790,4820,104110,3846,0.04464781948201119,0.44380336948996074
8944,0.8953,7,14,7,600804,4806,104117,3839,0.04451813701878543,0.4440717177559283
8945,0.8954,2,6,2,600810,4800,104119,3837,0.04446255882026011,0.4442514762070163
8946,0.8955,3,13,3,600823,4787,104122,3834,0.0443421393901219,0.4447279897923675
8947,0.8956,2,4,2,600827,4783,104124,3832,0.044305087257771686,0.444805571677307
8948,0.8957,3,4,3,600831,4779,104127,3829,0.04426803512542147,0.44481877323420077
8949,0.8958,7,5,7,600836,4774,104134,3822,0.044221719959983696,0.44462540716612375
8950,0.8959,6,10,6,600846,4764,104140,3816,0.04412908962910816,0.44475524475524475
8951,0.896,7,5,7,600851,4759,104147,3809,0.044082774463670385,0.4445611577964519
8952,0.8961,12,12,12,600863,4747,104159,3797,0.043971618066619735,0.4444054307116105
8953,0.8962,4,10,4,600873,4737,104163,3793,0.04387898773574419,0.4446658851113716
8954,0.8963,7,12,7,600885,4725,104170,3786,0.04376783133869354,0.4448360944659852
8955,0.8964,3,14,3,600899,4711,104173,3783,0.04363814887546778,0.4453732046150224
8956,0.8965,6,14,6,600913,4697,104179,3777,0.04350846641224203,0.4457163087089922
8957,0.8966,7,13,7,600926,4684,104186,3770,0.04338804698210382,0.44594274899455877
8958,0.8967,3,11,3,600937,4673,104189,3767,0.04328615361814073,0.44632701421800947
8959,0.8968,6,6,6,600943,4667,104195,3761,0.0432305754196154,0.44625059326056005
8960,0.8969,6,12,6,600955,4655,104201,3755,0.04311941902256475,0.4464922711058264
8961,0.897,8,6,8,600961,4649,104209,3747,0.043063840824039426,0.44628394473558836
8962,0.8971,5,7,5,600968,4642,104214,3742,0.04299899959242654,0.4463263358778626
8963,0.8972,5,8,5,600976,4634,104219,3737,0.04292489532772611,0.4464221717835384
8964,0.8973,4,7,4,600983,4627,104223,3733,0.04286005409611323,0.4465311004784689
8965,0.8974,14,19,14,601002,4608,104237,3719,0.0426840564674497,0.4466194307673832
8966,0.8975,10,15,10,601017,4593,104247,3709,0.04254511097113639,0.44675981691158756
8967,0.8976,3,16,3,601033,4577,104250,3706,0.04239690244173552,0.4474224314861765
8968,0.8977,4,8,4,601041,4569,104254,3702,0.04232279817703509,0.4475879579252811
8969,0.8978,8,11,8,601052,4558,104262,3694,0.042220904813071995,0.4476490547746001
8970,0.8979,3,2,3,601054,4556,104265,3691,0.04220237874689688,0.44755668728022313
8971,0.898,2,8,2,601062,4548,104267,3689,0.04212827448219645,0.44785722957387397
8972,0.8981,8,8,8,601070,4540,104275,3681,0.042054170217496016,0.4477557474759762
8973,0.8982,3,13,3,601083,4527,104278,3678,0.04193375078735781,0.4482632541133455
8974,0.8983,12,14,12,601097,4513,104290,3666,0.041804068324132054,0.448221053918572
8975,0.8984,11,13,11,601110,4500,104301,3655,0.04168364889399385,0.44819129368485594
8976,0.8985,9,6,9,601116,4494,104310,3646,0.041628070695468526,0.4479115479115479
8977,0.8986,3,7,3,601123,4487,104313,3643,0.04156322946385564,0.44809348093480933
8978,0.8987,7,9,7,601132,4478,104320,3636,0.04147986216606766,0.44811437022430367
8979,0.8988,8,8,8,601140,4470,104328,3628,0.041405757901367225,0.4480118547789578
8980,0.8989,5,13,5,601153,4457,104333,3623,0.04128533847122902,0.4483910891089109
8981,0.899,5,9,5,601162,4448,104338,3618,0.04120197117344103,0.4485494668980908
8982,0.8991,2,6,2,601168,4442,104340,3616,0.04114639297491571,0.44874658724249195
8983,0.8992,6,10,6,601178,4432,104346,3610,0.04105376264404016,0.44889331012186023
8984,0.8993,10,17,10,601195,4415,104356,3600,0.040896291081551746,0.44915782907049284
8985,0.8994,4,3,4,601198,4412,104360,3596,0.04086850198228908,0.44905094905094906
8986,0.8995,3,15,3,601213,4397,104363,3593,0.04072955648597577,0.44968710888610763
8987,0.8996,5,6,5,601219,4391,104368,3588,0.040673978287450445,0.4496804110790826
8988,0.8997,5,12,5,601231,4379,104373,3583,0.040562821890399794,0.4500125596583773
8989,0.8998,7,12,7,601243,4367,104380,3576,0.040451665493349144,0.45020773007679715
8990,0.8999,4,12,4,601255,4355,104384,3572,0.040340509096298494,0.4506118329759051
8991,0.9,9,10,9,601265,4345,104393,3563,0.04024787876542295,0.4505563985837127
8992,0.9001,5,11,5,601276,4334,104398,3558,0.040145985401459854,0.4508362899138368
8993,0.9002,5,11,5,601287,4323,104403,3553,0.04004409203749676,0.4511173184357542
8994,0.9003,9,13,9,601300,4310,104412,3544,0.03992367260735855,0.4512350394703336
8995,0.9004,13,9,13,601309,4301,104425,3531,0.03984030530957056,0.4508426966292135
8996,0.9005,11,22,11,601331,4279,104436,3520,0.039636518581644374,0.4513399153737659
8997,0.9006,1,8,1,601339,4271,104437,3519,0.03956241431694394,0.4517329910141207
8998,0.9007,0,4,0,601343,4267,104437,3519,0.039525362184593724,0.4519650655021834
8999,0.9008,6,7,6,601350,4260,104443,3513,0.039460520952980846,0.4519490544191432
9000,0.9009,1,2,1,601352,4258,104444,3512,0.039441994886805734,0.451994851994852
9001,0.901,10,14,10,601366,4244,104454,3502,0.03931231242357998,0.4521043119029176
9002,0.9011,7,15,7,601381,4229,104461,3495,0.03917336692726667,0.45248575867426205
9003,0.9012,12,12,12,601393,4217,104473,3483,0.03906221053021602,0.4523376623376623
9004,0.9013,9,15,9,601408,4202,104482,3474,0.0389232650339027,0.4525794684731631
9005,0.9014,4,8,4,601416,4194,104486,3470,0.038849160769202265,0.4527661795407098
9006,0.9015,4,6,4,601422,4188,104490,3466,0.03879358257067694,0.45283511889208256
9007,0.9016,5,11,5,601433,4177,104495,3461,0.03869168920671385,0.45312909138517937
9008,0.9017,7,8,7,601441,4169,104502,3454,0.038617584942013415,0.4531024531024531
9009,0.9018,5,6,5,601447,4163,104507,3449,0.038562006743488086,0.45310036784025226
9010,0.9019,2,11,2,601458,4152,104509,3447,0.03846011337952499,0.45361231741018554
9011,0.902,10,11,10,601469,4141,104519,3437,0.0383582200155619,0.4535497492742148
9012,0.9021,2,8,2,601477,4133,104521,3435,0.038284115750861464,0.453884778012685
9013,0.9022,3,9,3,601486,4124,104524,3432,0.038200748453073474,0.45420857596611963
9014,0.9023,8,10,8,601496,4114,104532,3424,0.038108118122197936,0.4542318917484744
9015,0.9024,2,6,2,601502,4108,104534,3422,0.03805253992367261,0.4544488711819389
9016,0.9025,8,19,8,601521,4089,104542,3414,0.03787654229500908,0.45501799280287886
9017,0.9026,12,17,12,601538,4072,104554,3402,0.037719070732520656,0.45517795022745516
9018,0.9027,7,5,7,601543,4067,104561,3395,0.03767275556708288,0.4549718574108818
9019,0.9028,2,5,2,601548,4062,104563,3393,0.03762644040164512,0.45513078470824947
9020,0.9029,0,5,0,601553,4057,104563,3393,0.037580125236207344,0.45543624161073826
9021,0.903,1,5,1,601558,4052,104564,3392,0.03753381007076957,0.45566899516389037
9022,0.9031,4,9,4,601567,4043,104568,3388,0.03745044277298158,0.45592786973489435
9023,0.9032,9,13,9,601580,4030,104577,3379,0.03733002334284338,0.4560669456066946
9024,0.9033,5,10,5,601590,4020,104582,3374,0.03723739301196784,0.4563159318366243
9025,0.9034,11,7,11,601597,4013,104593,3363,0.03717255178035496,0.45593817787418656
9026,0.9035,5,6,5,601603,4007,104598,3358,0.03711697358182964,0.45594025797691784
9027,0.9036,10,9,10,601612,3998,104608,3348,0.03703360628404165,0.4557582357745712
9028,0.9037,3,9,3,601621,3989,104611,3345,0.03695023898625366,0.45609490046359424
9029,0.9038,3,13,3,601634,3976,104614,3342,0.03682981955611545,0.4566821535938781
9030,0.9039,6,6,6,601640,3970,104620,3336,0.03677424135759013,0.4566110046537093
9031,0.904,3,8,3,601648,3962,104623,3333,0.0367001370928897,0.4568882796435915
9032,0.9041,7,4,7,601652,3958,104630,3326,0.03666308496053948,0.45661724327292696
9033,0.9042,14,8,14,601660,3950,104644,3312,0.036588980695839046,0.4560727072431837
9034,0.9043,2,2,2,601662,3948,104646,3310,0.036570454629663934,0.45604849820887294
9035,0.9044,7,16,7,601678,3932,104653,3303,0.03642224610026307,0.45653075328265375
9036,0.9045,2,10,2,601688,3922,104655,3301,0.03632961576938753,0.45701232174996537
9037,0.9046,4,16,4,601704,3906,104659,3297,0.03618140723998666,0.4577259475218659
9038,0.9047,7,12,7,601716,3894,104666,3290,0.03607025084293601,0.45796213808463254
9039,0.9048,5,8,5,601724,3886,104671,3285,0.03599614657823558,0.4580951052851764
9040,0.9049,3,6,3,601730,3880,104674,3282,0.035940568379710255,0.45825188494833846
9041,0.905,10,3,10,601733,3877,104684,3272,0.03591277928044759,0.4576863897048538
9042,0.9051,4,6,4,601739,3871,104688,3268,0.035857201081922266,0.45776719428491386
9043,0.9052,8,12,8,601751,3859,104696,3260,0.035746044684871615,0.45792948447815707
9044,0.9053,3,7,3,601758,3852,104699,3257,0.03568120345325874,0.45815163876775916
9045,0.9054,8,16,8,601774,3836,104707,3249,0.03553299492385787,0.45857445306986594
9046,0.9055,4,3,4,601777,3833,104711,3245,0.0355052058245952,0.45846284261090703
9047,0.9056,14,9,14,601786,3824,104725,3231,0.03542183852680722,0.45797306874557053
9048,0.9057,5,8,5,601794,3816,104730,3226,0.035347734262106786,0.4581084919057086
9049,0.9058,6,9,6,601803,3807,104736,3220,0.0352643669643188,0.4582325316635833
9050,0.9059,2,2,2,601805,3805,104738,3218,0.035245840898143685,0.45820874270254874
9051,0.906,2,6,2,601811,3799,104740,3216,0.03519026269961836,0.4584461867426942
9052,0.9061,6,13,6,601824,3786,104746,3210,0.03506984326948016,0.4588336192109777
9053,0.9062,5,13,5,601837,3773,104751,3205,0.03494942383934196,0.45930065921467467
9054,0.9063,14,14,14,601851,3759,104765,3191,0.034819741376116195,0.459136690647482
9055,0.9064,4,9,4,601860,3750,104769,3187,0.034736374078328205,0.45942049877468644
9056,0.9065,12,20,12,601880,3730,104781,3175,0.03455111341657712,0.45981173062997827
9057,0.9066,1,13,1,601893,3717,104782,3174,0.03443069398643892,0.4606007836308228
9058,0.9067,7,9,7,601902,3708,104789,3167,0.03434732668865093,0.4606545454545454
9059,0.9068,7,14,7,601916,3694,104796,3160,0.03421764422542517,0.4610446454625036
9060,0.9069,4,3,4,601919,3691,104800,3156,0.03418985512616251,0.460931794946692
9061,0.907,5,7,5,601926,3684,104805,3151,0.03412501389454963,0.4610095098756401
9062,0.9071,1,5,1,601931,3679,104806,3150,0.03407869872911186,0.46126812124762046
9063,0.9072,6,8,6,601939,3671,104812,3144,0.034004594464411425,0.4613352898019076
9064,0.9073,0,1,0,601940,3670,104812,3144,0.033995331431323876,0.4614029938362195
9065,0.9074,1,6,1,601946,3664,104813,3143,0.03393975323279855,0.461730571470545
9066,0.9075,8,14,8,601960,3650,104821,3135,0.03381007076957279,0.46204863669859986
9067,0.9076,2,3,2,601963,3647,104823,3133,0.033782281670310124,0.462094395280236
9068,0.9077,3,9,3,601972,3638,104826,3130,0.03369891437252214,0.46247044917257685
9069,0.9078,6,9,6,601981,3629,104832,3124,0.03361554707473415,0.46260921072116096
9070,0.9079,11,6,11,601987,3623,104843,3113,0.03355996887620882,0.4621437054631829
9071,0.908,19,11,19,601998,3612,104862,3094,0.03345807551224573,0.4613778705636743
9072,0.9081,3,3,3,602001,3609,104865,3091,0.03343028641298307,0.46134328358208954
9073,0.9082,7,6,7,602007,3603,104872,3084,0.03337470821445774,0.46119336025123375
9074,0.9083,1,9,1,602016,3594,104873,3083,0.03329134091666976,0.4617343118166841
9075,0.9084,1,1,1,602017,3593,104874,3082,0.0332820778835822,0.46172284644194755
9076,0.9085,0,6,0,602023,3587,104874,3082,0.03322649968505687,0.46213825161193584
9077,0.9086,6,14,6,602037,3573,104880,3076,0.03309681722183112,0.4626259587907956
9078,0.9087,9,11,9,602048,3562,104889,3067,0.03299492385786802,0.46266405189319654
9079,0.9088,4,6,4,602054,3556,104893,3063,0.03293934565934269,0.4627587248829128
9080,0.9089,3,11,3,602065,3545,104896,3060,0.0328374522953796,0.46328538985616957
9081,0.909,3,4,3,602069,3541,104899,3057,0.03280040016302938,0.4633222188541982
9082,0.9091,6,7,6,602076,3534,104905,3051,0.032735558931416504,0.4633257403189066
9083,0.9092,2,5,2,602081,3529,104907,3049,0.03268924376597873,0.4635147461234418
9084,0.9093,11,14,11,602095,3515,104918,3038,0.032559561302752976,0.4636044559743629
9085,0.9094,5,10,5,602105,3505,104923,3033,0.03246693097187743,0.4639033343530132
9086,0.9095,3,2,3,602107,3503,104926,3030,0.032448404905702326,0.46379917342721566
9087,0.9096,4,1,4,602108,3502,104930,3026,0.03243914187261477,0.4635416666666667
9088,0.9097,2,2,2,602110,3500,104932,3024,0.03242061580643966,0.463519313304721
9089,0.9098,3,7,3,602117,3493,104935,3021,0.03235577457482678,0.46377034080442125
9090,0.9099,18,19,18,602136,3474,104953,3003,0.03217977694616325,0.4636405743399722
9091,0.91,14,10,14,602146,3464,104967,2989,0.03208714661528771,0.463195412986208
9092,0.9101,4,18,4,602164,3446,104971,2985,0.031920412019711734,0.46415798476131237
9093,0.9102,4,3,4,602167,3443,104975,2981,0.031892622920449074,0.464041095890411
9094,0.9103,9,16,9,602183,3427,104984,2972,0.031744414391048206,0.464447569932802
9095,0.9104,10,9,10,602192,3418,104994,2962,0.03166104709326022,0.46426332288401256
9096,0.9105,7,4,7,602196,3414,105001,2955,0.03162399496091,0.4639660857277438
9097,0.9106,5,11,5,602207,3403,105006,2950,0.031522101596946905,0.4643475523374784
9098,0.9107,3,7,3,602214,3396,105009,2947,0.03145726036533403,0.4646066530033107
9099,0.9108,11,7,11,602221,3389,105020,2936,0.03139241913372114,0.4641897233201581
9100,0.9109,5,2,5,602223,3387,105025,2931,0.03137389306754604,0.46391263057929727
9101,0.911,3,12,3,602235,3375,105028,2928,0.03126273667049539,0.4645406949071871
9102,0.9111,1,9,1,602244,3366,105029,2927,0.031179369372707398,0.46511997457492454
9103,0.9112,9,4,9,602248,3362,105038,2918,0.03114231724035718,0.46464968152866243
9104,0.9113,6,10,6,602258,3352,105044,2912,0.03104968690948164,0.4648786717752235
9105,0.9114,5,10,5,602268,3342,105049,2907,0.030957056578606097,0.46519443110897746
9106,0.9115,3,7,3,602275,3335,105052,2904,0.03089221534699322,0.4654592082064433
9107,0.9116,6,11,6,602286,3324,105058,2898,0.030790321983030125,0.46576663452266154
9108,0.9117,5,9,5,602295,3315,105063,2893,0.030706954685242135,0.46601159793814434
9109,0.9118,8,7,8,602302,3308,105071,2885,0.030642113453629258,0.465848538672695
9110,0.9119,0,4,0,602306,3304,105071,2885,0.03060506132127904,0.46614962029407014
9111,0.912,1,7,1,602313,3297,105072,2884,0.03054022008966616,0.4665911664779162
9112,0.9121,5,8,5,602321,3289,105077,2879,0.030466115824965726,0.4667639429312581
9113,0.9122,7,5,7,602326,3284,105084,2872,0.030419800659527957,0.4665367121507472
9114,0.9123,6,12,6,602338,3272,105090,2866,0.030308644262477306,0.46692733789507984
9115,0.9124,4,3,4,602341,3269,105094,2862,0.030280855163214642,0.4668080247920405
9116,0.9125,2,5,2,602346,3264,105096,2860,0.030234539997776873,0.46701502286087526
9117,0.9126,2,7,2,602353,3257,105098,2858,0.03016969876616399,0.46737530662305804
9118,0.9127,1,6,1,602359,3251,105099,2857,0.030114120567638666,0.4677472167648985
9119,0.9128,1,11,1,602370,3240,105100,2856,0.030012227203675572,0.468503937007874
9120,0.9129,6,9,6,602379,3231,105106,2850,0.029928859905887582,0.4686729156388752
9121,0.913,7,5,7,602384,3226,105113,2843,0.029882544740449813,0.46844620201021586
9122,0.9131,1,1,1,602385,3225,105114,2842,0.029873281707362257,0.46843580023075654
9123,0.9132,6,9,6,602394,3216,105120,2836,0.02978991440957427,0.46860541969596825
9124,0.9133,8,24,8,602418,3192,105128,2828,0.02956760161547297,0.4697674418604651
9125,0.9134,6,2,6,602420,3190,105134,2822,0.02954907554929786,0.46939454424484367
9126,0.9135,6,3,6,602423,3187,105140,2816,0.0295212864500352,0.4690987839413627
9127,0.9136,2,7,2,602430,3180,105142,2814,0.02945644521842232,0.4694694694694695
9128,0.9137,5,6,5,602436,3174,105147,2809,0.029400867019896994,0.4694969079057329
9129,0.9138,8,11,8,602447,3163,105155,2801,0.0292989736559339,0.46965124077800136
9130,0.9139,8,10,8,602457,3153,105163,2793,0.029206343325058358,0.46972754793138244
9131,0.914,2,2,2,602459,3151,105165,2791,0.02918781725888325,0.4697071693032649
9132,0.9141,10,11,10,602470,3140,105175,2781,0.02908592389492015,0.4696841749704442
9133,0.9142,5,9,5,602479,3131,105180,2776,0.029002556597132165,0.4699509057050956
9134,0.9143,7,3,7,602482,3128,105187,2769,0.0289747674978695,0.46956079362387654
9135,0.9144,5,7,5,602489,3121,105192,2764,0.028909926266256623,0.46966864910790146
9136,0.9145,3,7,3,602496,3114,105195,2761,0.028845085034643742,0.46995744680851065
9137,0.9146,9,10,9,602506,3104,105204,2752,0.0287524547037682,0.46994535519125685
9138,0.9147,10,8,10,602514,3096,105214,2742,0.02867835043906777,0.4696813977389517
9139,0.9148,3,8,3,602522,3088,105217,2739,0.028604246174367336,0.47005320061781364
9140,0.9149,7,9,7,602531,3079,105224,2732,0.028520878876579347,0.47014283255893996
9141,0.915,15,15,15,602546,3064,105239,2717,0.028381933380266035,0.4699878913682754
9142,0.9151,3,1,3,602547,3063,105242,2714,0.02837267034717848,0.46979401073221394
9143,0.9152,2,3,2,602550,3060,105244,2712,0.02834488124791582,0.4698544698544699
9144,0.9153,1,4,1,602554,3056,105245,2711,0.028307829115565602,0.4700884341945552
9145,0.9154,4,3,4,602557,3053,105249,2707,0.028280040016302938,0.4699652777777778
9146,0.9155,3,14,3,602571,3039,105252,2704,0.02815035755307718,0.47083405885425733
9147,0.9156,4,12,4,602583,3027,105256,2700,0.028039201156026528,0.4714510214772132
9148,0.9157,10,9,10,602592,3018,105266,2690,0.027955833858238542,0.4712683952347582
9149,0.9158,4,5,4,602597,3013,105270,2686,0.02790951869280077,0.4713107562730304
9150,0.9159,2,16,2,602613,2997,105272,2684,0.027761310163399902,0.47245203309276534
9151,0.916,12,16,12,602629,2981,105284,2672,0.02761310163399904,0.4726693790907483
9152,0.9161,4,8,4,602637,2973,105288,2668,0.027538997369298605,0.47296578620811913
9153,0.9162,7,6,7,602643,2967,105295,2661,0.02748341917077328,0.4728144989339019
9154,0.9163,6,10,6,602653,2957,105301,2655,0.027390788839897737,0.4730933713471133
9155,0.9164,6,7,6,602660,2950,105307,2649,0.027325947608284856,0.47312020003572064
9156,0.9165,2,4,2,602664,2946,105309,2647,0.02728889547593464,0.47327015912748077
9157,0.9166,5,6,5,602670,2940,105314,2642,0.027233317277409314,0.47330705840200643
9158,0.9167,8,6,8,602676,2934,105322,2634,0.02717773907888399,0.4730603448275862
9159,0.9168,8,9,8,602685,2925,105330,2626,0.027094371781096003,0.47306791569086654
9160,0.9169,8,5,8,602690,2920,105338,2618,0.02704805661565823,0.47273383893102205
9161,0.917,3,7,3,602697,2913,105341,2615,0.026983215384045352,0.4730463096960926
9162,0.9171,3,2,3,602699,2911,105344,2612,0.026964689317870244,0.47293137787434364
9163,0.9172,3,10,3,602709,2901,105347,2609,0.026872058986994702,0.473502722323049
9164,0.9173,7,9,7,602718,2892,105354,2602,0.026788691689206712,0.4736075718966145
9165,0.9174,6,10,6,602728,2882,105360,2596,0.02669606135833117,0.4738955823293173
9166,0.9175,4,10,4,602738,2872,105364,2592,0.02660343102745563,0.4743777452415813
9167,0.9176,1,2,1,602740,2870,105365,2591,0.026584904961280523,0.4744552279802234
9168,0.9177,2,5,2,602745,2865,105367,2589,0.02653858979584275,0.4746974697469747
9169,0.9178,4,6,4,602751,2859,105371,2585,0.026483011597317425,0.474834680382072
9170,0.9179,7,16,7,602767,2843,105378,2578,0.026334803067916558,0.4755580151263604
9171,0.918,3,3,3,602770,2840,105381,2575,0.026307013968653897,0.4755309325946445
9172,0.9181,4,14,4,602784,2826,105385,2571,0.02617733150542814,0.4763757643135075
9173,0.9182,9,5,9,602789,2821,105394,2562,0.026131016339990366,0.4759427828348505
9174,0.9183,5,10,5,602799,2811,105399,2557,0.026038386009114824,0.4763412816691505
9175,0.9184,5,2,5,602801,2809,105404,2552,0.026019859942939715,0.47603059130759184
9176,0.9185,2,11,2,602812,2798,105406,2550,0.02591796657897662,0.4768137621540763
9177,0.9186,9,7,9,602819,2791,105415,2541,0.02585312534736374,0.47655663915978996
9178,0.9187,8,14,8,602833,2777,105423,2533,0.02572344288413798,0.4770244821092279
9179,0.9188,5,15,5,602848,2762,105428,2528,0.02558449738782467,0.477882797731569
9180,0.9189,4,14,4,602862,2748,105432,2524,0.02545481492459891,0.4787556904400607
9181,0.919,4,5,4,602867,2743,105436,2520,0.02540849975916114,0.47881436443093295
9182,0.9191,4,10,4,602877,2733,105440,2516,0.0253158694282856,0.47932939607544295
9183,0.9192,6,4,6,602881,2729,105446,2510,0.025278817295935382,0.47909906470700514
9184,0.9193,6,4,6,602885,2725,105452,2504,0.025241765163585166,0.4788678523618283
9185,0.9194,5,18,5,602903,2707,105457,2499,0.02507503056800919,0.4800230503265463
9186,0.9195,3,9,3,602912,2698,105460,2496,0.0249916632702212,0.4805544859453215
9187,0.9197,6,6,6,602918,2692,105466,2490,0.024936085071695875,0.48050945580856813
9188,0.9198,8,9,8,602927,2683,105474,2482,0.02485271777390789,0.48054211035818006
9189,0.9199,2,2,2,602929,2681,105476,2480,0.02483419170773278,0.48052702964541755
9190,0.92,10,13,10,602942,2668,105486,2470,0.024713772277594574,0.4807318022576878
9191,0.9201,3,2,3,602944,2666,105489,2467,0.024695246211419466,0.4806156243911942
9192,0.9202,3,3,3,602947,2663,105492,2464,0.024667457112156805,0.4805929393407451
9193,0.9203,6,13,6,602960,2650,105498,2458,0.0245470376820186,0.4812059514487079
9194,0.9204,5,9,5,602969,2641,105503,2453,0.024463670384230612,0.4815469179426777
9195,0.9205,2,4,2,602973,2637,105505,2451,0.024426618251880396,0.48172169811320753
9196,0.9206,1,3,1,602976,2634,105506,2450,0.024398829152617735,0.481904012588513
9197,0.9207,3,7,3,602983,2627,105509,2447,0.024333987921004854,0.48226251478123766
9198,0.9208,9,15,9,602998,2612,105518,2438,0.024195042424691542,0.48277227722772276
9199,0.9209,3,5,3,603003,2607,105521,2435,0.02414872725925377,0.4829432764775883
9200,0.921,4,12,4,603015,2595,105525,2431,0.02403757086220312,0.4836848388380422
9201,0.9211,6,5,6,603020,2590,105531,2425,0.02399125569676535,0.4835493519441675
9202,0.9212,4,8,4,603028,2582,105535,2421,0.023917151432064916,0.4839096542074755
9203,0.9213,5,5,5,603033,2577,105540,2416,0.023870836266627143,0.48387742839975967
9204,0.9214,1,4,1,603037,2573,105541,2415,0.023833784134276927,0.48416198877305533
9205,0.9215,12,8,12,603045,2565,105553,2403,0.023759679869576493,0.483695652173913
9206,0.9216,2,2,2,603047,2563,105555,2401,0.023741153803401385,0.483682514101531
9207,0.9217,6,14,6,603061,2549,105561,2395,0.023611471340175626,0.48442556634304207
9208,0.9218,6,12,6,603073,2537,105567,2389,0.023500314943124975,0.48497766950872917
9209,0.9219,1,4,1,603077,2533,105568,2388,0.02346326281077476,0.4852672221093274
9210,0.922,7,7,7,603084,2526,105575,2381,0.02339842157916188,0.4852251885062156
9211,0.9221,4,3,4,603087,2523,105579,2377,0.02337063247989922,0.4851020408163265
9212,0.9222,5,11,5,603098,2512,105584,2372,0.023268739115936122,0.4856674856674857
9213,0.9223,11,12,11,603110,2500,105595,2361,0.02315758271888547,0.4857025303435507
9214,0.9224,2,4,2,603114,2496,105597,2359,0.023120530586535255,0.4858908341915551
9215,0.9225,3,7,3,603121,2489,105600,2356,0.023055689354922377,0.48627450980392156
9216,0.9226,0,6,0,603127,2483,105600,2356,0.02300011115639705,0.4868774540194255
9217,0.9227,7,4,7,603131,2479,105607,2349,0.022963059024046835,0.4865368682684341
9218,0.9228,6,15,6,603146,2464,105613,2343,0.02282411352773352,0.4874141876430206
9219,0.9229,2,1,2,603147,2463,105615,2341,0.022814850494645968,0.4873022481265612
9220,0.923,4,4,4,603151,2459,105619,2337,0.02277779836229575,0.4872810675562969
9221,0.9231,1,2,1,603153,2457,105620,2336,0.022759272296120642,0.48737742541205925
9222,0.9232,5,8,5,603161,2449,105625,2331,0.02268516803142021,0.4876569037656904
9223,0.9233,6,8,6,603169,2441,105631,2325,0.022611063766719775,0.4878304657994125
9224,0.9234,9,4,9,603173,2437,105640,2316,0.02257401163436956,0.48727119713864925
9225,0.9235,0,9,0,603182,2428,105640,2316,0.02249064433658157,0.4881956155143339
9226,0.9236,5,2,5,603184,2426,105645,2311,0.02247211827040646,0.48786151572725356
9227,0.9237,5,4,5,603188,2422,105650,2306,0.022435066138056244,0.4877326565143824
9228,0.9238,4,7,4,603195,2415,105654,2302,0.022370224906443366,0.48802204791180837
9229,0.9239,7,8,7,603203,2407,105661,2295,0.022296120641742932,0.4880901743938749
9230,0.924,2,8,2,603211,2399,105663,2293,0.0222220163770425,0.4887041773231032
9231,0.9241,12,7,12,603218,2392,105675,2281,0.02215717514542962,0.4881232612882517
9232,0.9242,6,9,6,603227,2383,105681,2275,0.02207380784764163,0.4884070416487763
9233,0.9243,2,1,2,603228,2382,105683,2273,0.02206454481455408,0.4882921589688507
9234,0.9244,0,3,0,603231,2379,105683,2273,0.022036755715291415,0.48860705073086846
9235,0.9245,7,2,7,603233,2377,105690,2266,0.022018229649116306,0.48804652164548784
9236,0.9246,7,7,7,603240,2370,105697,2259,0.02195338841750343,0.4880103694102398
9237,0.9247,3,7,3,603247,2363,105700,2256,0.021888547185890547,0.4884174063650141
9238,0.9248,3,9,3,603256,2354,105703,2253,0.02180517988810256,0.4890384197959627
9239,0.9249,6,7,6,603263,2347,105709,2247,0.02174033865648968,0.4891162385720505
9240,0.925,2,6,2,603269,2341,105711,2245,0.021684760457964355,0.48953336240732664
9241,0.9251,2,6,2,603275,2335,105713,2243,0.02162918225943903,0.48995194408038445
9242,0.9252,3,11,3,603286,2324,105716,2240,0.021527288895475935,0.49079754601226994
9243,0.9253,2,5,2,603291,2319,105718,2238,0.021480973730038162,0.4911125740618828
9244,0.9254,5,7,5,603298,2312,105723,2233,0.021416132498425285,0.4913091309130913
9245,0.9255,4,2,4,603300,2310,105727,2229,0.021397606432250176,0.4910773298083278
9246,0.9256,3,12,3,603312,2298,105730,2226,0.021286450035199526,0.4920424403183024
9247,0.9257,6,6,6,603318,2292,105736,2220,0.0212308718366742,0.4920212765957447
9248,0.9258,5,2,5,603320,2290,105741,2215,0.021212345770499092,0.4916759156492786
9249,0.9259,0,4,0,603324,2286,105741,2215,0.021175293638148875,0.49211286380804264
9250,0.926,9,8,9,603332,2278,105750,2206,0.02110118937344844,0.491971454058876
9251,0.9261,6,5,6,603337,2273,105756,2200,0.021054874208010672,0.49183992845964675
9252,0.9262,2,8,2,603345,2265,105758,2198,0.02098076994331024,0.49249383822540893
9253,0.9263,3,2,3,603347,2263,105761,2195,0.02096224387713513,0.4923732615522656
9254,0.9264,2,2,2,603349,2261,105763,2193,0.020943717810960022,0.49236641221374045
9255,0.9265,5,4,5,603353,2257,105768,2188,0.020906665678609805,0.4922384701912261
9256,0.9266,9,6,9,603359,2251,105777,2179,0.02085108748008448,0.4918735891647856
9257,0.9267,2,6,2,603365,2245,105779,2177,0.020795509281559155,0.492311171415649
9258,0.9268,11,7,11,603372,2238,105790,2166,0.020730668049946274,0.49182561307901906
9259,0.9269,2,5,2,603377,2233,105792,2164,0.020684352884508504,0.4921537411871731
9260,0.927,5,7,5,603384,2226,105797,2159,0.020619511652895623,0.49236031927023943
9261,0.9271,5,4,5,603388,2222,105802,2154,0.020582459520545406,0.4922303473491773
9262,0.9272,4,2,4,603390,2220,105806,2150,0.020563933454370298,0.4919908466819222
9263,0.9273,6,4,6,603394,2216,105812,2144,0.02052688132202008,0.4917431192660551
9264,0.9274,2,4,2,603398,2212,105814,2142,0.020489829189669864,0.4919614147909968
9265,0.9275,2,7,2,603405,2205,105816,2140,0.020424987958056987,0.49252013808975836
9266,0.9276,7,4,7,603409,2201,105823,2133,0.02038793582570677,0.4921550530687587
9267,0.9277,4,8,4,603417,2193,105827,2129,0.020313831561006336,0.492596020360944
9268,0.9278,2,6,2,603423,2187,105829,2127,0.02025825336248101,0.49304589707927676
9269,0.9279,0,1,0,603424,2186,105829,2127,0.020248990329393455,0.4931602133086019
9270,0.928,6,7,6,603431,2179,105835,2121,0.020184149097780577,0.4932558139534884
9271,0.9281,3,7,3,603438,2172,105838,2118,0.0201193078661677,0.4937062937062937
9272,0.9282,5,3,5,603441,2169,105843,2113,0.020091518766905035,0.49346099953292855
9273,0.9283,6,15,6,603456,2154,105849,2107,0.019952573270591724,0.49448486270828446
9274,0.9284,0,2,0,603458,2152,105849,2107,0.019934047204416615,0.4947170697346795
9275,0.9285,1,4,1,603462,2148,105850,2106,0.0198969950720664,0.49506346967559944
9276,0.9286,3,5,3,603467,2143,105853,2103,0.019850679906628626,0.4952896844088554
9277,0.9287,8,6,8,603473,2137,105861,2095,0.0197951017081033,0.4950378071833648
9278,0.9288,2,4,2,603477,2133,105863,2093,0.019758049575753084,0.49526739233317557
9279,0.9289,5,4,5,603481,2129,105868,2088,0.019720997443402867,0.49513872421152477
9280,0.929,3,11,3,603492,2118,105871,2085,0.019619104079439773,0.49607423269093504
9281,0.9291,12,18,12,603510,2100,105883,2073,0.019452369483863797,0.49676491732566497
9282,0.9292,7,12,7,603522,2088,105890,2066,0.019341213086813146,0.4973519499277805
9283,0.9293,3,3,3,603525,2085,105893,2063,0.019313423987550482,0.49734811957569913
9284,0.9295,12,16,12,603541,2069,105905,2051,0.019165215458149615,0.49781553398058254
9285,0.9296,4,6,4,603547,2063,105909,2047,0.019109637259624293,0.49805352798053526
9286,0.9297,0,1,0,603548,2062,105909,2047,0.019100374226536737,0.4981747383791677
9287,0.9298,6,7,6,603555,2055,105915,2041,0.01903553299492386,0.498291015625
9288,0.9299,2,3,2,603558,2052,105917,2039,0.019007743895661195,0.49841114641896844
9289,0.93,13,31,13,603589,2021,105930,2026,0.018720589869947016,0.5006177415369409
9290,0.9301,1,3,1,603592,2018,105931,2025,0.018692800770684352,0.5008656937917388
9291,0.9302,4,4,4,603596,2014,105935,2021,0.018655748638334135,0.5008674101610905
9292,0.9303,9,5,9,603601,2009,105944,2012,0.018609433472896366,0.5003730415319573
9293,0.9304,5,1,5,603602,2008,105949,2007,0.01860017043980881,0.4998754669987547
9294,0.9305,4,4,4,603606,2004,105953,2003,0.018563118307458593,0.49987521836785626
9295,0.9306,4,1,4,603607,2003,105957,1999,0.01855385527437104,0.4995002498750625
9296,0.9307,3,2,3,603609,2001,105960,1996,0.018535329208195932,0.49937453089817363
9297,0.9308,9,13,9,603622,1988,105969,1987,0.018414909778057726,0.499874213836478
9298,0.9309,1,4,1,603626,1984,105970,1986,0.01837785764570751,0.5002518891687657
9299,0.931,2,8,2,603634,1976,105972,1984,0.018303753381007076,0.501010101010101
9300,0.9311,4,19,4,603653,1957,105976,1980,0.018127755752343547,0.5029210058420117
9301,0.9312,2,3,2,603656,1954,105978,1978,0.018099966653080883,0.5030518819938963
9302,0.9313,7,8,7,603664,1946,105985,1971,0.018025862388380453,0.5031912177687006
9303,0.9314,3,6,3,603670,1940,105988,1968,0.017970284189855128,0.503582395087001
9304,0.9315,3,4,3,603674,1936,105991,1965,0.01793323205750491,0.503716995642143
9305,0.9316,1,7,1,603681,1929,105992,1964,0.01786839082589203,0.5044952478808117
9306,0.9317,10,7,10,603688,1922,106002,1954,0.017803549594279152,0.5041279669762642
9307,0.9318,7,7,7,603695,1915,106009,1947,0.01773870836266627,0.5041429311237701
9308,0.9319,4,2,4,603697,1913,106013,1943,0.017720182296491162,0.5038900414937759
9309,0.932,7,8,7,603705,1905,106020,1936,0.01764607803179073,0.5040354074459776
9310,0.9321,3,1,3,603706,1904,106023,1933,0.017636814998703176,0.5037789940057337
9311,0.9322,5,11,5,603717,1893,106028,1928,0.01753492163474008,0.5045799528919132
9312,0.9323,3,7,3,603724,1886,106031,1925,0.0174700804031272,0.5051167672526896
9313,0.9324,7,6,7,603730,1880,106038,1918,0.017414502204601875,0.5050026329647183
9314,0.9325,4,8,4,603738,1872,106042,1914,0.017340397939901442,0.5055467511885895
9315,0.9326,9,5,9,603743,1867,106051,1905,0.01729408277446367,0.5050371155885471
9316,0.9327,4,10,4,603753,1857,106055,1901,0.017201452443588127,0.5058541777541246
9317,0.9328,6,7,6,603760,1850,106061,1895,0.01713661121197525,0.5060080106809078
9318,0.9329,10,6,10,603766,1844,106071,1885,0.017081033013449924,0.5054974524001072
9319,0.933,1,2,1,603768,1842,106072,1884,0.017062506947274816,0.5056360708534622
9320,0.9331,3,10,3,603778,1832,106075,1881,0.016969876616399274,0.5065984379208187
9321,0.9332,2,2,2,603780,1830,106077,1879,0.016951350550224165,0.5066055540576975
9322,0.9333,14,7,14,603787,1823,106091,1865,0.016886509318611288,0.5056941431670282
9323,0.9334,2,6,2,603793,1817,106093,1863,0.016830931120085962,0.50625
9324,0.9335,2,4,2,603797,1813,106095,1861,0.016793878987735746,0.5065323897659227
9325,0.9336,12,7,12,603804,1806,106107,1849,0.016729037756122864,0.5058823529411764
9326,0.9337,7,5,7,603809,1801,106114,1842,0.016682722590685095,0.5056272303046939
9327,0.9338,4,3,4,603812,1798,106118,1838,0.01665493349142243,0.5055005500550055
9328,0.9339,2,3,2,603815,1795,106120,1836,0.01662714439215977,0.5056458275957036
9329,0.934,2,4,2,603819,1791,106122,1834,0.016590092259809553,0.5059310344827587
9330,0.9341,2,4,2,603823,1787,106124,1832,0.016553040127459336,0.5062171870682509
9331,0.9342,5,5,5,603828,1782,106129,1827,0.016506724962021564,0.5062344139650873
9332,0.9343,2,9,2,603837,1773,106131,1825,0.016423357664233577,0.5072262367982212
9333,0.9344,4,2,4,603839,1771,106135,1821,0.01640483159805847,0.5069599109131403
9334,0.9345,2,1,2,603840,1770,106137,1819,0.016395568564970913,0.5068264140429088
9335,0.9346,7,8,7,603848,1762,106144,1812,0.01632146430027048,0.5069949636261891
9336,0.9347,1,0,1,603848,1762,106145,1811,0.01632146430027048,0.5068569829275119
9337,0.9348,0,3,0,603851,1759,106145,1811,0.01629367520100782,0.5072829131652661
9338,0.9349,1,0,1,603851,1759,106146,1810,0.01629367520100782,0.5071448585037825
9339,0.935,10,13,10,603864,1746,106156,1800,0.016173255770869612,0.5076142131979695
9340,0.9351,6,6,6,603870,1740,106162,1794,0.016117677572344287,0.5076400679117148
9341,0.9352,6,4,6,603874,1736,106168,1788,0.01608062543999407,0.5073779795686719
9342,0.9353,7,4,7,603878,1732,106175,1781,0.016043573307643853,0.5069740962140621
9343,0.9354,7,5,7,603883,1727,106182,1774,0.015997258142206084,0.5067123678948872
9344,0.9355,2,0,2,603883,1727,106184,1772,0.015997258142206084,0.5064304086881967
9345,0.9356,2,7,2,603890,1720,106186,1770,0.015932416910593206,0.5071633237822349
9346,0.9357,1,4,1,603894,1716,106187,1769,0.01589536477824299,0.5076040172166427
9347,0.9358,7,8,7,603902,1708,106194,1762,0.015821260513542556,0.5077809798270894
9348,0.9359,3,6,3,603908,1702,106197,1759,0.01576568231501723,0.5082346142733314
9349,0.936,2,2,2,603910,1700,106199,1757,0.015747156248842122,0.5082441423199305
9350,0.9361,4,5,4,603915,1695,106203,1753,0.01570084108340435,0.5084106728538283
9351,0.9362,0,2,0,603917,1693,106203,1753,0.01568231501722924,0.5087057457922228
9352,0.9363,1,0,1,603917,1693,106204,1752,0.01568231501722924,0.5085631349782294
9353,0.9364,7,7,7,603924,1686,106211,1745,0.015617473785616362,0.5085980763625765
9354,0.9365,4,4,4,603928,1682,106215,1741,0.015580421653266145,0.5086181711948583
9355,0.9366,4,8,4,603936,1674,106219,1737,0.015506317388565711,0.5092348284960422
9356,0.9367,10,7,10,603943,1667,106229,1727,0.015441476156952832,0.5088391278727166
9357,0.9368,6,3,6,603946,1664,106235,1721,0.015413687057690171,0.5084194977843427
9358,0.9369,0,2,0,603948,1662,106235,1721,0.015395160991515063,0.50872007094295
9359,0.937,7,4,7,603952,1658,106242,1714,0.015358108859164846,0.5083036773428232
9360,0.9371,0,5,0,603957,1653,106242,1714,0.015311793693727075,0.509058509058509
9361,0.9372,10,9,10,603966,1644,106252,1704,0.015228426395939087,0.5089605734767025
9362,0.9373,3,2,3,603968,1642,106255,1701,0.015209900329763978,0.5088244092132815
9363,0.9374,1,1,1,603969,1641,106256,1700,0.015200637296676424,0.5088296917090691
9364,0.9375,2,3,2,603972,1638,106258,1698,0.015172848197413762,0.5089928057553957
9365,0.9376,3,5,3,603977,1633,106261,1695,0.01512653303197599,0.5093149038461539
9366,0.9377,6,1,6,603978,1632,106267,1689,0.015117269998888436,0.5085817524841915
9367,0.9378,5,3,5,603981,1629,106272,1684,0.015089480899625774,0.5083006338665862
9368,0.9379,3,4,3,603985,1625,106275,1681,0.015052428767275557,0.5084694494857834
9369,0.938,4,4,4,603989,1621,106279,1677,0.01501537663492534,0.5084899939357186
9370,0.9381,4,1,4,603990,1620,106283,1673,0.015006113601837786,0.5080473732159125
9371,0.9382,1,5,1,603995,1615,106284,1672,0.014959798436400015,0.5086705202312138
9372,0.9383,4,4,4,603999,1611,106288,1668,0.014922746304049798,0.5086916742909423
9373,0.9384,6,7,6,604006,1604,106294,1662,0.014857905072436919,0.5088793631353338
9374,0.9385,6,3,6,604009,1601,106300,1656,0.014830115973174256,0.5084433527786306
9375,0.9386,3,6,3,604015,1595,106303,1653,0.01477453777464893,0.5089285714285714
9376,0.9387,5,10,5,604025,1585,106308,1648,0.014681907443773389,0.5097432725023199
9377,0.9388,1,3,1,604028,1582,106309,1647,0.014654118344510726,0.5100650356147414
9378,0.9389,1,2,1,604030,1580,106310,1646,0.014635592278335618,0.5102293862368258
9379,0.939,5,4,5,604034,1576,106315,1641,0.014598540145985401,0.5101025800435188
9380,0.9391,1,9,1,604043,1567,106316,1640,0.014515172848197413,0.5113813532896788
9381,0.9392,4,3,4,604046,1564,106320,1636,0.01448738374893475,0.51125
9382,0.9393,4,1,4,604047,1563,106324,1632,0.014478120715847196,0.5107981220657277
9383,0.9394,3,10,3,604057,1553,106327,1629,0.014385490384971654,0.5119421747328724
9384,0.9395,0,6,0,604063,1547,106327,1629,0.01432991218644633,0.5129093198992444
9385,0.9396,2,5,2,604068,1542,106329,1627,0.01428359702100856,0.5134111707163143
9386,0.9397,3,2,3,604070,1540,106332,1624,0.014265070954833451,0.5132743362831859
9387,0.9398,1,0,1,604070,1540,106333,1623,0.014265070954833451,0.5131204552639899
9388,0.9399,4,5,4,604075,1535,106337,1619,0.01421875578939568,0.5133164235890932
9389,0.94,14,6,14,604081,1529,106351,1605,0.014163177590870355,0.5121250797702617
9390,0.9401,2,1,2,604082,1528,106353,1603,0.014153914557782801,0.5119770041520281
9391,0.9402,4,3,4,604085,1525,106357,1599,0.014126125458520138,0.5118437900128041
9392,0.9403,3,2,3,604087,1523,106360,1596,0.01410759939234503,0.5117024687399807
9393,0.9404,3,5,3,604092,1518,106363,1593,0.014061284226907259,0.5120540019286403
9394,0.9405,12,7,12,604099,1511,106375,1581,0.01399644299529438,0.5113195342820182
9395,0.9406,4,2,4,604101,1509,106379,1577,0.013977916929119271,0.5110174983797796
9396,0.9407,4,4,4,604105,1505,106383,1573,0.013940864796769054,0.5110461338531515
9397,0.9408,6,2,6,604107,1503,106389,1567,0.013922338730593946,0.5104234527687297
9398,0.9409,3,4,3,604111,1499,106392,1564,0.013885286598243729,0.5106105125693764
9399,0.941,7,6,7,604117,1493,106399,1557,0.013829708399718404,0.5104918032786885
9400,0.9411,2,4,2,604121,1489,106401,1555,0.013792656267368187,0.5108409986859396
9401,0.9412,3,4,3,604125,1485,106404,1552,0.01375560413501797,0.5110306223246625
9402,0.9413,0,1,0,604126,1484,106404,1552,0.013746341101930416,0.5111989459815547
9403,0.9414,8,9,8,604135,1475,106412,1544,0.013662973804142428,0.5114276250414045
9404,0.9415,3,4,3,604139,1471,106415,1541,0.013625921671792211,0.5116201859229748
9405,0.9416,6,6,6,604145,1465,106421,1535,0.013570343473266886,0.5116666666666667
9406,0.9417,9,5,9,604150,1460,106430,1526,0.013524028307829115,0.5110515740120563
9407,0.9418,6,5,6,604155,1455,106436,1520,0.013477713142391344,0.5109243697478991
9408,0.9419,4,4,4,604159,1451,106440,1516,0.013440661010041127,0.5109538254128749
9409,0.942,3,2,3,604161,1449,106443,1513,0.013422134943866019,0.5108035111411209
9410,0.9421,8,5,8,604166,1444,106451,1505,0.013375819778428248,0.510342488979315
9411,0.9422,5,7,5,604173,1437,106456,1500,0.013310978546815368,0.5107252298263534
9412,0.9423,2,4,2,604177,1433,106458,1498,0.013273926414465153,0.5110883657454793
9413,0.9424,7,5,7,604182,1428,106465,1491,0.013227611249027382,0.5107913669064749
9414,0.9425,12,9,12,604191,1419,106477,1479,0.013144243951239394,0.510351966873706
9415,0.9426,3,5,3,604196,1414,106480,1476,0.013097928785801623,0.510726643598616
9416,0.9427,3,9,3,604205,1405,106483,1473,0.013014561488013636,0.5118137595552467
9417,0.9428,3,6,3,604211,1399,106486,1470,0.01295898328948831,0.512373649355176
9418,0.9429,4,7,4,604218,1392,106490,1466,0.012894142057875431,0.5129461161651504
9419,0.943,8,6,8,604224,1386,106498,1458,0.012838563859350106,0.5126582278481012
9420,0.9431,7,3,7,604227,1383,106505,1451,0.012810774760087443,0.5119971771347918
9421,0.9432,3,9,3,604236,1374,106508,1448,0.012727407462299455,0.513111268603827
9422,0.9433,9,8,9,604244,1366,106517,1439,0.012653303197599022,0.5130124777183601
9423,0.9434,4,1,4,604245,1365,106521,1435,0.012644040164511467,0.5125
9424,0.9435,1,3,1,604248,1362,106522,1434,0.012616251065248805,0.5128755364806867
9425,0.9436,7,5,7,604253,1357,106529,1427,0.012569935899811034,0.5125718390804598
9426,0.9437,4,3,4,604256,1354,106533,1423,0.012542146800548371,0.5124234785740007
9427,0.9438,1,1,1,604257,1353,106534,1422,0.012532883767460817,0.5124324324324324
9428,0.9439,6,6,6,604263,1347,106540,1416,0.012477305568935492,0.512486427795874
9429,0.944,1,1,1,604264,1346,106541,1415,0.012468042535847938,0.5124954726548352
9430,0.9441,4,4,4,604268,1342,106545,1411,0.01243099040349772,0.5125317835088994
9431,0.9442,4,13,4,604281,1329,106549,1407,0.012310570973359516,0.5142543859649122
9432,0.9443,3,5,3,604286,1324,106552,1404,0.012264255807921745,0.5146627565982405
9433,0.9444,1,5,1,604291,1319,106553,1403,0.012217940642483976,0.5154298310066128
9434,0.9445,8,11,8,604302,1308,106561,1395,0.01211604727852088,0.516093229744728
9435,0.9446,0,1,0,604303,1307,106561,1395,0.012106784245433325,0.5162842339008142
9436,0.9447,9,8,9,604311,1299,106570,1386,0.012032679980732892,0.5162011173184358
9437,0.9448,1,3,1,604314,1296,106571,1385,0.012004890881470229,0.5165982842223051
9438,0.9449,2,1,2,604315,1295,106573,1383,0.011995627848382675,0.5164301717699776
9439,0.945,5,9,5,604324,1286,106578,1378,0.011912260550594687,0.5172672672672672
9440,0.9452,9,6,9,604330,1280,106587,1369,0.011856682352069362,0.51679879199698
9441,0.9453,3,5,3,604335,1275,106590,1366,0.01181036718663159,0.5172283226050738
9442,0.9454,2,6,2,604341,1269,106592,1364,0.011754788988106266,0.5180402582605393
9443,0.9455,5,9,5,604350,1260,106597,1359,0.011671421690318278,0.5189003436426117
9444,0.9456,1,1,1,604351,1259,106598,1358,0.011662158657230724,0.518914787925105
9445,0.9457,4,1,4,604352,1258,106602,1354,0.01165289562414317,0.5183767228177641
9446,0.9458,4,7,4,604359,1251,106606,1350,0.01158805439253029,0.5190311418685121
9447,0.9459,2,3,2,604362,1248,106608,1348,0.011560265293267627,0.5192604006163328
9448,0.946,2,3,2,604365,1245,106610,1346,0.011532476194004965,0.5194905441914319
9449,0.9461,2,3,2,604368,1242,106612,1344,0.011504687094742302,0.5197215777262181
9450,0.9462,3,1,3,604369,1241,106615,1341,0.011495424061654748,0.5193648334624322
9451,0.9463,2,5,2,604374,1236,106617,1339,0.011449108896216977,0.52
9452,0.9464,0,1,0,604375,1235,106617,1339,0.011439845863129423,0.5202020202020202
9453,0.9465,6,4,6,604379,1231,106623,1333,0.011402793730779206,0.5198907956318253
9454,0.9466,3,1,3,604380,1230,106626,1330,0.011393530697691652,0.51953125
9455,0.9467,8,6,8,604386,1224,106634,1322,0.011337952499166326,0.5192458758837392
9456,0.9468,2,5,2,604391,1219,106636,1320,0.011291637333728555,0.5198897203623474
9457,0.9469,7,8,7,604399,1211,106643,1313,0.011217533069028122,0.5202060221870047
9458,0.947,3,7,3,604406,1204,106646,1310,0.011152691837415244,0.5210819411296739
9459,0.9471,1,3,1,604409,1201,106647,1309,0.011124902738152581,0.5215139442231076
9460,0.9472,1,3,1,604412,1198,106648,1308,0.011097113638889919,0.5219473264166001
9461,0.9473,0,1,0,604413,1197,106648,1308,0.011087850605802365,0.5221556886227545
9462,0.9474,0,2,0,604415,1195,106648,1308,0.011069324539627256,0.522572912504994
9463,0.9475,6,9,6,604424,1186,106654,1302,0.010985957241839268,0.5233118971061094
9464,0.9476,1,2,1,604426,1184,106655,1301,0.01096743117566416,0.5235412474849095
9465,0.9477,0,1,0,604427,1183,106655,1301,0.010958168142576606,0.5237520128824477
9466,0.9478,2,5,2,604432,1178,106657,1299,0.010911852977138835,0.5244247073072265
9467,0.9479,4,3,4,604435,1175,106661,1295,0.010884063877876172,0.5242914979757085
9468,0.948,11,13,11,604448,1162,106672,1284,0.010763644447737968,0.5249386753883892
9469,0.9481,4,2,4,604450,1160,106676,1280,0.010745118381562859,0.5245901639344263
9470,0.9482,1,1,1,604451,1159,106677,1279,0.010735855348475305,0.5246103363412633
9471,0.9483,4,4,4,604455,1155,106681,1275,0.010698803216125088,0.5246913580246914
9472,0.9484,3,5,3,604460,1150,106684,1272,0.010652488050687317,0.5251857968620974
9473,0.9485,5,3,5,604463,1147,106689,1267,0.010624698951424654,0.5248550124275062
9474,0.9486,4,6,4,604469,1141,106693,1263,0.01056912075289933,0.5253743760399334
9475,0.9487,5,6,5,604475,1135,106698,1258,0.010513542554374004,0.5256999582114501
9476,0.9488,10,6,10,604481,1129,106708,1248,0.010457964355848679,0.5250315523769458
9477,0.9489,2,4,2,604485,1125,106710,1246,0.010420912223498462,0.5255166596372839
9478,0.949,9,3,9,604488,1122,106719,1237,0.0103931231242358,0.5243747350572276
9479,0.9491,3,1,3,604489,1121,106722,1234,0.010383860091148245,0.5239915074309979
9480,0.9492,1,2,1,604491,1119,106723,1233,0.010365334024973137,0.5242346938775511
9481,0.9493,1,4,1,604495,1115,106724,1232,0.01032828189262292,0.5249254367277375
9482,0.9494,5,3,5,604498,1112,106729,1227,0.010300492793360257,0.5245831551945276
9483,0.9495,4,3,4,604501,1109,106733,1223,0.010272703694097595,0.524442538593482
9484,0.9496,3,3,3,604504,1106,106736,1220,0.010244914594834932,0.524505588993981
9485,0.9497,4,7,4,604511,1099,106740,1216,0.010180073363222053,0.5252699784017278
9486,0.9498,1,2,1,604513,1097,106741,1215,0.010161547297046944,0.5255190311418685
9487,0.9499,1,4,1,604517,1093,106742,1214,0.010124495164696727,0.5262245340268747
9488,0.95,7,9,7,604526,1084,106749,1207,0.010041127866908741,0.5268441728502837
9489,0.9501,5,3,5,604529,1081,106754,1202,0.010013338767646079,0.5265002190100745
9490,0.9502,0,3,0,604532,1078,106754,1202,0.009985549668383416,0.5271929824561403
9491,0.9503,2,2,2,604534,1076,106756,1200,0.009967023602208308,0.5272407732864675
9492,0.9504,1,4,1,604538,1072,106757,1199,0.009929971469858091,0.5279612505504183
9493,0.9506,1,6,1,604544,1066,106758,1198,0.009874393271332766,0.5291519434628975
9494,0.9507,6,3,6,604547,1063,106764,1192,0.009846604172070103,0.5286031042128603
9495,0.9508,8,8,8,604555,1055,106772,1184,0.00977249990736967,0.5288075033497097
9496,0.9509,4,2,4,604557,1053,106776,1180,0.009753973841194561,0.528437080161218
9497,0.951,0,4,0,604561,1049,106776,1180,0.009716921708844344,0.5293853746074473
9498,0.9511,0,3,0,604564,1046,106776,1180,0.009689132609581682,0.5300988319856245
9499,0.9512,4,1,4,604565,1045,106780,1176,0.009679869576494127,0.5294912201710941
9500,0.9513,4,3,4,604568,1042,106784,1172,0.009652080477231465,0.5293586269196026
9501,0.9514,2,6,2,604574,1036,106786,1170,0.00959650227870614,0.5303717135086129
9502,0.9515,3,5,3,604579,1031,106789,1167,0.009550187113268369,0.5309372156505915
9503,0.9516,5,4,5,604583,1027,106794,1162,0.009513134980918152,0.5308359981726816
9504,0.9517,1,6,1,604589,1021,106795,1161,0.009457556782392827,0.5320806599450045
9505,0.9518,3,5,3,604594,1016,106798,1158,0.009411241616955055,0.5326586936522539
9506,0.9519,4,4,4,604598,1012,106802,1154,0.009374189484604839,0.5327793167128347
9507,0.952,2,5,2,604603,1007,106804,1152,0.009327874319167068,0.5335803612783696
9508,0.9521,3,3,3,604606,1004,106807,1149,0.009300085219904405,0.5336739433348816
9509,0.9522,6,0,6,604606,1004,106813,1143,0.009300085219904405,0.5323707498835585
9510,0.9523,5,1,5,604607,1003,106818,1138,0.00929082218681685,0.5315273236805231
9511,0.9524,2,6,2,604613,997,106820,1136,0.009235243988291526,0.5325832161275199
9512,0.9526,2,3,2,604616,994,106822,1134,0.009207454889028863,0.5328947368421053
9513,0.9527,3,1,3,604617,993,106825,1131,0.009198191855941309,0.5324858757062146
9514,0.9528,1,4,1,604621,989,106826,1130,0.009161139723591092,0.5332704105710241
9515,0.9529,2,6,2,604627,983,106828,1128,0.009105561525065767,0.5343439128375178
9516,0.953,2,4,2,604631,979,106830,1126,0.00906850939271555,0.534916864608076
9517,0.9531,1,3,1,604634,976,106831,1125,0.009040720293452889,0.5354593050928129
9518,0.9532,4,5,4,604639,971,106835,1121,0.008994405128015118,0.5358508604206501
9519,0.9533,2,9,2,604648,962,106837,1119,0.00891103783022713,0.5377222489187891
9520,0.9534,2,1,2,604649,961,106839,1117,0.008901774797139576,0.5375360923965351
9521,0.9535,2,5,2,604654,956,106841,1115,0.008855459631701805,0.5383872525350072
9522,0.9536,6,3,6,604657,953,106847,1109,0.008827670532439142,0.537827352085354
9523,0.9537,1,4,1,604661,949,106848,1108,0.008790618400088926,0.5386485172581429
9524,0.9538,4,5,4,604666,944,106852,1104,0.008744303234651155,0.5390625
9525,0.9539,4,2,4,604668,942,106856,1100,0.008725777168476046,0.5386875612144956
9526,0.954,2,5,2,604673,937,106858,1098,0.008679462003038275,0.5395577395577396
9527,0.9541,4,1,4,604674,936,106862,1094,0.008670198969950721,0.5389162561576355
9528,0.9542,3,2,3,604676,934,106865,1091,0.008651672903775613,0.5387654320987655
9529,0.9543,3,5,3,604681,929,106868,1088,0.008605357738337841,0.5394149727317799
9530,0.9544,6,3,6,604684,926,106874,1082,0.008577568639075179,0.5388446215139442
9531,0.9545,5,2,5,604686,924,106879,1077,0.00855904257290007,0.5382308845577212
9532,0.9546,4,1,4,604687,923,106883,1073,0.008549779539812516,0.5375751503006012
9533,0.9547,7,4,7,604691,919,106890,1066,0.0085127274074623,0.5370277078085642
9534,0.9548,4,0,4,604691,919,106894,1062,0.0085127274074623,0.5360928823826351
9535,0.9549,2,3,2,604694,916,106896,1060,0.008484938308199637,0.5364372469635628
9536,0.955,6,14,6,604708,902,106902,1054,0.008355255844973878,0.5388548057259713
9537,0.9551,8,1,8,604709,901,106910,1046,0.008345992811886324,0.5372367745249101
9538,0.9552,2,3,2,604712,898,106912,1044,0.008318203712623661,0.537590113285273
9539,0.9553,4,5,4,604717,893,106916,1040,0.00827188854718589,0.5380237972064149
9540,0.9554,1,2,1,604719,891,106917,1039,0.008253362481010782,0.5383419689119171
9541,0.9556,3,3,3,604722,888,106920,1036,0.00822557338174812,0.5384615384615384
9542,0.9557,3,1,3,604723,887,106923,1033,0.008216310348660565,0.5380208333333333
9543,0.9558,1,3,1,604726,884,106924,1032,0.008188521249397902,0.5386221294363257
9544,0.9559,5,3,5,604729,881,106929,1027,0.00816073215013524,0.5382599580712788
9545,0.956,6,3,6,604732,878,106935,1021,0.008132943050872577,0.5376513954713007
9546,0.9561,6,1,6,604733,877,106941,1015,0.008123680017785023,0.5364693446088795
9547,0.9562,3,1,3,604734,876,106944,1012,0.008114416984697469,0.5360169491525424
9548,0.9563,1,2,1,604736,874,106945,1011,0.00809589091852236,0.5363395225464191
9549,0.9564,0,8,0,604744,866,106945,1011,0.008021786653821927,0.5386254661694193
9550,0.9565,2,3,2,604747,863,106947,1009,0.007993997554559264,0.5389957264957265
9551,0.9566,2,6,2,604753,857,106949,1007,0.00793841935603394,0.5402360515021459
9552,0.9567,6,2,6,604755,855,106955,1001,0.007919893289858832,0.5393318965517241
9553,0.9568,3,1,3,604756,854,106958,998,0.007910630256771278,0.5388768898488121
9554,0.9569,3,3,3,604759,851,106961,995,0.007882841157508615,0.5390032502708559
9555,0.957,2,2,2,604761,849,106963,993,0.007864315091333507,0.5390879478827362
9556,0.9571,3,2,3,604763,847,106966,990,0.007845789025158399,0.5389221556886228
9557,0.9572,0,1,0,604764,846,106966,990,0.007836525992070844,0.5392156862745098
9558,0.9573,3,0,3,604764,846,106969,987,0.007836525992070844,0.5384615384615384
9559,0.9575,6,6,6,604770,840,106975,981,0.007780947793545518,0.5387149917627677
9560,0.9576,6,9,6,604779,831,106981,975,0.007697580495757531,0.5398671096345515
9561,0.9577,3,5,3,604784,826,106984,972,0.00765126533031976,0.5406006674082313
9562,0.9578,3,2,3,604786,824,106987,969,0.007632739264144652,0.5404350250976018
9563,0.9579,2,2,2,604788,822,106989,967,0.007614213197969543,0.5405254332029067
9564,0.958,3,4,3,604792,818,106992,964,0.007577161065619327,0.5409652076318743
9565,0.9581,3,5,3,604797,813,106995,961,0.007530845900181556,0.5417136414881624
9566,0.9582,2,2,2,604799,811,106997,959,0.007512319834006447,0.5418079096045197
9567,0.9583,2,2,2,604801,809,106999,957,0.007493793767831339,0.5419026047565119
9568,0.9584,4,3,4,604804,806,107003,953,0.007466004668568676,0.541785105173394
9569,0.9585,2,2,2,604806,804,107005,951,0.007447478602393568,0.5418803418803418
9570,0.9586,5,2,5,604808,802,107010,946,0.007428952536218459,0.5411899313501144
9571,0.9587,3,4,3,604812,798,107013,943,0.0073919004038682425,0.5416427340608846
9572,0.9588,2,6,2,604818,792,107015,941,0.007336322205342917,0.5429890363531449
9573,0.9589,0,4,0,604822,788,107015,941,0.0072992700729927005,0.5442452284557547
9574,0.959,9,2,9,604824,786,107024,932,0.007280744006817592,0.5424912689173458
9575,0.9591,5,2,5,604826,784,107029,927,0.007262217940642484,0.5417884278199883
9576,0.9592,4,4,4,604830,780,107033,923,0.007225165808292267,0.5419847328244275
9577,0.9593,2,0,2,604830,780,107035,921,0.007225165808292267,0.5414462081128748
9578,0.9594,2,3,2,604833,777,107037,919,0.007197376709029604,0.5418632075471698
9579,0.9595,2,2,2,604835,775,107039,917,0.007178850642854497,0.5419621749408984
9580,0.9596,1,2,1,604837,773,107040,916,0.007160324576679388,0.5423327412670219
9581,0.9597,3,5,3,604842,768,107043,913,0.007114009411241617,0.5431290898274836
9582,0.9598,1,5,1,604847,763,107044,912,0.007067694245803846,0.5444776119402985
9583,0.9599,3,2,3,604849,761,107047,909,0.007049168179628738,0.5443113772455089
9584,0.96,20,5,20,604854,756,107067,889,0.007002853014190967,0.5404255319148936
9585,0.9601,5,4,5,604858,752,107072,884,0.00696580088184075,0.5403422982885085
9586,0.9602,3,2,3,604860,750,107075,881,0.006947274815665642,0.5401594114040466
9587,0.9604,1,0,1,604860,750,107076,880,0.006947274815665642,0.5398773006134969
9588,0.9605,3,0,3,604860,750,107079,877,0.006947274815665642,0.5390288875230486
9589,0.9606,4,5,4,604865,745,107083,873,0.006900959650227871,0.5395550061804697
9590,0.9607,2,4,2,604869,741,107085,871,0.006863907517877654,0.5403225806451613
9591,0.9608,3,1,3,604870,740,107088,868,0.0068546444847901,0.5398009950248757
9592,0.9609,4,7,4,604877,733,107092,864,0.00678980325317722,0.5410144020037571
9593,0.961,0,2,0,604879,731,107092,864,0.006771277187002112,0.541692789968652
9594,0.9611,1,2,1,604881,729,107093,863,0.006752751120827003,0.5420854271356784
9595,0.9612,2,0,2,604881,729,107095,861,0.006752751120827003,0.5415094339622641
9596,0.9613,4,1,4,604882,728,107099,857,0.006743488087739449,0.5406940063091482
9597,0.9614,6,3,6,604885,725,107105,851,0.0067156989884767865,0.5399746192893401
9598,0.9615,2,4,2,604889,721,107107,849,0.00667864685612657,0.5407643312101911
9599,0.9616,2,0,2,604889,721,107109,847,0.00667864685612657,0.5401785714285714
9600,0.9617,7,2,7,604891,719,107116,840,0.006660120789951461,0.5388069275176395
9601,0.9618,1,2,1,604893,717,107117,839,0.006641594723776354,0.5392030848329049
9602,0.9619,6,4,6,604897,713,107123,833,0.006604542591426137,0.5388098318240621
9603,0.962,4,3,4,604900,710,107127,829,0.006576753492163474,0.5386614684860299
9604,0.9621,8,4,8,604904,706,107135,821,0.0065397013598132575,0.5376555337262606
9605,0.9622,3,4,3,604908,702,107138,818,0.006502649227463041,0.5381578947368421
9606,0.9623,3,0,3,604908,702,107141,815,0.006502649227463041,0.5372445616348055
9607,0.9624,1,2,1,604910,700,107142,814,0.006484123161287932,0.5376486129458389
9608,0.9625,3,1,3,604911,699,107145,811,0.006474860128200378,0.5370860927152318
9609,0.9626,1,0,1,604911,699,107146,810,0.006474860128200378,0.536779324055666
9610,0.9627,2,8,2,604919,691,107148,808,0.0064007558634999445,0.5390260173448966
9611,0.9629,2,2,2,604921,689,107150,806,0.006382229797324836,0.5391304347826087
9612,0.963,1,5,1,604926,684,107151,805,0.006335914631887065,0.5406312961719275
9613,0.9631,3,0,3,604926,684,107154,802,0.006335914631887065,0.5397039030955586
9614,0.9632,3,0,3,604926,684,107157,799,0.006335914631887065,0.5387727579231288
9615,0.9633,5,4,5,604930,680,107162,794,0.006298862499536848,0.5386702849389416
9616,0.9634,3,2,3,604932,678,107165,791,0.00628033643336174,0.5384615384615384
9617,0.9635,1,0,1,604932,678,107166,790,0.00628033643336174,0.5381471389645777
9618,0.9636,4,7,4,604939,671,107170,786,0.00621549520174886,0.5394646533973919
9619,0.9637,5,8,5,604947,663,107175,781,0.006141390937048427,0.5408587257617729
9620,0.9638,5,0,5,604947,663,107180,776,0.006141390937048427,0.5392633773453788
9621,0.9639,1,6,1,604953,657,107181,775,0.006085812738523102,0.5412011173184358
9622,0.964,8,6,8,604959,651,107189,767,0.006030234539997777,0.5409026798307476
9623,0.9641,3,1,3,604960,650,107192,764,0.006020971506910223,0.5403111739745403
9624,0.9643,0,6,0,604966,644,107192,764,0.005965393308384898,0.5426136363636364
9625,0.9644,1,4,1,604970,640,107193,763,0.005928341176034681,0.5438346400570206
9626,0.9645,9,3,9,604973,637,107202,754,0.005900552076772018,0.5420560747663551
9627,0.9646,6,4,6,604977,633,107208,748,0.0058634999444218015,0.5416364952932657
9628,0.9647,4,4,4,604981,629,107212,744,0.005826447812071585,0.5418790968681719
9629,0.9648,1,2,1,604983,627,107213,743,0.005807921745896476,0.5423357664233577
9630,0.9649,1,0,1,604983,627,107214,742,0.005807921745896476,0.5420014609203798
9631,0.965,7,5,7,604988,622,107221,735,0.005761606580458705,0.5416359616801769
9632,0.9651,1,1,1,604989,621,107222,734,0.005752343547371151,0.5416974169741697
9633,0.9652,4,4,4,604993,617,107226,730,0.005715291415020934,0.5419450631031922
9634,0.9654,2,0,2,604993,617,107228,728,0.005715291415020934,0.5412639405204461
9635,0.9655,2,2,2,604995,615,107230,726,0.005696765348845826,0.5413870246085011
9636,0.9656,3,5,3,605000,610,107233,723,0.005650450183408055,0.5423855963990998
9637,0.9657,8,1,8,605001,609,107241,715,0.005641187150320501,0.5400302114803626
9638,0.9658,9,3,9,605004,606,107250,706,0.005613398051057838,0.538109756097561
9639,0.9659,2,5,2,605009,601,107252,704,0.005567082885620068,0.539463601532567
9640,0.966,2,4,2,605013,597,107254,702,0.005530030753269851,0.5404157043879908
9641,0.9661,1,2,1,605015,595,107255,701,0.005511504687094743,0.5408950617283951
9642,0.9662,4,3,4,605018,592,107259,697,0.00548371558783208,0.5407292474786657
9643,0.9663,1,3,1,605021,589,107260,696,0.005455926488569417,0.5416342412451361
9644,0.9664,6,1,6,605022,588,107266,690,0.005446663455481863,0.539906103286385
9645,0.9665,2,2,2,605024,586,107268,688,0.005428137389306755,0.5400313971742543
9646,0.9666,1,2,1,605026,584,107269,687,0.005409611323131646,0.5405192761605035
9647,0.9667,6,9,6,605035,575,107275,681,0.0053262440253436585,0.5421974522292994
9648,0.9668,3,2,3,605037,573,107278,678,0.00530771795916855,0.5419664268585132
9649,0.9669,1,3,1,605040,570,107279,677,0.0052799288599058875,0.5429029671210907
9650,0.9671,4,3,4,605043,567,107283,673,0.005252139760643225,0.542741935483871
9651,0.9672,6,3,6,605046,564,107289,667,0.005224350661380562,0.5418359057676686
9652,0.9673,1,2,1,605048,562,107290,666,0.005205824595205454,0.5423452768729642
9653,0.9674,4,4,4,605052,558,107294,662,0.005168772462855237,0.5426229508196722
9654,0.9675,3,2,3,605054,556,107297,659,0.005150246396680129,0.5423868312757202
9655,0.9676,1,2,1,605056,554,107298,658,0.00513172033050502,0.5429042904290429
9656,0.9677,4,1,4,605057,553,107302,654,0.005122457297417466,0.5418392709196355
9657,0.9679,0,1,0,605058,552,107302,654,0.005113194264329912,0.5422885572139303
9658,0.968,4,4,4,605062,548,107306,650,0.005076142131979695,0.5425709515859767
9659,0.9683,5,2,5,605064,546,107311,645,0.005057616065804587,0.5415617128463476
9660,0.9684,5,4,5,605068,542,107316,640,0.005020563933454371,0.5414551607445008
9661,0.9685,2,0,2,605068,542,107318,638,0.005020563933454371,0.5406779661016949
9662,0.9686,0,1,0,605069,541,107318,638,0.0050113009003668165,0.5411365564037319
9663,0.9687,0,5,0,605074,536,107318,638,0.0049649857349290455,0.5434412265758092
9664,0.9688,1,2,1,605076,534,107319,637,0.004946459668753937,0.5439795046968403
9665,0.9689,0,1,0,605077,533,107319,637,0.004937196635666383,0.5444444444444444
9666,0.969,8,6,8,605083,527,107327,629,0.004881618437141058,0.5441176470588235
9667,0.9691,5,6,5,605089,521,107332,624,0.004826040238615732,0.5449781659388646
9668,0.9692,4,3,4,605092,518,107336,620,0.00479825113935307,0.5448154657293497
9669,0.9693,1,5,1,605097,513,107337,619,0.004751935973915299,0.5468197879858657
9670,0.9694,1,3,1,605100,510,107338,618,0.004724146874652636,0.5478723404255319
9671,0.9695,2,0,2,605100,510,107340,616,0.004724146874652636,0.5470692717584369
9672,0.9696,1,3,1,605103,507,107341,615,0.0046963577753899735,0.5481283422459893
9673,0.9698,0,1,0,605104,506,107341,615,0.004687094742302419,0.5486173059768065
9674,0.9699,3,1,3,605105,505,107344,612,0.004677831709214865,0.5478961504028648
9675,0.97,21,21,21,605126,484,107365,591,0.004483308014376228,0.5497674418604651
9676,0.9701,1,1,1,605127,483,107366,590,0.0044740449812886735,0.5498602050326188
9677,0.9702,0,1,0,605128,482,107366,590,0.004464781948201119,0.5503731343283582
9678,0.9703,2,1,2,605129,481,107368,588,0.004455518915113565,0.5500467726847521
9679,0.9704,2,7,2,605136,474,107370,586,0.004390677683500686,0.5528301886792453
9680,0.9705,1,2,1,605138,472,107371,585,0.004372151617325577,0.5534531693472091
9681,0.9706,1,1,1,605139,471,107372,584,0.004362888584238023,0.5535545023696683
9682,0.9707,1,2,1,605141,469,107373,583,0.004344362518062915,0.5541825095057035
9683,0.9708,1,2,1,605143,467,107374,582,0.004325836451887806,0.5548141086749285
9684,0.9709,7,2,7,605145,465,107381,575,0.004307310385712698,0.5528846153846154
9685,0.971,2,2,2,605147,463,107383,573,0.0042887843195375894,0.553088803088803
9686,0.9711,0,4,0,605151,459,107383,573,0.004251732187187373,0.5552325581395349
9687,0.9712,4,1,4,605152,458,107387,569,0.004242469154099818,0.5540408958130477
9688,0.9713,2,3,2,605155,455,107389,567,0.004214680054837156,0.5547945205479452
9689,0.9714,1,2,1,605157,453,107390,566,0.004196153988662047,0.5554465161923454
9690,0.9715,2,3,2,605160,450,107392,564,0.004168364889399385,0.5562130177514792
9691,0.9716,1,3,1,605163,447,107393,563,0.004140575790136722,0.5574257425742575
9692,0.9717,5,10,5,605173,437,107398,558,0.00404794545926118,0.5608040201005026
9693,0.9718,1,1,1,605174,436,107399,557,0.004038682426173626,0.5609264853977844
9694,0.9719,0,1,0,605175,435,107399,557,0.004029419393086072,0.561491935483871
9695,0.972,1,2,1,605177,433,107400,556,0.004010893326910963,0.5621840242669363
9696,0.9721,3,3,3,605180,430,107403,553,0.003983104227648302,0.5625635808748728
9697,0.9722,1,1,1,605181,429,107404,552,0.003973841194560747,0.5626911314984709
9698,0.9723,0,3,0,605184,426,107404,552,0.003946052095298085,0.5644171779141104
9699,0.9724,1,0,1,605184,426,107405,551,0.003946052095298085,0.563971340839304
9700,0.9725,5,5,5,605189,421,107410,546,0.0038997369298603133,0.5646328852119958
9701,0.9726,6,4,6,605193,417,107416,540,0.0038626847975100965,0.5642633228840125
9702,0.9727,0,1,0,605194,416,107416,540,0.0038534217644225427,0.5648535564853556
9703,0.9728,4,2,4,605196,414,107420,536,0.0038348956982474343,0.5642105263157895
9704,0.9729,1,0,1,605196,414,107421,535,0.0038348956982474343,0.5637513171759747
9705,0.973,2,2,2,605198,412,107423,533,0.003816369632072326,0.564021164021164
9706,0.9732,4,5,4,605203,407,107427,529,0.003770054466634555,0.5651709401709402
9707,0.9733,3,3,3,605206,404,107430,526,0.0037422653673718923,0.5655913978494623
9708,0.9735,2,3,2,605209,401,107432,524,0.0037144762681092297,0.5664864864864865
9709,0.9736,0,1,0,605210,400,107432,524,0.0037052132350216755,0.5670995670995671
9710,0.9738,1,1,1,605211,399,107433,523,0.0036959502019341213,0.5672451193058569
9711,0.9739,1,0,1,605211,399,107434,522,0.0036959502019341213,0.5667752442996743
9712,0.974,0,1,0,605212,398,107434,522,0.003686687168846567,0.5673913043478261
9713,0.9741,2,2,2,605214,396,107436,520,0.0036681611026714587,0.5676855895196506
9714,0.9742,5,2,5,605216,394,107441,515,0.0036496350364963502,0.5665566556655666
9715,0.9744,0,1,0,605217,393,107441,515,0.003640372003408796,0.5671806167400881
9716,0.9745,4,1,4,605218,392,107445,511,0.003631108970321242,0.5658914728682171
9717,0.9747,1,1,1,605219,391,107446,510,0.0036218459372336876,0.5660377358490566
9718,0.975,13,4,13,605223,387,107459,497,0.0035847938048834713,0.5622171945701357
9719,0.9751,1,0,1,605223,387,107460,496,0.0035847938048834713,0.5617214043035108
9720,0.9752,1,3,1,605226,384,107461,495,0.0035570047056208086,0.5631399317406144
9721,0.9753,1,2,1,605228,382,107462,494,0.0035384786394457002,0.5639269406392694
9722,0.9755,4,2,4,605230,380,107466,490,0.003519952573270592,0.5632183908045977
9723,0.9756,1,1,1,605231,379,107467,489,0.0035106895401830376,0.5633640552995391
9724,0.9757,1,1,1,605232,378,107468,488,0.0035014265070954834,0.5635103926096998
9725,0.9758,3,2,3,605234,376,107471,485,0.003482900440920375,0.5632984901277585
9726,0.9759,5,7,5,605241,369,107476,480,0.0034180592093074956,0.5653710247349824
9727,0.976,2,6,2,605247,363,107478,478,0.0033624810107821704,0.5683709869203329
9728,0.9761,0,1,0,605248,362,107478,478,0.003353217977694616,0.569047619047619
9729,0.9762,3,0,3,605248,362,107481,475,0.003353217977694616,0.5675029868578255
9730,0.9763,0,1,0,605249,361,107481,475,0.003343954944607062,0.5681818181818182
9731,0.9764,0,2,0,605251,359,107481,475,0.0033254288784319535,0.5695443645083933
9732,0.9766,0,2,0,605253,357,107481,475,0.0033069028122568456,0.5709134615384616
9733,0.9767,5,7,5,605260,350,107486,470,0.003242061580643966,0.573170731707317
9734,0.9768,2,1,2,605261,349,107488,468,0.003232798547556412,0.572827417380661
9735,0.977,0,1,0,605262,348,107488,468,0.0032235355144688577,0.5735294117647058
9736,0.9771,2,7,2,605269,341,107490,466,0.0031586942828559783,0.5774473358116481
9737,0.9772,6,4,6,605273,337,107496,460,0.0031216421505057615,0.5771643663739021
9738,0.9773,1,1,1,605274,336,107497,459,0.0031123791174182073,0.5773584905660377
9739,0.9774,4,1,4,605275,335,107501,455,0.003103116084330653,0.5759493670886076
9740,0.9775,4,6,4,605281,329,107505,451,0.0030475378858053283,0.5782051282051283
9741,0.9776,4,0,4,605281,329,107509,447,0.0030475378858053283,0.5760309278350515
9742,0.9777,4,1,4,605282,328,107513,443,0.003038274852717774,0.5745784695201037
9743,0.9778,0,4,0,605286,324,107513,443,0.0030012227203675573,0.5775749674054759
9744,0.9779,1,0,1,605286,324,107514,442,0.0030012227203675573,0.577023498694517
9745,0.978,1,7,1,605293,317,107515,441,0.002936381488754678,0.5817941952506597
9746,0.9781,0,2,0,605295,315,107515,441,0.0029178554225795694,0.5833333333333334
9747,0.9782,1,0,1,605295,315,107516,440,0.0029178554225795694,0.5827814569536424
9748,0.9783,2,1,2,605296,314,107518,438,0.0029085923894920152,0.5824468085106383
9749,0.9784,1,0,1,605296,314,107519,437,0.0029085923894920152,0.5818908122503329
9750,0.9785,0,1,0,605297,313,107519,437,0.002899329356404461,0.5826666666666667
9751,0.9786,0,1,0,605298,312,107519,437,0.002890066323316907,0.5834445927903872
9752,0.9787,0,2,0,605300,310,107519,437,0.0028715402571417984,0.5850066934404283
9753,0.9789,1,1,1,605301,309,107520,436,0.0028622772240542442,0.5852348993288591
9754,0.979,1,1,1,605302,308,107521,435,0.00285301419096669,0.585464333781965
9755,0.9792,1,2,1,605304,306,107522,434,0.0028344881247915816,0.5864864864864865
9756,0.9793,4,0,4,605304,306,107526,430,0.0028344881247915816,0.5842391304347826
9757,0.9794,3,0,3,605304,306,107529,427,0.0028344881247915816,0.582537517053206
9758,0.9795,2,2,2,605306,304,107531,425,0.002815962058616473,0.5829903978052127
9759,0.9796,4,1,4,605307,303,107535,421,0.002806699025528919,0.5814917127071824
9760,0.9797,1,0,1,605307,303,107536,420,0.002806699025528919,0.5809128630705395
9761,0.9798,4,6,4,605313,297,107540,416,0.002751120827003594,0.5834502103786816
9762,0.9799,1,0,1,605313,297,107541,415,0.002751120827003594,0.5828651685393258
9763,0.98,41,12,41,605325,285,107582,374,0.0026399644299529438,0.56752655538695
9764,0.9801,0,2,0,605327,283,107582,374,0.0026214383637778354,0.5692541856925418
9765,0.9802,0,1,0,605328,282,107582,374,0.002612175330690281,0.5701219512195121
9766,0.9803,3,2,3,605330,280,107585,371,0.0025936492645151727,0.5698924731182796
9767,0.9804,1,0,1,605330,280,107586,370,0.0025936492645151727,0.5692307692307692
9768,0.9805,5,4,5,605334,276,107591,365,0.002556597132164956,0.5694227769110765
9769,0.9807,0,2,0,605336,274,107591,365,0.0025380710659898475,0.5712050078247262
9770,0.9808,2,2,2,605338,272,107593,363,0.0025195449998147395,0.5716535433070866
9771,0.9809,1,1,1,605339,271,107594,362,0.0025102819667271853,0.5718799368088467
9772,0.981,1,2,1,605341,269,107595,361,0.002491755900552077,0.573015873015873
9773,0.9811,1,2,1,605343,267,107596,360,0.0024732298343769685,0.5741626794258373
9774,0.9812,2,2,2,605345,265,107598,358,0.00245470376820186,0.5746388443017657
9775,0.9814,1,0,1,605345,265,107599,357,0.00245470376820186,0.5739549839228296
9776,0.9815,1,0,1,605345,265,107600,356,0.00245470376820186,0.573268921095008
9777,0.9816,4,4,4,605349,261,107604,352,0.0024176516358516433,0.5742251223491027
9778,0.9817,0,1,0,605350,260,107604,352,0.002408388602764089,0.5751633986928104
9779,0.9819,4,2,4,605352,258,107608,348,0.0023898625365889807,0.5742574257425742
9780,0.982,4,1,4,605353,257,107612,344,0.0023805995035014265,0.5723793677204659
9781,0.9821,2,0,2,605353,257,107614,342,0.0023805995035014265,0.5709515859766278
9782,0.9823,0,2,0,605355,255,107614,342,0.002362073437326318,0.5728643216080402
9783,0.9825,4,5,4,605360,250,107618,338,0.002315758271888547,0.5748299319727891
9784,0.9826,0,1,0,605361,249,107618,338,0.002306495238800993,0.575809199318569
9785,0.9829,3,0,3,605361,249,107621,335,0.002306495238800993,0.5736301369863014
9786,0.9832,1,0,1,605361,249,107622,334,0.002306495238800993,0.5728987993138936
9787,0.9833,6,7,6,605368,242,107628,328,0.002241654007188114,0.5754385964912281
9788,0.9834,1,0,1,605368,242,107629,327,0.002241654007188114,0.5746924428822495
9789,0.9835,2,0,2,605368,242,107631,325,0.002241654007188114,0.5731922398589065
9790,0.9836,0,1,0,605369,241,107631,325,0.0022323909741005597,0.5742049469964664
9791,0.9837,2,2,2,605371,239,107633,323,0.0022138649079254513,0.5747330960854092
9792,0.9838,5,5,5,605376,234,107638,318,0.0021675497424876802,0.5760869565217391
9793,0.984,0,4,0,605380,230,107638,318,0.0021304976101374634,0.5802919708029197
9794,0.9842,2,5,2,605385,225,107640,316,0.0020841824446996924,0.5841035120147874
9795,0.9843,1,5,1,605390,220,107641,315,0.0020378672792619214,0.5887850467289719
9796,0.9844,3,2,3,605392,218,107644,312,0.002019341213086813,0.5886792452830188
9797,0.9845,1,0,1,605392,218,107645,311,0.002019341213086813,0.5879017013232514
9798,0.9846,0,1,0,605393,217,107645,311,0.0020100781799992588,0.5890151515151515
9799,0.9847,0,4,0,605397,213,107645,311,0.0019730260476490424,0.5935114503816794
9800,0.9848,0,1,0,605398,212,107645,311,0.001963763014561488,0.5946462715105163
9801,0.9849,1,3,1,605401,209,107646,310,0.0019359739152988254,0.5973025048169557
9802,0.985,4,5,4,605406,204,107650,306,0.0018896587498610545,0.6
9803,0.9852,1,1,1,605407,203,107651,305,0.0018803957167735003,0.6003937007874016
9804,0.9854,0,1,0,605408,202,107651,305,0.0018711326836859461,0.6015779092702169
9805,0.9857,2,5,2,605413,197,107653,303,0.0018248175182481751,0.606
9806,0.9858,3,2,3,605415,195,107656,300,0.0018062914520730667,0.6060606060606061
9807,0.986,4,1,4,605416,194,107660,296,0.0017970284189855125,0.6040816326530613
9808,0.9862,1,2,1,605418,192,107661,295,0.0017785023528104043,0.6057494866529775
9809,0.9864,1,0,1,605418,192,107662,294,0.0017785023528104043,0.6049382716049383
9810,0.9866,2,1,2,605419,191,107664,292,0.0017692393197228501,0.6045548654244306
9811,0.9867,14,9,14,605428,182,107678,278,0.0016858720219348623,0.6043478260869565
9812,0.9868,1,1,1,605429,181,107679,277,0.001676608988847308,0.6048034934497817
9813,0.9869,3,5,3,605434,176,107682,274,0.0016302938234095373,0.6088888888888889
9814,0.9871,1,3,1,605437,173,107683,273,0.0016025047241468747,0.6121076233183856
9815,0.9872,2,0,2,605437,173,107685,271,0.0016025047241468747,0.6103603603603603
9816,0.9873,0,1,0,605438,172,107685,271,0.0015932416910593205,0.6117381489841986
9817,0.9875,1,3,1,605441,169,107686,270,0.0015654525917966578,0.6150341685649203
9818,0.9876,1,0,1,605441,169,107687,269,0.0015654525917966578,0.6141552511415526
9819,0.9878,1,0,1,605441,169,107688,268,0.0015654525917966578,0.6132723112128147
9820,0.9879,1,1,1,605442,168,107689,267,0.0015561895587091036,0.6137931034482759
9821,0.988,2,0,2,605442,168,107691,265,0.0015561895587091036,0.6120092378752887
9822,0.9881,2,5,2,605447,163,107693,263,0.0015098743932713328,0.6173708920187794
9823,0.9882,1,0,1,605447,163,107694,262,0.0015098743932713328,0.6164705882352941
9824,0.9883,2,2,2,605449,161,107696,260,0.0014913483270962244,0.6175771971496437
9825,0.9885,1,0,1,605449,161,107697,259,0.0014913483270962244,0.6166666666666667
9826,0.9888,0,1,0,605450,160,107697,259,0.0014820852940086702,0.6181384248210023
9827,0.9889,3,0,3,605450,160,107700,256,0.0014820852940086702,0.6153846153846154
9828,0.989,2,0,2,605450,160,107702,254,0.0014820852940086702,0.6135265700483091
9829,0.9892,1,0,1,605450,160,107703,253,0.0014820852940086702,0.612590799031477
9830,0.9893,0,1,0,605451,159,107703,253,0.001472822260921116,0.6140776699029126
9831,0.9894,0,2,0,605453,157,107703,253,0.0014542961947460076,0.6170731707317073
9832,0.9895,2,1,2,605454,156,107705,251,0.0014450331616584534,0.6167076167076168
9833,0.9898,1,0,1,605454,156,107706,250,0.0014450331616584534,0.6157635467980296
9834,0.99,60,34,60,605488,122,107766,190,0.0011300900366816111,0.6089743589743589
9835,0.9901,1,0,1,605488,122,107767,189,0.0011300900366816111,0.6077170418006431
9836,0.9902,0,1,0,605489,121,107767,189,0.001120827003594057,0.6096774193548387
9837,0.9905,1,1,1,605490,120,107768,188,0.0011115639705065027,0.6103896103896104
9838,0.9907,0,1,0,605491,119,107768,188,0.0011023009374189485,0.6123778501628665
9839,0.991,1,0,1,605491,119,107769,187,0.0011023009374189485,0.6111111111111112
9840,0.9911,1,0,1,605491,119,107770,186,0.0011023009374189485,0.6098360655737705
9841,0.9914,4,0,4,605491,119,107774,182,0.0011023009374189485,0.6046511627906976
9842,0.9917,3,1,3,605492,118,107777,179,0.0010930379043313943,0.6026936026936027
9843,0.9922,1,0,1,605492,118,107778,178,0.0010930379043313943,0.6013513513513513
9844,0.9925,6,2,6,605494,116,107784,172,0.001074511838156286,0.5972222222222222
9845,0.9928,0,2,0,605496,114,107784,172,0.0010559857719811775,0.6013986013986014
9846,0.9929,0,2,0,605498,112,107784,172,0.001037459705806069,0.6056338028169014
9847,0.993,3,2,3,605500,110,107787,169,0.0010189336396309607,0.6057347670250897
9848,0.9931,2,0,2,605500,110,107789,167,0.0010189336396309607,0.6028880866425993
9849,0.9933,5,3,5,605503,107,107794,162,0.0009911445403682983,0.6022304832713755
9850,0.9938,2,2,2,605505,105,107796,160,0.0009726184741931898,0.6037735849056604
9851,0.994,1,0,1,605505,105,107797,159,0.0009726184741931898,0.6022727272727273
9852,0.9943,0,3,0,605508,102,107797,159,0.0009448293749305273,0.6091954022988506
9853,0.995,9,9,9,605517,93,107806,150,0.0008614620771425395,0.6172839506172839
9854,0.9952,1,1,1,605518,92,107807,149,0.0008521990440549853,0.6182572614107884
9855,0.9954,0,1,0,605519,91,107807,149,0.0008429360109674311,0.6208333333333333
9856,0.9956,0,1,0,605520,90,107807,149,0.0008336729778798769,0.6234309623430963
9857,0.996,2,2,2,605522,88,107809,147,0.0008151469117047686,0.625531914893617
9858,0.9966,2,0,2,605522,88,107811,145,0.0008151469117047686,0.6223175965665236
9859,0.9967,10,4,10,605526,84,107821,135,0.0007780947793545518,0.6164383561643836
9860,0.997,2,2,2,605528,82,107823,133,0.0007595687131794435,0.6186046511627907
9861,0.9975,1,3,1,605531,79,107824,132,0.0007317796139167809,0.6255924170616114
9862,0.9978,1,1,1,605532,78,107825,131,0.0007225165808292267,0.6267942583732058
9863,0.998,1,0,1,605532,78,107826,130,0.0007225165808292267,0.625
9864,0.9982,1,0,1,605532,78,107827,129,0.0007225165808292267,0.6231884057971014
9865,0.9983,2,0,2,605532,78,107829,127,0.0007225165808292267,0.6195121951219512
9866,0.9986,3,2,3,605534,76,107832,124,0.0007039905146541183,0.62
9867,0.9988,1,1,1,605535,75,107833,123,0.0006947274815665642,0.6212121212121212
9868,0.9989,1,0,1,605535,75,107834,122,0.0006947274815665642,0.6192893401015228
9869,0.9994,1,2,1,605537,73,107835,121,0.0006762014153914558,0.6237113402061856
9870,1.0,121,73,121,605610,0,107956,0,0.0,
