,min,max,Neg,Pos,$\frac{\text{Pos}}{\text{Neg}+\text{Pos}}$,TN,FP,FN,TP,Prec,Rec,FP/P
0,0.0000,0.1099,"22,526",614,0.0265,"22,526","583,084",614,"107,342",0.1555,0.9943,5.4011
1,0.1100,0.1592,"28,328","1,058",0.0360,"50,854","554,756","1,672","106,284",0.1608,0.9845,5.1387
2,0.1592,0.1900,"23,267","1,000",0.0412,"74,121","531,489","2,672","105,284",0.1653,0.9752,4.9232
3,0.1900,0.2151,"22,137","1,113",0.0479,"96,258","509,352","3,785","104,171",0.1698,0.9649,4.7181
4,0.2151,0.2309,"17,980","1,000",0.0527,"114,238","491,372","4,785","103,171",0.1735,0.9557,4.5516
5,0.2309,0.2488,"16,030","1,000",0.0587,"130,268","475,342","5,785","102,171",0.1769,0.9464,4.4031
6,0.2488,0.2628,"15,746","1,000",0.0597,"146,014","459,596","6,785","101,171",0.1804,0.9372,4.2573
7,0.2628,0.2774,"14,532","1,000",0.0644,"160,546","445,064","7,785","100,171",0.1837,0.9279,4.1226
8,0.2774,0.2892,"14,338","1,004",0.0654,"174,884","430,726","8,789","99,167",0.1871,0.9186,3.9898
9,0.2892,0.3000,"12,615","1,018",0.0747,"187,499","418,111","9,807","98,149",0.1901,0.9092,3.8730
10,0.3000,0.3100,"11,558","1,031",0.0819,"199,057","406,553","10,838","97,118",0.1928,0.8996,3.7659
11,0.3100,0.3200,"11,705","1,004",0.0790,"210,762","394,848","11,842","96,114",0.1958,0.8903,3.6575
12,0.3200,0.3300,"11,775","1,032",0.0806,"222,537","383,073","12,874","95,082",0.1989,0.8807,3.5484
13,0.3300,0.3400,"11,981","1,113",0.0850,"234,518","371,092","13,987","93,969",0.2021,0.8704,3.4374
14,0.3400,0.3500,"11,935","1,111",0.0852,"246,453","359,157","15,098","92,858",0.2054,0.8601,3.3269
15,0.3500,0.3600,"12,052","1,220",0.0919,"258,505","347,105","16,318","91,638",0.2089,0.8488,3.2152
16,0.3600,0.3700,"12,178","1,271",0.0945,"270,683","334,927","17,589","90,367",0.2125,0.8371,3.1024
17,0.3700,0.3800,"11,837","1,279",0.0975,"282,520","323,090","18,868","89,088",0.2161,0.8252,2.9928
18,0.3800,0.3900,"11,857","1,330",0.1009,"294,377","311,233","20,198","87,758",0.2199,0.8129,2.8830
19,0.3900,0.4000,"11,683","1,341",0.1030,"306,060","299,550","21,539","86,417",0.2239,0.8005,2.7747
20,0.4000,0.4094,"11,079","1,335",0.1075,"317,139","288,471","22,874","85,082",0.2278,0.7881,2.6721
21,0.4094,0.4174,"7,973","1,014",0.1128,"325,112","280,498","23,888","84,068",0.2306,0.7787,2.5983
22,0.4174,0.4229,"7,674","1,008",0.1161,"332,786","272,824","24,896","83,060",0.2334,0.7694,2.5272
23,0.4229,0.4300,"7,242","1,000",0.1213,"340,028","265,582","25,896","82,060",0.2360,0.7601,2.4601
24,0.4300,0.4373,"7,392","1,022",0.1215,"347,420","258,190","26,918","81,038",0.2389,0.7507,2.3916
25,0.4373,0.4426,"7,186","1,000",0.1222,"354,606","251,004","27,918","80,038",0.2418,0.7414,2.3251
26,0.4426,0.4500,"7,170","1,000",0.1224,"361,776","243,834","28,918","79,038",0.2448,0.7321,2.2586
27,0.4500,0.4577,"7,555","1,119",0.1290,"369,331","236,279","30,037","77,919",0.2480,0.7218,2.1887
28,0.4577,0.4628,"6,367","1,001",0.1359,"375,698","229,912","31,038","76,918",0.2507,0.7125,2.1297
29,0.4628,0.4700,"6,618","1,000",0.1313,"382,316","223,294","32,038","75,918",0.2537,0.7032,2.0684
30,0.4700,0.4785,"7,960","1,402",0.1498,"390,276","215,334","33,440","74,516",0.2571,0.6902,1.9946
31,0.4785,0.4839,"5,901","1,032",0.1489,"396,177","209,433","34,472","73,484",0.2597,0.6807,1.9400
32,0.4839,0.4900,"5,878","1,002",0.1456,"402,055","203,555","35,474","72,482",0.2626,0.6714,1.8855
33,0.4900,0.4985,"7,542","1,321",0.1490,"409,597","196,013","36,795","71,161",0.2663,0.6592,1.8157
34,0.4985,0.5040,"5,652","1,042",0.1557,"415,249","190,361","37,837","70,119",0.2692,0.6495,1.7633
35,0.5040,0.5100,"5,476","1,000",0.1544,"420,725","184,885","38,837","69,119",0.2721,0.6403,1.7126
36,0.5100,0.5185,"7,045","1,337",0.1595,"427,770","177,840","40,174","67,782",0.2760,0.6279,1.6473
37,0.5185,0.5240,"5,236","1,064",0.1689,"433,006","172,604","41,238","66,718",0.2788,0.6180,1.5988
38,0.5240,0.5300,"4,983","1,001",0.1673,"437,989","167,621","42,239","65,717",0.2816,0.6087,1.5527
39,0.5300,0.5385,"6,516","1,337",0.1703,"444,505","161,105","43,576","64,380",0.2855,0.5964,1.4923
40,0.5385,0.5443,"5,148","1,056",0.1702,"449,653","155,957","44,632","63,324",0.2888,0.5866,1.4446
41,0.5443,0.5500,"4,433","1,002",0.1844,"454,086","151,524","45,634","62,322",0.2914,0.5773,1.4036
42,0.5500,0.5585,"6,169","1,345",0.1790,"460,255","145,355","46,979","60,977",0.2955,0.5648,1.3464
43,0.5585,0.5639,"4,701","1,063",0.1844,"464,956","140,654","48,042","59,914",0.2987,0.5550,1.3029
44,0.5639,0.5700,"4,450","1,000",0.1835,"469,406","136,204","49,042","58,914",0.3019,0.5457,1.2617
45,0.5700,0.5785,"5,695","1,402",0.1975,"475,101","130,509","50,444","57,512",0.3059,0.5327,1.2089
46,0.5785,0.5842,"4,103","1,026",0.2000,"479,204","126,406","51,470","56,486",0.3088,0.5232,1.1709
47,0.5842,0.5900,"3,826","1,000",0.2072,"483,030","122,580","52,470","55,486",0.3116,0.5140,1.1355
48,0.5900,0.5981,"5,075","1,331",0.2078,"488,105","117,505","53,801","54,155",0.3155,0.5016,1.0885
49,0.5981,0.6033,"3,655","1,000",0.2148,"491,760","113,850","54,801","53,155",0.3183,0.4924,1.0546
50,0.6033,0.6100,"3,769","1,000",0.2097,"495,529","110,081","55,801","52,155",0.3215,0.4831,1.0197
51,0.6100,0.6178,"4,576","1,205",0.2084,"500,105","105,505","57,006","50,950",0.3257,0.4720,0.9773
52,0.6178,0.6228,"3,515","1,000",0.2215,"503,620","101,990","58,006","49,950",0.3287,0.4627,0.9447
53,0.6228,0.6300,"3,767","1,000",0.2098,"507,387","98,223","59,006","48,950",0.3326,0.4534,0.9098
54,0.6300,0.6385,"4,399","1,335",0.2328,"511,786","93,824","60,341","47,615",0.3366,0.4411,0.8691
55,0.6385,0.6432,"3,155","1,017",0.2438,"514,941","90,669","61,358","46,598",0.3395,0.4316,0.8399
56,0.6432,0.6500,"3,307","1,000",0.2322,"518,248","87,362","62,358","45,598",0.3429,0.4224,0.8092
57,0.6500,0.6575,"3,644","1,148",0.2396,"521,892","83,718","63,506","44,450",0.3468,0.4117,0.7755
58,0.6575,0.6617,"3,030","1,000",0.2481,"524,922","80,688","64,506","43,450",0.3500,0.4025,0.7474
59,0.6617,0.6700,"3,335","1,000",0.2307,"528,257","77,353","65,506","42,450",0.3543,0.3932,0.7165
60,0.6700,0.6785,"3,717","1,259",0.2530,"531,974","73,636","66,765","41,191",0.3587,0.3816,0.6821
61,0.6785,0.6838,"2,890","1,064",0.2691,"534,864","70,746","67,829","40,127",0.3619,0.3717,0.6553
62,0.6838,0.6900,"2,662","1,000",0.2731,"537,526","68,084","68,829","39,127",0.3650,0.3624,0.6307
63,0.6900,0.6982,"3,475","1,266",0.2670,"541,001","64,609","70,095","37,861",0.3695,0.3507,0.5985
64,0.6982,0.7018,"2,415","1,000",0.2928,"543,416","62,194","71,095","36,861",0.3721,0.3414,0.5761
65,0.7018,0.7100,"2,799","1,000",0.2632,"546,215","59,395","72,095","35,861",0.3765,0.3322,0.5502
66,0.7100,0.7181,"3,281","1,278",0.2803,"549,496","56,114","73,373","34,583",0.3813,0.3203,0.5198
67,0.7181,0.7219,"2,362","1,000",0.2974,"551,858","53,752","74,373","33,583",0.3845,0.3111,0.4979
68,0.7219,0.7300,"2,491","1,000",0.2865,"554,349","51,261","75,373","32,583",0.3886,0.3018,0.4748
69,0.7300,0.7379,"2,856","1,287",0.3106,"557,205","48,405","76,660","31,296",0.3927,0.2899,0.4484
70,0.7379,0.7407,"1,956","1,005",0.3394,"559,161","46,449","77,665","30,291",0.3947,0.2806,0.4303
71,0.7407,0.7500,"2,638","1,000",0.2749,"561,799","43,811","78,665","29,291",0.4007,0.2713,0.4058
72,0.7500,0.7581,"2,780","1,285",0.3161,"564,579","41,031","79,950","28,006",0.4057,0.2594,0.3801
73,0.7581,0.7609,"1,925","1,001",0.3421,"566,504","39,106","80,951","27,005",0.4085,0.2501,0.3622
74,0.7609,0.7700,"2,322","1,000",0.3010,"568,826","36,784","81,951","26,005",0.4142,0.2409,0.3407
75,0.7700,0.7785,"2,745","1,312",0.3234,"571,571","34,039","83,263","24,693",0.4204,0.2287,0.3153
76,0.7785,0.7806,"1,723","1,020",0.3719,"573,294","32,316","84,283","23,673",0.4228,0.2193,0.2993
77,0.7807,0.7900,"2,090","1,000",0.3236,"575,384","30,226","85,283","22,673",0.4286,0.2100,0.2800
78,0.7900,0.8000,"2,995","1,622",0.3513,"578,379","27,231","86,905","21,051",0.4360,0.1950,0.2522
79,0.8000,0.8100,"2,847","1,613",0.3617,"581,226","24,384","88,518","19,438",0.4436,0.1801,0.2259
80,0.8100,0.8200,"2,644","1,677",0.3881,"583,870","21,740","90,195","17,761",0.4496,0.1645,0.2014
81,0.8200,0.8300,"2,597","1,615",0.3834,"586,467","19,143","91,810","16,146",0.4575,0.1496,0.1773
82,0.8300,0.8400,"2,315","1,534",0.3985,"588,782","16,828","93,344","14,612",0.4648,0.1354,0.1559
83,0.8400,0.8500,"2,164","1,387",0.3906,"590,946","14,664","94,731","13,225",0.4742,0.1225,0.1358
84,0.8500,0.8600,"1,944","1,418",0.4218,"592,890","12,720","96,149","11,807",0.4814,0.1094,0.1178
85,0.8600,0.8700,"1,817","1,367",0.4293,"594,707","10,903","97,516","10,440",0.4892,0.0967,0.1010
86,0.8700,0.8800,"1,657","1,348",0.4486,"596,364","9,246","98,864","9,092",0.4958,0.0842,0.0856
87,0.8800,0.8886,"1,363","1,099",0.4464,"597,727","7,883","99,963","7,993",0.5035,0.0740,0.0730
88,0.8886,0.8974,"1,130","1,001",0.4697,"598,857","6,753","100,964","6,992",0.5087,0.0648,0.0626
89,0.8974,0.9063,"1,169","1,027",0.4677,"600,026","5,584","101,991","5,965",0.5165,0.0553,0.0517
90,0.9063,0.9163,"1,099","1,000",0.4764,"601,125","4,485","102,991","4,965",0.5254,0.0460,0.0415
91,0.9164,0.9274,"1,119","1,000",0.4719,"602,244","3,366","103,991","3,965",0.5409,0.0367,0.0312
92,0.9274,0.9399,"1,064","1,000",0.4845,"603,308","2,302","104,991","2,965",0.5629,0.0275,0.0213
93,0.9400,0.9599,"1,220","1,339",0.5233,"604,528","1,082","106,330","1,626",0.6004,0.0151,0.0100
94,0.9600,1.0000,"1,082","1,626",0.6004,"605,610",0,"107,956",0,nan,0.0000,0.0000
