,y_proba,y_test,Neg,Pos,TN,FP,FN,TP,FP/P,Prec
0,0.47231,128,2131,128,2131,603479,128,107828,5.590045944644114,0.1515913663158102
1,0.47249,112,2109,112,4240,601370,240,107716,5.570510207862463,0.15190823115954905
2,0.47257,124,2109,124,6349,599261,364,107592,5.550974471080811,0.15221269486017602
3,0.47262,326,5801,326,12150,593460,690,107266,5.497239616139908,0.15307837871008068
4,0.47264,106,2037,106,14187,591423,796,107160,5.478370817740561,0.15339623208695316
5,0.47285,243,3591,243,17778,587832,1039,106917,5.445107265923154,0.15389298869087972
6,0.47292,242,3693,242,21471,584139,1281,106675,5.410898884730816,0.1544192792850174
7,0.47296,198,3658,198,25129,580481,1479,106477,5.377014709696543,0.15499783101732567
8,0.47305,85,1814,85,26943,578667,1564,106392,5.360211567675719,0.1553034118229233
9,0.47314,206,3789,206,30732,574878,1770,106186,5.325113935306977,0.15591192604512938
10,0.47326,61,1140,61,31872,573738,1831,106125,5.314554077587165,0.15609762555103013
11,0.47331,91,1829,91,33701,571909,1922,106034,5.2976119900700285,0.15640547951671452
12,0.47335,99,1820,99,35521,570089,2021,105935,5.28075326985068,0.15670301646095405
13,0.47341,62,1112,62,36633,568977,2083,105873,5.2704527770573195,0.15688375194487664
14,0.47342,98,1846,98,38479,567131,2181,105775,5.253353217977694,0.15719134619099845
15,0.47354,341,5752,341,44231,561379,2522,105434,5.200072251658083,0.15811629347358255
16,0.47361,234,3822,234,48053,557557,2756,105200,5.164668939197451,0.15873087722951248
17,0.47363,252,3887,252,51940,553670,3008,104948,5.128663529586127,0.15934578162151658
18,0.4738,104,1899,104,53839,551771,3112,104844,5.111073029752863,0.1596734768471631
19,0.47386,232,3904,232,57743,547867,3344,104612,5.07491014857905,0.16033006426260463
20,0.47389,107,1941,107,59684,545926,3451,104505,5.056930601356108,0.1606703862515778
21,0.4739,251,3949,251,63633,541977,3702,104254,5.020350883693356,0.1613262130724153
22,0.474,57,1135,57,64768,540842,3759,104197,5.009837341138983,0.16153596914295104
23,0.47401,191,3119,191,67887,537723,3950,104006,4.980945940938901,0.16207152863591953
24,0.47404,50,1172,50,69059,536551,4000,103956,4.970089666160288,0.1623026758489759
25,0.47426,53,1009,53,70068,535542,4053,103903,4.960743265774945,0.16248934622993377
26,0.47431,110,1991,110,72059,533551,4163,103793,4.942300566897625,0.1628523999598333
27,0.47434,48,1064,48,73123,532487,4211,103745,4.932444699692467,0.1630615875969772
28,0.47448,57,1004,57,74127,531483,4268,103688,4.923144614472563,0.1632442287195102
29,0.47456,122,2032,122,76159,529451,4390,103566,4.9043221312386525,0.16360698053922723
30,0.47475,48,995,48,77154,528456,4438,103518,4.895105413316537,0.1638010424479488
31,0.47481,113,1897,113,79051,526559,4551,103405,4.877533439549446,0.16414430030922403
32,0.47482,142,1882,142,80933,524677,4693,103263,4.860100411278669,0.164447240182183
33,0.47493,195,2807,195,83740,521870,4888,103068,4.834099077401905,0.16492516057592913
34,0.47502,125,1842,125,85582,520028,5013,102943,4.81703657045463,0.1652452521866989
35,0.47504,111,1858,111,87440,518170,5124,102832,4.7998258549779536,0.16559044898406125
36,0.47619,23,406,23,87846,517764,5147,102809,4.796065063544407,0.16566785857586455
37,0.47622,24,417,24,88263,517347,5171,102785,4.792202378746897,0.1657469699999355
38,0.4763,18,439,18,88702,516908,5189,102767,4.78813590722146,0.16584015814741598
39,0.47642,38,407,38,89109,516501,5227,102729,4.784365852754826,0.16589797005959014
40,0.47644,86,1528,86,90637,514973,5313,102643,4.770211938197043,0.16619226185850108
41,0.47667,31,537,31,91174,514436,5344,102612,4.765237689429027,0.16629500460255928
42,0.4767,67,1158,67,92332,513278,5411,102545,4.754511097113639,0.1665170024503794
43,0.47675,81,1072,81,93404,512206,5492,102464,4.744581125643781,0.1666975775619438
44,0.47676,63,1106,63,94510,511100,5555,102401,4.734336211048946,0.16691252336997006
45,0.47678,82,1092,82,95602,510008,5637,102319,4.724220978917336,0.16709862540766615
46,0.47713,37,482,37,96084,509526,5674,102282,4.7197561969691355,0.16717989957633766
47,0.47717,20,255,20,96339,509271,5694,102262,4.717394123531809,0.1672223739356666
48,0.47722,44,491,44,96830,508780,5738,102218,4.71284597428582,0.16729678329552633
49,0.47723,130,1558,130,98388,507222,5868,102088,4.698414168735411,0.16754689731007205
50,0.47724,41,537,41,98925,506685,5909,102047,4.693439919967394,0.16763863243594881
51,0.47736,132,1705,132,100630,504980,6041,101915,4.677646448553114,0.16792855436278104
52,0.47741,90,1298,90,101928,503682,6131,101825,4.6656230316054685,0.16816486019154198
53,0.47762,15,257,15,102185,503425,6146,101810,4.663242432101968,0.1682156517716259
54,0.4777,58,582,58,102767,502843,6204,101752,4.657851346845011,0.16829778612128782
55,0.47771,46,604,46,103371,502239,6250,101706,4.6522564748601285,0.16840275190621662
56,0.47772,96,1272,96,104643,500967,6346,101610,4.640473896772759,0.16862575239347005
57,0.47777,81,1184,81,105827,499783,6427,101529,4.629506465597095,0.1688457905380235
58,0.47782,22,266,22,106093,499517,6449,101507,4.627042498795806,0.16889009423916515
59,0.47783,66,870,66,106963,498647,6515,101441,4.618983660009634,0.16904354028075882
60,0.4781,66,851,66,107814,497796,6581,101375,4.611100818852125,0.16919210041874524
61,0.47816,20,253,20,108067,497543,6601,101355,4.6087572714809735,0.16923582980741295
62,0.47817,17,267,17,108334,497276,6618,101338,4.606284041646597,0.1692877213028763
63,0.47818,55,619,55,108953,496657,6673,101283,4.600550224165401,0.16938656052446735
64,0.47853,15,283,15,109236,496374,6688,101268,4.5979287858016225,0.16944592247532803
65,0.47864,45,616,45,109852,495758,6733,101223,4.592222757419689,0.1695581601424501
66,0.47866,46,634,46,110486,495124,6779,101177,4.58634999444218,0.1696743758605134
67,0.47872,49,632,49,111118,494492,6828,101128,4.580495757530846,0.1697861052348813
68,0.47875,77,891,77,112009,493601,6905,101051,4.572242395049835,0.1699330028319084
69,0.47881,42,649,42,112658,492952,6947,101009,4.566230686576012,0.17005998710353037
70,0.48044,39,459,39,113117,492493,6986,100970,4.561978954388825,0.17013697568340402
71,0.48051,14,243,14,113360,492250,7000,100956,4.55972803734855,0.17018708509354255
72,0.48064,35,423,35,113783,491827,7035,100921,4.555809774352514,0.17025953693643842
73,0.48094,15,249,15,114032,491578,7050,100906,4.553503279113713,0.1703100843229522
74,0.48097,36,431,36,114463,491147,7086,100870,4.549510911852977,0.17038362074062063
75,0.48103,41,383,41,114846,490764,7127,100829,4.5459631701804435,0.17043643180362175
76,0.48107,33,421,33,115267,490343,7160,100796,4.542063433250584,0.1705115040624963
77,0.4811,37,443,37,115710,489900,7197,100759,4.537959909592797,0.1705874286178658
78,0.48115,29,261,29,115971,489639,7226,100730,4.535542257956945,0.17062210244779114
79,0.48121,19,243,19,116214,489396,7245,100711,4.53329134091667,0.1706656589398194
80,0.48137,28,264,28,116478,489132,7273,100683,4.530845900181555,0.17070267795834287
81,0.48146,9,120,9,116598,489012,7282,100674,4.529734336211049,0.17072475860033984
82,0.4815,56,573,56,117171,488439,7338,100618,4.52442661825188,0.17081199272735914
83,0.48152,34,282,34,117453,488157,7372,100584,4.52181444292119,0.1708459237593441
84,0.48156,51,573,51,118026,487584,7423,100533,4.516506724962022,0.1709404761297497
85,0.48169,27,282,27,118308,487302,7450,100506,4.513894549631331,0.17098440307039034
86,0.48181,44,598,44,118906,486704,7494,100462,4.5083552558449735,0.1710964190705865
87,0.48184,28,211,28,119117,486493,7522,100434,4.5064007558635,0.17111838439874125
88,0.48187,7,136,7,119253,486357,7529,100427,4.505140983363592,0.17114815673228992
89,0.48188,23,266,23,119519,486091,7552,100404,4.502677016562303,0.17119327530498982
90,0.48192,27,239,27,119758,485852,7579,100377,4.500463151654378,0.1712248967553635
91,0.48197,53,575,53,120333,485277,7632,100324,4.495136907629034,0.17131801345967648
92,0.48199,26,271,26,120604,485006,7658,100298,4.492626625662307,0.17136052376201086
93,0.48201,54,581,54,121185,484425,7712,100244,4.487244803438438,0.17145427583812378
94,0.48203,15,245,15,121430,484180,7727,100229,4.484975360331987,0.1715048878439586
95,0.48245,26,260,26,121690,483920,7753,100203,4.482566971729223,0.1715443493921657
96,0.48247,18,100,18,121790,483820,7771,100185,4.481640668420468,0.17154818879975342
97,0.4825,24,240,24,122030,483580,7795,100161,4.479417540479455,0.17158465826453856
98,0.48255,10,107,10,122137,483473,7805,100151,4.478426395939087,0.17160192178525902
99,0.48264,7,126,7,122263,483347,7812,100144,4.477259253770055,0.17162903969384274
100,0.48276,9,117,9,122380,483230,7821,100135,4.476175478898811,0.17165068182012977
101,0.4828,10,100,10,122480,483130,7831,100125,4.475249175590055,0.1716659094221224
102,0.48293,125,974,125,123454,482156,7956,100000,4.4662269813627775,0.17177526298792764
103,0.48296,38,299,38,123753,481857,7994,99962,4.463457334469599,0.1718094458929667
104,0.48312,10,107,10,123860,481750,8004,99952,4.462466189929231,0.17182681166645464
105,0.48321,31,312,31,124172,481438,8035,99921,4.459576123605913,0.17187486561659834
106,0.48422,4,42,4,124214,481396,8039,99917,4.459187076216236,0.171881585307743
107,0.48427,5,33,5,124247,481363,8044,99912,4.4588813961243465,0.17188422003354695
108,0.48443,2,29,2,124276,481334,8046,99910,4.458612768164808,0.17188994639084446
109,0.48447,11,161,11,124437,481173,8057,99899,4.457121419837712,0.1719218960817248
110,0.48465,15,173,15,124610,481000,8072,99884,4.455518915113565,0.17195171497235248
111,0.48477,12,34,12,124644,480966,8084,99872,4.455203971988588,0.17194467304136438
112,0.48483,6,34,6,124678,480932,8090,99866,4.454889028863611,0.17194618438768727
113,0.48488,14,198,14,124876,480734,8104,99852,4.453054948312276,0.1719848566792861
114,0.48489,28,335,28,125211,480399,8132,99824,4.449951832227945,0.17204419680019578
115,0.48493,7,34,7,125245,480365,8139,99817,4.449636889102968,0.17204428955052034
116,0.48513,31,217,31,125462,480148,8170,99786,4.447626810922968,0.17206440732910985
117,0.48519,16,41,16,125503,480107,8186,99770,4.447247026566379,0.17205372863555546
118,0.48525,132,1380,132,126883,478727,8318,99638,4.434464040905554,0.17227529328365307
119,0.48531,6,34,6,126917,478693,8324,99632,4.434149097780577,0.1722768339601435
120,0.48534,104,1313,104,128230,477380,8428,99528,4.421986735336619,0.1725197085150492
121,0.48538,1,22,1,128252,477358,8429,99527,4.421782948608692,0.17252485330698492
122,0.48539,28,299,28,128551,477059,8457,99499,4.4190133017155135,0.17257413824801668
123,0.48543,9,39,9,128590,477020,8466,99490,4.418652043425099,0.17257289552653032
124,0.4855,120,1334,120,129924,475686,8586,99370,4.406295157286301,0.17280056203221947
125,0.4856,30,244,30,130168,475442,8616,99340,4.404034977212938,0.17283074278596058
126,0.48562,415,3845,415,134013,471597,9031,98925,4.368418614991293,0.17339383932609084
127,0.48563,3,20,3,134033,471577,9034,98922,4.368233354329542,0.17339557124552366
128,0.48566,1,25,1,134058,471552,9035,98921,4.368001778502353,0.17340172102798906
129,0.48569,5,26,5,134084,471526,9040,98916,4.367760939642077,0.1734023792077021
130,0.4857,8,34,8,134118,471492,9048,98908,4.3674459965171,0.17340112201963534
131,0.4858,307,2624,307,136742,468868,9355,98601,4.343139797695358,0.17375574700996882
132,0.48582,259,2509,259,139251,466359,9614,98342,4.319898847678684,0.17414879732814356
133,0.48583,21,251,21,139502,466108,9635,98321,4.317573826373708,0.17419551440482328
134,0.48584,135,1430,135,140932,464678,9770,98186,4.304327689058505,0.17444000682225191
135,0.48586,11,110,11,141042,464568,9781,98175,4.3033087554188745,0.17445796749137707
136,0.48589,29,240,29,141282,464328,9810,98146,4.301085627477861,0.17448984308608043
137,0.4859,304,2558,304,143840,461770,10114,97842,4.277390788839898,0.1748389955898015
138,0.48598,260,2581,260,146421,459189,10374,97582,4.25348290044092,0.17526415707714663
139,0.48608,16,107,16,146528,459082,10390,97566,4.252491755900552,0.17527414092927668
140,0.48612,283,2530,283,149058,456552,10673,97283,4.22905628218904,0.17565339857538798
141,0.48621,82,702,82,149760,455850,10755,97201,4.222553632961577,0.17575413479046237
142,0.48626,235,2350,235,152110,453500,10990,96966,4.2007855052058245,0.17615256891433803
143,0.48629,10,131,10,152241,453369,11000,96956,4.199572047871355,0.17617953027756325
144,0.48634,5,23,5,152264,453346,11005,96951,4.199358998110341,0.17617940857391554
145,0.48638,505,4399,505,156663,448947,11510,96446,4.1586109155581905,0.17683761984477248
146,0.48642,68,734,68,157397,448213,11578,96378,4.151811849271926,0.17697317803636123
147,0.48643,239,2351,239,159748,445862,11817,96139,4.1300344584830855,0.17737790151678687
148,0.48655,909,9104,909,168852,436758,12726,95230,4.045703805253992,0.17900779716835719
149,0.48656,20,151,20,169003,436607,12746,95210,4.044305087257771,0.17902774826679102
150,0.48659,4,15,4,169018,436592,12750,95206,4.044166141761458,0.17902662289064644
151,0.48663,1,26,1,169044,436566,12751,95205,4.043925302901182,0.1790338322322955
152,0.48674,3,23,3,169067,436543,12754,95202,4.043712253140169,0.17903694440004136
153,0.48675,174,1504,174,170571,435039,12928,95028,4.029780651376487,0.17927545008461193
154,0.48677,64,769,64,171340,434270,12992,94964,4.022657378932157,0.1794366952992438
155,0.48678,17,147,17,171487,434123,13009,94947,4.021295713068287,0.179460184852666
156,0.4868,513,4410,513,175897,429713,13522,94434,3.980445737152173,0.1801670142154777
157,0.48683,458,4440,458,180337,425273,13980,93976,3.9393178702434324,0.1809844602493216
158,0.48684,10,174,10,180511,425099,13990,93966,3.937706102486198,0.18102935085201274
159,0.4869,168,1317,168,181828,423782,14158,93798,3.9255066879098894,0.18122415858418023
160,0.48691,508,4383,508,186211,419399,14666,93290,3.884906813887139,0.18196216419700834
161,0.487,15,146,15,186357,419253,14681,93275,3.8835544110563562,0.18199005712858615
162,0.48702,248,2159,248,188516,417094,14929,93027,3.863555522620327,0.18236261592837777
163,0.48721,119,1202,119,189718,415892,15048,92908,3.852421356849087,0.18260220125786164
164,0.48724,58,765,58,190483,415127,15106,92850,3.845335136537108,0.18278386619866646
165,0.48725,118,1176,118,191659,413951,15224,92732,3.834441809626144,0.18301778429511154
166,0.48733,176,1350,176,193009,412601,15400,92556,3.8219367149579457,0.18322224575725962
167,0.48736,110,1118,110,194127,411483,15510,92446,3.8115806439660602,0.1834504463922497
168,0.48752,198,1611,198,195738,409872,15708,92248,3.7966578976620102,0.18371703975145384
169,0.48763,18,188,18,195926,409684,15726,92230,3.79491644744155,0.18375657981247784
170,0.48776,264,2150,264,198076,407534,15990,91966,3.7750009263033086,0.1841161161161161
171,0.48778,28,176,28,198252,407358,16018,91938,3.773370632479899,0.18413526244952894
172,0.48781,271,2086,271,200338,405272,16289,91667,3.754047945459261,0.18446328422603175
173,0.48784,259,2089,259,202427,403183,16548,91408,3.7346974693393604,0.18481533226443667
174,0.48794,411,3398,411,205825,399785,16959,90997,3.7032216829078513,0.1854122604333492
175,0.48795,169,1323,169,207148,398462,17128,90828,3.6909666901330174,0.18563224263729078
176,0.48811,25,190,25,207338,398272,17153,90803,3.689206713846382,0.18566273066503092
177,0.48823,289,2293,289,209631,395979,17442,90514,3.6679665789766203,0.18605406449835865
178,0.48826,39,223,39,209854,395756,17481,90475,3.6659009225980954,0.18607410880836475
179,0.48855,37,186,37,210040,395570,17518,90438,3.6641779984438103,0.1860833566525654
180,0.4889,13,114,13,210154,395456,17531,90425,3.6631220126718294,0.18610523976035284
181,0.48892,17,118,17,210272,395338,17548,90408,3.6620289747674977,0.18612196497758088
182,0.48895,36,223,36,210495,395115,17584,90372,3.6599633183889733,0.18614710589572944
183,0.48896,44,327,44,210822,394788,17628,90328,3.656934306569343,0.18619876483150422
184,0.48902,15,114,15,210936,394674,17643,90313,3.655878320797362,0.186217362527243
185,0.48903,10,111,10,211047,394563,17653,90303,3.654850124124643,0.18624320946405812
186,0.48905,37,212,37,211259,394351,17690,90266,3.652886361110082,0.18626255372799552
187,0.48917,48,307,48,211566,394044,17738,90218,3.6500426099522025,0.18629997811102256
188,0.48921,23,124,23,211690,393920,17761,90195,3.648893993849346,0.18630903814176383
189,0.48932,40,331,40,212021,393589,17801,90155,3.6458279298973655,0.1863692366210227
190,0.48944,72,552,72,212573,393037,17873,90083,3.640714735633036,0.18646092068223216
191,0.48945,128,1041,128,213614,391996,18001,89955,3.631071918188892,0.18664760525447607
192,0.48953,103,819,103,214433,391177,18104,89852,3.623485494090185,0.1867912329610065
193,0.48963,58,490,58,214923,390687,18162,89794,3.6189466078772834,0.1868835604321503
194,0.48969,22,127,22,215050,390560,18184,89772,3.617770202675164,0.18689573045310326
195,0.48972,100,797,100,215847,389763,18284,89672,3.610387565304383,0.18703682459561777
196,0.4898,104,773,104,216620,388990,18388,89568,3.603227240727704,0.1871622666427058
197,0.4899,28,127,28,216747,388863,18416,89540,3.6020508355255845,0.18716437814980258
198,0.48991,91,801,91,217548,388062,18507,89449,3.5946311460224534,0.18732343338687485
199,0.48994,21,137,21,217685,387925,18528,89428,3.593362110489459,0.18734144333438776
200,0.48997,30,134,30,217819,387791,18558,89398,3.5921208640557265,0.18734296054603103
201,0.49001,153,1250,153,219069,386541,18711,89245,3.5805420726962836,0.18757382520713095
202,0.49012,31,161,31,219230,386380,18742,89214,3.5790507243691874,0.18758436817958174
203,0.49018,82,511,82,219741,385869,18824,89132,3.5743173144614473,0.18764592074543002
204,0.49025,17,170,17,219911,385699,18841,89115,3.572742598836563,0.1876840194265544
205,0.49026,89,560,89,220471,385139,18930,89026,3.5675553003075327,0.18775320827138234
206,0.49034,75,576,75,221047,384563,19005,88951,3.5622197932491013,0.18785294626980406
207,0.49038,226,1743,226,222790,382820,19231,88725,3.5460743265774943,0.18815807611150578
208,0.49039,29,159,29,222949,382661,19260,88696,3.5446015043165735,0.18817159817293475
209,0.49062,153,1226,153,224175,381435,19413,88543,3.533245025751232,0.18839818034035635
210,0.49067,72,415,72,224590,381020,19485,88471,3.529400867019897,0.18844024699089013
211,0.49072,234,1714,234,226304,379306,19719,88237,3.5135240283078293,0.18872488733656584
212,0.49074,147,1228,147,227532,378078,19866,88090,3.5021490236763126,0.18896620960683702
213,0.49085,95,611,95,228143,377467,19961,87995,3.496489310459817,0.18904873007893233
214,0.49087,57,273,57,228416,377194,20018,87938,3.4939605024269147,0.18906030976153007
215,0.49096,70,425,70,228841,376769,20088,87868,3.490023713364704,0.1891110695015679
216,0.49103,21,178,21,229019,376591,20109,87847,3.4883748934751195,0.1891468828993321
217,0.49113,41,273,41,229292,376318,20150,87806,3.4858460854422173,0.1891865105015039
218,0.49118,41,285,41,229577,376033,20191,87765,3.4832061210122642,0.18923108767178815
219,0.49131,88,599,88,230176,375434,20279,87677,3.4776575641928194,0.1893217824668384
220,0.49141,19,141,19,230317,375293,20298,87658,3.476351476527474,0.1893461727051027
221,0.49144,79,580,79,230897,374713,20377,87579,3.470978917336693,0.189445199138207
222,0.49145,24,143,24,231040,374570,20401,87555,3.4696543036051724,0.18946172572355965
223,0.49166,82,617,82,231657,373953,20483,87473,3.4639390121901514,0.18957102547320698
224,0.49167,81,644,81,232301,373309,20564,87392,3.4579736188817667,0.1896935322475966
225,0.49174,46,285,46,232586,373024,20610,87346,3.4553336544518136,0.1897299997827834
226,0.49177,105,906,105,233492,372118,20715,87241,3.44694134647449,0.18991899581808563
227,0.49186,28,138,28,233630,371980,20743,87213,3.445663047908407,0.18992667571152
228,0.49188,50,190,50,233820,371790,20793,87163,3.443903071621772,0.18991705032977232
229,0.49194,15,153,15,233973,371637,20808,87148,3.442485827559376,0.18995389997493378
230,0.49202,126,753,126,234726,370884,20934,87022,3.4355107636444475,0.19004337134695767
231,0.49238,33,192,33,234918,370692,20967,86989,3.4337322612916372,0.1900646957160118
232,0.49271,12,83,12,235001,370609,20979,86977,3.4329634295453704,0.19007793070592194
233,0.49282,9,86,9,235087,370523,20988,86968,3.4321668086998405,0.19009772869848807
234,0.49283,12,92,12,235179,370431,21000,86956,3.431314609655786,0.19011471685902748
235,0.49285,14,92,14,235271,370339,21014,86942,3.4304624106117307,0.19012817064343368
236,0.49286,12,92,12,235363,370247,21026,86930,3.4296102115676756,0.1901451735323518
237,0.49287,72,354,72,235717,369893,21098,86858,3.4263310978546815,0.19016488195975487
238,0.49331,21,114,21,235831,369779,21119,86837,3.4252751120827005,0.19017511431925294
239,0.49342,27,103,27,235934,369676,21146,86810,3.4243210196746823,0.19017012569936428
240,0.49346,36,243,36,236177,369433,21182,86774,3.4220701026344065,0.19020751544803127
241,0.49347,38,213,38,236390,369220,21220,86736,3.4200970765867575,0.1902288817342024
242,0.49365,20,204,20,236594,369016,21240,86716,3.4182074178368964,0.19027849701140143
243,0.49366,50,329,50,236923,368687,21290,86666,3.415159879951091,0.19032706493643392
244,0.49377,25,92,25,237015,368595,21315,86641,3.414307680907036,0.1903210642392078
245,0.4938,24,108,24,237123,368487,21339,86617,3.4133072733335803,0.1903235304457882
246,0.49381,62,327,62,237450,368160,21401,86555,3.41027826151395,0.1903499994502051
247,0.49382,17,95,17,237545,368065,21418,86538,3.4093982733706323,0.19035950048723832
248,0.49393,62,368,62,237913,367697,21480,86476,3.4059894771944124,0.1904032163955145
249,0.49397,39,252,39,238165,367445,21519,86437,3.4036551928563488,0.19043936529758837
250,0.49399,29,254,29,238419,367191,21548,86408,3.4013023824521103,0.1904942471213561
251,0.4941,60,307,60,238726,366884,21608,86348,3.398458631294231,0.1905161153669644
252,0.49428,91,526,91,239252,366358,21699,86257,3.3935862758901774,0.19057477105266066
253,0.49431,55,357,55,239609,366001,21754,86202,3.3902793730779206,0.19062677602758055
254,0.49436,32,226,32,239835,365775,21786,86170,3.3881859276001336,0.19066479328236843
255,0.49439,33,195,33,240030,365580,21819,86137,3.3863796361480603,0.19068797499319265
256,0.49442,12,102,12,240132,365478,21831,86125,3.3854348067731297,0.1907095391306081
257,0.49447,41,225,41,240357,365253,21872,86084,3.38335062432843,0.19073109450366357
258,0.49448,40,240,40,240597,365013,21912,86044,3.381127496387417,0.19076081293495056
259,0.49459,84,553,84,241150,364460,21996,85960,3.37600503909,0.19084410106123173
260,0.49486,15,103,15,241253,364357,22011,85945,3.3750509466819816,0.19086080008527612
261,0.49488,39,207,39,241460,364150,22050,85906,3.373133498832858,0.19087846845725864
262,0.49489,16,94,16,241554,364056,22066,85890,3.372262773722628,0.19088957341547652
263,0.49491,39,226,39,241780,363830,22105,85851,3.3701693282448404,0.1909153377616577
264,0.49494,76,549,76,242329,363281,22181,85775,3.3650839230797733,0.19101181144445237
265,0.49502,134,739,134,243068,362542,22315,85641,3.358238541628071,0.1910848916625575
266,0.49503,82,530,82,243598,362012,22397,85559,3.353329134091667,0.19116296632266166
267,0.49505,17,103,17,243701,361909,22414,85542,3.352375041683649,0.1911762405268957
268,0.49506,30,196,30,243897,361713,22444,85512,3.3505594871984883,0.19120576890826765
269,0.49523,33,211,33,244108,361502,22477,85479,3.3486049872170143,0.19123631653247006
270,0.49542,14,107,14,244215,361395,22491,85465,3.347613842676646,0.1912567694579958
271,0.49543,11,101,11,244316,361294,22502,85454,3.346678276334803,0.1912800952662351
272,0.49546,141,1313,141,245629,359981,22643,85313,3.3345159138908445,0.19158802948164583
273,0.49556,137,1251,137,246880,358730,22780,85176,3.3229278594983143,0.19187846075520493
274,0.49564,160,1267,160,248147,357463,22940,85016,3.311191596576383,0.1921356719753932
275,0.4957,146,1245,146,249392,356218,23086,84870,3.299659120382378,0.1924105847359257
276,0.49571,52,283,52,249675,355935,23138,84818,3.2970376820186003,0.19243884896983118
277,0.49572,36,195,36,249870,355740,23174,84782,3.295231390566527,0.19245803841805859
278,0.49573,483,3502,483,253372,352238,23657,84299,3.2627922486939123,0.19310848794031205
279,0.49576,13,88,13,253460,352150,23670,84286,3.2619771017822075,0.1931233903710968
280,0.49578,18,73,18,253533,352077,23688,84268,3.261300900366816,0.19312241460312368
281,0.49583,16,81,16,253614,351996,23704,84252,3.260550594686724,0.19312867909996148
282,0.49589,60,260,60,253874,351736,23764,84192,3.25814220608396,0.1931328109229047
283,0.4959,13,85,13,253959,351651,23777,84179,3.257354848271518,0.1931464102975931
284,0.49592,323,2222,323,256181,349429,24100,83856,3.2367723887509725,0.19353543279827365
285,0.49596,48,304,48,256485,349125,24148,83808,3.233956426692356,0.1935819168323967
286,0.49598,48,283,48,256768,348842,24196,83760,3.2313349883285785,0.19361907711938456
287,0.49601,328,2201,328,258969,346641,24524,83432,3.2109470525028714,0.19399497294645326
288,0.49604,321,2269,321,261238,344372,24845,83111,3.189929230427211,0.19441942720529237
289,0.49618,294,2250,294,263488,342122,25139,82817,3.169087405980214,0.19489150207441538
290,0.49626,293,2250,293,265738,339872,25432,82524,3.1482455815332173,0.19537116828757847
291,0.49636,335,2234,335,267972,337638,25767,82189,3.127551965615621,0.19576873331157835
292,0.49641,100,660,100,268632,336978,25867,82089,3.1214383637778353,0.19588514485750488
293,0.49643,39,292,39,268924,336686,25906,82050,3.1187335581162694,0.19594684956631386
294,0.49647,298,2333,298,271257,334353,26204,81752,3.0971229019230058,0.19646964107617068
295,0.49649,88,733,88,271990,333620,26292,81664,3.0903330986698285,0.19664615058610493
296,0.4965,280,2353,280,274343,331267,26572,81384,3.0685371818148135,0.19722235012153128
297,0.49663,691,4514,691,278857,326753,27263,80693,3.0267238504575937,0.1980458760179263
298,0.49666,1049,7040,1049,285897,319713,28312,79644,2.9615120975212124,0.19943058466484875
299,0.49674,735,4557,735,290454,315156,29047,78909,2.919300455741228,0.20024361463210383
300,0.49696,189,1209,189,291663,313947,29236,78720,2.9081014487383747,0.20047521182070305
301,0.49697,215,1170,215,292833,312777,29451,78505,2.8972637000259365,0.20063534739650687
302,0.49698,703,4672,703,297505,308105,30154,77802,2.853986809440883,0.20160815947883817
303,0.49701,685,4543,685,302048,303562,30839,77117,2.8119048501241246,0.20257749967820657
304,0.49705,96,724,96,302772,302838,30935,77021,2.8051984141687356,0.2027620775077068
305,0.49713,435,2694,435,305466,300144,31370,76586,2.7802438030308645,0.20329148196320973
306,0.4973,11,40,11,305506,300104,31381,76575,2.779873281707362,0.2032898037851858
307,0.49733,211,1200,211,306706,298904,31592,76364,2.768757642002297,0.20349190445228477
308,0.49739,10,32,10,306738,298872,31602,76354,2.7684612249434957,0.20348803121318884
309,0.49742,149,1225,149,307963,297647,31751,76205,2.7571140094112416,0.20383734739950568
310,0.49743,163,1340,163,309303,296307,31914,76042,2.744701545073919,0.2042223827645569
311,0.49744,5,40,5,309343,296267,31919,76037,2.744331023750417,0.20423363702780523
312,0.49749,20,169,20,309512,296098,31939,76017,2.7427655711586203,0.20428362199857572
313,0.4976,158,1253,158,310765,294845,32097,75859,2.7311589906999147,0.20463496482368682
314,0.49762,12,33,12,310798,294812,32109,75847,2.7308533106080253,0.20462743384080787
315,0.49769,190,1196,190,311994,293616,32299,75657,2.719774723035311,0.20488094174228821
316,0.49776,170,1288,170,313282,292328,32469,75487,2.707843936418541,0.20523089052920626
317,0.4978,13,39,13,313321,292289,32482,75474,2.7074826781281263,0.20522456038263773
318,0.49785,30,159,30,313480,292130,32512,75444,2.706009855867205,0.20524846697535734
319,0.49791,415,2617,415,316097,289513,32927,75029,2.681768498277076,0.20581716235714953
320,0.49792,15,167,15,316264,289346,32942,75014,2.680221571751454,0.2058788011856406
321,0.49797,332,2300,332,318564,287046,33274,74682,2.6589165956500795,0.20645899681528662
322,0.49804,347,2339,347,320903,284707,33621,74335,2.6372503612582903,0.2070370597311735
323,0.49805,529,3603,529,324506,281104,34150,73806,2.6038756530438327,0.2079569468315911
324,0.4981,5,36,5,324542,281068,34155,73801,2.6035421838526807,0.20796688355421297
325,0.49811,22,145,22,324687,280923,34177,73779,2.602199044054985,0.20800277415971716
326,0.49815,14,54,14,324741,280869,34191,73765,2.6016988402682575,0.2080031807440911
327,0.49817,328,2315,328,327056,278554,34519,73437,2.5802549186705694,0.20863317528004977
328,0.49822,13,43,13,327099,278511,34532,73424,2.5798566082478045,0.2086294344126046
329,0.49834,4,21,4,327120,278490,34536,73420,2.579662084552966,0.20863288909096075
330,0.4984,13,48,13,327168,278442,34549,73407,2.5792174589647634,0.2086321120708031
331,0.49842,46,265,46,327433,278177,34595,73361,2.5767627551965617,0.20868583197264592
332,0.49869,5,23,5,327456,278154,34600,73356,2.5765497054355477,0.20868823077579585
333,0.49872,2,22,2,327478,278132,34602,73354,2.5763459187076214,0.20869679019932516
334,0.49873,9,42,9,327520,278090,34611,73345,2.575956871317944,0.20870146684308621
335,0.4988,13,108,13,327628,277982,34624,73332,2.5749564637444884,0.20873634412519854
336,0.49882,41,241,41,327869,277741,34665,73291,2.572724072770388,0.2087872330727683
337,0.49885,17,87,17,327956,277654,34682,73274,2.571918188891771,0.2088006656636119
338,0.49886,103,649,103,328605,277005,34785,73171,2.565906480417948,0.2089549255231655
339,0.49889,23,100,23,328705,276905,34808,73148,2.5649801771091925,0.2089626427998046
340,0.49905,3,15,3,328720,276890,34811,73145,2.5648412316128795,0.2089648178039339
341,0.49932,45,293,45,329013,276597,34856,73100,2.562127162918226,0.20903811013534573
342,0.49934,28,128,28,329141,276469,34884,73072,2.560941494683019,0.20905129870315642
343,0.49935,2,12,2,329153,276457,34886,73070,2.5608303382859683,0.20905395005249952
344,0.49938,40,293,40,329446,276164,34926,73030,2.558116269591315,0.20913875954340566
345,0.49939,55,306,55,329752,275858,34981,72975,2.5552817814665234,0.20919752431679342
346,0.49944,47,307,47,330059,275551,35028,72928,2.5524380303086445,0.20927516435710616
347,0.49951,20,80,20,330139,275471,35048,72908,2.5516969876616398,0.2092778267346769
348,0.49953,3,13,3,330152,275458,35051,72905,2.5515765682315017,0.2092788269707173
349,0.49956,174,989,174,331141,274469,35225,72731,2.5424154285079106,0.2094786866359447
350,0.49961,5,17,5,331158,274452,35230,72726,2.5422579569454222,0.20947755906192211
351,0.49966,5,16,5,331174,274436,35235,72721,2.5421097484160216,0.20947582793952016
352,0.49972,117,684,117,331858,273752,35352,72604,2.5357738337841345,0.2096224693667787
353,0.49978,22,155,22,332013,273597,35374,72582,2.5343380636555635,0.20966609759690796
354,0.4998,73,548,73,332561,273049,35447,72509,2.5292619215235836,0.20983163463152352
355,0.49981,72,296,72,332857,272753,35519,72437,2.526520063729668,0.20984675106463108
356,0.49982,246,1562,246,334419,271191,35765,72191,2.512051206046908,0.21023524820753564
357,0.49987,124,678,124,335097,270513,35889,72067,2.505770869613546,0.2103654620818495
358,0.49989,367,2179,367,337276,268334,36256,71700,2.485586720515766,0.21086126681449502
359,0.49993,103,679,103,337955,267655,36359,71597,2.479297121049316,0.2110437079221346
360,0.49997,246,1521,246,339476,266134,36605,71351,2.4652080477231464,0.21141976680445057
361,0.50015,103,526,103,340002,265608,36708,71248,2.460335692319093,0.2115087752630204
362,0.50022,259,1669,259,341671,263939,36967,70989,2.444875690095965,0.21195301676778291
363,0.50025,1358,7344,1358,349015,256595,38325,69631,2.3768479751009672,0.21344405412198905
364,0.50032,33,142,33,349157,256453,38358,69598,2.3755326244025343,0.2134574039030704
365,0.50033,150,724,150,349881,255729,38508,69448,2.3688261884471453,0.21356984042536833
366,0.50037,1336,7138,1336,357019,248591,39844,68112,2.302706658268183,0.21506585033927686
367,0.50039,109,604,109,357623,247987,39953,68003,2.297111786283301,0.21520617741067755
368,0.50043,240,1440,240,359063,246547,40193,67763,2.2837730186372225,0.2155928860042633
369,0.50049,322,2028,322,361091,244519,40515,67441,2.264987587535663,0.21618476727785613
370,0.50056,30,188,30,361279,244331,40545,67411,2.2632461373152024,0.21623971104310616
371,0.50065,58,176,58,361455,244155,40603,67353,2.261615843491793,0.2162159559305058
372,0.50068,335,2004,335,363459,242151,40938,67018,2.2430527251843344,0.21676817533452578
373,0.5007,379,2061,379,365520,240090,41317,66639,2.2239616139908853,0.21725692712459532
374,0.50074,40,177,40,365697,239913,41357,66599,2.222322057134388,0.21728023698909016
375,0.50075,48,171,48,365868,239742,41405,66551,2.2207380784764164,0.21727888002664117
376,0.50077,203,885,203,366753,238857,41608,66348,2.2125402941939307,0.21738831277338183
377,0.50079,597,3307,597,370060,235550,42205,65751,2.181907443773389,0.218223636828288
378,0.50081,417,2345,417,372405,233205,42622,65334,2.1601856311830745,0.2188457789434546
379,0.50083,674,3934,674,376339,229271,43296,64660,2.1237448590166363,0.21998360159357128
380,0.50084,22,154,22,376493,229117,43318,64638,2.122318351921153,0.22004050994876684
381,0.50088,104,359,104,376852,228758,43422,64534,2.118992923042721,0.22003327741636322
382,0.50091,42,205,42,377057,228553,43464,64492,2.1170940012597725,0.22007541503864594
383,0.50093,243,1423,243,378480,227130,43707,64249,2.103912705176183,0.22049976147903588
384,0.50096,846,4280,846,382760,222850,44553,63403,2.064266923561451,0.22149287518384086
385,0.50104,62,273,62,383033,222577,44615,63341,2.0617381155285486,0.22153554515630355
386,0.50112,92,388,92,383421,222189,44707,63249,2.0581440586905777,0.2215857734429193
387,0.50114,44,191,44,383612,221998,44751,63205,2.0563748193708546,0.22161407839328479
388,0.50117,1051,5673,1051,389285,216325,45802,62154,2.00382563266516,0.2231909766984225
389,0.50123,63,312,63,389597,216013,45865,62091,2.000935566341843,0.22326539711762505
390,0.50125,58,339,58,389936,215674,45923,62033,1.9977953981251622,0.22337571613247056
391,0.50126,716,3766,716,393702,211908,46639,61317,1.962910815517433,0.22441943453197913
392,0.50129,336,1628,336,395330,210280,46975,60981,1.9478305976508947,0.2248056300021013
393,0.50131,705,3694,705,399024,206586,47680,60276,1.9136129534254696,0.22586955055421903
394,0.50132,367,1966,367,400990,204620,48047,59909,1.8954018303753382,0.22647422399812497
395,0.50134,66,338,66,401328,204282,48113,59843,1.892270925191745,0.22657075248461903
396,0.50137,875,4569,875,405897,199713,48988,58968,1.8499481270147098,0.22795644055806186
397,0.50145,59,291,59,406188,199422,49047,58909,1.8472525843862315,0.22803689839779198
398,0.50155,44,316,44,406504,199106,49091,58865,1.8443254659305643,0.22818456338115525
399,0.50158,71,284,71,406788,198822,49162,58794,1.841694764533699,0.22822340227315074
400,0.50164,509,2448,509,409236,196374,49671,58285,1.8190188595353662,0.22887469125379428
401,0.50165,511,2519,511,411755,193855,50182,57774,1.7956852791878173,0.2295999268764729
402,0.50173,127,701,127,412456,193154,50309,57647,1.7891918929934418,0.22985155561580695
403,0.50175,214,986,214,413442,192168,50523,57433,1.7800585423691133,0.2300992383844616
404,0.50178,192,1004,192,414446,191164,50715,57241,1.770758457149209,0.23043417000462954
405,0.5018,121,657,121,415103,190507,50836,57120,1.764672644410686,0.23066951503672864
406,0.50183,146,699,146,415802,189808,50982,56974,1.7581977842824854,0.23086772941300418
407,0.50187,31,94,31,415896,189714,51013,56943,1.7573270591722554,0.23085904717887593
408,0.50188,174,1014,174,416910,188700,51187,56769,1.7479343436214754,0.23126749202546962
409,0.50189,113,716,113,417626,187984,51300,56656,1.7413020119307867,0.2315892740353172
410,0.50192,61,272,61,417898,187712,51361,56595,1.738782466930972,0.23165525343113377
411,0.50199,26,87,26,417985,187625,51387,56569,1.7379765830523546,0.2316559784433688
412,0.50205,22,99,22,418084,187526,51409,56547,1.7370595427766868,0.23168068569649244
413,0.50207,20,104,20,418188,187422,51429,56527,1.7360961873355811,0.23171646532676912
414,0.50208,249,1252,249,419440,186170,51678,56278,1.7244988699099633,0.23212400184781892
415,0.50213,164,1046,164,420486,185124,51842,56114,1.7148097373003817,0.2326084613535181
416,0.50214,21,98,21,420584,185026,51863,56093,1.7139019600578014,0.23263616720374586
417,0.50221,344,1595,344,422179,183431,52207,55749,1.6991274222831525,0.23308386988878668
418,0.50223,389,1855,389,424034,181576,52596,55360,1.6819444959057395,0.23364959313907552
419,0.50232,411,1908,411,425942,179668,53007,54949,1.664270628774686,0.23420723988457784
420,0.50236,373,1864,373,427806,177804,53380,54576,1.647004335099485,0.234856700232378
421,0.50247,32,151,32,427957,177653,53412,54544,1.6456056171032643,0.23490398239426005
422,0.50257,595,2850,595,430807,174803,54007,53949,1.619205972803735,0.23584056095684408
423,0.50269,374,1877,374,432684,172926,54381,53575,1.6018192596983956,0.23653317203897556
424,0.50286,49,160,49,432844,172766,54430,53526,1.600337174404387,0.23653509624732647
425,0.50287,26,135,26,432979,172631,54456,53500,1.5990866649375672,0.2365885261198155
426,0.50297,45,120,45,433099,172511,54501,53455,1.5979751009670606,0.23656213766672862
427,0.503,36,137,36,433236,172374,54537,53419,1.5967060654340657,0.23658395078678257
428,0.50346,31,175,31,433411,172199,54568,53388,1.5950850346437437,0.2366625736412116
429,0.50358,35,166,35,433577,172033,54603,53353,1.5935473711512098,0.23671834097947522
430,0.50368,35,185,35,433762,171848,54638,53318,1.5918337100300122,0.23679418739951857
431,0.50372,76,382,76,434144,171466,54714,53242,1.5882952313905665,0.23693860476707548
432,0.50374,69,367,69,434511,171099,54783,53173,1.584895698247434,0.23709156738246415
433,0.50376,76,377,76,434888,170722,54859,53097,1.581403534773426,0.23723187039527474
434,0.50377,64,357,64,435245,170365,54923,53033,1.5780966319611693,0.2373924565125919
435,0.50385,73,368,73,435613,169997,54996,52960,1.5746878357849494,0.23753459187197531
436,0.50404,229,1087,229,436700,168910,55225,52731,1.564618918818778,0.23791175820358146
437,0.50408,252,1301,252,438001,167609,55477,52479,1.55256771277187,0.23844553087855766
438,0.50412,75,378,75,438379,167231,55552,52404,1.5490662862647746,0.23859585220934731
439,0.50414,69,332,69,438711,166899,55621,52335,1.5459909592797065,0.23871753468896248
440,0.50417,214,894,214,439605,166005,55835,52121,1.537709807699433,0.23894904779806167
441,0.50419,40,137,40,439742,165868,55875,52081,1.5364407721664382,0.2389595731111407
442,0.5042,184,1005,184,440747,164863,56059,51897,1.5271314239134461,0.2394214799778557
443,0.50428,221,933,221,441680,163930,56280,51676,1.5184890140427583,0.23967793104088012
444,0.50433,102,453,102,442133,163477,56382,51574,1.5142928600540961,0.23982218171503503
445,0.50435,20,203,20,442336,163274,56402,51554,1.5124124643373227,0.23997802893477574
446,0.50441,170,930,170,443266,162344,56572,51384,1.5037978435658972,0.24041772720467136
447,0.50447,114,483,114,443749,161861,56686,51270,1.4993237985846086,0.24055627759453108
448,0.50448,30,155,30,443904,161706,56716,51240,1.4978880284560376,0.24062438364655828
449,0.5045,60,305,60,444209,161401,56776,51180,1.4950628033643336,0.24075528857235595
450,0.50454,29,149,29,444358,161252,56805,51151,1.493682611434288,0.24082051571776295
451,0.50464,80,273,80,444631,160979,56885,51071,1.4911538034013858,0.2408441405328932
452,0.50465,233,1110,233,445741,159869,57118,50838,1.4808718366742006,0.24127342708120755
453,0.50467,58,246,58,445987,159623,57176,50780,1.4785931305346622,0.24134636863542822
454,0.50469,120,458,120,446445,159165,57296,50660,1.4743506613805624,0.24143929465030384
455,0.5047,133,614,133,447059,158551,57429,50527,1.4686631590648043,0.24166578980093553
456,0.50474,89,467,89,447526,158084,57518,50438,1.4643373226129164,0.24188335043784348
457,0.50475,277,1138,277,448664,156946,57795,50161,1.4537959909592797,0.2421984771156938
458,0.50483,223,1035,223,449699,155911,58018,49938,1.444208751713661,0.24259530043867106
459,0.50486,25,60,25,449759,155851,58043,49913,1.443652969728408,0.24257401683482047
460,0.50489,279,1160,279,450919,154691,58322,49634,1.432907851346845,0.24291692157102654
461,0.50496,24,84,24,451003,154607,58346,49610,1.4321297565674904,0.24292786594651766
462,0.50497,49,205,49,451208,154402,58395,49561,1.4302308347845418,0.24299015017429632
463,0.50498,57,323,57,451531,154079,58452,49504,1.4272388750972618,0.24316372192177146
464,0.505,353,1712,353,453243,152367,58805,49151,1.4113805624513691,0.2439037703827946
465,0.50509,39,193,39,453436,152174,58844,49112,1.4095927970654711,0.2439911369891597
466,0.5051,32,197,32,453633,151977,58876,49080,1.4077679795472229,0.24410987928796313
467,0.50511,149,642,149,454275,151335,59025,48931,1.401821112305013,0.24433004104540962
468,0.50512,116,515,116,454790,150820,59141,48815,1.3970506502649227,0.24452125128359256
469,0.50513,265,1106,265,455896,149714,59406,48550,1.3868057356700878,0.24487551950934108
470,0.50515,122,613,122,456509,149101,59528,48428,1.3811274963874172,0.24516906378303946
471,0.50516,50,210,50,456719,148891,59578,48378,1.3791822594390306,0.24523873492540643
472,0.50517,45,218,45,456937,148673,59623,48333,1.377162918225944,0.2453377054505954
473,0.50524,126,522,126,457459,148151,59749,48207,1.3723276149542407,0.24550565803277688
474,0.50525,58,226,58,457685,147925,59807,48149,1.3702341694764533,0.245565449779165
475,0.50528,62,191,62,457876,147734,59869,48087,1.3684649301567304,0.2455661037375971
476,0.50529,235,1140,235,459016,146594,60104,47852,1.3579050724369188,0.24609403124775
477,0.50541,57,272,57,459288,146322,60161,47795,1.355385527437104,0.24621748739162463
478,0.50544,125,496,125,459784,145826,60286,47670,1.3507910630256772,0.24636168189523297
479,0.50547,196,699,196,460483,145127,60482,47474,1.3443162028974767,0.24648885519805194
480,0.50552,42,199,42,460682,144928,60524,47432,1.3424728593130535,0.24657933042212518
481,0.50557,30,137,30,460819,144791,60554,47402,1.3412038237800585,0.2466374946017805
482,0.50558,70,282,70,461101,144509,60624,47332,1.3385916484493683,0.24672515260033048
483,0.5056,48,208,48,461309,144301,60672,47284,1.336664937567157,0.24680429052378838
484,0.50562,20,83,20,461392,144218,60692,47264,1.33589610582089,0.24683260045330632
485,0.50564,28,128,28,461520,144090,60720,47236,1.334710437585683,0.24688751136803153
486,0.5057,75,283,75,461803,143807,60795,47161,1.3320889992219052,0.24695760546269532
487,0.50576,61,255,61,462058,143552,60856,47100,1.329726925784579,0.24704697564148292
488,0.50578,38,154,38,462212,143398,60894,47062,1.3283004186890957,0.24709650320277224
489,0.50584,169,771,169,462983,142627,61063,46893,1.3211586201785912,0.24743035035880118
490,0.50588,81,322,81,463305,142305,61144,46812,1.3181759235243988,0.24752930725423944
491,0.50589,46,232,46,463537,142073,61190,46766,1.3160268998480862,0.2476501146479276
492,0.5059,31,116,31,463653,141957,61221,46735,1.3149523880099299,0.24767875691603247
493,0.50591,58,255,58,463908,141702,61279,46677,1.3125903145726037,0.24778239612695682
494,0.50594,22,72,22,463980,141630,61301,46655,1.3119233761902998,0.24778925564968002
495,0.50603,67,353,67,464333,141277,61368,46588,1.308653525510393,0.24798658611236793
496,0.50606,136,503,136,464836,140774,61504,46452,1.3039942198673533,0.2481065663956929
497,0.50608,70,341,70,465177,140433,61574,46382,1.3008355255844974,0.24827770789283515
498,0.50609,66,354,66,465531,140079,61640,46316,1.2975564118715033,0.24848306016792296
499,0.5061,97,471,97,466002,139608,61737,46219,1.2931935232872651,0.24872058419928214
500,0.50615,144,561,144,466563,139047,61881,46075,1.2879969617251472,0.24888992124112747
501,0.50624,211,931,211,467494,138116,62092,45864,1.2793730779206343,0.24928796608326992
502,0.50626,38,134,38,467628,137982,62130,45826,1.2781318314869021,0.2493145020891365
503,0.50632,132,541,132,468169,137441,62262,45694,1.2731205305865352,0.2495099243727305
504,0.5064,213,812,213,468981,136629,62475,45481,1.2655989477194411,0.2497446598209873
505,0.50665,31,113,31,469094,136516,62506,45450,1.2645522249805476,0.24977193541650639
506,0.50679,23,105,23,469199,136411,62529,45427,1.2635796065063545,0.2498212694816265
507,0.5068,22,113,22,469312,136298,62551,45405,1.2625328837674608,0.24988580265598256
508,0.50683,17,117,17,469429,136181,62568,45388,1.261449108896217,0.24997659292059768
509,0.50725,9,30,9,469459,136151,62577,45379,1.2611712179035903,0.2499807194403129
510,0.50741,4,23,4,469482,136128,62581,45375,1.2609581681425766,0.24999586783689526
511,0.5076,50,178,50,469660,135950,62631,45325,1.259309348252992,0.2500344780030341
512,0.50778,45,234,45,469894,135716,62676,45280,1.2571417985105042,0.25017127450330395
513,0.5078,25,162,25,470056,135554,62701,45255,1.2556411871503206,0.2502917443268864
514,0.50787,4,28,4,470084,135526,62705,45251,1.255381822223869,0.2503139226782168
515,0.50792,39,150,39,470234,135376,62744,45212,1.2539923672607358,0.2503599353223913
516,0.50796,8,49,8,470283,135327,62752,45204,1.2535384786394457,0.2503946690596075
517,0.50798,10,29,10,470312,135298,62762,45194,1.2532698506799067,0.25039336923520156
518,0.50799,35,147,35,470459,135151,62797,45159,1.2519081848160363,0.2504519993344795
519,0.50804,56,233,56,470692,134918,62853,45103,1.249749898106636,0.2505429922064648
520,0.50806,38,181,38,470873,134737,62891,45065,1.2480732891177888,0.25063681160387535
521,0.50809,38,240,38,471113,134497,62929,45027,1.2458501611767758,0.2508132617365923
522,0.50827,61,325,61,471438,134172,62990,44966,1.2428396754233206,0.2510131853654724
523,0.50829,109,446,109,471884,133726,63099,44857,1.2387083626662714,0.25118292334656717
524,0.50833,15,50,15,471934,133676,63114,44842,1.2382452110118938,0.2511903561545614
525,0.50836,47,231,47,472165,133445,63161,44795,1.2361054503686688,0.25131844703770195
526,0.50845,96,482,96,472647,132963,63257,44699,1.2316406684204675,0.25159572671702446
527,0.50846,18,54,18,472701,132909,63275,44681,1.2311404646337396,0.2515963736696886
528,0.50849,104,470,104,473171,132439,63379,44577,1.2267868390825891,0.25182469381298866
529,0.5085,170,733,170,473904,131706,63549,44407,1.2199970358294119,0.25215060784837007
530,0.50853,62,272,62,474176,131434,63611,44345,1.2174774908295973,0.2522770069234664
531,0.50856,4,25,4,474201,131409,63615,44341,1.2172459150024084,0.2522958748221906
532,0.50861,14,55,14,474256,131354,63629,44327,1.2167364481825929,0.25231527598317405
533,0.50863,51,335,51,474591,131019,63680,44276,1.2136333320982622,0.2525799366781711
534,0.50865,4,30,4,474621,130989,63684,44272,1.2133554411056355,0.25260611316836035
535,0.50869,121,449,121,475070,130540,63805,44151,1.209196339249324,0.25273769112318323
536,0.50879,1,20,1,475090,130520,63806,44150,1.2090110785875727,0.25276235186351403
537,0.5088,19,71,19,475161,130449,63825,44131,1.2083534032383563,0.25278382403482647
538,0.50888,44,261,44,475422,130188,63869,44087,1.2059357516025047,0.25297374838617126
539,0.50892,17,92,17,475514,130096,63886,44070,1.2050835525584498,0.2530344613759287
540,0.50893,64,304,64,475818,129792,63950,44006,1.2022675904998332,0.2532019931184479
541,0.50899,28,99,28,475917,129693,63978,43978,1.2013505502241655,0.25322592718415854
542,0.509,27,93,27,476010,129600,64005,43951,1.200489088147023,0.2532454437024275
543,0.50901,24,90,24,476100,129510,64029,43927,1.199655415169143,0.25327352295069677
544,0.50902,65,250,65,476350,129260,64094,43862,1.1973396568972545,0.2533589029701598
545,0.50905,57,280,57,476630,128980,64151,43805,1.1947460076327392,0.253523164626559
546,0.50907,70,271,70,476901,128709,64221,43735,1.192235725666012,0.25361856602723204
547,0.50916,144,519,144,477420,128190,64365,43591,1.1874282114935715,0.2537591468206612
548,0.50917,143,540,143,477960,127650,64508,43448,1.1824261736262922,0.25393634057674547
549,0.50919,22,89,22,478049,127561,64530,43426,1.1816017636815,0.253972524226988
550,0.50921,177,561,177,478610,127000,64707,43249,1.176405202119382,0.2540337975553454
551,0.50922,14,103,14,478713,126897,64721,43235,1.1754511097113638,0.2541262078856417
552,0.50929,20,87,20,478800,126810,64741,43215,1.1746452258327467,0.2541685046316718
553,0.5093,61,270,61,479070,126540,64802,43154,1.172144206899107,0.25430480747698797
554,0.50932,18,82,18,479152,126458,64820,43136,1.1713846381859276,0.2543486208238499
555,0.50935,64,268,64,479420,126190,64884,43072,1.1689021453184631,0.25446940246481786
556,0.50936,7,14,7,479434,126176,64891,43065,1.1687724628552374,0.25445961675953227
557,0.50941,3,20,3,479454,126156,64894,43062,1.1685872021934862,0.25447647413395735
558,0.50942,111,304,111,479758,125852,65005,42951,1.1657712401348697,0.25444453001427697
559,0.50943,158,519,158,480277,125333,65163,42793,1.160963725962429,0.25452934108942105
560,0.50945,86,267,86,480544,125066,65249,42707,1.1584904961280522,0.2545522819524
561,0.50949,18,115,18,480659,124951,65267,42689,1.1574252473229834,0.25464686232402767
562,0.50951,155,511,155,481170,124440,65422,42534,1.1526918374152433,0.2547342700061087
563,0.50956,5,26,5,481196,124414,65427,42529,1.152450998554967,0.2547516218110373
564,0.50968,80,273,80,481469,124141,65507,42449,1.1499221905220645,0.2548112131580527
565,0.5097,40,136,40,481605,124005,65547,42409,1.1486624180221572,0.25484033795233574
566,0.50972,6,19,6,481624,123986,65553,42403,1.1484864203934937,0.2548425677178179
567,0.50973,7,15,7,481639,123971,65560,42396,1.1483474748971803,0.25483419187699485
568,0.50985,85,289,85,481928,123682,65645,42311,1.1456704583348771,0.2548962908074437
569,0.50986,38,149,38,482077,123533,65683,42273,1.1442902664048316,0.2549545854794157
570,0.50989,5,19,5,482096,123514,65688,42268,1.144114268776168,0.25496133476493227
571,0.5099,41,104,41,482200,123410,65729,42227,1.1431509133350624,0.2549370007908861
572,0.50992,39,166,39,482366,123244,65768,42188,1.1416132498425284,0.2550171671744282
573,0.51,34,109,34,482475,123135,65802,42154,1.140603579235985,0.25503209529974774
574,0.51002,37,148,37,482623,122987,65839,42117,1.139232650339027,0.25509375908518267
575,0.51003,46,164,46,482787,122823,65885,42071,1.137713512912668,0.2551396654820673
576,0.51012,84,308,84,483095,122515,65969,41987,1.1348604987217015,0.25523701839491314
577,0.51023,37,119,37,483214,122396,66006,41950,1.1337581977842826,0.25525415890864395
578,0.5103,18,99,18,483313,122297,66024,41932,1.1328411575086146,0.25532640398467993
579,0.51035,101,322,101,483635,121975,66125,41831,1.1298584608544222,0.2553691561969647
580,0.51041,37,109,37,483744,121866,66162,41794,1.1288487902478788,0.2553708908713186
581,0.51046,108,358,108,484102,121508,66270,41686,1.1255326244025343,0.25543831268306433
582,0.51055,44,178,44,484280,121330,66314,41642,1.1238838045129498,0.2555162850060133
583,0.51056,131,327,131,484607,121003,66445,41511,1.1208547926933194,0.25543030138941875
584,0.5106,79,345,79,484952,120658,66524,41432,1.1176590462781133,0.2556110802640508
585,0.51061,99,334,99,485286,120324,66623,41333,1.1145651932268703,0.25568332951867223
586,0.51076,53,188,53,485474,120136,66676,41280,1.11282374300641,0.2557367299400307
587,0.51078,36,114,36,485588,120022,66712,41244,1.1117677572344289,0.25575136730618975
588,0.51093,58,220,58,485808,119802,66770,41186,1.1097298899551669,0.2558327328745
589,0.51112,66,219,66,486027,119583,66836,41120,1.1077012857089925,0.25587574594127055
590,0.51121,62,206,62,486233,119377,66898,41058,1.1057931008929565,0.2559167264000997
591,0.51126,90,327,90,486560,119050,66988,40968,1.1027640890733261,0.25602119761526826
592,0.5114,104,288,104,486848,118762,67092,40864,1.1000963355441105,0.25599839625123727
593,0.51158,10,41,10,486889,118721,67102,40854,1.0997165511875209,0.256017546608178
594,0.51169,118,291,118,487180,118430,67220,40736,1.0970210085590426,0.2559340562682985
595,0.51191,338,1440,338,488620,116990,67558,40398,1.0836822409129645,0.25667776450555313
596,0.51192,11,54,11,488674,116936,67569,40387,1.0831820371262366,0.25671389434475567
597,0.51195,43,105,43,488779,116831,67612,40344,1.0822094186520435,0.25668204230952757
598,0.51196,12,39,12,488818,116792,67624,40332,1.0818481603616288,0.2566889844963214
599,0.512,341,1428,341,490246,115364,67965,39991,1.0686205491126015,0.25741688391104245
600,0.51205,377,1464,377,491710,113900,68342,39614,1.0550594686724222,0.25804812590382636
601,0.51208,31,101,31,491811,113799,68373,39583,1.054123902330579,0.2580680914318499
602,0.51211,1151,4342,1151,496153,109457,69524,38432,1.0139038126644189,0.2598705786096329
603,0.51212,57,208,57,496361,109249,69581,38375,1.0119771017822075,0.25995095648404054
604,0.51213,458,1775,458,498136,107474,70039,37917,0.9955352180517989,0.26079330907690296
605,0.51214,34,100,34,498236,107374,70073,37883,0.9946089147430435,0.2607998237606449
606,0.51215,85,316,85,498552,107058,70158,37798,0.9916817962873763,0.2609349975147733
607,0.51216,49,117,49,498669,106941,70207,37749,0.9905980214161325,0.26089570806551937
608,0.51219,20,43,20,498712,106898,70227,37729,0.9901997109933677,0.26087106833440504
609,0.51224,53,196,53,498908,106702,70280,37676,0.9883841565082071,0.260953884940919
610,0.51229,18,58,18,498966,106644,70298,37658,0.9878469005891289,0.26096658396973016
611,0.51232,102,382,102,499348,106262,70400,37556,0.9843084219496832,0.26113560194134255
612,0.51235,33,103,33,499451,106159,70433,37523,0.9833543295416651,0.26115310198911484
613,0.51241,772,2906,772,502357,103253,71205,36751,0.9564359553892327,0.26249964286734667
614,0.51242,64,214,64,502571,103039,71269,36687,0.954453666308496,0.26256387501252454
615,0.51246,802,2865,802,505436,100174,72071,35885,0.9279150765126533,0.2637458749513079
616,0.51248,783,2923,783,508359,97251,72854,35102,0.9008392307977324,0.2652149932377808
617,0.5125,17,39,17,508398,97212,72871,35085,0.9004779725073178,0.26519875734143633
618,0.51253,353,1068,353,509466,96144,73224,34732,0.89058505316981,0.2653809713010789
619,0.51262,768,2853,768,512319,93291,73992,33964,0.8641576197710178,0.26689717496365567
620,0.51266,54,170,54,512489,93121,74046,33910,0.8625829041461336,0.26694271477041037
621,0.5128,82,271,82,512760,92850,74128,33828,0.8600726221794064,0.26703926490787666
622,0.51283,56,165,56,512925,92685,74184,33772,0.85854422171996,0.26706311236230496
623,0.51284,383,1070,383,513995,91615,74567,33389,0.848632776316277,0.2671034526895139
624,0.51285,18,53,18,514048,91562,74585,33371,0.8481418355626367,0.26711117158797115
625,0.51286,254,809,254,514857,90753,74839,33117,0.8406480417948053,0.26735286994429647
626,0.51291,7,11,7,514868,90742,74846,33110,0.8405461484308422,0.2673352065368343
627,0.51292,616,1948,616,516816,88794,75462,32494,0.8225017599762866,0.267907789723633
628,0.51294,347,1125,347,517941,87669,75809,32147,0.8120808477527882,0.26830306469920545
629,0.51295,76,246,76,518187,87423,75885,32071,0.8098021416132498,0.26839004468843625
630,0.51296,22,48,22,518235,87375,75907,32049,0.8093575160250472,0.26836314308681675
631,0.51298,31,76,31,518311,87299,75938,32018,0.8086535255103932,0.2683439912166749
632,0.51303,1075,3122,1075,521433,84177,77013,30943,0.7797343362110489,0.26878908964558723
633,0.51304,78,260,78,521693,83917,77091,30865,0.7773259476082849,0.26890104720252306
634,0.51307,67,143,67,521836,83774,77158,30798,0.7760013338767646,0.26880913312153054
635,0.51308,121,322,121,522158,83452,77279,30677,0.7730186372225721,0.2687923314845482
636,0.5131,751,2201,751,524359,81251,78030,29926,0.7526307013968654,0.2691743795929014
637,0.51311,8,31,8,524390,81220,78038,29918,0.7523435473711512,0.2691968543612446
638,0.51312,682,2083,682,526473,79137,78720,29236,0.7330486494497759,0.2697719911786146
639,0.51313,17,45,17,526518,79092,78737,29219,0.7326318129608359,0.26976946016563413
640,0.51324,37,143,37,526661,78949,78774,29182,0.7313071992293156,0.26987635368210783
641,0.51325,79,263,79,526924,78686,78853,29103,0.7288710215272889,0.2699997216784644
642,0.51331,5,22,5,526946,78664,78858,29098,0.7286672347993627,0.27002097214231363
643,0.51337,38,145,38,527091,78519,78896,29060,0.7273240950016674,0.27012706940945724
644,0.5134,528,1591,528,528682,76928,79424,28532,0.7125866093593687,0.2705480750995638
645,0.51341,1193,3782,1193,532464,73146,80617,27339,0.6775538182222387,0.2720704582773548
646,0.51342,84,281,84,532745,72865,80701,27255,0.6749509059246359,0.2722233320015981
647,0.51346,720,2127,720,534872,70738,81421,26535,0.6552484345474082,0.272788954797323
648,0.51348,271,801,271,535673,69937,81692,26264,0.6478287450442773,0.27301171505493704
649,0.5135,705,2397,705,538070,67540,82397,25559,0.6256252547334099,0.2745357092987035
650,0.51351,31,127,31,538197,67413,82428,25528,0.6244488495312905,0.27466887595356193
651,0.51353,263,864,263,539061,66549,82691,25265,0.6164455889436437,0.27517589910035506
652,0.51364,32,139,32,539200,66410,82723,25233,0.6151580273444737,0.27534017873705574
653,0.51369,6,22,6,539222,66388,82729,25227,0.6149542406165475,0.2753588386181302
654,0.51375,31,137,31,539359,66251,82760,25196,0.6136852050835525,0.27552571434820167
655,0.51381,507,1647,507,541006,64604,83267,24689,0.5984289895883508,0.2764942380701735
656,0.51386,211,658,211,541664,63946,83478,24478,0.5923339138167402,0.27682529629964714
657,0.51387,216,631,216,542295,63315,83694,24262,0.5864889399384935,0.2770362081368396
658,0.51392,11,20,11,542315,63295,83705,24251,0.5863036792767424,0.27700865830534804
659,0.51393,5,17,5,542332,63278,83710,24246,0.586146207714254,0.2770211599104246
660,0.51396,210,649,210,542981,62629,83920,24036,0.5801344992404313,0.2773437950729822
661,0.51405,510,1617,510,544598,61012,84430,23526,0.5651561747378562,0.2782890534434219
662,0.51418,37,152,37,544750,60860,84467,23489,0.5637481937085479,0.27847395938303954
663,0.51423,52,183,52,544933,60677,84519,23437,0.5620530586535255,0.2786337589461921
664,0.51424,217,665,217,545598,60012,84736,23220,0.555893141650302,0.2789792387543253
665,0.51434,464,1195,464,546793,58817,85200,22756,0.5448238171106747,0.2789648535667439
666,0.51435,47,156,47,546949,58661,85247,22709,0.5433787839490163,0.2790832001966327
667,0.51437,57,156,57,547105,58505,85304,22652,0.5419337507873578,0.2791133235580418
668,0.51441,433,1083,433,548188,57422,85737,22219,0.5319018859535366,0.2789894652251981
669,0.51443,597,1656,597,549844,55766,86334,21622,0.5165623031605469,0.2793973225823125
670,0.51444,45,153,45,549997,55613,86379,21577,0.5151450590981511,0.27953102733514706
671,0.51452,430,1092,430,551089,54521,86809,21147,0.505029826966542,0.27947084632869906
672,0.51453,411,1110,411,552199,53411,87220,20736,0.4947478602393568,0.2796606740663816
673,0.51455,43,159,43,552358,53252,87263,20693,0.49327503797843564,0.27984312664818445
674,0.51459,47,149,47,552507,53103,87310,20646,0.49189484604839007,0.27994955863808324
675,0.51487,87,224,87,552731,52879,87397,20559,0.4898199266367779,0.27995043438002126
676,0.51503,106,253,106,552984,52626,87503,20453,0.48747637926562676,0.2798752035468466
677,0.51504,74,296,74,553280,52330,87577,20379,0.4847345214717107,0.2802816707697809
678,0.51505,97,294,97,553574,52036,87674,20282,0.4820111897439698,0.28045576481650486
679,0.51528,59,246,59,553820,51790,87733,20223,0.47973248360443144,0.28082429561329203
680,0.51545,84,209,84,554029,51581,87817,20139,0.4777965096891326,0.28080033463469045
681,0.51548,64,226,64,554255,51355,87881,20075,0.47570306421134534,0.28104437911241775
682,0.51551,87,300,87,554555,51055,87968,19988,0.4729241542850791,0.2813507312472728
683,0.51553,68,198,68,554753,50857,88036,19920,0.4710900737337434,0.2814473628438617
684,0.51558,113,243,113,554996,50614,88149,19807,0.4688391566934677,0.28126553158858864
685,0.51568,127,416,127,555412,50198,88276,19680,0.46498573492904516,0.2816337044563382
686,0.51574,26,92,26,555504,50106,88302,19654,0.4641335358849902,0.28173738532110093
687,0.51582,129,406,129,555910,49700,88431,19525,0.46037274445144316,0.28205128205128205
688,0.51583,119,422,119,556332,49278,88550,19406,0.4564637444884953,0.28254032962553144
689,0.51592,123,423,123,556755,48855,88673,19283,0.4525454814924599,0.2829992074906807
690,0.51593,103,247,103,557002,48608,88776,19180,0.450257512319834,0.2829409334985543
691,0.51594,426,1416,426,558418,47192,89202,18754,0.43714105746785725,0.28438419312771057
692,0.51596,21,86,21,558504,47106,89223,18733,0.43634443662232764,0.2845274077674327
693,0.51597,88,297,88,558801,46809,89311,18645,0.433593315795324,0.2848565404711706
694,0.51598,73,169,73,558970,46640,89384,18572,0.4320278632035274,0.2847942096546648
695,0.51599,27,75,27,559045,46565,89411,18545,0.4313331357219608,0.28482567961910615
696,0.51605,91,304,91,559349,46261,89502,18454,0.42851717366334435,0.28515800046357104
697,0.51616,118,298,118,559647,45963,89620,18336,0.42575678980325316,0.2851677320020529
698,0.5162,429,1245,429,560892,44718,90049,17907,0.4142243136092482,0.28594011976047906
699,0.51624,342,962,342,561854,43756,90391,17565,0.4053132757790211,0.28644346961073697
700,0.51627,40,129,40,561983,43627,90431,17525,0.4041183445107266,0.28658097854526426
701,0.5163,326,905,326,562888,42722,90757,17199,0.39573529956649006,0.2870279200947915
702,0.51637,291,1008,291,563896,41714,91048,16908,0.38639816221423545,0.2884241411074341
703,0.51643,40,126,40,564022,41588,91088,16868,0.3852310200452036,0.2885589161078418
704,0.51645,44,143,44,564165,41445,91132,16824,0.38390640631368333,0.28872985635586673
705,0.51646,109,303,109,564468,41142,91241,16715,0.38109970728815445,0.28890194790604423
706,0.51647,128,274,128,564742,40868,91369,16587,0.3785616362221646,0.28869550082673395
707,0.51648,119,271,119,565013,40597,91488,16468,0.3760513542554374,0.2885831946026461
708,0.51663,121,310,121,565323,40287,91609,16347,0.3731798139982956,0.28864286471024475
709,0.51667,49,160,49,565483,40127,91658,16298,0.3716977287042869,0.2888435976960567
710,0.51672,266,712,266,566195,39415,91924,16032,0.36510244914594836,0.28914098147780765
711,0.51675,91,272,91,566467,39143,92015,15941,0.3625829041461336,0.28939437949313773
712,0.51676,106,285,106,566752,38858,92121,15835,0.3599429397161807,0.2895251677545573
713,0.51678,105,274,105,567026,38584,92226,15730,0.35740486865019083,0.28961225466730495
714,0.51683,112,301,112,567327,38283,92338,15618,0.354616695690837,0.28975343685645905
715,0.51686,441,1052,441,568379,37231,92779,15177,0.34487198488273,0.28959319187910243
716,0.51687,56,151,56,568530,37080,92835,15121,0.3434732668865093,0.2896687802915653
717,0.5169,53,153,53,568683,36927,92888,15068,0.3420560228241135,0.28979709587460334
718,0.51691,297,919,297,569602,36008,93185,14771,0.33354329541665123,0.2908879654975482
719,0.51698,82,144,82,569746,35864,93267,14689,0.3322094186520434,0.2905663363202975
720,0.517,47,179,47,569925,35685,93314,14642,0.33055133572937123,0.29093727025254834
721,0.51711,105,275,105,570200,35410,93419,14537,0.3280040016302938,0.2910485114221074
722,0.51722,188,574,188,570774,34836,93607,14349,0.3226870206380377,0.29173528514791097
723,0.51724,310,730,310,571504,34106,93917,14039,0.31592500648412314,0.2915982968117146
724,0.51732,299,819,299,572323,33287,94216,13740,0.3083385823854163,0.2921725817083803
725,0.51733,266,774,266,573097,32513,94482,13474,0.30116899477564935,0.29299584665231476
726,0.51735,70,159,70,573256,32354,94552,13404,0.29969617251472824,0.29293238340836575
727,0.51738,269,700,269,573956,31654,94821,13135,0.2932120493534403,0.29326397106432384
728,0.51739,68,164,68,574120,31490,94889,13067,0.2916929119270814,0.29326480687658507
729,0.51743,75,166,75,574286,31324,94964,12992,0.29015524843454743,0.29316725336221683
730,0.51759,131,344,131,574630,30980,95095,12861,0.28696876505242874,0.29335553477338566
731,0.5176,218,581,218,575211,30399,95313,12643,0.2815869428285598,0.29373635054133174
732,0.51767,205,570,205,575781,29829,95518,12438,0.27630701396865387,0.2942721271914259
733,0.51768,71,144,71,575925,29685,95589,12367,0.2749731372040461,0.29408827166365453
734,0.51778,81,197,81,576122,29488,95670,12286,0.2731483196857979,0.2941063819600709
735,0.51803,68,163,68,576285,29325,95738,12218,0.27163844529252656,0.29410490335315215
736,0.51815,151,403,151,576688,28922,95889,12067,0.26790544295824226,0.2943960574788358
737,0.51816,167,409,167,577097,28513,96056,11900,0.2641168624254326,0.2944597035607354
738,0.51825,250,583,250,577680,27930,96306,11650,0.2587165141353885,0.29434057604850933
739,0.51831,175,399,175,578079,27531,96481,11475,0.25502056393345435,0.2941855099215505
740,0.51833,167,383,167,578462,27148,96648,11308,0.2514728222609211,0.2940503432494279
741,0.51866,64,196,64,578658,26952,96712,11244,0.2496572677757605,0.29437637448947535
742,0.51907,65,186,65,578844,26766,96777,11179,0.24793434362147543,0.29461062063512977
743,0.5191,64,185,64,579029,26581,96841,11115,0.2462206825002779,0.29485887096774194
744,0.51936,63,226,63,579255,26355,96904,11052,0.24412723702249065,0.295452722752426
745,0.51937,106,253,106,579508,26102,97010,10946,0.24178368965133942,0.29545454545454547
746,0.51939,59,195,59,579703,25907,97069,10887,0.23997739819926636,0.29589063434255586
747,0.51955,95,278,95,579981,25629,97164,10792,0.2374022750009263,0.29631256692567476
748,0.51994,176,563,176,580544,25066,97340,10616,0.2321871873726333,0.2975169553276162
749,0.52003,99,254,99,580798,24812,97439,10517,0.22983437696839454,0.29768745223470805
750,0.52006,45,116,45,580914,24696,97484,10472,0.22875986513023824,0.29777070063694266
751,0.52012,89,303,89,581217,24393,97573,10383,0.22595316610470934,0.29856797791580403
752,0.52014,182,534,182,581751,23859,97755,10201,0.22100670643595538,0.2995008807985907
753,0.52028,50,100,50,581851,23759,97805,10151,0.22008040312719998,0.2993512238277794
754,0.52029,101,231,101,582082,23528,97906,10050,0.21794064248397496,0.29930311513490976
755,0.52034,37,112,37,582194,23416,97943,10013,0.2169031827781689,0.2995303479015226
756,0.5204,95,255,95,582449,23161,98038,9918,0.21454110934084256,0.2998276852383688
757,0.52047,85,270,85,582719,22891,98123,9833,0.21204009040720292,0.3004828260603838
758,0.5205,71,230,71,582949,22661,98194,9762,0.20990959279706548,0.3010825648459427
759,0.52052,191,519,191,583468,22142,98385,9571,0.20510207862462485,0.30180052344464414
760,0.52058,188,499,188,583967,21643,98573,9383,0.2004798251139353,0.30242377360923095
761,0.52059,173,525,173,584492,21118,98746,9210,0.19561673274296937,0.3036797678712741
762,0.5206,190,522,190,585014,20596,98936,9020,0.19078142947126608,0.30456509994597514
763,0.52065,85,197,85,585211,20399,99021,8935,0.18895661195301788,0.3045953501056794
764,0.5207,75,288,75,585499,20111,99096,8860,0.1862888584238023,0.3058230644437541
765,0.52077,47,134,47,585633,19977,99143,8813,0.18504761199007003,0.30611323376172284
766,0.52087,98,219,98,585852,19758,99241,8715,0.18301900774389565,0.3060794436834896
767,0.52098,58,132,58,585984,19626,99299,8657,0.18179628737633852,0.30608492734151255
768,0.52099,164,345,164,586329,19281,99463,8493,0.17860054096113231,0.30578958738388423
769,0.52106,175,345,175,586674,18936,99638,8318,0.1754047945459261,0.3052029059954502
770,0.52107,50,157,50,586831,18779,99688,8268,0.17395049835118012,0.3056900950197804
771,0.52113,83,230,83,587061,18549,99771,8185,0.17182000074104264,0.30616443480212463
772,0.52118,68,220,68,587281,18329,99839,8117,0.16978213346178073,0.3069273236028133
773,0.52122,52,155,52,587436,18174,99891,8065,0.16834636333320982,0.30736689660429134
774,0.52131,148,365,148,587801,17809,100039,7917,0.16496535625625255,0.30774313923657
775,0.52134,85,319,85,588120,17490,100124,7832,0.16201044870132275,0.30929626411815814
776,0.52135,65,142,65,588262,17348,100189,7767,0.16069509800289006,0.3092574158869202
777,0.52139,49,156,49,588418,17192,100238,7718,0.1592500648412316,0.30983540746688076
778,0.5214,90,201,90,588619,16991,100328,7628,0.1573881951906332,0.30984199195743123
779,0.52142,49,130,49,588749,16861,100377,7579,0.1561840008892512,0.3101063829787234
780,0.52152,129,329,129,589078,16532,100506,7450,0.15313646300344586,0.310649653907097
781,0.52153,410,1046,410,590124,15486,100916,7040,0.14344733039386418,0.31252774571606146
782,0.52159,169,360,169,590484,15126,101085,6871,0.14011263848234465,0.3123607764695186
783,0.52194,128,298,128,590782,14828,101213,6743,0.1373522546222535,0.3125956144824069
784,0.522,111,328,111,591110,14500,101324,6632,0.13431397976953574,0.313836835131554
785,0.52205,49,110,49,591220,14390,101373,6583,0.13329504612990478,0.31387975015496117
786,0.52208,48,108,48,591328,14282,101421,6535,0.13229463855644893,0.31392611807657206
787,0.52213,54,137,54,591465,14145,101475,6481,0.131025603023454,0.3142150683603219
788,0.52226,40,82,40,591547,14063,101515,6441,0.13026603431027456,0.31413382754584473
789,0.52232,42,102,42,591649,13961,101557,6399,0.12932120493534402,0.3142927308447937
790,0.52242,94,216,94,591865,13745,101651,6305,0.12732038978843233,0.3144638403990025
791,0.52245,95,204,95,592069,13541,101746,6210,0.12543073103857127,0.3144144600273404
792,0.52246,98,199,98,592268,13342,101844,6112,0.12358738745414799,0.31417703300092525
793,0.52254,82,190,82,592458,13152,101926,6030,0.1218274111675127,0.3143572098842665
794,0.52261,37,91,37,592549,13061,101963,5993,0.12098447515654526,0.3145271334103075
795,0.52271,96,214,96,592763,12847,102059,5897,0.11900218607580866,0.31460734101579174
796,0.52373,38,50,38,592813,12797,102097,5859,0.11853903442143095,0.3140544596912521
797,0.52377,27,60,27,592873,12737,102124,5832,0.1179832524361777,0.3140718401637137
798,0.52396,95,234,95,593107,12503,102219,5737,0.11581570269369003,0.31452850877192984
799,0.52404,21,60,21,593167,12443,102240,5716,0.11525992070843677,0.3147750426785616
800,0.52414,78,233,78,593400,12210,102318,5638,0.11310163399903664,0.3158897355445988
801,0.52428,35,76,35,593476,12134,102353,5603,0.11239764348438253,0.31589333032643624
802,0.52432,21,62,21,593538,12072,102374,5582,0.11182333543295417,0.31618896567350174
803,0.52439,77,256,77,593794,11816,102451,5505,0.10945199896254029,0.3178222966341435
804,0.52441,82,254,82,594048,11562,102533,5423,0.10709918855830153,0.3192817191639682
805,0.52444,18,40,18,594088,11522,102551,5405,0.10672866723479936,0.3193123412299876
806,0.52449,77,277,77,594365,11245,102628,5328,0.10416280706954685,0.32148675556628253
807,0.52462,75,159,75,594524,11086,102703,5253,0.10268998480862573,0.32150070383744417
808,0.52469,25,39,25,594563,11047,102728,5228,0.10232872651821112,0.32122887864823346
809,0.5248,16,42,16,594605,11005,102744,5212,0.10193967912853384,0.3213911327619165
810,0.52489,73,174,73,594779,10831,102817,5139,0.10032791137129941,0.32179085785848466
811,0.52499,17,29,17,594808,10802,102834,5122,0.10005928341176035,0.32165285104245167
812,0.52504,16,37,16,594845,10765,102850,5106,0.09971655118752085,0.32171885829500346
813,0.5251,77,174,77,595019,10591,102927,5029,0.09810478343028642,0.32195902688860434
814,0.52512,15,27,15,595046,10564,102942,5014,0.09785468153692245,0.3218641674155861
815,0.52516,23,37,23,595083,10527,102965,4991,0.09751194931268295,0.32162649826008505
816,0.52521,16,28,16,595111,10499,102981,4975,0.09725258438623142,0.32150704407393044
817,0.52522,21,57,21,595168,10442,103002,4954,0.09672459150024083,0.3217718888022863
818,0.52533,66,159,66,595327,10283,103068,4888,0.09525176923931972,0.3221936589545844
819,0.52535,166,356,166,595683,9927,103234,4722,0.09195412946015043,0.32234282203563386
820,0.52544,69,175,69,595858,9752,103303,4653,0.09033309866982844,0.3230128427629295
821,0.5255,60,177,60,596035,9575,103363,4593,0.08869354181333136,0.3241812535290796
822,0.52556,87,170,87,596205,9405,103450,4506,0.08711882618844714,0.32391632521026525
823,0.52575,16,24,16,596229,9381,103466,4490,0.08689651339434584,0.32369692163506597
824,0.52579,83,162,83,596391,9219,103549,4407,0.08539590203416207,0.3234258036107442
825,0.52583,10,18,10,596409,9201,103559,4397,0.08522916743858609,0.3233563759376379
826,0.52599,8,30,8,596439,9171,103567,4389,0.08495127644595947,0.3236725663716814
827,0.52604,51,84,51,596523,9087,103618,4338,0.08417318166660491,0.32312849162011176
828,0.52608,13,20,13,596543,9067,103631,4325,0.08398792100485383,0.32295400238948624
829,0.52614,15,21,15,596564,9046,103646,4310,0.08379339731001519,0.322701407607068
830,0.52623,15,27,15,596591,9019,103661,4295,0.08354329541665123,0.32259275950127686
831,0.52627,51,93,51,596684,8926,103712,4244,0.0826818333395087,0.32224753227031133
832,0.52628,52,91,52,596775,8835,103764,4192,0.08183889732854126,0.3217931987410762
833,0.52645,37,85,37,596860,8750,103801,4155,0.08105153951609916,0.3219682293684618
834,0.52649,52,91,52,596951,8659,103853,4103,0.08020860350513172,0.32150133207961135
835,0.52702,167,390,167,597341,8269,104020,3936,0.07659602060098558,0.3224907824662024
836,0.52712,146,376,146,597717,7893,104166,3790,0.07311312016006521,0.3244029786869811
837,0.52726,132,398,132,598115,7495,104298,3658,0.06942643299121865,0.32798350219671835
838,0.52755,178,423,178,598538,7072,104476,3480,0.06550816999518322,0.3297952994692949
839,0.52762,151,371,151,598909,6701,104627,3329,0.06207158471970062,0.3319042871385842
840,0.52773,112,221,112,599130,6480,104739,3217,0.060024454407351144,0.33175208827472413
841,0.52774,112,213,112,599343,6267,104851,3105,0.058051428359702104,0.3313060179257362
842,0.52804,110,231,110,599574,6036,104961,2995,0.055911667716477084,0.3316354777986934
843,0.52841,127,238,127,599812,5798,105088,2868,0.05370706584163919,0.33094853450265405
844,0.5285,95,253,95,600065,5545,105183,2773,0.05136351847048798,0.333373407069007
845,0.52851,97,261,97,600326,5284,105280,2676,0.04894586683463633,0.33618090452261307
846,0.52854,115,254,115,600580,5030,105395,2561,0.04659305643039757,0.337373205111316
847,0.52855,114,241,114,600821,4789,105509,2447,0.04436066545629701,0.33817025981205084
848,0.52856,115,215,115,601036,4574,105624,2332,0.04236911334247286,0.33767738198667824
849,0.52869,114,235,114,601271,4339,105738,2218,0.040192300566897626,0.33826445020588686
850,0.52912,67,103,67,601374,4236,105805,2151,0.039238208158879545,0.3367778299671207
851,0.52916,73,126,73,601500,4110,105878,2078,0.03807106598984772,0.33581124757595343
852,0.52943,67,112,67,601612,3998,105945,2011,0.03703360628404165,0.3346646696621734
853,0.52948,69,127,69,601739,3871,106014,1942,0.035857201081922266,0.3340787889213831
854,0.5295,66,110,66,601849,3761,106080,1876,0.03483826744229131,0.3328011353556857
855,0.5308,112,295,112,602144,3466,106192,1764,0.03210567268146282,0.3372848948374761
856,0.53088,141,318,141,602462,3148,106333,1623,0.029160028159620585,0.3401802557115909
857,0.53093,124,321,124,602783,2827,106457,1499,0.02618659453851569,0.3465094775774387
858,0.53135,96,162,96,602945,2665,106553,1403,0.024685983178331913,0.3448869223205506
859,0.53144,118,317,118,603262,2348,106671,1285,0.021749601689577236,0.35370217451142305
860,0.53145,113,267,113,603529,2081,106784,1172,0.019276371855200265,0.36028281586228095
861,0.53151,98,166,98,603695,1915,106882,1074,0.01773870836266627,0.3593174974907996
862,0.53186,81,172,81,603867,1743,106963,993,0.01614546667160695,0.36293859649122806
863,0.53219,104,185,104,604052,1558,107067,889,0.014431805550409425,0.363302002451982
864,0.5323,87,171,87,604223,1387,107154,802,0.01284782689243766,0.3663773412517131
865,0.53232,93,208,93,604431,1179,107247,709,0.010921116010226389,0.3755296610169492
866,0.53236,79,184,79,604615,995,107326,630,0.009216717922116417,0.38769230769230767
867,0.53237,105,174,105,604789,821,107431,525,0.007604950164881989,0.3900445765230312
868,0.5324,108,185,108,604974,636,107539,417,0.005891289043684464,0.396011396011396
869,0.53246,102,161,102,605135,475,107641,315,0.00439994071658824,0.3987341772151899
870,0.53278,68,110,68,605245,365,107709,247,0.0033810070769572788,0.4035947712418301
871,0.5329,60,89,60,605334,276,107769,187,0.002556597132164956,0.4038876889848812
872,0.53324,56,103,56,605437,173,107825,131,0.0016025047241468747,0.4309210526315789
873,0.53329,64,88,64,605525,85,107889,67,0.000787357812442106,0.4407894736842105
874,0.5334,67,85,67,605610,0,107956,0,0.0,
