,y_proba,y_test,Neg,Pos,TN,FP,FN,TP,FP/P,Prec
0,0.4541,4,295,4,295,605315,4,107952,5.607052873392864,0.15134865344954976
1,0.4546,11,170,11,465,605145,15,107941,5.60547815776798,0.15137164381294824
2,0.4552,5,233,5,698,604912,20,107936,5.603319871058579,0.1514151684510583
3,0.4557,14,432,14,1130,604480,34,107922,5.599318240764756,0.15149031024618123
4,0.4558,4,169,4,1299,604311,38,107918,5.59775278817296,0.15152149098113107
5,0.4564,12,430,12,1729,603881,50,107906,5.593769683945311,0.15159872265157975
6,0.4569,1,18,1,1747,603863,51,107905,5.5936029493497355,0.15160136448955278
7,0.4572,1,29,1,1776,603834,52,107904,5.593334321390196,0.15160634952749466
8,0.4573,1,32,1,1808,603802,53,107903,5.5930379043313945,0.15161197406228705
9,0.4574,2,15,2,1823,603787,55,107901,5.592898958835081,0.1516127853778622
10,0.4579,2,13,2,1836,603774,57,107899,5.592778539404943,0.15161317065562413
11,0.4587,4,39,4,1875,603735,61,107895,5.592417281114528,0.15161671093124235
12,0.4589,0,1,0,1876,603734,61,107895,5.59240801808144,0.15161692398707755
13,0.4591,15,456,15,2332,603278,76,107880,5.588184074993515,0.15169624752867858
14,0.4595,0,2,0,2334,603276,76,107880,5.588165548927341,0.15169667414744445
15,0.4601,1,71,1,2405,603205,77,107879,5.587507873578124,0.15171062771768173
16,0.4605,4,67,4,2472,603138,81,107875,5.586887250361258,0.15172015138963704
17,0.4606,3,156,3,2628,602982,84,107872,5.5854422171996,0.15174986706130936
18,0.4609,2,36,2,2664,602946,86,107870,5.585108748008448,0.15175516589384594
19,0.461,3,56,3,2720,602890,89,107867,5.584590018155545,0.15176354225143052
20,0.4614,2,208,2,2928,602682,91,107865,5.582663307273333,0.1518055807708709
21,0.4615,1,118,1,3046,602564,92,107864,5.581570269369002,0.15182960131075915
22,0.4619,7,258,7,3304,602306,99,107857,5.579180406832413,0.1518764002067131
23,0.462,2,90,2,3394,602216,101,107855,5.578346733854533,0.15189326137808754
24,0.4621,2,105,2,3499,602111,103,107853,5.57737411538034,0.1519133364508623
25,0.4622,6,181,6,3680,601930,109,107847,5.575697506391493,0.15194490663969107
26,0.4624,10,158,10,3838,601772,119,107837,5.574233947163659,0.1519667873434525
27,0.4625,0,8,0,3846,601764,119,107837,5.5741598428989585,0.1519685006080882
28,0.4626,1,49,1,3895,601715,120,107836,5.573705954277669,0.1519778000453808
29,0.4629,1,24,1,3919,601691,121,107835,5.573483641483567,0.1519817455597117
30,0.4631,240,6149,240,10068,595542,361,107595,5.516525251028197,0.1530213884349707
31,0.4634,182,4339,182,14407,591203,543,107413,5.476332950461299,0.15375113080719593
32,0.4635,20,370,20,14777,590833,563,107393,5.472905628218904,0.15380836577268678
33,0.4636,181,3959,181,18736,586874,744,107212,5.436233280225277,0.15446500865886936
34,0.4637,334,7887,334,26623,578987,1078,106878,5.363175738263737,0.15582949997448478
35,0.4641,9,378,9,27001,578609,1087,106869,5.359674311756642,0.15590434703958406
36,0.4643,0,12,0,27013,578597,1087,106869,5.359563155359591,0.15590707635389647
37,0.4645,0,18,0,27031,578579,1087,106869,5.359396420764015,0.15591117050454592
38,0.4646,1,0,1,27031,578579,1088,106868,5.359396420764015,0.15590993906166342
39,0.4647,1,52,1,27083,578527,1089,106867,5.358914743043462,0.15592053621712476
40,0.4648,7,191,7,27274,578336,1096,106860,5.357145503723739,0.15595537627189884
41,0.4649,2,9,2,27283,578327,1098,106858,5.357062136425951,0.1559549610689084
42,0.465,1,20,1,27303,578307,1099,106857,5.3568768757642005,0.15595828152092053
43,0.4651,2,89,2,27392,578218,1101,106855,5.356052465819408,0.15597607846171138
44,0.4653,41,741,41,28133,577477,1142,106814,5.34918855830153,0.15609441012668587
45,0.4656,40,576,40,28709,576901,1182,106774,5.343853051243099,0.15617654587340477
46,0.4657,20,365,20,29074,576536,1202,106754,5.340472044166142,0.15623527345636554
47,0.4664,1,31,1,29105,576505,1203,106753,5.340184890140428,0.15624112707059412
48,0.4665,0,22,0,29127,576483,1203,106753,5.3399811034125015,0.1562461579893331
49,0.4668,0,4,0,29131,576479,1203,106753,5.339944051280151,0.15624707273663996
50,0.4669,17,372,17,29503,576107,1220,106736,5.336498202971581,0.1563111871982286
51,0.467,3,55,3,29558,576052,1223,106733,5.335988736151766,0.15632007147198607
52,0.4671,1,9,1,29567,576043,1224,106732,5.335905368853978,0.1563208963421332
53,0.4672,2,27,2,29594,576016,1226,106730,5.335655266960614,0.15632460680838847
54,0.4674,1,32,1,29626,575984,1227,106729,5.335358849901811,0.1563306982582725
55,0.4676,29,415,29,30041,575569,1256,106700,5.331514691170477,0.15638992831273296
56,0.4677,2,14,2,30055,575555,1258,106698,5.331385008707251,0.15639066446025154
57,0.4678,0,6,0,30061,575549,1258,106698,5.331329430508726,0.15639203983308098
58,0.4679,4,107,4,30168,575442,1262,106694,5.330338285968358,0.15641162466135786
59,0.4682,2,57,2,30225,575385,1264,106692,5.3298102930823665,0.15642222212448154
60,0.4683,4,98,4,30323,575287,1268,106688,5.328902515839786,0.15643975219032955
61,0.4684,6,129,6,30452,575158,1274,106682,5.327707584571492,0.15646192655168367
62,0.4687,0,49,0,30501,575109,1274,106682,5.327253695950202,0.1564731713970997
63,0.4688,249,5391,249,35892,569718,1523,106433,5.277316684575197,0.15741010513923664
64,0.4689,3,76,3,35968,569642,1526,106430,5.276612694060543,0.15742406134257889
65,0.4691,41,1211,41,37179,568431,1567,106389,5.265395160991515,0.15765537476660443
66,0.4692,240,4637,240,41816,563794,1807,106149,5.2224424765645265,0.15844482291777062
67,0.4693,165,3179,165,44995,560615,1972,105984,5.192995294379192,0.15899213770197676
68,0.4694,0,18,0,45013,560597,1972,105984,5.1928285597836155,0.15899643104138883
69,0.4695,303,5642,303,50655,554955,2275,105681,5.140566527103635,0.15996857573610884
70,0.4697,223,3777,223,54432,551178,2498,105458,5.105580051131943,0.16060343934843657
71,0.4699,27,502,27,54934,550676,2525,105431,5.10093000852199,0.1606917774082581
72,0.47,77,1140,77,56074,549536,2602,105354,5.090370150802179,0.16087281833590375
73,0.4701,57,869,57,56943,548667,2659,105297,5.082320575049094,0.1610134502816669
74,0.4702,79,1344,79,58287,547323,2738,105218,5.069871058579421,0.16124350807075724
75,0.4703,0,2,0,58289,547321,2738,105218,5.069852532513246,0.16124400227419358
76,0.4704,49,948,49,59237,546373,2787,105169,5.061071177146244,0.16141553422496172
77,0.4706,2,12,2,59249,546361,2789,105167,5.060960020749194,0.16141593300671653
78,0.4707,12,263,12,59512,546098,2801,105155,5.058523843047167,0.16146566695278178
79,0.4708,194,3743,194,63255,542355,2995,104961,5.023852310200452,0.1621480080826057
80,0.4709,42,1129,42,64384,541226,3037,104919,5.0133943458446035,0.162376865873759
81,0.471,59,931,59,65315,540295,3096,104860,5.00477046204009,0.16253458471220095
82,0.4711,190,3771,190,69086,536524,3286,104670,4.969839564266923,0.16324232603549005
83,0.4712,0,3,0,69089,536521,3286,104670,4.969811775167661,0.16324308981255195
84,0.4713,20,535,20,69624,535986,3306,104650,4.964856052465819,0.16335329266541374
85,0.4714,34,417,34,70041,535569,3340,104616,4.960993367668309,0.16341526277560392
86,0.4715,518,9805,518,79846,525764,3858,104098,4.870169328244841,0.16527112288088502
87,0.4716,0,11,0,79857,525753,3858,104098,4.870067434880878,0.1652740092498067
88,0.4717,21,275,21,80132,525478,3879,104077,4.8675201007818,0.16531835979382262
89,0.4719,0,10,0,80142,525468,3879,104077,4.867427470450925,0.16532098579132548
90,0.472,1,24,1,80166,525444,3880,104076,4.867205157656823,0.16532596263820054
91,0.4721,4,57,4,80223,525387,3884,104072,4.866677164770833,0.1653356294850022
92,0.4722,37,584,37,80807,524803,3921,104035,4.861267553447701,0.16544006564488786
93,0.4723,40,316,40,81123,524487,3961,103995,4.858340434992034,0.165470132796166
94,0.4724,0,3,0,81126,524484,3961,103995,4.858312645892771,0.16547092265612692
95,0.4725,5,100,5,81226,524384,3966,103990,4.857386342584015,0.16549061546149268
96,0.4726,4,172,4,81398,524212,3970,103986,4.8557931008929565,0.16553061295960828
97,0.4727,58,436,58,81834,523776,4028,103928,4.851754418466783,0.1655684845086219
98,0.4728,39,249,39,82083,523527,4067,103889,4.849447923227982,0.16558232496461678
99,0.4729,28,245,28,82328,523282,4095,103861,4.847178480121531,0.1656097572642922
100,0.473,1,68,1,82396,523214,4096,103860,4.846548593871577,0.16562638540267974
101,0.4731,25,290,25,82686,522924,4121,103835,4.843862314276187,0.16566973908631547
102,0.4732,1,40,1,82726,522884,4122,103834,4.843491792952684,0.16567898161533576
103,0.4733,38,543,38,83269,522341,4160,103796,4.838461965986142,0.16577202752752193
104,0.4734,26,415,26,83684,521926,4186,103770,4.834617807254808,0.16584731243287476
105,0.4735,4,34,4,83718,521892,4190,103766,4.834302864129831,0.16585099207554288
106,0.4736,20,217,20,83935,521675,4210,103746,4.832292785949831,0.16588186197777177
107,0.4738,3,21,3,83956,521654,4213,103743,4.832098262254993,0.16588343084472743
108,0.4739,0,8,0,83964,521646,4213,103743,4.8320241579902925,0.16588555283191742
109,0.474,3,71,3,84035,521575,4216,103740,4.831366482641076,0.1659003862053525
110,0.4741,2,20,2,84055,521555,4218,103738,4.831181221979325,0.16590302466203843
111,0.4743,0,11,0,84066,521544,4218,103738,4.8310793286153615,0.16590594323841082
112,0.4744,1,3,1,84069,521541,4219,103737,4.831051539516099,0.16590540527573336
113,0.4745,10,61,10,84130,521480,4229,103727,4.830486494497758,0.16590825118720678
114,0.4746,0,9,0,84139,521471,4229,103727,4.83040312719997,0.16591063950940343
115,0.4748,0,4,0,84143,521467,4229,103727,4.83036607506762,0.16591170100800712
116,0.4749,4,60,4,84203,521407,4233,103723,4.8298102930823665,0.16592228816406188
117,0.475,24,597,24,84800,520810,4257,103699,4.824280262329097,0.16604884797496913
118,0.4751,3,35,3,84835,520775,4260,103696,4.823956056171033,0.16605414823106276
119,0.4752,67,1012,67,85847,519763,4327,103629,4.814581866686428,0.16623408705918588
120,0.4754,22,294,22,86141,519469,4349,103607,4.811858534958687,0.1662830858514852
121,0.4755,29,570,29,86711,518899,4378,103578,4.806578606098781,0.16639650942926407
122,0.4756,22,296,22,87007,518603,4400,103556,4.803836748304865,0.16644619783688736
123,0.4757,9,163,9,87170,518440,4409,103547,4.802326873911594,0.1664777559659607
124,0.4758,0,3,0,87173,518437,4409,103547,4.802299084812331,0.16647855893399188
125,0.4759,156,2186,156,89359,516251,4565,103391,4.782050094482938,0.1668560233166893
126,0.4761,136,1808,136,91167,514443,4701,103255,4.765302530660639,0.16716097510433903
127,0.4762,3,104,3,91271,514339,4704,103252,4.764339175219534,0.16718507879810424
128,0.4764,7,179,7,91450,514160,4711,103245,4.762681092296861,0.16722410735254817
129,0.4766,368,4905,368,96355,509255,5079,102877,4.717245915002408,0.1680634242287611
130,0.4767,78,988,78,97343,508267,5157,102799,4.708094038311905,0.16822896381078312
131,0.4768,16,274,16,97617,507993,5173,102783,4.705555967245915,0.16828264371881016
132,0.4769,67,1232,67,98849,506761,5240,102716,4.694143910482048,0.16853138018333752
133,0.477,314,4274,314,103123,502487,5554,102402,4.654553707065841,0.1692905640539008
134,0.4771,1,20,1,103143,502467,5555,102401,4.65436844640409,0.16929478828438602
135,0.4772,208,2709,208,105852,499758,5763,102193,4.629274889769906,0.1697696324119405
136,0.4773,344,4770,344,110622,494988,6107,101849,4.585090221942273,0.1706479323500386
137,0.4774,20,349,20,110971,494639,6127,101829,4.581857423394716,0.17071997156595156
138,0.4775,264,3426,264,114397,491213,6391,101565,4.550122272036756,0.17133733033277213
139,0.4776,5,60,5,114457,491153,6396,101560,4.549566490051502,0.17134768429239783
140,0.4778,46,903,46,115360,490250,6442,101514,4.541201971173441,0.17154473742911025
141,0.4779,58,838,58,116198,489412,6500,101456,4.53343954944607,0.1717067094511803
142,0.478,131,1671,131,117869,487741,6631,101325,4.517961021156768,0.17200958805974204
143,0.4782,24,191,24,118060,487550,6655,101301,4.516191781837045,0.17203163448818123
144,0.4783,0,1,0,118061,487549,6655,101301,4.516182518803957,0.1720319266366647
145,0.4784,2,15,2,118076,487534,6657,101299,4.516043573307644,0.17203349676393817
146,0.4785,15,247,15,118323,487287,6672,101284,4.513755604135018,0.17208459132373155
147,0.4786,71,747,71,119070,486540,6743,101213,4.506836118418615,0.17220328947704222
148,0.4787,35,295,35,119365,486245,6778,101178,4.504103523657786,0.17224044683303175
149,0.4788,42,458,42,119823,485787,6820,101136,4.499861054503687,0.17231561891423577
150,0.4789,303,3998,303,123821,481789,7123,100833,4.462827448219645,0.17306761502311963
151,0.479,52,701,52,124522,481088,7175,100781,4.456334062025269,0.17320221561897953
152,0.4791,44,513,44,125035,480575,7219,100737,4.451582126051354,0.17329248321039303
153,0.4792,289,3919,289,128954,476656,7508,100448,4.415280299381229,0.17405528292993983
154,0.4793,118,1255,118,130209,475401,7626,100330,4.403655192856349,0.17426541214560273
155,0.4794,298,3955,298,134164,471446,7924,100032,4.367019896995072,0.17504085896569946
156,0.4795,3,103,3,134267,471343,7927,100029,4.366065804587054,0.17506808174009228
157,0.4796,259,3261,259,137528,468082,8186,99770,4.33585905368854,0.17569718870409895
158,0.4797,1,7,1,137535,468075,8187,99769,4.335794212456927,0.1756979029451751
159,0.4798,338,4470,338,142005,463605,8525,99431,4.29438845455556,0.1765979440035806
160,0.48,32,515,32,142520,463090,8557,99399,4.28961799251547,0.176712789050097
161,0.4801,23,193,23,142713,462897,8580,99376,4.287830227129572,0.17673976876001515
162,0.4802,0,3,0,142716,462894,8580,99376,4.287802438030309,0.17674071175769648
163,0.4803,3,79,3,142795,462815,8583,99373,4.287070658416392,0.17676115463154674
164,0.4804,34,448,34,143243,462367,8617,99339,4.282920819593167,0.1768523035182106
165,0.4805,45,231,45,143474,462136,8662,99294,4.280781058949943,0.17685909196159807
166,0.4806,4,57,4,143531,462079,8666,99290,4.280253066063952,0.17687118455062534
167,0.4807,64,498,64,144029,461581,8730,99226,4.27564007558635,0.17693431073435245
168,0.4808,9,93,9,144122,461488,8739,99217,4.274778613509207,0.17695044631312365
169,0.4809,53,394,53,144516,461094,8792,99164,4.271128978472711,0.17699702636999382
170,0.481,18,449,18,144965,460645,8810,99146,4.2669698766163995,0.17711252949761608
171,0.4811,55,517,55,145482,460128,8865,99091,4.262180888510134,0.17719533849887076
172,0.4812,74,1167,74,146649,458961,8939,99017,4.251370928896958,0.1774568172938718
173,0.4814,19,190,19,146839,458771,8958,98998,4.249610952610323,0.177489247340745
174,0.4815,59,888,59,147727,457883,9017,98939,4.241385379228575,0.17768514893448895
175,0.4816,1,64,1,147791,457819,9018,98938,4.240792545110971,0.17770409711956922
176,0.4817,34,303,34,148094,457516,9052,98904,4.237985846085442,0.17775062003522518
177,0.4818,22,257,22,148351,457259,9074,98882,4.235605246581941,0.1778002341132914
178,0.4819,14,181,14,148532,457078,9088,98868,4.233928637593094,0.17783741586413068
179,0.482,60,858,60,149390,456220,9148,98808,4.225980955203972,0.17802345106913525
180,0.4821,28,295,28,149685,455925,9176,98780,4.223248360443144,0.17807663532868823
181,0.4823,2,34,2,149719,455891,9178,98778,4.222933417318167,0.17808458738454827
182,0.4824,88,722,88,150441,455169,9266,98690,4.216245507428953,0.1781861448491403
183,0.4825,18,197,18,150638,454972,9284,98672,4.214420689910704,0.17822282911040307
184,0.4826,2,44,2,150682,454928,9286,98670,4.2140131164548515,0.17823402541194153
185,0.4827,62,485,62,151167,454443,9348,98608,4.209520545407388,0.17829820396310647
186,0.4828,29,473,29,151640,453970,9377,98579,4.205139130756975,0.17840770682781074
187,0.4829,1,2,1,151642,453968,9378,98578,4.2051206046908,0.17840686567272226
188,0.483,112,1029,112,152671,452939,9490,98466,4.195588943643707,0.1785729182724132
189,0.4831,1,5,1,152676,452934,9491,98465,4.195542628478269,0.17857304782924888
190,0.4832,9,119,9,152795,452815,9500,98456,4.19444032754085,0.17859818492175356
191,0.4833,1,28,1,152823,452787,9501,98455,4.194180962614398,0.17860576661430008
192,0.4834,16,250,16,153073,452537,9517,98439,4.19186520434251,0.17866295446625624
193,0.4835,48,448,48,153521,452089,9565,98391,4.187715365519286,0.17873673884609795
194,0.4836,6,67,6,153588,452022,9571,98385,4.18709474230242,0.17874954351961367
195,0.4837,93,990,93,154578,451032,9664,98292,4.177924339545741,0.1789326517683553
196,0.4838,95,953,95,155531,450079,9759,98197,4.169096669013301,0.17910140148392414
197,0.4839,87,818,87,156349,449261,9846,98110,4.161519507947682,0.17923857858746628
198,0.484,8,86,8,156435,449175,9854,98102,4.160722887102152,0.17925474668221028
199,0.4841,0,5,0,156440,449170,9854,98102,4.160676571936715,0.1792563843938663
200,0.4842,33,359,33,156799,448811,9887,98069,4.157351143058283,0.17932453188999414
201,0.4843,10,38,10,156837,448773,9897,98059,4.156999147800956,0.17932198554583492
202,0.4844,7,57,7,156894,448716,9904,98052,4.156471154914965,0.1793301729435519
203,0.4845,35,369,35,157263,448347,9939,98017,4.1530530957056575,0.17939871587439876
204,0.4846,23,195,23,157458,448152,9962,97994,4.151246804253585,0.17942821150388358
205,0.4847,463,5461,463,162919,442691,10425,97531,4.100661380562451,0.18053874148035437
206,0.4848,18,253,18,163172,442438,10443,97513,4.0983178331913,0.1805960170459912
207,0.4849,18,218,18,163390,442220,10461,97495,4.096298491978214,0.18064163493695748
208,0.485,8,62,8,163452,442158,10469,97487,4.095724183926785,0.18065024228891216
209,0.4851,667,7488,667,170940,434670,11136,96820,4.026362592167179,0.18216711509153513
210,0.4852,5,23,5,170963,434647,11141,96815,4.0261495424061655,0.18216730452976881
211,0.4853,327,3678,327,174641,430969,11468,96488,3.9920801067101412,0.1829305516847819
212,0.4854,99,844,99,175485,430125,11567,96389,3.9842621067842456,0.1830701557793335
213,0.4856,17,151,17,175636,429974,11584,96372,3.982863388788025,0.18309629027293833
214,0.4857,11,123,11,175759,429851,11595,96361,3.9817240357182557,0.1831220116606995
215,0.4858,357,3792,357,179551,426059,11952,96004,3.94659861425025,0.1838935147673748
216,0.4859,229,2290,229,181841,423769,12181,95775,3.925386268479751,0.18434434812065967
217,0.486,18,108,18,181949,423661,12199,95757,3.924385860906295,0.18435441205349062
218,0.4861,0,10,0,181959,423651,12199,95757,3.9242932305754197,0.18435796137140745
219,0.4862,4,22,4,181981,423629,12203,95753,3.9240894438474934,0.18435948877704655
220,0.4863,105,1087,105,183068,422542,12308,95648,3.914020526881322,0.18458094521314575
221,0.4864,168,1263,168,184331,421279,12476,95480,3.902321316091741,0.18476698035254344
222,0.4865,19,145,19,184476,421134,12495,95461,3.900978176294046,0.18478885780930904
223,0.4866,19,130,19,184606,421004,12514,95442,3.899773981992664,0.1848053813951507
224,0.4867,383,3867,383,188473,417137,12897,95059,3.863953833043092,0.1855910627962733
225,0.4868,5,85,5,188558,417052,12902,95054,3.8631664752306496,0.18561391586898024
226,0.4869,102,1112,102,189670,415940,13004,94952,3.8528659824372893,0.18585532754476483
227,0.487,326,3207,326,192877,412733,13330,94626,3.823159435325503,0.18650699011942234
228,0.4871,55,531,55,193408,412202,13385,94571,3.8182407647560117,0.18661412506191136
229,0.4872,362,3581,362,196989,408621,13747,94209,3.78506984326948,0.18735755623172842
230,0.4873,90,738,90,197727,407883,13837,94119,3.7782337248508653,0.18748730084740697
231,0.4874,18,100,18,197827,407783,13855,94101,3.7773074215421096,0.18749551689234964
232,0.4875,288,2628,288,200455,405155,14143,93813,3.7529641705880175,0.1880140610219493
233,0.4876,27,218,27,200673,404937,14170,93786,3.7509448293749306,0.18805228553726216
234,0.4877,413,3740,413,204413,401197,14583,93373,3.716301085627478,0.18879632812342034
235,0.4878,53,503,53,204916,400694,14636,93320,3.711641779984438,0.18890152910646257
236,0.4879,4,32,4,204948,400662,14640,93316,3.7113453629256363,0.1889071982962804
237,0.4881,3,26,3,204974,400636,14643,93313,3.71110452406536,0.1889122156335978
238,0.4882,93,741,93,205715,399895,14736,93220,3.7042406165474824,0.1890431238149316
239,0.4883,13,64,13,205779,399831,14749,93207,3.703647782429879,0.18904628040840665
240,0.4884,8,123,8,205902,399708,14757,93199,3.7025084293601096,0.1890802930370232
241,0.4885,37,343,37,206245,399365,14794,93162,3.6993312090110786,0.18915105161747478
242,0.4886,1092,9023,1092,215268,390342,15886,92070,3.615750861462077,0.19085346135668266
243,0.4887,100,715,100,215983,389627,15986,91970,3.609127792804476,0.19096879756310775
244,0.4888,0,1,0,215984,389626,15986,91970,3.609118529771388,0.19096919409629648
245,0.4889,328,2950,328,218934,386676,16314,91642,3.5817925821631036,0.1915922043494077
246,0.489,1014,9076,1014,228010,377600,17328,90628,3.4977212938604616,0.19355527648923174
247,0.4891,3,5,3,228015,377595,17331,90625,3.497674978695024,0.1935521763273675
248,0.4892,72,534,72,228549,377061,17403,90553,3.49272851902627,0.1936490353154525
249,0.4893,946,8802,946,237351,368259,18349,89607,3.411195301789618,0.19570573049756915
250,0.4894,770,6969,770,244320,361290,19119,88837,3.346641224202453,0.19735985621835617
251,0.4895,1018,8471,1018,252791,352819,20137,87819,3.268174070917781,0.19929965186842716
252,0.4897,3,1,3,252792,352818,20140,87816,3.268164807884694,0.19929465270496602
253,0.4898,86,703,86,253495,352115,20226,87730,3.261652895624143,0.1994566267662472
254,0.4899,30,232,30,253727,351883,20256,87700,3.2595038719478304,0.19950726028986562
255,0.49,24,161,24,253888,351722,20280,87676,3.2580125236207342,0.19953663876485556
256,0.4901,6,66,6,253954,351656,20286,87670,3.2574011634369557,0.1995556830235406
257,0.4903,35,264,35,254218,351392,20321,87635,3.2549557227018413,0.19961186897389
258,0.4904,46,443,46,254661,350949,20367,87589,3.250852199044055,0.1997295559335793
259,0.4905,76,569,76,255230,350380,20443,87513,3.2455815332172366,0.1998501917135008
260,0.4907,6,33,6,255263,350347,20449,87507,3.245275853125347,0.1998542893293198
261,0.4908,149,972,149,256235,349375,20598,87358,3.236272184964245,0.20002610290497855
262,0.4909,24,189,24,256424,349186,20622,87334,3.234521471710697,0.20006872537340786
263,0.491,8,103,8,256527,349083,20630,87326,3.233567379302679,0.2001012811376484
264,0.4911,219,1727,219,258254,347356,20849,87107,3.2175701211604726,0.20049348275917628
265,0.4912,20,244,20,258498,347112,20869,87087,3.2153099410871095,0.20056932420387888
266,0.4913,210,1282,210,259780,345830,21079,86877,3.2034347326688652,0.2007755825535524
267,0.4914,12,71,12,259851,345759,21091,86865,3.202777057319649,0.20078636414068568
268,0.4915,198,1277,198,261128,344482,21289,86667,3.190948164066842,0.20101403459128978
269,0.4916,111,924,111,262052,343558,21400,86556,3.182389121493942,0.2012396713429463
270,0.4917,34,324,34,262376,343234,21434,86522,3.1793878987735744,0.2013281955342101
271,0.4918,112,847,112,263223,342387,21546,86410,3.171542109748416,0.20151726807790166
272,0.4919,1,5,1,263228,342382,21547,86409,3.1714957945829783,0.20151775573647768
273,0.492,3,15,3,263243,342367,21550,86406,3.171356849086665,0.20151921879409385
274,0.4921,112,846,112,264089,341521,21662,86294,3.1635203230945943,0.20170868249126375
275,0.4922,1,3,1,264092,341518,21663,86293,3.1634925339953313,0.20170823097115315
276,0.4923,111,926,111,265018,340592,21774,86182,3.154914965356256,0.20193826240586352
277,0.4924,7,28,7,265046,340564,21781,86175,3.1546556004298045,0.20193842137700094
278,0.4925,579,4207,579,269253,336357,22360,85596,3.115686020230464,0.20285671626934754
279,0.4926,226,1631,226,270884,334726,22586,85370,3.100578013264663,0.20321545551492992
280,0.4927,1,3,1,270887,334723,22587,85369,3.1005502241654006,0.20321501004541861
281,0.4929,528,3763,528,274650,330960,23115,84841,3.065693430656934,0.20404231832054276
282,0.493,480,3544,480,278194,327416,23595,84361,3.032865241394642,0.20487059743501945
283,0.4931,107,879,107,279073,326537,23702,84254,3.024723035310682,0.20510186445175282
284,0.4932,633,4309,633,283382,322228,24335,83621,2.9848086257364113,0.2060396847103233
285,0.4933,0,4,0,283386,322224,24335,83621,2.984771573604061,0.2060417154332319
286,0.4934,22,151,22,283537,322073,24357,83599,2.9833728556078403,0.20607535151551007
287,0.4935,26,140,26,283677,321933,24383,83573,2.9820760309755827,0.20609559414657244
288,0.4936,15,74,15,283751,321859,24398,83558,2.9813905665271037,0.20610383876354468
289,0.4937,644,4713,644,288464,317146,25042,82914,2.9377338915854607,0.20725391191321302
290,0.4938,1,11,1,288475,317135,25043,82913,2.9376319982214976,0.20725762908450987
291,0.4939,7,56,7,288531,317079,25050,82906,2.9371132683685945,0.20727277272897734
292,0.494,53,377,53,288908,316702,25103,82853,2.933621104894587,0.20736319155060004
293,0.4941,176,1095,176,290003,315607,25279,82677,2.923478083663715,0.20758303120386457
294,0.4942,116,662,116,290665,314945,25395,82561,2.917345955759754,0.2076974938743063
295,0.4943,54,412,54,291077,314533,25449,82507,2.9135295861276815,0.20780525891597823
296,0.4944,1064,7771,1064,298848,306762,26513,81443,2.841546556004298,0.2097937945157842
297,0.4945,99,698,99,299546,306064,26612,81344,2.8350809589091854,0.2099698509065378
298,0.4946,212,1597,212,301143,304467,26824,81132,2.820287895068361,0.21040510997175824
299,0.4947,123,711,123,301854,303756,26947,81009,2.8137018785431103,0.21054149935675023
300,0.4948,1223,8505,1223,310359,295251,28170,79786,2.7349197821334617,0.21274167615461942
301,0.4949,26,177,26,310536,295074,28196,79760,2.733280225276965,0.21278752727874206
302,0.495,1288,9464,1288,320000,285610,29484,78472,2.645614880136352,0.2155338632505864
303,0.4951,1066,7318,1066,327318,278292,30550,77406,2.5778280040016304,0.21761719211240996
304,0.4952,124,610,124,327928,277682,30674,77282,2.5721775538182223,0.21771785307805863
305,0.4953,35,279,35,328207,277403,30709,77247,2.5695931675867945,0.2178119272522205
306,0.4954,61,608,61,328815,276795,30770,77186,2.563961243469562,0.21805125133834866
307,0.4955,1008,6694,1008,335509,270101,31778,76178,2.501954499981474,0.21999023908466872
308,0.4956,55,351,55,335860,269750,31833,76123,2.4987031753677424,0.2200894547998832
309,0.4957,401,2936,401,338796,266814,32234,75722,2.471506910222683,0.22106289557885886
310,0.4958,310,2155,310,340951,264659,32544,75412,2.451545073919004,0.22175369261124883
311,0.4959,311,1977,311,342928,262682,32855,75101,2.4332320575049096,0.2223350494252227
312,0.496,64,492,64,343420,262190,32919,75037,2.4286746452258328,0.222511839206232
313,0.4961,12,67,12,343487,262123,32931,75025,2.4280540220089666,0.22252838516022638
314,0.4962,33,245,33,343732,261878,32964,74992,2.425784578902516,0.222614064772761
315,0.4963,290,1992,290,345724,259886,33254,74702,2.407332616992108,0.22326562817554724
316,0.4964,76,359,76,346083,259527,33330,74626,2.4040071881136758,0.2233288343962197
317,0.4965,941,6481,941,352564,253046,34271,73685,2.3439734706732374,0.22552191252130957
318,0.4966,257,1289,257,353853,251757,34528,73428,2.3320334210233797,0.22580377323677292
319,0.4967,29,123,29,353976,251634,34557,73399,2.3308940679536105,0.22582014749271612
320,0.4968,1261,8486,1261,362462,243148,35818,72138,2.252287969172626,0.22880178631464765
321,0.4969,29,106,29,362568,243042,35847,72109,2.2513060876653452,0.22880777785886766
322,0.497,92,455,92,363023,242587,35939,72017,2.247091407610508,0.22891317338622522
323,0.4971,1114,7467,1114,370490,235120,37053,70903,2.177924339545741,0.2316917355885015
324,0.4972,159,777,159,371267,234343,37212,70744,2.1707269628367114,0.23188139776522762
325,0.4973,1826,11392,1826,382659,222951,39038,68918,2.065202489903294,0.23612648140090245
326,0.4974,18,137,18,382796,222814,39056,68900,2.063933454370299,0.23619024112658288
327,0.4975,0,17,0,382813,222797,39056,68900,2.0637759828078104,0.2362040062119254
328,0.4976,0,1,0,382814,222796,39056,68900,2.063766719774723,0.23620481597279358
329,0.4977,6,22,6,382836,222774,39062,68894,2.063562933046797,0.23620692019693623
330,0.4978,62,293,62,383129,222481,39124,68832,2.0608488643521437,0.23628193729768324
331,0.4979,186,826,186,383955,221655,39310,68646,2.0531975990218236,0.2364649105583515
332,0.498,66,430,66,384385,221225,39376,68580,2.0492144947941755,0.23664187988475008
333,0.4981,39,264,39,384649,220961,39415,68541,2.046769054059061,0.2367548410719097
334,0.4982,5,38,5,384687,220923,39420,68536,2.046417058801734,0.23677273810798766
335,0.4983,221,1098,221,385785,219825,39641,68315,2.0362462484715995,0.2370896092177414
336,0.4984,202,1073,202,386858,218752,39843,68113,2.026307013968654,0.23743921356735748
337,0.4985,153,690,153,387548,218062,39996,67960,2.0199155211382416,0.23760410038388655
338,0.4986,414,1694,414,389242,216368,40410,67546,2.0042239430879247,0.23791007135963707
339,0.4987,1,10,1,389252,216358,40411,67545,2.0041313127570493,0.23791576700492775
340,0.4988,30,174,30,389426,216184,40441,67515,2.0025195449998145,0.23798109968663972
341,0.4989,256,1450,256,390876,214734,40697,67259,1.9890881470228612,0.23851301273435865
342,0.499,172,1038,172,391914,213696,40869,67087,1.97947311867798,0.2389282826951774
343,0.4991,127,626,127,392540,213070,40996,66960,1.973674459965171,0.23911723743884583
344,0.4992,9,42,9,392582,213028,41005,66951,1.9732854125754937,0.23912864893438437
345,0.4993,9,46,9,392628,212982,41014,66942,1.9728593130534662,0.23914348180220346
346,0.4994,268,1327,268,393955,211655,41282,66674,1.9605672681462818,0.23955103492629226
347,0.4995,1,12,1,393967,211643,41283,66673,1.9604561117492312,0.23955863119619425
348,0.4996,170,1023,170,394990,210620,41453,66503,1.9509800289006631,0.23997647254107382
349,0.4997,37,211,37,395201,210409,41490,66466,1.9490255289191893,0.24005778781038375
350,0.4998,6,8,6,395209,210401,41496,66460,1.9489514246544888,0.2400482552616656
351,0.4999,14,85,14,395294,210316,41510,66446,1.9481640668420468,0.24008353747985633
352,0.5,1,5,1,395299,210311,41511,66445,1.948117751676609,0.240085129139025
353,0.5001,158,887,158,396186,209424,41669,66287,1.9399014413279485,0.24042203611752885
354,0.5002,15,104,15,396290,209320,41684,66272,1.9389380858868428,0.24047142152166973
355,0.5003,10,71,10,396361,209249,41694,66262,1.9382804105376263,0.24050582372391666
356,0.5004,41,165,41,396526,209084,41735,66221,1.93675201007818,0.2405368591198852
357,0.5005,34,239,34,396765,208845,41769,66187,1.9345381451702546,0.24065199685854738
358,0.5006,30,150,30,396915,208695,41799,66157,1.9331486902071213,0.24070044969656396
359,0.5007,70,364,70,397279,208331,41869,66087,1.9297769461632517,0.24082603910822176
360,0.5008,43,248,43,397527,208083,41912,66044,1.9274797139575384,0.24092482681384905
361,0.5009,359,1866,359,399393,206217,42271,65685,1.9101948942161622,0.2415760090032438
362,0.501,151,731,151,400124,205486,42422,65534,1.90342361702916,0.24180503283890487
363,0.5011,23,65,23,400189,205421,42445,65511,1.902821519878469,0.24179868011161473
364,0.5012,55,308,55,400497,205113,42500,65456,1.8999685056875024,0.24191980603838578
365,0.5013,25,104,25,400601,205009,42525,65431,1.8990051502463967,0.24194275994675343
366,0.5014,219,1351,219,401952,203658,42744,65212,1.8864907925451109,0.24254100494662847
367,0.5015,757,4122,757,406074,199536,43501,64455,1.8483085701582127,0.24415605077445823
368,0.5016,4,9,4,406083,199527,43505,64451,1.8482252028604247,0.2441529218343953
369,0.5017,0,2,0,406085,199525,43505,64451,1.8482066767942495,0.2441547716459072
370,0.5018,74,274,74,406359,199251,43579,64377,1.8456686057282596,0.24419636760890345
371,0.5019,75,528,75,406887,198723,43654,64302,1.840777724258031,0.24447105788423154
372,0.502,699,3565,699,410452,195158,44353,63603,1.8077550113009004,0.2457982462581301
373,0.5021,12,75,12,410527,195083,44365,63591,1.8070602838193337,0.24583452530984945
374,0.5022,1312,6460,1312,416987,188623,45677,62279,1.7472210900737337,0.2482204207220349
375,0.5023,80,380,80,417367,188243,45757,62199,1.7437011375004632,0.2483569049919742
376,0.5024,72,417,72,417784,187826,45829,62127,1.7398384527029531,0.2485547282889183
377,0.5025,649,3477,649,421261,184349,46478,61478,1.7076308866575272,0.25008644290496973
378,0.5026,1390,6851,1390,428112,177498,47868,60088,1.6441698469746935,0.25291052503093614
379,0.5027,29,142,29,428254,177356,47897,60059,1.6428544962762608,0.25297053682370535
380,0.5028,994,5446,994,433700,171910,48891,59065,1.5924080180814406,0.25572031605152074
381,0.5029,1302,6510,1302,440210,165400,50193,57763,1.5321056726814628,0.25883771055237653
382,0.503,2056,9844,2056,450054,155556,52249,55707,1.4409203749675794,0.26368554834495395
383,0.5032,252,1287,252,451341,154269,52501,55455,1.4289988513838972,0.26441895062081594
384,0.5033,41,212,41,451553,154057,52542,55414,1.4270350883693357,0.2645425858472056
385,0.5034,1143,5422,1143,456975,148635,53685,54271,1.3768109229686167,0.26746868007846
386,0.5035,1076,5493,1076,462468,143142,54761,53195,1.3259290822186818,0.27093721509445495
387,0.5036,349,1717,349,464185,141425,55110,52846,1.3100244544073512,0.2720220722598844
388,0.5037,732,3485,732,467670,137940,55842,52114,1.2777427840972249,0.274206278215665
389,0.5038,1086,5654,1086,473324,132286,56928,51028,1.2253695950201935,0.27836390019311125
390,0.5039,11,10,11,473334,132276,56939,51017,1.2252769646893178,0.2783357793259972
391,0.504,95,402,95,473736,131874,57034,50922,1.2215532253881212,0.2785728352918007
392,0.5041,46,130,46,473866,131744,57080,50876,1.220349031086739,0.2785894206549118
393,0.5042,158,739,158,474605,131005,57238,50718,1.2135036496350364,0.2790951062881418
394,0.5043,222,885,222,475490,130120,57460,50496,1.205305865352551,0.2795765602161492
395,0.5044,221,825,221,476315,129295,57681,50275,1.197663863055319,0.2799743832488723
396,0.5045,30,141,30,476456,129154,57711,50245,1.1963577753899737,0.2800740249388235
397,0.5046,142,663,142,477119,128491,57853,50103,1.1902163844529252,0.28054133957467775
398,0.5047,21,81,21,477200,128410,57874,50082,1.1894660787728333,0.28058400376487463
399,0.5048,17,55,17,477255,128355,57891,50065,1.188956611953018,0.280601950453985
400,0.5049,200,816,200,478071,127539,58091,49865,1.1813979769535736,0.2810815990620279
401,0.505,42,180,42,478251,127359,58133,49823,1.179730630997814,0.2811967355600456
402,0.5051,332,1200,332,479451,126159,58465,49491,1.1686149912927488,0.2817591801878736
403,0.5052,23,79,23,479530,126080,58488,49468,1.167883211678832,0.28179187458700755
404,0.5053,130,496,130,480026,125584,58618,49338,1.1632887472674052,0.2820571454705526
405,0.5054,131,535,131,480561,125049,58749,49207,1.1583330245655636,0.2823833899550087
406,0.5055,2,21,2,480582,125028,58751,49205,1.158138500870725,0.28240918769693457
407,0.5056,3,3,3,480585,125025,58754,49202,1.1581107117714624,0.28240169434129037
408,0.5057,3,6,3,480591,125019,58757,49199,1.1580551335729372,0.2823990632426041
409,0.5058,214,883,214,481474,124136,58971,48985,1.1498758753566267,0.282952385903501
410,0.5059,59,293,59,481767,123843,59030,48926,1.1471618066619733,0.2831873773651523
411,0.506,3,10,3,481777,123833,59033,48923,1.1470691763310978,0.28319132186436363
412,0.5061,6,20,6,481797,123813,59039,48917,1.1468839156693467,0.2831992126440109
413,0.5062,156,588,156,482385,123225,59195,48761,1.141437252213865,0.2835172630330376
414,0.5063,152,506,152,482891,122719,59347,48609,1.1367501574715624,0.2837189484497572
415,0.5064,77,251,77,483142,122468,59424,48532,1.1344251361665865,0.283812865497076
416,0.5065,73,255,73,483397,122213,59497,48459,1.13206306272926,0.2839305802943658
417,0.5066,33,174,33,483571,122039,59530,48426,1.1304512949720256,0.2840817763177192
418,0.5067,258,1069,258,484640,120970,59788,48168,1.1205491126014302,0.28478520498054843
419,0.5068,0,3,0,484643,120967,59788,48168,1.1205213235021676,0.28479025630413574
420,0.5069,2,9,2,484652,120958,59790,48166,1.1204379562043796,0.28479695371443436
421,0.507,8,25,8,484677,120933,59798,48158,1.1202063803771907,0.2848052232229983
422,0.5071,0,1,0,484678,120932,59798,48158,1.1201971173441032,0.28480690756401916
423,0.5072,105,367,105,485045,120565,59903,48053,1.1167975842009707,0.2849814373317202
424,0.5073,9,40,9,485085,120525,59912,48044,1.1164270628774686,0.28501088575004896
425,0.5074,145,479,145,485564,120046,60057,47899,1.1119900700285301,0.28520646640269137
426,0.5075,31,155,31,485719,119891,60088,47868,1.1105542998999594,0.28533789543332994
427,0.5076,98,357,98,486076,119534,60186,47770,1.1072473970877024,0.28552814039114427
428,0.5077,18,44,18,486120,119490,60204,47752,1.10683982363185,0.28552636299494144
429,0.5078,173,694,173,486814,118796,60377,47579,1.1004112786690874,0.28597445529676935
430,0.5079,1,8,1,486822,118788,60378,47578,1.100337174404387,0.28598391498262865
431,0.508,55,206,55,487028,118582,60433,47523,1.0984289895883508,0.2861021642936697
432,0.5081,4,4,4,487032,118578,60437,47519,1.0983919374560005,0.28609186198426223
433,0.5082,470,1679,470,488711,116899,60907,47049,1.082839304901997,0.2869751384585356
434,0.5083,120,418,120,489129,116481,61027,46929,1.0789673570713996,0.28718560675601246
435,0.5084,15,120,15,489249,116361,61042,46914,1.077855793100893,0.28733118971061095
436,0.5085,26,92,26,489341,116269,61068,46888,1.0770035940568379,0.2873796404689961
437,0.5086,728,3026,728,492367,113243,61796,46160,1.048973655933899,0.2895804972302905
438,0.5087,430,1601,430,493968,111642,62226,45730,1.0341435399607248,0.29058536461378137
439,0.5089,802,3231,802,497199,108411,63028,44928,1.004214680054837,0.29299786747011525
440,0.509,40,160,40,497359,108251,63068,44888,1.0027325947608285,0.2931193229680225
441,0.5091,19,61,19,497420,108190,63087,44869,1.0021675497424878,0.2931483937566559
442,0.5092,21,50,21,497470,108140,63108,44848,1.00170439808811,0.2931471749418255
443,0.5093,1638,6355,1638,503825,101785,64746,43210,0.9428378228167031,0.29801027621642123
444,0.5094,815,3358,815,507183,98427,65561,42395,0.9117325577086961,0.30105381261450626
445,0.5095,45,202,45,507385,98225,65606,42350,0.9098614250250102,0.30126267117197225
446,0.5096,4,23,4,507408,98202,65610,42346,0.9096483752639964,0.30129208526624357
447,0.5097,69,270,69,507678,97932,65679,42277,0.9071473563303568,0.30152843255425826
448,0.5098,1190,4692,1190,512370,93240,66869,41087,0.8636852050835525,0.30587298160459175
449,0.5099,72,328,72,512698,92912,66941,41015,0.8606469302308348,0.3062489266540727
450,0.51,317,1197,317,513895,91715,67258,40698,0.8495590796250324,0.30735652843754013
451,0.5101,117,482,117,514377,91233,67375,40581,0.8450942976768313,0.30786562884063906
452,0.5102,97,359,97,514736,90874,67472,40484,0.8417688687983993,0.30819592259321854
453,0.5103,284,1233,284,515969,89641,67756,40200,0.830347549001445,0.3096094453986029
454,0.5104,165,610,165,516579,89031,67921,40035,0.824697098818037,0.31019013527962436
455,0.5105,161,504,161,517083,88527,68082,39874,0.8200285301419097,0.3105427527822992
456,0.5106,228,953,228,518036,87574,68310,39646,0.8112008596094705,0.3116333909762616
457,0.5107,833,2751,833,520787,84823,69143,38813,0.7857182555856089,0.31392959979294055
458,0.5108,114,346,114,521133,84477,69257,38699,0.7825132461373152,0.31417646294732743
459,0.5109,1047,3261,1047,524394,81216,70304,37652,0.752306495238801,0.316754719520813
460,0.511,21,75,21,524469,81141,70325,37631,0.7516117677572345,0.3168339339238204
461,0.5111,229,817,229,525286,80324,70554,37402,0.7440438697247027,0.31770382073628595
462,0.5112,122,326,122,525612,79998,70676,37280,0.74102412093816,0.3178771807159058
463,0.5113,31,92,31,525704,79906,70707,37249,0.740171921894105,0.31794631044342964
464,0.5114,632,2308,632,528012,77598,71339,36617,0.7187928415280299,0.3205971194676706
465,0.5115,204,609,204,528621,76989,71543,36413,0.7131516543777094,0.32109662968907077
466,0.5116,1367,4771,1367,533392,72218,72910,35046,0.6689577235169885,0.3267265811455847
467,0.5117,17,39,17,533431,72179,72927,35029,0.6685964652265738,0.3267386762181927
468,0.5118,24,72,24,533503,72107,72951,35005,0.6679295268442699,0.3268074538800508
469,0.5119,17,73,17,533576,72034,72968,34988,0.6672533254288784,0.32692343630281623
470,0.512,105,321,105,533897,71713,73073,34883,0.6642798918077736,0.32724492476265526
471,0.5121,332,1054,332,534951,70659,73405,34551,0.6545166549334914,0.3284003421727973
472,0.5122,72,249,72,535200,70410,73477,34479,0.6522101596946904,0.3287189314418099
473,0.5123,99,277,99,535477,70133,73576,34380,0.6496442995294379,0.32895429276740695
474,0.5124,83,333,83,535810,69800,73659,34297,0.6465597095112824,0.32947155057302324
475,0.5125,130,473,130,536283,69327,73789,34167,0.6421782948608692,0.33013508029450983
476,0.5126,29,101,29,536384,69226,73818,34138,0.6412427285190263,0.33026972640377694
477,0.5127,131,439,131,536823,68787,73949,34007,0.6371762569935899,0.3308267019475845
478,0.5128,9,38,9,536861,68749,73958,33998,0.6368242617362629,0.3308904396235413
479,0.5129,391,1238,391,538099,67511,74349,33607,0.6253566267738708,0.33235427915900234
480,0.513,61,153,61,538252,67358,74410,33546,0.6239393827114751,0.3324546103226829
481,0.5131,231,743,231,538995,66615,74641,33315,0.6170569491274223,0.3333833683578505
482,0.5132,63,172,63,539167,66443,74704,33252,0.6154637074363629,0.33353728873062843
483,0.5133,8,8,8,539175,66435,74712,33244,0.6153896031716626,0.33351056892625325
484,0.5134,25,67,25,539242,66368,74737,33219,0.6147689799547964,0.333567634329782
485,0.5135,112,313,112,539555,66055,74849,33107,0.6118696505983919,0.33386781226679574
486,0.5136,4,14,4,539569,66041,74853,33103,0.6117399681351662,0.3338880819817639
487,0.5137,96,248,96,539817,65793,74949,33007,0.6094427359294528,0.33407894736842103
488,0.5138,13,25,13,539842,65768,74962,32994,0.6092111601022638,0.334075859136105
489,0.5139,26,110,26,539952,65658,74988,32968,0.6081922264626329,0.33427290978038243
490,0.514,4,37,4,539989,65621,74992,32964,0.6078494942383934,0.3343713546685601
491,0.5141,1,2,1,539991,65619,74993,32963,0.6078309681722183,0.33437138625712604
492,0.5142,0,3,0,539994,65616,74993,32963,0.6078031790729557,0.33438156199596264
493,0.5143,2,13,2,540007,65603,74995,32961,0.6076827596428175,0.33441215859745954
494,0.5144,4,34,4,540041,65569,74999,32957,0.6073678165178406,0.3345005379290746
495,0.5145,5,8,5,540049,65561,75004,32952,0.6072937122531402,0.3344939246596896
496,0.5146,10,24,10,540073,65537,75014,32942,0.6070713994590389,0.33450786462088367
497,0.5147,44,79,44,540152,65458,75058,32898,0.6063396198451221,0.3344788319980479
498,0.5148,1,1,1,540153,65457,75059,32897,0.6063303568120345,0.33447546617321106
499,0.5149,2,8,2,540161,65449,75061,32895,0.6062562525473341,0.3344891401610673
500,0.515,11,22,11,540183,65427,75072,32884,0.6060524658194079,0.3344895281301177
501,0.5151,209,764,209,540947,64663,75281,32675,0.5989755085405165,0.33568596026217923
502,0.5152,100,329,100,541276,64334,75381,32575,0.5959279706547111,0.33614009018770186
503,0.5153,1,8,1,541284,64326,75382,32574,0.5958538663900107,0.3361609907120743
504,0.5154,4,8,4,541292,64318,75386,32570,0.5957797621253104,0.3361613409297333
505,0.5155,17,57,17,541349,64261,75403,32553,0.5952517692393198,0.33624269217261965
506,0.5156,375,1083,375,542432,63178,75778,32178,0.5852199044054985,0.33745123537061117
507,0.5157,164,563,164,542995,62615,75942,32014,0.5800048167772055,0.3383106658635302
508,0.5158,268,830,268,543825,61785,76210,31746,0.5723164993145355,0.33941687782660296
509,0.5159,73,272,73,544097,61513,76283,31673,0.5697969543147208,0.33989011224862103
510,0.516,145,405,145,544502,61108,76428,31528,0.5660454259142613,0.3403428472731983
511,0.5161,134,388,134,544890,60720,76562,31394,0.5624513690762903,0.34081681394793406
512,0.5162,85,300,85,545190,60420,76647,31309,0.5596724591500241,0.3413206292448408
513,0.5163,347,1152,347,546342,59268,76994,30962,0.5490014450331616,0.34314529535631166
514,0.5164,914,2496,914,548838,56772,77908,30048,0.5258809144466264,0.34609536973047683
515,0.5165,20,113,20,548951,56659,77928,30028,0.5248341917077328,0.34639565332748856
516,0.5166,41,138,41,549089,56521,77969,29987,0.5235558931416503,0.3466384611827808
517,0.5167,701,2033,701,551122,54488,78670,29286,0.5047241468746526,0.3495834029651204
518,0.5168,435,1192,435,552314,53296,79105,28851,0.49368261143428804,0.3512118519239899
519,0.5169,20,70,20,552384,53226,79125,28831,0.49303419911815927,0.35135332756498533
520,0.517,39,77,39,552461,53149,79164,28792,0.49232094557041756,0.3513747696513345
521,0.5171,1143,3184,1143,555645,49965,80307,27649,0.46282744821964505,0.35623727677996236
522,0.5172,18,54,18,555699,49911,80325,27631,0.4623272444329171,0.3563359211782002
523,0.5173,526,1438,526,557137,48473,80851,27105,0.4490070028530142,0.3586361110376035
524,0.5174,44,98,44,557235,48375,80895,27061,0.44809922561043386,0.35872792831009065
525,0.5175,30,93,30,557328,48282,80925,27031,0.44723776353329137,0.35891545948242665
526,0.5176,218,617,218,557945,47665,81143,26813,0.4415224721182704,0.36001235264104836
527,0.5177,658,1803,658,559748,45862,81801,26155,0.4248212234614102,0.3631781384950776
528,0.5178,20,48,20,559796,45814,81821,26135,0.4243765978732076,0.3632434085254833
529,0.5179,277,874,277,560670,44940,82098,25858,0.4162807069546852,0.3652363061103421
530,0.518,156,382,156,561052,44558,82254,25702,0.41274222831523955,0.36581269570167946
531,0.5181,234,582,234,561634,43976,82488,25468,0.407351143058283,0.36674154714590174
532,0.5182,30,118,30,561752,43858,82518,25438,0.4062581051539516,0.3670918956361118
533,0.5183,225,639,225,562391,43219,82743,25213,0.4003390270110045,0.3684387421089549
534,0.5184,2,5,2,562396,43214,82745,25211,0.4002927118455667,0.3684472049689441
535,0.5185,201,556,201,562952,42658,82946,25010,0.3951424654488866,0.3695986285984513
536,0.5186,185,479,185,563431,42179,83131,24825,0.39070547259994814,0.37050026864067814
537,0.5187,99,268,99,563699,41911,83230,24726,0.3882229797324836,0.37105511952819004
538,0.5188,127,308,127,564007,41603,83357,24599,0.3853699655415169,0.3715748768919368
539,0.5189,84,239,84,564246,41364,83441,24515,0.38315610063359146,0.3721216169037174
540,0.519,107,239,107,564485,41125,83548,24408,0.380942235725666,0.3724535730090184
541,0.5191,5,17,5,564502,41108,83553,24403,0.3807847641631776,0.3725023278533376
542,0.5192,37,147,37,564649,40961,83590,24366,0.37942309829930715,0.3729851363142345
543,0.5193,31,118,31,564767,40843,83621,24335,0.37833006039497574,0.3733621774218295
544,0.5194,139,378,139,565145,40465,83760,24196,0.37482863388788024,0.3741977389771269
545,0.5195,11,49,11,565194,40416,83771,24185,0.3743747452665901,0.37437500967477283
546,0.5196,23,66,23,565260,40350,83794,24162,0.37376338508281154,0.37453497023809523
547,0.5197,105,253,105,565513,40097,83899,24057,0.3714198377116603,0.37498830938055305
548,0.5198,24,68,24,565581,40029,83923,24033,0.3707899514617066,0.3751521963098249
549,0.5199,569,1268,569,566849,38761,84492,23464,0.3590444255066879,0.3770831659300924
550,0.52,184,490,184,567339,38271,84676,23280,0.35450553929378636,0.3782229370765707
551,0.5201,136,382,136,567721,37889,84812,23144,0.35096706065434063,0.3792046925433782
552,0.5202,93,301,93,568022,37588,84905,23051,0.34817888769498684,0.3801348966836524
553,0.5203,83,203,83,568225,37385,84988,22968,0.34629849197821333,0.3805610325915862
554,0.5204,966,2204,966,570429,35181,85954,22002,0.3258827670532439,0.3847647027962856
555,0.5205,549,1063,549,571492,34118,86503,21453,0.3160361628811738,0.38604667902323153
556,0.5206,71,192,71,571684,33926,86574,21382,0.3142576605283634,0.38659868373472195
557,0.5207,48,166,48,571850,33760,86622,21334,0.3127199970358294,0.3872290993574618
558,0.5208,450,918,450,572768,32842,87072,20884,0.30421653266145465,0.3887130998027026
559,0.5209,134,318,134,573086,32524,87206,20750,0.30127088813961245,0.3894958140931787
560,0.521,0,3,0,573089,32521,87206,20750,0.3012430990403498,0.38951774886899065
561,0.5211,4,1,4,573090,32520,87210,20746,0.3012338360072622,0.389479217512109
562,0.5212,37,60,37,573150,32460,87247,20709,0.300678054022009,0.38949387801162333
563,0.5215,72,140,72,573290,32320,87319,20637,0.29938122938975137,0.3896935249353249
564,0.5216,15,34,15,573324,32286,87334,20622,0.29906628626477455,0.3897709231118167
565,0.5217,33,68,33,573392,32218,87367,20589,0.29843640001482086,0.3898914916583029
566,0.5218,12,19,12,573411,32199,87379,20577,0.2982604023861573,0.3898931332423829
567,0.5219,186,343,186,573754,31856,87565,20391,0.29508318203712625,0.3902807816716749
568,0.522,50,123,50,573877,31733,87615,20341,0.29394382896735705,0.39061719860198946
569,0.5221,56,86,56,573963,31647,87671,20285,0.29314720812182743,0.390606947546792
570,0.5223,101,246,101,574209,31401,87772,20184,0.2908685019822891,0.39127653387612676
571,0.5224,46,98,46,574307,31303,87818,20138,0.2899607247397088,0.39147761513189866
572,0.5225,278,537,278,574844,30766,88096,19860,0.2849864759716922,0.3922885473867183
573,0.5226,2,1,2,574845,30765,88098,19858,0.2849772129386046,0.392272287300239
574,0.5227,131,257,131,575102,30508,88229,19727,0.28259661343510317,0.3926943366178959
575,0.5228,15,49,15,575151,30459,88244,19712,0.28214272481381303,0.392896294672221
576,0.5229,410,775,410,575926,29684,88654,19302,0.2749638741709585,0.3940309476176867
577,0.523,8,8,8,575934,29676,88662,19294,0.27488976990625813,0.3939963242801715
578,0.5231,0,5,0,575939,29671,88662,19294,0.27484345474082034,0.39403655672419075
579,0.5232,7,11,7,575950,29660,88669,19287,0.27474156137685724,0.3940384497517723
580,0.5233,2,5,2,575955,29655,88671,19285,0.27469524621141944,0.3940539436044136
581,0.5234,253,539,253,576494,29116,88924,19032,0.26970247137722775,0.39528121624989615
582,0.5235,10,21,10,576515,29095,88934,19022,0.2695079476823891,0.39532805453374065
583,0.5236,314,654,314,577169,28441,89248,18708,0.26344992404312867,0.39678466139260643
584,0.5237,23,107,23,577276,28334,89271,18685,0.26245877950276036,0.397392543439886
585,0.5239,10,25,10,577301,28309,89281,18675,0.2622272036755715,0.3974757364209092
586,0.524,74,148,74,577449,28161,89355,18601,0.2608562747786135,0.3977802489200633
587,0.5241,210,473,210,577922,27688,89565,18391,0.25647486012820037,0.3991189044901148
588,0.5242,47,111,47,578033,27577,89612,18344,0.25544666345548184,0.3994686526861349
589,0.5243,11,46,11,578079,27531,89623,18333,0.25502056393345435,0.39972527472527475
590,0.5244,129,310,129,578389,27221,89752,18204,0.2521490236763126,0.40074848651623557
591,0.5245,17,31,17,578420,27190,89769,18187,0.25186186965059837,0.4007977609802323
592,0.5246,72,147,72,578567,27043,89841,18115,0.25050020378672794,0.40114708357323176
593,0.5247,52,138,52,578705,26905,89893,18063,0.24922190522064544,0.4016856431239993
594,0.5248,32,57,32,578762,26848,89925,18031,0.24869391233465485,0.4017692016310524
595,0.5249,4,13,4,578775,26835,89929,18027,0.24857349290451666,0.40183228567607326
596,0.525,30,61,30,578836,26774,89959,17997,0.24800844788617585,0.4019789595943803
597,0.5251,9,29,9,578865,26745,89968,17988,0.24773981992663677,0.40211924082891826
598,0.5252,100,182,100,579047,26563,90068,17888,0.24605394790470192,0.4024206429551641
599,0.5253,1,2,1,579049,26561,90069,17887,0.2460354218385268,0.40242530597552195
600,0.5254,31,107,31,579156,26454,90100,17856,0.2450442772981585,0.4029790115098172
601,0.5255,9,16,9,579172,26438,90109,17847,0.24489606876875764,0.4030032742463588
602,0.5256,43,177,43,579349,26261,90152,17804,0.24325651191226055,0.40403948712129806
603,0.5257,76,161,76,579510,26100,90228,17728,0.24176516358516434,0.4044902801861823
604,0.5258,54,86,54,579596,26014,90282,17674,0.24096854273963467,0.404550448635781
605,0.5259,51,130,51,579726,25884,90333,17623,0.23976434843825262,0.4050612545107684
606,0.526,46,145,46,579871,25739,90379,17577,0.23842120864055727,0.40578539107950873
607,0.5261,115,299,115,580170,25440,90494,17462,0.23565156174737856,0.4070206517178686
608,0.5262,26,63,26,580233,25377,90520,17436,0.23506799066286266,0.4072594772615794
609,0.5263,247,442,247,580675,24935,90767,17189,0.23097373003816368,0.40805716456177
610,0.5264,43,69,43,580744,24866,90810,17146,0.23033458075512245,0.40812148909835283
611,0.5265,83,205,83,580949,24661,90893,17063,0.22843565897217386,0.4089492857827629
612,0.5266,61,174,61,581123,24487,90954,17002,0.22682389121493943,0.4097953674467931
613,0.5267,32,75,32,581198,24412,90986,16970,0.22612916373337286,0.41008167802426176
614,0.5268,126,181,126,581379,24231,91112,16844,0.22445255474452555,0.4100791235544735
615,0.5269,7,14,7,581393,24217,91119,16837,0.2243228722812998,0.4101183806693623
616,0.527,207,311,207,581704,23906,91326,16630,0.22144206899107044,0.41025261495954213
617,0.5271,121,176,121,581880,23730,91447,16509,0.2198117751676609,0.41027361514948185
618,0.5272,90,174,90,582054,23556,91537,16419,0.21820000741042647,0.41073170731707315
619,0.5274,21,65,21,582119,23491,91558,16398,0.21759791025973546,0.4110907769059139
620,0.5275,56,126,56,582245,23365,91614,16342,0.2164307680907036,0.4115647115118241
621,0.5276,129,192,129,582437,23173,91743,16213,0.21465226573789323,0.41164373127507237
622,0.5277,355,632,355,583069,22541,92098,15858,0.20879802882655896,0.41297950467460093
623,0.5278,134,244,134,583313,22297,92232,15724,0.20653784875319575,0.41356092685621104
624,0.5279,31,75,31,583388,22222,92263,15693,0.20584312127162918,0.41389951206646447
625,0.528,24,51,24,583439,22171,92287,15669,0.20537070658416393,0.41408562367864693
626,0.5281,50,124,50,583563,22047,92337,15619,0.2042220904813072,0.41467105612488714
627,0.5282,672,1202,672,584765,20845,93009,14947,0.19308792471006705,0.4176072865444792
628,0.5283,1,1,1,584766,20844,93010,14946,0.1930786616769795,0.4176026823134954
629,0.5284,388,595,388,585361,20249,93398,14558,0.18756715698988477,0.41824920274657396
630,0.5285,14,37,14,585398,20212,93412,14544,0.18722442476564527,0.4184601219933249
631,0.5286,17,51,17,585449,20161,93429,14527,0.18675201007818,0.4187903597785978
632,0.5287,248,396,248,585845,19765,93677,14279,0.18308384897550853,0.41942779931852897
633,0.5288,3,4,3,585849,19761,93680,14276,0.18304679684315833,0.4194259188530129
634,0.529,35,100,35,585949,19661,93715,14241,0.1821204935344029,0.42006371305527695
635,0.5291,256,387,256,586336,19274,93971,13985,0.17853569972951944,0.4204876875432214
636,0.5292,7,20,7,586356,19254,93978,13978,0.17835043906776835,0.4206186807896004
637,0.5293,53,115,53,586471,19139,94031,13925,0.17728519026269962,0.4211529155577063
638,0.5294,29,43,29,586514,19096,94060,13896,0.17688687983993479,0.4211930164888458
639,0.5295,1,3,1,586517,19093,94061,13895,0.17685909074067213,0.42121377470595367
640,0.5296,422,772,422,587289,18321,94483,13473,0.16970802919708028,0.4237591998490281
641,0.5297,91,118,91,587407,18203,94574,13382,0.1686149912927489,0.42368212759221147
642,0.5298,316,580,316,587987,17623,94890,13066,0.16324243210196746,0.42575515657075824
643,0.5299,218,326,218,588313,17297,95108,12848,0.1602226833154248,0.4262066677724332
644,0.5301,137,245,137,588558,17052,95245,12711,0.15795324020897403,0.4270738836810805
645,0.5302,7,14,7,588572,17038,95252,12704,0.15782355774574827,0.42714007127967185
646,0.5303,70,112,70,588684,16926,95322,12634,0.1567860980399422,0.4274018944519621
647,0.5305,79,123,79,588807,16803,95401,12555,0.15564674497017303,0.42765174739423667
648,0.5306,9,21,9,588828,16782,95410,12546,0.1554522212753344,0.4277823240589198
649,0.5307,118,155,118,588983,16627,95528,12428,0.1540164511467635,0.42774049217002236
650,0.5308,0,1,0,588984,16626,95528,12428,0.15400718811367595,0.4277552144283059
651,0.5309,26,23,26,589007,16603,95554,12402,0.1537941383526622,0.4275814514738838
652,0.531,5,10,5,589017,16593,95559,12397,0.15370150802178664,0.42763021731631595
653,0.5311,1,4,1,589021,16589,95560,12396,0.15366445588943645,0.4276694842159738
654,0.5312,5,17,5,589038,16572,95565,12391,0.153506984326948,0.42782170355280874
655,0.5313,5,10,5,589048,16562,95570,12386,0.15341435399607248,0.4278706646400442
656,0.5314,1,2,1,589050,16560,95571,12385,0.15339582792989737,0.4278804629469684
657,0.5315,7,12,7,589062,16548,95578,12378,0.15328467153284672,0.427919518772039
658,0.5316,10,22,10,589084,16526,95588,12368,0.15308088480492052,0.4280473454696477
659,0.5317,7,14,7,589098,16512,95595,12361,0.15295120234169476,0.4281162331590067
660,0.5318,6,10,6,589108,16502,95601,12355,0.15285857201081923,0.42814568388952423
661,0.5319,7,10,7,589118,16492,95608,12348,0.15276594167994367,0.42815533980582526
662,0.532,19,29,19,589147,16463,95627,12329,0.15249731372040462,0.4282092247846624
663,0.5321,11,25,11,589172,16438,95638,12318,0.15226573789321576,0.4283627764640423
664,0.5322,77,102,77,589274,16336,95715,12241,0.15132090851828522,0.4283514714630647
665,0.5323,11,26,11,589300,16310,95726,12230,0.15108006965800883,0.42852137351086195
666,0.5324,5,17,5,589317,16293,95731,12225,0.1509225980955204,0.42867662528929096
667,0.5326,13,31,13,589348,16262,95744,12212,0.15063544406980622,0.4288824892884737
668,0.5327,4,16,4,589364,16246,95748,12208,0.15048723554040536,0.4290433682434807
669,0.5328,40,47,40,589411,16199,95788,12168,0.1500518729852903,0.4289491310325378
670,0.5329,1,5,1,589416,16194,95789,12167,0.15000555781985253,0.4290046190190755
671,0.533,56,101,56,589517,16093,95845,12111,0.14906999147800956,0.4294071762870515
672,0.5331,10,6,10,589523,16087,95855,12101,0.14901441327948423,0.42929615439193985
673,0.5332,67,83,67,589606,16004,95922,12034,0.14824558153321724,0.42920322419573437
674,0.5333,7,27,7,589633,15977,95929,12027,0.14799547963985327,0.4294743608055992
675,0.5334,34,81,34,589714,15896,95963,11993,0.1472451739597614,0.43002617519452113
676,0.5336,85,70,85,589784,15826,96048,11908,0.14659676164363258,0.4293646787336843
677,0.5337,6,28,6,589812,15798,96054,11902,0.14633739671718107,0.42967509025270756
678,0.5338,127,161,127,589973,15637,96181,11775,0.14484604839008486,0.42955639865752226
679,0.5339,39,74,39,590047,15563,96220,11736,0.14416058394160583,0.4299058573574124
680,0.534,539,783,539,590830,14780,96759,11197,0.1369076290340509,0.43103514647572855
681,0.5341,102,163,102,590993,14617,96861,11095,0.13539775464077958,0.4315105787181083
682,0.5342,27,47,27,591040,14570,96888,11068,0.13496239208566452,0.43170294094703177
683,0.5343,103,195,103,591235,14375,96991,10965,0.13315610063359146,0.43271507498026834
684,0.5344,49,91,49,591326,14284,97040,10916,0.13231316462262402,0.43317460317460316
685,0.5345,551,923,551,592249,13361,97591,10365,0.12376338508281151,0.4368625136980528
686,0.5346,531,806,531,593055,12555,98122,9834,0.11629738041424284,0.439233552190808
687,0.5347,87,113,87,593168,12442,98209,9747,0.11525065767534921,0.43927171120825637
688,0.5348,635,946,635,594114,11496,98844,9112,0.10648782837452295,0.4421583850931677
689,0.5349,122,162,122,594276,11334,98966,8990,0.10498721701433918,0.4423341861838221
690,0.535,22,41,22,594317,11293,98988,8968,0.10460743265774945,0.44262375993287595
691,0.5351,467,682,467,594999,10611,99455,8501,0.0982900440920375,0.4447990791125994
692,0.5353,57,119,57,595118,10492,99512,8444,0.09718774315461855,0.4459231094212083
693,0.5354,10,20,10,595138,10472,99522,8434,0.09700248249286747,0.44610176663493073
694,0.5355,4,5,4,595143,10467,99526,8430,0.09695616732742969,0.4461025559612637
695,0.5356,75,131,75,595274,10336,99601,8355,0.0957427099929601,0.44700658070729227
696,0.5357,51,101,51,595375,10235,99652,8304,0.09480714365111712,0.4479205998166028
697,0.5358,4,13,4,595388,10222,99656,8300,0.09468672422097892,0.4481157542382032
698,0.5359,13,19,13,595407,10203,99669,8287,0.0945107265923154,0.4481882098431585
699,0.536,50,54,50,595461,10149,99719,8237,0.09401052280558746,0.448003916023061
700,0.5361,129,172,129,595633,9977,99848,8108,0.09241728111452814,0.44832734310201827
701,0.5362,16,35,16,595668,9942,99864,8092,0.09209307495646374,0.4487079960075413
702,0.5363,22,36,22,595704,9906,99886,8070,0.0917596057653118,0.44893190921228304
703,0.5364,5,16,5,595720,9890,99891,8065,0.09161139723591093,0.44917850181008073
704,0.5365,48,71,48,595791,9819,99939,8017,0.09095372188669458,0.44948418928010764
705,0.5366,5,6,5,595797,9813,99944,8012,0.09089814368816926,0.44948106591865356
706,0.5367,172,261,172,596058,9552,100116,7840,0.08848049205231762,0.45078196872125115
707,0.5369,130,179,130,596237,9373,100246,7710,0.08682240912964541,0.45132587952935665
708,0.537,1,6,1,596243,9367,100247,7709,0.08676683093112009,0.45145233075661745
709,0.5371,86,139,86,596382,9228,100333,7623,0.08547926933195005,0.4523767135481574
710,0.5372,28,44,28,596426,9184,100361,7595,0.08507169587609767,0.4526491447642887
711,0.5373,0,3,0,596429,9181,100361,7595,0.085043906776835,0.4527300906056271
712,0.5374,240,279,240,596708,8902,100601,7355,0.0824595205454074,0.45242049578643045
713,0.5375,2,7,2,596715,8895,100603,7353,0.0823946793137945,0.4525480059084195
714,0.5376,120,193,120,596908,8702,100723,7233,0.08060691392789655,0.453906495136492
715,0.5377,3,3,3,596911,8699,100726,7230,0.08057912482863389,0.4538891330278109
716,0.5378,90,97,90,597008,8602,100816,7140,0.07968061061914113,0.4535637149028078
717,0.5379,21,52,21,597060,8550,100837,7119,0.07919893289858831,0.4543365881677197
718,0.5382,1,1,1,597061,8549,100838,7118,0.07918966986550076,0.454330758920023
719,0.5384,2,0,2,597061,8549,100840,7116,0.07918966986550076,0.45426109160548994
720,0.5385,120,180,120,597241,8369,100960,6996,0.07752232390974101,0.45532053368044256
721,0.5386,14,8,14,597249,8361,100974,6982,0.07744821964504058,0.45506093984227336
722,0.5387,4,12,4,597261,8349,100978,6978,0.07733706324798992,0.4552750048933255
723,0.5388,1,3,1,597264,8346,100979,6977,0.07730927414872726,0.455328591006983
724,0.5389,5,16,5,597280,8330,100984,6972,0.0771610656193264,0.4556267154620311
725,0.539,4,4,4,597284,8326,100988,6968,0.07712401348697617,0.4556035046423434
726,0.5391,25,18,25,597302,8308,101013,6943,0.0769572788914002,0.4552488361418923
727,0.5392,1,0,1,597302,8308,101014,6942,0.0769572788914002,0.45521311475409837
728,0.5393,11,23,11,597325,8285,101025,6931,0.07674422913038645,0.4555073606729758
729,0.5394,0,5,0,597330,8280,101025,6931,0.07669791396494868,0.455657090263625
730,0.5395,5,7,5,597337,8273,101030,6926,0.0766330727333358,0.45568787420225015
731,0.5396,8,17,8,597354,8256,101038,6918,0.07647560117084738,0.45591142744167656
732,0.5397,27,85,27,597439,8171,101065,6891,0.07568824335840528,0.4575089629531271
733,0.5398,7,15,7,597454,8156,101072,6884,0.07554929786209197,0.4577127659574468
734,0.5399,0,1,0,597455,8155,101072,6884,0.07554003482900441,0.4577432010107055
735,0.54,5,4,5,597459,8151,101077,6879,0.07550298269665419,0.45768463073852295
736,0.5401,7,30,7,597489,8121,101084,6872,0.07522509170402757,0.4583472287067298
737,0.5402,1,1,1,597490,8120,101085,6871,0.07521582867094001,0.4583416716696685
738,0.5403,81,241,81,597731,7879,101166,6790,0.07298343769683946,0.4628809053105188
739,0.5404,11,16,11,597747,7863,101177,6779,0.07283522916743859,0.4629831990165278
740,0.5405,161,125,161,597872,7738,101338,6618,0.07167735003149431,0.46099191975480636
741,0.5406,1,0,1,597872,7738,101339,6617,0.07167735003149431,0.46095437129919886
742,0.5407,54,85,54,597957,7653,101393,6563,0.0708899922190522,0.4616629150253236
743,0.5408,61,137,61,598094,7516,101454,6502,0.06962095668605728,0.4638322157226423
744,0.541,201,172,201,598266,7344,101655,6301,0.06802771499499796,0.4617808721143276
745,0.5411,2,1,2,598267,7343,101657,6299,0.0680184519619104,0.46173581586277673
746,0.5412,303,288,303,598555,7055,101960,5996,0.0653506984326948,0.4594283962914719
747,0.5413,47,47,47,598602,7008,102007,5949,0.06491533587757975,0.4591340588099097
748,0.5414,27,53,27,598655,6955,102034,5922,0.06442439512393938,0.45988972586782634
749,0.5415,2,2,2,598657,6953,102036,5920,0.06440586905776427,0.4598772624873767
750,0.5416,28,24,28,598681,6929,102064,5892,0.06418355626366297,0.45955853677560254
751,0.5417,5,2,5,598683,6927,102069,5887,0.06416503019748787,0.45941938504760416
752,0.5418,523,646,523,599329,6281,102592,5364,0.05818111082292786,0.4606268784886217
753,0.5419,5,6,5,599335,6275,102597,5359,0.05812553262440254,0.4606326285026646
754,0.542,3,6,3,599341,6269,102600,5356,0.05806995442587721,0.4607311827956989
755,0.5421,69,68,69,599409,6201,102669,5287,0.05744006817592352,0.46021935933147634
756,0.5422,383,434,383,599843,5767,103052,4904,0.05341991181592501,0.4595633024083966
757,0.5423,45,56,45,599899,5711,103097,4859,0.05290118196302197,0.4596972563859981
758,0.5424,414,448,414,600347,5263,103511,4445,0.0487513431397977,0.45786979810465595
759,0.5425,1,2,1,600349,5261,103512,4444,0.048732817073622585,0.457908294693457
760,0.5426,455,575,455,600924,4686,103967,3989,0.043406573048278926,0.4598270893371758
761,0.5427,3,7,3,600931,4679,103970,3986,0.04334173181666605,0.46001154068090017
762,0.5428,8,17,8,600948,4662,103978,3978,0.043184260254177625,0.46041666666666664
763,0.5429,324,348,324,601296,4314,104302,3654,0.03996072473970877,0.4585843373493976
764,0.543,1,2,1,601298,4312,104303,3653,0.039942198673533665,0.458631512868801
765,0.5431,18,40,18,601338,4272,104321,3635,0.039571677350031496,0.4597192361198938
766,0.5432,3,2,3,601340,4270,104324,3632,0.039553151283856385,0.45963047329789924
767,0.5433,257,372,257,601712,3898,104581,3375,0.03610730297528623,0.4640450983088134
768,0.5434,55,81,55,601793,3817,104636,3320,0.035356997295194335,0.46518144878800616
769,0.5435,17,30,17,601823,3787,104653,3303,0.03507910630256771,0.46586741889985894
770,0.5436,32,78,32,601901,3709,104685,3271,0.03435658972173849,0.46862464183381086
771,0.5437,219,315,219,602216,3394,104904,3052,0.031438734299158916,0.47347192057089665
772,0.5438,405,578,405,602794,2816,105309,2647,0.026084701174552596,0.4845323082555372
773,0.5439,102,110,102,602904,2706,105411,2545,0.025065767534921634,0.48466958674538185
774,0.5441,1,2,1,602906,2704,105412,2544,0.025047241468746526,0.4847560975609756
775,0.5442,193,270,193,603176,2434,105605,2351,0.022546222535106894,0.49132706374085683
776,0.5443,9,16,9,603192,2418,105614,2342,0.022398014005706027,0.49201680672268905
777,0.5444,14,12,14,603204,2406,105628,2328,0.02228685760865538,0.4917617237008872
778,0.5445,77,73,77,603277,2333,105705,2251,0.02161065619326392,0.49105584642233857
779,0.5446,9,7,9,603284,2326,105714,2242,0.021545814961651043,0.4908056042031524
780,0.5447,5,2,5,603286,2324,105719,2237,0.021527288895475935,0.4904626178469634
781,0.5448,2,0,2,603286,2324,105721,2235,0.021527288895475935,0.4902390875191928
782,0.545,83,79,83,603365,2245,105804,2152,0.020795509281559155,0.48942460768705937
783,0.5454,0,3,0,603368,2242,105804,2152,0.02076772018229649,0.4897587619481111
784,0.5455,2,3,2,603371,2239,105806,2150,0.02073993108303383,0.48986101617680566
785,0.5458,13,7,13,603378,2232,105819,2137,0.02067508985142095,0.4891279468986038
786,0.546,0,1,0,603379,2231,105819,2137,0.020665826818333396,0.4892399267399267
787,0.5462,14,22,14,603401,2209,105833,2123,0.020462040090407203,0.49007386888273313
788,0.5463,93,87,93,603488,2122,105926,2030,0.01965615621178999,0.4889210019267823
789,0.5465,4,7,4,603495,2115,105930,2026,0.019591314980177108,0.4892538034291234
790,0.5467,17,24,17,603519,2091,105947,2009,0.019369002186075807,0.49
791,0.5468,1,6,1,603525,2085,105948,2008,0.019313423987550482,0.49059369655509405
792,0.5469,6,7,6,603532,2078,105954,2002,0.019248582755937604,0.4906862745098039
793,0.547,33,38,33,603570,2040,105987,1969,0.018896587498610545,0.49114492392117737
794,0.5471,6,12,6,603582,2028,105993,1963,0.018785431101559894,0.49185667752442996
795,0.5472,18,25,18,603607,2003,106011,1945,0.01855385527437104,0.4926545086119554
796,0.5473,37,28,37,603635,1975,106048,1908,0.018294490347919523,0.49137265001287667
797,0.5474,10,22,10,603657,1953,106058,1898,0.01809070361999333,0.49285899766294466
798,0.5475,24,66,24,603723,1887,106082,1874,0.017479343436214753,0.4982717362403616
799,0.5476,1,2,1,603725,1885,106083,1873,0.017460817370039645,0.49840340606705696
800,0.5478,81,68,81,603793,1817,106164,1792,0.016830931120085962,0.4965364366860626
801,0.5479,2,0,2,603793,1817,106166,1790,0.016830931120085962,0.49625727751594123
802,0.548,81,74,81,603867,1743,106247,1709,0.01614546667160695,0.4950753186558517
803,0.5481,50,107,50,603974,1636,106297,1659,0.015154322131238653,0.5034901365705614
804,0.5482,87,65,87,604039,1571,106384,1572,0.01455222498054763,0.5001590836780146
805,0.5483,0,3,0,604042,1568,106384,1572,0.014524435881284967,0.5006369426751592
806,0.5485,17,7,17,604049,1561,106401,1555,0.014459594649672088,0.49903722721437743
807,0.5486,39,62,39,604111,1499,106440,1516,0.013885286598243729,0.5028192371475954
808,0.5488,76,56,76,604167,1443,106516,1440,0.013366556745340694,0.4994797086368366
809,0.5489,118,108,118,604275,1335,106634,1322,0.012366149171884841,0.4975536319156944
810,0.549,95,63,95,604338,1272,106729,1227,0.011782578087368928,0.4909963985594238
811,0.5491,2,2,2,604340,1270,106731,1225,0.01176405202119382,0.4909819639278557
812,0.5492,6,14,6,604354,1256,106737,1219,0.011634369557968061,0.49252525252525253
813,0.5493,11,15,11,604369,1241,106748,1208,0.011495424061654748,0.49326255614536546
814,0.5494,25,47,25,604416,1194,106773,1183,0.011060061506539702,0.4976861590239798
815,0.5495,3,8,3,604424,1186,106776,1180,0.010985957241839268,0.4987320371935757
816,0.5496,24,62,24,604486,1124,106800,1156,0.010411649190410908,0.5070175438596491
817,0.5497,34,20,34,604506,1104,106834,1122,0.010226388528659824,0.5040431266846361
818,0.5498,30,56,30,604562,1048,106864,1092,0.00970765867575679,0.5102803738317757
819,0.55,5,4,5,604566,1044,106869,1087,0.009670606543406573,0.5100891600187706
820,0.5501,9,8,9,604574,1036,106878,1078,0.00959650227870614,0.5099337748344371
821,0.5502,52,35,52,604609,1001,106930,1026,0.009272296120641742,0.5061667488899853
822,0.5503,15,19,15,604628,982,106945,1011,0.009096298491978213,0.5072754641244355
823,0.5504,20,9,20,604637,973,106965,991,0.009012931194190226,0.504582484725051
824,0.5505,13,29,13,604666,944,106978,978,0.008744303234651155,0.5088449531737773
825,0.5506,10,7,10,604673,937,106988,968,0.008679462003038275,0.5081364829396325
826,0.5507,4,0,4,604673,937,106992,964,0.008679462003038275,0.507101525512888
827,0.5509,24,18,24,604691,919,107016,940,0.0085127274074623,0.5056481979558902
828,0.551,117,107,117,604798,812,107133,823,0.007521582867094001,0.5033639143730887
829,0.5511,16,20,16,604818,792,107149,807,0.007336322205342917,0.5046904315196998
830,0.5512,9,8,9,604826,784,107158,798,0.007262217940642484,0.504424778761062
831,0.5514,18,26,18,604852,758,107176,780,0.007021379080366075,0.5071521456436932
832,0.5515,139,123,139,604975,635,107315,641,0.00588202601059691,0.5023510971786834
833,0.5516,209,248,209,605223,387,107524,432,0.0035847938048834713,0.5274725274725275
834,0.5518,1,1,1,605224,386,107525,431,0.003575530771795917,0.5275397796817626
835,0.552,91,119,91,605343,267,107616,340,0.0024732298343769685,0.5601317957166392
836,0.5521,0,1,0,605344,266,107616,340,0.0024639668012894143,0.5610561056105611
837,0.5527,12,11,12,605355,255,107628,328,0.002362073437326318,0.5626072041166381
838,0.5528,0,1,0,605356,254,107628,328,0.002352810404238764,0.563573883161512
839,0.553,6,4,6,605360,250,107634,322,0.002315758271888547,0.5629370629370629
840,0.5531,2,1,2,605361,249,107636,320,0.002306495238800993,0.562390158172232
841,0.5532,18,15,18,605376,234,107654,302,0.0021675497424876802,0.5634328358208955
842,0.5534,5,2,5,605378,232,107659,297,0.002149023676312572,0.5614366729678639
843,0.5536,4,3,4,605381,229,107663,293,0.002121234577049909,0.5613026819923371
844,0.5537,3,7,3,605388,222,107666,290,0.00205639334543703,0.56640625
845,0.5538,1,1,1,605389,221,107667,289,0.0020471303123494756,0.5666666666666667
846,0.5539,10,10,10,605399,211,107677,279,0.001954499981473934,0.5693877551020409
847,0.5544,2,0,2,605399,211,107679,277,0.001954499981473934,0.5676229508196722
848,0.5545,2,8,2,605407,203,107681,275,0.0018803957167735003,0.5753138075313807
849,0.5547,10,12,10,605419,191,107691,265,0.0017692393197228501,0.581140350877193
850,0.555,10,5,10,605424,186,107701,255,0.001722924154285079,0.5782312925170068
851,0.5551,18,19,18,605443,167,107719,237,0.0015469265256215494,0.5866336633663366
852,0.5553,2,1,2,605444,166,107721,235,0.0015376634925339952,0.5860349127182045
853,0.5554,4,0,4,605444,166,107725,231,0.0015376634925339952,0.5818639798488665
854,0.5555,70,26,70,605470,140,107795,161,0.0012968246322575864,0.5348837209302325
855,0.5557,2,0,2,605470,140,107797,159,0.0012968246322575864,0.5317725752508361
856,0.5559,4,2,4,605472,138,107801,155,0.001278298566082478,0.5290102389078498
857,0.556,4,2,4,605474,136,107805,151,0.0012597724999073698,0.5261324041811847
858,0.5561,2,1,2,605475,135,107807,149,0.0012505094668198156,0.5246478873239436
859,0.5562,0,2,0,605477,133,107807,149,0.0012319834006447072,0.5283687943262412
860,0.5563,1,3,1,605480,130,107808,148,0.0012041943013820445,0.5323741007194245
861,0.5565,7,6,7,605486,124,107815,141,0.0011486161028567193,0.5320754716981132
862,0.5567,9,13,9,605499,111,107824,132,0.001028196672718515,0.5432098765432098
863,0.5568,1,2,1,605501,109,107825,131,0.0010096706065434065,0.5458333333333333
864,0.5569,1,2,1,605503,107,107826,130,0.0009911445403682983,0.5485232067510548
865,0.557,11,15,11,605518,92,107837,119,0.0008521990440549853,0.5639810426540285
866,0.5571,7,5,7,605523,87,107844,112,0.0008058838786172144,0.5628140703517588
867,0.5572,15,10,15,605533,77,107859,97,0.0007132535477416725,0.5574712643678161
868,0.5574,26,16,26,605549,61,107885,71,0.0005650450183408056,0.5378787878787878
869,0.5575,1,0,1,605549,61,107886,70,0.0005650450183408056,0.5343511450381679
870,0.5576,12,22,12,605571,39,107898,58,0.00036125829041461335,0.5979381443298969
871,0.5578,3,1,3,605572,38,107901,55,0.00035199525732705915,0.5913978494623656
872,0.5579,8,3,8,605575,35,107909,47,0.0003242061580643966,0.573170731707317
873,0.558,10,10,10,605585,25,107919,37,0.00023157582718885472,0.5967741935483871
874,0.5582,11,4,11,605589,21,107930,26,0.00019452369483863796,0.5531914893617021
875,0.5584,2,0,2,605589,21,107932,24,0.00019452369483863796,0.5333333333333333
876,0.5589,1,1,1,605590,20,107933,23,0.00018526066175108378,0.5348837209302325
877,0.5595,2,0,2,605590,20,107935,21,0.00018526066175108378,0.5121951219512195
878,0.5607,4,2,4,605592,18,107939,17,0.0001667345955759754,0.4857142857142857
879,0.5609,0,1,0,605593,17,107939,17,0.00015747156248842122,0.5
880,0.561,1,2,1,605595,15,107940,16,0.00013894549631331284,0.5161290322580645
881,0.5612,1,3,1,605598,12,107941,15,0.00011115639705065027,0.5555555555555556
882,0.5613,3,3,3,605601,9,107944,12,8.33672977879877e-05,0.5714285714285714
883,0.5615,2,0,2,605601,9,107946,10,8.33672977879877e-05,0.5263157894736842
884,0.5617,1,0,1,605601,9,107947,9,8.33672977879877e-05,0.5
885,0.5621,0,2,0,605603,7,107947,9,6.484123161287932e-05,0.5625
886,0.5625,0,1,0,605604,6,107947,9,5.5578198525325135e-05,0.6
887,0.5627,2,2,2,605606,4,107949,7,3.7052132350216754e-05,0.6363636363636364
888,0.5631,1,1,1,605607,3,107950,6,2.7789099262662567e-05,0.6666666666666666
889,0.5639,2,1,2,605608,2,107952,4,1.8526066175108377e-05,0.6666666666666666
890,0.5646,1,0,1,605608,2,107953,3,1.8526066175108377e-05,0.6
891,0.5648,1,0,1,605608,2,107954,2,1.8526066175108377e-05,0.5
892,0.5652,1,1,1,605609,1,107955,1,9.263033087554189e-06,0.5
893,0.5704,1,1,1,605610,0,107956,0,0.0,
