,y_proba,y_test,Neg,Pos,TN,FP,FN,TP,FP/P,Prec
0,0.4367,4,643,4,643,604967,4,107952,5.603829337878395,0.1514225318724848
1,0.437,5,635,5,1278,604332,9,107947,5.597947311867798,0.15155156897788646
2,0.4375,10,1299,10,2577,603033,19,107937,5.585914631887065,0.15181653234313683
3,0.4377,6,608,6,3185,602425,25,107931,5.5802827077698325,0.15193930930406727
4,0.4395,1,83,1,3268,602342,26,107930,5.579513876023565,0.15195587042710398
5,0.4412,2,89,2,3357,602253,28,107928,5.578689466078773,0.15197252531396926
6,0.4416,3,296,3,3653,601957,31,107925,5.5759476082848565,0.1520323095951158
7,0.4417,1,110,1,3763,601847,32,107924,5.574928674645226,0.15205467679011964
8,0.4418,0,104,0,3867,601743,32,107924,5.57396531920412,0.1520769600390042
9,0.442,2,92,2,3959,601651,34,107922,5.573113120160065,0.15209428769132985
10,0.4427,7,275,7,4234,601376,41,107915,5.570565786060988,0.15214488834624998
11,0.4431,4,291,4,4525,601085,45,107911,5.56787024343251,0.15220255121326495
12,0.4445,5,276,5,4801,600809,50,107906,5.5653136463003445,0.15225584332206882
13,0.4447,12,648,12,5449,600161,62,107894,5.559311200859609,0.15238081787431768
14,0.4448,7,99,7,5548,600062,69,107887,5.5583941605839415,0.15239374587717477
15,0.445,4,101,4,5649,599961,73,107883,5.557458594242099,0.15241070066285792
16,0.4453,10,344,10,5993,599617,83,107873,5.55427211085998,0.15247282647104551
17,0.4455,20,735,20,6728,598882,103,107853,5.547463781540627,0.1526074129624258
18,0.4456,3,104,3,6832,598778,106,107850,5.546500426099522,0.15262627577735385
19,0.4457,31,1113,31,7945,597665,137,107819,5.536190670273074,0.1528298303008998
20,0.4459,26,1363,26,9308,596302,163,107793,5.523565156174738,0.15309439777302777
21,0.4465,26,922,26,10230,595380,189,107767,5.515024639668013,0.15326382676737582
22,0.4467,28,2013,28,12243,593367,217,107739,5.496378154062766,0.15367005845050535
23,0.447,2,54,2,12297,593313,219,107737,5.495877950276038,0.15367948077883176
24,0.4471,0,16,0,12313,593297,219,107737,5.495729741746637,0.15368298827161023
25,0.4472,2,43,2,12356,593254,221,107735,5.495331431323873,0.15369000084166798
26,0.4474,3,60,3,12416,593194,224,107732,5.494775649338619,0.15369953461563704
27,0.4476,1,138,1,12554,593056,225,107731,5.493497350772537,0.1537285937096436
28,0.4477,0,21,0,12575,593035,225,107731,5.493302827077699,0.15373320052628123
29,0.4486,5,138,5,12713,592897,230,107726,5.492024528511616,0.15375744159126947
30,0.4487,0,58,0,12771,592839,230,107726,5.491487272592538,0.1537701712189447
31,0.4492,1,16,1,12787,592823,231,107725,5.491339064063137,0.1537724752622233
32,0.4495,2,57,2,12844,592766,233,107723,5.490811071177146,0.15378257188906608
33,0.4497,1,43,1,12887,592723,234,107722,5.490412760754381,0.15379080441719192
34,0.4498,2,156,2,13043,592567,236,107720,5.488967727592723,0.1538226470004441
35,0.4499,0,17,0,13060,592550,236,107720,5.488810256030234,0.1538263812529453
36,0.4502,2,178,2,13238,592372,238,107718,5.48716143614065,0.15386307474753247
37,0.4505,28,1291,28,14529,591081,266,107690,5.475202860424617,0.15411343630459765
38,0.4507,2,34,2,14563,591047,268,107688,5.4748879172996405,0.15411851417203948
39,0.4508,12,555,12,15118,590492,280,107676,5.469746933936048,0.15422648989927926
40,0.4509,17,1260,17,16378,589232,297,107659,5.458075512245729,0.15448470420768814
41,0.451,1,270,1,16648,588962,298,107658,5.45557449331209,0.1545433665412994
42,0.4511,3,53,3,16701,588909,301,107655,5.45508355255845,0.15455148414216066
43,0.4513,0,19,0,16720,588890,301,107655,5.454907554929786,0.15455569991888535
44,0.4514,24,1191,24,17911,587699,325,107631,5.443875282522509,0.15479125019774784
45,0.4515,54,2913,54,20824,584786,379,107577,5.4168920671384635,0.15537658713709426
46,0.4522,0,11,0,20835,584775,379,107577,5.4167901737745,0.15537905574043262
47,0.4523,5,432,5,21267,584343,384,107572,5.412788543480677,0.15546996379613104
48,0.4525,3,49,3,21316,584294,387,107569,5.412334654859388,0.15547731270497195
49,0.4528,1,10,1,21326,584284,388,107568,5.412242024528512,0.15547833929800015
50,0.4529,17,677,17,22003,583607,405,107551,5.4059709511282374,0.15560986055286924
51,0.4533,5,62,5,22065,583545,410,107546,5.405396643076809,0.15561771170511554
52,0.4534,22,1446,22,23511,582099,432,107524,5.392002297232206,0.15591707353148024
53,0.4535,1,57,1,23568,582042,433,107523,5.391474304346215,0.15592873768245197
54,0.4537,14,615,14,24183,581427,447,107509,5.385777538997369,0.15605077975312656
55,0.4539,40,1165,40,25348,580262,487,107469,5.374986105450368,0.1562660400650836
56,0.454,8,273,8,25621,579989,495,107461,5.3724572974174665,0.1563182776929231
57,0.4541,6,539,6,26160,579450,501,107455,5.3674645225832744,0.156433567960635
58,0.4542,0,18,0,26178,579432,501,107455,5.367297787987699,0.1564376673310166
59,0.4543,14,442,14,26620,578990,515,107441,5.363203527363,0.15652119440992612
60,0.4545,9,253,9,26873,578737,524,107432,5.360859979991848,0.1565678426160319
61,0.4547,18,683,18,27556,578054,542,107414,5.354533328393049,0.15670169869344738
62,0.4548,50,1174,50,28730,576880,592,107364,5.343658527548261,0.15690893891652685
63,0.455,0,52,0,28782,576828,592,107364,5.3431768498277075,0.1569208643187877
64,0.4551,2,75,2,28857,576753,594,107362,5.342482122346141,0.15693560293225553
65,0.4552,2,95,2,28952,576658,596,107360,5.341602134202823,0.15695493393448712
66,0.4555,21,740,21,29692,575918,617,107339,5.334747489718033,0.15709901252383804
67,0.4556,0,41,0,29733,575877,617,107339,5.334367705361443,0.1571084400833704
68,0.4557,5,101,5,29834,575776,622,107334,5.3334321390196004,0.1571254995535126
69,0.4558,3,141,3,29975,575635,625,107331,5.332126051354256,0.15715423608203044
70,0.456,0,31,0,30006,575604,625,107331,5.3318388973285415,0.15716136967646993
71,0.4564,0,63,0,30069,575541,625,107331,5.331255326244025,0.1571758689769093
72,0.4565,22,704,22,30773,574837,647,107309,5.324734150950388,0.15731089825345307
73,0.4566,1,61,1,30834,574776,648,107308,5.324169105932047,0.15732373138792288
74,0.4567,7,196,7,31030,574580,655,107301,5.322353551446886,0.15736030187085429
75,0.4568,0,21,0,31051,574559,655,107301,5.322159027752047,0.15736514827090606
76,0.4571,17,703,17,31754,573856,672,107284,5.315647115491497,0.1575065331649881
77,0.4576,3,89,3,31843,573767,675,107281,5.314822705546704,0.15752340510507334
78,0.4577,4,151,4,31994,573616,679,107277,5.313423987550483,0.15755338944591882
79,0.4579,4,254,4,32248,573362,683,107273,5.311071177146244,0.15760723442079821
80,0.458,2,93,2,32341,573269,685,107271,5.310209715069102,0.1576262967643342
81,0.4582,1,42,1,32383,573227,686,107270,5.309820667679425,0.15763478751559523
82,0.4583,2,73,2,32456,573154,688,107268,5.3091444662640335,0.15764922357007857
83,0.4584,15,696,15,33152,572458,703,107253,5.3026973952350955,0.15779206162619114
84,0.4585,4,67,4,33219,572391,707,107249,5.302076772018229,0.15780266023188746
85,0.4586,126,3231,126,36450,569160,833,107123,5.2721479121123425,0.15839966404596892
86,0.4588,0,32,0,36482,569128,833,107123,5.27185149505354,0.1584071594718529
87,0.4589,11,200,11,36682,568928,844,107112,5.26999888843603,0.15844032897461688
88,0.459,17,568,17,37250,568360,861,107095,5.264737485642299,0.15855238320835585
89,0.4591,12,355,12,37605,568005,873,107083,5.261449108896217,0.15862080202877255
90,0.4592,65,2356,65,39961,565649,938,107018,5.23962540294194,0.15909506486864972
91,0.4594,1,6,1,39967,565643,939,107017,5.239569824743414,0.1590952338477091
92,0.4595,196,5550,196,45517,560093,1135,106821,5.188159991107488,0.16017207615974474
93,0.4596,65,1777,65,47294,558316,1200,106756,5.171699581310905,0.1605179589578271
94,0.4597,78,2414,78,49708,555902,1278,106678,5.149338619437549,0.16100395423948807
95,0.4599,72,1685,72,51393,554217,1350,106606,5.13373040868502,0.16132307743525875
96,0.4602,0,3,0,51396,554214,1350,106606,5.133702619585757,0.1613238098120517
97,0.4603,67,1862,67,53258,552352,1417,106539,5.116454851976731,0.1616944229015118
98,0.4605,1,15,1,53273,552337,1418,106538,5.116315906480418,0.1616968317207361
99,0.4606,67,1726,67,54999,550611,1485,106471,5.100327911371299,0.1620360929077345
100,0.4607,59,1720,59,56719,548891,1544,106412,5.084395494460706,0.16238594970570866
101,0.4609,4,262,4,56981,548629,1548,106408,5.081968579791767,0.16244578550524627
102,0.4611,29,644,29,57625,547985,1577,106379,5.076003186483383,0.16256853983409844
103,0.4614,18,462,18,58087,547523,1595,106361,5.071723665196932,0.1626603495421206
104,0.4615,4,100,4,58187,547423,1599,106357,5.070797361888177,0.16268010645782985
105,0.4617,13,309,13,58496,547114,1612,106344,5.067935084664122,0.16274037505088315
106,0.4618,15,295,15,58791,546819,1627,106329,5.065202489903294,0.1627946499108931
107,0.4619,7,90,7,58881,546729,1634,106322,5.064368816925414,0.16280811146449511
108,0.462,15,262,15,59143,546467,1649,106307,5.061941902256475,0.16285421907122527
109,0.4621,50,1721,50,60864,544746,1699,106257,5.046000222312794,0.16322044598872817
110,0.4622,32,979,32,61843,543767,1731,106225,5.036931712920079,0.1634250883087792
111,0.4623,19,436,19,62279,543331,1750,106206,5.032893030493905,0.16351031580956896
112,0.4624,39,1497,39,63776,541834,1789,106167,5.019026269961836,0.16383771012699055
113,0.4626,25,935,25,64711,540899,1814,106142,5.010365334024973,0.1640421549793599
114,0.4627,63,2467,63,67178,538432,1877,106079,4.987513431397977,0.16458834682418144
115,0.4628,27,224,27,67402,538208,1904,106052,4.985438511986365,0.16461056095365226
116,0.4629,34,1094,34,68496,537114,1938,106018,4.97530475378858,0.16484640789138155
117,0.463,53,1876,53,70372,535238,1991,105965,4.957927303716329,0.16525967595285737
118,0.4631,37,1260,37,71632,533978,2028,105928,4.94625588202601,0.1655368132194416
119,0.4633,4,66,4,71698,533912,2032,105924,4.945644521842232,0.16554867184716082
120,0.4634,26,977,26,72675,532935,2058,105898,4.936594538515692,0.16576789239128223
121,0.4635,1,5,1,72680,532930,2059,105897,4.936548223350254,0.16576788394980174
122,0.4636,0,15,0,72695,532915,2059,105897,4.93640927785394,0.165771776359868
123,0.4637,13,124,13,72819,532791,2072,105884,4.935260661751084,0.16578698085880925
124,0.4638,0,21,0,72840,532770,2072,105884,4.9350661380562455,0.16579243220898954
125,0.4639,6,104,6,72944,532666,2078,105878,4.934102782615139,0.1658115963817685
126,0.464,2,77,2,73021,532589,2080,105876,4.933389529067398,0.16582898044528674
127,0.4641,1,11,1,73032,532578,2081,105875,4.933287635703435,0.1658305309866192
128,0.4643,0,48,0,73080,532530,2081,105875,4.932843010115232,0.16584299934994243
129,0.4644,3,56,3,73136,532474,2084,105872,4.932324280262329,0.16585362796978442
130,0.4645,12,164,12,73300,532310,2096,105860,4.93080514283597,0.16588056473980287
131,0.4647,1,20,1,73320,532290,2097,105859,4.930619882174219,0.16588445645139302
132,0.4648,51,955,51,74275,531335,2148,105808,4.921773685575605,0.16606633047840125
133,0.4649,5,112,5,74387,531223,2153,105803,4.920736225869799,0.16608898223934346
134,0.465,0,75,0,74462,531148,2153,105803,4.920041498388232,0.16610853896139577
135,0.4651,8,206,8,74668,530942,2161,105795,4.918133313572196,0.16615180207840913
136,0.4652,18,256,18,74924,530686,2179,105777,4.915761977101782,0.16619504983007652
137,0.4653,41,936,41,75860,529750,2220,105736,4.907091778131831,0.16638604154930242
138,0.4657,3,59,3,75919,529691,2223,105733,4.906545259179666,0.16639755501838144
139,0.4658,3,61,3,75980,529630,2226,105730,4.905980214161325,0.1664095945605641
140,0.466,1,63,1,76043,529567,2227,105729,4.905396643076809,0.16642478466730468
141,0.4661,6,87,6,76130,529480,2233,105723,4.904590759198192,0.16643970510214845
142,0.4662,0,16,0,76146,529464,2233,105723,4.904442550668791,0.16644389762384937
143,0.4663,43,885,43,77031,528579,2276,105680,4.896244766386306,0.1666196301510897
144,0.4664,7,101,7,77132,528478,2283,105673,4.895309200044463,0.1666369681668877
145,0.4665,9,140,9,77272,528338,2292,105664,4.894012375412205,0.16666193482039487
146,0.4666,10,208,10,77480,528130,2302,105654,4.8920856645299935,0.16670348257450487
147,0.4668,84,1476,84,78956,526654,2386,105570,4.878413427692764,0.16698195576251454
148,0.4669,11,294,11,79250,526360,2397,105559,4.875690095965023,0.16704514344401736
149,0.467,7,108,7,79358,526252,2404,105552,4.874689688391567,0.16706446936075112
150,0.4671,11,285,11,79643,525967,2415,105541,4.872049723961614,0.16712535708177886
151,0.4672,70,1264,70,80907,524703,2485,105471,4.860341250138945,0.16736806025002618
152,0.4673,45,679,45,81586,524024,2530,105426,4.854051650672496,0.16748907776630392
153,0.4674,115,3041,115,84627,520983,2645,105311,4.825882767053244,0.16814946335107792
154,0.4676,31,481,31,85108,520502,2676,105280,4.82142724813813,0.16823750123845044
155,0.4677,83,1842,83,86950,518660,2759,105197,4.804364741190856,0.1686235788009111
156,0.4678,256,4801,256,91751,513859,3015,104941,4.759892919337508,0.1695879120879121
157,0.4679,92,1880,92,93631,511979,3107,104849,4.742478417132906,0.16998093471761982
158,0.468,0,9,0,93640,511970,3107,104849,4.742395049835118,0.16998341490777683
159,0.4682,164,3298,164,96938,508672,3271,104685,4.711845566712364,0.17067547937008953
160,0.4683,30,509,30,97447,508163,3301,104655,4.707130682870799,0.1707766416782797
161,0.4684,43,912,43,98359,507251,3344,104612,4.69868279669495,0.17097291387124242
162,0.4685,1,7,1,98366,507244,3345,104611,4.6986179554633365,0.17097351496678134
163,0.4686,150,2819,150,101185,504425,3495,104461,4.672505465189522,0.17156085047118838
164,0.4687,20,341,20,101526,504084,3515,104441,4.669346770906666,0.1716297604864221
165,0.4688,339,6935,339,108461,497149,3854,104102,4.605107636444477,0.1731423315720057
166,0.469,7,52,7,108513,497097,3861,104095,4.604625958723925,0.1731476799425142
167,0.4691,0,11,0,108524,497086,3861,104095,4.6045240653599615,0.1731508480806945
168,0.4692,14,96,14,108620,496990,3875,104081,4.603634814183557,0.1731592440826458
169,0.4695,8,51,8,108671,496939,3883,104073,4.603162399496091,0.173162931854938
170,0.4696,19,281,19,108952,496658,3902,104054,4.600559487198488,0.17321778156587517
171,0.4698,3,52,3,109004,496606,3905,104051,4.600077809477935,0.17322864796381296
172,0.4699,13,433,13,109437,496173,3918,104038,4.596066916151025,0.17333571027521988
173,0.47,5,46,5,109483,496127,3923,104033,4.595640816628997,0.1733421087709944
174,0.4701,0,8,0,109491,496119,3923,104033,4.595566712364296,0.1733444194137485
175,0.4702,115,1730,115,111221,494389,4038,103918,4.579541665122828,0.17368675278744858
176,0.4704,78,1457,78,112678,492932,4116,103840,4.566045425914261,0.17400280174002802
177,0.4705,67,935,67,113613,491997,4183,103773,4.557384489977398,0.17418299008006446
178,0.4706,58,823,58,114436,491174,4241,103715,4.549761013746341,0.1743434489459378
179,0.4707,42,754,42,115190,490420,4283,103673,4.542776686798325,0.17450634833266845
180,0.4708,54,644,54,115834,489776,4337,103619,4.53681129348994,0.17462061527313172
181,0.4709,13,321,13,116155,489455,4350,103606,4.533837859868836,0.17469703791009694
182,0.471,68,803,68,116958,488652,4418,103538,4.52639964429953,0.17483915635184655
183,0.4711,65,939,65,117897,487713,4483,103473,4.517701656230316,0.17502613390709523
184,0.4712,120,1765,120,119662,485948,4603,103353,4.501352402830783,0.17538235977878877
185,0.4714,105,2364,105,122026,483584,4708,103248,4.479454592611805,0.17594132562641437
186,0.4715,12,266,12,122292,483318,4720,103236,4.476990625810515,0.1760042553626776
187,0.4716,1,22,1,122314,483296,4721,103235,4.476786839082589,0.17600945218581798
188,0.4717,138,2545,138,124859,480751,4859,103097,4.453212419874764,0.17658191858154862
189,0.4719,33,643,33,125502,480108,4892,103064,4.4472562895994665,0.176730021331614
190,0.472,112,2202,112,127704,477906,5004,102952,4.426859090740672,0.17724125345609426
191,0.4721,5,63,5,127767,477843,5009,102947,4.426275519656156,0.1772533962361611
192,0.4722,6,114,6,127881,477729,5015,102941,4.425219533884175,0.17727969414641706
193,0.4723,194,4348,194,132229,473381,5209,102747,4.38494386601949,0.1783405770939791
194,0.4724,3,48,3,132277,473333,5212,102744,4.384499240431287,0.17835115791812553
195,0.4725,5,83,5,132360,473250,5217,102739,4.38373040868502,0.17836972581073596
196,0.4726,9,66,9,132426,473184,5226,102730,4.383119048501241,0.17837732717037613
197,0.4727,12,268,12,132694,472916,5238,102718,4.380636555633776,0.1784432469242609
198,0.4728,1,51,1,132745,472865,5239,102717,4.380164140946311,0.17845763071117582
199,0.4729,30,581,30,133326,472284,5269,102687,4.374782318722443,0.17859509436128082
200,0.473,18,289,18,133615,471995,5287,102669,4.372105302160139,0.1786591817131402
201,0.4731,34,849,34,134464,471146,5321,102635,4.364240987068806,0.1788748668917235
202,0.4732,23,272,23,134736,470874,5344,102612,4.361721442068991,0.1789267741496741
203,0.4733,2,28,2,134764,470846,5346,102610,4.36146207714254,0.17893264696855557
204,0.4734,33,463,33,135227,470383,5379,102577,4.357173292823002,0.17902994973471098
205,0.4735,0,22,0,135249,470361,5379,102577,4.3569695060950755,0.17903682422879963
206,0.4737,0,1,0,135250,470360,5379,102577,4.356960243061988,0.17903713671834773
207,0.4738,1,10,1,135260,470350,5380,102576,4.356867612731112,0.17903882874926255
208,0.4739,7,65,7,135325,470285,5387,102569,4.3562655155804215,0.1790491119901406
209,0.4741,4,16,4,135341,470269,5391,102565,4.35611730705102,0.17904838050814023
210,0.4742,6,72,6,135413,470197,5397,102559,4.355450368668717,0.17906228830426918
211,0.4743,25,319,25,135732,469878,5422,102534,4.352495461113787,0.17912622376889373
212,0.4744,17,411,17,136143,469467,5439,102517,4.3486883545148025,0.17923053791714452
213,0.4745,0,5,0,136148,469462,5439,102517,4.3486420393493646,0.17923210467517164
214,0.4746,0,3,0,136151,469459,5439,102517,4.348614250250102,0.1792330447431361
215,0.4747,12,133,12,136284,469326,5451,102505,4.347382266849457,0.17925750790006137
216,0.4749,20,563,20,136847,468763,5471,102485,4.342167179221164,0.17940544211970982
217,0.475,206,2840,206,139687,465923,5677,102279,4.31586016525251,0.18000464623496573
218,0.4752,16,194,16,139881,465729,5693,102263,4.314063136833525,0.18004302877505318
219,0.4753,18,266,18,140147,465463,5711,102245,4.311599170032236,0.18010139015127496
220,0.4754,23,489,23,140636,464974,5734,102222,4.307069546852421,0.18022341483367302
221,0.4755,225,2793,225,143429,462181,5959,101997,4.281197895438883,0.18078868725827665
222,0.4756,0,6,0,143435,462175,5959,101997,4.2811423172403575,0.18079060995582907
223,0.4757,123,1983,123,145418,460192,6082,101874,4.262773722627737,0.18124917714289782
224,0.4758,7,62,7,145480,460130,6089,101867,4.262199414576309,0.18125897469203572
225,0.4759,206,2649,206,148129,457481,6295,101661,4.237661639927378,0.1818160681901914
226,0.476,225,2958,225,151087,454523,6520,101436,4.210261588054393,0.18245230313746158
227,0.4761,98,1279,98,152366,453244,6618,101338,4.198414168735411,0.18272861362251208
228,0.4762,230,3717,230,156083,449527,6848,101108,4.163983474748972,0.18362072879493677
229,0.4763,104,1256,104,157339,448271,6952,101004,4.1523491051910035,0.18388603158709207
230,0.4764,215,2857,215,160196,445414,7167,100789,4.125884619659861,0.18452663203973615
231,0.4765,85,1391,85,161587,444023,7252,100704,4.112999740635074,0.1848705865506942
232,0.4766,211,2482,211,164069,441541,7463,100493,4.090008892511764,0.1853998088680784
233,0.4767,208,3408,208,167477,438133,7671,100285,4.0584404757493795,0.18625863176936877
234,0.4768,231,3446,231,170923,434687,7902,100054,4.026520063729667,0.18710740339715862
235,0.4769,73,846,73,171769,433841,7975,99981,4.018683537737597,0.1872927680013188
236,0.477,277,4171,277,175940,429670,8252,99704,3.980047426729408,0.18834321292696657
237,0.4771,93,1323,93,177263,428347,8345,99611,3.9677924339545743,0.18867220498600268
238,0.4772,200,3274,200,180537,425073,8545,99411,3.9374652636259215,0.1895405770242753
239,0.4773,59,976,59,181513,424097,8604,99352,3.928424543332469,0.18980263597790806
240,0.4774,19,349,19,181862,423748,8623,99333,3.9251917447849123,0.18989984342769092
241,0.4775,15,326,15,182188,423422,8638,99318,3.9221719959983696,0.18999502620805755
242,0.4776,63,1236,63,183424,422186,8701,99255,3.910722887102153,0.1903475177440976
243,0.4777,7,38,7,183462,422148,8708,99248,3.910370891844826,0.1903505205256657
244,0.4778,10,206,10,183668,421942,8718,99238,3.9084627070287894,0.19041022295560076
245,0.4779,21,311,21,183979,421631,8739,99217,3.90558190373856,0.19049127576567443
246,0.478,11,209,11,184188,421422,8750,99206,3.9036459298232615,0.19055064268537228
247,0.4782,4,28,4,184216,421394,8754,99202,3.90338656489681,0.1905546719529155
248,0.4783,19,389,19,184605,421005,8773,99183,3.899783245025751,0.1906676047890378
249,0.4784,23,311,23,184916,420694,8796,99160,3.896902441735522,0.19074586326160806
250,0.4785,14,160,14,185076,420534,8810,99146,3.8954203564415133,0.190782789408867
251,0.4786,74,771,74,185847,419763,8884,99072,3.888278557931009,0.1909508803376796
252,0.4787,24,252,24,186099,419511,8908,99048,3.8859442735929455,0.1910062307278439
253,0.4788,73,998,73,187097,418513,8981,98975,3.876699766571566,0.19126047367281945
254,0.4789,26,229,26,187326,418284,9007,98949,3.874578531994516,0.19130449913288594
255,0.479,9,41,9,187367,418243,9016,98940,3.8741987476379265,0.1913055920244865
256,0.4791,38,658,38,188025,417585,9054,98902,3.868103671866316,0.19148981484529137
257,0.4792,89,1432,89,189457,416153,9143,98813,3.854839008484938,0.19188257088817515
258,0.4793,52,450,52,189907,415703,9195,98761,3.850670643595539,0.19196872861852335
259,0.4794,1,63,1,189970,415640,9196,98760,3.8500870725110232,0.19199066874027995
260,0.4795,30,517,30,190487,415123,9226,98730,3.8452980844047575,0.19213666165226242
261,0.4796,198,2497,198,192984,412626,9424,98532,3.8221682907851346,0.19276231615273556
262,0.4797,17,190,17,193174,412436,9441,98515,3.8204083144984993,0.19280713806216251
263,0.4798,36,681,36,193855,411755,9477,98479,3.8141001889658748,0.19300752203890764
264,0.4799,1,5,1,193860,411750,9478,98478,3.8140538738004373,0.19300783179284556
265,0.48,72,888,72,194748,410862,9550,98406,3.805828300418689,0.19323028346568016
266,0.4801,142,1718,142,196466,409144,9692,98264,3.789914409574271,0.1936587519313846
267,0.4802,9,124,9,196590,409020,9701,98255,3.788765793471414,0.19369178453501554
268,0.4803,51,722,51,197312,408298,9752,98204,3.7820778835822,0.19388669738717715
269,0.4804,113,882,113,198194,407416,9865,98091,3.7739078883989774,0.19404479067550004
270,0.4805,52,829,52,199023,406587,9917,98039,3.766228833969395,0.19428051665986296
271,0.4806,116,959,116,199982,405628,10033,97923,3.7573455852384305,0.19446491020770487
272,0.4807,1,23,1,200005,405605,10034,97922,3.7571325354774165,0.19447219314952327
273,0.4808,43,354,43,200359,405251,10077,97879,3.7538534217644224,0.1945401784826983
274,0.4809,34,248,34,200607,405003,10111,97845,3.751556189558709,0.19458166284841544
275,0.481,11,148,11,200755,404855,10122,97834,3.750185260661751,0.19462132650605046
276,0.4812,182,2158,182,202913,402697,10304,97652,3.7301956352588093,0.19516777289451961
277,0.4813,87,956,87,203869,401741,10391,97565,3.721340175627107,0.195401216889042
278,0.4814,15,217,15,204086,401524,10406,97550,3.719330097447108,0.19546199561588062
279,0.4816,94,1246,94,205332,400278,10500,97456,3.7077883582200157,0.19579936271180992
280,0.4817,2,54,2,205386,400224,10502,97454,3.7072881544332876,0.19581737589365011
281,0.4818,99,1027,99,206413,399197,10601,97355,3.6977750194523695,0.19606204385442008
282,0.4819,5,99,5,206512,399098,10606,97350,3.6968579791767016,0.19609304499162047
283,0.482,27,336,27,206848,398762,10633,97323,3.6937456000592834,0.19618210588911175
284,0.4821,11,155,11,207003,398607,10644,97312,3.6923098299307124,0.196225593292453
285,0.4822,8,93,8,207096,398514,10652,97304,3.69144836785357,0.1962494302344812
286,0.4823,132,1894,132,208990,396620,10784,97172,3.6739041831857424,0.19678731125656146
287,0.4824,54,439,54,209429,396181,10838,97118,3.669837711660306,0.19687451221267427
288,0.4825,79,1056,79,210485,395125,10917,97039,3.6600559487198487,0.19716801716501003
289,0.4826,17,205,17,210690,394920,10934,97022,3.6581570269369004,0.19722243679132906
290,0.4827,1,15,1,210705,394905,10935,97021,3.658018081440587,0.1972268186678484
291,0.4828,1,8,1,210713,394897,10936,97020,3.6579439771758864,0.1972283942209763
292,0.4829,74,938,74,211651,393959,11010,96946,3.6492552521397608,0.19748423829457837
293,0.483,18,176,18,211827,393783,11028,96928,3.647624958316351,0.1975256311759875
294,0.4831,10,66,10,211893,393717,11038,96918,3.6470135981325726,0.19753584640313063
295,0.4832,60,479,60,212372,393238,11098,96858,3.642576605283634,0.1976306682772355
296,0.4833,7,167,7,212539,393071,11105,96851,3.6410296787580125,0.19768657051530653
297,0.4834,11,218,11,212757,392853,11116,96840,3.6390103375449256,0.19775655359582434
298,0.4835,25,273,25,213030,392580,11141,96815,3.6364815295120234,0.19782588706464105
299,0.4836,63,373,63,213403,392207,11204,96752,3.6330264181703655,0.19787344133148177
300,0.4837,104,1219,104,214622,390988,11308,96648,3.621734780836637,0.19819701580687235
301,0.4838,54,447,54,215069,390541,11362,96594,3.6175942050465006,0.19829000174489617
302,0.4839,73,912,73,215981,389629,11435,96521,3.609146318870651,0.19854160238609483
303,0.484,22,154,22,216135,389475,11457,96499,3.607719811775168,0.19856823616078226
304,0.4841,56,377,56,216512,389098,11513,96443,3.6042276483011597,0.19862998181410016
305,0.4842,526,5721,526,222233,383377,12039,95917,3.5512338360072624,0.2001214286012343
306,0.4843,73,548,73,222781,382829,12112,95844,3.5461576938752826,0.2002285485080629
307,0.4844,516,4973,516,227754,377856,12628,95328,3.5000926303308755,0.2014607425441266
308,0.4845,698,6472,698,234226,371384,13326,94630,3.440142280188225,0.2030625689356972
309,0.4846,49,466,49,234692,370918,13375,94581,3.4358257067694247,0.2031819617227964
310,0.4847,47,606,47,235298,370312,13422,94534,3.430212308718367,0.20336627614306674
311,0.4848,773,7545,773,242843,362767,14195,93761,3.36032272407277,0.20537842147688642
312,0.4849,711,6372,711,249215,356395,14906,93050,3.3012986772388753,0.2070331186240808
313,0.485,23,152,23,249367,356243,14929,93027,3.299890696209567,0.20706256816613616
314,0.4851,644,6513,644,255880,349730,15573,92383,3.2395605617103262,0.20895789085595765
315,0.4852,691,7250,691,263130,342480,16264,91692,3.1724035718255585,0.21118819269782482
316,0.4853,615,5703,615,268833,336777,16879,91077,3.119576494127237,0.21286934328065182
317,0.4854,380,3502,380,272335,333275,17259,90697,3.087137352254622,0.21392214580208127
318,0.4856,356,3960,356,276295,329315,17615,90341,3.050455741227908,0.21527393865451702
319,0.4857,402,3476,402,279771,325839,18017,89939,3.0182574382155694,0.21631495653930705
320,0.4858,30,300,30,280071,325539,18047,89909,3.015478528289303,0.21641456933238334
321,0.4859,40,248,40,280319,325291,18087,89869,3.0131812960835895,0.21646834955197997
322,0.486,64,572,64,280891,324719,18151,89805,3.0078828411575085,0.21664608080593645
323,0.4861,723,6617,723,287508,318102,18874,89082,2.9465893512171624,0.21877578686785334
324,0.4862,35,377,35,287885,317725,18909,89047,2.9430971877431547,0.21891133116340358
325,0.4863,358,3252,358,291137,314473,19267,88689,2.9129738041424282,0.21998353019381786
326,0.4864,9,107,9,291244,314366,19276,88680,2.91198265960206,0.22002451333098455
327,0.4865,71,1030,71,292274,313336,19347,88609,2.9024417355218795,0.22045055915610345
328,0.4866,96,1058,96,293332,312278,19443,88513,2.892641446515247,0.2208457774750431
329,0.4867,25,196,25,293528,312082,19468,88488,2.890825892030086,0.2209052100756422
330,0.4868,2,133,2,293661,311949,19470,88486,2.8895939086294415,0.22097469002459824
331,0.4869,101,1074,101,294735,310875,19571,88385,2.879645411093408,0.22137203827080099
332,0.487,198,1525,198,296260,309350,19769,88187,2.865519285634888,0.22183343940312475
333,0.4871,5,126,5,296386,309224,19774,88182,2.8643521434658563,0.2218939824763592
334,0.4872,224,2379,224,298765,306845,19998,87958,2.842315387750565,0.2227895937974129
335,0.4873,43,355,43,299120,306490,20041,87915,2.8390270110044833,0.22290538913046234
336,0.4874,8,117,8,299237,306373,20049,87907,2.8379432361332393,0.22295576747489093
337,0.4875,85,596,85,299833,305777,20134,87822,2.832422468413057,0.2231255668840622
338,0.4876,50,452,50,300285,305325,20184,87772,2.8282355774574826,0.22328331175256996
339,0.4877,61,328,61,300613,304997,20245,87711,2.825197302604765,0.2233491550974261
340,0.4878,63,591,63,301204,304406,20308,87648,2.81972285005002,0.22356104006080796
341,0.4879,104,1167,104,302371,303239,20412,87544,2.8089128904368446,0.22402202757028836
342,0.488,5,45,5,302416,303194,20417,87539,2.8084960539479047,0.22403789800196042
343,0.4881,87,520,87,302936,302674,20504,87452,2.8036792767423764,0.2241634753900022
344,0.4882,149,1549,149,304485,301125,20653,87303,2.789330838489755,0.22475980104420898
345,0.4883,0,16,0,304501,301109,20653,87303,2.7891826299603544,0.224769059658301
346,0.4884,21,104,21,304605,301005,20674,87282,2.7882192745192484,0.22478733514127436
347,0.4885,120,1169,120,305774,299836,20794,87162,2.777390788839898,0.2252259701600525
348,0.4886,135,1365,135,307139,298471,20929,87027,2.7647467486753863,0.2257521439799947
349,0.4887,35,348,35,307487,298123,20964,86992,2.7615232131609173,0.22588577437908158
350,0.4888,101,1046,101,308533,297077,21065,86891,2.751834080551336,0.22629750395866322
351,0.4889,11,59,11,308592,297018,21076,86880,2.75128756159917,0.22631011362393136
352,0.489,6,118,6,308710,296900,21082,86874,2.7501945236948386,0.22636760176562248
353,0.4891,20,89,20,308799,296811,21102,86854,2.749370113750046,0.22637978444736945
354,0.4892,5,27,5,308826,296784,21107,86849,2.7491200118566823,0.22638563418684002
355,0.4893,6,94,6,308920,296690,21113,86843,2.7482492867464523,0.22642901653834221
356,0.4894,97,729,97,309649,295961,21210,86746,2.7414965356256253,0.22666426273885767
357,0.4895,21,138,21,309787,295823,21231,86725,2.7402182370595427,0.22670357706745298
358,0.4896,2,31,2,309818,295792,21233,86723,2.7399310830338286,0.2267179064873273
359,0.4897,17,174,17,309992,295618,21250,86706,2.7383193152765943,0.22678670447055377
360,0.4898,48,377,48,310369,295241,21298,86658,2.734827151802586,0.22691339856873152
361,0.4899,80,545,80,310914,294696,21378,86578,2.7297787987698694,0.2270755414741105
362,0.49,2,17,2,310931,294679,21380,86576,2.7296213272073806,0.2270816120444322
363,0.4901,28,169,28,311100,294510,21408,86548,2.7280558746155843,0.22712552944696082
364,0.4902,41,413,41,311513,294097,21449,86507,2.724230241950424,0.22728873054408255
365,0.4903,7,63,7,311576,294034,21456,86500,2.723646670865908,0.2273121455638655
366,0.4904,61,318,61,311894,293716,21517,86439,2.720701026344066,0.22737830621720087
367,0.4905,253,2029,253,313923,291687,21770,86186,2.701906332209419,0.22808192170385289
368,0.4906,70,444,70,314367,291243,21840,86116,2.6977935455185444,0.2282070919204259
369,0.4907,9,55,9,314422,291188,21849,86107,2.697284078698729,0.22822194834280868
370,0.4908,74,543,74,314965,290645,21923,86033,2.6922542517321872,0.22839932249826111
371,0.4909,1,11,1,314976,290634,21924,86032,2.692152358368224,0.22840394407777712
372,0.491,47,350,47,315326,290284,21971,85985,2.68891029678758,0.22852002158030557
373,0.4911,0,5,0,315331,290279,21971,85985,2.6888639816221422,0.2285230582782302
374,0.4912,267,1957,267,317288,288322,22238,85718,2.6707362258697986,0.2291680034220939
375,0.4913,6,48,6,317336,288274,22244,85712,2.670291600281596,0.22918504970774306
376,0.4914,133,1125,133,318461,287149,22377,85579,2.659870688058098,0.2296017471185422
377,0.4915,59,395,59,318856,286754,22436,85520,2.656211789988514,0.22972326834535853
378,0.4916,86,703,86,319559,286051,22522,85434,2.6496998777279632,0.22997967616458267
379,0.4917,75,588,75,320147,285463,22597,85359,2.6442532142724815,0.2301886080113909
380,0.4918,257,1956,257,322103,283507,22854,85102,2.6261347215532256,0.23087336445935938
381,0.4919,95,709,95,322812,282798,22949,85007,2.6195672310941496,0.23111975095498974
382,0.492,34,345,34,323157,282453,22983,84973,2.616371484678943,0.23126561538922122
383,0.4921,1,4,1,323161,282449,22984,84972,2.616334432546593,0.23126604086320596
384,0.4922,89,775,89,323936,281674,23073,84883,2.6091555819037384,0.23156835089767758
385,0.4923,94,826,94,324762,280848,23167,84789,2.601504316573419,0.2318939275839152
386,0.4924,170,1348,170,326110,279500,23337,84619,2.5890177479713956,0.23239380532188653
387,0.4925,4,71,4,326181,279429,23341,84615,2.5883600726221796,0.23243069519069123
388,0.4926,303,1793,303,327974,277636,23644,84312,2.571751454296195,0.23293953827621647
389,0.4927,197,1462,197,329436,276174,23841,84115,2.5582088999221906,0.23346535697731544
390,0.4928,181,1358,181,330794,274816,24022,83934,2.545629700989292,0.2339623693379791
391,0.4929,351,2432,351,333226,272384,24373,83583,2.5231020045203603,0.23480547354108666
392,0.493,88,655,88,333881,271729,24461,83495,2.5170347178480124,0.2350488705718082
393,0.4931,330,2012,330,335893,269717,24791,83165,2.498397495275853,0.23567368128722915
394,0.4932,424,2831,424,338724,266886,25215,82741,2.4721738486049873,0.23665506382516224
395,0.4933,189,1832,189,340556,265054,25404,82552,2.455203971988588,0.23748727007013687
396,0.4934,315,1915,315,342471,263139,25719,82237,2.4374652636259215,0.23810861206337441
397,0.4935,211,1533,211,344004,261606,25930,82026,2.4232650339027013,0.2387030311496019
398,0.4936,1411,9533,1411,353537,252073,27341,80615,2.334960539479047,0.24231412013658443
399,0.4938,169,1448,169,354985,250625,27510,80446,2.3215476675682685,0.24298715381292835
400,0.4939,21,151,21,355136,250474,27531,80425,2.3201489495720478,0.24304999410696315
401,0.494,15,89,15,355225,250385,27546,80410,2.3193245396272557,0.24308106228933327
402,0.4941,919,5763,919,360988,244622,28465,79491,2.2659416799436807,0.24525705540968737
403,0.4942,1174,8320,1174,369308,236302,29639,78317,2.18887324465523,0.24892647932896614
404,0.4943,43,210,43,369518,236092,29682,78274,2.1869280077068436,0.2489900307285139
405,0.4944,0,22,0,369540,236070,29682,78274,2.1867242209789173,0.24900745679892092
406,0.4945,1806,11648,1806,381188,224422,31488,76468,2.078828411575086,0.25413938648675594
407,0.4946,46,382,46,381570,224040,31534,76422,2.0752899329356405,0.2543483036124368
408,0.4947,7,36,7,381606,224004,31541,76415,2.0749564637444884,0.2543614085660361
409,0.4948,176,1241,176,382847,222763,31717,76239,2.0634610396828337,0.25497822757038413
410,0.4949,93,478,93,383325,222285,31810,76146,2.0590333098669826,0.25515445781436913
411,0.495,177,1015,177,384340,221270,31987,75969,2.0496313312831154,0.2555822082566554
412,0.4951,10,75,10,384415,221195,31997,75959,2.0489366038015486,0.25562166418759297
413,0.4952,82,487,82,384902,220708,32079,75877,2.04442550668791,0.2558355951919349
414,0.4953,82,461,82,385363,220247,32161,75795,2.0401552484345475,0.2560278609116274
415,0.4954,134,822,134,386185,219425,32295,75661,2.032541035236578,0.25640321804490895
416,0.4955,96,656,96,386841,218769,32391,75565,2.0264644855311422,0.2567321478320547
417,0.4956,103,528,103,387369,218241,32494,75462,2.021573604060914,0.2569330241774854
418,0.4957,45,165,45,387534,218076,32539,75417,2.0200452036014673,0.2569635391644775
419,0.4958,47,182,47,387716,217894,32586,75370,2.0183593315795325,0.2570039282012112
420,0.4959,30,213,30,387929,217681,32616,75340,2.016386305531883,0.25711467778759883
421,0.496,22,190,22,388119,217491,32638,75318,2.014626329245248,0.2572257000297122
422,0.4961,81,466,81,388585,217025,32719,75237,2.010309755826448,0.2574299772122274
423,0.4962,1,9,1,388594,217016,32720,75236,2.0102263885286598,0.2574353640009307
424,0.4963,213,1186,213,389780,215830,32933,75023,1.9992404312868206,0.25794129680629047
425,0.4964,193,1367,193,391147,214463,33126,74830,1.9865778650561339,0.2586650904100687
426,0.4965,2,57,2,391204,214406,33128,74828,1.9860498721701434,0.25871093993099015
427,0.4966,179,1030,179,392234,213376,33307,74649,1.9765089480899625,0.25917541880045136
428,0.4967,27,166,27,392400,213210,33334,74622,1.9749712845974285,0.2592553989827399
429,0.4968,19,133,19,392533,213077,33353,74603,1.9737393011967839,0.2593263348164627
430,0.4969,250,1295,250,393828,211782,33603,74353,1.9617436733484013,0.2598528666538522
431,0.497,36,245,36,394073,211537,33639,74317,1.9594742302419503,0.25998236862174395
432,0.4971,6,57,6,394130,211480,33645,74311,1.9589462373559599,0.26001868498308206
433,0.4972,1,12,1,394142,211468,33646,74310,1.9588350809589092,0.2600270139758834
434,0.4973,58,405,58,394547,211063,33704,74252,1.9550835525584498,0.26024569335646563
435,0.4974,59,331,59,394878,210732,33763,74193,1.9520174886064694,0.26039484074756514
436,0.4975,4,4,4,394882,210728,33767,74189,1.9519804364741191,0.26038811302940856
437,0.4976,51,231,51,395113,210497,33818,74138,1.9498406758308942,0.2604669137667539
438,0.4977,122,760,122,395873,209737,33940,74016,1.9428007706843529,0.26084658135773015
439,0.4978,13,77,13,395950,209660,33953,74003,1.9420875171366112,0.2608835131828966
440,0.4979,31,179,31,396129,209481,33984,73972,1.940429434213939,0.2609674266986061
441,0.498,30,152,30,396281,209329,34014,73942,1.9390214531846308,0.2610291911279305
442,0.4981,118,741,118,397022,208588,34132,73824,1.932157545666753,0.2614053227199977
443,0.4982,28,175,28,397197,208413,34160,73796,1.930536514876431,0.2614941408672296
444,0.4983,13,72,13,397269,208341,34173,73783,1.9298695764941272,0.2615268463512498
445,0.4984,28,149,28,397418,208192,34201,73755,1.9284893845640816,0.2615917175923134
446,0.4985,50,263,50,397681,207929,34251,73705,1.9260532068620548,0.26170490778812217
447,0.4986,9,39,9,397720,207890,34260,73696,1.9256919485716404,0.26171755698081584
448,0.4987,1,16,1,397736,207874,34261,73695,1.9255437400422395,0.2617298069034588
449,0.4988,92,604,92,398340,207270,34353,73603,1.9199488680573567,0.2620508201215496
450,0.4989,120,899,120,399239,206371,34473,73483,1.9116214013116455,0.2625762004473761
451,0.499,96,528,96,399767,205843,34569,73387,1.9067305198414168,0.2628191813200587
452,0.4991,86,607,86,400374,205236,34655,73301,1.9011078587572714,0.263164319282537
453,0.4992,89,350,89,400724,204886,34744,73212,1.8978657971766275,0.26325971420146854
454,0.4993,136,770,136,401494,204116,34880,73076,1.8907332616992107,0.2636295419781235
455,0.4994,26,95,26,401589,204021,34906,73050,1.889853273555893,0.26365083317994303
456,0.4995,73,315,73,401904,203706,34979,72977,1.8869354181333136,0.26375671797689054
457,0.4996,286,1622,286,403526,202084,35265,72691,1.8719107784653006,0.264547356928396
458,0.4997,45,291,45,403817,201793,35310,72646,1.8692152358368224,0.26470727556943435
459,0.4998,25,173,25,403990,201620,35335,72621,1.8676127311126756,0.2648072315955674
460,0.4999,314,1719,314,405709,199901,35649,72307,1.8516895772351698,0.2656314289073062
461,0.5,233,1192,233,406901,198709,35882,72074,1.8406480417948052,0.2661688510726301
462,0.5001,225,1154,225,408055,197555,36107,71849,1.8299585016117677,0.26669611438582946
463,0.5002,157,834,157,408889,196721,36264,71692,1.8222331320167475,0.2670958560129353
464,0.5003,38,186,38,409075,196535,36302,71654,1.8205102078624624,0.26717725186342467
465,0.5004,25,236,25,409311,196299,36327,71629,1.8183241320537997,0.2673442118778179
466,0.5005,10,23,10,409334,196276,36337,71619,1.818111082292786,0.26733981597267586
467,0.5006,748,3646,748,412980,192630,37085,70871,1.7843380636555635,0.2689591310848915
468,0.5007,23,181,23,413161,192449,37108,70848,1.782661454666716,0.26908016422519054
469,0.5008,18,140,18,413301,192309,37126,70830,1.7813646300344586,0.2691733266448531
470,0.5009,16,41,16,413342,192268,37142,70814,1.7809848456778687,0.26917082886704524
471,0.501,900,4462,900,417804,187806,38042,69914,1.739653192041202,0.2712789073413006
472,0.5011,764,3538,764,421342,184268,38806,69150,1.7068805809774352,0.2728693305132232
473,0.5012,44,264,44,421606,184004,38850,69106,1.704435140242321,0.27302753743431707
474,0.5013,792,3676,792,425282,180328,39642,68314,1.6703842306124717,0.2747484334907216
475,0.5014,563,2817,563,428099,177511,40205,67751,1.6442902664048316,0.27623928696659084
476,0.5015,44,148,44,428247,177363,40249,67707,1.6429193375078737,0.27627616599338967
477,0.5016,33,131,33,428378,177232,40282,67674,1.641705880173404,0.2763264272823042
478,0.5017,478,2318,478,430696,174914,40760,67196,1.6202341694764533,0.27754326545784974
479,0.5018,498,2607,498,433303,172307,41258,66698,1.5960854422171995,0.2790652915210979
480,0.5019,59,262,59,433565,172045,41317,66639,1.5936585275482604,0.2791934105344305
481,0.502,456,2521,456,436086,169524,41773,66183,1.5703064211345363,0.28078504244676655
482,0.5021,9,73,9,436159,169451,41782,66174,1.5696302197191447,0.2808445623342175
483,0.5022,833,4686,833,440845,164765,42615,65341,1.5262236466708659,0.28396043562532053
484,0.5023,375,1904,375,442749,162861,42990,64966,1.5085868316721627,0.2851549640736173
485,0.5024,10,57,10,442806,162804,43000,64956,1.5080588387861722,0.2851949420442571
486,0.5025,913,4746,913,447552,158058,43913,64043,1.46409648375264,0.28835079535886826
487,0.5026,23,122,23,447674,157936,43936,64020,1.4629663937159583,0.28843554578384906
488,0.5027,815,4393,815,452067,153543,44751,63205,1.4222738893623328,0.29160592023917176
489,0.5028,526,2974,526,455041,150569,45277,62679,1.3947256289599466,0.29392538265306123
490,0.5029,9,77,9,455118,150492,45286,62670,1.394012375412205,0.29400174515157484
491,0.503,102,493,102,455611,149999,45388,62568,1.3894457001000406,0.2943448418616248
492,0.5031,61,309,61,455920,149690,45449,62507,1.3865834228759866,0.2945706112716014
493,0.5032,25,92,25,456012,149598,45474,62482,1.3857312238319315,0.294615239532252
494,0.5033,8,86,8,456098,149512,45482,62474,1.3849346029864018,0.2947081411036578
495,0.5034,200,1222,200,457320,148290,45682,62274,1.3736151765534106,0.2957485610075796
496,0.5035,96,309,96,457629,147981,45778,62178,1.3707528993293565,0.2958617047092915
497,0.5036,174,922,174,458551,147059,45952,62004,1.3622123828226314,0.2965804566087734
498,0.5037,123,755,123,459306,146304,46075,61881,1.355218792841528,0.29724043518985516
499,0.5038,111,364,111,459670,145940,46186,61770,1.3518470487976584,0.2973857782485196
500,0.5039,13,60,13,459730,145880,46199,61757,1.351291266812405,0.2974277224194147
501,0.504,70,337,70,460067,145543,46269,61687,1.3481696246618993,0.29767408193794337
502,0.5041,87,263,87,460330,145280,46356,61600,1.3457334469598725,0.2977571539056458
503,0.5042,55,218,55,460548,145062,46411,61545,1.3437141057467856,0.29788438920268917
504,0.5043,125,322,125,460870,144740,46536,61420,1.3407314090925933,0.29792394256887855
505,0.5044,141,554,141,461424,144186,46677,61279,1.3355996887620882,0.2982454432628428
506,0.5045,41,150,41,461574,144036,46718,61238,1.3342102337989552,0.2983232167736781
507,0.5046,238,819,238,462393,143217,46956,61000,1.3266238097002483,0.29870187104893325
508,0.5047,158,549,158,462942,142668,47114,60842,1.321538404535181,0.2989631959117488
509,0.5048,26,118,26,463060,142550,47140,60816,1.3204453666308495,0.2990470383446594
510,0.5049,18,56,18,463116,142494,47158,60798,1.3199266367779465,0.2990673513960215
511,0.505,29,122,29,463238,142372,47187,60769,1.318796546741265,0.29914689796742167
512,0.5051,20,96,20,463334,142276,47207,60749,1.3179072955648599,0.29921930796699914
513,0.5052,45,170,45,463504,142106,47252,60704,1.3163325799399757,0.29931462945614123
514,0.5053,11,57,11,463561,142049,47263,60693,1.315804587053985,0.29936076392656674
515,0.5054,20,95,20,463656,141954,47283,60673,1.3149245989106673,0.29943196118977233
516,0.5055,213,726,213,464382,141228,47496,60460,1.308199636889103,0.2997699416921185
517,0.5056,1,7,1,464389,141221,47497,60459,1.30813479565749,0.2997768742562475
518,0.5057,22,82,22,464471,141139,47519,60437,1.3073752269443106,0.299822399492003
519,0.5058,23,65,23,464536,141074,47542,60414,1.3067731297936196,0.2998391963789407
520,0.5059,32,146,32,464682,140928,47574,60382,1.3054207269628366,0.2999453579057175
521,0.506,32,127,32,464809,140801,47606,60350,1.3042443217607174,0.300023365531367
522,0.5061,48,130,48,464939,140671,47654,60302,1.3030401274593353,0.30005025550695863
523,0.5062,206,798,206,465737,139873,47860,60096,1.295648227055467,0.3005265816201511
524,0.5063,36,102,36,465839,139771,47896,60060,1.2947033976805364,0.3005539681030471
525,0.5064,31,135,31,465974,139636,47927,60029,1.2934528882137166,0.30064858638219016
526,0.5065,40,174,40,466148,139462,47967,59989,1.2918411204564824,0.3007706153391058
527,0.5067,277,1031,277,467179,138431,48244,59712,1.282290933343214,0.3013581100518313
528,0.5068,32,115,32,467294,138316,48276,59680,1.2812256845381451,0.3014202307117316
529,0.5069,1,10,1,467304,138306,48277,59679,1.2811330542072696,0.3014319266611107
530,0.507,366,1615,366,468919,136691,48643,59313,1.2661732557708696,0.3026111712005877
531,0.5071,14,105,14,469024,136586,48657,59299,1.2652006372966764,0.30272353676902264
532,0.5072,146,638,146,469662,135948,48803,59153,1.2592908221868169,0.3031916802066622
533,0.5073,12,83,12,469745,135865,48815,59141,1.2585219904405498,0.30327784786109147
534,0.5074,19,70,19,469815,135795,48834,59122,1.257873578124421,0.3033188485355305
535,0.5075,444,1873,444,471688,133922,49278,58678,1.240523917151432,0.30466251298027
536,0.5076,28,106,28,471794,133816,49306,58650,1.2395420356441513,0.3047291469662174
537,0.5077,12,40,12,471834,133776,49318,58638,1.2391715143206492,0.3047491346783498
538,0.5078,139,459,139,472293,133317,49457,58499,1.2349197821334619,0.30497455895232933
539,0.5079,196,699,196,472992,132618,49653,58303,1.2284449220052613,0.30537761692008736
540,0.508,104,419,104,473411,132199,49757,58199,1.2245637111415761,0.3056702276284415
541,0.5081,83,255,83,473666,131944,49840,58116,1.22220163770425,0.3057771230137851
542,0.5082,226,863,226,474529,131081,50066,57890,1.2142076401496906,0.30634330135311766
543,0.5083,531,2138,531,476667,128943,50597,57359,1.1944032754084997,0.3078818262820582
544,0.5084,0,6,0,476673,128937,50597,57359,1.1943476972099745,0.307891742173745
545,0.5085,8,66,8,476739,128871,50605,57351,1.1937363370261957,0.3079711312304669
546,0.5086,142,490,142,477229,128381,50747,57209,1.1891974508132943,0.30825475510533973
547,0.5087,137,641,137,477870,127740,50884,57072,1.1832598466041722,0.3088111161612882
548,0.5088,906,3125,906,480995,124615,51790,56166,1.1543128682055652,0.3106853043184848
549,0.5089,16,66,16,481061,124549,51806,56150,1.1537015080217867,0.31073774619671385
550,0.509,553,1767,553,482828,122782,52359,55597,1.1373337285560785,0.31167906536083284
551,0.5091,756,2676,756,485504,120106,53115,54841,1.1125458520137834,0.31347208011569216
552,0.5092,298,1198,298,486702,118908,53413,54543,1.1014487383748934,0.3144576854558348
553,0.5093,19,91,19,486793,118817,53432,54524,1.100605802363926,0.3145476257780906
554,0.5094,84,253,84,487046,118564,53516,54440,1.0982622549927747,0.314674805206816
555,0.5095,1329,4393,1329,491439,114171,54845,53111,1.0575697506391493,0.3174938128429837
556,0.5096,371,1538,371,492977,112633,55216,52740,1.0433232057504909,0.31891542150169616
557,0.5097,34,88,34,493065,112545,55250,52706,1.0425080588387863,0.3189451198479888
558,0.5098,32,109,32,493174,112436,55282,52674,1.0414983882322428,0.31902368118224217
559,0.5099,97,340,97,493514,112096,55379,52577,1.0383489569824744,0.31928124221942883
560,0.51,13,54,13,493568,112042,55392,52564,1.0378487531957463,0.319332223612748
561,0.5101,127,450,127,494018,111592,55519,52437,1.033680388306347,0.3196812758719495
562,0.5102,7,19,7,494037,111573,55526,52430,1.0335043906776835,0.31968927397669555
563,0.5103,8,21,8,494058,111552,55534,52422,1.0333098669828449,0.31969702513813164
564,0.5104,3148,10722,3148,504780,100830,58682,49274,0.9339916262180888,0.3282657357565421
565,0.5105,94,390,94,505170,100440,58776,49180,0.9303790433139427,0.32869937174174574
566,0.5106,8,20,8,505190,100420,58784,49172,0.9301937826521917,0.3287074175089577
567,0.5107,39,86,39,505276,100334,58823,49133,0.929397161806662,0.3287213900058207
568,0.5108,2673,8804,2673,514080,91530,61496,46460,0.8478454185038349,0.3366910645698964
569,0.5109,144,365,144,514445,91165,61640,46316,0.8444644114268777,0.3368901884624057
570,0.511,1452,4722,1452,519167,86443,63092,44864,0.8007243691874467,0.3416725688653309
571,0.5111,79,318,79,519485,86125,63171,44785,0.7977787246656045,0.34210526315789475
572,0.5112,88,248,88,519733,85877,63259,44697,0.7954814924598911,0.34231163937690506
573,0.5113,7,34,7,519767,85843,63266,44690,0.7951665493349143,0.34236553208767134
574,0.5114,145,433,145,520200,85410,63411,44545,0.7911556560080033,0.3427724981724443
575,0.5115,400,1102,400,521302,84308,63811,44145,0.7809477935455186,0.3436665550824037
576,0.5116,54,214,54,521516,84094,63865,44091,0.778965504464782,0.3439638023169638
577,0.5117,100,344,100,521860,83750,63965,43991,0.7757790210826633,0.34437651184819285
578,0.5118,140,395,140,522255,83355,64105,43851,0.7721201230130794,0.34472430545728977
579,0.5119,278,964,278,523219,82391,64383,43573,0.7631905591166772,0.34591629354418724
580,0.512,54,273,54,523492,82118,64437,43519,0.7606617510837749,0.3463868128019612
581,0.5121,14,49,14,523541,82069,64451,43505,0.7602078624624847,0.3464491057065953
582,0.5122,102,313,102,523854,81756,64553,43403,0.7573085331060803,0.346782892161171
583,0.5123,118,320,118,524174,81436,64671,43285,0.7543443625180629,0.34705462592506475
584,0.5124,18,126,18,524300,81310,64689,43267,0.7531772203490311,0.3473113014440868
585,0.5125,129,493,129,524793,80817,64818,43138,0.7486105450368669,0.3480133919567585
586,0.5126,42,203,42,524996,80614,64860,43096,0.7467301493200934,0.3483631072669954
587,0.5127,39,200,39,525196,80414,64899,43057,0.7448775427025826,0.3487215621481967
588,0.5128,205,798,205,525994,79616,65104,42852,0.7374856422987143,0.34990364829996407
589,0.5129,253,571,253,526565,79045,65357,42599,0.7321964504057209,0.35019400874683504
590,0.513,1,0,1,526565,79045,65358,42598,0.7321964504057209,0.35018866683656275
591,0.5131,31,183,31,526748,78862,65389,42567,0.7305013153506984,0.35055052746872656
592,0.5132,49,125,49,526873,78737,65438,42518,0.7293434362147542,0.3506494577543194
593,0.5133,1,10,1,526883,78727,65439,42517,0.7292508058838786,0.35067302299495234
594,0.5134,225,462,225,527345,78265,65664,42292,0.7249712845974285,0.35080501339615283
595,0.5135,30,117,30,527462,78148,65694,42262,0.7238875097261848,0.3509841375301055
596,0.5136,213,389,213,527851,77759,65907,42049,0.7202841898551262,0.35096988514957267
597,0.5137,307,752,307,528603,77007,66214,41742,0.7133183889732854,0.3515145390698027
598,0.5138,5,10,5,528613,76997,66219,41737,0.7132257586424099,0.3515168359526336
599,0.5139,223,416,223,529029,76581,66442,41514,0.7093723368779873,0.35153054744061984
600,0.5142,26,92,26,529121,76489,66468,41488,0.7085201378339323,0.35166176458123194
601,0.5143,68,314,68,529435,76175,66536,41420,0.7056115454444404,0.3522258599430248
602,0.5144,28,145,28,529580,76030,66564,41392,0.704268405646745,0.35250634463729114
603,0.5145,42,168,42,529748,75862,66606,41350,0.7027122160880359,0.3527795788827083
604,0.5146,8,19,8,529767,75843,66614,41342,0.7025362184593723,0.35279259290864873
605,0.5147,19,77,19,529844,75766,66633,41323,0.7018229649116307,0.3529195739992655
606,0.5148,80,306,80,530150,75460,66713,41243,0.6989884767868391,0.3534013692878504
607,0.5149,23,81,23,530231,75379,66736,41220,0.6982381711067472,0.3535193269239016
608,0.515,7,19,7,530250,75360,66743,41213,0.6980621734780836,0.3535381263242775
609,0.5151,14,61,14,530311,75299,66757,41199,0.6974971284597429,0.35364555614688664
610,0.5152,30,84,30,530395,75215,66787,41169,0.6967190336803883,0.35373419026670333
611,0.5153,75,220,75,530615,74995,66862,41094,0.6946811664011264,0.35398702719465236
612,0.5154,25,92,25,530707,74903,66887,41069,0.6938289673570714,0.35412858276135617
613,0.5155,146,415,146,531122,74488,67033,40923,0.6899848086257364,0.3545849182486938
614,0.5156,77,213,77,531335,74275,67110,40846,0.6880117825780874,0.3548092876191138
615,0.5157,187,473,187,531808,73802,67297,40659,0.6836303679276743,0.35522142913306715
616,0.5158,51,111,51,531919,73691,67348,40608,0.6826021712549557,0.35527869885125857
617,0.5159,24,64,24,531983,73627,67372,40584,0.6820093371373522,0.3553423050319146
618,0.516,118,322,118,532305,73305,67490,40466,0.6790266404831599,0.3556793910574751
619,0.5161,203,658,203,532963,72647,67693,40263,0.6729315647115491,0.3565937472323089
620,0.5162,46,111,46,533074,72536,67739,40217,0.6719033680388307,0.3566823055705835
621,0.5163,138,542,138,533616,71994,67877,40079,0.6668828041053763,0.35761512585546923
622,0.5164,1,9,1,533625,71985,67878,40078,0.6667994368075882,0.357638114275006
623,0.5165,187,536,187,534161,71449,68065,39891,0.6618344510726593,0.35828094126100235
624,0.5166,145,417,145,534578,71032,68210,39746,0.6579717662751491,0.3587896513748217
625,0.5167,43,118,43,534696,70914,68253,39703,0.6568787283708177,0.3589231311642876
626,0.5168,27,100,27,534796,70814,68280,39676,0.6559524250620623,0.35909132048149156
627,0.5169,340,981,340,535777,69833,68620,39336,0.6468653896031716,0.36032206945195067
628,0.517,351,1306,351,537083,68527,68971,38985,0.6347678683908259,0.3626106853188481
629,0.5171,326,1002,326,538085,67525,69297,38659,0.6254863092370966,0.3640755669404053
630,0.5172,243,922,243,539007,66603,69540,38416,0.6169457927303716,0.3658004741999067
631,0.5173,6,18,6,539025,66585,69546,38410,0.6167790581347956,0.3658269441401972
632,0.5174,337,1183,337,540208,65402,69883,38073,0.6058208899922191,0.3679439478134815
633,0.5175,537,1826,537,542034,63576,70420,37536,0.5889065915743451,0.3712319012580109
634,0.5176,273,948,273,542982,62628,70693,37263,0.5801252362073437,0.3730366099047962
635,0.5177,347,1162,347,544144,61466,71040,36916,0.5693615917596058,0.37523124148726394
636,0.5178,298,1003,298,545147,60463,71338,36618,0.5600707695727889,0.37719018139491767
637,0.5179,14,34,14,545181,60429,71352,36604,0.5597558264478121,0.377232487916482
638,0.518,20,24,20,545205,60405,71372,36584,0.5595335136537107,0.37719741413974783
639,0.5181,90,181,90,545386,60224,71462,36494,0.5578569046648635,0.3773237660001241
640,0.5182,33,123,33,545509,60101,71495,36461,0.5567175515950943,0.37759159917980156
641,0.5183,19,46,19,545555,60055,71514,36442,0.5562914520730668,0.37764904608433425
642,0.5184,0,1,0,545556,60054,71514,36442,0.5562821890399793,0.3776529597081744
643,0.5185,337,816,337,546372,59238,71851,36105,0.5487235540405351,0.3786853780560712
644,0.5186,264,673,264,547045,58565,72115,35841,0.542489532772611,0.37964748003304877
645,0.5187,86,182,86,547227,58383,72201,35755,0.5408036607506762,0.3798147400624615
646,0.5188,32,74,32,547301,58309,72233,35723,0.5401181963021972,0.37990258635358176
647,0.5189,456,1102,456,548403,57207,72689,35267,0.5299103338397124,0.38137206133615936
648,0.519,4,13,4,548416,57194,72693,35263,0.5297899144095742,0.3813989205792963
649,0.5191,137,228,137,548644,56966,72830,35126,0.5276779428656119,0.3814229249011858
650,0.5192,272,567,272,549211,56399,73102,34854,0.5224258031049687,0.38194908660537186
651,0.5193,119,265,119,549476,56134,73221,34735,0.5199710993367669,0.3822535738260573
652,0.5194,80,112,80,549588,56022,73301,34655,0.5189336396309607,0.38218070734585396
653,0.5195,105,196,105,549784,55826,73406,34550,0.5171180851458002,0.3822917588740374
654,0.5196,17,24,17,549808,55802,73423,34533,0.5168957723516988,0.38227707975867603
655,0.5197,41,114,41,549922,55688,73464,34492,0.5158397865797176,0.38247948547349747
656,0.5198,31,61,31,549983,55627,73495,34461,0.5152747415613769,0.3825259746026108
657,0.5199,86,162,86,550145,55465,73581,34375,0.5137741302011931,0.3826246660730187
658,0.52,89,164,89,550309,55301,73670,34286,0.5122549927748342,0.3827117773784143
659,0.5201,44,106,44,550415,55195,73714,34242,0.5112731112675535,0.382861679170813
660,0.5202,17,68,17,550483,55127,73731,34225,0.5106432250175997,0.3830356343450622
661,0.5203,86,196,86,550679,54931,73817,34139,0.5088276705324392,0.38328281127203323
662,0.5204,89,223,89,550902,54708,73906,34050,0.5067620141539145,0.3836273913337389
663,0.5205,0,1,0,550903,54707,73906,34050,0.506752751120827,0.3836317135549872
664,0.5206,109,279,109,551182,54428,74015,33941,0.5041683648893994,0.38408265341918546
665,0.5207,35,75,35,551257,54353,74050,33906,0.5034736374078328,0.38416478772703067
666,0.5208,125,284,125,551541,54069,74175,33781,0.5008429360109674,0.38453044963005123
667,0.5209,115,229,115,551770,53840,74290,33666,0.49872170143391753,0.3847279043722716
668,0.521,76,175,76,551945,53665,74366,33590,0.49710067064359553,0.38496361240043553
669,0.5211,405,848,405,552793,52817,74771,33185,0.4892456185853496,0.3858631194623381
670,0.5212,10,20,10,552813,52797,74781,33175,0.4890603579235985,0.38588144977434513
671,0.5213,33,75,33,552888,52722,74814,33142,0.48836563044203196,0.3859824839280723
672,0.5214,18,46,18,552934,52676,74832,33124,0.48793953092000447,0.38606060606060605
673,0.5215,174,237,174,553171,52439,75006,32950,0.4857441920782541,0.3858810853857054
674,0.5216,89,186,89,553357,52253,75095,32861,0.48402126792396905,0.3860821956434899
675,0.5217,136,167,136,553524,52086,75231,32725,0.4824743413983475,0.38585796653735954
676,0.5218,316,904,316,554428,51182,75547,32409,0.4741005594871985,0.38770920314387913
677,0.5219,55,103,55,554531,51079,75602,32354,0.4731464670791804,0.3877842100847387
678,0.522,295,820,295,555351,50259,75897,32059,0.465550779947386,0.38945309652809834
679,0.5221,189,434,189,555785,49825,76086,31870,0.46153062358738745,0.3901095538282637
680,0.5222,1,8,1,555793,49817,76087,31869,0.461456519322687,0.39014029331831646
681,0.5223,2,7,2,555800,49810,76089,31867,0.4613916780910741,0.3901587962339459
682,0.5224,14,34,14,555834,49776,76103,31853,0.4610767349660973,0.39021671219787085
683,0.5225,258,523,258,556357,49253,76361,31595,0.45623216866130645,0.39079507223431625
684,0.5226,9,19,9,556376,49234,76370,31586,0.45605617103264295,0.3908191041821331
685,0.5227,56,170,56,556546,49064,76426,31530,0.4544814554077587,0.3912201900885922
686,0.5228,31,66,31,556612,48998,76457,31499,0.45387009522398014,0.39130650831708014
687,0.523,2,1,2,556613,48997,76459,31497,0.45386083219089257,0.39129624568290805
688,0.5231,16,47,16,556660,48950,76475,31481,0.4534254696357775,0.3914038119630491
689,0.5232,225,547,225,557207,48403,76700,31256,0.44835859053688537,0.3923724877289446
690,0.5233,35,118,35,557325,48285,76735,31221,0.447265552632554,0.3926873443513697
691,0.5234,0,3,0,557328,48282,76735,31221,0.44723776353329137,0.39270216218255916
692,0.5235,36,90,36,557418,48192,76771,31185,0.44640409055541147,0.39287199062700784
693,0.5236,15,17,15,557435,48175,76786,31170,0.44624661899292306,0.3928413888713845
694,0.5237,184,385,184,557820,47790,76970,30986,0.4426803512542147,0.39334315019802985
695,0.5238,22,34,22,557854,47756,76992,30964,0.44236540812923786,0.3933434959349594
696,0.5239,83,242,83,558096,47514,77075,30881,0.44012375412204974,0.3939154282798648
697,0.524,22,35,22,558131,47479,77097,30859,0.43979954796398535,0.3939212132043197
698,0.5241,124,281,124,558412,47198,77221,30735,0.4371966356663826,0.39437722145945875
699,0.5242,129,319,129,558731,46879,77350,30606,0.43424172811145284,0.39499257920887915
700,0.5243,20,27,20,558758,46852,77370,30586,0.43399162621808884,0.39497404375112993
701,0.5244,435,1092,435,559850,45760,77805,30151,0.4238763940864797,0.397188813215476
702,0.5245,12,30,12,559880,45730,77817,30139,0.42359850309385305,0.39725052392940463
703,0.5246,2,1,2,559881,45729,77819,30137,0.4235892400607655,0.39723987029763
704,0.5247,171,432,171,560313,45297,77990,29966,0.4195876097669421,0.39815048563038946
705,0.5248,35,46,35,560359,45251,78025,29931,0.4191615102449146,0.3981139102444734
706,0.5249,473,898,473,561257,44353,78498,29458,0.41084330653229095,0.3991004050886724
707,0.525,399,864,399,562121,43489,78897,29059,0.4028400459446441,0.40054860230468103
708,0.5251,3,8,3,562129,43481,78900,29056,0.4027659416799437,0.40056798599335514
709,0.5252,10,13,10,562142,43468,78910,29046,0.4026455222498055,0.4005571337948534
710,0.5253,782,1531,782,563673,41937,79692,28264,0.38846381859276,0.4026153473597242
711,0.5254,356,710,356,564383,41227,80048,27908,0.38188706510059656,0.40367397121573734
712,0.5255,1364,2854,1364,567237,38373,81412,26544,0.3554503686687169,0.40889135357456446
713,0.5256,79,217,79,567454,38156,81491,26465,0.3534402904887176,0.40954178982064654
714,0.5257,821,1652,821,569106,36504,82312,25644,0.3381377598280781,0.4126279204479629
715,0.5258,783,1547,783,570653,34957,83095,24861,0.3238078476416318,0.4156106857467652
716,0.5259,448,976,448,571629,33981,83543,24413,0.3147671273481789,0.41807377470288043
717,0.526,938,1832,938,573461,32149,84481,23475,0.2977972507317796,0.42203005896735224
718,0.5261,1,2,1,573463,32147,84482,23474,0.2977787246656045,0.422034842954999
719,0.5262,10,14,10,573477,32133,84492,23464,0.29764904220237876,0.4220371602784323
720,0.5263,212,387,212,573864,31746,84704,23252,0.2940642483974953,0.4227790101458235
721,0.5264,36,80,36,573944,31666,84740,23216,0.2933232057504909,0.42301665391202947
722,0.5265,164,394,164,574338,31272,84904,23052,0.2896735707139946,0.4243428318975039
723,0.5266,3,6,3,574344,31266,84907,23049,0.28961799251546927,0.4243579121789561
724,0.5267,131,282,131,574626,30984,85038,22918,0.28700581718477897,0.4251790286074728
725,0.5268,108,181,108,574807,30803,85146,22810,0.28532920819593166,0.42545651241303417
726,0.527,91,166,91,574973,30637,85237,22719,0.2837915447033977,0.42580028487892646
727,0.5271,2,5,2,574978,30632,85239,22717,0.2837452295379599,0.42581866576693095
728,0.5272,3,3,3,574981,30629,85242,22714,0.28371744043869723,0.4258103218791594
729,0.5273,28,58,28,575039,30571,85270,22686,0.2831801845196191,0.425972172672137
730,0.5274,84,131,84,575170,30440,85354,22602,0.2819667271851495,0.4261151540288828
731,0.5275,0,2,0,575172,30438,85354,22602,0.2819482011189744,0.426131221719457
732,0.5276,57,146,57,575318,30292,85411,22545,0.2805957982881915,0.4266896303726555
733,0.5277,66,127,66,575445,30165,85477,22479,0.2794193930860721,0.4270002279462047
734,0.5278,35,61,35,575506,30104,85512,22444,0.2788543480677313,0.427114257440816
735,0.5279,23,89,23,575595,30015,85535,22421,0.27802993812293897,0.4275879166984514
736,0.528,123,195,123,575790,29820,85658,22298,0.2762236466708659,0.42783683180475074
737,0.5281,0,3,0,575793,29817,85658,22298,0.27619585757160325,0.42786146023217886
738,0.5282,0,3,0,575796,29814,85658,22298,0.2761680684723406,0.42788609149524104
739,0.5283,157,193,157,575989,29621,85815,22141,0.2743803030864426,0.42774622309802557
740,0.5284,74,235,74,576224,29386,85889,22067,0.2722034903108674,0.42887683905700347
741,0.5285,16,29,16,576253,29357,85905,22051,0.2719348623513283,0.42894102085278557
742,0.5286,266,329,266,576582,29028,86171,21785,0.268887324465523,0.42872886859661896
743,0.5287,30,135,30,576717,28893,86201,21755,0.2676368149987032,0.42953324909177065
744,0.5288,133,145,133,576862,28748,86334,21622,0.26629367520100783,0.42926345046654757
745,0.5289,130,300,130,577162,28448,86464,21492,0.26351476527474155,0.4303564277132559
746,0.529,54,50,54,577212,28398,86518,21438,0.26305161362036383,0.43017096075126415
747,0.5291,13,17,13,577229,28381,86531,21425,0.2628941420578754,0.4301690559370357
748,0.5292,0,1,0,577230,28380,86531,21425,0.26288487902478785,0.4301776930027106
749,0.5293,165,324,165,577554,28056,86696,21260,0.25988365630442034,0.4310974126044286
750,0.5294,7,16,7,577570,28040,86703,21253,0.25973544777501945,0.43115655366887795
751,0.5295,14,37,14,577607,28003,86717,21239,0.25939271555078,0.4313187929003696
752,0.5296,222,297,222,577904,27706,86939,21017,0.25664159472377635,0.43135685405250085
753,0.5297,193,283,193,578187,27423,87132,20824,0.25402015635999853,0.4316123282276618
754,0.5298,4,9,4,578196,27414,87136,20820,0.2539367890622105,0.43164572708048266
755,0.5299,315,479,315,578675,26935,87451,20505,0.24949979621327206,0.4322301854974705
756,0.53,203,334,203,579009,26601,87654,20302,0.24640594316202896,0.4328507771357909
757,0.5301,29,48,29,579057,26553,87683,20273,0.24596131757382636,0.43294323666339213
758,0.5302,262,376,262,579433,26177,87945,20011,0.242478417132906,0.43325106088161425
759,0.5303,53,97,53,579530,26080,87998,19958,0.24157990292341325,0.4335114470654677
760,0.5304,222,299,222,579829,25781,88220,19736,0.23881025603023454,0.43359623876793285
761,0.5305,151,239,151,580068,25542,88371,19585,0.2365963911223091,0.43399738515744457
762,0.5306,77,137,77,580205,25405,88448,19508,0.23532735558931417,0.4343508560995703
763,0.5307,1,3,1,580208,25402,88449,19507,0.23529956649005151,0.4343672760471175
764,0.5308,71,158,71,580366,25244,88520,19436,0.23383600726221795,0.43500447627573857
765,0.5309,119,224,119,580590,25020,88639,19317,0.2317610878506058,0.4356857703498207
766,0.531,34,45,34,580635,24975,88673,19283,0.23134425136166586,0.43569524153825295
767,0.5311,37,96,37,580731,24879,88710,19246,0.23045500018526066,0.4361699716713881
768,0.5312,194,245,194,580976,24634,88904,19052,0.2281855570788099,0.43611225564253997
769,0.5313,26,48,26,581024,24586,88930,19026,0.22774093149060728,0.43625607630927266
770,0.5314,2,6,2,581030,24580,88932,19024,0.22768535329208195,0.43629024860104576
771,0.5315,83,189,83,581219,24391,89015,18941,0.22593464003853422,0.43711344964460447
772,0.5316,80,117,80,581336,24274,89095,18861,0.2248508651672904,0.4372551292453924
773,0.5317,0,1,0,581337,24273,89095,18861,0.22484160213420282,0.43726526637919044
774,0.5318,42,87,42,581424,24186,89137,18819,0.2240357182555856,0.43760027903732124
775,0.5319,27,35,27,581459,24151,89164,18792,0.22371151209752121,0.437603334652912
776,0.532,100,109,100,581568,24042,89264,18692,0.2227018414909778,0.4374034726447325
777,0.5321,9,32,9,581600,24010,89273,18683,0.22240542443217606,0.43761272339727825
778,0.5322,15,32,15,581632,23978,89288,18668,0.22210900737337433,0.4377432819021714
779,0.5323,55,92,55,581724,23886,89343,18613,0.22125680832931935,0.4379632461940281
780,0.5324,11,36,11,581760,23850,89354,18602,0.2209233391381674,0.43818901347404127
781,0.5325,31,101,31,581861,23749,89385,18571,0.21998777279632442,0.4388232514177694
782,0.5326,204,326,204,582187,23423,89589,18367,0.21696802400978177,0.43950705910504906
783,0.5327,0,3,0,582190,23420,89589,18367,0.21694023491051911,0.43953861248713716
784,0.5328,8,9,8,582199,23411,89597,18359,0.21685686761273112,0.4395259755805602
785,0.5329,3,13,3,582212,23398,89600,18356,0.2167364481825929,0.4396225511328256
786,0.533,652,965,652,583177,22433,90252,17704,0.2077976212531031,0.4410892692528091
787,0.5331,7,15,7,583192,22418,90259,17697,0.2076586757567898,0.4411566745606382
788,0.5332,5,12,5,583204,22406,90264,17692,0.20754751935973914,0.44121901341712805
789,0.5333,4,28,4,583232,22378,90268,17688,0.20728815443328763,0.4414715719063545
790,0.5334,596,990,596,584222,21388,90864,17092,0.198117751676609,0.4441787941787942
791,0.5335,2,12,2,584234,21376,90866,17090,0.19800659527955833,0.44428846253834553
792,0.5336,461,677,461,584911,20699,91327,16629,0.19173552187928417,0.44548328332618947
793,0.5337,626,997,626,585908,19702,91953,16003,0.18250027789099263,0.448200532138356
794,0.5338,211,364,211,586272,19338,92164,15792,0.1791285338471229,0.449530315969257
795,0.5339,12,14,12,586286,19324,92176,15780,0.17899885138389715,0.4495214220601641
796,0.534,452,654,452,586940,18670,92628,15328,0.1729408277446367,0.45085005000294137
797,0.5341,108,185,108,587125,18485,92736,15220,0.17122716662343918,0.45156504969589084
798,0.5342,306,397,306,587522,18088,93042,14914,0.16754974248768018,0.4519120053330101
799,0.5343,18,42,18,587564,18046,93060,14896,0.16716069509800288,0.45218869528261796
800,0.5344,100,85,100,587649,17961,93160,14796,0.16637333728556078,0.45168971517538237
801,0.5345,2,8,2,587657,17953,93162,14794,0.16629923302086036,0.4517665740373164
802,0.5346,94,132,94,587789,17821,93256,14700,0.1650765126533032,0.452015620675871
803,0.5347,21,57,21,587846,17764,93277,14679,0.1645485197673126,0.45245507505471133
804,0.5348,90,113,90,587959,17651,93367,14589,0.163501797028419,0.4525124069478908
805,0.5349,94,118,94,588077,17533,93461,14495,0.1624087591240876,0.45257274884476084
806,0.535,74,146,74,588223,17387,93535,14421,0.16105635629330467,0.45337650905432597
807,0.5352,62,82,62,588305,17305,93597,14359,0.16029678758012525,0.45348029307731175
808,0.5353,13,32,13,588337,17273,93610,14346,0.16000037052132352,0.45371453872671497
809,0.5354,4,7,4,588344,17266,93614,14342,0.1599355292897106,0.4537458871171855
810,0.5355,17,16,17,588360,17250,93631,14325,0.15978732076030974,0.45368171021377673
811,0.5356,26,51,26,588411,17199,93657,14299,0.1593149060728445,0.4539653311321354
812,0.5357,23,44,23,588455,17155,93680,14276,0.1589073326169921,0.45420126626578855
813,0.5358,96,158,96,588613,16997,93776,14180,0.15744377338915855,0.4548224652788915
814,0.5359,109,143,109,588756,16854,93885,14071,0.15611915965763828,0.45500404203718675
815,0.536,22,20,22,588776,16834,93907,14049,0.15593389899588722,0.4549104685425639
816,0.5361,22,35,22,588811,16799,93929,14027,0.1556096928378228,0.4550379549730747
817,0.5362,229,261,229,589072,16538,94158,13798,0.15319204120197116,0.4548391350210971
818,0.5363,139,104,139,589176,16434,94297,13659,0.15222868576086554,0.45389293191107566
819,0.5364,3,8,3,589184,16426,94300,13656,0.1521545814961651,0.45395917824612725
820,0.5365,7,9,7,589193,16417,94307,13649,0.15207121419837713,0.4539679372048161
821,0.5366,241,324,241,589517,16093,94548,13408,0.14906999147800956,0.4544930680315922
822,0.5367,74,73,74,589590,16020,94622,13334,0.1483937900626181,0.45424814335354635
823,0.5368,36,65,36,589655,15955,94658,13298,0.1477916929119271,0.45458585444227945
824,0.5369,59,111,59,589766,15844,94717,13239,0.14676349623920856,0.45521438641130557
825,0.537,150,262,150,590028,15582,94867,13089,0.14433658157026938,0.45652401381186564
826,0.5371,0,2,0,590030,15580,94867,13089,0.14431805550409427,0.4565558617321846
827,0.5372,104,145,104,590175,15435,94971,12985,0.1429749157063989,0.45689655172413796
828,0.5373,0,1,0,590176,15434,94971,12985,0.14296565267331135,0.4569126288750484
829,0.5374,26,42,26,590218,15392,94997,12959,0.14257660528363408,0.45709146061867306
830,0.5376,33,22,33,590240,15370,95030,12926,0.14237281855570788,0.45681368391292054
831,0.5377,34,55,34,590295,15315,95064,12892,0.1418633517358924,0.4570496685219981
832,0.5378,224,391,224,590686,14924,95288,12668,0.1382415057986587,0.4591185850971296
833,0.5379,1,2,1,590688,14922,95289,12667,0.1382229797324836,0.4591322628583856
834,0.538,151,300,151,590988,14622,95440,12516,0.13544406980621734,0.46119831969931463
835,0.5382,91,224,91,591212,14398,95531,12425,0.1333691503946052,0.46322186183499237
836,0.5383,143,280,143,591492,14118,95674,12282,0.13077550113009004,0.4652272727272727
837,0.5384,10,31,10,591523,14087,95684,12272,0.13048834710437585,0.46557153154520275
838,0.5385,101,225,101,591748,13862,95785,12171,0.12840416465967616,0.46752199131871086
839,0.5386,43,39,43,591787,13823,95828,12128,0.12804290636926155,0.46734229894801743
840,0.5387,21,20,21,591807,13803,95849,12107,0.12785764570751046,0.4672713238131995
841,0.5388,0,1,0,591808,13802,95849,12107,0.12784838267442292,0.46728935891003126
842,0.5389,4,4,4,591812,13798,95853,12103,0.1278113305420727,0.46727925562719586
843,0.539,61,116,61,591928,13682,95914,12042,0.1267368187039164,0.46812315347535377
844,0.5391,16,18,16,591946,13664,95930,12026,0.12657008410834045,0.46811989100817436
845,0.5392,108,155,108,592101,13509,96038,11918,0.12513431397976954,0.46871435875250717
846,0.5393,11,18,11,592119,13491,96049,11907,0.12496757938419356,0.46881644223954644
847,0.5395,5,6,5,592125,13485,96054,11902,0.12491200118566824,0.46882262575333833
848,0.5396,43,80,43,592205,13405,96097,11859,0.1241709585386639,0.4694031032298923
849,0.5397,2,10,2,592215,13395,96099,11857,0.12407832820778836,0.4695469665769048
850,0.5398,48,66,48,592281,13329,96147,11809,0.12346696802400978,0.4697668867849471
851,0.5399,349,452,349,592733,12877,96496,11460,0.11928007706843528,0.4708879483913383
852,0.54,342,579,342,593312,12298,96838,11118,0.11391678091074141,0.47480355312606765
853,0.5402,25,38,25,593350,12260,96863,11093,0.11356478565341435,0.4750139168415193
854,0.5403,11,22,11,593372,12238,96874,11082,0.11336099892548816,0.47521440823327615
855,0.5404,704,1112,704,594484,11126,97578,10378,0.1030605061321279,0.4826078869047619
856,0.5405,1,3,1,594487,11123,97579,10377,0.10303271703286525,0.4826511627906977
857,0.5406,38,90,38,594577,11033,97617,10339,0.10219904405498537,0.4837638031068688
858,0.5407,359,588,359,595165,10445,97976,9980,0.0967523805995035,0.4886168910648715
859,0.5408,0,1,0,595166,10444,97976,9980,0.09674311756641595,0.48864081472777127
860,0.5411,2,4,2,595170,10440,97978,9978,0.09670606543406574,0.4886864531295915
861,0.5412,47,67,47,595237,10373,98025,9931,0.0960854422171996,0.48911544523246653
862,0.5413,29,71,29,595308,10302,98054,9902,0.09542776686798325,0.4901009701049297
863,0.5415,0,5,0,595313,10297,98054,9902,0.09538145170254549,0.4902222882320907
864,0.5416,36,76,36,595389,10221,98090,9866,0.09467746118789136,0.49116343904017523
865,0.5417,75,91,75,595480,10130,98165,9791,0.09383452517692394,0.491491390994428
866,0.5418,3,7,3,595487,10123,98168,9788,0.09376968394531106,0.4915875646627492
867,0.5419,13,22,13,595509,10101,98181,9775,0.09356589721738486,0.49179915475950897
868,0.542,33,83,33,595592,10018,98214,9742,0.09279706547111786,0.4930161943319838
869,0.5421,12,21,12,595613,9997,98226,9730,0.09260254177627922,0.4932326253358341
870,0.5422,1,1,1,595614,9996,98227,9729,0.09259327874319168,0.4932319391634981
871,0.5423,79,101,79,595715,9895,98306,9650,0.09165771240134869,0.4937324123816833
872,0.5424,5,9,5,595724,9886,98311,9645,0.0915743451035607,0.49383032102810914
873,0.5427,14,54,14,595778,9832,98325,9631,0.09107414131683278,0.4948363561629759
874,0.5428,18,35,18,595813,9797,98343,9613,0.09074993515876839,0.4952601751674395
875,0.5429,49,62,49,595875,9735,98392,9564,0.09017562710734003,0.49556971863827143
876,0.543,50,63,50,595938,9672,98442,9514,0.08959205602282411,0.4958824142603982
877,0.5431,10,6,10,595944,9666,98452,9504,0.08953647782429879,0.49577464788732395
878,0.5432,11,23,11,595967,9643,98463,9493,0.08932342806328504,0.4960806856187291
879,0.5433,38,72,38,596039,9571,98501,9455,0.08865648968098114,0.4969515399978976
880,0.5435,40,56,40,596095,9515,98541,9415,0.0881377598280781,0.49735868991019544
881,0.5436,64,83,64,596178,9432,98605,9351,0.08736892808181111,0.49784379492093916
882,0.5437,26,32,26,596210,9400,98631,9325,0.08707251102300938,0.4979973297730307
883,0.5439,80,95,80,596305,9305,98711,9245,0.08619252287969173,0.49838274932614557
884,0.544,83,93,83,596398,9212,98794,9162,0.08533106080254918,0.4986393817350604
885,0.5441,14,17,14,596415,9195,98808,9148,0.08517358924006077,0.49871885732977156
886,0.5442,1,0,1,596415,9195,98809,9147,0.08517358924006077,0.49869152764147856
887,0.5444,78,87,78,596502,9108,98887,9069,0.08436770536144356,0.4989272157121637
888,0.5445,124,131,124,596633,8977,99011,8945,0.08315424802697395,0.49910724249525723
889,0.5446,9,4,9,596637,8973,99020,8936,0.08311719589462374,0.49896699983248644
890,0.5447,216,203,216,596840,8770,99236,8720,0.08123680017785023,0.4985706117781589
891,0.5448,8,17,8,596857,8753,99244,8712,0.08107932861536181,0.4988262238763241
892,0.5449,324,340,324,597197,8413,99568,8388,0.07792989736559339,0.49925599666686504
893,0.545,119,116,119,597313,8297,99687,8269,0.0768553855274371,0.4991548955692382
894,0.5451,45,48,45,597361,8249,99732,8224,0.0764107599392345,0.4992411825411279
895,0.5453,141,169,141,597530,8080,99873,8083,0.07484530734743784,0.50009280455361
896,0.5454,171,174,171,597704,7906,100044,7912,0.07323353959020341,0.5001896573523834
897,0.5455,5,3,5,597707,7903,100049,7907,0.07320575049094076,0.5001265022137887
898,0.5456,1,2,1,597709,7901,100050,7906,0.07318722442476565,0.5001581577781995
899,0.5457,0,2,0,597711,7899,100050,7906,0.07316869835859054,0.5002214489085732
900,0.5459,42,52,42,597763,7847,100092,7864,0.07268702063803772,0.5005410222137356
901,0.546,165,190,165,597953,7657,100257,7699,0.07092704435140243,0.501367543631154
902,0.5461,23,24,23,597977,7633,100280,7676,0.07070473155730113,0.5014044026389706
903,0.5462,17,30,17,598007,7603,100297,7659,0.07042684056467449,0.5018346219368366
904,0.5463,16,32,16,598039,7571,100313,7643,0.07013042350587276,0.5023662416195609
905,0.5465,11,10,11,598049,7561,100324,7632,0.07003779317499723,0.5023366023826762
906,0.5466,0,2,0,598051,7559,100324,7632,0.07001926710882211,0.502402738463564
907,0.5467,27,43,27,598094,7516,100351,7605,0.06962095668605728,0.5029429270550889
908,0.5468,0,1,0,598095,7515,100351,7605,0.06961169365296972,0.5029761904761905
909,0.5469,2,1,2,598096,7514,100353,7603,0.06960243061988218,0.5029437057617252
910,0.547,2,1,2,598097,7513,100355,7601,0.06959316758679462,0.5029112081513828
911,0.5471,2,0,2,598097,7513,100357,7599,0.06959316758679462,0.5028454208575966
912,0.5473,3,4,3,598101,7509,100360,7596,0.0695561154544444,0.5028798411122145
913,0.5474,193,187,193,598288,7322,100553,7403,0.06782392826707177,0.5027504244482173
914,0.5476,4,21,4,598309,7301,100557,7399,0.06762940457223313,0.5033333333333333
915,0.5477,1,2,1,598311,7299,100558,7398,0.06761087850605803,0.5033680342927128
916,0.5478,6,5,6,598316,7294,100564,7392,0.06756456334062025,0.5033365109628217
917,0.548,1,2,1,598318,7292,100565,7391,0.06754603727444515,0.5033712456582442
918,0.5481,631,666,631,598984,6626,101196,6760,0.061376857238134054,0.5050052293440909
919,0.5482,518,507,518,599491,6119,101714,6242,0.05668049946274408,0.5049753256209044
920,0.5483,6,5,6,599496,6114,101720,6236,0.05663418429730631,0.5049392712550608
921,0.5484,489,494,489,599990,5620,102209,5747,0.05205824595205454,0.5055863464414533
922,0.5485,17,32,17,600022,5588,102226,5730,0.05176182889325281,0.5062731931436649
923,0.5486,488,507,488,600529,5081,102714,5242,0.047065471117862835,0.5077981207013466
924,0.5487,3,10,3,600539,5071,102717,5239,0.04697284078698729,0.5081474296799224
925,0.5488,10,23,10,600562,5048,102727,5229,0.046759791025973545,0.5088060718108397
926,0.5489,508,488,508,601050,4560,103235,4721,0.0422394308792471,0.508673634306648
927,0.549,11,18,11,601068,4542,103246,4710,0.04207269628367113,0.5090791180285343
928,0.5491,0,1,0,601069,4541,103246,4710,0.04206343325058357,0.5091341476597124
929,0.5492,15,27,15,601096,4514,103261,4695,0.04181333135721961,0.5098273428168096
930,0.5493,3,4,3,601100,4510,103264,4692,0.04177627922486939,0.5098891545316235
931,0.5494,72,62,72,601162,4448,103336,4620,0.04120197117344103,0.5094838994265549
932,0.5496,34,70,34,601232,4378,103370,4586,0.04055355885731224,0.5116019634091923
933,0.5497,57,68,57,601300,4310,103427,4529,0.03992367260735855,0.5123882792171061
934,0.5498,2,6,2,601306,4304,103429,4527,0.03986809440883323,0.5126259766730834
935,0.5499,73,97,73,601403,4207,103502,4454,0.03896958019934047,0.514259323403764
936,0.55,27,58,27,601461,4149,103529,4427,0.03843232428026233,0.5162080223880597
937,0.5503,0,1,0,601462,4148,103529,4427,0.038423061247174775,0.516268221574344
938,0.5504,32,60,32,601522,4088,103561,4395,0.03786727926192152,0.5180950135565248
939,0.5505,3,10,3,601532,4078,103564,4392,0.037774648931045984,0.5185360094451004
940,0.5507,49,33,49,601565,4045,103613,4343,0.037468968839156694,0.5177634716261326
941,0.5508,23,24,23,601589,4021,103636,4320,0.03724665604505539,0.5179235103704591
942,0.5509,8,9,8,601598,4012,103644,4312,0.0371632887472674,0.5180201826045171
943,0.551,39,51,39,601649,3961,103683,4273,0.03669087405980214,0.5189458343453971
944,0.5511,12,16,12,601665,3945,103695,4261,0.03654266553040127,0.5192542042407994
945,0.5512,19,15,19,601680,3930,103714,4242,0.03640372003408796,0.5190895741556535
946,0.5513,5,8,5,601688,3922,103719,4237,0.03632961576938753,0.519303836254443
947,0.5514,1,3,1,601691,3919,103720,4236,0.03630182667012487,0.519435928877989
948,0.5515,4,1,4,601692,3918,103724,4232,0.03629256363703731,0.5192638036809816
949,0.5516,25,44,25,601736,3874,103749,4207,0.03588499018118493,0.5206038856577156
950,0.5517,16,26,16,601762,3848,103765,4191,0.03564415132090852,0.5213334991914417
951,0.5518,10,11,10,601773,3837,103775,4181,0.03554225795694542,0.5214517335994013
952,0.5519,12,7,12,601780,3830,103787,4169,0.03547741672533254,0.521190148768596
953,0.552,44,58,44,601838,3772,103831,4125,0.0349401608062544,0.5223502595922502
954,0.5521,35,45,35,601883,3727,103866,4090,0.03452332431731446,0.5232186260713829
955,0.5522,157,152,157,602035,3575,104023,3933,0.03311534328800622,0.5238412360149174
956,0.5523,1,2,1,602037,3573,104024,3932,0.03309681722183112,0.5239173884077282
957,0.5525,189,160,189,602197,3413,104213,3743,0.031614731927822444,0.5230575740637228
958,0.5527,0,1,0,602198,3412,104213,3743,0.031605468894734895,0.523130677847659
959,0.5528,316,317,316,602515,3095,104529,3427,0.028669087405980214,0.5254523152407237
960,0.5529,182,172,182,602687,2923,104711,3245,0.027075845714920894,0.5261024643320363
961,0.553,2,9,2,602696,2914,104713,3243,0.026992478417132905,0.5267175572519084
962,0.5531,129,154,129,602850,2760,104842,3114,0.02556597132164956,0.5301327885597549
963,0.5532,7,7,7,602857,2753,104849,3107,0.025501130090036683,0.5302047781569966
964,0.5533,151,151,151,603008,2602,105000,2956,0.024102412093816,0.5318459877653833
965,0.5534,71,81,71,603089,2521,105071,2885,0.02335210641372411,0.5336662967073622
966,0.5535,0,1,0,603090,2520,105071,2885,0.023342843380636556,0.5337650323774283
967,0.5536,1,2,1,603092,2518,105072,2884,0.023324317314461447,0.5338763420955202
968,0.5537,0,4,0,603096,2514,105072,2884,0.02328726518211123,0.5342719525750278
969,0.5538,0,1,0,603097,2513,105072,2884,0.023278002149023678,0.5343709468223087
970,0.5546,1,0,1,603097,2513,105073,2883,0.023278002149023678,0.5342846553002224
971,0.5548,1,1,1,603098,2512,105074,2882,0.023268739115936122,0.5342973674453096
972,0.555,0,2,0,603100,2510,105074,2882,0.023250213049761013,0.5344955489614244
973,0.5553,2,0,2,603100,2510,105076,2880,0.023250213049761013,0.5343228200371057
974,0.5554,1,0,1,603100,2510,105077,2879,0.023250213049761013,0.5342364074967526
975,0.5555,3,1,3,603101,2509,105080,2876,0.02324095001667346,0.5340761374187558
976,0.5558,2,2,2,603103,2507,105082,2874,0.023222423950498353,0.5341014681286006
977,0.556,19,43,19,603146,2464,105101,2855,0.02282411352773352,0.536755029140816
978,0.5563,4,7,4,603153,2457,105105,2851,0.022759272296120642,0.5371137905048983
979,0.5565,23,56,23,603209,2401,105128,2828,0.022240542443217607,0.5408299866131191
980,0.5566,29,47,29,603256,2354,105157,2799,0.02180517988810256,0.543178730836406
981,0.5567,1,0,1,603256,2354,105158,2798,0.02180517988810256,0.5430900621118012
982,0.5568,19,50,19,603306,2304,105177,2779,0.02134202823372485,0.5467243753688766
983,0.5571,15,46,15,603352,2258,105192,2764,0.020915928711697358,0.5503783353245719
984,0.5574,75,47,75,603399,2211,105267,2689,0.020480566156582312,0.5487755102040817
985,0.5575,15,6,15,603405,2205,105282,2674,0.020424987958056987,0.5480631276901005
986,0.5578,64,40,64,603445,2165,105346,2610,0.02005446663455482,0.5465968586387434
987,0.5579,13,8,13,603453,2157,105359,2597,0.019980362369854385,0.5462768195204039
988,0.5581,8,16,8,603469,2141,105367,2589,0.019832153840453517,0.5473572938689217
989,0.5583,16,15,16,603484,2126,105383,2573,0.019693208344140206,0.5475633113428389
990,0.5585,72,51,72,603535,2075,105455,2501,0.01922079365667494,0.5465472027972028
991,0.5586,0,1,0,603536,2074,105455,2501,0.019211530623587388,0.5466666666666666
992,0.5587,9,6,9,603542,2068,105464,2492,0.019155952425062062,0.5464912280701755
993,0.5588,25,27,25,603569,2041,105489,2467,0.0189058505316981,0.5472493345164152
994,0.5591,8,6,8,603575,2035,105497,2459,0.018850272333172775,0.5471740097908322
995,0.5593,8,3,8,603578,2032,105505,2451,0.01882248323391011,0.5467320990408209
996,0.5594,5,4,5,603582,2028,105510,2446,0.018785431101559894,0.546714349575324
997,0.5595,2,8,2,603590,2020,105512,2444,0.01871132683685946,0.5474910394265233
998,0.5596,17,23,17,603613,1997,105529,2427,0.018498277075845716,0.5485985533453888
999,0.5599,12,13,12,603626,1984,105541,2415,0.01837785764570751,0.5489884064560128
1000,0.56,70,60,70,603686,1924,105611,2345,0.01782207566045426,0.5493089716561256
1001,0.5603,125,97,125,603783,1827,105736,2220,0.016923561450961504,0.5485544848035582
1002,0.5604,3,9,3,603792,1818,105739,2217,0.016840194153173515,0.5494423791821561
1003,0.5605,1,0,1,603792,1818,105740,2216,0.016840194153173515,0.5493306891422906
1004,0.5606,3,3,3,603795,1815,105743,2213,0.016812405053910854,0.5494041708043694
1005,0.5608,50,64,50,603859,1751,105793,2163,0.016219570936307385,0.5526315789473685
1006,0.5609,79,92,79,603951,1659,105872,2084,0.0153673718922524,0.5567726422655623
1007,0.561,65,62,65,604013,1597,105937,2019,0.01479306384082404,0.5583517699115044
1008,0.5611,12,24,12,604037,1573,105949,2007,0.014570751046722738,0.5606145251396648
1009,0.5612,4,16,4,604053,1557,105953,2003,0.014422542517321871,0.5626404494382022
1010,0.5613,58,57,58,604110,1500,106011,1945,0.013894549631331283,0.5645863570391872
1011,0.5614,2,0,2,604110,1500,106013,1943,0.013894549631331283,0.5643334301481266
1012,0.5615,19,24,19,604134,1476,106032,1924,0.013672236837229982,0.5658823529411765
1013,0.5624,9,12,9,604146,1464,106041,1915,0.013561080440179332,0.5667357206274045
1014,0.5629,11,4,11,604150,1460,106052,1904,0.013524028307829115,0.5659928656361475
1015,0.563,0,2,0,604152,1458,106052,1904,0.013505502241654007,0.5663295657346817
1016,0.5633,0,1,0,604153,1457,106052,1904,0.013496239208566452,0.5664980660517703
1017,0.5635,2,16,2,604169,1441,106054,1902,0.013348030679165585,0.5689500448698773
1018,0.5636,2,0,2,604169,1441,106056,1900,0.013348030679165585,0.5686920083807243
1019,0.5638,7,9,7,604178,1432,106063,1893,0.013264663381377599,0.5693233082706767
1020,0.564,1,1,1,604179,1431,106064,1892,0.013255400348290045,0.5693650315979537
1021,0.5641,1,7,1,604186,1424,106065,1891,0.013190559116677165,0.5704374057315234
1022,0.5643,22,32,22,604218,1392,106087,1869,0.012894142057875431,0.5731370745170193
1023,0.5645,0,1,0,604219,1391,106087,1869,0.012884879024787877,0.5733128834355828
1024,0.5646,7,3,7,604222,1388,106094,1862,0.012857089925525214,0.5729230769230769
1025,0.5647,25,37,25,604259,1351,106119,1837,0.012514357701285709,0.5762233375156838
1026,0.5648,43,61,43,604320,1290,106162,1794,0.011949312682944904,0.5817120622568094
1027,0.5652,27,30,27,604350,1260,106189,1767,0.011671421690318278,0.5837462834489594
1028,0.5655,4,2,4,604352,1258,106193,1763,0.01165289562414317,0.5835815954981795
1029,0.5656,0,1,0,604353,1257,106193,1763,0.011643632591055615,0.5837748344370861
1030,0.5658,5,5,5,604358,1252,106198,1758,0.011597317425617844,0.5840531561461794
1031,0.5661,16,11,16,604369,1241,106214,1742,0.011495424061654748,0.5839758632249413
1032,0.5665,3,9,3,604378,1232,106217,1739,0.01141205676386676,0.5853248064624705
1033,0.5666,7,6,7,604384,1226,106224,1732,0.011356478565341435,0.5855307640297498
1034,0.5667,0,1,0,604385,1225,106224,1732,0.01134721553225388,0.5857287791680758
1035,0.5669,8,6,8,604391,1219,106232,1724,0.011291637333728555,0.5857968059802923
1036,0.567,4,7,4,604398,1212,106236,1720,0.011226796102115676,0.5866302864938608
1037,0.5671,165,128,165,604526,1084,106401,1555,0.010041127866908741,0.5892383478590375
1038,0.5672,148,107,148,604633,977,106549,1407,0.009049983326540442,0.5901845637583892
1039,0.5675,6,4,6,604637,973,106555,1401,0.009012931194190226,0.5901432181971357
1040,0.5676,276,206,276,604843,767,106831,1125,0.007104746378154063,0.5946088794926004
1041,0.5677,0,2,0,604845,765,106831,1125,0.007086220311978955,0.5952380952380952
1042,0.5678,7,3,7,604848,762,106838,1118,0.007058431212716292,0.5946808510638298
1043,0.568,168,109,168,604957,653,107006,950,0.006048760606172886,0.5926388022457891
1044,0.5681,0,1,0,604958,652,107006,950,0.006039497573085331,0.5930087390761548
1045,0.5684,1,1,1,604959,651,107007,949,0.006030234539997777,0.593125
1046,0.5686,19,9,19,604968,642,107026,930,0.005946867242209789,0.5916030534351145
1047,0.5687,21,11,21,604979,631,107047,909,0.005844973878246693,0.5902597402597403
1048,0.5688,16,17,16,604996,614,107063,893,0.005687502315758272,0.5925680159256802
1049,0.5689,1,1,1,604997,613,107064,892,0.005678239282670717,0.5926910299003322
1050,0.5691,0,3,0,605000,610,107064,892,0.005650450183408055,0.5938748335552596
1051,0.5692,20,18,20,605018,592,107084,872,0.00548371558783208,0.5956284153005464
1052,0.5695,24,20,24,605038,572,107108,848,0.005298454926080996,0.5971830985915493
1053,0.5713,1,0,1,605038,572,107109,847,0.005298454926080996,0.5968992248062015
1054,0.5715,0,1,0,605039,571,107109,847,0.005289191892993442,0.5973201692524682
1055,0.5721,72,40,72,605079,531,107181,775,0.0049186705694912744,0.5934150076569679
1056,0.5725,72,40,72,605119,491,107253,703,0.004548149245989106,0.5887772194304858
1057,0.5732,79,39,79,605158,452,107332,624,0.004186890955574493,0.5799256505576208
1058,0.5736,2,7,2,605165,445,107334,622,0.004122049723961614,0.5829428303655108
1059,0.5738,8,3,8,605168,442,107342,614,0.004094260624698951,0.5814393939393939
1060,0.574,0,1,0,605169,441,107342,614,0.004084997591611397,0.5819905213270142
1061,0.5746,54,37,54,605206,404,107396,560,0.0037422653673718923,0.5809128630705395
1062,0.5748,4,4,4,605210,400,107400,556,0.0037052132350216755,0.5815899581589958
1063,0.5752,119,98,119,605308,302,107519,437,0.002797435992441365,0.591339648173207
1064,0.5753,2,0,2,605308,302,107521,435,0.002797435992441365,0.5902306648575305
1065,0.5755,67,43,67,605351,259,107588,368,0.002399125569676535,0.5869218500797448
1066,0.5756,73,54,73,605405,205,107661,295,0.0018989217829486088,0.59
1067,0.5757,76,53,76,605458,152,107737,219,0.0014079810293082366,0.5902964959568733
1068,0.576,93,51,93,605509,101,107830,126,0.0009355663418429731,0.5550660792951542
1069,0.5767,9,4,9,605513,97,107839,117,0.0008985142094927563,0.5467289719626168
1070,0.5768,5,7,5,605520,90,107844,112,0.0008336729778798769,0.5544554455445545
1071,0.577,8,2,8,605522,88,107852,104,0.0008151469117047686,0.5416666666666666
1072,0.5772,8,6,8,605528,82,107860,96,0.0007595687131794435,0.5393258426966292
1073,0.5775,1,12,1,605540,70,107861,95,0.0006484123161287932,0.5757575757575758
1074,0.5799,0,1,0,605541,69,107861,95,0.000639149283041239,0.5792682926829268
1075,0.5826,0,1,0,605542,68,107861,95,0.0006298862499536849,0.5828220858895705
1076,0.5832,13,8,13,605550,60,107874,82,0.0005557819852532514,0.5774647887323944
1077,0.5835,32,13,32,605563,47,107906,50,0.0004353625551150469,0.5154639175257731
1078,0.5838,11,11,11,605574,36,107917,39,0.0003334691911519508,0.52
1079,0.5841,10,6,10,605580,30,107927,29,0.0002778909926266257,0.4915254237288136
1080,0.5864,0,1,0,605581,29,107927,29,0.0002686279595390715,0.5
1081,0.5882,1,2,1,605583,27,107928,28,0.00025010189336396307,0.509090909090909
1082,0.5884,1,3,1,605586,24,107929,27,0.00022231279410130054,0.5294117647058824
1083,0.5893,5,4,5,605590,20,107934,22,0.00018526066175108378,0.5238095238095238
1084,0.5905,4,4,4,605594,16,107938,18,0.00014820852940086702,0.5294117647058824
1085,0.5913,1,3,1,605597,13,107939,17,0.00012041943013820446,0.5666666666666667
1086,0.5915,8,2,8,605599,11,107947,9,0.00010189336396309608,0.45
1087,0.5916,1,3,1,605602,8,107948,8,7.410426470043351e-05,0.5
1088,0.5917,5,4,5,605606,4,107953,3,3.7052132350216754e-05,0.42857142857142855
1089,0.5921,3,4,3,605610,0,107956,0,0.0,
