,y_proba,y_test,Neg,Pos,TN,FP,FN,TP,FP/P,Prec
0,0.1057,0,73,0,73,605537,0,107956,5.609109266738301,0.15130631975366263
1,0.1058,5,245,5,318,605292,5,107951,5.60683982363185,0.15135234415199308
2,0.1059,5,121,5,439,605171,10,107946,5.605718996628256,0.15137207498909716
3,0.106,26,507,26,946,604664,36,107920,5.601022638852866,0.15144881164887228
4,0.1061,39,765,39,1711,603899,75,107881,5.593936418540887,0.15156509033690185
5,0.1062,7,108,7,1819,603791,82,107874,5.592936010967431,0.15157974608839833
6,0.1064,6,146,6,1965,603645,88,107868,5.591583608136649,0.15160369522412098
7,0.1065,29,748,29,2713,602897,117,107839,5.584654859387157,0.15172863060264288
8,0.1066,0,23,0,2736,602874,117,107839,5.584441809626144,0.15173354082449597
9,0.1067,27,797,27,3533,602077,144,107812,5.577059172255363,0.15187163063521197
10,0.1068,16,478,16,4011,601599,160,107796,5.572631442439512,0.15195483475355762
11,0.1069,22,568,22,4579,601031,182,107774,5.567370039645781,0.15205028181234614
12,0.107,21,424,21,5003,600607,203,107753,5.563442513616659,0.15211615562708228
13,0.1072,20,397,20,5400,600210,223,107733,5.5597650894809,0.15217750581614622
14,0.1073,65,1806,65,7206,598404,288,107668,5.543036051724777,0.15248869803646087
15,0.1074,24,745,24,7951,597659,312,107644,5.536135092074549,0.15262093029520646
16,0.1075,24,595,24,8546,597064,336,107620,5.5306235873874545,0.15272093590886127
17,0.1076,1,21,1,8567,597043,337,107619,5.530429063692615,0.15272428483443126
18,0.1077,7,255,7,8822,596788,344,107612,5.528066990255289,0.15277115275411698
19,0.1078,6,167,6,8989,596621,350,107606,5.526520063729667,0.15280016244761987
20,0.1079,18,395,18,9384,596226,368,107588,5.522861165660084,0.15286425106633286
21,0.108,99,2127,99,11511,594099,467,107489,5.503158694282856,0.15320815065251972
22,0.1081,92,1774,92,13285,592325,559,107397,5.486726073585535,0.15348524128153754
23,0.1082,56,1294,56,14579,591031,615,107341,5.474739708770239,0.15370175207482545
24,0.1083,17,318,17,14897,590713,632,107324,5.471794064248398,0.15375116218767773
25,0.1084,21,410,21,15307,590303,653,107303,5.4679962206825,0.15381605089405767
26,0.1085,43,1075,43,16382,589228,696,107260,5.45803846011338,0.15400121753712914
27,0.1086,62,1283,62,17665,587945,758,107198,5.446153988662047,0.15420999707973754
28,0.1087,142,2498,142,20163,585447,900,107056,5.4230149320093375,0.15459283208881405
29,0.1088,77,1651,77,21814,583796,977,106979,5.407721664381786,0.15486808295030943
30,0.1089,64,1329,64,23143,582467,1041,106915,5.395411093408426,0.15508818042826764
31,0.109,81,1585,81,24728,580882,1122,106834,5.380729185964652,0.15534610217008182
32,0.1091,14,346,14,25074,580536,1136,106820,5.377524176516358,0.15540709617723567
33,0.1092,45,1115,45,26189,579421,1181,106775,5.367195894623736,0.1556042296953057
34,0.1093,33,649,33,26838,578772,1214,106742,5.361184186149913,0.15571089722456435
35,0.1094,71,1245,71,28083,577527,1285,106671,5.349651709955908,0.1559066235212614
36,0.1095,37,791,37,28874,576736,1322,106634,5.342324650783652,0.15604138314529464
37,0.1096,90,1593,90,30467,575143,1412,106544,5.327568639075179,0.15629460441522283
38,0.1097,41,921,41,31388,574222,1453,106503,5.319037385601542,0.1564552499173675
39,0.1098,28,683,28,32071,573539,1481,106475,5.312710734002742,0.15657765869526216
40,0.1099,86,1154,86,33225,572385,1567,106389,5.302021193819704,0.15673699935471894
41,0.11,110,2290,110,35515,570095,1677,106279,5.2808088480492055,0.15713052246242462
42,0.1101,120,1884,120,37399,568211,1797,106159,5.263357293712253,0.1574195174755698
43,0.1102,184,3062,184,40461,565149,1981,105975,5.234993886398162,0.15790673556600568
44,0.1103,133,2335,133,42796,562814,2114,105842,5.213364704138723,0.158290660668565
45,0.1104,144,2279,144,45075,560535,2258,105698,5.192254251732187,0.1586502019563726
46,0.1105,85,1365,85,46440,559170,2343,105613,5.179610211567676,0.1588683826150789
47,0.1106,54,751,54,47191,558419,2397,105559,5.172653673718923,0.15897966498890023
48,0.1107,90,1409,90,48600,557010,2487,105469,5.159602060098559,0.15920353701777717
49,0.1108,104,1398,104,49998,555612,2591,105365,5.1466523398421575,0.15940796729689535
50,0.1109,116,1933,116,51931,553679,2707,105249,5.128746896883916,0.15972761819197243
51,0.111,79,1030,79,52961,552649,2786,105170,5.1192059728037345,0.15987680501779364
52,0.1111,79,1282,79,54243,551367,2865,105091,5.10733076438549,0.160087926417227
53,0.1112,138,2272,138,56515,549095,3003,104953,5.086285153210567,0.1604668158911884
54,0.1113,214,2886,214,59401,546209,3217,104739,5.059552039719886,0.16090225332899094
55,0.1114,79,1600,79,61001,544609,3296,104660,5.044731186779799,0.1611966688691436
56,0.1115,74,852,74,61853,543757,3370,104586,5.036839082589203,0.16131276191768862
57,0.1116,84,1053,84,62906,542704,3454,104502,5.027085108748008,0.16146636465051312
58,0.1117,55,843,55,63749,541861,3509,104447,5.0192763718552005,0.16160561218490255
59,0.1118,108,1775,108,65524,540086,3617,104339,5.002834488124791,0.16191023005004462
60,0.1119,184,2700,184,68224,537386,3801,104155,4.977824298788395,0.1623512760680923
61,0.112,55,804,55,69028,536582,3856,104100,4.970376820186002,0.16248310394236143
62,0.1121,94,1407,94,70435,535175,3950,104006,4.957343732631813,0.16271760268218236
63,0.1122,212,2648,212,73083,532527,4162,103794,4.93281522101597,0.16311578590051248
64,0.1123,87,1327,87,74410,531200,4249,103707,4.920523176108785,0.16334203277015374
65,0.1124,40,543,40,74953,530657,4289,103667,4.915493349142243,0.16342909932463537
66,0.1125,21,266,21,75219,530391,4310,103646,4.913029382340953,0.16346995522343333
67,0.1126,51,677,51,75896,529714,4361,103595,4.906758308940679,0.16357733744507025
68,0.1127,88,1179,88,77075,528535,4449,103507,4.895837192930453,0.16376601554959955
69,0.1128,113,1475,113,78550,527060,4562,103394,4.882174219126311,0.163999276711703
70,0.1129,67,814,67,79364,526246,4629,103327,4.874634110193042,0.16412234959250158
71,0.113,95,1048,95,80412,525198,4724,103232,4.8649264515172845,0.1642696879525166
72,0.1131,139,1652,139,82064,523546,4863,103093,4.849623920856645,0.1645173696498303
73,0.1132,84,963,84,83027,522583,4947,103009,4.840703619993331,0.16465843552986612
74,0.1133,64,904,64,83931,521679,5011,102945,4.832329838082182,0.16481115038807345
75,0.1134,68,898,68,84829,520781,5079,102877,4.824011634369558,0.16495739652181163
76,0.1135,69,878,69,85707,519903,5148,102808,4.8158786913186855,0.16509745291154324
77,0.1136,100,1019,100,86726,518884,5248,102708,4.806439660602468,0.16523378679262282
78,0.1137,18,220,18,86946,518664,5266,102690,4.804401793323206,0.16526810803503317
79,0.1138,41,459,41,87405,518205,5307,102649,4.800150061136018,0.16533516736624068
80,0.1139,54,543,54,87948,517662,5361,102595,4.7951202341694765,0.16540724248174546
81,0.114,61,642,61,88590,517020,5422,102534,4.789173366927266,0.16549647004135232
82,0.1141,61,555,61,89145,516465,5483,102473,4.784032383563674,0.16556262501252145
83,0.1142,40,494,40,89639,515971,5523,102433,4.779456445218423,0.16564090788546
84,0.1143,35,272,35,89911,515699,5558,102398,4.776936900218607,0.16566655395512356
85,0.1144,34,310,34,90221,515389,5592,102364,4.774065359961466,0.16570376833459327
86,0.1145,46,636,46,90857,514753,5638,102318,4.768174070917781,0.16581236194862503
87,0.1146,27,355,27,91212,514398,5665,102291,4.764885694171699,0.1658712900667922
88,0.1147,16,151,16,91363,514247,5681,102275,4.763486976175479,0.1658902683115931
89,0.1148,14,184,14,91547,514063,5695,102261,4.761782578087369,0.16592084682731809
90,0.1149,32,236,32,91783,513827,5727,102229,4.759596502278706,0.16594108327814355
91,0.115,36,437,36,92220,513390,5763,102193,4.755548556819445,0.1660101074915974
92,0.1151,25,235,25,92455,513155,5788,102168,4.75337174404387,0.16603962471742484
93,0.1152,27,180,27,92635,512975,5815,102141,4.75170439808811,0.1660516065262487
94,0.1153,46,389,46,93024,512586,5861,102095,4.748101078217052,0.1660942830508833
95,0.1154,5,55,5,93079,512531,5866,102090,4.747591611397236,0.16610236226878028
96,0.1155,2,25,2,93104,512506,5868,102088,4.747360035570047,0.16610640520408596
97,0.1156,5,67,5,93171,512439,5873,102083,4.746739412353181,0.16611773052876871
98,0.1157,4,65,4,93236,512374,5877,102079,4.74613731520249,0.16612987486431022
99,0.1158,13,138,13,93374,512236,5890,102066,4.744859016636408,0.16614954859336287
100,0.1159,12,115,12,93489,512121,5902,102054,4.743793767831339,0.1661643668335572
101,0.116,7,57,7,93546,512064,5909,102047,4.743265774945348,0.16617028517645832
102,0.1161,1,9,1,93555,512055,5910,102046,4.74318240764756,0.1661713626911534
103,0.1162,13,100,13,93655,511955,5923,102033,4.7422561043388045,0.16618077226265007
104,0.1163,1,18,1,93673,511937,5924,102032,4.742089369743229,0.16618428617731515
105,0.1164,3,63,3,93736,511874,5927,102029,4.741505798658713,0.16619726569181126
106,0.1166,1,31,1,93767,511843,5928,102028,4.7412186446329985,0.16620430025200733
107,0.1167,14,115,14,93882,511728,5942,102014,4.74015339582793,0.16621642318759347
108,0.1169,1,4,1,93886,511724,5943,102013,4.74011634369558,0.1662161479591421
109,0.117,2,15,2,93901,511709,5945,102011,4.739977398199266,0.16621749331942906
110,0.1171,0,2,0,93903,511707,5945,102011,4.739958872133092,0.16621803499327054
111,0.1173,0,1,0,93904,511706,5945,102011,4.7399496091000035,0.16621830583151517
112,0.1176,0,2,0,93906,511704,5945,102011,4.739931083033829,0.16621884751065233
113,0.1177,0,4,0,93910,511700,5945,102011,4.739894030901478,0.1662199308795182
114,0.1183,3,14,3,93924,511686,5948,102008,4.739764348438253,0.16621964692501476
115,0.1184,8,69,8,93993,511617,5956,102000,4.739125199155211,0.16622746762231164
116,0.1193,1,5,1,93998,511612,5957,101999,4.739078883989774,0.16622746332774346
117,0.1194,0,4,0,94002,511608,5957,101999,4.739041831857423,0.16622854693639413
118,0.1195,3,25,3,94027,511583,5960,101996,4.738810256030234,0.16623124324659092
119,0.1196,8,59,8,94086,511524,5968,101988,4.738263737078069,0.1662363572350663
120,0.1197,1,10,1,94096,511514,5969,101987,4.738171106747194,0.166237707843997
121,0.1199,20,73,20,94169,511441,5989,101967,4.737494905331802,0.1662303067452658
122,0.12,30,186,30,94355,511255,6019,101937,4.735771981177517,0.16623993789873318
123,0.1201,2,9,2,94364,511246,6021,101935,4.735688613879729,0.16623965843690525
124,0.1202,12,33,12,94397,511213,6033,101923,4.7353829337878395,0.16623228777954646
125,0.1203,16,218,16,94615,510995,6049,101907,4.733363592574753,0.16626964832877034
126,0.1204,26,177,26,94792,510818,6075,101881,4.731724035718256,0.16628230175012526
127,0.1205,12,135,12,94927,510683,6087,101869,4.730473526251436,0.16630261594117723
128,0.1206,8,125,8,95052,510558,6095,101861,4.729315647115492,0.16632566919053784
129,0.1207,0,23,0,95075,510535,6095,101861,4.729102597354478,0.16633191594981026
130,0.1208,36,372,36,95447,510163,6131,101825,4.725656749045908,0.16638398138525592
131,0.1209,21,208,21,95655,509955,6152,101804,4.723730038163696,0.16641193672671756
132,0.121,27,115,27,95770,509840,6179,101777,4.722664789358627,0.16640642755188295
133,0.1211,58,505,58,96275,509335,6237,101719,4.717986957649413,0.16646482962225925
134,0.1212,28,278,28,96553,509057,6265,101691,4.715411834451072,0.1665023872366344
135,0.1213,38,471,38,97024,508586,6303,101653,4.7110489458668345,0.16657899609825003
136,0.1214,81,416,81,97440,508170,6384,101572,4.707195524102412,0.16658193137425337
137,0.1215,27,376,27,97816,507794,6411,101545,4.703712623661492,0.16664779375684144
138,0.1216,8,121,8,97937,507673,6419,101537,4.702591796657898,0.1666699496068679
139,0.1217,26,269,26,98206,507404,6445,101511,4.700100040757346,0.16670799701107708
140,0.1218,36,483,36,98689,506921,6481,101475,4.695625995776057,0.16679103741641957
141,0.1219,46,405,46,99094,506516,6527,101429,4.691874467375597,0.16683910551118933
142,0.122,38,348,38,99442,506168,6565,101391,4.688650931861129,0.16688255790795625
143,0.1221,29,278,29,99720,505890,6594,101362,4.686075808662789,0.16691917029503403
144,0.1222,27,355,27,100075,505535,6621,101335,4.682787431916707,0.16697974854581707
145,0.1223,28,216,28,100291,505319,6649,101307,4.680786616769795,0.16700075499566455
146,0.1224,20,201,20,100492,505118,6669,101287,4.678924747119197,0.16702863597760573
147,0.1225,25,204,25,100696,504914,6694,101262,4.677035088369336,0.16705049358602123
148,0.1226,26,237,26,100933,504677,6720,101236,4.674839749527585,0.16708009235649343
149,0.1227,11,100,11,101033,504577,6731,101225,4.67391344621883,0.1670925483903982
150,0.1228,25,278,25,101311,504299,6756,101200,4.67133832302049,0.1671348755324121
151,0.1229,82,779,82,102090,503520,6838,101118,4.664122420245285,0.1672372560110347
152,0.123,86,521,86,102611,502999,6924,101032,4.659296380006669,0.16726293849156748
153,0.1231,98,863,98,103474,502136,7022,100934,4.65130238245211,0.1673669723249374
154,0.1232,59,668,59,104142,501468,7081,100875,4.645114676349624,0.16747102564485683
155,0.1233,35,352,35,104494,501116,7116,100840,4.641854088702805,0.16752054967472704
156,0.1234,36,517,36,105011,500599,7152,100804,4.63706510059654,0.16761472756205073
157,0.1235,42,869,42,105880,499730,7194,100762,4.629015524843455,0.16779907142809564
158,0.1236,44,627,44,106507,499103,7238,100718,4.623207603097558,0.1679134275058726
159,0.1237,34,285,34,106792,498818,7272,100684,4.620567638667605,0.16794606189804204
160,0.1238,45,468,45,107260,498350,7317,100639,4.61623253918263,0.16801477155673977
161,0.1239,55,777,55,108037,497573,7372,100584,4.6090351624736,0.16815652077966153
162,0.124,75,882,75,108919,496691,7447,100509,4.600865167290378,0.16830040187541861
163,0.1241,117,958,117,109877,495733,7564,100392,4.5919911815925,0.1684076326273852
164,0.1242,73,677,73,110554,495056,7637,100319,4.585720108192226,0.16849716565190007
165,0.1243,66,805,66,111359,494251,7703,100253,4.578263366556746,0.1686330117206949
166,0.1244,100,1584,100,112943,492667,7803,100153,4.56359072214606,0.16894335548733175
167,0.1245,100,889,100,113832,491778,7903,100053,4.555355885731224,0.1690567070667133
168,0.1246,96,1039,96,114871,490739,7999,99957,4.5457315943532555,0.16921902298305727
169,0.1247,127,1149,127,116020,489590,8126,99830,4.535088369335655,0.16936988904346645
170,0.1248,65,600,65,116620,488990,8191,99765,4.529530549483122,0.1694507902268346
171,0.1249,124,1205,124,117825,487785,8315,99641,4.51836859461262,0.16962306741615113
172,0.125,80,794,80,118619,486991,8395,99561,4.511013746341102,0.16973942634242148
173,0.1251,68,652,68,119271,486339,8463,99493,4.504974248768017,0.16983196547815757
174,0.1252,92,848,92,120119,485491,8555,99401,4.497119196709771,0.16994761426041047
175,0.1253,67,819,67,120938,484672,8622,99334,4.489532772611064,0.1700907182460454
176,0.1254,87,869,87,121807,483803,8709,99247,4.48148319685798,0.17022039276219877
177,0.1255,70,579,70,122386,483224,8779,99177,4.476119900700286,0.17028988617808005
178,0.1256,105,808,105,123194,482416,8884,99072,4.468635369965542,0.17037668877087747
179,0.1257,82,747,82,123941,481669,8966,98990,4.461715884249139,0.17047871470174406
180,0.1258,118,950,118,124891,480719,9084,98872,4.452916002815962,0.17058926035773503
181,0.1259,79,841,79,125732,479878,9163,98793,4.445125791989329,0.1707239519519727
182,0.126,84,811,84,126543,479067,9247,98709,4.437613472155323,0.17084302567084822
183,0.1261,109,838,109,127381,478229,9356,98600,4.429851050427952,0.17093454039238665
184,0.1262,61,796,61,128177,477433,9417,98539,4.422477676090259,0.17108296931100817
185,0.1263,53,459,53,128636,476974,9470,98486,4.418225943903072,0.17114308553157473
186,0.1264,77,767,77,129403,476207,9547,98409,4.411121197524918,0.17126045915881213
187,0.1265,56,539,56,129942,475668,9603,98353,4.406128422690726,0.17134042134347002
188,0.1266,54,413,54,130355,475255,9657,98299,4.402302790025566,0.17138578058909884
189,0.1267,84,790,84,131145,474465,9741,98215,4.394984993886398,0.17150066354683244
190,0.1268,91,998,91,132143,473467,9832,98124,4.385740486865019,0.17166820331320823
191,0.1269,95,1026,95,133169,472441,9927,98029,4.376236614917189,0.17183900993917298
192,0.127,85,837,85,134006,471604,10012,97944,4.368483456222906,0.1719679465119709
193,0.1271,84,898,84,134904,470706,10096,97860,4.360165252510282,0.17211722121970008
194,0.1272,89,782,89,135686,469924,10185,97771,4.3529215606358145,0.17222452197042426
195,0.1273,79,759,79,136445,469165,10264,97692,4.345890918522361,0.17233976117433497
196,0.1274,67,479,67,136924,468686,10331,97625,4.341453925673423,0.17238761034131422
197,0.1275,54,637,54,137561,468049,10385,97571,4.3355533735966505,0.17250274035571586
198,0.1276,86,964,86,138525,467085,10471,97485,4.326623809700248,0.17267123651628674
199,0.1277,82,1041,82,139566,466044,10553,97403,4.316980992256104,0.1728698528876718
200,0.1278,82,690,82,140256,465354,10635,97321,4.310589499425692,0.1729613009286
201,0.1279,53,636,53,140892,464718,10688,97268,4.304698210382007,0.17307904467371074
202,0.128,109,1209,109,142101,463509,10797,97159,4.293499203379154,0.17329150227942383
203,0.1281,85,983,85,143084,462526,10882,97074,4.284393641854089,0.17347033595425304
204,0.1282,70,809,70,143893,461717,10952,97004,4.2768998480862574,0.17361795958984896
205,0.1283,81,1009,81,144902,460708,11033,96923,4.267553447700915,0.1738120728582163
206,0.1284,96,1038,96,145940,459670,11129,96827,4.257938419356034,0.17399375019092644
207,0.1285,109,1067,109,147007,458603,11238,96718,4.248054763051614,0.17416593285685217
208,0.1286,69,778,69,147785,457825,11307,96649,4.240848123309497,0.17430754192261494
209,0.1287,33,463,33,148248,457362,11340,96616,4.2365593389899585,0.17440403770546845
210,0.1288,34,291,34,148539,457071,11374,96582,4.23386379636148,0.17444500436193788
211,0.1289,38,478,38,149017,456593,11412,96544,4.22943606654563,0.17453903824911368
212,0.129,24,207,24,149224,456386,11436,96520,4.227518618696506,0.17456855233981908
213,0.1291,63,456,63,149680,455930,11499,96457,4.223294675608582,0.17461851926276326
214,0.1292,40,517,40,150197,455413,11539,96417,4.218505687502316,0.17472228766105505
215,0.1293,71,691,71,150888,454722,11610,96346,4.212104931638816,0.1748350475803349
216,0.1294,62,671,62,151559,454051,11672,96284,4.205889436437067,0.17495525452678823
217,0.1295,61,594,61,152153,453457,11733,96223,4.20038719478306,0.17505275796827244
218,0.1296,54,631,54,152784,452826,11787,96169,4.194542220904813,0.1751728157815645
219,0.1297,64,611,64,153395,452215,11851,96105,4.188882507688318,0.17527173913043478
220,0.1298,66,661,66,154056,451554,11917,96039,4.1827596428174445,0.1753839073910733
221,0.1299,63,610,63,154666,450944,11980,95976,4.1771091926340365,0.17548453155854604
222,0.13,70,598,70,155264,450346,12050,95906,4.171569898847679,0.17557098189114181
223,0.1301,58,426,58,155690,449920,12108,95848,4.167623846752381,0.1756204101376409
224,0.1302,65,551,65,156241,449369,12173,95783,4.1625199155211385,0.17569962138999765
225,0.1303,48,506,48,156747,448863,12221,95735,4.157832820778836,0.17579021590237204
226,0.1304,53,399,53,157146,448464,12274,95682,4.1541368705769015,0.17583883737085268
227,0.1305,52,427,52,157573,448037,12326,95630,4.150181555448516,0.17589811410293432
228,0.1306,50,361,50,157934,447676,12376,95580,4.146837600503909,0.17593915207563285
229,0.1307,31,226,31,158160,447450,12407,95549,4.144744155026122,0.17596533326949038
230,0.1308,33,314,33,158474,447136,12440,95516,4.14183556263663,0.17601704222964257
231,0.1309,52,351,52,158825,446785,12492,95464,4.138584238022898,0.17605196136830129
232,0.131,60,348,60,159173,446437,12552,95404,4.13536070250843,0.1760737928654347
233,0.1311,57,370,57,159543,446067,12609,95347,4.131933380266035,0.176107378087748
234,0.1312,50,353,50,159896,445714,12659,95297,4.128663529586127,0.17614614120600136
235,0.1313,31,303,31,160199,445411,12690,95266,4.125856830560599,0.17619761891110589
236,0.1314,57,496,57,160695,444915,12747,95209,4.121262366149172,0.17627248557738592
237,0.1315,34,287,34,160982,444628,12781,95175,4.118603875653044,0.17631432207675762
238,0.1316,52,388,52,161370,444240,12833,95123,4.115009818815073,0.17636174524392664
239,0.1317,36,209,36,161579,444031,12869,95087,4.113073844899774,0.1763751163938136
240,0.1318,35,306,35,161885,443725,12904,95052,4.110239356774982,0.17642178489430693
241,0.1319,32,299,32,162184,443426,12936,95020,4.107469709881804,0.17647080672899418
242,0.132,39,411,39,162595,443015,12975,94981,4.103662603282819,0.17654592227451504
243,0.1321,47,400,47,162995,442615,13022,94934,4.0999573900477975,0.17660529551724588
244,0.1322,19,191,19,163186,442424,13041,94915,4.098188150728074,0.17663895604078617
245,0.1323,35,284,35,163470,442140,13076,94880,4.095557449331209,0.17667870842799152
246,0.1324,18,178,18,163648,441962,13094,94862,4.093908629441624,0.17670968511094884
247,0.1325,30,250,30,163898,441712,13124,94832,4.091592871169736,0.17674598914534503
248,0.1326,27,269,27,164167,441443,13151,94805,4.089101115269184,0.1767932001611195
249,0.1327,21,208,21,164375,441235,13172,94784,4.087174404386973,0.1768295526837668
250,0.1328,36,307,36,164682,440928,13208,94748,4.0843306532290935,0.1768755740410248
251,0.1329,35,308,35,164990,440620,13243,94713,4.081477639038127,0.1769235223683203
252,0.133,46,403,46,165393,440217,13289,94667,4.077744636703843,0.176986038094241
253,0.1331,51,331,51,165724,439886,13340,94616,4.0746785727518615,0.17701711125496256
254,0.1332,43,286,43,166010,439600,13383,94573,4.072029345288821,0.1770456387724576
255,0.1333,69,379,69,166389,439221,13452,94504,4.068518655748639,0.17706496791418802
256,0.1334,35,274,35,166663,438947,13487,94469,4.065980584682649,0.17710192420174872
257,0.1335,46,406,46,167069,438541,13533,94423,4.062219793249102,0.1771658123250351
258,0.1336,25,184,25,167253,438357,13558,94398,4.060515395160992,0.17718838865895206
259,0.1337,18,226,18,167479,438131,13576,94380,4.058421949683204,0.17723577541121216
260,0.1338,15,188,15,167667,437943,13591,94365,4.056680499462744,0.17727518654613494
261,0.1339,21,213,21,167880,437730,13612,94344,4.054707473415095,0.17731368193146066
262,0.134,26,180,26,168060,437550,13638,94318,4.053040127459336,0.17733347371904307
263,0.1341,20,153,20,168213,437397,13658,94298,4.05162288339694,0.17735355796086102
264,0.1342,23,107,23,168320,437290,13681,94275,4.050631738856572,0.17735366323967905
265,0.1343,16,84,16,168404,437206,13697,94259,4.049853644077217,0.17735692849011694
266,0.1344,13,137,13,168541,437069,13710,94246,4.048584608544222,0.1773825320196117
267,0.1345,19,105,19,168646,436964,13729,94227,4.0476119900700285,0.1773881711098268
268,0.1346,18,118,18,168764,436846,13747,94209,4.046518952165697,0.17739970436207173
269,0.1347,10,142,10,168906,436704,13757,94199,4.045203601467264,0.17743165889060714
270,0.1348,15,82,15,168988,436622,13772,94184,4.044444032754085,0.17743582401103228
271,0.1349,10,59,10,169047,436563,13782,94174,4.0438975138019195,0.17744005034508617
272,0.135,11,52,11,169099,436511,13793,94163,4.043415836081366,0.17744038713032861
273,0.1351,2,33,2,169132,436478,13795,94161,4.043110155989477,0.17744832174039224
274,0.1352,0,27,0,169159,436451,13795,94161,4.0428600540961135,0.17745735113416206
275,0.1353,10,60,10,169219,436391,13805,94151,4.04230427211086,0.17746191630445846
276,0.1354,6,53,6,169272,436338,13811,94145,4.041813331357219,0.17747034306471648
277,0.1355,5,30,5,169302,436308,13816,94140,4.041535440364593,0.1774726269115917
278,0.1356,12,55,12,169357,436253,13828,94128,4.0410259735447775,0.17747242076922062
279,0.1357,10,141,10,169498,436112,13838,94118,4.039719885879433,0.17750410199347452
280,0.1358,6,50,6,169548,436062,13844,94112,4.039256734225055,0.17751153394923175
281,0.1359,14,91,14,169639,435971,13858,94098,4.038413798214087,0.17752028509495935
282,0.136,48,503,48,170142,435468,13906,94050,4.033754492571047,0.17761435871868378
283,0.1361,33,293,33,170435,435175,13939,94017,4.031040423876394,0.17766141589442017
284,0.1362,14,47,14,170482,435128,13953,94003,4.030605061321279,0.17765543882327817
285,0.1363,17,112,17,170594,435016,13970,93986,4.029567601615473,0.1776666250789222
286,0.1364,7,28,7,170622,434988,13977,93979,4.029308236689022,0.17766514735323755
287,0.1365,21,151,21,170773,434837,13998,93958,4.027909518692801,0.17768322317722368
288,0.1366,47,400,47,171173,434437,14045,93911,4.024204305457779,0.17774459257913344
289,0.1367,29,231,29,171404,434206,14074,93882,4.022064544814554,0.17777718865037645
290,0.1368,77,869,77,172273,433337,14151,93805,4.01401496906147,0.17795015384848864
291,0.1369,31,333,31,172606,433004,14182,93774,4.010930379043314,0.1780142678699566
292,0.137,47,470,47,173076,432534,14229,93727,4.006576753492164,0.17809984019336414
293,0.1371,90,750,90,173826,431784,14319,93637,3.9996294786764977,0.17821328039800466
294,0.1372,65,660,65,174486,431124,14384,93572,3.9935158768387122,0.1783356457834632
295,0.1373,172,1532,172,176018,429592,14556,93400,3.9793249101485793,0.17858781778688776
296,0.1374,56,507,56,176525,429085,14612,93344,3.974628552373189,0.17867308284953554
297,0.1375,52,448,52,176973,428637,14664,93292,3.970478713549965,0.17874461852090992
298,0.1376,67,705,67,177678,427932,14731,93225,3.963948275223239,0.178880836293094
299,0.1377,52,543,52,178221,427389,14783,93173,3.9589184482566973,0.1789854042361909
300,0.1378,94,902,94,179123,426487,14877,93079,3.9505631924117233,0.17914759626303492
301,0.1379,69,639,69,179762,425848,14946,93010,3.944644114268776,0.1792590651006634
302,0.138,90,818,90,180580,425030,15036,92920,3.937066953203157,0.1793995559416932
303,0.1381,77,851,77,181431,424179,15113,92843,3.929184112045648,0.17957262940455146
304,0.1382,47,387,47,181818,423792,15160,92796,3.925599318240765,0.17963251178889172
305,0.1383,22,218,22,182036,423574,15182,92774,3.923579977027678,0.17967339856066064
306,0.1384,41,303,41,182339,423271,15223,92733,3.920773278002149,0.17971372314943296
307,0.1385,39,313,39,182652,422958,15262,92694,3.9178739486457443,0.17976076889064718
308,0.1386,29,324,29,182976,422634,15291,92665,3.914872725925377,0.17982763405323898
309,0.1387,50,477,50,183453,422157,15341,92615,3.9104542591426137,0.1799146029698585
310,0.1388,96,836,96,184289,421321,15437,92519,3.902710363481418,0.18005410244434064
311,0.1389,58,450,58,184739,420871,15495,92461,3.898541998592019,0.18011929901116627
312,0.139,18,147,18,184886,420724,15513,92443,3.8971803327281487,0.1801421369651595
313,0.1391,39,301,39,185187,420423,15552,92404,3.8943921597687945,0.18018552065316373
314,0.1392,25,270,25,185457,420153,15577,92379,3.891891140835155,0.18024045327901478
315,0.1393,3,85,3,185542,420068,15580,92376,3.891103783022713,0.18026555096752037
316,0.1394,31,262,31,185804,419806,15611,92345,3.8886768683537736,0.18030815130693878
317,0.1395,35,232,35,186036,419574,15646,92310,3.8865278446774614,0.18033382563236983
318,0.1396,41,281,41,186317,419293,15687,92269,3.8839249323798586,0.1803671891188165
319,0.1397,47,345,47,186662,418948,15734,92222,3.880729185964652,0.18041356104622727
320,0.1398,81,707,81,187369,418241,15815,92141,3.8741802215717516,0.1805334043912207
321,0.1399,63,619,63,187988,417622,15878,92078,3.8684464040905553,0.1806513635471846
322,0.14,84,702,84,188690,416920,15962,91994,3.861943754863092,0.18076531594729167
323,0.1401,108,871,108,189561,416049,16070,91886,3.8538756530438327,0.18090109955013928
324,0.1402,23,185,23,189746,415864,16093,91863,3.8521619919226353,0.1809299091834785
325,0.1403,84,775,84,190521,415089,16177,91779,3.844983141279781,0.18107081133549563
326,0.1404,43,429,43,190950,414660,16220,91736,3.84100930008522,0.18115466946816325
327,0.1405,93,924,93,191874,413736,16313,91643,3.83245025751232,0.1813351959618425
328,0.1406,175,1690,175,193564,412046,16488,91468,3.816795731594353,0.18165929845048995
329,0.1407,41,413,41,193977,411633,16529,91427,3.8129700989291933,0.18174174054784717
330,0.1408,190,1601,190,195578,410032,16719,91237,3.798139982956019,0.18201205340844936
331,0.1409,232,1864,232,197442,408168,16951,91005,3.780873689280818,0.18231154329260596
332,0.141,171,1581,171,199023,406587,17122,90834,3.766228833969395,0.1826099018738654
333,0.1411,109,1035,109,200058,405552,17231,90725,3.7566415947237766,0.18281121228668668
334,0.1412,121,996,121,201054,404556,17352,90604,3.7474156137685726,0.18297923903384763
335,0.1413,85,780,85,201834,403776,17437,90519,3.74019044796028,0.18312748459927775
336,0.1414,149,1182,149,203016,402594,17586,90370,3.729241542850791,0.18331967445898686
337,0.1415,235,1938,235,204954,400656,17821,90135,3.711289784727111,0.18365251196537835
338,0.1416,149,1322,149,206276,399334,17970,89986,3.6990440549853645,0.18390010626992562
339,0.1417,122,975,122,207251,398359,18092,89864,3.690012597724999,0.18406343003094897
340,0.1418,219,1902,219,209153,396457,18311,89645,3.672394308792471,0.18441602791183742
341,0.1419,152,1304,152,210457,395153,18463,89493,3.6603153136463003,0.184656429641429
342,0.142,190,1513,190,211970,393640,18653,89303,3.646300344584831,0.1849141617126659
343,0.1421,127,1051,127,213021,392589,18780,89176,3.636564896809811,0.18510269529749981
344,0.1422,144,1077,144,214098,391512,18924,89032,3.6265886101745157,0.18527335686222282
345,0.1423,200,1573,200,215671,389939,19124,88832,3.6120178591277927,0.18554173080658604
346,0.1424,159,1211,159,216882,388728,19283,88673,3.600800326058765,0.1857411274798335
347,0.1425,119,937,119,217819,387791,19402,88554,3.5921208640557265,0.18590307445234022
348,0.1426,226,1834,226,219653,385957,19628,88328,3.575132461373152,0.18623401541267381
349,0.1427,80,685,80,220338,385272,19708,88248,3.5687872837081773,0.1863659401926001
350,0.1428,85,683,85,221021,384589,19793,88163,3.562460632109378,0.18648889904220395
351,0.1429,90,597,90,221618,383992,19883,88073,3.556930601356108,0.18656964612924068
352,0.143,77,459,77,222077,383533,19960,87996,3.5526788691689206,0.18661842643824664
353,0.1431,84,737,84,222814,382796,20044,87912,3.545852013783393,0.18676546818834608
354,0.1432,96,812,96,223626,381984,20140,87816,3.5383304309162993,0.1869220945083014
355,0.1433,205,1700,205,225326,380284,20345,87611,3.5225832746674572,0.18724500154949295
356,0.1434,130,1074,130,226400,379210,20475,87481,3.512634777131424,0.1874495115611829
357,0.1435,113,929,113,227329,378281,20588,87368,3.504029419393086,0.18762630221475832
358,0.1436,312,2317,312,229646,375964,20900,87056,3.482566971729223,0.18801779620750725
359,0.1437,200,1423,200,231069,374541,21100,86856,3.4693856756456336,0.18824569730622437
360,0.1438,180,1297,180,232366,373244,21280,86676,3.4573715217310754,0.18845886241085405
361,0.1439,172,1434,172,233800,371810,21452,86504,3.4440883322835227,0.1887439615634696
362,0.144,143,977,143,234777,370833,21595,86361,3.4350383489569825,0.1888935550335306
363,0.1441,224,1689,224,236466,369144,21819,86137,3.4193930860721036,0.18919524425574535
364,0.1442,234,2002,234,238468,367142,22053,85903,3.40084849383082,0.18961251089847586
365,0.1443,233,1793,233,240261,365349,22286,85670,3.3842398755048353,0.18994765187275925
366,0.1444,285,1859,285,242120,363490,22571,85385,3.367019896995072,0.19021999443052073
367,0.1445,191,1340,191,243460,362150,22762,85194,3.3546074326577493,0.19044404306305662
368,0.1446,180,1404,180,244864,360746,22942,85014,3.3416021342028235,0.1907169777458722
369,0.1447,214,1622,214,246486,359124,23156,84800,3.3265774945348103,0.19102368873951397
370,0.1448,201,1510,201,247996,357614,23357,84599,3.3125903145726037,0.1913082609511706
371,0.1449,189,1461,189,249457,356153,23546,84410,3.299057023231687,0.19159575361526046
372,0.145,433,3338,433,252795,352815,23979,83977,3.2681370187854313,0.19225855784904486
373,0.1451,240,1754,240,254549,351061,24219,83737,3.251889658749861,0.19258828237480394
374,0.1452,252,1756,252,256305,349305,24471,83485,3.235623772648116,0.19289955867741862
375,0.1453,172,1130,172,257435,348175,24643,83313,3.2251565452591797,0.19308300578463364
376,0.1454,194,1596,194,259031,346579,24837,83119,3.210372744451443,0.19343585494928997
377,0.1455,121,868,121,259899,345711,24958,82998,3.2023324317314463,0.1935998544467226
378,0.1456,133,1069,133,260968,344642,25091,82865,3.1924302493608505,0.1938330834348911
379,0.1457,96,696,96,261664,343946,25187,82769,3.185983178331913,0.19396787082713288
380,0.1458,124,809,124,262473,343137,25311,82645,3.178489384564082,0.19410167644475343
381,0.1459,103,764,103,263237,342373,25414,82542,3.1714124272851905,0.19425532165256582
382,0.146,73,547,73,263784,341826,25487,82469,3.1663455481862983,0.19436712664537645
383,0.1461,83,664,83,264448,341162,25570,82386,3.160194894216162,0.19451396299829063
384,0.1462,141,872,141,265320,340290,25711,82245,3.152117529363815,0.19464659732329867
385,0.1463,162,1067,162,266387,339223,25873,82083,3.1422338730593946,0.19482988611602967
386,0.1464,149,886,149,267273,338337,26022,81934,3.1340268257438217,0.1949551598849314
387,0.1465,241,1580,241,268853,336757,26263,81693,3.119391233465486,0.19522762576173974
388,0.1466,201,1332,201,270185,335425,26464,81492,3.1070528733928637,0.19546336560994154
389,0.1467,192,1020,192,271205,334405,26656,81300,3.0976045796435585,0.19557137874213684
390,0.1468,275,1735,275,272940,332670,26931,81025,3.081533217236652,0.19585685106177256
391,0.1469,314,1974,314,274914,330696,27245,80711,3.06324798992182,0.19618285542054462
392,0.147,211,1768,211,276682,328928,27456,80500,3.0468709474230242,0.19661576638627548
393,0.1471,396,2647,396,279329,326281,27852,80104,3.0223516988402683,0.19711357456599038
394,0.1472,191,1136,191,280465,325145,28043,79913,3.011828893252807,0.19728779582183292
395,0.1473,329,2161,329,282626,322984,28372,79584,2.991811478750602,0.19769082490411558
396,0.1474,258,1746,258,284372,321238,28630,79326,2.9756382229797325,0.19803576956491348
397,0.1475,336,2330,336,286702,318908,28966,78990,2.9540553558857314,0.19851821321042076
398,0.1476,512,3415,512,290117,315493,29478,78478,2.9224220978917335,0.19919740285452484
399,0.1477,641,3755,641,293872,311738,30119,77837,2.8876394086479675,0.19979978181351474
400,0.1478,464,3372,464,297244,308366,30583,77373,2.856404461076735,0.2005838144444819
401,0.1479,388,2261,388,299505,306105,30971,76985,2.835460743265775,0.20095799942572243
402,0.148,557,3551,557,303056,302554,31528,76428,2.8025677127718702,0.20166656991624932
403,0.1481,381,2695,381,305751,299859,31909,76047,2.7776038386009114,0.2023032353833139
404,0.1482,551,3067,551,308818,296792,32460,75496,2.749194116121383,0.20278923843905794
405,0.1483,649,3892,649,312710,292900,33109,74847,2.713142391344622,0.203528512809078
406,0.1484,396,2506,396,315216,290394,33505,74451,2.689929230427211,0.20406199893105292
407,0.1485,439,2842,439,318058,287552,33944,74012,2.663603690392382,0.20469958292307863
408,0.1486,311,1761,311,319819,285791,34255,73701,2.647291489125199,0.20501429795377923
409,0.1487,236,1456,236,321275,284335,34491,73465,2.63380451294972,0.20532420346562325
410,0.1488,296,1964,296,323239,282371,34787,73169,2.615611915965764,0.20579681611070486
411,0.1489,155,1024,155,324263,281347,34942,73014,2.6061265700841085,0.2060441188505507
412,0.149,311,1922,311,326185,279425,35253,72703,2.5883230204898293,0.20646753453289712
413,0.1491,186,1058,186,327243,278367,35439,72517,2.5785227314831967,0.2066694406128521
414,0.1492,133,686,133,327929,277681,35572,72384,2.5721682907851346,0.2067730278662534
415,0.1493,158,970,158,328899,276711,35730,72226,2.5631831486902072,0.20698865411234693
416,0.1494,271,1494,271,330393,275217,36001,71955,2.5493441772574013,0.20726037814109433
417,0.1495,243,1251,243,331644,273966,36244,71712,2.537756122864871,0.20745317897002413
418,0.1496,313,1998,313,333642,271968,36557,71399,2.5192485827559374,0.2079378624037837
419,0.1497,285,1544,285,335186,270424,36842,71114,2.504946459668754,0.20821694804092078
420,0.1498,171,1076,171,336262,269348,37013,70943,2.494979436066546,0.20847745018234393
421,0.1499,201,1139,201,337401,268209,37214,70742,2.4844288413798212,0.2087086334012881
422,0.15,241,1147,241,338548,267062,37455,70501,2.473804142428397,0.20885286598353492
423,0.1501,129,778,129,339326,266284,37584,70372,2.4665975026862794,0.20903236538187348
424,0.1502,137,844,137,340170,265440,37721,70235,2.458779502760384,0.2092351232591048
425,0.1503,167,954,167,341124,264486,37888,70068,2.449942569194857,0.20943704155382986
426,0.1504,173,929,173,342053,263557,38061,69895,2.4413372114565193,0.20961037870518096
427,0.1505,338,2105,338,344158,261452,38399,69557,2.4218385268072176,0.21013628028240924
428,0.1506,332,2128,332,346286,259324,38731,69225,2.4021267923969023,0.2106991651169232
429,0.1507,334,1795,334,348081,257529,39065,68891,2.3854996480047426,0.21105018074872864
430,0.1508,352,2054,352,350135,255475,39417,68539,2.3664733780429064,0.21153098322911973
431,0.1509,420,2142,420,352277,253333,39837,68119,2.3466319611693653,0.21191033186914376
432,0.151,596,3064,596,355341,250269,40433,67523,2.3182500277890994,0.2124754556439432
433,0.1511,418,2191,418,357532,248078,40851,67105,2.2979547222942682,0.2129080565893465
434,0.1512,470,2700,470,360232,245378,41321,66635,2.272944532957872,0.21356481941457567
435,0.1513,513,2556,513,362788,242822,41834,66122,2.2492682203860834,0.21402584287119997
436,0.1514,598,3219,598,366007,239603,42432,65524,2.2194505168772465,0.21474336915448322
437,0.1515,402,2387,402,368394,237216,42834,65122,2.1973396568972543,0.21539469071039696
438,0.1516,446,2419,446,370813,234797,43280,64676,2.1749323798584608,0.21596604702260305
439,0.1517,545,2954,545,373767,231843,43825,64131,2.147569380117826,0.21667781629467453
440,0.1518,353,1933,353,375700,229910,44178,63778,2.1296639371595836,0.2171624308790281
441,0.1519,452,2340,452,378040,227570,44630,63326,2.1079884397347066,0.21769292118145317
442,0.152,250,1306,250,379346,226264,44880,63076,2.095890918522361,0.21799958526301239
443,0.1521,272,1438,272,380784,224826,45152,62804,2.082570676942458,0.2183499634947676
444,0.1522,236,1229,236,382013,223597,45388,62568,2.071186409277854,0.2186430905246973
445,0.1523,222,1102,222,383115,222495,45610,62346,2.0609785468153694,0.21888000674060265
446,0.1524,208,998,208,384113,221497,45818,62138,2.05173403979399,0.2190773353077018
447,0.1525,217,1102,217,385215,220395,46035,61921,2.041526177331505,0.21933223763442383
448,0.1526,198,920,198,386135,219475,46233,61723,2.0330041868909556,0.21950013869230933
449,0.1527,220,1075,220,387210,218400,46453,61503,2.0230464263218346,0.21972969207189633
450,0.1528,231,1015,231,388225,217385,46684,61272,2.0136444477379674,0.21988322561428567
451,0.1529,161,849,161,389074,216536,46845,61111,2.005780132646634,0.2201032245981408
452,0.153,168,943,168,390017,215593,47013,60943,1.9970450924450702,0.2203799866925102
453,0.1531,185,1011,185,391028,214582,47198,60758,1.987680165993553,0.22066535919227137
454,0.1532,169,946,169,391974,213636,47367,60589,1.9789173366927266,0.22094630321816028
455,0.1533,180,894,180,392868,212742,47547,60409,1.9706361851124532,0.2211560638621129
456,0.1534,319,1643,319,394511,211099,47866,60090,1.9554170217496016,0.22157978384079
457,0.1535,152,910,152,395421,210189,48018,59938,1.9469876616399273,0.2218882229469842
458,0.1536,407,2018,407,397439,208171,48425,59531,1.928294860869243,0.22237786792777042
459,0.1537,242,1305,242,398744,206866,48667,59289,1.9162066026899849,0.2227611730006951
460,0.1538,329,1666,329,400410,205200,48996,58960,1.9007743895661195,0.22319806178073895
461,0.1539,355,1742,355,402152,203458,49351,58605,1.8846381859276002,0.22362943261734775
462,0.154,367,1685,367,403837,201773,49718,58238,1.8690299751750714,0.22398283149559056
463,0.1541,221,1203,221,405040,200570,49939,58017,1.8578865463707437,0.22436162684125652
464,0.1542,527,2629,527,407669,197941,50466,57490,1.8335340323835636,0.22507056700243902
465,0.1543,217,1257,217,408926,196684,50683,57273,1.821890399792508,0.22552243096272204
466,0.1544,255,1146,255,410072,195538,50938,57018,1.811274963874171,0.22576379100080773
467,0.1545,345,1499,345,411571,194039,51283,56673,1.7973896772759272,0.2260482146845783
468,0.1546,246,1223,246,412794,192816,51529,56427,1.7860609878098486,0.22639351957728002
469,0.1547,249,1177,249,413971,191639,51778,56178,1.7751583978657972,0.2266914699153004
470,0.1548,300,1467,300,415438,190172,52078,55878,1.7615695283263553,0.22710018288965658
471,0.1549,240,1164,240,416602,189008,52318,55638,1.7507873578124422,0.22742247982799638
472,0.155,225,1083,225,417685,187925,52543,55413,1.7407554929786209,0.22772029029580254
473,0.1551,204,1111,204,418796,186814,52747,55209,1.7304642632183482,0.2281146833152221
474,0.1552,248,1125,248,419921,185689,52995,54961,1.7200433509948498,0.2283856222730106
475,0.1553,244,1208,244,421129,184481,53239,54717,1.7088536070250844,0.22875191264141004
476,0.1554,257,1281,257,422410,183200,53496,54460,1.6969876616399273,0.22915088782294032
477,0.1555,252,1203,252,423613,181997,53748,54208,1.6858442328355996,0.22949556529286003
478,0.1556,378,1734,378,425347,180263,54126,53830,1.6697821334617806,0.22995134412391657
479,0.1557,227,1041,227,426388,179222,54353,53603,1.6601393160176368,0.23022871255234617
480,0.1558,188,943,188,427331,178279,54541,53415,1.6514042758160732,0.23054114478579504
481,0.1559,142,770,142,428101,177509,54683,53273,1.6442717403386564,0.23083689369188237
482,0.156,198,953,198,429054,176556,54881,53075,1.6354440698062174,0.23113168518187877
483,0.1561,263,1124,263,430178,175432,55144,52812,1.6250324206158064,0.23138395751914617
484,0.1562,223,968,223,431146,174464,55367,52589,1.616065804587054,0.23161552589043086
485,0.1563,169,708,169,431854,173756,55536,52420,1.6095075771610656,0.2317664119977363
486,0.1564,221,1012,221,432866,172744,55757,52199,1.6001333876764607,0.232054342655695
487,0.1565,171,703,171,433569,172041,55928,52028,1.5936214754159101,0.232196332379758
488,0.1566,121,511,121,434080,171530,56049,51907,1.58888806550817,0.23231156880910503
489,0.1567,77,428,77,434508,171102,56126,51830,1.5849234873466969,0.23249241921303357
490,0.1568,94,473,94,434981,170629,56220,51736,1.5805420726962838,0.23266251433454005
491,0.1569,126,574,126,435555,170055,56346,51610,1.5752250917040276,0.23282881826179144
492,0.157,131,536,131,436091,169519,56477,51479,1.5702601059690986,0.23293875962678395
493,0.1571,195,700,195,436791,168819,56672,51284,1.5637759828078106,0.23300000454332745
494,0.1572,97,481,97,437272,168338,56769,51187,1.559320463892697,0.23317162054435714
495,0.1573,185,683,185,437955,167655,56954,51002,1.5529938122938975,0.23325116506674837
496,0.1574,200,687,200,438642,166968,57154,50802,1.5466301085627479,0.2332828213252514
497,0.1575,156,667,156,439309,166301,57310,50646,1.540451665493349,0.23344872249904355
498,0.1576,122,567,122,439876,165734,57432,50524,1.535199525732706,0.2336283513211072
499,0.1577,155,571,155,440447,165163,57587,50369,1.5299103338397124,0.23369615648720377
500,0.1578,78,403,78,440850,164760,57665,50291,1.5261773315054281,0.2338561550515924
501,0.1579,135,600,135,441450,164160,57800,50156,1.5206195116528956,0.23402825733962934
502,0.158,131,570,131,442020,163590,57931,50025,1.5153395827929896,0.23418299276736185
503,0.1581,159,748,159,442768,162842,58090,49866,1.5084108340434992,0.23443405983789983
504,0.1582,101,479,101,443247,162363,58191,49765,1.5039738411945607,0.23459892140594357
505,0.1583,66,331,66,443578,162032,58257,49699,1.5009077772425803,0.2347270829495917
506,0.1584,105,531,105,444109,161501,58362,49594,1.495989106673089,0.2349368767616476
507,0.1585,115,486,115,444595,161015,58477,49479,1.4914872725925377,0.23506133191444886
508,0.1586,85,403,85,444998,160612,58562,49394,1.4877542702582534,0.23520280372941726
509,0.1587,139,492,139,445490,160120,58701,49255,1.4831968579791768,0.23524776119402985
510,0.1588,171,681,171,446171,159439,58872,49084,1.4768887324465523,0.2353889019436705
511,0.1589,125,556,125,446727,158883,58997,48959,1.4717384860498721,0.2355587417365114
512,0.159,111,406,111,447133,158477,59108,48848,1.4679776946163252,0.23561075605932713
513,0.1591,208,795,208,447928,157682,59316,48640,1.4606135833117195,0.23574800554473105
514,0.1592,96,373,96,448301,157309,59412,48544,1.4571584719700619,0.2358187638751925
515,0.1593,94,439,94,448740,156870,59506,48450,1.4530920004446255,0.2359731151373466
516,0.1594,112,472,112,449212,156398,59618,48338,1.4487198488273,0.23609917161613003
517,0.1595,160,649,160,449861,155749,59778,48178,1.4427081403534774,0.23625120753995302
518,0.1596,130,583,130,450444,155166,59908,48048,1.4373077920634332,0.2364404027281585
519,0.1597,129,537,129,450981,154629,60037,47919,1.4323335432954167,0.23658095858759406
520,0.1598,150,612,150,451593,154017,60187,47769,1.4266645670458336,0.23673099223930302
521,0.1599,68,318,68,451911,153699,60255,47701,1.4237189225239912,0.23684707050645482
522,0.16,69,377,69,452288,153322,60324,47632,1.4202267590499833,0.2370293699055505
523,0.1601,86,467,86,452755,152855,60410,47546,1.4159009225980954,0.23725430511823795
524,0.1602,134,568,134,453323,152287,60544,47412,1.4106395198043646,0.2374173130561495
525,0.1603,80,518,80,453841,151769,60624,47332,1.4058412686650117,0.23772859001210442
526,0.1604,107,520,107,454361,151249,60731,47225,1.4010244914594836,0.23794048590747402
527,0.1605,119,505,119,454866,150744,60850,47106,1.3963466597502687,0.23808946171341927
528,0.1606,164,764,164,455630,149980,61014,46942,1.3892697024713772,0.23837864738322787
529,0.1607,116,553,116,456183,149427,61130,46826,1.3841472451739598,0.238600174264852
530,0.1608,120,597,120,456780,148830,61250,46706,1.3786172144206899,0.23886138613861385
531,0.1609,125,466,125,457246,148364,61375,46581,1.3743006410018896,0.23894431762804894
532,0.161,130,697,130,457943,147667,61505,46451,1.3678443069398645,0.23929259522558444
533,0.1611,122,677,122,458620,146990,61627,46329,1.3615732335395903,0.2396505258148449
534,0.1612,171,782,171,459402,146208,61798,46158,1.3543295416651229,0.23994884750943513
535,0.1613,108,586,108,459988,145622,61906,46050,1.348901404275816,0.2402541842313953
536,0.1614,193,845,193,460833,144777,62099,45857,1.3410741413168328,0.2405499543628104
537,0.1615,118,604,118,461437,144173,62217,45739,1.3354792693319502,0.24084312734319052
538,0.1616,126,681,126,462118,143492,62343,45613,1.3291711437993257,0.2412046217709738
539,0.1617,162,700,162,462818,142792,62505,45451,1.3226870206380377,0.2414485531998534
540,0.1618,184,767,184,463585,142025,62689,45267,1.3155822742598837,0.24169211712192726
541,0.1619,126,522,126,464107,141503,62815,45141,1.3107469709881803,0.24185615396155247
542,0.162,165,553,165,464660,140950,62980,44976,1.305624513690763,0.24190269246904683
543,0.1621,124,566,124,465226,140384,63104,44852,1.3003816369632073,0.24213435833207367
544,0.1622,80,365,80,465591,140019,63184,44772,1.29700062988625,0.2422845268438398
545,0.1623,96,346,96,465937,139673,63280,44676,1.2937956204379562,0.242344683182442
546,0.1624,78,343,78,466280,139330,63358,44598,1.2906184000889251,0.24247531642816755
547,0.1625,100,379,100,466659,138951,63458,44498,1.287107710548742,0.24256332822746376
548,0.1626,50,261,50,466920,138690,63508,44448,1.2846900589128905,0.2427022245519772
549,0.1627,50,394,50,467314,138296,63558,44398,1.2810404238763942,0.24301838046131782
550,0.1628,92,382,92,467696,137914,63650,44306,1.2775019452369485,0.24314564811765998
551,0.1629,47,256,47,467952,137658,63697,44259,1.2751306087665346,0.24329227065090123
552,0.163,70,354,70,468306,137304,63767,44189,1.2718514950535402,0.2434749549569405
553,0.1631,55,303,55,468609,137001,63822,44134,1.2690447960280113,0.24365252436028376
554,0.1632,62,295,62,468904,136706,63884,44072,1.266312201267183,0.24379072674772373
555,0.1633,96,434,96,469338,136272,63980,43976,1.2622920449071844,0.24397496782211175
556,0.1634,99,436,99,469774,135836,64079,43877,1.2582533624810108,0.24415039535258995
557,0.1635,151,745,151,470519,135091,64230,43726,1.251352402830783,0.24452932327463273
558,0.1636,93,434,93,470953,134657,64323,43633,1.2473322464707843,0.2447304952605306
559,0.1637,167,698,167,471651,133959,64490,43466,1.2408666493756715,0.24498238692405241
560,0.1638,113,506,113,472157,133453,64603,43353,1.2361795546333691,0.24520095471873127
561,0.1639,204,954,204,473111,132499,64807,43149,1.2273426210678424,0.24565608489706686
562,0.164,189,642,189,473753,131857,64996,42960,1.2213957538256326,0.2457426909282278
563,0.1641,163,690,163,474443,131167,65159,42797,1.2150042609952203,0.2460106688740199
564,0.1642,132,526,132,474969,130641,65291,42665,1.2101319055911668,0.24618305194280637
565,0.1643,115,394,115,475363,130247,65406,42550,1.2064822705546705,0.2462427009728178
566,0.1644,141,558,141,475921,129689,65547,42409,1.2013134980918152,0.24642354937303165
567,0.1645,202,797,202,476718,128892,65749,42207,1.1939308607210346,0.24668174565602372
568,0.1646,138,579,138,477297,128313,65887,42069,1.1885675645633407,0.2469098848469909
569,0.1647,120,480,120,477777,127833,66007,41949,1.1841213086813147,0.24707566173092554
570,0.1648,168,777,168,478554,127056,66175,41781,1.176923931972285,0.24746352991346685
571,0.1649,104,420,104,478974,126636,66279,41677,1.1730334580755122,0.24761604867122564
572,0.165,152,685,152,479659,125951,66431,41525,1.1666882804105376,0.24794597434856339
573,0.1651,157,584,157,480243,125367,66588,41368,1.161278669087406,0.24810627642666508
574,0.1652,127,539,127,480782,124828,66715,41241,1.1562858942532144,0.24833653481384244
575,0.1653,194,818,194,481600,124010,66909,41047,1.148708733187595,0.24868378802474297
576,0.1654,251,957,251,482557,123053,67160,40796,1.1398440105228056,0.24898534626393815
577,0.1655,140,601,140,483158,122452,67300,40656,1.1342769276371856,0.24925816023738873
578,0.1656,150,594,150,483752,121858,67450,40506,1.1287746859831784,0.24947648493508412
579,0.1657,112,612,112,484364,121246,67562,40394,1.1231057097335952,0.24990101460034644
580,0.1658,129,520,129,484884,120726,67691,40265,1.118288932528067,0.25010714884682994
581,0.1659,92,399,92,485283,120327,67783,40173,1.114592982326133,0.25029906542056074
582,0.166,122,551,122,485834,119776,67905,40051,1.1094890510948905,0.25058970011324744
583,0.1661,108,597,108,486431,119179,68013,39943,1.1039590203416207,0.25102122899410517
584,0.1662,76,360,76,486791,118819,68089,39867,1.1006243284301012,0.2512319927403804
585,0.1663,108,425,108,487216,118394,68197,39759,1.0966875393678905,0.2513958002693594
586,0.1664,103,389,103,487605,118005,68300,39656,1.093084219496832,0.2515270104845206
587,0.1665,77,269,77,487874,117736,68377,39579,1.09059246359628,0.25159075739757814
588,0.1666,84,307,84,488181,117429,68461,39495,1.0877487124384009,0.2516823430450409
589,0.1667,55,202,55,488383,117227,68516,39440,1.0858775797547149,0.2517441452252229
590,0.1668,73,279,73,488662,116948,68589,39367,1.0832931935232872,0.25184403288232093
591,0.1669,66,239,66,488901,116709,68655,39301,1.0810793286153617,0.2519133388885328
592,0.167,37,192,37,489093,116517,68692,39264,1.0793008262625514,0.2520461416989235
593,0.1671,77,293,77,489386,116224,68769,39187,1.076586757567898,0.25215074866000475
594,0.1672,54,195,54,489581,116029,68823,39133,1.074780466115825,0.2522073703612998
595,0.1673,50,210,50,489791,115819,68873,39083,1.0728352291674386,0.25230791080812387
596,0.1674,55,303,55,490094,115516,68928,39028,1.0700285301419097,0.25253649446112436
597,0.1675,42,132,42,490226,115384,68970,38986,1.0688058097743525,0.2525490704152361
598,0.1676,80,324,80,490550,115060,69050,38906,1.065804587053985,0.2526921528129587
599,0.1677,68,240,68,490790,114820,69118,38838,1.063581459112972,0.25275612073565973
600,0.1678,42,210,42,491000,114610,69160,38796,1.0616362221645856,0.2528975398615439
601,0.1679,58,208,58,491208,114402,69218,38738,1.0597095112823742,0.2529580775760742
602,0.168,66,258,66,491466,114144,69284,38672,1.0573196487457852,0.2530625065438174
603,0.1681,75,283,75,491749,113861,69359,38597,1.0546982103820075,0.2531648060449435
604,0.1682,67,276,67,492025,113585,69426,38530,1.0521416132498425,0.2532952042862308
605,0.1683,60,221,60,492246,113364,69486,38470,1.050094482937493,0.2533688106748159
606,0.1684,108,370,108,492616,112994,69594,38362,1.046667160695098,0.25345542958323425
607,0.1685,64,240,64,492856,112754,69658,38298,1.044444032754085,0.2535418266557212
608,0.1686,61,217,61,493073,112537,69719,38237,1.0424339545740857,0.2536047329115099
609,0.1687,92,285,92,493358,112252,69811,38145,1.0397939901441329,0.253628729296462
610,0.1688,117,373,117,493731,111879,69928,38028,1.036338878802475,0.2536772799135464
611,0.1689,115,392,115,494123,111487,70043,37913,1.0327077698321538,0.25376840696117803
612,0.169,89,325,89,494448,111162,70132,37824,1.0296972840786986,0.2538762031331803
613,0.1691,102,298,102,494746,110864,70234,37722,1.0269369002186075,0.2538731778229443
614,0.1692,97,341,97,495087,110523,70331,37625,1.0237782059357516,0.25396900396900396
615,0.1693,83,278,83,495365,110245,70414,37542,1.0212030827374114,0.2540277561625853
616,0.1694,60,243,60,495608,110002,70474,37482,1.0189521656971359,0.2541428222722465
617,0.1695,52,211,52,495819,109791,70526,37430,1.0169976657156619,0.25424362013571433
618,0.1696,50,175,50,495994,109616,70576,37380,1.01537663492534,0.25429263381316497
619,0.1697,74,302,74,496296,109314,70650,37306,1.0125791989328985,0.2544400491065339
620,0.1698,51,209,51,496505,109105,70701,37255,1.0106432250175998,0.2545435911451216
621,0.1699,54,229,54,496734,108876,70755,37201,1.0085219904405498,0.254667059153734
622,0.17,35,174,35,496908,108702,70790,37166,1.0069102226833153,0.2547920037293992
623,0.1701,59,247,59,497155,108455,70849,37107,1.0046222535106895,0.2549223011500254
624,0.1702,71,244,71,497399,108211,70920,37036,1.0023620734373264,0.2549863336247909
625,0.1703,67,257,67,497656,107954,70987,36969,0.9999814739338249,0.2550940844448431
626,0.1704,82,304,82,497960,107650,71069,36887,0.9971655118752084,0.2552080090219113
627,0.1705,84,327,84,498287,107323,71153,36803,0.9941365000555782,0.2553529550532173
628,0.1706,40,201,40,498488,107122,71193,36763,0.9922746304049798,0.25550265837300623
629,0.1707,44,188,44,498676,106934,71237,36719,0.9905331801845196,0.25560900224847377
630,0.1708,63,185,63,498861,106749,71300,36656,0.9888195190633221,0.2556117290192113
631,0.1709,55,186,55,499047,106563,71355,36601,0.987096594909037,0.2556578469447626
632,0.171,35,117,35,499164,106446,71390,36566,0.9860128200377932,0.2556848376360026
633,0.1711,56,170,56,499334,106276,71446,36510,0.9844381044129089,0.25569733727396243
634,0.1712,25,115,25,499449,106161,71471,36485,0.9833728556078403,0.2557730325420972
635,0.1713,28,71,28,499520,106090,71499,36457,0.9827151802586239,0.2557542424603815
636,0.1714,29,111,29,499631,105979,71528,36428,0.9816869835859053,0.25580203220347314
637,0.1715,29,111,29,499742,105868,71557,36399,0.9806587869131869,0.25584991600300844
638,0.1716,12,50,12,499792,105818,71569,36387,0.9801956352588092,0.2558770788650188
639,0.1717,3,40,3,499832,105778,71572,36384,0.979825113935307,0.2559333717871161
640,0.1718,22,117,22,499949,105661,71594,36362,0.9787413390640631,0.2560289530568992
641,0.1719,21,42,21,499991,105619,71615,36341,0.9783522916743859,0.2559946463792618
642,0.172,29,88,29,500079,105531,71644,36312,0.977537144762681,0.25600135360927223
643,0.1721,37,100,37,500179,105431,71681,36275,0.9766108414539256,0.2559877492837283
644,0.1722,25,103,25,500282,105328,71706,36250,0.9756567490459076,0.2560426054895535
645,0.1723,17,61,17,500343,105267,71723,36233,0.9750917040275668,0.2560636042402827
646,0.1724,16,44,16,500387,105223,71739,36217,0.9746841305717144,0.25605910633484164
647,0.1725,24,70,24,500457,105153,71763,36193,0.9740357182555857,0.256059598432216
648,0.1726,12,63,12,500520,105090,71775,36181,0.9734521471710696,0.2561105959467973
649,0.1727,22,80,22,500600,105010,71797,36159,0.9727111045240654,0.25613980406463177
650,0.1728,20,91,20,500691,104919,71817,36139,0.9718681685130979,0.2561995774787676
651,0.1729,16,57,16,500748,104862,71833,36123,0.9713401756271074,0.2562187466751782
652,0.173,25,54,25,500802,104808,71858,36098,0.9708399718403794,0.2561849743800832
653,0.1731,22,44,22,500846,104764,71880,36076,0.970432398384527,0.2561488213575689
654,0.1732,11,34,11,500880,104730,71891,36065,0.9701174552595502,0.25615256223587485
655,0.1733,23,63,23,500943,104667,71914,36042,0.9695338841750343,0.2561456623243716
656,0.1734,17,48,17,500991,104619,71931,36025,0.9690892585868317,0.256143169989477
657,0.1735,9,57,9,501048,104562,71940,36016,0.9685612657008411,0.2561994053123533
658,0.1736,49,164,49,501212,104398,71989,35967,0.9670421282744822,0.256239090941474
659,0.1737,38,133,38,501345,104265,72027,35929,0.9658101448738375,0.2562805826212249
660,0.1738,25,120,25,501465,104145,72052,35904,0.9646985809033309,0.2563674142621511
661,0.1739,25,60,25,501525,104085,72077,35879,0.9641427989180777,0.2563444885827784
662,0.174,15,57,15,501582,104028,72092,35864,0.9636148060320872,0.25636919909644584
663,0.1741,22,63,22,501645,103965,72114,35842,0.9630312349475713,0.2563677069102405
664,0.1742,53,130,53,501775,103835,72167,35789,0.9618270406461892,0.2563241276571363
665,0.1743,18,54,18,501829,103781,72185,35771,0.9613268368594613,0.2563273905067645
666,0.1744,20,71,20,501900,103710,72205,35751,0.960669161510245,0.2563512379805107
667,0.1745,20,40,20,501940,103670,72225,35731,0.9602986401867427,0.25631810388734655
668,0.1746,33,158,33,502098,103512,72258,35698,0.9588350809589092,0.25643272753394153
669,0.1747,10,42,10,502140,103470,72268,35688,0.9584460335692319,0.2564566895183892
670,0.1748,18,34,18,502174,103436,72286,35670,0.958131090444255,0.2564231593173551
671,0.1749,41,163,41,502337,103273,72327,35629,0.9566212160509837,0.2565045859670847
672,0.175,36,145,36,502482,103128,72363,35593,0.9552780762532884,0.25657975360615914
673,0.1751,97,352,97,502834,102776,72460,35496,0.9520174886064693,0.25671140939597314
674,0.1752,10,27,10,502861,102749,72470,35486,0.9517673867131053,0.2567077802293196
675,0.1753,24,41,24,502902,102708,72494,35462,0.9513876023565156,0.25665484548020556
676,0.1754,18,27,18,502929,102681,72512,35444,0.9511375004631517,0.2566081447963801
677,0.1755,9,12,9,502941,102669,72521,35435,0.951026344066101,0.2565819961767943
678,0.1756,5,18,5,502959,102651,72526,35430,0.9508596094705251,0.2565885241271428
679,0.1757,4,27,4,502986,102624,72530,35426,0.9506095075771611,0.2566171676928649
680,0.1758,36,75,36,503061,102549,72566,35390,0.9499147800955945,0.2565626835050276
681,0.1759,24,113,24,503174,102436,72590,35366,0.9488680573567009,0.25664359007851845
682,0.176,31,146,31,503320,102290,72621,35335,0.947515654525918,0.2567484105358765
683,0.1761,43,139,43,503459,102151,72664,35292,0.9462280929267479,0.25677553604039494
684,0.1762,28,62,28,503521,102089,72692,35264,0.9456537848753196,0.2567399328736904
685,0.1763,4,14,4,503535,102075,72696,35260,0.9455241024120938,0.25674445698474535
686,0.1764,8,43,8,503578,102032,72704,35252,0.945125791989329,0.2567815623087905
687,0.1765,10,23,10,503601,102009,72714,35242,0.9449127422283152,0.2567704424740075
688,0.1766,14,12,14,503613,101997,72728,35228,0.9448015858312646,0.25671707050464565
689,0.1767,10,10,10,503623,101987,72738,35218,0.944708955500389,0.2566816078131263
690,0.1768,14,23,14,503646,101964,72752,35204,0.9444959057393753,0.2566487810568063
691,0.1769,15,48,15,503694,101916,72767,35189,0.9440512801511727,0.2566573064439663
692,0.177,20,61,20,503755,101855,72787,35169,0.9434862351328319,0.2566630663241476
693,0.1771,16,33,16,503788,101822,72803,35153,0.9431805550409426,0.25663807264099286
694,0.1772,13,45,13,503833,101777,72816,35140,0.9427637185520027,0.25665184016593995
695,0.1773,46,177,46,504010,101600,72862,35094,0.9411241616955056,0.25673401904984855
696,0.1774,39,266,39,504276,101334,72901,35055,0.9386601948942161,0.2570221938719398
697,0.1775,34,102,34,504378,101232,72935,35021,0.9377153655192856,0.25702920302672233
698,0.1776,31,91,31,504469,101141,72966,34990,0.9368724295083182,0.2570318296346901
699,0.1777,55,166,55,504635,100975,73021,34935,0.9353347660157842,0.25704510337723496
700,0.1778,38,77,38,504712,100898,73059,34897,0.9346215124680425,0.2569829522441916
701,0.1779,43,154,43,504866,100744,73102,34854,0.9331950053725592,0.2570391893685748
702,0.178,48,153,48,505019,100591,73150,34806,0.9317777613101634,0.2570662570071715
703,0.1781,33,189,33,505208,100402,73183,34773,0.9300270480566156,0.25724431292768635
704,0.1782,9,48,9,505256,100354,73192,34764,0.929582422468413,0.25728622389318967
705,0.1783,56,222,56,505478,100132,73248,34708,0.927526029122976,0.25740136458024326
706,0.1784,10,92,10,505570,100040,73258,34698,0.926673830078921,0.2575220056702638
707,0.1785,40,165,40,505735,99875,73298,34658,0.9251454296194745,0.2576170902306497
708,0.1786,42,199,42,505934,99676,73340,34616,0.9233020860350514,0.25776665773091473
709,0.1787,55,196,55,506130,99480,73395,34561,0.9214865315498907,0.25783901940451054
710,0.1788,65,287,65,506417,99193,73460,34496,0.9188280410537626,0.25803170043907875
711,0.1789,122,435,122,506852,98758,73582,34374,0.9147986216606766,0.2581948742601328
712,0.179,47,151,47,507003,98607,73629,34327,0.9133999036644559,0.2582258865301578
713,0.1791,32,136,32,507139,98471,73661,34295,0.9121401311645485,0.2583116159257641
714,0.1792,14,84,14,507223,98387,73675,34281,0.911362036385194,0.258396900533663
715,0.1793,40,139,40,507362,98248,73715,34241,0.910074474786024,0.2584440972458091
716,0.1794,59,272,59,507634,97976,73774,34182,0.9075549297862092,0.2586449552808003
717,0.1795,74,340,74,507974,97636,73848,34108,0.9044054985364408,0.25889604080641243
718,0.1796,40,195,40,508169,97441,73888,34068,0.9025992070843677,0.25905451337931246
719,0.1797,67,176,67,508345,97265,73955,34001,0.9009689132609582,0.2590236618774092
720,0.1798,51,214,51,508559,97051,74006,33950,0.8989866241802216,0.2591583270356715
721,0.1799,114,377,114,508936,96674,74120,33836,0.8954944607062136,0.2592598268331929
722,0.18,64,241,64,509177,96433,74184,33772,0.8932620697321131,0.2593756000153604
723,0.1801,91,338,91,509515,96095,74275,33681,0.8901311645485198,0.2595318086549131
724,0.1802,92,276,92,509791,95819,74367,33589,0.8875745674163548,0.25955891444114737
725,0.1803,57,184,57,509975,95635,74424,33532,0.8858701693282448,0.2596019107047466
726,0.1804,43,165,43,510140,95470,74467,33489,0.8843417688687985,0.2596871874006467
727,0.1805,44,161,44,510301,95309,74511,33445,0.8828504205417022,0.25975892011121987
728,0.1806,61,170,61,510471,95139,74572,33384,0.881275704916818,0.2597511729418081
729,0.1807,68,257,68,510728,94882,74640,33316,0.8788951054133165,0.2598792492862603
730,0.1808,61,231,61,510959,94651,74701,33255,0.8767553447700915,0.25999562178474817
731,0.1809,41,177,41,511136,94474,74742,33214,0.8751157879135945,0.260118413633231
732,0.181,83,292,83,511428,94182,74825,33131,0.8724109822520286,0.2602326549527542
733,0.1811,68,196,68,511624,93986,74893,33063,0.8705954277668679,0.260238175821927
734,0.1812,50,171,50,511795,93815,74943,33013,0.8690114491088963,0.2602974106664144
735,0.1813,76,176,76,511971,93639,75019,32937,0.8673811552854866,0.260215206674251
736,0.1814,39,116,39,512087,93523,75058,32898,0.8663066434473304,0.26022575363270345
737,0.1815,36,137,36,512224,93386,75094,32862,0.8650376079143355,0.26029719282681707
738,0.1816,45,159,45,512383,93227,75139,32817,0.8635647856534143,0.2603614610770842
739,0.1817,30,137,30,512520,93090,75169,32787,0.8622957501204195,0.26046855263471486
740,0.1818,41,96,41,512616,92994,75210,32746,0.8614064989440142,0.26042627644345473
741,0.1819,53,214,53,512830,92780,75263,32693,0.8594242098632776,0.2605580483450623
742,0.182,56,187,56,513017,92593,75319,32637,0.857692022675905,0.26061646570310626
743,0.1821,44,143,44,513160,92450,75363,32593,0.8563674089443848,0.26065433490879136
744,0.1822,43,176,43,513336,92274,75406,32550,0.8547371151209752,0.2607671601615074
745,0.1823,54,227,54,513563,92047,75460,32496,0.8526344066101004,0.26092193057819385
746,0.1824,71,184,71,513747,91863,75531,32425,0.8509300085219904,0.26088600669412976
747,0.1825,25,117,25,513864,91746,75556,32400,0.8498462336507466,0.26098303610265333
748,0.1826,89,324,89,514188,91422,75645,32311,0.846845010930379,0.2611348629710748
749,0.1827,97,289,97,514477,91133,75742,32214,0.8441679943680759,0.2611656546166506
750,0.1828,79,267,79,514744,90866,75821,32135,0.841694764533699,0.2612580385525321
751,0.1829,57,191,57,514935,90675,75878,32078,0.839925525213976,0.2613215155637744
752,0.183,98,290,98,515225,90385,75976,31980,0.8372392456185853,0.26134924202181997
753,0.1831,98,284,98,515509,90101,76074,31882,0.8346085442217199,0.2613642884664257
754,0.1832,69,249,69,515758,89852,76143,31813,0.8323020489829189,0.26148029425060615
755,0.1833,44,236,44,515994,89616,76187,31769,0.8301159731742562,0.26172097046587306
756,0.1834,92,272,92,516266,89344,76279,31677,0.8275964281744415,0.26174796109766074
757,0.1835,73,270,73,516536,89074,76352,31604,0.8250954092408018,0.2618870050879199
758,0.1836,94,350,94,516886,88724,76446,31510,0.8218533476601578,0.26207229236322505
759,0.1837,112,332,112,517218,88392,76558,31398,0.8187780206750899,0.26210869020786376
760,0.1838,87,298,87,517516,88094,76645,31311,0.8160176368149987,0.26222519994975085
761,0.1839,66,244,66,517760,87850,76711,31245,0.8137574567416355,0.262353583273857
762,0.184,123,361,123,518121,87489,76834,31122,0.8104135017970284,0.26238713104180894
763,0.1841,129,351,129,518472,87138,76963,30993,0.8071621771832969,0.2623612768875232
764,0.1842,56,242,56,518714,86896,77019,30937,0.8049205231761087,0.2625495404513167
765,0.1843,91,237,91,518951,86659,77110,30846,0.8027251843343585,0.26250797838389855
766,0.1844,107,386,107,519337,86273,77217,30739,0.7991496535625625,0.2626995521826821
767,0.1845,85,237,85,519574,86036,77302,30654,0.7969543147208121,0.262696032222127
768,0.1846,38,168,38,519742,85868,77340,30616,0.7953981251621031,0.2628343806874764
769,0.1847,77,282,77,520024,85586,77417,30539,0.7927859498314128,0.262983853606028
770,0.1848,63,234,63,520258,85352,77480,30476,0.7906184000889251,0.26311427288738476
771,0.1849,105,337,105,520595,85015,77585,30371,0.7874967579384193,0.2632121747872359
772,0.185,81,249,81,520844,84766,77666,30290,0.7851902626996183,0.26326310666110414
773,0.1851,75,234,75,521078,84532,77741,30215,0.7830227129571307,0.2633184309829451
774,0.1852,73,216,73,521294,84316,77814,30142,0.781021897810219,0.263345506648727
775,0.1853,142,375,142,521669,83941,77956,30000,0.7775482604023861,0.26329416101315595
776,0.1854,152,418,152,522087,83523,78108,29848,0.7736763125717885,0.26327720492895007
777,0.1855,88,345,88,522432,83178,78196,29760,0.7704805661565823,0.26350741114593845
778,0.1856,83,260,83,522692,82918,78279,29677,0.7680721775538182,0.2635729828145122
779,0.1857,75,222,75,522914,82696,78354,29602,0.7660157842083812,0.2636022012858644
780,0.1858,60,191,60,523105,82505,78414,29542,0.7642465448886584,0.2636572152757325
781,0.1859,80,243,80,523348,82262,78494,29462,0.7619956278483827,0.26370341197952096
782,0.186,76,242,76,523590,82020,78570,29386,0.7597539738411946,0.2637739439527494
783,0.1861,156,478,156,524068,81542,78726,29230,0.7553262440253437,0.2638753475607554
784,0.1862,49,204,49,524272,81338,78775,29181,0.7534365852754826,0.26403604810032666
785,0.1863,147,419,147,524691,80919,78922,29034,0.7495553744117974,0.26405827944667265
786,0.1864,86,229,86,524920,80690,79008,28948,0.7474341398347475,0.2640325434612087
787,0.1865,70,165,70,525085,80525,79078,28878,0.745905739375301,0.26395985484858736
788,0.1866,99,316,99,525401,80209,79177,28779,0.742978620919634,0.26405659338642784
789,0.1867,105,329,105,525730,79880,79282,28674,0.7399310830338286,0.26414503380805865
790,0.1868,89,270,89,526000,79610,79371,28585,0.737430064100189,0.26419890013401726
791,0.1869,88,293,88,526293,79317,79459,28497,0.7347159954055356,0.2643163225555123
792,0.187,70,197,70,526490,79120,79529,28427,0.7328911778872874,0.2643216454201419
793,0.1871,37,149,37,526639,78971,79566,28390,0.7315109859572418,0.26443494378778143
794,0.1872,53,131,53,526770,78840,79619,28337,0.7302975286227722,0.2643944129803969
795,0.1873,54,173,54,526943,78667,79673,28283,0.7286950238986254,0.264450677886863
796,0.1874,71,232,71,527175,78435,79744,28212,0.7265460002223127,0.2645362738754958
797,0.1875,93,237,93,527412,78198,79837,28119,0.7243506613805625,0.2644826321284461
798,0.1876,94,293,94,527705,77905,79931,28025,0.7216365926859091,0.2645615028792599
799,0.1877,75,178,75,527883,77727,80006,27950,0.7199877727963244,0.2644851765284783
800,0.1878,102,209,102,528092,77518,80108,27848,0.7180517988810255,0.26429778106789664
801,0.1879,113,248,113,528340,77270,80221,27735,0.7157545666753121,0.2641302795104995
802,0.188,79,193,79,528533,77077,80300,27656,0.7139668012894143,0.2640619480011076
803,0.1881,106,248,106,528781,76829,80406,27550,0.7116695690837007,0.2639419806666092
804,0.1882,74,203,74,528984,76626,80480,27476,0.7097891733669273,0.263933449885689
805,0.1883,90,239,90,529223,76387,80570,27386,0.7075753084590019,0.26390294199840036
806,0.1884,106,304,106,529527,76083,80676,27280,0.7047593464003853,0.2639242282054507
807,0.1885,99,273,99,529800,75810,80775,27181,0.7022305383674831,0.26391626452796846
808,0.1886,98,242,98,530042,75568,80873,27083,0.6999888843602949,0.263835715190305
809,0.1887,110,284,110,530326,75284,80983,26973,0.6973581829634296,0.26377656297368396
810,0.1888,112,301,112,530627,74983,81095,26861,0.6945700100040757,0.26374651427673695
811,0.1889,156,397,156,531024,74586,81251,26705,0.6908925858683167,0.2636463259322151
812,0.189,59,231,59,531255,74355,81310,26646,0.6887528252250917,0.26381917010722666
813,0.1891,177,542,177,531797,73813,81487,26469,0.6837322612916373,0.2639456732015716
814,0.1892,95,231,95,532028,73582,81582,26374,0.6815925006484124,0.26385609668254034
815,0.1893,110,265,110,532293,73317,81692,26264,0.6791377968802105,0.2637450919352085
816,0.1894,79,309,79,532602,73008,81771,26185,0.6762755196561562,0.2639803211920196
817,0.1895,162,431,162,533033,72577,81933,26023,0.6722831523954204,0.26392494929006083
818,0.1896,107,285,107,533318,72292,82040,25916,0.6696431879654674,0.2638888888888889
819,0.1897,95,268,95,533586,72024,82135,25821,0.6671606950980029,0.263896979917216
820,0.1898,116,274,116,533860,71750,82251,25705,0.664622624032013,0.26376276230054896
821,0.1899,88,209,88,534069,71541,82339,25617,0.6626866501167142,0.26366331130735504
822,0.19,101,210,101,534279,71331,82440,25516,0.6607414131683278,0.2634671182380456
823,0.1901,58,165,58,534444,71166,82498,25458,0.6592130127088814,0.263474913065077
824,0.1902,72,173,72,534617,70993,82570,25386,0.6576105079847345,0.26339762811400824
825,0.1903,59,189,59,534806,70804,82629,25327,0.6558597947311868,0.2634633989035795
826,0.1904,87,219,87,535025,70585,82716,25240,0.6538311904850124,0.2633968171145317
827,0.1905,81,182,81,535207,70403,82797,25159,0.6521453184630776,0.26327410476967833
828,0.1906,91,203,91,535410,70200,82888,25068,0.6502649227463041,0.2631313767477012
829,0.1907,81,225,81,535635,69975,82969,24987,0.6481807403016043,0.2631263031528401
830,0.1908,73,196,73,535831,69779,83042,24914,0.6463651858164438,0.2631028692722799
831,0.1909,119,298,119,536129,69481,83161,24795,0.6436048019563526,0.2630043701472273
832,0.191,83,177,83,536306,69304,83244,24712,0.6419652450998555,0.26284887678692986
833,0.1911,100,237,100,536543,69067,83344,24612,0.6397699062581051,0.26272697189338057
834,0.1912,75,215,75,536758,68852,83419,24537,0.637778354144281,0.26273972309372623
835,0.1913,73,165,73,536923,68687,83492,24464,0.6362499536848346,0.2626273469957381
836,0.1914,58,154,58,537077,68533,83550,24406,0.6348234465893512,0.26260235208039684
837,0.1915,58,162,58,537239,68371,83608,24348,0.6333228352291674,0.26259989861840616
838,0.1916,47,151,47,537390,68220,83655,24301,0.6319241172329467,0.26265388398309575
839,0.1917,47,97,47,537487,68123,83702,24254,0.631025603023454,0.26255453197224415
840,0.1918,41,86,41,537573,68037,83743,24213,0.6302289821779243,0.26247154471544715
841,0.1919,42,94,42,537667,67943,83785,24171,0.6293582570676942,0.26240310919078536
842,0.192,58,131,58,537798,67812,83843,24113,0.6281447997332247,0.26231166711993475
843,0.1921,49,117,49,537915,67695,83892,24064,0.6270610248619808,0.2622522041434628
844,0.1922,30,96,30,538011,67599,83922,24034,0.6261717736855756,0.26228542119105563
845,0.1923,32,76,32,538087,67523,83954,24002,0.6254677831709214,0.26224528817263043
846,0.1924,30,69,30,538156,67454,83984,23972,0.6248286338878802,0.2622011244066239
847,0.1925,36,68,36,538224,67386,84020,23936,0.6241987476379266,0.2621055167429535
848,0.1926,31,79,31,538303,67307,84051,23905,0.6234669680240098,0.2620817436302241
849,0.1927,43,108,43,538411,67199,84094,23862,0.6224665604505539,0.2620441242683476
850,0.1928,37,81,37,538492,67118,84131,23825,0.621716254770462,0.26197728247363733
851,0.1929,36,124,36,538616,66994,84167,23789,0.6205676386676053,0.26204245288214756
852,0.193,28,88,28,538704,66906,84195,23761,0.6197524917559005,0.2620688894526123
853,0.1931,91,261,91,538965,66645,84286,23670,0.6173348401200489,0.2620827105132038
854,0.1932,66,184,66,539149,66461,84352,23604,0.615630442031939,0.26207738855271195
855,0.1933,42,132,42,539281,66329,84394,23562,0.6144077216643817,0.26211745336018066
856,0.1934,118,361,118,539642,65968,84512,23444,0.6110637667197747,0.26220194157383797
857,0.1935,60,237,60,539879,65731,84572,23384,0.6088684278780244,0.2624025136060147
858,0.1936,156,418,156,540297,65313,84728,23228,0.6049964800474267,0.26234173998486576
859,0.1937,91,278,91,540575,65035,84819,23137,0.6024213568490867,0.2624075670280815
860,0.1938,126,465,126,541040,64570,84945,23011,0.598114046463374,0.2627396353090282
861,0.1939,92,361,92,541401,64209,85037,22919,0.5947700915187669,0.2630497658617207
862,0.194,102,292,102,541693,63917,85139,22817,0.5920652858572011,0.2630686927848364
863,0.1941,67,147,67,541840,63770,85206,22750,0.5907036199933307,0.26294498381877024
864,0.1942,33,93,33,541933,63677,85239,22717,0.5898421579161881,0.26294650091441535
865,0.1943,58,126,58,542059,63551,85297,22659,0.5886750157471562,0.26283493794223406
866,0.1944,61,159,61,542218,63392,85358,22598,0.5872021934862351,0.2627979997674148
867,0.1945,42,119,42,542337,63273,85400,22556,0.5860998925488162,0.2628016171690221
868,0.1946,76,255,76,542592,63018,85476,22480,0.5837378191114899,0.2629301270205151
869,0.1947,45,148,45,542740,62870,85521,22435,0.5823668902145318,0.26299747963190906
870,0.1948,100,327,100,543067,62543,85621,22335,0.5793378783949016,0.2631423926105705
871,0.1949,62,156,62,543223,62387,85683,22273,0.5778928452332431,0.2630876446964328
872,0.195,49,157,49,543380,62230,85732,22224,0.5764385490384971,0.2631491699623464
873,0.1951,106,322,106,543702,61908,85838,22118,0.5734558523843047,0.2632280484611906
874,0.1952,75,293,75,543995,61615,85913,22043,0.5707417836896513,0.26348944512180544
875,0.1953,95,282,95,544277,61333,86008,21948,0.5681296083589611,0.2635415040645525
876,0.1954,112,411,112,544688,60922,86120,21836,0.5643225017599763,0.2638536455690084
877,0.1955,132,368,132,545056,60554,86252,21704,0.5609137055837563,0.26385275596294583
878,0.1956,172,574,172,545630,59980,86424,21532,0.5555967245915002,0.2641574246736677
879,0.1957,224,843,224,546473,59137,86648,21308,0.5477879876986921,0.26487662378022253
880,0.1958,260,912,260,547385,58225,86908,21048,0.5393401015228426,0.26551284800625685
881,0.1959,278,838,278,548223,57387,87186,20770,0.5315776797954722,0.26574714996737336
882,0.196,237,772,237,548995,56615,87423,20533,0.5244266182518804,0.2661507751335096
883,0.1961,144,453,144,549448,56162,87567,20389,0.5202304642632184,0.2663453122754765
884,0.1962,304,917,304,550365,55245,87871,20085,0.5117362629219312,0.2666268418956591
885,0.1963,135,430,135,550795,54815,88006,19950,0.5077531586942828,0.2668360864040661
886,0.1964,208,635,208,551430,54180,88214,19742,0.501871132683686,0.2670652850301669
887,0.1965,188,684,188,552114,53496,88402,19554,0.4955352180517989,0.26767967145790555
888,0.1966,127,316,127,552430,53180,88529,19427,0.4926080995961318,0.26756373352431584
889,0.1967,128,374,128,552804,52806,88657,19299,0.4891437252213865,0.2676513417932182
890,0.1968,154,558,154,553362,52248,88811,19145,0.48397495275853125,0.2681635454456319
891,0.1969,279,875,279,554237,51373,89090,18866,0.4758697988069213,0.26859721806973336
892,0.197,301,974,301,555211,50399,89391,18565,0.4668476045796436,0.269198422365292
893,0.1971,301,1037,301,556248,49362,89692,18264,0.4572418392678499,0.27007364031585485
894,0.1972,464,1532,464,557780,47830,90156,17800,0.44305087257771686,0.27121743105287216
895,0.1973,249,697,249,558477,47133,90405,17551,0.4365945385156916,0.2713344876631006
896,0.1974,543,1671,543,560148,45462,90948,17008,0.4211160102263885,0.2722586841684008
897,0.1975,420,1370,420,561518,44092,91368,16588,0.4084256548964393,0.27336849044166117
898,0.1976,344,951,344,562469,43141,91712,16244,0.39961651043017526,0.2735370884903595
899,0.1977,375,1122,375,563591,42019,92087,15869,0.38922338730593947,0.27413280818131563
900,0.1978,230,802,230,564393,41217,92317,15639,0.381794434769721,0.2750633178556353
901,0.1979,213,668,213,565061,40549,92530,15426,0.3756067286672348,0.27558731576596696
902,0.198,248,686,248,565747,39863,92778,15178,0.36925228796917264,0.27575807125597285
903,0.1981,117,455,117,566202,39408,92895,15061,0.3650376079143355,0.27650590243991996
904,0.1982,167,545,167,566747,38863,93062,14894,0.3599892548816184,0.27706159197871905
905,0.1983,126,348,126,567095,38515,93188,14768,0.35676571936714957,0.277161571232851
906,0.1984,109,425,109,567520,38090,93297,14659,0.35282893030493906,0.2779010028626135
907,0.1985,171,543,171,568063,37547,93468,14488,0.34779910333839714,0.2784279811665225
908,0.1986,137,473,137,568536,37074,93605,14351,0.343417688687984,0.2790666018473505
909,0.1987,219,737,219,569273,36337,93824,14132,0.33659083330245654,0.28001347361746814
910,0.1988,184,515,184,569788,35822,94008,13948,0.33182037126236613,0.28024914607193085
911,0.1989,305,894,305,570682,34928,94313,13643,0.3235392196820927,0.28088777253916947
912,0.199,194,566,194,571248,34362,94507,13449,0.318296342954537,0.28129509945410053
913,0.1991,366,1206,366,572454,33156,94873,13083,0.3071251250509467,0.2829429702199442
914,0.1992,319,832,319,573286,32324,95192,12764,0.2994182815221016,0.28309084457061745
915,0.1993,299,1015,299,574301,31309,95491,12465,0.2900163029382341,0.28475807556997307
916,0.1994,322,933,322,575234,30376,95813,12143,0.281373893067546,0.2855899715421341
917,0.1995,289,761,289,575995,29615,96102,11854,0.2743247248879173,0.28585208227832837
918,0.1996,284,661,284,576656,28954,96386,11570,0.268201860017044,0.28550982134044023
919,0.1997,216,620,216,577276,28334,96602,11354,0.26245877950276036,0.28608143519451723
920,0.1998,240,683,240,577959,27651,96842,11114,0.2561321279039609,0.2867019218367084
921,0.1999,96,277,96,578236,27374,96938,11018,0.2535662677387084,0.2869868722650552
922,0.2,209,596,209,578832,26778,97147,10809,0.24804550001852607,0.28757283103200576
923,0.2001,130,300,130,579132,26478,97277,10679,0.24526659009225982,0.2874021045832548
924,0.2002,196,507,196,579639,25971,97473,10483,0.24057023231686983,0.28756789378394687
925,0.2003,135,353,135,579992,25618,97608,10348,0.2373003816369632,0.28771617638881164
926,0.2004,186,515,186,580507,25103,97794,10162,0.2325299195968728,0.288161066212959
927,0.2005,189,658,189,581165,24445,97983,9973,0.22643484382526213,0.2897611714800395
928,0.2006,116,315,116,581480,24130,98099,9857,0.22351698840268258,0.2900226557213052
929,0.2007,80,214,80,581694,23916,98179,9777,0.22153469932194597,0.29017896892529604
930,0.2008,73,188,73,581882,23728,98252,9704,0.2197932491014858,0.29026082794927016
931,0.2009,129,397,129,582279,23331,98381,9575,0.2161158249657268,0.29098036832188656
932,0.201,95,226,95,582505,23105,98476,9480,0.21402237948793953,0.2909314101580482
933,0.2011,214,571,214,583076,22534,98690,9266,0.20873318759494608,0.29138364779874215
934,0.2012,109,317,109,583393,22217,98799,9157,0.20579680610619142,0.2918658762032256
935,0.2013,187,508,187,583901,21709,98986,8970,0.2010911852977139,0.2923824114214935
936,0.2014,208,448,208,584349,21261,99194,8762,0.1969413464744896,0.2918429204276721
937,0.2015,170,433,170,584782,20828,99364,8592,0.19293045314757865,0.2920462270564242
938,0.2016,121,270,121,585052,20558,99485,8471,0.19042943421393901,0.2918116366392228
939,0.2017,113,274,113,585326,20284,99598,8358,0.18789136314794916,0.29180923119893865
940,0.2018,98,240,98,585566,20044,99696,8260,0.18566823520693615,0.29183154324477106
941,0.2019,86,172,86,585738,19872,99782,8174,0.18407499351587683,0.2914497611067532
942,0.202,73,207,73,585945,19665,99855,8101,0.18215754566675313,0.2917597061153929
943,0.2021,74,226,74,586171,19439,99929,8027,0.18006410018896588,0.29225223913201775
944,0.2022,62,192,62,586363,19247,99991,7965,0.17828559783615547,0.2927017492282816
945,0.2023,86,200,86,586563,19047,100077,7879,0.17643299121864464,0.29261680160439724
946,0.2024,89,208,89,586771,18839,100166,7790,0.17450628033643337,0.2925382102219385
947,0.2025,93,260,93,587031,18579,100259,7697,0.17209789173366927,0.29292890850966663
948,0.2026,83,214,83,587245,18365,100342,7614,0.17011560265293268,0.29308287462950844
949,0.2027,128,325,128,587570,18040,100470,7486,0.16710511689947757,0.29326960745906133
950,0.2028,123,329,123,587899,17711,100593,7363,0.16405757901367224,0.29365079365079366
951,0.2029,59,180,59,588079,17531,100652,7304,0.16239023305791248,0.29410106704248035
952,0.203,124,335,124,588414,17196,100776,7180,0.15928711697358183,0.2945520183787332
953,0.2031,91,248,91,588662,16948,100867,7089,0.1569898847678684,0.2949203311561343
954,0.2032,171,455,171,589117,16493,101038,6918,0.15277520471303124,0.29550211439067103
955,0.2033,89,279,89,589396,16214,101127,6829,0.15019081848160362,0.29635898103545544
956,0.2034,120,319,120,589715,15895,101247,6709,0.14723591092667382,0.2968058750663599
957,0.2035,109,366,109,590081,15529,101356,6600,0.14384564081662898,0.2982511636314339
958,0.2036,43,117,43,590198,15412,101399,6557,0.14276186594538515,0.2984660203013337
959,0.2037,141,362,141,590560,15050,101540,6416,0.13940864796769054,0.29889126991521475
960,0.2038,111,285,111,590845,14765,101651,6305,0.1367686835377376,0.2992406264831514
961,0.2039,146,320,146,591165,14445,101797,6159,0.13380451294972026,0.2989225393127548
962,0.204,142,330,142,591495,14115,101939,6017,0.13074771203082738,0.29887740909994037
963,0.2041,161,418,161,591913,13697,102100,5856,0.12687576420022972,0.2994936838336828
964,0.2042,116,325,116,592238,13372,102216,5740,0.12386527844677461,0.3003348681456676
965,0.2043,80,259,80,592497,13113,102296,5660,0.12146615287709808,0.3014968305545198
966,0.2044,152,370,152,592867,12743,102448,5508,0.11803883063470302,0.30179168264752615
967,0.2045,101,278,101,593145,12465,102549,5407,0.11546370743636296,0.30254028648164727
968,0.2046,107,321,107,593466,12144,102656,5300,0.11249027381525807,0.30382939692731026
969,0.2047,85,268,85,593734,11876,102741,5215,0.11000778094779355,0.3051313556842783
970,0.2048,163,451,163,594185,11425,102904,5052,0.1058301530253066,0.3066092128421436
971,0.2049,91,237,91,594422,11188,102995,4961,0.10363481418355626,0.30720168431481826
972,0.205,128,384,128,594806,10804,103123,4833,0.10007780947793546,0.30907463068363494
973,0.2051,80,205,80,595011,10599,103203,4753,0.09817888769498685,0.3096013548723293
974,0.2052,111,240,111,595251,10359,103314,4642,0.09595575975397384,0.30944603693087125
975,0.2053,84,194,84,595445,10165,103398,4558,0.09415873133498832,0.30958364463764176
976,0.2054,112,283,112,595728,9882,103510,4446,0.0915372929712105,0.3103015075376884
977,0.2055,95,232,95,595960,9650,103605,4351,0.08938826929489792,0.3107635168916506
978,0.2056,110,235,110,596195,9415,103715,4241,0.08721145651932269,0.3105594610427651
979,0.2057,74,195,74,596390,9220,103789,4167,0.08540516506724961,0.31127212967804585
980,0.2058,94,214,94,596604,9006,103883,4073,0.08342287598651302,0.3114152458139001
981,0.2059,78,164,78,596768,8842,103961,3995,0.08190373856015414,0.3112097842174963
982,0.206,52,144,52,596912,8698,104013,3943,0.08056986179554633,0.31192152519579147
983,0.2061,76,231,76,597143,8467,104089,3867,0.07843010115232131,0.31352359331928004
984,0.2062,69,172,69,597315,8295,104158,3798,0.076836859461262,0.3140659885884396
985,0.2063,94,241,94,597556,8054,104252,3704,0.07460446848716143,0.3150195611498554
986,0.2064,98,193,98,597749,7861,104350,3606,0.07281670310126348,0.3144676026859684
987,0.2065,83,181,83,597930,7680,104433,3523,0.07114009411241617,0.3144693385700259
988,0.2066,72,143,72,598073,7537,104505,3451,0.06981548038089593,0.3140698944302876
989,0.2067,98,260,98,598333,7277,104603,3353,0.06740709177813183,0.3154280338664158
990,0.2068,61,135,61,598468,7142,104664,3292,0.06615658231131201,0.3155069963580602
991,0.2069,66,169,66,598637,6973,104730,3226,0.06459112971951536,0.31630552014903424
992,0.207,96,175,96,598812,6798,104826,3130,0.06297009892919338,0.3152699435938759
993,0.2071,41,88,41,598900,6710,104867,3089,0.06215495201748861,0.3152362485967956
994,0.2072,34,90,34,598990,6620,104901,3055,0.06132127903960873,0.3157622739018088
995,0.2073,37,75,37,599065,6545,104938,3018,0.06062655155804217,0.31559134162919583
996,0.2074,42,83,42,599148,6462,104980,2976,0.059857719811775165,0.31532104259376986
997,0.2075,50,68,50,599216,6394,105030,2926,0.059227833561821486,0.31394849785407725
998,0.2076,20,71,20,599287,6323,105050,2906,0.05857015821260513,0.3148770180951349
999,0.2077,25,56,25,599343,6267,105075,2881,0.058051428359702104,0.31493222562308704
1000,0.2078,23,44,23,599387,6223,105098,2858,0.05764385490384972,0.3147230481224535
1001,0.2079,29,49,29,599436,6174,105127,2829,0.05718996628255956,0.31422859046984336
1002,0.208,6,17,6,599453,6157,105133,2823,0.05703249472007114,0.3143652561247216
1003,0.2081,7,17,7,599470,6140,105140,2816,0.05687502315758272,0.31442608307280034
1004,0.2082,48,84,48,599554,6056,105188,2768,0.05609692837822817,0.31368993653671806
1005,0.2083,43,76,43,599630,5980,105231,2725,0.05539293786357405,0.3130384836300976
1006,0.2084,10,18,10,599648,5962,105241,2715,0.05522620326799808,0.312896162268065
1007,0.2085,9,22,9,599670,5940,105250,2706,0.05502241654007188,0.31297709923664124
1008,0.2086,21,47,21,599717,5893,105271,2685,0.054587053984956835,0.313010025647004
1009,0.2087,16,33,16,599750,5860,105287,2669,0.054281373893067544,0.31293234845820145
1010,0.2088,5,15,5,599765,5845,105292,2664,0.05414242839675423,0.31308026795158067
1011,0.2089,23,33,23,599798,5812,105315,2641,0.05383674830486494,0.31243345557790136
1012,0.209,7,22,7,599820,5790,105322,2634,0.053632961576938754,0.3126780626780627
1013,0.2091,8,18,8,599838,5772,105330,2626,0.053466226981362774,0.3126934984520124
1014,0.2092,1,9,1,599847,5763,105331,2625,0.05338285968357479,0.31294706723891275
1015,0.2093,8,11,8,599858,5752,105339,2617,0.05328096631961169,0.3127016369936671
1016,0.2094,23,43,23,599901,5709,105362,2594,0.05288265589684686,0.3124171986029146
1017,0.2095,11,29,11,599930,5680,105373,2583,0.052614027937307795,0.31259832990439307
1018,0.2096,15,13,15,599943,5667,105388,2568,0.05249360850716959,0.31183970856102006
1019,0.2097,21,42,21,599985,5625,105409,2547,0.052104561117492315,0.31167400881057267
1020,0.2098,10,23,10,600008,5602,105419,2537,0.05189151135647856,0.3117090551664824
1021,0.2099,4,2,4,600010,5600,105423,2533,0.05187298529030346,0.31144719045862534
1022,0.21,5,12,5,600022,5588,105428,2528,0.05176182889325281,0.3114834894036471
1023,0.2101,7,10,7,600032,5578,105435,2521,0.05166919856237726,0.3112729966662551
1024,0.2102,6,13,6,600045,5565,105441,2515,0.05154877913223906,0.31126237623762376
1025,0.2103,1,3,1,600048,5562,105442,2514,0.051520990032976395,0.3112927191679049
1026,0.2104,17,35,17,600083,5527,105459,2497,0.051196783874912,0.3111914257228315
1027,0.2105,7,12,7,600095,5515,105466,2490,0.05108562747786135,0.3110555902560899
1028,0.2106,22,55,22,600150,5460,105488,2468,0.05057616065804587,0.3113017154389506
1029,0.2107,29,50,29,600200,5410,105517,2439,0.05011300900366816,0.310740221684291
1030,0.2108,24,32,24,600232,5378,105541,2415,0.04981659194486643,0.3098934941614269
1031,0.2109,14,43,14,600275,5335,105555,2401,0.0494182815221016,0.31036711478800416
1032,0.211,5,9,5,600284,5326,105560,2396,0.04933491422431361,0.3102823102823103
1033,0.2111,11,26,11,600310,5300,105571,2385,0.0490940753640372,0.3103448275862069
1034,0.2112,32,56,32,600366,5244,105603,2353,0.04857534551113417,0.30972752402264053
1035,0.2113,35,98,35,600464,5146,105638,2318,0.04766756826855385,0.31055734190782425
1036,0.2114,24,65,24,600529,5081,105662,2294,0.047065471117862835,0.3110508474576271
1037,0.2115,4,27,4,600556,5054,105666,2290,0.046815369224498866,0.31181917211328974
1038,0.2116,46,133,46,600689,4921,105712,2244,0.04558338582385416,0.3131891137473831
1039,0.2117,28,63,28,600752,4858,105740,2216,0.04499981473933825,0.3132598247102064
1040,0.2118,30,75,30,600827,4783,105770,2186,0.044305087257771686,0.31367484574544413
1041,0.2119,39,57,39,600884,4726,105809,2147,0.043777094371781095,0.3123817837916485
1042,0.212,64,140,64,601024,4586,105873,2083,0.04248026973952351,0.3123406807617334
1043,0.2121,16,37,16,601061,4549,105889,2067,0.042137537515284006,0.31242442563482464
1044,0.2122,30,66,30,601127,4483,105919,2037,0.041526177331505425,0.31242331288343556
1045,0.2123,9,23,9,601150,4460,105928,2028,0.04131312757049168,0.312577065351418
1046,0.2124,5,14,5,601164,4446,105933,2023,0.041183445107265924,0.3127222136342557
1047,0.2125,27,85,27,601249,4361,105960,1996,0.040396087294823815,0.31398458392323425
1048,0.2126,14,20,14,601269,4341,105974,1982,0.04021082663307273,0.31345880120196107
1049,0.2127,59,155,59,601424,4186,106033,1923,0.03877505650450183,0.3147814699623506
1050,0.2128,42,98,42,601522,4088,106075,1881,0.03786727926192152,0.315128162171218
1051,0.2129,27,68,27,601590,4020,106102,1854,0.03723739301196784,0.31562819203268644
1052,0.213,76,148,76,601738,3872,106178,1778,0.03586646411500982,0.3146902654867257
1053,0.2131,45,65,45,601803,3807,106223,1733,0.0352643669643188,0.3128158844765343
1054,0.2132,20,45,20,601848,3762,106243,1713,0.034847530475378856,0.3128767123287671
1055,0.2133,29,107,29,601955,3655,106272,1684,0.03385638593501056,0.31541487169882
1056,0.2134,32,62,32,602017,3593,106304,1652,0.0332820778835822,0.3149666348903718
1057,0.2135,35,83,35,602100,3510,106339,1617,0.0325132461373152,0.31538911644236395
1058,0.2136,29,66,29,602166,3444,106368,1588,0.03190188595353663,0.31558028616852146
1059,0.2137,17,51,17,602217,3393,106385,1571,0.03142947126607136,0.31647864625302174
1060,0.2138,39,82,39,602299,3311,106424,1532,0.03066990255289192,0.3163328515383027
1061,0.2139,15,42,15,602341,3269,106439,1517,0.030280855163214642,0.3169661512745508
1062,0.214,32,74,32,602415,3195,106471,1485,0.029595390714735634,0.3173076923076923
1063,0.2141,20,24,20,602439,3171,106491,1465,0.029373077920634334,0.3160051768766178
1064,0.2142,5,21,5,602460,3150,106496,1460,0.029178554225795694,0.31670281995661603
1065,0.2143,6,15,6,602475,3135,106502,1454,0.029039608729482382,0.31684462845935935
1066,0.2144,8,17,8,602492,3118,106510,1446,0.02888213716699396,0.3168273444347064
1067,0.2146,4,3,4,602495,3115,106514,1442,0.028854348067731298,0.31643625192012287
1068,0.2147,8,20,8,602515,3095,106522,1434,0.028669087405980214,0.31662618679620225
1069,0.2148,23,28,23,602543,3067,106545,1411,0.028409722479528696,0.3150960250111657
1070,0.2149,17,30,17,602573,3037,106562,1394,0.02813183148690207,0.31460167005190703
1071,0.215,18,48,18,602621,2989,106580,1376,0.02768720589869947,0.3152348224513173
1072,0.2151,14,34,14,602655,2955,106594,1362,0.02737226277372263,0.31549687282835304
1073,0.2152,24,55,24,602710,2900,106618,1338,0.026862795953907146,0.31571495988673903
1074,0.2153,35,68,35,602778,2832,106653,1303,0.026232909703953464,0.3151148730350665
1075,0.2154,29,43,29,602821,2789,106682,1274,0.02583459928118863,0.31356140782672903
1076,0.2155,16,25,16,602846,2764,106698,1258,0.025603023453999778,0.3127797115862755
1077,0.2156,4,9,4,602855,2755,106702,1254,0.02551965615621179,0.3127962085308057
1078,0.2157,24,53,24,602908,2702,106726,1230,0.025028715402571417,0.3128179043743642
1079,0.2158,7,11,7,602919,2691,106733,1223,0.024926822038608323,0.3124680633622892
1080,0.2159,2,18,2,602937,2673,106735,1221,0.024760087443032347,0.3135593220338983
1081,0.216,45,100,45,603037,2573,106780,1176,0.023833784134276927,0.3136836489730595
1082,0.2161,21,74,21,603111,2499,106801,1155,0.02314831968579792,0.3160919540229885
1083,0.2162,28,71,28,603182,2428,106829,1127,0.02249064433658157,0.3170182841068917
1084,0.2163,35,64,35,603246,2364,106864,1092,0.021897810218978103,0.3159722222222222
1085,0.2164,0,8,0,603254,2356,106864,1092,0.02182370595427767,0.3167053364269142
1086,0.2165,23,60,23,603314,2296,106887,1069,0.021267923969024417,0.3176820208023774
1087,0.2166,25,45,25,603359,2251,106912,1044,0.02085108748008448,0.31684370257966615
1088,0.2167,4,5,4,603364,2246,106916,1040,0.020804772314646707,0.31649421789409615
1089,0.2168,19,20,19,603384,2226,106935,1021,0.020619511652895623,0.3144441022482291
1090,0.2169,1,8,1,603392,2218,106936,1020,0.02054540738819519,0.3150092649783817
1091,0.217,3,7,3,603399,2211,106939,1017,0.020480566156582312,0.3150557620817844
1092,0.2171,1,5,1,603404,2206,106940,1016,0.02043425099114454,0.3153320918684047
1093,0.2172,18,30,18,603434,2176,106958,998,0.020156359998517916,0.3144297416509137
1094,0.2173,7,21,7,603455,2155,106965,991,0.019961836303679276,0.3150031786395423
1095,0.2174,24,36,24,603491,2119,106989,967,0.019628367112527325,0.313350615683733
1096,0.2175,17,24,17,603515,2095,107006,950,0.019406054318426024,0.31198686371100165
1097,0.2176,21,33,21,603548,2062,107027,929,0.019100374226536737,0.31059846205282515
1098,0.2177,25,49,25,603597,2013,107052,904,0.018646485605246583,0.30990743914981145
1099,0.2178,13,66,13,603663,1947,107065,891,0.018035125421468005,0.313953488372093
1100,0.2179,5,18,5,603681,1929,107070,886,0.01786839082589203,0.3147424511545293
1101,0.218,34,88,34,603769,1841,107104,852,0.01705324391418726,0.3163757890828073
1102,0.2181,43,74,43,603843,1767,107147,809,0.016367779465708252,0.3140527950310559
1103,0.2182,7,9,7,603852,1758,107154,802,0.016284412167920263,0.31328125
1104,0.2183,17,48,17,603900,1710,107171,785,0.015839786579717664,0.31462925851703405
1105,0.2184,23,64,23,603964,1646,107194,762,0.015246952462114195,0.3164451827242525
1106,0.2185,40,102,40,604066,1544,107234,722,0.014302123087183668,0.31862312444836716
1107,0.2186,0,6,0,604072,1538,107234,722,0.014246544888658343,0.31946902654867254
1108,0.2187,22,40,22,604112,1498,107256,700,0.013876023565156175,0.3184713375796178
1109,0.2188,5,9,5,604121,1489,107261,695,0.013792656267368187,0.3182234432234432
1110,0.2189,23,59,23,604180,1430,107284,672,0.01324613731520249,0.3196955280685062
1111,0.219,17,26,17,604206,1404,107301,655,0.013005298454926081,0.3181155900922778
1112,0.2191,25,55,25,604261,1349,107326,630,0.0124958316351106,0.31834259727134917
1113,0.2192,8,9,8,604270,1340,107334,622,0.012412464337322612,0.31702344546381245
1114,0.2193,34,84,34,604354,1256,107368,588,0.011634369557968061,0.3188720173535792
1115,0.2194,18,51,18,604405,1205,107386,570,0.011161954870502798,0.3211267605633803
1116,0.2195,7,17,7,604422,1188,107393,563,0.011004483308014377,0.32153055396916047
1117,0.2196,41,102,41,604524,1086,107434,522,0.01005965393308385,0.3246268656716418
1118,0.2197,10,22,10,604546,1064,107444,512,0.009855867205157657,0.3248730964467005
1119,0.2198,13,37,13,604583,1027,107457,499,0.009513134980918152,0.3269986893840105
1120,0.2199,34,76,34,604659,951,107491,465,0.008809144466264034,0.3283898305084746
1121,0.22,27,59,27,604718,892,107518,438,0.008262625514098336,0.3293233082706767
1122,0.2201,1,1,1,604719,891,107519,437,0.008253362481010782,0.32906626506024095
1123,0.2202,45,79,45,604798,812,107564,392,0.007521582867094001,0.32558139534883723
1124,0.2203,2,12,2,604810,800,107566,390,0.007410426470043351,0.3277310924369748
1125,0.2204,7,17,7,604827,783,107573,383,0.0072529549075549295,0.32847341337907376
1126,0.2205,5,15,5,604842,768,107578,378,0.007114009411241617,0.3298429319371728
1127,0.2206,17,44,17,604886,724,107595,361,0.006706435955389232,0.3327188940092166
1128,0.2207,13,23,13,604909,701,107608,348,0.0064933861943754865,0.3317445185891325
1129,0.2208,20,71,20,604980,630,107628,328,0.005835710845159139,0.34237995824634654
1130,0.2209,15,20,15,605000,610,107643,313,0.005650450183408055,0.3391115926327194
1131,0.221,17,23,17,605023,587,107660,296,0.005437400422394309,0.3352208380520951
1132,0.2211,18,60,18,605083,527,107678,278,0.004881618437141058,0.3453416149068323
1133,0.2212,12,36,12,605119,491,107690,266,0.004548149245989106,0.3513870541611625
1134,0.2213,31,50,31,605169,441,107721,235,0.004084997591611397,0.34763313609467456
1135,0.2214,12,34,12,605203,407,107733,223,0.003770054466634555,0.353968253968254
1136,0.2215,30,52,30,605255,355,107763,193,0.003288376746081737,0.3521897810218978
1137,0.2216,9,17,9,605272,338,107772,184,0.0031309051835933157,0.3524904214559387
1138,0.2217,17,31,17,605303,307,107789,167,0.002843751157879136,0.35232067510548526
1139,0.2218,3,6,3,605309,301,107792,164,0.002788172959353811,0.35268817204301073
1140,0.2219,26,30,26,605339,271,107818,138,0.0025102819667271853,0.3374083129584352
1141,0.222,8,19,8,605358,252,107826,130,0.0023342843380636555,0.3403141361256545
1142,0.2221,5,12,5,605370,240,107831,125,0.0022231279410130055,0.3424657534246575
1143,0.2222,6,9,6,605379,231,107837,119,0.0021397606432250176,0.34
1144,0.2223,7,15,7,605394,216,107844,112,0.0020008151469117046,0.34146341463414637
1145,0.2224,28,43,28,605437,173,107872,84,0.0016025047241468747,0.32684824902723736
1146,0.2225,1,4,1,605441,169,107873,83,0.0015654525917966578,0.32936507936507936
1147,0.2226,6,21,6,605462,148,107879,77,0.00137092889695802,0.3422222222222222
1148,0.2227,7,14,7,605476,134,107886,70,0.0012412464337322614,0.3431372549019608
1149,0.2228,1,2,1,605478,132,107887,69,0.001222720367557153,0.34328358208955223
1150,0.2229,5,16,5,605494,116,107892,64,0.001074511838156286,0.35555555555555557
1151,0.223,17,34,17,605528,82,107909,47,0.0007595687131794435,0.3643410852713178
1152,0.2231,3,9,3,605537,73,107912,44,0.0006762014153914558,0.37606837606837606
1153,0.2232,7,5,7,605542,68,107919,37,0.0006298862499536849,0.3523809523809524
1154,0.2233,3,12,3,605554,56,107922,34,0.0005187298529030345,0.37777777777777777
1155,0.2234,5,5,5,605559,51,107927,29,0.00047241468746526364,0.3625
1156,0.2235,4,6,4,605565,45,107931,25,0.00041683648893993847,0.35714285714285715
1157,0.2236,2,6,2,605571,39,107933,23,0.00036125829041461335,0.3709677419354839
1158,0.2237,5,17,5,605588,22,107938,18,0.00020378672792619216,0.45
1159,0.2238,2,3,2,605591,19,107940,16,0.00017599762866352957,0.45714285714285713
1160,0.2239,3,5,3,605596,14,107943,13,0.00012968246322575864,0.48148148148148145
1161,0.224,9,10,9,605606,4,107952,4,3.7052132350216754e-05,0.5
1162,0.2243,4,4,4,605610,0,107956,0,0.0,
