,y_proba,y_test,Neg,Pos,TN,FP,FN,TP,FP/P,Prec
0,0.1102,0,2,0,2,605608,0,107956,5.609766942087517,0.15129126469384666
1,0.1104,0,2,0,4,605606,0,107956,5.609748416021342,0.15129168873903037
2,0.1106,0,2,0,6,605604,0,107956,5.609729889955167,0.1512921127865912
3,0.1107,0,6,0,12,605598,0,107956,5.609674311756642,0.15129338494353617
4,0.1108,0,2,0,14,605596,0,107956,5.6096557856904665,0.15129380900060543
5,0.1109,0,8,0,22,605588,0,107956,5.609581681425766,0.15129550525265437
6,0.1111,1,29,1,51,605559,1,107955,5.609313053466227,0.1513004650224102
7,0.1112,0,5,0,56,605554,1,107955,5.609266738300789,0.15130152527858792
8,0.1113,0,33,0,89,605521,1,107955,5.6089610582089,0.15130852334206055
9,0.1114,0,7,0,96,605514,1,107955,5.608896216977287,0.15131000786299054
10,0.1115,1,29,1,125,605485,2,107954,5.608627589017748,0.15131496876397282
11,0.1116,2,37,2,162,605448,4,107952,5.608284856793508,0.15132043734230446
12,0.1117,1,20,1,182,605428,5,107951,5.6080995961317575,0.15132349003825457
13,0.1118,0,14,0,196,605414,5,107951,5.607969913668532,0.15132645980669082
14,0.1119,0,5,0,201,605409,5,107951,5.607923598503094,0.15132752046652462
15,0.112,0,37,0,238,605372,5,107951,5.607580866278854,0.15133536981143184
16,0.1121,2,34,2,272,605338,7,107949,5.607265923153878,0.1513402038730553
17,0.1122,0,20,0,292,605318,7,107949,5.607080662492127,0.15134444745095454
18,0.1123,1,9,1,301,605309,8,107948,5.606997295194338,0.1513451673099598
19,0.1124,0,21,0,322,605288,8,107948,5.6068027714995,0.15134962340655828
20,0.1125,2,20,2,342,605268,10,107946,5.606617510837749,0.1513514877722535
21,0.1126,0,11,0,353,605257,10,107946,5.606515617473786,0.15135382212357493
22,0.1127,0,15,0,368,605242,10,107946,5.606376671977472,0.15135700544596936
23,0.1128,1,67,1,435,605175,11,107945,5.605756048760606,0.1513700358985865
24,0.1129,3,47,3,482,605128,14,107942,5.605320686205491,0.15137644270548473
25,0.113,14,429,14,911,604699,28,107928,5.60134684501093,0.15145089927830407
26,0.1131,30,542,30,1453,604157,58,107898,5.596326281077476,0.15153042953142665
27,0.1132,13,333,13,1786,603824,71,107885,5.593241691059321,0.1515858307257601
28,0.1133,47,1318,47,3104,602506,118,107838,5.581033013449924,0.1518109535661595
29,0.1134,38,1001,38,4105,601505,156,107800,5.5717607173292825,0.1519797548304326
30,0.1135,38,1137,38,5242,600368,194,107762,5.561228648708733,0.15217827235112197
31,0.1136,6,207,6,5449,600161,200,107756,5.559311200859609,0.15221558459536924
32,0.1137,18,423,18,5872,599738,218,107738,5.555392937863574,0.15228502450966536
33,0.1138,37,1057,37,6929,598681,255,107701,5.54560191189003,0.1524684943840585
34,0.1139,31,776,31,7705,597905,286,107670,5.538413798214087,0.15259894412358715
35,0.114,34,1046,34,8751,596859,320,107636,5.528724665604505,0.15278461876947316
36,0.1141,19,529,19,9280,596330,339,107617,5.523824521101189,0.15287656599147378
37,0.1142,16,372,16,9652,595958,355,107601,5.520378672792619,0.15293813312032112
38,0.1143,14,531,14,10183,595427,369,107587,5.515460002223128,0.15303678162881537
39,0.1144,19,536,19,10719,594891,388,107568,5.510495016488199,0.15313064534727294
40,0.1145,12,415,12,11134,594476,400,107556,5.506650857756864,0.15320669143286916
41,0.1146,8,316,8,11450,594160,408,107548,5.503723739301197,0.15326603088464147
42,0.1147,18,352,18,11802,593808,426,107530,5.500463151654378,0.15332122314775473
43,0.1148,12,299,12,12101,593509,438,107518,5.497693504761199,0.15337212404087147
44,0.1149,15,358,15,12459,593151,453,107503,5.494377338915855,0.15343236461934137
45,0.115,15,241,15,12700,592910,468,107488,5.492144947941754,0.1534670287465127
46,0.1151,32,779,32,13479,592131,500,107456,5.48492904516655,0.15359919495359406
47,0.1152,9,359,9,13838,591772,509,107447,5.481603616288117,0.15366716293464566
48,0.1153,12,226,12,14064,591546,521,107435,5.47951017081033,0.15370231808876064
49,0.1154,60,1134,60,15198,590412,581,107375,5.469005891289044,0.15387933567120052
50,0.1155,53,874,53,16072,589538,634,107322,5.4609100003705215,0.15400797864707402
51,0.1156,30,600,30,16672,588938,664,107292,5.4553521805179885,0.15410424715970297
52,0.1157,6,262,6,16934,588676,670,107286,5.45292526584905,0.15415496823102412
53,0.1158,45,951,45,17885,587725,715,107241,5.444116121382786,0.1543111461567904
54,0.1159,31,768,31,18653,586957,746,107210,5.437002111971544,0.15444410350823362
55,0.116,59,1242,59,19895,585715,805,107151,5.425497424876801,0.15464895087939082
56,0.1161,28,805,28,20700,584910,833,107123,5.418040683241321,0.15479464129600756
57,0.1162,135,2266,135,22966,582644,968,106988,5.397050650264923,0.15513781263050438
58,0.1163,108,2047,108,25013,580597,1076,106880,5.378089221534699,0.1554670192602807
59,0.1164,120,2598,120,27611,577999,1196,106760,5.354023861573234,0.15590886720729483
60,0.1165,80,1494,80,29105,576505,1276,106680,5.340184890140428,0.15615096935676281
61,0.1166,63,1234,63,30339,575271,1339,106617,5.328754307310386,0.15635558918766718
62,0.1167,44,1367,44,31706,573904,1383,106573,5.316091741079699,0.1566151390862586
63,0.1168,114,2128,114,33834,571776,1497,106459,5.296380006669384,0.15696476884855545
64,0.1169,172,3329,172,37163,568447,1669,106287,5.265543369520916,0.1575242984642837
65,0.117,127,2376,127,39539,566071,1796,106160,5.243534402904888,0.1579219048214081
66,0.1171,79,1408,79,40947,564663,1875,106081,5.230492052317611,0.15815422873704424
67,0.1172,98,1968,98,42915,562695,1973,105983,5.212262403201304,0.15849631661277924
68,0.1173,70,1354,70,44269,561341,2043,105913,5.199720256400756,0.158729659170271
69,0.1174,91,1704,91,45973,559637,2134,105822,5.1839360480195635,0.15902106666225868
70,0.1175,91,1309,91,47282,558328,2225,105731,5.171810737707955,0.1592192862381204
71,0.1176,73,1022,73,48304,557306,2298,105658,5.162343917892475,0.1593721529374144
72,0.1177,80,1461,80,49765,555845,2378,105578,5.148810626551558,0.15962251085916274
73,0.1178,53,817,53,50582,555028,2431,105525,5.1412427285190265,0.15975251039659194
74,0.1179,53,738,53,51320,554290,2484,105472,5.134406610100411,0.15986370842819078
75,0.118,65,882,65,52202,553408,2549,105407,5.126236614917189,0.1599948392189006
76,0.1181,46,600,46,52802,552808,2595,105361,5.120678795064656,0.16008198502208398
77,0.1182,37,530,37,53332,552278,2632,105324,5.115769387528252,0.16016374646062512
78,0.1183,29,597,29,53929,551681,2661,105295,5.110239356774982,0.16027221694552007
79,0.1184,37,470,37,54399,551211,2698,105258,5.1058857312238315,0.1603396352303003
80,0.1185,104,1464,104,55863,549747,2802,105154,5.092324650783652,0.16056472657699408
81,0.1186,36,486,36,56349,549261,2838,105118,5.087822816703102,0.16063779552827948
82,0.1187,114,1665,114,58014,547596,2952,105004,5.072399866612323,0.16090101133925835
83,0.1188,113,1754,113,59768,545842,3065,104891,5.056152506576754,0.16118899763804817
84,0.1189,93,1519,93,61287,544323,3158,104798,5.042081959316759,0.16144601699837163
85,0.119,85,1232,85,62519,543091,3243,104713,5.030669902552892,0.16164302782940518
86,0.1191,41,769,41,63288,542322,3284,104672,5.023546630108563,0.1617820257993119
87,0.1192,117,1855,117,65143,540467,3401,104555,5.00636370373115,0.1620952463636899
88,0.1193,106,1443,106,66586,539024,3507,104449,4.992997146985809,0.16232071897344566
89,0.1194,72,1077,72,67663,537947,3579,104377,4.983020860350513,0.16249898804964472
90,0.1195,84,1551,84,69214,536396,3663,104293,4.968653896031717,0.16278256689282944
91,0.1196,105,1299,105,70513,535097,3768,104188,4.9566212160509835,0.16297582455399393
92,0.1197,40,728,40,71241,534369,3808,104148,4.949877727963244,0.16310920461005737
93,0.1198,25,488,25,71729,533881,3833,104123,4.945357367816518,0.16320117115253197
94,0.1199,77,1150,77,72879,532731,3910,104046,4.934704879765831,0.16339472060077548
95,0.12,57,886,57,73765,531845,3967,103989,4.9264978324502575,0.16354740388214534
96,0.1201,57,709,57,74474,531136,4024,103932,4.919930341991182,0.1636549156940674
97,0.1202,31,411,31,74885,530725,4055,103901,4.916123235392197,0.1637200492888725
98,0.1203,48,734,48,75619,529991,4103,103853,4.909324169105932,0.16384630918648752
99,0.1204,53,666,53,76285,529325,4156,103800,4.903154989069621,0.1639486673247779
100,0.1205,20,343,20,76628,528982,4176,103780,4.89997776872059,0.16401111318315575
101,0.1206,35,579,35,77207,528403,4211,103745,4.894614472562896,0.1641150490075109
102,0.1207,38,538,38,77745,527865,4249,103707,4.889630960761792,0.16420455625011876
103,0.1208,30,407,30,78152,527458,4279,103677,4.885860906295157,0.1642707186259675
104,0.1209,35,447,35,78599,527011,4314,103642,4.88172033050502,0.16434077059809435
105,0.121,16,211,16,78810,526800,4330,103626,4.879765830523547,0.1643745657698128
106,0.1211,70,803,70,79613,525997,4400,103556,4.872327614954241,0.16449131367811765
107,0.1212,39,438,39,80051,525559,4439,103517,4.868270406461892,0.16455404434440354
108,0.1213,41,614,41,80665,524945,4480,103476,4.862582904146134,0.16466031529818387
109,0.1214,45,818,45,81483,524127,4525,103431,4.855005743080515,0.16481504498388994
110,0.1215,42,614,42,82097,523513,4567,103389,4.849318240764756,0.16492051389212348
111,0.1216,41,510,41,82607,523003,4608,103348,4.8445940938901035,0.1650001357066565
112,0.1217,45,685,45,83292,522318,4653,103303,4.838248916225129,0.16512073603667396
113,0.1218,23,365,23,83657,521953,4676,103280,4.834867909148172,0.16518641850318203
114,0.1219,30,524,30,84181,521429,4706,103250,4.830014079810293,0.16528489031966817
115,0.122,28,602,28,84783,520827,4734,103222,4.824437733891585,0.16540688311334525
116,0.1221,31,489,31,85272,520338,4765,103191,4.819908110711771,0.16549510928922312
117,0.1222,23,428,23,85700,519910,4788,103168,4.815943532550298,0.16557798542076593
118,0.1223,17,310,17,86010,519600,4805,103151,4.813071992293157,0.16563763044940916
119,0.1224,19,257,19,86267,519343,4824,103132,4.810691392789655,0.1656805494196554
120,0.1225,22,277,22,86544,519066,4846,103110,4.808125532624403,0.16572481098595895
121,0.1226,7,174,7,86718,518892,4853,103103,4.8065137648671685,0.16576178265098593
122,0.1227,9,173,9,86891,518719,4862,103094,4.8049112601430215,0.16579582607632842
123,0.1228,8,107,8,86998,518612,4870,103086,4.8039201156026525,0.16581362655179846
124,0.1229,8,128,8,87126,518484,4878,103078,4.802734447367446,0.16583703636966224
125,0.123,12,139,12,87265,518345,4890,103066,4.801446885768276,0.16585802311191788
126,0.1231,6,102,6,87367,518243,4896,103060,4.800502056393346,0.1658771967944787
127,0.1232,9,137,9,87504,518106,4905,103051,4.799233020860351,0.16590169635052007
128,0.1233,6,137,6,87641,517969,4911,103045,4.797963985327356,0.165930236677434
129,0.1234,4,118,4,87759,517851,4915,103041,4.796870947423024,0.16595639821418218
130,0.1235,8,152,8,87911,517699,4923,103033,4.795462966393716,0.1659862871577428
131,0.1236,6,116,6,88027,517583,4929,103027,4.79438845455556,0.16600924896472824
132,0.1237,17,136,17,88163,517447,4946,103010,4.793128682055652,0.1660227864300024
133,0.1238,14,191,14,88354,517256,4960,102996,4.79135944273593,0.16605508728710267
134,0.1239,7,143,7,88497,517113,4967,102989,4.7900348290044095,0.16608396683126325
135,0.124,8,215,8,88712,516898,4975,102981,4.788043276890585,0.16613080939989902
136,0.1241,19,182,19,88894,516716,4994,102962,4.78635740486865,0.16615403483744784
137,0.1242,15,377,15,89271,516339,5009,102947,4.782865241394642,0.16623498674279735
138,0.1243,27,356,27,89627,515983,5036,102920,4.779567601615473,0.1662942335067046
139,0.1244,24,544,24,90171,515439,5060,102896,4.774528511615843,0.16640817679736714
140,0.1245,50,928,50,91099,514511,5110,102846,4.765932416910593,0.1665908056440601
141,0.1246,29,421,29,91520,514090,5139,102817,4.762032679980733,0.16666531584177194
142,0.1247,22,415,22,91935,513675,5161,102795,4.758188521249398,0.1667477736142878
143,0.1248,38,796,38,92731,512879,5199,102757,4.750815146911704,0.16691194147190871
144,0.1249,39,840,39,93571,512039,5238,102718,4.743034199118159,0.16708715801528085
145,0.125,55,764,55,94335,511275,5293,102663,4.735957241839268,0.16722046851636485
146,0.1251,41,823,41,95158,510452,5334,102622,4.728333765608211,0.1673892548044771
147,0.1252,29,426,29,95584,510026,5363,102593,4.724387713512913,0.16746623921229997
148,0.1253,36,588,36,96172,509438,5399,102557,4.718941050057431,0.1675781664882883
149,0.1254,36,694,36,96866,508744,5435,102521,4.712512505094669,0.16771940156887766
150,0.1255,30,528,30,97394,508216,5465,102491,4.70762162362444,0.16782352257301783
151,0.1256,53,926,53,98320,507290,5518,102438,4.6990440549853645,0.16800606171932403
152,0.1257,55,802,55,99122,506488,5573,102383,4.691615102449146,0.1681522030118038
153,0.1258,42,685,42,99807,505803,5615,102341,4.685269924784171,0.1682841563840143
154,0.1259,60,847,60,100654,504956,5675,102281,4.677424135759013,0.1684367059319508
155,0.126,28,409,28,101063,504547,5703,102253,4.673635555226204,0.16851186552406064
156,0.1261,29,526,29,101589,504021,5732,102224,4.66876319982215,0.16861829788286914
157,0.1262,35,472,35,102061,503549,5767,102189,4.664391048204824,0.1687016498882355
158,0.1263,36,657,36,102718,502892,5803,102153,4.658305235466301,0.16883537588113282
159,0.1264,31,462,31,103180,502430,5834,102122,4.654025714179851,0.1689217800950125
160,0.1265,47,650,47,103830,501780,5881,102075,4.648004742672941,0.1690389249074695
161,0.1266,22,352,22,104182,501428,5903,102053,4.644744155026122,0.1691072295565229
162,0.1267,17,420,17,104602,501008,5920,102036,4.640853681129349,0.16920158396402252
163,0.1268,35,548,35,105150,500460,5955,102001,4.635777538997369,0.1693072248660079
164,0.1269,54,857,54,106007,499603,6009,101947,4.627839119641336,0.16947385919707422
165,0.127,24,434,24,106441,499169,6033,101923,4.6238189632813365,0.16956306189401954
166,0.1271,86,1145,86,107586,498024,6119,101837,4.613212790396087,0.1697676628418917
167,0.1272,58,898,58,108484,497126,6177,101779,4.604894586683463,0.16994181047077583
168,0.1273,67,854,67,109338,496272,6244,101712,4.596983956426692,0.17009150746508267
169,0.1274,37,515,37,109853,495757,6281,101675,4.592213494386602,0.17018673254864153
170,0.1275,47,577,47,110430,495180,6328,101628,4.586868724295083,0.17028592110025334
171,0.1276,35,534,35,110964,494646,6363,101593,4.581922264626329,0.1703897262674867
172,0.1277,70,684,70,111648,493962,6433,101523,4.575586349994442,0.1704879216101161
173,0.1278,68,845,68,112493,493117,6501,101455,4.5677590870354585,0.17063534777957926
174,0.1279,92,1039,92,113532,492078,6593,101363,4.55813479565749,0.17080552236869376
175,0.128,26,404,26,113936,491674,6619,101337,4.5543925302901185,0.17088553163432044
176,0.1281,72,816,72,114752,490858,6691,101265,4.546833895290674,0.17102021032792172
177,0.1282,33,328,33,115080,490530,6724,101232,4.543795620437956,0.17106877427073722
178,0.1283,33,373,33,115453,490157,6757,101199,4.540340509096298,0.17113041890164302
179,0.1284,42,605,42,116058,489552,6799,101157,4.534736374078328,0.17124675601692205
180,0.1285,50,519,50,116577,489033,6849,101107,4.529928859905888,0.17132714271189886
181,0.1286,61,753,61,117330,488280,6910,101046,4.52295379599096,0.17146027835187994
182,0.1287,64,627,64,117957,487653,6974,100982,4.517145874245063,0.17155282985211548
183,0.1288,47,651,47,118608,487002,7021,100935,4.511115639705065,0.17167655718214705
184,0.1289,59,777,59,119385,486225,7080,100876,4.503918262996035,0.17182052151163088
185,0.129,87,1070,87,120455,485155,7167,100789,4.494006817592353,0.17201131848777357
186,0.1291,76,949,76,121404,484206,7243,100713,4.485216199192264,0.1721828150564437
187,0.1292,85,890,85,122294,483316,7328,100628,4.47697209974434,0.17232474346855178
188,0.1293,98,1008,98,123302,482308,7426,100530,4.4676349623920855,0.17248360607921928
189,0.1294,73,829,73,124131,481479,7499,100457,4.459955907962503,0.17262551208380303
190,0.1295,76,830,76,124961,480649,7575,100381,4.452267590499833,0.17276388482522417
191,0.1296,123,1461,123,126422,479188,7698,100258,4.4387342991589165,0.1730238883347197
192,0.1297,92,861,92,127283,478327,7790,100166,4.430758827670532,0.1731498911827801
193,0.1298,58,823,58,128106,477504,7848,100108,4.423135351439475,0.17331357381771847
194,0.1299,76,715,76,128821,476789,7924,100032,4.416512282781874,0.17341948368731375
195,0.13,58,583,58,129404,476206,7982,99974,4.41111193449183,0.1735117498004096
196,0.1301,41,411,41,129815,475795,8023,99933,4.407304827892845,0.17357675846927717
197,0.1302,86,770,86,130585,475025,8109,99847,4.400172292415428,0.17368562045116132
198,0.1303,65,763,65,131348,474262,8174,99782,4.393104598169625,0.17382291252935314
199,0.1304,55,575,55,131923,473687,8229,99727,4.387778354144281,0.17391797200626424
200,0.1305,59,543,59,132466,473144,8288,99668,4.382748527177739,0.17399775144375468
201,0.1306,41,449,41,132915,472695,8329,99627,4.378589425321427,0.1740750836067808
202,0.1307,55,551,55,133466,472144,8384,99572,4.373485494090185,0.17416339581190662
203,0.1308,55,498,55,133964,471646,8439,99517,4.368872503612583,0.17423572605368345
204,0.1309,93,905,93,134869,470741,8532,99424,4.360489458668346,0.17437759245130796
205,0.131,78,795,78,135664,469946,8610,99346,4.353125347363741,0.17450798535725076
206,0.1311,43,494,43,136158,469452,8653,99303,4.348549409018489,0.174597146398713
207,0.1312,115,935,115,137093,468517,8768,99188,4.339888473081626,0.17471750292845756
208,0.1313,92,949,92,138042,467568,8860,99096,4.331097854681537,0.1748761170640803
209,0.1314,112,1076,112,139118,466492,8972,98984,4.321130831079329,0.17504544843636158
210,0.1315,72,695,72,139813,465797,9044,98912,4.314693023083478,0.17515569966124145
211,0.1316,59,590,59,140403,465207,9103,98853,4.309227833561821,0.17525263269864907
212,0.1317,51,542,51,140945,464665,9154,98802,4.3042072696283675,0.17534655978078575
213,0.1318,39,508,39,141453,464157,9193,98763,4.29950164881989,0.17544766574291196
214,0.1319,78,714,78,142167,463443,9271,98685,4.292887843195376,0.17555610110152847
215,0.132,114,844,114,143011,462599,9385,98571,4.28506984326948,0.1756526542758879
216,0.1321,81,678,81,143689,461921,9466,98490,4.278789506836119,0.17574601497829273
217,0.1322,58,463,58,144152,461458,9524,98432,4.2745007225165805,0.17580596188537034
218,0.1323,63,535,63,144687,460923,9587,98369,4.269544999814739,0.175881292777297
219,0.1324,50,370,50,145057,460553,9637,98319,4.266117677572344,0.1759240040653316
220,0.1325,31,327,31,145384,460226,9668,98288,4.263088665752714,0.1759812645699123
221,0.1326,81,789,81,146173,459437,9749,98207,4.255780132646634,0.1761105651634376
222,0.1327,55,606,55,146779,458831,9804,98152,4.250166734595576,0.17622081822964075
223,0.1328,38,465,38,147244,458366,9842,98114,4.245859424209863,0.17631181713628521
224,0.1329,68,750,68,147994,457616,9910,98046,4.2389121493941975,0.17644899237306133
225,0.133,63,857,63,148851,456759,9973,97983,4.230973730038164,0.1766280541224569
226,0.1331,40,567,40,149418,456192,10013,97943,4.22572159027752,0.17674934808304835
227,0.1332,66,676,66,150094,455516,10079,97877,4.219459779910334,0.1768670727674546
228,0.1333,74,629,74,150723,454887,10153,97803,4.213633332098262,0.17695815013841393
229,0.1334,48,468,48,151191,454419,10201,97755,4.209298232613287,0.17703658629345098
230,0.1335,93,993,93,152184,453426,10294,97662,4.200100040757346,0.17721670586185873
231,0.1336,52,637,52,152821,452789,10346,97610,4.194199488680574,0.17734407220943352
232,0.1337,72,790,72,153611,451999,10418,97538,4.186881692541406,0.1774912335293165
233,0.1338,115,768,115,154379,451231,10533,97423,4.179767683130164,0.17756728284128065
234,0.1339,97,1006,97,155385,450225,10630,97326,4.170449071844085,0.17774782622988544
235,0.134,48,638,48,156023,449587,10678,97278,4.164539256734225,0.17788302414672724
236,0.1341,102,917,102,156940,448670,10780,97176,4.156045055392938,0.1780282350699648
237,0.1342,113,1418,113,158358,447252,10893,97063,4.142910074474786,0.17832137640888088
238,0.1343,87,1053,87,159411,446199,10980,96976,4.133156100633592,0.17853546278823584
239,0.1344,54,736,54,160147,445463,11034,96922,4.126338508281152,0.1786959447624842
240,0.1345,86,870,86,161017,444593,11120,96836,4.11827966949498,0.17885262887654707
241,0.1346,101,1252,101,162269,443341,11221,96735,4.106682352069361,0.1791136802968471
242,0.1347,68,627,68,162896,442714,11289,96667,4.100874430323465,0.17921840035151404
243,0.1348,124,1255,124,164151,441459,11413,96543,4.089249323798585,0.1794472883000435
244,0.1349,112,1304,112,165455,440155,11525,96431,4.077170328652414,0.17971210579478406
245,0.135,94,986,94,166441,439169,11619,96337,4.068036978028085,0.17989901140229989
246,0.1351,133,1668,133,168109,437501,11752,96204,4.052586238838045,0.18025688348432187
247,0.1352,75,617,75,168726,436884,11827,96129,4.046870947423024,0.1803501978375762
248,0.1353,43,468,43,169194,436416,11870,96086,4.042535847938049,0.1804425147698976
249,0.1354,78,768,78,169962,435648,11948,96008,4.0354218385268075,0.1805829333253081
250,0.1355,70,833,70,170795,434815,12018,95938,4.027705731964875,0.18075828115903256
251,0.1356,90,1040,90,171835,433775,12108,95848,4.018072177553818,0.18097401359079948
252,0.1357,105,813,105,172648,432962,12213,95743,4.010541331653637,0.18108964356304555
253,0.1358,90,805,90,173453,432157,12303,95653,4.0030845900181555,0.18122619882154564
254,0.1359,89,768,89,174221,431389,12392,95564,3.995970580606914,0.1813520370886967
255,0.136,118,1171,118,175392,430218,12510,95446,3.985123568861388,0.18157225908565167
256,0.1361,63,650,63,176042,429568,12573,95383,3.9791025973544776,0.18169886332248153
257,0.1362,71,701,71,176743,428867,12644,95312,3.972609211160102,0.1818310157408061
258,0.1363,77,712,77,177455,428155,12721,95235,3.9660139316017635,0.1819580045472783
259,0.1364,85,697,85,178152,427458,12806,95150,3.9595575975397383,0.18206763004010654
260,0.1365,73,864,73,179016,426594,12879,95077,3.951554336952092,0.18225471609501007
261,0.1366,76,712,76,179728,425882,12955,95001,3.944959057393753,0.18238452781142792
262,0.1367,109,901,109,180629,424981,13064,94892,3.936613064581867,0.182529194630227
263,0.1368,86,809,86,181438,424172,13150,94806,3.9291192708140352,0.18267826381850483
264,0.1369,96,949,96,182387,423223,13246,94710,3.9203286524139465,0.1828614898065966
265,0.137,147,1225,147,183612,421998,13393,94563,3.9089814368816924,0.18306260054475657
266,0.1371,109,1024,109,184636,420974,13502,94454,3.899496091000037,0.1832535291059081
267,0.1372,160,1782,160,186418,419192,13662,94294,3.8829893660380157,0.18363499686456886
268,0.1373,121,1163,121,187581,418029,13783,94173,3.87221645855719,0.1838591024634812
269,0.1374,69,803,69,188384,417226,13852,94104,3.864778242987884,0.18403770559130112
270,0.1375,142,1352,142,189736,415874,13994,93962,3.852254622253511,0.18429848029562448
271,0.1376,85,1092,85,190828,414782,14079,93877,3.8421393901219014,0.18455782754261696
272,0.1377,143,1385,143,192213,413397,14222,93734,3.829310089295639,0.18483192705632273
273,0.1378,85,762,85,192975,412635,14307,93649,3.822251658082923,0.18497325611712004
274,0.1379,105,1143,105,194118,411492,14412,93544,3.811664011263848,0.185222439588465
275,0.138,95,911,95,195029,410581,14507,93449,3.8032253881210862,0.1854036466083368
276,0.1381,136,1444,136,196473,409137,14643,93313,3.789849568342658,0.1857159916409593
277,0.1382,86,890,86,197363,408247,14729,93227,3.781605468894735,0.18590594926157686
278,0.1383,137,1186,137,198549,407061,14866,93090,3.7706195116528956,0.1861237906152342
279,0.1384,116,1163,116,199712,405898,14982,92974,3.75984660417207,0.18636844721692136
280,0.1385,197,1601,197,201313,404297,15179,92777,3.7450164881988957,0.18664625387769226
281,0.1386,80,802,80,202115,403495,15259,92697,3.7375875356626773,0.18681679672384882
282,0.1387,343,3107,343,205222,400388,15602,92354,3.7088072918596464,0.1874287152302828
283,0.1388,187,1871,187,207093,398517,15789,92167,3.6914761569528327,0.1878337178306201
284,0.1389,386,3489,386,210582,395028,16175,91781,3.659157434510356,0.18853595558011457
285,0.139,108,1032,108,211614,393996,16283,91673,3.649597984364,0.1887561281448888
286,0.1391,244,2345,244,213959,391651,16527,91429,3.6278761717736856,0.18926264800861142
287,0.1392,168,1574,168,215533,390077,16695,91261,3.6132961576938754,0.18959857729911206
288,0.1393,140,1353,140,216886,388724,16835,91121,3.6007632739264146,0.18989673748814723
289,0.1394,329,3032,329,219918,385692,17164,90792,3.57267775760495,0.19054574760117862
290,0.1395,166,1362,166,221280,384330,17330,90626,3.5600615065397014,0.19080925390983586
291,0.1396,188,1635,188,222915,382695,17518,90438,3.54491644744155,0.19114709817324094
292,0.1397,293,2674,293,225589,380021,17811,90145,3.5201470969654305,0.19173015488146739
293,0.1398,161,1663,161,227252,378358,17972,89984,3.5047426729408278,0.1921330993163116
294,0.1399,166,1783,166,229035,376575,18138,89818,3.4882266849457184,0.19258007731676932
295,0.14,203,1694,203,230729,374881,18341,89615,3.472535106895402,0.19292954083565844
296,0.1401,148,1232,148,231961,373649,18489,89467,3.461123050131535,0.19318486081240985
297,0.1402,289,2115,289,234076,371534,18778,89178,3.441531735151358,0.19356561148830506
298,0.1403,151,1254,151,235330,370280,18929,89027,3.429915891659565,0.1938289640697834
299,0.1404,237,1981,237,237311,368299,19166,88790,3.4115658231131203,0.19425101019713886
300,0.1405,237,1635,237,238946,366664,19403,88553,3.396420764014969,0.19452920255614356
301,0.1406,288,2223,288,241169,364441,19691,88265,3.375829041461336,0.19497201274116094
302,0.1407,173,1253,173,242422,363188,19864,88092,3.3642224610026306,0.19520475093068604
303,0.1408,262,1994,262,244416,361194,20126,87830,3.3457519730260477,0.19560201681870013
304,0.1409,289,2388,289,246804,358806,20415,87541,3.3236318500129682,0.19612767644904078
305,0.141,316,2263,316,249067,356543,20731,87225,3.302669606135833,0.1965554073299562
306,0.1411,221,1423,221,250490,355120,20952,87004,3.2894883100522434,0.19678642190878576
307,0.1412,253,1840,253,252330,353280,21205,86751,3.272444329171144,0.19714747370071653
308,0.1413,220,1709,220,254039,351571,21425,86531,3.2566138056245135,0.1975133644676354
309,0.1414,231,1742,231,255781,349829,21656,86300,3.240477601985994,0.1978772335708013
310,0.1415,172,1363,172,257144,348466,21828,86128,3.227852087887658,0.19818037064478572
311,0.1416,313,2199,313,259343,346267,22141,85815,3.2074826781281263,0.19860813456704976
312,0.1417,222,1654,222,260997,344613,22363,85593,3.1921616214013118,0.19895817352617118
313,0.1418,140,1019,140,262016,343594,22503,85453,3.1827225906850938,0.19916932177593596
314,0.1419,243,1980,243,263996,341614,22746,85210,3.1643817851717366,0.19963732123779357
315,0.142,204,1633,204,265629,339981,22950,85006,3.1492552521397608,0.20002023591309853
316,0.1421,127,963,127,266592,339018,23077,84879,3.140334951276446,0.2002349627385898
317,0.1422,305,2278,305,268870,336740,23382,84574,3.1192337619029975,0.20073864148829615
318,0.1423,180,1469,180,270339,335271,23562,84394,3.1056263662973804,0.2010984952283369
319,0.1424,163,1283,163,271622,333988,23725,84231,3.0937418948460484,0.20140404907476706
320,0.1425,218,1817,218,273439,332171,23943,84013,3.0769109637259624,0.20186504046287218
321,0.1426,246,1693,246,275132,330478,24189,83767,3.0612286487087332,0.2022160798561238
322,0.1427,177,1395,177,276527,329083,24366,83590,3.048306717551595,0.20255747286592532
323,0.1428,323,2136,323,278663,326947,24689,83267,3.0285208788765794,0.20298429600159917
324,0.1429,276,1904,276,280567,325043,24965,82991,3.010884063877876,0.2033923643617934
325,0.143,252,1889,252,282456,323154,25217,82739,2.9933861943754865,0.20384436292323346
326,0.1431,291,1974,291,284430,321180,25508,82448,2.9751009670606545,0.20426729562864815
327,0.1432,274,1971,274,286401,319209,25782,82174,2.956843528845085,0.20472715585861884
328,0.1433,198,1558,198,287959,317651,25980,81976,2.9424117232946756,0.20513128492319088
329,0.1434,262,1907,262,289866,315744,26242,81714,2.92474711919671,0.20559153419983997
330,0.1435,371,2410,371,292276,313334,26613,81343,2.902423209455704,0.20610017812033637
331,0.1436,269,2074,269,294350,311260,26882,81074,2.883211678832117,0.20664535829165967
332,0.1437,224,1575,224,295925,309685,27106,80850,2.868622401719219,0.20702369826007913
333,0.1438,183,1449,183,297374,308236,27289,80667,2.855200266775353,0.20742190211955167
334,0.1439,299,2173,299,299547,306063,27588,80368,2.8350716958760978,0.20797503305894197
335,0.144,299,2300,299,301847,303763,27887,80069,2.813766719774723,0.2086042852081119
336,0.1441,250,1664,250,303511,302099,28137,79819,2.7983530327170327,0.20899512460790012
337,0.1442,308,2211,308,305722,299888,28445,79511,2.7778724665604506,0.2095709266497803
338,0.1443,245,1831,245,307553,298057,28690,79266,2.760911852977139,0.2100746575215399
339,0.1444,181,1435,181,308988,296622,28871,79085,2.7476194004964984,0.2104964773081151
340,0.1445,331,2161,331,311149,294461,29202,78754,2.727601985994294,0.21101509853569658
341,0.1446,610,3775,610,314924,290686,29812,78144,2.692634036088777,0.211869967193558
342,0.1447,386,2351,386,317275,288335,30198,77758,2.670856645299937,0.2123995815270983
343,0.1448,476,2710,476,319985,285625,30674,77282,2.6457538256326654,0.21295262973709517
344,0.1449,447,2971,447,322956,282654,31121,76835,2.6182333543295417,0.2137339390078695
345,0.145,241,1392,241,324348,281262,31362,76594,2.6053392122716663,0.21403581328802646
346,0.1451,313,1701,313,326049,279561,31675,76281,2.5895827929897366,0.2143676125921055
347,0.1452,368,2393,368,328442,277168,32043,75913,2.567416354811219,0.21500165684361378
348,0.1453,300,1794,300,330236,275374,32343,75613,2.550798473452147,0.21542963129688564
349,0.1454,265,1710,265,331946,273664,32608,75348,2.5349586868724296,0.21588942500544395
350,0.1455,306,1822,306,333768,271842,32914,75042,2.5180814405869056,0.2163316843671083
351,0.1456,366,1994,366,335762,269848,33280,74676,2.4996109526103227,0.21675122778093833
352,0.1457,287,1813,287,337575,268035,33567,74389,2.482817073622587,0.2172423661892858
353,0.1458,276,1645,276,339220,266390,33843,74113,2.4675793841935603,0.21765740683635681
354,0.1459,227,1354,227,340574,265036,34070,73886,2.455037237393012,0.21800296233351626
355,0.146,239,1376,239,341950,263660,34309,73647,2.4422913038645375,0.21833819043186178
356,0.1461,220,1378,220,343328,262282,34529,73427,2.429526844269888,0.2187221671149716
357,0.1462,361,2108,361,345436,260174,34890,73066,2.4100003705213235,0.21925939262993638
358,0.1463,163,1176,163,346612,258998,35053,72903,2.3991070436103596,0.21965284828909826
359,0.1464,243,1468,243,348080,257530,35296,72660,2.3855089110378302,0.22005511977952089
360,0.1465,186,1114,186,349194,256416,35482,72474,2.375189892178295,0.2203593906777342
361,0.1466,269,1555,269,350749,254861,35751,72205,2.360785875727148,0.22076583931072016
362,0.1467,390,2452,390,353201,252409,36141,71815,2.338072918596465,0.22149810007895776
363,0.1468,257,1443,257,354644,250966,36398,71558,2.3247063618511246,0.22186876015428308
364,0.1469,251,1467,251,356111,249499,36649,71307,2.3111174923116824,0.22227452105010506
365,0.147,220,1376,220,357487,248123,36869,71087,2.298371558783208,0.22269665737288932
366,0.1471,267,1687,267,359174,246436,37136,70820,2.282744821964504,0.223226668683965
367,0.1472,207,1148,207,360322,245288,37343,70613,2.2721108599799917,0.22352889038021406
368,0.1473,159,1038,159,361360,244250,37502,70454,2.2624958316351105,0.22387386242310234
369,0.1474,188,1203,188,362563,243047,37690,70266,2.2513524028307828,0.22426774503451818
370,0.1475,262,1352,262,363915,241695,37952,70004,2.2388287820964097,0.22458846515388242
371,0.1476,201,1177,201,365092,240518,38153,69803,2.2279261921523585,0.2249380480212425
372,0.1477,186,1102,186,366194,239416,38339,69617,2.2177183296898737,0.22527367627405487
373,0.1478,245,1381,245,367575,238035,38584,69372,2.2049260809959614,0.2256682508856337
374,0.1479,182,1065,182,368640,236970,38766,69190,2.195060950757716,0.22599294486542984
375,0.148,200,1253,200,369893,235717,38966,68990,2.183454370299011,0.22641422743816192
376,0.1481,273,1454,273,371347,234263,39239,68717,2.1699859201897067,0.2268037494224041
377,0.1482,183,1087,183,372434,233176,39422,68534,2.1599170032235353,0.22715190083192469
378,0.1483,167,1046,167,373480,232130,39589,68367,2.150227870613954,0.22751308665311135
379,0.1484,188,1211,188,374691,230919,39777,68179,2.1390103375449256,0.22794869908859303
380,0.1485,181,1011,181,375702,229908,39958,67998,2.129645411093408,0.22825320738756522
381,0.1486,252,1355,252,377057,228553,40210,67746,2.1170940012597725,0.22864066365394417
382,0.1487,214,1229,214,378286,227324,40424,67532,2.105709733595168,0.2290338334644708
383,0.1488,179,1048,179,379334,226276,40603,67353,2.0960020749194115,0.22938129408198782
384,0.1489,159,809,159,380143,225467,40762,67194,2.0885082811515803,0.2295967006194881
385,0.149,245,1203,245,381346,224264,41007,66949,2.0773648523472525,0.2298970169600945
386,0.1491,161,791,161,382137,223473,41168,66788,2.0700377931749974,0.23009636155046664
387,0.1492,188,847,188,382984,222626,41356,66600,2.0621920041498387,0.23026975444807868
388,0.1493,295,1808,295,384792,220818,41651,66305,2.045444440327541,0.2309289050337312
389,0.1494,131,622,131,385414,220196,41782,66174,2.039682833747082,0.23107867444215524
390,0.1495,363,1825,363,387239,218371,42145,65811,2.022777798362296,0.23158046603936913
391,0.1496,156,823,156,388062,217548,42301,65655,2.0151543221312385,0.23183017129055836
392,0.1497,185,1028,185,389090,216520,42486,65470,2.005631924117233,0.23217135359409907
393,0.1498,237,1360,237,390450,215160,42723,65233,1.9930341991181593,0.23264846126686473
394,0.1499,341,1653,341,392103,213507,43064,64892,1.9777224054244322,0.23308991770803775
395,0.15,255,1250,255,393353,212257,43319,64637,1.9661436140649895,0.233435899658353
396,0.1501,270,1257,270,394610,211000,43589,64367,1.954499981473934,0.23374986835750108
397,0.1502,177,936,177,395546,210064,43766,64190,1.9458297825039832,0.23405310405682322
398,0.1503,412,2081,412,397627,207983,44178,63778,1.926553410648783,0.23468415261939718
399,0.1504,271,1429,271,399056,206554,44449,63507,1.913316536366668,0.23515798282610226
400,0.1505,199,1162,199,400218,205392,44648,63308,1.9025528919189298,0.2356084852995906
401,0.1506,166,825,166,401043,204567,44814,63142,1.8949108896216977,0.23586057995808882
402,0.1507,200,1069,200,402112,203498,45014,62942,1.8850087072511024,0.23623329830355802
403,0.1508,309,1545,309,403657,201953,45323,62633,1.870697321130831,0.2367207637592314
404,0.1509,151,653,151,404310,201300,45474,62482,1.864648560524658,0.23686983948866866
405,0.151,191,894,191,405204,200406,45665,62291,1.8563674089443847,0.23712109388382813
406,0.1511,142,759,142,405963,199647,45807,62149,1.849336766830931,0.23739476538984552
407,0.1512,159,686,159,406649,198961,45966,61990,1.842982326132869,0.23755417683779714
408,0.1513,160,846,160,407495,198115,46126,61830,1.835145800140798,0.2378580084248591
409,0.1514,229,1173,229,408668,196942,46355,61601,1.824280262329097,0.23826210727035735
410,0.1515,162,785,162,409453,196157,46517,61439,1.817008781355367,0.23850913834065746
411,0.1516,124,662,124,410115,195495,46641,61315,1.810876653451406,0.23875627896109963
412,0.1517,143,624,143,410739,194871,46784,61172,1.8050965208047722,0.23891299508285718
413,0.1518,99,572,99,411311,194299,46883,61073,1.7997980658786914,0.2391530786460536
414,0.1519,194,811,194,412122,193488,47077,60879,1.7922857460446848,0.2393352911344632
415,0.152,108,576,108,412698,192912,47185,60771,1.7869502389862537,0.23955487754402147
416,0.1521,206,1024,206,413722,191888,47391,60565,1.7774648931045982,0.23990604191671322
417,0.1522,183,869,183,414591,191019,47574,60382,1.7694153173515135,0.24018201996014335
418,0.1523,192,1041,192,415632,189978,47766,60190,1.7597724999073696,0.2405983179303508
419,0.1524,144,837,144,416469,189141,47910,60046,1.752019341213087,0.24096762672210026
420,0.1525,152,901,152,417370,188240,48062,59894,1.7436733484012006,0.24137764272530166
421,0.1526,166,1010,166,418380,187230,48228,59728,1.7343176849827708,0.24185489030523408
422,0.1527,186,1312,186,419692,185918,48414,59542,1.7221645855718997,0.24257312800456285
423,0.1528,147,669,147,420361,185249,48561,59395,1.715967616436326,0.24278134759078498
424,0.1529,132,636,132,420997,184613,48693,59263,1.7100763273926414,0.24300464170316063
425,0.153,119,589,119,421586,184024,48812,59144,1.704620400904072,0.24322279247269377
426,0.1531,200,885,200,422471,183139,49012,58944,1.6964226166215866,0.24348673801960485
427,0.1532,127,507,127,422978,182632,49139,58817,1.6917262588461965,0.2436000977432087
428,0.1533,113,591,113,423569,182041,49252,58704,1.686251806291452,0.24384307046875325
429,0.1534,92,557,92,424126,181484,49344,58612,1.6810922968616844,0.24411901905904304
430,0.1535,113,505,113,424631,180979,49457,58499,1.6764144651524695,0.2442771361043603
431,0.1536,112,578,112,425209,180401,49569,58387,1.6710604320278633,0.24451396217565372
432,0.1537,135,655,135,425864,179746,49704,58252,1.6649931453555151,0.24475835931394382
433,0.1538,149,781,149,426645,178965,49853,58103,1.6577587165141354,0.24509001636661212
434,0.1539,103,587,103,427232,178378,49956,58000,1.6523213160917412,0.2453697044564215
435,0.154,159,851,159,428083,177527,50115,57841,1.6444384749342325,0.24574708541517964
436,0.1541,108,516,108,428599,177011,50223,57733,1.6396587498610544,0.2459402583239614
437,0.1542,155,942,155,429541,176069,50378,57578,1.6309329726925785,0.2464315826867026
438,0.1543,154,893,154,430434,175176,50532,57424,1.6226610841453926,0.24687876182287188
439,0.1544,175,857,175,431291,174319,50707,57249,1.6147226647893587,0.24722327782767914
440,0.1545,138,706,138,431997,173613,50845,57111,1.6081829634295455,0.24752951578509388
441,0.1546,167,1021,167,433018,172592,51012,56944,1.5987254066471526,0.24808308936288861
442,0.1547,188,1026,188,434044,171566,51200,56756,1.589221534699322,0.24857876157356715
443,0.1548,232,1285,232,435329,170281,51432,56524,1.5773185371818148,0.24921849165582768
444,0.1549,213,1245,213,436574,169036,51645,56311,1.5657860609878098,0.2498857317825398
445,0.155,194,1100,194,437674,167936,51839,56117,1.5555967245915003,0.2504630600795347
446,0.1551,146,740,146,438414,167196,51985,55971,1.5487420801067102,0.2508032101520386
447,0.1552,195,1000,195,439414,166196,52180,55776,1.539479047019156,0.2512749355774602
448,0.1553,161,749,161,440163,165447,52341,55615,1.5325410352365778,0.2515810044240982
449,0.1554,128,778,128,440941,164669,52469,55487,1.5253343954944607,0.2520349206925998
450,0.1555,134,621,134,441562,164048,52603,55353,1.5195820519470895,0.25229146631054555
451,0.1556,126,685,126,442247,163363,52729,55227,1.513236874282115,0.25265108193421476
452,0.1557,132,756,132,443003,162607,52861,55095,1.506234021267924,0.2530753047744164
453,0.1558,150,758,150,443761,161849,53011,54945,1.4992126421875578,0.25344336097862485
454,0.1559,114,659,114,444420,161190,53125,54831,1.4931083033828596,0.2538225450303443
455,0.156,148,674,148,445094,160516,53273,54683,1.4868650190818482,0.25410434063355314
456,0.1561,148,696,148,445790,159820,53421,54535,1.4804179480529105,0.25441440600872384
457,0.1562,198,949,198,446739,158871,53619,54337,1.4716273296528215,0.25485441446850027
458,0.1563,181,1039,181,447778,157832,53800,54156,1.4620030382748528,0.2554672906013548
459,0.1564,165,865,165,448643,156967,53965,53991,1.4539905146541183,0.25593246048976576
460,0.1565,211,961,211,449604,156006,54176,53780,1.4450887398569787,0.25635647755331625
461,0.1566,146,738,146,450342,155268,54322,53634,1.4382526214383637,0.2567423959559985
462,0.1567,189,930,189,451272,154338,54511,53445,1.4296380006669385,0.2572154603600872
463,0.1568,220,1024,220,452296,153314,54731,53225,1.420152654785283,0.25769951437742994
464,0.1569,184,889,184,453185,152425,54915,53041,1.4119178183704473,0.2581497668714045
465,0.157,168,891,168,454076,151534,55083,52873,1.4036644558894364,0.2586653098964321
466,0.1571,146,639,146,454715,150895,55229,52727,1.3977453777464892,0.25894549704845254
467,0.1572,156,840,156,455555,150055,55385,52571,1.389964429952944,0.25944844195710326
468,0.1573,138,649,138,456204,149406,55523,52433,1.3839527214791212,0.25977635640287555
469,0.1574,186,847,186,457051,148559,55709,52247,1.3761069324539628,0.2601864486120933
470,0.1575,141,589,141,457640,147970,55850,52106,1.3706510059653934,0.26043103620624164
471,0.1576,153,744,153,458384,147226,56003,51953,1.363759309348253,0.2608357306744185
472,0.1577,123,487,123,458871,146739,56126,51830,1.3592482122346141,0.2610175807905564
473,0.1578,139,636,139,459507,146103,56265,51691,1.3533569231909297,0.2613375532119276
474,0.1579,159,679,159,460186,145424,56424,51532,1.3470673237244803,0.26164219419565793
475,0.158,196,833,196,461019,144591,56620,51336,1.3393512171625477,0.26201595492198626
476,0.1581,151,630,151,461649,143961,56771,51185,1.3335155063173885,0.2622907976591885
477,0.1582,154,636,154,462285,143325,56925,51031,1.327624217273704,0.2625645722282821
478,0.1583,135,594,135,462879,142731,57060,50896,1.322121975619697,0.26285590336058506
479,0.1584,232,987,232,463866,141744,57292,50664,1.312979361962281,0.2633154546588499
480,0.1585,137,721,137,464587,141023,57429,50527,1.3063007151061543,0.26377969198642653
481,0.1586,162,657,162,465244,140366,57591,50365,1.3002149023676313,0.2640629997221217
482,0.1587,128,506,128,465750,139860,57719,50237,1.295527807625329,0.2642703461916811
483,0.1588,171,641,171,466391,139219,57890,50066,1.2895902034162066,0.26450062075705943
484,0.1589,126,476,126,466867,138743,58016,49940,1.2851809996665309,0.26467673293301464
485,0.159,147,574,147,467441,138169,58163,49793,1.2798640186742747,0.2649099286025899
486,0.1591,127,464,127,467905,137705,58290,49666,1.2755659713216496,0.26506769991087203
487,0.1592,131,585,131,468490,137120,58421,49535,1.2701470969654303,0.26538265784468673
488,0.1593,127,461,127,468951,136659,58548,49408,1.2658768387120678,0.26553875754432543
489,0.1594,138,577,138,469528,136082,58686,49270,1.260532068620549,0.2658185506495749
490,0.1595,123,485,123,470013,135597,58809,49147,1.2560394975730853,0.26602758411639893
491,0.1596,193,798,193,470811,134799,59002,48954,1.248647597169217,0.26641197694731517
492,0.1597,186,836,186,471647,133963,59188,48768,1.2409037015080218,0.2668841083341086
493,0.1598,137,528,137,472175,133435,59325,48631,1.2360128200377931,0.26710643393055267
494,0.1599,152,639,152,472814,132796,59477,48479,1.230093741894846,0.26743345745414426
495,0.16,183,709,183,473523,132087,59660,48296,1.22352625143577,0.2677414168740957
496,0.1601,152,512,152,474035,131575,59812,48144,1.2187835784949423,0.26788486470545686
497,0.1602,111,475,111,474510,131100,59923,48033,1.2143836377783541,0.268141548458408
498,0.1603,123,512,123,475022,130588,60046,47910,1.2096409648375264,0.26840636869880896
499,0.1604,180,776,180,475798,129812,60226,47730,1.2024528511615844,0.26883779612711356
500,0.1605,155,607,155,476405,129205,60381,47575,1.196830190077439,0.26911980993325035
501,0.1606,154,618,154,477023,128587,60535,47421,1.1911056356293304,0.26942525339757284
502,0.1607,192,729,192,477752,127858,60727,47229,1.1843528845085034,0.2697458977536882
503,0.1608,148,440,148,478192,127418,60875,47081,1.1802771499499796,0.26980670376334537
504,0.1609,185,728,185,478920,126690,61060,46896,1.17353366186224,0.27016003594759946
505,0.161,140,622,140,479542,126068,61200,46756,1.1677720552817814,0.27054112854696105
506,0.1611,151,690,151,480232,125378,61351,46605,1.1613805624513691,0.27098608583406497
507,0.1612,110,406,110,480638,124972,61461,46495,1.157619771017822,0.27116004828917517
508,0.1613,104,431,104,481069,124541,61565,46391,1.1536274037570862,0.2714003229354363
509,0.1614,117,377,117,481446,124164,61682,46274,1.1501352402830782,0.2715004869806029
510,0.1615,88,366,88,481812,123798,61770,46186,1.1467449701730335,0.2717079254518072
511,0.1616,83,323,83,482135,123475,61853,46103,1.1437530104857534,0.2718689924400571
512,0.1617,117,519,117,482654,122956,61970,45986,1.1389454963133128,0.2721999266020291
513,0.1618,75,329,75,482983,122627,62045,45911,1.1358979584275075,0.2724074096049556
514,0.1619,127,442,127,483425,122185,62172,45784,1.1318036978028085,0.2725741059362144
515,0.162,75,306,75,483731,121879,62247,45709,1.128969209678017,0.27274625868200586
516,0.1621,106,526,106,484257,121353,62353,45603,1.1240968542739636,0.2731438223244448
517,0.1622,129,476,129,484733,120877,62482,45474,1.1196876505242876,0.2733617471491004
518,0.1623,120,474,120,485207,120403,62602,45354,1.1152969728407869,0.2736174037898852
519,0.1624,136,481,136,485688,119922,62738,45218,1.1108414539256735,0.27381615598885795
520,0.1625,157,645,157,486333,119277,62895,45061,1.104866797584201,0.2741970816244569
521,0.1626,148,596,148,486929,118681,63043,44913,1.0993460298640187,0.27453940853576536
522,0.1627,181,778,181,487707,117903,63224,44732,1.0921393901219014,0.27504534694254007
523,0.1628,178,933,178,488640,116970,63402,44554,1.0834969802512135,0.27583517000569574
524,0.1629,137,584,137,489224,116386,63539,44417,1.0780873689280819,0.27621997102044116
525,0.163,123,572,123,489796,115814,63662,44294,1.0727889140020008,0.27665076073650285
526,0.1631,211,726,211,490522,115088,63873,44083,1.0660639519804365,0.27695371644332195
527,0.1632,168,757,168,491279,114331,64041,43915,1.059051835933158,0.2775109639422165
528,0.1633,135,497,135,491776,113834,64176,43780,1.0544481084886435,0.2777672034210159
529,0.1634,86,334,86,492110,113500,64262,43694,1.0513542554374005,0.27796226319070705
530,0.1635,106,377,106,492487,113123,64368,43588,1.0478620919633925,0.27814256816688043
531,0.1636,82,377,82,492864,112746,64450,43506,1.0443699284893846,0.27843483603409874
532,0.1637,85,346,85,493210,112400,64535,43421,1.0411649190410908,0.2786594874888494
533,0.1638,87,298,87,493508,112102,64622,43334,1.0384045351809996,0.27878998430222085
534,0.1639,119,660,119,494168,111442,64741,43215,1.032290933343214,0.2794247916356841
535,0.164,92,289,92,494457,111153,64833,43123,1.0296139167809106,0.2795185252404781
536,0.1641,86,246,86,494703,110907,64919,43037,1.0273352106413725,0.27956269812399315
537,0.1642,73,320,73,495023,110587,64992,42964,1.024371040053355,0.27980280167501353
538,0.1643,187,701,187,495724,109886,65179,42777,1.0178776538589795,0.2802054197808244
539,0.1644,90,384,90,496108,109502,65269,42687,1.0143206491533587,0.28048676316948007
540,0.1645,152,745,152,496853,108757,65421,42535,1.0074196895031309,0.28114507045977316
541,0.1646,88,336,88,497189,108421,65509,42447,1.0043073103857127,0.28135191027918444
542,0.1647,168,680,168,497869,107741,65677,42279,0.9980084478861758,0.28182242367684307
543,0.1648,209,1007,209,498876,106734,65886,42070,0.9886805735670088,0.28272089459960753
544,0.1649,284,1335,284,500211,105399,66170,41786,0.976314424395124,0.2839012127594524
545,0.165,303,1592,303,501803,103807,66473,41483,0.9615676757197377,0.2855186179365407
546,0.1651,223,928,223,502731,102879,66696,41260,0.9529715810144874,0.2862514655991786
547,0.1652,107,520,107,503251,102359,66803,41153,0.9481548038089592,0.28675650816656445
548,0.1653,158,806,158,504057,101553,66961,40995,0.9406887991403905,0.28758733900159944
549,0.1654,256,1100,256,505157,100453,67217,40739,0.9304994627440809,0.2885361776871211
550,0.1655,247,1100,247,506257,99353,67464,40492,0.9203101263477713,0.28954914369480494
551,0.1656,213,807,213,507064,98546,67677,40279,0.9128348586461151,0.29014226544210336
552,0.1657,260,1165,260,508229,97381,67937,40019,0.9020434250991145,0.2912590975254731
553,0.1658,123,521,123,508750,96860,68060,39896,0.8972173848604987,0.29173125859194476
554,0.1659,182,707,182,509457,96153,68242,39714,0.8906684204675979,0.292300558634547
555,0.166,151,537,151,509994,95616,68393,39563,0.8856941716995813,0.2926711989288277
556,0.1661,216,654,216,510648,94962,68609,39347,0.8796361480603209,0.2929587741700109
557,0.1662,211,722,211,511370,94240,68820,39136,0.8729482381711068,0.293426103646833
558,0.1663,154,467,154,511837,93773,68974,38982,0.8686224017192189,0.29363865767767694
559,0.1664,215,736,215,512573,93037,69189,38767,0.8618048093667791,0.2941261266729386
560,0.1665,168,657,168,513230,92380,69357,38599,0.8557189966282559,0.29469609632078425
561,0.1666,180,568,180,513798,91812,69537,38419,0.8504575938345251,0.29500656525712005
562,0.1667,187,660,187,514458,91152,69724,38232,0.8443439919967394,0.29549248747913187
563,0.1668,154,573,154,515031,90579,69878,38078,0.8390362740375709,0.295965240911882
564,0.1669,173,690,173,515721,89889,70051,37905,0.8326447812071585,0.2966101694915254
565,0.167,179,635,179,516356,89254,70230,37726,0.8267627551965616,0.2971019058119389
566,0.1671,120,513,120,516869,88741,70350,37606,0.8220108192226463,0.29764062462899793
567,0.1672,172,615,172,517484,88126,70522,37434,0.8163140538738004,0.2981363491557821
568,0.1673,140,494,140,517978,87632,70662,37294,0.8117381155285487,0.2985287290075725
569,0.1674,101,415,101,518393,87217,70763,37193,0.8078939567972137,0.2989550679205852
570,0.1675,127,458,127,518851,86759,70890,37066,0.8036514876431139,0.29934181304260044
571,0.1676,180,554,180,519405,86205,71070,36886,0.7985197673126089,0.2996644758755717
572,0.1677,191,781,191,520186,85424,71261,36695,0.7912853384712291,0.30048559192263286
573,0.1678,75,329,75,520515,85095,71336,36620,0.7882378005854237,0.30086677895082775
574,0.1679,128,470,128,520985,84625,71464,36492,0.7838841750342732,0.30129544159779387
575,0.168,196,695,196,521680,83930,71660,36296,0.7774463670384231,0.30189809192687106
576,0.1681,146,595,146,522275,83335,71806,36150,0.7719348623513284,0.30254843704230655
577,0.1682,160,496,160,522771,82839,71966,35990,0.7673403979399014,0.3028721944979761
578,0.1683,111,475,111,523246,82364,72077,35879,0.7629404572233132,0.3034344527794457
579,0.1684,209,590,209,523836,81774,72286,35670,0.7574752677016562,0.3037192193726372
580,0.1685,152,545,152,524381,81229,72438,35518,0.7524269146689392,0.3042305155592863
581,0.1686,102,421,102,524802,80808,72540,35416,0.7485271777390788,0.30472191629955947
582,0.1687,194,698,194,525500,80110,72734,35222,0.7420615806439661,0.30539659418027953
583,0.1688,207,610,207,526110,79500,72941,35015,0.736411130460558,0.30576780334454
584,0.1689,189,588,189,526698,78912,73130,34826,0.7309644670050761,0.30619493924633806
585,0.169,267,760,267,527458,78152,73397,34559,0.7239245618585349,0.3066160357019279
586,0.1691,259,931,259,528389,77221,73656,34300,0.715300678054022,0.3075653912715991
587,0.1692,304,919,304,529308,76302,73960,33996,0.7067879506465597,0.30821955067181633
588,0.1693,188,642,188,529950,75660,74148,33808,0.7008410834043499,0.3088391128000877
589,0.1694,189,589,189,530539,75071,74337,33619,0.6953851569157805,0.30931088416597663
590,0.1695,173,526,173,531065,74545,74510,33446,0.690512801511727,0.3097109944347214
591,0.1696,172,523,172,531588,74022,74682,33274,0.6856682352069362,0.3101140769460185
592,0.1697,183,619,183,532207,73403,74865,33091,0.6799344177257401,0.3107311210021222
593,0.1698,150,442,150,532649,72961,75015,32941,0.6758401571010412,0.31105172706842177
594,0.1699,131,399,131,533048,72562,75146,32810,0.672144206899107,0.31137304027635426
595,0.17,94,313,94,533361,72249,75240,32716,0.6692448775427026,0.3116848473300624
596,0.1701,181,510,181,533871,71739,75421,32535,0.66452073066805,0.3120145002589332
597,0.1702,153,411,153,534282,71328,75574,32382,0.6607136240690652,0.31223604281168643
598,0.1703,105,323,105,534605,71005,75679,32277,0.6577216643817851,0.31251331306520014
599,0.1704,94,275,94,534880,70730,75773,32183,0.6551743302827078,0.3127204531983326
600,0.1705,174,570,174,535450,70160,75947,32009,0.6498944014228019,0.3132946392741438
601,0.1706,125,382,125,535832,69778,76072,31884,0.6463559227833562,0.3136275107709862
602,0.1707,138,401,138,536233,69377,76210,31746,0.6426414465152469,0.3139345153921462
603,0.1708,112,330,112,536563,69047,76322,31634,0.6395846455963541,0.3142002959843466
604,0.1709,163,423,163,536986,68624,76485,31471,0.6356663826003186,0.3144113092562066
605,0.171,149,433,149,537419,68191,76634,31322,0.6316554892734076,0.31475284636178186
606,0.1711,83,313,83,537732,67878,76717,31239,0.6287561599170032,0.3151729773903568
607,0.1712,92,401,92,538133,67477,76809,31147,0.625041683648894,0.31581562297209603
608,0.1713,106,366,106,538499,67111,76915,31041,0.6216514135388491,0.31625438096014347
609,0.1714,104,364,104,538863,66747,77019,30937,0.6182796694949795,0.3167048851398387
610,0.1715,119,401,119,539264,66346,77138,30818,0.6145651932268702,0.3171750854225845
611,0.1716,91,300,91,539564,66046,77229,30727,0.6117862833006039,0.3175162493670755
612,0.1717,99,249,99,539813,65797,77328,30628,0.6094797880618029,0.31763546798029557
613,0.1718,103,325,103,540138,65472,77431,30525,0.6064693023083478,0.3179786868339636
614,0.1719,95,270,95,540408,65202,77526,30430,0.6039682833747082,0.31819892922871007
615,0.172,71,205,71,540613,64997,77597,30359,0.6020693615917596,0.31837535131507194
616,0.1721,120,326,120,540939,64671,77717,30239,0.599049612805217,0.31860710146454535
617,0.1722,104,342,104,541281,64329,77821,30135,0.5958816554892734,0.3190104166666667
618,0.1723,90,286,90,541567,64043,77911,30045,0.5932324280262329,0.3193287135447666
619,0.1724,69,250,69,541817,63793,77980,29976,0.5909166697543443,0.3196792116797662
620,0.1725,82,218,82,542035,63575,78062,29894,0.5888973285412575,0.3198279643518172
621,0.1726,102,260,102,542295,63315,78164,29792,0.5864889399384935,0.3199759416585219
622,0.1727,112,314,112,542609,63001,78276,29680,0.5835803475490015,0.3202382365317595
623,0.1728,87,215,87,542824,62786,78363,29593,0.5815887954351773,0.3203433680814904
624,0.1729,75,199,75,543023,62587,78438,29518,0.579745451850754,0.3204820585201672
625,0.173,53,180,53,543203,62407,78491,29465,0.5780781058949943,0.32071795541623127
626,0.1731,61,192,61,543395,62215,78552,29404,0.5762996035421839,0.3209377967452166
627,0.1732,52,161,52,543556,62054,78604,29352,0.5748082552150876,0.32111677570400193
628,0.1733,112,268,112,543824,61786,78716,29240,0.5723257623476231,0.32122690220376593
629,0.1734,49,160,49,543984,61626,78765,29191,0.5708436770536144,0.321426605151018
630,0.1735,67,179,67,544163,61447,78832,29124,0.5691855941309423,0.321559881198176
631,0.1736,65,183,65,544346,61264,78897,29059,0.5674904590759198,0.3217231491425218
632,0.1737,41,162,41,544508,61102,78938,29018,0.565989847715736,0.32199289835774525
633,0.1738,50,174,50,544682,60928,78988,28968,0.5643780799585016,0.32223903177004537
634,0.1739,72,189,72,544871,60739,79060,28896,0.5626273667049538,0.32237407262787976
635,0.174,55,210,55,545081,60529,79115,28841,0.5606821297565675,0.3227145574577599
636,0.1741,68,198,68,545279,60331,79183,28773,0.5588480492052318,0.32291479619321245
637,0.1742,61,247,61,545526,60084,79244,28712,0.5565600800326059,0.32334789855398893
638,0.1743,79,218,79,545744,59866,79323,28633,0.554540738819519,0.3235403789873332
639,0.1744,87,284,87,546028,59582,79410,28546,0.5519100374226537,0.3239152142338417
640,0.1745,73,225,73,546253,59357,79483,28473,0.549825854977954,0.3241830809518388
641,0.1746,89,255,89,546508,59102,79572,28384,0.5474637815406277,0.3244404819056763
642,0.1747,77,216,77,546724,58886,79649,28307,0.5454629663937159,0.32464762079524734
643,0.1748,40,165,40,546889,58721,79689,28267,0.5439345659342695,0.3249528670621235
644,0.1749,52,176,52,547065,58545,79741,28215,0.54230427211086,0.32520746887966806
645,0.175,63,162,63,547227,58383,79804,28152,0.5408036607506762,0.32532501300052
646,0.1751,39,158,39,547385,58225,79843,28113,0.5393401015228426,0.3256156037897565
647,0.1752,69,219,69,547604,58006,79912,28044,0.5373114972766683,0.32590354445090064
648,0.1753,68,191,68,547795,57815,79980,27976,0.5355422579569454,0.32609481181009664
649,0.1754,38,138,38,547933,57677,80018,27938,0.5342639593908629,0.3263213221982129
650,0.1755,39,111,39,548044,57566,80057,27899,0.5332357627181444,0.3264377230445211
651,0.1756,40,128,40,548172,57438,80097,27859,0.5320500944829375,0.32661172139700106
652,0.1757,39,114,39,548286,57324,80136,27820,0.5309941087109563,0.3267405806633468
653,0.1758,34,138,34,548424,57186,80170,27786,0.5297158101448738,0.3270018358988843
654,0.1759,37,142,37,548566,57044,80207,27749,0.5284004594464411,0.3272557876239784
655,0.176,39,166,39,548732,56878,80246,27710,0.5268627959539072,0.3275878375183241
656,0.1761,44,193,44,548925,56685,80290,27666,0.5250750305680092,0.327986627307323
657,0.1762,61,185,61,549110,56500,80351,27605,0.5233613694468117,0.32822067653528325
658,0.1763,57,239,57,549349,56261,80408,27548,0.5211475045388863,0.32869978164636254
659,0.1764,46,145,46,549494,56116,80454,27502,0.5198043647411908,0.32890047597407257
660,0.1765,37,131,37,549625,55985,80491,27465,0.5185909074067212,0.32911923307369684
661,0.1766,64,199,64,549824,55786,80555,27401,0.516747563822298,0.3293904095591859
662,0.1767,55,183,55,550007,55603,80610,27346,0.5150524287672755,0.3296724493363392
663,0.1768,47,126,47,550133,55477,80657,27299,0.5138852865982437,0.3297936599980671
664,0.1769,41,208,41,550341,55269,80698,27258,0.5119585757160324,0.3302919044676288
665,0.177,29,148,29,550489,55121,80727,27229,0.5105876468190744,0.33064966605950213
666,0.1771,43,147,43,550636,54974,80770,27186,0.509225980955204,0.33089094449853945
667,0.1772,25,117,25,550753,54857,80795,27161,0.5081422060839601,0.33115901387500307
668,0.1773,38,105,38,550858,54752,80833,27123,0.5071695876097669,0.3312732824427481
669,0.1774,20,101,20,550959,54651,80853,27103,0.5062340212679239,0.3315189470851579
670,0.1775,30,134,30,551093,54517,80883,27073,0.5049927748341917,0.3318176247089104
671,0.1776,44,101,44,551194,54416,80927,27029,0.5040572084923487,0.33186813186813185
672,0.1777,28,143,28,551337,54273,80955,27001,0.5027325947608284,0.33222186677166127
673,0.1778,38,66,38,551403,54207,80993,26963,0.5021212345770499,0.3321793766169767
674,0.1779,20,79,20,551482,54128,81013,26943,0.5013894549631331,0.3323383207312109
675,0.178,29,101,29,551583,54027,81042,26914,0.5004538886212901,0.3325138063527755
676,0.1781,38,149,38,551732,53878,81080,26876,0.4990736966912446,0.33281323525769624
677,0.1782,46,137,46,551869,53741,81126,26830,0.4978046611582497,0.33299822516786437
678,0.1783,28,92,28,551961,53649,81154,26802,0.4969524621141947,0.3331468844389753
679,0.1784,37,101,37,552062,53548,81191,26765,0.4960168957723517,0.33325862562723346
680,0.1785,23,113,23,552175,53435,81214,26742,0.4949701730334581,0.3335370492784714
681,0.1786,36,100,36,552275,53335,81250,26706,0.49404386972470266,0.33365400232380904
682,0.1787,45,124,45,552399,53211,81295,26661,0.49289525362184594,0.3337965745192308
683,0.1788,23,105,23,552504,53106,81318,26638,0.4919226351476527,0.33404394060995185
684,0.1789,22,99,22,552603,53007,81340,26616,0.49100559487198486,0.33427527222033837
685,0.179,36,135,36,552738,52872,81376,26580,0.48975508540516505,0.3345416100286966
686,0.1791,15,113,15,552851,52759,81391,26565,0.48870836266627143,0.3348923402753265
687,0.1792,46,171,46,553022,52588,81437,26519,0.48712438400829966,0.3352294992857775
688,0.1793,38,120,38,553142,52468,81475,26481,0.48601282003779317,0.33541906800592786
689,0.1794,26,102,26,553244,52366,81501,26455,0.48506799066286266,0.33563390467007526
690,0.1795,52,141,52,553385,52225,81553,26403,0.48376190299751753,0.33579640840413083
691,0.1796,56,179,56,553564,52046,81609,26347,0.4821038200748453,0.33608868138736875
692,0.1797,37,147,37,553711,51899,81646,26310,0.4807421542109748,0.3364062959505939
693,0.1798,31,88,31,553799,51811,81677,26279,0.47992700729927007,0.3365219618389038
694,0.1799,36,171,36,553970,51640,81713,26243,0.4783430286412983,0.3369541491724767
695,0.18,38,124,38,554094,51516,81751,26205,0.4771944125384416,0.3371675608908789
696,0.1801,35,118,35,554212,51398,81786,26170,0.4761013746341102,0.3373813943894389
697,0.1802,31,131,31,554343,51267,81817,26139,0.4748879172996406,0.33768700100767385
698,0.1803,42,126,42,554469,51141,81859,26097,0.4737207751306088,0.3378777285791968
699,0.1804,26,117,26,554586,51024,81885,26071,0.47263700025936495,0.3381671963162332
700,0.1805,37,92,37,554678,50932,81922,26034,0.47178480121530997,0.3382532546838864
701,0.1806,29,96,29,554774,50836,81951,26005,0.47089555003890476,0.3384261006493929
702,0.1807,36,78,36,554852,50758,81987,25969,0.47017303345807554,0.33845973386161327
703,0.1808,29,147,29,554999,50611,82016,25940,0.46881136759420505,0.3388590612794085
704,0.1809,44,161,44,555160,50450,82060,25896,0.4673200192671088,0.3391926230581825
705,0.181,29,112,29,555272,50338,82089,25867,0.46628255956130277,0.3394396693130372
706,0.1811,21,90,21,555362,50248,82110,25846,0.46544888658342287,0.33965884300996135
707,0.1812,18,88,18,555450,50160,82128,25828,0.4646337396717181,0.33989577301679214
708,0.1813,26,81,26,555531,50079,82154,25802,0.46388343399162624,0.3400324191826676
709,0.1814,40,92,40,555623,49987,82194,25762,0.46303123494757126,0.3400968989689633
710,0.1815,26,119,26,555742,49868,82220,25736,0.4619289340101523,0.34040526956245704
711,0.1816,24,83,24,555825,49785,82244,25712,0.46116010226388526,0.34056982396651525
712,0.1817,38,107,38,555932,49678,82282,25674,0.460168957723517,0.340720883320947
713,0.1818,27,89,27,556021,49589,82309,25647,0.4593445477787247,0.34088734116646285
714,0.1819,19,80,19,556101,49509,82328,25628,0.4586035051317203,0.3410836205863955
715,0.182,28,100,28,556201,49409,82356,25600,0.4576772018229649,0.34129237824794356
716,0.1821,27,140,27,556341,49269,82383,25573,0.45638037719070734,0.3416931669383501
717,0.1822,32,88,32,556429,49181,82415,25541,0.45556523027900253,0.3418136559513932
718,0.1823,29,88,29,556517,49093,82444,25512,0.4547500833672978,0.34196099457140944
719,0.1824,24,107,24,556624,48986,82468,25488,0.45375893882692947,0.3422402449176894
720,0.1825,23,101,23,556725,48885,82491,25465,0.45282337248508653,0.3425016812373907
721,0.1826,24,94,24,556819,48791,82515,25441,0.4519526473748564,0.3427228149585085
722,0.1827,24,108,24,556927,48683,82539,25417,0.4509522398014006,0.34300944669365724
723,0.1828,26,74,26,557001,48609,82565,25391,0.45026677535292153,0.34312162162162163
724,0.1829,29,77,29,557078,48532,82594,25362,0.4495535218051799,0.3432213711532736
725,0.183,31,103,31,557181,48429,82625,25331,0.4485994293971618,0.3434246203904555
726,0.1831,39,92,39,557273,48337,82664,25292,0.4477472303531068,0.343505955533825
727,0.1832,27,110,27,557383,48227,82691,25265,0.44672829671347586,0.3437789147118054
728,0.1833,19,74,19,557457,48153,82710,25246,0.44604283226499686,0.343955639722612
729,0.1834,29,85,29,557542,48068,82739,25217,0.44525547445255476,0.3440949716858839
730,0.1835,28,99,28,557641,47969,82767,25189,0.4443384341768869,0.3443095765329834
731,0.1836,38,111,38,557752,47858,82805,25151,0.44331023750416837,0.34449177498664546
732,0.1837,22,78,22,557830,47780,82827,25129,0.44258772092333915,0.34466252451686347
733,0.1838,27,80,27,557910,47700,82854,25102,0.4418466782763348,0.34479821982912556
734,0.1839,23,85,23,557995,47615,82877,25079,0.4410593204638927,0.3449940847937932
735,0.184,22,115,22,558110,47500,82899,25057,0.439994071658824,0.34534228261918215
736,0.1841,24,76,24,558186,47424,82923,25033,0.43929008114416984,0.3454876685482424
737,0.1842,16,84,16,558270,47340,82939,25017,0.4385119863648153,0.3457440192379452
738,0.1843,19,102,19,558372,47238,82958,24998,0.43756715698988474,0.34606013622016724
739,0.1844,21,69,21,558441,47169,82979,24977,0.43692800770684354,0.34620075957087015
740,0.1845,24,70,24,558511,47099,83003,24953,0.43627959539071476,0.3463193249319936
741,0.1846,18,62,18,558573,47037,83021,24935,0.4357052873392864,0.34645417662424277
742,0.1847,28,73,28,558646,46964,83049,24907,0.43502908592389494,0.3465514602551794
743,0.1848,21,88,21,558734,46876,83070,24886,0.43421393901219013,0.3467852066553329
744,0.1849,19,87,19,558821,46789,83089,24867,0.43340805513357294,0.3470330467790555
745,0.185,14,54,14,558875,46735,83103,24853,0.432907851346845,0.34716712298150526
746,0.1851,15,65,15,558940,46670,83118,24838,0.43230575419615397,0.34734575152430497
747,0.1852,23,85,23,559025,46585,83141,24815,0.43151839638371187,0.3475490196078431
748,0.1853,8,72,8,559097,46513,83149,24807,0.430851458001408,0.3478266965787998
749,0.1854,26,80,26,559177,46433,83175,24781,0.43011041535440364,0.3479793299070407
750,0.1855,30,72,30,559249,46361,83205,24751,0.4294434769720997,0.3480565867926651
751,0.1856,20,83,20,559332,46278,83225,24731,0.42867464522583276,0.3482797955188779
752,0.1857,19,82,19,559414,46196,83244,24712,0.4279150765126533,0.34850792576296047
753,0.1858,23,87,23,559501,46109,83267,24689,0.4271091926340361,0.34872454024124977
754,0.1859,27,81,27,559582,46028,83294,24662,0.4263588869539442,0.348875371339652
755,0.186,25,104,25,559686,45924,83319,24637,0.42539553151283854,0.3491588838026672
756,0.1861,16,79,16,559765,45845,83335,24621,0.4246637518989218,0.3494025487469134
757,0.1862,10,73,10,559838,45772,83345,24611,0.4239875504835303,0.34967250614494977
758,0.1863,23,68,23,559906,45704,83368,24588,0.4233576642335766,0.3497979855460081
759,0.1864,19,71,19,559977,45633,83387,24569,0.4226999888843603,0.3499757841656933
760,0.1865,15,46,15,560023,45587,83402,24554,0.4222738893623328,0.3500662950342881
761,0.1866,15,38,15,560061,45549,83417,24539,0.42192189410500575,0.3501169957767378
762,0.1867,24,60,24,560121,45489,83441,24515,0.4213661121197525,0.3501942746128793
763,0.1868,12,44,12,560165,45445,83453,24503,0.4209585386639001,0.3503030822897009
764,0.1869,19,68,19,560233,45377,83472,24484,0.4203286524139464,0.35046735660812184
765,0.187,13,48,13,560281,45329,83485,24471,0.41988402682574383,0.35058739255014326
766,0.1871,11,54,11,560335,45275,83496,24460,0.4193838230390159,0.3507564350756435
767,0.1872,20,59,20,560394,45216,83516,24440,0.4188373040868502,0.35086711841047435
768,0.1873,15,76,15,560470,45140,83531,24425,0.4181333135721961,0.3511104722202257
769,0.1874,11,68,11,560538,45072,83542,24414,0.4175034273222424,0.35135135135135137
770,0.1875,21,72,21,560610,45000,83563,24393,0.4168364889399385,0.35151960572392027
771,0.1876,25,62,25,560672,44938,83588,24368,0.41626218088851014,0.35160015005915796
772,0.1877,14,75,14,560747,44863,83602,24354,0.41556745340694357,0.3518499790513891
773,0.1878,22,85,22,560832,44778,83624,24332,0.41478009559450146,0.35207639994212125
774,0.1879,15,62,15,560894,44716,83639,24317,0.4142057875430731,0.3522518215925717
775,0.188,13,73,13,560967,44643,83652,24304,0.41352958612768165,0.35250264696070893
776,0.1881,21,97,21,561064,44546,83673,24283,0.4126310719181889,0.3528018713042468
777,0.1882,12,28,12,561092,44518,83685,24271,0.41237170699173736,0.3528325749756502
778,0.1883,15,70,15,561162,44448,83700,24256,0.4117232946756086,0.35305076851420586
779,0.1884,19,57,19,561219,44391,83719,24237,0.411195301789618,0.35316488896660253
780,0.1885,16,65,16,561284,44326,83735,24221,0.41059320463892696,0.3533487971756605
781,0.1886,20,67,20,561351,44259,83755,24201,0.40997258142206083,0.3535056967572305
782,0.1887,15,52,15,561403,44207,83770,24186,0.40949090370150804,0.35363268170719225
783,0.1888,14,42,14,561445,44165,83784,24172,0.40910185631183077,0.3537176053967836
784,0.1889,8,44,8,561489,44121,83792,24164,0.40869428285597836,0.35386981035366477
785,0.189,17,59,17,561548,44062,83809,24147,0.4081477639038127,0.35401486607339205
786,0.1891,13,63,13,561611,43999,83822,24134,0.40756419281929673,0.35421895410447213
787,0.1892,14,50,14,561661,43949,83836,24120,0.407101041164919,0.35434632505252023
788,0.1893,13,48,13,561709,43901,83849,24107,0.40665641557671645,0.3544730031760969
789,0.1894,22,53,22,561762,43848,83871,24085,0.4061654748230761,0.35454050314280244
790,0.1895,22,43,22,561805,43805,83893,24063,0.40576716440031124,0.35455590263452585
791,0.1896,28,120,28,561925,43685,83921,24035,0.40465560042980475,0.35491730655640874
792,0.1897,10,61,10,561986,43624,83931,24025,0.40409055541146394,0.3551419828822303
793,0.1898,19,59,19,562045,43565,83950,24006,0.4035440364592982,0.3552707522457859
794,0.1899,9,46,9,562091,43519,83959,23997,0.4031179369372707,0.3554268617809112
795,0.19,19,48,19,562139,43471,83978,23978,0.40267331134906814,0.3554982282910051
796,0.1901,15,73,15,562212,43398,83993,23963,0.4019971099336767,0.35573996823087545
797,0.1902,23,53,23,562265,43345,84016,23940,0.4015061691800363,0.3557999554135394
798,0.1903,16,53,16,562318,43292,84032,23924,0.4010152284263959,0.3559271601999524
799,0.1904,20,54,20,562372,43238,84052,23904,0.40051502463966804,0.35602156623276043
800,0.1905,16,59,16,562431,43179,84068,23888,0.3999685056875023,0.3561811323005353
801,0.1906,7,45,7,562476,43134,84075,23881,0.3995516691985624,0.35635305528613
802,0.1907,11,57,11,562533,43077,84086,23870,0.3990236763125718,0.35655070428846697
803,0.1908,13,62,13,562595,43015,84099,23857,0.3984493682611434,0.3567561909319297
804,0.1909,11,39,11,562634,42976,84110,23846,0.3980881099707288,0.35685851964921733
805,0.191,12,69,12,562703,42907,84122,23834,0.3974489606876876,0.35711182032034283
806,0.1911,11,34,11,562737,42873,84133,23823,0.3971340175627107,0.3571878373515653
807,0.1912,16,58,16,562795,42815,84149,23807,0.3965967616436326,0.3573444207619105
808,0.1913,21,81,21,562876,42734,84170,23786,0.3958464559635407,0.35757666867107635
809,0.1914,18,60,18,562936,42674,84188,23768,0.39529067397828743,0.35772553505312904
810,0.1915,30,64,30,563000,42610,84218,23738,0.39469783986068396,0.3577801893048773
811,0.1916,26,55,26,563055,42555,84244,23712,0.3941883730408685,0.35782516184526236
812,0.1917,13,52,13,563107,42503,84257,23699,0.39370669532031566,0.357980121446482
813,0.1918,9,39,9,563146,42464,84266,23690,0.39334543702990105,0.3581038183632131
814,0.1919,10,49,10,563195,42415,84276,23680,0.3928915484086109,0.35827218397760796
815,0.192,15,59,15,563254,42356,84291,23665,0.3923450294564452,0.358446554884052
816,0.1921,14,41,14,563295,42315,84305,23651,0.3919652450998555,0.3585331837613316
817,0.1922,9,30,9,563325,42285,84314,23642,0.3916873541072289,0.3586087642392343
818,0.1923,19,50,19,563375,42235,84333,23623,0.39122420245285117,0.3586959822648729
819,0.1924,19,46,19,563421,42189,84352,23604,0.3907981029308237,0.35876157037982764
820,0.1925,17,45,17,563466,42144,84369,23587,0.39038126644188376,0.3588413381813756
821,0.1926,1,28,1,563494,42116,84370,23586,0.3901219015154322,0.3589845057989102
822,0.1927,13,36,13,563530,42080,84383,23573,0.3897884323242803,0.3590544224940216
823,0.1928,12,66,12,563596,42014,84395,23561,0.3891770721405017,0.35929851315287836
824,0.1929,6,44,6,563640,41970,84401,23555,0.38876949868464933,0.35948111407859595
825,0.193,16,33,16,563673,41937,84417,23539,0.38846381859276,0.3595057731077036
826,0.1931,12,52,12,563725,41885,84429,23527,0.38798214087220717,0.3596740659206262
827,0.1932,7,39,7,563764,41846,84436,23520,0.38762088258179256,0.3598200899550225
828,0.1933,21,42,21,563806,41804,84457,23499,0.3872318351921153,0.35984564261978774
829,0.1934,16,56,16,563862,41748,84473,23483,0.38671310533921227,0.35999754717848875
830,0.1935,9,33,9,563895,41715,84482,23474,0.38640742524732297,0.3600914264676556
831,0.1936,14,22,14,563917,41693,84496,23460,0.38620363851939676,0.3600755145580403
832,0.1937,10,58,10,563975,41635,84506,23450,0.38566638260031866,0.36029807175232387
833,0.1938,8,30,8,564005,41605,84514,23442,0.385388491607692,0.3603855673589866
834,0.1939,10,28,10,564033,41577,84524,23432,0.3851291266812405,0.36044240028303776
835,0.194,17,37,17,564070,41540,84541,23415,0.384786394457001,0.36048033253791084
836,0.1941,12,25,12,564095,41515,84553,23403,0.38455481862981217,0.3605009396469392
837,0.1942,13,50,13,564145,41465,84566,23390,0.38409166697543445,0.3606506822912651
838,0.1943,7,38,7,564183,41427,84573,23383,0.38373967171810736,0.360793087486499
839,0.1944,11,56,11,564239,41371,84584,23372,0.38322094186520433,0.36099655561218974
840,0.1945,18,60,18,564299,41311,84602,23354,0.3826651598799511,0.3611536379803603
841,0.1946,8,38,8,564337,41273,84610,23346,0.38231316462262405,0.36128692799331463
842,0.1947,18,40,18,564377,41233,84628,23328,0.38194264329912186,0.36133269311194066
843,0.1948,17,76,17,564453,41157,84645,23311,0.3812386527844677,0.3615902463237575
844,0.1949,11,45,11,564498,41112,84656,23300,0.3808218162955278,0.3617338384152021
845,0.195,18,59,18,564557,41053,84674,23282,0.38027529734336213,0.3618869977461724
846,0.1951,9,47,9,564604,41006,84683,23273,0.37983993478824707,0.3620622598360273
847,0.1952,15,37,15,564641,40969,84698,23258,0.37949720256400754,0.36212184906659195
848,0.1953,12,41,12,564682,40928,84710,23246,0.37911741820741784,0.3622339265122947
849,0.1954,8,33,8,564715,40895,84718,23238,0.37881173811552854,0.3623407606068639
850,0.1955,10,19,10,564734,40876,84728,23228,0.37863574048686505,0.36234868338949205
851,0.1956,5,49,5,564783,40827,84733,23223,0.37818185186557485,0.36257611241217796
852,0.1957,15,34,15,564817,40793,84748,23208,0.37786690874059803,0.3626193340729051
853,0.1958,12,55,12,564872,40738,84760,23196,0.3773574419207825,0.3628116495135609
854,0.1959,9,32,9,564904,40706,84769,23187,0.3770610248619808,0.3629036044637128
855,0.196,8,42,8,564946,40664,84777,23179,0.3766719774723035,0.3630625127265323
856,0.1961,11,37,11,564983,40627,84788,23168,0.37632924524806405,0.3631632573085665
857,0.1962,11,46,11,565029,40581,84799,23157,0.37590314572603656,0.36331544761366846
858,0.1963,13,46,13,565075,40535,84812,23144,0.37547704620400907,0.36344791846605634
859,0.1964,11,40,11,565115,40495,84823,23133,0.3751065248805069,0.36356635443515434
860,0.1965,17,59,17,565174,40436,84840,23116,0.37456000592834116,0.36373363544813697
861,0.1966,11,49,11,565223,40387,84851,23105,0.374106117307051,0.3639041139041139
862,0.1967,15,65,15,565288,40322,84866,23090,0.37350402015636,0.36412666372295466
863,0.1968,19,47,19,565335,40275,84885,23071,0.37306865760124497,0.3642061061471916
864,0.1969,11,57,11,565392,40218,84896,23060,0.3725406647152544,0.36442365435064317
865,0.197,22,76,22,565468,40142,84918,23038,0.37183667420060024,0.3646407090851535
866,0.1971,8,45,8,565513,40097,84926,23030,0.3714198377116603,0.36482012451090656
867,0.1972,16,47,16,565560,40050,84942,23014,0.37098447515654526,0.364930863884308
868,0.1973,16,35,16,565595,40015,84958,22998,0.37066026899848087,0.3649723073016679
869,0.1974,16,56,16,565651,39959,84974,22982,0.37014153914557785,0.3651356031839342
870,0.1975,19,67,19,565718,39892,84993,22963,0.3695209159287117,0.3653329090764458
871,0.1976,4,32,4,565750,39860,84997,22959,0.36922449886991,0.3654785972396886
872,0.1977,13,53,13,565803,39807,85010,22946,0.36873355811626957,0.3656558252195114
873,0.1978,6,27,6,565830,39780,85016,22940,0.3684834562229056,0.36575255102040816
874,0.1979,9,29,9,565859,39751,85025,22931,0.36821482826336654,0.3658307009986918
875,0.198,7,33,7,565892,39718,85032,22924,0.3679091481714773,0.36595255579323777
876,0.1981,16,105,16,565997,39613,85048,22908,0.3669365296972841,0.36640488795764625
877,0.1982,7,55,7,566052,39558,85055,22901,0.3664270628774686,0.36665652668150306
878,0.1983,9,45,9,566097,39513,85064,22892,0.36601022638852865,0.36682958096306384
879,0.1984,15,43,15,566140,39470,85079,22877,0.3656119159657638,0.3669302452403484
880,0.1985,18,43,18,566183,39427,85097,22859,0.365213605542999,0.3670006100889445
881,0.1986,12,58,12,566241,39369,85109,22847,0.36467634962392087,0.36722065063649223
882,0.1987,19,71,19,566312,39298,85128,22828,0.3640186742747045,0.36744680166114024
883,0.1988,15,62,15,566374,39236,85143,22813,0.36344436622327614,0.3676610420796467
884,0.1989,26,72,26,566446,39164,85169,22787,0.3627774278409722,0.3678229568529967
885,0.199,22,109,22,566555,39055,85191,22765,0.36176775723442883,0.3682465221611129
886,0.1991,12,55,12,566610,39000,85203,22753,0.3612582904146134,0.36845173513837387
887,0.1992,10,31,10,566641,38969,85213,22743,0.36097113638889916,0.36853448275862066
888,0.1993,13,52,13,566693,38917,85226,22730,0.36048945866834636,0.3687121838856717
889,0.1994,19,54,19,566747,38863,85245,22711,0.3599892548816184,0.36884074447006854
890,0.1995,24,79,24,566826,38784,85269,22687,0.35925747526770163,0.3690683411690065
891,0.1996,8,72,8,566898,38712,85277,22679,0.35859053688539777,0.36941897020735937
892,0.1997,18,89,18,566987,38623,85295,22661,0.35776612694060544,0.3697702499836825
893,0.1998,14,99,14,567086,38524,85309,22647,0.3568490866649376,0.3702244527635644
894,0.1999,17,61,17,567147,38463,85326,22630,0.35628404164659677,0.370418869592261
895,0.2,9,51,9,567198,38412,85335,22621,0.3558116269591315,0.3706355578129864
896,0.2001,16,46,16,567244,38366,85351,22605,0.355385527437104,0.3707500287021699
897,0.2002,7,37,7,567281,38329,85358,22598,0.3550427952128645,0.3709028837789486
898,0.2003,27,87,27,567368,38242,85385,22571,0.3542369113342473,0.3711541940045714
899,0.2004,18,56,18,567424,38186,85403,22553,0.35371818148134426,0.37131003144602315
900,0.2005,21,66,21,567490,38120,85424,22532,0.35310682129756565,0.37149640572446085
901,0.2006,22,57,22,567547,38063,85446,22510,0.35257882841157506,0.3716177174648771
902,0.2007,23,59,23,567606,38004,85469,22487,0.3520323094594094,0.37174125076457654
903,0.2008,26,74,26,567680,37930,85495,22461,0.3513468450109304,0.37192628040602077
904,0.2009,6,51,6,567731,37879,85501,22455,0.3508744303234651,0.37217820797560247
905,0.201,16,60,16,567791,37819,85517,22439,0.35031864833821186,0.3723820903448505
906,0.2011,19,71,19,567862,37748,85536,22420,0.3496609729889955,0.3726233213668395
907,0.2012,32,71,32,567933,37677,85568,22388,0.34900329763977916,0.37272954299508865
908,0.2013,15,51,15,567984,37626,85583,22373,0.3485308829523139,0.372889548159136
909,0.2014,15,44,15,568028,37582,85598,22358,0.34812330949646153,0.37300633967300634
910,0.2015,18,81,18,568109,37501,85616,22340,0.34737300381636965,0.3733226383248943
911,0.2016,19,55,19,568164,37446,85635,22321,0.34686353699655414,0.3734669633744374
912,0.2017,16,42,16,568206,37404,85651,22305,0.3464744896068769,0.3735617746068432
913,0.2018,31,83,31,568289,37321,85682,22274,0.34570565786060986,0.37375618759963086
914,0.2019,25,55,25,568344,37266,85707,22249,0.3451961910407944,0.3738385281021591
915,0.202,20,80,20,568424,37186,85727,22229,0.34445514839379004,0.37413111167213664
916,0.2021,11,55,11,568479,37131,85738,22218,0.3439456815739746,0.3743618258100389
917,0.2022,12,34,12,568513,37097,85750,22206,0.3436307384489977,0.3744498591976797
918,0.2023,24,61,24,568574,37036,85774,22182,0.34306569343065696,0.3745820527542301
919,0.2024,17,63,17,568637,36973,85791,22165,0.342482122346141,0.3748013121850587
920,0.2025,13,51,13,568688,36922,85804,22152,0.3420097076586758,0.3749873040593154
921,0.2026,12,71,12,568759,36851,85816,22140,0.34135203230945943,0.3753114881931142
922,0.2027,17,57,17,568816,36794,85833,22123,0.34082403942346884,0.3754943394945432
923,0.2028,16,60,16,568876,36734,85849,22107,0.3402682574382156,0.37570741489777537
924,0.2029,31,72,31,568948,36662,85880,22076,0.3396013190559117,0.375838469134121
925,0.203,18,63,18,569011,36599,85898,22058,0.3390177479713958,0.3760505992464667
926,0.2031,20,68,20,569079,36531,85918,22038,0.3383878617214421,0.376274138195974
927,0.2032,22,53,22,569132,36478,85940,22016,0.3378969209678017,0.3763804834683899
928,0.2033,23,45,23,569177,36433,85963,21993,0.33748008447886174,0.37642487933454283
929,0.2034,24,58,24,569235,36375,85987,21969,0.33694282855978364,0.37654257507198685
930,0.2035,17,75,17,569310,36300,86004,21952,0.33624810107821707,0.3768454301998215
931,0.2036,26,61,26,569371,36239,86030,21926,0.33568305605987625,0.3769620906043153
932,0.2037,35,54,35,569425,36185,86065,21891,0.3351828522731483,0.3769371168813279
933,0.2038,27,70,27,569495,36115,86092,21864,0.33453443995701954,0.3771020541920351
934,0.2039,14,65,14,569560,36050,86106,21850,0.3339323428063285,0.37737478411053543
935,0.204,28,50,28,569610,36000,86134,21822,0.3334691911519508,0.37739960568641695
936,0.2041,37,86,37,569696,35914,86171,21785,0.3326725703064211,0.3775628693738193
937,0.2042,20,45,20,569741,35869,86191,21765,0.3322557338174812,0.37764166984765934
938,0.2043,27,70,27,569811,35799,86218,21738,0.3316073215013524,0.3778090619948902
939,0.2044,31,63,31,569874,35736,86249,21707,0.3310237504168365,0.37788764514388173
940,0.2045,16,58,16,569932,35678,86265,21691,0.33048649449775835,0.3780961843504332
941,0.2046,19,72,19,570004,35606,86284,21672,0.32981955611545444,0.37836516638150774
942,0.2047,26,72,26,570076,35534,86310,21646,0.3291526177331505,0.37855893669115076
943,0.2048,26,84,26,570160,35450,86336,21620,0.328374522953796,0.37883301209041526
944,0.2049,20,59,20,570219,35391,86356,21600,0.3278280040016303,0.37900721166499973
945,0.205,19,53,19,570272,35338,86375,21581,0.32733706324798995,0.37915283121628984
946,0.2051,15,54,15,570326,35284,86390,21566,0.326836859461262,0.37934916446789796
947,0.2052,21,69,21,570395,35215,86411,21545,0.32619771017822075,0.37958069062720223
948,0.2053,21,60,21,570455,35155,86432,21524,0.3256419281929675,0.37975264207201964
949,0.2054,35,104,35,570559,35051,86467,21489,0.32467857275186185,0.3800672090555359
950,0.2055,17,68,17,570627,34983,86484,21472,0.3240486865019082,0.3803383225577894
951,0.2056,31,68,31,570695,34915,86515,21441,0.3234188002519545,0.38045638441337215
952,0.2057,18,65,18,570760,34850,86533,21423,0.3228167031012635,0.38069767028592755
953,0.2058,24,60,24,570820,34790,86557,21399,0.32226092111601023,0.38083966612682196
954,0.2059,24,69,24,570889,34721,86581,21375,0.321621771832969,0.3810432116371934
955,0.206,30,68,30,570957,34653,86611,21345,0.3209918855830153,0.3811743276545591
956,0.2061,29,78,29,571035,34575,86640,21316,0.32026936900218606,0.3813851961854324
957,0.2062,32,67,32,571102,34508,86672,21284,0.31964874578531993,0.38148838543160307
958,0.2063,51,118,51,571220,34390,86723,21233,0.3185557078809885,0.38173057907700053
959,0.2064,39,124,39,571344,34266,86762,21194,0.3174070917781318,0.3821492967904796
960,0.2065,30,109,30,571453,34157,86792,21164,0.3163974211715884,0.38256719871296613
961,0.2066,39,109,39,571562,34048,86831,21125,0.31538775056504503,0.3828865568303337
962,0.2067,22,61,22,571623,33987,86853,21103,0.3148227055467042,0.3830640769649664
963,0.2068,26,83,26,571706,33904,86879,21077,0.3140538738004372,0.38335061202961024
964,0.2069,34,79,34,571785,33825,86913,21043,0.31332209418652046,0.3835204490777867
965,0.207,32,56,32,571841,33769,86945,21011,0.3128033643336174,0.38355239138371666
966,0.2071,36,85,36,571926,33684,86981,20975,0.3120160065211753,0.38374284198393677
967,0.2072,24,63,24,571989,33621,87005,20951,0.3114324354366594,0.3839148281169831
968,0.2073,16,62,16,572051,33559,87021,20935,0.310858127385231,0.3841707343927772
969,0.2074,32,47,32,572098,33512,87053,20903,0.310422764830116,0.38414040246255626
970,0.2075,28,84,28,572182,33428,87081,20875,0.3096446700507614,0.3844170671970241
971,0.2076,33,64,33,572246,33364,87114,20842,0.30905183593315794,0.3844961812345497
972,0.2077,30,91,30,572337,33273,87144,20812,0.3082088999221905,0.3848017010261625
973,0.2078,26,71,26,572408,33202,87170,20786,0.3075512245729742,0.38501148403348895
974,0.2079,24,61,24,572469,33141,87194,20762,0.30698617955463336,0.3851733669740089
975,0.208,43,73,43,572542,33068,87237,20719,0.30630997813924193,0.3852046033428152
976,0.2081,22,52,22,572594,33016,87259,20697,0.3058283004186891,0.38532571258354587
977,0.2082,28,73,28,572667,32943,87287,20669,0.30515209900329765,0.3855293590987092
978,0.2083,31,58,31,572725,32885,87318,20638,0.3046148430842195,0.38559124114866505
979,0.2084,41,100,41,572825,32785,87359,20597,0.30368853977546406,0.3858416694766026
980,0.2085,64,151,64,572976,32634,87423,20533,0.3022898217792434,0.3861982056538831
981,0.2086,35,101,35,573077,32533,87458,20498,0.3013542554374004,0.3865286341950934
982,0.2087,29,74,29,573151,32459,87487,20469,0.3006687909889214,0.3867329201934704
983,0.2088,34,97,34,573248,32362,87521,20435,0.29977027677942863,0.3870485065439324
984,0.2089,43,91,43,573339,32271,87564,20392,0.2989273407684612,0.3872168315515637
985,0.209,40,91,40,573430,32180,87604,20352,0.2980844047574938,0.38742100053300843
986,0.2091,20,46,20,573476,32134,87624,20332,0.2976583052354663,0.38752716044676555
987,0.2092,25,65,25,573541,32069,87649,20307,0.2970562080847753,0.3877157476706889
988,0.2093,19,63,19,573604,32006,87668,20288,0.2964726370002594,0.38796037786361726
989,0.2094,26,67,26,573671,31939,87694,20262,0.2958520137833932,0.3881534836497385
990,0.2095,32,95,32,573766,31844,87726,20230,0.2949720256400756,0.38848561662249875
991,0.2096,33,100,33,573866,31744,87759,20197,0.29404572233132015,0.38884503571359813
992,0.2097,32,76,32,573942,31668,87791,20165,0.29334173181666606,0.3890378716261841
993,0.2098,32,74,32,574016,31594,87823,20133,0.29265626736818706,0.3892164633556943
994,0.2099,22,63,22,574079,31531,87845,20111,0.2920726962836711,0.3894310832268309
995,0.21,26,53,26,574132,31478,87871,20085,0.29158175553003074,0.3895234955297403
996,0.2101,38,78,38,574210,31400,87909,20047,0.2908592389492015,0.38966314848290473
997,0.2102,16,62,16,574272,31338,87925,20031,0.2902849308977732,0.38994335104829764
998,0.2103,28,63,28,574335,31275,87953,20003,0.28970135981325723,0.39008931705604744
999,0.2104,47,88,47,574423,31187,88000,19956,0.2888862129015525,0.3902000273742252
1000,0.2105,29,68,29,574491,31119,88029,19927,0.2882563266515988,0.39037338870822397
1001,0.2106,62,133,62,574624,30986,88091,19865,0.2870243432509541,0.3906511179721146
1002,0.2107,23,83,23,574707,30903,88114,19842,0.2862555115046871,0.39101389299438366
1003,0.2108,28,65,28,574772,30838,88142,19814,0.28565341435399605,0.3911790255073837
1004,0.2109,38,102,38,574874,30736,88180,19776,0.28470858497906554,0.39151092809629395
1005,0.211,51,76,51,574950,30660,88231,19725,0.28400459446441145,0.3914855611789223
1006,0.2111,35,74,35,575024,30586,88266,19690,0.2833191300159324,0.39163815737131036
1007,0.2112,28,72,28,575096,30514,88294,19662,0.28265219163362854,0.3918606505102041
1008,0.2113,36,69,36,575165,30445,88330,19626,0.2820130423505873,0.3919634119550239
1009,0.2114,47,89,47,575254,30356,88377,19579,0.28118863240579495,0.3920897166316211
1010,0.2115,30,67,30,575321,30289,88407,19549,0.2805680091889288,0.3922508928929732
1011,0.2116,34,105,34,575426,30184,88441,19515,0.27959539071473566,0.39266383629449286
1012,0.2117,27,80,27,575506,30104,88468,19488,0.2788543480677313,0.3929666075173415
1013,0.2118,33,58,33,575564,30046,88501,19455,0.27831709214865313,0.3930223631845821
1014,0.2119,47,96,47,575660,29950,88548,19408,0.27742784097224793,0.39320880100490296
1015,0.212,25,63,25,575723,29887,88573,19383,0.27684426988773203,0.3934036939313984
1016,0.2121,38,81,38,575804,29806,88611,19345,0.27609396420764015,0.39358304001953165
1017,0.2122,30,62,30,575866,29744,88641,19315,0.27551965615621177,0.39370961495342344
1018,0.2123,32,77,32,575943,29667,88673,19283,0.2748064026084701,0.39393258426966293
1019,0.2124,26,65,26,576008,29602,88699,19257,0.2742043054577791,0.3941341410998997
1020,0.2125,26,73,26,576081,29529,88725,19231,0.27352810404238764,0.3944011484823626
1021,0.2126,53,95,53,576176,29434,88778,19178,0.27264811589907,0.3945116432156669
1022,0.2127,33,65,33,576241,29369,88811,19145,0.27204601874837897,0.3946283547017356
1023,0.2128,51,106,51,576347,29263,88862,19094,0.27106413724109824,0.3948549331017226
1024,0.2129,38,100,38,576447,29163,88900,19056,0.2701378339323428,0.39519691407951224
1025,0.213,31,86,31,576533,29077,88931,19025,0.26934121308681314,0.3955137000540518
1026,0.2131,30,75,30,576608,29002,88961,18995,0.26864648560524657,0.39575390128549703
1027,0.2132,28,109,28,576717,28893,88989,18967,0.2676368149987032,0.3963017133305474
1028,0.2133,43,108,43,576825,28785,89032,18924,0.2666364074252473,0.3966547192353644
1029,0.2134,60,127,60,576952,28658,89092,18864,0.26546000222312793,0.3969529901940154
1030,0.2135,45,98,45,577050,28560,89137,18819,0.26455222498054765,0.39720129171151775
1031,0.2136,27,71,27,577121,28489,89164,18792,0.2638945496313313,0.3974535225566295
1032,0.2137,47,55,47,577176,28434,89211,18745,0.2633850828115158,0.397316602725789
1033,0.2138,15,74,15,577250,28360,89226,18730,0.2626996183630368,0.3977489912932682
1034,0.2139,28,61,28,577311,28299,89254,18702,0.262134573344696,0.3979064275228187
1035,0.214,61,130,61,577441,28169,89315,18641,0.26093037904331395,0.39822687459944456
1036,0.2141,31,73,31,577514,28096,89346,18610,0.26025417762792247,0.39844987796000514
1037,0.2142,32,80,32,577594,28016,89378,18578,0.25951313498091816,0.39872086534746964
1038,0.2143,45,77,45,577671,27939,89423,18533,0.2587998814331765,0.39879927698399037
1039,0.2144,32,77,32,577748,27862,89455,18501,0.2580866278854348,0.39904665358151975
1040,0.2145,33,78,33,577826,27784,89488,18468,0.25736411130460557,0.3992908414771253
1041,0.2146,45,83,45,577909,27701,89533,18423,0.2565952795583386,0.39942329372994534
1042,0.2147,28,76,28,577985,27625,89561,18395,0.25589128904368447,0.3997175141242938
1043,0.2148,44,86,44,578071,27539,89605,18351,0.2550946681981548,0.39989104380039225
1044,0.2149,53,76,53,578147,27463,89658,18298,0.2543906776835007,0.3998601429164573
1045,0.215,37,67,37,578214,27396,89695,18261,0.25377005446663453,0.3999605755962941
1046,0.2151,57,135,57,578349,27261,89752,18204,0.2525195449998147,0.40039590894094357
1047,0.2152,47,84,47,578433,27177,89799,18157,0.2517414502204602,0.4005161688798694
1048,0.2153,34,97,34,578530,27080,89833,18123,0.2508429360109674,0.4009247173860142
1049,0.2154,43,91,43,578621,26989,89876,18080,0.25,0.40116266169650977
1050,0.2155,42,92,42,578713,26897,89918,18038,0.24914780095594502,0.40142427951485476
1051,0.2156,43,106,43,578819,26791,89961,17995,0.24816591944866426,0.4017996695395883
1052,0.2157,37,81,37,578900,26710,89998,17958,0.24741561376857238,0.4020327751410406
1053,0.2158,50,136,50,579036,26574,90048,17908,0.24615584126866502,0.4025898116091902
1054,0.2159,34,83,34,579119,26491,90082,17874,0.245387009522398,0.40288515721852813
1055,0.216,38,78,38,579197,26413,90120,17836,0.24466449294156878,0.4030825555379783
1056,0.2161,34,69,34,579266,26344,90154,17802,0.24402534365852754,0.4032528428396684
1057,0.2162,54,87,54,579353,26257,90208,17748,0.24321945977991033,0.4033178047949097
1058,0.2163,37,105,37,579458,26152,90245,17711,0.24224684130571714,0.40377995121172744
1059,0.2164,44,105,44,579563,26047,90289,17667,0.24127422283152394,0.4041497003248387
1060,0.2165,48,104,48,579667,25943,90337,17619,0.24031086739041832,0.40445801386529545
1061,0.2166,42,93,42,579760,25850,90379,17577,0.23944940531327577,0.4047481981255901
1062,0.2167,32,53,32,579813,25797,90411,17545,0.2389584645596354,0.4048036546536847
1063,0.2168,46,86,46,579899,25711,90457,17499,0.23816184371410576,0.40497570006942835
1064,0.2169,36,56,36,579955,25655,90493,17463,0.2376431138612027,0.4050048703557679
1065,0.217,24,49,24,580004,25606,90517,17439,0.23718922523991257,0.4051341619235684
1066,0.2171,36,101,36,580105,25505,90553,17403,0.2362536588980696,0.4055887014076629
1067,0.2172,21,66,21,580171,25439,90574,17382,0.23564229871429102,0.40592232782980314
1068,0.2173,34,93,34,580264,25346,90608,17348,0.23478083663714847,0.40633344263830984
1069,0.2174,48,87,48,580351,25259,90656,17300,0.23397495275853125,0.4064945134989074
1070,0.2175,46,122,46,580473,25137,90702,17254,0.23284486272184965,0.40702035809487863
1071,0.2176,40,87,40,580560,25050,90742,17214,0.23203897884323244,0.4072969903463941
1072,0.2177,48,83,48,580643,24967,90790,17166,0.23127014709696542,0.40742410936795387
1073,0.2178,58,122,58,580765,24845,90848,17108,0.23014005706028381,0.4077896693919386
1074,0.2179,56,122,56,580887,24723,90904,17052,0.2290099670236022,0.4081867145421903
1075,0.218,58,85,58,580972,24638,90962,16994,0.2282226092111601,0.408195618754804
1076,0.2181,49,58,49,581030,24580,91011,16945,0.22768535329208195,0.40806742925948225
1077,0.2182,42,87,42,581117,24493,91053,16903,0.22687946941346473,0.4083244757947628
1078,0.2183,57,116,57,581233,24377,91110,16846,0.22580495757530847,0.4086553622977464
1079,0.2184,49,82,49,581315,24295,91159,16797,0.22504538886212902,0.408765696485934
1080,0.2185,54,73,54,581388,24222,91213,16743,0.22436918744673756,0.40871475649945077
1081,0.2186,41,69,41,581457,24153,91254,16702,0.22373003816369633,0.4088116509607147
1082,0.2187,40,81,40,581538,24072,91294,16662,0.22297973248360442,0.4090440418323759
1083,0.2188,43,116,43,581654,23956,91337,16619,0.22190522064544815,0.4095871842267406
1084,0.2189,34,66,34,581720,23890,91371,16585,0.22129386046166957,0.40975911056207537
1085,0.219,44,108,44,581828,23782,91415,16541,0.22029345288821373,0.4102125337896486
1086,0.2191,31,57,31,581885,23725,91446,16510,0.21976546000222313,0.41033925686591277
1087,0.2192,45,68,45,581953,23657,91491,16465,0.21913557375226944,0.410373361248193
1088,0.2193,39,73,39,582026,23584,91530,16426,0.21845937233687798,0.4105473631592102
1089,0.2194,67,89,67,582115,23495,91597,16359,0.21763496239208566,0.4104732272795704
1090,0.2195,38,76,38,582191,23419,91635,16321,0.21693097187743154,0.410694514343231
1091,0.2196,52,123,52,582314,23296,91687,16269,0.21579161880766237,0.4111967648173891
1092,0.2197,40,73,40,582387,23223,91727,16229,0.2151154173922709,0.41136064077866774
1093,0.2198,38,108,38,582495,23115,91765,16191,0.21411500981881507,0.41192184399328347
1094,0.2199,63,112,63,582607,23003,91828,16128,0.213077550113009,0.4121540466637704
1095,0.22,46,102,46,582709,22901,91874,16082,0.21213272073807848,0.4125387989636508
1096,0.2201,36,61,36,582770,22840,91910,16046,0.21156767571973767,0.41264208198323304
1097,0.2202,56,103,56,582873,22737,91966,15990,0.2106135833117196,0.41289023162134947
1098,0.2203,49,104,49,582977,22633,92015,15941,0.20965022787061396,0.4132576346762068
1099,0.2204,55,112,55,583089,22521,92070,15886,0.2086127681648079,0.4136225167287213
1100,0.2205,63,110,63,583199,22411,92133,15823,0.20759383452517693,0.41384631479834705
1101,0.2206,55,107,55,583306,22304,92188,15768,0.20660268998480863,0.414162639209918
1102,0.2207,47,96,47,583402,22208,92235,15721,0.20571343880840343,0.414484958738696
1103,0.2208,45,74,45,583476,22134,92280,15676,0.20502797435992443,0.4145993123512298
1104,0.2209,59,119,59,583595,22015,92339,15617,0.20392567342250548,0.41499255952380953
1105,0.221,32,71,32,583666,21944,92371,15585,0.20326799807328913,0.4152788510218764
1106,0.2211,61,105,61,583771,21839,92432,15524,0.20229537959909594,0.41549126140834514
1107,0.2212,42,86,42,583857,21753,92474,15482,0.20149875875356626,0.4157915939304418
1108,0.2213,46,98,46,583955,21655,92520,15436,0.20059098151098595,0.41616564665282685
1109,0.2214,40,75,40,584030,21580,92560,15396,0.1998962540294194,0.4163781912591952
1110,0.2215,48,106,48,584136,21474,92608,15348,0.19891437252213864,0.4168160338927815
1111,0.2216,48,94,48,584230,21380,92656,15300,0.19804364741190855,0.41712104689203927
1112,0.2217,57,115,57,584345,21265,92713,15243,0.19697839860683983,0.41752492604360686
1113,0.2218,52,103,52,584448,21162,92765,15191,0.19602430619882175,0.41787472835804473
1114,0.2219,50,138,50,584586,21024,92815,15141,0.19474600763273928,0.41866445458316054
1115,0.222,65,119,65,584705,20905,92880,15076,0.19364370669532033,0.4189989160946055
1116,0.2221,50,87,50,584792,20818,92930,15026,0.1928378228167031,0.41920544582077895
1117,0.2222,48,81,48,584873,20737,92978,14978,0.1920875171366112,0.41937561248775024
1118,0.2223,58,91,58,584964,20646,93036,14920,0.19124458112564377,0.41950177135466454
1119,0.2224,49,89,49,585053,20557,93085,14871,0.19042017118085147,0.41975273794738627
1120,0.2225,60,126,60,585179,20431,93145,14811,0.18925302901181962,0.4202655921911356
1121,0.2226,35,77,35,585256,20354,93180,14776,0.18853977546407796,0.4206091659550242
1122,0.2227,57,97,57,585353,20257,93237,14719,0.1876412612545852,0.42083142726440986
1123,0.2228,49,87,49,585440,20170,93286,14670,0.18683537737596798,0.42106773823191734
1124,0.2229,74,114,74,585554,20056,93360,14596,0.18577939160398682,0.42121666859055756
1125,0.223,71,146,71,585700,19910,93431,14525,0.1844269887732039,0.4218092057499637
1126,0.2231,58,97,58,585797,19813,93489,14467,0.18352847456371113,0.422024504084014
1127,0.2232,38,97,38,585894,19716,93527,14429,0.18262996035421838,0.42258017279250254
1128,0.2233,60,104,60,585998,19612,93587,14369,0.18166660491311276,0.42285394779435564
1129,0.2234,54,97,54,586095,19515,93641,14315,0.18076809070362,0.4231451374519657
1130,0.2235,48,78,48,586173,19437,93689,14267,0.18004557412279076,0.4233028720626632
1131,0.2236,38,63,38,586236,19374,93727,14229,0.17946200303827486,0.42344433532720294
1132,0.2237,60,93,60,586329,19281,93787,14169,0.17860054096113231,0.42358744394618836
1133,0.2238,80,115,80,586444,19166,93867,14089,0.1775352921560636,0.42366561419335436
1134,0.2239,52,107,52,586551,19059,93919,14037,0.17654414761569528,0.4241298042059463
1135,0.224,37,69,37,586620,18990,93956,14000,0.17590499833265405,0.4243710215216732
1136,0.2241,67,126,67,586746,18864,94023,13933,0.17473785616362222,0.4248254413513431
1137,0.2242,64,107,64,586853,18757,94087,13869,0.17374671162325392,0.42509041868448477
1138,0.2243,56,91,56,586944,18666,94143,13813,0.17290377561228648,0.42529018750577297
1139,0.2244,55,101,55,587045,18565,94198,13758,0.1719682092704435,0.4256411842960121
1140,0.2245,62,83,62,587128,18482,94260,13696,0.17119937752417652,0.42563241966561005
1141,0.2246,51,83,51,587211,18399,94311,13645,0.17043054577790953,0.4258207464735988
1142,0.2247,58,105,58,587316,18294,94369,13587,0.16945792730371634,0.42617860167497884
1143,0.2248,85,107,85,587423,18187,94454,13502,0.16846678276334803,0.4260784499353088
1144,0.2249,57,103,57,587526,18084,94511,13445,0.16751269035532995,0.42643280789114785
1145,0.225,61,116,61,587642,17968,94572,13384,0.16643817851717366,0.4268946159734626
1146,0.2251,78,134,78,587776,17834,94650,13306,0.1651969320834414,0.427296082209377
1147,0.2252,75,143,75,587919,17691,94725,13231,0.16387231835192115,0.42788306060410064
1148,0.2253,62,81,62,588000,17610,94787,13169,0.16312201267182927,0.42785665551187496
1149,0.2254,47,99,47,588099,17511,94834,13122,0.1622049723961614,0.42836157085496035
1150,0.2255,43,86,43,588185,17425,94877,13079,0.16140835155063174,0.42876344086021506
1151,0.2256,61,100,61,588285,17325,94938,13018,0.1604820482418763,0.42902811192037704
1152,0.2257,53,104,53,588389,17221,94991,12965,0.1595186928007707,0.42950374345723186
1153,0.2258,76,108,76,588497,17113,95067,12889,0.15851828522731484,0.4296046930204653
1154,0.2259,55,114,55,588611,16999,95122,12834,0.15746229945533366,0.43019475077933833
1155,0.226,68,145,68,588756,16854,95190,12766,0.15611915965763828,0.43099257258609047
1156,0.2261,78,117,78,588873,16737,95268,12688,0.15503538478639445,0.4311979609175871
1157,0.2262,67,112,67,588985,16625,95335,12621,0.15399792508058838,0.43154619435136427
1158,0.2263,80,100,80,589085,16525,95415,12541,0.15307162177183298,0.43146631803481733
1159,0.2264,58,86,58,589171,16439,95473,12483,0.1522750009263033,0.43160915566005115
1160,0.2265,67,95,67,589266,16344,95540,12416,0.15139501278298567,0.4317107093184979
1161,0.2266,67,112,67,589378,16232,95607,12349,0.1503575530771796,0.43207025646408453
1162,0.2267,62,91,62,589469,16141,95669,12287,0.14951461706621216,0.4322147178837766
1163,0.2268,73,110,73,589579,16031,95742,12214,0.1484956834265812,0.43243051867587184
1164,0.2269,66,80,66,589659,15951,95808,12148,0.14775464077957687,0.4323285526175309
1165,0.227,93,129,93,589788,15822,95901,12055,0.1465597095112824,0.4324353409620834
1166,0.2271,50,97,50,589885,15725,95951,12005,0.14566119530178961,0.43292463036422646
1167,0.2272,86,94,86,589979,15631,96037,11919,0.14479047019155952,0.4326315789473684
1168,0.2273,50,103,50,590082,15528,96087,11869,0.14383637778354144,0.4332226156148483
1169,0.2274,64,130,64,590212,15398,96151,11805,0.1426321834821594,0.4339594897621586
1170,0.2275,64,100,64,590312,15298,96215,11741,0.141705880173404,0.4342246384851511
1171,0.2276,55,123,55,590435,15175,96270,11686,0.14056652710363482,0.4350545400394624
1172,0.2277,47,92,47,590527,15083,96317,11639,0.13971432805957984,0.43555871566499516
1173,0.2278,74,113,74,590640,14970,96391,11565,0.1386676053206862,0.43583945732052004
1174,0.2279,72,121,72,590761,14849,96463,11493,0.13754677831709214,0.436299445752031
1175,0.228,63,118,63,590879,14731,96526,11430,0.13645374041276076,0.4369099040556554
1176,0.2281,80,101,80,590980,14630,96606,11350,0.1355181740709178,0.43687451886066203
1177,0.2282,47,91,47,591071,14539,96653,11303,0.13467523805995035,0.4373887470010061
1178,0.2283,42,87,42,591158,14452,96695,11261,0.13386935418133314,0.4379496752615408
1179,0.2284,74,109,74,591267,14343,96769,11187,0.13285968357478972,0.4381903642773208
1180,0.2285,70,112,70,591379,14231,96839,11117,0.13182222386898365,0.4385750355057598
1181,0.2286,72,103,72,591482,14128,96911,11045,0.13086813146096557,0.4387637548166686
1182,0.2287,78,114,78,591596,14014,96989,10967,0.1298121456889844,0.43901365037428447
1183,0.2288,70,111,70,591707,13903,97059,10897,0.1287839490162659,0.4393951612903226
1184,0.2289,81,124,81,591831,13779,97140,10816,0.12763533291340917,0.4397641797113234
1185,0.229,78,123,78,591954,13656,97218,10738,0.12649597984364,0.44019021070755104
1186,0.2291,71,90,71,592044,13566,97289,10667,0.12566230686576013,0.44018487186893906
1187,0.2292,67,91,67,592135,13475,97356,10600,0.1248193708547927,0.4402907580477674
1188,0.2293,58,116,58,592251,13359,97414,10542,0.12374485901663641,0.441069411321702
1189,0.2294,71,99,71,592350,13260,97485,10471,0.12282781874096854,0.441237200286545
1190,0.2295,86,117,86,592467,13143,97571,10385,0.1217440438697247,0.44138898333900034
1191,0.2296,46,77,46,592544,13066,97617,10339,0.12103079032198304,0.441743217261269
1192,0.2297,94,119,94,592663,12947,97711,10245,0.11992848938456409,0.4417471541911004
1193,0.2298,71,133,71,592796,12814,97782,10174,0.11869650598391937,0.4425787367322081
1194,0.2299,73,109,73,592905,12705,97855,10101,0.11768683537737597,0.4429097605893186
1195,0.23,78,100,78,593005,12605,97933,10023,0.11676053206862055,0.4429467915856461
1196,0.2301,63,100,63,593105,12505,97996,9960,0.11583422875986513,0.44335633207211217
1197,0.2302,64,110,64,593215,12395,98060,9896,0.11481529512023417,0.44394598716970973
1198,0.2303,74,114,74,593329,12281,98134,9822,0.113759309348253,0.44437406686875086
1199,0.2304,72,117,72,593446,12164,98206,9750,0.11267553447700915,0.44492105503331203
1200,0.2305,78,88,78,593534,12076,98284,9672,0.11186038756530438,0.4447305499356263
1201,0.2306,77,89,77,593623,11987,98361,9595,0.11103597762051207,0.44458344917060516
1202,0.2307,77,104,77,593727,11883,98438,9518,0.11007262217940643,0.44474557263679265
1203,0.2308,63,115,63,593842,11768,98501,9455,0.10900737337433769,0.4455072327192197
1204,0.2309,78,111,78,593953,11657,98579,9377,0.10797917670161918,0.4458020348007987
1205,0.231,76,102,76,594055,11555,98655,9301,0.10703434732668865,0.44596279248177984
1206,0.2311,70,94,70,594149,11461,98725,9231,0.10616362221645856,0.44611444036342546
1207,0.2312,67,93,67,594242,11368,98792,9164,0.10530216013931602,0.4463276836158192
1208,0.2313,76,97,76,594339,11271,98868,9088,0.10440364592982326,0.4463873471192102
1209,0.2314,73,104,73,594443,11167,98941,9015,0.10344029048871763,0.4466851649985135
1210,0.2315,68,86,68,594529,11081,99009,8947,0.10264366964318797,0.44672458558018774
1211,0.2316,70,111,70,594640,10970,99079,8877,0.10161547297046945,0.44727162795384695
1212,0.2317,76,88,76,594728,10882,99155,8801,0.10080032605876468,0.4471371234059849
1213,0.2318,66,109,66,594837,10773,99221,8735,0.09979065545222128,0.447765019479188
1214,0.2319,70,130,70,594967,10643,99291,8665,0.09858646115083923,0.44877770872177336
1215,0.232,72,131,72,595098,10512,99363,8593,0.09737300381636964,0.4497775451452499
1216,0.2321,66,108,66,595206,10404,99429,8527,0.09637259624291378,0.45042522846125405
1217,0.2322,69,94,69,595300,10310,99498,8458,0.09550187113268369,0.4506606990622336
1218,0.2323,62,83,62,595383,10227,99560,8396,0.09473303938641668,0.45084035869623584
1219,0.2324,77,114,77,595497,10113,99637,8319,0.09367705361443551,0.4513346354166667
1220,0.2325,60,131,60,595628,9982,99697,8259,0.0924635962799659,0.4527712296474974
1221,0.2326,68,109,68,595737,9873,99765,8191,0.0914539256734225,0.4534433126660762
1222,0.2327,79,116,79,595853,9757,99844,8112,0.09037941383526622,0.45397056354580556
1223,0.2328,62,92,62,595945,9665,99906,8050,0.08952721479121123,0.45441716059836296
1224,0.2329,56,106,56,596051,9559,99962,7994,0.0885453332839305,0.4554207258018572
1225,0.233,54,79,54,596130,9480,100016,7940,0.08781355367001371,0.45579793340987373
1226,0.2331,65,69,65,596199,9411,100081,7875,0.08717440438697246,0.45557098229781323
1227,0.2332,57,89,57,596288,9322,100138,7818,0.08634999444218015,0.4561260210035006
1228,0.2333,75,104,75,596392,9218,100213,7743,0.08538663900107452,0.4565178939920995
1229,0.2334,49,72,49,596464,9146,100262,7694,0.08471970061877061,0.45688836104513064
1230,0.2335,51,84,51,596548,9062,100313,7643,0.08394160583941605,0.4575276863214606
1231,0.2336,66,88,66,596636,8974,100379,7577,0.08312645892771128,0.4577971119569815
1232,0.2337,70,80,70,596716,8894,100449,7507,0.08238541628070696,0.4577159929272605
1233,0.2338,54,75,54,596791,8819,100503,7453,0.08169068879914039,0.4580260570304818
1234,0.2339,59,74,59,596865,8745,100562,7394,0.08100522435066138,0.45814486647252
1235,0.234,64,88,64,596953,8657,100626,7330,0.0801900774389566,0.4584975292425095
1236,0.2341,54,83,54,597036,8574,100680,7276,0.07942124569268962,0.4590536277602524
1237,0.2342,53,58,53,597094,8516,100733,7223,0.07888398977361147,0.4589236927377851
1238,0.2343,51,71,51,597165,8445,100784,7172,0.07822631442439512,0.4592431324838317
1239,0.2344,51,75,51,597240,8370,100835,7121,0.07753158694282856,0.45968626944677554
1240,0.2345,71,86,71,597326,8284,100906,7050,0.07673496609729889,0.4597626190165645
1241,0.2346,80,115,80,597441,8169,100986,6970,0.07566971729223017,0.4604002906400687
1242,0.2347,70,74,70,597515,8095,101056,6900,0.07498425284375115,0.4601533844614872
1243,0.2348,66,83,66,597598,8012,101122,6834,0.07421542109748416,0.460326013741075
1244,0.2349,75,111,75,597709,7901,101197,6759,0.07318722442476565,0.4610504774897681
1245,0.235,56,82,56,597791,7819,101253,6703,0.0724276557115862,0.4615755405591516
1246,0.2351,38,81,38,597872,7738,101291,6665,0.07167735003149431,0.4627508158022634
1247,0.2352,67,70,67,597942,7668,101358,6598,0.07102893771536552,0.4624982475816627
1248,0.2353,77,93,77,598035,7575,101435,6521,0.07016747563822298,0.46261350737797957
1249,0.2354,63,81,63,598116,7494,101498,6458,0.06941716995813109,0.46287270642201833
1250,0.2355,63,73,63,598189,7421,101561,6395,0.06874096854273963,0.4628691372321946
1251,0.2356,58,78,58,598267,7343,101619,6337,0.0680184519619104,0.46323099415204677
1252,0.2357,67,95,67,598362,7248,101686,6270,0.06713846381859276,0.4638260097647581
1253,0.2358,59,79,59,598441,7169,101745,6211,0.06640668420467598,0.46420029895366216
1254,0.2359,63,76,63,598517,7093,101808,6148,0.06570269369002187,0.4643153840344385
1255,0.236,48,74,48,598591,7019,101856,6100,0.06501722924154285,0.4649744645171126
1256,0.2361,56,76,56,598667,6943,101912,6044,0.06431323872688874,0.4653884653884654
1257,0.2362,82,68,82,598735,6875,101994,5962,0.06368335247693505,0.4644387317909169
1258,0.2363,62,69,62,598804,6806,102056,5900,0.06304420319389381,0.4643475523374784
1259,0.2364,59,89,59,598893,6717,102115,5841,0.062219793249101485,0.4651218346870521
1260,0.2365,55,104,55,598997,6613,102170,5786,0.06125643780799585,0.4666505363335753
1261,0.2366,55,80,55,599077,6533,102225,5731,0.06051539516099152,0.46730267449445534
1262,0.2367,53,66,53,599143,6467,102278,5678,0.05990403497721294,0.4675174969123096
1263,0.2368,82,94,82,599237,6373,102360,5596,0.059033309866982846,0.4675411479655777
1264,0.2369,66,63,66,599300,6310,102426,5530,0.05844973878246693,0.4670608108108108
1265,0.237,45,65,45,599365,6245,102471,5485,0.05784764163177591,0.4676044330775789
1266,0.2371,56,93,56,599458,6152,102527,5429,0.05698617955463337,0.4687850790087212
1267,0.2372,58,73,58,599531,6079,102585,5371,0.05630997813924191,0.4690829694323144
1268,0.2373,59,77,59,599608,6002,102644,5312,0.05559672459150024,0.4695068057274174
1269,0.2374,58,52,58,599660,5950,102702,5254,0.055115046870947426,0.46893966440556945
1270,0.2375,64,82,64,599742,5868,102766,5190,0.05435547815776798,0.46934346174715136
1271,0.2376,49,76,49,599818,5792,102815,5141,0.05365148764311386,0.4702277508460624
1272,0.2377,72,62,72,599880,5730,102887,5069,0.0530771795916855,0.4693953143809612
1273,0.2378,62,74,62,599954,5656,102949,5007,0.052391715143206494,0.4695676638844603
1274,0.2379,72,88,72,600042,5568,103021,4935,0.051576568231501724,0.46986575264210223
1275,0.238,55,67,55,600109,5501,103076,4880,0.050955945014635594,0.47008958674501494
1276,0.2381,76,62,76,600171,5439,103152,4804,0.05038163696320723,0.46900322171238895
1277,0.2382,63,68,63,600239,5371,103215,4741,0.04975175071325355,0.4688488924050633
1278,0.2383,53,63,53,600302,5308,103268,4688,0.04916817962873763,0.4689875950380152
1279,0.2384,51,57,51,600359,5251,103319,4637,0.048640186742747046,0.4689522653721683
1280,0.2385,69,79,69,600438,5172,103388,4568,0.047908407128830266,0.46899383983572895
1281,0.2386,63,76,63,600514,5096,103451,4505,0.047204416614176146,0.46922195604624517
1282,0.2387,41,46,41,600560,5050,103492,4464,0.04677831709214866,0.4692032793777591
1283,0.2388,34,38,34,600598,5012,103526,4430,0.04642632183482159,0.4691802584198263
1284,0.2389,61,82,61,600680,4930,103587,4369,0.04566675312164215,0.46983546617915906
1285,0.239,45,57,45,600737,4873,103632,4324,0.04513876023565156,0.47015331086223766
1286,0.2391,50,82,50,600819,4791,103682,4274,0.04437919152247212,0.4714837286265858
1287,0.2392,44,77,44,600896,4714,103726,4230,0.043665937974730444,0.4729427549194991
1288,0.2393,74,59,74,600955,4655,103800,4156,0.04311941902256475,0.47168312336851664
1289,0.2394,65,70,65,601025,4585,103865,4091,0.04247100670643596,0.4715306592899954
1290,0.2395,50,46,50,601071,4539,103915,4041,0.04204490718440846,0.470979020979021
1291,0.2396,35,48,35,601119,4491,103950,4006,0.04160028159620586,0.4714605154760504
1292,0.2397,63,68,63,601187,4423,104013,3943,0.04097039534625218,0.4713124551757112
1293,0.2398,50,55,50,601242,4368,104063,3893,0.04046092852643669,0.47125045394020093
1294,0.2399,30,55,30,601297,4313,104093,3863,0.039951461706621214,0.47248043052837574
1295,0.24,49,59,49,601356,4254,104142,3814,0.03940494275445552,0.4727317798710957
1296,0.2401,40,41,40,601397,4213,104182,3774,0.0390251583978658,0.4725178414924252
1297,0.2402,41,68,41,601465,4145,104223,3733,0.038395272147912114,0.47385123127697387
1298,0.2403,33,46,33,601511,4099,104256,3700,0.03796917262588462,0.47441979740992435
1299,0.2404,46,52,46,601563,4047,104302,3654,0.0374874949053318,0.4744838332684067
1300,0.2405,36,47,36,601610,4000,104338,3618,0.03705213235021675,0.4749278025728538
1301,0.2406,72,88,72,601698,3912,104410,3546,0.03623698543851198,0.4754625905068383
1302,0.2407,52,65,52,601763,3847,104462,3494,0.035634888287820965,0.47595695409344774
1303,0.2408,42,32,42,601795,3815,104504,3452,0.03533847122901923,0.47502408146415304
1304,0.2409,52,50,52,601845,3765,104556,3400,0.034875319574641524,0.47452896022330776
1305,0.241,52,72,52,601917,3693,104608,3348,0.03420838119233762,0.4755006391137622
1306,0.2411,49,45,49,601962,3648,104657,3299,0.03379154470339768,0.47488124370231755
1307,0.2412,41,39,41,602001,3609,104698,3258,0.03343028641298307,0.4744429882044561
1308,0.2413,32,50,32,602051,3559,104730,3226,0.03296713475860536,0.4754605747973471
1309,0.2414,48,50,48,602101,3509,104778,3178,0.03250398310422765,0.4752504860176462
1310,0.2415,31,42,31,602143,3467,104809,3147,0.032114935714550374,0.47580889023283945
1311,0.2416,35,37,35,602180,3430,104844,3112,0.03177220349031087,0.4756955059614797
1312,0.2417,42,50,42,602230,3380,104886,3070,0.03130905183593316,0.475968992248062
1313,0.2418,32,34,32,602264,3346,104918,3038,0.030994108710956314,0.4758771929824561
1314,0.2419,48,52,48,602316,3294,104966,2990,0.0305124309904035,0.4758115849777212
1315,0.242,39,46,39,602362,3248,105005,2951,0.030086331468376006,0.4760445233102113
1316,0.2421,37,54,37,602416,3194,105042,2914,0.02958612768164808,0.477079240340537
1317,0.2422,37,47,37,602463,3147,105079,2877,0.029150765126533033,0.47758964143426297
1318,0.2423,39,41,39,602504,3106,105118,2838,0.02877098076994331,0.47745625841184386
1319,0.2424,40,49,40,602553,3057,105158,2798,0.028317092148653154,0.47788215200683176
1320,0.2425,45,38,45,602591,3019,105203,2753,0.027965096891326095,0.476957726957727
1321,0.2426,53,51,53,602642,2968,105256,2700,0.027492682203860832,0.4763585038814397
1322,0.2427,40,53,40,602695,2915,105296,2660,0.02700174145022046,0.47713004484304933
1323,0.2428,34,30,34,602725,2885,105330,2626,0.026723850457593835,0.47650154236980585
1324,0.2429,30,39,30,602764,2846,105360,2596,0.026362592167179223,0.47703050349136344
1325,0.243,41,47,41,602811,2799,105401,2555,0.025927229612064173,0.4772132984684348
1326,0.2431,28,40,28,602851,2759,105429,2527,0.025556708288562005,0.4780552402572834
1327,0.2432,25,30,25,602881,2729,105454,2502,0.025278817295935382,0.4783024278340661
1328,0.2433,34,27,34,602908,2702,105488,2468,0.025028715402571417,0.4773694390715667
1329,0.2434,31,46,31,602954,2656,105519,2437,0.024602615880543924,0.47849990182603575
1330,0.2435,36,40,36,602994,2616,105555,2401,0.02423209455704176,0.4785728523021726
1331,0.2436,36,31,36,603025,2585,105591,2365,0.023944940531327577,0.4777777777777778
1332,0.2437,33,56,33,603081,2529,105624,2332,0.02342621067842454,0.4797366796955359
1333,0.2438,27,31,27,603112,2498,105651,2305,0.023139056652710363,0.4799083905892151
1334,0.2439,33,26,33,603138,2472,105684,2272,0.022898217792433954,0.47892074198988194
1335,0.244,21,34,21,603172,2438,105705,2251,0.02258327466745711,0.4800597142247814
1336,0.2441,38,35,38,603207,2403,105743,2213,0.022259068509392715,0.479419410745234
1337,0.2442,30,23,30,603230,2380,105773,2183,0.02204601874837897,0.47841332456717073
1338,0.2443,35,35,35,603265,2345,105808,2148,0.02172181259031457,0.47807700868016917
1339,0.2444,30,44,30,603309,2301,105838,2118,0.021314239134462187,0.4792939579090292
1340,0.2445,25,37,25,603346,2264,105863,2093,0.020971506910222683,0.4803764057837962
1341,0.2446,50,31,50,603377,2233,105913,2043,0.020684352884508504,0.4777829747427502
1342,0.2447,37,30,37,603407,2203,105950,2006,0.020406461891881878,0.4765977666904253
1343,0.2448,36,44,36,603451,2159,105986,1970,0.019998888436029493,0.4771131024461129
1344,0.2449,25,36,25,603487,2123,106011,1945,0.019665419244877542,0.4781219272369715
1345,0.245,24,24,24,603511,2099,106035,1921,0.01944310645077624,0.4778606965174129
1346,0.2451,22,34,22,603545,2065,106057,1899,0.0191281633257994,0.47906155398587286
1347,0.2452,33,35,33,603580,2030,106090,1866,0.018803957167735003,0.47895277207392195
1348,0.2453,27,25,27,603605,2005,106117,1839,0.01857238134054615,0.4784079084287201
1349,0.2454,22,27,22,603632,1978,106139,1817,0.018322279447182184,0.47878787878787876
1350,0.2455,20,18,20,603650,1960,106159,1797,0.01815554485160621,0.4783071599680596
1351,0.2456,26,53,26,603703,1907,106185,1771,0.017664604097965837,0.48151169113648723
1352,0.2457,22,21,22,603724,1886,106207,1749,0.0174700804031272,0.4811554332874828
1353,0.2458,26,27,26,603751,1859,106233,1723,0.017219978509763235,0.48101619207146845
1354,0.2459,26,33,26,603784,1826,106259,1697,0.01691429841787395,0.481691739994323
1355,0.246,21,27,21,603811,1799,106280,1676,0.016664196524509987,0.4823021582733813
1356,0.2461,21,17,21,603828,1782,106301,1655,0.016506724962021564,0.48152458539423915
1357,0.2462,23,16,23,603844,1766,106324,1632,0.016358516432620696,0.48028251912889935
1358,0.2463,19,25,19,603869,1741,106343,1613,0.016126940605431843,0.48091830649970185
1359,0.2464,32,45,32,603914,1696,106375,1581,0.015710104116491905,0.4824534635337199
1360,0.2465,28,28,28,603942,1668,106403,1553,0.015450739190040386,0.4821484011176653
1361,0.2466,25,32,25,603974,1636,106428,1528,0.015154322131238653,0.4829329962073325
1362,0.2467,27,32,27,604006,1604,106455,1501,0.014857905072436919,0.48341384863123993
1363,0.2468,16,20,16,604026,1584,106471,1485,0.014672644410685835,0.4838709677419355
1364,0.2469,19,21,19,604047,1563,106490,1466,0.014478120715847196,0.48398811488940247
1365,0.247,30,25,30,604072,1538,106520,1436,0.014246544888658343,0.4828513786146604
1366,0.2471,18,22,18,604094,1516,106538,1418,0.01404275816073215,0.4832992501704158
1367,0.2472,21,23,21,604117,1493,106559,1397,0.013829708399718404,0.48339100346020764
1368,0.2473,25,16,25,604133,1477,106584,1372,0.013681499870317537,0.48157248157248156
1369,0.2474,22,13,22,604146,1464,106606,1350,0.013561080440179332,0.47974413646055436
1370,0.2475,32,28,32,604174,1436,106638,1318,0.013301715513727814,0.4785766158315178
1371,0.2476,18,20,18,604194,1416,106656,1300,0.013116454851976732,0.4786450662739323
1372,0.2477,42,30,42,604224,1386,106698,1258,0.012838563859350106,0.47579425113464446
1373,0.2478,24,27,24,604251,1359,106722,1234,0.012588461965986142,0.47589664481295796
1374,0.2479,31,37,31,604288,1322,106753,1203,0.012245729741746637,0.4764356435643564
1375,0.248,14,20,14,604308,1302,106767,1189,0.012060469079995554,0.47731834604576473
1376,0.2481,21,16,21,604324,1286,106788,1168,0.011912260550594687,0.4759576202118989
1377,0.2482,28,17,28,604341,1269,106816,1140,0.011754788988106266,0.47322540473225405
1378,0.2483,24,20,24,604361,1249,106840,1116,0.011569528326355182,0.4718816067653277
1379,0.2484,18,16,18,604377,1233,106858,1098,0.011421319796954314,0.47104247104247104
1380,0.2485,23,27,23,604404,1206,106881,1075,0.01117121790359035,0.4712845243314336
1381,0.2486,26,24,26,604428,1182,106907,1049,0.010948905109489052,0.4701927386822053
1382,0.2487,11,10,11,604438,1172,106918,1038,0.01085627477861351,0.46968325791855203
1383,0.2488,23,13,23,604451,1159,106941,1015,0.010735855348475305,0.4668813247470101
1384,0.2489,12,18,12,604469,1141,106953,1003,0.01056912075289933,0.46781716417910446
1385,0.249,14,9,14,604478,1132,106967,989,0.010485753455111341,0.4662894860914663
1386,0.2491,8,9,8,604487,1123,106975,981,0.010402386157323354,0.46625475285171103
1387,0.2492,16,18,16,604505,1105,106991,965,0.010235651561747378,0.46618357487922707
1388,0.2493,21,30,21,604535,1075,107012,944,0.009957760569120754,0.46755819712729074
1389,0.2494,11,14,11,604549,1061,107023,933,0.009828078105894995,0.4679037111334002
1390,0.2495,8,14,8,604563,1047,107031,925,0.009698395642669236,0.46906693711967545
1391,0.2496,11,21,11,604584,1026,107042,914,0.009503871947830598,0.4711340206185567
1392,0.2497,16,18,16,604602,1008,107058,898,0.009337137352254622,0.47114375655823715
1393,0.2498,15,11,15,604613,997,107073,883,0.009235243988291526,0.4696808510638298
1394,0.2499,6,11,6,604624,986,107079,877,0.00913335062432843,0.47074610842726783
1395,0.25,15,20,15,604644,966,107094,862,0.008948089962577347,0.47155361050328226
1396,0.2501,13,22,13,604666,944,107107,849,0.008744303234651155,0.4735080870050195
1397,0.2502,8,11,8,604677,933,107115,841,0.008642409870688058,0.4740698985343856
1398,0.2503,18,16,18,604693,917,107133,823,0.008494201341287191,0.4729885057471264
1399,0.2504,18,14,18,604707,903,107151,805,0.008364518878061432,0.4713114754098361
1400,0.2505,9,13,9,604720,890,107160,796,0.008244099447923228,0.4721233689205219
1401,0.2506,11,21,11,604741,869,107171,785,0.00804957575308459,0.4746070133010883
1402,0.2507,15,16,15,604757,853,107186,770,0.007901367223683724,0.47443006777572394
1403,0.2508,6,16,6,604773,837,107192,764,0.007753158694282856,0.4772017489069332
1404,0.2509,12,13,12,604786,824,107204,752,0.007632739264144652,0.47715736040609136
1405,0.251,12,23,12,604809,801,107216,740,0.007419689503130905,0.48020765736534715
1406,0.2511,20,20,20,604829,781,107236,720,0.007234428841379821,0.47968021319120585
1407,0.2512,12,20,12,604849,761,107248,708,0.007049168179628738,0.48196051735874745
1408,0.2513,11,13,11,604862,748,107259,697,0.006928748749490533,0.4823529411764706
1409,0.2514,12,12,12,604874,736,107271,685,0.006817592352439883,0.48205489092188597
1410,0.2515,18,16,18,604890,720,107289,667,0.0066693838230390155,0.4808940158615717
1411,0.2516,14,16,14,604906,704,107303,653,0.006521175293638149,0.4812085482682388
1412,0.2517,13,13,13,604919,691,107316,640,0.0064007558634999445,0.48084147257700977
1413,0.2518,17,19,17,604938,672,107333,623,0.006224758234836415,0.4810810810810811
1414,0.2519,7,7,7,604945,665,107340,616,0.006159917003223535,0.4808743169398907
1415,0.252,7,7,7,604952,658,107347,609,0.006095075771610657,0.48066298342541436
1416,0.2521,8,13,8,604965,645,107355,601,0.005974656341472452,0.4823434991974318
1417,0.2522,7,7,7,604972,638,107362,594,0.0059098151098595725,0.48214285714285715
1418,0.2523,9,10,9,604982,628,107371,585,0.0058171847789840305,0.482275350370981
1419,0.2524,17,15,17,604997,613,107388,568,0.005678239282670717,0.4809483488569009
1420,0.2525,8,8,8,605005,605,107396,560,0.005604135017970284,0.48068669527896996
1421,0.2526,19,16,19,605021,589,107415,541,0.005455926488569417,0.47876106194690266
1422,0.2527,20,14,20,605035,575,107435,521,0.0053262440253436585,0.47536496350364965
1423,0.2528,14,10,14,605045,565,107449,507,0.0052336136944681165,0.47294776119402987
1424,0.2529,13,11,13,605056,554,107462,494,0.00513172033050502,0.4713740458015267
1425,0.253,9,10,9,605066,544,107471,485,0.005039089999629479,0.4713313896987366
1426,0.2531,14,8,14,605074,536,107485,471,0.0049649857349290455,0.46772591857000995
1427,0.2532,12,12,12,605086,524,107497,459,0.004853829337878395,0.4669379450661241
1428,0.2533,13,11,13,605097,513,107510,446,0.004751935973915299,0.46506777893639206
1429,0.2534,7,11,7,605108,502,107517,439,0.0046500426099522025,0.4665249734325186
1430,0.2535,6,7,6,605115,495,107523,433,0.004585201378339323,0.4665948275862069
1431,0.2536,6,14,6,605129,481,107529,427,0.004455518915113565,0.47026431718061673
1432,0.2537,5,6,5,605135,475,107534,422,0.00439994071658824,0.47045707915273133
1433,0.2538,9,9,9,605144,466,107543,413,0.004316573418800252,0.46985210466439137
1434,0.2539,13,10,13,605154,456,107556,400,0.00422394308792471,0.4672897196261682
1435,0.254,18,11,18,605165,445,107574,382,0.004122049723961614,0.4619105199516324
1436,0.2541,7,8,7,605173,437,107581,375,0.00404794545926118,0.4618226600985222
1437,0.2542,9,9,9,605182,428,107590,366,0.003964578161473193,0.4609571788413098
1438,0.2543,8,12,8,605194,416,107598,358,0.0038534217644225427,0.4625322997416021
1439,0.2544,11,9,11,605203,407,107609,347,0.003770054466634555,0.46021220159151194
1440,0.2545,4,11,4,605214,396,107613,343,0.0036681611026714587,0.46414073071718537
1441,0.2546,11,9,11,605223,387,107624,332,0.0035847938048834713,0.4617524339360223
1442,0.2547,6,10,6,605233,377,107630,326,0.003492163474007929,0.46372688477951635
1443,0.2548,7,7,7,605240,370,107637,319,0.00342732224239505,0.4629898403483309
1444,0.2549,10,11,10,605251,359,107647,309,0.0033254288784319535,0.4625748502994012
1445,0.255,7,5,7,605256,354,107654,302,0.003279113712994183,0.4603658536585366
1446,0.2551,3,8,3,605264,346,107657,299,0.0032050094482937493,0.4635658914728682
1447,0.2552,6,10,6,605274,336,107663,293,0.0031123791174182073,0.465818759936407
1448,0.2553,5,10,5,605284,326,107668,288,0.0030197487865426657,0.46905537459283386
1449,0.2554,5,1,5,605285,325,107673,283,0.0030104857534551115,0.4654605263157895
1450,0.2555,9,7,9,605292,318,107682,274,0.002945644521842232,0.46283783783783783
1451,0.2556,4,8,4,605300,310,107686,270,0.0028715402571417984,0.46551724137931033
1452,0.2557,6,9,6,605309,301,107692,264,0.002788172959353811,0.4672566371681416
1453,0.2558,5,8,5,605317,293,107697,259,0.0027140686946533774,0.4692028985507246
1454,0.2559,3,7,3,605324,286,107700,256,0.002649227463040498,0.47232472324723246
1455,0.256,8,10,8,605334,276,107708,248,0.002556597132164956,0.4732824427480916
1456,0.2561,6,8,6,605342,268,107714,242,0.0024824928674645227,0.4745098039215686
1457,0.2562,7,5,7,605347,263,107721,235,0.0024361777020267517,0.4718875502008032
1458,0.2563,4,7,4,605354,256,107725,231,0.0023713364704138723,0.47433264887063653
1459,0.2564,6,7,6,605361,249,107731,225,0.002306495238800993,0.47468354430379744
1460,0.2565,4,4,4,605365,245,107735,221,0.002269443106450776,0.4742489270386266
1461,0.2566,9,13,9,605378,232,107744,212,0.002149023676312572,0.4774774774774775
1462,0.2567,1,2,1,605380,230,107745,211,0.0021304976101374634,0.47845804988662133
1463,0.2568,6,6,6,605386,224,107751,205,0.002074919411612138,0.47785547785547783
1464,0.2569,4,5,4,605391,219,107755,201,0.002028604246174367,0.4785714285714286
1465,0.257,8,10,8,605401,209,107763,193,0.0019359739152988254,0.48009950248756217
1466,0.2571,5,9,5,605410,200,107768,188,0.0018526066175108377,0.4845360824742268
1467,0.2572,2,3,2,605413,197,107770,186,0.0018248175182481751,0.4856396866840731
1468,0.2573,2,3,2,605416,194,107772,184,0.0017970284189855125,0.48677248677248675
1469,0.2574,4,3,4,605419,191,107776,180,0.0017692393197228501,0.48517520215633425
1470,0.2575,2,6,2,605425,185,107778,178,0.001713661121197525,0.4903581267217631
1471,0.2576,4,7,4,605432,178,107782,174,0.0016488198895846457,0.4943181818181818
1472,0.2577,7,5,7,605437,173,107789,167,0.0016025047241468747,0.49117647058823527
1473,0.2578,8,4,8,605441,169,107797,159,0.0015654525917966578,0.4847560975609756
1474,0.2579,5,3,5,605444,166,107802,154,0.0015376634925339952,0.48125
1475,0.258,4,6,4,605450,160,107806,150,0.0014820852940086702,0.4838709677419355
1476,0.2581,3,7,3,605457,153,107809,147,0.0014172440623957908,0.49
1477,0.2582,6,10,6,605467,143,107815,141,0.001324613731520249,0.4964788732394366
1478,0.2583,4,2,4,605469,141,107819,137,0.0013060876653451406,0.49280575539568344
1479,0.2584,0,5,0,605474,136,107819,137,0.0012597724999073698,0.5018315018315018
1480,0.2585,4,1,4,605475,135,107823,133,0.0012505094668198156,0.4962686567164179
1481,0.2586,9,5,9,605480,130,107832,124,0.0012041943013820445,0.4881889763779528
1482,0.2587,2,5,2,605485,125,107834,122,0.0011578791359442735,0.4939271255060729
1483,0.2588,3,4,3,605489,121,107837,119,0.001120827003594057,0.49583333333333335
1484,0.2589,2,6,2,605495,115,107839,117,0.0010652488050687317,0.5043103448275862
1485,0.259,2,1,2,605496,114,107841,115,0.0010559857719811775,0.5021834061135371
1486,0.2591,6,3,6,605499,111,107847,109,0.001028196672718515,0.4954545454545455
1487,0.2592,1,5,1,605504,106,107848,108,0.000981881507280744,0.5046728971962616
1488,0.2593,2,4,2,605508,102,107850,106,0.0009448293749305273,0.5096153846153846
1489,0.2594,7,4,7,605512,98,107857,99,0.0009077772425803105,0.5025380710659898
1490,0.2595,2,2,2,605514,96,107859,97,0.0008892511764052022,0.5025906735751295
1491,0.2596,2,2,2,605516,94,107861,95,0.0008707251102300938,0.5026455026455027
1492,0.2597,0,3,0,605519,91,107861,95,0.0008429360109674311,0.510752688172043
1493,0.2598,2,10,2,605529,81,107863,93,0.0007503056800918893,0.5344827586206896
1494,0.2599,3,2,3,605531,79,107866,90,0.0007317796139167809,0.5325443786982249
1495,0.26,2,1,2,605532,78,107868,88,0.0007225165808292267,0.5301204819277109
1496,0.2601,5,0,5,605532,78,107873,83,0.0007225165808292267,0.515527950310559
1497,0.2602,2,1,2,605533,77,107875,81,0.0007132535477416725,0.5126582278481012
1498,0.2603,2,2,2,605535,75,107877,79,0.0006947274815665642,0.512987012987013
1499,0.2604,6,4,6,605539,71,107883,73,0.0006576753492163474,0.5069444444444444
1500,0.2605,2,1,2,605540,70,107885,71,0.0006484123161287932,0.5035460992907801
1501,0.2606,6,2,6,605542,68,107891,65,0.0006298862499536849,0.48872180451127817
1502,0.2607,1,1,1,605543,67,107892,64,0.0006206232168661307,0.48854961832061067
1503,0.2608,1,1,1,605544,66,107893,63,0.0006113601837785765,0.4883720930232558
1504,0.2609,2,8,2,605552,58,107895,61,0.000537255919078143,0.5126050420168067
1505,0.261,1,3,1,605555,55,107896,60,0.0005094668198154803,0.5217391304347826
1506,0.2611,5,3,5,605558,52,107901,55,0.00048167772055281784,0.514018691588785
1507,0.2613,3,3,3,605561,49,107904,52,0.00045388862129015523,0.5148514851485149
1508,0.2614,4,4,4,605565,45,107908,48,0.00041683648893993847,0.5161290322580645
1509,0.2615,3,1,3,605566,44,107911,45,0.0004075734558523843,0.5056179775280899
1510,0.2616,1,3,1,605569,41,107912,44,0.00037978435658972176,0.5176470588235295
1511,0.2617,2,4,2,605573,37,107914,42,0.000342732224239505,0.5316455696202531
1512,0.2618,0,1,0,605574,36,107914,42,0.0003334691911519508,0.5384615384615384
1513,0.2619,1,3,1,605577,33,107915,41,0.00030568009188928824,0.5540540540540541
1514,0.262,1,3,1,605580,30,107916,40,0.0002778909926266257,0.5714285714285714
1515,0.2621,1,0,1,605580,30,107917,39,0.0002778909926266257,0.5652173913043478
1516,0.2622,1,1,1,605581,29,107918,38,0.0002686279595390715,0.5671641791044776
1517,0.2623,2,3,2,605584,26,107920,36,0.00024083886027640892,0.5806451612903226
1518,0.2624,1,0,1,605584,26,107921,35,0.00024083886027640892,0.5737704918032787
1519,0.2625,1,1,1,605585,25,107922,34,0.00023157582718885472,0.576271186440678
1520,0.2626,0,2,0,605587,23,107922,34,0.00021304976101374634,0.5964912280701754
1521,0.2627,2,2,2,605589,21,107924,32,0.00019452369483863796,0.6037735849056604
1522,0.2628,3,2,3,605591,19,107927,29,0.00017599762866352957,0.6041666666666666
1523,0.2629,2,0,2,605591,19,107929,27,0.00017599762866352957,0.5869565217391305
1524,0.263,1,2,1,605593,17,107930,26,0.00015747156248842122,0.6046511627906976
1525,0.2631,2,2,2,605595,15,107932,24,0.00013894549631331284,0.6153846153846154
1526,0.2632,1,0,1,605595,15,107933,23,0.00013894549631331284,0.6052631578947368
1527,0.2633,3,1,3,605596,14,107936,20,0.00012968246322575864,0.5882352941176471
1528,0.2634,2,1,2,605597,13,107938,18,0.00012041943013820446,0.5806451612903226
1529,0.2635,1,0,1,605597,13,107939,17,0.00012041943013820446,0.5666666666666667
1530,0.2636,1,0,1,605597,13,107940,16,0.00012041943013820446,0.5517241379310345
1531,0.2637,1,0,1,605597,13,107941,15,0.00012041943013820446,0.5357142857142857
1532,0.2638,3,0,3,605597,13,107944,12,0.00012041943013820446,0.48
1533,0.2639,0,3,0,605600,10,107944,12,9.263033087554189e-05,0.5454545454545454
1534,0.264,2,2,2,605602,8,107946,10,7.410426470043351e-05,0.5555555555555556
1535,0.2641,1,1,1,605603,7,107947,9,6.484123161287932e-05,0.5625
1536,0.2644,0,2,0,605605,5,107947,9,4.6315165437770945e-05,0.6428571428571429
1537,0.2645,1,0,1,605605,5,107948,8,4.6315165437770945e-05,0.6153846153846154
1538,0.2646,2,0,2,605605,5,107950,6,4.6315165437770945e-05,0.5454545454545454
1539,0.2654,1,0,1,605605,5,107951,5,4.6315165437770945e-05,0.5
1540,0.2657,1,0,1,605605,5,107952,4,4.6315165437770945e-05,0.4444444444444444
1541,0.2658,2,1,2,605606,4,107954,2,3.7052132350216754e-05,0.3333333333333333
1542,0.2663,1,0,1,605606,4,107955,1,3.7052132350216754e-05,0.2
1543,0.2685,0,2,0,605608,2,107955,1,1.8526066175108377e-05,0.3333333333333333
1544,0.2701,0,1,0,605609,1,107955,1,9.263033087554189e-06,0.5
1545,0.2702,0,1,0,605610,0,107955,1,0.0,1.0
1546,0.2707,1,0,1,605610,0,107956,0,0.0,
