,y_proba,y_test,Neg,Pos,TN,FP,FN,TP,FP/P,Prec
0,0.49137,0,1,0,1,605609,0,107956,5.609776205120605,0.1512910526721462
1,0.49138,0,1,0,2,605608,0,107956,5.609766942087517,0.15129126469384666
2,0.49139,0,10,0,12,605598,0,107956,5.609674311756642,0.15129338494353617
3,0.4914,0,14,0,26,605584,0,107956,5.609544629293416,0.15129635339294223
4,0.49141,1,23,1,49,605561,1,107955,5.609331579532402,0.15130004092409982
5,0.49142,0,28,0,77,605533,1,107955,5.60907221460595,0.15130597851680758
6,0.49143,3,43,3,120,605490,4,107952,5.608673904183186,0.15131152917826537
7,0.49144,0,17,0,137,605473,4,107952,5.608516432620697,0.15131513473735853
8,0.49145,0,4,0,141,605469,4,107952,5.6084793804883475,0.15131598312917618
9,0.49146,1,0,1,141,605469,5,107951,5.6084793804883475,0.15131479352975807
10,0.49147,0,4,0,145,605465,5,107951,5.608442328355997,0.15131564192560862
11,0.49148,0,1,0,146,605464,5,107951,5.6084330653229095,0.15131585402605777
12,0.4915,1,1,1,147,605463,6,107950,5.608423802289821,0.1513148765161274
13,0.49151,0,1,0,148,605462,6,107950,5.608414539256734,0.1513150886163956
14,0.49152,1,3,1,151,605459,7,107949,5.608386750157472,0.15131453530097785
15,0.49153,2,14,2,165,605445,9,107947,5.608257067694246,0.15131512548500684
16,0.49154,2,14,2,179,605431,11,107945,5.60812738523102,0.1513157156955098
17,0.49155,4,13,4,192,605418,15,107941,5.6080069658008815,0.15131371441307953
18,0.49156,2,32,2,224,605386,17,107939,5.60771054874208,0.15131812287526725
19,0.49157,1,15,1,239,605371,18,107938,5.607571603245767,0.1513201151254225
20,0.49158,1,20,1,259,605351,19,107937,5.607386342584015,0.15132316820134364
21,0.49159,0,18,0,277,605333,19,107937,5.60721960798844,0.15132698697547914
22,0.4916,3,37,3,314,605296,22,107934,5.6068768757642005,0.1513312676135328
23,0.49161,0,19,0,333,605277,22,107934,5.606700878135537,0.15133529909101234
24,0.49162,6,49,6,382,605228,28,107928,5.606246989514246,0.151338557061849
25,0.49163,5,33,5,415,605195,33,107923,5.605941309422358,0.15133960999441887
26,0.49164,2,17,2,432,605178,35,107921,5.605783837859869,0.15134083766770112
27,0.49165,3,33,3,465,605145,38,107918,5.60547815776798,0.1513442711233089
28,0.49166,2,22,2,487,605123,40,107916,5.605274371040053,0.15134656028632376
29,0.49167,0,9,0,496,605114,40,107916,5.605191003742266,0.15134847061133472
30,0.49168,8,30,8,526,605084,48,107908,5.604913112749639,0.15134531663749382
31,0.49169,4,24,4,550,605060,52,107904,5.604690799955537,0.15134564999074288
32,0.4917,6,42,6,592,605018,58,107898,5.60430175256586,0.15134742381991706
33,0.49171,5,17,5,609,605001,63,107893,5.6041442810033715,0.15134508075534372
34,0.49172,4,26,4,635,604975,67,107889,5.603903442143095,0.15134583875746285
35,0.49173,2,9,2,644,604966,69,107887,5.6038200748453075,0.15134536854021796
36,0.49174,0,2,0,646,604964,69,107887,5.603801548779132,0.15134579316014146
37,0.49175,0,2,0,648,604962,69,107887,5.603783022712957,0.1513462177824476
38,0.49176,1,30,1,678,604932,70,107886,5.603505131720331,0.1513513968502479
39,0.49177,5,25,5,703,604907,75,107881,5.603273555893142,0.1513507522573332
40,0.49178,2,39,2,742,604868,77,107879,5.602912297602727,0.15135665250081726
41,0.49179,2,43,2,785,604825,79,107877,5.602513987179962,0.1513634029369919
42,0.4918,12,47,12,832,604778,91,107865,5.6020786246248475,0.15135909564817165
43,0.49181,5,21,5,853,604757,96,107860,5.601884100930008,0.1513576016289255
44,0.49182,7,5,7,858,604752,103,107853,5.6018377857645705,0.15135032732018439
45,0.49183,5,26,5,884,604726,108,107848,5.601596946904294,0.15134989488810988
46,0.49184,2,10,2,894,604716,110,107846,5.601504316573418,0.15134963694387296
47,0.49187,0,5,0,899,604711,110,107846,5.601458001407981,0.15135069896162692
48,0.49188,0,3,0,902,604708,110,107846,5.601430212308719,0.15135133617943342
49,0.49189,0,10,0,912,604698,110,107846,5.601337581977843,0.15135346027754076
50,0.4919,5,29,5,941,604669,115,107841,5.601068954018304,0.15135366521171634
51,0.49191,4,14,4,955,604655,119,107837,5.600939271555078,0.15135187482806825
52,0.49192,2,18,2,973,604637,121,107835,5.600772536959502,0.1513533163408527
53,0.49193,2,39,2,1012,604598,123,107833,5.600411278669087,0.15135921934896152
54,0.49194,0,19,0,1031,604579,123,107833,5.6002352810404235,0.15136325609338416
55,0.49195,2,16,2,1047,604563,125,107831,5.600087072511023,0.15136427314098658
56,0.49196,4,50,4,1097,604513,129,107827,5.599623920856645,0.15137013224022236
57,0.49197,2,16,2,1113,604497,131,107825,5.599475712327244,0.1513711495643824
58,0.49198,0,23,0,1136,604474,131,107825,5.599262662566231,0.15137603731017452
59,0.49199,6,121,6,1257,604353,137,107819,5.598141835562637,0.15139460692080003
60,0.492,9,130,9,1387,604223,146,107810,5.596937641261254,0.15141152165700186
61,0.49201,18,208,18,1595,604015,164,107792,5.595010930379043,0.15143430733330804
62,0.49202,18,330,18,1925,603685,182,107774,5.5919541294601505,0.15148307913737827
63,0.49203,20,258,20,2183,603427,202,107754,5.589564266923562,0.15151417149783247
64,0.49204,17,325,17,2508,603102,219,107737,5.586553781170107,0.15156315283770305
65,0.49205,25,313,25,2821,602789,244,107712,5.583654451813702,0.15160006812094565
66,0.49206,15,167,15,2988,602622,259,107697,5.58210752528808,0.15161779425863592
67,0.49207,5,35,5,3023,602587,264,107692,5.581783319130016,0.15161929326363302
68,0.49208,6,39,6,3062,602548,270,107686,5.581422060839602,0.15162045185108006
69,0.49209,4,22,4,3084,602526,274,107682,5.581218274111675,0.15162037037037038
70,0.4921,0,3,0,3087,602523,274,107682,5.581190485012413,0.1516210108348998
71,0.49212,2,29,2,3116,602494,276,107680,5.580921857052873,0.15162481307397904
72,0.49213,6,58,6,3174,602436,282,107674,5.580384601133796,0.15163002915041332
73,0.49214,13,80,13,3254,602356,295,107661,5.579643558486791,0.15163158065229423
74,0.49215,20,178,20,3432,602178,315,107641,5.577994738597206,0.15164570122805954
75,0.49216,18,155,18,3587,602023,333,107623,5.576558968468635,0.1516573051916026
76,0.49217,24,234,24,3821,601789,357,107599,5.574391418726147,0.1516786300303924
77,0.49218,29,300,29,4121,601489,386,107570,5.571612508799881,0.15170810891618328
78,0.49219,22,158,22,4279,601331,408,107548,5.570148949572048,0.15171559603260923
79,0.4922,15,175,15,4454,601156,423,107533,5.568527918781726,0.1517351052436259
80,0.49221,31,214,31,4668,600942,454,107502,5.56654562970099,0.15174382167115538
81,0.49222,34,209,34,4877,600733,488,107468,5.564609655785691,0.15174787948619106
82,0.49223,19,231,19,5108,600502,507,107449,5.562469895142465,0.1517746284700495
83,0.49224,47,322,47,5430,600180,554,107402,5.559487198488273,0.15178735468115356
84,0.49225,37,244,37,5674,599936,591,107365,5.55722701841491,0.15179534597010325
85,0.49226,12,173,12,5847,599763,603,107353,5.555624513690763,0.15181808925268273
86,0.49227,28,249,28,6096,599514,631,107325,5.553318018451962,0.151837971589004
87,0.49228,30,184,30,6280,599330,661,107295,5.5516136203638515,0.1518415000884486
88,0.49229,29,139,29,6419,599191,690,107266,5.550326058764682,0.15183655905454968
89,0.4923,54,287,54,6706,598904,744,107212,5.547667568268554,0.1518334098080202
90,0.49231,53,291,53,6997,598613,797,107159,5.544972025640075,0.1518323197859932
91,0.49232,40,245,40,7242,598368,837,107119,5.542702582533625,0.1518369580162356
92,0.49233,63,207,63,7449,598161,900,107056,5.540785134684501,0.15180575624240483
93,0.49234,49,291,49,7740,597870,949,107007,5.538089592056023,0.15180946462999928
94,0.49235,12,151,12,7891,597719,961,106995,5.536690874059802,0.15182754989967562
95,0.49236,2,89,2,7980,597630,963,106993,5.53586646411501,0.1518443195865023
96,0.49237,5,184,5,8164,597446,968,106988,5.5341620660269,0.15187796159753789
97,0.49238,23,343,23,8507,597103,991,106965,5.530984845677869,0.15192424595351586
98,0.49239,44,286,44,8793,596817,1035,106921,5.528335618214828,0.1519329636881908
99,0.4924,61,329,61,9122,596488,1096,106860,5.525288080329023,0.15193048107053692
100,0.49241,69,486,69,9608,596002,1165,106791,5.520786246248472,0.1519522818240933
101,0.49242,80,309,80,9917,595693,1245,106711,5.517923969024418,0.1519225403044402
102,0.49243,51,149,51,10066,595544,1296,106660,5.5165437770943715,0.15189318203826807
103,0.49244,38,102,38,10168,595442,1334,106622,5.515598947719441,0.15186934524487797
104,0.49245,57,141,57,10309,595301,1391,106565,5.514292860054096,0.15183097628322215
105,0.49246,16,60,16,10369,595241,1407,106549,5.513737078068843,0.15182461990054005
106,0.49247,1,22,1,10391,595219,1408,106548,5.5135332913409165,0.15182817088862827
107,0.49248,4,24,4,10415,595195,1412,106544,5.513310978546816,0.15182852884049483
108,0.49249,11,84,11,10499,595111,1423,106533,5.512532883767461,0.15183340839514056
109,0.4925,9,73,9,10572,595038,1432,106524,5.511856682352069,0.15183832647720372
110,0.49251,5,113,5,10685,594925,1437,106519,5.510809959613176,0.15185674123664897
111,0.49252,15,177,15,10862,594748,1452,106504,5.509170402756679,0.1518769286932515
112,0.49253,21,179,21,11041,594569,1473,106483,5.507512319834007,0.15189030200327508
113,0.49254,23,220,23,11261,594349,1496,106460,5.505474452554744,0.15191014955572774
114,0.49255,18,196,18,11457,594153,1514,106442,5.503658898069584,0.15193085877004547
115,0.49256,16,161,16,11618,593992,1530,106426,5.502167549742488,0.15194640914425386
116,0.49257,15,142,15,11760,593850,1545,106411,5.500852199044055,0.15195905526653633
117,0.49258,27,264,27,12024,593586,1572,106384,5.498406758308941,0.15198365644241896
118,0.49259,42,220,42,12244,593366,1614,106342,5.496368891029679,0.15198054045401796
119,0.4926,22,187,22,12431,593179,1636,106320,5.494636703842306,0.15199449891994127
120,0.49261,36,345,36,12776,592834,1672,106284,5.4914409574271,0.15202583827050656
121,0.49262,55,235,55,13011,592599,1727,106229,5.489264144651525,0.1520102228302243
122,0.49263,19,90,19,13101,592509,1746,106210,5.488430471673645,0.1520067437696699
123,0.49264,19,135,19,13236,592374,1765,106191,5.487179962206825,0.15201305533486503
124,0.49265,30,151,30,13387,592223,1795,106161,5.485781244210604,0.15200949620838966
125,0.49266,32,207,32,13594,592016,1827,106129,5.48386379636148,0.15201569874453014
126,0.49267,41,288,41,13882,591728,1868,106088,5.481196042832265,0.15202861499306408
127,0.49268,38,142,38,14024,591586,1906,106050,5.4798806921338326,0.15201337086962255
128,0.49269,21,133,21,14157,591453,1927,106029,5.478648708733187,0.15201682624067717
129,0.4927,8,96,8,14253,591357,1935,106021,5.4777594575567825,0.15202802497354376
130,0.49271,2,40,2,14293,591317,1937,106019,5.477388936233281,0.15203431344430804
131,0.49272,7,34,7,14327,591283,1944,106012,5.477073993108303,0.15203321406291453
132,0.49273,4,34,4,14361,591249,1948,106008,5.476759049983326,0.1520357629970011
133,0.49274,16,60,16,14421,591189,1964,105992,5.476203267998073,0.15202938691674042
134,0.49275,44,149,44,14570,591040,2008,105948,5.474823076068028,0.15200835595447842
135,0.49276,27,72,27,14642,590968,2035,105921,5.474156137685724,0.15199120663405508
136,0.49277,37,152,37,14794,590816,2072,105884,5.472748156656416,0.1519793311324817
137,0.49278,51,176,51,14970,590640,2123,105833,5.471117862833006,0.15195563934280296
138,0.49279,22,83,22,15053,590557,2145,105811,5.470349031086739,0.1519469590791076
139,0.4928,21,69,21,15122,590488,2166,105790,5.4697098818036975,0.15193643918090188
140,0.49281,18,45,18,15167,590443,2184,105772,5.469293045314758,0.15192433371875066
141,0.49282,1,12,1,15179,590431,2185,105771,5.469181888917707,0.1519257341978334
142,0.49283,0,9,0,15188,590422,2185,105771,5.4690985216199195,0.15192769821012278
143,0.49284,1,19,1,15207,590403,2186,105770,5.468922523991256,0.15193062643911787
144,0.49285,2,21,2,15228,590382,2188,105768,5.468728000296417,0.1519327731092437
145,0.49286,2,14,2,15242,590368,2190,105766,5.468598317833191,0.151933392134273
146,0.49287,3,25,3,15267,590343,2193,105763,5.468366742006002,0.1519351937779591
147,0.49288,1,12,1,15279,590331,2194,105762,5.468255585608952,0.15193659467915924
148,0.49289,2,26,2,15305,590305,2196,105760,5.4680147467486755,0.15193983320523227
149,0.4929,6,22,6,15327,590283,2202,105754,5.467810960020749,0.151937325170932
150,0.49291,1,23,1,15350,590260,2203,105753,5.467597910259736,0.15194112753641095
151,0.49292,3,23,3,15373,590237,2206,105750,5.467384860498722,0.15194249317875191
152,0.49293,8,112,8,15485,590125,2214,105742,5.466347400792916,0.15195719871757102
153,0.49294,9,124,9,15609,590001,2223,105733,5.465198784690059,0.15197331163921843
154,0.49295,6,98,6,15707,589903,2229,105727,5.464291007447478,0.15198740709860126
155,0.49296,16,275,16,15982,589628,2245,105711,5.461743673348401,0.15202800360687377
156,0.49297,24,333,24,16315,589295,2269,105687,5.458659083330246,0.15207156444339565
157,0.49298,25,222,25,16537,589073,2294,105662,5.456602689984809,0.15208964569224237
158,0.49299,17,279,17,16816,588794,2311,105645,5.454018303753381,0.15212999269914276
159,0.493,7,141,7,16957,588653,2318,105638,5.4527122160880355,0.1521523395809538
160,0.49301,3,34,3,16991,588619,2321,105635,5.452397272963059,0.15215612729634975
161,0.49302,3,27,3,17018,588592,2324,105632,5.452147171069695,0.1521583811565143
162,0.49303,4,25,4,17043,588567,2328,105628,5.4519155952425065,0.15215897550400104
163,0.49305,2,19,2,17062,588548,2330,105626,5.451739597613843,0.1521606974620196
164,0.49306,2,17,2,17079,588531,2332,105624,5.451582126051354,0.1521619811137282
165,0.49307,7,47,7,17126,588484,2339,105617,5.451146763496239,0.15216373409633469
166,0.49308,13,91,13,17217,588393,2352,105604,5.450303827485272,0.15216780475996294
167,0.49309,9,124,9,17341,588269,2361,105595,5.449155211382415,0.15218400147579353
168,0.4931,30,176,30,17517,588093,2391,105565,5.447524917559005,0.15218594754187223
169,0.49311,27,215,27,17732,587878,2418,105538,5.445533365445181,0.1522001222931112
170,0.49312,13,167,13,17899,587711,2431,105525,5.44398643891956,0.15222088870168313
171,0.49313,34,170,34,18069,587541,2465,105491,5.442411723294676,0.15221663646123124
172,0.49314,23,150,23,18219,587391,2488,105468,5.441022268331542,0.15222144765385165
173,0.49315,15,167,15,18386,587224,2503,105453,5.439475341805921,0.15223978853058495
174,0.49316,28,216,28,18602,587008,2531,105425,5.43747452665901,0.15225299776296045
175,0.49317,28,194,28,18796,586814,2559,105397,5.4356774982400236,0.15226137695009181
176,0.49318,55,271,55,19067,586543,2614,105342,5.433167216273296,0.15225362596385236
177,0.49319,27,195,27,19262,586348,2641,105315,5.431360924821224,0.15226345778218583
178,0.4932,31,181,31,19443,586167,2672,105284,5.429684315832376,0.15226530874928232
179,0.49321,16,147,16,19590,586020,2688,105268,5.428322649968505,0.15227806644987327
180,0.49322,33,192,33,19782,585828,2721,105235,5.4265441476156955,0.15227989343952722
181,0.49323,29,210,29,19992,585618,2750,105206,5.424598910667309,0.15229059789468807
182,0.49324,36,168,36,20160,585450,2786,105170,5.4230427211086,0.15228345544583127
183,0.49325,63,220,63,20380,585230,2849,105107,5.421004853829338,0.15225462346650984
184,0.49326,67,300,67,20680,584930,2916,105040,5.418225943903072,0.1522385031233242
185,0.49327,17,100,17,20780,584830,2933,105023,5.417299640594316,0.1522396800477783
186,0.49328,27,182,27,20962,584648,2960,104996,5.415613768572381,0.15224666639599563
187,0.49329,11,94,11,21056,584554,2971,104985,5.414743043462151,0.1522538971689781
188,0.4933,4,68,4,21124,584486,2975,104981,5.414113157212197,0.1522639952310988
189,0.49331,12,216,12,21340,584270,2987,104969,5.412112342065286,0.1522969535966479
190,0.49332,23,158,23,21498,584112,3010,104946,5.410648782837452,0.15230357966963592
191,0.49333,34,242,34,21740,583870,3044,104912,5.408407128830264,0.1523152463333827
192,0.49334,60,358,60,22098,583512,3104,104852,5.40509096298492,0.15232057457972817
193,0.49335,76,379,76,22477,583133,3180,104776,5.401580273444737,0.15231084344004803
194,0.49336,73,254,73,22731,582879,3253,104703,5.399227463040498,0.15227711022103546
195,0.49337,38,129,38,22860,582750,3291,104665,5.398032531772204,0.15225882472742083
196,0.49338,63,180,63,23040,582570,3354,104602,5.396365185816443,0.1522209868853795
197,0.49339,32,97,32,23137,582473,3386,104570,5.395466671606951,0.15220299166136617
198,0.4934,14,44,14,23181,582429,3400,104556,5.395059098151099,0.1521954627830302
199,0.49341,3,34,3,23215,582395,3403,104553,5.394744155026122,0.15219929310515498
200,0.49342,4,58,4,23273,582337,3407,104549,5.3942068991070435,0.15220720760067902
201,0.49343,15,91,15,23364,582246,3422,104534,5.393363963096077,0.15220885873205392
202,0.49344,9,70,9,23434,582176,3431,104525,5.392715550779948,0.1522132631232516
203,0.49345,19,103,19,23537,582073,3450,104506,5.3917614583719295,0.15221263685606462
204,0.49346,17,195,17,23732,581878,3467,104489,5.389955166919856,0.1522348830873279
205,0.49347,11,130,11,23862,581748,3478,104478,5.388750972618475,0.15225013333799653
206,0.49348,21,214,21,24076,581534,3499,104457,5.3867686835377375,0.1522716770336637
207,0.49349,21,164,21,24240,581370,3520,104436,5.385249546111378,0.15228213226480958
208,0.4935,11,98,11,24338,581272,3531,104425,5.384341768868798,0.15229029731791155
209,0.49351,24,190,24,24528,581082,3555,104401,5.3825817925821635,0.15230282880830012
210,0.49352,28,189,28,24717,580893,3583,104373,5.380831079328615,0.1523101977918064
211,0.49353,27,179,27,24896,580714,3610,104346,5.379172996405943,0.15231658540857734
212,0.49354,28,281,28,25177,580433,3638,104318,5.376570084108341,0.15234442885077934
213,0.49355,27,153,27,25330,580280,3665,104291,5.375152840045945,0.15234504529113854
214,0.49356,28,173,28,25503,580107,3693,104263,5.373550335321798,0.15234887560822363
215,0.49357,19,79,19,25582,580028,3712,104244,5.372818555707881,0.15234292795847265
216,0.49358,13,86,13,25668,579942,3725,104231,5.372021934862351,0.15234597097517733
217,0.49359,27,127,27,25795,579815,3752,104204,5.370845529660232,0.15234079755094523
218,0.4936,37,248,37,26043,579567,3789,104167,5.3685482974545184,0.15235018296589026
219,0.49361,27,152,27,26195,579415,3816,104140,5.3671403164252105,0.15235057895853296
220,0.49362,25,105,25,26300,579310,3841,104115,5.366167697951017,0.1523429783809489
221,0.49363,26,109,26,26409,579201,3867,104089,5.3651580273444734,0.15233502612360783
222,0.49364,22,75,22,26484,579126,3889,104067,5.364463299862907,0.1523244529730252
223,0.49365,0,1,0,26485,579125,3889,104067,5.3644540368298195,0.15232467593297344
224,0.49366,0,1,0,26486,579124,3889,104067,5.364444773796732,0.15232489889357442
225,0.49367,1,1,1,26487,579123,3890,104066,5.364435510763644,0.1523238810929333
226,0.49368,10,26,10,26513,579097,3900,104056,5.364194671903368,0.15231727006980866
227,0.49369,18,109,18,26622,578988,3918,104038,5.3631850012968245,0.15231923821347942
228,0.4937,14,72,14,26694,578916,3932,104024,5.36251806291452,0.15231791958297947
229,0.49371,35,152,35,26846,578764,3967,103989,5.361110081885212,0.15230837506389572
230,0.49372,54,128,54,26974,578636,4021,103935,5.359924413650005,0.15226987375672274
231,0.49373,18,52,18,27026,578584,4039,103917,5.359442735929453,0.1522591175690585
232,0.49374,15,78,15,27104,578506,4054,103902,5.358720219348624,0.15225788677741176
233,0.49375,11,25,11,27129,578481,4065,103891,5.358488643521435,0.15224979922974566
234,0.49378,0,2,0,27131,578479,4065,103891,5.358470117455259,0.15225024546800123
235,0.49379,2,71,2,27202,578408,4067,103889,5.357812442106043,0.1522636036799224
236,0.4938,1,83,1,27285,578325,4068,103888,5.357043610359776,0.15228088588168212
237,0.49381,6,92,6,27377,578233,4074,103882,5.356191411315721,0.15229396802591938
238,0.49382,25,387,25,27764,577846,4099,103857,5.352606617510838,0.15234933688131047
239,0.49383,14,175,14,27939,577671,4113,103843,5.350985586720515,0.15237104446863894
240,0.49384,7,186,7,28125,577485,4120,103836,5.349262662566231,0.1524039329479056
241,0.49385,16,370,16,28495,577115,4136,103820,5.345835340323836,0.15246682869877448
242,0.49386,6,99,6,28594,577016,4142,103814,5.3449183000481675,0.15248152989733119
243,0.49387,8,105,8,28699,576911,4150,103806,5.343945681573975,0.15249508973626338
244,0.49388,3,29,3,28728,576882,4153,103803,5.343677053614435,0.15249785142907513
245,0.49389,0,28,0,28756,576854,4153,103803,5.343417688687984,0.1525041246912909
246,0.4939,0,5,0,28761,576849,4153,103803,5.3433713735225465,0.1525052449709984
247,0.49391,0,1,0,28762,576848,4153,103803,5.343362110489458,0.15250546902891496
248,0.49392,0,25,0,28787,576823,4153,103803,5.3431305346622695,0.15251107069080522
249,0.49393,5,34,5,28821,576789,4158,103798,5.342815591537293,0.1525124635057678
250,0.49394,7,67,7,28888,576722,4165,103791,5.342194968320427,0.15251876158133643
251,0.49395,5,129,5,29017,576593,4170,103786,5.341000037052132,0.15254145116177895
252,0.49396,20,195,20,29212,576398,4190,103766,5.339193745600059,0.1525602648772943
253,0.49397,18,203,18,29415,576195,4208,103748,5.337313349883286,0.15258337831259386
254,0.49398,20,221,20,29636,575974,4228,103728,5.335266219570936,0.15260805470632718
255,0.49399,18,313,18,29949,575661,4246,103710,5.332366890214532,0.15265591260150935
256,0.494,26,216,26,30165,575445,4272,103684,5.33036607506762,0.1526720254914751
257,0.49401,18,156,18,30321,575289,4290,103666,5.328921041905962,0.1526846403664455
258,0.49402,30,320,30,30641,574969,4320,103636,5.325956871317945,0.15271918126155865
259,0.49403,28,211,28,30852,574758,4348,103608,5.32400237133647,0.15273171120014858
260,0.49404,46,314,46,31166,574444,4394,103562,5.321093778946978,0.15274496095904755
261,0.49405,45,295,45,31461,574149,4439,103517,5.31836118418615,0.15275519208577676
262,0.49406,22,172,22,31633,573977,4461,103495,5.31676794249509,0.1527664611969203
263,0.49407,24,243,24,31876,573734,4485,103471,5.314517025454815,0.15279125227959037
264,0.49408,21,132,21,32008,573602,4506,103450,5.313294305087258,0.15279476317919452
265,0.49409,16,131,16,32139,573471,4522,103434,5.312080847752788,0.1528043078423117
266,0.4941,36,314,36,32453,573157,4558,103398,5.309172255363296,0.15283014684689344
267,0.49411,50,346,50,32799,572811,4608,103348,5.305967245915002,0.1528457064092913
268,0.49412,28,211,28,33010,572600,4636,103320,5.3040127459335284,0.15285832642916322
269,0.49413,44,249,44,33259,572351,4680,103276,5.3017062506947275,0.15285949199780352
270,0.49414,35,239,35,33498,572112,4715,103241,5.299492385786802,0.15286968444650428
271,0.49415,13,97,13,33595,572015,4728,103228,5.298593871577309,0.15287533524968047
272,0.49416,10,90,10,33685,571925,4738,103218,5.29776019859943,0.15288316697351523
273,0.49417,9,76,9,33761,571849,4747,103209,5.297056208084776,0.15288908508602223
274,0.49418,10,80,10,33841,571769,4757,103199,5.296315165437771,0.1528946557466428
275,0.49419,24,180,24,34021,571589,4781,103175,5.2946478194820115,0.1529053120794826
276,0.4942,47,187,47,34208,571402,4828,103128,5.292915632294639,0.15288867804248885
277,0.49421,49,186,49,34394,571216,4877,103079,5.291192708140353,0.15286929311354822
278,0.49422,61,280,61,34674,570936,4938,103018,5.288599058875838,0.15285612964683049
279,0.49423,59,179,59,34853,570757,4997,102959,5.286940975953166,0.15282255431071845
280,0.49424,32,123,32,34976,570634,5029,102927,5.285801622883397,0.15281021318039495
281,0.49425,57,213,57,35189,570421,5086,102870,5.283828596835748,0.15278683362765877
282,0.49426,34,91,34,35280,570330,5120,102836,5.282985660824781,0.1527646969692468
283,0.49427,10,92,10,35372,570238,5130,102826,5.282133461780726,0.15277299038427253
284,0.49428,9,43,9,35415,570195,5139,102817,5.28173515135796,0.15277142160912435
285,0.49429,8,60,8,35475,570135,5147,102809,5.281179369372707,0.15277497087424807
286,0.4943,4,17,4,35492,570118,5151,102805,5.281021897810219,0.15277379432713697
287,0.49431,1,30,1,35522,570088,5152,102804,5.280744006817592,0.15277934646273103
288,0.49432,0,34,0,35556,570054,5152,102804,5.280429063692615,0.15278706651329108
289,0.49433,2,72,2,35628,569982,5154,102802,5.279762125310311,0.15280089895122356
290,0.49434,12,80,12,35708,569902,5166,102790,5.2790210826633075,0.15280395782914022
291,0.49435,13,110,13,35818,569792,5179,102777,5.278002149023676,0.1528125738771784
292,0.49436,20,86,20,35904,569706,5199,102757,5.277205528178147,0.1528069202320425
293,0.49437,23,96,23,36000,569610,5222,102734,5.276316277001741,0.15279975726711326
294,0.49438,12,48,12,36048,569562,5234,102722,5.275871651413539,0.15279554474002058
295,0.49439,5,39,5,36087,569523,5239,102717,5.275510393123124,0.1527981078186362
296,0.4944,12,70,12,36157,569453,5251,102705,5.274861980806995,0.15279889549778475
297,0.49441,4,41,4,36198,569412,5255,102701,5.274482196450406,0.1528031744661984
298,0.49442,7,44,7,36242,569368,5262,102694,5.274074622994553,0.1528043543601632
299,0.49443,2,43,2,36285,569325,5264,102692,5.273676312571789,0.1528116104205697
300,0.49444,9,64,9,36349,569261,5273,102683,5.273083478454185,0.1528148179014918
301,0.49445,8,49,8,36398,569212,5281,102675,5.272629589832895,0.15281587528855298
302,0.49446,12,62,12,36460,569150,5293,102663,5.2720552817814665,0.1528148457978634
303,0.49447,6,60,6,36520,569090,5299,102657,5.271499499796214,0.15282092811728226
304,0.49448,7,77,7,36597,569013,5306,102650,5.270786246248472,0.15282961842471596
305,0.49449,5,67,5,36664,568946,5311,102645,5.270165623031605,0.15283855799139656
306,0.4945,9,91,9,36755,568855,5320,102636,5.269322687020638,0.15284791605546463
307,0.49451,4,52,4,36807,568803,5324,102632,5.268841009300085,0.1528547067102549
308,0.49452,10,92,10,36899,568711,5334,102622,5.26798881025603,0.15286303518522104
309,0.49453,13,79,13,36978,568632,5347,102609,5.267257030642114,0.1528646194138916
310,0.49454,12,101,12,37079,568531,5359,102597,5.266321464300271,0.15287247738136392
311,0.49455,15,90,15,37169,568441,5374,102582,5.265487791322391,0.1528740445558498
312,0.49456,17,133,17,37302,568308,5391,102565,5.264255807921746,0.15288288543435197
313,0.49457,18,70,18,37372,568238,5409,102547,5.263607395605617,0.15287610784379496
314,0.49458,8,47,8,37419,568191,5417,102539,5.263172033050502,0.15287671641345996
315,0.49459,8,71,8,37490,568120,5425,102531,5.262514357701286,0.15288279596988597
316,0.4946,4,34,4,37524,568086,5429,102527,5.262199414576309,0.15288549431639412
317,0.49461,13,87,13,37611,567999,5442,102514,5.261393530697692,0.15288890744847602
318,0.49462,19,96,19,37707,567903,5461,102495,5.260504279521286,0.15288679262169635
319,0.49463,1,34,1,37741,567869,5462,102494,5.2601893363963095,0.1528932831913456
320,0.49464,8,77,8,37818,567792,5470,102486,5.259476082848568,0.152900736709246
321,0.49465,7,36,7,37854,567756,5477,102479,5.259142613657416,0.15290010220295866
322,0.49466,7,26,7,37880,567730,5484,102472,5.258901774797139,0.15289718622146756
323,0.49467,8,25,8,37905,567705,5492,102464,5.258670198969951,0.1528927777918704
324,0.49468,6,17,6,37922,567688,5498,102458,5.258512727407462,0.15288907193357865
325,0.49469,3,14,3,37936,567674,5501,102455,5.258383044944236,0.15288847371177788
326,0.4947,19,46,19,37982,567628,5520,102436,5.257956945422209,0.15287494925857828
327,0.49471,10,37,10,38019,567591,5530,102426,5.25761421319797,0.15287074805564635
328,0.49472,8,49,8,38068,567542,5538,102418,5.257160324576679,0.15287181324258164
329,0.49473,20,172,20,38240,567370,5558,102398,5.25556708288562,0.15288577537296497
330,0.49474,8,130,8,38370,567240,5566,102390,5.254362888584238,0.15290533578244703
331,0.49475,18,188,18,38558,567052,5584,102372,5.252621438363778,0.1529255001314563
332,0.49476,19,298,19,38856,566754,5603,102353,5.249861054503687,0.15296955494412703
333,0.49477,11,165,11,39021,566589,5614,102342,5.2483326540442405,0.1529933580593514
334,0.49478,9,285,9,39306,566304,5623,102333,5.2456926896142875,0.15304716909174934
335,0.49479,20,293,20,39599,566011,5643,102313,5.242978620919634,0.15308892094253684
336,0.4948,5,114,5,39713,565897,5648,102308,5.241922635147652,0.1531087016708944
337,0.49481,8,68,8,39781,565829,5656,102300,5.241292748897699,0.15311414412486213
338,0.49482,9,96,9,39877,565733,5665,102291,5.240403497721294,0.15312473803336407
339,0.49483,4,31,4,39908,565702,5669,102287,5.24011634369558,0.15312677304566394
340,0.49484,4,91,4,39999,565611,5673,102283,5.239273407684612,0.15314256453868427
341,0.49485,2,118,2,40117,565493,5675,102281,5.238180369780281,0.15316708946439964
342,0.49486,17,164,17,40281,565329,5692,102264,5.236661232353922,0.1531831520102817
343,0.49487,18,274,18,40555,565055,5710,102246,5.234123161287932,0.15322320811747622
344,0.49488,24,300,24,40855,564755,5734,102222,5.231344251361666,0.1532616566988067
345,0.49489,26,435,26,41290,564320,5760,102196,5.22731483196858,0.15332865227541426
346,0.4949,23,472,23,41762,563848,5783,102173,5.222942680351254,0.1534080757213361
347,0.49491,46,533,46,42295,563315,5829,102127,5.218005483715588,0.15347242885180076
348,0.49492,41,564,41,42859,562751,5870,102086,5.212781133054207,0.15355041912528936
349,0.49493,38,579,38,43438,562172,5908,102048,5.207417836896513,0.15363584354581314
350,0.49494,38,461,38,43899,561711,5946,102010,5.203147578643151,0.15369409736922593
351,0.49495,52,495,52,44394,561216,5998,101958,5.198562377264811,0.15374245673081272
352,0.49496,53,452,53,44846,560764,6051,101905,5.194375486309237,0.15377963960891486
353,0.49497,40,318,40,45164,560446,6091,101865,5.191429841787395,0.15380236776982414
354,0.49498,49,359,49,45523,560087,6140,101816,5.188104412908963,0.1538231432702375
355,0.49499,71,438,71,45961,559649,6211,101745,5.184047204416614,0.15383417448600986
356,0.495,40,231,40,46192,559418,6251,101705,5.181907443773389,0.15383672932268277
357,0.49501,54,267,54,46459,559151,6305,101651,5.179434213939012,0.15382974022475718
358,0.49502,47,323,47,46782,558828,6352,101604,5.176442254251732,0.15384475615960463
359,0.49503,55,398,55,47180,558430,6407,101549,5.172755567082886,0.15386701698084332
360,0.49504,44,506,44,47686,557924,6451,101505,5.168068472340583,0.15392862612957575
361,0.49505,68,484,68,48170,557440,6519,101437,5.163585164326207,0.15395437995255565
362,0.49506,47,383,47,48553,557057,6566,101390,5.160037422653674,0.15398354005713444
363,0.49507,50,512,50,49065,556545,6616,101340,5.155294749712846,0.15403907977838072
364,0.49508,78,646,78,49711,555899,6694,101262,5.149310830338286,0.15409009359958975
365,0.49509,53,567,53,50278,555332,6747,101209,5.144058690577642,0.15415488141639289
366,0.4951,54,524,54,50802,554808,6801,101155,5.139204861239764,0.15420839285142607
367,0.49511,80,683,80,51485,554125,6881,101075,5.132878209640965,0.15426587301587302
368,0.49512,74,542,74,52027,553583,6955,101001,5.12785764570751,0.15429799689573837
369,0.49513,76,629,76,52656,552954,7031,100925,5.1220311978954385,0.15434812862930297
370,0.49514,102,939,102,53595,552015,7133,100823,5.113333209826226,0.15443800759146986
371,0.49515,111,805,111,54400,551210,7244,100712,5.105876468190744,0.1544847389718402
372,0.49516,175,1126,175,55526,550084,7419,100537,5.095446292934159,0.1545246771930202
373,0.49517,133,760,133,56286,549324,7552,100404,5.088406387787617,0.15453235815602837
374,0.49518,111,743,111,57029,548581,7663,100293,5.081523954203565,0.15456467665525203
375,0.49519,112,545,112,57574,548036,7775,100181,5.076475601170848,0.15454855395646827
376,0.4952,69,417,69,57991,547619,7844,100112,5.0726129163733376,0.15455798780666666
377,0.49521,78,432,78,58423,547187,7922,100034,5.068611286079514,0.15455926182864896
378,0.49522,81,555,81,58978,546632,8003,99953,5.063470302715921,0.1545860173063093
379,0.49523,75,300,75,59278,546332,8078,99878,5.060691392789655,0.1545596632673589
380,0.49524,79,451,79,59729,545881,8157,99799,5.0565137648671685,0.15456418039895925
381,0.49525,31,296,31,60025,545585,8188,99768,5.053771907073252,0.15459446225554077
382,0.49526,63,409,63,60434,545176,8251,99705,5.049983326540443,0.1546099202798656
383,0.49527,66,384,66,60818,544792,8317,99639,5.046426321834821,0.15461546697784556
384,0.49528,71,438,71,61256,544354,8388,99568,5.042369113342473,0.1546274238184128
385,0.49529,74,485,74,61741,543869,8462,99494,5.037876542295009,0.15464675463152217
386,0.4953,84,429,84,62170,543440,8546,99410,5.033902701100448,0.15463949599439994
387,0.49531,146,633,146,62803,542807,8692,99264,5.028039201156027,0.1545997249525364
388,0.49532,83,409,83,63212,542398,8775,99181,5.024250620623217,0.15458891266702932
389,0.49533,133,511,133,63723,541887,8908,99048,5.019517210715477,0.15453673149383323
390,0.49534,139,487,139,64210,541400,9047,98909,5.015006113601838,0.15447073209965814
391,0.49535,71,441,71,64651,540959,9118,98838,5.010921116010226,0.15448337519556984
392,0.49536,73,497,73,65148,540462,9191,98765,5.006317388565712,0.15450692789885284
393,0.49537,75,537,75,65685,539925,9266,98690,5.0013431397976955,0.15453755392529145
394,0.49538,49,362,49,66047,539563,9315,98641,4.99798992182,0.15456029733439464
395,0.49539,23,326,23,66373,539237,9338,98618,4.994970173033458,0.15460880607661615
396,0.4954,44,465,44,66838,538772,9382,98574,4.990662862647746,0.15466324414054533
397,0.49541,55,532,55,67370,538240,9437,98519,4.985734929045167,0.15471944644677185
398,0.49542,64,616,64,67986,537624,9501,98455,4.980028900663233,0.15478423277611744
399,0.49543,81,805,81,68791,536819,9582,98374,4.972572159027752,0.154872613520615
400,0.49544,81,900,81,69691,535919,9663,98293,4.964235429248953,0.15498445314815865
401,0.49545,86,682,86,70373,535237,9749,98207,4.957918040683241,0.1550365936057489
402,0.49546,77,794,77,71167,534443,9826,98130,4.950563192411724,0.15512834091875563
403,0.49547,71,757,71,71924,533686,9897,98059,4.943551076364445,0.15521927359931617
404,0.49548,47,473,47,72397,533213,9944,98012,4.939169661714032,0.1552726840666957
405,0.49549,48,429,48,72826,532784,9992,97964,4.935195820519471,0.15531400813002974
406,0.4955,30,257,30,73083,532527,10022,97934,4.93281522101597,0.15533712632502247
407,0.49551,39,317,39,73400,532210,10061,97895,4.929878839527214,0.1553629950563795
408,0.49552,68,338,68,73738,531872,10129,97827,4.926747934343622,0.1553551776324879
409,0.49553,71,331,71,74069,531541,10200,97756,4.923681870391641,0.15534159546287366
410,0.49554,105,527,105,74596,531014,10305,97651,4.9188002519545,0.15533074053748816
411,0.49555,77,525,77,75121,530489,10382,97574,4.913937159583534,0.15535702628557962
412,0.49556,90,495,90,75616,529994,10472,97484,4.909351958205194,0.1553584348773981
413,0.49557,107,488,107,76104,529506,10579,97377,4.904831598058468,0.15533520609108878
414,0.49558,68,417,68,76521,529089,10647,97309,4.900968913260958,0.15534692000932315
415,0.49559,71,439,71,76960,528650,10718,97238,4.896902441735522,0.1553600644204714
416,0.4956,63,486,63,77446,528164,10781,97175,4.89240060765497,0.1553957133650708
417,0.49561,74,586,74,78032,527578,10855,97101,4.886972470265664,0.15544143472087263
418,0.49562,92,688,92,78720,526890,10947,97009,4.8805995035014265,0.1554883082037317
419,0.49563,101,673,101,79393,526217,11048,96908,4.874365482233503,0.15551935807422268
420,0.49564,123,723,123,80116,525494,11171,96785,4.867668309311201,0.1555331290305474
421,0.49565,87,589,87,80705,524905,11258,96698,4.862212382822632,0.15556231227970263
422,0.49566,102,530,102,81235,524375,11360,96596,4.857302975286228,0.15555637863926014
423,0.49567,119,895,119,82130,523480,11479,96477,4.8490125606728665,0.15561885743688675
424,0.49568,120,757,120,82887,522723,11599,96357,4.842000444625588,0.155645473929056
425,0.49569,147,961,147,83848,521762,11746,96210,4.833098669828448,0.15568666541526152
426,0.4957,135,850,135,84698,520912,11881,96075,4.825225091704027,0.1557164089356826
427,0.49571,93,654,93,85352,520258,11974,95982,4.819167068064767,0.1557542515902895
428,0.49572,91,595,91,85947,519663,12065,95891,4.813655563377672,0.15577999655594799
429,0.49573,98,586,98,86533,519077,12163,95793,4.808227425988366,0.15579390765527673
430,0.49574,111,637,111,87170,518440,12274,95682,4.802326873911594,0.15580291863831616
431,0.49575,117,860,117,88030,517580,12391,95565,4.794360665456297,0.15586035929510964
432,0.49576,82,479,82,88509,517101,12473,95483,4.789923672607358,0.15586923589254698
433,0.49577,105,743,105,89252,516358,12578,95378,4.783041239023306,0.15591366210260635
434,0.49578,104,810,104,90062,515548,12682,95274,4.775538182222387,0.1559767002498273
435,0.49579,73,612,73,90674,514936,12755,95201,4.769869205972804,0.15603216982415424
436,0.4958,84,579,84,91253,514357,12839,95117,4.76450590981511,0.15606408148665898
437,0.49581,94,627,94,91880,513730,12933,95023,4.758697988069214,0.15609450795314356
438,0.49582,95,533,95,92413,513197,13028,94928,4.753760791433547,0.1560994861253854
439,0.49583,103,550,103,92963,512647,13131,94825,4.748666123235393,0.15609772960729054
440,0.49584,175,753,175,93716,511894,13306,94650,4.7416910593204635,0.15604803608641749
441,0.49585,159,608,159,94324,511286,13465,94491,4.736059135203231,0.15598314231144464
442,0.49586,135,490,135,94814,510796,13600,94356,4.731520248990329,0.15592115699857226
443,0.49587,113,516,113,95330,510280,13713,94243,4.726740523917152,0.15589646713193708
444,0.49588,117,507,117,95837,509773,13830,94126,4.722044166141761,0.15586381166387095
445,0.49589,109,528,109,96365,509245,13939,94017,4.717153284671533,0.15584770796105174
446,0.4959,73,505,73,96870,508740,14012,93944,4.712475452962318,0.15587604781278414
447,0.49591,46,324,46,97194,508416,14058,93898,4.70947423024195,0.1558954299584602
448,0.49592,70,547,70,97741,507869,14128,93828,4.704407351143058,0.15593895266222035
449,0.49593,64,399,64,98140,507470,14192,93764,4.700711400941124,0.15595259083817614
450,0.49594,53,417,53,98557,507053,14245,93711,4.696848716143614,0.1559863773461792
451,0.49595,65,487,65,99044,506566,14310,93646,4.692337619029975,0.15602153905620014
452,0.49596,102,646,102,99690,505920,14412,93544,4.686353699655415,0.1560460678205864
453,0.49597,80,523,80,100213,505397,14492,93464,4.681509133350624,0.15606960546771287
454,0.49598,65,483,65,100696,504914,14557,93399,4.677035088369336,0.15610391216637445
455,0.49599,95,536,95,101232,504378,14652,93304,4.6720701026344065,0.1561097707476551
456,0.496,52,358,52,101590,504020,14704,93252,4.668753936789062,0.15612987047777227
457,0.49601,53,396,53,101986,503624,14757,93199,4.665085775686391,0.15615852606216585
458,0.49602,62,354,62,102340,503270,14819,93137,4.661806661973396,0.15616349238020344
459,0.49603,53,315,53,102655,502955,14872,93084,4.658888806550817,0.15617098881113484
460,0.49604,84,566,84,103221,502389,14956,93000,4.653645929823261,0.1562004000745731
461,0.49605,106,572,106,103793,501817,15062,92894,4.6483474748971805,0.15620023843513908
462,0.49606,80,421,80,104214,501396,15142,92814,4.64444773796732,0.1561973039834402
463,0.49607,149,889,149,105103,500507,15291,92665,4.636212901552485,0.15621944393868895
464,0.49608,147,540,147,105643,499967,15438,92518,4.631210863685205,0.15615247643400254
465,0.49609,131,609,131,106252,499358,15569,92387,4.625569676534885,0.15612637200145332
466,0.4961,76,581,76,106833,498777,15645,92311,4.620187854311015,0.15617133151070567
467,0.49611,47,329,47,107162,498448,15692,92264,4.6171403164252105,0.15619117268652066
468,0.49612,60,446,60,107608,498002,15752,92204,4.613009003668161,0.15622342029731992
469,0.49613,53,510,53,108118,497492,15805,92151,4.608284856793508,0.15628269987093885
470,0.49614,39,317,39,108435,497175,15844,92112,4.605348475304754,0.15631093168523996
471,0.49615,66,426,66,108861,496749,15910,92046,4.601402423209456,0.1563294525259216
472,0.49616,94,517,94,109378,496232,16004,91952,4.59661343510319,0.15633203215320376
473,0.49617,78,542,78,109920,495690,16082,91874,4.591592871169736,0.15636424287396777
474,0.49618,140,680,140,110600,495010,16222,91734,4.585294008670199,0.15634416372387278
475,0.49619,112,523,112,111123,494487,16334,91622,4.580449442365408,0.1563224587917947
476,0.4962,95,422,95,111545,494065,16429,91527,4.57654044240246,0.15629824177925927
477,0.49621,66,390,66,111935,493675,16495,91461,4.572927859498314,0.15630725164748024
478,0.49622,45,273,45,112208,493402,16540,91416,4.570399051465412,0.15631529809273997
479,0.49623,30,221,30,112429,493181,16570,91386,4.568351921153062,0.1563310963499479
480,0.49624,20,200,20,112629,492981,16590,91366,4.566499314535552,0.1563557269909831
481,0.49625,35,356,35,112985,492625,16625,91331,4.563201674756383,0.15640048222811306
482,0.49626,35,325,35,113310,492300,16660,91296,4.560191189002927,0.1564369872308926
483,0.49627,41,385,41,113695,491915,16701,91255,4.556624921264219,0.15648095752524993
484,0.49628,45,299,45,113994,491616,16746,91210,4.55385527437104,0.15649610689982946
485,0.49629,44,300,44,114294,491316,16790,91166,4.551076364444774,0.1565129909593773
486,0.4963,50,430,50,114724,490886,16840,91116,4.5470932602171255,0.15655616303724043
487,0.49631,70,520,70,115244,490366,16910,91046,4.542276483011597,0.15659463512964988
488,0.49632,73,516,73,115760,489850,16983,90973,4.53749675793842,0.15662775062282314
489,0.49633,91,653,91,116413,489197,17074,90882,4.531447997332246,0.1566717636735686
490,0.49634,60,543,60,116956,488654,17134,90822,4.526418170365704,0.156731253753391
491,0.49635,78,602,78,117558,488052,17212,90744,4.520841824446997,0.1567806273713018
492,0.49636,101,608,101,118166,487444,17313,90643,4.515209900329764,0.15679819819508137
493,0.49637,83,530,83,118696,486914,17396,90560,4.51030049279336,0.1568209131493366
494,0.49638,92,528,92,119224,486386,17488,90468,4.505409611323132,0.1568299777760057
495,0.49639,77,524,77,119748,485862,17565,90391,4.500555781985253,0.1568599209027979
496,0.4964,111,632,111,120380,485230,17676,90280,4.494701545073919,0.15686955917360254
497,0.49641,95,580,95,120960,484650,17771,90185,4.489328985883137,0.1568884984386824
498,0.49642,88,567,88,121527,484083,17859,90097,4.484076846122495,0.156914208088056
499,0.49643,67,524,67,122051,483559,17926,90030,4.479223016784616,0.15695907696974662
500,0.49644,68,669,68,122720,482890,17994,89962,4.473026047649042,0.15704230761173915
501,0.49645,78,628,78,123348,482262,18072,89884,4.467208862870058,0.15709976124975095
502,0.49646,71,501,71,123849,481761,18143,89813,4.462568083293194,0.15713275971265314
503,0.49647,97,797,97,124646,480964,18240,89716,4.455185445922413,0.1572089437162683
504,0.49648,57,580,57,125226,480384,18297,89659,4.449812886731632,0.15728462589664288
505,0.49649,76,541,76,125767,479843,18373,89583,4.444801585831264,0.1573215834893384
506,0.4965,100,599,100,126366,479244,18473,89483,4.4392530290118195,0.1573391099771947
507,0.49651,77,643,77,127009,478601,18550,89406,4.433296898736522,0.15740298975188685
508,0.49652,62,592,62,127601,478009,18612,89344,4.42781318314869,0.15747515215395
509,0.49653,76,635,76,128236,477374,18688,89268,4.4219311571380935,0.15753862226943996
510,0.49654,91,676,91,128912,476698,18779,89177,4.4156693467709065,0.15759134084382592
511,0.49655,94,582,94,129494,476116,18873,89083,4.41027826151395,0.15761351311661911
512,0.49656,76,605,76,130099,475511,18949,89007,4.40467412649598,0.1576690202969613
513,0.49657,111,645,111,130744,474866,19060,88896,4.398699470154507,0.15768356150290372
514,0.49658,114,668,114,131412,474198,19174,88782,4.3925117640520215,0.15770009591814985
515,0.49659,95,658,95,132070,473540,19269,88687,4.386416688280411,0.15774233539122098
516,0.4966,87,588,87,132658,472952,19356,88600,4.380970024824928,0.15777701797874463
517,0.49661,90,580,90,133238,472372,19446,88510,4.375597465634147,0.1578050285086703
518,0.49662,77,642,77,133880,471730,19523,88433,4.369650598391938,0.15787011994722966
519,0.49663,78,600,78,134480,471130,19601,88355,4.364092778539405,0.15792201756972932
520,0.49664,71,585,71,135065,470545,19672,88284,4.358673904183186,0.15798034819238085
521,0.49665,102,717,102,135782,469828,19774,88182,4.3520323094594096,0.1580294259959499
522,0.49666,78,605,78,136387,469223,19852,88104,4.3464281744414395,0.15808313611219266
523,0.49667,111,812,111,137199,468411,19963,87993,4.338906591574345,0.15814587961265555
524,0.49668,95,895,95,138094,467516,20058,87898,4.330616176960984,0.1582567238132276
525,0.49669,105,882,105,138976,466634,20163,87793,4.322446181777761,0.1583490703014103
526,0.4967,129,924,129,139900,465710,20292,87664,4.313887139204861,0.1584172729474099
527,0.49671,137,958,137,140858,464752,20429,87527,4.305013153506985,0.1584833028233918
528,0.49672,119,792,119,141650,463960,20548,87408,4.297676831301642,0.15852933068295585
529,0.49673,148,919,148,142569,463041,20696,87260,4.289164103894179,0.15856776564098557
530,0.49674,135,822,135,143391,462219,20831,87125,4.281549890696209,0.15859825537368205
531,0.49675,155,796,155,144187,461423,20986,86970,4.274176516358517,0.15859064575951917
532,0.49676,109,607,109,144794,460816,21095,86861,4.268553855274371,0.15859895522360806
533,0.49677,119,658,119,145452,460158,21214,86742,4.262458779502761,0.15860669226549642
534,0.49678,122,666,122,146118,459492,21336,86620,4.25628959946645,0.15861215281846947
535,0.49679,113,541,113,146659,458951,21449,86507,4.251278298566082,0.15859516223063921
536,0.4968,120,731,120,147390,458220,21569,86387,4.24450702137908,0.15862263981182761
537,0.49681,139,690,139,148080,457530,21708,86248,4.238115528548668,0.15860884405032935
538,0.49682,136,813,136,148893,456717,21844,86112,4.2305846826484865,0.15863559242413355
539,0.49683,131,904,131,149797,455813,21975,85981,4.222210900737338,0.15869684787945235
540,0.49684,173,1047,173,150844,454766,22148,85808,4.212512505094669,0.1587349743050905
541,0.49685,156,1052,156,151896,453714,22304,85652,4.2027677942865616,0.1588012592562379
542,0.49686,167,1251,167,153147,452463,22471,85485,4.1911797398940305,0.15890941131856612
543,0.49687,129,1034,129,154181,451429,22600,85356,4.1816017636815,0.15901338524735228
544,0.49688,113,1007,113,155188,450422,22713,85243,4.172273889362333,0.15913490707811787
545,0.49689,177,1278,177,156466,449144,22890,85066,4.160435733076438,0.15923700417438835
546,0.4969,154,1050,154,157516,448094,23044,84912,4.150709548334507,0.15930777514699646
547,0.49691,181,1099,181,158615,446995,23225,84731,4.140529474971284,0.1593508686804858
548,0.49692,164,979,164,159594,446016,23389,84567,4.131460965578569,0.1593850537993113
549,0.49693,148,851,148,160445,445165,23537,84419,4.12357812442106,0.1594062509441373
550,0.49694,125,763,125,161208,444402,23662,84294,4.116510430175256,0.15943755958055292
551,0.49695,121,653,121,161861,443749,23783,84173,4.110461669569084,0.15944211455480164
552,0.49696,124,647,124,162508,443102,23907,84049,4.104468487161436,0.15944008452985955
553,0.49697,111,644,111,163152,442458,24018,83938,4.098503093853052,0.15945789861625087
554,0.49698,130,709,130,163861,441749,24148,83808,4.091935603393975,0.1594651008358751
555,0.49699,115,704,115,164565,441045,24263,83693,4.0854144281003375,0.15949483361220265
556,0.497,108,779,108,165344,440266,24371,83585,4.078198525325132,0.15955872948605615
557,0.49701,138,941,138,166285,439325,24509,83447,4.069482011189744,0.159624080861255
558,0.49702,125,942,125,167227,438383,24634,83322,4.060756234021268,0.15971094775783248
559,0.49703,96,859,96,168086,437524,24730,83226,4.052799288599059,0.15981949111857896
560,0.49704,98,903,98,168989,436621,24828,83128,4.044434769720997,0.15993873966087477
561,0.49705,151,1020,151,170009,435601,24979,82977,4.034986475971692,0.16000871614299103
562,0.49706,160,1132,160,171141,434469,25139,82817,4.0245007225165805,0.1600990554548161
563,0.49707,163,1097,163,172238,433372,25302,82654,4.014339175219534,0.1601740997546635
564,0.49708,196,1287,196,173525,432085,25498,82458,4.002417651635851,0.1602548280707346
565,0.49709,170,1164,170,174689,430921,25668,82288,3.9916354811219388,0.16034013433123737
566,0.4971,205,1157,205,175846,429764,25873,82083,3.980918151839638,0.16036628133016312
567,0.49711,157,1001,157,176847,428763,26030,81926,3.9716458557189966,0.16042248805045733
568,0.49712,145,780,145,177627,427983,26175,81781,3.964420689910704,0.16042913975879033
569,0.49713,160,933,160,178560,427050,26335,81621,3.955778280040016,0.16045931456678286
570,0.49714,134,1004,134,179564,426046,26469,81487,3.946478194820112,0.16055507720680232
571,0.49715,210,1228,210,180792,424818,26679,81277,3.9351031901885953,0.16059633072842056
572,0.49716,172,1116,172,181908,423702,26851,81105,3.9247656452628847,0.1606653631982124
573,0.49717,177,1244,177,183152,422458,27028,80928,3.9132424321019674,0.1607672839530698
574,0.49718,133,1024,133,184176,421434,27161,80795,3.903757086220312,0.16087282892863614
575,0.49719,154,917,154,185093,420517,27315,80641,3.895262884879025,0.16090933398249654
576,0.4972,150,1069,150,186162,419448,27465,80491,3.8853607025084296,0.16100164220034843
577,0.49721,130,1102,130,187264,418346,27595,80361,3.8751528400459447,0.1611387046903292
578,0.49722,118,926,118,188190,417420,27713,80243,3.8665752714068695,0.16123963404954758
579,0.49723,148,1003,148,189193,416417,27861,80095,3.8572844492200526,0.16131533578241816
580,0.49724,191,1203,191,190396,415214,28052,79904,3.846141020415725,0.16138375094421936
581,0.49725,201,1065,201,191461,414149,28253,79703,3.83627589017748,0.16139045706000987
582,0.49726,204,1117,204,192578,413032,28457,79499,3.8259290822186816,0.16140912957763065
583,0.49727,175,1095,175,193673,411937,28632,79324,3.81578606098781,0.161470175731434
584,0.49728,254,1161,254,194834,410776,28886,79070,3.8050316795731596,0.1614180783348236
585,0.49729,171,1076,171,195910,409700,29057,78899,3.7950646559709513,0.16148006852244887
586,0.4973,181,1164,181,197074,408536,29238,78718,3.7842824854570383,0.16155434331991117
587,0.49731,166,994,166,198068,407542,29404,78552,3.775075030568009,0.1615983739770497
588,0.49732,150,849,150,198917,406693,29554,78402,3.7672107154766756,0.1616219503396242
589,0.49733,141,886,141,199803,405807,29695,78261,3.7590036681611028,0.16167356652371154
590,0.49734,117,1010,117,200813,404797,29812,78144,3.749648004742673,0.161808585313734
591,0.49735,118,1036,118,201849,403761,29930,78026,3.7400515024639667,0.16195123571204703
592,0.49736,112,892,112,202741,402869,30042,77914,3.7317888769498686,0.16205647870244996
593,0.49737,152,943,152,203684,401926,30194,77762,3.723053836748305,0.16210953786627974
594,0.49738,145,1083,145,204767,400843,30339,77617,3.7130219719144835,0.16222254733938052
595,0.49739,135,1009,135,205776,399834,30474,77482,3.7036755715291414,0.1623285203093967
596,0.4974,185,1214,185,206990,398620,30659,77297,3.6924302493608505,0.16241697606935662
597,0.49741,141,1076,141,208066,397544,30800,77156,3.6824632257586423,0.162536338740257
598,0.49742,159,1052,159,209118,396492,30959,76997,3.6727185149505353,0.16261623818082363
599,0.49743,183,1109,183,210227,395383,31142,76814,3.662445811256438,0.16267362986211265
600,0.49744,160,928,160,211155,394455,31302,76654,3.6538497165511874,0.162709691387768
601,0.49745,223,1291,223,212446,393164,31525,76431,3.641891140835155,0.16275939905663392
602,0.49746,169,1077,169,213523,392087,31694,76262,3.6319148541998594,0.1628315636416433
603,0.49747,190,1066,190,214589,391021,31884,76072,3.6220404609285266,0.16286264191499336
604,0.49748,195,1144,195,215733,389877,32079,75877,3.6114435510763645,0.16291218110848216
605,0.49749,183,1308,183,217041,388569,32262,75694,3.5993275037978436,0.16304120724675453
606,0.4975,146,1130,146,218171,387439,32408,75548,3.5888602764089073,0.1631752079432036
607,0.49751,172,1178,172,219349,386261,32580,75376,3.5779484234317684,0.16327980642799428
608,0.49752,170,1285,170,220634,384976,32750,75206,3.5660454259142615,0.16342664424075692
609,0.49753,169,1161,169,221795,383815,32919,75037,3.555291044499611,0.1635320321149303
610,0.49754,180,1155,180,222950,382660,33099,74857,3.544592241283486,0.16361577821152
611,0.49755,175,1135,175,224085,381525,33274,74682,3.534078698729112,0.16370200369569077
612,0.49756,166,1136,166,225221,380389,33440,74516,3.5235558931416504,0.1638056297468702
613,0.49757,235,1331,235,226552,379058,33675,74281,3.5112267961021155,0.16385309889508734
614,0.49758,176,1299,176,227851,377759,33851,74105,3.499194116121383,0.16399845971354213
615,0.49759,219,1408,219,229259,376351,34070,73886,3.4861517655341063,0.16410468264491812
616,0.4976,263,1554,263,230813,374797,34333,73623,3.4717570121160475,0.1641831318852861
617,0.49761,258,1268,258,232081,373529,34591,73365,3.4600114861610285,0.16416644662940205
618,0.49762,240,1160,240,233241,372369,34831,73125,3.4492663677794657,0.16414362482996403
619,0.49763,190,1149,190,234390,371220,35021,72935,3.438623142761866,0.16421069221330392
620,0.49764,180,1012,180,235402,370208,35201,72755,3.429248953277261,0.16424622372523212
621,0.49765,200,1113,200,236515,369095,35401,72555,3.4189391974508134,0.16428167100645308
622,0.49766,210,1002,210,237517,368093,35611,72345,3.409657638297084,0.1642569442237046
623,0.49767,196,1000,196,238517,367093,35807,72149,3.40039460520953,0.16425797168758907
624,0.49768,161,861,161,239378,366232,35968,71988,3.3924191337211456,0.16427365250330883
625,0.49769,157,758,157,240136,365474,36125,71831,3.3853977546407794,0.1642583551525823
626,0.4977,158,1047,158,241183,364427,36283,71673,3.3756993589981104,0.16434991974317817
627,0.49771,108,617,108,241800,363810,36391,71565,3.3699840675830894,0.1643755383290267
628,0.49772,114,1033,114,242833,362777,36505,71451,3.360415354403646,0.1645471964037326
629,0.49773,139,1076,139,243909,361701,36644,71312,3.3504483308014374,0.16468789620634947
630,0.49774,155,1051,155,244960,360650,36799,71157,3.340712883026418,0.16478889874411484
631,0.49775,209,1296,209,246256,359354,37008,70948,3.328707992144948,0.1648795497115979
632,0.49776,173,1229,173,247485,358125,37181,70775,3.3173237244803437,0.16501515504779668
633,0.49777,195,1223,195,248708,356902,37376,70580,3.305995035014265,0.1651063670517121
634,0.49778,208,1146,208,249854,355756,37584,70372,3.295379599095928,0.16514286787068674
635,0.49779,236,1267,236,251121,354489,37820,70136,3.2836433361739967,0.16517162201942892
636,0.4978,180,1044,180,252165,353445,38000,69956,3.2739727296305903,0.16522398388289117
637,0.49781,195,970,195,253135,352475,38195,69761,3.264987587535663,0.165218029727451
638,0.49782,208,1141,208,254276,351334,38403,69553,3.2544184667827634,0.16525338154896682
639,0.49783,111,625,111,254901,350709,38514,69442,3.248629071103042,0.16527867361972243
640,0.49784,113,714,113,255615,349995,38627,69329,3.2420152654785284,0.1653351584931938
641,0.49785,144,894,144,256509,349101,38771,69185,3.233734113898255,0.16540118483525626
642,0.49786,138,769,138,257278,348332,38909,69047,3.2266108414539256,0.16542998090464542
643,0.49787,177,996,177,258274,347336,39086,68870,3.2173848604987216,0.16547094467643428
644,0.49788,182,1014,182,259288,346322,39268,68688,3.2079921449479416,0.16550926483699188
645,0.49789,159,951,159,260239,345371,39427,68529,3.199183000481678,0.16556897801401305
646,0.4979,189,950,189,261189,344421,39616,68340,3.190383119048501,0.1655679679039444
647,0.49791,168,865,168,262054,343556,39784,68172,3.182370595427767,0.1655753312866747
648,0.49792,143,713,143,262767,342843,39927,68029,3.175766052836341,0.1655722463443603
649,0.49793,165,668,165,263435,342175,40092,67864,3.1695783467338545,0.16550620794607343
650,0.49794,135,674,135,264109,341501,40227,67729,3.163335062432843,0.1655035065855387
651,0.49795,148,652,148,264761,340849,40375,67581,3.1572955648597576,0.16546531841441617
652,0.49796,154,689,154,265450,340160,40529,67427,3.150913335062433,0.1654297119388008
653,0.49797,171,729,171,266179,339431,40700,67256,3.144160583941606,0.16537533779048752
654,0.49798,168,736,168,266915,338695,40868,67088,3.1373429915891657,0.165329745208646
655,0.49799,164,775,164,267690,337920,41032,66924,3.1301641409463117,0.1653081186827519
656,0.498,153,783,153,268473,337137,41185,66771,3.1229111860387566,0.1653123978727829
657,0.49801,148,654,148,269127,336483,41333,66623,3.116853162399496,0.1652741462543351
658,0.49802,172,860,172,269987,335623,41505,66451,3.1088869539441997,0.16527057208374576
659,0.49803,137,837,137,270824,334786,41642,66314,3.1011337952499165,0.16533034156070806
660,0.49804,108,665,108,271489,334121,41750,66206,3.094973878246693,0.16537980201185531
661,0.49805,110,583,110,272072,333538,41860,66096,3.089573529956649,0.16539133306975884
662,0.49806,70,483,70,272555,333055,41930,66026,3.0850994849753604,0.1654451101405479
663,0.49807,53,405,53,272960,332650,41983,65973,3.0813479565749007,0.16550224146624756
664,0.49808,47,401,47,273361,332249,42030,65926,3.0776334803067917,0.16557041501852202
665,0.49809,46,390,46,273751,331859,42076,65880,3.0740208974026455,0.165636258953736
666,0.4981,73,463,73,274214,331396,42149,65807,3.069732113083108,0.16567598935556882
667,0.49811,88,545,88,274759,330851,42237,65719,3.064683760050391,0.16571853645005927
668,0.49812,98,655,98,275414,330196,42335,65621,3.0586164733780428,0.16578620928358306
669,0.49813,118,656,118,276070,329540,42453,65503,3.052539923672607,0.16581232929073544
670,0.49814,98,599,98,276669,328941,42551,65405,3.0469913668531623,0.16585688709914642
671,0.49815,84,599,84,277268,328342,42635,65321,3.0414428100337174,0.16593126608291864
672,0.49816,96,615,96,277883,327727,42731,65225,3.0357460446848714,0.16598719436470613
673,0.49817,99,550,99,278433,327177,42830,65126,3.0306513764867167,0.16600943658345718
674,0.49818,98,670,98,279103,326507,42928,65028,3.0244451443180553,0.16608476892231858
675,0.49819,91,759,91,279862,325748,43019,64937,3.017414502204602,0.16621318965406914
676,0.4982,104,527,104,280389,325221,43123,64833,3.0125328837674608,0.1662154470919411
677,0.49821,61,479,61,280868,324742,43184,64772,3.0080958909185225,0.16628927329954765
678,0.49822,87,552,87,281420,324190,43271,64685,3.0029826966541924,0.16633879781420766
679,0.49823,92,585,92,282005,323605,43363,64593,2.9975638222979732,0.16639189279697475
680,0.49824,75,557,75,282562,323048,43438,64518,2.9924043128682056,0.16646971096535815
681,0.49825,75,448,75,283010,322600,43513,64443,2.9882544740449815,0.16650087974721156
682,0.49826,95,505,95,283515,322095,43608,64348,2.9835766423357666,0.16651356086149832
683,0.49827,97,594,97,284109,321501,43705,64251,2.978074400681759,0.16656038076276986
684,0.49828,86,542,86,284651,320959,43791,64165,2.973053836748305,0.1666086766859505
685,0.49829,123,660,123,285311,320299,43914,64042,2.966940234910519,0.1666280724668979
686,0.4983,176,763,176,286074,319536,44090,63866,2.959872540664715,0.16657711749025828
687,0.49831,150,838,150,286912,318698,44240,63716,2.9521101189373447,0.16661523898183644
688,0.49832,133,808,133,287720,317890,44373,63583,2.944625588202601,0.16667758923960543
689,0.49833,107,692,107,288412,317198,44480,63476,2.9382155693060135,0.1667463498951859
690,0.49834,97,788,97,289200,316410,44577,63379,2.930916299233021,0.16687950414572303
691,0.49835,70,591,70,289791,315819,44647,63309,2.925441846678276,0.1669858200924226
692,0.49836,126,846,126,290637,314973,44773,63183,2.9176053206862056,0.1670818392409482
693,0.49837,114,809,114,291446,314164,44887,63069,2.910111526918374,0.16718844851855486
694,0.49838,164,889,164,292335,313275,45051,62905,2.9018766905035385,0.16722047955765856
695,0.49839,146,925,146,293260,312350,45197,62759,2.893308384897551,0.16730870227054004
696,0.4984,135,701,135,293961,311649,45332,62624,2.8868149987031755,0.16732171436357954
697,0.49841,103,647,103,294608,311002,45435,62521,2.8808218162955277,0.16738192828821785
698,0.49842,117,505,117,295113,310497,45552,62404,2.876143984586313,0.1673473656546912
699,0.49843,80,416,80,295529,310081,45632,62324,2.8722905628218904,0.16735543292920343
700,0.49844,108,430,108,295959,309651,45740,62216,2.8683074585942423,0.1673071286239435
701,0.49845,88,449,88,296408,309202,45828,62128,2.8641483567379304,0.16731209436350417
702,0.49846,89,490,89,296898,308712,45917,62039,2.8596094705250286,0.1673333315351813
703,0.49847,106,631,106,297529,308081,46023,61933,2.853764496646782,0.16738015318339305
704,0.49848,119,652,119,298181,307429,46142,61814,2.8477249990736966,0.16740737129749245
705,0.49849,110,675,110,298856,306754,46252,61704,2.8414724517395977,0.1674654913178707
706,0.4985,118,697,118,299553,306057,46370,61586,2.8350161176775726,0.1675157693740939
707,0.49851,112,776,112,300329,305281,46482,61474,2.8278280040016304,0.16761598342217557
708,0.49852,121,887,121,301216,304394,46603,61353,2.81961169365297,0.16774710387234892
709,0.49853,102,650,102,301866,303744,46705,61251,2.8135907221460594,0.16781325771585912
710,0.49854,118,855,118,302721,302889,46823,61133,2.8056708288562007,0.1679376521199268
711,0.49855,121,680,121,303401,302209,46944,61012,2.799371966356664,0.1679748692944516
712,0.49856,135,751,135,304152,301458,47079,60877,2.7924154285079106,0.1680130266190128
713,0.49857,112,581,112,304733,300877,47191,60765,2.7870336062840417,0.1680252846737934
714,0.49858,140,625,140,305358,300252,47331,60625,2.7812442106043203,0.16799352688034982
715,0.49859,145,522,145,305880,299730,47476,60480,2.776408907332617,0.1679020571333389
716,0.4986,83,436,83,306316,299294,47559,60397,2.7723702249064432,0.16791357025891668
717,0.49861,100,512,100,306828,298782,47659,60297,2.7676275519656155,0.16792126523689774
718,0.49862,93,525,93,307353,298257,47752,60204,2.7627644595946497,0.16795132524877182
719,0.49863,106,600,106,307953,297657,47858,60098,2.757206639742117,0.1679864711883831
720,0.49864,127,665,127,308618,296992,47985,59971,2.7510467227388937,0.1680034065155212
721,0.49865,115,653,115,309271,296339,48100,59856,2.7449979621327207,0.1680427855528573
722,0.49866,111,550,111,309821,295789,48211,59745,2.739903293934566,0.16804300010688147
723,0.49867,111,539,111,310360,295250,48322,59634,2.7349105191003744,0.16803800678531577
724,0.49868,75,469,75,310829,294781,48397,59559,2.730566156582311,0.16808432578879043
725,0.49869,60,425,60,311254,294356,48457,59499,2.726629367520101,0.16814514419748203
726,0.4987,62,401,62,311655,293955,48519,59437,2.7229148912519916,0.16818999864173495
727,0.49871,72,474,72,312129,293481,48591,59365,2.718524213568491,0.16824620372627153
728,0.49872,106,629,106,312758,292852,48697,59259,2.712697765756419,0.1682963610906788
729,0.49873,145,739,145,313497,292113,48842,59114,2.7058523843047166,0.16830710623044356
730,0.49874,132,634,132,314131,291479,48974,58982,2.6999796213272074,0.168298327060643
731,0.49875,167,666,167,314797,290813,49141,58815,2.6938104412908963,0.16822165272804238
732,0.49876,134,549,134,315346,290264,49275,58681,2.6887250361258292,0.16816690309361074
733,0.49877,107,449,107,315795,289815,49382,58574,2.6845659342695174,0.16812815559618702
734,0.49878,99,503,99,316298,289312,49481,58475,2.6799066286264774,0.16813451911658572
735,0.49879,109,402,109,316700,288910,49590,58366,2.676182889325281,0.16806804962047478
736,0.4988,96,422,96,317122,288488,49686,58270,2.672273889362333,0.16804226578766748
737,0.49881,76,355,76,317477,288133,49762,58194,2.668985512616251,0.1680319466862243
738,0.49882,82,298,82,317775,287835,49844,58112,2.66622512875616,0.16797948818749692
739,0.49883,52,220,52,317995,287615,49896,58060,2.664187261476898,0.1679612352643379
740,0.49884,32,199,32,318194,287416,49928,58028,2.662343917892475,0.16798091731221268
741,0.49885,39,203,39,318397,287213,49967,57989,2.6604635221757014,0.1679857011257177
742,0.49886,53,278,53,318675,286935,50020,57936,2.657888398977361,0.1679932496498691
743,0.49887,62,283,62,318958,286652,50082,57874,2.6552669606135835,0.1679815166344485
744,0.49888,71,385,71,319343,286267,50153,57803,2.6517006928748748,0.1679977911471503
745,0.49889,81,404,81,319747,285863,50234,57722,2.647958427507503,0.16799918506337588
746,0.4989,91,356,91,320103,285507,50325,57631,2.6446607877283337,0.16795283530241478
747,0.49891,112,423,112,320526,285084,50437,57519,2.6407425247322984,0.16788819712611974
748,0.49892,100,385,100,320911,284699,50537,57419,2.63717625699359,0.16783390526075798
749,0.49893,59,289,59,321200,284410,50596,57360,2.634499240431287,0.16783216783216784
750,0.49894,62,282,62,321482,284128,50658,57298,2.6318870651005963,0.16781967395570344
751,0.49895,57,269,57,321751,283859,50715,57241,2.6293953092000444,0.16781295807681032
752,0.49896,39,193,39,321944,283666,50754,57202,2.6276075438141464,0.16781276036471596
753,0.49897,33,180,33,322124,283486,50787,57169,2.625940197858387,0.16782081578136238
754,0.49898,46,225,46,322349,283261,50833,57123,2.623856015413687,0.16781928645294725
755,0.49899,49,244,49,322593,283017,50882,57074,2.6215958353403237,0.16781978940930517
756,0.499,44,306,44,322899,282711,50926,57030,2.6187613472155324,0.16786316635319257
757,0.49901,54,308,54,323207,282403,50980,56976,2.6159083330245654,0.16788310414020902
758,0.49902,55,271,55,323478,282132,51035,56921,2.6133980510578385,0.16788230748585029
759,0.49903,66,309,66,323787,281823,51101,56855,2.610535773833784,0.16787331919994802
760,0.49904,44,221,44,324008,281602,51145,56811,2.6084886435214347,0.16787475658441017
761,0.49905,29,247,29,324255,281355,51174,56782,2.6062006743488086,0.16792601815240568
762,0.49906,49,301,49,324556,281054,51223,56733,2.603412501389455,0.16795495386145706
763,0.49907,44,351,44,324907,280703,51267,56689,2.6001611767757233,0.16802117418314602
764,0.49908,58,282,58,325189,280421,51325,56631,2.5975490014450333,0.16801858466942787
765,0.49909,56,347,56,325536,280074,51381,56575,2.594334728963652,0.16805337309779622
766,0.4991,64,335,64,325871,279739,51445,56511,2.591231612879321,0.16806245353159852
767,0.49911,76,310,76,326181,279429,51521,56435,2.5883600726221796,0.168029321391992
768,0.49912,57,313,57,326494,279116,51578,56378,2.585460743265775,0.16804473403399167
769,0.49913,50,298,50,326792,278818,51628,56328,2.582700359405684,0.16807003514886049
770,0.49914,44,263,44,327055,278555,51672,56284,2.580264181703657,0.16809272516045023
771,0.49915,88,278,88,327333,278277,51760,56196,2.577689058505317,0.16801356163277753
772,0.49916,63,285,63,327618,277992,51823,56133,2.575049094075364,0.168
773,0.49917,33,183,33,327801,277809,51856,56100,2.573353959020342,0.16800984699424096
774,0.49918,60,237,60,328038,277572,51916,56040,2.571158620178591,0.1679795690802489
775,0.49919,48,180,48,328218,277392,51964,55992,2.5694912742228317,0.1679504715283277
776,0.4992,59,274,59,328492,277118,52023,55933,2.566953203156842,0.16794124623556153
777,0.49921,47,280,47,328772,276838,52070,55886,2.5643595538923263,0.16796504009329052
778,0.49922,37,254,37,329026,276584,52107,55849,2.5620067434880878,0.16800077007998604
779,0.49923,50,291,50,329317,276293,52157,55799,2.5593112008596095,0.16802271659660575
780,0.49924,56,301,56,329618,275992,52213,55743,2.5565230279002558,0.16803472651363288
781,0.49925,46,269,46,329887,275723,52259,55697,2.5540312719997034,0.16805563936998372
782,0.49926,56,293,56,330180,275430,52315,55641,2.55131720330505,0.16806364797883233
783,0.49927,65,289,65,330469,275141,52380,55576,2.548640186742747,0.1680470009101437
784,0.49928,57,257,57,330726,274884,52437,55519,2.5462595872392457,0.16803418855155675
785,0.49929,86,311,86,331037,274573,52523,55433,2.543378783949016,0.16797573377453742
786,0.4993,65,321,65,331358,274252,52588,55368,2.5404053503279114,0.1679752442206177
787,0.49931,45,223,45,331581,274029,52633,55323,2.538339693949387,0.16797529694673177
788,0.49932,55,297,55,331878,273732,52688,55268,2.535588573122383,0.16798784194528876
789,0.49933,29,244,29,332122,273488,52717,55239,2.53332839304902,0.1680391327758292
790,0.49934,42,225,42,332347,273263,52759,55197,2.5312442106043203,0.16804785970894479
791,0.49935,53,275,53,332622,272988,52812,55144,2.5286968765052427,0.16805431960308656
792,0.49936,62,312,62,332934,272676,52874,55082,2.5258068101819258,0.1680569200446671
793,0.49937,55,319,55,333253,272357,52929,55027,2.522851902626996,0.16808090804681963
794,0.49938,53,249,53,333502,272108,52982,54974,2.520545407388195,0.16807406093884714
795,0.49939,84,367,84,333869,271741,53066,54890,2.5171458742450628,0.16804896044772236
796,0.4994,42,276,42,334145,271465,53108,54848,2.514589277112898,0.1680840174924076
797,0.49941,47,229,47,334374,271236,53155,54801,2.512468042535848,0.1680821501854084
798,0.49942,27,170,27,334544,271066,53182,54774,2.510893326910964,0.16810090842131106
799,0.49943,29,182,29,334726,270884,53211,54745,2.509207454889029,0.16812077548375606
800,0.49944,49,213,49,334939,270671,53260,54696,2.5072344288413797,0.16810555465059457
801,0.49945,54,235,54,335174,270436,53314,54642,2.5050576160658045,0.1680888894357662
802,0.49946,59,251,59,335425,270185,53373,54583,2.5027325947608285,0.16806766676519855
803,0.49947,86,312,86,335737,269873,53459,54497,2.4998425284375116,0.16800875543360977
804,0.49948,63,238,63,335975,269635,53522,54434,2.497637926562674,0.16797040136514138
805,0.49949,69,235,69,336210,269400,53591,54365,2.4954611137870986,0.1679150000772165
806,0.4995,70,255,70,336465,269145,53661,54295,2.493099040349772,0.1678673015087806
807,0.49951,44,273,44,336738,268872,53705,54251,2.4905702323168697,0.16789581676327592
808,0.49952,48,224,48,336962,268648,53753,54203,2.4884953129052576,0.1678885925705666
809,0.49953,49,234,49,337196,268414,53802,54154,2.48632776316277,0.16788398105205724
810,0.49954,62,281,62,337477,268133,53864,54092,2.4837248508651673,0.16787027698037085
811,0.49955,54,236,54,337713,267897,53918,54038,2.4815387750565043,0.16785375929923743
812,0.49956,33,197,33,337910,267700,53951,54005,2.4797139575382565,0.1678711863353072
813,0.49957,29,185,29,338095,267515,53980,53976,2.4780002964170587,0.16789272483522089
814,0.49958,33,268,33,338363,267247,54013,53943,2.4755178035495944,0.16794732090040163
815,0.49959,50,313,50,338676,266934,54063,53893,2.47261847419319,0.16798149781658028
816,0.4996,63,335,63,339011,266599,54126,53830,2.4695153581088594,0.1679935336689251
817,0.49961,77,379,77,339390,266220,54203,53753,2.4660046685686763,0.16799229935025767
818,0.49962,62,244,62,339634,265976,54265,53691,2.463744488495313,0.16795915749827164
819,0.49963,73,268,73,339902,265708,54338,53618,2.4612619956278485,0.16790991024846083
820,0.49964,63,263,63,340165,265445,54401,53555,2.4588258179258218,0.16788401253918495
821,0.49965,49,304,49,340469,265141,54450,53506,2.456009855867205,0.16791622077094717
822,0.49966,54,398,54,340867,264743,54504,53452,2.4523231686983586,0.16798504061974576
823,0.49967,54,482,54,341349,264261,54558,53398,2.4478583867501573,0.16809849555655593
824,0.49968,91,951,91,342300,263310,54649,53307,2.4390492422838936,0.16836430134831673
825,0.49969,71,1040,71,343340,262270,54720,53236,2.429415687872837,0.1687321318770483
826,0.4997,126,1628,126,344968,260642,54846,53110,2.4143354700062987,0.1692738213620949
827,0.49971,134,1818,134,346786,258824,54980,52976,2.3974952758531254,0.16990378447722898
828,0.49972,160,2464,160,349250,256360,55140,52816,2.374671162325392,0.17082826610086166
829,0.49973,186,2764,186,352014,253596,55326,52630,2.349068138871392,0.17186652994846943
830,0.49974,238,2835,238,354849,250761,55564,52392,2.3228074400681757,0.1728236237147579
831,0.49975,223,2605,223,357454,248156,55787,52169,2.298677238875097,0.17370848247731624
832,0.49976,216,2351,216,359805,245805,56003,51953,2.2768998480862574,0.17448061848883992
833,0.49977,172,1947,172,361752,243858,56175,51781,2.2588647226647893,0.1751494220992494
834,0.49978,183,1735,183,363487,242123,56358,51598,2.242793360257883,0.17567010870860442
835,0.49979,148,1491,148,364978,240632,56506,51450,2.2289821779243395,0.17614916359104635
836,0.4998,153,1250,153,366228,239382,56659,51297,2.217403386564897,0.1764730166265881
837,0.49981,136,1050,136,367278,238332,56795,51161,2.207677201822965,0.17672620754215126
838,0.49982,125,1198,125,368476,237134,56920,51036,2.196580088184075,0.1771037929000243
839,0.49983,148,1196,148,369672,235938,57068,50888,2.1855015006113603,0.17741766785437862
840,0.49984,154,1290,154,370962,234648,57222,50734,2.1735521879284154,0.17777575320097272
841,0.49985,172,1625,172,372587,233023,57394,50562,2.1584997591611397,0.17829574906994375
842,0.49986,269,1909,269,374496,231114,57663,50293,2.140816628996999,0.17871979019711662
843,0.49987,254,2253,254,376749,228861,57917,50039,2.119947015450739,0.1794155611330226
844,0.49988,314,2651,314,379400,226210,58231,49725,2.095390714735633,0.1802054831753855
845,0.49989,355,2777,355,382177,223433,58586,49370,2.069667271851495,0.1809730831405813
846,0.4999,391,2980,391,385157,220453,58977,48979,2.0420634332505836,0.18178612785415244
847,0.49991,414,3316,414,388473,217137,59391,48565,2.011347215532254,0.18277995649261203
848,0.49992,378,3053,378,391526,214084,59769,48187,1.983067175515951,0.18372980619283108
849,0.49993,475,3421,475,394947,210663,60244,47712,1.951378339323428,0.18466182873730044
850,0.49994,546,3674,546,398621,206989,60790,47166,1.917345955759754,0.18557966595187975
851,0.49995,544,3757,544,402378,203232,61334,46622,1.8825447404498128,0.1865969726320171
852,0.49996,577,4113,577,406491,199119,61911,46045,1.8444458853607024,0.18781305575043644
853,0.49997,689,4073,689,410564,195046,62600,45356,1.8067175515950944,0.18866731557973726
854,0.49998,619,3991,619,414555,191055,63219,44737,1.7697487865426655,0.18973077967021781
855,0.49999,707,4120,707,418675,186935,63926,44030,1.7315850902219423,0.1906349446885892
856,0.5,662,3551,662,422226,183384,64588,43368,1.6986920597280373,0.19125740897544455
857,0.50001,706,3707,706,425933,179677,65294,42662,1.664353996072474,0.19187816802270408
858,0.50002,700,3404,700,429337,176273,65994,41962,1.6328226314424394,0.1922789653355328
859,0.50003,638,3193,638,432530,173080,66632,41324,1.603245766793879,0.19273894143765974
860,0.50004,620,3059,620,435589,170021,67252,40704,1.5749101485790507,0.19316170364218768
861,0.50005,592,2807,592,438396,167214,67844,40112,1.548908814702286,0.19347308104145164
862,0.50006,455,2056,455,440452,165158,68299,39657,1.5298640186742747,0.1936235139027903
863,0.50007,449,1967,449,442419,163191,68748,39208,1.5116436325910556,0.19371637211646303
864,0.50008,469,2007,469,444426,161184,69217,38739,1.4930527251843344,0.19376960129649914
865,0.50009,505,2008,505,446434,159176,69722,38234,1.4744525547445255,0.19367813180689936
866,0.5001,630,2482,630,448916,156694,70352,37604,1.451461706621216,0.19353776158272346
867,0.50011,700,2507,700,451423,154187,71052,36904,1.4282392826707178,0.1931226483717182
868,0.50012,813,2800,813,454223,151387,71865,36091,1.402302790025566,0.19250792092938904
869,0.50013,838,2826,838,457049,148561,72703,35253,1.376125458520138,0.19178626219983244
870,0.50014,795,2451,795,459500,146110,73498,34458,1.3534217644225426,0.1908311550219308
871,0.50015,663,1995,663,461495,144115,74161,33795,1.334942013412872,0.18995559552582766
872,0.50016,635,2007,635,463502,142108,74796,33160,1.3163511060061506,0.1891959741652783
873,0.50017,467,1442,467,464944,140666,75263,32693,1.3029938122938975,0.1885855363724987
874,0.50018,458,1493,458,466437,139173,75721,32235,1.289164103894179,0.18806006720806498
875,0.50019,423,1299,423,467736,137874,76144,31812,1.2771314239134461,0.18747569039284326
876,0.5002,346,1022,346,468758,136852,76490,31466,1.2676646040979658,0.18694376121389275
877,0.50021,284,918,284,469676,135934,76774,31182,1.2591611397235911,0.18658895617415447
878,0.50022,269,852,269,470528,135082,77043,30913,1.251269035532995,0.1862285008584596
879,0.50023,224,619,224,471147,134463,77267,30689,1.245535218051799,0.18582275721759348
880,0.50024,247,675,247,471822,133788,77514,30442,1.2392826707176998,0.18536199232783293
881,0.50025,174,585,174,472407,133203,77688,30268,1.2338637963614807,0.18515822378281163
882,0.50026,178,572,178,472979,132631,77866,30090,1.2285653414353996,0.1849177426392414
883,0.50027,173,520,173,473499,132111,78039,29917,1.2237485642298713,0.18464092625965883
884,0.50028,162,560,162,474059,131551,78201,29755,1.2185612657008411,0.18446307018957758
885,0.50029,127,471,127,474530,131080,78328,29628,1.2141983771166032,0.18435921049356596
886,0.5003,133,388,133,474918,130692,78461,29495,1.210604320278632,0.18412854975747095
887,0.50031,142,439,142,475357,130253,78603,29353,1.2065378487531957,0.18390912622332495
888,0.50032,128,309,128,475666,129944,78731,29225,1.2036755715291414,0.18360987378195504
889,0.50033,108,356,108,476022,129588,78839,29117,1.2003779317499723,0.18346617938943321
890,0.50034,139,361,139,476383,129227,78978,28978,1.197033976805365,0.1831674093739136
891,0.50035,69,254,69,476637,128973,79047,28909,1.1946811664011263,0.18310510381170747
892,0.50036,96,329,96,476966,128644,79143,28813,1.191633628515321,0.18298964161644132
893,0.50037,91,285,91,477251,128359,79234,28722,1.1889936640853682,0.18284833939177877
894,0.50038,52,185,52,477436,128174,79286,28670,1.1872800029641706,0.18279309377470607
895,0.50039,67,250,67,477686,127924,79353,28603,1.1849642446922821,0.1827352469541996
896,0.5004,28,244,28,477930,127680,79381,28575,1.1827040646189189,0.18287414802726312
897,0.50041,29,245,29,478175,127435,79410,28546,1.1804346215124681,0.18300946910200602
898,0.50042,43,295,43,478470,127140,79453,28503,1.1777020267516396,0.18313062585532275
899,0.50043,41,339,41,478809,126801,79494,28462,1.1745618585349586,0.183314762692979
900,0.50044,61,463,61,479272,126338,79555,28401,1.170273074215421,0.18354131796121212
901,0.50045,57,314,57,479586,126024,79612,28344,1.167364481825929,0.18361318407960198
902,0.50046,72,439,72,480025,125585,79684,28272,1.1632980103004928,0.18375504526930853
903,0.50047,69,346,69,480371,125239,79753,28203,1.160093000852199,0.18380234877021936
904,0.50048,60,220,60,480591,125019,79813,28143,1.1580551335729372,0.18374662122458574
905,0.50049,48,235,48,480826,124784,79861,28095,1.155878320797362,0.18377278762943242
906,0.5005,33,169,33,480995,124615,79894,28062,1.1543128682055652,0.1837997864773345
907,0.50051,32,131,32,481126,124484,79926,28030,1.1530994108710957,0.18378640649383007
908,0.50052,40,175,40,481301,124309,79966,27990,1.1514783800807737,0.18378321591080704
909,0.50053,29,162,29,481463,124147,79995,27961,1.1499777687205899,0.1838233360507008
910,0.50054,28,164,28,481627,123983,80023,27933,1.148458631294231,0.18387134995655494
911,0.50055,46,214,46,481841,123769,80069,27887,1.1464763422134945,0.18388326211953368
912,0.50056,29,164,29,482005,123605,80098,27858,1.1449572047871355,0.18392610736615542
913,0.50057,50,265,50,482270,123340,80148,27808,1.1425025010189336,0.18397861698467727
914,0.50058,57,332,57,482602,123008,80205,27751,1.1394271740338657,0.18407524592229982
915,0.50059,46,227,46,482829,122781,80251,27705,1.1373244655229908,0.18410350464495037
916,0.5006,40,318,40,483147,122463,80291,27665,1.1343788210011485,0.18427608440797186
917,0.50061,47,251,47,483398,122212,80338,27618,1.1320537996961726,0.18432890609357272
918,0.50062,40,245,40,483643,121967,80378,27578,1.1297843565897217,0.18441271857969174
919,0.50063,59,320,59,483963,121647,80437,27519,1.1268201860017044,0.18448574071839427
920,0.50064,56,427,56,484390,121220,80493,27463,1.1228648708733187,0.18470840647552175
921,0.50065,79,487,79,484877,120733,80572,27384,1.1183537737596798,0.18488087120317045
922,0.50066,83,555,83,485432,120178,80655,27301,1.1132127903960873,0.18511788118986433
923,0.50067,81,579,81,486011,119599,80736,27220,1.1078494942383934,0.18539834762530735
924,0.50068,87,499,87,486510,119100,80823,27133,1.103227240727704,0.1855463541061183
925,0.50069,84,500,84,487010,118600,80907,27049,1.0985957241839268,0.1857135991321602
926,0.5007,77,400,77,487410,118200,80984,26972,1.094890510948905,0.18579340368666133
927,0.50071,71,372,71,487782,117828,81055,26901,1.091444662640335,0.1858715254026491
928,0.50072,79,480,79,488262,117348,81134,26822,1.086998406758309,0.18604425331206215
929,0.50073,101,485,101,488747,116863,81235,26721,1.0825058357108452,0.18610012257633163
930,0.50074,67,356,67,489103,116507,81302,26654,1.079208195931676,0.18618199090534432
931,0.50075,53,342,53,489445,116165,81355,26601,1.0760402386157324,0.18632587590882985
932,0.50076,38,281,38,489726,115884,81393,26563,1.0734373263181296,0.18647637366880312
933,0.50077,37,212,37,489938,115672,81430,26526,1.0714735633035681,0.18654270805496562
934,0.50078,38,264,38,490202,115408,81468,26488,1.069028122568454,0.18667192873653943
935,0.50079,49,222,49,490424,115186,81517,26439,1.0669717292230168,0.18668314210061782
936,0.5008,50,308,50,490732,114878,81567,26389,1.0641187150320501,0.186802296360792
937,0.50081,72,353,72,491085,114525,81639,26317,1.0608488643521434,0.18685477343406087
938,0.50082,65,328,65,491413,114197,81704,26252,1.0578105894994256,0.1869148231742483
939,0.50083,101,398,101,491811,113799,81805,26151,1.054123902330579,0.18685959271168273
940,0.50084,100,383,100,492194,113416,81905,26051,1.050576160658046,0.186789706525558
941,0.50085,114,453,114,492647,112963,82019,25937,1.0463800066693838,0.18673146148308134
942,0.50086,142,445,142,493092,112518,82161,25795,1.0422579569454222,0.1864972923730958
943,0.50087,102,432,102,493524,112086,82263,25693,1.0382563266515987,0.18647979735663636
944,0.50088,76,388,76,493912,111698,82339,25617,1.0346622698136279,0.18655645777955795
945,0.50089,55,335,55,494247,111363,82394,25562,1.0315591537292972,0.18668614204856673
946,0.5009,58,304,58,494551,111059,82452,25504,1.0287431916706806,0.18675629562912355
947,0.50091,58,449,58,495000,110610,82510,25446,1.0245840898143688,0.1870259304992062
948,0.50092,76,395,76,495395,110215,82586,25370,1.020925191744785,0.1871150938525648
949,0.50093,89,570,89,495965,109645,82675,25281,1.015645262884879,0.18736937284140937
950,0.50094,60,419,60,496384,109226,82735,25221,1.011764052021194,0.18759064910336415
951,0.50095,76,374,76,496758,108852,82811,25145,1.0082996776464486,0.1876534549280954
952,0.50096,51,260,51,497018,108592,82862,25094,1.0058912890436844,0.18770851098843558
953,0.50097,50,286,50,497304,108306,82912,25044,1.0032420615806439,0.18780652418447694
954,0.50098,42,225,42,497529,108081,82954,25002,1.0011578791359443,0.187867721647393
955,0.50099,64,342,64,497871,107739,83018,24938,0.9979899218200008,0.18796023425311092
956,0.501,70,306,70,498177,107433,83088,24868,0.9951554336952092,0.18796532150172712
957,0.50101,76,385,76,498562,107048,83164,24792,0.9915891659565008,0.18804611650485437
958,0.50102,65,291,65,498853,106757,83229,24727,0.9888936233280226,0.18806090474886678
959,0.50103,99,450,99,499303,106307,83328,24628,0.9847252584386231,0.18809332875090695
960,0.50104,75,324,75,499627,105983,83403,24553,0.9817240357182556,0.18809370595084882
961,0.50105,102,424,102,500051,105559,83505,24451,0.9777965096891326,0.1880701484501192
962,0.50106,87,384,87,500435,105175,83592,24364,0.9742395049835118,0.18808235357691505
963,0.50107,93,485,93,500920,104690,83685,24271,0.969746933936048,0.18820418576158685
964,0.50108,105,546,105,501466,104144,83790,24166,0.9646893178702435,0.18834073727690748
965,0.50109,51,359,51,501825,103785,83841,24115,0.9613638889918115,0.1885457388584832
966,0.5011,80,447,80,502272,103338,83921,24035,0.9572233132016748,0.18869776169203833
967,0.50111,65,327,65,502599,103011,83986,23970,0.9541943013820445,0.18876839842181115
968,0.50112,75,456,75,503055,102555,84061,23895,0.9499703582941198,0.1889679715302491
969,0.50113,79,459,79,503514,102096,84140,23816,0.9457186261069325,0.189147976364445
970,0.50114,86,396,86,503910,101700,84226,23730,0.942050465004261,0.1891891891891892
971,0.50115,64,296,64,504206,101404,84290,23666,0.9393086072103449,0.18922203566003037
972,0.50116,81,377,81,504583,101027,84371,23585,0.935816443736337,0.18926748627740506
973,0.50117,77,327,77,504910,100700,84448,23508,0.9327874319167068,0.18926317145433466
974,0.50118,51,236,51,505146,100464,84499,23457,0.9306013561080441,0.18928995085578715
975,0.50119,78,312,78,505458,100152,84577,23379,0.9277112897847271,0.18925613813536682
976,0.5012,78,387,78,505845,99765,84655,23301,0.9241264959798436,0.18933742869679684
977,0.50121,51,361,51,506206,99404,84706,23250,0.9207825410352366,0.18955761736266244
978,0.50122,58,313,58,506519,99091,84764,23192,0.9178832116788321,0.1896584153152932
979,0.50123,63,395,63,506914,98696,84827,23129,0.9142243136092482,0.18985429919967167
980,0.50124,64,356,64,507270,98340,84891,23065,0.910926673830079,0.1899839380585643
981,0.50125,48,234,48,507504,98106,84939,23017,0.9087591240875912,0.19002996953510068
982,0.50126,69,338,69,507842,97768,85008,22948,0.9056282189039979,0.19009907551608735
983,0.50127,55,243,55,508085,97525,85063,22893,0.9033773018637222,0.19011277383779834
984,0.50128,52,255,52,508340,97270,85115,22841,0.9010152284263959,0.19016576333558124
985,0.50129,76,324,76,508664,96946,85191,22765,0.8980140057060284,0.19016631721395694
986,0.5013,72,370,72,509034,96576,85263,22693,0.8945866834636333,0.19026737878241623
987,0.50131,74,368,74,509402,96208,85337,22619,0.8911778872874134,0.19035236099539668
988,0.50132,75,410,75,509812,95798,85412,22544,0.8873800437215161,0.19049872403711277
989,0.50133,68,362,68,510174,95436,85480,22476,0.8840268257438215,0.19061673112151434
990,0.50134,61,288,61,510462,95148,85541,22415,0.881359072214606,0.1906637292345381
991,0.50135,73,329,73,510791,94819,85614,22342,0.8783115343288006,0.19069485579672416
992,0.50136,53,249,53,511040,94570,85667,22289,0.8760050390899996,0.19073413258713492
993,0.50137,79,313,79,511353,94257,85746,22210,0.8731057097335951,0.1906977942249736
994,0.50138,81,337,81,511690,93920,85827,22129,0.8699840675830894,0.19068669269015676
995,0.50139,73,348,73,512038,93572,85900,22056,0.8667605320686206,0.19074964541460546
996,0.5014,88,357,88,512395,93215,85988,21968,0.8634536292563637,0.19072258927098618
997,0.50141,67,343,67,512738,92872,86055,21901,0.8602764089073326,0.19082014062540842
998,0.50142,63,261,63,512999,92611,86118,21838,0.857858757271481,0.19080988038340221
999,0.50143,43,261,43,513260,92350,86161,21795,0.8554411056356294,0.19094134653291867
1000,0.50144,57,277,57,513537,92073,86218,21738,0.8528752454703769,0.19100086986319426
1001,0.50145,45,227,45,513764,91846,86263,21693,0.8507725369595021,0.1910621020090013
1002,0.50146,53,232,53,513996,91614,86316,21640,0.8486235132831894,0.19107492892083283
1003,0.50147,71,315,71,514311,91299,86387,21569,0.8457056578606099,0.19109933727894532
1004,0.50148,66,273,66,514584,91026,86453,21503,0.8431768498277076,0.191088519403887
1005,0.50149,73,361,73,514945,90665,86526,21430,0.8398328948831005,0.1911771265444489
1006,0.5015,70,406,70,515351,90259,86596,21360,0.8360721034495535,0.19136526935378387
1007,0.50151,79,317,79,515668,89942,86675,21281,0.8331357219607989,0.19133632432140835
1008,0.50152,68,326,68,515994,89616,86743,21213,0.8301159731742562,0.1914029721462794
1009,0.50153,61,244,61,516238,89372,86804,21152,0.827855793100893,0.19137924794614744
1010,0.50154,40,194,40,516432,89178,86844,21112,0.8260587646819074,0.19142261311088948
1011,0.50155,65,209,65,516641,88969,86909,21047,0.8241227907666087,0.19130853694008143
1012,0.50156,68,350,68,516991,88619,86977,20979,0.8208807291859647,0.19141772660085038
1013,0.50157,64,333,64,517324,88286,87041,20915,0.8177961391678091,0.19152755011400993
1014,0.50158,73,334,73,517658,87952,87114,20842,0.814702286116566,0.19157306469106752
1015,0.50159,61,305,61,517963,87647,87175,20781,0.811877061024862,0.19165713653299885
1016,0.5016,93,359,93,518322,87288,87268,20688,0.80855163214643,0.1915981329184263
1017,0.50161,75,277,75,518599,87011,87343,20613,0.8059857719811775,0.19152791198989072
1018,0.50162,89,323,89,518922,86688,87432,20524,0.8029938122938975,0.19143379472447114
1019,0.50163,54,261,54,519183,86427,87486,20470,0.8005761606580458,0.19149274535300337
1020,0.50164,84,294,84,519477,86133,87570,20386,0.797852828930305,0.1913836968052648
1021,0.50165,51,281,51,519758,85852,87621,20335,0.7952499166327022,0.19150178458756723
1022,0.50166,59,252,59,520010,85600,87680,20276,0.7929156322946386,0.19150704597831425
1023,0.50167,68,245,68,520255,85355,87748,20208,0.7906461891881877,0.19143070962363706
1024,0.50168,36,168,36,520423,85187,87784,20172,0.7890899996294787,0.19145967596503383
1025,0.50169,53,204,53,520627,84983,87837,20119,0.7872003408796177,0.19142356948488135
1026,0.5017,59,244,59,520871,84739,87896,20060,0.7849401608062544,0.19141404021030736
1027,0.50171,63,287,63,521158,84452,87959,19997,0.7822816703101263,0.19145228771936543
1028,0.50172,44,242,44,521400,84210,88003,19953,0.7800400163029383,0.19155554275510497
1029,0.50173,63,316,63,521716,83894,88066,19890,0.7771128978472711,0.1916480382332537
1030,0.50174,58,262,58,521978,83632,88124,19832,0.7746859831783319,0.19168019794324595
1031,0.50175,61,260,61,522238,83372,88185,19771,0.7722775945755678,0.1916853300757201
1032,0.50176,54,203,54,522441,83169,88239,19717,0.7703971988587943,0.19163929008805863
1033,0.50177,57,222,57,522663,82947,88296,19660,0.7683408055133573,0.19160486126677517
1034,0.50178,55,225,55,522888,82722,88351,19605,0.7662566230686576,0.19159166202468556
1035,0.50179,87,282,87,523170,82440,88438,19518,0.7636444477379674,0.19143176602130288
1036,0.5018,73,270,73,523440,82170,88511,19445,0.7611434288043277,0.19135954337450178
1037,0.50181,68,237,68,523677,81933,88579,19377,0.7589480899625773,0.19126443588984304
1038,0.50182,89,273,89,523950,81660,88668,19288,0.756419281929675,0.19106866901771208
1039,0.50183,54,240,54,524190,81420,88722,19234,0.754196153988662,0.1910902696365768
1040,0.50184,48,191,48,524381,81229,88770,19186,0.7524269146689392,0.19106707165264153
1041,0.50185,48,228,48,524609,81001,88818,19138,0.7503149431249768,0.19111435105203767
1042,0.50186,66,204,66,524813,80797,88884,19072,0.7484252843751158,0.19097017092391033
1043,0.50187,54,156,54,524969,80641,88938,19018,0.7469802512134573,0.19083073279884405
1044,0.50188,72,219,72,525188,80422,89010,18946,0.744951646967283,0.19066500281780854
1045,0.50189,83,306,83,525494,80116,89093,18863,0.7421171588424914,0.19057577870053244
1046,0.5019,74,221,74,525715,79895,89167,18789,0.7400700285301419,0.19039560617729318
1047,0.50191,68,215,68,525930,79680,89235,18721,0.7380784764163177,0.19025213158402862
1048,0.50192,45,223,45,526153,79457,89280,18676,0.7360128200377932,0.19031314644411157
1049,0.50193,32,149,32,526302,79308,89312,18644,0.7346326281077477,0.19033812479581835
1050,0.50194,45,159,45,526461,79149,89357,18599,0.7331598058468265,0.19027499283872815
1051,0.50195,39,178,39,526639,78971,89396,18560,0.7315109859572418,0.19029846920466315
1052,0.50196,42,198,42,526837,78773,89438,18518,0.7296769054059061,0.19033620787123168
1053,0.50197,63,219,63,527056,78554,89501,18455,0.7276483011597318,0.19024008081724375
1054,0.50198,67,249,67,527305,78305,89568,18388,0.7253418059209308,0.19016888502787171
1055,0.50199,75,222,75,527527,78083,89643,18313,0.7232854125754937,0.18997676252126644
1056,0.502,65,201,65,527728,77882,89708,18248,0.7214235429248953,0.18982627691667533
1057,0.50201,59,198,59,527926,77684,89767,18189,0.7195894623735596,0.18971973339730686
1058,0.50202,34,168,34,528094,77516,89801,18155,0.7180332728148505,0.1897649235400487
1059,0.50203,44,159,44,528253,77357,89845,18111,0.7165604505539294,0.18970754598399464
1060,0.50204,22,109,22,528362,77248,89867,18089,0.7155507799473859,0.18973745765023023
1061,0.50205,27,130,27,528492,77118,89894,18062,0.714346585646004,0.18976675772221055
1062,0.50206,25,151,25,528643,76967,89919,18037,0.7129478676497832,0.18985516399309502
1063,0.50207,19,133,19,528776,76834,89938,18018,0.7117158842491386,0.18995909416775608
1064,0.50208,27,162,27,528938,76672,89965,17991,0.7102152728889548,0.19005313586089603
1065,0.50209,31,224,31,529162,76448,89996,17960,0.7081403534773426,0.19023811541394797
1066,0.5021,30,175,30,529337,76273,90026,17930,0.7065193226870207,0.19033364117915566
1067,0.50211,39,275,39,529612,75998,90065,17891,0.7039719885879432,0.19055480407715494
1068,0.50212,29,247,29,529859,75751,90094,17862,0.7016840194153173,0.19080683238439106
1069,0.50213,36,292,36,530151,75459,90130,17826,0.6989792137537515,0.19109181540440584
1070,0.50214,49,497,49,530648,74962,90179,17777,0.6943754863092371,0.19168850214041558
1071,0.50215,35,211,35,530859,74751,90214,17742,0.6924209863277632,0.19181992150757354
1072,0.50216,47,345,47,531204,74406,90261,17695,0.689225239912557,0.19212603554793106
1073,0.50217,55,365,55,531569,74041,90316,17640,0.6858442328355997,0.19240627829103085
1074,0.50218,40,233,40,531802,73808,90356,17600,0.6836859461261996,0.1925433222475057
1075,0.50219,51,298,51,532100,73510,90407,17549,0.6809255622661085,0.1927212027366872
1076,0.5022,30,242,30,532342,73268,90437,17519,0.6786839082589203,0.19296815623382202
1077,0.50221,40,250,40,532592,73018,90477,17479,0.6763681499870318,0.19314452412787164
1078,0.50222,38,293,38,532885,72725,90515,17441,0.6736540812923784,0.19343211410065878
1079,0.50223,57,398,57,533283,72327,90572,17384,0.6699673941235318,0.1937777975944979
1080,0.50224,53,366,53,533649,71961,90625,17331,0.666577124013487,0.19409353581507863
1081,0.50225,54,408,54,534057,71553,90679,17277,0.6627978065137649,0.1944951030057413
1082,0.50226,63,513,63,534570,71040,90742,17214,0.6580458705398495,0.19505064926235638
1083,0.50227,66,464,66,535034,70576,90808,17148,0.6537478231872245,0.1954767224476768
1084,0.50228,56,432,56,535466,70144,90864,17092,0.649746192893401,0.19592828648723004
1085,0.50229,84,631,84,536097,69513,90948,17008,0.6439012190151543,0.19657655366905144
1086,0.5023,65,524,65,536621,68989,91013,16943,0.6390473896772759,0.1971675278126891
1087,0.50231,85,576,85,537197,68413,91098,16858,0.6337118826188447,0.1976991005148292
1088,0.50232,57,431,57,537628,67982,91155,16801,0.6297195153581089,0.1981647264192114
1089,0.50233,80,431,80,538059,67551,91235,16721,0.625727148097373,0.1984170305676856
1090,0.50234,56,278,56,538337,67273,91291,16665,0.623152024899033,0.19853939812718913
1091,0.50235,57,344,57,538681,66929,91348,16608,0.6199655415169143,0.19881010809581384
1092,0.50236,55,336,55,539017,66593,91403,16553,0.6168531623994961,0.1990835397974647
1093,0.50237,73,469,73,539486,66124,91476,16480,0.6125087998814331,0.1995060771875454
1094,0.50238,84,583,84,540069,65541,91560,16396,0.607108451591389,0.2001049586877723
1095,0.50239,109,554,109,540623,64987,91669,16287,0.601976731260884,0.2003961906636809
1096,0.5024,77,483,77,541106,64504,91746,16210,0.5975026862795954,0.20083256931882945
1097,0.50241,73,448,73,541554,64056,91819,16137,0.5933528474563711,0.20122703976656317
1098,0.50242,61,472,61,542026,63584,91880,16076,0.5889806958390456,0.2018076826512679
1099,0.50243,85,477,85,542503,63107,91965,15991,0.5845622290562822,0.20216693216010517
1100,0.50244,69,559,69,543062,62548,92034,15922,0.5793841935603394,0.20290556900726392
1101,0.50245,103,686,103,543748,61862,92137,15819,0.5730297528622772,0.20364052985929634
1102,0.50246,78,571,78,544319,61291,92215,15741,0.5677405609692838,0.20434364939246027
1103,0.50247,149,742,149,545061,60549,92364,15592,0.5608673904183186,0.20477797769926845
1104,0.50248,102,587,102,545648,59962,92466,15490,0.5554299899959243,0.20529608227747442
1105,0.50249,83,590,83,546238,59372,92549,15407,0.5499648004742673,0.2060337795370358
1106,0.5025,75,664,75,546902,58708,92624,15332,0.5438141465041313,0.20707725553754727
1107,0.50251,120,745,120,547647,57963,92744,15212,0.5369131868539034,0.20788520669627605
1108,0.50252,112,766,112,548413,57197,92856,15100,0.529817703508837,0.2088606719504267
1109,0.50253,108,790,108,549203,56407,92964,14992,0.5224999073696691,0.20997492962086303
1110,0.50254,129,627,129,549830,55780,93093,14863,0.5166919856237726,0.21039593448749344
1111,0.50255,130,533,130,550363,55247,93223,14733,0.5117547889881062,0.2105315804515576
1112,0.50256,97,455,97,550818,54792,93320,14636,0.5075401089332691,0.2108083194100363
1113,0.50257,79,378,79,551196,54414,93399,14557,0.5040386824261737,0.2110597207522002
1114,0.50258,114,482,114,551678,53932,93513,14443,0.4995739004779725,0.21123217550274223
1115,0.50259,71,390,71,552068,53542,93584,14372,0.4959613175738264,0.21162057896751774
1116,0.5026,79,366,79,552434,53176,93663,14293,0.49257104746378155,0.2118454401280588
1117,0.50261,82,423,82,552857,52753,93745,14211,0.4886527844677461,0.21221850546562332
1118,0.50262,80,399,80,553256,52354,93825,14131,0.484956834265812,0.21254418289839813
1119,0.50263,89,389,89,553645,51965,93914,14042,0.48135351439475343,0.21273501295317163
1120,0.50264,117,498,117,554143,51467,94031,13925,0.47674052391715144,0.21294653780278933
1121,0.50265,87,473,87,554616,50994,94118,13838,0.4723591092667383,0.21344397828232972
1122,0.50266,90,419,90,555035,50575,94208,13748,0.4684778984030531,0.21373381216672108
1123,0.50267,118,526,118,555561,50049,94326,13630,0.4636055429989996,0.214042305940734
1124,0.50268,57,323,57,555884,49726,94383,13573,0.4606135833117196,0.21442676819539014
1125,0.50269,90,369,90,556253,49357,94473,13483,0.4571955241024121,0.21456078930617442
1126,0.5027,74,397,74,556650,48960,94547,13409,0.4535180999666531,0.2149946287418429
1127,0.50271,94,429,94,557079,48531,94641,13315,0.4495442587720923,0.21529282411150277
1128,0.50272,105,455,105,557534,48076,94746,13210,0.4453295787172552,0.2155467806676892
1129,0.50273,92,427,92,557961,47649,94838,13118,0.44137426358886955,0.21587374726414008
1130,0.50274,69,433,69,558394,47216,94907,13049,0.4373633702619586,0.21652700572471584
1131,0.50275,80,444,80,558838,46772,94987,12969,0.43325058357108454,0.21708709261646106
1132,0.50276,65,362,65,559200,46410,95052,12904,0.4298973655933899,0.21755403446066696
1133,0.50277,71,344,71,559544,46066,95123,12833,0.42671088221127124,0.21788145808927145
1134,0.50278,117,471,117,560015,45595,95240,12716,0.42234799362703324,0.2180720618751179
1135,0.50279,91,369,91,560384,45226,95331,12625,0.41892993441772575,0.2182330469654803
1136,0.5028,53,364,53,560748,44862,95384,12572,0.415558190373856,0.21889473134380333
1137,0.50281,49,276,49,561024,44586,95433,12523,0.41300159324169106,0.21928242483671576
1138,0.50282,38,244,38,561268,44342,95471,12485,0.41074141316832785,0.21970190226476852
1139,0.50283,48,216,48,561484,44126,95519,12437,0.40874059802141616,0.21987871930413874
1140,0.50284,43,193,43,561677,43933,95562,12394,0.4069528326355182,0.22003657215900013
1141,0.50285,47,239,47,561916,43694,95609,12347,0.4047389677275927,0.22032083653039738
1142,0.50286,48,247,48,562163,43447,95657,12299,0.40245099855496685,0.22062569511713845
1143,0.50287,82,330,82,562493,43117,95739,12217,0.399394197636074,0.22078649654823435
1144,0.50288,99,260,99,562753,42857,95838,12118,0.3969858090333099,0.2204274670304684
1145,0.50289,72,341,72,563094,42516,95910,12046,0.3938271147504539,0.2207763645027675
1146,0.5029,102,373,102,563467,42143,96012,11944,0.3903720034087962,0.22082940447797067
1147,0.50291,76,334,76,563801,41809,96088,11868,0.3872781503575531,0.22110028503828455
1148,0.50292,78,295,78,564096,41514,96166,11790,0.3845455555967246,0.22118415128320576
1149,0.50293,74,247,74,564343,41267,96240,11716,0.3822575864240987,0.22112753147235906
1150,0.50294,59,212,59,564555,41055,96299,11657,0.3802938234095372,0.2211450903020185
1151,0.50295,40,160,40,564715,40895,96339,11617,0.37881173811552854,0.22122562461913467
1152,0.50296,37,192,37,564907,40703,96376,11580,0.37703323576271813,0.22148690779029512
1153,0.50297,55,150,55,565057,40553,96431,11525,0.375643780799585,0.2213026613925266
1154,0.50298,56,192,56,565249,40361,96487,11469,0.3738652784467746,0.22128111132548717
1155,0.50299,64,209,64,565458,40152,96551,11405,0.37192930453147577,0.22121147467851116
1156,0.503,67,250,67,565708,39902,96618,11338,0.36961354625958726,0.22127244340359095
1157,0.50301,74,245,74,565953,39657,96692,11264,0.3673441031531365,0.22120539659472516
1158,0.50302,66,232,66,566185,39425,96758,11198,0.3651950794768239,0.22120380064397605
1159,0.50303,59,235,59,566420,39190,96817,11139,0.36301826670124865,0.22132369011901687
1160,0.50304,49,239,49,566659,38951,96866,11090,0.3608044017933232,0.22161827301612677
1161,0.50305,58,222,58,566881,38729,96924,11032,0.3587480084478862,0.22169972468398946
1162,0.50306,52,220,52,567101,38509,96976,10980,0.35671014116862426,0.2218674857038938
1163,0.50307,52,204,52,567305,38305,97028,10928,0.3548204824187632,0.22196494221355595
1164,0.50308,34,177,34,567482,38128,97062,10894,0.3531809255622661,0.2222267553343397
1165,0.50309,55,229,55,567711,37899,97117,10839,0.3510596909852162,0.22239320448110303
1166,0.5031,56,169,56,567880,37730,97173,10783,0.34949423839341953,0.22227031929585883
1167,0.50311,50,147,50,568027,37583,97223,10733,0.3481325725295491,0.22214173358721748
1168,0.50312,63,224,63,568251,37359,97286,10670,0.34605765311793696,0.22215744654271377
1169,0.50313,72,125,72,568376,37234,97358,10598,0.3448997739819927,0.2215671516976083
1170,0.50314,40,169,40,568545,37065,97398,10558,0.343334321390196,0.22169959893328853
1171,0.50315,67,187,67,568732,36878,97465,10491,0.34160213420282337,0.221473959762714
1172,0.50316,51,119,51,568851,36759,97516,10440,0.34049983326540445,0.22119112693065532
1173,0.50317,40,159,40,569010,36600,97556,10400,0.3390270110044833,0.22127659574468084
1174,0.50318,46,137,46,569147,36463,97602,10354,0.3377579754714884,0.22115898071213447
1175,0.50319,43,175,43,569322,36288,97645,10311,0.3361369446811664,0.22127084272194683
1176,0.5032,43,167,43,569489,36121,97688,10268,0.33459001815554484,0.22134557761538295
1177,0.50321,53,184,53,569673,35937,97741,10215,0.3328856200674349,0.22133385335413416
1178,0.50322,32,156,32,569829,35781,97773,10183,0.33144058690577644,0.22154294665390306
1179,0.50323,50,192,50,570021,35589,97823,10133,0.32966208455296603,0.22162197629150082
1180,0.50324,36,129,36,570150,35460,97859,10097,0.3284671532846715,0.22163443598129814
1181,0.50325,35,144,35,570294,35316,97894,10062,0.32713327652006374,0.22173740579135265
1182,0.50326,37,125,37,570419,35191,97931,10025,0.32597539738411946,0.22171355272469923
1183,0.50327,29,127,29,570546,35064,97960,9996,0.3247989921820001,0.2218375499334221
1184,0.50328,26,168,26,570714,34896,97986,9970,0.32324280262329097,0.2222172692016226
1185,0.50329,36,171,36,570885,34725,98022,9934,0.3216588239653192,0.2224411652746367
1186,0.5033,46,147,46,571032,34578,98068,9888,0.32029715810144876,0.22237214950748888
1187,0.50331,27,168,27,571200,34410,98095,9861,0.31874096854273964,0.22274174967811886
1188,0.50332,44,196,44,571396,34214,98139,9817,0.316925414057579,0.22295655333742137
1189,0.50333,20,125,20,571521,34089,98159,9797,0.31576753492163473,0.22323747892266327
1190,0.50334,42,198,42,571719,33891,98201,9755,0.313933454370299,0.2235027264812354
1191,0.50335,38,145,38,571864,33746,98239,9717,0.31259031457260367,0.22356947288498263
1192,0.50336,29,103,29,571967,33643,98268,9688,0.3116362221645856,0.2235812697606794
1193,0.50337,38,148,38,572115,33495,98306,9650,0.31026529326762753,0.22366438753042067
1194,0.50338,32,122,32,572237,33373,98338,9618,0.30913520323094595,0.22372124398129842
1195,0.50339,27,99,27,572336,33274,98365,9591,0.3082181629552781,0.22374897935378513
1196,0.5034,25,101,25,572437,33173,98390,9566,0.3072825966134351,0.2238236739277943
1197,0.50341,27,121,27,572558,33052,98417,9539,0.30616176960984104,0.2239675048719213
1198,0.50342,17,80,17,572638,32972,98434,9522,0.30542072696283673,0.22407869346260648
1199,0.50343,28,147,28,572785,32825,98462,9494,0.30405906109896624,0.2243436754176611
1200,0.50344,37,141,37,572926,32684,98499,9457,0.3027529734336211,0.22441327922925416
1201,0.50345,43,165,43,573091,32519,98542,9414,0.30122457297417465,0.22450098967400378
1202,0.50346,42,189,42,573280,32330,98584,9372,0.2994738597206269,0.22473742266557958
1203,0.50347,32,143,32,573423,32187,98616,9340,0.2981492459891067,0.2249139114311171
1204,0.50348,45,157,45,573580,32030,98661,9295,0.2966949497943607,0.2249243799153055
1205,0.50349,36,145,36,573725,31885,98697,9259,0.2953518099966653,0.22503888780867198
1206,0.5035,37,152,37,573877,31733,98734,9222,0.29394382896735705,0.22517397143205958
1207,0.50351,31,129,31,574006,31604,98765,9191,0.2927488976990626,0.22529721779629858
1208,0.50352,27,113,27,574119,31491,98792,9164,0.291702174960169,0.22540892879104663
1209,0.50353,23,101,23,574220,31390,98815,9141,0.290766608618326,0.2255310749796452
1210,0.50354,17,90,17,574310,31300,98832,9124,0.2899329356404461,0.2257075004947556
1211,0.50355,34,101,34,574411,31199,98866,9090,0.28899736929860315,0.22561989624959666
1212,0.50356,22,110,22,574521,31089,98888,9068,0.2879784356589722,0.225813681300894
1213,0.50357,30,112,30,574633,30977,98918,9038,0.2869409759531661,0.22586530051230788
1214,0.50358,30,112,30,574745,30865,98948,9008,0.28590351624736005,0.22591728738745517
1215,0.50359,23,101,23,574846,30764,98971,8985,0.28496794990551705,0.22604342247603712
1216,0.5036,32,152,32,574998,30612,99003,8953,0.2835599688762088,0.22628585871350942
1217,0.50361,34,130,34,575128,30482,99037,8919,0.2823557745748268,0.22636481307581025
1218,0.50362,33,143,33,575271,30339,99070,8886,0.28103116084330654,0.22653919694072658
1219,0.50363,23,100,23,575371,30239,99093,8863,0.2801048575345511,0.22666359776993505
1220,0.50364,28,139,28,575510,30100,99121,8835,0.27881729593538107,0.22691665596507
1221,0.50365,32,103,32,575613,29997,99153,8803,0.277863203527363,0.22688144329896906
1222,0.50366,31,121,31,575734,29876,99184,8772,0.27674237652376893,0.2269716414820948
1223,0.50367,30,133,30,575867,29743,99214,8742,0.27551039312312425,0.22715343640379368
1224,0.50368,32,95,32,575962,29648,99246,8710,0.27463040497980656,0.22707127587465456
1225,0.50369,29,148,29,576110,29500,99275,8681,0.27325947608284856,0.22736439590372173
1226,0.5037,37,178,37,576288,29322,99312,8644,0.2716106561932639,0.2276773955644524
1227,0.50371,45,187,45,576475,29135,99357,8599,0.2698784690058913,0.2278846663486511
1228,0.50372,47,164,47,576639,28971,99404,8552,0.2683593315795324,0.2279135463582336
1229,0.50373,50,150,50,576789,28821,99454,8502,0.26696987661639926,0.2277951933124347
1230,0.50374,36,136,36,576925,28685,99490,8466,0.26571010411649193,0.2278808107453366
1231,0.50375,27,137,27,577062,28548,99517,8439,0.264441068583497,0.22816124584313408
1232,0.50376,35,132,35,577194,28416,99552,8404,0.2632183482159398,0.22824551873981533
1233,0.50377,19,119,19,577313,28297,99571,8385,0.2621160472785209,0.22858622757755848
1234,0.50378,32,150,32,577463,28147,99603,8353,0.26072659231538775,0.22884931506849315
1235,0.50379,23,151,23,577614,27996,99626,8330,0.2593278743191671,0.22931233827010955
1236,0.5038,37,173,37,577787,27823,99663,8293,0.2577253695950202,0.22962122051168457
1237,0.50381,54,159,54,577946,27664,99717,8239,0.2562525473340991,0.22947943068824334
1238,0.50382,54,164,54,578110,27500,99771,8185,0.2547334099077402,0.22936808182709822
1239,0.50383,29,117,29,578227,27383,99800,8156,0.25364963503649635,0.22949435831058837
1240,0.50384,31,174,31,578401,27209,99831,8125,0.2520378672792619,0.2299484915378955
1241,0.50385,35,176,35,578577,27033,99866,8090,0.2504075734558524,0.23033339976653475
1242,0.50386,39,161,39,578738,26872,99905,8051,0.24891622512875616,0.23053575007874466
1243,0.50387,52,177,52,578915,26695,99957,7999,0.24727666827225908,0.23055859802847756
1244,0.50388,50,192,50,579107,26503,100007,7949,0.24549816591944867,0.2307268083130152
1245,0.50389,48,162,48,579269,26341,100055,7901,0.2439975545592649,0.23074002686758951
1246,0.5039,61,188,61,579457,26153,100116,7840,0.2422561043388047,0.23063571911864209
1247,0.50391,54,154,54,579611,25999,100170,7786,0.24082959724332134,0.23045730353707267
1248,0.50392,62,158,62,579769,25841,100232,7724,0.23936603801548778,0.23012066140324744
1249,0.50393,44,154,44,579923,25687,100276,7680,0.23793953092000444,0.23016753079389815
1250,0.50394,45,159,45,580082,25528,100321,7635,0.23646670865908334,0.23022645719627297
1251,0.50395,53,180,53,580262,25348,100374,7582,0.23479936270332358,0.23024597631339205
1252,0.50396,60,224,60,580486,25124,100434,7522,0.23272444329171144,0.23041107639527048
1253,0.50397,64,220,64,580706,24904,100498,7458,0.23068657601244952,0.23045547246770903
1254,0.50398,56,216,56,580922,24688,100554,7402,0.22868576086553782,0.23066375818011842
1255,0.50399,42,223,42,581145,24465,100596,7360,0.22662010448701322,0.2312647289866457
1256,0.504,50,186,50,581331,24279,100646,7310,0.22489718033272815,0.23140966792237805
1257,0.50401,41,161,41,581492,24118,100687,7269,0.2234058320056319,0.23159269761366172
1258,0.50402,42,186,42,581678,23932,100729,7227,0.22168290785134684,0.23193940755479958
1259,0.50403,39,175,39,581853,23757,100768,7188,0.22006187706102487,0.2322830828889966
1260,0.50404,62,252,62,582105,23505,100830,7126,0.21772759272296122,0.232640135810127
1261,0.50405,51,192,51,582297,23313,100881,7075,0.2159490903701508,0.23282216664472818
1262,0.50406,64,270,64,582567,23043,100945,7011,0.21344807143651118,0.23328009582751047
1263,0.50407,77,244,77,582811,22799,101022,6934,0.21118789136314794,0.23320889247637305
1264,0.50408,86,239,86,583050,22560,101108,6848,0.2089740264552225,0.23286180631120784
1265,0.50409,57,162,57,583212,22398,101165,6791,0.20747341509503872,0.23265613758607695
1266,0.5041,71,193,71,583405,22205,101236,6720,0.20568564970914077,0.23232497839239413
1267,0.50411,67,232,67,583637,21973,101303,6653,0.20353662603282818,0.23241109480891498
1268,0.50412,44,183,44,583820,21790,101347,6609,0.20184149097780577,0.23271946195288568
1269,0.50413,73,241,73,584061,21549,101420,6536,0.19960910000370521,0.2327220936442941
1270,0.50414,69,228,69,584289,21321,101489,6467,0.19749712845974285,0.23272635670073413
1271,0.50415,59,217,59,584506,21104,101548,6408,0.1954870502797436,0.23291654550741495
1272,0.50416,76,212,76,584718,20892,101624,6332,0.19352328726518211,0.2325888921539818
1273,0.50417,64,213,64,584931,20679,101688,6268,0.19155026121753307,0.23260474264296582
1274,0.50418,45,165,45,585096,20514,101733,6223,0.19002186075808664,0.2327486255002431
1275,0.50419,37,182,37,585278,20332,101770,6186,0.18833598873615176,0.23327551097367827
1276,0.5042,46,190,46,585468,20142,101816,6140,0.18657601244951647,0.23361996803896204
1277,0.50421,31,206,31,585674,19936,101847,6109,0.1846678276334803,0.23455557688615858
1278,0.50422,42,231,42,585905,19705,101889,6067,0.18252806699025528,0.23541052304826943
1279,0.50423,74,233,74,586138,19472,101963,5993,0.18036978028085515,0.23534262713528373
1280,0.50424,68,221,68,586359,19251,102031,5925,0.1783226499685057,0.23534318398474738
1281,0.50425,84,244,84,586603,19007,102115,5841,0.17606246989514246,0.2350692208628461
1282,0.50426,37,131,37,586734,18876,102152,5804,0.17484901256067287,0.23517017828200973
1283,0.50427,31,134,31,586868,18742,102183,5773,0.1736077661269406,0.2354884764429941
1284,0.50428,34,128,34,586996,18614,102217,5739,0.17242209789173366,0.23565885106557713
1285,0.50429,19,110,19,587106,18504,102236,5720,0.1714031642521027,0.23612945838837515
1286,0.5043,19,93,19,587199,18411,102255,5701,0.17054170217496017,0.23643828798938288
1287,0.50431,24,148,24,587347,18263,102279,5677,0.16917077327800215,0.23713450292397661
1288,0.50432,47,216,47,587563,18047,102326,5630,0.16716995813109045,0.23778350297757317
1289,0.50433,42,163,42,587726,17884,102368,5588,0.16566008373781912,0.23807089297886844
1290,0.50434,66,183,66,587909,17701,102434,5522,0.1639649486827967,0.2377815097102011
1291,0.50435,44,138,44,588047,17563,102478,5478,0.1626866501167142,0.23775009765201163
1292,0.50436,48,176,48,588223,17387,102526,5430,0.16105635629330467,0.23798045317088137
1293,0.50437,50,164,50,588387,17223,102576,5380,0.1595372188669458,0.23802150157058796
1294,0.50438,39,153,39,588540,17070,102615,5341,0.15811997480455,0.23832046762750436
1295,0.50439,29,165,29,588705,16905,102644,5312,0.15659157434510357,0.23909618760408696
1296,0.5044,28,150,28,588855,16755,102672,5284,0.15520211938197043,0.23975679477290257
1297,0.50441,48,170,48,589025,16585,102720,5236,0.15362740375708622,0.2399523394894826
1298,0.50442,60,174,60,589199,16411,102780,5176,0.1520156359998518,0.23977393801825173
1299,0.50443,47,239,47,589438,16172,102827,5129,0.14980177109192633,0.2407868175203042
1300,0.50444,75,274,75,589712,15898,102902,5054,0.1472637000259365,0.2412180221458572
1301,0.50445,46,183,46,589895,15715,102948,5008,0.14556856497091408,0.24166385175891522
1302,0.50446,44,201,44,590096,15514,102992,4964,0.14370669532031569,0.2424064850083016
1303,0.50447,43,141,43,590237,15373,103035,4921,0.14240060765497053,0.24248546368384744
1304,0.50448,32,155,32,590392,15218,103067,4889,0.14096483752639966,0.24314915203660417
1305,0.50449,47,108,47,590500,15110,103114,4842,0.13996442995294378,0.242682437850842
1306,0.5045,45,148,45,590648,14962,103159,4797,0.13859350105598578,0.24277544410142213
1307,0.50451,37,117,37,590765,14845,103196,4760,0.13750972618474194,0.2427952053047692
1308,0.50452,32,94,32,590859,14751,103228,4728,0.13663900107451185,0.24272293238872633
1309,0.50453,34,116,34,590975,14635,103262,4694,0.13556448923635556,0.24284753479228102
1310,0.50454,36,91,36,591066,14544,103298,4658,0.13472155322538812,0.24257889803145505
1311,0.50455,29,106,29,591172,14438,103327,4629,0.13373967171810738,0.2427754759532176
1312,0.50456,30,88,30,591260,14350,103357,4599,0.1329245248064026,0.2427041004802364
1313,0.50457,30,114,30,591374,14236,103387,4569,0.13186853903442144,0.242967295931933
1314,0.50458,35,104,35,591478,14132,103422,4534,0.1309051835933158,0.24290153219757848
1315,0.50459,40,155,40,591633,13977,103462,4494,0.1294694134647449,0.24330030859184668
1316,0.5046,52,177,52,591810,13800,103514,4442,0.1278298566082478,0.24350400175419362
1317,0.50461,51,174,51,591984,13626,103565,4391,0.12621808885101338,0.2437142698562469
1318,0.50462,73,156,73,592140,13470,103638,4318,0.12477305568935493,0.24274791994603104
1319,0.50463,49,103,49,592243,13367,103687,4269,0.12381896328133685,0.24206169199364935
1320,0.50464,28,164,28,592407,13203,103715,4241,0.12229982585497795,0.24312084384315524
1321,0.50465,17,96,17,592503,13107,103732,4224,0.12141057467857275,0.24372511684265188
1322,0.50466,24,75,24,592578,13032,103756,4200,0.12071584719700619,0.24373259052924792
1323,0.50467,7,54,7,592632,12978,103763,4193,0.12021564341027827,0.24419078679168366
1324,0.50468,17,74,17,592706,12904,103780,4176,0.11953017896179925,0.24449648711943794
1325,0.50469,23,79,23,592785,12825,103803,4153,0.11879839934788247,0.24461067263517494
1326,0.5047,25,84,25,592869,12741,103828,4128,0.11802030456852793,0.24470922994842612
1327,0.50471,31,111,31,592980,12630,103859,4097,0.11699210789580941,0.2449333413044778
1328,0.50472,27,74,27,593054,12556,103886,4070,0.1163066434473304,0.2447973054252376
1329,0.50473,17,66,17,593120,12490,103903,4053,0.11569528326355182,0.24499788430151725
1330,0.50474,21,77,21,593197,12413,103924,4032,0.11498202971581015,0.24518090605047127
1331,0.50475,15,68,15,593265,12345,103939,4017,0.11435214346585645,0.2455078841217455
1332,0.50476,33,97,33,593362,12248,103972,3984,0.11345362925636371,0.24544110399211433
1333,0.50477,19,62,19,593424,12186,103991,3965,0.11287932120493534,0.24549563494520463
1334,0.50478,25,63,25,593487,12123,104016,3940,0.11229575012041942,0.24528419348814046
1335,0.50479,25,57,25,593544,12066,104041,3915,0.11176775723442885,0.2449784118640886
1336,0.5048,29,59,29,593603,12007,104070,3886,0.11122123828226314,0.24451016170641163
1337,0.50481,9,27,9,593630,11980,104079,3877,0.11097113638889917,0.24449769817746106
1338,0.50482,28,60,28,593690,11920,104107,3849,0.11041535440364593,0.2440864988268121
1339,0.50483,13,40,13,593730,11880,104120,3836,0.11004483308014376,0.24408246373122933
1340,0.50484,20,59,20,593789,11821,104140,3816,0.10949831412797807,0.24403657990663172
1341,0.50485,24,66,24,593855,11755,104164,3792,0.10888695394419949,0.24390557663857979
1342,0.50486,16,43,16,593898,11712,104180,3776,0.10848864352143466,0.24380165289256198
1343,0.50487,35,92,35,593990,11620,104215,3741,0.10763644447737968,0.2435388321072847
1344,0.50488,33,70,33,594060,11550,104248,3708,0.10698803216125088,0.2430200550530869
1345,0.50489,16,55,16,594115,11495,104264,3692,0.1064785653414354,0.24310265358530322
1346,0.5049,20,34,20,594149,11461,104284,3672,0.10616362221645856,0.2426485164871473
1347,0.50491,9,36,9,594185,11425,104293,3663,0.1058301530253066,0.24277571580063625
1348,0.50492,5,9,5,594194,11416,104298,3658,0.10574678572751862,0.24266949714740613
1349,0.50493,2,13,2,594207,11403,104300,3656,0.10562636629738041,0.2427784049405671
1350,0.50494,1,11,1,594218,11392,104301,3655,0.10552447293341732,0.24290556257061208
1351,0.50495,1,7,1,594225,11385,104302,3654,0.10545963170180443,0.24296828246558946
1352,0.50496,6,24,6,594249,11361,104308,3648,0.10523731890770315,0.2430541674995003
1353,0.50497,0,14,0,594263,11347,104308,3648,0.10510763644447738,0.2432810936978993
1354,0.50498,1,12,1,594275,11335,104309,3647,0.10499648004742673,0.2434254438659725
1355,0.50499,4,6,4,594281,11329,104313,3643,0.10494090184890141,0.2433208656158162
1356,0.505,3,5,3,594286,11324,104316,3640,0.10489458668346363,0.24325046778936113
1357,0.50501,2,10,2,594296,11314,104318,3638,0.10480195635258809,0.2433119315141787
1358,0.50502,7,16,7,594312,11298,104325,3631,0.10465374782318722,0.24321789805077365
1359,0.50503,6,14,6,594326,11284,104331,3625,0.10452406535996146,0.24314172647394192
1360,0.50504,2,13,2,594339,11271,104333,3623,0.10440364592982326,0.24325231636900765
1361,0.50505,7,21,7,594360,11250,104340,3616,0.10420912223498463,0.24323960715727164
1362,0.50506,4,6,4,594366,11244,104344,3612,0.1041535440364593,0.2431340872374798
1363,0.50507,2,16,2,594382,11228,104346,3610,0.10400533550705843,0.243294244507346
1364,0.50508,2,7,2,594389,11221,104348,3608,0.10394049427544555,0.243307033515409
1365,0.50509,4,5,4,594394,11216,104352,3604,0.10389417911000778,0.24318488529014845
1366,0.5051,0,5,0,594399,11211,104352,3604,0.10384786394457,0.24326695916301047
1367,0.50511,1,4,1,594403,11207,104353,3603,0.1038108118122198,0.24328156650911545
1368,0.50512,2,11,2,594414,11196,104355,3601,0.10370891844825669,0.24336014056903427
1369,0.50513,5,10,5,594424,11186,104360,3596,0.10361628811738116,0.2432688404816669
1370,0.50514,3,13,3,594437,11173,104363,3593,0.10349586868724295,0.24332926994446702
1371,0.50515,0,9,0,594446,11164,104363,3593,0.10341250138945496,0.24347767161347159
1372,0.50516,5,15,5,594461,11149,104368,3588,0.10327355589314165,0.24346881997692882
1373,0.50517,2,13,2,594474,11136,104370,3586,0.10315313646300345,0.24358103518543675
1374,0.50518,6,19,6,594493,11117,104376,3580,0.10297713883433991,0.24358712662448118
1375,0.50519,5,13,5,594506,11104,104381,3575,0.10285671940420171,0.2435452006267457
1376,0.5052,14,42,14,594548,11062,104395,3561,0.10246767201452443,0.24352048143335842
1377,0.50521,6,34,6,594582,11028,104401,3555,0.10215272888954759,0.24377700061715696
1378,0.50522,7,27,7,594609,11001,104408,3548,0.10190262699618363,0.24386555777029348
1379,0.50523,3,41,3,594650,10960,104411,3545,0.10152284263959391,0.24439848328162703
1380,0.50524,4,20,4,594670,10940,104415,3541,0.10133758197784283,0.24452731164974795
1381,0.50525,1,13,1,594683,10927,104416,3540,0.10121716254770462,0.24469482269993778
1382,0.50526,6,22,6,594705,10905,104422,3534,0.10101337581977843,0.24475379181383752
1383,0.50527,8,25,8,594730,10880,104430,3526,0.10078179999258957,0.24475912814105233
1384,0.50528,2,13,2,594743,10867,104432,3524,0.10066138056245137,0.24487526926551317
1385,0.50529,6,15,6,594758,10852,104438,3518,0.10052243506613806,0.24481558803061934
1386,0.5053,3,18,3,594776,10834,104441,3515,0.10035570047056208,0.2449648059098195
1387,0.50531,6,14,6,594790,10820,104447,3509,0.10022601800733633,0.24488798939214182
1388,0.50532,11,27,11,594817,10793,104458,3498,0.09997591611397236,0.2447694353089357
1389,0.50533,3,25,3,594842,10768,104461,3495,0.0997443402867835,0.24503961298464558
1390,0.50534,12,55,12,594897,10713,104473,3483,0.09923487346696802,0.24535080304311074
1391,0.50535,16,34,16,594931,10679,104489,3467,0.09891993034199119,0.24508695037466421
1392,0.50536,15,42,15,594973,10637,104504,3452,0.09853088295231391,0.24501384058485343
1393,0.50537,9,32,9,595005,10605,104513,3443,0.09823446589351217,0.2450882687927107
1394,0.50538,10,38,10,595043,10567,104523,3433,0.09788247063618512,0.24521428571428572
1395,0.50539,4,21,4,595064,10546,104527,3429,0.09768794694134647,0.24536672629695885
1396,0.5054,4,29,4,595093,10517,104531,3425,0.0974193189818074,0.24566059388896858
1397,0.50541,14,49,14,595142,10468,104545,3411,0.09696543036051725,0.245766986094099
1398,0.50542,14,42,14,595184,10426,104559,3397,0.09657638297083997,0.24574983722780872
1399,0.50543,21,62,21,595246,10364,104580,3376,0.09600207491941161,0.24570596797671032
1400,0.50544,15,45,15,595291,10319,104595,3361,0.09558523843047168,0.24568713450292398
1401,0.50545,19,52,19,595343,10267,104614,3342,0.09510356070991885,0.24557278271731942
1402,0.50546,20,72,20,595415,10195,104634,3322,0.09443662232761496,0.24576459273507434
1403,0.50547,12,50,12,595465,10145,104646,3310,0.09397347067323725,0.24600520252694166
1404,0.50548,18,55,18,595520,10090,104664,3292,0.09346400385342177,0.2460020923628755
1405,0.50549,23,63,23,595583,10027,104687,3269,0.09288043276890585,0.24586341756919375
1406,0.5055,16,47,16,595630,9980,104703,3253,0.09244507021379081,0.24582483185974457
1407,0.50551,26,66,26,595696,9914,104729,3227,0.09183371003001223,0.24556730842401644
1408,0.50552,10,32,10,595728,9882,104739,3217,0.0915372929712105,0.24559126650889382
1409,0.50553,11,26,11,595754,9856,104750,3206,0.09129645411093408,0.2454448017148982
1410,0.50554,8,14,8,595768,9842,104758,3198,0.09116677164770833,0.24524539877300613
1411,0.50555,5,16,5,595784,9826,104763,3193,0.09101856311830746,0.24525693217605038
1412,0.50556,8,16,8,595800,9810,104771,3185,0.09087035458890659,0.24509426702577913
1413,0.50557,15,31,15,595831,9779,104786,3170,0.09058320056319241,0.24480654876824465
1414,0.50558,11,42,11,595873,9737,104797,3159,0.09019415317351513,0.24495967741935484
1415,0.50559,18,66,18,595939,9671,104815,3141,0.08958279298973656,0.24516078676241024
1416,0.5056,38,86,38,596025,9585,104853,3103,0.08878617214420689,0.24456179066834804
1417,0.50561,27,82,27,596107,9503,104880,3076,0.08802660343102746,0.24453454169647826
1418,0.50562,27,88,27,596195,9415,104907,3049,0.08721145651932269,0.24462451861360718
1419,0.50563,16,78,16,596273,9337,104923,3033,0.08648893993849346,0.24518997574777687
1420,0.50564,25,97,25,596370,9240,104948,3008,0.0855904257290007,0.24559111691704769
1421,0.50565,24,92,24,596462,9148,104972,2984,0.08473822668494572,0.24596109462578306
1422,0.50566,27,93,27,596555,9055,104999,2957,0.08387676460780318,0.24617049617049616
1423,0.50567,21,88,21,596643,8967,105020,2936,0.0830616176960984,0.2466605057548517
1424,0.50568,22,77,22,596720,8890,105042,2914,0.08234836414835674,0.24686546933242967
1425,0.50569,7,37,7,596757,8853,105049,2907,0.08200563192411724,0.2471938775510204
1426,0.5057,10,41,10,596798,8812,105059,2897,0.08162584756752751,0.24741651720898455
1427,0.50571,5,33,5,596831,8779,105064,2892,0.08132016747563822,0.24779367663439295
1428,0.50572,8,33,8,596864,8746,105072,2884,0.08101448738374893,0.2479793637145314
1429,0.50573,13,30,13,596894,8716,105085,2871,0.08073659639112231,0.24777768188487098
1430,0.50574,8,45,8,596939,8671,105093,2863,0.08031975990218237,0.2482226460898214
1431,0.50575,16,44,16,596983,8627,105109,2847,0.07991218644632998,0.24812619836151298
1432,0.50576,20,49,20,597032,8578,105129,2827,0.07945829782503983,0.24787373958790004
1433,0.50577,12,45,12,597077,8533,105141,2815,0.07904146133609989,0.24806133239337327
1434,0.50578,12,47,12,597124,8486,105153,2803,0.07860609878098485,0.24829480024802905
1435,0.50579,17,87,17,597211,8399,105170,2786,0.07780021490236763,0.24908359409924005
1436,0.5058,22,96,22,597307,8303,105192,2764,0.07691096372596243,0.24975151350862926
1437,0.50581,30,96,30,597403,8207,105222,2734,0.07602171254955722,0.24988575084544373
1438,0.50582,29,120,29,597523,8087,105251,2705,0.07491014857905072,0.250648628613788
1439,0.50583,29,76,29,597599,8011,105280,2676,0.07420615806439661,0.25039767942359875
1440,0.50584,23,81,23,597680,7930,105303,2653,0.07345585238430472,0.2506850609468015
1441,0.50585,42,129,42,597809,7801,105345,2611,0.07226092111601022,0.25076834421820976
1442,0.50586,37,132,37,597941,7669,105382,2574,0.07103820074845307,0.25129356633798694
1443,0.50587,47,133,47,598074,7536,105429,2527,0.06980621734780837,0.25111795687170824
1444,0.50588,35,159,35,598233,7377,105464,2492,0.06833339508688725,0.2525078528726315
1445,0.50589,48,143,48,598376,7234,105512,2444,0.067008781355367,0.2525315147757801
1446,0.5059,39,115,39,598491,7119,105551,2405,0.06594353255029826,0.252519949601008
1447,0.50591,29,70,29,598561,7049,105580,2376,0.06529512023416947,0.25209549071618037
1448,0.50592,25,80,25,598641,6969,105605,2351,0.06455407758716514,0.25225321888412017
1449,0.50593,30,104,30,598745,6865,105635,2321,0.0635907221460595,0.2526671021119094
1450,0.50594,43,119,43,598864,6746,105678,2278,0.06248842120864056,0.25243794326241137
1451,0.50595,35,130,35,598994,6616,105713,2243,0.061284226907258516,0.2531888474997178
1452,0.50596,33,106,33,599100,6510,105746,2210,0.060302345399977766,0.25344036697247707
1453,0.50597,35,121,35,599221,6389,105781,2175,0.05918151839638371,0.2539701074264362
1454,0.50598,16,58,16,599279,6331,105797,2159,0.058644262477305566,0.25429917550058895
1455,0.50599,19,89,19,599368,6242,105816,2140,0.05781985253251325,0.2553089954664758
1456,0.506,16,68,16,599436,6174,105832,2124,0.05718996628255956,0.2559652928416486
1457,0.50601,25,76,25,599512,6098,105857,2099,0.05648597576790544,0.2560692936440161
1458,0.50602,46,118,46,599630,5980,105903,2053,0.05539293786357405,0.255570770571393
1459,0.50603,72,161,72,599791,5819,105975,1981,0.05390158953647783,0.253974358974359
1460,0.50604,45,129,45,599920,5690,106020,1936,0.05270665826818333,0.25386834513506423
1461,0.50605,63,133,63,600053,5557,106083,1873,0.05147467486753863,0.25208613728129203
1462,0.50606,50,129,50,600182,5428,106133,1823,0.050279743599244135,0.2514135981243966
1463,0.50607,30,72,30,600254,5356,106163,1793,0.04961280521694023,0.25080430829486644
1464,0.50608,49,116,49,600370,5240,106212,1744,0.04853829337878395,0.24971363115693013
1465,0.50609,29,102,29,600472,5138,106241,1715,0.04759346400385342,0.25025536261491316
1466,0.5061,31,69,31,600541,5069,106272,1684,0.046954314720812185,0.2493706500814453
1467,0.50611,13,51,13,600592,5018,106285,1671,0.04648190003334692,0.24981312602780684
1468,0.50612,13,51,13,600643,4967,106298,1658,0.04600948534588165,0.2502641509433962
1469,0.50613,18,68,18,600711,4899,106316,1640,0.045379599095927974,0.2508028750573482
1470,0.50614,9,37,9,600748,4862,106325,1631,0.045036866871688466,0.25119359310026185
1471,0.50615,14,81,14,600829,4781,106339,1617,0.044286561191596574,0.2527352297592998
1472,0.50616,23,44,23,600873,4737,106362,1594,0.04387898773574419,0.25177697046280206
1473,0.50617,21,54,21,600927,4683,106383,1573,0.043378783949016265,0.2514386189258312
1474,0.50618,22,49,22,600976,4634,106405,1551,0.04292489532772611,0.250767987065481
1475,0.50619,5,33,5,601009,4601,106410,1546,0.042619215235836824,0.2515047990889865
1476,0.5062,10,18,10,601027,4583,106420,1536,0.042452480640260845,0.25102140872691614
1477,0.50621,7,21,7,601048,4562,106427,1529,0.04225795694542221,0.2510261040879987
1478,0.50622,6,24,6,601072,4538,106433,1523,0.04203564415132091,0.25127866688665235
1479,0.50623,10,19,10,601091,4519,106443,1513,0.041859646522657376,0.2508289124668435
1480,0.50624,21,69,21,601160,4450,106464,1492,0.04122049723961614,0.2510939077751599
1481,0.50625,15,40,15,601200,4410,106479,1477,0.04084997591611397,0.25089179548156954
1482,0.50626,23,57,23,601257,4353,106502,1454,0.04032198303012338,0.25038746340623386
1483,0.50627,19,48,19,601305,4305,106521,1435,0.03987735744192078,0.25
1484,0.50628,14,26,14,601331,4279,106535,1421,0.039636518581644374,0.24929824561403507
1485,0.50629,8,14,8,601345,4265,106543,1413,0.03950683611841861,0.2488552307150405
1486,0.5063,7,17,7,601362,4248,106550,1406,0.039349364555930195,0.248673505482844
1487,0.50631,2,12,2,601374,4236,106552,1404,0.039238208158879545,0.24893617021276596
1488,0.50632,4,15,4,601389,4221,106556,1400,0.039099262662566234,0.24906600249066002
1489,0.50633,12,23,12,601412,4198,106568,1388,0.03888621290155248,0.24847833870390262
1490,0.50634,11,20,11,601432,4178,106579,1377,0.0387009522398014,0.24788478847884787
1491,0.50635,8,30,8,601462,4148,106587,1369,0.038423061247174775,0.248142106217147
1492,0.50636,11,23,11,601485,4125,106598,1358,0.03821001148616103,0.24767463067663686
1493,0.50637,5,11,5,601496,4114,106603,1353,0.038108118122197936,0.24748490945674045
1494,0.50638,4,19,4,601515,4095,106607,1349,0.0379321204935344,0.24779573842762675
1495,0.50639,3,17,3,601532,4078,106610,1346,0.037774648931045984,0.24815634218289084
1496,0.5064,3,14,3,601546,4064,106613,1343,0.03764496646782022,0.24838172739041983
1497,0.50641,1,7,1,601553,4057,106614,1342,0.037580125236207344,0.2485645489905538
1498,0.50642,2,11,2,601564,4046,106616,1340,0.03747823187224425,0.24879316747122168
1499,0.50643,4,9,4,601573,4037,106620,1336,0.03739486457445626,0.24865066071096223
1500,0.50644,3,7,3,601580,4030,106623,1333,0.03733002334284338,0.24855491329479767
1501,0.50645,0,15,0,601595,4015,106623,1333,0.03719107784653007,0.24925205684367988
1502,0.50646,2,3,2,601598,4012,106625,1331,0.0371632887472674,0.2491109863372637
1503,0.50647,5,9,5,601607,4003,106630,1326,0.03707992144947942,0.2488271720773128
1504,0.50648,1,6,1,601613,3997,106631,1325,0.03702434325095409,0.24896655392709507
1505,0.50649,1,13,1,601626,3984,106632,1324,0.036903923820815886,0.24943481537302187
1506,0.5065,4,7,4,601633,3977,106636,1320,0.03683908258920301,0.24919765905229374
1507,0.50651,3,8,3,601641,3969,106639,1317,0.036764978324502574,0.24914869466515324
1508,0.50652,2,7,2,601648,3962,106641,1315,0.0367001370928897,0.2491946181542543
1509,0.50653,3,3,3,601651,3959,106644,1312,0.036672347993627036,0.2489091254031493
1510,0.50654,2,7,2,601658,3952,106646,1310,0.03660750676201415,0.24895477004941088
1511,0.50655,2,9,2,601667,3943,106648,1308,0.03652413946422617,0.2490954103980194
1512,0.50656,3,14,3,601681,3929,106651,1305,0.036394457001000406,0.24933129537638518
1513,0.50657,2,9,2,601690,3920,106653,1303,0.03631108970321242,0.2494734826727934
1514,0.50658,4,7,4,601697,3913,106657,1299,0.03624624847159954,0.2492325402916347
1515,0.50659,1,12,1,601709,3901,106658,1298,0.03613509207454889,0.24966339680707827
1516,0.5066,2,8,2,601717,3893,106660,1296,0.036060987809848455,0.24975910580073232
1517,0.50661,2,8,2,601725,3885,106662,1294,0.03598688354514802,0.24985518439853255
1518,0.50662,0,2,0,601727,3883,106662,1294,0.035968357478972916,0.2499517094842573
1519,0.50663,1,9,1,601736,3874,106663,1293,0.03588499018118493,0.25024191987613703
1520,0.50664,2,4,2,601740,3870,106665,1291,0.03584793804883471,0.2501453206742879
1521,0.50665,2,5,2,601745,3865,106667,1289,0.03580162288339694,0.25009701202949164
1522,0.50666,1,5,1,601750,3860,106668,1288,0.03575530771795917,0.2501942501942502
1523,0.50667,5,10,5,601760,3850,106673,1283,0.035662677387083626,0.24995129553867135
1524,0.50668,1,5,1,601765,3845,106674,1282,0.03561636222164585,0.25004876145894284
1525,0.50669,0,1,0,601766,3844,106674,1282,0.035607099188558304,0.2500975419430355
1526,0.5067,1,7,1,601773,3837,106675,1281,0.03554225795694542,0.2502930832356389
1527,0.50671,1,4,1,601777,3833,106676,1280,0.0355052058245952,0.250342264815177
1528,0.50673,2,3,2,601780,3830,106678,1278,0.03547741672533254,0.25019577133907595
1529,0.50674,1,4,1,601784,3826,106679,1277,0.035440364592982325,0.25024495394865764
1530,0.50675,2,2,2,601786,3824,106681,1275,0.03542183852680722,0.250049029221416
1531,0.50676,0,5,0,601791,3819,106681,1275,0.03537552336136945,0.2502944640753828
1532,0.50677,0,5,0,601796,3814,106681,1275,0.035329208195931674,0.250540381214384
1533,0.50678,2,4,2,601800,3810,106683,1273,0.03529215606358146,0.25044265197717885
1534,0.50679,1,4,1,601804,3806,106684,1272,0.03525510393123124,0.2504923198109492
1535,0.5068,2,4,2,601808,3802,106686,1270,0.035218051798881024,0.2503943217665615
1536,0.50681,2,0,2,601808,3802,106688,1268,0.035218051798881024,0.25009861932938854
1537,0.50682,0,2,0,601810,3800,106688,1268,0.03519952573270592,0.250197316495659
1538,0.50687,0,1,0,601811,3799,106688,1268,0.03519026269961836,0.2502466942964279
1539,0.50689,1,1,1,601812,3798,106689,1267,0.03518099966653081,0.2501480750246792
1540,0.5069,0,1,0,601813,3797,106689,1267,0.03517173663344325,0.25019747235387046
1541,0.50691,0,1,0,601814,3796,106689,1267,0.0351624736003557,0.25024688919612875
1542,0.50692,1,0,1,601814,3796,106690,1266,0.0351624736003557,0.2500987751876729
1543,0.50693,0,1,0,601815,3795,106690,1266,0.035153210567268146,0.25014819205690575
1544,0.50694,1,2,1,601817,3793,106691,1265,0.035134684501093034,0.2500988533017003
1545,0.50696,1,0,1,601817,3793,106692,1264,0.035134684501093034,0.24995056357524223
1546,0.50697,0,1,0,601818,3792,106692,1264,0.035125421468005485,0.25
1547,0.50698,0,2,0,601820,3790,106692,1264,0.035106895401830374,0.25009893153937474
1548,0.50699,0,3,0,601823,3787,106692,1264,0.03507910630256771,0.25024747574737677
1549,0.507,0,3,0,601826,3784,106692,1264,0.03505131720330505,0.25039619651347067
1550,0.50702,0,1,0,601827,3783,106692,1264,0.035042054170217496,0.25044580939171784
1551,0.50704,0,1,0,601828,3782,106692,1264,0.03503279113712994,0.2504954419342053
1552,0.50705,1,0,1,601828,3782,106693,1263,0.03503279113712994,0.25034687809712586
1553,0.50706,0,1,0,601829,3781,106693,1263,0.03502352810404239,0.25039651070578905
1554,0.50707,2,0,2,601829,3781,106695,1261,0.03502352810404239,0.25009916699722334
1555,0.50708,0,1,0,601830,3780,106695,1261,0.035014265070954835,0.25014878000396745
1556,0.5071,0,2,0,601832,3778,106695,1261,0.03499573900477972,0.2502480650922802
1557,0.50711,2,3,2,601835,3775,106697,1259,0.03496794990551706,0.2500993245927692
1558,0.50712,0,9,0,601844,3766,106697,1259,0.03488458260772907,0.250547263681592
1559,0.50713,0,4,0,601848,3762,106697,1259,0.034847530475378856,0.2507468631746664
1560,0.50714,1,3,1,601851,3759,106698,1258,0.034819741376116195,0.25074745864062187
1561,0.50715,0,8,0,601859,3751,106698,1258,0.03474563711141576,0.25114793371930527
1562,0.50716,2,5,2,601864,3746,106700,1256,0.03469932194597799,0.2510995601759296
1563,0.50717,0,7,0,601871,3739,106700,1256,0.03463448071436511,0.2514514514514514
1564,0.50718,0,12,0,601883,3727,106700,1256,0.03452332431731446,0.2520569937788481
1565,0.50719,2,8,2,601891,3719,106702,1254,0.03444922005261403,0.2521616730343857
1566,0.5072,2,10,2,601901,3709,106704,1252,0.03435658972173849,0.25236847409796415
1567,0.50721,0,2,0,601903,3707,106704,1252,0.034338063655563376,0.25247025610002016
1568,0.50722,0,4,0,601907,3703,106704,1252,0.03430101152321316,0.25267406659939456
1569,0.50723,0,5,0,601912,3698,106704,1252,0.03425469635777539,0.25292929292929295
1570,0.50724,1,1,1,601913,3697,106705,1251,0.03424543332468784,0.2528294260307195
1571,0.50725,3,6,3,601919,3691,106708,1248,0.03418985512616251,0.25268272929742863
1572,0.50726,0,11,0,601930,3680,106708,1248,0.034087961762199415,0.2532467532467532
1573,0.50727,2,10,2,601940,3670,106710,1246,0.033995331431323876,0.2534580960130187
1574,0.50728,5,3,5,601943,3667,106715,1241,0.03396754233206121,0.2528524857375713
1575,0.50729,4,1,4,601944,3666,106719,1237,0.03395827929897366,0.2522945135631246
1576,0.5073,1,2,1,601946,3664,106720,1236,0.03393975323279855,0.2522448979591837
1577,0.50731,2,14,2,601960,3650,106722,1234,0.03381007076957279,0.25266175266175267
1578,0.50732,2,8,2,601968,3642,106724,1232,0.03373596650487236,0.25276979893311446
1579,0.50733,6,14,6,601982,3628,106730,1226,0.033606284041646596,0.25257519571487436
1580,0.50734,5,16,5,601998,3612,106735,1221,0.03345807551224573,0.2526381129733085
1581,0.50735,7,15,7,602013,3597,106742,1214,0.03331913001593242,0.25233839118686346
1582,0.50736,6,5,6,602018,3592,106748,1208,0.033272814850494645,0.25166666666666665
1583,0.50737,1,4,1,602022,3588,106749,1207,0.03323576271814443,0.25172054223149115
1584,0.50738,2,7,2,602029,3581,106751,1205,0.03317092148653155,0.25177601337233596
1585,0.50739,3,12,3,602041,3569,106754,1202,0.0330597650894809,0.251938796897925
1586,0.5074,1,15,1,602056,3554,106755,1201,0.03292081959316759,0.25257623554153524
1587,0.50741,5,17,5,602073,3537,106760,1196,0.032763348030679165,0.25269385167969577
1588,0.50742,3,8,3,602081,3529,106763,1193,0.03268924376597873,0.25264718339686576
1589,0.50743,3,4,3,602085,3525,106766,1190,0.032652191633628515,0.2523860021208908
1590,0.50744,1,10,1,602095,3515,106767,1189,0.032559561302752976,0.25276360544217685
1591,0.50745,2,5,2,602100,3510,106769,1187,0.0325132461373152,0.252714498616138
1592,0.50746,5,16,5,602116,3494,106774,1182,0.032365037607914336,0.25278015397775877
1593,0.50747,2,6,2,602122,3488,106776,1180,0.03230945940938901,0.2527849185946872
1594,0.50748,3,8,3,602130,3480,106779,1177,0.032235355144688574,0.2527378140433756
1595,0.50749,3,6,3,602136,3474,106782,1174,0.03217977694616325,0.2525817555938038
1596,0.5075,4,4,4,602140,3470,106786,1170,0.032142724813813035,0.2521551724137931
1597,0.50751,6,20,6,602160,3450,106792,1164,0.03195746415206195,0.25227568270481143
1598,0.50752,2,7,2,602167,3443,106794,1162,0.031892622920449074,0.2523344191096634
1599,0.50753,8,24,8,602191,3419,106802,1154,0.03167031012634777,0.2523507544281653
1600,0.50754,3,17,3,602208,3402,106805,1151,0.03151283856385935,0.25280035141664836
1601,0.50755,6,20,6,602228,3382,106811,1145,0.031327577902108265,0.252926883145571
1602,0.50756,8,18,8,602246,3364,106819,1137,0.03116084330653229,0.25261053099311265
1603,0.50757,13,21,13,602267,3343,106832,1124,0.030966319611693653,0.25162301320796954
1604,0.50758,12,48,12,602315,3295,106844,1112,0.03052169402349105,0.2523258452461992
1605,0.50759,8,40,8,602355,3255,106852,1104,0.030151172699988883,0.25326909841706813
1606,0.5076,9,36,9,602391,3219,106861,1095,0.029817703508836932,0.25382475660639775
1607,0.50761,10,25,10,602416,3194,106871,1085,0.02958612768164808,0.25356391680299134
1608,0.50762,6,15,6,602431,3179,106877,1079,0.029447182185334767,0.25340535462658526
1609,0.50763,3,17,3,602448,3162,106880,1076,0.029289710622846344,0.2538933459178858
1610,0.50764,5,7,5,602455,3155,106885,1071,0.029224869391233466,0.25343114055844773
1611,0.50765,2,6,2,602461,3149,106887,1069,0.02916929119270814,0.25343764817449027
1612,0.50766,3,9,3,602470,3140,106890,1066,0.02908592389492015,0.25344745601521634
1613,0.50767,1,7,1,602477,3133,106891,1065,0.029021082663307274,0.2536922343973321
1614,0.50768,3,14,3,602491,3119,106894,1062,0.028891400200081515,0.2540062186079885
1615,0.50769,5,15,5,602506,3104,106899,1057,0.0287524547037682,0.2540254746455179
1616,0.5077,6,28,6,602534,3076,106905,1051,0.028493089777316686,0.2546644051369033
1617,0.50771,6,17,6,602551,3059,106911,1045,0.028335618214828263,0.25462962962962965
1618,0.50772,11,36,11,602587,3023,106922,1034,0.02800214902367631,0.25486812915947743
1619,0.50773,2,29,2,602616,2994,106924,1032,0.02773352106413724,0.2563338301043219
1620,0.50774,6,18,6,602634,2976,106930,1026,0.027566786468561266,0.2563718140929535
1621,0.50775,3,32,3,602666,2944,106933,1023,0.02727036940975953,0.2578774892866146
1622,0.50776,3,30,3,602696,2914,106936,1020,0.026992478417132905,0.2592780884595831
1623,0.50777,10,17,10,602713,2897,106946,1010,0.026835006854644485,0.25851036600972616
1624,0.50778,25,42,25,602755,2855,106971,985,0.02644595946496721,0.2565104166666667
1625,0.50779,10,37,10,602792,2818,106981,975,0.026103227240727705,0.2570524650672291
1626,0.5078,10,56,10,602848,2762,106991,965,0.02558449738782467,0.25892138449154817
1627,0.50781,20,39,20,602887,2723,107011,945,0.025223239097410057,0.25763358778625955
1628,0.50782,16,52,16,602939,2671,107027,929,0.02474156137685724,0.25805555555555554
1629,0.50783,9,20,9,602959,2651,107036,920,0.024556300715106155,0.25763091570988517
1630,0.50784,11,31,11,602990,2620,107047,909,0.024269146689391976,0.2575800510059507
1631,0.50785,6,39,6,603029,2581,107053,903,0.02390788839897736,0.2591848450057405
1632,0.50786,11,38,11,603067,2543,107064,892,0.0235558931416503,0.2596797671033479
1633,0.50787,15,52,15,603119,2491,107079,877,0.023074215421097485,0.2603919239904988
1634,0.50788,24,52,24,603171,2439,107103,853,0.022592537700544667,0.2591130012150668
1635,0.50789,7,18,7,603189,2421,107110,846,0.02242580310496869,0.25895316804407714
1636,0.5079,12,22,12,603211,2399,107122,834,0.0222220163770425,0.25796473863284874
1637,0.50791,5,11,5,603222,2388,107127,829,0.022120123013079404,0.2576935032639105
1638,0.50792,3,15,3,603237,2373,107130,826,0.02198117751676609,0.25820568927789933
1639,0.50793,4,24,4,603261,2349,107134,822,0.02175886472266479,0.25922421948912017
1640,0.50794,6,28,6,603289,2321,107140,816,0.02149949979621327,0.26012113484220595
1641,0.50795,22,42,22,603331,2279,107162,794,0.021110452406535998,0.25837943377806705
1642,0.50796,29,58,29,603389,2221,107191,765,0.020573196487457854,0.25619557937039517
1643,0.50797,24,57,24,603446,2164,107215,741,0.020045203601467266,0.2550774526678141
1644,0.50798,27,49,27,603495,2115,107242,714,0.019591314980177108,0.2523860021208908
1645,0.50799,22,34,22,603529,2081,107264,692,0.019276371855200265,0.24954922466642626
1646,0.508,11,38,11,603567,2043,107275,681,0.01892437659787321,0.25
1647,0.50801,16,25,16,603592,2018,107291,665,0.018692800770684352,0.24785687663063735
1648,0.50802,2,2,2,603594,2016,107293,663,0.018674274704509244,0.24748040313549832
1649,0.50803,0,8,0,603602,2008,107293,663,0.01860017043980881,0.24822163983526768
1650,0.50804,2,0,2,603602,2008,107295,661,0.01860017043980881,0.24765829898838515
1651,0.50805,0,9,0,603611,1999,107295,661,0.018516803142020824,0.24849624060150377
1652,0.50806,4,11,4,603622,1988,107299,657,0.018414909778057726,0.24839319470699434
1653,0.50807,6,15,6,603637,1973,107305,651,0.018275964281744415,0.24809451219512196
1654,0.50808,3,17,3,603654,1956,107308,648,0.01811849271925599,0.2488479262672811
1655,0.50809,4,20,4,603674,1936,107312,644,0.01793323205750491,0.2496124031007752
1656,0.5081,1,24,1,603698,1912,107313,643,0.01771091926340361,0.2516634050880626
1657,0.50811,2,25,2,603723,1887,107315,641,0.017479343436214753,0.2535601265822785
1658,0.50812,0,18,0,603741,1869,107315,641,0.017312608840638778,0.2553784860557769
1659,0.50813,9,18,9,603759,1851,107324,632,0.017145874245062802,0.2545308095046315
1660,0.50814,8,28,8,603787,1823,107332,624,0.016886509318611288,0.255006129955047
1661,0.50815,13,28,13,603815,1795,107345,611,0.01662714439215977,0.25394846217788863
1662,0.50816,10,34,10,603849,1761,107355,601,0.016312201267182927,0.2544453852667231
1663,0.50817,3,12,3,603861,1749,107358,598,0.016201044870132277,0.2547933532168726
1664,0.50818,6,29,6,603890,1720,107364,592,0.015932416910593206,0.2560553633217993
1665,0.50819,6,11,6,603901,1709,107370,586,0.01583052354663011,0.2553376906318083
1666,0.5082,8,16,8,603917,1693,107378,578,0.01568231501722924,0.25451343020695727
1667,0.50821,6,30,6,603947,1663,107384,572,0.015404424024602617,0.25592841163310964
1668,0.50822,8,30,8,603977,1633,107392,564,0.01512653303197599,0.25671370050068276
1669,0.50823,10,23,10,604000,1610,107402,554,0.014913483270962244,0.256007393715342
1670,0.50824,14,14,14,604014,1596,107416,540,0.014783800807736485,0.25280898876404495
1671,0.50825,11,30,11,604044,1566,107427,529,0.014505909815109859,0.25250596658711216
1672,0.50826,2,2,2,604046,1564,107429,527,0.01448738374893475,0.25203252032520324
1673,0.50827,1,0,1,604046,1564,107430,526,0.01448738374893475,0.2516746411483254
1674,0.50828,2,2,2,604048,1562,107432,524,0.014468857682759642,0.25119846596356665
1675,0.50829,4,4,4,604052,1558,107436,520,0.014431805550409425,0.2502406159769009
1676,0.5083,9,15,9,604067,1543,107445,511,0.014292860054096114,0.24878286270691333
1677,0.50831,10,16,10,604083,1527,107455,501,0.014144651524695247,0.2470414201183432
1678,0.50832,8,25,8,604108,1502,107463,493,0.013913075697506392,0.24711779448621554
1679,0.50833,22,48,22,604156,1454,107485,471,0.01346845010930379,0.24467532467532468
1680,0.50834,6,22,6,604178,1432,107491,465,0.013264663381377599,0.24512387981022668
1681,0.50835,2,7,2,604185,1425,107493,463,0.01319982214976472,0.24523305084745764
1682,0.50836,6,19,6,604204,1406,107499,457,0.01302382452110119,0.24530327428878154
1683,0.50837,5,2,5,604206,1404,107504,452,0.013005298454926081,0.2435344827586207
1684,0.50851,0,1,0,604207,1403,107504,452,0.012996035421838527,0.24366576819407007
1685,0.5086,0,2,0,604209,1401,107504,452,0.012977509355663419,0.24392876416621695
1686,0.50874,0,4,0,604213,1397,107504,452,0.012940457223313202,0.24445646295294754
1687,0.50876,1,2,1,604215,1395,107505,451,0.012921931157138094,0.24431202600216684
1688,0.50877,0,2,0,604217,1393,107505,451,0.012903405090962985,0.2445770065075922
1689,0.50878,0,1,0,604218,1392,107505,451,0.012894142057875431,0.24470971242539338
1690,0.50879,1,8,1,604226,1384,107506,450,0.012820037793174997,0.24536532170119957
1691,0.5088,0,2,0,604228,1382,107506,450,0.012801511726999889,0.24563318777292575
1692,0.50881,0,2,0,604230,1380,107506,450,0.01278298566082478,0.2459016393442623
1693,0.50882,0,1,0,604231,1379,107506,450,0.012773722627737226,0.24603608529250956
1694,0.50889,0,2,0,604233,1377,107506,450,0.012755196561562118,0.24630541871921183
1695,0.5089,2,5,2,604238,1372,107508,448,0.012708881396124347,0.24615384615384617
1696,0.50891,0,4,0,604242,1368,107508,448,0.01267182926377413,0.24669603524229075
1697,0.50892,0,3,0,604245,1365,107508,448,0.012644040164511467,0.2471042471042471
1698,0.50893,0,3,0,604248,1362,107508,448,0.012616251065248805,0.24751381215469614
1699,0.50894,1,3,1,604251,1359,107509,447,0.012588461965986142,0.24750830564784054
1700,0.50895,2,1,2,604252,1358,107511,445,0.012579198932898588,0.24681087077093733
1701,0.50896,0,6,0,604258,1352,107511,445,0.012523620734373263,0.2476349471341124
1702,0.50897,0,2,0,604260,1350,107511,445,0.012505094668198154,0.2479108635097493
1703,0.50898,0,10,0,604270,1340,107511,445,0.012412464337322612,0.24929971988795518
1704,0.50899,2,4,2,604274,1336,107513,443,0.012375412204972396,0.24901630129286115
1705,0.509,1,4,1,604278,1332,107514,442,0.012338360072622179,0.2491544532130778
1706,0.50901,0,8,0,604286,1324,107514,442,0.012264255807921745,0.25028312570781425
1707,0.50902,1,4,1,604290,1320,107515,441,0.01222720367557153,0.2504258943781942
1708,0.50903,0,1,0,604291,1319,107515,441,0.012217940642483976,0.2505681818181818
1709,0.50904,0,6,0,604297,1313,107515,441,0.01216236244395865,0.2514253135689852
1710,0.50905,0,2,0,604299,1311,107515,441,0.012143836377783542,0.2517123287671233
1711,0.50906,2,3,2,604302,1308,107517,439,0.01211604727852088,0.25128792215226103
1712,0.50908,0,6,0,604308,1302,107517,439,0.012060469079995554,0.2521539345203906
1713,0.50913,1,6,1,604314,1296,107518,438,0.012004890881470229,0.25259515570934254
1714,0.50914,0,1,0,604315,1295,107518,438,0.011995627848382675,0.2527409117137911
1715,0.50915,5,6,5,604321,1289,107523,433,0.01194004964985735,0.251451800232288
1716,0.50916,2,9,2,604330,1280,107525,431,0.011856682352069362,0.25189947399181767
1717,0.50917,3,2,3,604332,1278,107528,428,0.011838156285894253,0.2508792497069168
1718,0.50918,2,2,2,604334,1276,107530,426,0.011819630219719145,0.2502937720329025
1719,0.50919,0,3,0,604337,1273,107530,426,0.011791841120456482,0.2507357268981754
1720,0.50921,0,1,0,604338,1272,107530,426,0.011782578087368928,0.2508833922261484
1721,0.50928,0,1,0,604339,1271,107530,426,0.011773315054281374,0.2510312315851503
1722,0.50935,2,4,2,604343,1267,107532,424,0.011736262921931157,0.25073920756948553
1723,0.50936,3,11,3,604354,1256,107535,421,0.011634369557968061,0.25104353011329755
1724,0.50937,0,8,0,604362,1248,107535,421,0.011560265293267627,0.25224685440383465
1725,0.50938,3,30,3,604392,1218,107538,418,0.011282374300641001,0.2555012224938875
1726,0.50939,10,44,10,604436,1174,107548,408,0.010874800844788618,0.2579013906447535
1727,0.5094,4,16,4,604452,1158,107552,404,0.01072659231538775,0.2586427656850192
1728,0.50941,4,27,4,604479,1131,107556,400,0.010476490422023787,0.2612671456564337
1729,0.50942,0,7,0,604486,1124,107556,400,0.010411649190410908,0.26246719160104987
1730,0.50943,1,2,1,604488,1122,107557,399,0.0103931231242358,0.26232741617357
1731,0.50945,1,2,1,604490,1120,107558,398,0.010374597058060691,0.2621870882740448
1732,0.50947,0,3,0,604493,1117,107558,398,0.010346807958798028,0.2627062706270627
1733,0.50948,0,1,0,604494,1116,107558,398,0.010337544925710474,0.2628797886393659
1734,0.50949,0,4,0,604498,1112,107558,398,0.010300492793360257,0.2635761589403974
1735,0.5095,1,8,1,604506,1104,107559,397,0.010226388528659824,0.26449033977348435
1736,0.50951,5,21,5,604527,1083,107564,392,0.010031864833821187,0.26576271186440675
1737,0.50952,3,13,3,604540,1070,107567,389,0.009911445403682983,0.26662097326936257
1738,0.50953,8,34,8,604574,1036,107575,381,0.00959650227870614,0.26887791107974596
1739,0.50954,4,24,4,604598,1012,107579,377,0.009374189484604839,0.27141828653707706
1740,0.50955,4,30,4,604628,982,107583,373,0.009096298491978213,0.27527675276752767
1741,0.50956,9,30,9,604658,952,107592,364,0.008818407499351588,0.2765957446808511
1742,0.50957,4,15,4,604673,937,107596,360,0.008679462003038275,0.27756360832690824
1743,0.50958,8,24,8,604697,913,107604,352,0.008457149208936974,0.2782608695652174
1744,0.50959,16,34,16,604731,879,107620,336,0.008142206083960131,0.2765432098765432
1745,0.5096,14,38,14,604769,841,107634,322,0.007790210826633072,0.2768701633705933
1746,0.50961,10,31,10,604800,810,107644,312,0.007503056800918893,0.27807486631016043
1747,0.50962,16,46,16,604846,764,107660,296,0.0070769572788914005,0.2792452830188679
1748,0.50963,9,22,9,604868,742,107669,287,0.006873170550965208,0.2789115646258503
1749,0.50964,16,24,16,604892,718,107685,271,0.006650857756863907,0.27401415571284127
1750,0.50965,6,29,6,604921,689,107691,265,0.006382229797324836,0.2777777777777778
1751,0.50966,9,20,9,604941,669,107700,256,0.006196969135573752,0.27675675675675676
1752,0.50967,12,36,12,604977,633,107712,244,0.0058634999444218015,0.2782212086659065
1753,0.50968,17,47,17,605024,586,107729,227,0.005428137389306755,0.27921279212792127
1754,0.50969,2,9,2,605033,577,107731,225,0.005344770091518767,0.2805486284289277
1755,0.5097,8,17,8,605050,560,107739,217,0.0051872985290303455,0.27927927927927926
1756,0.50971,3,6,3,605056,554,107742,214,0.00513172033050502,0.2786458333333333
1757,0.50972,0,3,0,605059,551,107742,214,0.005103931231242358,0.2797385620915033
1758,0.50973,2,1,2,605060,550,107744,212,0.0050946681981548034,0.2782152230971129
1759,0.50974,4,7,4,605067,543,107748,208,0.005029826966541925,0.2769640479360852
1760,0.50975,9,20,9,605087,523,107757,199,0.004844566304790841,0.2756232686980609
1761,0.50976,15,37,15,605124,486,107772,184,0.004501834080551336,0.2746268656716418
1762,0.50977,27,56,27,605180,430,107799,157,0.003983104227648302,0.2674616695059625
1763,0.50978,21,39,21,605219,391,107820,136,0.0036218459372336876,0.25806451612903225
1764,0.50979,13,17,13,605236,374,107833,123,0.0034643743747452666,0.24748490945674045
1765,0.5098,12,38,12,605274,336,107845,111,0.0031123791174182073,0.2483221476510067
1766,0.50981,11,15,11,605289,321,107856,100,0.0029734336211048947,0.2375296912114014
1767,0.50982,1,6,1,605295,315,107857,99,0.0029178554225795694,0.2391304347826087
1768,0.50983,0,3,0,605298,312,107857,99,0.002890066323316907,0.24087591240875914
1769,0.50984,2,1,2,605299,311,107859,97,0.0028808032902293526,0.23774509803921567
1770,0.50986,1,0,1,605299,311,107860,96,0.0028808032902293526,0.23587223587223588
1771,0.50987,1,2,1,605301,309,107861,95,0.0028622772240542442,0.23514851485148514
1772,0.50988,0,1,0,605302,308,107861,95,0.00285301419096669,0.23573200992555832
1773,0.50989,1,6,1,605308,302,107862,94,0.002797435992441365,0.23737373737373738
1774,0.5099,2,7,2,605315,295,107864,92,0.002732594760828486,0.23772609819121446
1775,0.50991,3,7,3,605322,288,107867,89,0.0026677535292156064,0.23607427055702918
1776,0.50992,3,4,3,605326,284,107870,86,0.0026307013968653896,0.23243243243243245
1777,0.50993,0,3,0,605329,281,107870,86,0.002602912297602727,0.23433242506811988
1778,0.50994,2,5,2,605334,276,107872,84,0.002556597132164956,0.23333333333333334
1779,0.50995,1,1,1,605335,275,107873,83,0.0025473340990774017,0.23184357541899442
1780,0.50996,2,3,2,605338,272,107875,81,0.0025195449998147395,0.22946175637393768
1781,0.51001,1,5,1,605343,267,107876,80,0.0024732298343769685,0.23054755043227665
1782,0.51002,1,1,1,605344,266,107877,79,0.0024639668012894143,0.2289855072463768
1783,0.51003,0,6,0,605350,260,107877,79,0.002408388602764089,0.23303834808259588
1784,0.51004,2,3,2,605353,257,107879,77,0.0023805995035014265,0.23053892215568864
1785,0.51005,0,1,0,605354,256,107879,77,0.0023713364704138723,0.23123123123123124
1786,0.51006,2,2,2,605356,254,107881,75,0.002352810404238764,0.22796352583586627
1787,0.51007,0,4,0,605360,250,107881,75,0.002315758271888547,0.23076923076923078
1788,0.51008,1,2,1,605362,248,107882,74,0.0022972322057134387,0.22981366459627328
1789,0.51009,2,5,2,605367,243,107884,72,0.002250917040275668,0.22857142857142856
1790,0.5101,1,11,1,605378,232,107885,71,0.002149023676312572,0.23432343234323433
1791,0.51011,2,6,2,605384,226,107887,69,0.0020934454777872466,0.23389830508474577
1792,0.51012,1,1,1,605385,225,107888,68,0.0020841824446996924,0.23208191126279865
1793,0.51013,0,3,0,605388,222,107888,68,0.00205639334543703,0.23448275862068965
1794,0.51014,1,0,1,605388,222,107889,67,0.00205639334543703,0.23183391003460208
1795,0.51015,2,4,2,605392,218,107891,65,0.002019341213086813,0.22968197879858657
1796,0.51016,0,6,0,605398,212,107891,65,0.001963763014561488,0.23465703971119134
1797,0.51017,2,7,2,605405,205,107893,63,0.0018989217829486088,0.23507462686567165
1798,0.51018,1,6,1,605411,199,107894,62,0.0018433435844232835,0.23754789272030652
1799,0.51019,0,2,0,605413,197,107894,62,0.0018248175182481751,0.23938223938223938
1800,0.5102,3,3,3,605416,194,107897,59,0.0017970284189855125,0.233201581027668
1801,0.51021,0,1,0,605417,193,107897,59,0.0017877653858979585,0.23412698412698413
1802,0.51022,0,1,0,605418,192,107897,59,0.0017785023528104043,0.2350597609561753
1803,0.51024,1,2,1,605420,190,107898,58,0.001759976286635296,0.23387096774193547
1804,0.51025,2,4,2,605424,186,107900,56,0.001722924154285079,0.23140495867768596
1805,0.51026,2,4,2,605428,182,107902,54,0.0016858720219348623,0.2288135593220339
1806,0.51027,0,6,0,605434,176,107902,54,0.0016302938234095373,0.23478260869565218
1807,0.51028,2,12,2,605446,164,107904,52,0.001519137426358887,0.24074074074074073
1808,0.51029,1,7,1,605453,157,107905,51,0.0014542961947460076,0.24519230769230768
1809,0.5103,1,2,1,605455,155,107906,50,0.0014357701285708992,0.24390243902439024
1810,0.51031,0,11,0,605466,144,107906,50,0.0013338767646078032,0.25773195876288657
1811,0.51033,0,1,0,605467,143,107906,50,0.001324613731520249,0.25906735751295334
1812,0.51034,0,1,0,605468,142,107906,50,0.0013153506984326948,0.2604166666666667
1813,0.51035,0,2,0,605470,140,107906,50,0.0012968246322575864,0.2631578947368421
1814,0.51036,0,1,0,605471,139,107906,50,0.0012875615991700322,0.26455026455026454
1815,0.51037,0,1,0,605472,138,107906,50,0.001278298566082478,0.26595744680851063
1816,0.5104,0,1,0,605473,137,107906,50,0.0012690355329949238,0.26737967914438504
1817,0.51045,0,2,0,605475,135,107906,50,0.0012505094668198156,0.2702702702702703
1818,0.51046,1,3,1,605478,132,107907,49,0.001222720367557153,0.27071823204419887
1819,0.51047,0,1,0,605479,131,107907,49,0.0012134573344695988,0.2722222222222222
1820,0.51048,0,2,0,605481,129,107907,49,0.0011949312682944903,0.2752808988764045
1821,0.51049,1,1,1,605482,128,107908,48,0.0011856682352069361,0.2727272727272727
1822,0.51051,1,1,1,605483,127,107909,47,0.001176405202119382,0.27011494252873564
1823,0.51052,0,2,0,605485,125,107909,47,0.0011578791359442735,0.27325581395348836
1824,0.5108,0,4,0,605489,121,107909,47,0.001120827003594057,0.27976190476190477
1825,0.51084,0,1,0,605490,120,107909,47,0.0011115639705065027,0.281437125748503
1826,0.51087,1,0,1,605490,120,107910,46,0.0011115639705065027,0.27710843373493976
1827,0.51096,0,1,0,605491,119,107910,46,0.0011023009374189485,0.2787878787878788
1828,0.51099,0,1,0,605492,118,107910,46,0.0010930379043313943,0.2804878048780488
1829,0.51104,0,1,0,605493,117,107910,46,0.0010837748712438401,0.2822085889570552
1830,0.51107,0,1,0,605494,116,107910,46,0.001074511838156286,0.2839506172839506
1831,0.51119,0,1,0,605495,115,107910,46,0.0010652488050687317,0.2857142857142857
1832,0.51121,1,0,1,605495,115,107911,45,0.0010652488050687317,0.28125
1833,0.51123,1,0,1,605495,115,107912,44,0.0010652488050687317,0.27672955974842767
1834,0.51132,0,1,0,605496,114,107912,44,0.0010559857719811775,0.27848101265822783
1835,0.51133,0,7,0,605503,107,107912,44,0.0009911445403682983,0.2913907284768212
1836,0.51134,2,1,2,605504,106,107914,42,0.000981881507280744,0.28378378378378377
1837,0.51135,3,1,3,605505,105,107917,39,0.0009726184741931898,0.2708333333333333
1838,0.51136,1,3,1,605508,102,107918,38,0.0009448293749305273,0.2714285714285714
1839,0.51137,0,2,0,605510,100,107918,38,0.0009263033087554189,0.2753623188405797
1840,0.51144,0,1,0,605511,99,107918,38,0.0009170402756678647,0.2773722627737226
1841,0.51145,1,1,1,605512,98,107919,37,0.0009077772425803105,0.2740740740740741
1842,0.51147,0,5,0,605517,93,107919,37,0.0008614620771425395,0.2846153846153846
1843,0.51148,2,4,2,605521,89,107921,35,0.0008244099447923228,0.28225806451612906
1844,0.5115,3,4,3,605525,85,107924,32,0.000787357812442106,0.27350427350427353
1845,0.51151,0,5,0,605530,80,107924,32,0.0007410426470043351,0.2857142857142857
1846,0.51152,1,0,1,605530,80,107925,31,0.0007410426470043351,0.27927927927927926
1847,0.51153,2,3,2,605533,77,107927,29,0.0007132535477416725,0.27358490566037735
1848,0.51154,2,6,2,605539,71,107929,27,0.0006576753492163474,0.2755102040816326
1849,0.51155,2,2,2,605541,69,107931,25,0.000639149283041239,0.26595744680851063
1850,0.51156,1,4,1,605545,65,107932,24,0.0006020971506910223,0.2696629213483146
1851,0.51157,1,11,1,605556,54,107933,23,0.0005002037867279261,0.2987012987012987
1852,0.51158,0,1,0,605557,53,107933,23,0.000490940753640372,0.3026315789473684
1853,0.51159,2,0,2,605557,53,107935,21,0.000490940753640372,0.28378378378378377
1854,0.5116,2,3,2,605560,50,107937,19,0.00046315165437770943,0.2753623188405797
1855,0.51161,0,3,0,605563,47,107937,19,0.0004353625551150469,0.2878787878787879
1856,0.51162,6,5,6,605568,42,107943,13,0.0003890473896772759,0.23636363636363636
1857,0.51163,2,9,2,605577,33,107945,11,0.00030568009188928824,0.25
1858,0.51165,0,2,0,605579,31,107945,11,0.00028715402571417983,0.2619047619047619
1859,0.51166,0,1,0,605580,30,107945,11,0.0002778909926266257,0.2682926829268293
1860,0.5117,1,0,1,605580,30,107946,10,0.0002778909926266257,0.25
1861,0.51171,1,6,1,605586,24,107947,9,0.00022231279410130054,0.2727272727272727
1862,0.51172,2,1,2,605587,23,107949,7,0.00021304976101374634,0.23333333333333334
1863,0.51173,0,2,0,605589,21,107949,7,0.00019452369483863796,0.25
1864,0.51174,0,3,0,605592,18,107949,7,0.0001667345955759754,0.28
1865,0.51175,3,4,3,605596,14,107952,4,0.00012968246322575864,0.2222222222222222
1866,0.51176,0,3,0,605599,11,107952,4,0.00010189336396309608,0.26666666666666666
1867,0.51192,0,1,0,605600,10,107952,4,9.263033087554189e-05,0.2857142857142857
1868,0.51193,0,1,0,605601,9,107952,4,8.33672977879877e-05,0.3076923076923077
1869,0.51317,0,1,0,605602,8,107952,4,7.410426470043351e-05,0.3333333333333333
1870,0.51431,0,2,0,605604,6,107952,4,5.5578198525325135e-05,0.4
1871,0.51524,1,0,1,605604,6,107953,3,5.5578198525325135e-05,0.3333333333333333
1872,0.5176,2,0,2,605604,6,107955,1,5.5578198525325135e-05,0.14285714285714285
1873,0.51961,0,1,0,605605,5,107955,1,4.6315165437770945e-05,0.16666666666666666
1874,0.51963,0,2,0,605607,3,107955,1,2.7789099262662567e-05,0.25
1875,0.52164,0,2,0,605609,1,107955,1,9.263033087554189e-06,0.5
1876,0.52514,0,1,0,605610,0,107955,1,0.0,1.0
1877,0.53049,1,0,1,605610,0,107956,0,0.0,
