,min,max,Neg,Pos,$\frac{\text{Pos}}{\text{Neg}+\text{Pos}}$,TN,FP,FN,TP,Prec,Rec,FP/P
0,0.0000,0.0199,"64,496",954,0.0146,"64,496","611,948",954,"125,302",0.1700,0.9924,4.8469
1,0.0199,0.0280,"36,701","1,000",0.0265,"101,197","575,247","1,954","124,302",0.1777,0.9845,4.5562
2,0.0280,0.0342,"27,566","1,000",0.0350,"128,763","547,681","2,954","123,302",0.1838,0.9766,4.3379
3,0.0342,0.0397,"23,946","1,000",0.0401,"152,709","523,735","3,954","122,302",0.1893,0.9687,4.1482
4,0.0397,0.0448,"21,519","1,000",0.0444,"174,228","502,216","4,954","121,302",0.1945,0.9608,3.9778
5,0.0448,0.0494,"18,711","1,000",0.0507,"192,939","483,505","5,954","120,302",0.1992,0.9528,3.8296
6,0.0494,0.0537,"17,107","1,000",0.0552,"210,046","466,398","6,954","119,302",0.2037,0.9449,3.6941
7,0.0537,0.0578,"15,784","1,000",0.0596,"225,830","450,614","7,954","118,302",0.2079,0.9370,3.5691
8,0.0578,0.0614,"13,177","1,000",0.0705,"239,007","437,437","8,954","117,302",0.2115,0.9291,3.4647
9,0.0614,0.0653,"14,049","1,000",0.0664,"253,056","423,388","9,954","116,302",0.2155,0.9212,3.3534
10,0.0653,0.0691,"13,246","1,000",0.0702,"266,302","410,142","10,954","115,302",0.2194,0.9132,3.2485
11,0.0691,0.0727,"12,330","1,000",0.0750,"278,632","397,812","11,954","114,302",0.2232,0.9053,3.1508
12,0.0727,0.0764,"12,003","1,000",0.0769,"290,635","385,809","12,954","113,302",0.2270,0.8974,3.0558
13,0.0764,0.0797,"10,479","1,000",0.0871,"301,114","375,330","13,954","112,302",0.2303,0.8895,2.9728
14,0.0797,0.0832,"10,805","1,000",0.0847,"311,919","364,525","14,954","111,302",0.2339,0.8816,2.8872
15,0.0832,0.0865,"9,828","1,000",0.0924,"321,747","354,697","15,954","110,302",0.2372,0.8736,2.8093
16,0.0865,0.0898,"9,390","1,000",0.0962,"331,137","345,307","16,954","109,302",0.2404,0.8657,2.7350
17,0.0898,0.0930,"9,043","1,000",0.0996,"340,180","336,264","17,954","108,302",0.2436,0.8578,2.6634
18,0.0930,0.0965,"9,296","1,000",0.0971,"349,476","326,968","18,954","107,302",0.2471,0.8499,2.5897
19,0.0965,0.0999,"9,046","1,000",0.0995,"358,522","317,922","19,954","106,302",0.2506,0.8420,2.5181
20,0.0999,0.1031,"8,119","1,000",0.1097,"366,641","309,803","20,954","105,302",0.2537,0.8340,2.4538
21,0.1031,0.1064,"8,380","1,000",0.1066,"375,021","301,423","21,954","104,302",0.2571,0.8261,2.3874
22,0.1064,0.1096,"8,021","1,000",0.1109,"383,042","293,402","22,954","103,302",0.2604,0.8182,2.3239
23,0.1096,0.1130,"7,946","1,000",0.1118,"390,988","285,456","23,954","102,302",0.2638,0.8103,2.2609
24,0.1130,0.1164,"7,716","1,000",0.1147,"398,704","277,740","24,954","101,302",0.2673,0.8024,2.1998
25,0.1164,0.1196,"6,846","1,000",0.1275,"405,550","270,894","25,954","100,302",0.2702,0.7944,2.1456
26,0.1196,0.1229,"7,079","1,000",0.1238,"412,629","263,815","26,954","99,302",0.2735,0.7865,2.0895
27,0.1229,0.1260,"6,647","1,000",0.1308,"419,276","257,168","27,954","98,302",0.2765,0.7786,2.0369
28,0.1260,0.1293,"6,659","1,000",0.1306,"425,935","250,509","28,954","97,302",0.2798,0.7707,1.9841
29,0.1293,0.1326,"6,565","1,000",0.1322,"432,500","243,944","29,954","96,302",0.2830,0.7628,1.9321
30,0.1326,0.1359,"6,415","1,000",0.1349,"438,915","237,529","30,954","95,302",0.2863,0.7548,1.8813
31,0.1359,0.1390,"5,886","1,000",0.1452,"444,801","231,643","31,954","94,302",0.2893,0.7469,1.8347
32,0.1390,0.1423,"5,966","1,000",0.1436,"450,767","225,677","32,954","93,302",0.2925,0.7390,1.7875
33,0.1423,0.1455,"5,703","1,000",0.1492,"456,470","219,974","33,954","92,302",0.2956,0.7311,1.7423
34,0.1455,0.1487,"5,532","1,000",0.1531,"462,002","214,442","34,954","91,302",0.2986,0.7231,1.6985
35,0.1487,0.1521,"5,695","1,000",0.1494,"467,697","208,747","35,954","90,302",0.3020,0.7152,1.6534
36,0.1521,0.1555,"5,441","1,000",0.1553,"473,138","203,306","36,954","89,302",0.3052,0.7073,1.6103
37,0.1555,0.1588,"5,257","1,000",0.1598,"478,395","198,049","37,954","88,302",0.3084,0.6994,1.5686
38,0.1588,0.1623,"5,448","1,000",0.1551,"483,843","192,601","38,954","87,302",0.3119,0.6915,1.5255
39,0.1623,0.1656,"5,057","1,000",0.1651,"488,900","187,544","39,954","86,302",0.3151,0.6835,1.4854
40,0.1656,0.1692,"5,315","1,000",0.1584,"494,215","182,229","40,954","85,302",0.3188,0.6756,1.4433
41,0.1692,0.1726,"4,898","1,000",0.1695,"499,113","177,331","41,954","84,302",0.3222,0.6677,1.4045
42,0.1726,0.1759,"4,579","1,000",0.1792,"503,692","172,752","42,954","83,302",0.3253,0.6598,1.3683
43,0.1759,0.1794,"4,716","1,000",0.1749,"508,408","168,036","43,954","82,302",0.3288,0.6519,1.3309
44,0.1794,0.1830,"4,655","1,000",0.1768,"513,063","163,381","44,954","81,302",0.3323,0.6439,1.2940
45,0.1830,0.1865,"4,451","1,000",0.1835,"517,514","158,930","45,954","80,302",0.3357,0.6360,1.2588
46,0.1865,0.1902,"4,551","1,000",0.1801,"522,065","154,379","46,954","79,302",0.3394,0.6281,1.2227
47,0.1902,0.1937,"4,292","1,000",0.1890,"526,357","150,087","47,954","78,302",0.3428,0.6202,1.1888
48,0.1937,0.1973,"3,977","1,000",0.2009,"530,334","146,110","48,954","77,302",0.3460,0.6123,1.1573
49,0.1973,0.2010,"4,161","1,000",0.1938,"534,495","141,949","49,954","76,302",0.3496,0.6043,1.1243
50,0.2010,0.2048,"4,071","1,000",0.1972,"538,566","137,878","50,954","75,302",0.3532,0.5964,1.0921
51,0.2048,0.2085,"3,997","1,000",0.2001,"542,563","133,881","51,954","74,302",0.3569,0.5885,1.0604
52,0.2085,0.2122,"3,808","1,000",0.2080,"546,371","130,073","52,954","73,302",0.3604,0.5806,1.0302
53,0.2122,0.2160,"3,804","1,000",0.2082,"550,175","126,269","53,954","72,302",0.3641,0.5727,1.0001
54,0.2160,0.2197,"3,558","1,000",0.2194,"553,733","122,711","54,954","71,302",0.3675,0.5647,0.9719
55,0.2197,0.2236,"3,718","1,000",0.2120,"557,451","118,993","55,954","70,302",0.3714,0.5568,0.9425
56,0.2236,0.2276,"3,627","1,001",0.2163,"561,078","115,366","56,955","69,301",0.3753,0.5489,0.9137
57,0.2276,0.2315,"3,429","1,000",0.2258,"564,507","111,937","57,955","68,301",0.3789,0.5410,0.8866
58,0.2315,0.2353,"3,124","1,000",0.2425,"567,631","108,813","58,955","67,301",0.3821,0.5331,0.8618
59,0.2353,0.2393,"3,264","1,000",0.2345,"570,895","105,549","59,955","66,301",0.3858,0.5251,0.8360
60,0.2393,0.2433,"3,255","1,000",0.2350,"574,150","102,294","60,955","65,301",0.3896,0.5172,0.8102
61,0.2433,0.2473,"3,079","1,000",0.2452,"577,229","99,215","61,955","64,301",0.3932,0.5093,0.7858
62,0.2473,0.2514,"3,047","1,000",0.2471,"580,276","96,168","62,955","63,301",0.3969,0.5014,0.7617
63,0.2514,0.2558,"3,150","1,000",0.2410,"583,426","93,018","63,955","62,301",0.4011,0.4934,0.7367
64,0.2558,0.2601,"3,022","1,000",0.2486,"586,448","89,996","64,955","61,301",0.4052,0.4855,0.7128
65,0.2601,0.2643,"2,891","1,000",0.2570,"589,339","87,105","65,955","60,301",0.4091,0.4776,0.6899
66,0.2643,0.2687,"2,960","1,000",0.2525,"592,299","84,145","66,955","59,301",0.4134,0.4697,0.6665
67,0.2687,0.2733,"2,876","1,000",0.2580,"595,175","81,269","67,955","58,301",0.4177,0.4618,0.6437
68,0.2733,0.2777,"2,776","1,000",0.2648,"597,951","78,493","68,955","57,301",0.4220,0.4538,0.6217
69,0.2777,0.2824,"2,853","1,000",0.2595,"600,804","75,640","69,955","56,301",0.4267,0.4459,0.5991
70,0.2824,0.2869,"2,585","1,000",0.2789,"603,389","73,055","70,955","55,301",0.4308,0.4380,0.5786
71,0.2870,0.2917,"2,603","1,000",0.2775,"605,992","70,452","71,955","54,301",0.4353,0.4301,0.5580
72,0.2917,0.2969,"2,696","1,000",0.2706,"608,688","67,756","72,955","53,301",0.4403,0.4222,0.5367
73,0.2969,0.3019,"2,518","1,000",0.2843,"611,206","65,238","73,955","52,301",0.4450,0.4142,0.5167
74,0.3019,0.3067,"2,281","1,000",0.3048,"613,487","62,957","74,955","51,301",0.4490,0.4063,0.4986
75,0.3067,0.3114,"2,177","1,000",0.3148,"615,664","60,780","75,955","50,301",0.4528,0.3984,0.4814
76,0.3114,0.3165,"2,319","1,000",0.3013,"617,983","58,461","76,955","49,301",0.4575,0.3905,0.4630
77,0.3165,0.3218,"2,415","1,000",0.2928,"620,398","56,046","77,955","48,301",0.4629,0.3826,0.4439
78,0.3218,0.3270,"2,051","1,000",0.3278,"622,449","53,995","78,955","47,301",0.4670,0.3746,0.4277
79,0.3270,0.3325,"2,188","1,000",0.3137,"624,637","51,807","79,955","46,301",0.4719,0.3667,0.4103
80,0.3325,0.3382,"2,108","1,000",0.3218,"626,745","49,699","80,955","45,301",0.4769,0.3588,0.3936
81,0.3382,0.3436,"2,054","1,000",0.3274,"628,799","47,645","81,955","44,301",0.4818,0.3509,0.3774
82,0.3436,0.3496,"2,046","1,000",0.3283,"630,845","45,599","82,955","43,301",0.4871,0.3430,0.3612
83,0.3496,0.3556,"2,000","1,000",0.3333,"632,845","43,599","83,955","42,301",0.4924,0.3350,0.3453
84,0.3556,0.3616,"1,827","1,000",0.3537,"634,672","41,772","84,955","41,301",0.4972,0.3271,0.3309
85,0.3616,0.3676,"1,795","1,000",0.3578,"636,467","39,977","85,955","40,301",0.5020,0.3192,0.3166
86,0.3676,0.3742,"1,958","1,000",0.3381,"638,425","38,019","86,955","39,301",0.5083,0.3113,0.3011
87,0.3742,0.3806,"1,808","1,000",0.3561,"640,233","36,211","87,955","38,301",0.5140,0.3034,0.2868
88,0.3806,0.3870,"1,782","1,000",0.3595,"642,015","34,429","88,955","37,301",0.5200,0.2954,0.2727
89,0.3871,0.3935,"1,541","1,000",0.3935,"643,556","32,888","89,955","36,301",0.5247,0.2875,0.2605
90,0.3935,0.4008,"1,696","1,000",0.3709,"645,252","31,192","90,955","35,301",0.5309,0.2796,0.2471
91,0.4008,0.4083,"1,619","1,000",0.3818,"646,871","29,573","91,955","34,301",0.5370,0.2717,0.2342
92,0.4083,0.4149,"1,346","1,000",0.4263,"648,217","28,227","92,955","33,301",0.5412,0.2638,0.2236
93,0.4149,0.4227,"1,614","1,000",0.3826,"649,831","26,613","93,955","32,301",0.5483,0.2558,0.2108
94,0.4227,0.4301,"1,430","1,000",0.4115,"651,261","25,183","94,955","31,301",0.5542,0.2479,0.1995
95,0.4301,0.4379,"1,391","1,000",0.4182,"652,652","23,792","95,955","30,301",0.5602,0.2400,0.1884
96,0.4379,0.4467,"1,454","1,000",0.4075,"654,106","22,338","96,955","29,301",0.5674,0.2321,0.1769
97,0.4467,0.4549,"1,231","1,000",0.4482,"655,337","21,107","97,955","28,301",0.5728,0.2242,0.1672
98,0.4549,0.4633,"1,301","1,000",0.4346,"656,638","19,806","98,955","27,301",0.5796,0.2162,0.1569
99,0.4633,0.4724,"1,288","1,000",0.4371,"657,926","18,518","99,955","26,301",0.5868,0.2083,0.1467
100,0.4724,0.4812,"1,146","1,000",0.4660,"659,072","17,372","100,955","25,301",0.5929,0.2004,0.1376
101,0.4812,0.4905,"1,083","1,000",0.4801,"660,155","16,289","101,955","24,301",0.5987,0.1925,0.1290
102,0.4905,0.5005,"1,140","1,000",0.4673,"661,295","15,149","102,955","23,301",0.6060,0.1846,0.1200
103,0.5005,0.5103,"1,000","1,001",0.5002,"662,295","14,149","103,956","22,300",0.6118,0.1766,0.1121
104,0.5103,0.5217,"1,123","1,000",0.4710,"663,418","13,026","104,956","21,300",0.6205,0.1687,0.1032
105,0.5217,0.5332,"1,000","1,020",0.5050,"664,418","12,026","105,976","20,280",0.6277,0.1606,0.0953
106,0.5332,0.5459,"1,000","1,056",0.5136,"665,418","11,026","107,032","19,224",0.6355,0.1523,0.0873
107,0.5459,0.5585,"1,026","1,000",0.4936,"666,444","10,000","108,032","18,224",0.6457,0.1443,0.0792
108,0.5585,0.5722,"1,000","1,090",0.5215,"667,444","9,000","109,122","17,134",0.6556,0.1357,0.0713
109,0.5722,0.5878,"1,000","1,209",0.5473,"668,444","8,000","110,331","15,925",0.6656,0.1261,0.0634
110,0.5878,0.6050,"1,000","1,177",0.5407,"669,444","7,000","111,508","14,748",0.6781,0.1168,0.0554
111,0.6050,0.6261,"1,000","1,429",0.5883,"670,444","6,000","112,937","13,319",0.6894,0.1055,0.0475
112,0.6261,0.6493,"1,000","1,485",0.5976,"671,444","5,000","114,422","11,834",0.7030,0.0937,0.0396
113,0.6493,0.6772,"1,000","1,639",0.6211,"672,444","4,000","116,061","10,195",0.7182,0.0807,0.0317
114,0.6772,0.7102,"1,000","1,971",0.6634,"673,444","3,000","118,032","8,224",0.7327,0.0651,0.0238
115,0.7102,0.7500,"1,000","2,165",0.6840,"674,444","2,000","120,197","6,059",0.7518,0.0480,0.0158
116,0.7500,0.8023,"1,000","2,743",0.7328,"675,444","1,000","122,940","3,316",0.7683,0.0263,0.0079
117,0.8023,0.9979,"1,000","3,316",0.7683,"676,444",0,"126,256",0,nan,0.0000,0.0000
